occurrenceyear,occurrencemonth,occurrenceday,occurrencedayofyear,occurrencedayofweek,occurrencehour,MCI,Division,Hood_ID,premisetype,occurenceday
0,0,18.0,0,0,0,0,0,0,0,0
0,1,15.0,1,1,1,0,1,1,0,1
0,1,16.0,2,2,2,1,2,2,1,2
0,2,26.0,3,3,3,1,2,3,2,3
0,0,18.0,0,0,4,0,3,4,0,0
0,3,10.0,4,0,5,1,4,5,1,4
0,0,14.0,5,4,1,0,5,6,3,5
0,2,17.0,6,5,6,2,5,6,3,6
0,2,18.0,7,6,7,0,6,7,0,0
0,0,1.0,8,5,8,0,7,8,2,7
0,0,1.0,8,5,9,0,8,9,0,7
0,0,8.0,9,5,10,1,9,10,4,8
0,0,8.0,9,5,11,0,1,11,2,8
0,0,11.0,10,0,3,0,10,12,3,9
0,0,16.0,11,6,2,0,2,13,3,2
0,0,16.0,11,6,12,0,6,14,3,2
0,0,16.0,11,6,5,1,2,2,4,2
0,0,16.0,11,6,1,1,11,15,0,2
0,0,17.0,12,3,13,1,1,16,4,6
0,0,17.0,12,3,14,0,2,2,1,6
0,0,17.0,12,3,15,2,1,1,2,6
0,0,17.0,12,3,9,0,12,17,1,6
0,0,19.0,13,1,16,0,11,18,0,10
0,0,19.0,13,1,15,0,8,19,0,10
0,0,19.0,13,1,17,0,7,20,4,10
0,0,26.0,14,1,8,0,13,21,2,3
0,0,7.0,15,4,12,0,10,22,1,11
0,2,1.0,16,2,17,3,4,4,1,7
0,1,10.0,17,4,12,1,10,23,2,4
0,4,9.0,18,0,18,3,14,24,0,12
0,4,17.0,19,1,2,1,14,25,0,6
0,4,25.0,20,2,8,1,0,12,0,13
0,2,9.0,21,4,19,1,0,26,0,12
0,2,26.0,3,3,20,0,8,27,2,3
0,2,26.0,3,3,1,1,13,28,0,3
0,2,24.0,22,5,8,2,13,29,3,14
0,0,26.0,14,1,4,1,3,30,4,3
0,0,27.0,23,2,2,0,15,31,1,15
0,0,27.0,23,2,2,0,14,32,1,15
0,5,29.0,24,0,15,0,8,33,2,16
0,0,7.0,15,4,19,0,12,17,1,11
0,4,16.0,25,0,4,2,14,34,0,2
0,4,18.0,26,2,0,0,1,35,4,0
0,4,18.0,26,2,2,1,13,36,4,0
0,4,18.0,26,2,1,2,6,7,3,0
0,4,24.0,27,1,2,1,16,37,4,14
0,4,16.0,25,0,2,0,7,8,2,2
0,2,10.0,28,5,11,0,13,38,2,4
0,2,10.0,28,5,11,1,15,39,1,4
0,2,10.0,28,5,2,1,15,31,1,4
0,2,17.0,6,5,17,0,5,6,0,6
0,2,17.0,6,5,6,2,3,30,1,6
0,2,18.0,7,6,5,0,2,40,3,0
0,2,18.0,7,6,5,1,8,41,4,0
0,0,8.0,9,5,15,1,16,42,4,8
0,0,11.0,10,0,0,0,10,43,1,9
0,0,11.0,10,0,1,2,3,44,3,9
0,1,19.0,29,6,12,1,4,45,2,10
0,4,23.0,30,0,18,2,15,46,3,17
0,4,23.0,30,0,3,0,11,15,0,17
0,0,16.0,11,6,3,1,6,14,4,2
0,0,17.0,12,3,0,2,0,12,3,6
0,0,19.0,13,1,2,0,10,47,0,10
0,0,27.0,23,2,8,0,13,48,1,15
0,0,8.0,9,5,16,1,9,49,1,8
0,0,8.0,9,5,15,0,13,38,0,8
0,0,11.0,10,0,21,0,16,50,1,9
0,0,11.0,10,0,0,1,5,6,0,9
0,0,11.0,10,0,13,0,15,51,2,9
0,0,16.0,11,6,20,1,13,29,4,2
0,0,17.0,12,3,16,1,10,52,0,6
0,0,19.0,13,1,6,0,2,40,2,10
0,0,19.0,13,1,16,0,0,53,0,10
0,0,19.0,13,1,11,0,8,27,1,10
0,6,24.0,31,6,22,1,3,44,1,14
0,1,7.0,32,0,4,1,7,54,4,11
0,1,7.0,32,0,13,1,15,51,4,11
0,1,16.0,2,2,12,1,5,12,1,2
0,1,16.0,2,2,9,1,11,55,0,2
0,0,19.0,13,1,1,0,9,9,2,10
0,0,19.0,13,1,4,1,12,56,4,10
0,0,27.0,23,2,2,0,6,7,2,15
0,0,27.0,23,2,9,2,7,57,0,15
0,0,27.0,23,2,19,3,9,58,1,15
0,2,26.0,3,3,15,1,3,30,4,3
0,3,14.0,33,5,12,0,8,41,2,5
1,7,28.0,34,0,13,1,5,6,0,18
0,3,15.0,35,6,13,0,0,26,1,1
0,3,14.0,33,5,11,0,14,24,1,5
0,3,15.0,35,6,3,0,1,59,4,1
0,5,14.0,36,3,19,0,2,60,4,5
0,5,26.0,37,5,12,0,5,12,3,3
0,5,26.0,37,5,22,1,12,61,1,3
0,6,16.0,38,5,9,0,7,62,4,2
0,6,25.0,39,3,2,0,15,51,3,13
0,7,16.0,40,4,18,0,9,63,4,2
0,7,25.0,41,6,18,0,5,12,2,13
0,7,30.0,42,4,21,0,8,9,1,19
0,7,31.0,43,5,19,0,13,28,0,20
0,3,9.0,44,3,14,0,5,64,3,12
0,3,9.0,44,3,17,1,16,65,4,12
0,3,14.0,33,5,8,0,5,6,0,5
0,3,15.0,35,6,0,0,7,20,1,1
0,3,15.0,35,6,20,0,4,66,1,1
0,1,21.0,45,0,13,1,9,10,4,21
0,8,21.0,46,4,17,1,14,25,0,21
0,0,2.0,47,6,17,1,0,0,0,22
0,0,9.0,48,6,22,1,1,67,4,12
0,0,18.0,0,0,17,0,0,68,3,0
0,0,18.0,0,0,6,2,13,69,4,0
0,0,18.0,0,0,19,0,3,70,1,0
0,0,18.0,0,0,4,1,2,71,4,0
0,6,15.0,49,4,12,1,7,57,2,1
0,1,7.0,32,0,20,0,16,72,3,11
0,1,7.0,32,0,22,0,11,15,1,11
0,1,9.0,50,2,15,0,7,62,0,12
0,1,9.0,50,2,4,0,6,73,3,12
0,9,6.0,51,0,22,0,10,52,2,23
0,9,11.0,52,6,17,0,13,28,4,9
0,7,27.0,53,0,8,2,16,74,3,15
0,3,17.0,54,0,4,0,16,37,3,6
1,0,24.0,55,6,13,0,6,7,4,14
0,10,25.0,56,1,17,1,10,47,0,13
0,3,15.0,35,6,15,0,4,75,1,1
0,3,23.0,57,3,8,0,0,26,2,17
0,3,23.0,57,3,2,2,16,37,3,17
0,3,23.0,57,3,8,1,15,46,4,17
0,3,23.0,57,3,14,0,10,23,1,17
0,4,16.0,25,0,13,1,3,76,2,2
0,3,9.0,44,3,5,0,13,38,2,12
0,5,14.0,36,3,12,2,3,44,3,5
0,5,24.0,58,2,6,0,0,77,1,14
0,5,24.0,58,2,14,0,7,57,1,14
0,5,26.0,37,5,13,0,6,7,1,3
0,5,26.0,37,5,2,2,13,13,3,3
0,5,26.0,37,5,0,3,7,78,3,3
0,6,8.0,59,4,18,0,3,79,1,8
0,6,25.0,39,3,9,1,6,7,0,13
0,10,15.0,60,6,15,1,12,80,4,1
0,10,15.0,60,6,19,2,15,46,3,1
0,10,26.0,61,2,14,0,8,9,3,3
0,1,8.0,62,1,16,1,12,56,4,8
0,1,8.0,62,1,4,0,1,81,2,8
0,1,17.0,63,4,2,0,10,22,2,6
0,1,24.0,64,4,12,2,4,82,3,14
0,1,25.0,65,5,16,1,9,83,4,13
0,8,1.0,66,5,17,0,12,84,1,7
0,4,31.0,67,1,4,0,0,85,2,20
0,7,24.0,68,5,9,2,2,86,3,14
0,1,10.0,17,4,21,1,9,87,0,4
0,1,10.0,17,4,20,1,12,83,4,4
0,1,15.0,1,1,10,1,16,37,0,1
0,1,15.0,1,1,14,1,14,88,4,1
0,1,15.0,1,1,1,2,10,23,0,1
0,1,15.0,1,1,21,1,10,52,2,1
0,1,23.0,69,2,13,0,2,86,4,17
0,1,23.0,69,2,15,2,1,59,3,17
0,8,7.0,70,4,18,0,2,86,3,11
0,8,10.0,71,3,5,2,6,89,0,4
0,8,10.0,71,3,19,0,3,70,1,4
0,8,15.0,72,5,11,1,8,9,1,1
0,8,15.0,72,5,8,0,10,22,1,1
0,8,15.0,72,5,20,1,11,90,1,1
0,8,16.0,73,6,19,0,6,91,1,2
0,8,17.0,74,3,14,2,2,13,4,6
0,8,18.0,75,0,13,0,8,9,0,0
0,8,18.0,75,0,2,1,1,35,4,0
0,8,8.0,76,5,13,3,5,12,0,8
0,8,2.0,77,6,19,3,6,7,3,22
0,8,1.0,66,5,13,1,2,92,1,7
0,8,27.0,78,2,2,0,16,65,0,15
0,8,27.0,78,2,19,0,5,0,3,15
0,4,10.0,79,1,8,0,0,77,4,4
0,4,16.0,25,0,22,1,16,37,4,2
0,4,16.0,25,0,20,1,14,24,1,2
0,4,18.0,26,2,18,0,6,89,3,0
0,4,26.0,80,4,7,1,0,26,0,3
0,4,24.0,27,1,10,0,8,41,2,14
0,4,26.0,80,4,20,1,8,9,4,3
0,2,10.0,28,5,13,0,10,22,3,4
0,2,10.0,28,5,15,0,13,38,1,4
0,2,10.0,28,5,2,0,10,22,1,4
0,2,17.0,6,5,11,0,9,93,4,6
0,5,24.0,58,2,18,0,1,11,0,14
0,5,26.0,37,5,1,0,13,29,3,3
0,5,26.0,37,5,2,1,13,38,4,3
0,6,8.0,59,4,8,0,8,27,0,8
0,6,8.0,59,4,19,0,7,62,3,8
0,6,25.0,39,3,2,0,4,75,2,13
0,10,15.0,60,6,21,2,3,30,0,1
0,10,26.0,61,2,5,0,16,74,3,3
0,1,17.0,63,4,5,0,15,46,0,6
0,7,21.0,81,1,18,1,11,94,0,21
0,1,17.0,63,4,19,0,0,26,3,6
0,0,9.0,48,6,4,0,9,95,4,12
0,1,18.0,82,5,11,0,2,92,4,0
0,6,6.0,83,1,9,1,5,6,0,23
0,0,9.0,48,6,8,0,13,48,4,12
0,8,16.0,73,6,19,2,14,32,2,2
0,8,1.0,66,5,9,0,12,61,1,7
0,1,24.0,64,4,17,2,7,20,0,14
0,6,23.0,84,5,8,1,0,64,1,17
0,0,18.0,0,0,11,2,11,15,2,0
0,2,24.0,22,5,23,2,10,47,3,14
0,0,1.0,8,5,17,0,1,67,0,7
0,2,17.0,6,5,3,2,15,96,2,6
0,8,17.0,74,3,5,1,14,97,1,6
0,8,18.0,75,0,11,1,0,96,1,0
0,8,16.0,73,6,14,3,1,67,3,2
0,8,24.0,85,3,1,0,5,12,0,14
0,8,24.0,85,3,1,0,11,15,0,14
0,8,24.0,85,3,12,1,10,22,1,14
0,8,25.0,86,0,17,1,8,19,0,13
0,8,25.0,86,0,7,0,10,22,3,13
0,8,6.0,87,2,6,0,0,0,0,23
0,11,25.0,88,2,3,2,11,98,3,13
0,9,5.0,89,3,9,1,8,19,0,24
0,9,8.0,90,2,10,0,14,24,1,8
0,9,8.0,90,2,15,0,13,99,1,8
0,9,8.0,90,2,1,0,13,28,1,8
0,9,8.0,90,2,9,0,2,3,2,8
0,9,13.0,91,0,11,0,2,40,1,25
0,9,13.0,91,0,19,1,13,38,4,25
0,9,22.0,92,2,6,0,5,12,0,26
0,9,22.0,92,2,19,0,12,100,3,26
0,7,6.0,93,0,2,0,8,41,1,23
0,7,8.0,94,2,0,2,10,12,3,8
0,7,17.0,95,5,7,0,9,101,3,6
0,7,17.0,95,5,2,0,2,2,2,6
0,7,17.0,95,5,1,0,5,0,2,6
0,5,5.0,96,5,14,1,4,66,4,24
0,1,6.0,97,3,9,1,11,98,0,23
0,7,1.0,98,2,17,0,1,11,4,7
0,6,3.0,99,6,12,0,9,102,4,27
0,7,25.0,41,6,11,1,1,81,4,13
0,7,25.0,41,6,20,1,8,33,1,13
0,7,25.0,41,6,13,1,8,33,1,13
0,7,25.0,41,6,9,1,2,86,4,13
0,7,30.0,42,4,10,1,5,6,0,19
0,7,31.0,43,5,6,2,13,48,3,20
0,7,30.0,42,4,9,1,7,20,4,19
0,3,14.0,33,5,5,1,3,103,4,5
0,3,14.0,33,5,8,1,8,41,1,5
0,0,1.0,8,5,9,0,8,19,4,7
0,3,14.0,33,5,15,1,10,23,1,5
0,5,14.0,36,3,5,1,12,104,4,5
0,5,24.0,58,2,1,0,1,105,2,14
0,6,8.0,59,4,19,0,5,47,3,8
0,1,30.0,100,2,13,1,12,61,1,19
0,8,5.0,101,1,17,0,1,59,4,24
0,8,23.0,102,6,22,1,10,47,1,17
0,8,30.0,103,6,15,0,15,31,0,19
0,8,30.0,103,6,9,0,0,77,1,19
0,4,31.0,67,1,21,0,13,29,3,20
0,3,12.0,104,2,11,0,7,20,1,28
0,3,20.0,105,4,2,2,14,106,3,29
0,1,8.0,62,1,2,0,13,36,4,8
0,9,14.0,106,1,17,0,13,38,1,5
0,9,14.0,106,1,2,1,9,83,1,5
0,9,14.0,106,1,18,0,4,45,0,5
0,9,16.0,107,4,3,1,1,59,4,2
0,9,16.0,107,4,19,0,13,29,3,2
0,9,22.0,92,2,3,2,1,1,1,26
0,9,22.0,92,2,7,1,13,21,0,26
0,7,8.0,94,2,2,0,16,74,1,8
0,7,6.0,93,0,4,0,12,80,4,23
0,7,16.0,40,4,13,1,13,29,1,2
0,7,16.0,40,4,12,1,12,56,4,2
0,7,25.0,41,6,6,0,16,65,0,13
0,7,25.0,41,6,20,2,14,107,3,13
0,7,25.0,41,6,17,0,14,34,4,13
0,7,25.0,41,6,13,2,10,22,3,13
0,7,30.0,42,4,19,0,8,27,4,19
0,7,31.0,43,5,22,1,1,67,4,20
0,7,31.0,43,5,8,1,1,67,4,20
0,7,31.0,43,5,4,0,1,105,3,20
0,7,31.0,43,5,13,2,3,30,3,20
0,7,30.0,42,4,2,0,13,29,2,19
0,7,31.0,43,5,20,1,12,80,4,20
1,2,21.0,108,0,18,0,0,85,0,21
1,5,1.0,109,3,17,0,4,75,1,7
1,2,21.0,108,0,19,1,13,28,0,21
0,11,17.0,110,1,16,0,4,45,0,6
0,1,11.0,111,5,5,1,2,13,1,9
0,1,29.0,112,1,14,0,9,93,1,16
1,0,12.0,113,0,12,1,15,108,0,28
0,5,4.0,114,4,23,1,11,94,4,30
0,4,20.0,115,5,8,1,2,2,0,29
0,6,27.0,116,1,19,1,3,76,1,15
0,10,19.0,117,2,18,3,9,10,4,10
0,11,12.0,118,4,13,1,12,56,1,28
0,9,20.0,119,0,13,1,13,99,4,29
0,3,2.0,120,3,2,1,12,56,0,22
0,4,11.0,121,2,4,0,9,109,3,9
0,0,5.0,122,1,22,3,14,25,0,24
0,11,28.0,123,6,13,0,2,92,1,18
0,8,9.0,124,6,21,2,14,25,3,12
0,7,30.0,42,4,9,1,12,61,2,19
0,0,18.0,0,0,23,1,2,60,4,0
0,7,14.0,125,1,18,1,13,28,0,5
0,1,25.0,65,5,2,0,10,22,0,13
1,9,1.0,126,1,13,0,13,21,4,7
0,8,25.0,86,0,22,0,2,2,4,13
0,8,27.0,78,2,0,2,7,78,4,15
0,3,9.0,44,3,5,0,5,6,2,12
0,0,18.0,0,0,1,0,5,0,2,0
0,2,5.0,127,3,20,0,13,29,2,24
0,2,24.0,22,5,2,2,16,50,3,14
0,1,25.0,65,5,1,2,14,107,0,13
0,8,24.0,85,3,14,1,5,6,0,14
0,3,9.0,44,3,11,1,1,67,4,12
0,6,15.0,49,4,12,3,12,104,3,1
0,2,12.0,128,3,13,0,8,33,2,28
0,0,8.0,9,5,17,0,0,53,3,8
0,0,8.0,9,5,6,0,15,46,2,8
0,0,11.0,10,0,15,1,2,2,1,9
0,0,11.0,10,0,5,1,2,2,1,9
0,0,26.0,14,1,9,0,0,77,1,3
0,0,26.0,14,1,14,1,11,18,2,3
0,0,27.0,23,2,12,2,1,59,3,15
0,0,27.0,23,2,4,2,14,110,0,15
0,0,27.0,23,2,16,3,9,93,4,15
0,0,17.0,12,3,19,0,13,21,1,6
0,0,8.0,9,5,15,0,0,15,2,8
0,0,17.0,12,3,22,0,5,6,3,6
0,0,19.0,13,1,22,0,7,111,4,10
0,0,19.0,13,1,19,1,7,8,4,10
0,0,27.0,23,2,16,0,16,108,3,15
0,0,26.0,14,1,15,1,3,44,0,3
0,0,27.0,23,2,22,0,7,111,4,15
0,0,10.0,129,3,1,2,14,34,3,4
0,5,5.0,96,5,15,0,15,112,2,24
0,2,15.0,130,2,22,1,6,7,0,1
0,2,30.0,131,4,22,1,3,70,0,19
0,4,15.0,132,3,8,0,16,113,3,1
0,4,7.0,133,6,7,1,8,27,0,11
0,4,10.0,79,1,6,2,11,55,3,4
0,4,10.0,79,1,22,0,2,40,3,4
0,4,10.0,79,1,4,0,13,69,1,4
0,4,12.0,134,4,17,1,13,99,4,28
0,4,23.0,30,0,5,1,15,114,1,17
0,0,7.0,15,4,23,0,9,9,1,11
0,4,16.0,25,0,1,0,1,81,4,2
0,4,18.0,26,2,16,0,10,47,1,0
0,4,24.0,27,1,16,0,5,6,3,14
1,10,31.0,135,3,23,0,3,115,1,20
0,4,26.0,80,4,19,0,10,47,3,3
0,2,10.0,28,5,2,0,2,2,0,4
0,2,10.0,28,5,4,0,8,41,2,4
0,2,17.0,6,5,1,2,0,31,3,6
0,2,17.0,6,5,5,1,16,72,4,6
0,2,18.0,7,6,21,0,1,35,1,0
0,2,18.0,7,6,11,0,5,12,3,0
0,2,27.0,136,0,18,0,10,47,3,15
0,0,1.0,8,5,22,0,1,16,3,7
0,0,1.0,8,5,20,1,1,16,4,7
0,0,1.0,8,5,8,0,14,97,2,7
0,6,16.0,38,5,0,0,10,12,0,2
0,6,16.0,38,5,15,0,3,30,3,2
0,6,25.0,39,3,6,1,4,4,0,13
0,2,19.0,137,3,16,3,4,4,2,10
0,6,25.0,39,3,3,0,1,11,1,13
0,10,15.0,60,6,11,1,13,69,4,1
0,10,15.0,60,6,14,2,12,100,3,1
0,10,26.0,61,2,2,0,10,52,0,3
0,10,26.0,61,2,16,1,6,116,4,3
0,1,8.0,62,1,20,0,5,6,1,8
0,1,18.0,82,5,16,1,1,67,0,0
0,1,24.0,64,4,12,0,2,86,3,14
0,1,17.0,63,4,8,3,15,51,4,6
0,8,1.0,66,5,5,0,14,24,1,7
0,8,1.0,66,5,9,0,13,21,1,7
0,8,9.0,124,6,7,1,11,15,0,12
0,8,9.0,124,6,4,0,8,9,1,12
0,8,9.0,124,6,15,1,8,41,1,12
0,4,7.0,133,6,15,0,0,31,3,11
0,4,10.0,79,1,10,2,13,48,3,4
0,4,10.0,79,1,9,0,5,6,3,4
0,4,16.0,25,0,23,2,13,29,3,2
0,4,16.0,25,0,4,0,8,9,1,2
0,2,10.0,28,5,8,2,8,27,1,4
0,3,10.0,4,0,12,0,4,75,3,4
0,3,19.0,138,2,19,3,3,30,0,10
0,4,30.0,139,0,22,0,1,11,2,19
0,2,29.0,140,2,17,3,6,7,0,16
0,4,2.0,141,0,1,2,1,1,3,22
0,4,19.0,142,4,20,0,11,117,0,10
0,4,25.0,20,2,13,0,14,34,4,13
0,2,2.0,143,4,19,0,8,118,3,22
0,2,26.0,3,3,1,0,14,25,1,3
0,2,26.0,3,3,13,2,10,22,3,3
0,0,2.0,47,6,16,1,12,83,4,22
0,0,2.0,47,6,16,2,9,10,0,22
0,0,2.0,47,6,17,2,3,30,1,22
0,8,1.0,66,5,17,0,15,119,3,7
0,4,1.0,144,3,16,0,15,46,0,7
0,3,9.0,44,3,20,1,1,59,4,12
0,1,9.0,50,2,20,3,1,67,3,12
0,0,17.0,12,3,8,0,9,57,0,6
0,2,24.0,22,5,11,1,10,47,1,14
0,6,30.0,145,5,12,0,6,7,3,19
0,8,25.0,86,0,8,0,8,27,3,13
0,8,27.0,78,2,15,2,1,1,3,15
0,4,1.0,144,3,17,0,0,12,3,7
0,2,26.0,3,3,20,0,8,27,4,3
1,5,19.0,146,4,18,3,10,47,3,10
1,11,14.0,147,5,17,0,12,61,4,5
1,7,24.0,68,4,19,1,14,110,4,14
0,4,7.0,133,6,20,0,0,26,1,11
0,4,1.0,144,3,22,0,5,6,3,7
0,3,8.0,148,6,2,1,8,33,4,8
1,6,10.0,149,5,17,0,4,79,2,4
1,10,9.0,150,6,17,3,4,82,0,12
1,1,20.0,151,6,23,1,3,44,4,29
1,1,18.0,82,4,3,1,4,75,1,0
0,4,22.0,152,3,17,0,10,47,2,26
0,2,7.0,153,1,18,0,14,24,1,11
1,3,2.0,120,6,19,1,8,9,1,22
0,7,18.0,154,6,3,1,3,79,1,0
1,2,21.0,108,0,8,1,11,15,0,21
0,7,28.0,34,1,2,1,8,33,1,18
0,5,10.0,155,2,13,3,13,21,2,4
0,11,12.0,118,4,22,1,2,2,2,28
0,9,10.0,156,5,8,1,2,13,4,4
1,8,1.0,66,4,17,3,0,53,4,7
0,6,27.0,116,1,13,1,12,83,0,15
0,5,4.0,114,4,13,1,7,120,0,30
0,4,20.0,115,5,18,2,3,79,3,29
0,10,30.0,157,3,12,1,11,15,1,19
1,1,20.0,151,6,19,1,0,26,1,29
1,6,1.0,158,2,13,0,16,50,4,7
0,6,4.0,159,3,19,0,12,80,4,30
0,7,2.0,160,4,17,1,2,69,4,22
0,7,2.0,160,4,15,1,6,116,4,22
0,3,2.0,120,3,4,0,9,57,3,22
0,5,4.0,114,4,9,1,13,21,1,30
0,5,10.0,155,2,13,1,0,12,1,4
0,5,3.0,161,2,13,1,7,8,4,27
0,6,12.0,162,0,5,1,10,23,1,28
0,6,27.0,116,1,16,0,14,24,1,15
1,0,12.0,113,0,13,3,8,19,0,28
0,8,8.0,76,5,6,1,5,12,0,8
0,8,8.0,76,5,0,1,9,95,0,8
0,8,24.0,85,3,8,0,9,49,3,14
0,4,2.0,141,0,12,0,3,44,3,22
0,4,2.0,141,0,4,3,14,24,3,22
0,4,9.0,18,0,11,1,2,92,0,12
0,4,9.0,18,0,1,0,2,86,3,12
0,4,17.0,19,1,20,1,15,114,1,6
0,4,17.0,19,1,2,1,3,44,0,6
0,4,19.0,142,4,11,1,13,13,1,10
0,4,19.0,142,4,11,1,10,23,1,10
0,4,19.0,142,4,4,0,11,15,2,10
0,4,25.0,20,2,17,1,12,121,4,13
0,4,25.0,20,2,16,0,0,53,0,13
0,4,25.0,20,2,2,0,1,11,0,13
0,4,25.0,20,2,12,3,5,6,0,13
0,2,2.0,143,4,4,0,14,24,0,22
0,2,9.0,21,4,6,1,2,92,0,12
0,2,9.0,21,4,20,2,2,40,3,12
0,2,26.0,3,3,2,3,14,34,0,3
0,0,2.0,47,6,20,0,3,79,4,22
0,0,2.0,47,6,18,0,11,94,1,22
0,0,9.0,48,6,19,0,7,122,3,12
0,0,9.0,48,6,2,1,9,109,4,12
0,4,25.0,20,2,11,1,13,123,0,13
0,5,22.0,163,0,2,1,6,91,1,26
0,9,1.0,126,2,8,0,8,9,1,7
0,1,22.0,164,1,11,3,5,12,0,26
0,7,27.0,53,0,20,1,11,94,1,15
0,1,8.0,62,1,18,1,5,6,0,8
0,8,1.0,66,5,12,0,10,47,2,7
0,0,1.0,8,5,5,0,1,67,1,7
0,0,17.0,12,3,20,1,8,41,1,6
0,3,14.0,33,5,1,3,14,24,0,5
0,3,15.0,35,6,8,0,10,12,3,1
0,3,15.0,35,6,11,1,9,101,1,1
0,3,23.0,57,3,16,0,9,95,0,17
0,5,14.0,36,3,17,0,10,47,3,5
0,5,24.0,58,2,15,0,11,18,1,14
0,5,26.0,37,5,17,0,6,14,4,3
0,6,8.0,59,4,6,0,8,41,1,8
0,6,8.0,59,4,19,0,13,28,1,8
0,6,25.0,39,3,21,0,6,14,2,13
0,10,15.0,60,6,9,1,15,114,1,1
0,10,26.0,61,2,6,0,11,124,0,3
0,10,26.0,61,2,0,1,10,47,0,3
0,10,26.0,61,2,8,0,12,121,1,3
0,1,17.0,63,4,17,0,9,49,3,6
0,2,26.0,3,3,2,0,3,30,3,3
0,2,26.0,3,3,15,1,13,28,1,3
0,2,26.0,3,3,19,2,10,22,3,3
0,2,26.0,3,3,18,2,9,63,3,3
0,0,2.0,47,6,0,1,6,7,0,22
0,0,9.0,48,6,16,0,5,64,3,12
1,11,14.0,147,5,18,1,3,30,0,5
0,3,18.0,165,1,17,0,5,12,1,0
0,4,7.0,133,6,0,1,9,101,0,11
0,3,22.0,166,6,4,1,9,10,4,26
1,9,23.0,167,2,3,1,10,47,2,17
0,4,1.0,144,3,21,1,12,100,0,7
0,4,7.0,133,6,1,0,15,112,4,11
0,8,8.0,76,5,3,0,7,20,2,8
0,5,23.0,168,1,13,0,8,118,1,17
0,8,27.0,78,2,7,2,8,118,3,15
0,4,2.0,141,0,10,0,10,22,1,22
0,4,7.0,133,6,14,0,4,45,3,11
0,10,25.0,56,1,18,0,14,125,0,13
0,6,7.0,169,2,2,0,5,6,2,11
1,9,23.0,167,2,9,2,6,126,3,17
0,4,2.0,141,0,13,1,13,13,1,22
0,4,10.0,79,1,21,1,14,97,4,4
0,10,25.0,56,1,9,0,10,12,3,13
0,2,26.0,3,3,18,0,15,39,1,3
1,11,30.0,170,3,19,0,2,3,4,19
0,0,2.0,47,6,11,1,1,35,4,22
0,4,9.0,18,0,3,0,7,20,4,12
0,0,9.0,48,6,12,0,2,60,3,12
0,4,16.0,25,0,0,0,8,33,1,2
0,4,9.0,18,0,1,2,9,9,2,12
0,0,9.0,48,6,14,0,12,61,2,12
1,2,21.0,108,0,7,3,14,24,3,21
0,1,2.0,171,2,12,3,8,9,3,22
0,4,9.0,18,0,4,0,9,10,4,12
0,4,16.0,25,0,9,2,8,41,3,2
1,0,20.0,172,1,9,3,11,117,0,29
0,6,14.0,173,2,16,0,0,12,3,5
0,4,30.0,139,0,2,1,7,120,4,19
0,4,17.0,19,1,11,0,7,57,0,6
0,10,14.0,174,5,13,1,0,77,1,5
0,11,11.0,175,2,1,3,5,64,3,9
0,1,6.0,97,3,9,1,8,19,0,23
0,1,17.0,63,4,16,0,5,12,0,6
0,4,17.0,19,1,22,0,5,6,3,6
0,4,6.0,176,5,18,0,4,82,1,23
0,9,12.0,177,3,2,0,14,25,1,28
0,9,12.0,177,3,4,1,13,48,1,28
0,9,20.0,119,0,17,1,10,47,1,29
0,10,30.0,157,3,16,1,11,124,0,19
0,4,11.0,121,2,13,0,8,41,1,9
0,0,5.0,122,1,12,1,1,35,0,24
1,1,18.0,82,4,4,0,14,25,0,0
1,0,20.0,172,1,22,0,2,2,4,29
0,4,4.0,178,2,14,3,11,117,1,30
0,3,2.0,120,3,12,3,5,12,0,22
0,9,27.0,179,0,12,0,4,127,1,15
1,9,1.0,126,1,16,0,0,53,3,7
1,3,1.0,180,5,17,0,8,9,1,7
1,9,20.0,119,3,3,1,9,87,2,29
0,7,12.0,181,3,4,1,3,79,4,28
0,3,3.0,182,0,23,0,9,9,2,27
0,6,12.0,162,0,12,1,13,29,0,28
0,1,14.0,183,0,18,0,8,27,1,5
0,9,12.0,177,3,18,0,11,124,4,28
0,9,12.0,177,3,4,1,0,53,0,28
0,7,12.0,181,3,2,3,2,2,3,28
0,5,13.0,184,6,1,0,1,11,4,25
0,6,4.0,159,3,22,3,9,109,4,30
0,6,22.0,185,4,1,0,11,117,3,26
0,1,14.0,183,0,15,1,9,87,4,5
0,7,4.0,186,6,2,0,12,56,1,30
0,3,28.0,187,5,1,0,16,74,1,18
0,1,3.0,188,4,8,3,4,75,1,27
0,6,12.0,162,0,17,1,12,83,4,28
0,8,13.0,189,2,17,0,12,17,1,25
0,0,15.0,190,5,18,1,16,113,0,1
1,2,21.0,108,0,18,0,3,44,4,21
1,2,21.0,108,0,15,0,5,64,3,21
1,0,29.0,191,4,3,1,5,12,0,16
0,11,21.0,192,6,4,1,13,21,1,21
0,6,12.0,162,0,3,1,0,53,4,28
0,6,21.0,193,2,13,1,8,33,2,21
1,11,24.0,194,0,15,1,6,128,4,14
0,8,9.0,124,6,19,2,16,50,0,12
0,4,18.0,26,2,15,0,9,57,3,0
0,4,18.0,26,2,1,0,13,21,1,0
0,4,26.0,80,4,6,0,13,21,1,3
0,2,10.0,28,5,3,0,2,92,1,4
0,2,17.0,6,5,22,1,12,80,4,6
0,2,17.0,6,5,14,2,1,11,1,6
0,2,17.0,6,5,4,2,14,107,0,6
0,2,17.0,6,5,12,0,8,41,2,6
0,2,18.0,7,6,22,1,15,114,1,0
0,2,27.0,136,0,11,0,13,28,1,15
0,2,27.0,136,0,8,0,8,9,0,15
1,5,18.0,195,2,18,1,1,11,0,0
1,5,31.0,196,1,0,0,13,48,4,20
0,0,10.0,129,3,18,2,0,12,3,4
0,7,11.0,197,6,1,1,14,25,4,9
0,1,3.0,188,4,13,1,10,47,0,27
0,1,14.0,183,0,20,1,5,0,2,5
0,0,13.0,198,2,19,3,2,69,4,25
1,5,24.0,58,1,7,0,10,47,0,14
0,2,27.0,136,0,14,2,0,15,3,15
0,2,27.0,136,0,1,1,7,129,4,15
0,1,17.0,63,4,8,2,14,25,1,6
0,4,17.0,19,1,2,2,15,85,0,6
0,7,6.0,93,0,12,2,6,89,0,23
0,4,17.0,19,1,20,1,15,114,1,6
0,1,25.0,65,5,4,0,6,14,1,13
0,5,8.0,199,0,9,2,3,79,3,8
0,7,8.0,94,2,21,0,14,106,4,8
0,4,19.0,142,4,2,1,2,86,4,10
0,1,25.0,65,5,17,1,8,27,0,13
0,7,8.0,94,2,11,1,10,47,0,8
0,5,15.0,200,0,4,0,8,118,2,1
0,4,19.0,142,4,20,1,4,79,4,10
0,8,1.0,66,5,14,0,6,128,3,7
0,7,16.0,40,4,11,0,13,48,4,2
0,10,16.0,201,3,13,0,1,59,2,2
0,4,25.0,20,2,0,1,16,130,0,13
0,8,9.0,124,6,12,0,14,131,1,12
0,4,18.0,26,2,17,1,14,88,4,0
0,7,23.0,202,4,15,0,14,126,1,17
0,8,9.0,124,6,11,1,15,114,1,12
0,8,1.0,66,5,12,1,0,26,0,7
0,8,27.0,78,2,11,0,15,46,2,15
0,8,27.0,78,2,3,0,8,27,0,15
0,8,27.0,78,2,8,0,6,7,0,15
0,8,27.0,78,2,19,2,10,43,3,15
0,4,7.0,133,6,22,0,8,9,3,11
0,4,18.0,26,2,6,0,8,9,0,0
0,4,18.0,26,2,17,0,4,45,0,0
0,4,24.0,27,1,14,1,9,27,0,14
0,4,26.0,80,4,9,2,6,89,3,3
0,8,24.0,85,3,17,1,0,96,1,14
0,1,1.0,203,1,17,1,10,47,1,7
0,7,5.0,204,3,12,0,12,80,4,24
0,7,15.0,205,2,17,1,4,4,0,1
0,7,23.0,202,4,19,1,9,54,4,17
0,7,24.0,68,5,9,1,14,107,0,14
0,5,9.0,206,1,16,0,0,68,3,12
0,6,1.0,158,4,5,1,12,104,4,7
0,6,7.0,169,2,22,0,3,30,3,11
0,6,15.0,49,4,20,0,13,123,4,1
0,6,15.0,49,4,5,1,2,2,4,1
0,6,15.0,49,4,22,0,7,31,3,1
0,6,15.0,49,4,15,1,9,95,1,1
0,6,15.0,49,4,9,0,16,50,1,1
0,1,7.0,32,0,16,2,0,96,3,11
0,1,10.0,17,4,21,1,9,87,0,4
0,1,10.0,17,4,9,0,4,127,1,4
0,1,15.0,1,1,8,1,13,36,4,1
0,1,15.0,1,1,1,0,11,117,1,1
0,1,16.0,2,2,17,1,0,15,0,2
0,5,22.0,163,0,9,0,14,106,4,26
0,1,13.0,207,3,9,0,8,41,3,25
0,8,6.0,87,2,1,2,15,31,1,23
0,8,23.0,102,6,17,0,8,41,4,17
0,10,1.0,208,6,20,1,6,128,1,7
0,4,23.0,30,0,17,1,8,41,1,17
0,2,22.0,209,2,16,0,5,12,3,26
0,6,16.0,38,5,3,1,5,12,0,2
0,6,25.0,39,3,3,0,13,48,1,13
0,10,15.0,60,6,11,2,10,23,1,1
0,10,26.0,61,2,2,2,2,92,3,3
0,1,8.0,62,1,3,0,2,86,1,8
0,1,18.0,82,5,4,0,3,115,4,0
0,1,18.0,82,5,19,2,12,80,1,0
0,1,18.0,82,5,9,1,5,12,0,0
0,1,17.0,63,4,13,1,10,47,2,6
0,1,24.0,64,4,15,1,1,81,4,14
0,1,24.0,64,4,2,1,12,61,4,14
0,1,25.0,65,5,6,0,2,3,3,13
0,1,24.0,64,4,8,0,6,132,3,14
0,1,25.0,65,5,3,0,13,36,1,13
0,1,25.0,65,5,13,0,14,24,1,13
0,1,25.0,65,5,15,0,13,29,3,13
0,1,25.0,65,5,11,1,9,10,1,13
0,8,1.0,66,5,11,0,15,114,2,7
0,8,9.0,124,6,7,2,0,64,3,12
0,1,16.0,2,2,21,2,2,86,3,2
0,8,7.0,70,4,2,0,2,86,3,11
0,8,16.0,73,6,21,2,10,47,3,2
0,8,18.0,75,0,21,1,12,56,0,0
0,8,18.0,75,0,11,0,0,12,3,0
0,5,23.0,168,1,18,0,3,115,0,17
0,5,23.0,168,1,21,0,11,133,4,17
0,1,16.0,2,2,2,1,9,134,4,2
0,6,6.0,83,1,10,1,10,52,1,23
0,10,25.0,56,1,1,1,1,35,0,13
0,8,9.0,124,6,5,0,9,49,1,12
0,8,27.0,78,2,17,0,4,82,3,15
0,8,27.0,78,2,19,0,5,6,3,15
0,1,25.0,65,5,13,3,9,87,4,13
0,8,1.0,66,5,4,0,1,59,2,7
0,8,1.0,66,5,11,1,2,40,1,7
0,8,1.0,66,5,14,2,8,19,3,7
0,3,8.0,148,6,2,1,14,25,0,8
0,3,8.0,148,6,19,0,9,49,1,8
0,7,16.0,40,4,15,1,9,49,1,2
0,5,24.0,58,2,13,1,10,43,1,14
0,7,16.0,40,4,18,0,9,49,3,2
0,5,26.0,37,5,20,1,12,83,4,3
0,3,22.0,166,6,12,1,12,135,4,26
0,5,26.0,37,5,2,0,10,22,2,3
0,3,13.0,210,4,22,0,2,86,2,25
0,7,16.0,40,4,13,1,13,99,4,2
0,7,25.0,41,6,22,0,10,47,3,13
0,7,25.0,41,6,5,1,11,55,4,13
0,7,25.0,41,6,14,0,2,86,1,13
0,7,30.0,42,4,5,0,8,41,2,19
0,7,30.0,42,4,14,1,13,29,0,19
0,7,31.0,43,5,7,0,16,50,3,20
0,6,8.0,59,4,2,3,6,7,2,8
0,7,22.0,211,2,17,0,8,27,4,26
0,5,17.0,212,2,4,3,11,15,3,6
0,10,8.0,213,6,15,0,1,35,2,8
0,5,20.0,214,6,5,0,6,116,2,29
0,2,12.0,128,3,16,0,0,15,3,28
0,8,7.0,70,4,9,1,13,99,4,11
0,4,9.0,18,0,18,0,0,26,3,12
0,4,9.0,18,0,5,1,5,12,0,12
0,4,17.0,19,1,8,0,5,6,3,6
0,4,2.0,141,0,4,0,11,90,4,22
0,2,9.0,21,4,14,3,12,83,3,12
0,8,24.0,85,3,14,0,15,39,0,14
0,8,24.0,85,3,9,0,4,70,3,14
0,1,16.0,2,2,6,1,5,6,0,2
0,8,17.0,74,3,4,0,7,111,3,6
0,4,1.0,144,3,1,2,2,2,3,7
0,4,2.0,141,0,16,0,5,0,3,22
1,3,2.0,120,6,9,0,8,27,1,22
1,5,19.0,146,4,9,1,0,31,0,10
0,6,20.0,215,1,9,0,6,116,3,29
0,6,22.0,185,4,3,0,10,23,2,26
0,4,11.0,121,2,21,0,8,41,3,9
1,10,28.0,216,4,16,0,0,12,0,18
0,0,5.0,122,1,18,0,13,69,1,24
0,10,31.0,135,0,12,0,5,6,1,20
0,9,3.0,217,5,13,0,12,100,2,27
1,4,20.0,115,4,18,2,0,68,3,29
1,4,28.0,218,5,8,2,0,96,3,18
1,1,20.0,151,6,15,0,3,76,4,29
0,1,5.0,219,6,19,3,2,2,4,24
0,4,6.0,176,5,14,1,1,105,0,23
0,2,16.0,220,4,14,0,16,74,3,2
0,3,9.0,44,3,21,1,13,48,0,12
0,3,9.0,44,3,15,1,6,73,1,12
0,3,9.0,44,3,14,0,3,44,4,12
0,3,14.0,33,5,19,0,7,120,4,5
0,4,18.0,26,2,8,1,4,66,1,0
0,4,24.0,27,1,16,0,8,27,0,14
0,4,24.0,27,1,21,1,1,35,0,14
0,4,24.0,27,1,17,0,16,50,0,14
0,4,24.0,27,1,14,3,12,56,0,14
0,4,26.0,80,4,6,1,13,48,0,3
0,2,10.0,28,5,3,2,1,11,3,4
0,2,10.0,28,5,14,0,8,118,3,4
0,2,16.0,220,4,18,0,16,37,1,2
0,2,17.0,6,5,6,1,6,7,0,6
0,2,17.0,6,5,11,0,10,52,0,6
0,2,17.0,6,5,7,1,9,93,0,6
0,2,17.0,6,5,12,0,9,57,0,6
0,2,27.0,136,0,0,0,11,18,0,15
0,0,8.0,9,5,4,1,1,1,2,8
0,0,11.0,10,0,6,1,11,55,0,9
0,0,11.0,10,0,12,0,4,79,2,9
0,0,16.0,11,6,5,0,6,89,0,2
0,0,17.0,12,3,15,1,1,105,4,6
0,0,17.0,12,3,22,0,2,86,0,6
0,2,17.0,6,5,4,0,8,118,3,6
0,2,17.0,6,5,9,2,1,16,3,6
0,2,17.0,6,5,8,2,6,126,1,6
0,2,17.0,6,5,8,0,13,29,2,6
1,1,30.0,100,1,18,0,5,12,3,19
0,6,8.0,59,4,15,1,11,18,1,8
1,4,13.0,221,4,12,0,2,2,4,25
0,7,31.0,43,5,20,1,13,21,4,20
0,6,16.0,38,5,3,0,1,59,2,2
0,7,31.0,43,5,13,1,6,7,4,20
0,7,31.0,43,5,4,0,3,30,1,20
0,6,16.0,38,5,13,0,4,136,2,2
0,3,9.0,44,3,5,0,1,35,4,12
0,6,16.0,38,5,3,0,0,0,3,2
0,3,9.0,44,3,20,1,13,99,4,12
0,6,16.0,38,5,5,1,9,102,1,2
0,3,14.0,33,5,22,0,9,87,3,5
0,6,25.0,39,3,17,0,1,35,0,13
0,6,25.0,39,3,2,0,2,86,1,13
0,6,25.0,39,3,2,1,14,131,1,13
0,6,25.0,39,3,9,0,4,82,4,13
0,1,8.0,62,1,1,0,13,28,3,8
0,1,8.0,62,1,9,1,12,17,4,8
0,1,18.0,82,5,17,0,10,22,2,0
0,11,1.0,222,3,13,0,2,86,1,7
0,8,15.0,72,5,20,1,11,90,1,1
0,8,15.0,72,5,13,1,2,2,4,1
0,8,15.0,72,5,18,2,7,20,3,1
0,8,16.0,73,6,2,2,0,53,3,2
0,8,16.0,73,6,12,0,12,61,4,2
0,8,17.0,74,3,7,0,13,21,1,6
0,8,17.0,74,3,12,1,8,27,2,6
0,8,17.0,74,3,19,2,1,105,3,6
0,8,18.0,75,0,2,0,8,118,1,0
0,8,18.0,75,0,6,2,15,46,3,0
0,8,18.0,75,0,23,1,4,4,1,0
0,10,20.0,223,4,11,3,12,83,4,29
0,8,28.0,224,4,19,1,13,36,4,18
0,11,16.0,225,0,17,3,3,76,4,2
0,9,15.0,226,2,18,0,6,7,3,1
0,9,23.0,167,4,17,0,2,69,4,17
0,1,17.0,63,4,19,2,10,47,0,6
0,1,17.0,63,4,1,2,0,26,3,6
0,1,24.0,64,4,6,0,11,117,3,14
0,1,24.0,64,4,20,0,10,52,2,14
0,3,9.0,44,3,13,1,1,59,4,12
0,3,9.0,44,3,23,1,1,59,4,12
0,3,15.0,35,6,23,0,5,6,3,1
0,3,15.0,35,6,20,0,15,114,2,1
0,3,23.0,57,3,16,2,13,36,3,17
0,3,23.0,57,3,8,0,1,11,3,17
0,0,8.0,9,5,10,1,3,30,4,8
0,5,14.0,36,3,19,2,10,22,3,5
0,1,23.0,69,2,0,0,2,86,1,17
0,8,24.0,85,3,6,0,3,79,1,14
0,8,24.0,85,3,21,1,16,72,0,14
0,8,24.0,85,3,12,0,6,73,1,14
0,8,25.0,86,0,7,2,14,25,3,13
0,4,1.0,144,3,10,1,5,6,0,7
0,4,1.0,144,3,9,2,10,22,3,7
0,4,2.0,141,0,13,1,6,7,4,22
0,4,2.0,141,0,21,1,5,6,0,22
0,4,9.0,18,0,2,0,3,79,0,12
0,4,9.0,18,0,9,0,0,31,1,12
0,4,17.0,19,1,9,0,7,137,1,6
0,4,19.0,142,4,8,0,2,86,2,10
0,4,19.0,142,4,18,2,2,2,0,10
0,4,19.0,142,4,5,0,13,99,3,10
0,2,9.0,21,4,1,1,2,92,0,12
0,2,24.0,22,5,4,0,5,6,0,14
0,4,30.0,139,0,14,1,14,110,4,19
0,5,14.0,36,3,18,2,6,7,0,5
0,5,24.0,58,2,6,2,16,50,3,14
0,5,24.0,58,2,7,0,10,23,1,14
0,5,24.0,58,2,0,0,2,86,1,14
0,5,26.0,37,5,21,1,0,12,0,3
0,3,14.0,33,5,12,1,3,44,1,5
0,3,15.0,35,6,8,0,6,89,2,1
0,3,15.0,35,6,22,2,13,38,3,1
0,3,15.0,35,6,20,1,9,109,4,1
0,3,23.0,57,3,17,0,8,19,0,17
0,3,23.0,57,3,18,2,1,11,3,17
0,3,23.0,57,3,4,2,3,4,0,17
0,5,26.0,37,5,7,2,2,86,3,3
0,6,8.0,59,4,6,0,12,61,1,8
0,6,8.0,59,4,7,0,7,78,3,8
0,6,8.0,59,4,15,1,1,11,4,8
0,2,9.0,21,4,17,0,15,39,1,12
0,2,9.0,21,4,13,0,5,6,0,12
0,2,9.0,21,4,20,1,14,110,4,12
0,2,24.0,22,5,16,0,4,75,3,14
0,2,24.0,22,5,23,0,4,127,1,14
0,8,17.0,74,3,9,0,14,25,1,6
0,8,24.0,85,3,17,1,9,101,4,14
0,8,24.0,85,3,8,2,1,35,3,14
0,8,24.0,85,3,13,2,1,81,3,14
0,8,25.0,86,0,5,1,16,37,4,13
0,4,1.0,144,3,1,2,16,39,3,7
0,4,1.0,144,3,2,1,14,24,4,7
0,4,1.0,144,3,15,0,16,37,2,7
0,4,2.0,141,0,10,3,6,7,0,22
0,4,2.0,141,0,13,2,16,37,3,22
0,4,2.0,141,0,4,0,5,0,1,22
0,4,9.0,18,0,6,1,14,25,0,12
0,4,9.0,18,0,19,0,13,28,3,12
0,4,9.0,18,0,19,0,13,99,0,12
0,4,17.0,19,1,4,0,11,133,0,6
0,4,17.0,19,1,18,0,0,85,1,6
0,4,17.0,19,1,13,0,4,75,1,6
0,4,19.0,142,4,3,0,0,85,3,10
0,4,19.0,142,4,8,2,9,63,3,10
0,4,13.0,221,5,3,3,16,65,0,25
0,2,5.0,127,3,23,1,9,49,1,24
0,11,25.0,88,2,9,0,8,41,0,13
0,11,31.0,227,1,0,0,5,12,1,20
0,11,31.0,227,1,11,0,6,89,1,20
0,11,31.0,227,1,13,0,14,34,1,20
0,11,31.0,227,1,12,0,1,59,4,20
0,9,8.0,90,2,8,0,14,24,2,8
0,9,13.0,91,0,4,0,2,40,1,25
0,9,16.0,107,4,14,0,14,131,1,2
0,9,16.0,107,4,1,1,9,63,4,2
0,9,22.0,92,2,12,0,12,80,0,26
0,3,20.0,105,4,12,3,9,27,3,29
1,0,30.0,228,5,13,3,7,122,1,19
0,0,4.0,229,0,8,0,6,89,2,30
0,4,19.0,142,4,3,1,1,1,4,10
0,4,25.0,20,2,2,0,9,101,0,13
0,2,2.0,143,4,5,1,1,67,4,22
0,2,9.0,21,4,17,1,2,92,0,12
0,2,9.0,21,4,22,1,0,31,4,12
0,2,9.0,21,4,2,0,5,12,3,12
0,2,9.0,21,4,4,2,6,7,0,12
0,2,24.0,22,5,16,1,12,104,4,14
1,2,23.0,230,2,14,1,9,49,1,17
0,2,15.0,130,2,17,1,10,43,4,1
1,4,24.0,27,0,13,1,4,127,4,14
1,2,5.0,127,6,16,0,4,75,1,24
1,2,5.0,127,6,8,0,13,38,3,24
1,2,5.0,127,6,9,0,10,47,3,24
1,2,5.0,127,6,19,0,15,96,1,24
1,2,5.0,127,6,2,0,13,38,2,24
0,3,14.0,33,5,13,0,2,2,2,5
1,2,14.0,231,0,5,1,2,13,1,5
1,2,14.0,231,0,4,2,0,77,0,5
0,11,14.0,147,6,11,0,4,103,4,5
1,2,22.0,209,1,6,0,7,31,1,26
0,11,14.0,147,6,12,1,9,83,4,5
1,2,22.0,209,1,17,0,8,41,4,26
0,11,23.0,232,0,1,1,11,117,4,17
1,2,25.0,233,5,15,1,6,7,4,13
0,11,24.0,194,1,21,0,10,12,3,14
1,2,25.0,233,5,5,1,14,32,1,13
0,11,24.0,194,1,18,0,10,43,1,14
1,2,25.0,233,5,12,1,14,126,4,13
0,11,25.0,88,2,0,0,5,12,0,13
0,9,19.0,234,3,13,1,4,75,2,10
1,4,5.0,235,2,15,1,14,97,4,24
0,4,10.0,79,1,8,1,6,7,0,4
1,2,30.0,131,2,17,1,11,133,4,19
0,11,25.0,88,2,6,0,16,65,2,13
1,4,24.0,27,0,18,0,6,89,1,14
0,6,9.0,236,5,11,1,13,123,4,12
0,9,16.0,107,4,1,0,4,82,3,2
0,9,20.0,119,0,2,0,14,34,4,29
1,0,23.0,237,5,5,0,6,132,0,17
1,2,14.0,231,0,12,0,2,2,0,5
0,6,7.0,169,2,16,0,16,50,0,11
0,7,6.0,93,0,5,1,13,38,4,23
0,1,15.0,1,1,9,1,3,76,4,1
0,7,13.0,238,0,13,1,9,93,4,25
1,0,23.0,237,5,8,1,0,12,1,17
0,11,25.0,88,2,3,0,6,91,1,13
1,2,22.0,209,1,0,1,6,14,0,26
0,6,9.0,236,5,4,2,3,76,3,12
0,3,23.0,57,3,11,1,7,129,1,17
0,3,2.0,120,3,19,3,14,25,3,22
0,5,16.0,239,1,13,2,13,28,3,2
0,1,16.0,2,2,19,0,3,79,1,2
0,11,5.0,240,4,21,1,16,37,2,24
0,7,23.0,202,4,21,1,6,7,4,17
1,2,22.0,209,1,5,0,2,3,2,26
1,2,22.0,209,1,4,0,8,27,1,26
1,2,30.0,131,2,6,0,6,7,0,19
1,2,30.0,131,2,0,0,5,12,3,19
1,2,30.0,131,2,15,0,2,40,3,19
1,2,30.0,131,2,2,0,14,24,3,19
1,0,22.0,241,4,0,2,3,30,3,26
0,10,6.0,242,4,14,0,1,11,3,23
0,10,6.0,242,4,18,1,9,27,0,23
0,10,7.0,243,5,19,0,14,25,2,11
0,10,8.0,213,6,20,1,2,69,4,8
0,10,8.0,213,6,9,0,8,19,4,8
0,10,6.0,242,4,11,0,8,9,1,23
0,6,17.0,244,6,18,1,10,22,1,6
0,10,10.0,245,0,13,0,15,119,2,4
0,10,10.0,245,0,4,0,11,94,1,4
0,10,10.0,245,0,4,2,1,16,3,4
0,10,18.0,246,1,10,1,13,21,1,0
0,10,18.0,246,1,2,0,0,31,1,0
0,10,23.0,247,3,5,0,6,7,1,17
0,10,23.0,247,3,4,0,16,37,3,17
0,10,23.0,247,3,22,1,9,95,1,17
0,10,25.0,56,1,7,1,13,29,0,13
0,1,26.0,248,6,3,0,0,26,0,3
1,8,5.0,101,0,13,1,8,41,2,24
0,2,1.0,16,2,16,0,7,111,3,7
0,0,10.0,129,3,8,1,13,28,1,4
0,0,28.0,249,4,22,0,2,40,0,18
0,0,28.0,249,4,18,0,6,128,1,18
1,1,23.0,69,1,18,3,2,13,4,17
1,0,22.0,241,4,10,1,13,38,4,26
1,0,23.0,237,5,6,0,2,86,1,17
0,11,5.0,240,4,3,0,2,92,3,24
0,11,5.0,240,4,12,0,1,105,0,24
0,11,22.0,250,3,7,0,6,7,1,26
0,9,6.0,51,0,20,0,8,19,1,23
0,2,9.0,21,4,1,0,13,29,2,12
1,4,6.0,176,4,14,0,9,109,0,23
1,4,6.0,176,4,13,0,13,99,3,23
1,4,24.0,27,0,8,2,9,54,2,14
1,8,8.0,76,4,8,2,16,42,3,8
1,8,15.0,72,4,6,1,13,28,0,1
1,8,23.0,102,5,11,0,7,120,2,17
1,8,23.0,102,5,4,2,0,77,1,17
1,4,6.0,176,4,15,0,14,25,1,23
1,4,24.0,27,0,8,0,5,6,2,14
1,4,24.0,27,0,9,0,0,26,1,14
1,2,5.0,127,6,14,0,1,105,2,24
1,2,5.0,127,6,23,1,8,33,1,24
1,2,22.0,209,1,16,0,5,6,0,26
1,2,22.0,209,1,7,0,9,9,3,26
1,2,6.0,251,3,19,1,7,62,4,23
1,2,15.0,130,1,18,1,0,15,1,1
1,0,15.0,190,4,14,0,8,41,0,1
1,4,23.0,30,3,17,2,7,20,0,17
1,4,23.0,30,3,15,0,8,41,3,17
1,4,23.0,30,3,8,1,4,45,4,17
1,4,25.0,20,1,0,0,13,21,3,13
1,4,30.0,139,3,18,1,13,48,0,19
1,0,16.0,11,5,15,0,15,114,1,2
0,11,6.0,252,5,3,1,0,12,2,23
1,2,16.0,220,2,0,0,1,81,4,2
1,0,16.0,11,5,15,1,12,104,4,2
0,11,6.0,252,5,13,3,14,107,0,23
0,11,7.0,253,6,10,1,9,134,0,11
0,11,6.0,252,5,3,3,3,30,1,23
0,2,4.0,254,6,20,0,2,86,2,30
0,11,7.0,253,6,13,1,1,105,4,11
0,11,14.0,147,6,9,2,8,33,3,5
0,11,23.0,232,0,0,2,7,120,3,17
0,11,24.0,194,1,6,2,6,89,1,14
0,11,23.0,232,0,14,2,3,30,3,17
0,11,24.0,194,1,14,1,13,38,4,14
0,11,25.0,88,2,10,2,15,31,3,13
0,11,31.0,227,1,22,2,2,2,3,20
0,11,31.0,227,1,12,0,15,114,2,20
1,2,22.0,209,1,2,0,6,89,1,26
1,2,30.0,131,2,16,0,11,15,3,19
1,0,22.0,241,4,4,2,1,16,3,26
1,0,23.0,237,5,2,0,8,27,2,17
1,4,6.0,176,4,9,2,13,69,3,23
1,4,5.0,235,2,12,0,14,97,3,24
1,4,24.0,27,0,3,0,2,2,3,14
1,4,24.0,27,0,12,0,10,23,2,14
1,4,6.0,176,4,9,0,4,82,1,23
1,4,24.0,27,0,15,1,14,97,4,14
1,4,22.0,152,6,19,0,0,64,0,26
1,2,6.0,251,3,20,1,12,80,1,23
1,8,30.0,103,5,22,0,9,87,4,19
1,8,30.0,103,5,18,1,8,9,4,19
0,11,31.0,227,1,16,0,6,128,1,20
0,1,16.0,2,2,14,0,10,30,3,2
0,6,7.0,169,2,2,1,10,23,1,11
0,10,26.0,61,2,14,3,0,0,3,3
0,11,22.0,250,3,13,2,3,115,1,26
0,8,13.0,189,2,12,0,8,27,3,25
0,1,23.0,69,2,6,2,11,15,3,17
0,6,9.0,236,5,1,0,15,31,1,12
0,9,5.0,89,3,17,0,0,31,1,24
0,3,8.0,148,6,2,1,13,36,2,8
0,5,9.0,206,1,0,0,10,47,1,12
0,6,9.0,236,5,18,2,5,64,1,12
0,0,1.0,8,5,13,0,1,16,2,7
1,3,2.0,120,6,13,1,3,115,4,22
0,2,22.0,209,2,15,1,10,23,1,26
0,6,15.0,49,4,3,0,4,82,0,1
0,9,17.0,255,5,20,0,6,7,0,6
0,2,16.0,220,4,20,0,10,47,0,2
0,10,17.0,256,0,13,0,7,62,4,6
0,1,23.0,69,2,6,0,1,84,3,17
0,2,28.0,257,1,2,0,1,67,0,18
0,6,20.0,215,1,18,0,4,66,3,29
0,10,17.0,256,0,12,0,8,118,4,6
0,6,15.0,49,4,15,0,8,33,2,1
0,5,31.0,196,2,13,0,2,2,1,20
0,2,16.0,220,4,13,0,12,83,2,2
0,5,4.0,114,4,5,0,8,9,2,30
0,11,22.0,250,3,8,2,6,89,3,26
0,2,8.0,258,2,14,0,8,118,3,8
0,3,8.0,148,6,14,0,2,86,0,8
0,6,24.0,31,6,20,1,5,12,0,14
0,9,6.0,51,0,13,1,1,16,4,23
0,7,22.0,211,2,16,0,4,82,1,26
0,5,28.0,259,3,17,2,13,21,1,18
0,2,28.0,257,1,13,1,9,83,4,18
0,9,6.0,51,0,19,0,8,33,4,23
0,2,22.0,209,2,22,1,2,86,4,26
0,6,24.0,31,6,5,0,9,27,0,14
0,5,10.0,155,2,12,1,9,95,1,4
0,7,21.0,81,1,22,3,2,60,3,21
0,2,29.0,140,2,0,1,9,54,1,16
0,10,17.0,256,0,6,1,14,88,2,6
0,0,14.0,5,4,8,1,9,93,1,5
0,0,6.0,260,2,19,0,15,39,1,23
0,3,8.0,148,6,19,0,15,31,2,8
0,2,16.0,220,4,4,2,1,105,0,2
0,10,17.0,256,0,16,0,5,12,0,6
1,2,6.0,251,3,18,2,6,89,1,23
0,0,6.0,260,2,17,0,13,36,3,23
0,10,24.0,261,0,4,0,15,119,3,14
0,10,17.0,256,0,8,1,9,87,4,6
1,2,15.0,130,1,22,1,3,115,1,1
0,2,16.0,220,4,19,2,16,113,1,2
0,4,31.0,67,1,3,1,9,57,0,20
0,3,8.0,148,6,12,1,14,107,4,8
1,4,4.0,178,1,19,1,14,106,4,30
0,7,14.0,125,1,22,1,5,64,1,5
1,2,15.0,130,1,12,1,14,25,1,1
0,2,16.0,220,4,12,1,1,11,1,2
1,8,28.0,224,2,4,0,10,30,0,18
0,6,12.0,162,0,4,1,11,133,1,28
0,7,22.0,211,2,12,3,10,12,3,26
0,1,27.0,262,3,4,0,2,2,0,15
0,2,19.0,137,3,14,0,1,11,0,10
0,2,12.0,128,3,20,1,13,29,4,28
0,10,24.0,261,0,2,0,1,59,1,14
0,1,1.0,203,1,7,0,2,71,2,7
0,3,16.0,263,3,6,1,1,105,0,2
0,2,20.0,264,0,10,1,9,134,4,29
0,2,19.0,137,3,20,1,12,135,4,10
0,1,7.0,32,0,17,0,2,86,4,11
0,1,7.0,32,0,17,0,5,12,3,11
1,0,18.0,0,3,3,3,0,15,0,0
0,11,2.0,265,0,13,0,2,69,2,22
0,7,20.0,266,0,2,1,8,27,0,29
0,9,26.0,267,3,11,3,3,115,1,3
0,1,6.0,97,3,9,0,2,13,1,23
0,1,5.0,219,6,10,1,13,21,1,24
0,7,27.0,53,0,10,1,6,7,0,15
0,7,29.0,268,2,19,1,13,48,2,16
0,7,3.0,269,5,2,1,14,34,4,27
0,11,29.0,270,3,17,3,5,12,1,16
0,1,7.0,32,0,6,1,14,34,0,11
0,1,7.0,32,0,3,1,6,116,4,11
0,1,7.0,32,0,16,0,0,12,0,11
0,1,7.0,32,0,3,0,10,47,3,11
0,1,9.0,50,2,0,0,6,7,3,12
0,1,10.0,17,4,17,2,7,20,3,4
0,1,10.0,17,4,7,1,9,109,0,4
0,1,16.0,2,2,17,0,0,12,3,2
0,1,16.0,2,2,14,0,16,42,3,2
0,1,16.0,2,2,17,0,2,123,3,2
1,8,27.0,78,1,12,0,9,101,0,15
0,1,23.0,69,2,0,1,6,89,4,17
0,1,23.0,69,2,21,1,7,78,0,17
0,1,23.0,69,2,12,0,3,30,3,17
0,1,23.0,69,2,23,0,10,22,1,17
0,8,7.0,70,4,16,0,8,33,0,11
0,8,7.0,70,4,1,0,8,41,3,11
0,8,10.0,71,3,7,1,9,27,0,4
0,8,10.0,71,3,21,1,9,27,0,4
0,8,15.0,72,5,2,0,8,27,0,1
0,8,15.0,72,5,1,1,15,31,1,1
0,8,15.0,72,5,9,0,16,37,1,1
0,8,15.0,72,5,19,1,4,4,4,1
0,8,15.0,72,5,4,0,5,64,3,1
0,5,8.0,199,0,8,0,1,59,1,8
0,6,6.0,83,1,12,1,14,32,4,23
0,10,16.0,201,3,18,2,3,30,3,2
0,9,5.0,89,3,15,2,15,96,3,24
0,9,5.0,89,3,11,1,2,71,4,24
0,9,5.0,89,3,8,1,0,77,1,24
0,9,14.0,106,1,16,0,5,12,0,5
0,9,13.0,91,0,19,0,4,66,2,25
0,9,14.0,106,1,17,1,6,89,4,5
0,9,16.0,107,4,19,0,13,99,0,2
0,1,8.0,62,1,12,1,4,136,4,8
0,9,22.0,92,2,16,2,9,109,3,26
0,9,5.0,89,3,12,1,9,87,2,24
0,7,6.0,93,0,15,0,8,27,3,23
1,2,30.0,131,2,4,2,13,38,0,19
1,0,22.0,241,4,17,1,14,34,2,26
0,11,5.0,240,4,9,0,5,6,3,24
0,11,22.0,250,3,20,1,6,91,4,26
0,11,22.0,250,3,19,0,4,127,2,26
0,9,6.0,51,0,11,0,13,38,2,23
0,9,6.0,51,0,14,1,3,44,4,23
0,9,7.0,271,1,2,0,2,2,1,11
0,9,24.0,272,5,4,0,8,41,1,14
0,7,5.0,204,3,17,2,10,47,3,24
0,7,5.0,204,3,19,2,0,68,0,24
0,7,9.0,273,4,23,1,4,45,0,12
0,7,9.0,273,4,1,2,2,86,3,12
0,7,15.0,205,2,19,0,14,110,4,1
0,5,8.0,199,0,9,1,9,9,0,8
0,5,15.0,200,0,9,2,3,30,3,1
0,6,6.0,83,1,22,0,5,64,3,23
0,6,23.0,84,5,18,1,14,34,2,17
0,10,16.0,201,3,12,2,16,42,0,2
0,7,15.0,205,2,16,2,3,70,3,1
0,7,23.0,202,4,15,0,11,117,3,17
0,1,9.0,50,2,19,2,5,6,1,12
0,7,15.0,205,2,14,0,8,118,3,1
0,7,15.0,205,2,17,1,11,18,1,1
0,1,10.0,17,4,11,0,5,64,4,4
0,1,9.0,50,2,12,0,5,6,2,12
0,1,15.0,1,1,6,0,1,11,0,1
0,1,15.0,1,1,2,0,1,67,3,1
0,1,15.0,1,1,4,0,10,47,0,1
1,4,27.0,274,4,1,3,1,67,0,15
0,0,10.0,129,3,6,1,15,114,1,4
0,3,16.0,263,3,2,3,11,15,3,2
0,1,1.0,203,1,13,0,4,121,1,7
0,0,10.0,129,3,8,0,13,48,3,4
0,11,4.0,275,2,6,0,0,12,0,30
0,2,20.0,264,0,13,1,16,72,4,29
0,4,1.0,144,3,22,0,5,6,2,7
0,0,10.0,129,3,2,0,10,47,3,4
0,2,13.0,276,0,13,0,13,29,1,25
0,3,22.0,166,6,13,1,1,11,4,26
0,8,10.0,71,3,12,2,6,89,3,4
0,0,10.0,129,3,23,1,1,1,4,4
0,5,6.0,277,6,23,1,12,56,1,23
1,0,18.0,0,3,19,1,9,134,0,0
0,0,24.0,55,3,19,1,13,48,0,14
0,8,8.0,76,5,11,0,6,7,0,8
1,5,28.0,259,6,20,0,3,115,4,18
0,0,10.0,129,3,4,1,1,1,4,4
0,5,9.0,206,1,18,2,16,130,3,12
1,8,26.0,278,0,11,3,9,95,4,3
1,4,3.0,279,0,12,1,5,64,0,27
0,8,19.0,280,1,17,2,6,89,3,10
1,1,18.0,82,4,19,1,12,17,1,0
0,4,1.0,144,3,19,0,3,79,3,7
0,0,25.0,281,0,11,0,13,99,2,13
0,5,16.0,239,1,17,1,1,1,0,2
0,5,16.0,239,1,3,0,9,95,0,2
0,5,23.0,168,1,17,0,7,78,3,17
0,5,23.0,168,1,15,0,2,123,3,17
0,6,1.0,158,4,16,1,1,105,2,7
0,6,1.0,158,4,13,2,1,1,0,7
0,6,1.0,158,4,12,0,5,6,2,7
0,6,7.0,169,2,4,2,15,112,1,11
0,5,9.0,206,1,13,1,10,22,2,12
0,3,16.0,263,3,8,2,3,115,3,2
0,3,22.0,166,6,20,0,13,21,2,26
0,5,1.0,109,0,14,2,15,31,1,7
0,5,1.0,109,0,12,0,3,79,1,7
0,5,6.0,277,6,21,1,16,65,0,23
0,5,6.0,277,6,2,0,9,63,3,23
0,11,22.0,250,3,1,1,0,85,0,26
1,2,12.0,128,6,13,0,8,41,2,28
1,2,13.0,276,3,13,0,15,51,4,25
1,2,3.0,282,4,15,0,8,27,2,27
0,5,5.0,96,5,11,0,9,63,2,24
1,4,30.0,139,3,2,0,13,48,3,19
1,2,7.0,153,0,20,1,3,79,4,11
1,2,8.0,258,1,9,1,3,76,4,8
1,2,16.0,220,2,16,1,4,79,1,2
1,0,16.0,11,5,8,2,13,29,3,2
1,0,16.0,11,5,9,0,14,34,0,2
0,11,6.0,252,5,20,0,5,6,2,23
0,11,7.0,253,6,17,0,0,0,0,11
0,11,7.0,253,6,19,0,9,95,3,11
0,11,8.0,283,3,5,0,9,57,2,8
0,11,14.0,147,6,13,1,1,105,4,5
0,11,23.0,232,0,1,0,0,12,3,17
0,11,24.0,194,1,16,2,10,47,3,14
0,11,24.0,194,1,22,0,2,86,4,14
0,11,25.0,88,2,16,0,5,12,0,13
0,11,25.0,88,2,0,1,1,11,0,13
0,9,8.0,90,2,16,0,10,22,1,8
0,9,8.0,90,2,18,0,0,77,1,8
0,5,9.0,206,1,17,1,8,41,0,12
0,5,16.0,239,1,11,1,4,136,4,2
0,5,16.0,239,1,1,1,2,2,4,2
0,6,1.0,158,4,2,0,0,77,2,7
0,6,1.0,158,4,1,0,1,59,4,7
0,6,7.0,169,2,11,0,14,34,2,11
0,6,7.0,169,2,14,0,2,3,4,11
0,6,7.0,169,2,14,0,9,54,1,11
0,6,15.0,49,4,21,1,0,15,0,1
0,10,17.0,256,0,11,1,13,38,4,6
0,10,17.0,256,0,14,1,10,47,0,6
0,10,24.0,261,0,11,0,5,6,0,14
0,1,1.0,203,1,14,0,0,12,2,7
0,1,9.0,50,2,6,0,0,12,0,12
0,1,10.0,17,4,15,2,6,132,0,4
0,1,15.0,1,1,13,0,5,12,3,1
0,1,15.0,1,1,12,0,0,77,1,1
0,10,23.0,247,3,19,1,11,133,4,17
0,3,16.0,263,3,18,0,7,120,2,2
0,3,22.0,166,6,11,1,13,28,4,26
0,5,6.0,277,6,23,1,12,56,0,23
0,5,9.0,206,1,17,2,6,116,3,12
0,5,9.0,206,1,6,1,10,52,1,12
0,5,9.0,206,1,10,1,7,111,1,12
0,6,1.0,158,4,2,0,1,11,3,7
0,6,1.0,158,4,3,1,12,80,4,7
0,6,7.0,169,2,6,1,13,99,4,11
0,6,7.0,169,2,14,0,10,47,2,11
0,6,9.0,236,5,5,0,5,64,3,12
0,8,19.0,280,1,14,2,2,86,0,10
0,8,15.0,72,5,11,1,8,9,1,1
0,5,1.0,109,0,13,0,9,102,3,7
0,4,3.0,279,1,17,1,6,14,4,27
1,8,12.0,284,0,17,1,0,0,4,28
0,8,10.0,71,3,22,3,8,27,2,4
0,7,15.0,205,2,5,1,13,28,1,1
0,0,25.0,281,0,12,1,0,12,4,13
0,0,24.0,55,3,1,0,13,69,4,14
1,4,3.0,279,0,14,1,3,79,4,27
0,8,26.0,278,1,12,0,1,11,4,3
0,8,16.0,73,6,5,0,10,22,0,2
0,5,9.0,206,1,23,0,10,22,3,12
0,4,9.0,18,0,0,0,3,30,1,12
0,0,25.0,281,0,2,1,16,65,4,13
1,0,19.0,13,0,9,0,5,0,1,10
1,2,3.0,282,4,2,0,11,94,3,27
0,8,26.0,278,1,13,1,11,117,1,3
0,5,23.0,168,1,0,0,2,92,1,17
0,3,4.0,285,1,14,1,8,19,0,30
0,0,28.0,249,4,8,0,11,117,1,18
0,2,1.0,16,2,13,0,0,77,1,7
0,0,2.0,47,6,20,1,4,82,1,22
1,8,15.0,72,4,6,1,10,22,0,1
1,8,15.0,72,4,18,0,8,41,1,1
1,8,23.0,102,5,16,0,3,44,0,17
1,4,6.0,176,4,15,1,2,13,4,23
1,4,24.0,27,0,22,1,11,133,4,14
1,2,14.0,231,0,5,1,12,135,4,5
1,2,14.0,231,0,22,0,8,27,3,5
1,2,14.0,231,0,22,0,0,64,3,5
1,2,14.0,231,0,14,2,10,6,3,5
1,2,22.0,209,1,23,1,2,86,1,26
1,2,22.0,209,1,18,2,2,123,3,26
1,2,25.0,233,5,17,0,5,12,3,13
1,2,25.0,233,5,22,0,0,15,1,13
1,2,30.0,131,2,16,1,9,87,0,19
1,2,30.0,131,2,22,0,16,74,4,19
0,9,6.0,51,0,13,1,4,127,4,23
0,1,25.0,65,5,4,1,9,109,2,13
1,1,5.0,219,5,4,1,4,79,0,24
1,1,4.0,286,4,12,0,14,34,0,30
0,4,7.0,133,6,12,1,11,58,4,11
0,4,7.0,133,6,18,3,13,48,4,11
0,2,17.0,6,5,20,0,16,113,2,6
0,0,26.0,14,1,1,3,0,26,0,3
1,4,30.0,139,3,1,0,10,23,2,19
1,4,16.0,25,3,17,0,14,34,0,2
1,4,16.0,25,3,8,2,8,33,2,2
1,4,23.0,30,3,19,0,16,42,1,17
1,4,23.0,30,3,20,1,7,120,4,17
1,2,7.0,153,0,22,2,7,57,3,11
1,7,1.0,98,1,17,0,13,69,1,7
0,11,2.0,265,0,17,2,6,7,0,22
1,0,21.0,287,2,14,2,6,89,3,21
0,11,3.0,288,1,6,1,10,47,1,27
0,9,24.0,272,5,4,0,10,22,1,14
0,9,24.0,272,5,1,2,1,35,0,14
0,7,9.0,273,4,20,1,12,61,4,12
0,7,9.0,273,4,1,2,5,6,3,12
0,7,23.0,202,4,11,1,1,16,4,17
0,7,23.0,202,4,3,0,3,76,1,17
0,7,23.0,202,4,20,1,8,9,4,17
0,7,23.0,202,4,20,1,13,69,4,17
0,7,24.0,68,5,12,0,10,22,3,14
0,7,24.0,68,5,15,1,1,1,4,14
0,3,7.0,289,5,20,1,11,94,4,11
0,3,8.0,148,6,13,1,14,125,4,8
0,4,31.0,67,1,17,0,7,78,1,20
0,4,31.0,67,1,5,2,16,42,0,20
1,0,15.0,190,4,14,2,2,86,3,1
1,0,31.0,290,6,13,1,5,6,2,20
0,11,5.0,240,4,22,2,1,105,3,24
0,11,22.0,250,3,3,0,13,29,0,26
0,11,22.0,250,3,4,0,13,21,2,26
0,9,6.0,51,0,17,0,10,22,1,23
0,9,7.0,271,1,22,0,13,69,4,11
0,7,5.0,204,3,12,1,9,109,4,24
0,7,15.0,205,2,8,0,15,108,1,1
0,7,15.0,205,2,2,0,13,99,4,1
0,7,24.0,68,5,11,1,14,25,4,14
0,8,19.0,280,1,14,1,9,10,4,10
1,6,19.0,291,3,1,0,8,41,2,10
0,6,7.0,169,2,19,1,1,35,2,11
0,4,8.0,292,3,2,0,15,51,3,8
0,5,23.0,168,1,13,0,0,64,2,17
0,4,27.0,274,5,15,0,6,89,2,15
0,7,7.0,293,1,14,0,13,29,2,11
0,8,26.0,278,1,9,0,0,26,0,3
1,0,21.0,287,2,18,1,0,0,0,21
0,6,1.0,158,4,21,2,6,7,3,7
0,6,7.0,169,2,12,3,15,46,3,11
0,2,8.0,258,2,16,1,13,28,0,8
0,10,1.0,208,6,17,0,1,59,1,7
1,4,3.0,279,0,23,1,9,134,4,27
0,6,1.0,158,4,16,1,5,64,0,7
0,6,15.0,49,4,16,0,13,13,3,1
0,6,24.0,31,6,16,1,6,7,0,14
0,10,17.0,256,0,4,0,9,57,0,6
0,10,24.0,261,0,13,0,8,118,3,14
0,10,24.0,261,0,9,1,4,45,0,14
0,1,1.0,203,1,14,0,7,78,3,7
0,1,1.0,203,1,18,0,5,12,3,7
0,1,7.0,32,0,8,0,5,6,0,11
0,1,7.0,32,0,14,2,16,50,0,11
0,1,9.0,50,2,6,0,3,70,3,12
0,1,9.0,50,2,0,0,2,123,0,12
0,1,9.0,50,2,12,0,7,137,1,12
0,5,30.0,294,1,17,0,14,125,4,19
0,9,4.0,295,6,11,3,13,36,3,30
0,9,4.0,295,6,8,1,12,56,1,30
0,8,6.0,87,2,1,0,0,26,2,23
0,1,10.0,17,4,21,2,10,47,3,4
0,1,10.0,17,4,10,1,9,27,0,4
0,1,10.0,17,4,21,1,9,87,0,4
0,1,15.0,1,1,17,1,0,53,4,1
0,1,15.0,1,1,12,0,6,7,1,1
0,1,15.0,1,1,19,1,0,68,1,1
0,1,16.0,2,2,2,0,13,99,1,2
0,1,23.0,69,2,0,0,9,95,4,17
0,1,23.0,69,2,21,1,7,120,0,17
0,8,7.0,70,4,3,0,0,53,1,11
0,8,7.0,70,4,4,0,5,12,1,11
0,8,10.0,71,3,16,0,0,53,0,4
0,8,10.0,71,3,6,0,2,92,3,4
0,8,10.0,71,3,3,1,10,23,1,4
0,8,16.0,73,6,7,0,10,47,3,2
0,8,16.0,73,6,23,0,6,7,4,2
0,5,5.0,96,5,4,1,6,14,0,24
0,6,14.0,173,2,11,0,9,134,2,5
1,2,1.0,16,1,17,0,1,16,4,7
0,1,22.0,164,1,1,0,12,61,0,26
0,8,14.0,296,4,9,1,13,29,4,5
0,8,16.0,73,6,18,0,5,12,3,2
0,8,16.0,73,6,4,1,12,56,0,2
0,8,17.0,74,3,10,0,2,86,0,6
0,8,17.0,74,3,14,0,7,62,2,6
0,8,18.0,75,0,7,0,14,24,4,0
0,8,17.0,74,3,13,1,14,106,1,6
0,8,17.0,74,3,15,0,14,97,1,6
0,8,24.0,85,3,23,1,0,53,0,14
0,8,16.0,73,6,8,0,6,7,3,2
0,8,25.0,86,0,18,0,13,21,2,13
0,4,1.0,144,3,0,2,14,97,0,7
0,4,1.0,144,3,15,0,2,2,1,7
0,7,24.0,68,5,22,1,1,35,4,14
0,7,23.0,202,4,10,1,7,57,0,17
0,3,8.0,148,6,2,0,0,0,0,8
0,3,8.0,148,6,1,0,15,46,4,8
0,3,16.0,263,3,19,1,11,18,1,2
0,3,16.0,263,3,9,2,9,109,3,2
0,3,22.0,166,6,5,1,8,27,1,26
0,5,6.0,277,6,16,3,8,27,1,23
0,7,6.0,93,0,8,1,4,138,4,23
0,7,6.0,93,0,5,1,2,60,4,23
0,7,16.0,40,4,22,0,9,10,4,2
0,7,16.0,40,4,5,1,2,2,1,2
0,8,9.0,124,6,1,1,15,46,0,12
0,6,8.0,59,4,18,0,6,7,4,8
0,9,13.0,91,0,12,1,1,67,4,25
0,9,13.0,91,0,18,0,10,22,1,25
0,9,14.0,106,1,0,0,9,93,1,5
0,9,14.0,106,1,6,0,4,136,3,5
0,9,16.0,107,4,0,1,14,32,0,2
0,7,6.0,93,0,17,1,0,0,0,23
0,7,6.0,93,0,14,1,2,69,4,23
0,5,6.0,277,6,17,1,11,55,4,23
0,5,6.0,277,6,15,0,8,41,2,23
0,5,6.0,277,6,15,1,15,114,4,23
0,11,1.0,222,3,17,1,10,23,2,7
0,2,11.0,297,6,4,2,0,64,3,9
0,4,8.0,292,3,1,0,12,121,1,8
0,6,1.0,158,4,19,0,15,39,4,7
0,7,6.0,93,0,2,1,14,131,1,23
1,0,23.0,237,5,4,0,0,12,3,17
1,1,23.0,69,1,9,0,14,25,2,17
0,4,27.0,274,5,15,1,1,59,4,15
0,6,1.0,158,4,22,0,11,15,3,7
0,7,8.0,94,2,20,3,3,44,0,8
0,11,5.0,240,4,3,0,16,74,1,24
0,11,22.0,250,3,16,0,13,13,1,26
0,9,7.0,271,1,6,2,4,76,3,11
0,9,24.0,272,5,1,0,1,11,3,14
0,7,5.0,204,3,9,1,9,49,4,24
0,7,9.0,273,4,17,1,6,7,0,12
0,7,15.0,205,2,15,1,15,119,4,1
0,7,23.0,202,4,22,2,12,17,4,17
0,7,23.0,202,4,20,1,13,69,4,17
0,7,23.0,202,4,19,0,10,52,1,17
0,7,23.0,202,4,1,2,13,21,3,17
0,3,7.0,289,5,3,2,13,99,3,11
0,3,7.0,289,5,15,1,1,16,4,11
0,4,1.0,144,3,16,0,7,111,1,7
1,1,20.0,151,6,20,1,1,1,4,29
1,5,28.0,259,6,22,0,16,65,3,18
1,10,11.0,298,0,0,1,8,9,1,9
0,9,27.0,179,0,13,3,14,25,3,15
1,11,25.0,88,1,8,1,7,137,1,13
1,2,4.0,254,5,13,2,1,59,2,30
1,2,2.0,143,2,8,0,3,70,4,22
0,11,17.0,110,1,9,0,3,44,4,6
0,6,30.0,145,5,18,2,11,90,3,19
0,1,11.0,111,5,4,1,0,12,1,9
1,2,21.0,108,0,19,1,16,139,2,21
0,1,11.0,111,5,2,0,5,6,3,9
0,1,29.0,112,1,12,1,14,24,0,16
0,8,4.0,299,0,11,0,0,0,1,30
0,8,13.0,189,2,15,3,1,105,0,25
0,3,28.0,187,5,15,0,9,95,2,18
0,6,27.0,116,1,18,1,11,124,0,15
0,6,27.0,116,1,5,1,13,36,0,15
0,6,27.0,116,1,13,2,10,23,1,15
0,5,3.0,161,2,17,0,14,131,1,27
1,6,1.0,158,2,13,3,0,26,1,7
0,4,22.0,152,3,9,1,16,130,1,26
0,0,30.0,228,6,22,1,14,32,4,19
0,2,14.0,231,1,18,2,5,64,3,5
0,2,20.0,264,0,4,0,7,20,1,29
0,1,29.0,112,1,16,1,14,125,4,16
0,8,4.0,299,0,18,0,11,18,1,30
0,1,28.0,300,0,17,0,7,111,1,18
0,7,28.0,34,1,3,0,3,30,3,18
0,7,13.0,238,0,8,0,13,38,2,25
0,8,29.0,301,5,15,0,1,11,2,16
0,4,20.0,115,5,22,0,4,82,2,29
0,10,27.0,302,4,13,1,2,2,4,15
0,3,3.0,182,0,17,3,8,27,2,27
0,6,4.0,159,3,2,3,5,64,3,30
0,6,20.0,215,1,22,3,15,96,4,29
0,2,20.0,264,0,12,3,14,25,0,29
0,8,4.0,299,0,13,0,9,134,1,30
0,0,5.0,122,1,23,1,0,68,1,24
1,0,31.0,290,6,1,1,6,7,1,20
0,7,7.0,293,1,22,0,0,26,1,11
0,7,14.0,125,1,2,1,14,32,0,5
0,3,6.0,303,4,16,1,10,22,1,23
0,11,7.0,253,6,13,0,9,10,1,11
0,11,6.0,252,5,6,0,5,12,0,23
0,11,8.0,283,3,18,0,9,101,0,8
0,11,14.0,147,6,22,1,11,58,4,5
0,11,14.0,147,6,14,0,7,78,3,5
0,11,23.0,232,0,0,1,7,111,0,17
0,11,23.0,232,0,22,2,15,112,0,17
0,11,24.0,194,1,22,0,16,50,0,14
0,11,25.0,88,2,23,0,11,133,4,13
0,11,24.0,194,1,17,0,14,24,1,14
0,7,8.0,94,2,9,1,9,27,0,8
0,9,5.0,89,3,8,1,9,95,2,24
0,7,25.0,41,6,15,3,6,7,0,13
0,11,14.0,147,6,2,2,16,130,4,5
1,1,23.0,69,1,18,1,16,65,4,17
0,7,16.0,40,4,23,1,3,30,4,2
0,4,27.0,274,5,23,1,4,66,1,15
0,6,9.0,236,5,16,0,14,32,3,12
1,1,30.0,100,1,19,0,2,40,1,19
0,7,16.0,40,4,12,1,8,19,1,2
0,4,27.0,274,5,1,0,8,118,3,15
0,2,16.0,220,4,2,0,15,114,3,2
0,6,9.0,236,5,12,2,13,123,3,12
0,7,25.0,41,6,17,1,3,79,0,13
0,2,1.0,16,2,8,0,8,27,1,7
0,2,19.0,137,3,4,0,7,20,2,10
0,6,9.0,236,5,1,1,7,137,1,12
0,7,25.0,41,6,14,0,13,29,1,13
0,7,30.0,42,4,14,0,2,86,1,19
0,7,31.0,43,5,18,0,6,73,1,20
0,3,9.0,44,3,13,0,4,82,1,12
0,11,24.0,194,1,8,2,7,20,2,14
0,11,24.0,194,1,17,0,12,83,2,14
0,11,31.0,227,1,17,0,3,115,3,20
0,9,8.0,90,2,2,0,0,68,1,8
0,9,14.0,106,1,0,2,16,50,3,5
0,9,14.0,106,1,13,2,8,27,0,5
0,9,14.0,106,1,2,0,15,51,3,5
0,7,6.0,93,0,16,1,4,66,0,23
0,7,6.0,93,0,2,0,10,12,0,23
0,7,6.0,93,0,9,1,2,60,4,23
0,7,16.0,40,4,21,1,0,68,0,2
0,7,16.0,40,4,3,0,14,110,4,2
0,7,16.0,40,4,15,2,13,36,3,2
0,4,9.0,18,0,0,1,14,24,0,12
0,4,9.0,18,0,8,0,10,22,1,12
0,4,9.0,18,0,4,1,9,57,4,12
0,4,17.0,19,1,6,0,0,26,3,6
0,4,17.0,19,1,5,0,14,24,1,6
0,4,17.0,19,1,9,1,3,115,4,6
0,4,19.0,142,4,7,0,4,79,2,10
0,4,25.0,20,2,6,0,7,31,4,13
0,2,2.0,143,4,2,2,8,33,3,22
0,2,9.0,21,4,20,2,2,40,3,12
0,2,9.0,21,4,19,0,2,69,0,12
0,2,9.0,21,4,3,2,13,69,1,12
0,2,9.0,21,4,9,0,16,130,4,12
0,2,24.0,22,5,7,0,6,116,1,14
0,2,24.0,22,5,20,1,11,15,1,14
0,2,24.0,22,5,19,0,13,29,1,14
0,2,26.0,3,3,14,0,12,56,1,3
0,2,26.0,3,3,12,2,4,82,1,3
0,5,8.0,199,0,4,1,1,67,4,8
0,5,15.0,200,0,18,0,7,120,4,1
0,5,8.0,199,0,12,1,9,87,4,8
0,0,2.0,47,6,3,0,9,95,3,22
0,0,9.0,48,6,0,1,5,12,2,12
0,0,18.0,0,0,16,2,11,15,3,0
0,0,18.0,0,0,20,1,2,2,4,0
0,1,23.0,69,2,0,1,15,96,0,17
0,8,7.0,70,4,20,0,10,43,1,11
0,6,14.0,173,2,9,0,15,46,3,5
0,7,16.0,40,4,1,2,6,14,3,2
0,7,25.0,41,6,17,2,2,86,0,13
0,7,25.0,41,6,15,1,9,95,4,13
0,7,25.0,41,6,14,1,14,25,4,13
0,8,9.0,124,6,17,1,14,32,1,12
0,3,15.0,35,6,13,0,10,52,2,1
0,6,8.0,59,4,18,0,0,26,1,8
0,3,30.0,304,3,9,3,4,138,0,19
0,1,31.0,305,4,20,0,9,109,1,20
0,8,14.0,296,4,22,1,11,55,2,5
0,8,11.0,306,0,8,0,6,73,4,9
0,8,7.0,70,4,20,0,5,64,3,11
0,8,15.0,72,5,6,0,11,90,1,1
0,8,15.0,72,5,2,2,4,5,3,1
0,8,15.0,72,5,14,0,2,86,4,1
0,8,15.0,72,5,1,0,0,26,3,1
0,8,16.0,73,6,3,2,10,22,3,2
0,8,16.0,73,6,13,0,13,38,2,2
0,8,16.0,73,6,20,1,4,4,4,2
0,6,9.0,236,5,20,3,6,7,0,12
0,0,25.0,281,0,19,2,13,29,3,13
0,2,1.0,16,2,1,2,8,33,3,7
0,6,9.0,236,5,13,1,8,118,4,12
0,0,28.0,249,4,0,0,0,0,3,18
0,2,8.0,258,2,6,1,2,92,0,8
0,6,15.0,49,4,13,1,9,95,1,1
0,0,28.0,249,4,22,1,14,34,4,18
0,2,11.0,297,6,5,0,10,47,1,9
0,6,24.0,31,6,15,1,2,92,1,14
0,0,28.0,249,4,1,0,10,47,0,18
1,5,2.0,307,0,5,0,12,93,3,22
0,6,24.0,31,6,14,1,3,30,0,14
0,0,28.0,249,4,1,3,9,57,0,18
0,2,21.0,108,1,2,0,1,11,4,21
0,10,17.0,256,0,6,1,2,86,1,6
1,1,23.0,69,1,9,2,8,41,3,17
1,2,23.0,230,2,19,1,10,23,1,17
0,10,17.0,256,0,19,0,9,54,4,6
1,1,30.0,100,1,12,1,9,102,4,19
1,5,10.0,155,1,1,1,14,25,0,4
1,5,1.0,109,3,2,1,0,64,1,7
1,5,1.0,109,3,18,1,4,138,4,7
1,6,18.0,308,6,14,0,10,22,3,0
1,5,1.0,109,3,17,0,13,29,4,7
1,5,28.0,259,6,4,0,2,92,1,18
1,5,28.0,259,6,23,1,0,15,1,18
1,6,1.0,158,2,2,0,3,103,4,7
1,0,2.0,47,5,5,0,7,78,0,22
1,0,20.0,172,1,9,0,10,22,1,29
1,6,28.0,309,1,4,1,11,55,4,18
1,10,11.0,298,0,2,3,8,9,3,9
1,8,10.0,71,6,2,0,4,66,2,4
1,5,1.0,109,3,11,0,10,47,1,7
1,8,1.0,66,4,22,3,13,29,4,7
1,10,3.0,310,3,1,1,12,83,0,27
1,10,28.0,216,4,3,0,11,94,2,18
0,11,9.0,311,0,13,0,9,101,0,12
1,4,12.0,134,2,1,3,12,121,0,28
1,0,27.0,23,1,17,3,14,24,1,15
1,10,28.0,216,4,17,0,13,48,1,18
0,11,13.0,312,5,13,0,2,86,2,25
0,1,26.0,248,6,13,1,9,49,1,3
0,1,27.0,262,3,17,2,15,46,3,15
0,1,26.0,248,6,22,0,10,22,3,3
0,1,26.0,248,6,11,1,0,0,0,3
0,8,8.0,76,5,16,0,8,27,0,8
0,8,8.0,76,5,11,0,14,25,0,8
0,8,8.0,76,5,13,3,9,87,3,8
0,8,19.0,280,1,16,0,0,26,3,10
0,1,11.0,111,5,3,1,13,69,4,9
0,1,11.0,111,5,11,1,13,13,1,9
0,1,28.0,300,0,8,0,9,87,3,18
0,8,4.0,299,0,12,0,13,28,3,30
1,5,28.0,259,6,15,3,5,6,0,18
0,7,13.0,238,0,11,0,4,136,4,25
0,3,3.0,182,0,18,1,9,109,0,27
0,6,27.0,116,1,22,1,10,22,2,15
0,2,15.0,130,2,18,2,9,95,3,1
1,1,26.0,248,5,3,1,3,30,4,3
0,10,17.0,256,0,14,2,2,86,1,6
1,1,26.0,248,5,10,3,11,133,4,3
0,10,17.0,256,0,4,0,8,41,1,6
1,4,4.0,178,1,9,0,12,80,4,30
0,10,24.0,261,0,8,0,9,87,3,14
0,2,15.0,130,2,19,3,4,121,3,1
1,8,19.0,280,0,19,3,14,25,0,10
0,2,21.0,108,1,4,0,4,45,4,21
1,8,19.0,280,0,4,2,15,31,1,10
1,2,13.0,276,3,13,1,2,2,1,25
0,4,12.0,134,4,9,0,5,64,0,28
1,2,12.0,128,6,15,0,1,105,4,28
0,4,23.0,30,0,3,2,7,8,0,17
1,2,12.0,128,6,13,1,14,24,1,28
0,4,23.0,30,0,11,1,9,49,4,17
0,10,24.0,261,0,4,1,10,47,1,14
0,4,29.0,313,3,23,1,0,0,2,16
0,4,30.0,139,0,16,2,6,7,3,19
0,10,22.0,314,6,17,1,3,115,4,26
0,9,5.0,89,3,16,0,1,11,0,24
0,9,5.0,89,3,5,0,13,29,4,24
0,9,8.0,90,2,17,0,15,39,3,8
0,9,8.0,90,2,8,0,13,36,1,8
0,9,8.0,90,2,13,1,4,138,4,8
0,9,5.0,89,3,2,0,10,22,0,24
0,9,22.0,92,2,22,2,12,56,3,26
0,3,9.0,44,3,14,1,8,19,0,12
0,3,14.0,33,5,13,0,14,25,1,5
1,2,8.0,258,1,4,0,14,106,4,8
1,2,8.0,258,1,1,0,11,124,4,8
1,2,16.0,220,2,16,0,16,50,3,2
1,2,16.0,220,2,2,0,2,60,4,2
1,2,16.0,220,2,1,0,6,7,3,2
0,11,6.0,252,5,22,2,13,48,0,23
0,11,6.0,252,5,15,1,2,69,1,23
0,11,6.0,252,5,3,1,2,13,1,23
0,9,6.0,51,0,19,0,5,6,2,23
0,9,7.0,271,1,11,0,5,6,2,11
0,9,7.0,271,1,6,1,5,0,1,11
0,9,24.0,272,5,15,0,4,75,2,14
0,7,5.0,204,3,6,2,2,2,3,24
0,7,5.0,204,3,17,1,4,5,0,24
0,7,5.0,204,3,8,2,8,27,3,24
0,7,5.0,204,3,8,1,8,41,4,24
0,7,9.0,273,4,7,1,7,8,0,12
0,7,9.0,273,4,14,0,2,13,1,12
0,7,15.0,205,2,5,1,14,88,4,1
0,7,15.0,205,2,19,0,6,89,0,1
0,7,23.0,202,4,17,0,1,11,4,17
0,7,24.0,68,5,15,1,1,105,4,14
0,3,7.0,289,5,8,0,8,41,2,11
1,0,22.0,241,4,23,0,14,32,4,26
1,0,22.0,241,4,22,0,11,15,0,26
0,11,22.0,250,3,4,0,15,39,3,26
1,0,23.0,237,5,0,0,2,2,1,17
1,0,23.0,237,5,7,1,0,53,0,17
0,7,22.0,211,2,18,1,5,12,0,26
0,7,14.0,125,1,16,0,14,34,0,5
0,4,23.0,30,0,13,3,2,13,2,17
0,4,30.0,139,0,9,2,2,60,1,19
0,2,4.0,254,6,7,2,10,47,3,30
0,2,3.0,282,5,3,0,10,22,0,27
0,2,4.0,254,6,19,0,3,76,1,30
0,10,17.0,256,0,21,2,14,34,3,6
0,1,1.0,203,1,5,1,10,22,4,7
0,1,1.0,203,1,19,0,1,35,4,7
0,1,1.0,203,1,4,0,15,46,3,7
0,1,7.0,32,0,20,0,6,89,3,11
0,1,7.0,32,0,14,0,2,40,3,11
0,1,7.0,32,0,1,0,5,6,3,11
1,1,22.0,164,0,18,3,6,7,0,26
0,0,18.0,0,0,1,0,5,12,1,0
1,2,22.0,209,1,22,0,4,138,4,26
0,11,5.0,240,4,5,0,10,22,2,24
0,11,22.0,250,3,16,2,0,53,3,26
0,9,6.0,51,0,2,0,13,38,4,23
0,9,24.0,272,5,18,0,2,69,4,14
0,7,5.0,204,3,21,0,10,47,0,24
0,7,5.0,204,3,2,2,15,96,3,24
0,7,23.0,202,4,17,1,7,111,0,17
0,7,23.0,202,4,8,0,13,69,2,17
0,7,24.0,68,5,0,1,9,27,0,14
0,7,24.0,68,5,12,0,5,6,3,14
0,3,7.0,289,5,10,2,15,51,3,11
1,2,7.0,153,0,1,0,6,7,1,11
1,2,7.0,153,0,11,1,11,18,1,11
1,2,8.0,258,1,17,0,2,69,0,8
1,2,8.0,258,1,19,0,15,46,0,8
1,2,16.0,220,2,0,2,5,12,0,2
0,11,7.0,253,6,0,1,16,37,1,11
0,11,8.0,283,3,0,1,14,131,0,8
1,9,28.0,315,0,17,0,12,56,1,18
1,2,8.0,258,1,13,0,0,64,3,8
0,3,14.0,33,5,11,0,8,9,2,5
0,11,7.0,253,6,2,0,3,79,3,11
0,11,14.0,147,6,15,1,3,44,4,5
0,11,24.0,194,1,17,1,1,67,0,14
0,3,7.0,289,5,14,0,5,6,1,11
0,3,7.0,289,5,19,0,2,86,1,11
0,3,16.0,263,3,11,0,13,38,2,2
0,3,22.0,166,6,20,0,13,36,2,26
0,3,22.0,166,6,3,1,2,92,1,26
0,3,22.0,166,6,1,0,5,12,3,26
0,5,1.0,109,0,12,0,6,7,3,7
0,5,6.0,277,6,13,1,15,39,1,23
0,3,7.0,289,5,14,0,9,95,0,11
0,3,7.0,289,5,9,0,9,95,4,11
0,3,8.0,148,6,6,1,7,78,0,8
0,3,8.0,148,6,11,1,4,5,1,8
0,3,8.0,148,6,1,0,8,41,3,8
0,3,22.0,166,6,0,1,4,45,0,26
0,5,1.0,109,0,16,0,11,15,3,7
0,5,1.0,109,0,23,1,7,57,4,7
0,9,13.0,91,0,20,1,4,82,1,25
0,7,8.0,94,2,15,0,6,89,4,8
0,3,15.0,35,6,18,0,10,12,1,1
0,3,15.0,35,6,22,0,5,6,2,1
0,7,1.0,98,2,2,1,1,105,2,7
0,7,3.0,269,5,3,0,8,118,3,27
0,7,21.0,81,1,16,2,9,95,3,21
0,7,26.0,316,3,22,0,8,9,2,3
1,9,1.0,126,1,23,0,9,83,4,7
0,6,13.0,317,1,19,0,4,75,1,25
0,1,6.0,97,3,14,1,6,7,0,23
0,1,6.0,97,3,17,3,8,19,3,23
0,1,6.0,97,3,11,0,4,75,4,23
1,8,19.0,280,0,3,0,10,43,2,10
0,5,6.0,277,6,14,0,10,47,1,23
0,3,1.0,180,6,8,0,10,12,1,7
0,11,28.0,123,6,4,0,2,40,4,18
0,10,29.0,318,6,21,0,12,104,3,16
0,7,5.0,204,3,8,0,2,2,2,24
0,3,8.0,148,6,12,0,13,28,3,8
1,8,20.0,319,1,20,0,11,15,1,29
0,9,9.0,320,4,20,1,14,107,4,12
1,8,20.0,319,1,8,0,5,6,0,29
0,3,12.0,104,2,13,0,6,89,1,28
1,8,20.0,319,1,3,0,1,16,3,29
1,8,20.0,319,1,19,0,10,12,3,29
1,2,19.0,137,6,20,1,14,25,4,10
0,6,1.0,158,4,0,1,10,22,0,7
0,6,1.0,158,4,20,1,1,67,4,7
0,6,7.0,169,2,18,0,8,9,1,11
0,6,9.0,236,5,16,0,5,6,3,12
0,6,9.0,236,5,5,0,5,6,0,12
0,6,9.0,236,5,12,0,13,48,3,12
0,6,9.0,236,5,8,0,5,6,0,12
0,6,9.0,236,5,13,1,16,72,4,12
0,6,7.0,169,2,0,0,14,24,0,11
0,6,15.0,49,4,13,0,8,27,2,1
0,6,15.0,49,4,4,0,8,118,1,1
0,6,15.0,49,4,9,0,8,27,3,1
0,6,15.0,49,4,12,0,0,26,0,1
0,6,15.0,49,4,6,3,9,101,4,1
0,10,17.0,256,0,13,2,6,89,3,6
0,10,17.0,256,0,4,0,2,13,1,6
0,10,17.0,256,0,18,0,10,47,3,6
0,10,24.0,261,0,23,0,1,11,0,14
0,10,24.0,261,0,2,0,0,64,0,14
0,10,24.0,261,0,12,0,12,121,1,14
0,10,24.0,261,0,4,0,13,28,1,14
0,1,7.0,32,0,6,0,13,28,3,11
0,1,7.0,32,0,14,0,0,26,3,11
1,8,27.0,78,1,16,0,11,18,3,15
1,8,27.0,78,1,2,2,6,89,0,15
1,8,28.0,224,2,13,0,9,10,0,18
1,4,2.0,141,3,12,3,3,115,1,22
1,4,2.0,141,3,1,0,8,27,4,22
1,4,4.0,178,1,16,0,10,23,3,30
1,4,9.0,18,3,4,1,8,41,0,12
1,4,10.0,79,0,20,0,4,66,2,4
1,4,10.0,79,0,15,1,15,39,4,4
1,4,10.0,79,0,19,0,13,13,1,4
1,4,11.0,121,1,5,1,12,80,1,9
1,4,11.0,121,1,12,0,4,75,1,9
1,4,19.0,142,2,6,0,0,53,3,10
1,4,19.0,142,2,3,0,4,82,1,10
1,4,19.0,142,2,9,0,2,35,4,10
1,4,19.0,142,2,12,0,6,91,3,10
0,11,19.0,321,4,2,0,0,31,2,10
0,11,27.0,322,5,16,0,14,125,0,15
0,11,28.0,123,6,16,0,1,67,1,18
0,11,27.0,322,5,1,0,4,138,3,15
0,6,1.0,158,4,8,0,1,81,0,7
0,6,1.0,158,4,22,0,3,30,1,7
0,6,1.0,158,4,12,0,3,79,3,7
0,6,1.0,158,4,4,0,1,11,1,7
0,6,7.0,169,2,15,0,8,9,4,11
0,6,7.0,169,2,12,0,14,32,0,11
0,6,9.0,236,5,23,0,12,80,1,12
0,6,9.0,236,5,22,0,5,12,3,12
0,6,9.0,236,5,22,2,10,47,0,12
0,6,9.0,236,5,12,0,13,38,3,12
0,6,15.0,49,4,13,0,2,86,0,1
0,6,7.0,169,2,23,1,7,120,0,11
0,6,15.0,49,4,8,0,6,91,1,1
0,6,24.0,31,6,11,0,5,6,3,14
0,6,24.0,31,6,11,0,4,121,2,14
0,10,17.0,256,0,20,0,5,6,2,6
0,10,17.0,256,0,2,0,8,27,4,6
0,10,24.0,261,0,22,0,10,22,2,14
0,11,27.0,322,5,11,0,13,99,2,15
0,11,29.0,270,3,0,0,16,74,3,16
0,9,2.0,323,4,0,0,10,12,1,22
0,9,9.0,320,4,6,1,11,90,0,12
0,9,9.0,320,4,13,0,8,19,3,12
0,9,9.0,320,4,13,0,1,35,4,12
0,9,9.0,320,4,12,0,1,84,2,12
0,3,5.0,324,2,17,0,4,82,1,24
0,3,5.0,324,2,0,1,11,124,4,24
0,3,5.0,324,2,14,2,8,27,0,24
0,9,2.0,323,4,16,0,4,66,1,22
0,3,5.0,324,2,1,2,8,118,3,24
0,5,9.0,206,1,15,0,15,114,1,12
0,7,5.0,204,3,8,0,2,92,2,24
0,9,11.0,52,6,10,1,12,121,1,9
0,3,7.0,289,5,11,1,14,25,1,11
0,3,13.0,210,4,6,0,12,100,3,25
0,3,10.0,4,0,8,1,11,18,4,4
0,3,19.0,138,2,17,0,10,47,3,10
0,4,19.0,142,4,8,0,9,93,0,10
0,4,25.0,20,2,2,0,3,70,1,13
0,4,25.0,20,2,4,0,14,25,2,13
0,4,25.0,20,2,14,0,4,121,2,13
0,4,25.0,20,2,18,0,5,12,1,13
0,2,2.0,143,4,8,1,8,9,1,22
0,2,9.0,21,4,1,0,0,96,1,12
0,2,24.0,22,5,15,2,2,40,2,14
0,2,24.0,22,5,1,0,13,21,1,14
0,2,26.0,3,3,17,0,5,6,1,3
0,2,26.0,3,3,8,0,4,79,2,3
0,2,26.0,3,3,19,0,12,80,0,3
0,2,26.0,3,3,1,0,11,117,3,3
0,0,2.0,47,6,6,0,15,39,3,22
0,0,2.0,47,6,3,0,5,12,0,22
0,0,2.0,47,6,12,0,10,12,3,22
0,0,9.0,48,6,9,1,14,24,4,12
0,1,15.0,1,1,12,0,14,25,3,1
0,1,15.0,1,1,4,0,8,41,4,1
0,1,23.0,69,2,16,0,2,2,3,17
0,1,23.0,69,2,13,2,0,96,3,17
0,3,19.0,138,2,19,0,13,48,0,10
0,3,29.0,325,6,12,0,6,89,1,16
0,3,29.0,325,6,22,2,1,105,3,16
0,3,29.0,325,6,2,2,16,37,3,16
0,5,5.0,96,5,6,0,8,19,4,24
0,5,11.0,326,4,6,0,3,115,4,9
0,5,12.0,327,5,0,1,6,7,0,28
0,5,18.0,195,4,4,2,3,44,3,0
0,5,18.0,195,4,13,1,13,99,4,0
0,5,27.0,328,6,10,0,10,22,2,15
0,5,27.0,328,6,19,0,4,75,1,15
0,5,27.0,328,6,12,0,13,48,3,15
0,6,13.0,317,1,2,1,4,66,4,25
0,6,14.0,173,2,17,1,9,9,4,5
0,6,14.0,173,2,12,0,16,72,3,5
0,6,28.0,309,2,0,0,10,47,3,18
0,7,10.0,329,5,18,0,14,24,3,4
0,7,19.0,330,3,20,1,3,79,1,10
0,7,19.0,330,3,22,0,1,35,0,10
0,7,19.0,330,3,14,0,15,85,0,10
0,7,19.0,330,3,10,1,13,13,1,10
0,7,21.0,81,1,16,0,12,17,2,21
0,7,21.0,81,1,23,0,2,40,2,21
0,7,21.0,81,1,3,0,0,53,0,21
0,7,26.0,316,3,20,0,0,12,4,3
0,7,26.0,316,3,15,1,1,1,4,3
0,7,27.0,53,0,20,1,12,80,4,15
0,7,29.0,268,2,0,0,11,18,3,16
0,7,29.0,268,2,0,1,13,48,0,16
0,7,29.0,268,2,22,0,1,59,1,16
0,7,29.0,268,2,19,0,10,23,3,16
0,3,4.0,285,1,22,0,3,103,2,30
0,3,5.0,324,2,20,0,15,31,0,24
0,3,5.0,324,2,5,0,7,78,0,24
0,3,5.0,324,2,13,0,8,19,4,24
0,3,4.0,285,1,16,1,7,62,4,30
0,3,5.0,324,2,19,2,13,29,3,24
0,3,5.0,324,2,9,2,8,65,0,24
0,1,6.0,97,3,11,1,3,115,1,23
0,7,29.0,268,2,3,0,11,117,3,16
0,7,29.0,268,2,1,0,13,21,4,16
0,3,1.0,180,6,14,0,8,41,3,7
0,1,23.0,69,2,8,0,6,14,4,17
0,8,10.0,71,3,23,0,0,26,2,4
0,8,10.0,71,3,2,2,2,69,3,4
0,8,10.0,71,3,22,1,15,39,4,4
0,8,15.0,72,5,8,0,4,45,2,1
0,8,16.0,73,6,12,2,6,7,3,2
0,8,17.0,74,3,16,0,14,107,1,6
0,8,17.0,74,3,5,0,1,100,3,6
0,8,16.0,73,6,19,1,9,109,0,2
0,8,17.0,74,3,18,0,0,26,0,6
0,8,18.0,75,0,7,1,6,14,0,0
0,8,18.0,75,0,14,1,13,28,1,0
0,8,18.0,75,0,18,0,2,2,1,0
0,8,25.0,86,0,17,0,3,30,3,13
0,8,25.0,86,0,23,0,15,39,3,13
0,8,25.0,86,0,13,0,10,22,0,13
0,8,25.0,86,0,2,1,15,114,1,13
0,8,25.0,86,0,18,0,5,6,0,13
0,1,7.0,32,0,13,1,13,123,4,11
0,3,4.0,285,1,14,0,13,48,3,30
0,9,2.0,323,4,4,0,6,7,4,22
1,2,27.0,136,3,16,1,14,34,0,15
0,3,22.0,166,6,13,1,11,124,4,26
0,7,5.0,204,3,11,1,9,93,1,24
0,7,1.0,98,2,16,0,13,13,0,7
1,11,15.0,331,6,3,0,2,71,4,1
0,3,10.0,4,0,17,1,13,28,0,4
0,9,9.0,320,4,23,0,13,28,4,12
0,5,20.0,214,6,4,0,13,48,3,29
0,5,5.0,96,5,15,1,12,61,1,24
0,7,9.0,273,4,20,1,13,28,4,12
0,3,10.0,4,0,20,1,9,63,1,4
0,7,1.0,98,2,0,1,14,25,0,7
0,3,22.0,166,6,4,0,1,16,4,26
0,9,9.0,320,4,17,0,8,9,1,12
0,7,20.0,266,0,1,1,13,38,4,29
0,5,5.0,96,5,1,1,12,61,4,24
0,7,15.0,205,2,0,1,14,32,4,1
0,3,19.0,138,2,4,0,0,53,0,10
0,7,1.0,98,2,1,0,0,85,1,7
0,5,1.0,109,0,21,1,9,93,4,7
1,2,30.0,131,2,2,3,14,25,0,19
1,4,24.0,27,0,2,1,4,121,1,14
1,2,30.0,131,2,12,0,10,47,1,19
0,5,1.0,109,0,11,0,5,6,2,7
0,5,1.0,109,0,20,1,1,11,4,7
0,5,6.0,277,6,11,0,11,6,3,23
0,5,9.0,206,1,18,0,13,123,4,12
0,5,9.0,206,1,17,0,16,50,1,12
0,5,16.0,239,1,6,0,2,92,0,2
0,5,16.0,239,1,13,0,2,2,4,2
0,5,16.0,239,1,22,0,3,79,1,2
0,5,16.0,239,1,12,3,5,6,0,2
0,5,23.0,168,1,1,0,7,78,4,17
0,6,1.0,158,4,13,1,9,93,4,7
0,6,1.0,158,4,2,2,1,105,3,7
0,8,15.0,72,5,12,2,15,46,3,1
0,8,15.0,72,5,19,0,8,41,0,1
0,5,9.0,206,1,12,0,7,120,4,12
0,6,9.0,236,5,13,3,7,20,4,12
0,8,16.0,73,6,0,0,7,129,1,2
0,8,16.0,73,6,16,1,11,55,4,2
0,8,16.0,73,6,15,0,1,11,4,2
0,8,16.0,73,6,21,1,1,105,0,2
0,8,16.0,73,6,15,1,2,13,1,2
0,8,16.0,73,6,4,0,9,95,1,2
1,2,19.0,137,6,6,2,2,92,0,10
1,2,19.0,137,6,12,0,13,13,1,10
1,2,19.0,137,6,18,1,11,8,4,10
1,2,27.0,136,3,19,0,6,73,0,15
1,2,27.0,136,3,5,0,4,4,1,15
0,11,18.0,332,2,9,0,16,50,1,0
0,11,19.0,321,4,6,1,5,12,0,10
0,11,27.0,322,5,20,0,15,31,4,15
0,7,27.0,53,0,21,0,2,123,0,15
0,7,27.0,53,0,9,0,6,73,3,15
0,7,29.0,268,2,5,0,8,33,4,16
0,3,1.0,180,6,3,1,2,2,1,7
0,3,4.0,285,1,0,1,9,49,2,30
0,3,4.0,285,1,15,0,13,28,3,30
0,3,10.0,4,0,6,0,15,31,3,4
0,3,10.0,4,0,13,0,6,7,2,4
0,3,10.0,4,0,8,0,8,41,2,4
0,7,21.0,81,1,6,0,5,12,0,21
0,3,19.0,138,2,0,2,14,126,3,10
0,3,19.0,138,2,16,2,6,89,1,10
0,3,19.0,138,2,18,0,8,118,1,10
0,3,29.0,325,6,22,2,8,27,1,16
0,8,16.0,73,6,1,0,1,59,1,2
0,8,16.0,73,6,9,0,13,29,4,2
0,8,15.0,72,5,20,0,7,62,2,1
0,8,17.0,74,3,13,1,11,98,4,6
0,8,18.0,75,0,12,0,2,2,1,0
0,8,18.0,75,0,4,0,13,29,1,0
0,8,18.0,75,0,20,1,7,62,1,0
0,8,24.0,85,3,10,0,2,92,1,14
0,8,24.0,85,3,2,1,10,22,0,14
0,8,25.0,86,0,15,0,3,44,1,13
0,4,1.0,144,3,20,0,11,98,0,7
0,4,1.0,144,3,12,0,15,31,1,7
0,4,1.0,144,3,12,2,12,104,3,7
0,4,2.0,141,0,8,0,0,26,2,22
0,4,2.0,141,0,4,0,1,67,1,22
0,4,2.0,141,0,18,0,14,24,0,22
0,4,9.0,18,0,17,0,12,61,3,12
0,4,9.0,18,0,11,1,14,25,4,12
0,4,9.0,18,0,8,0,10,47,0,12
0,4,9.0,18,0,18,1,1,1,1,12
0,4,19.0,142,4,0,0,14,131,3,10
0,3,29.0,325,6,15,1,14,34,4,16
0,5,5.0,96,5,13,0,6,7,0,24
0,5,5.0,96,5,18,2,11,0,0,24
0,5,11.0,326,4,4,2,16,37,1,9
0,5,12.0,327,5,0,2,10,23,3,28
0,5,12.0,327,5,13,0,14,24,1,28
0,5,12.0,327,5,15,0,8,41,1,28
0,5,12.0,327,5,2,0,4,82,1,28
0,5,12.0,327,5,22,2,8,9,3,28
0,5,11.0,326,4,14,0,15,51,3,9
0,3,1.0,180,6,16,0,10,6,3,7
0,3,1.0,180,6,4,0,2,86,1,7
0,3,1.0,180,6,3,1,3,79,1,7
0,3,1.0,180,6,12,0,6,89,3,7
0,3,4.0,285,1,18,0,16,72,4,30
0,3,4.0,285,1,22,1,0,0,4,30
0,3,4.0,285,1,9,2,7,62,3,30
0,10,12.0,333,2,13,0,3,79,1,28
0,11,19.0,321,4,17,1,3,79,1,10
0,9,1.0,126,2,17,0,11,133,1,7
0,11,19.0,321,4,5,0,11,133,0,10
0,7,15.0,205,2,21,1,7,122,0,1
0,7,1.0,98,2,14,0,15,39,2,7
0,8,6.0,87,2,9,1,6,89,2,23
0,9,9.0,320,4,18,2,4,66,3,12
0,11,19.0,321,4,15,1,10,52,1,10
1,2,27.0,136,3,1,0,2,2,3,15
0,3,19.0,138,2,18,0,0,12,1,10
0,7,19.0,330,3,8,0,2,123,3,10
0,8,6.0,87,2,1,3,1,59,3,23
0,7,3.0,269,5,23,0,10,47,2,27
0,9,11.0,52,6,22,0,9,63,2,9
1,0,1.0,8,4,17,0,10,43,1,7
0,7,23.0,202,4,11,1,6,73,4,17
0,7,1.0,98,2,8,0,15,46,1,7
0,11,1.0,222,3,2,0,10,23,1,7
0,9,11.0,52,6,9,0,9,109,1,9
1,0,1.0,8,4,20,1,13,69,4,7
0,7,23.0,202,4,1,0,7,20,1,17
0,7,23.0,202,4,4,0,5,6,0,17
0,7,24.0,68,5,11,0,8,118,1,14
0,7,24.0,68,5,5,0,5,6,1,14
0,7,24.0,68,5,23,1,11,18,1,14
0,9,6.0,51,0,0,0,2,40,1,23
0,7,15.0,205,2,19,0,2,86,3,1
0,6,24.0,31,6,1,1,0,53,4,14
0,6,24.0,31,6,9,0,13,29,3,14
0,10,17.0,256,0,17,1,1,105,0,6
0,10,17.0,256,0,2,0,0,64,3,6
0,10,17.0,256,0,14,0,7,20,3,6
0,10,17.0,256,0,18,0,16,74,1,6
1,2,1.0,16,1,21,0,16,72,1,7
1,2,1.0,16,1,19,0,4,45,0,7
1,2,3.0,282,4,11,0,0,26,2,27
1,2,3.0,282,4,3,1,14,88,4,27
1,2,29.0,140,1,6,0,8,27,3,16
1,0,3.0,334,6,13,2,0,26,1,27
1,0,3.0,334,6,22,0,10,22,3,27
1,0,3.0,334,6,15,1,9,49,1,27
1,0,10.0,129,6,13,0,14,126,3,4
1,0,10.0,129,6,19,0,1,16,1,4
1,0,18.0,0,3,4,2,4,4,3,0
1,0,18.0,0,3,23,1,1,35,1,0
1,0,19.0,13,0,18,2,4,45,2,10
1,0,21.0,287,2,0,0,12,80,1,21
1,0,21.0,287,2,20,0,7,62,1,21
1,0,19.0,13,0,1,0,15,46,1,10
1,0,30.0,228,5,3,1,13,48,4,19
0,11,1.0,222,3,21,0,12,84,2,7
0,11,2.0,265,0,0,0,3,30,1,22
0,5,30.0,294,1,13,3,10,22,3,19
0,11,2.0,265,0,19,2,16,72,2,22
0,11,3.0,288,1,13,0,15,51,3,27
0,11,3.0,288,1,9,2,5,64,1,27
0,10,24.0,261,0,13,0,10,47,0,14
0,10,24.0,261,0,18,0,16,72,1,14
0,10,24.0,261,0,20,1,12,135,4,14
0,10,24.0,261,0,1,0,15,46,3,14
0,1,1.0,203,1,13,0,2,3,3,7
0,1,7.0,32,0,6,0,0,26,3,11
0,1,7.0,32,0,9,0,4,82,3,11
0,1,7.0,32,0,14,2,2,86,3,11
0,1,9.0,50,2,20,0,0,77,3,12
0,6,1.0,158,4,13,3,14,34,4,7
0,1,10.0,17,4,6,0,7,111,0,4
0,1,7.0,32,0,19,1,14,88,4,11
0,1,10.0,17,4,21,1,9,87,0,4
0,1,10.0,17,4,23,0,13,29,1,4
0,1,15.0,1,1,21,1,16,72,1,1
0,1,15.0,1,1,13,0,4,5,1,1
0,1,15.0,1,1,3,0,1,11,4,1
0,1,15.0,1,1,22,0,3,44,0,1
0,1,15.0,1,1,8,0,2,86,4,1
0,1,16.0,2,2,11,1,3,30,4,2
0,1,16.0,2,2,23,1,16,72,0,2
0,1,16.0,2,2,13,2,2,86,1,2
0,1,16.0,2,2,2,0,4,121,1,2
0,1,16.0,2,2,1,1,13,99,1,2
0,1,9.0,50,2,16,0,5,6,3,12
0,1,23.0,69,2,0,0,2,86,1,17
0,1,23.0,69,2,16,0,10,47,3,17
0,1,23.0,69,2,5,1,4,136,4,17
0,1,23.0,69,2,6,0,0,12,0,17
0,1,23.0,69,2,1,0,2,2,1,17
0,8,7.0,70,4,6,0,1,11,3,11
0,8,7.0,70,4,0,0,0,53,1,11
0,8,10.0,71,3,21,2,10,22,3,4
0,8,7.0,70,4,17,0,3,30,4,11
0,8,10.0,71,3,13,0,7,62,2,4
0,8,15.0,72,5,22,1,2,40,4,1
0,5,16.0,239,1,12,1,13,13,4,2
0,6,1.0,158,4,21,1,6,14,0,7
0,6,1.0,158,4,13,1,12,80,4,7
0,9,9.0,320,4,11,0,10,23,1,12
0,9,11.0,52,6,8,0,4,75,3,9
0,9,11.0,52,6,19,2,8,19,3,9
0,7,1.0,98,2,12,2,6,89,0,7
0,7,3.0,269,5,5,1,13,28,1,27
0,7,1.0,98,2,17,0,9,49,1,7
0,7,10.0,329,5,3,3,8,27,2,4
1,0,1.0,8,4,22,0,2,60,2,7
0,8,14.0,296,4,19,3,14,24,4,5
0,3,29.0,325,6,6,1,0,64,1,16
0,9,11.0,52,6,19,0,4,82,1,9
0,7,10.0,329,5,3,0,11,8,3,4
0,3,29.0,325,6,2,0,2,29,3,16
1,0,28.0,249,2,16,0,8,118,1,18
0,8,30.0,103,6,19,1,1,105,0,19
0,7,19.0,330,3,17,0,2,3,4,10
0,7,1.0,98,2,6,2,4,121,1,7
0,7,10.0,329,5,22,1,12,17,4,4
0,3,29.0,325,6,18,2,12,100,0,16
1,0,28.0,249,2,21,1,9,27,0,18
0,8,30.0,103,6,22,2,16,130,3,19
0,7,21.0,81,1,21,0,8,27,1,21
0,7,1.0,98,2,16,0,8,41,1,7
0,7,19.0,330,3,17,0,9,102,1,10
0,3,29.0,325,6,3,0,4,82,3,16
1,0,28.0,249,2,4,2,5,12,3,18
0,8,21.0,46,4,18,0,3,76,1,21
0,7,3.0,269,5,17,1,2,13,0,27
0,7,19.0,330,3,7,0,0,26,1,10
0,7,19.0,330,3,1,0,15,31,0,10
0,7,19.0,330,3,14,2,1,105,0,10
0,8,16.0,73,6,1,0,13,21,1,2
0,8,17.0,74,3,20,0,12,56,3,6
0,8,18.0,75,0,13,2,9,63,3,0
0,8,18.0,75,0,4,0,14,34,3,0
0,8,18.0,75,0,11,1,1,35,4,0
0,8,7.0,70,4,9,0,8,9,4,11
0,8,10.0,71,3,16,1,5,6,0,4
0,8,15.0,72,5,23,0,5,12,1,1
0,8,15.0,72,5,1,2,8,19,3,1
0,8,16.0,73,6,6,2,12,56,0,2
0,8,16.0,73,6,17,0,10,23,1,2
0,8,15.0,72,5,1,1,16,72,4,1
0,8,16.0,73,6,8,1,7,137,1,2
0,8,24.0,85,3,18,0,2,92,3,14
0,8,18.0,75,0,8,0,16,130,3,0
0,8,16.0,73,6,13,3,9,27,0,2
0,8,25.0,86,0,8,1,5,6,0,13
0,4,1.0,144,3,23,0,10,23,3,7
0,4,1.0,144,3,12,0,3,79,1,7
0,4,2.0,141,0,16,2,6,89,3,22
0,4,9.0,18,0,20,0,4,75,2,12
0,4,9.0,18,0,5,0,3,79,1,12
0,7,21.0,81,1,9,0,0,15,4,21
0,7,21.0,81,1,18,0,1,35,2,21
0,7,26.0,316,3,12,2,9,93,0,3
0,7,27.0,53,0,8,0,13,29,1,15
0,7,27.0,53,0,8,0,9,10,0,15
0,7,27.0,53,0,12,0,12,17,4,15
0,7,29.0,268,2,4,0,0,26,2,16
0,5,27.0,328,6,6,1,16,74,1,15
0,5,27.0,328,6,22,0,10,52,1,15
0,5,29.0,24,0,21,2,0,77,1,16
0,5,29.0,24,0,2,0,12,80,3,16
0,5,29.0,24,0,4,0,13,38,2,16
0,6,13.0,317,1,15,0,13,99,0,25
0,6,14.0,173,2,16,0,11,133,4,5
0,6,14.0,173,2,6,1,1,59,2,5
0,6,14.0,173,2,7,0,4,4,3,5
0,6,14.0,173,2,11,0,1,11,1,5
0,6,14.0,173,2,3,2,1,59,3,5
0,6,14.0,173,2,22,0,14,32,1,5
0,6,28.0,309,2,7,0,14,131,1,18
0,6,28.0,309,2,15,0,13,38,4,18
0,6,28.0,309,2,8,1,0,53,4,18
0,4,9.0,18,0,21,1,13,21,1,12
0,4,9.0,18,0,13,0,11,15,3,12
0,4,9.0,18,0,8,1,12,56,4,12
0,4,17.0,19,1,13,0,0,68,3,6
0,4,17.0,19,1,15,0,9,49,2,6
0,4,17.0,19,1,4,0,10,22,3,6
0,4,17.0,19,1,4,1,6,128,4,6
0,8,18.0,75,0,4,2,2,69,3,0
0,8,24.0,85,3,8,0,8,41,1,14
0,8,24.0,85,3,6,1,14,25,0,14
0,8,25.0,86,0,0,2,14,131,3,13
0,8,25.0,86,0,6,0,5,12,3,13
0,4,1.0,144,3,4,0,5,6,2,7
0,4,9.0,18,0,15,0,5,6,3,12
0,4,9.0,18,0,4,0,12,104,4,12
0,4,17.0,19,1,19,0,1,11,1,6
0,4,17.0,19,1,4,0,3,76,1,6
0,4,19.0,142,4,6,0,2,2,3,10
0,4,19.0,142,4,11,0,2,86,4,10
0,4,19.0,142,4,3,0,5,6,2,10
0,4,19.0,142,4,22,0,0,0,3,10
0,6,29.0,335,4,8,0,3,76,4,16
0,10,5.0,336,2,17,0,8,118,0,24
0,10,5.0,336,2,16,0,13,13,3,24
0,10,5.0,336,2,9,0,12,61,4,24
0,10,5.0,336,2,18,1,15,51,4,24
0,10,11.0,298,1,13,1,1,11,0,9
0,10,11.0,298,1,18,0,2,69,0,9
0,3,5.0,324,2,9,0,13,29,1,24
0,3,10.0,4,0,1,0,4,75,1,4
0,8,30.0,103,6,1,3,6,7,0,19
0,7,19.0,330,3,6,0,2,2,1,10
0,1,9.0,50,2,6,0,2,92,1,12
0,5,12.0,327,5,5,0,0,85,1,28
1,8,27.0,78,1,22,3,9,95,1,15
0,4,3.0,279,1,17,1,12,135,4,27
1,8,24.0,85,6,2,0,6,116,4,14
1,8,30.0,103,5,18,1,13,69,0,19
1,0,5.0,122,0,17,0,13,21,4,24
1,4,31.0,67,0,17,0,10,47,1,20
1,4,15.0,132,6,17,3,1,35,1,1
1,9,14.0,106,0,1,2,13,29,3,5
1,9,14.0,106,0,19,1,11,117,0,5
1,8,16.0,73,5,20,1,12,61,1,2
1,5,6.0,277,5,4,3,5,12,0,23
1,10,16.0,201,6,12,1,13,48,0,2
1,1,23.0,69,1,8,0,14,25,3,17
1,1,30.0,100,1,1,1,9,27,0,19
1,1,30.0,100,1,18,2,2,40,3,19
1,8,5.0,101,0,22,0,0,77,0,24
1,8,5.0,101,0,23,3,5,64,3,24
1,8,21.0,46,2,17,1,10,22,2,21
1,1,30.0,100,1,4,0,14,88,1,19
1,2,24.0,22,4,2,0,8,33,0,14
1,8,30.0,103,5,8,0,3,70,2,19
1,4,31.0,67,0,11,0,5,6,2,20
0,7,22.0,211,2,14,0,7,20,1,26
1,0,17.0,12,6,5,0,1,11,2,6
0,1,1.0,203,1,9,0,16,50,1,7
0,1,7.0,32,0,2,2,13,48,3,11
0,5,9.0,206,1,23,1,2,13,1,12
0,5,9.0,206,1,9,0,3,44,4,12
0,5,16.0,239,1,16,0,10,12,3,2
0,5,16.0,239,1,15,0,1,67,0,2
0,5,16.0,239,1,14,0,3,30,3,2
0,5,16.0,239,1,3,1,1,1,4,2
0,6,1.0,158,4,0,0,3,44,1,7
0,6,1.0,158,4,0,1,14,24,0,7
0,6,7.0,169,2,6,0,9,134,4,11
0,6,9.0,236,5,18,0,2,92,4,12
0,6,15.0,49,4,15,0,3,44,4,1
0,6,15.0,49,4,2,3,13,48,0,1
0,6,15.0,49,4,5,0,2,40,2,1
0,6,24.0,31,6,13,1,1,1,1,14
0,6,24.0,31,6,19,1,15,112,4,14
0,10,17.0,256,0,22,0,11,94,0,6
0,10,24.0,261,0,14,0,16,113,3,14
0,10,24.0,261,0,14,0,1,11,3,14
0,10,24.0,261,0,9,1,9,63,4,14
0,1,1.0,203,1,10,0,2,86,1,7
0,11,29.0,270,3,15,0,2,86,1,16
0,9,2.0,323,4,21,0,3,115,1,22
0,9,2.0,323,4,20,0,12,135,2,22
0,9,9.0,320,4,13,0,12,61,2,12
0,9,9.0,320,4,2,0,9,54,1,12
0,9,11.0,52,6,1,1,2,13,4,9
0,7,1.0,98,2,16,0,8,27,3,7
0,7,1.0,98,2,2,0,12,84,2,7
0,7,3.0,269,5,4,1,2,86,0,27
0,7,3.0,269,5,9,0,8,27,1,27
0,7,10.0,329,5,5,0,6,7,1,4
0,7,10.0,329,5,19,0,14,25,4,4
0,7,10.0,329,5,1,0,5,64,1,4
0,7,19.0,330,3,9,0,2,71,2,10
0,5,27.0,328,6,13,0,12,104,3,15
0,10,29.0,318,6,18,0,12,121,1,16
0,7,21.0,81,1,17,0,11,15,1,21
0,7,21.0,81,1,20,0,16,72,3,21
0,7,21.0,81,1,5,0,15,51,0,21
0,7,26.0,316,3,23,0,11,90,3,3
0,7,26.0,316,3,3,0,13,13,3,3
0,7,26.0,316,3,12,0,5,12,0,3
1,0,1.0,8,4,3,2,10,47,0,7
1,0,1.0,8,4,11,1,9,63,1,7
1,0,28.0,249,2,17,2,2,86,0,18
1,0,28.0,249,2,13,1,2,69,4,18
1,0,28.0,249,2,19,1,14,34,0,18
0,11,18.0,332,2,16,0,16,139,1,0
0,11,19.0,321,4,1,2,4,45,3,10
0,11,27.0,322,5,0,2,1,11,2,15
0,11,27.0,322,5,12,0,15,31,1,15
0,5,12.0,327,5,0,1,6,7,0,28
0,11,19.0,321,4,4,1,4,75,0,10
0,9,6.0,51,0,8,0,4,121,2,23
0,1,9.0,50,2,12,0,4,66,3,12
0,8,23.0,102,6,17,0,7,62,1,17
0,5,18.0,195,4,5,2,2,69,3,0
1,0,28.0,249,2,4,0,1,59,1,18
0,1,15.0,1,1,17,0,7,20,3,1
0,11,18.0,332,2,17,0,0,12,3,0
0,9,1.0,126,2,14,0,4,127,1,7
0,5,18.0,195,4,8,0,11,55,4,0
0,9,1.0,126,2,17,1,3,103,4,7
0,1,15.0,1,1,10,0,0,64,3,1
0,11,18.0,332,2,0,0,5,6,3,0
0,5,18.0,195,4,12,2,2,69,3,0
0,9,4.0,295,6,2,0,13,38,1,30
0,11,18.0,332,2,7,1,5,6,0,0
0,5,18.0,195,4,1,0,15,46,3,0
0,5,27.0,328,6,0,0,13,38,1,15
0,7,27.0,53,0,6,1,4,4,0,15
0,6,14.0,173,2,14,1,6,89,0,5
0,3,11.0,337,1,0,0,8,9,1,9
0,3,11.0,337,1,18,0,12,100,4,9
0,3,13.0,210,4,13,1,9,49,1,25
0,3,18.0,165,1,17,0,0,68,0,0
0,3,18.0,165,1,21,1,3,103,0,0
0,3,20.0,105,4,8,0,12,61,1,29
0,3,21.0,338,5,17,0,0,77,1,21
0,3,21.0,338,5,16,1,0,15,0,21
0,3,21.0,338,5,5,0,6,128,2,21
0,3,30.0,304,3,16,0,0,64,3,19
0,3,30.0,304,3,22,1,12,83,4,19
0,5,2.0,307,1,10,0,16,50,1,22
0,5,19.0,146,5,5,0,8,9,3,10
0,5,19.0,146,5,3,1,0,85,1,10
0,5,19.0,146,5,17,0,1,105,0,10
0,5,19.0,146,5,9,2,2,2,1,10
0,9,26.0,267,3,19,1,12,121,1,3
0,9,26.0,267,3,14,0,10,47,1,3
0,9,28.0,315,1,9,0,3,115,1,18
0,9,28.0,315,1,20,0,5,6,2,18
0,7,20.0,266,0,1,1,7,8,4,29
0,7,20.0,266,0,18,1,2,69,0,29
0,3,11.0,337,1,2,0,16,113,3,9
0,1,9.0,50,2,17,0,5,12,3,12
0,1,9.0,50,2,6,0,0,77,1,12
0,1,9.0,50,2,17,2,6,7,3,12
0,1,9.0,50,2,1,1,2,86,4,12
0,1,9.0,50,2,14,0,10,12,3,12
0,1,10.0,17,4,21,0,3,44,1,4
0,1,10.0,17,4,7,1,14,32,0,4
0,1,10.0,17,4,20,2,9,63,0,4
0,1,10.0,17,4,11,0,12,84,1,4
0,1,10.0,17,4,22,0,12,84,3,4
0,1,10.0,17,4,8,0,2,13,3,4
0,1,10.0,17,4,9,1,8,27,0,4
0,1,15.0,1,1,7,2,2,92,1,1
0,1,16.0,2,2,16,0,10,47,3,2
0,1,16.0,2,2,9,2,10,22,3,2
0,1,23.0,69,2,0,0,4,75,1,17
0,1,23.0,69,2,16,0,5,6,0,17
0,3,8.0,148,6,3,0,15,46,2,8
0,3,16.0,263,3,7,1,1,67,4,2
0,5,23.0,168,1,18,1,0,64,1,17
0,7,26.0,316,3,11,1,1,81,1,3
0,7,27.0,53,0,3,1,6,7,4,15
0,7,29.0,268,2,4,1,6,73,2,16
0,3,1.0,180,6,15,1,3,79,1,7
0,3,1.0,180,6,5,0,10,23,1,7
0,3,4.0,285,1,17,0,11,124,1,30
0,3,5.0,324,2,17,0,10,22,3,24
0,3,5.0,324,2,19,0,2,71,4,24
0,3,10.0,4,0,10,0,9,49,1,4
0,3,10.0,4,0,19,1,1,11,4,4
0,3,29.0,325,6,4,0,13,38,0,16
0,5,5.0,96,5,3,0,13,99,4,24
0,5,5.0,96,5,14,0,2,40,4,24
0,5,12.0,327,5,19,1,12,56,1,28
0,5,12.0,327,5,8,0,7,20,4,28
0,5,12.0,327,5,14,2,16,74,0,28
0,5,12.0,327,5,12,2,16,42,3,28
0,5,11.0,326,4,11,1,2,13,1,9
0,5,18.0,195,4,21,1,0,26,0,0
0,5,18.0,195,4,19,2,2,40,3,0
0,5,29.0,24,0,17,0,3,44,1,16
0,5,29.0,24,0,7,0,0,85,1,16
0,5,29.0,24,0,16,0,7,78,1,16
0,3,12.0,104,2,6,0,0,0,3,28
0,3,12.0,104,2,15,0,3,30,1,28
0,9,4.0,295,6,1,0,14,24,1,30
0,10,24.0,261,0,3,1,16,72,1,14
0,6,28.0,309,2,3,0,8,41,4,18
0,1,1.0,203,1,16,0,6,7,4,7
0,6,28.0,309,2,0,0,10,47,0,18
0,1,1.0,203,1,15,0,6,89,1,7
0,6,29.0,335,4,17,1,16,37,4,16
0,1,1.0,203,1,5,2,1,16,3,7
0,6,29.0,335,4,19,2,10,47,0,16
0,1,7.0,32,0,15,3,9,57,2,11
0,1,10.0,17,4,6,1,14,32,0,4
0,1,10.0,17,4,16,0,13,38,1,4
0,1,10.0,17,4,23,0,16,139,4,4
0,1,9.0,50,2,22,3,2,69,3,12
0,1,10.0,17,4,22,0,5,64,2,4
0,1,15.0,1,1,6,0,13,38,1,1
0,1,15.0,1,1,6,1,9,93,4,1
0,1,15.0,1,1,20,1,8,118,1,1
0,1,16.0,2,2,22,1,16,113,0,2
0,1,15.0,1,1,19,0,8,9,1,1
0,1,16.0,2,2,4,0,10,47,3,2
0,1,23.0,69,2,19,0,0,64,0,17
0,8,7.0,70,4,8,0,11,117,3,11
0,7,10.0,329,5,20,0,4,45,2,4
0,7,10.0,329,5,2,0,3,79,1,4
0,5,12.0,327,5,17,2,10,22,3,28
0,5,29.0,24,0,23,1,10,52,0,16
0,7,10.0,329,5,19,0,8,118,3,4
0,7,10.0,329,5,8,0,8,27,2,4
1,4,19.0,142,2,3,2,7,122,3,10
1,4,21.0,339,5,16,1,10,22,0,21
1,4,21.0,339,5,20,1,14,126,4,21
0,7,1.0,98,2,17,0,16,50,1,7
1,3,1.0,180,5,17,3,12,56,4,7
1,4,2.0,141,3,19,0,5,12,0,22
1,4,21.0,339,5,4,2,16,37,3,21
0,11,18.0,332,2,2,2,8,9,0,0
1,4,21.0,339,5,14,1,12,83,4,21
1,4,26.0,80,2,15,0,16,37,2,3
1,4,26.0,80,2,2,0,15,51,1,3
1,4,26.0,80,2,19,1,9,49,4,3
1,2,9.0,21,2,4,2,10,47,1,12
1,2,10.0,28,4,6,0,10,47,1,4
1,2,10.0,28,4,14,0,6,91,1,4
1,2,12.0,128,6,5,1,2,13,1,28
0,11,3.0,288,1,12,0,4,127,1,27
0,11,4.0,275,2,10,1,10,22,1,30
0,11,3.0,288,1,12,0,8,27,3,27
0,11,20.0,340,5,1,0,15,39,1,29
0,9,1.0,126,2,0,0,11,6,3,7
0,9,4.0,295,6,10,0,10,47,2,30
0,9,4.0,295,6,5,0,4,66,2,30
0,9,4.0,295,6,4,0,2,40,1,30
0,9,26.0,267,3,23,1,6,7,4,3
0,9,28.0,315,1,17,2,5,12,3,18
0,7,20.0,266,0,4,0,6,128,1,29
0,7,20.0,266,0,1,1,2,92,1,29
0,7,20.0,266,0,18,0,9,101,1,29
0,3,11.0,337,1,17,0,5,12,3,9
0,3,11.0,337,1,22,0,10,12,3,9
1,2,1.0,16,1,11,0,3,79,4,7
0,11,1.0,222,3,17,0,1,11,2,7
0,3,11.0,337,1,9,0,10,47,3,9
0,8,10.0,71,3,17,0,10,47,0,4
0,8,10.0,71,3,13,0,2,92,3,4
0,8,10.0,71,3,1,2,3,79,0,4
0,8,10.0,71,3,12,0,1,1,0,4
0,8,10.0,71,3,18,2,12,80,3,4
0,8,15.0,72,5,23,1,10,22,0,1
0,8,15.0,72,5,8,0,2,2,3,1
0,8,15.0,72,5,1,0,6,7,3,1
0,3,7.0,289,5,17,0,2,2,1,11
0,3,7.0,289,5,13,0,7,129,3,11
0,3,7.0,289,5,8,1,14,24,1,11
0,3,8.0,148,6,23,0,10,47,1,8
0,3,8.0,148,6,5,0,10,12,2,8
0,3,8.0,148,6,5,0,8,33,2,8
0,3,8.0,148,6,14,0,14,25,0,8
0,10,5.0,336,2,23,0,5,64,3,24
0,11,18.0,332,2,14,1,12,61,4,0
0,10,5.0,336,2,0,1,3,76,0,24
0,11,19.0,321,4,2,0,13,29,2,10
0,10,5.0,336,2,22,0,3,115,4,24
0,11,28.0,123,6,5,0,5,64,3,18
0,11,28.0,123,6,1,2,13,28,0,18
0,11,28.0,123,6,1,0,2,40,0,18
0,10,11.0,298,1,16,0,2,13,1,9
0,10,11.0,298,1,16,0,8,33,3,9
0,10,12.0,333,2,8,0,1,11,1,28
0,10,12.0,333,2,1,2,1,67,0,28
0,10,12.0,333,2,1,0,2,13,1,28
0,10,20.0,223,4,22,0,3,30,0,29
0,10,21.0,341,5,6,0,0,77,1,21
0,10,21.0,341,5,20,0,15,112,2,21
0,1,23.0,69,2,0,1,5,64,0,17
0,1,23.0,69,2,20,0,4,4,1,17
0,5,9.0,206,1,5,0,11,58,2,12
0,1,9.0,50,2,11,1,14,25,0,12
0,1,9.0,50,2,2,1,4,5,4,12
0,1,9.0,50,2,18,0,11,18,1,12
0,1,15.0,1,1,10,0,7,78,3,1
0,1,15.0,1,1,18,0,16,72,4,1
0,1,15.0,1,1,14,0,0,64,0,1
0,1,16.0,2,2,15,0,10,47,2,2
0,1,15.0,1,1,4,1,13,99,4,1
0,1,16.0,2,2,2,0,4,121,1,2
0,1,23.0,69,2,16,0,3,30,3,17
0,8,7.0,70,4,14,1,15,46,4,11
0,8,7.0,70,4,14,0,9,87,4,11
0,8,10.0,71,3,13,0,9,93,2,4
0,8,10.0,71,3,3,1,0,64,2,4
0,8,15.0,72,5,8,0,1,59,2,1
0,8,15.0,72,5,8,0,7,120,4,1
0,8,16.0,73,6,4,0,4,45,1,2
0,9,26.0,267,3,16,0,10,47,2,3
0,9,26.0,267,3,5,0,9,134,2,3
0,9,28.0,315,1,21,0,9,134,1,18
0,7,20.0,266,0,1,0,8,9,3,29
0,3,11.0,337,1,17,0,2,69,0,9
0,3,12.0,104,2,16,0,10,47,0,28
0,3,11.0,337,1,1,1,5,6,0,9
0,3,11.0,337,1,4,0,6,7,3,9
0,3,11.0,337,1,8,0,11,15,3,9
0,3,13.0,210,4,11,2,16,50,3,25
0,3,13.0,210,4,13,1,12,83,4,25
0,9,1.0,126,2,18,0,3,44,4,7
0,9,1.0,126,2,14,0,1,11,3,7
0,9,28.0,315,1,4,0,13,48,2,18
0,9,28.0,315,1,19,3,3,44,4,18
0,6,5.0,342,0,5,0,16,113,2,24
0,3,18.0,165,1,9,1,9,10,4,0
0,9,28.0,315,1,11,3,10,52,4,18
0,8,21.0,46,4,12,0,5,6,2,21
0,4,21.0,339,6,4,1,0,26,1,21
0,10,21.0,341,5,19,2,5,6,0,21
0,7,21.0,81,1,22,0,8,65,1,21
0,10,22.0,314,6,10,1,6,89,1,26
0,11,28.0,123,6,16,0,13,38,3,18
0,11,27.0,322,5,2,0,11,98,4,15
0,11,28.0,123,6,3,1,12,80,4,18
0,5,5.0,96,5,3,1,3,79,1,24
0,5,9.0,206,1,5,0,9,9,3,12
0,5,9.0,206,1,22,0,13,38,0,12
0,5,16.0,239,1,20,1,3,30,4,2
0,5,16.0,239,1,13,0,8,27,1,2
0,5,16.0,239,1,2,0,9,57,0,2
0,5,16.0,239,1,14,0,15,31,1,2
0,5,23.0,168,1,6,0,13,29,0,17
0,5,23.0,168,1,13,0,9,57,1,17
0,6,1.0,158,4,13,0,5,64,3,7
0,6,1.0,158,4,14,2,4,82,2,7
0,6,7.0,169,2,6,0,10,47,3,11
0,6,7.0,169,2,15,2,10,22,3,11
0,6,7.0,169,2,2,2,4,4,3,11
0,6,9.0,236,5,17,0,5,47,3,12
0,6,9.0,236,5,10,0,12,83,0,12
0,6,9.0,236,5,4,0,0,26,3,12
0,6,15.0,49,4,21,0,0,64,3,1
0,6,15.0,49,4,13,1,6,91,1,1
0,11,29.0,270,3,8,0,13,28,1,16
0,11,29.0,270,3,11,1,1,1,4,16
0,11,29.0,270,3,4,0,3,79,2,16
0,11,28.0,123,6,13,1,7,78,4,18
0,9,2.0,323,4,16,1,14,34,0,22
0,9,2.0,323,4,20,1,4,121,1,22
0,9,2.0,323,4,1,0,15,31,1,22
0,9,11.0,52,6,5,0,12,83,1,9
0,7,19.0,330,3,16,0,10,47,1,10
0,7,19.0,330,3,20,0,10,22,3,10
0,7,21.0,81,1,6,1,7,57,0,21
0,7,21.0,81,1,8,0,0,26,2,21
0,7,21.0,81,1,12,3,16,108,0,21
0,11,18.0,332,2,14,0,13,29,4,0
0,11,19.0,321,4,17,1,3,79,2,10
0,11,19.0,321,4,13,1,10,52,4,10
0,11,27.0,322,5,2,0,4,45,2,15
0,11,28.0,123,6,14,0,0,64,2,18
0,11,28.0,123,6,12,1,4,79,4,18
0,11,29.0,270,3,6,0,10,22,2,16
0,9,2.0,323,4,2,0,11,15,1,22
0,9,2.0,323,4,8,0,7,20,0,22
0,9,2.0,323,4,11,1,15,51,4,22
0,6,24.0,31,6,16,1,0,96,0,14
0,6,24.0,31,6,15,1,5,64,1,14
0,6,24.0,31,6,2,0,13,99,3,14
0,6,24.0,31,6,15,1,8,27,1,14
0,6,24.0,31,6,1,1,0,53,4,14
0,6,24.0,31,6,14,1,0,68,4,14
0,10,17.0,256,0,17,0,15,77,3,6
0,10,17.0,256,0,19,0,2,86,0,6
0,10,17.0,256,0,4,0,6,88,2,6
0,10,17.0,256,0,9,0,12,61,4,6
0,10,17.0,256,0,14,0,4,79,4,6
0,11,22.0,250,3,10,0,10,47,0,26
0,11,22.0,250,3,22,2,6,116,0,26
0,9,6.0,51,0,21,0,9,93,3,23
0,9,6.0,51,0,12,0,14,24,2,23
0,9,6.0,51,0,3,0,5,6,3,23
0,9,6.0,51,0,1,0,11,94,2,23
0,9,6.0,51,0,3,1,13,21,1,23
0,9,7.0,271,1,3,1,4,5,1,11
0,9,24.0,272,5,16,0,3,44,1,14
0,7,5.0,204,3,17,0,16,42,3,24
0,7,5.0,204,3,22,0,2,2,2,24
1,6,12.0,162,3,2,0,9,49,1,28
1,6,12.0,162,3,12,0,2,123,4,28
1,6,15.0,49,2,16,0,10,22,1,1
1,6,15.0,49,2,0,0,4,121,4,1
0,10,8.0,213,6,7,1,12,56,0,8
1,6,21.0,193,1,8,0,8,118,4,21
1,6,21.0,193,1,0,1,9,93,4,21
1,6,15.0,49,2,9,2,13,123,3,1
1,6,21.0,193,1,14,0,13,99,3,21
1,6,21.0,193,1,9,2,12,80,3,21
1,10,7.0,243,4,9,0,5,12,2,11
0,7,27.0,53,0,3,0,10,47,2,15
0,7,26.0,316,3,11,0,12,80,2,3
0,7,27.0,53,0,15,1,13,36,1,15
0,7,29.0,268,2,6,0,13,21,0,16
0,8,12.0,284,1,3,0,16,72,4,28
0,7,29.0,268,2,16,0,2,60,4,16
0,7,29.0,268,2,16,1,16,139,0,16
0,7,29.0,268,2,1,0,5,12,0,16
0,3,1.0,180,6,14,0,2,2,3,7
0,3,1.0,180,6,23,1,2,2,1,7
0,3,4.0,285,1,9,0,5,64,3,30
0,3,4.0,285,1,19,1,9,93,1,30
0,3,5.0,324,2,0,0,2,2,0,24
0,3,10.0,4,0,6,1,6,7,0,4
0,6,28.0,309,2,2,0,5,6,2,18
0,6,28.0,309,2,18,0,13,29,4,18
1,5,22.0,163,3,8,0,6,89,3,26
0,6,29.0,335,4,17,0,1,67,3,16
0,1,21.0,45,0,2,1,9,9,4,21
0,3,18.0,165,1,22,2,4,4,3,0
0,6,29.0,335,4,22,0,1,35,2,16
0,10,5.0,336,2,17,0,4,75,4,24
0,10,11.0,298,1,3,0,5,12,3,9
0,5,17.0,212,2,17,0,6,128,1,6
0,3,26.0,343,2,19,0,7,54,1,3
1,0,17.0,12,6,3,0,15,51,3,6
1,0,24.0,55,6,20,0,2,86,2,14
1,0,24.0,55,6,9,0,10,47,3,14
1,0,25.0,281,3,0,0,8,118,4,13
1,0,24.0,55,6,18,1,10,47,0,14
0,11,30.0,170,0,8,0,10,47,3,19
0,9,25.0,344,6,5,0,10,22,1,13
0,7,14.0,125,1,22,0,5,6,0,5
0,7,14.0,125,1,2,2,13,21,1,5
0,7,14.0,125,1,9,0,2,13,2,5
0,3,6.0,303,4,16,0,2,86,4,23
0,3,6.0,303,4,2,0,12,80,2,23
0,3,6.0,303,4,1,0,15,112,1,23
0,3,17.0,54,0,3,0,8,118,4,6
0,4,13.0,221,5,8,2,15,96,0,25
0,4,14.0,345,6,4,0,7,31,3,5
0,4,14.0,345,6,15,1,11,18,1,5
0,4,15.0,132,3,13,1,6,7,4,1
0,4,21.0,339,6,11,0,16,42,1,21
0,4,21.0,339,6,4,2,10,47,3,21
0,4,21.0,339,6,20,1,14,110,4,21
0,4,28.0,218,6,17,1,3,103,4,18
0,4,28.0,218,6,19,0,8,9,4,18
0,10,13.0,346,4,22,1,12,61,1,25
0,4,5.0,235,4,12,0,0,64,0,24
0,2,13.0,276,0,8,0,5,6,0,25
0,4,31.0,67,1,17,1,0,0,4,20
0,4,31.0,67,1,21,2,6,7,0,20
0,0,20.0,172,2,1,2,10,47,3,29
0,0,4.0,229,0,20,1,10,47,1,30
0,2,21.0,108,1,11,0,12,17,2,21
0,4,5.0,235,4,5,1,6,132,4,24
0,4,5.0,235,4,15,1,1,81,4,24
0,4,13.0,221,5,13,2,8,33,3,25
0,4,13.0,221,5,14,2,6,7,0,25
1,10,13.0,346,2,16,0,7,111,1,25
1,10,13.0,346,2,17,1,10,52,2,25
1,10,24.0,261,3,0,0,13,28,3,14
1,10,24.0,261,3,16,2,0,53,3,14
1,10,23.0,247,6,18,2,3,30,3,17
1,1,6.0,97,6,0,0,14,34,1,23
1,1,6.0,97,6,2,2,12,83,0,23
1,10,13.0,346,2,13,0,3,70,1,25
1,1,22.0,164,0,5,1,3,44,4,26
0,4,2.0,141,0,17,3,6,7,0,22
0,8,10.0,71,3,21,1,9,27,0,4
1,3,30.0,304,6,2,2,8,19,3,19
1,3,30.0,304,6,11,1,6,91,1,19
1,5,12.0,327,4,13,0,10,47,2,28
1,5,13.0,184,5,5,1,4,45,2,25
1,5,13.0,184,5,13,0,9,134,2,25
0,8,21.0,46,4,14,0,10,22,0,21
1,1,16.0,2,1,1,0,0,26,0,2
1,10,7.0,243,4,21,2,2,86,3,11
1,10,7.0,243,4,3,1,3,115,1,11
0,3,13.0,210,4,11,1,16,50,1,25
1,1,16.0,2,1,14,0,1,16,3,2
0,1,22.0,164,1,16,1,14,34,0,26
0,3,18.0,165,1,22,0,1,11,4,0
1,8,7.0,70,2,10,2,9,102,3,11
0,1,22.0,164,1,22,2,16,108,0,26
1,10,7.0,243,4,3,1,2,123,4,11
0,3,18.0,165,1,19,0,14,25,3,0
1,8,13.0,189,1,17,0,13,28,0,25
1,4,27.0,274,4,13,0,4,82,1,15
1,6,15.0,49,2,1,0,3,44,3,1
0,3,18.0,165,1,14,3,5,6,0,0
1,8,13.0,189,1,19,0,11,117,0,25
1,0,3.0,334,6,17,3,11,15,1,27
1,10,13.0,346,2,9,0,0,64,3,25
0,1,30.0,100,2,0,0,16,42,1,19
1,10,13.0,346,2,1,1,10,22,1,25
1,4,30.0,139,3,2,2,0,96,3,19
0,11,1.0,222,3,17,0,1,35,4,7
0,11,1.0,222,3,14,0,0,26,1,7
1,10,24.0,261,3,3,1,11,15,4,14
0,1,30.0,100,2,16,0,2,92,1,19
0,3,20.0,105,4,20,0,9,102,2,29
0,3,25.0,347,1,16,1,7,137,4,13
1,1,6.0,97,6,19,1,9,57,0,23
0,1,30.0,100,2,19,0,11,133,0,19
0,6,8.0,59,4,18,0,12,61,4,8
1,3,12.0,104,1,22,1,1,11,1,28
1,1,7.0,32,3,11,0,15,114,3,11
0,1,30.0,100,2,4,0,0,26,3,19
0,1,31.0,305,4,6,0,13,13,0,20
0,5,2.0,307,1,18,0,0,64,3,22
0,1,26.0,248,6,23,3,3,79,2,3
0,7,31.0,43,5,8,2,10,22,1,20
0,5,30.0,294,1,21,0,2,2,1,19
0,1,31.0,305,4,6,0,4,79,2,20
0,6,26.0,348,0,12,1,12,56,0,3
1,1,7.0,32,3,15,1,14,88,4,11
0,5,7.0,349,3,15,0,16,37,3,11
1,5,22.0,163,3,22,1,14,126,4,26
1,1,7.0,32,3,9,0,8,27,2,11
1,0,8.0,9,4,13,0,0,26,0,8
0,1,31.0,305,4,13,0,5,6,2,20
0,11,14.0,147,6,4,0,11,55,3,5
1,1,15.0,1,0,18,2,2,40,3,1
0,10,14.0,174,5,22,2,16,139,3,5
0,1,31.0,305,4,1,0,11,90,1,20
1,5,30.0,294,0,13,0,2,92,2,19
1,1,16.0,2,1,3,0,13,48,3,2
0,5,7.0,349,3,9,0,4,66,3,11
0,10,14.0,174,5,4,1,14,24,2,5
0,7,6.0,93,0,2,0,3,70,4,23
1,1,8.0,62,0,0,0,5,0,2,8
0,8,5.0,101,1,13,0,10,47,1,24
1,6,5.0,342,3,8,0,16,130,2,24
1,8,13.0,189,1,13,1,13,38,4,25
1,0,9.0,48,5,6,0,16,50,1,12
0,5,25.0,350,4,15,0,9,102,3,13
0,8,6.0,87,2,17,2,14,107,3,23
0,3,23.0,57,3,19,0,9,9,4,17
1,6,5.0,342,3,12,3,15,31,0,24
1,1,21.0,45,3,22,0,6,7,3,21
1,8,13.0,189,1,8,0,13,38,2,25
0,10,20.0,223,4,9,0,4,127,3,29
1,0,9.0,48,5,5,0,2,71,4,12
1,5,13.0,184,5,18,2,3,79,3,25
1,6,5.0,342,3,12,0,4,75,0,24
0,5,25.0,350,4,1,0,9,95,1,13
1,3,23.0,57,6,19,0,10,47,2,17
1,4,8.0,292,6,19,0,10,47,1,8
0,10,20.0,223,4,14,0,8,27,2,29
0,5,14.0,36,3,22,1,11,55,4,5
1,0,14.0,5,2,16,0,0,77,1,5
1,5,14.0,36,6,1,0,3,76,4,5
1,8,24.0,85,6,9,0,10,12,1,14
1,6,7.0,169,1,17,1,8,19,0,11
1,6,7.0,169,1,1,0,9,93,3,11
1,6,12.0,162,3,5,1,3,30,4,28
1,6,15.0,49,2,11,0,1,67,3,1
1,6,15.0,49,2,21,1,9,101,0,1
1,6,15.0,49,2,18,2,9,58,3,1
1,5,12.0,327,4,5,0,9,134,2,28
1,10,13.0,346,2,12,2,3,30,4,25
0,8,25.0,86,0,19,0,14,32,4,13
1,5,22.0,163,3,4,1,3,76,4,26
1,5,22.0,163,3,22,1,3,79,4,26
1,5,21.0,351,6,9,0,8,118,1,21
0,6,15.0,49,4,2,0,16,50,1,1
1,5,30.0,294,0,23,1,3,30,4,19
1,6,7.0,169,1,15,0,0,85,0,11
1,6,7.0,169,1,10,2,5,12,1,11
1,6,12.0,162,3,10,1,15,31,1,28
1,6,15.0,49,2,10,1,2,92,0,1
0,6,6.0,83,1,17,1,3,103,1,23
0,6,6.0,83,1,4,0,14,106,1,23
0,6,17.0,244,6,6,0,10,47,0,6
0,6,17.0,244,6,3,0,5,6,0,6
0,6,17.0,244,6,2,0,10,6,3,6
0,6,17.0,244,6,14,1,13,38,2,6
0,6,17.0,244,6,8,0,1,59,3,6
0,6,26.0,348,0,12,0,10,12,0,3
0,10,6.0,242,4,3,0,4,79,3,23
0,10,6.0,242,4,14,2,2,2,3,23
0,10,7.0,243,5,11,0,5,6,3,11
0,10,7.0,243,5,11,0,10,22,4,11
0,10,7.0,243,5,22,0,9,27,0,11
1,4,31.0,67,0,0,2,4,5,1,20
1,4,31.0,67,0,4,0,8,118,1,20
1,2,6.0,251,3,12,0,10,47,0,23
1,2,6.0,251,3,1,2,8,27,3,23
1,2,15.0,130,1,21,0,14,25,3,1
0,6,2.0,352,5,16,0,3,44,4,22
0,6,3.0,99,6,10,1,1,59,4,27
0,10,3.0,310,0,12,0,4,4,1,27
0,10,3.0,310,0,1,0,15,46,3,27
0,10,3.0,310,0,19,0,7,20,0,27
0,10,3.0,310,0,2,0,3,30,0,27
0,10,13.0,346,4,1,0,10,22,1,25
0,1,12.0,353,6,15,0,16,113,4,28
0,1,12.0,353,6,2,0,1,11,3,28
1,0,13.0,198,1,14,0,0,26,4,25
0,9,28.0,315,1,18,0,1,11,4,18
0,9,4.0,295,6,7,0,10,47,0,30
0,1,12.0,353,6,8,0,3,30,3,28
0,1,13.0,207,3,23,0,0,53,2,25
0,1,13.0,207,3,14,0,1,81,3,25
0,1,22.0,164,1,12,0,10,30,0,26
0,1,30.0,100,2,21,0,13,29,1,19
0,1,30.0,100,2,6,1,16,50,1,19
0,8,5.0,101,1,12,0,10,52,2,24
0,8,5.0,101,1,1,2,6,7,3,24
0,8,6.0,87,2,17,0,16,72,1,23
0,8,6.0,87,2,9,0,14,110,3,23
0,7,21.0,81,1,4,0,10,47,0,21
0,3,1.0,180,6,17,0,11,124,1,7
0,5,5.0,96,5,18,1,13,48,4,24
0,4,30.0,139,0,1,0,5,6,0,19
0,10,5.0,336,2,13,0,15,108,3,24
1,3,1.0,180,5,6,0,4,138,4,7
0,1,5.0,219,6,17,0,1,67,1,24
0,1,5.0,219,6,16,0,0,77,1,24
0,1,5.0,219,6,17,0,0,77,3,24
0,1,5.0,219,6,9,0,13,36,4,24
0,1,6.0,97,3,0,0,0,64,0,23
0,1,6.0,97,3,3,0,10,52,3,23
0,1,6.0,97,3,19,0,16,72,2,23
0,1,6.0,97,3,9,2,1,35,3,23
0,1,5.0,219,6,3,1,12,104,4,24
0,1,19.0,29,6,11,0,16,37,1,10
0,1,19.0,29,6,1,0,12,80,3,10
0,8,20.0,319,2,17,0,6,7,3,29
0,8,28.0,224,4,1,0,15,46,3,18
1,6,12.0,162,3,14,3,13,21,4,28
1,6,15.0,49,2,7,0,2,2,0,1
1,0,16.0,11,5,1,0,8,33,1,2
1,0,14.0,5,2,3,1,3,79,4,5
0,5,24.0,58,2,9,1,6,7,0,14
0,10,21.0,341,5,7,1,4,4,0,21
1,5,14.0,36,6,1,0,4,4,1,5
0,6,17.0,244,6,8,1,3,30,4,6
1,3,29.0,325,5,7,1,1,59,0,16
1,0,16.0,11,5,9,1,13,69,0,2
1,0,15.0,190,4,5,1,7,120,4,1
0,10,21.0,341,5,7,1,4,4,0,21
0,0,19.0,13,1,2,1,6,7,0,10
1,5,22.0,163,3,13,2,4,70,3,26
1,3,29.0,325,5,2,0,6,7,4,16
0,6,6.0,83,1,6,0,15,108,3,23
1,8,7.0,70,2,0,0,0,12,1,11
0,10,21.0,341,5,23,1,8,27,1,21
0,0,3.0,334,3,5,0,16,139,4,27
0,6,17.0,244,6,8,0,5,6,2,6
1,3,30.0,304,6,17,1,12,121,0,19
1,6,5.0,342,3,3,2,13,48,0,24
0,6,6.0,83,1,0,0,4,79,3,23
0,3,14.0,33,5,1,0,10,47,2,5
1,8,7.0,70,2,12,0,16,74,1,11
0,10,22.0,314,6,5,1,3,79,4,26
0,0,3.0,334,3,8,1,4,82,4,27
0,6,18.0,308,3,14,0,15,96,3,0
1,3,30.0,304,6,13,1,12,84,4,19
1,6,5.0,342,3,2,2,4,4,1,24
0,6,6.0,83,1,12,0,0,64,3,23
0,6,17.0,244,6,6,1,13,38,1,6
0,6,17.0,244,6,13,1,6,89,4,6
0,6,18.0,308,3,8,2,8,41,3,0
0,6,23.0,84,5,9,0,15,51,0,17
0,6,26.0,348,0,5,0,5,6,3,3
0,6,26.0,348,0,8,0,5,6,0,3
0,10,1.0,208,6,5,0,11,15,1,7
0,10,7.0,243,5,16,0,10,23,1,11
0,10,7.0,243,5,15,0,3,76,3,11
0,10,8.0,213,6,16,1,12,56,0,8
0,10,8.0,213,6,7,1,9,57,0,8
0,10,8.0,213,6,12,0,0,96,3,8
1,9,3.0,217,4,22,0,3,44,3,27
1,9,4.0,295,5,3,0,4,75,1,30
1,9,4.0,295,5,12,2,6,7,3,30
1,9,4.0,295,5,15,1,1,59,1,30
1,9,5.0,89,6,13,0,8,33,2,24
1,7,11.0,197,5,13,1,13,21,1,9
1,7,13.0,238,3,5,1,6,89,1,25
1,7,15.0,205,1,5,0,5,12,1,1
1,7,15.0,205,1,22,3,14,125,0,1
1,7,28.0,34,0,19,0,10,22,2,18
1,7,28.0,34,0,12,2,3,115,3,18
1,7,28.0,34,0,20,1,13,38,4,18
1,3,3.0,182,3,17,1,6,7,0,27
1,3,3.0,182,3,14,1,12,61,0,27
1,3,29.0,325,5,8,0,6,89,4,16
0,9,7.0,271,1,8,3,7,8,0,11
0,5,16.0,239,1,6,0,15,112,4,2
1,2,5.0,127,6,22,3,14,25,4,24
0,8,18.0,75,0,19,1,8,27,0,0
0,5,16.0,239,1,22,1,4,4,4,2
0,1,1.0,203,1,17,3,10,47,0,7
0,4,1.0,144,3,13,2,1,11,2,7
1,8,12.0,284,0,7,0,7,137,4,28
1,8,2.0,77,5,15,0,4,121,3,22
0,3,20.0,105,4,3,0,7,78,1,29
0,3,20.0,105,4,19,0,2,92,1,29
0,3,18.0,165,1,3,0,2,2,4,0
0,3,21.0,338,5,4,0,9,49,0,21
0,3,21.0,338,5,19,0,5,6,0,21
0,3,30.0,304,3,6,0,14,131,3,19
0,3,30.0,304,3,9,0,2,86,0,19
0,4,15.0,132,3,22,0,9,49,4,1
0,4,15.0,132,3,12,0,13,28,2,1
0,4,28.0,218,6,17,1,8,19,0,18
0,4,28.0,218,6,20,0,1,1,1,18
0,4,28.0,218,6,3,1,14,32,4,18
0,2,6.0,251,0,0,2,15,114,0,23
0,2,6.0,251,0,15,0,1,35,4,23
0,2,12.0,128,3,18,2,7,137,3,28
0,2,12.0,128,3,12,1,8,19,4,28
0,2,13.0,276,0,16,1,3,79,0,25
0,2,13.0,276,0,7,1,13,48,0,25
0,0,7.0,15,4,12,1,2,2,1,11
0,0,7.0,15,4,14,0,6,89,4,11
0,5,7.0,349,3,22,2,15,31,0,11
0,5,7.0,349,3,11,1,14,25,1,11
0,5,15.0,200,0,14,0,3,70,3,1
0,5,15.0,200,0,20,1,10,47,1,1
0,5,17.0,212,2,12,0,8,9,3,6
0,5,25.0,350,4,15,0,2,86,0,13
0,5,31.0,196,2,16,0,0,26,1,20
0,5,31.0,196,2,4,0,6,128,4,20
0,6,6.0,83,1,13,3,6,7,0,23
0,6,18.0,308,3,22,0,10,22,0,0
0,6,23.0,84,5,3,0,0,26,2,17
0,6,26.0,348,0,21,0,4,45,4,3
0,10,1.0,208,6,3,0,3,79,1,7
0,10,1.0,208,6,9,2,8,9,3,7
0,10,1.0,208,6,15,2,15,51,3,7
0,10,6.0,242,4,17,2,9,54,3,23
0,10,7.0,243,5,18,0,15,114,1,11
1,5,12.0,327,4,3,1,11,117,1,28
0,4,10.0,79,1,17,1,7,62,1,4
0,10,1.0,208,6,16,2,10,47,3,7
0,6,23.0,84,5,19,0,9,49,0,17
1,5,13.0,184,5,8,2,9,10,1,25
0,4,26.0,80,4,18,2,4,82,3,3
1,6,5.0,342,3,14,3,2,2,3,24
1,6,7.0,169,1,22,0,0,26,3,11
0,10,28.0,216,5,13,0,3,44,4,18
0,6,26.0,348,0,17,2,11,94,3,3
1,2,15.0,130,1,5,0,15,96,3,1
1,7,3.0,269,4,3,0,0,68,2,27
1,6,7.0,169,1,22,0,6,7,0,11
0,10,28.0,216,5,18,2,1,11,3,18
0,2,16.0,220,4,15,0,14,24,2,2
0,6,25.0,39,3,18,2,14,25,3,13
1,7,22.0,211,1,15,0,5,6,4,26
1,6,7.0,169,1,2,0,4,121,4,11
0,10,29.0,318,6,16,1,7,111,0,16
1,0,5.0,122,0,23,0,4,45,4,24
0,10,29.0,318,6,19,0,8,9,1,16
0,6,26.0,348,0,22,1,12,61,4,3
0,10,1.0,208,6,6,1,9,102,0,7
0,10,8.0,213,6,12,0,13,38,2,8
0,10,8.0,213,6,20,1,11,18,1,8
0,10,8.0,213,6,8,1,1,67,1,8
0,10,9.0,150,3,12,1,2,86,4,12
0,10,10.0,245,0,8,0,10,12,3,4
0,10,8.0,213,6,19,0,5,6,1,8
0,10,18.0,246,1,7,1,5,64,4,0
0,0,3.0,334,3,11,3,4,127,1,27
0,4,14.0,345,6,2,2,6,89,3,5
0,4,14.0,345,6,3,1,1,105,4,5
0,4,15.0,132,3,23,1,0,31,4,1
0,4,21.0,339,6,8,2,8,27,3,21
0,6,5.0,342,0,18,0,10,22,3,24
0,4,28.0,218,6,8,0,2,92,1,18
0,4,31.0,67,1,8,0,13,48,0,20
0,4,31.0,67,1,1,0,16,108,4,20
0,2,5.0,127,3,7,1,0,64,0,24
0,2,5.0,127,3,19,0,6,7,3,24
0,2,5.0,127,3,20,1,3,30,4,24
0,2,5.0,127,3,12,1,0,15,1,24
0,2,6.0,251,0,7,0,11,133,1,23
0,2,6.0,251,0,6,0,2,2,1,23
0,2,6.0,251,0,7,1,9,57,0,23
0,2,6.0,251,0,22,3,10,52,0,23
0,2,6.0,251,0,9,0,2,86,4,23
0,8,14.0,296,4,22,0,1,35,0,5
0,2,12.0,128,3,19,1,12,56,4,28
0,2,13.0,276,0,13,0,13,29,3,25
0,0,4.0,229,0,10,0,14,24,1,30
0,0,7.0,15,4,19,0,9,102,0,11
0,5,27.0,328,6,2,0,12,17,2,15
0,5,27.0,328,6,12,0,11,98,2,15
0,5,29.0,24,0,23,0,5,6,2,16
0,5,29.0,24,0,3,0,10,47,2,16
0,10,5.0,336,2,6,0,7,78,4,24
0,10,5.0,336,2,0,0,5,12,3,24
0,10,11.0,298,1,23,1,1,35,1,9
0,10,12.0,333,2,16,0,10,47,3,28
0,10,14.0,174,5,19,3,9,27,0,5
0,10,21.0,341,5,11,1,7,137,4,21
0,10,22.0,314,6,23,0,12,84,0,26
0,10,21.0,341,5,4,1,14,107,0,21
0,10,29.0,318,6,13,0,8,9,1,16
0,1,6.0,97,3,13,0,13,48,0,23
0,1,20.0,151,3,20,1,14,125,4,29
0,8,20.0,319,2,2,0,7,62,0,29
0,8,20.0,319,2,18,1,6,7,0,29
0,8,22.0,354,5,1,0,11,133,3,26
0,4,6.0,176,5,8,2,13,48,3,23
0,4,12.0,134,4,19,0,8,19,4,28
0,4,12.0,134,4,19,0,11,133,1,28
0,3,29.0,325,6,16,0,12,121,0,16
1,10,5.0,336,1,21,2,3,30,3,24
0,10,23.0,247,3,5,2,11,15,0,17
0,10,23.0,247,3,1,0,7,137,2,17
0,10,25.0,56,1,4,0,4,121,1,13
0,10,25.0,56,1,9,0,0,26,3,13
0,1,2.0,171,2,1,0,3,115,3,22
0,1,26.0,248,6,6,1,14,106,4,3
0,1,26.0,248,6,15,0,6,89,1,3
0,1,27.0,262,3,17,2,10,47,3,15
0,1,26.0,248,6,9,0,13,123,1,3
0,8,2.0,77,6,6,2,10,22,3,22
0,8,2.0,77,6,3,0,11,90,1,22
0,8,2.0,77,6,3,1,14,126,4,22
0,8,2.0,77,6,11,1,14,25,1,22
0,8,8.0,76,5,11,0,12,61,4,8
0,8,8.0,76,5,22,0,14,131,3,8
0,8,19.0,280,1,9,1,7,122,4,10
0,8,26.0,278,1,16,0,10,47,3,3
0,8,26.0,278,1,6,0,9,87,1,3
0,8,26.0,278,1,0,1,14,25,0,3
0,0,24.0,55,3,20,0,3,30,2,14
0,10,3.0,310,0,13,0,1,11,4,27
1,6,11.0,355,6,19,1,6,14,0,9
0,8,21.0,46,4,18,1,7,137,4,21
0,1,13.0,207,3,23,1,14,25,4,25
0,1,12.0,353,6,11,3,3,30,1,28
0,1,21.0,45,0,12,2,2,2,3,21
0,6,9.0,236,5,3,1,3,76,1,12
0,3,19.0,138,2,18,0,0,26,1,10
1,6,22.0,185,2,9,0,1,11,4,26
1,3,28.0,187,4,14,0,6,14,1,18
1,7,12.0,181,6,23,1,1,16,4,28
0,8,10.0,71,3,12,1,15,31,1,4
0,3,29.0,325,6,13,3,16,108,4,16
1,6,12.0,162,3,11,0,6,132,1,28
0,2,22.0,209,2,16,0,7,120,3,26
1,6,23.0,84,4,22,0,9,49,1,17
0,5,6.0,277,6,23,0,13,29,1,23
0,10,5.0,336,2,18,1,6,128,1,24
1,6,12.0,162,3,20,1,9,49,1,28
1,9,22.0,92,1,6,0,15,96,0,26
1,8,7.0,70,2,14,1,0,68,1,11
1,6,29.0,335,2,3,0,6,89,1,16
1,5,11.0,326,2,9,2,14,97,3,9
1,6,5.0,342,3,12,0,2,13,3,24
1,8,21.0,46,2,16,0,15,96,3,21
0,0,18.0,0,0,13,1,9,83,4,0
1,10,4.0,356,0,15,0,5,6,1,30
0,8,20.0,319,2,19,0,4,82,4,29
1,6,12.0,162,3,1,0,14,24,4,28
1,4,22.0,152,6,22,1,9,101,4,26
1,3,29.0,325,5,5,0,9,95,2,16
1,11,5.0,240,2,13,0,5,12,2,24
1,11,28.0,123,5,14,2,10,22,3,18
1,11,28.0,123,5,14,0,7,20,1,18
1,7,4.0,186,5,12,2,4,138,0,30
1,10,24.0,261,3,4,0,14,131,1,14
1,8,23.0,102,5,18,0,15,31,3,17
1,2,5.0,127,6,21,2,8,27,3,24
1,6,21.0,193,1,12,1,9,10,4,21
1,6,21.0,193,1,20,0,5,0,3,21
0,3,16.0,263,3,1,3,16,74,3,2
0,5,23.0,168,1,18,0,12,121,4,17
0,10,14.0,174,5,15,1,2,60,4,5
0,10,14.0,174,5,1,0,0,26,0,5
0,10,14.0,174,5,20,1,2,86,4,5
0,10,20.0,223,4,19,1,11,18,1,29
0,10,21.0,341,5,23,1,10,52,4,21
0,10,21.0,341,5,15,0,14,106,4,21
0,10,21.0,341,5,7,1,4,4,0,21
0,10,21.0,341,5,7,1,4,4,0,21
0,10,21.0,341,5,7,1,4,4,0,21
0,10,21.0,341,5,9,2,10,47,3,21
0,4,12.0,134,4,1,1,2,2,4,28
1,3,24.0,357,3,4,1,6,89,1,14
1,5,11.0,326,2,6,0,10,47,3,9
0,10,12.0,333,2,14,0,0,26,3,28
0,10,14.0,174,5,11,0,5,6,3,5
0,10,21.0,341,5,19,1,14,32,4,21
0,10,21.0,341,5,9,2,10,47,1,21
0,10,28.0,216,5,5,0,13,28,3,18
0,1,5.0,219,6,0,1,9,93,4,24
0,1,6.0,97,3,15,1,9,63,4,23
0,1,6.0,97,3,18,2,13,29,3,23
0,1,19.0,29,6,22,0,5,6,3,10
0,1,19.0,29,6,15,1,1,81,4,10
0,1,20.0,151,3,6,1,8,118,0,29
0,5,30.0,294,1,2,3,13,38,0,19
0,0,7.0,15,4,22,1,15,112,1,11
0,0,7.0,15,4,23,1,5,64,1,11
0,0,20.0,172,2,23,0,14,110,4,29
0,0,23.0,237,6,4,0,15,119,2,17
0,0,23.0,237,6,22,0,14,34,3,17
0,0,24.0,55,3,23,2,4,5,3,14
0,0,24.0,55,3,5,0,16,50,4,14
0,8,14.0,296,4,6,1,10,47,0,5
0,10,2.0,358,3,8,0,15,46,1,22
0,3,18.0,165,1,6,0,12,100,0,0
1,0,13.0,198,1,4,0,1,11,0,25
0,5,19.0,146,5,14,0,10,22,3,10
0,8,21.0,46,4,23,1,2,13,4,21
0,8,23.0,102,6,13,0,14,25,2,17
0,4,5.0,235,4,23,1,3,103,4,24
0,4,13.0,221,5,18,0,2,86,1,25
0,4,15.0,132,3,11,1,13,13,4,1
0,2,5.0,127,3,3,0,13,29,2,24
0,10,9.0,150,3,6,1,4,45,2,12
1,0,5.0,122,0,14,0,0,26,3,24
1,0,6.0,260,1,16,0,2,123,1,23
1,0,6.0,260,1,18,0,10,47,1,23
1,0,7.0,15,2,3,0,11,90,1,11
1,0,6.0,260,1,22,1,16,37,0,23
0,5,15.0,200,0,15,1,9,93,4,1
0,10,9.0,150,3,9,1,14,32,4,12
0,3,16.0,263,3,14,0,4,138,4,2
1,4,22.0,152,6,1,1,9,87,0,26
1,10,4.0,356,0,17,1,10,22,4,30
1,6,15.0,49,2,0,0,4,138,3,1
1,10,4.0,356,0,22,1,6,7,4,30
0,5,23.0,168,1,22,0,2,2,1,17
1,2,24.0,22,4,11,0,1,11,4,14
0,9,25.0,344,6,14,0,2,13,1,13
0,8,22.0,354,5,15,0,5,6,2,26
1,10,12.0,333,1,16,1,12,56,0,28
0,9,17.0,255,5,5,3,9,27,0,6
0,10,24.0,261,0,12,0,8,41,1,14
0,3,19.0,138,2,17,0,4,76,3,10
1,10,12.0,333,1,9,0,13,123,4,28
1,7,13.0,238,3,11,0,3,79,1,25
0,3,17.0,54,0,3,3,13,21,4,6
1,10,13.0,346,2,14,0,11,15,1,25
0,3,19.0,138,2,20,0,6,91,1,10
1,10,30.0,157,6,7,1,9,57,4,19
1,7,14.0,125,0,12,2,2,13,3,5
1,7,14.0,125,0,14,0,5,12,1,5
1,7,14.0,125,0,19,1,0,53,1,5
1,7,14.0,125,0,13,3,0,96,4,5
1,7,31.0,43,4,18,0,2,123,0,20
1,3,3.0,182,3,4,0,15,31,1,27
1,7,11.0,197,5,23,0,6,73,0,9
1,3,29.0,325,5,19,0,4,75,2,16
1,3,30.0,304,6,21,0,9,101,3,19
1,3,30.0,304,6,3,1,12,84,4,19
1,5,13.0,184,5,16,1,0,77,2,25
1,5,13.0,184,5,18,2,10,47,3,25
1,5,21.0,351,6,22,0,11,94,4,21
1,5,21.0,351,6,19,0,2,123,3,21
0,1,20.0,151,3,0,0,0,12,3,29
0,1,20.0,151,3,12,2,13,36,3,29
0,8,20.0,319,2,6,1,14,25,0,29
0,8,20.0,319,2,17,2,14,110,3,29
0,8,20.0,319,2,16,0,5,12,3,29
0,8,22.0,354,5,17,0,0,31,0,26
0,8,22.0,354,5,10,0,6,128,2,26
0,8,22.0,354,5,19,2,6,126,3,26
0,8,22.0,354,5,3,1,2,71,4,26
0,8,20.0,319,2,9,0,3,115,1,29
0,8,28.0,224,4,20,1,3,70,4,18
0,4,6.0,176,5,13,0,8,27,1,23
1,4,21.0,339,5,17,2,16,37,1,21
0,6,28.0,309,2,17,1,10,47,0,18
0,11,28.0,123,6,8,1,12,61,1,18
0,11,29.0,270,3,16,0,7,120,1,16
0,9,9.0,320,4,3,0,3,30,1,12
0,7,3.0,269,5,8,0,4,82,1,27
0,7,10.0,329,5,2,0,10,22,1,4
0,7,19.0,330,3,5,0,11,90,2,10
0,7,21.0,81,1,17,0,10,52,1,21
0,7,26.0,316,3,11,0,10,22,2,3
0,2,5.0,127,3,10,1,2,13,1,24
0,4,14.0,345,6,17,1,6,7,0,5
0,2,12.0,128,3,0,1,9,102,1,28
0,2,12.0,128,3,13,1,2,2,1,28
0,2,13.0,276,0,13,0,14,34,0,25
0,2,13.0,276,0,20,1,16,108,4,25
0,4,5.0,235,4,18,0,13,38,0,24
0,6,10.0,149,6,18,0,2,13,1,4
0,9,1.0,126,2,17,3,1,67,4,7
0,6,10.0,149,6,12,0,12,17,1,4
1,0,10.0,129,6,17,1,9,10,4,4
0,8,21.0,46,4,2,0,5,6,2,21
0,8,23.0,102,6,15,0,12,80,1,17
0,8,30.0,103,6,2,0,5,12,2,19
0,4,3.0,279,1,5,0,1,1,2,27
0,4,3.0,279,1,19,0,0,31,2,27
0,4,3.0,279,1,9,2,10,47,3,27
0,4,5.0,235,4,12,0,3,30,0,24
0,4,5.0,235,4,15,1,9,10,4,24
0,4,13.0,221,5,22,0,6,7,4,25
1,5,22.0,163,3,14,0,7,20,4,26
1,5,22.0,163,3,18,1,11,15,4,26
1,5,22.0,163,3,20,0,3,44,3,26
1,5,30.0,294,0,22,0,15,108,1,19
1,6,5.0,342,3,0,0,13,36,1,24
1,6,5.0,342,3,12,0,13,21,1,24
1,6,5.0,342,3,8,0,9,93,0,24
1,6,5.0,342,3,22,1,1,11,4,24
0,4,2.0,141,0,18,3,8,27,1,22
0,5,1.0,109,0,20,2,9,101,2,7
0,5,1.0,109,0,17,0,1,105,4,7
1,5,22.0,163,3,19,0,13,38,0,26
1,5,22.0,163,3,16,0,0,12,0,26
1,6,7.0,169,1,9,0,5,6,3,11
1,10,23.0,247,6,15,0,4,66,0,17
0,3,19.0,138,2,5,0,2,92,1,10
1,10,30.0,157,6,22,0,13,69,0,19
1,10,23.0,247,6,5,2,12,83,0,17
0,1,26.0,248,6,22,0,12,17,2,3
1,10,31.0,135,3,16,1,8,19,0,20
1,0,5.0,122,0,7,0,5,0,3,24
1,10,24.0,261,3,6,0,2,123,3,14
0,3,17.0,54,0,5,0,2,86,4,6
1,10,31.0,135,3,10,0,2,2,3,20
1,0,5.0,122,0,17,1,12,56,0,24
0,3,24.0,357,0,17,0,0,68,3,14
1,1,4.0,286,4,4,0,16,37,1,30
0,1,19.0,29,6,5,1,4,4,4,10
0,1,20.0,151,3,23,1,15,51,1,29
0,8,20.0,319,2,16,0,0,26,0,29
0,8,22.0,354,5,0,1,13,21,0,26
0,4,6.0,176,5,7,0,9,54,1,23
0,6,14.0,173,2,17,0,3,44,3,5
0,6,14.0,173,2,17,0,8,41,3,5
0,6,14.0,173,2,16,0,13,28,3,5
1,0,1.0,8,4,17,1,13,21,4,7
0,7,21.0,81,1,1,3,0,26,0,21
0,6,14.0,173,2,22,0,10,47,1,5
0,6,28.0,309,2,6,0,6,91,1,18
0,6,28.0,309,2,11,0,1,59,3,18
0,6,29.0,335,4,12,0,8,41,1,16
0,6,29.0,335,4,9,2,13,48,3,16
0,6,29.0,335,4,4,0,7,122,3,16
0,10,5.0,336,2,23,0,5,64,0,24
0,10,11.0,298,1,2,0,6,7,3,9
0,10,12.0,333,2,3,0,11,124,3,28
0,10,14.0,174,5,21,0,10,22,0,5
1,0,15.0,190,4,16,1,11,58,4,1
0,9,25.0,344,6,12,0,12,80,0,13
0,7,7.0,293,1,6,2,4,45,2,11
0,7,7.0,293,1,14,2,9,10,3,11
0,7,7.0,293,1,9,2,2,86,0,11
0,7,14.0,125,1,6,0,16,37,4,5
0,7,14.0,125,1,16,0,4,5,3,5
0,7,14.0,125,1,15,0,16,130,4,5
0,7,22.0,211,2,4,0,0,12,1,26
0,3,17.0,54,0,13,0,14,25,0,6
0,3,17.0,54,0,20,1,11,55,4,6
0,8,19.0,280,1,19,2,8,118,1,10
0,10,18.0,246,1,22,1,4,79,2,0
0,10,18.0,246,1,8,1,13,48,4,0
0,3,24.0,357,0,0,3,8,41,3,14
0,3,24.0,357,0,13,2,13,29,3,14
0,3,24.0,357,0,3,3,9,9,3,14
0,5,30.0,294,1,12,1,15,31,4,19
0,8,21.0,46,4,19,0,10,52,3,21
0,8,23.0,102,6,20,1,16,108,1,17
0,4,5.0,235,4,13,0,2,86,4,24
0,4,5.0,235,4,5,0,5,6,2,24
0,4,13.0,221,5,0,2,10,22,0,25
0,4,15.0,132,3,23,1,0,31,4,1
0,3,12.0,104,2,10,0,0,26,1,28
0,3,12.0,104,2,3,0,3,115,4,28
0,3,12.0,104,2,12,0,5,6,3,28
0,3,12.0,104,2,1,0,5,6,0,28
0,3,13.0,210,4,14,0,15,119,1,25
0,3,13.0,210,4,9,0,10,52,1,25
0,3,18.0,165,1,17,2,6,132,3,0
0,3,18.0,165,1,17,0,0,64,4,0
0,3,24.0,357,0,17,1,0,31,0,14
1,0,6.0,260,1,2,0,3,4,0,23
0,3,18.0,165,1,1,1,1,1,0,0
0,3,24.0,357,0,22,2,8,27,0,14
0,3,25.0,347,1,8,0,10,22,0,13
0,3,25.0,347,1,14,2,10,52,3,13
0,3,25.0,347,1,18,0,13,38,4,13
0,3,26.0,343,2,21,0,9,93,3,3
0,3,26.0,343,2,6,0,10,47,0,3
0,3,26.0,343,2,18,0,9,54,3,3
0,5,7.0,349,3,6,0,9,93,3,11
0,5,7.0,349,3,8,1,11,55,4,11
0,5,15.0,200,0,8,1,11,15,1,1
0,5,17.0,212,2,16,1,15,31,1,6
0,5,17.0,212,2,2,0,9,134,4,6
0,5,15.0,200,0,19,1,0,26,1,1
0,5,17.0,212,2,1,2,1,59,3,6
0,5,25.0,350,4,21,0,8,27,1,13
0,5,25.0,350,4,16,2,8,9,1,13
0,5,25.0,350,4,3,0,5,6,0,13
0,5,31.0,196,2,0,0,13,69,1,20
1,5,20.0,214,5,14,0,0,77,3,29
0,3,19.0,138,2,11,1,3,30,0,10
0,3,29.0,325,6,16,0,14,25,1,16
0,3,29.0,325,6,5,0,8,41,3,16
0,3,29.0,325,6,8,0,0,85,4,16
0,5,5.0,96,5,22,0,1,35,0,24
0,5,5.0,96,5,8,3,13,38,0,24
0,5,11.0,326,4,11,0,5,6,0,9
0,5,12.0,327,5,5,3,2,92,1,28
0,5,27.0,328,6,19,1,0,53,1,15
0,5,29.0,24,0,1,2,8,9,3,16
0,6,28.0,309,2,0,0,2,40,3,18
0,6,28.0,309,2,23,1,10,22,0,18
0,6,28.0,309,2,8,0,0,26,4,18
0,6,28.0,309,2,1,1,15,31,1,18
0,6,29.0,335,4,8,0,4,75,1,16
0,2,4.0,254,6,3,1,15,51,1,30
0,2,3.0,282,5,9,0,9,102,1,27
0,6,28.0,309,2,9,3,2,71,4,18
0,10,21.0,341,5,18,2,2,69,3,21
0,10,22.0,314,6,1,0,5,12,3,26
0,4,14.0,345,6,15,0,10,47,0,5
0,4,15.0,132,3,16,0,11,94,3,1
0,4,15.0,132,3,22,0,11,94,3,1
0,4,15.0,132,3,8,0,14,24,2,1
0,4,15.0,132,3,18,0,15,31,1,1
0,4,14.0,345,6,17,0,12,121,0,5
0,4,21.0,339,6,2,0,10,47,3,21
0,4,28.0,218,6,8,2,1,16,3,18
0,5,30.0,294,1,2,1,10,43,0,19
0,4,31.0,67,1,16,0,5,12,1,20
0,4,31.0,67,1,14,2,3,103,3,20
0,4,31.0,67,1,1,2,13,48,3,20
0,4,31.0,67,1,13,1,4,45,4,20
0,2,5.0,127,3,10,1,9,63,1,24
0,2,5.0,127,3,14,2,16,65,3,24
0,2,6.0,251,0,22,1,8,9,4,23
0,2,6.0,251,0,4,0,13,48,4,23
1,0,6.0,260,1,9,0,8,19,4,23
1,0,7.0,15,2,12,0,3,76,4,11
1,0,8.0,9,4,12,2,2,2,3,8
1,0,8.0,9,4,18,0,13,21,1,8
1,0,7.0,15,2,17,0,5,12,0,11
0,3,26.0,343,2,10,1,5,6,0,3
0,5,7.0,349,3,20,0,10,47,3,11
0,5,7.0,349,3,15,0,5,6,0,11
0,8,11.0,306,0,0,0,2,86,1,9
0,8,11.0,306,0,20,0,8,9,3,9
0,8,12.0,284,1,8,0,9,93,0,28
0,8,12.0,284,1,4,0,5,6,0,28
0,8,12.0,284,1,18,0,8,65,4,28
0,8,14.0,296,4,19,0,10,22,3,5
0,8,14.0,296,4,18,2,16,50,3,5
0,8,21.0,46,4,7,1,14,34,0,21
0,8,21.0,46,4,14,1,5,6,0,21
0,8,23.0,102,6,7,1,5,6,0,17
0,8,23.0,102,6,15,2,16,113,3,17
0,8,30.0,103,6,19,0,3,103,4,19
0,4,3.0,279,1,0,1,10,12,0,27
0,4,3.0,279,1,19,0,16,42,1,27
0,3,18.0,165,1,1,1,11,10,4,0
0,5,2.0,307,1,4,0,10,47,2,22
1,7,17.0,95,4,8,0,10,47,0,6
1,7,24.0,68,4,13,1,3,44,1,14
0,4,5.0,235,4,19,2,12,17,3,24
0,4,5.0,235,4,4,0,14,24,3,24
0,4,14.0,345,6,19,0,0,77,1,5
0,7,1.0,98,2,22,0,3,115,1,7
0,7,21.0,81,1,14,2,6,7,3,21
0,7,26.0,316,3,16,1,1,105,0,3
0,7,27.0,53,0,19,1,4,75,1,15
0,7,27.0,53,0,4,1,5,6,2,15
0,7,29.0,268,2,9,0,10,52,1,16
0,6,29.0,335,4,17,1,10,47,0,16
0,3,1.0,180,6,20,0,10,22,2,7
0,3,4.0,285,1,1,1,9,10,4,30
0,3,10.0,4,0,4,0,5,12,0,4
0,3,19.0,138,2,17,0,7,111,3,10
0,3,19.0,138,2,17,2,14,12,3,10
0,3,29.0,325,6,12,0,11,8,1,16
0,5,5.0,96,5,14,0,2,2,4,24
0,5,5.0,96,5,12,0,8,118,1,24
0,5,5.0,96,5,20,1,13,99,4,24
0,5,11.0,326,4,6,1,0,85,0,9
0,5,11.0,326,4,3,2,7,78,0,9
0,5,12.0,327,5,11,1,12,100,4,28
0,5,12.0,327,5,2,0,10,22,3,28
0,5,12.0,327,5,12,0,10,47,2,28
0,5,18.0,195,4,13,0,7,78,1,0
0,5,18.0,195,4,7,2,5,6,3,0
1,5,20.0,214,5,18,0,6,7,3,29
0,5,7.0,349,3,4,0,13,36,3,11
0,5,17.0,212,2,17,1,14,25,0,6
0,5,25.0,350,4,4,0,10,22,1,13
0,5,25.0,350,4,15,1,9,95,4,13
0,11,1.0,222,3,20,0,7,111,1,7
0,8,6.0,87,2,17,0,6,7,4,23
0,8,6.0,87,2,19,1,0,77,1,23
0,8,6.0,87,2,9,0,5,0,3,23
0,8,11.0,306,0,15,0,13,29,0,9
0,8,12.0,284,1,19,0,12,80,2,28
0,8,12.0,284,1,8,0,4,45,0,28
0,5,30.0,294,1,17,3,15,112,4,19
0,2,21.0,108,1,9,0,4,4,1,21
0,0,4.0,229,0,2,0,4,79,2,30
0,0,4.0,229,0,19,0,8,118,3,30
0,0,7.0,15,4,13,0,13,29,1,11
0,0,7.0,15,4,17,1,11,90,0,11
0,0,23.0,237,6,19,0,5,6,0,17
0,0,24.0,55,3,17,0,5,12,0,14
0,0,24.0,55,3,15,0,8,9,2,14
0,0,24.0,55,3,8,0,8,41,1,14
0,0,31.0,290,3,8,0,10,22,1,20
0,3,29.0,325,6,16,0,12,121,0,16
0,4,29.0,313,3,20,0,15,46,1,16
0,4,29.0,313,3,6,2,2,40,3,16
0,4,30.0,139,0,10,0,3,30,3,19
1,1,3.0,188,2,9,0,13,29,1,27
0,2,4.0,254,6,3,2,8,41,3,30
0,0,6.0,260,2,11,0,4,136,1,23
1,0,1.0,8,4,11,0,1,11,4,7
0,10,14.0,174,5,6,0,13,21,3,5
0,4,6.0,176,5,8,1,15,114,1,23
0,4,6.0,176,5,19,0,8,27,1,23
0,4,12.0,134,4,12,0,13,48,0,28
0,4,23.0,30,0,20,0,9,27,0,17
0,4,23.0,30,0,3,0,7,62,2,17
0,4,23.0,30,0,19,1,9,10,1,17
0,4,30.0,139,0,23,1,14,131,1,19
0,2,3.0,282,5,23,0,2,92,3,27
0,2,3.0,282,5,6,3,4,75,3,27
0,2,3.0,282,5,4,0,5,6,2,27
0,2,4.0,254,6,22,0,8,9,3,30
0,8,26.0,278,1,6,1,14,25,0,3
0,8,26.0,278,1,3,0,10,12,4,3
0,4,8.0,292,3,6,1,10,23,1,8
0,10,8.0,213,6,3,0,0,77,4,8
0,10,10.0,245,0,16,0,5,12,2,4
0,10,10.0,245,0,7,0,15,114,1,4
0,10,10.0,245,0,22,0,2,29,3,4
0,10,16.0,201,3,23,1,1,1,4,2
0,10,16.0,201,3,9,0,5,6,3,2
0,10,18.0,246,1,19,0,13,38,4,0
0,10,23.0,247,3,13,1,6,128,4,17
0,1,2.0,171,2,23,1,2,69,0,22
0,1,2.0,171,2,15,0,8,65,1,22
0,1,2.0,171,2,17,0,14,24,3,22
1,9,27.0,179,3,2,3,11,129,4,15
1,3,1.0,180,5,2,0,13,21,1,7
1,3,1.0,180,5,13,3,9,63,4,7
1,7,16.0,40,2,23,2,0,77,3,2
1,7,16.0,40,2,16,0,16,50,1,2
1,9,15.0,226,1,6,0,1,35,4,1
1,11,1.0,222,6,15,0,13,38,1,7
1,11,1.0,222,6,0,2,10,47,0,7
1,9,7.0,271,0,4,2,2,86,3,11
1,9,9.0,320,2,17,2,9,83,3,12
1,9,9.0,320,2,23,0,4,4,1,12
1,9,18.0,359,5,1,0,9,93,4,0
1,9,26.0,267,6,22,0,3,4,0,3
1,7,1.0,98,1,22,0,5,6,3,7
1,7,7.0,293,0,18,0,5,6,2,11
1,11,16.0,225,3,3,1,6,7,4,2
1,9,9.0,320,2,16,0,0,26,0,12
1,9,26.0,267,6,3,0,1,67,1,3
1,11,18.0,332,1,14,0,3,115,2,0
1,11,23.0,232,3,5,0,2,86,2,17
1,9,8.0,90,1,6,0,11,6,3,8
1,9,9.0,320,2,22,1,7,8,4,12
1,9,18.0,359,5,5,0,11,15,0,0
1,9,26.0,267,6,11,2,6,89,3,3
1,7,10.0,329,4,8,0,6,89,0,4
1,7,10.0,329,4,12,0,10,47,3,4
1,7,26.0,316,6,10,0,8,9,0,3
1,7,26.0,316,6,8,0,1,35,2,3
1,3,19.0,138,1,13,0,8,27,1,10
1,3,19.0,138,1,10,0,0,96,3,10
1,3,19.0,138,1,2,0,9,10,2,10
1,7,6.0,93,3,14,2,9,54,3,23
1,3,15.0,35,5,16,1,4,127,4,1
1,3,12.0,104,1,11,1,14,24,4,28
1,9,15.0,226,1,10,0,13,21,1,1
1,9,27.0,179,3,4,1,9,83,4,15
1,9,27.0,179,3,4,1,2,60,4,15
1,9,27.0,179,3,13,1,1,11,4,15
1,9,15.0,226,1,7,1,11,122,4,1
1,9,17.0,255,4,14,0,3,103,4,6
1,7,16.0,40,2,19,1,4,75,4,2
1,7,8.0,94,1,22,0,2,71,4,8
1,7,8.0,94,1,1,0,5,12,0,8
1,3,1.0,180,5,9,0,5,6,0,7
1,3,8.0,148,5,22,0,11,15,2,8
1,3,8.0,148,5,12,2,7,78,4,8
1,3,8.0,148,5,13,1,12,80,1,8
1,3,17.0,54,3,17,1,10,22,4,6
1,3,17.0,54,3,18,0,4,121,1,6
1,11,1.0,222,6,8,1,13,99,0,7
1,3,24.0,357,3,4,2,14,24,3,14
1,3,25.0,347,0,0,0,16,37,1,13
1,11,1.0,222,6,3,0,7,62,2,7
1,5,8.0,199,3,23,2,9,54,3,8
1,5,8.0,199,3,20,0,2,35,4,8
1,11,7.0,253,5,20,1,10,47,0,11
1,11,7.0,253,5,14,0,9,93,1,11
1,11,9.0,311,3,12,0,10,47,3,12
1,11,9.0,311,3,9,0,14,34,1,12
1,7,19.0,330,6,20,1,12,83,1,10
1,7,19.0,330,6,2,1,9,83,4,10
1,11,30.0,170,3,11,0,2,2,1,19
1,11,13.0,312,4,20,0,15,51,1,25
1,11,6.0,252,4,13,0,8,118,2,23
1,11,6.0,252,4,7,1,4,121,0,23
1,11,31.0,227,0,6,0,14,25,1,20
1,9,11.0,52,5,14,0,4,66,2,9
1,9,19.0,234,6,13,0,10,22,2,10
1,9,19.0,234,6,2,2,16,130,3,10
1,9,19.0,234,6,14,0,5,64,1,10
1,9,19.0,234,6,19,1,13,123,4,10
1,9,23.0,167,2,6,0,0,26,3,17
1,9,23.0,167,2,13,0,3,30,1,17
1,9,28.0,315,0,7,1,12,104,0,18
1,9,23.0,167,2,19,0,12,61,4,17
1,7,20.0,266,3,17,1,2,69,0,29
1,11,31.0,227,0,19,3,15,46,1,20
1,7,20.0,266,3,15,2,13,28,3,29
1,7,20.0,266,3,20,1,14,25,4,29
1,7,21.0,81,0,12,1,13,13,4,21
1,7,22.0,211,1,14,0,11,94,3,26
1,7,19.0,330,6,9,1,0,64,0,10
1,11,7.0,253,5,9,0,9,95,2,11
1,11,6.0,252,4,6,2,8,27,2,23
1,11,12.0,118,2,17,1,13,48,0,28
1,11,12.0,118,2,15,1,6,128,4,28
1,11,12.0,118,2,14,2,1,105,2,28
1,11,6.0,252,4,1,0,8,41,4,23
1,11,12.0,118,2,17,0,3,76,2,28
1,11,12.0,118,2,21,0,0,85,2,28
1,11,12.0,118,2,9,2,10,6,3,28
1,11,13.0,312,4,16,1,11,10,0,25
1,11,13.0,312,4,15,2,8,9,0,25
1,11,14.0,147,5,2,1,2,13,1,5
1,11,2.0,265,3,18,2,2,13,3,22
1,11,8.0,283,6,12,0,5,6,2,8
1,11,8.0,283,6,23,1,10,23,1,8
1,11,15.0,331,6,9,0,1,59,4,1
1,11,15.0,331,6,1,2,12,80,3,1
1,11,10.0,360,0,17,1,10,23,1,4
1,11,1.0,222,6,6,0,0,85,0,7
1,11,8.0,283,6,1,2,9,54,3,8
1,11,10.0,360,0,9,2,0,77,1,4
1,11,15.0,331,6,14,2,12,104,3,1
1,11,17.0,110,0,22,0,15,46,2,6
1,11,17.0,110,0,5,0,4,45,3,6
1,11,1.0,222,6,16,1,0,53,0,7
1,11,7.0,253,5,1,0,13,38,1,11
1,11,7.0,253,5,9,1,10,52,1,11
1,11,6.0,252,4,15,2,2,2,2,23
1,11,6.0,252,4,8,0,0,68,2,23
1,11,13.0,312,4,18,0,12,80,3,25
1,11,7.0,253,5,15,1,12,56,1,11
1,11,8.0,283,6,9,2,12,80,3,8
1,11,10.0,360,0,22,2,14,25,3,4
1,11,10.0,360,0,22,2,5,12,0,4
1,11,17.0,110,0,11,0,14,34,3,6
1,11,17.0,110,0,2,2,1,11,3,6
1,11,8.0,283,6,3,2,8,33,2,8
1,9,27.0,179,3,14,1,2,2,0,15
1,11,17.0,110,0,19,2,9,54,3,6
1,9,16.0,107,2,0,1,10,47,2,2
1,9,17.0,255,4,13,1,5,12,1,6
1,11,1.0,222,6,16,0,10,47,0,7
1,11,1.0,222,6,3,0,2,92,1,7
1,11,2.0,265,3,17,1,11,15,0,22
1,11,6.0,252,4,4,0,4,75,1,23
1,11,12.0,118,2,14,1,10,23,1,28
1,11,13.0,312,4,12,1,12,80,1,25
1,11,14.0,147,5,6,1,14,126,0,5
1,11,14.0,147,5,4,0,2,86,0,5
1,11,6.0,252,4,9,1,14,126,4,23
1,11,14.0,147,5,4,2,9,54,3,5
1,11,14.0,147,5,5,1,7,78,4,5
1,11,12.0,118,2,12,2,15,31,3,28
1,11,13.0,312,4,21,1,14,106,0,25
1,11,13.0,312,4,21,1,7,62,0,25
1,11,13.0,312,4,20,1,9,95,1,25
1,11,14.0,147,5,2,1,13,48,4,5
1,11,14.0,147,5,14,0,7,111,4,5
1,11,30.0,170,3,14,1,11,98,0,19
1,11,30.0,170,3,11,0,5,6,0,19
1,11,30.0,170,3,11,0,12,83,4,19
1,11,30.0,170,3,6,0,16,74,4,19
1,9,11.0,52,5,13,0,9,95,2,9
1,11,31.0,227,0,23,1,8,27,4,20
1,11,30.0,170,3,12,1,15,77,0,19
1,11,30.0,170,3,4,1,12,61,4,19
1,11,7.0,253,5,16,1,11,15,0,11
1,11,7.0,253,5,7,1,1,67,0,11
1,11,7.0,253,5,14,2,12,104,3,11
1,11,7.0,253,5,9,1,1,35,0,11
1,11,16.0,225,3,14,0,4,75,4,2
1,11,7.0,253,5,11,0,2,69,1,11
1,11,7.0,253,5,13,2,4,45,0,11
1,11,7.0,253,5,8,0,1,11,1,11
1,11,7.0,253,5,2,2,8,118,1,11
1,11,7.0,253,5,4,0,0,77,3,11
1,11,9.0,311,3,5,3,8,33,0,12
1,11,9.0,311,3,1,2,12,104,3,12
1,11,16.0,225,3,15,1,10,47,0,2
1,11,24.0,194,0,13,0,8,9,3,14
1,11,24.0,194,0,2,0,6,73,3,14
1,9,7.0,271,0,2,3,11,117,2,11
1,11,8.0,283,6,19,1,10,47,0,8
1,11,15.0,331,6,12,0,10,47,1,1
1,11,17.0,110,0,9,0,4,4,1,6
1,9,15.0,226,1,1,1,11,55,4,1
1,9,17.0,255,4,12,0,9,93,4,6
1,11,8.0,283,6,2,2,8,9,0,8
1,9,17.0,255,4,12,0,2,40,1,6
1,9,17.0,255,4,11,1,12,84,1,6
1,9,27.0,179,3,2,2,1,11,3,15
1,11,7.0,253,5,1,1,0,0,0,11
1,11,9.0,311,3,15,1,14,25,1,12
1,11,16.0,225,3,17,0,15,39,1,2
1,11,16.0,225,3,16,0,5,6,0,2
1,11,16.0,225,3,12,1,2,92,1,2
1,11,16.0,225,3,4,2,8,19,0,2
1,11,18.0,332,1,5,0,3,70,1,0
1,11,18.0,332,1,0,0,10,22,4,0
1,11,18.0,332,1,19,0,4,45,0,0
1,11,23.0,232,3,22,0,11,117,0,17
1,11,24.0,194,0,14,2,1,16,3,14
1,9,7.0,271,0,0,0,3,79,4,11
1,11,6.0,252,4,23,1,14,125,4,23
1,11,14.0,147,5,16,1,4,82,4,5
1,11,14.0,147,5,15,3,5,12,2,5
1,11,14.0,147,5,4,1,13,28,1,5
1,11,31.0,227,0,17,1,15,119,4,20
1,9,11.0,52,5,8,0,1,81,1,9
1,9,11.0,52,5,12,0,9,10,2,9
1,9,11.0,52,5,4,2,6,89,1,9
1,9,11.0,52,5,1,2,9,54,3,9
1,9,19.0,234,6,6,1,14,34,0,10
1,9,19.0,234,6,12,2,14,131,1,10
1,9,19.0,234,6,13,1,1,59,1,10
1,9,23.0,167,2,0,0,5,12,3,17
1,9,23.0,167,2,15,1,9,134,4,17
1,9,28.0,315,0,6,0,8,9,1,18
1,9,28.0,315,0,21,2,2,2,0,18
1,7,3.0,269,4,8,2,12,121,1,27
1,7,3.0,269,4,13,1,13,38,1,27
1,7,21.0,81,0,19,2,7,120,3,21
1,7,21.0,81,0,19,0,4,82,1,21
1,9,26.0,267,6,22,0,1,16,2,3
1,9,7.0,271,0,19,0,5,6,0,11
1,9,9.0,320,2,6,0,7,78,3,12
1,5,2.0,307,0,6,0,5,6,0,22
1,3,27.0,361,2,9,0,5,12,0,15
1,3,26.0,343,1,6,0,13,48,0,3
1,3,18.0,165,0,1,0,16,130,1,0
1,3,9.0,44,6,2,0,2,92,3,12
1,3,9.0,44,6,18,0,5,6,0,12
1,3,7.0,289,4,16,1,5,64,0,11
1,9,9.0,320,2,18,0,3,76,4,12
1,7,24.0,68,4,14,3,8,118,0,14
1,7,7.0,293,0,9,1,9,87,2,11
1,11,18.0,332,1,12,0,15,31,1,0
1,11,18.0,332,1,21,0,16,130,3,0
1,11,9.0,311,3,13,0,15,31,1,12
1,3,5.0,324,1,14,0,2,2,1,24
1,11,11.0,175,1,8,3,7,78,4,9
1,11,3.0,288,0,14,1,11,8,4,27
1,11,19.0,321,2,16,1,14,24,0,10
1,11,19.0,321,2,9,0,12,61,1,10
1,11,21.0,192,5,16,0,5,64,3,21
1,11,19.0,321,2,13,1,12,17,1,10
1,11,21.0,192,5,5,0,6,91,1,21
1,11,21.0,192,5,21,0,6,91,1,21
1,11,22.0,250,6,20,0,11,15,0,26
1,11,22.0,250,6,8,2,6,89,3,26
1,8,27.0,78,1,2,1,5,6,2,15
1,11,21.0,192,5,12,0,9,54,2,21
1,9,6.0,51,3,15,0,14,32,2,23
1,9,6.0,51,3,8,1,1,59,4,23
1,9,6.0,51,3,2,0,13,99,1,23
1,11,19.0,321,2,16,0,0,12,0,10
1,9,12.0,177,6,3,0,12,17,3,28
1,9,14.0,106,0,6,0,11,15,0,5
1,9,14.0,106,0,5,1,12,104,4,5
1,9,20.0,119,3,3,1,1,35,4,29
1,9,20.0,119,3,19,2,8,118,3,29
1,9,21.0,362,0,4,2,10,22,1,21
1,11,3.0,288,0,21,1,12,56,0,27
1,11,3.0,288,0,11,0,2,86,1,27
1,11,11.0,175,1,5,0,1,59,1,9
1,11,11.0,175,1,9,2,12,100,3,9
1,11,20.0,340,4,11,0,15,51,2,29
1,11,20.0,340,4,22,1,2,92,1,29
1,11,21.0,192,5,6,1,0,12,0,21
1,11,21.0,192,5,20,1,15,119,4,21
1,11,21.0,192,5,4,1,12,83,4,21
1,9,6.0,51,3,9,2,1,59,0,23
1,9,6.0,51,3,9,0,1,11,4,23
1,9,14.0,106,0,3,0,14,107,3,5
1,9,14.0,106,0,4,2,2,69,3,5
1,9,14.0,106,0,20,1,13,48,4,5
1,9,20.0,119,3,9,0,15,108,2,29
1,9,21.0,362,0,18,0,12,83,2,21
1,9,22.0,92,1,16,0,9,54,1,26
1,9,22.0,92,1,3,0,13,38,2,26
1,9,22.0,92,1,19,0,0,12,2,26
1,9,22.0,92,1,14,0,0,15,0,26
1,9,22.0,92,1,4,1,11,58,4,26
1,7,12.0,181,6,20,1,13,38,4,28
1,7,23.0,202,2,12,0,10,22,1,17
1,7,30.0,42,2,21,1,2,2,2,19
1,7,30.0,42,2,5,2,10,22,3,19
1,7,30.0,42,2,12,1,14,97,2,19
1,7,9.0,273,2,14,1,9,58,4,12
1,7,2.0,160,2,22,1,11,98,4,22
1,7,8.0,94,1,22,0,9,87,3,8
1,7,16.0,40,2,20,1,6,7,0,2
1,7,16.0,40,2,8,2,2,92,1,2
1,7,16.0,40,2,19,3,13,48,0,2
1,7,2.0,160,2,15,3,5,12,0,22
1,7,2.0,160,2,14,2,5,6,0,22
1,7,9.0,273,2,0,0,7,120,0,12
1,9,27.0,179,3,19,0,16,50,1,15
1,3,1.0,180,5,16,0,11,55,4,7
1,3,1.0,180,5,14,0,16,50,1,7
1,3,8.0,148,5,13,1,11,122,4,8
1,3,24.0,357,3,13,0,6,128,4,14
1,3,25.0,347,0,6,2,5,6,3,13
1,3,25.0,347,0,1,0,5,12,0,13
1,3,25.0,347,0,19,0,3,70,1,13
1,5,3.0,161,1,16,2,15,39,0,27
1,5,3.0,161,1,17,0,4,75,1,27
1,5,3.0,161,1,6,0,3,30,0,27
1,5,3.0,161,1,0,0,11,117,3,27
1,5,3.0,161,1,22,0,10,22,1,27
1,9,18.0,359,5,13,0,8,9,2,0
1,7,27.0,53,3,18,2,0,31,3,15
1,7,27.0,53,3,18,0,0,12,0,15
1,7,27.0,53,3,15,2,5,6,0,15
1,7,26.0,316,6,3,1,14,25,4,3
1,7,24.0,68,4,19,0,2,60,2,14
1,7,24.0,68,4,22,0,1,11,4,14
1,7,17.0,95,4,22,1,13,99,4,6
1,7,7.0,293,0,9,2,1,16,3,11
1,7,1.0,98,1,0,0,0,77,3,7
1,9,26.0,267,6,19,0,2,40,1,3
1,9,18.0,359,5,23,3,6,7,0,0
1,9,8.0,90,1,18,0,4,82,1,8
1,9,8.0,90,1,4,1,7,129,4,8
1,9,7.0,271,0,22,1,15,119,4,11
1,9,7.0,271,0,3,0,11,55,0,11
1,9,7.0,271,0,16,0,0,15,0,11
1,11,24.0,194,0,6,1,9,10,4,14
1,11,23.0,232,3,8,1,1,59,4,17
1,11,23.0,232,3,21,0,2,40,4,17
1,5,3.0,161,1,9,1,11,58,4,27
1,5,8.0,199,3,16,1,3,30,0,8
1,5,8.0,199,3,23,0,16,37,4,8
1,5,8.0,199,3,1,0,15,31,3,8
1,5,11.0,326,2,19,3,5,64,3,9
1,5,16.0,239,0,3,1,7,122,1,2
1,5,16.0,239,0,12,1,2,2,4,2
1,5,17.0,212,1,10,1,11,90,1,6
1,9,27.0,179,3,3,1,1,67,4,15
1,7,2.0,160,2,0,0,2,86,4,22
1,7,2.0,160,2,1,0,15,108,3,22
1,9,27.0,179,3,14,1,11,55,4,15
1,7,8.0,94,1,11,1,9,63,4,8
1,7,9.0,273,2,4,2,13,69,3,12
1,7,16.0,40,2,6,0,3,115,3,2
1,7,16.0,40,2,16,0,13,123,0,2
1,7,16.0,40,2,16,0,5,12,3,2
1,3,1.0,180,5,14,2,6,7,3,7
1,9,27.0,179,3,5,1,2,86,4,15
1,9,17.0,255,4,14,2,10,47,3,6
1,9,16.0,107,2,17,0,0,77,3,2
1,9,15.0,226,1,22,1,0,0,2,1
1,11,18.0,332,1,22,0,6,89,0,0
1,11,18.0,332,1,4,1,12,56,4,0
1,11,18.0,332,1,14,0,12,84,3,0
1,11,16.0,225,3,3,1,1,1,4,2
1,11,7.0,253,5,16,1,9,134,0,11
1,9,15.0,226,1,5,0,8,118,4,1
1,9,1.0,126,1,6,1,13,13,1,7
1,9,1.0,126,1,10,1,12,56,0,7
1,7,16.0,40,2,12,1,11,55,0,2
1,7,9.0,273,2,4,0,12,61,1,12
1,11,8.0,283,6,3,0,3,103,4,8
1,11,8.0,283,6,11,2,9,134,0,8
1,11,1.0,222,6,14,0,15,85,4,7
1,9,17.0,255,4,13,0,1,35,3,6
1,5,6.0,277,5,17,1,3,70,4,23
1,5,29.0,24,3,2,0,0,12,0,16
1,5,6.0,277,5,19,0,2,92,3,23
1,6,6.0,83,0,4,0,4,82,3,23
1,5,6.0,277,5,18,1,1,67,0,23
1,5,31.0,196,1,20,0,1,1,4,20
1,5,31.0,196,1,13,2,0,15,2,20
1,5,31.0,196,1,4,0,16,39,3,20
1,6,30.0,145,4,18,0,3,44,4,19
1,10,6.0,242,2,6,2,10,47,3,23
1,10,6.0,242,2,0,2,2,92,3,23
1,10,6.0,242,2,23,0,10,23,1,23
1,10,6.0,242,2,5,0,14,32,3,23
1,10,6.0,242,2,2,0,0,26,1,23
1,10,6.0,242,2,4,2,14,34,3,23
1,11,3.0,288,0,18,0,16,113,2,27
1,11,11.0,175,1,3,1,8,41,0,9
1,9,6.0,51,3,12,1,0,12,0,23
1,9,22.0,92,1,15,0,4,121,3,26
1,5,7.0,349,6,5,0,13,99,2,11
1,11,3.0,288,0,16,1,11,98,0,27
1,11,11.0,175,1,17,0,4,79,4,9
1,11,11.0,175,1,6,1,5,0,0,9
1,11,11.0,175,1,0,0,5,12,3,9
1,11,20.0,340,4,6,0,0,77,1,29
1,11,20.0,340,4,11,0,0,26,2,29
1,11,21.0,192,5,15,1,2,86,4,21
1,11,21.0,192,5,1,0,15,51,2,21
1,11,22.0,250,6,19,0,2,86,4,26
1,11,22.0,250,6,17,1,0,12,0,26
1,11,22.0,250,6,4,1,13,38,4,26
1,5,7.0,349,6,15,0,5,6,2,11
1,5,20.0,214,5,17,1,9,57,0,29
1,5,20.0,214,5,19,0,8,27,1,29
1,5,20.0,214,5,4,2,4,138,3,29
1,5,20.0,214,5,2,0,8,9,3,29
1,10,25.0,56,0,14,2,13,21,1,13
1,10,26.0,61,1,6,2,16,50,3,3
1,10,26.0,61,1,16,2,6,88,3,3
1,10,26.0,61,1,5,0,8,41,4,3
1,10,26.0,61,1,8,2,1,11,3,3
1,10,26.0,61,1,12,2,10,47,3,3
1,10,25.0,56,0,16,1,1,67,4,13
1,1,11.0,111,4,17,1,9,27,0,9
1,1,11.0,111,4,3,0,6,7,4,9
1,1,11.0,111,4,4,0,12,121,1,9
1,1,11.0,111,4,4,0,5,64,3,9
1,1,11.0,111,4,9,0,2,2,1,9
1,1,11.0,111,4,13,1,1,81,4,9
1,1,27.0,262,6,4,2,2,86,0,15
1,1,27.0,262,6,20,1,3,44,4,15
1,3,19.0,138,1,2,1,0,96,4,10
1,3,26.0,343,1,19,0,0,85,3,3
1,3,26.0,343,1,18,2,14,34,3,3
1,5,2.0,307,0,3,0,10,47,3,22
1,6,2.0,352,4,3,0,9,9,3,22
1,6,2.0,352,4,14,1,10,22,0,22
1,6,3.0,99,5,22,2,10,47,3,27
1,6,2.0,352,4,9,1,0,85,2,22
1,6,11.0,355,6,15,2,15,31,1,9
1,6,16.0,38,4,11,0,10,23,1,2
1,6,16.0,38,4,22,1,9,101,4,2
1,6,20.0,215,0,15,0,7,122,0,29
1,6,20.0,215,0,8,0,4,82,1,29
1,6,20.0,215,0,19,0,6,7,0,29
1,10,2.0,358,6,21,1,3,115,4,22
1,10,2.0,358,6,21,0,14,34,4,22
1,10,2.0,358,6,13,2,3,30,3,22
1,10,2.0,358,6,1,0,3,30,1,22
1,10,19.0,117,1,18,0,1,81,4,10
1,9,9.0,320,2,21,0,0,77,2,12
1,9,18.0,359,5,11,0,8,9,1,0
1,9,26.0,267,6,15,1,4,82,1,3
1,9,26.0,267,6,2,0,2,3,3,3
1,9,26.0,267,6,12,1,14,88,4,3
1,7,1.0,98,1,22,1,0,77,4,7
1,7,7.0,293,0,14,1,0,64,1,11
1,7,10.0,329,4,2,0,2,69,2,4
1,7,10.0,329,4,4,0,6,73,1,4
1,7,10.0,329,4,8,1,9,63,4,4
1,7,10.0,329,4,9,0,14,107,1,4
1,7,17.0,95,4,18,0,12,61,3,6
1,7,19.0,330,6,13,1,5,12,0,10
1,9,15.0,226,1,13,2,13,28,0,1
1,9,1.0,126,1,8,0,0,53,3,7
1,11,17.0,110,0,18,0,15,46,1,6
1,6,13.0,317,0,4,0,6,128,1,25
1,11,17.0,110,0,15,1,1,67,4,6
1,3,6.0,303,2,1,1,14,32,0,23
1,11,17.0,110,0,17,0,5,6,1,6
1,3,4.0,285,0,19,1,13,36,2,30
1,11,15.0,331,6,2,1,9,101,4,1
1,11,15.0,331,6,8,0,14,88,4,1
1,11,15.0,331,6,11,0,3,44,0,1
1,11,10.0,360,0,17,1,12,17,0,4
1,11,1.0,222,6,13,0,16,72,1,7
1,11,8.0,283,6,13,2,6,91,2,8
1,11,1.0,222,6,6,0,13,29,4,7
1,11,1.0,222,6,0,0,0,53,3,7
1,9,17.0,255,4,0,0,9,63,2,6
1,9,16.0,107,2,14,0,2,69,2,2
1,9,16.0,107,2,5,0,12,56,1,2
1,9,15.0,226,1,14,0,5,6,0,1
1,9,15.0,226,1,6,0,5,12,3,1
1,9,1.0,126,1,13,1,9,102,1,7
1,11,15.0,331,6,5,0,6,89,2,1
1,11,15.0,331,6,16,1,3,30,0,1
1,11,10.0,360,0,3,1,1,16,4,4
1,11,8.0,283,6,2,0,8,9,2,8
1,11,8.0,283,6,8,0,16,130,1,8
1,11,1.0,222,6,16,0,2,2,3,7
1,11,1.0,222,6,23,0,8,27,1,7
1,11,1.0,222,6,6,1,13,28,0,7
1,11,1.0,222,6,16,0,0,64,0,7
1,11,1.0,222,6,17,3,9,49,4,7
1,5,8.0,199,3,14,0,10,6,3,8
1,3,25.0,347,0,1,1,9,101,4,13
1,3,25.0,347,0,23,1,14,97,1,13
1,3,24.0,357,3,13,0,9,109,2,14
1,3,17.0,54,3,14,0,15,37,3,6
1,3,8.0,148,5,20,1,15,85,4,8
1,5,8.0,199,3,12,0,6,7,3,8
1,7,8.0,94,1,11,0,0,64,2,8
1,7,2.0,160,2,13,1,0,26,1,22
1,11,15.0,331,6,17,0,2,92,1,1
1,9,22.0,92,1,14,2,7,78,0,26
1,3,5.0,324,1,16,0,5,12,3,24
1,3,5.0,324,1,4,0,11,15,2,24
1,3,5.0,324,1,8,1,11,55,4,24
1,3,5.0,324,1,16,0,16,130,3,24
1,3,12.0,104,1,21,1,0,53,1,28
1,3,12.0,104,1,14,0,12,80,3,28
1,3,12.0,104,1,22,3,9,63,1,28
1,3,21.0,338,4,13,2,6,91,3,21
1,5,4.0,114,2,16,0,14,25,3,30
1,5,6.0,277,5,19,0,8,33,1,23
1,5,6.0,277,5,2,2,8,118,2,23
1,5,6.0,277,5,5,1,13,48,4,23
1,5,7.0,349,6,5,2,1,81,3,11
1,11,22.0,250,6,1,1,13,28,1,26
1,9,22.0,92,1,4,0,8,27,4,26
1,9,22.0,92,1,18,0,16,50,1,26
1,9,22.0,92,1,4,1,11,15,4,26
1,7,23.0,202,2,0,0,0,77,0,17
1,3,15.0,35,5,22,0,3,70,2,1
1,3,5.0,324,1,19,1,9,93,4,24
1,5,31.0,196,1,19,2,4,66,2,20
1,11,3.0,288,0,15,0,8,27,1,27
1,7,19.0,330,6,19,1,4,136,0,10
1,9,26.0,267,6,19,3,9,109,3,3
1,3,7.0,289,4,8,3,9,93,0,11
1,3,27.0,361,2,18,0,14,106,4,15
1,11,16.0,225,3,14,0,8,9,1,2
1,11,16.0,225,3,18,0,3,76,4,2
1,11,24.0,194,0,18,0,6,128,1,14
1,9,7.0,271,0,11,1,12,84,4,11
1,9,8.0,90,1,11,0,16,37,4,8
1,9,8.0,90,1,19,2,6,89,3,8
1,9,18.0,359,5,4,0,14,106,1,0
1,11,7.0,253,5,17,1,2,92,2,11
1,7,1.0,98,1,5,0,10,12,3,7
1,7,7.0,293,0,9,1,14,125,4,11
1,7,10.0,329,4,5,1,9,87,4,4
1,7,27.0,53,3,16,1,6,7,0,15
1,3,7.0,289,4,12,2,7,8,3,11
1,3,7.0,289,4,19,2,8,118,1,11
1,3,9.0,44,6,23,1,9,95,0,12
1,3,18.0,165,0,17,2,10,43,1,0
1,3,18.0,165,0,3,1,2,2,4,0
1,3,18.0,165,0,16,0,0,85,0,0
1,7,19.0,330,6,19,1,6,7,1,10
1,9,26.0,267,6,1,0,10,47,3,3
1,3,7.0,289,4,17,0,13,29,3,11
1,3,7.0,289,4,12,0,15,112,4,11
1,9,16.0,107,2,23,0,13,38,2,2
1,9,17.0,255,4,17,0,15,39,3,6
1,9,17.0,255,4,0,0,10,12,0,6
1,3,8.0,148,5,11,0,15,51,1,8
1,3,17.0,54,3,3,1,0,31,4,6
1,3,24.0,357,3,0,1,7,111,0,14
1,3,24.0,357,3,11,1,1,1,4,14
1,11,12.0,118,2,9,0,6,7,3,28
1,3,24.0,357,3,19,0,0,64,3,14
1,11,13.0,312,4,6,0,0,26,0,25
1,5,3.0,161,1,21,0,0,0,1,27
1,11,14.0,147,5,16,0,11,18,1,5
1,11,30.0,170,3,6,0,1,59,1,19
1,5,11.0,326,2,16,1,9,10,0,9
1,11,31.0,227,0,5,1,6,14,4,20
1,5,11.0,326,2,17,1,1,11,0,9
1,11,31.0,227,0,14,1,13,123,4,20
1,5,16.0,239,0,6,1,8,27,1,2
1,5,17.0,212,1,11,0,5,12,0,6
1,5,16.0,239,0,2,1,13,48,0,2
1,5,18.0,195,2,19,0,11,133,4,0
1,5,24.0,58,1,14,0,6,7,0,14
1,7,30.0,42,2,0,0,5,12,3,19
1,3,5.0,324,1,22,0,5,12,0,24
1,3,12.0,104,1,16,0,5,6,0,28
1,3,12.0,104,1,3,0,11,15,0,28
1,3,15.0,35,5,3,2,2,2,3,1
1,3,15.0,35,5,1,1,7,111,0,1
1,5,4.0,114,2,17,0,8,41,3,30
1,5,6.0,277,5,21,1,5,0,0,23
1,5,6.0,277,5,18,1,1,67,0,23
1,5,7.0,349,6,3,1,9,134,4,11
1,5,23.0,168,0,17,0,10,43,0,17
1,5,23.0,168,0,14,0,3,70,1,17
1,8,25.0,86,3,14,1,5,64,4,13
1,5,31.0,196,1,0,0,3,79,1,20
1,3,5.0,324,1,8,1,12,80,4,24
1,6,30.0,145,4,14,2,0,68,0,19
1,10,5.0,336,1,5,0,11,55,0,24
1,7,20.0,266,3,22,1,8,9,1,29
1,7,5.0,204,6,9,2,10,23,2,24
1,7,5.0,204,6,13,0,6,91,1,24
1,5,29.0,24,3,2,1,2,92,1,16
1,10,4.0,356,0,14,1,13,29,4,30
1,6,24.0,31,5,20,0,6,7,2,14
1,4,16.0,25,3,11,1,13,38,4,2
1,3,4.0,285,0,6,0,16,42,3,30
1,3,4.0,285,0,9,0,11,98,3,30
1,3,14.0,33,4,11,0,12,100,3,5
1,3,20.0,105,2,3,0,11,117,0,29
1,3,20.0,105,2,1,2,13,99,1,29
1,3,20.0,105,2,9,0,14,25,3,29
1,3,22.0,166,5,3,0,4,4,1,26
1,3,22.0,166,5,22,1,6,91,1,26
1,3,22.0,166,5,12,3,13,28,0,26
1,3,28.0,187,4,13,2,1,67,3,18
1,3,28.0,187,4,21,0,10,22,3,18
1,3,28.0,187,4,12,2,1,11,3,18
1,5,5.0,96,4,2,1,16,113,0,24
1,5,5.0,96,4,5,1,11,90,1,24
1,6,17.0,244,5,22,1,2,86,1,6
1,6,27.0,116,0,23,1,14,32,1,15
1,6,27.0,116,0,22,3,14,32,0,15
1,5,3.0,161,1,13,0,2,69,3,27
1,3,17.0,54,3,20,0,1,1,1,6
1,6,27.0,116,0,4,1,4,82,4,15
1,10,27.0,302,2,17,0,6,128,1,15
1,11,17.0,110,0,17,0,5,0,2,6
1,11,15.0,331,6,13,1,10,47,1,1
1,9,27.0,179,3,16,1,0,0,1,15
1,9,27.0,179,3,13,0,5,6,0,15
1,9,27.0,179,3,13,1,8,9,1,15
1,9,15.0,226,1,21,0,13,99,1,1
1,7,9.0,273,2,22,0,8,41,0,12
1,7,8.0,94,1,17,1,8,9,1,8
1,3,8.0,148,5,22,0,0,15,0,8
1,3,17.0,54,3,19,0,1,11,3,6
1,3,24.0,357,3,15,2,3,103,0,14
1,3,25.0,347,0,6,1,10,12,0,13
1,3,25.0,347,0,3,0,16,72,1,13
1,5,3.0,161,1,6,0,3,115,3,27
1,5,3.0,161,1,17,0,3,79,3,27
1,5,15.0,200,3,17,1,13,28,0,1
1,5,15.0,200,3,18,0,14,126,1,1
1,5,29.0,24,3,4,2,13,21,1,16
1,6,4.0,159,6,14,0,2,71,4,30
1,7,21.0,81,0,12,1,11,117,0,21
1,3,6.0,303,2,19,2,16,50,3,23
1,7,5.0,204,6,19,1,13,38,4,24
1,7,5.0,204,6,9,1,10,23,1,24
1,7,24.0,68,4,6,0,1,11,0,14
1,3,7.0,289,4,22,1,7,62,4,11
1,3,9.0,44,6,21,0,4,82,1,12
1,7,24.0,68,4,10,1,6,7,0,14
1,9,19.0,234,6,0,1,9,49,0,10
1,7,24.0,68,4,8,1,12,80,1,14
1,9,19.0,234,6,22,0,4,4,1,10
1,9,23.0,167,2,16,0,9,27,0,17
1,7,20.0,266,3,0,0,5,6,1,29
1,7,20.0,266,3,7,0,5,6,1,29
1,7,20.0,266,3,4,1,9,27,0,29
1,10,18.0,246,0,1,0,5,6,0,0
1,10,19.0,117,1,11,0,7,20,2,10
1,10,19.0,117,1,18,1,5,12,0,10
1,10,20.0,223,2,22,0,2,2,1,29
1,10,20.0,223,2,3,0,13,36,4,29
1,3,7.0,289,4,15,3,7,120,4,11
1,8,17.0,74,6,14,0,4,4,1,6
1,8,18.0,75,3,17,0,10,47,1,0
1,8,12.0,284,0,1,0,10,47,3,28
1,8,17.0,74,6,22,0,4,45,2,6
1,8,18.0,75,3,0,0,0,77,1,0
1,4,29.0,313,6,6,0,4,5,1,16
1,11,18.0,332,1,21,0,16,139,1,0
1,11,18.0,332,1,8,1,11,55,4,0
1,11,24.0,194,0,6,0,13,48,0,14
1,3,9.0,44,6,12,0,9,49,2,12
1,11,24.0,194,0,11,0,2,2,1,14
1,11,24.0,194,0,20,1,12,56,1,14
1,11,24.0,194,0,18,0,5,6,3,14
1,9,7.0,271,0,0,0,15,114,4,11
1,9,7.0,271,0,8,1,1,16,4,11
1,9,8.0,90,1,19,0,1,67,4,8
1,5,23.0,168,0,6,1,11,98,4,17
1,5,23.0,168,0,3,0,13,29,3,17
1,6,30.0,145,4,14,0,1,67,4,19
1,8,16.0,73,5,3,1,2,2,1,2
1,6,30.0,145,4,18,0,1,11,1,19
1,10,16.0,201,6,15,1,5,6,0,2
1,10,16.0,201,6,16,1,14,110,2,2
1,4,31.0,67,0,9,0,2,3,2,20
1,4,31.0,67,0,18,0,9,102,0,20
1,4,31.0,67,0,20,1,9,95,4,20
1,5,31.0,196,1,2,0,10,22,3,20
1,5,31.0,196,1,19,0,10,23,1,20
1,5,31.0,196,1,1,0,8,9,1,20
1,10,5.0,336,1,16,0,13,36,1,24
1,10,5.0,336,1,22,1,14,24,1,24
1,10,6.0,242,2,6,0,5,12,3,23
1,9,22.0,92,1,8,3,3,30,3,26
1,7,6.0,93,3,1,0,2,92,2,23
1,7,23.0,202,2,0,0,8,27,0,17
1,7,29.0,268,1,0,0,12,121,3,16
1,7,30.0,42,2,21,0,11,0,3,19
1,7,1.0,98,1,21,0,2,86,4,7
1,7,1.0,98,1,7,0,3,79,1,7
1,7,7.0,293,0,3,0,9,101,3,11
1,7,10.0,329,4,11,0,5,6,0,4
1,7,10.0,329,4,22,0,6,91,0,4
1,7,17.0,95,4,8,2,16,108,3,6
1,7,26.0,316,6,16,1,0,31,0,3
1,7,26.0,316,6,19,0,3,44,1,3
1,7,27.0,53,3,0,1,8,9,0,15
1,7,27.0,53,3,2,0,0,64,0,15
1,7,27.0,53,3,18,0,2,60,0,15
1,3,7.0,289,4,4,0,9,10,1,11
1,3,9.0,44,6,19,0,3,30,1,12
1,10,18.0,246,0,14,1,3,103,1,0
1,10,25.0,56,0,2,2,8,33,3,13
1,10,25.0,56,0,14,0,5,64,0,13
1,10,26.0,61,1,16,0,2,13,4,3
1,10,26.0,61,1,0,0,3,44,3,3
1,4,29.0,313,6,10,0,9,101,2,16
1,4,29.0,313,6,20,0,14,25,2,16
1,4,27.0,274,4,9,0,5,6,3,15
1,11,15.0,331,6,17,0,14,126,4,1
1,10,17.0,256,3,15,1,0,77,1,6
1,8,20.0,319,1,13,0,8,27,1,29
1,7,26.0,316,6,8,0,2,86,1,3
1,7,26.0,316,6,8,2,16,130,0,3
1,7,27.0,53,3,7,2,6,7,0,15
1,7,26.0,316,6,22,3,9,57,0,3
1,3,19.0,138,1,1,1,1,67,4,10
1,3,19.0,138,1,3,1,10,23,1,10
1,3,19.0,138,1,16,0,6,7,0,10
1,7,26.0,316,6,4,1,9,27,0,3
1,3,9.0,44,6,7,0,14,25,1,12
1,3,9.0,44,6,4,0,8,118,1,12
1,3,9.0,44,6,3,1,14,106,4,12
1,3,9.0,44,6,8,1,12,80,4,12
1,3,10.0,4,3,3,1,3,70,4,4
1,3,18.0,165,0,16,0,11,18,0,0
1,3,18.0,165,0,2,0,7,78,0,0
1,3,18.0,165,0,5,1,11,133,0,0
1,3,18.0,165,0,19,0,10,47,0,0
1,3,26.0,343,1,19,0,5,12,3,3
1,3,26.0,343,1,14,1,11,58,4,3
1,3,26.0,343,1,2,1,1,16,4,3
1,5,2.0,307,0,3,0,2,13,3,22
1,5,2.0,307,0,22,2,9,95,3,22
1,7,27.0,53,3,21,0,2,13,1,15
1,6,2.0,352,4,13,0,3,115,3,22
1,6,3.0,99,5,4,2,16,113,0,27
1,11,18.0,332,1,7,1,13,38,1,0
1,6,11.0,355,6,19,0,3,70,4,9
1,6,16.0,38,4,8,0,5,12,1,2
1,6,17.0,244,5,2,3,1,35,0,6
1,11,15.0,331,6,18,0,14,34,0,1
1,3,24.0,357,3,0,1,11,98,0,14
1,5,3.0,161,1,17,0,0,31,2,27
1,5,3.0,161,1,8,0,6,89,4,27
1,5,16.0,239,0,17,0,8,9,1,2
1,5,16.0,239,0,16,3,6,91,4,2
1,5,16.0,239,0,15,0,8,118,3,2
1,5,16.0,239,0,9,1,12,17,4,2
1,5,17.0,212,1,17,2,8,118,1,6
1,3,1.0,180,5,23,1,13,38,1,7
1,3,8.0,148,5,9,0,6,89,0,8
1,3,24.0,357,3,8,0,3,30,3,14
1,3,24.0,357,3,14,2,10,47,3,14
1,3,25.0,347,0,8,1,11,18,1,13
1,11,8.0,283,6,3,1,15,51,1,8
1,11,1.0,222,6,17,0,1,1,1,7
1,11,15.0,331,6,11,0,9,95,0,1
1,7,8.0,94,1,0,0,3,103,3,8
1,9,1.0,126,1,2,1,5,6,1,7
1,6,16.0,38,4,4,0,2,86,1,2
1,6,20.0,215,0,18,0,16,130,0,29
1,5,2.0,307,0,9,1,2,69,0,22
1,5,2.0,307,0,0,0,0,85,1,22
1,6,2.0,352,4,16,1,14,131,4,22
1,6,11.0,355,6,1,0,1,59,2,9
1,6,11.0,355,6,9,0,16,37,1,9
1,6,11.0,355,6,2,0,13,99,2,9
1,6,11.0,355,6,11,1,12,80,1,9
1,6,16.0,38,4,8,0,10,47,3,2
1,6,16.0,38,4,19,2,15,39,3,2
1,6,16.0,38,4,14,0,15,31,4,2
1,6,19.0,291,3,19,2,7,57,4,10
1,6,19.0,291,3,9,0,12,84,1,10
1,6,20.0,215,0,2,2,14,88,3,29
1,6,20.0,215,0,18,1,5,6,1,29
1,10,2.0,358,6,4,0,4,5,4,22
1,10,18.0,246,0,19,0,0,68,4,0
1,5,15.0,200,3,1,0,10,23,1,1
1,7,22.0,211,1,8,3,4,4,3,26
1,3,4.0,285,0,13,0,14,25,0,30
1,3,4.0,285,0,16,1,10,47,1,30
1,3,4.0,285,0,12,0,9,57,0,30
1,3,4.0,285,0,12,0,4,4,1,30
1,3,4.0,285,0,15,1,7,78,4,30
1,3,6.0,303,2,16,0,5,12,3,23
1,3,6.0,303,2,14,0,5,64,3,23
1,3,14.0,33,4,8,1,10,23,1,5
1,3,22.0,166,5,5,1,1,81,4,26
1,3,22.0,166,5,8,1,1,81,4,26
1,6,4.0,159,6,16,0,0,53,3,30
1,6,4.0,159,6,16,0,5,12,1,30
1,3,9.0,44,6,4,1,11,55,4,12
1,3,9.0,44,6,1,1,0,85,1,12
1,3,10.0,4,3,20,1,0,26,1,4
1,3,10.0,4,3,19,1,9,83,4,4
1,11,11.0,175,1,10,0,16,72,3,9
1,11,19.0,321,2,6,0,4,4,1,10
1,11,19.0,321,2,1,0,13,99,1,10
1,11,21.0,192,5,9,0,12,80,1,21
1,9,12.0,177,6,1,2,14,32,3,28
1,9,14.0,106,0,3,0,15,51,2,5
1,9,21.0,362,0,21,0,10,47,1,21
1,9,21.0,362,0,22,0,16,50,2,21
1,9,22.0,92,1,21,1,4,136,4,26
1,7,6.0,93,3,13,0,13,4,3,23
1,7,6.0,93,3,15,1,2,2,1,23
1,7,12.0,181,6,6,1,1,105,0,28
1,7,12.0,181,6,8,0,7,20,4,28
1,7,23.0,202,2,6,2,0,64,0,17
1,7,23.0,202,2,7,1,14,32,0,17
1,7,29.0,268,1,19,0,5,12,3,16
1,7,29.0,268,1,1,1,11,8,4,16
1,7,30.0,42,2,6,1,8,27,4,19
1,1,14.0,183,3,18,3,0,64,3,5
1,11,11.0,175,1,14,0,13,28,1,9
1,11,11.0,175,1,14,1,8,33,0,9
1,11,22.0,250,6,3,0,0,64,3,26
1,3,15.0,35,5,14,0,14,25,4,1
1,9,14.0,106,0,4,0,2,86,2,5
1,5,7.0,349,6,3,0,5,6,3,11
1,11,11.0,175,1,14,0,13,21,1,9
1,7,6.0,93,3,12,1,12,61,4,23
1,9,14.0,106,0,19,1,14,126,4,5
1,11,11.0,175,1,13,0,10,47,2,9
1,7,29.0,268,1,1,1,3,44,1,16
1,5,6.0,277,5,2,3,2,2,1,23
1,10,16.0,201,6,13,0,5,12,3,2
1,11,11.0,175,1,17,2,7,57,3,9
1,11,11.0,175,1,22,2,10,47,0,9
1,11,19.0,321,2,17,0,11,15,0,10
1,11,20.0,340,4,5,0,5,6,0,29
1,11,20.0,340,4,14,0,0,26,2,29
1,11,21.0,192,5,22,1,6,7,4,21
1,11,22.0,250,6,11,0,0,77,1,26
1,11,21.0,192,5,8,0,1,11,4,21
1,11,3.0,288,0,7,0,1,105,0,27
1,3,7.0,289,4,13,1,10,23,0,11
1,3,18.0,165,0,10,0,10,47,1,0
1,3,18.0,165,0,23,0,13,48,1,0
1,3,10.0,4,3,13,1,13,29,2,4
1,3,10.0,4,3,17,0,6,14,2,4
1,3,18.0,165,0,1,1,3,30,0,0
1,3,27.0,361,2,14,0,0,85,3,15
1,5,2.0,307,0,16,2,3,30,3,22
1,6,2.0,352,4,9,0,6,89,0,22
1,6,3.0,99,5,1,0,8,118,1,27
1,6,11.0,355,6,7,1,9,10,1,9
1,6,16.0,38,4,3,0,16,72,1,2
1,6,16.0,38,4,13,1,6,116,4,2
1,6,16.0,38,4,11,1,6,7,4,2
1,6,19.0,291,3,5,1,11,58,4,10
1,6,19.0,291,3,14,0,10,47,3,10
1,6,20.0,215,0,8,1,0,31,4,29
1,6,20.0,215,0,9,0,2,13,0,29
1,10,18.0,246,0,11,0,1,35,0,0
1,10,19.0,117,1,16,2,13,13,3,10
1,10,19.0,117,1,23,0,11,94,1,10
1,10,20.0,223,2,12,0,11,15,3,29
1,10,25.0,56,0,8,2,12,134,0,13
1,9,20.0,119,3,13,0,1,105,0,29
1,9,20.0,119,3,14,2,2,86,3,29
1,9,21.0,362,0,14,0,5,6,1,21
1,9,22.0,92,1,16,1,2,2,0,26
1,7,6.0,93,3,22,2,15,114,2,23
1,7,23.0,202,2,18,0,15,114,1,17
1,7,29.0,268,1,1,0,14,24,2,16
1,7,30.0,42,2,16,0,14,24,4,19
1,3,5.0,324,1,16,1,5,64,0,24
1,3,5.0,324,1,16,1,0,31,1,24
1,3,5.0,324,1,0,0,5,6,0,24
1,3,5.0,324,1,14,0,11,15,0,24
1,3,12.0,104,1,0,2,16,130,3,28
1,3,12.0,104,1,21,2,0,64,3,28
1,3,12.0,104,1,20,0,15,85,0,28
1,3,15.0,35,5,20,3,0,12,1,1
1,3,21.0,338,4,3,0,3,44,3,21
1,5,4.0,114,2,17,0,8,27,0,30
0,10,31.0,135,0,5,1,15,108,2,20
0,6,11.0,355,3,17,0,12,121,2,9
0,5,4.0,114,4,7,0,10,22,1,30
0,10,30.0,157,3,23,1,14,126,4,19
0,3,3.0,182,0,9,1,13,38,4,27
0,5,4.0,114,4,2,1,13,21,1,30
0,11,9.0,311,0,6,0,8,27,4,12
1,3,16.0,263,6,9,1,0,31,0,2
0,5,10.0,155,2,18,0,13,21,1,4
1,5,10.0,155,1,19,1,10,22,2,4
0,5,10.0,155,2,12,0,7,111,0,4
1,5,9.0,206,0,22,0,10,23,1,12
0,6,12.0,162,0,14,0,14,106,4,28
1,10,9.0,150,6,18,0,9,102,4,12
0,1,14.0,183,0,19,1,4,121,0,5
1,10,11.0,298,0,13,1,11,133,4,9
0,8,3.0,363,3,5,3,2,69,3,27
1,11,30.0,170,3,17,0,10,47,1,19
1,7,21.0,81,0,5,1,9,49,1,21
0,11,31.0,227,1,9,0,0,26,0,20
1,9,28.0,315,0,22,0,11,117,3,18
1,4,25.0,20,1,4,0,0,26,0,13
1,10,28.0,216,4,13,3,6,7,3,18
1,1,18.0,82,4,22,1,13,38,2,0
1,8,1.0,66,4,7,1,10,12,1,7
1,2,4.0,254,5,3,0,9,49,1,30
1,2,4.0,254,5,14,1,1,105,0,30
1,8,10.0,71,6,23,0,4,138,2,4
0,9,25.0,344,6,4,1,11,94,0,13
1,8,3.0,363,6,11,3,14,25,0,27
1,2,21.0,108,0,13,0,1,11,2,21
1,10,9.0,150,6,13,3,2,2,1,12
1,1,20.0,151,6,3,0,3,76,1,29
0,7,11.0,197,6,4,0,4,5,1,9
0,7,28.0,34,1,19,0,2,86,4,18
1,0,2.0,47,5,19,1,12,56,4,22
1,0,2.0,47,5,5,0,16,72,2,22
1,0,12.0,113,0,12,3,11,98,0,28
0,9,27.0,179,0,1,3,14,24,3,15
0,9,27.0,179,0,19,0,15,114,0,15
0,2,21.0,108,1,12,1,14,126,4,21
0,0,4.0,229,0,5,0,6,7,0,30
0,0,4.0,229,0,4,0,11,15,1,30
0,2,3.0,282,5,1,1,14,25,2,27
0,0,4.0,229,0,9,0,7,111,0,30
0,0,7.0,15,4,2,0,6,7,2,11
0,0,7.0,15,4,1,2,10,47,3,11
0,0,20.0,172,2,23,0,3,30,1,29
0,0,23.0,237,6,16,0,13,13,3,17
0,0,23.0,237,6,16,2,15,112,3,17
0,0,23.0,237,6,4,1,10,43,1,17
0,0,23.0,237,6,18,0,9,9,0,17
0,0,24.0,55,3,10,0,10,52,1,14
0,9,27.0,179,0,3,0,9,57,2,15
0,6,22.0,185,4,5,0,2,13,1,26
0,10,31.0,135,0,19,1,5,6,0,20
0,1,14.0,183,0,9,0,14,25,2,5
0,6,20.0,215,1,14,0,13,36,3,29
0,6,30.0,145,5,3,3,8,27,1,19
0,10,27.0,302,4,18,0,1,59,2,15
0,10,19.0,117,2,20,0,6,7,1,10
0,10,30.0,157,3,10,0,4,75,2,19
0,1,11.0,111,5,22,3,14,126,1,9
0,4,22.0,152,3,8,1,15,85,1,26
0,6,4.0,159,3,2,0,0,0,3,30
0,6,30.0,145,5,4,1,5,12,0,19
0,5,13.0,184,6,13,0,5,0,2,25
0,1,11.0,111,5,9,2,1,1,3,9
0,8,4.0,299,0,22,1,9,95,4,30
0,8,19.0,280,1,19,1,1,59,4,10
0,3,17.0,54,0,9,0,16,50,3,6
0,4,27.0,274,5,13,0,6,89,2,15
0,2,11.0,297,6,19,2,2,2,3,9
1,10,5.0,336,1,20,0,6,7,1,24
0,0,24.0,55,3,15,1,12,135,4,14
0,0,31.0,290,3,17,0,13,29,1,20
0,0,31.0,290,3,20,1,16,37,0,20
0,1,25.0,65,5,13,1,2,2,1,13
0,4,16.0,25,0,13,1,15,39,1,2
0,4,24.0,27,1,19,1,10,47,0,14
0,0,1.0,8,5,9,0,12,104,1,7
0,0,17.0,12,3,15,0,2,2,2,6
0,4,26.0,80,4,17,0,10,47,2,3
0,4,2.0,141,0,19,0,6,14,1,22
0,4,10.0,79,1,4,3,14,25,2,4
0,4,16.0,25,0,5,1,12,17,4,2
0,2,10.0,28,5,3,0,10,22,2,4
0,8,27.0,78,2,17,1,9,87,1,15
0,0,27.0,23,2,9,1,9,87,0,15
0,2,11.0,297,6,10,1,9,9,4,9
0,0,3.0,334,3,9,1,1,105,0,27
0,8,26.0,278,1,19,0,12,104,2,3
0,2,11.0,297,6,13,0,4,136,2,9
0,0,3.0,334,3,2,0,13,38,0,27
0,11,9.0,311,0,19,0,1,67,1,12
0,3,2.0,120,3,13,1,10,47,1,22
0,0,22.0,241,5,1,0,2,69,0,26
0,0,22.0,241,5,15,0,6,7,0,26
0,11,9.0,311,0,16,0,8,27,1,12
0,5,28.0,259,3,8,0,6,128,3,18
0,11,12.0,118,4,2,3,9,93,0,28
1,6,6.0,83,0,15,1,14,88,4,23
1,6,6.0,83,0,22,2,2,123,3,23
1,11,30.0,170,3,12,0,16,74,1,19
0,9,5.0,89,3,6,0,13,29,1,24
1,6,13.0,317,0,20,2,10,47,1,25
0,6,11.0,355,3,9,1,1,16,4,9
1,4,30.0,139,3,12,0,5,6,0,19
1,3,4.0,285,0,22,1,11,133,4,30
1,9,28.0,315,0,1,0,4,66,3,18
0,9,5.0,89,3,16,1,11,18,0,24
0,9,25.0,344,6,8,3,5,64,0,13
1,11,30.0,170,3,2,1,0,31,4,19
1,6,13.0,317,0,1,2,2,86,3,25
0,10,19.0,117,2,1,0,1,16,2,10
1,3,4.0,285,0,5,0,14,24,2,30
1,4,30.0,139,3,23,1,13,99,4,19
0,2,4.0,254,6,9,0,8,33,4,30
1,11,31.0,227,0,16,0,9,95,4,20
0,4,11.0,121,2,17,1,14,25,1,9
1,3,6.0,303,2,6,2,0,64,3,23
1,2,7.0,153,0,12,0,0,53,3,11
1,7,3.0,269,4,4,0,7,20,1,27
0,9,15.0,226,2,11,0,15,31,1,1
0,9,5.0,89,3,16,0,6,91,1,24
0,8,20.0,319,2,13,0,10,22,0,29
1,6,13.0,317,0,18,1,11,55,4,25
1,11,31.0,227,0,11,0,3,44,3,20
0,2,14.0,231,1,18,2,16,42,2,5
0,2,11.0,297,6,13,0,13,99,2,9
0,2,14.0,231,1,13,0,12,17,2,5
0,3,28.0,187,5,1,0,5,6,0,18
0,6,30.0,145,5,4,3,5,6,3,19
0,1,11.0,111,5,19,1,9,57,0,9
0,8,29.0,301,5,20,0,8,19,2,16
0,6,27.0,116,1,22,1,14,34,1,15
0,10,4.0,356,1,9,2,6,7,2,30
0,5,3.0,161,2,4,2,8,41,0,27
1,2,18.0,7,5,11,3,10,43,1,0
0,2,20.0,264,0,11,3,12,56,2,29
0,2,14.0,231,1,9,0,8,118,1,5
0,0,5.0,122,1,8,0,0,26,2,24
0,3,27.0,361,4,8,2,16,37,2,15
0,1,11.0,111,5,19,0,6,128,1,9
0,1,29.0,112,1,20,1,8,19,4,16
0,1,28.0,300,0,19,1,5,12,0,18
0,8,29.0,301,5,14,3,10,12,1,16
0,10,31.0,135,0,1,0,16,72,3,20
0,3,3.0,182,0,13,0,0,26,1,27
0,3,3.0,182,0,11,0,10,22,3,27
0,5,10.0,155,2,3,0,15,51,1,4
0,7,2.0,160,4,4,2,12,17,1,22
0,6,27.0,116,1,4,0,10,43,2,15
0,6,27.0,116,1,2,3,6,7,3,15
0,2,7.0,153,1,19,0,16,74,1,11
0,4,11.0,121,2,19,1,0,31,4,9
0,5,28.0,259,3,11,0,13,29,4,18
0,1,11.0,111,5,19,1,0,12,1,9
0,8,4.0,299,0,18,0,0,12,1,30
0,8,4.0,299,0,9,1,7,78,1,30
0,8,4.0,299,0,13,2,6,89,1,30
0,1,29.0,112,1,22,1,14,25,4,16
0,5,4.0,114,4,6,0,5,12,0,30
0,5,28.0,259,3,11,1,14,97,4,18
0,9,12.0,177,3,11,3,10,43,1,28
0,10,27.0,302,4,14,0,9,9,3,15
0,1,4.0,286,5,23,1,16,130,0,30
1,8,1.0,66,4,17,0,8,118,1,7
0,4,22.0,152,3,13,1,1,59,4,26
0,0,5.0,122,1,4,3,8,19,3,24
0,0,5.0,122,1,14,0,8,9,0,24
0,0,5.0,122,1,20,1,8,9,1,24
0,0,5.0,122,1,1,0,2,2,1,24
0,5,28.0,259,3,10,0,12,80,2,18
0,1,28.0,300,0,1,1,5,6,0,18
0,8,4.0,299,0,14,0,4,82,3,30
0,4,4.0,178,2,3,0,10,47,3,30
0,6,12.0,162,0,23,1,11,18,1,28
0,3,2.0,120,3,17,2,3,103,3,22
0,1,14.0,183,0,1,1,0,0,0,5
0,1,14.0,183,0,18,0,5,12,0,5
0,10,19.0,117,2,2,0,2,92,1,10
0,10,19.0,117,2,18,3,1,16,3,10
0,1,3.0,188,4,18,1,3,79,1,27
0,2,14.0,231,1,17,3,8,65,4,5
0,2,14.0,231,1,4,1,4,66,4,5
0,6,30.0,145,5,19,1,5,6,1,19
0,1,29.0,112,1,4,1,14,25,0,16
0,7,13.0,238,0,13,3,0,0,0,25
1,8,1.0,66,4,17,0,1,11,1,7
0,0,5.0,122,1,9,0,6,7,4,24
0,0,30.0,228,6,18,0,9,93,0,19
0,2,14.0,231,1,16,2,0,64,3,5
0,2,20.0,264,0,12,1,15,114,4,29
1,11,2.0,265,3,4,0,2,2,4,22
1,11,12.0,118,2,18,0,0,26,2,28
1,11,2.0,265,3,14,3,12,80,0,22
1,11,2.0,265,3,11,1,12,80,1,22
1,11,6.0,252,4,2,0,8,118,1,23
1,11,6.0,252,4,2,0,2,2,1,23
1,11,12.0,118,2,6,0,0,26,0,28
1,11,12.0,118,2,16,0,10,47,0,28
1,11,12.0,118,2,4,0,13,38,1,28
1,11,12.0,118,2,18,2,1,59,3,28
1,11,13.0,312,4,8,0,5,6,3,25
1,11,13.0,312,4,4,1,14,106,1,25
1,11,13.0,312,4,14,0,16,130,1,25
1,2,7.0,153,0,5,1,11,18,1,11
0,10,23.0,247,3,18,0,5,6,1,17
1,6,14.0,173,1,19,0,16,50,0,5
1,3,14.0,33,4,2,0,10,43,1,5
1,11,31.0,227,0,12,0,7,78,2,20
0,0,16.0,11,6,5,1,2,2,1,2
1,6,24.0,31,5,9,2,2,2,3,14
0,9,5.0,89,3,8,0,0,77,3,24
1,2,7.0,153,0,5,0,11,15,1,11
0,3,26.0,343,2,12,1,0,64,0,3
1,6,29.0,335,2,1,2,16,72,3,16
0,2,17.0,6,5,15,0,13,48,2,6
1,3,14.0,33,4,4,0,15,31,3,5
1,11,31.0,227,0,14,0,5,12,3,20
1,2,8.0,258,1,13,2,6,89,3,8
0,9,5.0,89,3,22,0,2,69,0,24
0,2,27.0,136,0,18,0,3,115,2,15
1,3,20.0,105,2,6,2,1,35,3,29
1,6,22.0,185,2,16,0,8,41,3,26
0,11,24.0,194,1,20,0,9,57,3,14
0,1,17.0,63,4,17,0,3,30,2,6
1,11,30.0,170,3,3,1,8,41,4,19
1,11,31.0,227,0,18,1,11,133,1,20
1,9,11.0,52,5,19,0,13,99,0,9
1,9,11.0,52,5,12,2,7,20,3,9
1,11,6.0,252,4,3,0,10,47,1,23
1,11,6.0,252,4,14,0,13,28,1,23
1,11,6.0,252,4,19,1,12,121,1,23
1,11,12.0,118,2,6,1,0,53,4,28
1,11,12.0,118,2,0,0,3,76,4,28
1,11,12.0,118,2,17,0,2,2,4,28
1,11,12.0,118,2,2,1,12,61,4,28
1,11,12.0,118,2,14,0,13,38,4,28
1,11,13.0,312,4,23,0,1,11,4,25
1,11,13.0,312,4,15,0,0,31,2,25
1,11,14.0,147,5,12,0,3,79,1,5
1,11,30.0,170,3,13,1,2,71,4,19
1,11,30.0,170,3,4,2,12,56,0,19
1,11,30.0,170,3,4,0,14,126,4,19
1,9,11.0,52,5,0,0,2,92,1,9
1,9,11.0,52,5,22,1,9,87,4,9
1,9,11.0,52,5,15,0,13,38,3,9
1,11,6.0,252,4,19,1,2,86,1,23
1,11,13.0,312,4,22,0,7,57,3,25
1,11,13.0,312,4,2,0,13,28,2,25
1,11,13.0,312,4,1,3,10,43,3,25
1,11,30.0,170,3,2,0,7,62,3,19
1,11,31.0,227,0,2,2,1,1,3,20
1,11,31.0,227,0,14,0,10,12,1,20
1,11,31.0,227,0,1,0,10,47,3,20
1,11,2.0,265,3,17,0,16,37,1,22
1,9,11.0,52,5,5,0,8,9,2,9
1,9,11.0,52,5,5,1,12,61,4,9
1,9,11.0,52,5,3,2,14,125,2,9
1,9,11.0,52,5,15,1,14,25,4,9
1,9,11.0,52,5,8,0,13,48,3,9
1,9,11.0,52,5,2,2,0,0,2,9
1,9,11.0,52,5,18,2,16,37,3,9
1,9,23.0,167,2,6,0,0,26,1,17
1,9,23.0,167,2,16,0,5,12,3,17
1,9,23.0,167,2,11,0,16,74,4,17
1,9,23.0,167,2,2,0,4,121,2,17
1,9,23.0,167,2,14,0,5,64,0,17
1,9,28.0,315,0,18,1,10,43,0,18
1,9,28.0,315,0,2,1,8,9,1,18
1,7,3.0,269,4,10,2,10,22,1,27
1,7,3.0,269,4,8,0,1,16,2,27
1,7,5.0,204,6,6,2,5,12,3,24
1,9,23.0,167,2,17,0,9,102,1,17
1,7,20.0,266,3,0,0,11,15,1,29
1,7,22.0,211,1,12,0,1,1,3,26
1,3,4.0,285,0,15,1,1,1,4,30
1,3,6.0,303,2,6,0,10,12,0,23
1,3,6.0,303,2,12,0,13,29,1,23
1,3,6.0,303,2,4,0,9,102,4,23
1,3,4.0,285,0,2,0,6,7,3,30
1,3,14.0,33,4,13,2,3,103,1,5
1,3,14.0,33,4,13,0,11,18,2,5
1,3,14.0,33,4,19,1,1,67,4,5
1,3,20.0,105,2,5,0,0,64,3,29
1,3,20.0,105,2,2,1,10,12,1,29
1,3,20.0,105,2,18,2,1,67,3,29
1,9,19.0,234,6,6,0,5,6,1,10
1,9,23.0,167,2,21,0,13,21,1,17
1,9,23.0,167,2,7,2,10,22,0,17
1,9,23.0,167,2,20,0,14,24,1,17
1,9,23.0,167,2,19,0,4,45,4,17
1,9,28.0,315,0,17,0,15,46,1,18
1,9,28.0,315,0,3,0,9,49,1,18
1,9,28.0,315,0,4,0,7,120,4,18
1,9,28.0,315,0,22,1,0,26,0,18
1,9,28.0,315,0,14,2,16,74,0,18
1,7,3.0,269,4,17,0,6,89,4,27
1,7,5.0,204,6,20,0,3,30,3,24
1,7,5.0,204,6,2,1,0,53,1,24
1,7,5.0,204,6,9,0,4,75,1,24
1,7,20.0,266,3,4,1,11,117,2,29
1,7,21.0,81,0,15,0,10,47,0,21
0,9,8.0,90,2,19,2,16,139,1,8
1,6,22.0,185,2,18,1,9,87,1,26
1,10,4.0,356,0,1,0,0,53,3,30
0,11,14.0,147,6,14,0,10,47,1,5
1,2,8.0,258,1,4,0,10,12,1,8
1,2,16.0,220,2,17,1,14,24,1,2
1,6,23.0,84,4,10,2,9,95,3,17
1,11,12.0,118,2,18,1,0,64,1,28
1,10,4.0,356,0,9,0,7,20,1,30
0,4,26.0,80,4,3,3,2,2,4,3
0,9,14.0,106,1,14,0,2,2,1,5
0,8,19.0,280,1,2,0,10,47,2,10
1,2,16.0,220,2,8,0,13,48,4,2
1,6,23.0,84,4,18,1,16,113,1,17
1,11,13.0,312,4,12,0,6,89,1,25
1,6,24.0,31,5,9,0,8,118,2,14
0,4,12.0,134,4,23,1,4,66,1,28
0,9,16.0,107,4,0,1,16,50,0,2
0,8,19.0,280,1,13,1,11,98,0,10
1,2,16.0,220,2,2,0,14,32,3,2
1,6,24.0,31,5,15,1,2,2,1,14
1,10,12.0,333,1,0,0,10,6,3,28
0,4,30.0,139,0,9,0,2,86,4,19
0,9,16.0,107,4,16,0,5,12,0,2
0,4,8.0,292,3,1,1,10,47,2,8
1,0,16.0,11,5,17,1,9,57,0,2
1,6,22.0,185,2,13,1,3,115,4,26
1,1,4.0,286,4,10,0,10,47,3,30
1,11,13.0,312,4,19,0,13,99,4,25
1,10,30.0,157,6,14,2,5,6,3,19
0,2,11.0,297,6,18,0,8,9,0,9
0,9,16.0,107,4,1,0,14,131,1,2
1,6,24.0,31,5,20,0,6,7,2,14
0,2,4.0,254,6,13,0,1,11,4,30
1,11,13.0,312,4,1,1,14,106,1,25
1,1,4.0,286,4,22,1,6,7,4,30
1,10,31.0,135,3,16,0,0,64,3,20
0,2,8.0,258,2,17,0,4,82,1,8
1,6,6.0,83,0,4,0,11,94,3,23
1,11,2.0,265,3,19,0,2,2,4,22
0,2,4.0,254,6,13,1,10,12,0,30
0,4,5.0,235,4,23,3,5,12,2,24
0,4,5.0,235,4,13,1,7,62,4,24
0,4,13.0,221,5,2,2,6,89,1,25
0,4,14.0,345,6,5,0,3,115,4,5
0,4,14.0,345,6,4,1,2,60,4,5
0,4,15.0,132,3,5,0,0,12,3,1
0,4,14.0,345,6,17,1,10,47,0,5
0,4,15.0,132,3,5,2,11,15,3,1
0,4,15.0,132,3,22,1,14,32,4,1
0,4,15.0,132,3,2,0,10,43,3,1
0,4,28.0,218,6,16,2,16,37,0,18
0,4,28.0,218,6,2,0,13,38,4,18
0,4,31.0,67,1,14,2,2,13,3,20
1,3,1.0,180,5,17,3,1,105,0,7
1,5,9.0,206,0,4,0,16,113,4,12
1,2,21.0,108,0,11,0,13,48,2,21
1,8,10.0,71,6,12,1,9,57,0,4
1,4,20.0,115,4,15,0,10,47,1,29
0,3,2.0,120,3,2,1,13,28,0,22
1,2,26.0,3,6,12,3,12,56,3,3
1,0,27.0,23,1,14,1,2,92,0,15
0,5,28.0,259,3,12,1,0,15,1,18
0,5,28.0,259,3,15,0,8,41,0,18
0,9,3.0,217,5,3,0,2,3,2,27
0,9,27.0,179,0,2,1,4,4,2,15
0,11,17.0,110,1,14,1,10,47,0,6
0,11,26.0,364,4,3,2,3,30,3,3
0,9,10.0,156,5,19,0,8,118,3,4
1,2,21.0,108,0,17,0,8,65,1,21
1,3,2.0,120,6,12,0,8,9,1,22
1,6,18.0,308,6,22,0,2,86,2,0
1,6,26.0,348,3,17,0,7,111,1,3
1,6,10.0,149,5,5,3,5,6,0,4
0,9,25.0,344,6,5,0,0,64,2,13
0,5,7.0,349,3,23,0,7,31,4,11
0,5,7.0,349,3,23,3,5,0,2,11
0,5,17.0,212,2,12,1,11,117,0,6
0,4,8.0,292,3,18,0,6,7,4,8
0,10,6.0,242,4,7,0,5,6,0,23
0,3,25.0,347,1,17,0,3,44,4,13
0,11,16.0,225,0,17,0,10,22,1,2
1,8,1.0,66,4,18,2,9,27,0,7
1,10,9.0,150,6,14,1,7,54,2,12
1,10,9.0,150,6,9,2,2,69,3,12
1,2,4.0,254,5,19,1,4,121,0,30
1,2,2.0,143,2,18,0,6,7,2,22
1,2,21.0,108,0,1,3,1,67,3,21
1,2,21.0,108,0,5,0,12,80,0,21
0,11,10.0,360,1,12,0,8,41,2,4
1,4,28.0,218,5,4,1,15,46,1,18
0,7,2.0,160,4,8,0,13,13,2,22
1,2,18.0,7,5,11,3,14,25,0,0
1,0,29.0,191,4,6,0,5,0,1,16
1,2,21.0,108,0,8,1,2,3,0,21
0,6,21.0,193,2,9,3,9,27,3,21
0,7,28.0,34,1,18,0,13,123,0,18
0,5,4.0,114,4,22,0,5,6,1,30
1,9,25.0,344,5,13,0,3,30,1,13
1,7,18.0,154,5,11,0,7,122,2,0
1,6,10.0,149,5,2,0,1,81,4,4
0,2,6.0,251,0,3,0,6,89,2,23
0,2,6.0,251,0,13,1,8,9,4,23
0,2,12.0,128,3,13,0,12,80,3,28
0,2,13.0,276,0,16,0,13,79,3,25
0,2,12.0,128,3,13,1,6,91,2,28
0,2,13.0,276,0,20,1,15,108,4,25
0,2,13.0,276,0,1,2,0,15,0,25
0,2,21.0,108,1,17,0,0,0,0,21
0,2,21.0,108,1,19,2,3,30,1,21
0,2,21.0,108,1,14,0,10,47,1,21
0,2,21.0,108,1,5,1,3,103,1,21
0,0,24.0,55,3,4,0,13,48,1,14
0,0,31.0,290,3,2,0,12,61,3,20
0,0,31.0,290,3,9,0,10,23,1,20
1,1,4.0,286,4,18,1,14,97,4,30
1,11,14.0,147,5,8,0,11,15,1,5
1,6,6.0,83,0,1,0,1,81,4,23
0,0,3.0,334,3,9,1,1,105,0,27
1,1,13.0,207,6,21,0,0,0,1,25
1,1,13.0,207,6,13,1,9,83,4,25
1,1,15.0,1,0,16,0,13,21,1,1
1,1,15.0,1,0,4,0,0,26,3,1
1,1,15.0,1,0,9,1,0,53,4,1
1,1,16.0,2,1,6,0,15,31,0,2
1,1,16.0,2,1,6,2,3,70,3,2
1,1,16.0,2,1,6,1,2,2,0,2
1,1,16.0,2,1,14,1,9,10,4,2
1,8,7.0,70,2,0,0,5,12,3,11
1,8,7.0,70,2,6,0,10,47,1,11
1,8,13.0,189,1,10,1,0,85,0,25
1,8,22.0,354,4,11,0,4,82,1,26
1,8,22.0,354,4,3,1,2,2,1,26
1,8,22.0,354,4,13,1,8,41,1,26
1,4,7.0,133,5,3,2,13,29,2,11
1,4,8.0,292,6,6,0,14,34,4,8
1,4,8.0,292,6,11,0,14,24,2,8
1,4,14.0,345,5,20,1,10,12,0,5
1,4,14.0,345,5,3,0,9,63,1,5
1,6,14.0,173,1,21,0,16,65,3,5
1,6,22.0,185,2,0,0,0,26,3,26
1,6,22.0,185,2,22,0,4,4,0,26
1,6,22.0,185,2,19,0,3,44,3,26
1,6,24.0,31,5,12,0,0,0,1,14
1,6,29.0,335,2,17,1,11,133,0,16
1,6,29.0,335,2,14,0,1,11,4,16
1,10,4.0,356,0,8,0,0,26,2,30
1,10,4.0,356,0,12,0,8,9,3,30
1,10,4.0,356,0,12,0,13,48,3,30
1,6,29.0,335,2,3,0,13,38,2,16
1,10,12.0,333,1,2,3,2,71,0,28
1,10,31.0,135,3,3,0,5,6,2,20
1,10,31.0,135,3,4,0,9,87,2,20
1,10,30.0,157,6,11,0,0,15,2,19
1,10,31.0,135,3,9,2,9,102,3,20
1,1,4.0,286,4,4,0,10,23,0,30
1,1,4.0,286,4,14,0,2,60,4,30
1,1,5.0,219,5,0,0,0,26,3,24
1,1,5.0,219,5,17,1,13,28,0,24
1,1,13.0,207,6,6,0,1,67,4,25
1,1,13.0,207,6,2,0,10,22,2,25
1,11,2.0,265,3,19,0,2,2,4,22
1,11,2.0,265,3,14,1,11,58,4,22
1,11,6.0,252,4,16,0,0,12,0,23
1,11,6.0,252,4,5,1,12,80,4,23
1,11,6.0,252,4,22,1,14,34,1,23
1,11,6.0,252,4,13,1,11,15,2,23
1,11,6.0,252,4,12,0,13,38,4,23
1,11,6.0,252,4,12,1,15,108,1,23
1,11,12.0,118,2,23,0,2,69,2,28
1,11,13.0,312,4,11,0,6,7,1,25
1,11,13.0,312,4,13,0,6,116,3,25
1,11,12.0,118,2,13,3,9,83,4,28
1,11,14.0,147,5,20,1,12,61,4,5
1,11,13.0,312,4,19,1,9,93,4,25
1,11,14.0,147,5,5,1,6,7,4,5
1,11,30.0,170,3,16,2,3,70,3,19
1,11,30.0,170,3,15,1,9,93,4,19
1,11,30.0,170,3,1,1,9,10,4,19
1,0,16.0,11,5,12,0,16,50,3,2
0,11,6.0,252,5,17,2,13,69,0,23
0,11,6.0,252,5,4,0,9,95,3,23
0,11,8.0,283,3,6,0,15,39,4,8
0,11,6.0,252,5,3,1,0,15,0,23
0,11,8.0,283,3,2,2,8,65,2,8
0,11,23.0,232,0,12,0,16,50,0,17
0,11,24.0,194,1,12,0,5,6,0,14
0,11,31.0,227,1,10,2,6,14,3,20
0,11,31.0,227,1,11,0,12,80,1,20
1,6,13.0,317,0,13,0,15,119,2,25
0,0,25.0,281,0,13,0,13,29,1,13
1,11,30.0,170,3,13,3,5,12,1,19
1,11,2.0,265,3,10,1,13,48,1,22
1,11,30.0,170,3,22,1,1,1,4,19
1,6,13.0,317,0,12,0,10,47,2,25
0,4,31.0,67,1,8,0,8,9,3,20
1,11,31.0,227,0,2,2,14,25,2,20
1,11,6.0,252,4,23,0,12,17,1,23
1,1,4.0,286,4,6,0,12,104,4,30
1,6,13.0,317,0,2,0,15,114,1,25
0,2,5.0,127,3,5,0,2,2,2,24
1,9,11.0,52,5,23,0,0,77,1,9
1,11,6.0,252,4,19,1,9,58,4,23
1,1,4.0,286,4,13,0,1,16,4,30
1,6,14.0,173,1,17,0,4,45,4,5
1,11,12.0,118,2,16,0,0,0,0,28
1,1,4.0,286,4,0,0,0,26,0,30
1,6,22.0,185,2,17,2,16,37,3,26
0,2,6.0,251,0,7,1,0,12,0,23
1,1,5.0,219,5,16,1,13,29,2,24
1,9,11.0,52,5,13,0,4,75,2,9
1,6,23.0,84,4,17,0,6,7,4,17
1,5,15.0,200,3,17,1,1,16,0,1
0,2,6.0,251,0,1,0,11,133,0,23
1,1,5.0,219,5,14,0,4,82,4,24
1,9,19.0,234,6,17,1,8,9,1,10
1,9,19.0,234,6,22,0,4,4,1,10
1,9,23.0,167,2,13,0,9,83,1,17
1,9,23.0,167,2,3,0,0,12,2,17
1,9,23.0,167,2,22,0,0,85,4,17
1,9,23.0,167,2,19,0,0,0,0,17
1,9,28.0,315,0,6,0,8,9,0,18
1,9,28.0,315,0,20,0,12,104,4,18
1,7,3.0,269,4,17,1,10,52,0,27
1,7,5.0,204,6,0,2,14,107,0,24
1,7,3.0,269,4,13,0,4,82,2,27
1,9,11.0,52,5,23,2,10,23,1,9
1,9,19.0,234,6,11,0,2,92,1,10
1,9,23.0,167,2,6,0,10,22,1,17
1,9,23.0,167,2,14,0,7,129,2,17
1,9,28.0,315,0,19,0,1,59,1,18
1,7,3.0,269,4,7,1,5,64,0,27
1,7,3.0,269,4,12,0,16,42,1,27
1,7,3.0,269,4,1,0,12,61,1,27
1,7,20.0,266,3,3,0,1,59,4,29
1,7,21.0,81,0,10,1,6,89,0,21
1,7,22.0,211,1,16,1,6,89,4,26
1,7,22.0,211,1,4,2,13,29,0,26
1,3,4.0,285,0,11,1,8,19,4,30
1,3,6.0,303,2,13,0,13,21,4,23
1,3,20.0,105,2,15,1,2,2,4,29
1,3,28.0,187,4,8,2,4,66,0,18
1,3,28.0,187,4,4,0,3,70,0,18
1,5,5.0,96,4,12,2,4,75,3,24
1,5,5.0,96,4,12,0,0,12,1,24
1,3,20.0,105,2,16,0,0,53,3,29
1,3,22.0,166,5,19,0,2,86,1,26
1,3,28.0,187,4,16,0,7,78,4,18
1,3,28.0,187,4,7,0,5,12,1,18
1,3,28.0,187,4,2,0,4,136,3,18
1,3,28.0,187,4,12,0,2,86,0,18
1,5,5.0,96,4,23,2,12,56,0,24
1,5,5.0,96,4,22,0,12,61,0,24
1,5,5.0,96,4,4,2,8,27,3,24
1,5,5.0,96,4,10,1,2,2,1,24
1,5,29.0,24,3,9,1,0,0,0,16
1,5,29.0,24,3,13,1,9,83,1,16
1,6,4.0,159,6,6,0,13,28,1,30
1,5,29.0,24,3,20,0,3,115,2,16
1,6,6.0,83,0,21,0,8,27,3,23
1,6,13.0,317,0,16,0,0,26,3,25
1,6,22.0,185,2,7,0,16,37,4,26
1,6,22.0,185,2,10,1,10,47,0,26
1,6,22.0,185,2,22,1,3,44,4,26
1,6,22.0,185,2,18,0,3,115,3,26
1,6,23.0,84,4,21,2,10,22,3,17
1,3,22.0,166,5,5,0,14,106,0,26
1,3,22.0,166,5,11,0,2,2,1,26
1,3,28.0,187,4,14,0,12,61,1,18
1,3,28.0,187,4,20,1,0,31,1,18
1,5,5.0,96,4,7,1,13,13,0,24
1,5,5.0,96,4,1,0,14,107,3,24
1,3,28.0,187,4,4,0,11,94,2,18
1,5,29.0,24,3,15,0,0,53,3,16
1,5,29.0,24,3,13,1,11,90,4,16
1,6,4.0,159,6,19,0,0,12,3,30
1,5,15.0,200,3,13,1,2,123,4,1
0,2,13.0,276,0,15,0,8,19,0,25
1,6,22.0,185,2,9,0,1,11,4,26
1,1,15.0,1,0,16,2,0,85,3,1
1,5,15.0,200,3,5,0,6,91,4,1
1,6,24.0,31,5,3,2,8,19,0,14
1,1,15.0,1,0,8,1,3,70,4,1
1,6,24.0,31,5,9,0,15,31,1,14
0,2,5.0,127,3,12,1,0,26,1,24
1,1,15.0,1,0,18,0,14,106,3,1
1,5,29.0,24,3,3,1,13,21,1,16
1,6,24.0,31,5,1,0,16,113,1,14
0,2,21.0,108,1,16,0,14,34,1,21
0,3,15.0,35,6,22,0,6,73,4,1
0,1,17.0,63,4,17,0,6,132,4,6
0,8,1.0,66,5,17,0,0,53,4,7
0,0,1.0,8,5,20,3,16,139,1,7
0,2,27.0,136,0,4,1,3,115,4,15
0,2,27.0,136,0,8,1,9,83,4,15
0,0,8.0,9,5,16,1,10,47,2,8
0,9,8.0,90,2,12,3,9,83,4,8
0,0,4.0,229,0,15,0,6,7,0,30
0,0,4.0,229,0,4,0,4,66,1,30
0,0,7.0,15,4,14,1,13,48,4,11
0,0,23.0,237,6,6,0,8,41,0,17
0,0,24.0,55,3,22,0,10,47,3,14
0,0,24.0,55,3,9,0,8,118,1,14
0,0,24.0,55,3,14,2,0,64,3,14
0,0,31.0,290,3,17,0,0,12,1,20
1,6,26.0,348,3,15,1,16,72,0,3
1,10,9.0,150,6,1,0,13,99,3,12
1,10,9.0,150,6,3,2,2,13,4,12
1,10,9.0,150,6,18,0,6,14,1,12
1,1,20.0,151,6,15,1,15,31,1,29
1,6,1.0,158,2,17,1,12,56,1,7
1,8,10.0,71,6,4,1,11,15,0,4
0,7,4.0,186,6,14,0,16,50,1,30
1,2,2.0,143,2,9,0,11,15,1,22
1,6,1.0,158,2,15,0,1,67,4,7
1,0,29.0,191,4,17,0,13,21,1,16
1,0,29.0,191,4,20,0,6,14,4,16
0,11,9.0,311,0,7,1,3,44,0,12
1,2,11.0,297,5,8,1,2,86,1,9
0,11,17.0,110,1,14,0,8,27,1,6
0,9,3.0,217,5,9,0,8,19,3,27
0,3,28.0,187,5,4,1,14,126,4,18
0,5,4.0,114,4,8,0,1,11,2,30
0,6,12.0,162,0,1,0,12,80,0,28
1,9,2.0,323,2,8,1,9,93,4,22
0,0,6.0,260,2,18,0,16,108,0,23
0,4,19.0,142,4,2,0,4,75,2,10
0,0,4.0,229,0,8,2,15,46,3,30
0,0,4.0,229,0,8,0,9,95,2,30
0,0,7.0,15,4,8,0,0,12,3,11
0,0,7.0,15,4,11,1,2,2,1,11
0,0,7.0,15,4,4,1,3,70,4,11
0,0,20.0,172,2,8,1,12,121,1,29
0,0,23.0,237,6,10,0,13,48,3,17
0,0,23.0,237,6,1,1,13,48,0,17
0,0,24.0,55,3,17,0,6,128,1,14
0,0,23.0,237,6,4,1,7,137,4,17
1,9,2.0,323,2,17,3,9,134,4,22
1,10,3.0,310,3,12,3,13,28,0,27
1,1,18.0,82,4,20,1,1,11,4,0
1,2,21.0,108,0,12,0,12,17,4,21
0,9,3.0,217,5,11,0,6,7,2,27
0,9,20.0,119,0,22,3,6,7,3,29
1,8,3.0,363,6,8,1,8,9,4,27
1,4,20.0,115,4,20,1,2,69,1,29
1,0,2.0,47,5,2,1,13,48,0,22
1,4,20.0,115,4,4,1,4,121,2,29
1,2,11.0,297,5,5,0,5,64,1,9
1,2,18.0,7,5,22,0,16,50,3,0
0,11,17.0,110,1,8,0,8,9,0,6
0,9,10.0,156,5,4,1,6,91,4,4
0,9,27.0,179,0,9,0,13,38,2,15
0,6,4.0,159,3,23,0,14,24,4,30
0,7,18.0,154,6,12,0,11,133,2,0
0,3,2.0,120,3,22,1,12,80,1,22
1,5,29.0,24,3,12,0,16,72,3,16
1,5,29.0,24,3,22,1,13,48,4,16
1,6,4.0,159,6,8,1,6,7,4,30
1,6,29.0,335,2,17,1,11,129,4,16
1,6,6.0,83,0,0,0,2,86,4,23
1,6,29.0,335,2,6,2,4,82,2,16
1,1,15.0,1,0,9,2,15,51,1,1
1,6,6.0,83,0,0,1,0,77,0,23
1,6,29.0,335,2,4,2,2,123,3,16
1,1,16.0,2,1,6,0,6,7,0,2
1,6,13.0,317,0,0,0,2,13,3,25
1,10,4.0,356,0,16,0,2,86,1,30
1,10,4.0,356,0,7,1,13,69,0,30
1,10,4.0,356,0,14,0,16,50,1,30
1,10,12.0,333,1,3,2,9,10,0,28
1,10,12.0,333,1,22,0,13,38,0,28
1,10,12.0,333,1,1,0,8,9,1,28
1,10,12.0,333,1,9,0,3,30,3,28
1,1,4.0,286,4,17,2,8,9,3,30
1,11,30.0,170,3,18,1,5,64,0,19
1,11,30.0,170,3,13,0,11,133,2,19
1,11,31.0,227,0,12,0,0,53,4,20
1,9,11.0,52,5,21,1,10,47,2,9
1,9,19.0,234,6,20,2,9,95,0,10
1,9,19.0,234,6,8,0,2,86,2,10
1,9,23.0,167,2,11,0,13,38,1,17
1,9,23.0,167,2,6,0,4,4,1,17
1,9,23.0,167,2,1,0,8,118,1,17
1,9,28.0,315,0,4,2,6,14,1,18
1,9,28.0,315,0,13,0,9,87,1,18
1,9,28.0,315,0,3,1,2,35,4,18
1,9,28.0,315,0,20,1,3,79,1,18
1,7,3.0,269,4,6,0,4,45,1,27
1,7,3.0,269,4,20,0,12,135,2,27
1,7,5.0,204,6,6,0,5,12,3,24
1,7,20.0,266,3,13,0,11,98,3,29
1,7,21.0,81,0,0,2,10,47,3,21
1,7,21.0,81,0,21,0,6,89,1,21
1,7,21.0,81,0,22,0,8,19,0,21
1,7,21.0,81,0,17,0,2,40,4,21
1,3,4.0,285,0,2,0,1,11,4,30
1,3,4.0,285,0,16,1,0,77,1,30
1,3,14.0,33,4,15,0,14,24,1,5
1,3,14.0,33,4,13,0,14,25,4,5
0,9,22.0,92,2,22,0,4,75,1,26
0,9,22.0,92,2,17,0,5,12,0,26
0,9,22.0,92,2,14,0,8,41,0,26
0,11,25.0,88,2,8,0,16,50,2,13
0,7,6.0,93,0,19,0,14,125,2,23
0,7,6.0,93,0,14,0,6,128,1,23
0,7,6.0,93,0,22,0,9,102,2,23
0,7,8.0,94,2,6,0,2,86,0,8
1,5,24.0,58,1,9,1,11,15,2,14
0,7,8.0,94,2,1,0,10,52,1,8
0,7,8.0,94,2,9,0,14,25,2,8
0,7,16.0,40,4,13,2,2,69,2,2
0,7,16.0,40,4,12,0,13,29,2,2
0,7,16.0,40,4,12,0,3,44,3,2
0,7,16.0,40,4,19,2,16,50,0,2
0,7,17.0,95,5,8,0,6,128,1,6
0,7,17.0,95,5,13,1,13,38,4,6
0,7,17.0,95,5,9,0,5,0,3,6
0,7,25.0,41,6,8,0,13,69,0,13
0,7,25.0,41,6,11,1,13,13,1,13
0,7,25.0,41,6,18,2,15,51,3,13
0,7,30.0,42,4,22,0,16,113,2,19
0,7,30.0,42,4,18,0,4,138,1,19
0,7,31.0,43,5,17,0,5,6,0,20
0,7,30.0,42,4,14,1,4,79,0,19
0,7,31.0,43,5,2,0,2,69,3,20
0,7,31.0,43,5,5,1,4,4,1,20
1,4,14.0,345,5,2,0,2,86,1,5
1,4,14.0,345,5,12,0,6,91,1,5
1,4,14.0,345,5,14,2,16,130,3,5
1,4,16.0,25,3,11,2,14,25,3,2
1,6,13.0,317,0,15,0,1,1,0,25
1,7,20.0,266,3,20,1,0,64,0,29
1,6,14.0,173,1,21,0,2,86,1,5
1,7,20.0,266,3,0,1,8,19,0,29
1,6,14.0,173,1,21,1,14,25,4,5
1,7,20.0,266,3,14,0,1,35,4,29
1,6,14.0,173,1,22,0,1,35,0,5
1,6,14.0,173,1,1,1,10,22,1,5
1,6,14.0,173,1,13,1,7,78,1,5
1,3,4.0,285,0,0,0,1,11,4,30
1,6,22.0,185,2,1,1,9,49,4,26
1,6,23.0,84,4,5,0,4,45,3,17
1,6,23.0,84,4,20,1,13,36,4,17
1,6,23.0,84,4,19,2,2,13,4,17
1,3,4.0,285,0,19,1,1,67,2,30
1,6,23.0,84,4,13,1,1,81,4,17
1,3,20.0,105,2,4,0,4,66,4,29
1,6,23.0,84,4,8,0,0,68,0,17
1,6,24.0,31,5,19,0,10,12,3,14
1,3,22.0,166,5,15,1,7,78,4,26
1,6,24.0,31,5,19,0,14,125,0,14
1,3,22.0,166,5,9,0,6,89,1,26
1,6,23.0,84,4,15,2,8,41,3,17
1,5,5.0,96,4,3,2,13,28,0,24
1,6,23.0,84,4,3,1,1,67,4,17
1,5,15.0,200,3,15,1,7,20,1,1
1,6,22.0,185,2,5,0,9,87,4,26
1,6,23.0,84,4,9,0,1,11,4,17
1,7,4.0,186,5,1,2,6,14,3,30
1,6,24.0,31,5,0,0,8,27,1,14
1,6,24.0,31,5,11,0,16,50,1,14
1,6,24.0,31,5,12,0,2,2,1,14
1,6,24.0,31,5,9,0,16,108,3,14
1,6,29.0,335,2,17,0,10,47,1,16
1,6,29.0,335,2,15,0,2,13,1,16
1,6,29.0,335,2,9,0,10,6,3,16
1,6,29.0,335,2,14,0,13,99,2,16
1,6,29.0,335,2,18,0,0,12,0,16
1,10,4.0,356,0,5,0,8,41,1,30
1,10,4.0,356,0,15,2,5,15,2,30
1,10,12.0,333,1,6,0,8,9,3,28
1,10,30.0,157,6,15,0,3,44,2,19
1,10,30.0,157,6,22,0,13,38,2,19
1,10,30.0,157,6,4,0,10,47,2,19
1,10,31.0,135,3,17,2,10,47,0,20
1,10,31.0,135,3,14,0,4,79,3,20
1,10,31.0,135,3,4,2,16,37,3,20
1,10,31.0,135,3,22,1,12,121,1,20
1,1,4.0,286,4,6,0,7,57,4,30
1,11,13.0,312,4,15,0,6,7,0,25
1,11,13.0,312,4,2,2,13,28,0,25
1,11,14.0,147,5,22,3,12,84,4,5
1,11,14.0,147,5,1,2,13,13,3,5
1,11,30.0,170,3,7,0,0,12,1,19
1,11,30.0,170,3,13,0,12,61,3,19
1,11,30.0,170,3,19,1,1,81,4,19
1,11,31.0,227,0,17,0,1,1,4,20
1,11,30.0,170,3,5,0,9,27,2,19
1,11,31.0,227,0,20,1,13,48,4,20
1,11,31.0,227,0,1,2,8,19,3,20
1,9,19.0,234,6,15,0,2,92,4,10
1,9,19.0,234,6,19,0,9,102,2,10
1,9,23.0,167,2,13,0,3,76,0,17
1,9,23.0,167,2,14,2,16,50,1,17
1,9,28.0,315,0,13,0,3,30,1,18
1,9,28.0,315,0,15,2,2,86,1,18
1,5,15.0,200,3,8,0,16,50,1,1
1,5,15.0,200,3,4,0,15,112,1,1
1,5,29.0,24,3,20,0,2,2,2,16
1,5,29.0,24,3,20,0,14,126,4,16
1,6,4.0,159,6,20,1,0,31,4,30
1,6,4.0,159,6,13,0,1,11,2,30
1,6,6.0,83,0,5,0,12,80,1,23
1,6,6.0,83,0,15,0,9,95,1,23
1,6,13.0,317,0,17,0,4,5,1,25
1,6,13.0,317,0,8,0,3,30,3,25
1,7,5.0,204,6,12,1,15,31,4,24
1,7,20.0,266,3,3,0,13,69,4,29
1,7,21.0,81,0,3,0,5,6,2,21
1,7,22.0,211,1,21,0,11,15,1,26
1,7,21.0,81,0,9,0,4,4,3,21
1,7,22.0,211,1,9,0,9,93,1,26
1,7,22.0,211,1,18,0,13,29,2,26
1,3,4.0,285,0,19,0,4,70,3,30
1,3,4.0,285,0,13,2,8,41,2,30
1,3,14.0,33,4,8,0,9,54,2,5
1,3,20.0,105,2,17,2,0,15,0,29
1,3,22.0,166,5,16,0,2,69,4,26
1,3,28.0,187,4,8,2,16,130,0,18
1,3,28.0,187,4,12,0,7,62,4,18
1,5,15.0,200,3,6,1,10,12,0,1
1,3,6.0,303,2,15,0,13,29,1,23
1,5,15.0,200,3,19,0,6,89,3,1
1,5,29.0,24,3,10,0,13,99,1,16
1,5,29.0,24,3,23,1,3,79,4,16
1,6,4.0,159,6,15,1,14,106,4,30
1,6,4.0,159,6,2,1,1,11,1,30
1,6,6.0,83,0,14,2,10,43,3,23
1,8,13.0,189,1,7,0,8,41,4,25
1,8,13.0,189,1,21,2,9,101,3,25
1,8,13.0,189,1,13,1,10,22,1,25
1,8,13.0,189,1,3,1,1,105,4,25
1,8,22.0,354,4,12,1,13,38,4,26
1,8,22.0,354,4,4,0,1,11,3,26
1,4,7.0,133,5,6,1,9,10,0,11
1,4,14.0,345,5,16,2,7,54,3,5
1,4,14.0,345,5,14,0,2,86,4,5
1,4,16.0,25,3,17,0,5,6,3,2
1,4,16.0,25,3,3,0,5,6,0,2
1,4,23.0,30,3,19,0,2,40,1,17
1,4,25.0,20,1,17,0,12,61,3,13
1,4,17.0,19,0,12,2,6,14,3,6
1,4,29.0,313,6,23,1,13,48,4,16
1,2,1.0,16,1,17,0,11,15,3,7
1,1,25.0,65,4,2,1,2,2,0,13
1,2,1.0,16,1,17,2,2,13,0,7
1,2,1.0,16,1,21,0,0,96,1,7
1,2,1.0,16,1,4,0,15,51,4,7
1,4,29.0,313,6,3,0,4,82,2,16
1,4,29.0,313,6,8,2,14,125,3,16
1,4,29.0,313,6,2,0,15,46,3,16
1,4,29.0,313,6,13,1,7,62,4,16
1,2,1.0,16,1,16,0,5,64,0,7
1,7,22.0,211,1,15,1,3,30,1,26
1,2,1.0,16,1,0,0,15,77,3,7
1,2,3.0,282,4,10,1,13,48,1,27
1,2,29.0,140,1,16,1,3,79,4,16
1,2,3.0,282,4,9,0,6,89,2,27
1,6,23.0,84,4,6,0,10,6,3,17
1,2,29.0,140,1,16,2,1,67,3,16
1,2,29.0,140,1,11,1,16,42,0,16
1,2,29.0,140,1,14,0,8,33,3,16
1,0,3.0,334,6,12,0,2,86,1,27
1,6,4.0,159,6,4,0,9,27,1,30
1,6,6.0,83,0,11,0,6,128,1,23
1,5,29.0,24,3,17,1,3,30,4,16
1,6,13.0,317,0,13,0,12,80,1,25
1,6,22.0,185,2,6,0,5,6,1,26
1,6,22.0,185,2,5,0,16,74,1,26
1,6,22.0,185,2,8,0,13,36,1,26
1,6,22.0,185,2,2,0,10,47,1,26
1,6,23.0,84,4,6,0,5,12,0,17
1,6,22.0,185,2,1,1,9,49,4,26
1,6,24.0,31,5,17,2,4,5,3,14
1,10,4.0,356,0,7,0,8,9,3,30
1,10,4.0,356,0,16,0,4,82,1,30
1,10,31.0,135,3,8,1,13,38,0,20
1,1,4.0,286,4,0,0,0,77,3,30
1,2,8.0,258,1,13,0,5,12,3,8
1,11,31.0,227,0,10,1,12,121,1,20
1,9,19.0,234,6,14,0,5,0,2,10
1,9,23.0,167,2,19,0,2,35,2,17
1,9,23.0,167,2,9,0,5,6,1,17
1,9,28.0,315,0,6,2,5,12,3,18
1,9,28.0,315,0,1,0,14,34,1,18
1,7,3.0,269,4,17,2,12,121,3,27
1,7,3.0,269,4,13,0,0,64,2,27
1,7,3.0,269,4,3,1,1,35,2,27
1,7,3.0,269,4,5,0,1,11,2,27
1,7,5.0,204,6,14,2,8,27,3,24
1,7,20.0,266,3,1,0,6,7,3,29
1,7,20.0,266,3,22,1,12,56,4,29
1,3,4.0,285,0,6,1,9,9,0,30
1,3,6.0,303,2,21,0,16,130,1,23
1,3,6.0,303,2,4,0,13,38,2,23
1,3,14.0,33,4,5,0,13,99,3,5
1,3,14.0,33,4,2,0,1,105,4,5
1,7,22.0,211,1,12,1,14,24,0,26
1,7,21.0,81,0,3,0,2,13,0,21
1,3,6.0,303,2,6,1,14,110,0,23
1,10,24.0,261,3,17,1,6,91,1,14
1,2,30.0,131,2,1,0,9,49,1,19
1,6,12.0,162,3,15,3,1,67,3,28
1,6,21.0,193,1,3,0,7,122,3,21
1,11,29.0,270,6,22,3,1,104,0,16
1,3,3.0,182,3,12,1,11,133,0,27
1,7,15.0,205,1,12,1,8,19,0,1
1,7,14.0,125,0,4,0,12,121,3,5
1,7,31.0,43,4,19,0,2,2,0,20
1,5,14.0,36,6,13,1,13,48,0,5
1,5,14.0,36,6,13,1,13,48,0,5
1,9,5.0,89,6,12,1,10,47,2,24
1,1,31.0,305,2,5,1,15,119,0,20
1,6,25.0,39,6,7,1,9,54,1,13
1,6,27.0,116,0,5,0,1,35,4,15
1,10,1.0,208,5,11,0,0,85,3,7
1,10,1.0,208,5,21,1,16,65,0,7
1,10,1.0,208,5,1,0,8,19,3,7
1,8,4.0,299,3,6,1,10,22,1,30
1,8,4.0,299,3,0,0,0,0,3,30
1,8,4.0,299,3,6,0,10,47,3,30
1,3,1.0,180,5,17,1,13,48,1,7
1,8,4.0,299,3,20,1,0,53,4,30
1,8,9.0,124,5,6,1,11,129,0,12
1,8,11.0,306,3,22,1,1,1,4,9
1,8,11.0,306,3,22,1,14,25,4,9
1,8,19.0,280,0,0,2,9,9,0,10
1,8,19.0,280,0,16,1,13,36,0,10
1,8,20.0,319,1,0,1,15,46,4,29
1,6,29.0,335,2,1,1,13,38,4,16
1,4,16.0,25,3,5,3,1,105,0,2
1,6,29.0,335,2,13,1,11,55,2,16
1,9,19.0,234,6,4,0,15,96,1,10
1,0,3.0,334,6,17,2,12,56,3,27
1,0,3.0,334,6,18,0,2,2,1,27
1,0,4.0,229,3,22,0,8,9,2,30
1,0,4.0,229,3,11,0,6,89,2,30
1,0,4.0,229,3,19,2,1,1,3,30
1,0,10.0,129,6,13,1,16,139,4,4
1,0,11.0,10,3,17,1,1,16,0,9
1,0,11.0,10,3,23,0,12,84,1,9
1,3,9.0,44,6,18,0,13,48,0,12
1,1,16.0,2,1,17,0,8,41,3,2
1,3,22.0,166,5,17,1,0,53,4,26
1,3,22.0,166,5,18,0,2,86,1,26
1,3,22.0,166,5,3,3,0,53,0,26
1,3,28.0,187,4,22,2,16,42,3,18
1,5,5.0,96,4,15,1,0,68,4,24
1,5,15.0,200,3,17,1,13,28,0,1
1,5,29.0,24,3,11,2,13,48,0,16
1,5,29.0,24,3,14,0,10,47,3,16
1,5,29.0,24,3,1,0,0,12,1,16
1,6,4.0,159,6,16,1,10,52,4,30
1,6,13.0,317,0,5,0,0,12,0,25
1,3,28.0,187,4,14,0,2,86,3,18
1,6,22.0,185,2,5,0,14,24,4,26
1,6,23.0,84,4,15,0,4,75,1,17
1,6,22.0,185,2,18,1,9,49,4,26
1,6,24.0,31,5,2,2,4,75,3,14
1,10,4.0,356,0,2,3,0,0,3,30
1,10,12.0,333,1,6,0,10,47,0,28
1,10,12.0,333,1,0,0,9,87,2,28
1,3,9.0,44,6,1,0,8,9,1,12
1,3,10.0,4,3,11,1,14,110,4,4
1,3,10.0,4,3,20,1,4,5,4,4
1,3,10.0,4,3,13,1,13,38,4,4
1,3,18.0,165,0,19,1,14,88,4,0
1,3,19.0,138,1,8,1,1,67,4,10
1,3,27.0,361,2,21,0,13,21,3,15
1,5,2.0,307,0,7,1,1,11,0,22
1,5,2.0,307,0,21,0,8,9,1,22
1,6,2.0,352,4,0,1,14,25,0,22
1,6,2.0,352,4,10,0,0,26,1,22
1,6,3.0,99,5,21,2,10,23,3,27
1,6,11.0,355,6,21,1,10,22,0,9
1,6,16.0,38,4,12,2,13,28,3,2
1,6,19.0,291,3,12,0,14,32,1,10
1,6,19.0,291,3,6,1,11,15,4,10
1,6,19.0,291,3,18,0,8,118,1,10
1,6,20.0,215,0,3,0,3,30,2,29
1,11,18.0,332,1,23,0,8,19,4,0
1,6,20.0,215,0,9,1,9,93,4,29
1,10,2.0,358,6,16,0,5,12,1,22
1,10,2.0,358,6,8,0,6,91,1,22
1,7,25.0,41,5,1,1,0,77,2,13
1,7,25.0,41,5,19,1,5,6,0,13
1,5,1.0,109,3,17,1,0,26,2,7
1,1,10.0,17,2,9,0,8,41,3,4
1,8,1.0,66,4,18,1,14,25,0,7
1,3,16.0,263,6,11,1,6,132,1,2
1,5,19.0,146,4,14,3,14,97,4,10
1,5,27.0,328,5,13,1,12,83,4,15
1,6,10.0,149,5,17,1,2,92,4,4
1,10,9.0,150,6,21,1,10,47,2,12
1,10,11.0,298,0,13,1,3,103,1,9
1,10,9.0,150,6,12,1,2,40,1,12
1,6,27.0,116,0,17,2,10,47,1,15
1,6,27.0,116,0,15,1,7,137,1,15
1,6,27.0,116,0,19,0,12,61,3,15
1,10,1.0,208,5,8,2,6,91,3,7
1,10,1.0,208,5,14,2,10,23,3,7
1,10,10.0,245,3,16,0,3,30,3,4
1,10,10.0,245,3,19,0,1,105,3,4
1,10,17.0,256,3,15,0,8,27,0,6
1,10,17.0,256,3,8,0,12,80,2,6
1,1,2.0,171,1,7,0,10,47,3,22
1,1,3.0,188,2,16,0,3,30,3,27
1,1,3.0,188,2,11,0,1,35,3,27
1,1,3.0,188,2,19,0,0,77,3,27
1,1,26.0,248,5,21,1,5,12,0,3
1,8,4.0,299,3,23,0,4,121,2,30
1,8,4.0,299,3,1,0,0,26,3,30
1,8,4.0,299,3,19,0,11,124,4,30
1,8,9.0,124,5,8,0,5,6,0,12
1,8,23.0,102,5,3,1,2,86,4,17
1,8,11.0,306,3,2,2,16,113,3,9
1,9,19.0,234,6,12,0,13,38,0,10
1,7,4.0,186,5,4,0,16,42,1,30
1,8,11.0,306,3,18,1,0,53,4,9
1,11,29.0,270,6,1,0,0,53,4,16
1,9,19.0,234,6,5,1,1,105,4,10
1,8,19.0,280,0,14,2,0,31,3,10
1,3,28.0,187,4,8,2,2,86,3,18
1,3,3.0,182,3,2,1,3,79,4,27
1,5,5.0,96,4,12,2,13,123,3,24
1,9,5.0,89,6,13,0,4,45,4,24
1,10,2.0,358,6,9,0,8,41,1,22
1,6,27.0,116,0,11,1,0,53,4,15
1,7,3.0,269,4,5,0,2,69,0,27
1,7,14.0,125,0,22,0,9,54,4,5
1,10,18.0,246,0,20,0,8,19,0,0
1,10,27.0,302,2,8,0,6,7,4,15
1,10,27.0,302,2,22,0,16,37,1,15
1,1,2.0,171,1,19,0,0,77,3,22
1,1,3.0,188,2,9,0,12,61,1,27
1,1,17.0,63,2,6,0,3,79,1,6
1,1,17.0,63,2,17,0,13,99,3,6
1,1,17.0,63,2,0,1,0,12,0,6
1,0,1.0,8,4,2,0,11,117,3,7
1,10,1.0,208,5,17,0,1,81,1,7
1,1,17.0,63,2,16,1,14,97,4,6
1,1,19.0,29,5,4,0,14,107,3,10
1,1,19.0,29,5,14,3,14,25,0,10
1,1,26.0,248,5,18,0,9,87,0,3
1,5,16.0,239,0,8,1,0,64,1,2
1,5,17.0,212,1,20,0,1,1,3,6
1,5,16.0,239,0,8,2,0,31,3,2
1,9,1.0,126,1,17,0,15,46,4,7
1,7,2.0,160,2,15,1,11,117,1,22
1,5,24.0,58,1,15,1,3,30,4,14
1,3,17.0,54,3,9,0,13,21,1,6
1,10,6.0,242,2,17,1,14,126,0,23
1,10,6.0,242,2,11,1,10,47,1,23
1,10,14.0,174,4,12,1,11,98,0,5
1,10,15.0,60,5,19,0,13,36,1,1
1,10,15.0,60,5,13,1,1,105,4,1
1,10,15.0,60,5,8,0,9,27,0,1
1,10,15.0,60,5,18,1,8,9,4,1
1,10,16.0,201,6,19,0,0,26,2,2
1,10,22.0,314,5,17,0,2,35,4,26
1,10,22.0,314,5,19,0,3,115,3,26
1,10,22.0,314,5,18,0,12,121,1,26
1,1,30.0,100,1,6,1,3,30,4,19
1,1,30.0,100,1,8,2,1,1,1,19
1,1,30.0,100,1,2,0,6,7,2,19
1,1,30.0,100,1,12,0,5,64,1,19
1,1,30.0,100,1,9,0,15,39,1,19
1,1,30.0,100,1,1,1,9,10,4,19
1,8,5.0,101,0,10,3,8,27,3,24
1,8,5.0,101,0,14,0,9,102,4,24
1,4,31.0,67,0,18,0,2,86,1,20
1,4,31.0,67,0,12,1,12,61,4,20
1,0,31.0,290,6,12,1,9,10,4,20
1,0,31.0,290,6,9,1,10,52,1,20
1,3,25.0,347,0,8,1,6,73,4,13
1,5,17.0,212,1,2,0,10,47,2,6
1,10,17.0,256,3,18,2,7,137,3,6
1,5,3.0,161,1,8,1,4,66,4,27
1,3,1.0,180,5,13,3,15,85,4,7
1,5,17.0,212,1,2,1,13,48,0,6
1,5,17.0,212,1,11,0,9,95,1,6
1,5,17.0,212,1,12,0,8,118,1,6
1,5,18.0,195,2,5,0,5,12,1,0
1,5,18.0,195,2,18,0,2,69,0,0
1,5,24.0,58,1,20,0,12,61,4,14
1,5,24.0,58,1,3,1,10,47,2,14
1,5,24.0,58,1,19,0,6,7,0,14
1,6,25.0,39,6,15,0,9,95,1,13
1,6,25.0,39,6,17,2,0,15,1,13
1,11,1.0,222,6,17,3,4,138,4,7
1,10,17.0,256,3,4,1,10,22,1,6
1,5,17.0,212,1,13,1,15,85,2,6
1,5,16.0,239,0,1,2,4,121,3,2
1,3,15.0,35,5,11,0,9,102,1,1
1,11,3.0,288,0,0,1,5,6,0,27
1,11,3.0,288,0,20,1,15,96,0,27
1,11,3.0,288,0,3,0,14,107,3,27
1,11,11.0,175,1,21,1,2,92,2,9
1,11,11.0,175,1,8,0,0,26,0,9
1,11,11.0,175,1,12,0,2,2,0,9
1,11,19.0,321,2,17,0,0,26,3,10
1,11,20.0,340,4,6,1,10,47,1,29
1,11,20.0,340,4,9,0,2,69,3,29
1,11,22.0,250,6,13,1,16,65,4,26
1,9,14.0,106,0,11,1,10,47,2,5
1,9,14.0,106,0,13,1,14,126,4,5
1,9,14.0,106,0,13,1,1,105,4,5
1,9,20.0,119,3,16,2,11,124,0,29
1,9,20.0,119,3,2,1,2,92,1,29
1,9,21.0,362,0,16,1,10,52,0,21
1,9,20.0,119,3,12,0,0,26,4,29
1,9,20.0,119,3,8,0,4,75,2,29
1,9,22.0,92,1,16,0,0,0,3,26
1,9,22.0,92,1,1,0,11,133,2,26
1,11,4.0,275,1,6,0,13,69,4,30
1,10,30.0,157,6,13,1,11,15,1,19
1,5,14.0,36,6,13,1,13,48,0,5
1,4,30.0,139,3,2,0,6,128,1,19
1,1,5.0,219,5,5,0,2,69,2,24
1,7,3.0,269,4,20,0,12,83,0,27
1,5,15.0,200,3,20,0,2,13,1,1
1,3,27.0,361,2,11,0,4,66,3,15
1,11,12.0,118,2,0,0,9,101,4,28
1,1,5.0,219,5,3,0,0,53,2,24
1,5,12.0,327,4,2,0,10,47,2,28
1,5,15.0,200,3,14,1,9,87,1,1
1,7,3.0,269,4,13,2,4,138,3,27
1,11,31.0,227,0,11,1,1,67,0,20
1,1,13.0,207,6,19,0,8,41,0,25
1,3,3.0,182,3,12,0,10,43,3,27
1,5,29.0,24,3,22,2,1,11,3,16
1,7,3.0,269,4,8,1,13,38,1,27
1,10,26.0,61,1,9,0,5,64,3,3
1,9,11.0,52,5,12,0,3,79,1,9
1,5,29.0,24,3,13,1,4,5,4,16
1,7,5.0,204,6,10,0,5,6,2,24
1,7,5.0,204,6,2,0,1,59,1,24
1,7,21.0,81,0,1,0,9,63,4,21
1,5,3.0,161,1,2,0,1,59,3,27
1,5,3.0,161,1,1,0,10,23,3,27
1,5,8.0,199,3,13,2,1,1,0,8
1,5,16.0,239,0,17,1,13,28,0,2
1,5,16.0,239,0,1,1,9,93,4,2
1,5,17.0,212,1,15,0,1,1,0,6
1,5,17.0,212,1,5,0,1,11,0,6
1,7,8.0,94,1,6,0,12,56,1,8
1,3,8.0,148,5,14,1,9,101,0,8
1,11,10.0,360,0,22,3,5,6,0,4
1,5,3.0,161,1,9,1,15,108,4,27
1,5,3.0,161,1,23,1,1,81,4,27
1,5,8.0,199,3,21,0,2,86,3,8
1,5,8.0,199,3,16,2,16,37,0,8
1,5,8.0,199,3,2,2,12,100,3,8
1,5,11.0,326,2,0,0,5,12,3,9
1,5,11.0,326,2,0,2,13,28,1,9
1,5,11.0,326,2,21,0,2,2,1,9
1,5,11.0,326,2,4,1,13,123,2,9
1,5,16.0,239,0,1,2,2,3,0,2
1,5,17.0,212,1,22,0,10,43,1,6
1,6,25.0,39,6,4,0,10,47,1,13
1,4,27.0,274,4,11,1,2,2,1,15
1,4,27.0,274,4,8,0,12,56,2,15
1,4,27.0,274,4,13,0,13,21,1,15
1,4,1.0,144,6,6,1,8,9,2,7
1,8,29.0,301,4,19,0,5,6,3,16
1,8,29.0,301,4,11,1,0,53,0,16
1,8,26.0,278,0,15,1,1,16,4,3
1,8,26.0,278,0,2,2,14,97,3,3
1,4,17.0,19,0,1,0,8,118,3,6
1,4,17.0,19,0,12,0,8,33,2,6
1,4,3.0,279,0,18,1,9,83,4,27
1,4,3.0,279,0,10,1,13,38,1,27
1,4,3.0,279,0,8,0,5,6,2,27
1,8,12.0,284,0,8,1,6,7,2,28
1,8,12.0,284,0,3,0,4,75,1,28
1,1,11.0,111,4,6,0,5,6,3,9
1,1,11.0,111,4,3,1,9,87,4,9
1,1,25.0,65,4,2,1,1,105,4,13
1,1,28.0,300,3,16,0,15,31,1,18
1,1,28.0,300,3,12,0,8,9,1,18
1,8,12.0,284,0,21,1,5,12,0,28
1,9,13.0,91,3,11,0,13,21,2,25
1,9,4.0,295,5,13,0,1,67,3,30
1,7,15.0,205,1,0,1,2,2,1,1
1,9,5.0,89,6,16,3,5,6,3,24
1,8,6.0,87,1,15,1,0,0,2,23
1,5,14.0,36,6,13,1,13,48,0,5
1,4,24.0,27,0,18,3,10,12,1,14
1,6,12.0,162,3,17,0,0,68,1,28
1,11,28.0,123,5,19,0,2,71,2,18
1,3,13.0,210,2,16,0,7,120,0,25
1,5,14.0,36,6,13,1,13,48,0,5
1,3,3.0,182,3,18,1,14,106,0,27
1,5,30.0,294,0,14,1,15,39,0,19
1,7,4.0,186,5,23,0,2,123,2,30
1,1,8.0,62,0,11,1,12,104,1,8
1,1,29.0,112,0,13,0,6,7,0,16
1,1,29.0,112,0,2,1,10,22,1,16
1,8,8.0,76,4,17,0,15,46,1,8
1,1,21.0,45,3,19,1,13,123,4,21
1,1,31.0,305,2,8,1,5,12,1,20
1,3,6.0,303,2,5,0,3,30,3,23
1,3,14.0,33,4,20,0,5,6,3,5
1,3,22.0,166,5,16,0,0,12,3,26
1,3,22.0,166,5,1,2,2,2,3,26
1,3,28.0,187,4,2,0,1,35,1,18
1,3,28.0,187,4,19,0,3,30,3,18
1,3,22.0,166,5,20,1,0,96,4,26
1,6,13.0,317,0,23,1,13,21,2,25
1,6,24.0,31,5,22,1,13,29,4,14
1,3,20.0,105,2,19,1,0,26,4,29
1,5,5.0,96,4,19,0,1,11,2,24
1,5,30.0,294,0,15,0,2,86,2,19
1,5,29.0,24,3,8,0,2,2,2,16
1,9,23.0,167,2,8,1,8,9,1,17
1,1,13.0,207,6,18,2,6,89,1,25
1,6,15.0,49,2,4,3,14,25,0,1
1,10,20.0,223,2,13,3,0,77,0,29
1,8,20.0,319,1,23,1,0,15,0,29
1,9,28.0,315,0,22,0,11,15,1,18
1,9,28.0,315,0,12,1,15,85,4,18
1,9,28.0,315,0,2,1,9,87,1,18
1,8,12.0,284,0,18,0,16,72,1,28
1,8,12.0,284,0,11,1,9,49,4,28
1,8,17.0,74,6,4,1,2,2,1,6
1,8,18.0,75,3,12,0,2,40,4,0
1,8,26.0,278,0,19,0,16,72,3,3
1,8,29.0,301,4,15,2,11,124,3,16
1,8,29.0,301,4,9,0,10,22,1,16
1,8,29.0,301,4,5,0,15,31,4,16
1,8,29.0,301,4,9,2,0,15,3,16
1,4,1.0,144,6,13,1,4,82,1,7
1,4,17.0,19,0,19,2,7,78,3,6
1,6,16.0,38,4,23,0,15,112,4,2
1,4,27.0,274,4,15,2,2,2,3,15
1,6,20.0,215,0,18,0,9,49,1,29
1,10,2.0,358,6,18,0,2,2,4,22
1,10,18.0,246,0,22,0,16,72,1,0
1,10,18.0,246,0,14,2,7,62,3,0
1,10,20.0,223,2,16,1,10,22,0,29
1,10,20.0,223,2,10,2,5,12,0,29
1,10,20.0,223,2,18,0,13,48,1,29
1,10,26.0,61,1,6,0,0,12,0,3
1,10,26.0,61,1,15,0,4,79,1,3
1,1,11.0,111,4,3,0,10,22,1,9
1,1,25.0,65,4,15,1,9,49,4,13
1,1,27.0,262,6,14,0,6,91,4,15
1,1,28.0,300,3,5,0,10,47,0,18
1,8,2.0,77,5,3,3,0,53,0,22
1,8,2.0,77,5,18,2,10,22,3,22
1,1,28.0,300,3,3,0,0,26,3,18
1,8,12.0,284,0,16,0,7,20,3,28
1,8,26.0,278,0,17,2,12,61,3,3
1,8,29.0,301,4,20,0,12,61,1,16
1,8,29.0,301,4,8,1,14,107,4,16
1,9,26.0,267,6,18,0,2,123,2,3
1,7,1.0,98,1,19,1,1,11,0,7
1,5,2.0,307,0,18,0,4,66,3,22
1,7,10.0,329,4,11,0,16,72,2,4
1,7,10.0,329,4,3,0,13,13,0,4
1,7,17.0,95,4,16,0,16,50,1,6
1,7,19.0,330,6,14,0,8,33,0,10
1,7,26.0,316,6,17,1,1,67,0,3
1,7,26.0,316,6,3,1,12,17,4,3
1,7,26.0,316,6,1,0,16,130,4,3
1,3,7.0,289,4,4,0,4,121,2,11
1,3,7.0,289,4,1,3,0,64,3,11
1,3,9.0,44,6,14,1,4,136,4,12
1,3,9.0,44,6,18,1,4,45,4,12
1,3,18.0,165,0,14,1,11,133,4,0
1,3,26.0,343,1,17,1,0,53,1,3
1,3,26.0,343,1,19,1,16,37,1,3
1,3,26.0,343,1,18,0,16,113,2,3
1,6,2.0,352,4,0,0,3,115,1,22
1,6,2.0,352,4,7,0,3,115,3,22
1,11,18.0,332,1,13,1,0,53,1,0
1,6,2.0,352,4,2,2,13,36,3,22
1,6,2.0,352,4,1,0,7,78,4,22
1,8,29.0,301,4,22,0,5,6,2,16
1,8,29.0,301,4,13,2,13,69,2,16
1,8,29.0,301,4,15,0,13,28,0,16
1,7,5.0,204,6,19,0,8,118,1,24
1,7,20.0,266,3,5,1,1,59,4,29
1,7,20.0,266,3,9,3,16,50,2,29
1,7,21.0,81,0,23,1,4,136,4,21
1,7,22.0,211,1,16,0,16,113,1,26
1,7,22.0,211,1,16,0,14,110,1,26
1,3,4.0,285,0,7,0,13,99,3,30
1,3,4.0,285,0,8,0,2,92,2,30
1,3,6.0,303,2,8,2,8,118,3,23
1,3,6.0,303,2,6,2,9,54,3,23
1,3,14.0,33,4,13,2,10,47,3,5
1,3,22.0,166,5,16,1,7,129,4,26
1,5,5.0,96,4,20,1,11,133,2,24
1,3,6.0,303,2,5,3,14,106,0,23
1,9,11.0,52,5,8,0,8,118,2,9
1,7,5.0,204,6,22,2,16,74,3,24
1,6,23.0,84,4,17,1,10,23,1,17
1,8,20.0,319,1,6,0,10,47,3,29
1,10,19.0,117,1,12,1,4,75,4,10
1,5,29.0,24,3,19,0,9,101,1,16
1,1,15.0,1,0,18,0,4,121,3,1
1,5,29.0,24,3,3,0,3,30,3,16
1,8,19.0,280,0,11,1,6,116,4,10
1,1,8.0,62,0,22,1,11,18,1,8
1,10,18.0,246,0,18,1,14,34,1,0
1,1,16.0,2,1,10,1,13,36,1,2
1,6,6.0,83,0,11,0,0,26,2,23
1,8,20.0,319,1,4,0,1,59,4,29
1,4,29.0,313,6,22,0,14,24,1,16
1,1,16.0,2,1,6,0,0,53,3,2
1,8,19.0,280,0,12,3,1,35,3,10
1,4,29.0,313,6,11,1,15,112,4,16
1,1,16.0,2,1,1,1,9,10,4,2
1,6,13.0,317,0,13,2,4,4,4,25
1,8,28.0,224,2,16,0,5,12,3,18
1,5,30.0,294,0,4,0,10,47,0,19
1,9,20.0,119,3,12,0,13,29,2,29
1,7,12.0,181,6,21,1,14,24,0,28
1,7,29.0,268,1,3,0,2,40,1,16
1,7,29.0,268,1,18,0,9,9,3,16
1,7,30.0,42,2,6,0,5,6,2,19
1,3,5.0,324,1,21,0,5,6,0,24
1,3,15.0,35,5,13,0,10,6,3,1
1,3,15.0,35,5,19,0,4,127,1,1
1,3,15.0,35,5,1,0,13,36,4,1
1,3,15.0,35,5,1,2,0,68,0,1
1,5,4.0,114,2,0,1,11,98,4,30
1,5,4.0,114,2,13,0,15,31,3,30
1,5,7.0,349,6,22,0,6,7,0,11
1,5,7.0,349,6,14,3,12,17,3,11
1,5,20.0,214,5,23,1,13,28,0,29
1,5,20.0,214,5,9,2,0,0,3,29
1,5,23.0,168,0,20,0,1,35,4,17
1,5,23.0,168,0,1,0,8,33,3,17
1,5,31.0,196,1,19,0,11,117,0,20
1,6,30.0,145,4,16,1,5,12,0,19
1,8,25.0,86,3,1,0,9,57,3,13
1,8,25.0,86,3,2,1,13,36,1,13
1,8,30.0,103,5,8,3,12,83,0,19
1,10,5.0,336,1,1,1,12,80,4,24
1,4,2.0,141,3,20,3,7,129,4,22
1,5,16.0,239,0,17,1,13,28,0,2
1,5,17.0,212,1,23,0,2,86,3,6
1,5,17.0,212,1,23,1,3,79,1,6
1,5,18.0,195,2,18,0,13,21,1,0
1,5,24.0,58,1,14,1,13,38,4,14
1,6,17.0,244,5,15,1,1,67,4,6
1,6,27.0,116,0,17,2,3,30,3,15
1,6,27.0,116,0,4,1,14,125,4,15
1,10,1.0,208,5,7,0,14,24,1,7
1,10,10.0,245,3,19,2,14,131,2,4
1,10,17.0,256,3,8,2,10,22,3,6
1,10,17.0,256,3,19,0,13,38,1,6
1,10,17.0,256,3,14,0,10,52,1,6
1,10,17.0,256,3,2,1,11,133,4,6
1,10,27.0,302,2,6,0,9,95,3,15
1,10,27.0,302,2,4,2,6,73,1,15
1,1,1.0,203,0,2,1,2,92,1,7
1,1,1.0,203,0,4,3,8,27,0,7
1,1,2.0,171,1,16,0,2,2,3,22
1,1,3.0,188,2,14,2,13,29,1,27
1,1,17.0,63,2,0,0,5,12,3,6
1,10,15.0,60,5,12,0,10,6,3,1
1,10,15.0,60,5,1,2,14,25,0,1
1,10,15.0,60,5,4,2,4,82,3,1
1,10,16.0,201,6,6,1,14,25,0,2
1,10,16.0,201,6,11,0,0,31,3,2
1,7,30.0,42,2,16,0,15,51,0,19
1,3,12.0,104,1,0,0,9,87,1,28
1,3,15.0,35,5,8,0,15,108,1,1
1,3,21.0,338,4,6,2,0,64,3,21
1,3,21.0,338,4,17,1,9,58,4,21
1,3,21.0,338,4,14,0,9,101,1,21
1,5,4.0,114,2,6,0,10,12,0,30
1,5,6.0,277,5,12,1,3,70,4,23
1,5,7.0,349,6,13,1,5,6,0,11
1,5,7.0,349,6,14,0,3,4,0,11
1,5,7.0,349,6,2,1,1,67,4,11
1,5,31.0,196,1,12,0,11,94,2,20
1,6,30.0,145,4,0,0,14,24,1,19
1,6,30.0,145,4,12,0,5,6,1,19
1,6,30.0,145,4,8,0,0,26,3,19
1,4,1.0,144,6,16,1,8,27,1,7
1,8,17.0,74,6,13,3,13,28,0,6
1,4,17.0,19,0,18,1,14,25,2,6
1,4,27.0,274,4,16,0,0,85,1,15
1,4,27.0,274,4,14,0,4,127,2,15
1,2,1.0,16,1,3,0,15,39,0,7
1,2,1.0,16,1,4,0,5,6,3,7
1,2,3.0,282,4,22,3,12,83,3,27
1,2,3.0,282,4,13,0,16,37,2,27
1,2,3.0,282,4,21,1,11,124,4,27
1,6,13.0,317,0,13,0,0,53,3,25
1,6,14.0,173,1,6,0,10,47,1,5
1,8,28.0,224,2,21,0,14,24,4,18
1,1,5.0,219,5,4,3,0,68,0,24
1,6,22.0,185,2,21,0,0,64,3,26
1,2,29.0,140,1,7,2,10,22,1,16
1,6,23.0,84,4,23,1,9,109,4,17
1,1,4.0,286,4,17,3,10,47,2,30
1,8,28.0,224,2,4,0,3,115,1,18
1,8,26.0,278,0,22,3,9,87,4,3
1,2,2.0,143,2,19,1,2,86,2,22
1,6,24.0,31,5,18,0,14,126,1,14
1,2,29.0,140,1,9,0,8,27,1,16
1,2,2.0,143,2,14,1,14,24,1,22
1,1,16.0,2,1,18,1,3,4,0,2
1,0,3.0,334,6,4,0,2,13,0,27
1,8,28.0,224,2,4,0,4,79,3,18
1,9,10.0,156,4,5,1,13,99,4,4
1,3,20.0,105,2,6,0,0,12,0,29
1,3,28.0,187,4,13,1,3,76,4,18
1,5,5.0,96,4,6,0,8,9,3,24
1,5,15.0,200,3,5,0,14,24,2,1
1,5,15.0,200,3,22,0,4,136,2,1
1,5,15.0,200,3,18,0,0,15,0,1
1,5,29.0,24,3,17,3,4,82,0,16
1,5,29.0,24,3,12,0,11,117,3,16
1,11,5.0,240,2,15,0,15,96,2,24
1,11,28.0,123,5,3,1,10,52,1,18
1,11,28.0,123,5,22,1,3,30,1,18
1,11,29.0,270,6,13,0,2,2,1,16
1,11,29.0,270,6,8,3,7,122,1,16
1,11,29.0,270,6,13,1,13,99,4,16
1,6,21.0,193,1,17,1,4,138,4,21
1,8,23.0,102,5,15,0,6,14,1,17
1,9,3.0,217,4,2,0,16,130,3,27
1,9,3.0,217,4,19,0,8,27,3,27
1,9,3.0,217,4,3,1,11,133,2,27
1,9,3.0,217,4,5,0,10,43,2,27
1,9,5.0,89,6,13,1,12,80,1,24
1,9,3.0,217,4,12,0,0,26,2,27
1,9,5.0,89,6,12,0,7,120,4,24
1,9,5.0,89,6,8,0,14,125,2,24
1,9,13.0,91,3,17,0,11,18,1,25
1,5,29.0,24,3,18,0,0,26,0,16
1,6,4.0,159,6,11,1,12,80,4,30
1,6,4.0,159,6,8,0,5,6,0,30
1,6,4.0,159,6,1,0,8,27,3,30
1,6,13.0,317,0,16,1,10,22,1,25
1,6,13.0,317,0,11,1,10,22,4,25
1,6,22.0,185,2,22,0,4,121,2,26
1,6,22.0,185,2,14,2,10,47,3,26
1,6,23.0,84,4,11,0,13,38,2,17
1,6,23.0,84,4,13,0,6,7,2,17
1,6,22.0,185,2,4,2,2,2,3,26
1,1,16.0,2,1,22,1,0,64,4,2
1,3,4.0,285,0,8,0,13,121,3,30
1,3,4.0,285,0,12,0,1,35,1,30
1,3,4.0,285,0,9,2,16,113,3,30
1,3,6.0,303,2,19,0,10,22,3,23
1,3,22.0,166,5,22,0,1,59,3,26
1,5,5.0,96,4,13,1,4,4,1,24
1,5,15.0,200,3,18,0,16,130,4,1
1,5,29.0,24,3,17,0,13,38,1,16
1,6,4.0,159,6,22,0,5,47,3,30
1,8,27.0,78,1,19,1,4,66,4,15
1,8,28.0,224,2,6,0,16,108,3,18
1,8,28.0,224,2,0,0,0,53,3,18
1,8,28.0,224,2,18,0,13,99,3,18
1,4,4.0,178,1,21,0,8,9,1,30
1,4,9.0,18,3,17,0,11,15,3,12
1,0,1.0,8,4,19,0,14,24,2,7
1,2,27.0,136,3,2,2,7,122,3,15
0,7,19.0,330,3,20,1,13,28,4,10
0,3,10.0,4,0,2,1,3,30,2,4
1,10,17.0,256,3,20,0,9,27,2,6
1,10,17.0,256,3,2,0,7,78,4,6
1,10,27.0,302,2,13,0,5,6,1,15
1,1,2.0,171,1,21,2,13,13,3,22
1,1,2.0,171,1,19,1,6,116,4,22
1,1,2.0,171,1,9,1,11,98,4,22
1,1,17.0,63,2,8,0,14,25,3,6
1,1,19.0,29,5,5,1,16,130,0,10
1,1,26.0,248,5,10,0,7,111,0,3
1,1,26.0,248,5,12,0,10,12,3,3
1,1,26.0,248,5,19,0,16,37,4,3
1,4,26.0,80,2,14,1,15,119,2,3
1,0,19.0,13,0,3,0,8,27,2,10
1,0,21.0,287,2,6,0,16,37,4,21
1,0,30.0,228,5,2,0,10,22,3,19
1,0,30.0,228,5,4,0,2,40,1,19
0,11,1.0,222,3,0,0,5,12,1,7
0,11,2.0,265,0,17,0,0,85,1,22
0,11,2.0,265,0,0,1,9,10,4,22
1,0,4.0,229,3,6,1,9,109,0,30
1,3,16.0,263,6,8,0,4,138,2,2
1,0,4.0,229,3,1,0,2,86,1,30
1,0,4.0,229,3,18,1,5,6,2,30
1,5,28.0,259,6,22,1,16,130,1,18
1,8,28.0,224,2,9,0,16,42,3,18
1,0,4.0,229,3,20,0,16,74,1,30
1,9,10.0,156,4,9,3,0,12,3,4
1,10,27.0,302,2,16,2,5,64,3,15
1,0,11.0,10,3,13,1,11,129,4,9
1,6,1.0,158,2,9,0,3,70,4,7
1,10,27.0,302,2,0,2,3,30,3,15
1,0,11.0,10,3,22,2,6,128,3,9
1,10,27.0,302,2,4,0,15,46,3,15
1,6,1.0,158,2,0,2,7,62,3,7
1,1,1.0,203,0,21,1,5,12,0,7
1,1,2.0,171,1,8,0,1,59,1,22
1,1,2.0,171,1,10,0,10,22,1,22
1,1,17.0,63,2,4,0,6,89,1,6
1,1,19.0,29,5,12,0,3,79,3,10
1,1,19.0,29,5,1,0,10,47,0,10
1,1,26.0,248,5,23,0,3,70,2,3
1,8,4.0,299,3,21,0,2,13,1,30
1,8,4.0,299,3,13,1,10,23,1,30
1,8,19.0,280,0,16,0,0,64,2,10
1,8,20.0,319,1,7,2,10,22,3,29
1,8,20.0,319,1,16,1,10,22,0,29
1,0,3.0,334,6,23,1,4,82,1,27
1,0,3.0,334,6,23,1,9,57,4,27
1,0,4.0,229,3,20,1,12,80,1,30
1,0,11.0,10,3,17,0,13,29,0,9
1,0,11.0,10,3,17,0,10,22,2,9
1,0,18.0,0,3,20,0,2,2,3,0
1,0,18.0,0,3,15,0,6,89,2,0
1,10,18.0,246,0,12,3,1,105,3,0
1,1,27.0,262,6,2,1,9,95,1,15
1,1,28.0,300,3,14,3,3,44,4,18
1,8,18.0,75,3,17,1,0,0,0,0
1,8,18.0,75,3,22,1,12,84,4,0
1,8,18.0,75,3,13,1,1,105,4,0
1,8,18.0,75,3,4,0,2,3,2,0
1,8,29.0,301,4,4,0,2,69,1,16
1,4,1.0,144,6,6,2,13,21,3,7
1,4,1.0,144,6,15,1,6,116,1,7
1,4,1.0,144,6,11,1,2,2,4,7
1,4,3.0,279,0,13,2,3,30,2,27
1,4,3.0,279,0,20,1,13,36,1,27
1,6,30.0,145,4,6,1,7,111,2,19
1,10,5.0,336,1,5,0,12,17,0,24
1,10,5.0,336,1,13,0,8,41,1,24
1,10,6.0,242,2,6,0,7,120,4,23
1,6,30.0,145,4,4,0,5,64,3,19
1,9,12.0,177,6,5,1,9,95,4,28
1,9,20.0,119,3,14,0,2,35,4,29
1,9,21.0,362,0,1,2,13,28,3,21
1,9,22.0,92,1,18,0,5,12,3,26
1,10,21.0,341,4,5,3,16,65,0,21
1,9,21.0,362,0,4,2,11,117,2,21
1,7,6.0,93,3,18,2,6,7,0,23
1,7,6.0,93,3,22,1,14,34,4,23
1,7,12.0,181,6,22,1,10,12,0,28
1,7,23.0,202,2,17,0,15,114,1,17
1,7,23.0,202,2,20,1,3,70,0,17
1,7,23.0,202,2,13,1,2,123,4,17
1,7,29.0,268,1,17,0,13,99,0,16
1,4,3.0,279,0,8,1,14,25,4,27
1,8,17.0,74,6,19,2,3,79,3,6
1,4,17.0,19,0,12,0,14,34,0,6
1,4,17.0,19,0,19,1,3,30,2,6
1,4,17.0,19,0,9,0,10,23,1,6
1,4,27.0,274,4,13,0,3,76,2,15
1,4,27.0,274,4,11,0,9,101,2,15
1,6,16.0,38,4,2,0,13,99,2,2
1,6,16.0,38,4,14,1,1,105,0,2
1,10,20.0,223,2,7,1,11,10,4,29
1,4,27.0,274,4,11,1,1,35,4,15
1,4,27.0,274,4,9,0,8,118,3,15
1,2,1.0,16,1,17,0,12,58,4,7
1,2,1.0,16,1,6,0,5,12,0,7
1,2,29.0,140,1,8,0,15,31,3,16
1,0,3.0,334,6,8,0,7,20,4,27
1,0,3.0,334,6,19,1,1,67,4,27
1,0,11.0,10,3,9,0,12,104,1,9
1,0,18.0,0,3,11,1,2,2,4,0
1,0,19.0,13,0,17,0,2,40,4,10
1,3,4.0,285,0,12,3,13,28,3,30
1,9,19.0,234,6,18,1,3,103,4,10
1,6,13.0,317,0,11,1,5,64,4,25
1,4,8.0,292,6,9,1,15,39,2,8
1,0,11.0,10,3,16,0,0,85,1,9
1,6,10.0,149,5,18,2,9,54,3,4
1,0,18.0,0,3,3,0,9,57,0,0
1,5,19.0,146,4,17,0,11,18,1,10
1,0,18.0,0,3,5,1,13,21,4,0
1,5,28.0,259,6,20,1,2,2,1,18
1,8,19.0,280,0,15,1,4,79,4,10
1,8,19.0,280,0,1,0,14,24,2,10
1,5,17.0,212,1,14,3,9,57,0,6
1,5,18.0,195,2,12,0,16,139,3,0
1,5,16.0,239,0,23,0,5,12,1,2
1,5,24.0,58,1,16,0,10,47,2,14
1,9,17.0,255,4,5,0,9,57,2,6
1,10,1.0,208,5,17,1,2,86,0,7
1,1,26.0,248,5,3,1,9,10,1,3
1,3,17.0,54,3,8,1,9,109,4,6
1,5,16.0,239,0,2,3,16,50,0,2
1,8,11.0,306,3,14,3,0,68,3,9
1,10,1.0,208,5,17,0,7,111,1,7
1,8,27.0,78,1,17,1,0,15,1,15
1,10,10.0,245,3,15,0,6,7,2,4
1,5,24.0,58,1,23,1,3,115,0,14
1,5,24.0,58,1,12,0,6,89,0,14
1,6,17.0,244,5,20,1,6,7,0,6
1,6,25.0,39,6,6,1,8,118,1,13
1,0,19.0,13,0,6,1,9,93,0,10
1,0,19.0,13,0,19,0,10,22,1,10
1,0,19.0,13,0,14,0,13,48,4,10
0,11,1.0,222,3,21,2,1,11,3,7
1,10,18.0,246,0,18,2,4,75,3,0
1,10,18.0,246,0,4,0,8,41,3,0
1,10,18.0,246,0,1,0,14,24,2,0
1,10,18.0,246,0,18,1,15,96,2,0
1,10,18.0,246,0,3,1,12,80,4,0
1,10,19.0,117,1,12,1,1,1,4,10
1,10,20.0,223,2,18,0,6,89,3,29
1,10,26.0,61,1,1,0,14,110,3,3
1,1,11.0,111,4,19,0,10,43,1,9
1,1,25.0,65,4,6,1,9,57,0,13
1,1,25.0,65,4,5,0,7,57,2,13
1,1,25.0,65,4,4,1,14,24,4,13
1,1,27.0,262,6,1,1,1,35,2,15
1,1,27.0,262,6,18,2,5,6,3,15
1,1,25.0,65,4,16,0,2,92,1,13
1,8,2.0,77,5,5,0,14,24,1,22
1,8,2.0,77,5,15,1,1,81,4,22
1,3,10.0,4,3,12,1,11,133,4,4
1,3,18.0,165,0,13,1,9,93,4,0
1,5,2.0,307,0,4,1,0,0,0,22
1,3,27.0,361,2,17,1,2,69,1,15
1,8,2.0,77,5,9,0,2,92,2,22
1,8,18.0,75,3,17,1,4,75,0,0
1,8,18.0,75,3,21,1,9,93,0,0
1,10,25.0,56,0,14,2,2,2,3,13
1,10,26.0,61,1,0,2,0,0,3,3
1,10,26.0,61,1,5,0,8,41,1,3
1,1,11.0,111,4,17,0,14,25,1,9
1,1,11.0,111,4,21,1,11,117,4,9
1,1,11.0,111,4,22,1,3,103,4,9
1,1,27.0,262,6,13,0,13,38,1,15
1,1,11.0,111,4,14,3,3,44,3,9
1,1,28.0,300,3,8,0,16,113,1,18
1,1,28.0,300,3,18,0,10,12,3,18
1,8,2.0,77,5,8,0,9,83,2,22
1,8,2.0,77,5,13,1,8,33,2,22
1,8,18.0,75,3,15,1,15,114,1,0
1,8,26.0,278,0,19,0,2,92,3,3
1,8,26.0,278,0,22,0,9,27,0,3
1,4,1.0,144,6,22,1,1,59,4,7
1,4,3.0,279,0,23,2,10,22,3,27
1,4,17.0,19,0,8,2,6,132,3,6
1,1,18.0,82,4,1,0,6,89,4,0
1,0,12.0,113,0,19,1,13,29,0,28
1,6,28.0,309,1,13,1,10,47,1,18
1,9,2.0,323,2,1,0,8,41,1,22
1,10,3.0,310,3,19,1,2,92,2,27
0,7,18.0,154,6,18,0,1,59,3,0
1,4,28.0,218,5,8,2,0,68,3,18
1,2,28.0,257,0,12,3,8,27,3,18
1,5,10.0,155,1,15,1,14,126,4,4
1,5,1.0,109,3,17,1,0,26,2,7
1,6,9.0,236,4,20,1,10,23,1,12
1,6,18.0,308,6,19,0,2,86,1,0
1,5,1.0,109,3,22,2,4,4,3,7
1,5,19.0,146,4,11,1,7,57,4,10
1,10,11.0,298,0,12,1,6,132,2,9
1,10,9.0,150,6,13,0,2,2,4,12
1,1,10.0,17,2,11,0,1,1,1,4
1,0,12.0,113,0,0,0,11,18,1,28
1,5,1.0,109,3,17,0,8,118,1,7
1,4,12.0,134,2,6,1,0,68,1,28
1,2,11.0,297,5,11,0,10,43,0,9
1,2,18.0,7,5,5,1,13,13,4,0
1,2,18.0,7,5,0,0,10,47,2,0
1,2,20.0,264,3,11,3,9,109,0,29
1,6,28.0,309,1,4,1,9,63,4,18
1,6,26.0,348,3,8,0,12,61,1,3
1,8,23.0,102,5,8,0,4,45,2,17
1,10,13.0,346,2,16,1,13,28,4,25
1,1,22.0,164,0,18,0,5,6,4,26
1,5,14.0,36,6,5,0,0,64,2,5
1,5,14.0,36,6,19,0,16,37,1,5
1,10,12.0,333,1,9,0,16,72,1,28
1,10,30.0,157,6,12,0,16,50,1,19
0,11,23.0,232,0,1,0,14,24,1,17
0,11,31.0,227,1,1,3,3,44,1,20
1,8,13.0,189,1,19,0,2,92,1,25
1,8,22.0,354,4,14,3,11,18,0,26
1,10,31.0,135,3,13,0,15,46,2,20
1,4,8.0,292,6,14,0,5,12,0,8
1,10,12.0,333,1,10,0,14,131,3,28
1,10,30.0,157,6,11,0,8,33,0,19
1,10,31.0,135,3,6,1,9,57,0,20
1,10,31.0,135,3,0,1,9,57,0,20
1,10,31.0,135,3,5,0,7,31,1,20
1,10,31.0,135,3,18,0,2,92,0,20
1,3,22.0,166,5,13,0,8,27,2,26
1,1,5.0,219,5,10,0,8,118,0,24
1,11,4.0,275,1,17,0,8,9,0,30
1,11,5.0,240,2,8,0,14,125,0,24
1,11,28.0,123,5,6,1,13,38,0,18
1,6,15.0,49,2,13,1,3,44,0,1
1,11,28.0,123,5,22,1,1,1,4,18
1,11,28.0,123,5,18,2,12,56,3,18
1,11,29.0,270,6,21,1,1,105,0,16
1,11,29.0,270,6,11,1,1,11,0,16
1,11,29.0,270,6,2,2,5,6,3,16
1,11,29.0,270,6,2,1,0,68,4,16
1,11,4.0,275,1,18,1,7,122,4,30
1,11,5.0,240,2,17,2,10,23,2,24
0,1,26.0,248,6,1,0,10,43,1,3
0,1,27.0,262,3,6,2,8,9,0,15
0,1,26.0,248,6,4,1,7,8,0,3
0,1,27.0,262,3,13,0,1,1,4,15
0,1,27.0,262,3,8,1,0,64,4,15
0,8,2.0,77,6,13,0,10,22,3,22
0,8,8.0,76,5,16,0,0,12,0,8
0,2,15.0,130,2,8,0,4,136,3,1
0,2,22.0,209,2,20,0,8,33,4,26
0,2,22.0,209,2,19,1,13,48,0,26
0,2,25.0,233,6,13,1,9,134,4,13
1,6,11.0,355,6,22,0,8,27,1,9
0,11,30.0,170,0,1,0,2,86,0,19
0,2,23.0,230,4,13,0,2,123,2,17
0,2,28.0,257,1,5,0,9,87,4,18
0,2,29.0,140,2,16,0,8,33,0,16
0,2,29.0,140,2,15,0,7,120,1,16
0,2,29.0,140,2,2,0,10,133,3,16
0,4,12.0,134,4,1,0,15,46,3,28
0,4,29.0,313,3,6,0,9,101,0,16
0,4,29.0,313,3,14,0,3,44,4,16
0,4,30.0,139,0,1,0,1,11,3,19
0,4,30.0,139,0,9,0,14,125,3,19
1,8,4.0,299,3,13,3,12,135,1,30
0,2,4.0,254,6,15,0,13,48,1,30
0,2,4.0,254,6,2,0,10,52,3,30
0,8,8.0,76,5,11,1,10,22,0,8
0,8,8.0,76,5,15,1,8,27,1,8
0,8,8.0,76,5,21,1,15,39,0,8
0,8,8.0,76,5,11,1,13,38,1,8
0,8,26.0,278,1,3,0,5,12,1,3
0,10,8.0,213,6,18,1,5,64,0,8
0,10,9.0,150,3,14,1,3,30,1,12
0,10,10.0,245,0,4,0,6,7,4,4
0,2,16.0,220,4,2,3,1,84,0,2
1,5,20.0,214,5,4,1,10,12,0,29
1,10,22.0,314,5,2,0,15,114,1,26
1,1,23.0,69,1,6,0,12,104,3,17
1,8,5.0,101,0,18,1,14,24,4,24
0,10,1.0,208,6,13,1,10,52,0,7
0,10,16.0,201,3,7,0,6,132,4,2
0,10,16.0,201,3,13,1,6,91,4,2
0,10,18.0,246,1,3,0,0,64,3,0
0,10,25.0,56,1,16,0,12,104,4,13
0,10,25.0,56,1,17,1,3,79,4,13
0,10,25.0,56,1,8,0,5,12,1,13
0,2,4.0,254,6,14,2,8,19,0,30
0,2,15.0,130,2,12,0,13,48,0,1
0,2,22.0,209,2,18,0,2,86,1,26
0,2,22.0,209,2,2,3,9,57,0,26
0,2,28.0,257,1,22,1,16,50,1,18
0,2,22.0,209,2,9,0,8,19,4,26
0,0,6.0,260,2,16,0,7,62,3,23
0,0,6.0,260,2,5,2,6,7,3,23
0,0,6.0,260,2,2,0,1,11,2,23
0,0,14.0,5,4,14,2,6,7,3,5
0,1,5.0,219,6,18,0,6,7,3,24
0,1,6.0,97,3,23,0,8,41,4,23
0,1,20.0,151,3,8,2,13,38,3,29
0,1,20.0,151,3,16,1,10,52,1,29
0,8,20.0,319,2,6,1,6,14,0,29
0,8,28.0,224,4,15,0,2,40,4,18
0,8,28.0,224,4,23,1,3,103,0,18
0,8,28.0,224,4,12,0,8,118,3,18
0,4,6.0,176,5,6,0,8,27,1,23
0,1,2.0,171,2,17,0,9,134,3,22
1,4,8.0,292,6,5,1,13,28,1,8
1,6,12.0,162,3,23,1,2,2,4,28
0,1,2.0,171,2,14,2,12,80,0,22
0,4,12.0,134,4,1,0,7,20,3,28
0,1,27.0,262,3,0,2,10,22,3,15
0,10,9.0,150,3,23,1,12,80,1,12
0,10,10.0,245,0,5,0,13,4,3,4
0,10,10.0,245,0,13,0,8,9,0,4
0,10,10.0,245,0,16,1,11,15,0,4
0,10,10.0,245,0,1,1,15,51,4,4
0,10,16.0,201,3,16,0,15,51,3,2
0,10,16.0,201,3,22,1,1,1,1,2
0,10,18.0,246,1,17,0,6,7,0,0
0,10,18.0,246,1,1,1,7,137,4,0
1,5,20.0,214,5,15,0,5,64,2,29
1,10,5.0,336,1,16,0,3,30,3,24
0,2,19.0,137,3,5,1,4,66,4,10
1,6,11.0,355,6,15,2,6,7,3,9
0,0,20.0,172,2,5,0,14,25,1,29
1,6,15.0,49,2,16,0,15,114,1,1
1,8,6.0,87,1,7,1,15,31,4,23
0,0,20.0,172,2,3,0,13,13,4,29
1,6,15.0,49,2,19,0,4,45,4,1
0,0,24.0,55,3,9,0,14,25,2,14
0,0,20.0,172,2,9,0,8,27,1,29
0,8,15.0,72,5,18,0,1,67,4,1
1,8,8.0,76,4,8,0,2,2,3,8
1,6,21.0,193,1,12,1,6,89,1,21
0,4,29.0,313,3,14,0,12,80,1,16
1,4,8.0,292,6,14,0,13,99,2,8
0,4,30.0,139,0,2,0,5,6,3,19
1,6,15.0,49,2,17,2,5,12,3,1
0,11,30.0,170,0,8,2,6,128,2,19
0,0,23.0,237,6,6,0,13,21,1,17
0,7,31.0,43,5,8,0,12,56,2,20
0,10,17.0,256,0,4,1,4,4,4,6
1,10,7.0,243,4,0,3,3,44,2,11
1,6,15.0,49,2,4,0,16,50,0,1
0,0,24.0,55,3,14,2,8,33,3,14
0,9,15.0,226,2,18,2,5,64,0,1
0,0,23.0,237,6,0,2,1,11,4,17
1,8,15.0,72,4,1,0,4,79,0,1
0,9,16.0,107,4,4,0,2,13,1,2
0,2,2.0,143,4,10,1,13,29,1,22
0,5,16.0,239,1,4,1,10,23,0,2
1,1,21.0,45,3,1,0,3,79,4,21
0,2,12.0,128,3,12,1,12,56,4,28
0,2,12.0,128,3,13,0,4,75,2,28
0,2,13.0,276,0,16,1,2,2,1,25
0,2,13.0,276,0,12,0,4,79,2,25
0,2,13.0,276,0,9,2,3,103,2,25
0,2,21.0,108,1,15,0,13,28,0,21
0,4,3.0,279,1,19,0,5,12,1,27
0,4,5.0,235,4,2,1,2,86,2,24
0,2,21.0,108,1,19,0,2,3,1,21
0,2,21.0,108,1,1,2,15,51,3,21
0,0,4.0,229,0,3,1,14,106,1,30
0,0,20.0,172,2,10,1,0,77,4,29
0,0,23.0,237,6,13,0,4,121,1,17
0,0,23.0,237,6,5,1,13,48,4,17
0,0,23.0,237,6,0,2,10,47,3,17
0,0,23.0,237,6,15,1,13,48,4,17
0,0,24.0,55,3,8,0,0,26,0,14
0,0,24.0,55,3,14,0,14,106,4,14
0,4,8.0,292,3,10,1,15,96,4,8
0,4,8.0,292,3,20,0,6,89,1,8
0,4,8.0,292,3,22,1,9,134,4,8
0,4,8.0,292,3,19,0,1,11,0,8
0,4,27.0,274,5,11,0,1,11,4,15
0,4,27.0,274,5,5,0,1,1,2,15
0,4,27.0,274,5,5,2,14,25,3,15
0,4,27.0,274,5,13,1,13,28,4,15
0,4,27.0,274,5,1,2,8,41,2,15
0,4,27.0,274,5,12,0,14,24,2,15
0,6,25.0,39,3,5,1,4,45,2,13
0,10,15.0,60,6,18,1,6,7,0,1
0,0,19.0,13,1,18,1,12,61,4,10
1,6,6.0,83,0,1,3,3,30,4,23
0,10,26.0,61,2,13,1,12,56,4,3
0,4,24.0,27,1,14,1,15,85,0,14
1,1,5.0,219,5,13,3,4,82,4,24
0,2,27.0,136,0,1,1,4,82,1,15
0,1,25.0,65,5,15,0,14,24,2,13
0,8,1.0,66,5,1,0,0,26,0,7
0,2,18.0,7,6,4,1,6,128,4,0
1,4,8.0,292,6,17,0,10,47,2,8
1,4,8.0,292,6,21,2,8,33,4,8
1,1,22.0,164,0,17,1,10,47,0,26
1,1,24.0,64,2,17,0,3,44,3,14
1,1,24.0,64,2,6,0,3,115,3,14
1,1,22.0,164,0,18,0,9,49,1,26
1,1,31.0,305,2,16,0,5,12,0,20
1,1,31.0,305,2,2,0,13,69,4,20
1,8,6.0,87,1,12,0,9,57,2,23
1,8,8.0,76,4,2,0,14,32,3,8
1,8,8.0,76,4,18,0,12,61,1,8
1,8,15.0,72,4,12,0,13,48,3,1
1,8,23.0,102,5,19,0,0,64,3,17
1,8,23.0,102,5,19,1,0,68,4,17
1,4,6.0,176,4,20,0,4,5,0,23
1,4,6.0,176,4,14,0,11,94,3,23
1,2,5.0,127,6,16,1,15,51,0,24
1,2,5.0,127,6,15,1,14,97,4,24
1,2,22.0,209,1,4,0,3,44,4,26
1,2,30.0,131,2,2,0,13,123,1,19
0,7,24.0,68,5,8,0,13,36,3,14
0,2,24.0,22,5,1,1,9,57,0,14
0,2,1.0,16,2,6,0,14,88,3,7
0,0,3.0,334,3,13,0,5,6,2,27
0,8,19.0,280,1,17,0,14,32,4,10
0,2,1.0,16,2,17,2,13,61,3,7
0,2,1.0,16,2,8,0,13,99,4,7
0,2,8.0,258,2,0,0,8,9,3,8
0,2,8.0,258,2,21,1,1,105,4,8
0,2,11.0,297,6,5,1,1,81,4,9
0,2,11.0,297,6,12,3,5,12,0,9
0,2,25.0,233,6,8,0,10,47,3,13
0,2,25.0,233,6,12,2,10,22,1,13
0,0,3.0,334,3,8,0,2,86,3,27
0,10,1.0,208,6,6,2,10,6,3,7
0,10,1.0,208,6,20,0,10,22,2,7
0,10,1.0,208,6,4,0,8,9,4,7
0,10,1.0,208,6,9,2,2,69,3,7
0,10,6.0,242,4,7,1,1,105,0,23
0,10,6.0,242,4,6,0,2,40,1,23
0,10,6.0,242,4,22,3,11,90,3,23
1,4,8.0,292,6,22,0,6,89,2,8
0,0,31.0,290,3,22,0,12,80,0,20
1,10,13.0,346,2,19,0,0,53,0,25
1,6,21.0,193,1,22,0,2,69,3,21
0,2,3.0,282,5,3,1,0,68,4,27
0,9,15.0,226,2,19,0,1,35,4,1
1,8,23.0,102,5,3,2,13,28,2,17
1,6,20.0,215,0,9,1,6,14,2,29
1,0,16.0,11,5,11,0,12,135,2,2
1,6,21.0,193,1,9,1,11,98,4,21
0,0,23.0,237,6,23,1,13,48,4,17
0,0,31.0,290,3,19,0,8,33,3,20
0,9,23.0,167,4,18,0,5,12,3,17
0,5,15.0,200,0,1,0,0,64,3,1
0,2,4.0,254,6,5,0,16,72,3,30
0,9,13.0,91,0,4,1,1,67,4,25
1,10,7.0,243,4,13,0,10,22,2,11
0,0,31.0,290,3,11,0,2,123,2,20
0,9,25.0,344,6,16,2,12,80,3,13
1,8,23.0,102,5,8,0,16,74,2,17
0,5,17.0,212,2,23,0,10,22,1,6
0,2,4.0,254,6,8,0,15,114,2,30
0,2,15.0,130,2,8,0,0,26,3,1
0,2,22.0,209,2,7,0,5,6,3,26
0,2,23.0,230,4,17,3,0,31,3,17
0,2,23.0,230,4,19,0,5,6,3,17
0,2,28.0,257,1,6,0,11,58,2,18
0,2,29.0,140,2,21,1,13,38,0,16
0,2,30.0,131,4,16,0,2,86,0,19
0,2,30.0,131,4,21,1,15,39,0,19
0,2,29.0,140,2,1,2,10,22,1,16
0,1,19.0,29,6,8,1,2,13,1,10
0,0,6.0,260,2,19,2,10,47,3,23
0,0,14.0,5,4,4,0,3,79,2,5
0,4,30.0,139,0,13,2,2,71,3,19
1,0,20.0,172,1,15,3,14,25,0,29
1,8,3.0,363,6,15,0,4,75,2,27
1,8,1.0,66,4,13,3,13,69,3,7
1,2,18.0,7,5,23,1,16,50,1,0
1,2,26.0,3,6,8,0,1,11,2,3
1,3,2.0,120,6,5,1,11,124,4,22
1,3,2.0,120,6,14,3,16,65,4,22
1,1,12.0,353,5,9,1,13,28,0,28
0,11,17.0,110,1,1,1,10,43,2,6
1,0,27.0,23,1,2,1,0,26,0,15
0,5,28.0,259,3,2,0,13,38,0,18
0,9,27.0,179,0,18,3,0,26,2,15
1,4,18.0,26,1,19,2,5,12,3,0
1,10,28.0,216,4,15,1,10,23,0,18
1,9,10.0,156,4,3,0,2,2,2,4
1,5,10.0,155,1,18,1,13,48,0,4
1,5,26.0,37,4,23,0,1,59,4,3
1,1,10.0,17,2,8,0,12,80,1,4
1,1,10.0,17,2,15,1,14,110,4,4
1,1,10.0,17,2,1,0,10,22,1,4
1,10,24.0,261,3,7,0,10,6,3,14
1,10,24.0,261,3,5,1,10,52,1,14
1,10,24.0,261,3,19,2,13,69,3,14
1,10,24.0,261,3,12,0,9,10,4,14
1,1,7.0,32,3,0,2,2,86,3,11
1,1,7.0,32,3,2,1,0,64,1,11
1,1,21.0,45,3,2,2,10,22,2,21
1,1,21.0,45,3,1,0,2,69,0,21
1,1,21.0,45,3,9,0,14,131,3,21
1,1,21.0,45,3,16,1,13,21,4,21
1,1,22.0,164,0,23,1,13,69,1,26
1,1,21.0,45,3,1,0,0,26,0,21
1,1,29.0,112,0,17,0,2,13,1,16
1,1,31.0,305,2,7,2,10,22,3,20
1,1,31.0,305,2,3,0,9,95,4,20
1,1,31.0,305,2,15,0,10,47,3,20
1,8,6.0,87,1,13,0,11,15,0,23
1,8,6.0,87,1,4,0,16,113,1,23
1,8,6.0,87,1,1,0,0,15,1,23
1,7,13.0,238,3,6,0,7,120,0,25
1,5,19.0,146,4,1,0,16,50,1,10
1,10,11.0,298,0,15,0,5,6,1,9
1,2,2.0,143,2,18,1,0,64,0,22
1,8,1.0,66,4,20,0,15,85,0,7
1,10,11.0,298,0,19,2,6,128,0,9
1,10,28.0,216,4,9,2,10,22,3,18
0,9,3.0,217,5,18,1,15,46,0,27
1,0,26.0,14,0,8,3,11,15,3,3
0,7,13.0,238,0,11,1,13,38,4,25
1,6,18.0,308,6,17,3,8,118,1,0
0,1,28.0,300,0,2,1,11,133,4,18
1,9,25.0,344,5,1,0,5,12,1,13
1,3,11.0,337,0,23,0,0,64,1,9
1,9,25.0,344,5,8,0,13,28,2,13
1,0,31.0,290,6,6,0,13,29,4,20
1,0,31.0,290,6,12,0,8,33,3,20
1,0,31.0,290,6,4,0,9,134,3,20
0,11,13.0,312,5,8,0,2,71,3,25
0,11,16.0,225,0,20,1,13,48,4,2
0,5,7.0,349,3,13,0,0,64,2,11
0,5,17.0,212,2,18,0,16,113,1,6
0,8,19.0,280,1,1,2,8,9,3,10
0,6,26.0,348,0,14,3,11,133,4,3
0,10,10.0,245,0,19,1,2,86,1,4
0,10,8.0,213,6,18,0,13,38,2,8
0,11,30.0,170,0,3,0,10,47,1,19
0,10,3.0,310,0,1,1,5,12,2,27
0,6,3.0,99,6,5,3,2,35,4,27
1,8,23.0,102,5,23,1,11,90,4,17
0,9,16.0,107,4,1,0,1,67,1,2
0,9,25.0,344,6,5,0,13,123,3,13
0,7,14.0,125,1,11,1,14,24,1,5
0,5,17.0,212,2,1,0,6,89,1,6
1,6,3.0,99,5,1,3,14,25,3,27
1,4,5.0,235,2,4,0,13,21,4,24
0,10,23.0,247,3,10,0,10,47,2,17
1,10,7.0,243,4,13,0,12,104,1,11
0,6,25.0,39,3,14,1,7,8,4,13
0,7,14.0,125,1,9,0,3,79,3,5
0,5,25.0,350,4,22,0,2,2,2,13
0,1,30.0,100,2,5,0,10,23,1,19
1,4,6.0,176,4,3,0,1,16,3,23
1,10,7.0,243,4,4,0,6,132,4,11
0,3,23.0,57,3,18,2,0,64,3,17
0,11,1.0,222,3,17,0,0,12,1,7
1,10,7.0,243,4,14,2,2,13,3,11
1,2,5.0,127,6,15,1,9,63,1,24
1,10,13.0,346,2,11,0,16,37,2,25
0,10,23.0,247,3,20,0,4,75,4,17
0,1,24.0,64,4,15,0,5,64,2,14
0,5,25.0,350,4,13,1,12,135,4,13
0,7,22.0,211,2,17,0,0,26,1,26
0,2,3.0,282,5,12,0,4,45,3,27
1,2,22.0,209,1,11,0,13,36,1,26
0,5,31.0,196,2,15,0,13,29,2,20
1,10,23.0,247,6,9,0,1,35,1,17
0,10,23.0,247,3,13,1,13,21,4,17
0,4,10.0,79,1,13,0,4,5,1,4
0,4,5.0,235,4,14,0,0,77,1,24
0,4,30.0,139,0,17,1,1,1,2,19
1,4,6.0,176,4,13,0,13,48,1,23
0,5,31.0,196,2,14,0,10,52,1,20
1,10,23.0,247,6,19,1,8,118,4,17
0,10,23.0,247,3,3,1,12,104,4,17
0,4,13.0,221,5,22,2,13,69,2,25
0,2,3.0,282,5,19,1,1,105,4,27
0,2,3.0,282,5,1,0,14,25,3,27
0,2,3.0,282,5,1,0,13,99,0,27
0,2,3.0,282,5,9,0,13,48,4,27
0,2,22.0,209,2,0,0,3,30,3,26
0,2,23.0,230,4,21,0,13,21,4,17
0,2,23.0,230,4,16,1,12,17,4,17
0,2,23.0,230,4,5,2,7,120,0,17
0,2,28.0,257,1,16,0,0,53,3,18
0,2,28.0,257,1,17,1,14,25,4,18
0,2,28.0,257,1,22,0,15,39,3,18
0,2,28.0,257,1,8,0,8,9,1,18
0,2,29.0,140,2,17,0,8,9,1,16
0,2,30.0,131,4,0,0,13,28,4,19
0,2,30.0,131,4,22,2,6,14,3,19
0,2,30.0,131,4,4,2,13,28,3,19
0,0,6.0,260,2,21,1,2,2,1,23
0,0,6.0,260,2,13,0,15,119,3,23
0,10,18.0,246,1,7,2,7,62,3,0
0,10,18.0,246,1,2,0,0,31,1,0
0,10,18.0,246,1,9,0,16,42,1,0
0,10,10.0,245,0,12,1,8,19,0,4
0,8,19.0,280,1,5,0,9,93,2,10
1,10,5.0,336,1,13,0,14,25,2,24
1,10,22.0,314,5,18,1,4,4,4,26
0,2,1.0,16,2,17,0,6,7,2,7
0,10,23.0,247,3,15,0,3,30,3,17
0,10,23.0,247,3,8,0,16,42,4,17
0,10,25.0,56,1,6,2,5,6,3,13
0,10,25.0,56,1,16,1,6,7,0,13
0,1,2.0,171,2,6,0,0,53,3,22
0,1,2.0,171,2,9,2,11,15,0,22
0,1,27.0,262,3,17,2,13,28,0,15
1,8,13.0,189,1,11,3,12,83,0,25
1,8,22.0,354,4,19,0,6,89,1,26
1,4,7.0,133,5,15,0,15,46,2,11
1,4,7.0,133,5,13,1,12,61,1,11
1,4,8.0,292,6,10,2,5,64,3,8
1,4,8.0,292,6,4,0,12,135,1,8
1,4,14.0,345,5,20,1,3,30,1,5
1,4,14.0,345,5,12,1,10,23,1,5
1,4,16.0,25,3,11,0,16,37,1,2
1,4,23.0,30,3,3,0,13,99,3,17
1,4,23.0,30,3,0,2,0,53,3,17
1,4,30.0,139,3,16,0,13,13,0,19
1,4,23.0,30,3,18,0,8,9,2,17
1,0,16.0,11,5,7,0,8,9,1,2
1,0,16.0,11,5,9,0,2,13,1,2
0,11,8.0,283,3,22,1,8,27,4,8
0,11,7.0,253,6,14,0,10,47,1,11
0,11,14.0,147,6,13,0,2,13,4,5
0,11,23.0,232,0,6,2,13,21,3,17
0,11,25.0,88,2,13,0,6,132,1,13
1,8,22.0,354,4,7,0,9,9,2,26
0,11,8.0,283,3,11,1,6,7,4,8
0,7,25.0,41,6,4,0,9,134,2,13
0,7,25.0,41,6,14,1,14,110,4,13
0,6,1.0,158,4,13,1,1,67,1,7
0,0,18.0,0,0,11,0,13,38,3,0
0,10,24.0,261,0,9,0,2,13,1,14
1,5,13.0,184,5,12,0,14,25,1,25
1,5,14.0,36,6,1,0,3,30,3,5
1,5,14.0,36,6,14,0,2,71,4,5
1,5,21.0,351,6,23,1,9,95,4,21
1,5,30.0,294,0,22,2,6,7,3,19
1,6,5.0,342,3,5,0,1,67,0,24
1,6,5.0,342,3,8,1,15,96,1,24
1,6,7.0,169,1,16,0,5,12,3,11
1,6,7.0,169,1,2,0,11,15,3,11
1,6,7.0,169,1,9,1,11,10,4,11
1,6,12.0,162,3,2,0,13,28,4,28
1,6,12.0,162,3,16,0,6,91,3,28
1,6,15.0,49,2,6,1,13,99,4,1
1,10,24.0,261,3,16,1,0,64,0,14
1,4,6.0,176,4,3,0,16,72,4,23
0,10,25.0,56,1,16,0,3,79,1,13
0,5,31.0,196,2,13,0,3,115,1,20
0,10,15.0,60,6,2,0,4,75,4,1
1,6,15.0,49,2,11,0,4,82,1,1
0,4,14.0,345,6,11,0,5,12,3,5
0,10,25.0,56,1,19,0,10,23,3,13
0,6,26.0,348,0,9,0,9,102,2,3
0,8,26.0,278,1,1,0,8,9,1,3
0,4,14.0,345,6,9,0,14,107,3,5
1,6,15.0,49,2,9,0,4,75,1,1
1,3,22.0,166,5,14,1,4,4,0,26
0,4,8.0,292,3,6,0,10,23,1,8
0,6,6.0,83,1,16,0,10,23,1,23
0,4,15.0,132,3,10,1,0,31,2,1
1,6,21.0,193,1,17,2,9,101,3,21
0,1,18.0,82,5,3,0,13,69,3,0
0,4,15.0,132,3,2,0,14,131,3,1
0,6,6.0,83,1,6,0,4,4,3,23
0,1,2.0,171,2,3,0,9,57,3,22
1,6,21.0,193,1,19,0,2,92,3,21
0,4,8.0,292,3,5,2,10,23,2,8
1,6,23.0,84,4,22,3,9,49,1,17
0,1,2.0,171,2,19,0,4,82,3,22
0,4,21.0,339,6,19,0,7,20,2,21
0,6,6.0,83,1,8,0,16,74,1,23
0,4,8.0,292,3,6,3,14,24,1,8
1,6,14.0,173,1,18,3,16,74,1,5
0,1,2.0,171,2,22,1,0,53,4,22
0,4,28.0,218,6,6,0,5,12,0,18
1,5,14.0,36,6,1,0,10,22,1,5
0,4,27.0,274,5,11,0,11,133,3,15
1,1,5.0,219,5,18,1,1,105,4,24
0,1,26.0,248,6,13,1,8,9,4,3
1,10,13.0,346,2,9,0,15,31,0,25
0,4,28.0,218,6,14,0,16,130,0,18
0,5,31.0,196,2,14,3,13,99,4,20
0,2,27.0,136,0,18,2,6,128,1,15
1,0,9.0,48,5,2,0,0,77,1,12
0,4,27.0,274,5,20,0,12,56,3,15
0,4,31.0,67,1,6,0,13,28,0,20
1,0,9.0,48,5,18,0,8,33,4,12
0,6,18.0,308,3,17,0,6,7,4,0
0,1,25.0,65,5,17,1,13,69,4,13
0,2,1.0,16,2,17,0,7,120,3,7
0,4,31.0,67,1,12,0,12,56,3,20
1,10,13.0,346,2,19,0,7,120,3,25
0,8,9.0,124,6,4,0,4,75,4,12
0,2,1.0,16,2,15,0,1,81,0,7
0,4,31.0,67,1,14,2,8,9,1,20
0,2,4.0,254,6,22,1,9,54,4,30
1,0,14.0,5,2,17,2,0,53,3,5
1,0,14.0,5,2,6,1,15,51,0,5
1,0,14.0,5,2,8,0,14,107,1,5
1,0,14.0,5,2,4,0,12,135,3,5
1,0,15.0,190,4,16,0,5,12,3,1
1,0,15.0,190,4,12,0,16,130,2,1
1,0,17.0,12,6,1,0,15,96,3,6
0,4,6.0,176,5,14,1,2,2,1,23
0,4,23.0,30,0,4,0,5,6,2,17
0,4,29.0,313,3,7,0,15,114,1,16
0,4,29.0,313,3,14,2,13,48,0,16
0,4,29.0,313,3,20,1,7,57,4,16
0,4,30.0,139,0,7,0,10,23,1,19
0,4,30.0,139,0,14,0,9,109,4,19
0,2,3.0,282,5,17,0,5,6,2,27
1,1,3.0,188,2,13,1,6,7,1,27
0,2,4.0,254,6,11,1,1,35,4,30
0,5,29.0,24,0,8,2,11,15,0,16
0,6,13.0,317,1,17,0,15,39,1,25
0,6,13.0,317,1,17,1,3,79,2,25
0,6,13.0,317,1,18,2,5,6,3,25
0,6,14.0,173,2,17,1,10,22,0,5
0,6,14.0,173,2,0,2,11,0,3,5
0,8,5.0,101,1,23,0,10,22,2,24
1,10,20.0,223,2,17,0,4,75,1,29
1,6,16.0,38,4,22,1,6,89,1,2
0,4,28.0,218,6,19,2,11,18,3,18
0,2,13.0,276,0,20,1,3,30,4,25
0,2,21.0,108,1,5,2,6,132,0,21
0,6,28.0,309,2,21,1,4,4,0,18
0,6,29.0,335,4,16,0,16,37,4,16
0,6,29.0,335,4,13,0,15,31,1,16
0,6,29.0,335,4,2,0,13,38,1,16
0,10,5.0,336,2,21,0,13,28,0,24
0,5,29.0,24,0,13,0,9,93,2,16
0,10,11.0,298,1,0,0,7,20,3,9
0,10,11.0,298,1,7,2,10,22,1,9
0,10,11.0,298,1,1,2,0,77,0,9
0,10,12.0,333,2,7,0,3,30,2,28
0,10,14.0,174,5,6,2,9,87,3,5
0,10,14.0,174,5,7,1,15,119,0,5
0,10,12.0,333,2,19,1,9,101,1,28
0,4,6.0,176,5,8,0,6,7,0,23
0,4,6.0,176,5,11,3,5,6,0,23
0,8,12.0,284,1,9,2,3,103,3,28
0,8,14.0,296,4,11,2,10,22,0,5
0,8,14.0,296,4,4,0,2,2,1,5
0,8,21.0,46,4,13,1,16,37,1,21
0,8,23.0,102,6,20,0,7,122,3,17
0,8,23.0,102,6,8,0,11,122,1,17
0,8,23.0,102,6,15,1,1,35,4,17
0,8,23.0,102,6,14,0,9,102,2,17
0,8,30.0,103,6,13,1,13,36,1,19
0,4,3.0,279,1,2,0,1,105,0,27
0,4,3.0,279,1,19,1,4,5,4,27
0,4,6.0,176,5,23,1,0,12,1,23
0,4,12.0,134,4,6,1,8,41,1,28
0,4,12.0,134,4,16,0,0,53,3,28
0,6,18.0,308,3,23,0,4,75,1,0
0,0,2.0,47,6,2,1,8,41,1,22
0,2,3.0,282,5,8,1,16,130,1,27
0,2,1.0,16,2,19,0,1,11,0,7
0,0,9.0,48,6,22,0,5,6,3,12
0,6,23.0,84,5,17,0,9,102,3,17
0,2,15.0,130,2,16,0,5,12,3,1
0,2,26.0,3,3,17,0,14,24,2,3
0,2,8.0,258,2,0,0,13,121,3,8
0,6,23.0,84,5,6,0,7,120,3,17
0,4,29.0,313,3,14,0,4,75,2,16
0,2,8.0,258,2,4,1,14,131,2,8
0,6,23.0,84,5,3,0,8,9,2,17
0,2,15.0,130,2,13,3,6,132,0,1
0,2,11.0,297,6,5,0,4,4,1,9
0,6,26.0,348,0,19,0,2,86,1,3
0,6,26.0,348,0,20,1,4,66,1,3
0,10,22.0,314,6,14,1,15,51,4,26
1,10,13.0,346,2,19,0,6,89,1,25
1,10,13.0,346,2,17,2,1,67,3,25
1,10,23.0,247,6,6,2,10,47,2,17
1,10,23.0,247,6,15,2,0,96,3,17
1,10,23.0,247,6,0,1,9,10,0,17
0,8,7.0,70,4,18,1,5,6,0,11
0,8,7.0,70,4,9,1,16,50,1,11
0,8,25.0,86,0,9,1,14,25,0,13
0,2,9.0,21,4,22,0,13,29,2,12
1,1,22.0,164,0,10,1,10,52,4,26
1,1,24.0,64,2,19,0,16,37,1,14
1,1,24.0,64,2,14,0,2,2,3,14
1,1,24.0,64,2,18,0,5,6,0,14
1,1,31.0,305,2,16,0,4,5,0,20
1,1,31.0,305,2,14,0,2,86,4,20
0,4,31.0,67,1,9,2,6,89,3,20
1,1,31.0,305,2,22,2,3,76,3,20
1,8,6.0,87,1,4,0,7,78,3,23
0,4,28.0,218,6,6,0,9,101,3,18
0,2,5.0,127,3,20,0,4,127,2,24
0,2,5.0,127,3,14,0,1,11,2,24
0,2,6.0,251,0,7,0,4,5,1,23
0,2,5.0,127,3,15,3,5,6,0,24
0,2,12.0,128,3,20,1,12,17,4,28
0,2,13.0,276,0,21,2,14,34,0,25
0,2,13.0,276,0,15,0,6,89,1,25
0,2,21.0,108,1,19,1,12,100,4,21
0,0,4.0,229,0,17,2,15,114,3,30
0,0,4.0,229,0,0,0,5,12,3,30
0,0,4.0,229,0,4,2,12,61,3,30
0,0,20.0,172,2,12,0,14,25,1,29
0,0,23.0,237,6,11,0,10,22,2,17
0,0,23.0,237,6,11,2,4,82,3,17
0,10,13.0,346,4,2,0,15,46,3,25
1,5,2.0,307,0,17,2,5,6,3,22
1,6,11.0,355,6,1,1,14,25,0,9
1,6,20.0,215,0,17,0,8,9,1,29
0,10,14.0,174,5,19,0,6,73,1,5
0,10,20.0,223,4,16,2,16,50,3,29
0,10,20.0,223,4,17,1,0,64,1,29
0,4,30.0,139,0,18,2,2,86,3,19
0,2,4.0,254,6,5,1,9,93,1,30
0,10,21.0,341,5,9,2,9,93,0,21
0,10,22.0,314,6,0,0,4,45,4,26
0,10,28.0,216,5,0,1,9,58,0,18
0,10,29.0,318,6,11,0,1,67,3,16
0,10,29.0,318,6,4,0,0,15,3,16
0,1,5.0,219,6,21,1,13,38,0,24
0,1,6.0,97,3,0,1,7,62,0,23
0,1,6.0,97,3,19,0,7,137,3,23
0,1,20.0,151,3,11,0,5,6,3,29
0,1,20.0,151,3,1,0,14,24,1,29
0,8,20.0,319,2,21,0,9,93,1,29
0,8,20.0,319,2,12,3,13,48,3,29
0,8,20.0,319,2,22,0,2,2,0,29
1,8,6.0,87,1,4,1,9,93,4,23
1,8,15.0,72,4,20,0,16,50,1,1
1,4,5.0,235,2,8,0,6,89,3,24
1,4,5.0,235,2,2,3,9,58,0,24
1,4,6.0,176,4,5,1,8,9,4,23
0,4,19.0,142,4,22,0,13,123,3,10
1,6,7.0,169,1,6,1,3,115,4,11
1,6,7.0,169,1,19,0,9,87,4,11
1,8,8.0,76,4,18,2,14,107,1,8
0,2,19.0,137,3,23,1,16,139,1,10
0,2,15.0,130,2,2,1,4,5,4,1
0,2,19.0,137,3,2,2,2,86,3,10
0,4,31.0,67,1,1,2,13,21,0,20
0,2,22.0,209,2,6,0,4,138,3,26
1,1,29.0,112,0,13,3,9,10,4,16
0,2,25.0,233,6,17,1,10,43,2,13
0,2,13.0,276,0,17,0,5,12,2,25
0,2,23.0,230,4,8,1,0,12,0,17
1,8,15.0,72,4,13,1,13,29,1,1
0,2,25.0,233,6,14,0,10,47,1,13
0,2,13.0,276,0,5,1,14,32,4,25
0,2,28.0,257,1,13,1,2,13,1,18
1,8,23.0,102,5,18,0,5,64,3,17
0,0,3.0,334,3,2,0,15,96,0,27
0,2,21.0,108,1,3,0,0,53,2,21
0,2,29.0,140,2,4,0,8,27,1,16
0,2,29.0,140,2,4,0,10,12,1,16
0,2,29.0,140,2,12,1,2,2,4,16
0,2,30.0,131,4,20,1,6,128,4,19
0,2,30.0,131,4,2,0,5,6,2,19
0,0,14.0,5,4,9,2,0,31,3,5
0,2,5.0,127,3,20,2,8,9,0,24
0,2,5.0,127,3,2,0,7,111,1,24
0,4,31.0,67,1,19,1,9,10,4,20
0,2,6.0,251,0,8,2,8,27,3,23
0,2,12.0,128,3,5,2,13,48,3,28
0,2,12.0,128,3,5,0,8,41,1,28
0,2,12.0,128,3,7,1,14,32,1,28
0,2,11.0,297,6,5,3,9,10,4,9
0,0,10.0,129,3,20,1,2,2,4,4
0,0,25.0,281,0,5,0,16,72,1,13
0,0,28.0,249,4,0,0,14,24,1,18
0,1,27.0,262,3,0,1,1,59,4,15
0,8,2.0,77,6,9,0,12,17,1,22
0,8,8.0,76,5,14,0,14,125,2,8
0,8,26.0,278,1,10,1,12,56,0,3
0,4,8.0,292,3,1,0,0,26,3,8
0,4,27.0,274,5,17,1,0,68,1,15
0,4,27.0,274,5,8,0,0,26,2,15
0,2,1.0,16,2,3,0,13,21,3,7
0,2,1.0,16,2,22,1,12,104,4,7
0,2,11.0,297,6,5,0,15,31,3,9
0,2,11.0,297,6,13,0,1,81,4,9
0,2,11.0,297,6,20,0,13,99,4,9
0,2,19.0,137,3,8,0,0,26,0,10
0,2,25.0,233,6,22,0,2,2,4,13
0,0,10.0,129,3,10,1,7,122,1,4
0,7,31.0,43,5,4,0,13,48,2,20
0,11,14.0,147,6,11,1,0,0,0,5
1,3,4.0,285,0,17,1,10,47,1,30
0,3,23.0,57,3,2,3,7,137,4,17
0,6,25.0,39,3,13,0,11,122,3,13
0,4,10.0,79,1,9,1,15,51,0,4
0,4,24.0,27,1,18,0,4,75,1,14
0,8,1.0,66,5,14,1,13,36,0,7
0,0,1.0,8,5,19,2,8,118,3,7
1,8,22.0,354,4,1,0,9,49,2,26
1,8,22.0,354,4,20,1,10,43,4,26
1,4,25.0,20,1,21,0,10,22,4,13
1,4,30.0,139,3,16,2,6,7,0,19
1,2,8.0,258,1,2,0,13,48,3,8
1,2,16.0,220,2,17,0,10,47,3,2
1,3,1.0,180,5,13,1,13,99,4,7
1,8,19.0,280,0,8,0,9,109,3,10
1,4,11.0,121,1,14,1,13,21,2,9
1,10,23.0,247,6,9,0,12,17,3,17
1,10,24.0,261,3,6,0,13,28,0,14
1,1,6.0,97,6,22,0,13,13,3,23
1,1,6.0,97,6,19,3,15,46,3,23
1,1,7.0,32,3,20,1,11,8,1,11
1,1,8.0,62,0,9,1,0,31,4,8
1,1,21.0,45,3,8,1,8,41,4,21
1,1,22.0,164,0,0,0,0,64,0,26
1,1,22.0,164,0,9,0,12,17,1,26
1,1,22.0,164,0,1,0,0,64,0,26
1,1,31.0,305,2,0,1,0,68,1,20
1,8,6.0,87,1,4,1,4,5,4,23
0,2,21.0,108,1,2,0,12,56,0,21
0,0,3.0,334,3,7,1,11,15,4,27
1,8,23.0,102,5,4,0,3,70,3,17
0,0,7.0,15,4,20,0,10,47,3,11
0,7,22.0,211,2,16,0,0,68,0,26
0,7,22.0,211,2,4,0,1,11,4,26
0,7,22.0,211,2,18,0,4,82,3,26
0,7,22.0,211,2,6,1,10,47,0,26
0,3,6.0,303,4,22,2,14,110,0,23
0,3,17.0,54,0,0,0,10,22,1,6
0,3,17.0,54,0,14,0,10,12,3,6
0,3,24.0,357,0,4,2,10,22,1,14
0,3,24.0,357,0,19,1,9,101,4,14
0,3,26.0,343,2,0,0,2,40,1,3
0,5,7.0,349,3,2,0,13,38,0,11
0,2,8.0,258,2,3,0,0,68,3,8
0,2,11.0,297,6,15,1,5,0,2,9
0,5,8.0,199,0,13,0,3,115,0,8
0,5,8.0,199,0,3,3,0,64,0,8
0,5,8.0,199,0,22,0,6,132,3,8
0,5,15.0,200,0,17,2,10,47,1,1
0,5,15.0,200,0,1,0,7,120,2,1
0,10,7.0,243,5,8,2,7,122,0,11
0,10,9.0,150,3,8,1,10,47,0,12
0,10,9.0,150,3,9,1,12,56,0,12
0,10,10.0,245,0,8,0,16,74,1,4
0,10,8.0,213,6,12,0,2,86,1,8
1,4,14.0,345,5,11,1,11,129,4,5
1,10,12.0,333,1,19,0,13,13,4,28
0,1,24.0,64,4,21,1,3,30,4,14
0,7,31.0,43,5,10,1,5,12,0,20
0,9,22.0,92,2,19,2,0,26,2,26
0,8,27.0,78,2,6,2,13,28,3,15
0,4,7.0,133,6,23,3,6,7,0,11
0,5,14.0,36,3,13,0,9,87,2,5
0,6,16.0,38,5,18,0,9,101,0,2
0,6,16.0,38,5,4,1,5,6,0,2
0,8,27.0,78,2,5,1,11,98,4,15
1,1,5.0,219,5,9,0,2,69,0,24
1,1,5.0,219,5,19,1,12,84,2,24
0,10,15.0,60,6,12,0,15,39,3,1
1,6,6.0,83,0,18,0,1,59,1,23
1,6,14.0,173,1,4,1,14,125,4,5
0,8,1.0,66,5,13,0,2,86,1,7
1,7,13.0,238,3,14,0,2,86,1,25
1,7,14.0,125,0,5,0,6,89,1,5
1,7,15.0,205,1,17,2,11,15,3,1
1,7,14.0,125,0,4,1,13,99,0,5
1,7,15.0,205,1,3,0,9,95,1,1
1,7,13.0,238,3,19,0,15,46,3,25
1,7,28.0,34,0,19,2,11,117,3,18
1,7,28.0,34,0,9,0,16,42,1,18
1,7,31.0,43,4,13,1,6,7,2,20
1,7,31.0,43,4,15,2,6,128,1,20
1,3,3.0,182,3,21,0,10,23,1,27
1,3,13.0,210,2,0,1,3,79,4,25
1,3,13.0,210,2,21,0,0,77,1,25
1,3,30.0,304,6,13,0,8,9,1,19
1,5,13.0,184,5,8,0,5,6,0,25
1,8,6.0,87,1,4,1,9,87,0,23
1,2,30.0,131,2,9,1,3,79,2,19
0,11,5.0,240,4,23,0,14,24,1,24
0,8,7.0,70,4,13,3,11,15,0,11
0,8,17.0,74,3,13,0,6,7,2,6
0,4,1.0,144,3,13,0,5,0,2,7
1,0,22.0,241,4,20,3,5,6,2,26
0,0,10.0,129,3,17,1,10,23,1,4
1,8,23.0,102,5,9,0,8,118,3,17
0,8,22.0,354,5,8,1,9,9,1,26
0,8,22.0,354,5,1,0,9,54,4,26
1,8,23.0,102,5,13,1,6,7,4,17
0,8,22.0,354,5,19,1,10,22,0,26
1,8,23.0,102,5,9,0,1,67,0,17
0,8,28.0,224,4,8,0,6,14,3,18
1,4,5.0,235,2,14,0,10,6,3,24
0,8,28.0,224,4,4,1,3,79,1,18
0,8,28.0,224,4,12,0,16,37,2,18
0,2,30.0,131,4,0,1,2,71,2,19
0,0,6.0,260,2,8,1,10,47,0,23
1,4,6.0,176,4,3,1,12,121,1,23
0,4,6.0,176,5,5,1,10,43,1,23
1,4,6.0,176,4,20,1,3,44,4,23
1,4,24.0,27,0,13,0,15,114,3,14
0,0,24.0,55,3,14,2,1,59,0,14
0,0,24.0,55,3,9,0,7,31,3,14
0,2,10.0,28,5,14,1,15,85,0,4
1,2,7.0,153,0,13,1,16,50,4,11
1,2,7.0,153,0,18,0,4,75,3,11
0,8,1.0,66,5,9,2,10,22,1,7
0,4,26.0,80,4,8,0,4,82,1,3
0,4,16.0,25,0,17,0,7,31,4,2
0,0,27.0,23,2,14,1,13,21,0,15
1,8,22.0,354,4,18,1,7,122,2,26
1,8,13.0,189,1,9,2,15,46,3,25
1,8,13.0,189,1,12,1,11,15,0,25
1,8,13.0,189,1,1,2,15,46,3,25
1,8,22.0,354,4,23,1,9,102,1,26
1,8,22.0,354,4,5,1,12,80,4,26
1,4,8.0,292,6,12,2,2,123,2,8
1,4,14.0,345,5,0,2,10,47,0,5
1,10,23.0,247,6,12,2,13,29,3,17
1,1,6.0,97,6,18,0,3,79,1,23
1,1,6.0,97,6,18,1,10,47,0,23
1,1,7.0,32,3,22,1,0,0,1,11
1,1,8.0,62,0,5,0,1,1,4,8
1,1,8.0,62,0,6,1,12,17,1,8
1,1,8.0,62,0,12,1,10,22,1,8
1,1,21.0,45,3,22,0,1,11,4,21
1,1,21.0,45,3,4,1,3,103,4,21
1,1,22.0,164,0,0,0,16,74,1,26
1,1,21.0,45,3,23,1,10,22,4,21
1,1,24.0,64,2,6,0,8,41,3,14
1,1,24.0,64,2,15,0,13,29,4,14
1,1,24.0,64,2,14,0,5,12,0,14
1,1,24.0,64,2,14,2,3,30,1,14
1,1,29.0,112,0,18,0,1,35,4,16
1,8,6.0,87,1,7,0,5,6,0,23
1,8,6.0,87,1,12,0,0,26,0,23
1,8,6.0,87,1,1,0,13,29,2,23
1,8,8.0,76,4,8,0,9,101,3,8
1,8,8.0,76,4,12,2,4,79,3,8
0,0,24.0,55,3,14,3,9,93,4,14
1,8,8.0,76,4,9,0,9,95,1,8
1,1,21.0,45,3,4,0,10,22,3,21
1,4,24.0,27,0,6,0,16,74,4,14
1,4,24.0,27,0,15,1,1,67,4,14
1,2,5.0,127,6,8,0,0,26,0,24
1,2,5.0,127,6,19,0,3,70,1,24
1,2,14.0,231,0,6,2,9,93,3,5
0,4,6.0,176,5,17,1,16,50,2,23
0,0,6.0,260,2,14,2,6,89,3,23
1,10,24.0,261,3,3,0,15,51,1,14
1,1,6.0,97,6,1,3,14,107,0,23
1,1,8.0,62,0,16,1,13,38,0,8
1,1,8.0,62,0,4,0,5,12,3,8
1,1,8.0,62,0,18,0,4,103,3,8
1,1,21.0,45,3,8,0,3,30,3,21
1,1,21.0,45,3,1,0,6,89,4,21
1,1,22.0,164,0,21,2,2,2,0,26
1,1,22.0,164,0,11,0,10,43,3,26
1,1,22.0,164,0,8,0,7,120,3,26
1,1,24.0,64,2,3,0,2,86,1,14
1,1,24.0,64,2,8,0,8,9,1,14
1,1,24.0,64,2,12,0,2,86,3,14
1,1,24.0,64,2,1,1,3,115,4,14
1,1,31.0,305,2,3,0,2,13,3,20
0,8,28.0,224,4,11,3,1,1,2,18
1,8,27.0,78,1,17,1,15,96,1,15
0,10,22.0,314,6,19,1,10,23,1,26
0,4,21.0,339,6,17,1,0,12,1,21
0,2,21.0,108,1,15,1,9,109,4,21
0,10,13.0,346,4,17,1,7,31,4,25
0,8,5.0,101,1,15,3,9,57,3,24
0,8,14.0,296,4,13,0,9,9,1,5
0,8,11.0,306,0,17,0,2,86,2,9
0,0,25.0,281,0,6,0,13,13,0,13
0,0,28.0,249,4,6,0,0,0,0,18
0,0,28.0,249,4,16,0,2,2,0,18
0,1,27.0,262,3,2,0,1,81,1,15
0,1,27.0,262,3,14,2,2,92,1,15
0,8,26.0,278,1,0,1,14,24,0,3
0,4,8.0,292,3,13,0,14,131,1,8
0,4,27.0,274,5,11,0,7,62,3,15
0,10,6.0,242,4,19,1,10,52,0,23
0,4,27.0,274,5,18,0,10,12,3,15
0,2,1.0,16,2,17,2,5,64,3,7
0,2,1.0,16,2,6,0,13,99,3,7
0,2,1.0,16,2,23,2,6,14,1,7
0,2,11.0,297,6,17,0,6,7,0,9
0,2,11.0,297,6,5,2,9,102,3,9
0,2,16.0,220,4,15,1,15,119,4,2
0,2,16.0,220,4,10,1,7,129,0,2
0,2,19.0,137,3,1,0,3,115,3,10
0,1,21.0,45,0,15,0,5,64,0,21
0,1,22.0,164,1,15,0,1,1,0,26
0,1,22.0,164,1,17,0,1,1,1,26
0,1,30.0,100,2,11,0,1,67,4,19
0,1,30.0,100,2,19,2,10,22,0,19
0,8,6.0,87,2,12,2,6,7,3,23
0,8,11.0,306,0,15,1,2,13,1,9
0,8,11.0,306,0,19,0,14,25,4,9
0,6,1.0,158,4,9,1,2,69,4,7
0,4,29.0,313,3,17,0,10,22,1,16
0,4,30.0,139,0,5,0,16,50,1,19
0,10,13.0,346,4,6,1,1,105,0,25
0,4,30.0,139,0,9,0,0,26,3,19
0,8,5.0,101,1,13,0,14,110,1,24
0,2,12.0,128,3,16,0,5,12,3,28
0,0,9.0,48,6,16,2,12,100,3,12
0,2,2.0,143,4,16,0,14,25,0,22
0,6,10.0,149,6,22,1,2,69,4,4
0,4,30.0,139,0,5,0,11,15,3,19
0,2,4.0,254,6,2,1,7,120,1,30
0,2,4.0,254,6,12,1,6,14,4,30
0,2,15.0,130,2,7,0,8,19,0,1
0,2,15.0,130,2,8,0,4,75,1,1
0,2,15.0,130,2,12,0,2,2,1,1
0,2,22.0,209,2,0,0,2,2,1,26
0,8,11.0,306,0,9,0,5,6,0,9
0,8,11.0,306,0,18,0,14,110,1,9
0,8,11.0,306,0,23,1,12,121,1,9
0,8,11.0,306,0,4,2,8,41,0,9
0,8,14.0,296,4,18,0,7,31,4,5
0,8,14.0,296,4,11,1,1,59,1,5
0,8,23.0,102,6,8,0,0,26,3,17
0,8,23.0,102,6,20,1,11,122,4,17
0,8,23.0,102,6,9,0,5,12,3,17
0,8,30.0,103,6,17,0,2,92,3,19
1,2,1.0,16,1,17,0,2,13,1,7
0,8,5.0,101,1,20,0,12,56,4,24
0,8,5.0,101,1,2,0,4,75,1,24
0,8,14.0,296,4,0,0,9,63,1,5
0,8,6.0,87,2,7,0,12,61,1,23
0,8,6.0,87,2,9,2,4,66,2,23
0,8,11.0,306,0,21,1,10,52,0,9
0,8,11.0,306,0,22,0,0,64,0,9
0,8,11.0,306,0,13,1,4,82,1,9
0,8,11.0,306,0,1,1,13,29,1,9
0,8,11.0,306,0,12,1,6,7,0,9
0,6,9.0,236,5,13,1,2,60,1,12
0,6,1.0,158,4,8,3,5,6,1,7
0,8,10.0,71,3,3,0,6,128,0,4
0,8,10.0,71,3,22,0,1,35,2,4
0,8,10.0,71,3,0,1,16,39,0,4
0,8,18.0,75,0,19,0,9,17,0,0
0,2,22.0,209,2,0,0,9,95,1,26
0,2,23.0,230,4,11,0,6,7,0,17
0,2,28.0,257,1,6,0,8,19,3,18
0,2,28.0,257,1,20,0,8,9,3,18
0,2,28.0,257,1,4,0,0,64,3,18
0,2,29.0,140,2,16,0,9,95,0,16
0,2,29.0,140,2,21,1,13,38,0,16
0,2,30.0,131,4,15,1,13,21,4,19
0,2,28.0,257,1,5,1,4,45,4,18
0,2,30.0,131,4,1,2,13,4,3,19
0,2,30.0,131,4,3,1,7,120,4,19
0,0,6.0,260,2,17,0,0,12,3,23
0,0,6.0,260,2,0,0,0,12,3,23
0,0,6.0,260,2,6,1,3,30,4,23
0,0,14.0,5,4,13,0,8,33,2,5
0,0,14.0,5,4,13,0,13,123,3,5
0,3,29.0,325,6,9,0,1,11,4,16
0,5,18.0,195,4,15,1,6,7,0,0
0,5,18.0,195,4,17,3,14,107,4,0
0,5,18.0,195,4,12,0,14,25,0,0
0,8,12.0,284,1,15,0,8,41,4,28
0,8,12.0,284,1,12,0,10,47,3,28
0,8,12.0,284,1,19,0,13,48,0,28
0,8,14.0,296,4,19,0,13,38,0,5
0,8,14.0,296,4,4,2,1,59,3,5
0,8,21.0,46,4,21,2,6,128,0,21
0,8,21.0,46,4,10,1,3,30,4,21
0,8,23.0,102,6,15,1,1,81,4,17
0,8,23.0,102,6,13,1,0,68,4,17
0,8,23.0,102,6,1,0,2,13,2,17
0,8,30.0,103,6,0,1,3,44,0,19
0,8,30.0,103,6,7,0,12,17,1,19
0,8,30.0,103,6,3,0,12,83,2,19
0,4,3.0,279,1,22,0,6,132,1,27
0,4,5.0,235,4,17,0,14,24,1,24
0,5,20.0,214,6,19,1,13,48,0,29
0,5,21.0,351,3,4,2,8,9,0,21
0,5,21.0,351,3,11,2,0,0,3,21
0,5,22.0,163,0,22,0,13,28,2,26
0,5,30.0,294,1,11,1,12,17,1,19
0,5,30.0,294,1,3,0,16,50,0,19
0,6,2.0,352,5,13,0,11,18,0,22
0,6,2.0,352,5,4,0,16,113,2,22
0,6,5.0,342,0,11,0,3,79,3,24
0,6,5.0,342,0,3,0,6,89,1,24
0,6,5.0,342,0,4,0,0,26,3,24
0,6,5.0,342,0,13,1,11,55,4,24
0,6,10.0,149,6,0,0,3,30,3,4
0,6,10.0,149,6,15,0,7,62,0,4
0,6,10.0,149,6,20,0,6,91,4,4
0,10,13.0,346,4,19,0,9,102,4,25
0,2,12.0,128,3,15,1,9,134,4,28
0,10,2.0,358,3,6,0,10,23,3,22
0,8,21.0,46,4,14,0,1,59,4,21
0,2,3.0,282,5,13,0,2,69,3,27
0,8,5.0,101,1,16,1,15,39,0,24
0,0,18.0,0,0,20,2,14,25,3,0
0,8,6.0,87,2,6,0,11,98,1,23
0,8,6.0,87,2,22,0,0,77,0,23
0,8,11.0,306,0,10,1,11,94,1,9
0,8,14.0,296,4,14,2,16,50,0,5
0,8,21.0,46,4,17,0,3,76,1,21
0,8,21.0,46,4,14,0,4,4,1,21
0,8,23.0,102,6,12,0,2,123,2,17
0,8,23.0,102,6,9,0,10,47,0,17
0,8,23.0,102,6,14,0,5,6,0,17
0,8,30.0,103,6,21,1,10,47,0,19
0,4,3.0,279,1,16,1,3,115,0,27
0,0,23.0,237,6,1,2,6,89,3,17
0,0,24.0,55,3,6,0,3,115,1,14
0,0,24.0,55,3,1,0,13,29,4,14
0,8,18.0,75,0,14,0,7,8,1,0
0,4,19.0,142,4,3,0,14,24,1,10
0,2,30.0,131,4,15,2,2,2,3,19
0,0,31.0,290,3,5,0,10,22,3,20
0,0,31.0,290,3,22,0,7,62,4,20
0,0,31.0,290,3,3,0,14,24,0,20
0,0,31.0,290,3,5,3,5,6,0,20
0,0,31.0,290,3,18,0,8,118,1,20
0,8,22.0,354,5,22,3,13,48,3,26
0,4,19.0,142,4,18,0,13,29,3,10
0,4,25.0,20,2,5,0,6,7,2,13
0,2,9.0,21,4,19,0,13,28,3,12
0,4,3.0,279,1,19,0,10,47,1,27
0,4,3.0,279,1,3,1,2,13,1,27
0,4,13.0,221,5,6,0,14,24,0,25
0,4,13.0,221,5,13,0,1,67,4,25
0,4,15.0,132,3,0,0,8,27,4,1
0,4,14.0,345,6,3,0,5,6,2,5
0,4,15.0,132,3,13,0,3,30,4,1
0,4,15.0,132,3,18,0,8,33,1,1
0,4,21.0,339,6,8,0,10,52,3,21
0,4,21.0,339,6,14,0,4,79,1,21
0,4,21.0,339,6,9,0,12,121,1,21
0,4,31.0,67,1,21,1,9,93,4,20
0,2,5.0,127,3,20,1,13,28,4,24
0,2,5.0,127,3,4,1,4,121,4,24
0,2,6.0,251,0,7,1,9,57,0,23
0,2,6.0,251,0,10,2,2,86,3,23
0,2,6.0,251,0,14,0,5,12,1,23
0,2,12.0,128,3,0,1,0,77,0,28
0,2,13.0,276,0,17,0,16,74,1,25
0,6,28.0,309,2,19,3,3,30,1,18
0,1,9.0,50,2,15,3,13,69,1,12
0,2,13.0,276,0,7,0,4,127,4,25
0,2,12.0,128,3,22,0,13,28,2,28
0,2,21.0,108,1,17,0,10,23,1,21
0,4,5.0,235,4,6,1,3,103,2,24
0,4,3.0,279,1,1,0,11,133,4,27
0,4,5.0,235,4,9,0,10,52,3,24
0,4,5.0,235,4,12,2,1,11,3,24
0,4,5.0,235,4,20,1,7,129,1,24
0,4,14.0,345,6,0,1,8,41,0,5
0,4,15.0,132,3,17,1,12,61,1,1
0,4,15.0,132,3,5,1,11,98,4,1
0,4,15.0,132,3,4,2,6,7,3,1
0,4,15.0,132,3,2,1,7,120,4,1
0,4,15.0,132,3,22,1,3,30,4,1
0,4,21.0,339,6,17,0,15,108,0,21
0,4,21.0,339,6,1,2,14,125,3,21
0,4,28.0,218,6,23,0,16,139,1,18
0,4,28.0,218,6,22,1,2,69,4,18
0,4,28.0,218,6,23,1,0,12,1,18
0,4,28.0,218,6,20,1,0,12,1,18
0,4,2.0,141,0,15,1,8,27,1,22
0,4,25.0,20,2,4,1,5,6,1,13
0,10,23.0,247,3,19,3,2,2,0,17
0,10,10.0,245,0,9,1,15,46,4,4
0,10,18.0,246,1,2,1,2,71,4,0
0,8,19.0,280,1,23,1,2,92,0,10
0,8,19.0,280,1,11,3,1,67,0,10
0,8,19.0,280,1,3,0,10,6,0,10
0,2,8.0,258,2,20,1,11,90,1,8
0,8,8.0,76,5,11,0,4,5,2,8
0,3,6.0,303,4,13,0,11,124,1,23
0,5,17.0,212,2,22,3,12,17,4,6
0,5,31.0,196,2,0,0,0,53,3,20
0,8,8.0,76,5,14,0,10,47,1,8
1,8,30.0,103,5,3,1,12,84,1,19
1,8,21.0,46,2,7,0,2,86,1,21
0,7,22.0,211,2,18,3,15,31,1,26
0,5,8.0,199,0,22,1,9,83,1,8
0,4,31.0,67,1,6,1,15,114,4,20
0,4,31.0,67,1,21,0,9,102,3,20
0,4,31.0,67,1,16,2,16,74,3,20
0,10,2.0,358,3,20,0,8,9,3,22
0,0,18.0,0,0,15,1,4,136,4,0
0,0,6.0,260,2,21,2,10,47,3,23
0,10,13.0,346,4,20,1,8,27,1,25
0,0,18.0,0,0,17,2,0,68,3,0
0,8,30.0,103,6,2,1,10,47,1,19
0,8,17.0,74,3,4,1,6,14,1,6
0,10,2.0,358,3,18,0,9,102,3,22
0,2,13.0,276,0,10,3,12,56,0,25
0,2,3.0,282,5,8,1,14,126,4,27
0,3,18.0,165,1,18,0,8,9,4,0
0,1,12.0,353,6,8,0,2,92,3,28
0,4,3.0,279,1,5,0,4,45,1,27
0,2,2.0,143,4,18,2,8,27,3,22
0,10,2.0,358,3,18,0,5,47,3,22
0,2,13.0,276,0,15,1,3,44,4,25
0,2,23.0,230,4,12,1,7,120,4,17
0,2,4.0,254,6,6,0,2,92,0,30
0,2,4.0,254,6,20,0,6,91,1,30
0,2,4.0,254,6,20,0,0,26,2,30
0,2,4.0,254,6,8,0,13,28,3,30
0,2,4.0,254,6,19,0,5,6,0,30
0,2,4.0,254,6,19,2,16,37,1,30
0,2,4.0,254,6,14,0,0,26,1,30
0,2,15.0,130,2,8,0,1,59,4,1
0,2,15.0,130,2,19,2,9,95,3,1
0,0,7.0,15,4,3,1,2,40,4,11
0,5,22.0,163,0,3,2,10,22,3,26
0,5,22.0,163,0,8,0,11,133,3,26
0,5,22.0,163,0,9,2,0,77,0,26
0,5,30.0,294,1,3,0,7,62,4,19
0,5,30.0,294,1,13,0,0,31,3,19
0,6,2.0,352,5,0,2,4,121,3,22
0,6,2.0,352,5,2,0,6,14,1,22
0,6,3.0,99,6,18,0,5,6,3,27
0,6,2.0,352,5,1,1,13,21,0,22
0,6,2.0,352,5,8,2,2,2,2,22
0,6,5.0,342,0,18,1,6,7,1,24
0,6,10.0,149,6,17,0,15,51,2,4
0,2,2.0,143,4,11,3,5,6,0,22
0,2,15.0,130,2,15,1,6,91,1,1
0,2,22.0,209,2,6,0,3,115,1,26
0,2,28.0,257,1,3,2,4,5,3,18
0,2,28.0,257,1,19,0,0,26,0,18
0,2,28.0,257,1,14,1,9,93,4,18
0,2,29.0,140,2,1,0,8,118,1,16
0,0,6.0,260,2,15,0,3,4,2,23
0,0,6.0,260,2,15,0,0,77,1,23
0,0,6.0,260,2,18,0,4,4,1,23
0,2,29.0,140,2,11,0,13,48,2,16
0,0,14.0,5,4,17,1,0,12,0,5
0,6,10.0,149,6,5,1,1,59,4,4
0,6,10.0,149,6,8,0,6,89,3,4
0,3,13.0,210,4,11,1,15,31,0,25
0,1,12.0,353,6,18,1,10,23,1,28
0,5,20.0,214,6,22,2,12,56,0,29
0,5,20.0,214,6,13,1,13,28,4,29
0,5,22.0,163,0,16,0,4,45,0,26
0,5,22.0,163,0,21,0,3,76,1,26
0,5,19.0,146,5,19,3,15,31,4,10
0,5,22.0,163,0,12,1,0,15,4,26
0,5,22.0,163,0,4,0,2,69,0,26
0,5,22.0,163,0,3,1,1,67,1,26
0,5,30.0,294,1,6,0,5,12,3,19
0,5,30.0,294,1,1,0,1,67,3,19
0,0,6.0,260,2,12,0,12,83,0,23
0,0,14.0,5,4,3,2,9,49,1,5
0,0,14.0,5,4,23,1,1,1,4,5
0,0,18.0,0,0,12,1,2,123,4,0
0,0,18.0,0,0,1,1,13,38,0,0
0,5,29.0,24,0,15,2,2,86,1,16
0,2,22.0,209,2,14,0,13,28,1,26
0,2,23.0,230,4,13,0,15,96,4,17
0,2,23.0,230,4,11,1,1,1,4,17
0,2,23.0,230,4,15,1,1,59,4,17
0,2,28.0,257,1,13,0,10,43,1,18
0,2,28.0,257,1,14,0,1,81,0,18
0,2,29.0,140,2,6,0,13,123,1,16
0,2,29.0,140,2,15,0,15,31,0,16
0,2,29.0,140,2,22,0,16,42,2,16
0,2,29.0,140,2,1,1,4,4,4,16
0,2,30.0,131,4,17,0,8,41,4,19
0,2,30.0,131,4,23,0,0,64,1,19
0,2,30.0,131,4,15,0,16,50,2,19
0,3,19.0,138,2,15,3,1,11,0,10
0,5,18.0,195,4,6,1,2,92,0,0
0,5,18.0,195,4,22,1,15,46,2,0
0,2,30.0,131,4,22,0,8,33,2,19
0,1,12.0,353,6,9,1,10,47,1,28
1,4,1.0,144,6,23,1,2,2,1,7
0,2,2.0,143,4,5,1,8,118,1,22
0,2,21.0,108,1,6,0,11,15,2,21
0,10,10.0,245,0,3,1,9,10,4,4
0,8,8.0,76,5,8,0,5,6,0,8
0,1,13.0,207,3,21,1,10,43,4,25
0,8,14.0,296,4,18,0,6,91,1,5
0,2,2.0,143,4,18,0,0,68,3,22
0,8,19.0,280,1,7,1,5,6,0,10
0,0,4.0,229,0,23,0,16,42,1,30
0,10,13.0,346,4,0,0,0,31,4,25
0,1,22.0,164,1,6,0,10,47,3,26
0,8,11.0,306,0,11,0,13,69,2,9
0,5,15.0,200,0,10,0,9,54,2,1
0,0,4.0,229,0,13,1,8,9,4,30
0,10,13.0,346,4,0,0,1,59,4,25
0,1,22.0,164,1,7,0,5,6,0,26
0,0,6.0,260,2,19,0,0,26,4,23
0,0,6.0,260,2,14,0,2,86,2,23
0,6,2.0,352,5,17,2,10,47,3,22
0,6,2.0,352,5,20,0,2,69,3,22
0,6,2.0,352,5,13,0,15,51,3,22
0,5,2.0,307,1,14,0,16,42,0,22
0,5,19.0,146,5,21,1,0,26,0,10
0,5,19.0,146,5,2,2,6,89,3,10
0,5,19.0,146,5,1,0,13,29,1,10
0,5,20.0,214,6,23,0,7,137,3,29
0,5,20.0,214,6,18,0,15,39,3,29
0,5,21.0,351,3,20,0,16,50,1,21
0,5,21.0,351,3,13,0,1,11,3,21
0,5,22.0,163,0,8,0,8,9,2,26
0,5,30.0,294,1,1,0,8,41,1,19
0,5,30.0,294,1,19,2,0,15,1,19
0,6,2.0,352,5,21,1,9,93,4,22
0,6,3.0,99,6,17,0,16,74,1,27
0,6,3.0,99,6,8,2,3,30,3,27
0,6,2.0,352,5,23,1,0,26,1,22
0,6,5.0,342,0,15,1,11,98,4,24
0,6,10.0,149,6,1,0,1,1,4,4
0,5,21.0,351,3,2,3,11,98,0,21
0,10,2.0,358,3,23,0,6,89,1,22
0,10,2.0,358,3,8,0,16,37,4,22
0,10,3.0,310,0,17,1,7,62,4,27
0,10,3.0,310,0,0,0,0,26,1,27
0,10,3.0,310,0,20,0,16,139,1,27
0,10,2.0,358,3,9,0,3,79,1,22
0,10,13.0,346,4,2,0,12,121,1,25
0,1,12.0,353,6,22,2,11,117,3,28
0,5,22.0,163,0,15,0,3,30,1,26
0,5,22.0,163,0,2,0,6,7,2,26
0,6,2.0,352,5,22,0,16,113,1,22
0,6,2.0,352,5,12,0,10,47,3,22
0,6,3.0,99,6,6,0,0,64,1,27
0,6,3.0,99,6,10,0,7,111,4,27
0,6,3.0,99,6,8,0,12,121,2,27
0,6,5.0,342,0,18,0,13,21,2,24
0,6,5.0,342,0,9,0,4,136,4,24
0,6,10.0,149,6,0,0,5,12,3,4
0,6,10.0,149,6,23,0,14,32,1,4
0,6,10.0,149,6,13,2,11,10,0,4
0,6,10.0,149,6,19,0,10,12,1,4
0,10,2.0,358,3,8,2,10,22,3,22
0,10,2.0,358,3,4,0,1,105,0,22
0,10,2.0,358,3,14,0,5,47,3,22
0,10,3.0,310,0,6,1,3,30,1,27
0,10,3.0,310,0,13,0,16,37,0,27
0,10,13.0,346,4,17,0,14,107,1,25
0,4,14.0,345,6,11,1,10,47,2,5
0,2,21.0,108,1,17,3,4,138,4,21
0,3,12.0,104,2,14,0,3,30,4,28
0,3,13.0,210,4,15,0,15,51,3,25
0,3,13.0,210,4,12,0,5,6,0,25
0,3,13.0,210,4,8,0,10,23,2,25
0,3,20.0,105,4,5,2,8,41,3,29
0,3,21.0,338,5,15,1,1,59,4,21
0,3,20.0,105,4,17,0,4,121,1,29
0,3,30.0,304,3,6,0,1,105,0,19
0,11,2.0,265,0,14,0,13,38,1,22
0,3,30.0,304,3,16,2,10,47,1,19
0,3,30.0,304,3,20,1,7,20,0,19
0,3,30.0,304,3,22,3,16,108,4,19
0,5,2.0,307,1,1,0,2,2,1,22
0,5,19.0,146,5,21,1,11,15,1,10
0,5,19.0,146,5,10,2,5,0,3,10
0,5,19.0,146,5,12,0,8,41,2,10
0,5,20.0,214,6,17,2,15,114,3,29
0,5,19.0,146,5,21,1,0,26,0,10
0,5,20.0,214,6,5,0,6,132,3,29
0,5,20.0,214,6,5,0,13,28,2,29
0,5,20.0,214,6,5,1,1,1,1,29
0,5,21.0,351,3,5,0,10,12,0,21
0,10,2.0,358,3,14,0,11,117,3,22
0,10,3.0,310,0,15,0,3,79,4,27
0,10,3.0,310,0,22,2,14,131,0,27
0,0,14.0,5,4,6,0,3,70,3,5
0,0,14.0,5,4,9,1,3,30,1,5
0,0,14.0,5,4,22,1,12,84,1,5
0,7,15.0,205,2,17,3,13,28,0,1
0,5,1.0,109,0,19,0,1,59,4,7
0,5,16.0,239,1,12,2,2,13,3,2
0,10,13.0,346,4,20,0,9,54,1,25
0,8,11.0,306,0,4,1,5,6,0,9
0,10,13.0,346,4,21,2,12,121,0,25
0,0,4.0,229,0,2,0,9,54,2,30
1,0,31.0,290,6,3,1,14,24,0,20
0,9,25.0,344,6,9,1,10,47,0,13
0,8,23.0,102,6,0,1,11,55,4,17
0,0,20.0,172,2,15,2,2,86,1,29
0,5,15.0,200,0,1,1,14,25,0,1
0,8,6.0,87,2,17,0,10,22,3,23
0,1,22.0,164,1,13,0,12,61,0,26
0,10,13.0,346,4,22,1,14,97,4,25
0,2,9.0,21,4,13,3,13,48,0,12
0,6,23.0,84,5,22,1,3,44,4,17
0,8,6.0,87,2,3,0,6,89,3,23
0,1,21.0,45,0,16,0,5,0,3,21
1,2,1.0,16,1,14,1,2,2,1,7
0,2,24.0,22,5,23,0,5,64,2,14
0,5,25.0,350,4,17,0,14,32,1,13
0,8,6.0,87,2,19,1,6,7,0,23
0,1,30.0,100,2,5,0,12,80,4,19
0,1,13.0,207,3,13,1,14,126,4,25
0,0,20.0,172,2,14,2,16,50,3,29
0,0,20.0,172,2,18,0,1,11,4,29
0,0,20.0,172,2,14,0,11,15,3,29
0,0,23.0,237,6,13,0,12,61,3,17
0,0,23.0,237,6,1,0,4,82,1,17
0,10,12.0,333,2,14,1,2,3,0,28
0,10,12.0,333,2,14,0,7,120,1,28
0,10,12.0,333,2,3,0,12,61,1,28
0,0,23.0,237,6,9,0,0,77,1,17
0,0,24.0,55,3,11,0,15,31,1,14
0,0,24.0,55,3,19,0,5,6,0,14
0,0,31.0,290,3,0,0,8,41,1,20
0,0,31.0,290,3,21,0,8,27,1,20
0,0,31.0,290,3,19,0,6,89,2,20
0,0,4.0,229,0,2,0,9,57,0,30
0,8,22.0,354,5,19,0,2,86,3,26
0,7,23.0,202,4,15,2,2,2,2,17
0,6,9.0,236,5,18,2,10,22,3,12
0,4,21.0,339,6,0,1,16,130,4,21
0,4,28.0,218,6,23,3,6,7,0,18
0,2,5.0,127,3,8,0,7,62,1,24
0,2,5.0,127,3,2,0,11,122,3,24
0,2,5.0,127,3,19,0,2,2,1,24
0,2,5.0,127,3,3,0,5,6,0,24
0,2,5.0,127,3,1,1,9,57,0,24
0,2,6.0,251,0,15,2,8,33,3,23
0,2,6.0,251,0,19,0,14,34,4,23
0,2,6.0,251,0,14,0,14,126,4,23
0,2,12.0,128,3,5,0,2,13,1,28
0,2,12.0,128,3,20,1,16,50,4,28
0,10,12.0,333,2,1,0,5,64,1,28
0,8,10.0,71,3,3,1,11,58,1,4
1,11,18.0,332,1,17,3,14,25,3,0
0,2,13.0,276,0,13,1,3,44,4,25
0,0,7.0,15,4,8,0,5,12,3,11
0,0,7.0,15,4,4,0,9,93,4,11
0,0,7.0,15,4,4,2,12,61,3,11
0,0,7.0,15,4,19,2,5,12,3,11
0,0,7.0,15,4,8,0,9,49,3,11
0,0,20.0,172,2,17,0,0,0,0,29
0,0,23.0,237,6,3,0,9,102,1,17
0,0,23.0,237,6,18,0,2,92,3,17
0,0,24.0,55,3,23,0,10,47,2,14
0,4,21.0,339,6,3,0,9,57,2,21
0,4,21.0,339,6,5,1,8,9,4,21
0,4,28.0,218,6,4,0,12,17,3,18
0,4,31.0,67,1,5,0,2,2,2,20
0,4,31.0,67,1,8,0,13,48,0,20
0,4,31.0,67,1,12,0,13,69,4,20
0,10,11.0,298,1,15,0,3,76,4,9
0,4,1.0,144,3,8,1,0,12,1,7
0,4,25.0,20,2,13,3,5,64,3,13
0,2,6.0,251,0,20,0,0,26,1,23
0,2,6.0,251,0,22,0,0,68,0,23
0,2,12.0,128,3,3,2,15,31,0,28
0,2,12.0,128,3,13,0,11,117,2,28
0,2,12.0,128,3,10,0,11,58,2,28
0,2,13.0,276,0,7,1,4,79,0,25
0,2,13.0,276,0,8,0,16,37,1,25
0,2,21.0,108,1,8,0,15,114,2,21
0,2,21.0,108,1,4,0,9,57,0,21
0,0,4.0,229,0,0,0,5,12,3,30
0,0,4.0,229,0,20,2,14,107,0,30
0,0,23.0,237,6,17,0,1,1,1,17
0,0,23.0,237,6,15,0,6,89,3,17
0,1,30.0,100,2,14,0,8,27,1,19
0,1,31.0,305,4,15,1,0,53,4,20
0,1,31.0,305,4,2,0,7,120,4,20
0,1,31.0,305,4,2,2,8,33,2,20
0,1,31.0,305,4,22,0,0,31,4,20
0,4,30.0,139,0,13,3,4,121,3,19
0,4,1.0,144,3,19,1,13,13,1,7
0,4,1.0,144,3,9,0,9,95,4,7
0,1,30.0,100,2,12,2,1,105,3,19
0,8,23.0,102,6,8,0,16,42,3,17
0,2,24.0,22,5,1,0,0,64,1,14
0,8,6.0,87,2,9,0,12,80,4,23
0,1,31.0,305,4,16,0,0,77,3,20
0,4,5.0,235,4,2,1,2,86,2,24
0,2,24.0,22,5,3,0,6,7,2,14
0,10,7.0,243,5,17,0,2,92,3,11
0,8,11.0,306,0,4,2,8,19,0,9
0,1,31.0,305,4,3,0,15,31,1,20
0,4,5.0,235,4,8,3,10,22,3,24
0,2,24.0,22,5,11,1,2,2,1,14
0,5,15.0,200,0,2,1,0,26,1,1
0,6,29.0,335,4,23,1,9,49,1,16
0,8,5.0,101,1,17,1,7,137,4,24
0,4,28.0,218,6,11,0,8,9,1,18
0,2,26.0,3,3,9,2,8,27,3,3
0,2,1.0,16,2,4,0,3,115,4,7
0,1,20.0,151,3,17,0,6,89,4,29
0,8,5.0,101,1,5,0,14,131,1,24
0,2,21.0,108,1,9,0,9,93,1,21
0,0,2.0,47,6,11,1,3,30,4,22
0,4,3.0,279,1,10,0,16,37,4,27
0,8,12.0,284,1,0,0,8,27,1,28
0,6,2.0,352,5,22,2,3,4,0,22
0,2,22.0,209,2,9,0,12,61,1,26
0,2,22.0,209,2,14,0,13,48,2,26
0,2,22.0,209,2,1,0,6,7,0,26
0,2,23.0,230,4,17,0,2,13,4,17
0,2,23.0,230,4,21,1,3,79,0,17
0,2,23.0,230,4,12,0,4,82,3,17
0,2,28.0,257,1,16,0,10,22,3,18
0,2,28.0,257,1,19,0,10,47,1,18
0,2,28.0,257,1,14,0,2,86,1,18
0,2,29.0,140,2,16,0,2,86,4,16
0,2,29.0,140,2,10,0,0,0,1,16
0,2,30.0,131,4,11,1,2,2,2,19
0,2,30.0,131,4,2,0,7,62,1,19
0,2,30.0,131,4,15,2,0,12,3,19
0,0,6.0,260,2,0,2,8,41,3,23
0,0,6.0,260,2,11,3,0,26,1,23
0,0,14.0,5,4,15,0,13,29,3,5
0,0,14.0,5,4,19,2,8,9,2,5
0,1,19.0,29,6,20,0,5,12,1,10
0,6,2.0,352,5,4,0,8,33,1,22
0,6,3.0,99,6,23,0,13,48,1,27
0,6,3.0,99,6,2,2,4,4,0,27
0,6,3.0,99,6,5,1,13,123,1,27
0,6,3.0,99,6,18,0,8,9,1,27
0,6,3.0,99,6,11,1,10,23,1,27
0,6,5.0,342,0,18,0,11,18,3,24
0,6,10.0,149,6,11,0,4,79,2,4
0,10,3.0,310,0,15,0,5,6,3,27
0,10,3.0,310,0,23,1,11,15,1,27
0,10,13.0,346,4,0,2,10,6,3,25
0,10,13.0,346,4,4,0,15,31,0,25
0,10,13.0,346,4,22,0,14,131,2,25
0,1,12.0,353,6,12,2,13,29,2,28
0,1,12.0,353,6,22,2,15,112,0,28
0,1,12.0,353,6,12,0,2,2,1,28
0,1,12.0,353,6,8,0,12,84,3,28
0,1,13.0,207,3,3,0,14,106,4,25
0,1,13.0,207,3,4,0,2,40,4,25
0,1,22.0,164,1,7,0,1,11,0,26
0,1,22.0,164,1,0,0,3,115,1,26
0,1,31.0,305,4,15,0,10,43,1,20
0,1,13.0,207,3,1,0,1,59,1,25
0,9,25.0,344,6,4,0,3,44,1,13
0,11,16.0,225,0,23,3,8,27,1,2
1,0,6.0,260,1,6,3,5,6,1,23
0,6,17.0,244,6,13,1,2,92,2,6
0,6,26.0,348,0,17,1,12,83,1,3
0,5,17.0,212,2,17,0,2,92,4,6
0,10,9.0,150,3,14,0,16,37,1,12
1,0,31.0,290,6,9,0,3,115,1,20
0,10,23.0,247,3,14,0,8,33,4,17
0,3,25.0,347,1,9,0,0,15,1,13
0,6,26.0,348,0,12,3,0,26,1,3
0,10,18.0,246,1,16,1,10,52,1,0
0,5,17.0,212,2,2,0,9,102,4,6
0,2,1.0,16,2,6,0,13,99,4,7
0,2,1.0,16,2,19,1,15,51,0,7
0,4,27.0,274,5,0,1,5,12,0,15
0,3,17.0,54,0,8,0,0,0,2,6
0,1,22.0,164,1,6,1,14,24,0,26
0,1,30.0,100,2,17,1,10,47,0,19
0,1,30.0,100,2,11,2,8,118,1,19
0,1,31.0,305,4,23,1,2,3,4,20
0,1,31.0,305,4,3,1,1,67,1,20
0,8,5.0,101,1,18,0,3,30,3,24
0,8,6.0,87,2,15,0,13,38,1,23
0,8,6.0,87,2,13,0,14,25,0,23
0,8,6.0,87,2,14,0,12,17,2,23
0,8,11.0,306,0,12,0,10,23,1,9
0,8,11.0,306,0,23,1,6,91,1,9
0,8,12.0,284,1,22,0,5,6,0,28
0,8,12.0,284,1,7,1,9,27,0,28
0,8,14.0,296,4,18,2,8,27,3,5
0,4,25.0,20,2,2,2,4,75,3,13
0,1,12.0,353,6,18,0,10,47,0,28
0,8,21.0,46,4,9,0,2,2,1,21
0,4,25.0,20,2,12,0,8,19,1,13
0,1,13.0,207,3,18,0,13,29,2,25
0,1,21.0,45,0,1,0,4,136,3,21
0,1,21.0,45,0,4,0,13,29,4,21
0,1,22.0,164,1,6,0,4,45,0,26
0,1,22.0,164,1,0,0,16,42,3,26
0,1,21.0,45,0,18,1,13,38,1,21
0,1,21.0,45,0,4,1,13,48,0,21
0,1,22.0,164,1,12,0,2,123,3,26
0,1,30.0,100,2,7,2,8,27,3,19
0,1,31.0,305,4,17,0,1,11,4,20
0,1,31.0,305,4,13,2,0,77,1,20
0,1,31.0,305,4,22,0,5,6,1,20
0,1,31.0,305,4,17,2,10,6,3,20
0,1,31.0,305,4,8,0,9,101,4,20
0,1,31.0,305,4,4,0,5,12,0,20
0,8,5.0,101,1,6,0,9,101,0,24
0,4,25.0,20,2,18,0,14,34,1,13
0,2,2.0,143,4,17,2,10,22,3,22
0,2,2.0,143,4,6,0,0,12,3,22
0,2,2.0,143,4,0,0,10,47,0,22
0,2,2.0,143,4,0,1,1,105,4,22
0,2,2.0,143,4,10,1,3,30,0,22
0,2,9.0,21,4,3,0,13,38,2,12
0,2,9.0,21,4,4,0,7,20,1,12
0,2,9.0,21,4,15,1,15,46,1,12
0,2,9.0,21,4,20,1,13,21,1,12
0,2,9.0,21,4,4,2,1,1,1,12
0,2,24.0,22,5,12,0,12,56,1,14
0,2,24.0,22,5,1,1,12,104,1,14
0,2,26.0,3,3,13,0,2,92,2,3
0,2,26.0,3,3,3,2,10,6,3,3
0,2,26.0,3,3,2,0,10,6,3,3
0,2,26.0,3,3,19,1,8,19,4,3
0,0,18.0,0,0,4,0,14,24,3,0
0,8,5.0,101,1,3,0,15,39,3,24
0,8,5.0,101,1,5,2,8,27,0,24
0,8,5.0,101,1,10,1,10,47,0,24
0,8,5.0,101,1,12,0,12,80,3,24
0,8,6.0,87,2,13,3,1,67,3,23
0,8,11.0,306,0,8,2,9,57,0,9
0,8,11.0,306,0,4,2,14,107,0,9
0,8,11.0,306,0,1,0,11,15,1,9
0,8,11.0,306,0,4,1,0,64,0,9
0,8,14.0,296,4,5,0,13,29,3,5
0,8,21.0,46,4,6,0,0,15,1,21
0,8,21.0,46,4,1,0,2,2,3,21
0,8,21.0,46,4,23,1,11,18,1,21
0,8,21.0,46,4,19,1,7,8,4,21
0,8,23.0,102,6,3,0,2,2,1,17
0,8,23.0,102,6,14,0,9,102,2,17
0,8,23.0,102,6,9,0,16,50,1,17
0,5,16.0,239,1,6,0,0,68,0,2
0,8,23.0,102,6,8,0,10,22,4,17
0,4,3.0,279,1,1,0,14,34,1,27
0,4,3.0,279,1,4,0,9,134,0,27
0,4,5.0,235,4,3,0,5,6,2,24
0,4,13.0,221,5,22,0,10,6,0,25
0,4,15.0,132,3,6,0,13,36,4,1
0,4,14.0,345,6,19,0,14,25,3,5
0,4,21.0,339,6,16,0,13,48,1,21
0,1,12.0,353,6,15,0,12,84,3,28
0,1,13.0,207,3,2,0,15,77,3,25
0,1,13.0,207,3,13,0,14,126,0,25
0,1,21.0,45,0,17,0,10,47,3,21
0,2,2.0,143,4,14,2,0,64,3,22
0,2,9.0,21,4,0,0,15,31,4,12
0,2,9.0,21,4,18,0,13,99,4,12
0,2,24.0,22,5,11,0,13,21,1,14
0,11,1.0,222,3,17,3,4,127,1,7
0,0,7.0,15,4,13,1,10,52,1,11
0,8,23.0,102,6,15,0,2,40,2,17
0,2,24.0,22,5,15,0,13,21,1,14
0,2,24.0,22,5,5,0,5,6,2,14
0,2,24.0,22,5,22,0,5,6,2,14
0,5,2.0,307,1,15,0,14,24,1,22
0,5,2.0,307,1,1,0,11,94,2,22
0,5,2.0,307,1,18,0,8,41,1,22
0,5,19.0,146,5,3,0,13,28,1,10
0,5,19.0,146,5,4,0,13,21,1,10
0,5,19.0,146,5,13,0,9,87,2,10
0,5,20.0,214,6,22,0,3,30,1,29
0,5,21.0,351,3,23,0,12,121,1,21
0,5,21.0,351,3,12,0,14,131,1,21
0,5,21.0,351,3,4,0,6,116,3,21
0,5,19.0,146,5,22,2,10,47,3,10
0,5,20.0,214,6,11,0,10,47,2,29
0,4,30.0,139,0,20,1,7,62,1,19
0,4,30.0,139,0,12,1,16,72,0,19
0,2,3.0,282,5,3,0,16,113,2,27
0,4,29.0,313,3,17,0,4,82,1,16
0,2,3.0,282,5,19,2,10,47,2,27
0,2,3.0,282,5,20,1,10,22,0,27
0,2,4.0,254,6,22,0,12,80,2,30
0,2,4.0,254,6,8,1,13,28,1,30
0,2,4.0,254,6,14,0,2,86,1,30
0,2,15.0,130,2,17,0,16,50,1,1
0,2,15.0,130,2,0,1,2,3,0,1
0,2,15.0,130,2,4,0,13,48,4,1
0,2,22.0,209,2,11,2,2,40,3,26
0,2,22.0,209,2,16,1,6,7,0,26
0,2,22.0,209,2,16,1,6,7,0,26
0,4,29.0,313,3,16,0,13,13,0,16
0,4,29.0,313,3,8,0,13,13,1,16
0,4,29.0,313,3,12,1,2,13,4,16
0,4,29.0,313,3,19,0,16,37,1,16
0,4,30.0,139,0,18,2,9,95,4,19
0,5,14.0,36,3,13,0,1,11,2,5
1,4,16.0,25,3,2,0,16,74,0,2
1,4,30.0,139,3,22,1,5,6,0,19
1,2,7.0,153,0,13,0,12,80,0,11
0,11,24.0,194,1,18,0,13,21,1,14
0,9,8.0,90,2,8,1,13,48,0,8
0,11,25.0,88,2,3,0,0,77,1,13
0,3,9.0,44,3,22,0,13,36,3,12
0,1,8.0,62,1,13,0,1,11,1,8
0,1,24.0,64,4,11,0,14,32,4,14
1,6,14.0,173,1,11,3,10,43,1,5
0,1,24.0,64,4,17,1,16,139,4,14
0,4,24.0,27,1,22,3,14,25,0,14
0,4,18.0,26,2,17,0,1,11,4,0
0,8,1.0,66,5,23,0,14,25,1,7
0,0,17.0,12,3,18,0,13,21,4,6
0,0,16.0,11,6,3,1,14,126,1,2
0,2,24.0,22,5,15,1,1,11,4,14
0,2,26.0,3,3,17,0,8,9,1,3
0,2,26.0,3,3,8,0,1,67,4,3
0,2,26.0,3,3,4,0,11,117,3,3
0,2,26.0,3,3,19,1,1,35,4,3
0,0,2.0,47,6,14,0,6,89,1,22
0,0,2.0,47,6,4,0,16,50,3,22
0,4,30.0,139,0,14,2,2,86,1,19
0,4,3.0,279,1,11,0,13,29,4,27
0,2,4.0,254,6,22,1,0,31,4,30
0,2,4.0,254,6,15,0,7,57,3,30
0,2,22.0,209,2,2,0,1,59,4,26
0,4,3.0,279,1,6,0,5,12,0,27
0,2,23.0,230,4,2,0,13,36,2,17
0,4,5.0,235,4,22,0,8,33,3,24
0,2,23.0,230,4,19,2,3,30,1,17
0,4,5.0,235,4,22,1,1,67,4,24
0,2,23.0,230,4,14,0,4,121,0,17
0,4,13.0,221,5,11,2,5,6,3,25
0,2,23.0,230,4,12,2,6,7,3,17
0,4,13.0,221,5,12,0,0,77,1,25
0,2,23.0,230,4,4,0,14,107,3,17
0,2,28.0,257,1,11,1,4,5,1,18
0,2,29.0,140,2,1,2,10,47,0,16
0,2,30.0,131,4,16,0,2,86,0,19
0,2,30.0,131,4,2,0,13,48,3,19
0,2,30.0,131,4,22,1,16,50,0,19
0,3,10.0,4,0,11,1,5,12,1,4
0,3,19.0,138,2,8,0,12,61,4,10
0,5,5.0,96,5,9,0,13,48,1,24
0,0,6.0,260,2,16,0,0,12,3,23
0,0,6.0,260,2,0,1,15,31,1,23
0,2,28.0,257,1,9,1,13,28,0,18
0,2,29.0,140,2,6,0,11,18,0,16
0,2,28.0,257,1,19,0,2,13,3,18
0,5,1.0,109,0,17,1,2,40,1,7
0,0,9.0,48,6,23,0,6,89,1,12
0,0,9.0,48,6,2,1,14,24,4,12
0,0,9.0,48,6,1,2,10,22,3,12
0,2,24.0,22,5,3,1,13,38,1,14
0,2,29.0,140,2,19,0,1,11,4,16
0,0,6.0,260,2,0,0,0,26,3,23
0,0,6.0,260,2,20,0,13,21,4,23
0,7,19.0,330,3,14,0,14,25,1,10
0,3,29.0,325,6,11,2,13,21,2,16
0,3,29.0,325,6,1,1,9,57,0,16
0,0,14.0,5,4,11,1,1,35,4,5
0,4,23.0,30,0,22,0,5,6,3,17
0,0,7.0,15,4,18,1,0,68,0,11
0,2,13.0,276,0,12,1,1,35,0,25
0,2,21.0,108,1,6,0,11,8,3,21
0,3,18.0,165,1,6,2,14,125,3,0
0,3,13.0,210,4,8,2,2,86,0,25
0,3,20.0,105,4,5,1,1,16,4,29
0,3,21.0,338,5,3,2,9,57,3,21
0,3,21.0,338,5,18,0,15,46,3,21
0,3,30.0,304,3,17,0,14,24,3,19
0,3,30.0,304,3,22,2,4,103,3,19
0,5,2.0,307,1,16,0,8,27,1,22
0,5,2.0,307,1,8,0,0,96,3,22
0,5,19.0,146,5,17,0,13,28,4,10
0,5,19.0,146,5,0,2,15,46,3,10
0,5,19.0,146,5,13,1,8,27,1,10
0,5,20.0,214,6,2,0,15,96,2,29
0,5,20.0,214,6,12,0,8,27,2,29
0,5,20.0,214,6,3,1,1,81,4,29
0,5,21.0,351,3,14,2,1,35,3,21
0,0,18.0,0,0,5,0,2,86,4,0
0,0,18.0,0,0,4,0,2,40,3,0
0,0,18.0,0,0,4,1,1,35,4,0
0,4,29.0,313,3,9,0,8,9,3,16
0,4,30.0,139,0,17,0,0,12,3,19
0,4,30.0,139,0,20,0,1,81,4,19
0,4,30.0,139,0,2,0,7,62,3,19
0,4,30.0,139,0,8,0,16,50,0,19
0,4,30.0,139,0,19,0,12,100,1,19
0,4,29.0,313,3,15,0,2,86,2,16
0,4,30.0,139,0,8,1,1,1,1,19
0,4,14.0,345,6,1,0,13,48,1,5
0,4,14.0,345,6,9,0,7,20,1,5
0,4,14.0,345,6,20,0,8,118,4,5
0,4,21.0,339,6,6,0,5,64,3,21
0,4,21.0,339,6,16,1,14,131,0,21
0,4,21.0,339,6,21,1,2,2,1,21
0,4,21.0,339,6,2,0,14,107,3,21
0,4,21.0,339,6,5,1,12,121,1,21
0,8,30.0,103,6,12,0,11,15,1,19
0,4,3.0,279,1,11,0,4,115,3,27
0,1,26.0,248,6,17,2,2,86,0,3
0,8,19.0,280,1,2,1,10,22,0,10
0,4,8.0,292,3,17,0,1,11,4,8
1,8,16.0,73,5,16,0,13,29,0,2
0,9,23.0,167,4,1,0,6,91,1,17
0,3,6.0,303,4,12,1,6,7,0,23
1,1,14.0,183,3,9,0,9,63,1,5
1,0,8.0,9,4,6,0,5,12,0,8
1,0,8.0,9,4,8,1,13,99,1,8
0,3,24.0,357,0,13,0,4,75,1,14
0,4,3.0,279,1,8,0,1,16,0,27
0,4,13.0,221,5,13,1,1,105,4,25
0,4,14.0,345,6,22,0,1,35,3,5
0,4,15.0,132,3,6,0,2,2,4,1
0,4,15.0,132,3,6,3,10,47,3,1
0,4,14.0,345,6,2,0,8,9,4,5
0,4,21.0,339,6,3,0,2,2,1,21
0,4,21.0,339,6,15,1,13,99,4,21
0,4,31.0,67,1,0,0,8,41,1,20
0,4,31.0,67,1,14,2,16,50,3,20
0,4,31.0,67,1,4,0,13,13,1,20
0,4,31.0,67,1,9,0,12,135,4,20
0,2,5.0,127,3,6,0,2,2,1,24
0,2,5.0,127,3,23,1,12,121,4,24
0,2,5.0,127,3,4,2,4,79,3,24
0,2,6.0,251,0,0,2,12,100,3,23
0,2,6.0,251,0,11,0,3,30,3,23
0,10,13.0,346,4,10,0,16,50,1,25
0,10,13.0,346,4,19,0,8,9,3,25
0,1,12.0,353,6,15,0,4,75,1,28
0,1,13.0,207,3,16,0,9,101,3,25
0,1,12.0,353,6,14,1,14,88,4,28
0,1,13.0,207,3,13,1,6,128,4,25
0,1,21.0,45,0,17,2,11,133,0,21
0,1,21.0,45,0,13,0,8,33,4,21
0,1,21.0,45,0,14,0,0,26,1,21
0,1,22.0,164,1,17,0,13,36,1,26
0,1,21.0,45,0,18,0,15,114,3,21
0,1,22.0,164,1,16,2,10,47,3,26
0,1,22.0,164,1,16,2,10,23,3,26
0,1,22.0,164,1,21,0,8,33,0,26
0,1,22.0,164,1,13,0,7,120,3,26
0,1,22.0,164,1,12,0,2,86,1,26
0,1,30.0,100,2,16,0,6,89,3,19
0,6,1.0,158,4,17,0,13,13,4,7
0,1,30.0,100,2,6,1,13,38,0,19
0,1,30.0,100,2,13,0,16,37,1,19
0,2,6.0,251,0,22,0,1,1,0,23
0,2,12.0,128,3,21,0,13,36,3,28
0,9,26.0,267,3,9,1,2,13,4,3
0,3,18.0,165,1,19,0,9,83,4,0
0,10,3.0,310,0,18,0,2,2,4,27
0,8,5.0,101,1,2,0,9,102,1,24
0,6,19.0,291,0,9,0,14,125,4,10
0,0,30.0,228,6,18,0,2,69,4,19
0,6,30.0,145,5,14,0,15,96,1,19
0,4,21.0,339,6,14,1,15,119,2,21
0,2,13.0,276,0,22,1,7,78,4,25
0,0,4.0,229,0,19,3,14,32,3,30
0,1,28.0,300,0,9,0,0,64,2,18
0,0,5.0,122,1,16,0,4,115,3,24
0,0,5.0,122,1,16,2,7,20,3,24
0,0,12.0,113,1,0,0,8,9,3,28
0,0,12.0,113,1,18,1,4,79,1,28
0,0,12.0,113,1,6,0,0,77,3,28
0,0,12.0,113,1,14,1,15,119,0,28
0,0,15.0,190,5,22,0,4,45,2,1
0,0,21.0,287,4,8,1,1,35,4,21
0,0,21.0,287,4,12,1,9,101,4,21
0,0,21.0,287,4,14,1,11,94,2,21
0,0,22.0,241,5,22,1,13,28,4,26
0,0,22.0,241,5,5,1,1,35,4,26
0,0,30.0,228,6,4,0,7,62,1,19
0,11,13.0,312,5,5,0,2,2,2,25
0,9,15.0,226,2,5,1,3,44,4,1
0,1,2.0,171,2,19,0,2,69,3,22
0,0,28.0,249,4,14,1,7,62,2,18
1,11,16.0,225,3,3,0,9,101,0,2
1,0,28.0,249,2,12,3,14,24,0,18
0,1,29.0,112,1,23,0,10,22,3,16
0,2,19.0,137,3,8,0,2,92,2,10
0,10,31.0,135,0,1,0,6,89,2,20
0,4,11.0,121,2,17,0,7,120,0,9
0,4,11.0,121,2,6,0,0,12,0,9
0,4,11.0,121,2,10,1,8,19,0,9
0,1,2.0,171,2,0,0,0,26,0,22
0,1,27.0,262,3,22,0,8,118,1,15
0,1,27.0,262,3,18,1,9,95,0,15
0,8,2.0,77,6,20,0,4,75,1,22
0,10,1.0,208,6,17,1,14,32,4,7
0,4,22.0,152,3,11,1,1,81,4,26
0,4,22.0,152,3,2,2,8,41,3,26
0,4,22.0,152,3,1,2,10,22,3,26
0,2,7.0,153,1,21,0,14,107,1,11
0,2,7.0,153,1,19,0,6,91,1,11
0,2,14.0,231,1,17,0,11,18,0,5
0,2,14.0,231,1,10,1,5,6,0,5
0,2,14.0,231,1,22,0,3,115,4,5
0,2,14.0,231,1,20,1,1,1,1,5
0,2,20.0,264,0,13,0,8,41,2,29
0,0,12.0,113,1,19,0,9,57,0,28
0,0,13.0,198,2,0,0,9,102,3,25
0,0,13.0,198,2,1,2,7,31,3,25
0,0,15.0,190,5,0,1,14,107,0,1
0,0,21.0,287,4,17,0,9,134,2,21
0,0,21.0,287,4,3,1,14,88,4,21
0,0,22.0,241,5,9,2,2,60,3,26
0,0,30.0,228,6,22,0,10,47,1,19
0,0,30.0,228,6,19,0,3,44,0,19
0,11,2.0,265,0,3,0,15,51,2,22
0,9,28.0,315,1,2,2,5,64,0,18
0,9,28.0,315,1,18,1,2,2,4,18
0,4,21.0,339,6,1,1,14,97,4,21
0,2,6.0,251,0,17,0,15,46,3,23
0,0,7.0,15,4,17,0,13,99,1,11
0,5,8.0,199,0,4,0,4,75,1,8
0,10,25.0,56,1,1,1,1,35,0,13
0,1,27.0,262,3,19,0,12,135,3,15
0,1,27.0,262,3,21,1,7,129,1,15
0,8,2.0,77,6,3,1,4,138,4,22
0,8,26.0,278,1,2,1,15,114,1,3
0,7,22.0,211,2,18,0,8,27,3,26
0,3,24.0,357,0,2,1,8,19,0,14
0,3,26.0,343,2,0,1,13,38,1,3
0,3,26.0,343,2,16,0,0,68,0,3
0,3,25.0,347,1,2,3,14,24,4,13
0,6,18.0,308,3,1,1,5,6,0,0
0,8,2.0,77,6,4,1,5,64,0,22
0,2,19.0,137,3,1,2,10,12,3,10
0,7,27.0,53,0,4,0,7,62,3,15
0,3,1.0,180,6,14,2,7,20,3,7
0,5,12.0,327,5,17,3,9,134,4,28
0,11,18.0,332,2,15,0,2,71,0,0
0,9,2.0,323,4,0,2,0,96,3,22
0,7,10.0,329,5,6,0,4,136,2,4
1,1,30.0,100,1,4,1,9,95,4,19
1,2,17.0,6,4,14,0,4,82,1,6
0,3,26.0,343,2,17,1,14,25,4,3
0,6,17.0,244,6,4,0,11,55,3,6
0,6,18.0,308,3,19,1,0,64,1,0
0,6,18.0,308,3,12,0,12,100,1,0
0,6,26.0,348,0,18,2,14,34,3,3
0,2,19.0,137,3,20,0,1,11,2,10
0,1,29.0,112,1,4,2,4,45,3,16
0,6,20.0,215,1,16,2,13,48,3,29
0,1,29.0,112,1,19,2,6,89,3,16
1,11,18.0,332,1,17,0,15,77,3,0
0,6,19.0,291,0,19,1,11,55,4,10
0,6,20.0,215,1,6,0,6,89,1,29
0,0,28.0,249,4,10,3,6,7,2,18
0,6,19.0,291,0,5,1,9,49,1,10
0,8,4.0,299,0,12,0,10,47,3,30
0,1,3.0,188,4,1,1,1,16,4,27
1,10,1.0,208,5,17,0,8,118,3,7
0,3,21.0,338,5,14,0,0,64,2,21
0,8,29.0,301,5,20,1,13,38,1,16
0,1,29.0,112,1,14,1,10,22,4,16
0,6,30.0,145,5,13,1,8,27,4,19
0,6,20.0,215,1,18,2,12,61,3,29
0,9,9.0,320,4,19,3,5,0,2,12
0,6,20.0,215,1,15,0,2,13,1,29
0,6,3.0,99,6,5,0,9,102,0,27
0,1,3.0,188,4,9,1,14,25,1,27
0,6,21.0,193,2,16,0,5,12,3,21
0,6,24.0,31,6,13,1,7,54,1,14
0,8,3.0,363,3,11,0,14,32,3,27
0,6,20.0,215,1,13,2,10,23,2,29
0,6,21.0,193,2,0,0,9,9,0,21
0,10,3.0,310,0,9,1,6,128,4,27
0,1,11.0,111,5,11,1,0,12,1,9
0,4,4.0,178,2,6,0,5,6,3,30
0,6,21.0,193,2,14,0,7,57,0,21
0,6,20.0,215,1,4,0,5,12,3,29
0,10,2.0,358,3,8,1,16,37,1,22
0,1,14.0,183,0,22,2,4,75,2,5
0,8,3.0,363,3,10,1,12,84,1,27
1,11,23.0,232,3,15,3,9,10,4,17
0,3,27.0,361,4,19,0,11,98,1,15
0,8,4.0,299,0,10,1,0,26,2,30
0,6,21.0,193,2,21,1,14,34,2,21
0,1,14.0,183,0,8,2,13,29,3,5
0,8,4.0,299,0,7,2,10,22,3,30
1,11,23.0,232,3,4,1,14,24,0,17
0,8,4.0,299,0,13,0,6,7,4,30
0,4,4.0,178,2,21,0,16,74,3,30
0,1,21.0,45,0,1,0,3,79,1,21
0,3,27.0,361,4,12,0,1,11,2,15
0,6,22.0,185,4,3,1,4,45,4,26
0,3,2.0,120,3,14,2,3,103,3,22
0,1,28.0,300,0,5,1,1,16,4,18
0,4,4.0,178,2,21,0,5,6,3,30
0,8,12.0,284,1,9,3,12,61,3,28
1,6,1.0,158,2,17,0,13,48,1,7
1,11,23.0,232,3,2,1,7,31,1,17
0,8,29.0,301,5,0,0,10,47,3,16
0,3,28.0,187,5,3,2,3,30,3,18
0,1,28.0,300,0,1,0,8,27,0,18
0,6,19.0,291,0,14,0,10,6,3,10
0,4,4.0,178,2,13,0,2,2,2,30
0,4,21.0,339,6,1,1,12,104,4,21
0,3,27.0,361,4,2,0,14,32,3,15
1,9,7.0,271,0,5,1,2,69,4,11
0,8,29.0,301,5,6,1,14,25,4,16
0,11,21.0,192,6,13,0,1,16,2,21
0,1,29.0,112,1,21,0,2,69,2,16
0,6,27.0,116,1,12,2,6,7,3,15
0,4,4.0,178,2,21,2,0,53,3,30
0,4,4.0,178,2,6,0,15,31,0,30
0,4,22.0,152,3,20,0,0,77,1,26
0,4,22.0,152,3,8,0,2,40,2,26
0,2,7.0,153,1,4,2,14,107,3,11
0,2,14.0,231,1,6,0,10,23,1,5
0,2,14.0,231,1,11,0,14,131,1,5
0,2,14.0,231,1,16,0,0,12,0,5
0,2,14.0,231,1,9,0,2,2,1,5
0,2,20.0,264,0,8,2,9,93,3,29
0,2,20.0,264,0,19,0,3,44,3,29
0,2,20.0,264,0,9,0,5,6,3,29
0,0,13.0,198,2,18,2,5,6,3,25
0,0,15.0,190,5,15,0,7,62,1,1
0,0,15.0,190,5,23,1,2,92,1,1
0,0,15.0,190,5,1,0,7,120,4,1
0,0,21.0,287,4,4,0,2,40,1,21
0,0,21.0,287,4,9,0,2,86,4,21
0,0,21.0,287,4,5,1,6,89,1,21
0,0,29.0,191,5,13,0,10,23,1,16
0,0,29.0,191,5,19,1,9,134,4,16
0,0,29.0,191,5,18,0,6,7,1,16
0,0,30.0,228,6,5,1,2,123,4,19
0,0,30.0,228,6,13,1,2,69,4,19
0,2,14.0,231,1,4,0,16,37,3,5
0,2,20.0,264,0,14,0,15,31,4,29
0,2,20.0,264,0,8,1,14,24,1,29
0,0,5.0,122,1,23,0,2,69,4,24
0,0,12.0,113,1,7,0,4,66,1,28
0,10,24.0,261,0,4,1,11,90,4,14
0,1,10.0,17,4,18,0,9,57,0,4
0,0,12.0,113,1,13,0,13,99,1,28
0,0,15.0,190,5,3,1,1,35,4,1
0,0,21.0,287,4,8,1,12,80,1,21
0,0,22.0,241,5,22,0,9,101,2,26
0,0,22.0,241,5,12,0,11,15,3,26
0,0,22.0,241,5,22,0,0,64,2,26
0,0,22.0,241,5,19,2,13,121,3,26
0,0,29.0,191,5,17,0,8,118,3,16
0,10,19.0,117,2,5,0,2,2,1,10
0,10,27.0,302,4,17,1,14,106,2,15
0,10,27.0,302,4,2,0,0,77,1,15
0,10,27.0,302,4,5,1,1,59,4,15
0,10,30.0,157,3,6,0,6,128,1,19
0,10,30.0,157,3,15,1,0,68,4,19
0,10,31.0,135,0,11,1,1,16,4,20
0,1,3.0,188,4,2,0,14,97,1,27
0,1,4.0,286,5,11,2,10,47,0,30
0,1,11.0,111,5,17,0,8,9,1,9
0,1,14.0,183,0,17,2,14,125,2,5
0,1,28.0,300,0,19,0,9,95,1,18
0,1,28.0,300,0,5,1,14,32,0,18
0,1,29.0,112,1,14,0,9,93,1,16
0,8,3.0,363,3,18,1,9,27,0,27
0,8,4.0,299,0,15,0,5,47,3,30
0,8,4.0,299,0,20,0,9,93,1,30
0,8,13.0,189,2,20,0,2,86,4,25
0,8,13.0,189,2,2,0,8,41,0,25
0,8,29.0,301,5,18,0,13,21,3,16
0,4,10.0,79,1,22,0,5,47,3,4
0,4,10.0,79,1,17,0,9,93,1,4
0,8,27.0,78,2,17,1,11,90,1,15
0,0,19.0,13,1,13,3,11,15,3,10
0,4,19.0,142,4,11,3,5,12,3,10
1,10,25.0,56,0,11,0,2,3,4,13
0,11,1.0,222,3,17,0,3,44,1,7
0,9,28.0,315,1,6,0,13,38,0,18
0,6,10.0,149,6,15,1,3,76,2,4
0,1,21.0,45,0,2,3,16,65,4,21
1,4,17.0,19,0,9,0,11,98,0,6
1,2,1.0,16,1,1,1,12,17,4,7
0,4,4.0,178,2,14,0,12,83,3,30
0,11,26.0,364,4,13,1,11,98,4,3
0,3,28.0,187,5,17,2,6,7,3,18
0,6,27.0,116,1,1,0,9,10,1,15
0,2,6.0,251,0,20,1,0,53,4,23
1,9,7.0,271,0,12,0,15,31,1,11
0,5,3.0,161,2,13,0,5,6,3,27
0,4,4.0,178,2,17,0,5,47,3,30
0,2,12.0,128,3,19,0,10,22,2,28
0,1,29.0,112,1,11,3,12,17,1,16
0,6,30.0,145,5,15,1,4,45,1,19
1,9,8.0,90,1,16,0,14,107,0,8
0,9,12.0,177,3,6,1,6,7,0,28
0,6,21.0,193,2,1,2,6,128,3,21
0,6,30.0,145,5,17,1,7,111,4,19
1,9,9.0,320,2,15,0,0,0,1,12
0,5,3.0,161,2,13,1,6,132,1,27
0,9,12.0,177,3,17,0,5,12,0,28
0,7,1.0,98,2,15,0,2,69,2,7
0,6,22.0,185,4,17,1,5,64,1,26
0,10,19.0,117,2,16,0,8,9,4,10
0,3,18.0,165,1,14,0,14,25,4,0
1,9,9.0,320,2,3,1,9,49,4,12
0,6,27.0,116,1,16,0,10,52,3,15
0,5,4.0,114,4,2,2,13,48,3,30
0,9,12.0,177,3,5,1,10,12,0,28
1,9,26.0,267,6,15,0,2,123,2,3
0,6,27.0,116,1,6,0,11,15,1,15
0,5,4.0,114,4,3,0,6,7,0,30
0,10,13.0,346,4,13,3,6,7,2,25
0,9,12.0,177,3,13,0,1,59,0,28
0,10,31.0,135,0,8,1,16,130,4,20
0,4,11.0,121,2,10,0,4,75,4,9
1,9,26.0,267,6,19,0,6,14,1,3
0,5,4.0,114,4,13,1,6,116,4,30
0,8,11.0,306,0,13,1,1,105,0,9
0,9,18.0,359,6,8,0,0,26,2,0
0,1,3.0,188,4,6,0,5,12,0,27
0,4,20.0,115,5,5,0,4,121,1,29
1,7,7.0,293,0,6,0,2,2,1,11
1,7,7.0,293,0,6,0,5,12,0,11
1,7,10.0,329,4,16,0,0,15,1,4
1,7,10.0,329,4,7,1,14,32,0,4
1,7,10.0,329,4,19,0,5,6,0,4
1,7,17.0,95,4,19,2,5,6,3,6
1,7,17.0,95,4,2,0,10,22,1,6
1,7,24.0,68,4,10,1,6,91,0,14
1,7,24.0,68,4,3,0,5,12,1,14
1,7,24.0,68,4,21,1,6,7,0,14
1,7,26.0,316,6,3,1,12,83,4,3
1,7,27.0,53,3,13,0,2,13,1,15
1,3,7.0,289,4,13,0,14,25,2,11
1,9,13.0,91,3,17,0,10,47,1,25
1,9,25.0,344,5,13,0,13,38,2,13
1,7,18.0,154,5,12,1,11,18,0,0
0,8,2.0,77,6,13,1,10,47,0,22
1,11,13.0,312,4,19,0,2,86,1,25
1,11,12.0,118,2,13,0,15,51,4,28
1,9,28.0,315,0,20,1,9,101,4,18
1,3,7.0,289,4,1,0,5,12,0,11
1,3,9.0,44,6,8,0,5,6,0,12
1,3,10.0,4,3,3,0,8,33,2,4
1,11,7.0,253,5,13,0,13,99,1,11
1,11,16.0,225,3,2,1,3,30,4,2
1,11,16.0,225,3,18,0,2,69,3,2
1,11,18.0,332,1,2,0,7,20,4,0
1,11,18.0,332,1,18,0,5,6,0,0
1,11,18.0,332,1,16,0,0,12,0,0
1,11,23.0,232,3,20,0,8,118,1,17
1,11,24.0,194,0,12,0,13,69,1,14
1,9,7.0,271,0,18,2,8,118,3,11
1,9,8.0,90,1,13,3,12,83,0,8
1,9,8.0,90,1,8,1,10,22,1,8
1,9,8.0,90,1,14,0,2,86,3,8
1,9,9.0,320,2,17,0,13,21,1,12
1,9,8.0,90,1,8,1,1,11,4,8
1,9,8.0,90,1,2,0,5,64,1,8
1,9,9.0,320,2,14,0,13,21,1,12
1,7,1.0,98,1,15,0,6,7,4,7
1,7,1.0,98,1,10,2,4,70,3,7
1,7,1.0,98,1,18,0,2,13,1,7
1,11,7.0,253,5,23,1,12,56,1,11
1,5,2.0,307,0,6,1,13,21,0,22
1,5,2.0,307,0,15,0,8,9,1,22
1,5,2.0,307,0,5,0,16,72,1,22
1,5,2.0,307,0,11,0,12,80,2,22
1,5,2.0,307,0,2,1,15,46,1,22
1,6,3.0,99,5,19,0,13,48,1,27
1,6,3.0,99,5,9,0,2,86,3,27
1,6,3.0,99,5,12,1,0,31,4,27
1,11,17.0,110,0,5,3,11,15,3,6
1,9,17.0,255,4,3,1,9,10,4,6
1,7,9.0,273,2,21,0,16,74,2,12
1,3,17.0,54,3,9,3,5,6,0,6
1,6,11.0,355,6,22,0,9,134,3,9
1,6,19.0,291,3,10,1,6,128,1,10
1,6,20.0,215,0,15,0,6,7,2,29
1,6,20.0,215,0,16,1,12,56,1,29
1,6,20.0,215,0,2,0,14,25,2,29
1,6,20.0,215,0,15,1,12,83,4,29
1,10,2.0,358,6,15,0,5,6,2,22
1,10,2.0,358,6,13,2,3,30,0,22
1,10,2.0,358,6,20,0,12,121,3,22
1,11,24.0,194,0,11,2,8,33,2,14
1,11,24.0,194,0,20,1,6,91,4,14
1,11,24.0,194,0,2,1,1,59,4,14
1,11,24.0,194,0,1,2,8,41,0,14
1,9,7.0,271,0,6,0,5,64,2,11
1,9,7.0,271,0,23,2,5,64,0,11
1,9,7.0,271,0,12,0,7,111,3,11
0,4,10.0,79,1,1,2,11,55,0,4
0,8,12.0,284,1,9,1,13,38,0,28
0,4,18.0,26,2,14,2,4,4,1,0
0,4,20.0,115,5,2,1,13,99,4,29
0,5,3.0,161,2,18,0,5,6,0,27
0,9,19.0,234,3,19,0,10,52,3,10
0,10,4.0,356,1,17,2,10,47,3,30
1,11,7.0,253,5,1,1,2,60,4,11
0,4,22.0,152,3,23,0,15,119,0,26
0,9,20.0,119,0,15,0,3,79,4,29
0,5,10.0,155,2,15,3,15,51,3,4
1,11,9.0,311,3,11,1,1,67,0,12
0,5,13.0,184,6,3,1,10,23,1,25
0,9,19.0,234,3,12,0,11,124,4,10
0,4,22.0,152,3,9,1,11,15,0,26
0,10,4.0,356,1,12,2,8,9,3,30
0,4,16.0,25,0,18,1,13,38,0,2
0,9,21.0,362,1,6,0,4,138,3,21
0,5,28.0,259,3,0,2,8,9,0,18
0,0,11.0,10,0,2,1,12,83,2,9
0,8,25.0,86,0,4,3,6,14,3,13
0,10,4.0,356,1,19,0,0,0,2,30
0,0,11.0,10,0,1,2,10,47,1,9
0,4,19.0,142,4,16,1,4,4,1,10
0,9,18.0,359,6,17,3,10,22,4,0
1,11,9.0,311,3,2,0,8,33,2,12
0,10,19.0,117,2,0,0,1,67,1,10
0,5,28.0,259,3,8,0,13,48,2,18
0,4,18.0,26,2,17,0,1,11,4,0
0,1,3.0,188,4,21,1,9,109,4,27
0,1,4.0,286,5,23,2,6,14,1,30
0,1,4.0,286,5,8,1,2,3,4,30
0,1,11.0,111,5,3,0,2,92,0,9
0,10,27.0,302,4,17,1,12,104,0,15
0,6,20.0,215,1,4,0,10,22,1,29
0,6,22.0,185,4,12,0,0,12,1,26
0,6,27.0,116,1,21,1,6,7,0,15
0,6,27.0,116,1,12,0,10,22,1,15
0,10,19.0,117,2,17,0,8,41,3,10
0,10,27.0,302,4,16,0,8,9,3,15
0,10,27.0,302,4,7,1,9,87,0,15
0,10,30.0,157,3,5,1,9,10,4,19
0,10,30.0,157,3,1,0,7,78,1,19
0,1,3.0,188,4,22,1,15,51,1,27
0,1,3.0,188,4,14,1,1,11,2,27
0,1,3.0,188,4,12,1,7,137,4,27
0,1,3.0,188,4,12,1,11,124,1,27
0,1,4.0,286,5,17,1,8,27,0,30
0,1,3.0,188,4,18,2,0,96,3,27
0,10,31.0,135,0,19,0,2,2,2,20
0,1,3.0,188,4,9,0,10,12,1,27
0,0,18.0,0,0,12,1,9,134,0,0
0,1,4.0,286,5,11,0,9,9,3,30
0,1,4.0,286,5,18,0,10,47,1,30
0,1,11.0,111,5,4,0,8,9,1,9
0,1,11.0,111,5,4,0,2,69,3,9
0,1,14.0,183,0,7,1,4,4,0,5
0,1,14.0,183,0,4,0,0,85,4,5
0,1,28.0,300,0,9,0,16,72,2,18
0,1,14.0,183,0,12,2,6,89,1,5
0,1,28.0,300,0,9,1,12,100,1,18
0,1,29.0,112,1,10,0,5,64,1,16
0,8,4.0,299,0,15,0,13,48,1,30
0,8,4.0,299,0,14,2,2,2,0,30
0,8,13.0,189,2,0,0,5,12,3,25
0,8,13.0,189,2,15,1,15,114,1,25
0,8,13.0,189,2,4,0,14,25,1,25
0,4,4.0,178,2,21,0,7,20,0,30
0,0,11.0,10,0,9,0,5,12,3,9
0,4,4.0,178,2,20,0,5,6,3,30
0,2,7.0,153,1,4,0,10,43,1,11
0,2,14.0,231,1,0,0,0,53,0,5
0,2,20.0,264,0,16,0,0,12,3,29
0,2,20.0,264,0,23,0,2,92,1,29
0,2,20.0,264,0,23,1,1,81,4,29
0,0,5.0,122,1,4,0,14,25,2,24
0,0,12.0,113,1,16,0,0,26,3,28
0,0,12.0,113,1,9,0,2,92,1,28
0,0,12.0,113,1,14,1,14,125,4,28
0,10,4.0,356,1,17,0,5,6,0,30
0,10,4.0,356,1,16,0,2,2,3,30
0,10,19.0,117,2,13,0,5,6,0,10
0,10,19.0,117,2,12,2,2,2,1,10
0,10,19.0,117,2,9,0,10,43,3,10
0,10,27.0,302,4,6,1,11,58,4,15
0,10,30.0,157,3,4,1,14,24,1,19
0,10,31.0,135,0,5,0,16,130,2,20
0,10,31.0,135,0,15,0,7,120,1,20
0,0,18.0,0,0,23,1,3,70,4,0
0,1,1.0,203,1,13,0,13,36,4,7
0,6,15.0,49,4,17,1,0,85,1,1
0,4,2.0,141,0,1,1,0,77,0,22
0,4,17.0,19,1,4,0,3,115,4,6
0,4,1.0,144,3,17,1,13,48,1,7
0,10,31.0,135,0,19,0,14,125,3,20
0,9,27.0,179,0,8,0,1,11,1,15
0,0,26.0,14,1,12,0,12,100,0,3
0,9,27.0,179,0,4,0,2,86,3,15
0,6,4.0,159,3,17,0,0,64,3,30
0,6,4.0,159,3,13,0,2,40,2,30
1,11,16.0,225,3,0,1,16,113,0,2
0,4,22.0,152,3,17,0,8,27,1,26
0,7,2.0,160,4,19,0,16,50,1,22
0,0,16.0,11,6,17,1,9,134,4,2
0,7,11.0,197,6,9,0,16,42,1,9
0,1,11.0,111,5,20,1,8,9,1,9
0,6,12.0,162,0,11,0,5,6,3,28
1,11,16.0,225,3,7,0,3,79,2,2
0,5,29.0,24,0,11,3,14,131,3,16
0,7,11.0,197,6,23,1,13,13,1,9
0,1,14.0,183,0,16,1,2,86,0,5
0,6,12.0,162,0,15,1,11,15,0,28
0,9,27.0,179,0,14,0,5,6,0,15
0,6,19.0,291,0,0,0,15,119,4,10
0,6,20.0,215,1,20,0,4,103,3,29
0,6,20.0,215,1,11,0,6,89,0,29
0,6,20.0,215,1,0,0,13,28,1,29
0,6,21.0,193,2,16,2,10,22,1,21
0,9,14.0,106,1,10,1,0,15,4,5
0,6,21.0,193,2,17,2,13,75,2,21
0,6,22.0,185,4,11,2,13,99,0,26
0,6,20.0,215,1,13,0,7,137,3,29
0,6,21.0,193,2,8,0,13,48,0,21
0,6,21.0,193,2,11,0,9,49,1,21
0,6,22.0,185,4,23,1,1,59,1,26
0,6,27.0,116,1,19,0,9,102,1,15
0,6,30.0,145,5,1,1,3,30,4,19
0,6,30.0,145,5,9,2,12,61,3,19
0,10,4.0,356,1,21,0,8,33,3,30
0,10,4.0,356,1,13,1,15,46,4,30
0,10,19.0,117,2,1,1,6,89,4,10
0,10,30.0,157,3,15,0,1,11,3,19
0,10,30.0,157,3,14,0,2,40,3,19
0,10,30.0,157,3,5,1,9,49,1,19
0,1,4.0,286,5,22,1,12,61,1,30
0,1,11.0,111,5,8,2,6,128,3,9
0,1,14.0,183,0,5,0,7,78,4,5
0,4,7.0,133,6,13,1,10,47,1,11
0,6,26.0,348,0,13,0,1,67,4,3
1,10,6.0,242,2,14,0,9,95,4,23
0,9,11.0,52,6,18,1,1,105,0,9
0,9,11.0,52,6,8,0,13,28,3,9
0,7,10.0,329,5,4,0,3,30,1,4
0,10,29.0,318,6,15,0,0,15,2,16
1,1,17.0,63,2,16,0,5,12,2,6
1,1,19.0,29,5,12,1,0,26,1,10
1,4,11.0,121,1,10,0,5,64,3,9
1,2,27.0,136,3,2,1,10,43,4,15
1,0,28.0,249,2,13,1,4,82,1,18
0,1,23.0,69,2,18,3,8,19,3,17
0,1,17.0,63,4,12,1,3,103,1,6
0,4,10.0,79,1,13,1,13,21,1,4
0,7,18.0,154,6,4,0,12,56,2,0
0,7,18.0,154,6,18,0,15,51,1,0
0,3,2.0,120,3,2,1,7,137,2,22
0,3,3.0,182,0,19,1,4,138,1,27
0,3,27.0,361,4,17,1,10,47,0,15
0,3,27.0,361,4,1,0,5,6,3,15
0,3,27.0,361,4,11,1,16,113,1,15
0,3,28.0,187,5,11,2,3,30,3,18
0,3,27.0,361,4,4,0,13,28,2,15
0,3,28.0,187,5,12,2,12,100,3,18
0,3,28.0,187,5,20,1,12,135,4,18
0,5,3.0,161,2,16,0,4,45,0,27
0,5,4.0,114,4,3,2,10,47,3,30
0,5,4.0,114,4,8,0,12,83,2,30
0,5,28.0,259,3,8,0,11,15,3,18
0,6,11.0,355,3,13,0,6,132,3,9
0,6,19.0,291,0,19,0,0,15,3,10
0,6,20.0,215,1,0,0,0,12,3,29
0,6,20.0,215,1,3,0,8,9,3,29
0,6,21.0,193,2,16,0,0,53,0,21
0,6,20.0,215,1,22,1,14,32,4,29
0,6,22.0,185,4,4,0,1,35,4,26
0,6,30.0,145,5,8,1,13,38,4,19
0,10,28.0,216,5,11,1,12,83,4,18
0,1,14.0,183,0,2,2,16,72,3,5
1,11,16.0,225,3,2,2,1,35,3,2
0,6,1.0,158,4,17,0,14,88,4,7
0,1,19.0,29,6,17,1,4,75,4,10
0,1,28.0,300,0,21,1,9,101,4,18
0,9,11.0,52,6,18,0,8,118,1,9
0,7,13.0,238,0,12,0,5,64,3,25
0,1,28.0,300,0,15,1,6,91,1,18
1,11,18.0,332,1,17,0,0,0,0,0
0,7,10.0,329,5,17,0,12,56,4,4
0,7,18.0,154,6,17,1,13,21,0,0
0,8,3.0,363,3,6,0,15,51,1,27
1,11,18.0,332,1,21,1,3,30,0,0
0,3,1.0,180,6,12,3,1,35,3,7
0,7,18.0,154,6,3,1,3,115,4,0
0,8,3.0,363,3,5,2,2,3,3,27
1,11,9.0,311,3,20,0,0,31,1,12
0,10,28.0,216,5,2,3,11,117,3,18
0,5,3.0,161,2,6,2,7,111,0,27
0,8,3.0,363,3,8,2,8,27,0,27
0,8,3.0,363,3,18,0,13,29,2,27
0,8,4.0,299,0,0,0,6,14,4,30
0,8,13.0,189,2,23,0,16,113,2,25
0,8,29.0,301,5,5,1,11,90,4,16
0,8,29.0,301,5,2,0,12,84,3,16
0,4,4.0,178,2,6,0,3,79,4,30
0,4,4.0,178,2,15,2,9,87,3,30
0,4,4.0,178,2,8,0,5,6,0,30
0,4,11.0,121,2,11,0,10,22,3,9
0,4,20.0,115,5,2,0,10,22,3,29
0,4,20.0,115,5,15,1,7,20,1,29
0,4,20.0,115,5,5,1,10,47,1,29
0,4,22.0,152,3,17,1,14,25,2,26
0,4,22.0,152,3,20,1,3,79,1,26
0,4,11.0,121,2,13,1,10,12,0,9
0,2,14.0,231,1,16,2,0,0,3,5
0,2,7.0,153,1,1,0,3,30,4,11
0,2,7.0,153,1,22,1,9,134,4,11
0,2,14.0,231,1,6,0,6,7,3,5
0,2,14.0,231,1,12,0,12,134,0,5
0,2,14.0,231,1,1,0,6,73,1,5
0,2,20.0,264,0,8,2,1,16,3,29
0,0,13.0,198,2,2,2,0,26,0,25
0,0,15.0,190,5,5,0,3,115,4,1
0,0,15.0,190,5,22,0,9,95,3,1
0,0,15.0,190,5,9,0,0,26,3,1
0,0,21.0,287,4,15,0,5,6,0,21
0,0,21.0,287,4,5,1,9,101,4,21
0,0,22.0,241,5,6,0,8,118,1,26
0,0,22.0,241,5,14,0,3,30,1,26
0,0,22.0,241,5,2,0,5,12,1,26
0,0,22.0,241,5,14,0,13,29,3,26
1,1,17.0,63,2,13,0,1,35,2,6
1,1,19.0,29,5,1,0,6,73,3,10
1,8,9.0,124,5,14,2,16,65,2,12
1,2,13.0,276,3,22,0,14,34,2,25
1,2,27.0,136,3,18,1,0,68,0,15
1,0,1.0,8,4,9,1,13,38,0,7
0,9,9.0,320,4,18,0,16,74,4,12
0,9,9.0,320,4,22,0,10,22,2,12
0,0,29.0,191,5,13,0,13,48,4,16
0,0,29.0,191,5,10,1,13,21,0,16
0,1,11.0,111,5,20,1,12,83,4,9
0,1,14.0,183,0,20,3,8,33,0,5
0,1,28.0,300,0,12,0,8,41,1,18
0,1,29.0,112,1,21,1,15,114,2,16
0,8,4.0,299,0,6,0,5,12,3,30
0,8,13.0,189,2,22,0,12,84,1,25
0,8,29.0,301,5,19,0,10,47,2,16
0,4,11.0,121,2,9,0,8,27,1,9
0,2,7.0,153,1,21,1,12,135,4,11
0,2,7.0,153,1,12,0,7,57,0,11
0,2,7.0,153,1,12,1,9,83,1,11
0,0,5.0,122,1,17,0,8,118,1,24
0,0,13.0,198,2,19,0,8,9,1,25
0,0,13.0,198,2,19,0,8,9,3,25
0,0,15.0,190,5,2,0,0,26,1,1
0,0,22.0,241,5,13,2,13,99,1,26
0,0,29.0,191,5,18,0,6,14,4,16
0,0,30.0,228,6,12,0,9,87,1,19
1,11,9.0,311,3,19,0,16,50,3,12
0,10,14.0,174,5,8,1,0,68,1,5
0,5,4.0,114,4,10,2,10,22,0,30
1,11,9.0,311,3,4,1,8,33,1,12
0,10,19.0,117,2,23,0,2,86,2,10
0,5,4.0,114,4,5,0,13,29,3,30
1,11,16.0,225,3,3,2,2,86,3,2
0,10,19.0,117,2,0,1,6,7,0,10
1,11,18.0,332,1,17,1,5,64,1,0
0,10,19.0,117,2,3,1,1,59,0,10
0,5,10.0,155,2,20,0,8,41,4,4
1,11,18.0,332,1,23,0,2,92,1,0
0,10,27.0,302,4,17,0,4,79,2,15
1,11,18.0,332,1,3,0,2,86,0,0
0,10,30.0,157,3,15,1,4,138,4,19
0,5,10.0,155,2,22,1,11,18,1,4
0,10,30.0,157,3,3,1,1,105,4,19
0,5,13.0,184,6,0,2,11,8,1,25
1,11,18.0,332,1,18,1,12,80,0,0
0,5,28.0,259,3,12,0,10,52,1,18
0,6,4.0,159,3,9,0,2,3,4,30
0,6,11.0,355,3,10,0,12,135,4,9
0,6,11.0,355,3,5,0,6,14,2,9
0,6,11.0,355,3,10,1,12,84,1,9
0,6,11.0,355,3,4,0,13,38,1,9
0,6,12.0,162,0,6,2,6,132,3,28
0,6,12.0,162,0,15,2,10,47,3,28
0,6,11.0,355,3,12,0,8,65,4,9
0,6,19.0,291,0,1,0,6,89,1,10
0,6,20.0,215,1,6,2,6,7,0,29
1,2,21.0,108,0,19,1,16,39,4,21
1,2,20.0,264,3,2,1,1,81,1,29
1,2,28.0,257,0,16,0,5,12,3,18
1,2,28.0,257,0,15,1,11,18,1,18
1,2,28.0,257,0,1,0,9,57,0,18
1,0,12.0,113,0,2,0,11,124,2,28
1,0,20.0,172,1,18,0,7,111,0,29
1,0,27.0,23,1,2,0,6,7,1,15
1,0,29.0,191,4,23,1,3,103,0,16
1,0,27.0,23,1,16,3,8,27,0,15
1,0,27.0,23,1,6,0,6,89,1,15
0,11,10.0,360,1,2,0,1,11,1,4
0,11,10.0,360,1,4,0,13,28,1,4
0,11,11.0,175,2,8,2,10,23,3,9
0,11,11.0,175,2,1,0,4,75,1,9
0,11,12.0,118,4,7,0,9,134,4,28
0,11,12.0,118,4,19,0,5,64,1,28
0,11,12.0,118,4,14,0,12,17,1,28
0,11,26.0,364,4,2,0,8,33,0,3
0,11,26.0,364,4,5,1,12,56,4,3
0,9,3.0,217,5,5,0,14,25,3,27
0,9,10.0,156,5,1,0,0,77,1,4
0,3,3.0,182,0,0,0,9,101,3,27
0,3,2.0,120,3,5,0,10,22,0,22
0,3,27.0,361,4,12,0,13,99,3,15
0,3,27.0,361,4,8,1,13,99,4,15
0,3,27.0,361,4,8,0,8,41,3,15
0,5,3.0,161,2,6,0,10,23,1,27
0,5,4.0,114,4,6,0,6,116,1,30
0,5,4.0,114,4,14,0,15,112,1,30
0,5,13.0,184,6,22,0,13,48,4,25
0,5,13.0,184,6,15,1,2,13,4,25
0,5,3.0,161,2,12,0,4,82,1,27
0,5,28.0,259,3,2,1,0,0,4,18
0,6,11.0,355,3,1,0,3,30,1,9
0,6,12.0,162,0,17,0,10,47,2,28
0,6,12.0,162,0,3,1,1,35,4,28
1,11,23.0,232,3,10,0,16,37,0,17
0,10,31.0,135,0,17,2,0,77,3,20
0,10,31.0,135,0,12,0,5,6,2,20
1,11,23.0,232,3,12,0,3,79,1,17
0,1,3.0,188,4,13,0,7,137,1,27
1,11,24.0,194,0,21,2,10,22,1,14
0,1,3.0,188,4,22,0,4,75,1,27
1,11,24.0,194,0,14,0,10,52,1,14
0,1,3.0,188,4,4,0,10,47,0,27
1,9,8.0,90,1,13,1,5,6,0,8
0,1,3.0,188,4,18,0,0,26,3,27
1,9,18.0,359,5,10,2,5,6,0,0
0,1,4.0,286,5,17,1,9,54,1,30
1,9,18.0,359,5,3,0,8,27,1,0
0,1,3.0,188,4,18,2,6,7,3,27
1,9,18.0,359,5,23,1,2,86,4,0
1,7,1.0,98,1,22,0,3,44,1,7
0,1,11.0,111,5,6,0,4,75,3,9
1,7,7.0,293,0,13,0,15,51,1,11
0,9,18.0,359,6,19,0,0,53,0,0
1,7,7.0,293,0,2,0,11,15,0,11
0,9,20.0,119,0,16,1,3,30,0,29
1,7,7.0,293,0,3,0,5,6,0,11
0,9,27.0,179,0,14,0,6,7,0,15
1,7,7.0,293,0,19,0,16,37,1,11
0,7,2.0,160,4,3,0,8,9,1,22
0,7,4.0,186,6,6,1,10,47,0,30
0,7,4.0,186,6,20,1,13,38,4,30
0,7,4.0,186,6,5,0,10,22,3,30
0,9,27.0,179,0,22,2,15,114,2,15
0,7,4.0,186,6,3,1,1,105,4,30
0,7,4.0,186,6,9,0,9,93,1,30
0,7,11.0,197,6,20,1,3,79,4,9
0,7,11.0,197,6,14,1,7,111,4,9
0,7,11.0,197,6,2,0,12,80,3,9
0,7,12.0,181,3,14,1,6,73,1,28
0,7,12.0,181,3,23,1,8,118,1,28
0,7,12.0,181,3,22,1,1,81,4,28
0,7,12.0,181,3,22,1,5,64,1,28
0,7,13.0,238,0,3,0,9,102,2,25
0,7,18.0,154,6,11,1,2,123,4,0
0,7,18.0,154,6,2,1,5,12,1,0
0,3,3.0,182,0,0,0,14,106,3,27
0,3,28.0,187,5,22,0,3,30,3,18
0,3,28.0,187,5,6,0,3,76,1,18
0,3,28.0,187,5,4,1,0,85,1,18
0,3,28.0,187,5,9,2,2,69,0,18
0,5,3.0,161,2,21,0,9,101,4,27
0,5,3.0,161,2,12,1,4,4,4,27
0,5,4.0,114,4,22,0,9,109,3,30
0,5,10.0,155,2,17,0,5,6,1,4
0,5,10.0,155,2,19,0,5,6,0,4
0,5,13.0,184,6,6,1,9,27,0,25
0,5,13.0,184,6,3,0,7,111,1,25
0,6,4.0,159,3,2,0,14,25,2,30
0,6,11.0,355,3,8,1,12,121,4,9
0,6,19.0,291,0,0,2,14,25,0,10
0,6,19.0,291,0,15,0,15,51,1,10
0,6,19.0,291,0,19,0,5,6,3,10
0,6,19.0,291,0,8,2,4,82,2,10
0,6,20.0,215,1,6,0,16,50,3,29
0,6,19.0,291,0,9,2,14,25,3,10
0,6,20.0,215,1,3,0,12,61,1,29
0,6,20.0,215,1,14,0,0,53,3,29
0,6,30.0,145,5,6,0,5,6,3,19
0,10,4.0,356,1,21,1,12,56,0,30
1,7,7.0,293,0,19,2,3,30,3,11
1,11,16.0,225,3,4,2,13,29,3,2
1,11,23.0,232,3,22,0,7,62,2,17
1,11,23.0,232,3,4,0,12,104,2,17
1,11,7.0,253,5,20,0,9,93,4,11
1,9,8.0,90,1,14,0,13,69,1,8
1,9,9.0,320,2,3,1,9,87,4,12
1,9,18.0,359,5,17,0,1,59,2,0
1,9,18.0,359,5,15,0,5,6,1,0
1,9,18.0,359,5,2,3,5,6,0,0
1,9,18.0,359,5,14,0,11,15,1,0
1,9,18.0,359,5,8,0,14,24,1,0
1,9,18.0,359,5,1,0,6,7,2,0
1,9,18.0,359,5,1,1,2,13,1,0
1,9,18.0,359,5,21,1,9,95,0,0
1,9,8.0,90,1,18,0,5,12,1,8
1,9,26.0,267,6,19,0,14,25,3,3
1,9,26.0,267,6,8,1,12,84,4,3
1,7,1.0,98,1,16,0,3,30,4,7
1,7,7.0,293,0,1,0,6,7,0,11
1,7,7.0,293,0,22,1,13,69,4,11
1,7,10.0,329,4,3,0,13,38,4,4
1,7,10.0,329,4,9,2,14,131,3,4
1,7,10.0,329,4,3,1,9,83,1,4
1,7,19.0,330,6,10,0,13,99,4,10
1,7,24.0,68,4,13,0,13,28,2,14
1,7,24.0,68,4,10,1,0,53,0,14
1,11,7.0,253,5,21,1,14,110,0,11
1,11,7.0,253,5,12,0,2,2,1,11
1,11,16.0,225,3,17,1,11,15,0,2
1,11,16.0,225,3,5,0,10,12,1,2
1,11,16.0,225,3,8,1,0,26,0,2
1,11,18.0,332,1,13,1,10,22,1,0
1,11,23.0,232,3,13,0,1,35,4,17
1,11,23.0,232,3,8,2,7,120,0,17
1,11,23.0,232,3,12,0,4,121,1,17
1,11,23.0,232,3,12,0,9,93,3,17
1,11,23.0,232,3,12,0,15,51,1,17
1,11,24.0,194,0,7,0,16,50,1,14
0,9,26.0,267,3,4,0,12,17,4,3
0,3,20.0,105,4,15,1,1,59,1,29
0,5,2.0,307,1,9,1,13,48,0,22
0,2,13.0,276,0,9,1,7,137,1,25
1,11,7.0,253,5,15,0,9,27,2,11
1,11,7.0,253,5,15,0,11,117,1,11
1,11,7.0,253,5,8,0,6,89,2,11
1,11,7.0,253,5,4,0,2,40,1,11
1,11,9.0,311,3,20,0,13,99,1,12
1,11,16.0,225,3,1,0,15,46,1,2
1,11,18.0,332,1,22,1,9,87,1,0
1,9,7.0,271,0,2,0,10,47,0,11
1,9,8.0,90,1,2,0,13,36,1,8
1,9,7.0,271,0,19,2,13,38,1,11
1,9,8.0,90,1,8,2,14,34,0,8
1,9,8.0,90,1,9,2,5,6,3,8
1,9,18.0,359,5,20,1,1,16,4,0
1,9,18.0,359,5,12,2,11,15,3,0
1,9,26.0,267,6,23,0,2,2,4,3
1,9,26.0,267,6,22,1,1,105,4,3
1,9,26.0,267,6,5,1,6,7,4,3
1,7,24.0,68,4,13,0,13,48,3,14
1,7,26.0,316,6,20,0,12,84,1,3
1,7,27.0,53,3,4,0,0,15,2,15
1,7,27.0,53,3,4,0,11,15,3,15
1,3,7.0,289,4,22,0,5,6,2,11
1,3,7.0,289,4,3,0,14,24,1,11
1,3,7.0,289,4,20,1,16,50,4,11
1,3,7.0,289,4,1,0,2,92,1,11
1,3,9.0,44,6,12,1,0,64,1,12
1,3,10.0,4,3,20,1,15,114,4,4
1,3,10.0,4,3,1,1,2,13,4,4
1,3,18.0,165,0,1,2,2,2,3,0
1,3,19.0,138,1,6,0,6,7,0,10
1,3,19.0,138,1,20,0,1,35,4,10
1,3,19.0,138,1,19,2,1,105,3,10
1,3,19.0,138,1,5,1,13,36,4,10
1,3,26.0,343,1,12,0,10,6,3,3
1,3,27.0,361,2,13,0,6,7,0,15
1,3,27.0,361,2,0,0,10,12,0,15
1,3,27.0,361,2,5,0,12,61,4,15
1,3,27.0,361,2,4,0,14,97,4,15
1,7,1.0,98,1,6,2,16,130,0,7
1,7,1.0,98,1,2,2,9,95,2,7
1,7,7.0,293,0,21,1,3,79,0,11
1,7,7.0,293,0,3,0,13,48,0,11
1,7,7.0,293,0,19,0,8,27,3,11
1,7,7.0,293,0,14,0,4,75,1,11
1,7,7.0,293,0,14,1,10,22,0,11
1,7,7.0,293,0,9,1,13,38,4,11
1,7,17.0,95,4,8,0,1,11,2,6
1,7,17.0,95,4,19,0,2,40,4,6
1,7,17.0,95,4,4,2,9,54,3,6
1,7,19.0,330,6,11,0,6,7,0,10
1,7,19.0,330,6,6,1,16,50,2,10
1,7,24.0,68,4,12,0,0,53,3,14
1,7,26.0,316,6,22,0,16,113,1,3
1,7,27.0,53,3,2,0,12,17,0,15
1,7,26.0,316,6,9,1,4,75,0,3
1,7,27.0,53,3,15,1,9,83,1,15
1,3,7.0,289,4,17,1,4,136,4,11
1,3,7.0,289,4,0,0,7,54,3,11
1,3,7.0,289,4,22,1,11,90,4,11
1,3,10.0,4,3,16,2,0,0,3,4
1,3,10.0,4,3,7,0,5,12,0,4
1,3,10.0,4,3,3,0,16,50,2,4
1,3,9.0,44,6,9,0,1,1,1,12
1,3,18.0,165,0,18,0,9,102,0,0
1,7,10.0,329,4,12,0,14,32,0,4
1,7,17.0,95,4,19,0,1,11,4,6
1,7,17.0,95,4,12,1,4,66,4,6
1,7,19.0,330,6,4,0,2,69,0,10
1,7,19.0,330,6,18,2,10,22,0,10
1,7,26.0,316,6,5,0,1,35,4,3
1,7,26.0,316,6,12,0,8,41,1,3
1,7,26.0,316,6,13,1,9,87,1,3
1,7,27.0,53,3,0,0,3,30,4,15
1,9,9.0,320,2,14,0,6,7,3,12
1,3,7.0,289,4,5,0,8,33,2,11
1,3,9.0,44,6,11,0,9,10,0,12
1,3,9.0,44,6,6,1,2,2,0,12
1,3,9.0,44,6,22,2,14,131,3,12
1,3,9.0,44,6,4,0,13,38,2,12
1,3,10.0,4,3,3,2,4,127,0,4
1,3,10.0,4,3,12,0,5,0,1,4
1,3,10.0,4,3,9,0,15,39,1,4
1,3,18.0,165,0,16,1,13,99,0,0
1,3,18.0,165,0,8,0,8,41,3,0
1,3,18.0,165,0,14,0,16,113,2,0
1,3,19.0,138,1,13,0,16,113,2,10
0,2,13.0,276,0,14,0,0,85,3,25
1,11,7.0,253,5,13,0,7,20,4,11
1,11,16.0,225,3,19,0,3,79,0,2
1,4,9.0,18,3,21,0,4,75,1,12
1,2,9.0,21,2,11,0,7,62,2,12
1,0,13.0,198,1,0,0,16,50,3,25
1,4,11.0,121,1,0,0,11,15,3,9
1,4,11.0,121,1,14,1,11,129,4,9
1,4,19.0,142,2,22,0,8,118,1,10
1,6,17.0,244,5,4,0,11,117,0,6
1,6,25.0,39,6,0,0,10,23,1,13
1,6,25.0,39,6,20,0,14,24,1,13
1,6,25.0,39,6,9,0,16,74,3,13
1,6,27.0,116,0,1,2,4,4,3,15
1,6,27.0,116,0,9,0,5,6,0,15
1,10,1.0,208,5,19,1,14,25,0,7
1,10,1.0,208,5,9,0,14,24,3,7
1,10,17.0,256,3,12,2,1,11,3,6
1,10,27.0,302,2,7,1,0,12,1,15
1,1,1.0,203,0,15,0,3,44,4,7
1,1,1.0,203,0,8,0,6,89,3,7
1,1,2.0,171,1,16,0,0,77,1,22
1,1,2.0,171,1,0,0,9,102,4,22
1,1,1.0,203,0,16,0,3,79,4,7
1,1,1.0,203,0,4,0,13,29,1,7
1,1,1.0,203,0,12,1,7,78,4,7
1,1,3.0,188,2,9,0,9,93,4,27
1,1,26.0,248,5,15,0,16,50,3,3
1,1,26.0,248,5,19,0,13,21,2,3
1,0,3.0,334,6,3,2,8,9,3,27
1,0,3.0,334,6,1,0,9,87,3,27
1,0,4.0,229,3,17,1,13,28,0,30
1,0,4.0,229,3,15,0,0,64,3,30
1,0,4.0,229,3,22,1,12,80,1,30
1,0,4.0,229,3,9,0,10,47,3,30
1,0,10.0,129,6,7,1,14,24,0,4
1,0,10.0,129,6,22,0,14,107,1,4
1,0,11.0,10,3,6,0,8,19,4,9
1,0,11.0,10,3,1,2,10,23,3,9
1,2,1.0,16,1,11,0,2,86,4,7
1,2,3.0,282,4,13,1,16,130,2,27
1,2,3.0,282,4,20,0,10,22,1,27
1,2,1.0,16,1,18,1,9,27,0,7
1,2,3.0,282,4,20,1,13,28,2,27
1,2,29.0,140,1,21,0,16,108,3,16
1,2,29.0,140,1,6,1,2,69,4,16
1,2,29.0,140,1,19,0,8,41,3,16
1,2,29.0,140,1,18,0,5,12,0,16
1,4,1.0,144,6,17,3,0,31,4,7
1,0,11.0,10,3,17,1,10,22,0,9
1,0,11.0,10,3,20,1,9,87,4,9
1,0,11.0,10,3,9,2,1,59,3,9
1,0,13.0,198,1,22,0,16,50,1,25
1,1,26.0,248,5,12,1,2,40,4,3
1,8,19.0,280,0,11,2,1,67,3,10
1,8,19.0,280,0,17,1,2,40,0,10
1,8,19.0,280,0,2,0,10,22,3,10
1,8,19.0,280,0,4,0,1,59,2,10
1,8,20.0,319,1,11,0,13,13,1,29
1,8,20.0,319,1,13,2,13,38,0,29
1,8,20.0,319,1,18,2,1,11,2,29
1,8,20.0,319,1,16,0,0,12,0,29
1,8,27.0,78,1,19,0,5,12,1,15
1,8,28.0,224,2,21,1,3,79,4,18
1,8,28.0,224,2,11,0,2,40,1,18
1,8,28.0,224,2,1,2,0,96,0,18
1,8,28.0,224,2,9,0,10,22,1,18
1,4,2.0,141,3,8,0,1,35,4,22
1,4,2.0,141,3,1,2,6,73,3,22
1,4,2.0,141,3,4,2,8,27,0,22
1,4,2.0,141,3,4,0,5,6,3,22
1,9,2.0,323,2,8,1,11,58,4,22
1,7,18.0,154,5,8,1,13,13,4,0
1,0,13.0,198,1,18,0,4,5,3,25
1,0,18.0,0,3,23,1,14,34,4,0
1,0,21.0,287,2,17,0,2,92,3,21
0,3,21.0,338,5,8,0,2,2,2,21
0,5,22.0,163,0,17,0,12,61,0,26
1,0,21.0,287,2,12,1,0,68,4,21
1,0,21.0,287,2,14,0,2,13,1,21
1,0,30.0,228,5,1,0,12,104,1,19
0,11,1.0,222,3,6,0,8,9,4,7
0,11,1.0,222,3,16,0,10,47,0,7
1,2,1.0,16,1,11,0,12,121,1,7
1,2,1.0,16,1,5,0,13,21,1,7
1,2,29.0,140,1,11,0,2,2,2,16
1,2,29.0,140,1,12,0,6,91,1,16
1,0,3.0,334,6,19,0,0,53,4,27
1,0,3.0,334,6,19,1,1,67,4,27
1,0,13.0,198,1,7,2,9,87,3,25
1,0,21.0,287,2,16,0,11,124,3,21
1,1,3.0,188,2,6,0,1,59,1,27
1,4,21.0,339,5,1,2,0,64,3,21
0,11,5.0,240,4,0,0,13,48,1,24
0,7,9.0,273,4,5,0,14,24,2,12
1,2,10.0,28,4,10,0,2,123,2,4
1,0,21.0,287,2,8,0,10,47,3,21
1,2,19.0,137,6,20,0,5,64,2,10
1,8,16.0,73,5,19,2,13,29,1,2
1,0,13.0,198,1,8,0,8,9,0,25
1,0,30.0,228,5,15,0,10,22,1,19
0,11,22.0,250,3,2,2,8,27,0,26
1,4,21.0,339,5,5,1,14,106,1,21
1,2,19.0,137,6,8,0,9,87,0,10
1,1,3.0,188,2,0,1,1,35,4,27
1,1,3.0,188,2,8,0,10,30,0,27
1,4,17.0,19,0,5,0,0,26,2,6
0,11,1.0,222,3,16,0,12,17,4,7
1,4,26.0,80,2,21,0,2,2,4,3
1,2,10.0,28,4,21,1,8,33,0,4
1,2,27.0,136,3,8,0,8,9,2,15
1,8,16.0,73,5,17,0,0,64,1,2
1,6,25.0,39,6,6,2,8,41,3,13
1,1,3.0,188,2,2,0,12,56,3,27
1,2,10.0,28,4,5,0,10,47,2,4
1,8,30.0,103,5,4,0,14,32,0,19
1,8,7.0,70,2,14,0,2,92,1,11
0,11,1.0,222,3,18,0,16,74,4,7
1,3,1.0,180,5,9,0,1,105,3,7
0,9,6.0,51,0,13,0,15,51,2,23
1,2,10.0,28,4,17,0,2,92,1,4
1,8,7.0,70,2,22,1,3,44,0,11
1,8,30.0,103,5,13,0,15,119,2,19
1,2,9.0,21,2,10,1,12,100,1,12
1,0,18.0,0,3,13,1,1,35,1,0
1,6,27.0,116,0,17,0,13,29,0,15
0,11,1.0,222,3,8,1,1,81,0,7
1,1,17.0,63,2,6,0,15,112,1,6
1,8,30.0,103,5,22,0,13,29,2,19
1,8,30.0,103,5,15,0,12,61,2,19
0,7,14.0,125,1,16,0,0,12,0,5
1,8,30.0,103,5,8,1,5,6,0,19
1,4,31.0,67,0,14,0,10,22,1,20
1,4,31.0,67,0,5,0,4,45,4,20
1,2,17.0,6,4,23,0,11,133,1,6
0,7,14.0,125,1,11,3,7,137,4,5
0,3,17.0,54,0,12,3,9,27,3,6
0,5,8.0,199,0,13,1,12,56,4,8
0,5,15.0,200,0,13,1,2,13,4,1
1,0,9.0,48,5,2,1,13,13,0,12
1,0,15.0,190,4,12,0,12,100,4,1
1,0,5.0,122,0,9,0,6,132,1,24
1,0,17.0,12,6,19,3,1,1,3,6
1,0,31.0,290,6,1,1,8,118,4,20
0,11,16.0,225,0,18,1,6,14,4,2
0,11,15.0,331,3,13,0,4,4,2,1
1,0,15.0,190,4,19,0,4,82,1,1
0,5,6.0,277,6,1,1,3,30,2,23
0,5,9.0,206,1,6,0,11,90,4,12
0,5,9.0,206,1,9,0,13,29,1,12
0,5,16.0,239,1,0,0,0,12,3,2
0,5,16.0,239,1,4,0,8,118,1,2
0,5,16.0,239,1,9,0,6,89,4,2
0,5,16.0,239,1,1,0,4,82,3,2
0,5,23.0,168,1,6,0,11,133,2,17
0,5,16.0,239,1,3,0,8,118,3,2
0,7,23.0,202,4,19,0,11,133,3,17
0,7,23.0,202,4,3,0,13,28,3,17
0,7,24.0,68,5,8,0,4,138,3,14
0,3,7.0,289,5,15,2,9,93,0,11
0,3,7.0,289,5,13,1,16,74,1,11
0,3,7.0,289,5,1,2,16,50,3,11
0,3,8.0,148,6,22,3,10,12,3,8
0,3,8.0,148,6,17,2,13,38,3,8
0,3,8.0,148,6,18,1,6,7,0,8
0,5,1.0,109,0,13,0,2,86,1,7
0,5,1.0,109,0,19,1,10,52,1,7
1,1,17.0,63,2,5,0,5,6,2,6
1,1,17.0,63,2,9,0,5,6,0,6
1,1,26.0,248,5,20,0,12,80,3,3
1,1,26.0,248,5,16,1,14,34,0,3
1,1,26.0,248,5,2,2,1,16,4,3
1,1,26.0,248,5,12,0,5,12,3,3
1,11,1.0,222,6,17,0,14,32,1,7
1,1,26.0,248,5,1,2,2,40,3,3
1,6,25.0,39,6,12,0,14,25,2,13
1,8,4.0,299,3,10,0,6,7,2,30
1,8,9.0,124,5,16,0,6,128,3,12
1,8,9.0,124,5,0,1,14,107,2,12
1,8,9.0,124,5,10,1,0,85,0,12
1,8,9.0,124,5,13,0,14,25,0,12
1,8,9.0,124,5,8,2,12,56,0,12
1,8,11.0,306,3,5,0,13,21,3,9
1,8,11.0,306,3,3,0,6,7,3,9
1,8,11.0,306,3,22,2,1,105,0,9
1,8,11.0,306,3,4,0,3,115,4,9
1,8,11.0,306,3,14,0,12,104,4,9
1,4,10.0,79,0,9,0,8,9,3,4
0,5,6.0,277,6,23,1,6,128,1,23
0,5,6.0,277,6,20,0,2,13,1,23
0,5,9.0,206,1,6,0,13,29,3,12
0,5,9.0,206,1,4,0,6,89,3,12
0,5,16.0,239,1,21,2,3,103,3,2
0,5,16.0,239,1,18,1,2,123,0,2
0,5,16.0,239,1,18,0,11,117,0,2
0,5,23.0,168,1,2,0,0,12,3,17
0,6,1.0,158,4,11,0,10,22,0,7
0,6,9.0,236,5,0,0,10,22,1,12
0,6,9.0,236,5,22,0,2,2,1,12
0,6,1.0,158,4,17,0,14,25,1,7
1,0,22.0,241,4,5,1,0,96,1,26
0,11,5.0,240,4,17,1,14,24,0,24
1,8,23.0,102,5,23,3,13,123,3,17
0,9,6.0,51,0,11,2,14,97,0,23
0,9,6.0,51,0,3,0,13,13,4,23
0,9,7.0,271,1,16,0,8,41,1,11
0,9,7.0,271,1,6,0,3,76,4,11
0,7,5.0,204,3,6,0,5,12,1,24
1,4,31.0,67,0,3,3,13,29,3,20
0,9,7.0,271,1,13,1,13,38,4,11
1,0,18.0,0,3,18,0,11,18,1,0
0,11,1.0,222,3,2,1,13,99,4,7
1,6,27.0,116,0,21,1,5,6,2,15
1,2,10.0,28,4,2,2,0,53,0,4
1,2,10.0,28,4,13,1,12,17,4,4
0,9,7.0,271,1,19,0,14,24,0,11
0,11,3.0,288,1,6,2,12,56,0,27
1,7,23.0,202,2,18,0,6,89,2,17
1,0,18.0,0,3,1,1,10,22,4,0
1,6,27.0,116,0,20,1,4,4,1,15
1,10,31.0,135,3,12,3,6,7,3,20
1,2,10.0,28,4,18,0,9,63,1,4
1,2,10.0,28,4,2,0,10,22,3,4
1,10,17.0,256,3,4,0,0,85,1,6
0,9,6.0,51,0,19,0,9,101,2,23
0,11,4.0,275,2,16,0,15,39,1,30
1,0,21.0,287,2,16,0,11,94,3,21
1,2,12.0,128,6,22,0,13,99,1,28
1,1,15.0,1,0,14,1,11,90,4,1
1,7,6.0,93,3,11,0,13,99,2,23
1,2,12.0,128,6,21,0,2,86,1,28
1,10,10.0,245,3,6,2,16,74,3,4
1,7,12.0,181,6,2,1,10,22,0,28
1,7,12.0,181,6,18,2,5,12,3,28
1,7,23.0,202,2,20,1,1,59,1,17
1,5,31.0,196,1,6,0,0,64,1,20
1,5,23.0,168,0,4,3,1,67,3,17
1,10,16.0,201,6,6,3,0,53,3,2
1,5,7.0,349,6,1,1,12,84,4,11
1,5,7.0,349,6,8,1,1,67,4,11
1,1,30.0,100,1,12,1,11,117,0,19
1,1,30.0,100,1,17,1,10,22,0,19
1,8,25.0,86,3,14,1,5,64,1,13
1,10,22.0,314,5,18,1,1,16,4,26
1,8,5.0,101,0,14,1,9,102,4,24
1,10,16.0,201,6,17,1,9,101,4,2
1,1,30.0,100,1,11,0,13,13,0,19
0,7,14.0,125,1,14,1,4,75,4,5
1,1,30.0,100,1,13,1,11,90,4,19
1,8,30.0,103,5,14,3,7,57,3,19
1,0,9.0,48,5,14,0,11,94,0,12
1,0,8.0,9,4,5,0,9,54,2,8
1,0,8.0,9,4,11,0,5,12,2,8
0,7,15.0,205,2,17,0,5,12,3,1
0,7,15.0,205,2,16,0,3,30,0,1
0,7,15.0,205,2,16,0,0,68,0,1
0,7,15.0,205,2,6,2,10,47,3,1
0,7,15.0,205,2,18,0,5,6,1,1
0,7,23.0,202,4,20,1,1,16,4,17
0,7,24.0,68,5,22,1,2,123,4,14
0,3,7.0,289,5,2,0,10,22,1,11
0,3,8.0,148,6,5,0,9,95,2,8
0,3,8.0,148,6,2,1,15,114,4,8
1,0,23.0,237,5,15,3,8,9,0,17
0,3,22.0,166,6,12,2,3,76,3,26
0,3,22.0,166,6,23,0,2,86,1,26
0,5,1.0,109,0,20,0,2,13,1,7
0,5,1.0,109,0,11,1,8,9,0,7
0,5,1.0,109,0,14,0,10,47,3,7
0,5,1.0,109,0,15,1,12,121,1,7
0,5,1.0,109,0,8,2,13,13,3,7
0,5,6.0,277,6,17,2,10,6,0,23
0,5,6.0,277,6,5,0,8,41,2,23
0,5,6.0,277,6,10,1,8,33,4,23
0,9,26.0,267,3,1,0,10,47,2,3
0,9,26.0,267,3,1,0,5,6,0,3
0,9,28.0,315,1,7,1,5,12,1,18
1,0,18.0,0,3,4,2,10,22,3,0
1,0,19.0,13,0,16,0,9,87,1,10
1,0,19.0,13,0,0,0,0,26,3,10
1,0,18.0,0,3,3,0,14,25,1,0
1,0,19.0,13,0,19,1,9,49,1,10
1,0,21.0,287,2,11,0,13,13,1,21
1,0,21.0,287,2,2,0,5,6,2,21
1,0,30.0,228,5,11,0,9,109,3,19
1,0,30.0,228,5,3,0,3,44,1,19
1,0,30.0,228,5,9,0,9,95,4,19
0,11,1.0,222,3,6,1,14,34,4,7
0,11,1.0,222,3,10,0,0,26,3,7
0,11,1.0,222,3,10,0,13,48,1,7
0,11,1.0,222,3,19,1,0,68,0,7
0,11,1.0,222,3,6,3,4,136,4,7
0,3,21.0,338,5,19,0,6,89,2,21
0,5,30.0,294,1,13,1,6,7,0,19
0,11,2.0,265,0,19,2,9,109,0,22
0,11,2.0,265,0,2,1,3,76,4,22
0,11,3.0,288,1,21,0,9,87,1,27
1,10,10.0,245,3,23,0,10,47,3,4
1,10,10.0,245,3,10,0,4,5,1,4
1,11,10.0,360,0,11,0,9,54,1,4
1,10,10.0,245,3,11,1,6,7,4,4
1,10,10.0,245,3,4,0,5,12,2,4
1,10,10.0,245,3,2,0,13,99,2,4
1,10,17.0,256,3,3,2,6,89,3,6
1,10,17.0,256,3,3,0,2,2,4,6
1,10,17.0,256,3,1,2,14,107,3,6
1,1,1.0,203,0,19,0,4,75,1,7
1,1,1.0,203,0,3,1,14,110,4,7
1,1,2.0,171,1,5,0,0,77,1,22
1,1,2.0,171,1,16,0,1,16,1,22
0,7,5.0,204,3,4,0,10,22,3,24
0,11,4.0,275,2,1,0,15,114,1,30
1,11,3.0,288,0,14,0,9,49,1,27
1,2,10.0,28,4,16,1,14,25,1,4
1,2,12.0,128,6,3,0,5,6,2,28
1,6,6.0,83,0,17,3,11,117,1,23
1,2,13.0,276,3,8,1,2,2,1,25
0,7,9.0,273,4,16,1,13,36,1,12
0,11,20.0,340,5,10,0,12,56,2,29
1,4,8.0,292,6,9,0,15,46,1,8
1,0,3.0,334,6,8,0,2,2,0,27
1,0,30.0,228,5,16,0,2,86,4,19
1,2,13.0,276,3,9,0,10,47,2,25
1,2,12.0,128,6,22,0,4,82,1,28
0,7,9.0,273,4,22,2,6,7,0,12
0,11,20.0,340,5,8,2,6,89,3,29
1,4,8.0,292,6,14,1,11,133,4,8
1,0,30.0,228,5,4,0,2,40,1,19
1,2,13.0,276,3,4,0,0,53,3,25
0,7,9.0,273,4,9,2,6,128,4,12
0,7,8.0,94,2,1,0,15,46,0,8
0,11,20.0,340,5,20,1,8,27,1,29
0,7,8.0,94,2,1,1,15,31,0,8
0,11,1.0,222,3,5,0,0,77,1,7
1,2,19.0,137,6,15,0,6,89,2,10
0,7,9.0,273,4,2,2,8,9,1,12
0,9,4.0,295,6,1,2,13,21,0,30
1,8,12.0,284,0,4,0,13,21,1,28
1,2,19.0,137,6,10,0,14,24,4,10
1,11,6.0,252,4,2,1,2,123,0,23
0,7,15.0,205,2,17,0,10,52,2,1
1,2,19.0,137,6,12,2,9,49,3,10
0,11,2.0,265,0,4,0,12,84,1,22
1,8,28.0,224,2,17,0,13,29,4,18
1,8,17.0,74,6,16,1,7,20,0,6
1,0,22.0,241,4,5,0,13,29,0,26
1,7,3.0,269,4,3,0,8,9,2,27
0,7,15.0,205,2,7,0,2,92,1,1
0,7,23.0,202,4,13,0,11,90,3,17
0,7,23.0,202,4,19,0,16,72,1,17
1,0,11.0,10,3,19,1,9,93,4,9
1,0,13.0,198,1,5,0,1,35,4,25
1,0,13.0,198,1,22,0,3,103,1,25
1,0,18.0,0,3,19,1,9,93,4,0
1,0,18.0,0,3,13,1,1,35,1,0
1,0,18.0,0,3,15,1,0,96,0,0
1,0,19.0,13,0,10,1,0,68,1,10
1,0,30.0,228,5,11,0,7,20,3,19
0,11,1.0,222,3,17,0,0,12,3,7
0,11,1.0,222,3,6,0,0,85,3,7
0,11,1.0,222,3,6,2,16,113,3,7
0,11,1.0,222,3,16,0,0,12,3,7
0,11,1.0,222,3,17,0,0,53,4,7
0,11,1.0,222,3,16,0,13,28,1,7
0,11,1.0,222,3,6,3,9,27,3,7
0,11,1.0,222,3,16,0,2,2,4,7
0,11,2.0,265,0,19,3,12,17,4,22
0,11,3.0,288,1,22,0,15,39,3,27
0,11,20.0,340,5,16,2,15,96,3,29
0,11,20.0,340,5,15,0,16,50,1,29
0,11,20.0,340,5,3,0,0,15,1,29
1,0,13.0,198,1,7,0,4,75,1,25
0,9,2.0,323,4,15,0,14,32,3,22
1,8,9.0,124,5,5,0,13,29,1,12
1,4,21.0,339,5,2,0,8,41,1,21
1,4,26.0,80,2,4,0,1,16,2,3
1,2,9.0,21,2,21,0,5,64,3,12
1,2,9.0,21,2,5,1,11,122,4,12
1,2,9.0,21,2,1,2,1,100,3,12
1,2,10.0,28,4,5,1,2,40,1,4
1,2,12.0,128,6,11,0,13,21,1,28
1,8,4.0,299,3,8,0,6,91,3,30
1,8,4.0,299,3,14,0,2,86,2,30
1,8,4.0,299,3,14,0,10,22,2,30
1,8,9.0,124,5,11,0,6,91,4,12
1,8,11.0,306,3,2,0,9,57,0,9
1,8,9.0,124,5,17,2,11,18,1,12
1,8,19.0,280,0,16,1,0,15,0,10
1,8,19.0,280,0,18,0,7,137,3,10
1,8,27.0,78,1,17,0,13,99,4,15
1,8,27.0,78,1,23,0,13,29,2,15
1,8,27.0,78,1,1,0,2,86,1,15
0,7,24.0,68,5,23,0,15,114,2,14
0,3,7.0,289,5,8,0,11,94,2,11
0,11,5.0,240,4,20,1,13,38,1,24
0,11,22.0,250,3,21,0,10,6,3,26
0,11,22.0,250,3,10,0,9,9,1,26
1,1,7.0,32,3,17,1,14,32,0,11
0,11,22.0,250,3,14,0,2,86,4,26
0,11,22.0,250,3,12,0,1,67,2,26
0,11,22.0,250,3,14,2,2,13,3,26
0,11,22.0,250,3,20,1,13,38,4,26
0,9,6.0,51,0,16,0,5,0,1,23
0,9,6.0,51,0,10,0,4,75,1,23
0,9,6.0,51,0,13,0,2,2,4,23
0,9,6.0,51,0,19,0,9,49,1,23
0,9,7.0,271,1,21,0,10,22,1,11
0,9,7.0,271,1,19,1,15,46,1,11
0,7,5.0,204,3,11,0,10,52,2,24
0,7,5.0,204,3,13,1,13,13,1,24
0,7,9.0,273,4,0,1,9,101,0,12
0,7,9.0,273,4,11,0,16,74,1,12
0,7,9.0,273,4,22,2,16,37,3,12
1,0,13.0,198,1,1,0,7,120,2,25
1,0,18.0,0,3,17,2,10,12,3,0
1,0,18.0,0,3,0,1,3,103,4,0
1,0,18.0,0,3,9,1,1,105,2,0
1,0,19.0,13,0,8,1,9,49,1,10
1,0,19.0,13,0,8,0,7,120,3,10
1,0,19.0,13,0,1,2,13,28,0,10
1,8,28.0,224,2,13,0,9,49,3,18
0,11,5.0,240,4,0,0,0,15,1,24
1,3,28.0,187,4,14,0,12,80,1,18
1,2,27.0,136,3,12,2,8,118,3,15
1,8,17.0,74,6,19,0,16,130,3,6
1,4,2.0,141,3,5,1,0,68,0,22
0,11,3.0,288,1,16,0,6,89,4,27
0,11,5.0,240,4,11,0,10,47,1,24
0,11,3.0,288,1,13,0,0,68,1,27
1,10,24.0,261,3,22,2,6,14,3,14
1,8,18.0,75,3,17,0,13,21,1,0
1,4,2.0,141,3,22,2,1,67,0,22
0,11,5.0,240,4,12,2,1,35,3,24
1,3,4.0,285,0,17,0,2,13,4,30
1,2,1.0,16,1,2,1,16,130,1,7
1,8,18.0,75,3,13,0,0,85,2,0
1,1,6.0,97,6,20,0,9,95,3,23
0,7,5.0,204,3,9,0,1,11,1,24
1,6,4.0,159,6,4,0,13,69,0,30
1,2,3.0,282,4,16,1,8,33,0,27
1,8,26.0,278,0,9,0,13,29,1,3
1,1,8.0,62,0,15,0,7,78,4,8
1,8,29.0,301,4,9,0,15,37,0,16
1,6,6.0,83,0,9,0,3,30,4,23
1,4,2.0,141,3,20,1,14,88,1,22
1,2,3.0,282,4,3,1,14,126,4,27
1,1,8.0,62,0,22,1,9,10,4,8
0,7,15.0,205,2,17,1,16,113,2,1
1,4,1.0,144,6,12,0,9,83,1,7
1,6,4.0,159,6,9,1,4,82,1,30
1,4,4.0,178,1,15,0,10,47,3,30
1,2,3.0,282,4,13,1,16,42,4,27
1,1,21.0,45,3,13,0,2,86,2,21
0,7,15.0,205,2,15,0,3,76,2,1
1,10,12.0,333,1,22,1,14,126,2,28
1,4,4.0,178,1,8,1,1,1,4,30
1,4,3.0,279,0,4,0,5,6,3,27
1,2,3.0,282,4,22,1,13,48,4,27
1,1,21.0,45,3,12,0,1,81,1,21
0,7,23.0,202,4,13,0,8,9,2,17
1,6,13.0,317,0,14,3,2,86,4,25
1,4,9.0,18,3,13,0,13,38,1,12
1,4,3.0,279,0,4,0,10,47,2,27
1,2,3.0,282,4,19,0,12,17,2,27
1,8,28.0,224,2,17,0,3,76,1,18
1,1,21.0,45,3,14,2,1,81,4,21
0,7,24.0,68,5,22,2,2,13,3,14
1,4,17.0,19,0,22,1,14,25,2,6
1,2,3.0,282,4,3,1,13,99,4,27
1,1,21.0,45,3,14,1,11,122,4,21
0,7,24.0,68,5,8,0,12,80,0,14
1,4,17.0,19,0,2,0,6,128,0,6
0,7,9.0,273,4,23,0,1,35,3,12
1,2,3.0,282,4,14,2,8,9,0,27
1,1,24.0,64,2,17,0,4,45,2,14
0,7,9.0,273,4,20,1,12,121,4,12
1,10,26.0,61,1,4,1,8,118,4,3
1,4,11.0,121,1,16,0,10,47,3,9
1,2,3.0,282,4,1,0,9,93,4,27
0,3,7.0,289,5,17,1,5,6,0,11
0,7,15.0,205,2,13,0,12,17,1,1
1,4,11.0,121,1,22,0,5,6,0,9
0,3,7.0,289,5,13,1,16,74,1,11
0,7,15.0,205,2,19,0,11,94,2,1
1,10,25.0,56,0,22,1,11,55,4,13
1,4,11.0,121,1,3,2,0,64,1,9
0,3,7.0,289,5,13,0,13,28,2,11
1,8,18.0,75,3,8,0,2,86,2,0
1,1,24.0,64,2,17,0,9,57,2,14
0,7,15.0,205,2,18,2,13,38,3,1
1,1,25.0,65,4,15,0,13,69,4,13
1,4,11.0,121,1,1,0,5,12,0,9
0,3,8.0,148,6,3,1,13,36,1,8
1,4,1.0,144,6,19,1,12,83,0,7
1,1,24.0,64,2,6,0,10,47,3,14
1,1,24.0,64,2,2,0,12,61,1,14
1,1,29.0,112,0,7,1,16,37,1,16
1,1,31.0,305,2,21,1,13,29,4,20
1,8,6.0,87,1,2,2,10,22,3,23
1,8,8.0,76,4,14,2,8,9,3,8
1,8,8.0,76,4,1,0,8,33,1,8
1,8,6.0,87,1,17,1,8,41,2,23
1,2,27.0,136,3,15,2,1,67,2,15
1,0,1.0,8,4,5,1,9,63,1,7
1,0,28.0,249,2,2,2,0,26,3,18
0,3,4.0,285,1,13,0,13,29,1,30
1,2,9.0,21,2,4,0,12,84,1,12
1,2,12.0,128,6,2,0,0,85,3,28
1,2,12.0,128,6,23,1,9,109,4,28
1,2,13.0,276,3,2,0,11,15,2,25
1,2,13.0,276,3,9,0,3,44,4,25
1,2,19.0,137,6,3,1,11,124,4,10
1,2,19.0,137,6,18,0,14,25,1,10
1,2,27.0,136,3,16,0,3,44,1,15
1,2,27.0,136,3,21,1,8,27,1,15
1,2,27.0,136,3,13,0,2,71,4,15
1,0,28.0,249,2,6,0,11,18,4,18
1,0,28.0,249,2,3,0,14,25,3,18
1,0,28.0,249,2,19,2,0,12,3,18
0,3,10.0,4,0,5,0,8,41,2,4
0,3,1.0,180,6,14,0,4,5,1,7
0,11,29.0,270,3,13,0,12,121,1,16
1,8,15.0,72,4,6,1,13,28,0,1
1,8,15.0,72,4,2,0,4,75,1,1
1,8,15.0,72,4,10,0,15,85,3,1
1,8,15.0,72,4,12,0,8,41,1,1
1,1,24.0,64,2,17,1,11,94,1,14
1,8,23.0,102,5,15,0,16,50,1,17
1,4,5.0,235,2,10,2,0,64,3,24
1,4,6.0,176,4,22,1,2,2,4,23
1,4,6.0,176,4,20,0,9,134,3,23
1,2,5.0,127,6,4,0,5,6,3,24
1,2,5.0,127,6,9,0,10,22,1,24
1,2,14.0,231,0,1,0,3,44,1,5
1,2,22.0,209,1,6,0,14,110,4,26
1,1,24.0,64,2,13,1,12,83,4,14
1,2,22.0,209,1,8,0,4,75,1,26
1,2,22.0,209,1,14,0,13,48,3,26
1,2,25.0,233,5,3,1,1,81,4,13
1,2,30.0,131,2,6,0,10,47,0,19
1,2,25.0,233,5,22,0,11,133,3,13
1,0,22.0,241,4,7,1,10,47,0,26
1,0,22.0,241,4,15,0,14,24,2,26
1,0,22.0,241,4,19,0,10,22,0,26
1,0,22.0,241,4,4,0,0,77,1,26
1,0,22.0,241,4,2,1,11,15,4,26
0,11,18.0,332,2,15,1,4,127,4,0
0,11,18.0,332,2,6,1,8,19,0,0
1,11,1.0,222,6,17,0,15,46,4,7
0,11,27.0,322,5,18,0,2,86,1,15
0,11,28.0,123,6,15,0,9,27,3,18
0,11,28.0,123,6,22,0,13,69,2,18
1,4,21.0,339,5,4,0,16,74,1,21
1,4,19.0,142,2,17,0,5,12,1,10
1,2,5.0,127,6,13,0,8,9,2,24
1,4,3.0,279,0,18,1,2,40,4,27
1,0,19.0,13,0,22,0,2,2,4,10
0,3,7.0,289,5,10,1,2,92,1,11
0,7,3.0,269,5,22,2,7,57,1,27
0,3,8.0,148,6,18,0,16,50,2,8
1,2,29.0,140,1,16,0,3,44,3,16
1,8,18.0,75,3,3,1,3,44,4,0
1,4,19.0,142,2,6,2,11,94,3,10
0,3,16.0,263,3,11,0,10,22,2,2
1,0,3.0,334,6,17,0,14,24,1,27
0,3,7.0,289,5,23,0,8,41,1,11
1,0,19.0,13,0,22,0,13,29,1,10
1,4,19.0,142,2,6,0,10,52,1,10
0,5,1.0,109,0,23,0,10,47,1,7
1,0,3.0,334,6,3,0,7,137,2,27
0,3,16.0,263,3,11,0,0,64,3,2
1,2,1.0,16,1,5,1,13,28,1,7
1,4,19.0,142,2,21,0,4,4,3,10
0,5,1.0,109,0,8,2,16,37,3,7
1,0,3.0,334,6,2,0,9,57,4,27
0,3,22.0,166,6,6,0,15,51,4,26
0,3,22.0,166,6,13,0,8,27,2,26
0,3,22.0,166,6,8,3,3,4,0,26
0,5,1.0,109,0,5,0,6,89,2,7
0,5,1.0,109,0,15,0,6,91,2,7
0,5,9.0,206,1,7,0,2,3,4,12
0,5,9.0,206,1,2,0,5,64,3,12
1,0,22.0,241,4,8,1,3,30,4,26
1,2,25.0,233,5,17,1,13,38,0,13
1,2,30.0,131,2,7,1,14,32,4,19
1,2,30.0,131,2,3,0,8,33,2,19
1,2,30.0,131,2,18,0,0,77,0,19
1,0,22.0,241,4,2,0,13,99,1,26
1,0,22.0,241,4,3,0,8,9,2,26
1,4,10.0,79,0,19,3,10,43,4,4
1,4,11.0,121,1,19,0,8,41,3,9
1,4,21.0,339,5,6,0,0,53,1,21
1,2,9.0,21,2,20,0,12,61,0,12
1,2,9.0,21,2,13,0,11,58,2,12
1,2,9.0,21,2,21,0,8,27,3,12
1,2,9.0,21,2,9,0,15,85,3,12
0,7,1.0,98,2,17,0,2,2,1,7
0,6,13.0,317,1,8,0,4,138,1,25
1,1,1.0,203,0,17,0,6,91,2,7
1,2,12.0,128,6,17,0,10,47,3,28
1,2,12.0,128,6,6,0,0,68,0,28
1,2,12.0,128,6,13,2,8,41,2,28
1,2,13.0,276,3,13,1,12,61,1,25
1,2,19.0,137,6,15,0,16,42,2,10
1,0,1.0,8,4,1,0,13,99,1,7
1,0,1.0,8,4,13,0,3,30,0,7
1,0,28.0,249,2,16,0,2,86,3,18
0,11,18.0,332,2,16,0,0,85,0,0
0,11,18.0,332,2,0,1,16,130,0,0
1,0,22.0,241,4,18,1,9,54,4,26
1,0,23.0,237,5,5,0,13,48,2,17
1,0,22.0,241,4,19,1,7,54,4,26
1,0,23.0,237,5,4,0,1,11,1,17
1,4,6.0,176,4,5,3,16,37,1,23
1,4,24.0,27,0,22,1,2,2,1,14
1,8,23.0,102,5,12,3,0,26,3,17
1,4,5.0,235,2,9,0,13,28,4,24
1,0,23.0,237,5,9,0,9,87,0,17
1,8,8.0,76,4,12,1,9,83,0,8
0,11,5.0,240,4,14,0,13,29,0,24
0,11,5.0,240,4,11,1,11,18,4,24
0,11,22.0,250,3,16,0,10,23,1,26
0,11,22.0,250,3,19,0,14,125,2,26
0,9,6.0,51,0,0,0,2,69,3,23
0,9,6.0,51,0,3,0,4,82,2,23
0,9,6.0,51,0,22,0,1,11,4,23
0,9,6.0,51,0,2,0,3,76,0,23
0,9,24.0,272,5,8,0,12,61,3,14
0,7,5.0,204,3,5,0,13,21,4,24
1,10,23.0,247,6,22,0,13,38,2,17
1,10,24.0,261,3,4,0,1,67,4,14
0,11,18.0,332,2,1,0,4,82,1,0
1,4,21.0,339,5,17,0,3,79,2,21
1,4,21.0,339,5,20,1,12,61,1,21
1,4,21.0,339,5,23,1,9,93,4,21
1,4,21.0,339,5,9,0,3,103,1,21
1,4,26.0,80,2,7,2,7,120,3,3
1,0,10.0,129,6,15,0,0,12,2,4
1,4,19.0,142,2,20,0,15,39,1,10
1,0,10.0,129,6,12,2,6,132,3,4
0,7,9.0,273,4,18,2,2,2,3,12
1,0,10.0,129,6,3,0,2,86,2,4
0,5,1.0,109,0,12,0,2,2,1,7
1,4,17.0,19,0,2,2,14,25,0,6
0,7,9.0,273,4,9,2,14,34,0,12
0,5,1.0,109,0,13,1,12,100,4,7
1,4,27.0,274,4,13,0,11,122,1,15
0,7,15.0,205,2,7,1,2,2,0,1
1,0,4.0,229,3,6,0,14,107,1,30
0,5,1.0,109,0,8,0,8,41,1,7
1,1,2.0,171,1,1,2,16,74,2,22
0,7,23.0,202,4,5,0,6,14,4,17
1,0,13.0,198,1,15,1,9,49,1,25
1,1,3.0,188,2,9,0,0,26,1,27
0,7,23.0,202,4,2,0,14,32,0,17
1,0,18.0,0,3,16,0,0,12,0,0
0,11,3.0,288,1,7,0,3,30,1,27
1,1,17.0,63,2,10,1,0,64,0,6
1,1,19.0,29,5,3,0,0,31,4,10
1,1,19.0,29,5,14,0,9,9,1,10
1,1,26.0,248,5,0,1,10,22,0,3
1,8,19.0,280,0,8,0,2,13,0,10
1,1,26.0,248,5,22,0,16,50,1,3
1,8,9.0,124,5,0,0,8,27,4,12
1,8,9.0,124,5,17,1,4,66,0,12
1,8,9.0,124,5,21,1,1,67,2,12
1,8,9.0,124,5,13,0,13,29,1,12
1,8,9.0,124,5,14,0,3,44,3,12
1,8,9.0,124,5,3,1,3,79,1,12
1,8,9.0,124,5,3,0,11,94,3,12
1,8,11.0,306,3,14,0,14,25,3,9
1,8,11.0,306,3,19,0,14,32,3,9
1,8,4.0,299,3,18,0,16,130,3,30
1,8,11.0,306,3,4,0,1,67,0,9
1,8,11.0,306,3,22,1,9,95,4,9
1,4,27.0,274,4,13,1,1,59,1,15
1,4,27.0,274,4,19,0,14,107,1,15
1,4,29.0,313,6,8,2,10,22,2,16
1,4,29.0,313,6,19,0,14,106,0,16
1,2,1.0,16,1,17,0,12,100,1,7
1,2,1.0,16,1,0,0,12,83,4,7
1,2,1.0,16,1,0,0,12,84,1,7
1,4,27.0,274,4,2,0,14,32,0,15
1,2,1.0,16,1,10,0,8,27,1,7
1,2,1.0,16,1,17,0,1,35,3,7
1,2,3.0,282,4,10,0,16,113,4,27
1,2,3.0,282,4,19,2,7,20,2,27
1,2,3.0,282,4,12,2,2,86,0,27
1,2,29.0,140,1,23,0,0,77,1,16
1,2,29.0,140,1,1,0,13,29,2,16
1,0,3.0,334,6,17,2,5,6,3,27
1,0,3.0,334,6,8,0,2,40,1,27
1,0,3.0,334,6,4,0,8,41,4,27
1,4,17.0,19,0,2,1,6,7,2,6
1,4,3.0,279,0,13,0,11,15,0,27
0,3,21.0,338,5,14,1,11,94,0,21
0,3,20.0,105,4,2,3,8,33,3,29
1,8,11.0,306,3,14,1,0,12,1,9
1,8,19.0,280,0,10,0,16,37,1,10
1,8,19.0,280,0,13,0,13,48,0,10
1,8,19.0,280,0,20,0,13,69,4,10
1,8,19.0,280,0,8,0,4,66,0,10
1,8,19.0,280,0,9,0,8,9,1,10
1,8,19.0,280,0,4,1,11,94,1,10
1,8,27.0,78,1,17,0,1,35,0,15
1,8,27.0,78,1,18,1,4,66,4,15
1,8,28.0,224,2,2,0,11,15,3,18
1,4,4.0,178,1,0,0,2,2,2,30
1,4,4.0,178,1,16,0,8,9,4,30
1,4,9.0,18,3,5,2,14,34,3,12
1,4,9.0,18,3,15,2,8,9,0,12
1,4,9.0,18,3,8,0,8,9,2,12
1,4,9.0,18,3,19,0,2,2,4,12
1,0,18.0,0,3,3,0,10,47,3,0
0,9,24.0,272,5,8,2,6,89,3,14
1,8,15.0,72,4,9,1,2,60,1,1
0,7,5.0,204,3,3,1,1,81,4,24
0,7,5.0,204,3,13,2,6,89,3,24
0,7,5.0,204,3,19,0,8,19,3,24
0,7,9.0,273,4,22,0,8,33,1,12
0,7,9.0,273,4,23,1,12,61,4,12
0,7,9.0,273,4,2,0,7,54,3,12
0,9,26.0,267,3,5,0,10,23,1,3
0,11,1.0,222,3,5,0,12,61,1,7
0,11,1.0,222,3,13,1,2,86,4,7
0,11,3.0,288,1,7,0,5,6,1,27
0,11,1.0,222,3,1,1,13,28,4,7
0,11,1.0,222,3,18,0,16,72,3,7
0,11,2.0,265,0,11,1,0,15,1,22
0,11,2.0,265,0,4,0,2,2,1,22
0,11,3.0,288,1,10,0,1,11,4,27
0,11,3.0,288,1,14,2,13,38,0,27
0,11,4.0,275,2,17,0,1,59,4,30
0,11,4.0,275,2,7,2,10,22,0,30
0,11,4.0,275,2,5,0,1,59,1,30
0,11,4.0,275,2,1,0,0,12,3,30
0,11,2.0,265,0,22,0,10,22,0,22
0,11,20.0,340,5,3,1,2,2,4,29
0,11,20.0,340,5,4,2,1,67,3,29
0,11,20.0,340,5,4,0,4,82,1,29
0,9,1.0,126,2,2,3,5,6,0,7
0,9,4.0,295,6,2,0,6,128,0,30
0,9,26.0,267,3,7,1,11,129,0,3
1,4,19.0,142,2,14,2,6,73,3,10
1,4,21.0,339,5,17,0,9,93,1,21
1,4,21.0,339,5,12,0,1,35,4,21
1,4,26.0,80,2,2,1,2,86,4,3
1,2,9.0,21,2,17,1,6,91,4,12
1,2,9.0,21,2,22,0,13,29,1,12
1,2,10.0,28,4,6,1,14,25,0,4
1,2,10.0,28,4,21,1,8,19,0,4
1,2,10.0,28,4,12,0,13,48,2,4
1,4,11.0,121,1,17,0,8,118,4,9
1,2,12.0,128,6,1,0,13,48,0,28
1,2,19.0,137,6,21,0,11,133,4,10
1,0,3.0,334,6,17,0,1,1,3,27
0,11,3.0,288,1,8,0,5,6,0,27
1,0,4.0,229,3,2,2,2,69,0,30
0,11,3.0,288,1,1,2,9,93,1,27
0,11,4.0,275,2,13,1,10,12,1,30
1,0,10.0,129,6,10,1,15,46,0,4
0,11,20.0,340,5,10,0,7,20,4,29
1,0,11.0,10,3,23,0,7,137,1,9
1,4,17.0,19,0,15,0,14,32,0,6
1,6,12.0,162,3,1,0,6,7,1,28
1,4,17.0,19,0,19,0,8,41,1,6
1,4,17.0,19,0,18,2,15,119,3,6
1,8,26.0,278,0,14,0,11,133,2,3
1,4,29.0,313,6,15,0,5,6,0,16
1,1,28.0,300,3,4,1,13,21,0,18
1,1,25.0,65,4,19,0,8,33,1,13
1,4,1.0,144,6,17,0,10,12,1,7
1,4,1.0,144,6,13,0,12,84,2,7
1,4,3.0,279,0,8,1,9,27,0,27
0,3,30.0,304,3,18,0,9,87,3,19
1,4,29.0,313,6,1,0,10,47,3,16
0,9,25.0,344,6,1,0,5,12,1,13
0,5,31.0,196,2,2,1,9,93,4,20
1,11,22.0,250,6,12,1,2,71,0,26
1,9,14.0,106,0,4,1,11,18,0,5
1,5,20.0,214,5,3,0,14,34,1,29
1,1,30.0,100,1,9,0,15,39,4,19
1,8,25.0,86,3,13,3,4,75,4,13
1,1,30.0,100,1,9,1,7,8,4,19
1,1,14.0,183,3,11,1,2,3,4,5
1,2,24.0,22,4,1,1,10,23,1,14
0,5,9.0,206,1,17,2,8,27,2,12
0,5,9.0,206,1,6,0,11,94,1,12
0,5,16.0,239,1,0,0,5,6,3,2
0,5,16.0,239,1,22,2,10,47,3,2
0,5,16.0,239,1,12,2,10,47,0,2
0,5,16.0,239,1,4,0,8,19,3,2
0,3,7.0,289,5,19,0,8,27,2,11
0,3,7.0,289,5,14,0,6,89,1,11
0,3,8.0,148,6,12,0,2,86,1,8
0,3,8.0,148,6,10,1,3,103,4,8
0,3,7.0,289,5,20,0,13,36,2,11
0,3,8.0,148,6,9,0,15,112,3,8
0,3,16.0,263,3,4,0,12,61,1,2
0,3,16.0,263,3,11,1,12,17,4,2
0,3,22.0,166,6,11,1,6,7,1,26
0,3,8.0,148,6,19,0,9,27,3,8
0,5,1.0,109,0,3,2,10,22,3,7
0,5,1.0,109,0,9,1,13,38,4,7
0,5,6.0,277,6,8,0,10,22,2,23
1,6,21.0,193,1,17,0,0,77,1,21
1,5,30.0,294,0,19,0,4,66,2,19
1,10,7.0,243,4,3,0,3,70,3,11
1,10,13.0,346,2,0,0,14,126,1,25
1,10,13.0,346,2,20,0,6,89,1,25
1,10,13.0,346,2,15,0,10,22,0,25
1,1,22.0,164,0,12,1,13,38,2,26
1,7,15.0,205,1,12,1,11,129,4,1
1,10,13.0,346,2,4,2,4,82,3,25
1,10,23.0,247,6,21,1,3,103,4,17
1,10,23.0,247,6,11,0,11,98,3,17
1,10,23.0,247,6,5,0,1,67,0,17
1,10,23.0,247,6,12,0,6,7,2,17
1,10,24.0,261,3,0,0,6,7,3,14
1,10,23.0,247,6,8,1,13,69,4,17
1,4,4.0,178,1,17,0,8,27,1,30
1,4,9.0,18,3,8,2,16,37,3,12
1,4,9.0,18,3,15,1,12,61,1,12
1,4,9.0,18,3,13,1,12,61,1,12
1,4,10.0,79,0,3,0,16,50,3,4
1,4,10.0,79,0,14,0,0,64,3,4
1,8,20.0,319,1,7,2,16,50,3,29
1,8,20.0,319,1,23,2,10,6,3,29
1,8,19.0,280,0,18,1,8,27,4,10
1,8,27.0,78,1,19,0,2,69,3,15
1,8,27.0,78,1,9,0,14,107,1,15
1,8,28.0,224,2,4,0,2,92,3,18
1,8,28.0,224,2,18,0,14,24,3,18
1,4,4.0,178,1,15,0,12,104,4,30
1,4,9.0,18,3,22,1,9,54,4,12
1,4,10.0,79,0,18,0,0,12,3,4
1,4,19.0,142,2,0,2,5,6,3,10
1,4,19.0,142,2,15,2,10,47,3,10
1,4,19.0,142,2,22,0,13,13,2,10
1,4,19.0,142,2,4,1,4,45,0,10
1,4,21.0,339,5,20,0,14,32,1,21
1,8,28.0,224,2,11,1,14,107,4,18
1,0,23.0,237,5,4,0,11,15,0,17
0,11,5.0,240,4,20,0,1,35,4,24
0,11,5.0,240,4,13,0,7,120,1,24
1,6,6.0,83,0,18,1,12,100,1,23
1,5,15.0,200,3,2,0,12,83,0,1
1,1,5.0,219,5,22,1,12,17,2,24
1,1,5.0,219,5,17,1,13,38,0,24
1,4,23.0,30,3,6,1,6,7,2,17
1,2,8.0,258,1,13,1,9,134,4,8
0,11,31.0,227,1,2,1,2,86,0,20
0,6,8.0,59,4,18,0,2,86,1,8
0,11,8.0,283,3,15,0,0,26,1,8
0,3,9.0,44,3,12,1,1,105,0,12
0,5,26.0,37,5,3,0,9,57,3,3
0,1,18.0,82,5,1,0,2,13,1,0
1,2,20.0,264,3,14,0,14,97,1,29
0,1,17.0,63,4,7,0,3,79,2,6
1,0,29.0,191,4,1,0,14,24,1,16
0,8,27.0,78,2,9,0,6,132,3,15
1,7,3.0,269,4,14,1,1,35,0,27
1,0,20.0,172,1,17,0,3,115,1,29
0,10,28.0,216,5,14,0,15,51,3,18
0,1,24.0,64,4,2,0,15,108,1,14
0,9,3.0,217,5,8,1,10,52,4,27
0,8,28.0,224,4,8,0,16,50,3,18
0,4,18.0,26,2,4,2,5,6,3,0
0,10,29.0,318,6,3,0,12,83,3,16
0,6,24.0,31,6,1,1,16,50,4,14
0,6,29.0,335,4,18,0,8,118,3,16
0,6,13.0,317,1,14,0,7,137,1,25
0,3,5.0,324,2,9,0,5,12,0,24
0,4,23.0,30,0,12,0,12,56,0,17
0,9,27.0,179,0,4,1,14,106,0,15
0,8,28.0,224,4,4,0,4,4,1,18
0,3,19.0,138,2,9,0,2,92,3,10
0,4,24.0,27,1,14,3,4,82,1,14
0,5,29.0,24,0,2,2,13,28,3,16
0,8,17.0,74,3,3,1,7,137,1,6
0,8,17.0,74,3,3,1,16,72,1,6
0,8,18.0,75,0,12,2,0,26,0,0
0,8,17.0,74,3,17,3,14,25,0,6
0,9,1.0,126,2,17,2,2,86,3,7
0,9,1.0,126,2,16,0,0,68,0,7
0,9,1.0,126,2,5,0,2,40,3,7
0,9,4.0,295,6,6,1,2,2,0,30
0,9,4.0,295,6,14,2,13,29,0,30
0,9,26.0,267,3,17,0,2,40,1,3
0,9,28.0,315,1,18,2,15,37,3,18
0,7,20.0,266,0,22,2,2,13,3,29
0,3,11.0,337,1,16,0,0,12,3,9
0,3,12.0,104,2,5,0,2,35,4,28
1,4,1.0,144,6,11,0,8,41,2,7
0,3,18.0,165,1,18,2,3,115,3,0
0,3,30.0,304,3,9,2,6,7,0,19
0,1,22.0,164,1,18,0,13,48,4,26
0,8,5.0,101,1,17,3,12,100,3,24
0,8,14.0,296,4,14,1,16,72,4,5
0,8,12.0,284,1,4,2,16,50,0,28
0,8,23.0,102,6,14,0,2,2,4,17
0,8,23.0,102,6,12,0,9,87,4,17
0,6,13.0,317,1,16,0,3,44,0,25
0,6,13.0,317,1,22,2,10,22,3,25
0,6,14.0,173,2,17,0,0,12,2,5
0,6,14.0,173,2,0,0,9,101,1,5
0,6,14.0,173,2,0,0,0,26,0,5
0,6,14.0,173,2,3,0,10,23,1,5
0,6,29.0,335,4,22,0,0,53,3,16
0,10,5.0,336,2,6,0,10,52,1,24
0,10,5.0,336,2,19,0,3,30,2,24
0,10,5.0,336,2,9,0,9,87,1,24
0,10,11.0,298,1,17,0,5,12,3,9
0,10,11.0,298,1,0,0,9,93,1,9
0,10,11.0,298,1,2,0,8,19,0,9
0,10,11.0,298,1,1,0,6,128,3,9
0,10,12.0,333,2,6,1,6,7,4,28
0,10,12.0,333,2,14,0,0,26,3,28
0,10,21.0,341,5,22,0,13,48,0,21
0,10,22.0,314,6,2,1,12,84,1,26
0,10,20.0,223,4,8,0,16,50,3,29
0,10,28.0,216,5,15,1,13,28,4,18
0,10,12.0,333,2,8,0,6,14,3,28
0,10,28.0,216,5,9,0,0,26,3,18
0,10,28.0,216,5,17,2,8,27,4,18
0,10,29.0,318,6,11,1,2,71,4,16
0,1,6.0,97,3,7,0,4,66,3,23
0,1,6.0,97,3,5,0,4,66,1,23
0,1,6.0,97,3,8,2,1,59,3,23
0,1,19.0,29,6,15,1,7,120,1,10
0,1,19.0,29,6,12,1,11,117,0,10
0,1,20.0,151,3,8,0,6,89,1,29
0,1,20.0,151,3,9,1,12,61,2,29
0,8,20.0,319,2,15,1,6,7,0,29
0,8,20.0,319,2,13,0,6,7,4,29
0,8,20.0,319,2,8,0,9,54,3,29
0,8,20.0,319,2,4,2,7,57,1,29
0,8,22.0,354,5,17,1,1,105,4,26
0,8,22.0,354,5,4,0,2,92,3,26
0,8,20.0,319,2,11,1,10,47,1,29
0,8,28.0,224,4,0,0,9,101,3,18
0,8,28.0,224,4,15,0,10,22,2,18
0,10,12.0,333,2,6,0,2,69,3,28
0,10,11.0,298,1,18,0,4,127,1,9
0,10,12.0,333,2,16,0,10,12,0,28
0,10,14.0,174,5,15,0,13,36,0,5
0,10,14.0,174,5,4,0,14,110,0,5
0,10,20.0,223,4,8,0,0,12,3,29
0,10,20.0,223,4,14,2,2,2,3,29
0,10,21.0,341,5,17,0,13,69,0,21
0,10,21.0,341,5,21,1,13,99,0,21
0,10,21.0,341,5,22,0,12,84,4,21
0,10,21.0,341,5,15,0,11,133,3,21
0,10,22.0,314,6,16,0,10,23,1,26
0,10,22.0,314,6,4,0,15,51,4,26
0,10,28.0,216,5,15,1,1,1,4,18
0,10,29.0,318,6,16,0,4,79,0,16
0,4,23.0,30,0,4,3,10,47,0,17
0,10,29.0,318,6,5,1,7,57,4,16
0,4,29.0,313,3,11,1,1,67,4,16
0,4,18.0,26,2,22,1,10,23,1,0
0,10,5.0,336,2,20,2,15,31,3,24
0,8,28.0,224,4,23,1,0,96,1,18
0,4,30.0,139,0,0,1,9,27,0,19
1,9,25.0,344,5,8,0,8,41,2,13
0,6,14.0,173,2,17,0,11,133,3,5
0,4,6.0,176,5,19,0,2,2,3,23
0,3,1.0,180,6,9,0,7,62,0,7
0,3,19.0,138,2,0,0,5,12,3,10
0,4,6.0,176,5,15,0,4,82,1,23
0,4,30.0,139,0,18,0,10,52,1,19
1,7,25.0,41,5,22,0,0,77,1,13
0,3,19.0,138,2,9,0,13,38,1,10
0,6,13.0,317,1,1,1,11,117,0,25
0,4,12.0,134,4,22,0,15,39,3,28
0,5,5.0,96,5,1,0,0,68,3,24
0,5,5.0,96,5,15,1,12,56,4,24
0,5,11.0,326,4,19,0,0,85,1,9
0,5,12.0,327,5,13,0,15,77,3,28
0,5,11.0,326,4,22,1,13,48,1,9
0,5,12.0,327,5,13,1,1,67,4,28
0,5,12.0,327,5,8,0,16,74,4,28
0,5,12.0,327,5,8,0,6,128,3,28
1,6,13.0,317,0,1,1,11,15,0,25
1,6,23.0,84,4,11,0,16,65,3,17
1,8,13.0,189,1,3,0,15,39,2,25
0,9,5.0,89,3,9,1,6,116,4,24
0,7,6.0,93,0,12,3,14,25,0,23
1,2,7.0,153,0,9,2,2,2,3,11
0,11,8.0,283,3,17,0,2,13,2,8
0,7,6.0,93,0,20,1,3,103,4,23
1,11,6.0,252,4,4,1,15,46,2,23
1,7,21.0,81,0,8,0,0,64,2,21
1,3,4.0,285,0,13,1,11,15,4,30
1,11,31.0,227,0,11,1,15,114,1,20
1,11,14.0,147,5,17,3,13,48,0,5
1,11,31.0,227,0,0,0,8,27,2,20
1,11,13.0,312,4,17,1,2,123,4,25
1,6,14.0,173,1,2,1,15,51,0,5
0,4,19.0,142,4,9,2,3,4,0,10
0,4,25.0,20,2,17,0,11,18,3,13
0,4,25.0,20,2,16,0,11,15,2,13
0,4,25.0,20,2,0,2,15,46,3,13
0,4,25.0,20,2,7,0,12,135,3,13
0,4,25.0,20,2,16,0,13,13,3,13
0,4,25.0,20,2,5,0,13,38,4,13
0,1,16.0,2,2,0,0,3,44,4,2
0,4,25.0,20,2,19,0,1,35,2,13
0,4,19.0,142,4,0,1,16,72,2,10
0,4,19.0,142,4,7,1,9,134,0,10
0,4,19.0,142,4,6,0,12,17,4,10
0,4,19.0,142,4,11,1,8,9,4,10
0,4,19.0,142,4,7,0,14,25,1,10
0,4,25.0,20,2,21,0,8,118,1,13
0,4,25.0,20,2,14,0,8,118,3,13
0,2,2.0,143,4,5,1,16,50,4,22
0,2,9.0,21,4,5,0,16,50,2,12
0,2,24.0,22,5,15,0,16,130,1,14
0,2,24.0,22,5,12,2,2,71,3,14
0,2,2.0,143,4,9,0,1,35,0,22
0,5,12.0,327,5,1,1,10,52,1,28
0,5,11.0,326,4,3,3,2,86,3,9
0,5,18.0,195,4,15,1,5,64,1,0
0,5,27.0,328,6,7,0,2,40,3,15
0,5,27.0,328,6,13,2,9,63,2,15
0,5,27.0,328,6,2,0,13,38,1,15
0,5,27.0,328,6,11,0,15,112,3,15
0,5,29.0,24,0,17,0,11,122,3,16
0,5,29.0,24,0,20,0,10,23,1,16
0,5,29.0,24,0,1,0,1,67,0,16
0,5,29.0,24,0,14,2,2,92,3,16
0,5,12.0,327,5,4,0,13,36,4,28
0,5,11.0,326,4,2,0,10,47,1,9
0,5,18.0,195,4,6,1,11,18,0,0
0,5,18.0,195,4,15,0,9,57,4,0
0,5,27.0,328,6,1,0,5,6,3,15
0,5,29.0,24,0,16,0,8,19,4,16
0,5,29.0,24,0,5,0,14,106,3,16
0,5,29.0,24,0,8,0,10,22,2,16
0,5,29.0,24,0,20,0,6,89,2,16
0,5,29.0,24,0,8,0,10,12,2,16
0,5,29.0,24,0,1,2,8,27,4,16
0,6,13.0,317,1,16,0,16,74,1,25
0,2,26.0,3,3,19,0,8,41,3,3
0,0,9.0,48,6,6,0,15,39,3,12
0,0,9.0,48,6,5,0,9,9,2,12
0,0,9.0,48,6,3,1,1,16,4,12
0,0,9.0,48,6,3,1,15,114,2,12
0,0,18.0,0,0,7,0,7,20,1,0
0,0,18.0,0,0,3,0,9,27,0,0
0,0,18.0,0,0,3,1,1,1,4,0
0,0,9.0,48,6,9,0,13,38,2,12
0,0,18.0,0,0,14,0,4,4,4,0
0,8,15.0,72,5,13,1,1,16,4,1
0,8,16.0,73,6,15,0,14,25,1,2
0,8,16.0,73,6,12,0,3,30,2,2
0,8,16.0,73,6,20,3,10,47,0,2
0,6,13.0,317,1,7,1,14,125,4,25
0,6,14.0,173,2,13,0,12,135,4,5
0,4,12.0,134,4,14,0,15,39,1,28
1,3,2.0,120,6,11,2,12,104,1,22
0,6,13.0,317,1,5,0,10,23,3,25
0,4,29.0,313,3,14,0,0,77,1,16
0,6,14.0,173,2,8,1,2,69,4,5
0,4,12.0,134,4,7,0,3,44,4,28
0,10,11.0,298,1,17,1,14,32,4,9
0,6,13.0,317,1,2,0,6,7,1,25
1,3,2.0,120,6,14,0,11,94,3,22
0,4,23.0,30,0,2,2,10,22,0,17
0,2,3.0,282,5,4,1,12,61,1,27
0,6,14.0,173,2,1,0,16,108,2,5
0,4,12.0,134,4,1,0,7,20,3,28
0,10,11.0,298,1,8,0,16,72,1,9
0,6,13.0,317,1,17,0,9,58,1,25
1,3,11.0,337,0,15,0,4,4,2,9
0,4,30.0,139,0,19,2,3,103,3,19
0,3,29.0,325,6,23,0,1,11,1,16
0,3,29.0,325,6,11,0,1,67,2,16
0,3,29.0,325,6,22,0,12,80,3,16
0,5,11.0,326,4,0,0,7,20,4,9
0,5,11.0,326,4,11,1,15,51,1,9
0,5,12.0,327,5,11,0,10,23,1,28
0,5,12.0,327,5,3,1,9,57,1,28
0,5,18.0,195,4,3,0,13,28,1,0
1,6,13.0,317,0,14,0,8,41,1,25
1,1,5.0,219,5,17,0,15,85,3,24
1,6,24.0,31,5,8,1,2,71,4,14
1,10,31.0,135,3,11,0,12,121,1,20
1,4,16.0,25,3,18,1,2,2,0,2
1,4,8.0,292,6,8,3,15,96,2,8
0,7,8.0,94,2,9,0,9,95,2,8
0,3,15.0,35,6,14,0,5,6,0,1
0,11,31.0,227,1,8,0,2,2,1,20
1,4,8.0,292,6,4,0,11,8,1,8
0,10,15.0,60,6,19,0,9,57,1,1
1,3,20.0,105,2,13,3,11,98,2,29
1,10,31.0,135,3,19,3,4,75,4,20
1,1,16.0,2,1,1,1,11,10,4,2
1,1,13.0,207,6,4,1,1,35,4,25
1,1,5.0,219,5,14,0,2,69,4,24
1,1,4.0,286,4,11,1,10,12,1,30
0,4,31.0,67,1,0,1,1,11,0,20
0,2,21.0,108,1,18,0,15,51,4,21
0,4,31.0,67,1,4,0,4,138,4,20
0,3,12.0,104,2,6,0,3,103,1,28
0,3,12.0,104,2,20,2,13,29,3,28
0,3,12.0,104,2,2,1,0,26,1,28
0,3,12.0,104,2,9,1,14,25,0,28
0,3,13.0,210,4,22,1,12,56,4,25
0,3,13.0,210,4,1,2,13,38,3,25
0,3,11.0,337,1,20,0,11,117,1,9
0,3,11.0,337,1,2,0,1,59,1,9
0,3,13.0,210,4,5,0,14,24,1,25
0,3,13.0,210,4,5,1,16,42,1,25
0,3,13.0,210,4,13,0,5,6,2,25
0,3,13.0,210,4,13,0,1,67,2,25
0,3,18.0,165,1,19,0,10,43,3,0
0,3,18.0,165,1,1,0,2,2,3,0
0,3,20.0,105,4,12,0,2,13,1,29
0,3,20.0,105,4,14,0,4,4,1,29
0,6,3.0,99,6,5,3,8,9,4,27
0,8,12.0,284,1,9,3,10,23,3,28
0,6,15.0,49,4,11,1,4,5,4,1
0,6,15.0,49,4,19,0,9,93,0,1
0,6,15.0,49,4,9,0,13,38,4,1
0,6,15.0,49,4,18,2,5,6,0,1
0,6,24.0,31,6,17,0,2,40,1,14
0,6,24.0,31,6,17,0,2,69,3,14
0,6,24.0,31,6,2,0,10,22,1,14
0,6,24.0,31,6,18,0,6,89,1,14
0,6,7.0,169,2,16,3,13,38,3,11
0,10,24.0,261,0,13,0,13,36,3,14
0,10,24.0,261,0,18,0,8,27,1,14
0,1,1.0,203,1,16,0,1,11,3,7
0,1,1.0,203,1,0,0,12,104,2,7
0,1,1.0,203,1,3,0,4,4,1,7
0,1,1.0,203,1,2,0,10,22,3,7
0,1,1.0,203,1,9,1,9,58,4,7
0,1,7.0,32,0,7,2,0,68,3,11
0,1,7.0,32,0,18,0,13,29,1,11
0,1,7.0,32,0,9,2,15,39,4,11
0,10,29.0,318,6,8,1,11,55,4,16
0,10,21.0,341,5,5,1,10,47,1,21
0,5,27.0,328,6,22,0,15,46,3,15
0,5,27.0,328,6,14,0,8,41,0,15
0,6,13.0,317,1,16,0,8,27,3,25
0,6,13.0,317,1,6,0,13,48,0,25
0,6,13.0,317,1,18,1,11,98,0,25
0,2,4.0,254,6,15,0,2,2,3,30
0,10,11.0,298,1,19,0,3,30,4,9
0,2,28.0,257,1,22,1,10,43,0,18
0,4,23.0,30,0,12,0,13,21,4,17
0,10,5.0,336,2,6,0,0,12,3,24
0,6,14.0,173,2,21,1,12,61,0,5
0,8,18.0,75,0,9,2,6,7,0,0
0,10,11.0,298,1,14,0,9,63,3,9
1,4,23.0,30,3,13,1,14,131,1,17
0,6,14.0,173,2,15,0,7,111,1,5
0,8,18.0,75,0,22,1,1,81,4,0
0,4,29.0,313,3,22,0,15,119,3,16
0,10,12.0,333,2,21,0,10,23,3,28
1,6,1.0,158,2,9,1,13,48,0,7
0,8,24.0,85,3,23,0,5,12,2,14
0,4,29.0,313,3,8,0,10,22,3,16
0,10,12.0,333,2,21,1,14,25,4,28
1,6,18.0,308,6,13,0,2,13,1,0
1,6,18.0,308,6,13,0,4,136,2,0
1,9,25.0,344,5,20,1,6,91,1,13
1,9,25.0,344,5,22,1,11,10,4,13
0,8,23.0,102,6,9,3,4,79,0,17
0,8,23.0,102,6,1,0,3,30,4,17
0,4,5.0,235,4,8,2,6,91,3,24
0,2,12.0,128,3,11,0,2,2,3,28
0,2,13.0,276,0,13,0,3,79,0,25
0,2,21.0,108,1,20,0,8,27,1,21
0,3,11.0,337,1,17,0,16,108,4,9
0,3,18.0,165,1,13,2,2,2,3,0
0,3,18.0,165,1,1,1,13,69,4,0
0,3,20.0,105,4,17,0,10,22,1,29
0,3,20.0,105,4,23,0,14,107,4,29
0,3,18.0,165,1,3,1,3,44,1,0
0,3,20.0,105,4,15,3,15,119,0,29
0,3,20.0,105,4,3,0,1,1,4,29
0,3,20.0,105,4,12,1,15,85,4,29
0,3,20.0,105,4,19,0,7,111,0,29
0,3,20.0,105,4,13,0,6,89,0,29
0,1,6.0,97,3,13,0,8,9,0,23
0,3,21.0,338,5,0,0,13,29,1,21
0,3,20.0,105,4,14,1,9,27,0,29
0,3,21.0,338,5,4,0,10,22,3,21
0,3,30.0,304,3,16,1,12,84,0,19
0,3,20.0,105,4,13,0,14,25,3,29
0,3,30.0,304,3,20,1,14,34,4,19
0,5,19.0,146,5,21,0,13,21,3,10
0,5,20.0,214,6,4,2,0,77,3,29
0,5,21.0,351,3,11,0,13,36,1,21
0,9,1.0,126,2,17,0,0,53,0,7
0,9,4.0,295,6,14,0,1,67,3,30
0,9,28.0,315,1,16,2,2,2,3,18
0,9,28.0,315,1,5,2,13,21,1,18
0,9,28.0,315,1,20,1,14,24,4,18
0,9,28.0,315,1,12,0,15,31,3,18
0,7,20.0,266,0,12,0,6,7,0,29
0,3,18.0,165,1,18,0,9,54,1,0
1,2,1.0,16,1,11,0,6,7,4,7
0,3,18.0,165,1,1,1,1,1,0,0
0,8,6.0,87,2,2,0,5,12,1,23
0,8,23.0,102,6,14,2,10,22,3,17
0,8,30.0,103,6,22,0,2,86,2,19
0,10,3.0,310,0,8,0,10,43,2,27
0,1,31.0,305,4,2,0,0,31,4,20
0,8,24.0,85,3,16,0,11,18,0,14
0,8,24.0,85,3,8,0,1,105,0,14
0,8,24.0,85,3,20,1,0,96,4,14
0,8,25.0,86,0,20,2,11,133,2,13
0,8,25.0,86,0,13,0,6,91,1,13
0,8,7.0,70,4,19,0,5,6,2,11
0,4,1.0,144,3,8,3,0,64,0,7
0,4,2.0,141,0,6,0,2,92,0,22
0,4,2.0,141,0,11,1,13,69,1,22
0,4,9.0,18,0,10,0,16,72,1,12
0,4,17.0,19,1,21,0,7,31,3,6
0,4,19.0,142,4,3,1,16,50,1,10
0,4,19.0,142,4,4,3,0,15,3,10
0,4,25.0,20,2,6,0,13,21,0,13
0,4,25.0,20,2,20,0,1,67,2,13
0,6,7.0,169,2,20,0,13,99,1,11
0,6,7.0,169,2,8,0,10,22,3,11
0,6,7.0,169,2,13,1,9,95,4,11
0,6,9.0,236,5,13,0,4,121,1,12
0,6,9.0,236,5,8,0,5,6,0,12
0,6,9.0,236,5,2,0,5,6,3,12
0,6,15.0,49,4,6,0,4,138,4,1
0,3,4.0,285,1,1,0,10,47,2,30
0,3,4.0,285,1,1,0,8,33,3,30
0,3,10.0,4,0,7,1,11,55,4,4
1,8,9.0,124,5,11,3,11,124,4,12
0,3,29.0,325,6,11,1,3,30,1,16
0,3,5.0,324,2,12,2,3,70,0,24
0,3,5.0,324,2,12,1,0,12,1,24
0,3,5.0,324,2,5,0,13,99,1,24
0,3,10.0,4,0,4,0,7,20,0,4
0,3,10.0,4,0,19,0,9,57,0,4
0,3,19.0,138,2,3,0,13,99,1,10
1,8,7.0,70,2,19,0,11,124,1,11
0,6,14.0,173,2,13,0,0,85,4,5
0,10,12.0,333,2,12,2,3,79,4,28
1,4,16.0,25,3,15,1,12,135,4,2
0,4,29.0,313,3,15,0,2,92,2,16
0,10,12.0,333,2,2,3,2,71,2,28
0,10,12.0,333,2,14,1,13,28,1,28
0,6,13.0,317,1,4,0,10,47,3,25
1,4,25.0,20,1,18,1,11,133,4,13
0,4,30.0,139,0,17,0,10,22,3,19
0,10,28.0,216,5,22,0,3,44,0,18
0,10,14.0,174,5,11,0,2,40,3,5
0,6,28.0,309,2,9,0,10,47,3,18
0,7,8.0,94,2,8,0,12,61,2,8
0,1,6.0,97,3,19,0,8,118,3,23
0,10,20.0,223,4,2,3,13,69,0,29
0,4,1.0,144,3,13,0,6,89,3,7
0,6,29.0,335,4,7,0,6,128,3,16
0,11,31.0,227,1,9,1,3,79,4,20
0,4,30.0,139,0,16,0,10,23,1,19
0,10,5.0,336,2,0,1,14,34,4,24
0,4,1.0,144,3,8,0,15,114,2,7
0,6,29.0,335,4,13,0,5,6,0,16
0,10,22.0,314,6,1,2,11,0,3,26
0,11,31.0,227,1,11,1,0,53,0,20
0,6,29.0,335,4,15,0,5,6,1,16
0,10,28.0,216,5,0,0,12,61,3,18
0,4,30.0,139,0,19,2,5,6,0,19
0,1,19.0,29,6,5,0,13,29,1,10
0,4,9.0,18,0,14,0,14,25,1,12
0,1,19.0,29,6,19,0,4,121,4,10
0,9,5.0,89,3,9,0,13,36,1,24
0,6,29.0,335,4,1,0,13,48,4,16
0,2,3.0,282,5,8,0,13,123,1,27
0,4,19.0,142,4,17,0,13,99,1,10
0,1,19.0,29,6,14,1,13,36,4,10
0,3,14.0,33,5,15,3,8,27,1,5
0,10,28.0,216,5,5,0,4,121,1,18
0,10,5.0,336,2,0,0,0,12,1,24
0,2,4.0,254,6,13,1,13,48,4,30
0,4,25.0,20,2,17,2,6,89,1,13
0,1,19.0,29,6,18,0,13,29,4,10
0,7,16.0,40,4,10,1,0,85,2,2
0,10,28.0,216,5,14,0,14,125,2,18
0,10,28.0,216,5,19,1,2,2,4,18
0,10,29.0,318,6,21,2,10,47,3,16
0,10,28.0,216,5,18,1,11,18,1,18
0,10,28.0,216,5,3,1,7,20,4,18
0,10,29.0,318,6,15,1,11,18,1,16
0,10,29.0,318,6,23,1,13,99,4,16
0,10,29.0,318,6,9,0,16,72,3,16
0,1,5.0,219,6,11,0,3,44,1,24
0,1,5.0,219,6,8,2,1,16,3,24
0,1,5.0,219,6,4,0,9,27,1,24
0,1,6.0,97,3,13,1,16,50,1,23
0,10,20.0,223,4,6,1,5,12,1,29
0,1,19.0,29,6,3,1,9,83,4,10
0,1,19.0,29,6,3,0,2,40,4,10
0,1,19.0,29,6,13,1,15,31,1,10
0,1,20.0,151,3,6,0,10,47,3,29
0,1,20.0,151,3,5,0,8,41,1,29
0,1,20.0,151,3,15,0,8,19,4,29
0,1,20.0,151,3,18,2,16,50,3,29
0,8,20.0,319,2,17,0,10,47,1,29
0,8,20.0,319,2,5,0,13,21,2,29
1,9,2.0,323,2,1,2,2,60,0,22
0,8,20.0,319,2,15,0,4,121,3,29
0,8,22.0,354,5,0,0,0,85,2,26
0,8,22.0,354,5,18,0,14,125,1,26
0,8,28.0,224,4,12,0,12,80,2,18
0,8,28.0,224,4,2,0,13,38,1,18
0,8,20.0,319,2,22,0,8,9,3,29
0,8,28.0,224,4,14,0,10,23,1,18
0,4,6.0,176,5,0,2,10,47,1,23
0,4,6.0,176,5,23,0,8,9,1,23
0,4,6.0,176,5,12,0,5,6,0,23
0,4,6.0,176,5,8,2,9,57,3,23
0,4,6.0,176,5,20,0,16,42,1,23
0,4,6.0,176,5,13,3,5,64,3,23
0,4,6.0,176,5,19,1,0,77,1,23
0,4,23.0,30,0,3,1,1,59,4,17
0,4,23.0,30,0,8,0,8,118,4,17
0,2,4.0,254,6,8,0,11,15,2,30
0,7,29.0,268,2,1,0,13,123,4,16
0,3,1.0,180,6,6,0,10,47,3,7
0,3,1.0,180,6,3,0,16,50,0,7
0,3,1.0,180,6,12,3,5,12,0,7
0,3,1.0,180,6,1,0,0,12,1,7
0,3,4.0,285,1,17,0,6,7,1,30
1,5,27.0,328,5,11,0,8,27,2,15
1,6,1.0,158,2,6,1,0,26,1,7
1,6,18.0,308,6,11,0,5,64,2,0
1,6,1.0,158,2,9,0,10,52,1,7
1,6,28.0,309,1,4,3,10,23,1,18
1,10,3.0,310,3,18,0,9,93,4,27
1,1,10.0,17,2,2,0,10,47,1,4
1,9,2.0,323,2,18,0,14,24,1,22
1,11,27.0,322,4,1,0,9,54,2,15
1,5,1.0,109,3,4,2,2,13,1,7
1,5,28.0,259,6,9,2,2,13,3,18
1,5,26.0,37,4,13,0,13,123,1,3
1,8,1.0,66,4,11,0,12,83,0,7
1,6,26.0,348,3,1,1,1,16,4,3
1,8,10.0,71,6,18,1,0,53,1,4
1,8,10.0,71,6,9,0,2,92,1,4
1,8,1.0,66,4,17,0,1,59,4,7
1,4,18.0,26,1,18,0,2,86,1,0
1,8,1.0,66,4,20,0,14,24,4,7
1,2,28.0,257,0,2,0,13,48,0,18
0,9,27.0,179,0,22,2,10,6,3,15
1,4,20.0,115,4,1,0,10,47,1,29
1,4,20.0,115,4,17,0,1,11,4,29
1,2,11.0,297,5,9,0,5,12,1,9
1,2,18.0,7,5,2,0,16,74,1,0
0,10,5.0,336,2,23,1,0,64,0,24
0,8,9.0,124,6,3,1,11,90,1,12
0,2,15.0,130,2,17,1,11,98,4,1
0,2,15.0,130,2,20,0,5,12,3,1
0,1,20.0,151,3,9,0,2,86,4,29
0,10,5.0,336,2,16,0,5,12,3,24
0,4,25.0,20,2,3,1,4,127,1,13
0,11,25.0,88,2,17,0,12,80,1,13
0,8,20.0,319,2,17,0,0,12,0,29
0,10,5.0,336,2,12,0,6,7,0,24
0,2,2.0,143,4,6,0,2,86,0,22
0,1,17.0,63,4,11,1,0,26,2,6
0,8,20.0,319,2,7,0,2,3,4,29
0,8,20.0,319,2,15,2,12,104,3,29
0,8,22.0,354,5,17,2,1,16,3,26
0,8,22.0,354,5,3,1,1,81,4,26
0,8,22.0,354,5,22,1,0,26,0,26
0,8,22.0,354,5,19,0,6,91,3,26
0,7,6.0,93,0,15,0,9,134,2,23
0,7,25.0,41,6,14,1,5,12,1,13
0,1,8.0,62,1,13,0,13,48,1,8
0,3,9.0,44,3,6,0,6,7,1,12
0,5,14.0,36,3,5,1,11,18,1,5
0,1,17.0,63,4,20,3,0,12,1,6
0,8,27.0,78,2,18,1,11,98,4,15
0,4,24.0,27,1,9,2,15,46,0,14
0,4,7.0,133,6,11,0,1,59,1,11
0,0,8.0,9,5,12,1,14,25,0,8
0,8,27.0,78,2,23,1,15,31,4,15
0,0,17.0,12,3,1,1,10,22,0,6
0,2,27.0,136,0,9,0,4,82,1,15
0,2,27.0,136,0,9,1,0,31,1,15
0,0,11.0,10,0,12,1,12,83,0,9
0,8,10.0,71,3,18,0,9,102,1,4
0,8,15.0,72,5,11,0,15,108,1,1
0,8,16.0,73,6,17,0,5,12,1,2
0,8,15.0,72,5,12,0,0,77,3,1
0,8,16.0,73,6,13,0,12,80,1,2
0,8,16.0,73,6,2,0,1,105,2,2
0,8,16.0,73,6,2,0,11,98,3,2
0,8,16.0,73,6,15,1,4,4,4,2
0,8,16.0,73,6,9,0,13,69,1,2
0,8,16.0,73,6,23,1,9,49,1,2
0,8,15.0,72,5,16,0,3,30,3,1
0,8,17.0,74,3,13,0,6,89,2,6
0,8,17.0,74,3,9,0,6,89,4,6
0,8,18.0,75,0,21,0,0,12,1,0
0,8,18.0,75,0,5,2,2,71,0,0
0,8,18.0,75,0,2,2,13,38,3,0
0,8,18.0,75,0,14,2,13,29,3,0
0,8,18.0,75,0,1,0,0,26,3,0
0,8,22.0,354,5,18,0,2,13,1,26
0,8,28.0,224,4,6,0,10,22,1,18
0,8,20.0,319,2,6,0,0,12,0,29
0,5,11.0,326,4,11,3,14,107,4,9
0,4,6.0,176,5,3,2,10,47,3,23
0,4,6.0,176,5,8,0,5,0,1,23
0,4,6.0,176,5,19,0,6,89,4,23
0,8,22.0,354,5,3,0,0,64,3,26
0,8,28.0,224,4,18,1,3,76,1,18
0,8,28.0,224,4,16,0,15,46,1,18
0,4,23.0,30,0,8,0,13,21,4,17
0,4,23.0,30,0,3,0,3,44,3,17
0,4,23.0,30,0,12,1,12,56,4,17
0,4,23.0,30,0,1,2,15,77,3,17
0,2,2.0,143,4,13,0,13,38,0,22
0,1,8.0,62,1,11,1,9,87,4,8
0,2,15.0,130,2,13,2,4,4,2,1
0,10,12.0,333,2,16,0,2,86,3,28
0,2,2.0,143,4,3,0,12,104,2,22
0,4,7.0,133,6,5,0,13,48,2,11
0,2,2.0,143,4,12,0,8,9,0,22
0,1,9.0,50,2,23,0,6,89,1,12
0,4,18.0,26,2,1,1,13,21,4,0
0,1,9.0,50,2,13,0,3,30,0,12
0,10,20.0,223,4,14,0,0,77,3,29
0,2,2.0,143,4,2,2,14,32,3,22
0,4,24.0,27,1,22,1,1,16,4,14
0,1,9.0,50,2,12,0,10,6,3,12
0,10,20.0,223,4,2,0,12,121,1,29
0,4,1.0,144,3,3,1,12,135,4,7
0,4,18.0,26,2,13,0,4,66,2,0
0,1,9.0,50,2,12,1,9,109,0,12
0,2,2.0,143,4,22,1,1,59,4,22
0,4,26.0,80,4,5,0,6,89,2,3
0,5,9.0,206,1,14,1,16,50,1,12
0,10,11.0,298,1,4,0,14,24,2,9
0,2,9.0,21,4,17,0,4,4,1,12
1,8,22.0,354,4,19,2,5,6,3,26
0,1,10.0,17,4,22,0,6,7,4,4
0,2,24.0,22,5,16,0,5,6,0,14
0,10,14.0,174,5,1,0,2,86,3,5
1,6,23.0,84,4,17,0,5,6,1,17
0,0,9.0,48,6,0,2,0,64,3,12
0,1,10.0,17,4,21,1,9,87,0,4
0,10,14.0,174,5,18,0,2,86,2,5
0,0,9.0,48,6,7,2,0,77,3,12
1,8,22.0,354,4,17,0,14,24,1,26
0,1,10.0,17,4,21,1,9,87,0,4
0,10,12.0,333,2,1,0,10,52,1,28
0,2,4.0,254,6,21,1,9,101,0,30
1,4,8.0,292,6,14,0,4,127,1,8
0,1,15.0,1,1,8,0,5,12,0,1
0,10,20.0,223,4,13,0,1,35,4,29
0,2,4.0,254,6,11,0,1,16,0,30
0,3,18.0,165,1,9,0,1,11,4,0
0,1,15.0,1,1,22,1,1,59,1,1
0,10,20.0,223,4,6,1,5,12,1,29
0,2,4.0,254,6,1,0,1,11,2,30
0,8,30.0,103,6,18,0,9,57,4,19
0,1,16.0,2,2,16,0,13,28,3,2
0,10,20.0,223,4,19,0,0,64,3,29
0,10,20.0,223,4,12,2,7,120,3,29
0,10,21.0,341,5,7,1,4,4,0,21
0,10,21.0,341,5,4,0,11,129,3,21
0,10,22.0,314,6,17,0,16,50,3,26
0,10,28.0,216,5,0,0,15,114,4,18
0,10,29.0,318,6,2,0,16,50,1,16
0,1,5.0,219,6,5,1,2,123,4,24
0,1,5.0,219,6,9,0,7,54,3,24
0,1,19.0,29,6,3,0,14,24,2,10
0,1,20.0,151,3,13,1,7,54,4,29
0,8,20.0,319,2,6,0,16,108,3,29
0,8,20.0,319,2,16,0,1,35,0,29
0,8,20.0,319,2,0,0,12,56,1,29
0,8,20.0,319,2,0,0,4,138,4,29
0,8,22.0,354,5,20,0,7,62,3,26
0,8,22.0,354,5,11,0,5,64,1,26
0,8,22.0,354,5,17,1,7,111,0,26
1,0,1.0,8,4,17,0,9,27,0,7
0,8,22.0,354,5,13,0,14,97,2,26
0,10,21.0,341,5,16,1,0,0,0,21
0,10,21.0,341,5,17,2,14,106,3,21
0,10,22.0,314,6,14,0,1,16,4,26
0,10,29.0,318,6,5,0,5,6,3,16
0,1,5.0,219,6,3,0,10,47,3,24
0,1,5.0,219,6,13,1,9,49,1,24
0,1,6.0,97,3,10,0,12,56,2,23
0,1,6.0,97,3,13,1,11,15,0,23
0,1,6.0,97,3,2,3,9,102,0,23
0,1,19.0,29,6,14,0,4,127,1,10
0,8,20.0,319,2,21,2,6,7,0,29
0,8,28.0,224,4,16,0,0,64,1,18
0,8,28.0,224,4,1,0,10,22,3,18
0,4,6.0,176,5,2,0,9,95,2,23
0,4,6.0,176,5,2,2,10,47,3,23
0,4,6.0,176,5,20,1,0,12,1,23
0,4,12.0,134,4,6,0,11,117,0,28
0,4,23.0,30,0,16,0,6,89,1,17
0,4,23.0,30,0,6,1,14,24,0,17
0,4,23.0,30,0,22,0,0,77,3,17
0,4,23.0,30,0,8,2,4,66,0,17
0,4,29.0,313,3,12,0,3,30,2,16
0,4,29.0,313,3,6,3,1,105,3,16
0,5,29.0,24,0,22,0,7,111,0,16
0,5,29.0,24,0,12,1,4,121,1,16
0,5,29.0,24,0,1,1,10,43,2,16
0,6,13.0,317,1,6,0,0,26,3,25
0,6,13.0,317,1,0,1,6,7,0,25
0,6,13.0,317,1,19,1,4,66,2,25
0,6,14.0,173,2,4,0,15,46,1,5
0,6,14.0,173,2,8,2,9,54,3,5
0,6,14.0,173,2,9,2,11,124,3,5
0,6,28.0,309,2,4,2,13,21,3,18
0,6,29.0,335,4,17,3,2,71,4,16
0,6,29.0,335,4,17,3,16,139,3,16
0,6,29.0,335,4,3,1,4,66,4,16
0,6,29.0,335,4,14,1,3,44,4,16
0,6,29.0,335,4,9,0,7,8,4,16
0,2,4.0,254,6,14,2,9,9,1,30
0,4,5.0,235,4,8,0,3,103,2,24
0,2,4.0,254,6,14,0,4,79,0,30
0,2,15.0,130,2,11,0,5,12,1,1
0,2,15.0,130,2,2,0,8,19,3,1
0,2,15.0,130,2,18,2,2,71,3,1
0,2,22.0,209,2,12,0,11,133,0,26
0,2,23.0,230,4,5,0,5,6,0,17
0,2,28.0,257,1,3,0,11,15,4,18
0,4,12.0,134,4,14,0,10,47,0,28
0,4,23.0,30,0,7,1,3,79,1,17
0,4,23.0,30,0,20,0,15,31,2,17
0,4,23.0,30,0,13,0,13,99,3,17
0,4,23.0,30,0,4,0,1,11,3,17
0,4,29.0,313,3,6,1,5,12,0,16
0,4,29.0,313,3,23,0,13,28,0,16
0,4,29.0,313,3,18,0,4,79,1,16
0,0,9.0,48,6,15,0,11,117,1,12
0,0,9.0,48,6,19,2,12,61,3,12
0,0,18.0,0,0,16,0,10,47,0,0
0,0,18.0,0,0,4,0,14,25,2,0
0,0,18.0,0,0,1,0,4,5,1,0
0,8,24.0,85,3,11,0,6,128,4,14
0,8,24.0,85,3,17,1,13,48,0,14
0,8,24.0,85,3,15,0,16,130,3,14
0,8,24.0,85,3,22,0,9,49,1,14
0,8,24.0,85,3,4,0,10,47,2,14
0,8,24.0,85,3,1,0,13,48,4,14
0,8,24.0,85,3,4,0,4,5,1,14
0,8,24.0,85,3,14,0,4,82,3,14
0,10,24.0,261,0,10,1,10,52,1,14
0,1,1.0,203,1,16,0,5,12,3,7
0,1,16.0,2,2,21,1,10,12,0,2
0,8,25.0,86,0,17,1,7,31,4,13
0,8,25.0,86,0,3,0,10,22,3,13
0,8,25.0,86,0,22,0,15,85,4,13
0,8,25.0,86,0,8,3,9,102,1,13
0,4,1.0,144,3,13,0,14,34,1,7
0,4,1.0,144,3,9,2,8,27,3,7
0,4,2.0,141,0,7,3,16,50,2,22
0,4,1.0,144,3,18,1,12,135,4,7
0,4,2.0,141,0,8,0,4,82,0,22
0,4,2.0,141,0,1,0,1,81,4,22
0,4,2.0,141,0,18,0,15,85,2,22
0,4,2.0,141,0,12,0,1,35,4,22
0,4,9.0,18,0,15,1,7,62,2,12
0,4,17.0,19,1,6,2,15,114,3,6
0,4,17.0,19,1,0,0,8,118,4,6
0,4,17.0,19,1,17,0,8,19,0,6
0,4,17.0,19,1,9,0,0,26,1,6
0,8,24.0,85,3,12,0,16,74,1,14
0,4,19.0,142,4,2,2,15,46,3,10
0,4,19.0,142,4,4,0,1,81,4,10
0,4,19.0,142,4,12,0,11,8,1,10
0,4,19.0,142,4,7,1,9,101,0,10
0,0,4.0,229,0,14,0,13,21,4,30
0,1,16.0,2,2,6,0,14,34,4,2
0,3,21.0,338,5,16,0,10,52,3,21
0,3,21.0,338,5,4,0,10,47,0,21
0,3,21.0,338,5,9,0,15,51,1,21
0,3,30.0,304,3,9,0,3,30,2,19
0,5,2.0,307,1,16,0,5,12,3,22
0,5,2.0,307,1,13,0,7,20,1,22
0,5,21.0,351,3,4,0,3,44,2,21
0,5,21.0,351,3,4,0,1,1,4,21
0,5,22.0,163,0,22,1,0,68,4,26
0,5,30.0,294,1,17,0,15,119,2,19
0,5,30.0,294,1,20,0,12,80,1,19
0,5,30.0,294,1,12,2,13,21,4,19
0,10,5.0,336,2,8,0,6,89,1,24
0,10,5.0,336,2,9,0,16,50,3,24
0,10,11.0,298,1,17,0,6,91,1,9
0,10,11.0,298,1,16,0,14,25,0,9
0,10,12.0,333,2,23,0,1,59,2,28
0,10,12.0,333,2,12,0,0,64,3,28
0,10,14.0,174,5,20,0,10,22,1,5
0,10,12.0,333,2,9,0,10,23,1,28
0,10,20.0,223,4,18,0,2,2,3,29
0,10,21.0,341,5,21,1,13,48,0,21
0,10,20.0,223,4,18,3,10,22,3,29
0,10,21.0,341,5,18,0,4,82,1,21
0,10,22.0,314,6,14,2,8,27,3,26
0,10,28.0,216,5,16,1,4,82,1,18
0,10,28.0,216,5,22,0,11,18,0,18
0,9,5.0,89,3,14,0,7,137,4,24
0,7,6.0,93,0,11,1,12,56,4,23
0,3,15.0,35,6,4,2,7,120,2,1
1,2,7.0,153,0,5,1,14,97,4,11
0,11,31.0,227,1,4,0,1,67,4,20
0,1,8.0,62,1,23,1,0,77,1,8
0,10,15.0,60,6,18,0,10,47,0,1
0,8,9.0,124,6,12,1,1,1,4,12
0,4,16.0,25,0,13,3,12,17,3,2
0,4,24.0,27,1,17,1,12,56,2,14
0,4,24.0,27,1,4,1,9,83,4,14
0,8,27.0,78,2,23,0,15,51,1,15
0,8,27.0,78,2,7,0,14,34,1,15
0,0,1.0,8,5,2,0,4,121,1,7
0,0,8.0,9,5,1,0,9,87,1,8
0,2,18.0,7,6,17,1,15,31,1,0
0,2,27.0,136,0,23,1,12,80,1,15
0,1,16.0,2,2,16,0,11,94,3,2
0,1,16.0,2,2,22,1,7,137,0,2
0,8,7.0,70,4,6,0,16,113,3,11
0,8,7.0,70,4,15,1,15,114,1,11
0,8,7.0,70,4,14,0,10,23,1,11
0,8,7.0,70,4,9,2,0,26,3,11
0,1,1.0,203,1,13,0,9,95,4,7
0,5,30.0,294,1,9,1,13,99,4,19
0,6,2.0,352,5,17,1,2,13,4,22
0,6,2.0,352,5,8,0,10,22,2,22
0,6,2.0,352,5,9,2,2,13,0,22
0,6,2.0,352,5,4,0,6,14,4,22
0,7,20.0,266,0,8,0,2,2,1,29
0,6,3.0,99,6,13,0,6,7,0,27
0,6,5.0,342,0,6,0,5,64,0,24
0,6,10.0,149,6,13,0,0,12,3,4
0,5,30.0,294,1,3,0,5,6,2,19
0,10,2.0,358,3,23,0,14,24,1,22
0,10,2.0,358,3,5,1,16,108,4,22
0,3,13.0,210,4,5,0,2,13,2,25
0,3,18.0,165,1,7,1,3,30,0,0
0,3,18.0,165,1,18,0,0,77,1,0
0,3,20.0,105,4,18,1,0,68,2,29
0,3,21.0,338,5,1,0,0,26,1,21
0,3,21.0,338,5,19,0,9,57,0,21
0,3,30.0,304,3,19,0,2,2,1,19
0,2,22.0,209,2,6,0,6,7,2,26
0,2,22.0,209,2,5,0,6,89,4,26
0,2,22.0,209,2,17,1,3,103,4,26
0,2,23.0,230,4,23,1,13,48,4,17
0,10,29.0,318,6,4,0,10,12,3,16
0,1,5.0,219,6,17,0,10,6,3,24
0,1,5.0,219,6,4,0,13,99,3,24
0,1,5.0,219,6,18,1,0,53,1,24
0,1,19.0,29,6,17,0,4,138,0,10
0,1,19.0,29,6,17,2,1,59,3,10
0,1,19.0,29,6,20,0,15,39,1,10
0,1,19.0,29,6,4,0,13,38,4,10
0,1,19.0,29,6,19,0,8,19,3,10
0,1,19.0,29,6,9,0,1,59,0,10
0,1,20.0,151,3,11,0,8,27,0,29
0,1,20.0,151,3,1,2,1,16,3,29
0,8,20.0,319,2,0,0,5,12,3,29
0,8,20.0,319,2,6,0,8,118,1,29
0,8,20.0,319,2,14,0,8,27,0,29
0,8,28.0,224,4,14,0,2,92,3,18
1,5,29.0,24,3,12,0,4,136,4,16
1,6,4.0,159,6,2,2,13,29,1,30
1,2,19.0,137,6,4,0,2,13,3,10
1,8,20.0,319,1,5,0,3,70,2,29
1,11,28.0,123,5,12,1,11,117,0,18
1,9,3.0,217,4,8,0,8,9,3,27
1,9,13.0,91,3,11,0,16,74,2,25
1,9,13.0,91,3,14,0,16,108,0,25
0,5,1.0,109,0,11,0,3,30,4,7
0,5,16.0,239,1,3,3,2,2,0,2
1,8,23.0,102,5,11,0,14,25,4,17
1,4,24.0,27,0,17,3,1,11,4,14
1,0,10.0,129,6,0,0,2,71,2,4
0,3,5.0,324,2,21,0,8,41,1,24
1,0,31.0,290,6,18,0,15,108,4,20
1,0,8.0,9,4,13,1,1,105,4,8
1,7,4.0,186,5,0,0,15,119,0,30
1,7,4.0,186,5,15,1,4,82,1,30
1,11,28.0,123,5,12,0,2,2,1,18
1,11,28.0,123,5,12,1,9,49,4,18
1,11,29.0,270,6,8,0,0,53,0,16
1,9,3.0,217,4,1,0,3,70,2,27
1,9,4.0,295,5,6,0,5,12,0,30
1,9,3.0,217,4,4,1,9,102,4,27
1,9,4.0,295,5,10,1,7,78,4,30
1,0,25.0,281,3,4,0,5,47,3,13
1,0,25.0,281,3,12,1,4,79,0,13
1,0,31.0,290,6,11,0,0,77,1,20
1,0,31.0,290,6,4,2,14,97,3,20
1,0,31.0,290,6,14,0,6,128,1,20
1,0,31.0,290,6,9,0,14,25,1,20
0,11,16.0,225,0,3,0,15,51,1,2
0,11,16.0,225,0,4,0,5,6,0,2
1,0,6.0,260,1,5,1,10,23,1,23
0,9,15.0,226,2,17,0,0,12,0,1
0,5,15.0,200,0,3,0,13,99,2,1
0,9,15.0,226,2,21,1,13,38,0,1
1,8,30.0,103,5,11,0,7,120,3,19
1,8,30.0,103,5,20,1,10,23,1,19
1,4,13.0,221,4,17,0,4,66,0,25
1,4,15.0,132,6,17,1,6,7,0,1
1,4,13.0,221,4,16,2,9,101,3,25
1,4,15.0,132,6,2,0,10,43,2,1
1,4,15.0,132,6,8,2,9,95,3,1
1,4,15.0,132,6,14,0,9,101,0,1
1,4,22.0,152,6,16,1,10,52,1,26
1,4,22.0,152,6,15,1,8,19,1,26
1,4,31.0,67,0,15,1,13,28,1,20
1,4,31.0,67,0,14,0,8,33,2,20
1,4,21.0,339,5,12,1,10,22,2,21
0,6,29.0,335,4,17,3,0,26,0,16
0,10,12.0,333,2,18,1,16,72,0,28
0,7,19.0,330,3,14,0,16,65,0,10
0,7,19.0,330,3,11,1,12,104,4,10
0,7,21.0,81,1,6,0,0,53,3,21
0,7,21.0,81,1,21,1,5,6,0,21
0,7,21.0,81,1,11,0,8,41,3,21
0,7,26.0,316,3,5,3,15,85,2,3
0,7,27.0,53,0,18,2,1,1,3,15
0,3,1.0,180,6,20,0,9,49,0,7
0,3,1.0,180,6,3,1,12,83,4,7
0,3,1.0,180,6,19,0,15,114,1,7
0,3,5.0,324,2,6,1,0,0,1,24
0,3,5.0,324,2,13,0,12,80,4,24
0,3,10.0,4,0,5,0,13,21,1,4
0,3,10.0,4,0,3,0,16,74,3,4
0,3,10.0,4,0,3,0,2,71,4,4
1,2,6.0,251,3,11,0,1,35,4,23
1,7,29.0,268,1,4,3,11,124,1,16
0,5,15.0,200,0,12,3,9,27,3,1
1,2,15.0,130,1,17,0,5,64,0,1
1,2,15.0,130,1,9,0,0,64,3,1
1,2,23.0,230,2,7,1,8,27,0,17
1,2,23.0,230,2,22,2,10,47,3,17
1,2,24.0,22,4,10,0,0,12,0,14
1,2,24.0,22,4,15,0,9,102,0,14
1,2,24.0,22,4,23,1,13,28,4,14
1,0,5.0,122,0,2,2,8,27,3,24
0,11,15.0,331,3,5,1,16,42,1,1
1,8,16.0,73,5,13,0,10,47,2,2
0,5,8.0,199,0,19,3,14,126,3,8
0,5,8.0,199,0,11,0,13,36,0,8
0,10,10.0,245,0,23,1,12,80,1,4
1,0,5.0,122,0,11,1,9,63,4,24
1,4,15.0,132,6,7,1,3,103,4,1
1,4,22.0,152,6,21,2,4,82,3,26
0,9,11.0,52,6,11,3,3,79,4,9
1,4,22.0,152,6,20,0,12,84,4,26
1,4,22.0,152,6,11,1,9,54,1,26
1,4,31.0,67,0,4,2,13,99,3,20
0,3,19.0,138,2,16,0,0,77,3,10
0,3,19.0,138,2,15,2,1,59,3,10
0,9,2.0,323,4,17,0,14,34,1,22
1,11,4.0,275,1,14,0,9,93,1,30
0,9,2.0,323,4,12,1,1,67,1,22
0,9,9.0,320,4,14,0,2,2,4,12
1,0,10.0,129,6,9,0,14,110,3,4
1,0,8.0,9,4,17,1,3,115,1,8
0,11,13.0,312,5,21,0,7,31,4,25
1,0,18.0,0,3,19,3,13,48,3,0
0,3,5.0,324,2,3,2,4,4,3,24
1,0,14.0,5,2,22,0,7,62,4,5
0,11,13.0,312,5,2,0,13,48,2,25
1,8,25.0,86,3,16,0,0,64,3,13
0,5,25.0,350,4,13,1,16,130,4,13
0,9,11.0,52,6,14,0,5,12,2,9
0,5,31.0,196,2,6,0,15,51,1,20
1,8,25.0,86,3,2,0,7,111,3,13
0,3,5.0,324,2,14,0,3,30,4,24
1,0,30.0,228,5,3,1,2,86,4,19
1,0,14.0,5,2,15,0,10,23,1,5
1,11,4.0,275,1,1,0,4,5,2,30
1,8,25.0,86,3,4,0,16,74,1,13
0,3,5.0,324,2,19,2,6,14,4,24
0,6,6.0,83,1,16,1,13,48,0,23
1,7,27.0,53,3,3,3,8,27,4,15
0,7,1.0,98,2,16,0,9,109,1,7
1,8,25.0,86,3,22,2,13,29,1,13
1,8,25.0,86,3,2,1,1,16,4,13
1,8,30.0,103,5,8,2,3,44,0,19
1,3,15.0,35,5,12,3,15,114,1,1
0,11,16.0,225,0,5,0,0,68,0,2
1,4,22.0,152,6,20,0,4,5,3,26
1,4,22.0,152,6,10,1,1,105,0,26
1,4,22.0,152,6,13,1,1,81,4,26
1,4,22.0,152,6,19,0,4,45,3,26
1,4,31.0,67,0,14,0,15,31,3,20
1,8,14.0,296,2,22,0,2,69,4,5
1,2,6.0,251,3,11,1,9,49,1,23
0,5,11.0,326,4,3,0,13,36,1,9
0,5,12.0,327,5,19,0,14,126,4,28
0,5,18.0,195,4,12,0,5,12,3,0
0,5,27.0,328,6,5,1,1,1,4,15
0,5,29.0,24,0,11,1,10,52,1,16
0,5,29.0,24,0,11,0,7,137,1,16
0,5,29.0,24,0,1,0,2,92,3,16
0,6,13.0,317,1,19,0,11,117,1,25
0,6,28.0,309,2,6,0,15,51,0,18
0,6,28.0,309,2,0,0,10,22,3,18
0,6,28.0,309,2,9,0,10,23,1,18
0,6,28.0,309,2,19,1,5,6,0,18
0,10,11.0,298,1,12,0,1,11,4,9
0,10,12.0,333,2,16,0,10,52,1,28
0,10,12.0,333,2,21,1,13,48,0,28
0,10,12.0,333,2,1,0,2,13,1,28
0,10,14.0,174,5,3,2,16,50,0,5
0,10,14.0,174,5,9,0,4,5,1,5
1,8,11.0,306,3,19,0,7,20,3,9
0,3,5.0,324,2,12,2,1,11,4,24
1,2,15.0,130,1,22,0,2,2,3,1
0,6,23.0,84,5,13,0,10,23,0,17
0,6,18.0,308,3,9,0,16,50,1,0
0,6,18.0,308,3,19,0,5,12,3,0
0,6,18.0,308,3,22,0,6,7,0,0
0,6,17.0,244,6,23,1,8,27,4,6
0,6,17.0,244,6,16,1,0,15,4,6
0,6,17.0,244,6,5,0,8,118,1,6
1,2,15.0,130,1,4,0,2,86,4,1
1,2,15.0,130,1,1,2,1,59,3,1
1,2,24.0,22,4,20,2,14,34,0,14
1,2,24.0,22,4,14,0,12,84,1,14
1,2,24.0,22,4,17,3,1,35,0,14
1,0,5.0,122,0,13,0,11,90,3,24
1,0,5.0,122,0,21,1,2,86,1,24
1,2,24.0,22,4,17,1,12,84,1,14
1,0,6.0,260,1,16,2,8,9,3,23
1,0,7.0,15,2,6,1,7,120,0,11
1,0,6.0,260,1,14,1,7,20,4,23
1,0,7.0,15,2,16,0,10,47,3,11
1,0,7.0,15,2,18,0,1,11,1,11
1,0,8.0,9,4,15,2,2,86,2,8
1,0,9.0,48,5,11,0,8,9,1,12
0,1,12.0,353,6,1,0,16,72,1,28
0,1,12.0,353,6,2,1,6,7,4,28
0,1,12.0,353,6,9,0,9,93,1,28
0,1,22.0,164,1,6,0,0,12,0,26
0,1,21.0,45,0,13,1,16,74,1,21
0,1,30.0,100,2,6,0,14,32,1,19
0,1,30.0,100,2,10,1,5,64,0,19
0,1,30.0,100,2,4,0,15,46,4,19
0,1,30.0,100,2,18,0,0,31,4,19
0,1,30.0,100,2,18,0,14,25,4,19
0,1,31.0,305,4,0,2,10,22,3,20
0,1,31.0,305,4,4,0,14,24,1,20
0,8,5.0,101,1,0,0,2,40,1,24
1,0,4.0,229,3,19,3,1,105,3,30
0,7,20.0,266,0,13,0,4,138,4,29
0,8,11.0,306,0,10,1,11,94,1,9
0,8,11.0,306,0,19,0,10,22,1,9
0,8,12.0,284,1,22,2,5,6,0,28
0,8,12.0,284,1,4,0,6,89,1,28
0,8,11.0,306,0,5,1,9,57,1,9
0,8,30.0,103,6,17,0,4,136,4,19
0,8,30.0,103,6,22,2,8,41,3,19
0,8,30.0,103,6,19,0,9,57,0,19
1,0,9.0,48,5,8,0,13,28,1,12
1,0,9.0,48,5,9,2,8,27,2,12
1,0,14.0,5,2,5,0,14,106,3,5
1,0,15.0,190,4,15,0,9,102,3,1
1,0,15.0,190,4,5,1,6,132,4,1
1,0,15.0,190,4,3,1,14,32,4,1
1,0,17.0,12,6,15,1,12,80,4,6
1,0,17.0,12,6,3,0,0,64,3,6
0,3,17.0,54,0,12,1,14,25,1,6
0,3,17.0,54,0,6,0,6,89,0,6
0,5,17.0,212,2,4,0,15,112,0,6
1,0,17.0,12,6,9,0,12,84,3,6
1,0,17.0,12,6,14,1,9,49,1,6
1,8,16.0,73,5,12,0,14,24,1,2
1,11,28.0,123,5,14,0,11,133,4,18
1,4,13.0,221,4,5,1,0,68,0,25
0,11,13.0,312,5,12,2,6,89,1,25
0,6,6.0,83,1,0,0,11,133,3,23
1,0,14.0,5,2,1,0,5,6,1,5
1,8,21.0,46,2,3,0,6,128,1,21
1,4,13.0,221,4,18,0,0,15,2,25
0,6,6.0,83,1,11,0,6,73,0,23
1,11,28.0,123,5,12,0,11,18,1,18
1,4,15.0,132,6,17,1,13,28,0,1
0,11,13.0,312,5,5,1,4,82,1,25
1,8,21.0,46,2,19,1,13,69,2,21
1,0,15.0,190,4,15,0,8,9,0,1
0,11,13.0,312,5,9,2,16,72,3,25
0,7,1.0,98,2,21,1,12,17,0,7
0,3,10.0,4,0,10,0,6,132,1,4
1,4,22.0,152,6,23,0,12,61,0,26
0,11,15.0,331,3,14,0,0,85,1,1
0,7,1.0,98,2,12,0,7,8,1,7
0,3,10.0,4,0,20,1,9,63,1,4
0,11,30.0,170,0,5,0,0,68,2,19
1,8,24.0,85,6,14,1,9,134,4,14
0,11,16.0,225,0,22,1,1,81,4,2
0,7,10.0,329,5,20,1,7,111,4,4
0,9,15.0,226,2,12,1,11,98,0,1
0,3,19.0,138,2,17,0,2,2,2,10
0,11,15.0,331,3,1,0,11,18,3,1
0,6,6.0,83,1,8,0,5,12,0,23
0,6,2.0,352,5,6,1,10,47,1,22
0,8,6.0,87,2,8,0,13,28,1,23
0,7,10.0,329,5,8,1,9,93,4,4
1,4,31.0,67,0,18,0,15,46,3,20
0,9,15.0,226,2,3,0,12,135,4,1
0,3,4.0,285,1,6,3,0,64,3,30
0,9,17.0,255,5,8,0,1,16,2,6
0,3,18.0,165,1,9,0,3,115,4,0
0,8,11.0,306,0,16,0,2,92,4,9
0,7,19.0,330,3,4,0,5,64,3,10
0,9,15.0,226,2,7,1,14,24,0,1
1,0,6.0,260,1,1,0,14,110,0,23
1,0,8.0,9,4,16,0,1,35,3,8
0,10,3.0,310,0,7,1,10,22,1,27
0,10,13.0,346,4,19,0,10,22,3,25
0,10,13.0,346,4,9,0,16,50,0,25
0,10,13.0,346,4,18,0,14,34,3,25
0,6,5.0,342,0,8,0,8,19,0,24
0,6,10.0,149,6,8,2,13,29,0,4
0,10,2.0,358,3,12,0,2,2,3,22
0,10,2.0,358,3,4,0,1,11,3,22
1,0,4.0,229,3,19,0,13,48,4,30
0,10,3.0,310,0,16,0,3,79,3,27
0,10,3.0,310,0,11,0,8,27,3,27
0,10,13.0,346,4,13,1,12,80,1,25
0,1,12.0,353,6,23,0,14,25,0,28
0,1,13.0,207,3,5,1,11,98,4,25
0,1,12.0,353,6,14,0,0,64,0,28
0,1,21.0,45,0,14,0,15,46,1,21
0,1,22.0,164,1,6,0,13,36,1,26
0,1,22.0,164,1,16,1,13,48,0,26
0,1,31.0,305,4,2,0,11,94,3,20
0,8,5.0,101,1,15,1,2,13,1,24
0,8,6.0,87,2,15,0,14,34,1,23
1,0,8.0,9,4,22,0,4,79,4,8
1,0,8.0,9,4,4,1,10,43,0,8
1,0,9.0,48,5,19,2,8,27,3,12
0,10,10.0,245,0,12,1,12,84,2,4
1,0,14.0,5,2,17,0,11,117,3,5
1,0,14.0,5,2,0,1,13,99,4,5
1,0,15.0,190,4,16,2,10,47,0,1
1,0,15.0,190,4,23,0,0,53,4,1
1,0,15.0,190,4,20,1,0,26,0,1
1,0,17.0,12,6,11,0,10,22,3,6
1,0,17.0,12,6,15,2,14,25,0,6
1,0,25.0,281,3,16,0,2,86,1,13
1,0,25.0,281,3,19,0,9,134,2,13
1,0,25.0,281,3,19,1,7,57,0,13
1,0,31.0,290,6,2,3,0,68,3,20
1,0,31.0,290,6,1,0,0,77,1,20
0,11,13.0,312,5,20,1,10,23,1,25
0,11,16.0,225,0,2,0,6,132,4,2
0,11,16.0,225,0,2,3,12,56,1,2
0,11,16.0,225,0,4,0,16,50,3,2
0,11,16.0,225,0,19,1,9,93,4,2
0,11,16.0,225,0,5,0,7,120,3,2
0,3,5.0,324,2,4,2,16,50,0,24
0,3,29.0,325,6,8,0,2,2,2,16
0,3,29.0,325,6,20,1,1,67,4,16
0,5,5.0,96,5,4,0,1,59,2,24
0,5,29.0,24,0,17,0,6,91,1,16
0,6,13.0,317,1,1,2,4,75,2,25
0,3,29.0,325,6,8,0,1,11,0,16
0,3,29.0,325,6,13,1,1,59,1,16
0,5,11.0,326,4,22,1,15,46,1,9
0,5,27.0,328,6,20,0,13,29,1,15
0,5,27.0,328,6,2,0,14,106,4,15
0,5,11.0,326,4,13,0,1,16,4,9
0,6,14.0,173,2,17,0,13,21,2,5
0,6,29.0,335,4,6,1,4,45,1,16
0,6,29.0,335,4,0,1,14,34,0,16
0,6,29.0,335,4,23,0,11,117,1,16
0,11,30.0,170,0,16,1,6,128,0,19
1,8,14.0,296,2,17,0,0,64,3,5
1,8,14.0,296,2,5,0,4,138,0,5
1,8,14.0,296,2,14,0,4,82,1,5
1,2,15.0,130,1,1,0,6,73,3,1
1,10,29.0,318,5,1,0,8,19,3,16
1,0,25.0,281,3,5,0,6,14,1,13
0,3,17.0,54,0,1,1,7,20,1,6
0,5,15.0,200,0,5,0,9,54,2,1
0,5,15.0,200,0,8,1,0,26,0,1
1,8,14.0,296,2,9,0,3,30,3,5
1,8,16.0,73,5,15,0,11,58,2,2
0,3,29.0,325,6,8,0,2,2,4,16
0,9,17.0,255,5,2,2,8,9,3,6
0,7,19.0,330,3,14,0,9,27,3,10
0,3,29.0,325,6,16,1,14,106,4,16
0,6,6.0,83,1,14,0,0,53,0,23
0,3,5.0,324,2,9,1,4,79,0,24
0,8,11.0,306,0,4,1,0,26,1,9
0,9,25.0,344,6,17,0,10,22,0,13
0,9,25.0,344,6,0,0,5,12,3,13
0,5,25.0,350,4,8,0,4,45,2,13
0,6,26.0,348,0,2,1,14,32,2,3
0,10,18.0,246,1,23,1,11,55,4,0
0,9,25.0,344,6,15,1,1,105,4,13
0,7,7.0,293,1,19,2,4,82,1,11
0,7,7.0,293,1,1,1,2,2,0,11
0,7,7.0,293,1,19,0,1,35,3,11
0,7,14.0,125,1,0,0,4,75,1,5
0,7,14.0,125,1,11,0,4,75,1,5
0,7,22.0,211,2,3,0,12,80,1,26
0,3,17.0,54,0,9,0,1,16,3,6
0,3,17.0,54,0,18,2,9,93,3,6
1,10,19.0,117,1,19,1,14,88,4,10
1,10,18.0,246,0,12,1,11,15,2,0
1,1,25.0,65,4,23,1,12,121,1,13
1,8,26.0,278,0,9,1,9,102,4,3
1,6,20.0,215,0,5,0,13,69,4,29
1,10,25.0,56,0,8,3,9,27,3,13
1,10,18.0,246,0,22,1,16,74,1,0
0,11,1.0,222,3,17,0,6,7,0,7
0,11,1.0,222,3,6,1,15,114,1,7
0,11,1.0,222,3,7,0,14,24,1,7
0,7,20.0,266,0,18,0,1,11,4,29
0,5,2.0,307,1,6,2,8,9,4,22
0,3,12.0,104,2,10,2,4,82,3,28
0,5,21.0,351,3,17,1,16,42,0,21
0,5,21.0,351,3,3,0,5,64,0,21
0,5,21.0,351,3,9,0,0,64,4,21
0,5,22.0,163,0,6,0,11,15,0,26
0,5,22.0,163,0,13,2,13,29,3,26
0,5,22.0,163,0,22,1,12,56,1,26
0,5,30.0,294,1,10,2,5,6,0,19
0,5,30.0,294,1,16,0,2,86,0,19
0,5,30.0,294,1,1,0,5,12,2,19
0,6,3.0,99,6,17,0,0,26,2,27
0,6,3.0,99,6,12,0,10,22,2,27
0,6,5.0,342,0,22,1,11,10,4,24
0,6,5.0,342,0,5,1,2,13,1,24
0,6,10.0,149,6,22,0,10,22,1,4
0,11,2.0,265,0,19,3,16,113,4,22
0,10,2.0,358,3,13,1,9,134,4,22
0,10,2.0,358,3,4,0,9,49,1,22
0,10,3.0,310,0,8,0,13,69,3,27
0,10,13.0,346,4,4,0,9,95,3,25
0,1,12.0,353,6,5,2,11,94,0,28
0,1,12.0,353,6,18,0,8,27,4,28
0,1,12.0,353,6,14,1,14,125,4,28
0,1,12.0,353,6,14,0,9,87,3,28
0,1,13.0,207,3,1,0,8,41,3,25
0,1,13.0,207,3,18,0,16,37,0,25
0,1,21.0,45,0,0,1,9,95,0,21
0,1,21.0,45,0,19,0,5,6,0,21
0,1,21.0,45,0,21,1,13,36,0,21
1,3,23.0,57,6,12,1,4,121,4,17
1,3,29.0,325,5,9,2,10,22,1,16
1,3,30.0,304,6,8,0,7,122,3,19
1,3,30.0,304,6,13,2,3,30,3,19
1,3,30.0,304,6,18,0,13,28,4,19
1,5,12.0,327,4,0,0,2,92,1,28
1,5,12.0,327,4,3,0,0,64,2,28
1,5,12.0,327,4,19,2,15,85,3,28
1,5,13.0,184,5,21,2,6,128,3,25
1,5,13.0,184,5,8,2,0,0,3,25
1,5,14.0,36,6,5,0,6,7,4,5
1,5,14.0,36,6,3,0,13,99,1,5
1,5,22.0,163,3,16,0,4,75,0,26
1,5,22.0,163,3,1,0,10,52,3,26
0,8,25.0,86,0,11,1,4,127,4,13
1,7,14.0,125,0,6,0,8,118,1,5
1,7,13.0,238,3,14,2,9,54,2,25
0,2,4.0,254,6,15,0,10,22,2,30
0,8,12.0,284,1,0,0,10,47,1,28
0,5,5.0,96,5,7,1,1,105,0,24
0,8,12.0,284,1,0,1,1,105,0,28
1,5,11.0,326,2,14,1,14,97,4,9
0,6,17.0,244,6,17,1,16,50,1,6
0,7,21.0,81,1,20,0,11,90,1,21
0,5,11.0,326,4,6,0,13,29,1,9
1,5,11.0,326,2,0,1,1,11,0,9
0,10,1.0,208,6,3,3,5,6,1,7
0,4,27.0,274,5,16,1,15,108,0,15
0,6,23.0,84,5,15,3,11,15,0,17
0,6,26.0,348,0,6,0,7,20,4,3
0,6,26.0,348,0,13,1,12,56,4,3
0,10,1.0,208,6,12,0,0,26,1,7
0,10,6.0,242,4,17,1,8,19,0,23
0,10,7.0,243,5,20,1,13,36,4,11
1,7,14.0,125,0,17,1,7,57,4,5
1,7,28.0,34,0,20,0,6,7,2,18
1,7,31.0,43,4,15,0,9,134,2,20
1,3,3.0,182,3,10,1,8,33,0,27
1,3,3.0,182,3,20,1,1,16,4,27
1,3,3.0,182,3,13,1,1,59,1,27
1,3,13.0,210,2,16,0,0,68,3,25
1,3,13.0,210,2,11,3,12,80,3,25
0,7,9.0,273,4,5,1,4,136,1,12
1,8,23.0,102,5,6,1,0,53,4,17
1,8,23.0,102,5,13,0,9,27,0,17
0,8,12.0,284,1,3,1,4,66,1,28
1,2,5.0,127,6,9,2,15,51,3,24
0,6,1.0,158,4,23,3,7,20,0,7
1,8,15.0,72,4,0,0,1,11,0,1
0,5,6.0,277,6,9,1,15,114,1,23
0,2,9.0,21,4,11,0,11,98,2,12
0,3,8.0,148,6,3,0,6,128,1,8
1,3,13.0,210,2,12,1,11,10,4,25
1,3,23.0,57,6,5,1,1,59,4,17
0,11,2.0,265,0,13,1,4,136,4,22
0,11,3.0,288,1,18,0,2,2,1,27
0,11,4.0,275,2,8,1,7,20,4,30
1,0,13.0,198,1,11,0,10,22,0,25
0,9,4.0,295,6,8,0,9,27,0,30
0,9,4.0,295,6,18,1,0,77,0,30
0,7,20.0,266,0,8,2,6,89,3,29
0,3,11.0,337,1,22,0,15,46,3,9
0,3,13.0,210,4,11,0,2,69,2,25
0,3,13.0,210,4,13,1,9,49,1,25
0,3,20.0,105,4,22,0,8,27,2,29
0,3,30.0,304,3,20,1,13,36,1,19
0,5,19.0,146,5,19,0,9,109,3,10
0,5,19.0,146,5,3,1,2,2,4,10
0,5,20.0,214,6,17,0,15,31,1,29
0,5,21.0,351,3,13,1,9,49,1,21
0,5,21.0,351,3,8,0,2,86,1,21
0,5,21.0,351,3,11,1,12,80,4,21
0,5,22.0,163,0,19,0,2,2,3,26
0,5,30.0,294,1,0,0,0,15,1,19
0,5,30.0,294,1,15,1,0,64,1,19
0,6,2.0,352,5,23,1,9,95,4,22
0,6,2.0,352,5,12,0,13,29,3,22
0,1,12.0,353,6,16,1,6,7,0,28
0,1,12.0,353,6,10,1,9,57,0,28
0,3,10.0,4,0,6,0,5,12,1,4
0,3,10.0,4,0,23,1,4,4,1,4
0,3,10.0,4,0,14,2,0,15,3,4
0,5,5.0,96,5,14,0,16,37,1,24
0,5,5.0,96,5,2,0,2,86,1,24
0,5,12.0,327,5,14,0,3,30,4,28
0,5,12.0,327,5,12,3,5,64,3,28
0,5,18.0,195,4,12,3,1,11,0,0
0,5,27.0,328,6,12,0,9,57,3,15
0,5,29.0,24,0,3,0,2,86,1,16
0,5,29.0,24,0,12,0,13,29,1,16
0,5,29.0,24,0,9,0,5,12,2,16
0,6,13.0,317,1,17,0,10,22,2,25
0,6,13.0,317,1,17,0,3,30,1,25
0,11,27.0,322,5,8,0,6,89,1,15
0,3,5.0,324,2,9,0,12,17,3,24
0,6,14.0,173,2,21,1,15,31,0,5
0,6,13.0,317,1,14,2,0,26,3,25
0,6,14.0,173,2,9,0,2,2,1,5
0,6,28.0,309,2,17,2,8,27,3,18
0,10,8.0,213,6,6,0,8,41,1,8
0,10,8.0,213,6,23,0,13,38,4,8
0,10,8.0,213,6,5,1,2,86,2,8
0,10,8.0,213,6,17,2,1,105,3,8
0,10,8.0,213,6,2,0,15,108,3,8
0,10,8.0,213,6,2,2,13,28,3,8
0,10,21.0,341,5,0,1,11,94,0,21
0,7,21.0,81,1,11,1,2,35,4,21
0,10,21.0,341,5,0,0,3,79,4,21
0,7,26.0,316,3,18,2,8,27,3,3
0,7,27.0,53,0,15,0,15,39,0,15
1,4,19.0,142,2,19,1,7,8,4,10
0,3,19.0,138,2,17,0,6,89,4,10
1,9,13.0,91,3,19,2,9,57,0,25
1,7,4.0,186,5,12,0,9,134,2,30
1,7,13.0,238,3,4,2,13,121,0,25
1,7,14.0,125,0,14,2,1,67,3,5
1,7,15.0,205,1,16,0,13,123,3,1
0,6,9.0,236,5,18,2,15,31,3,12
1,2,5.0,127,6,20,1,7,120,0,24
1,2,14.0,231,0,4,0,1,1,1,5
0,1,15.0,1,1,12,0,5,64,3,1
0,8,10.0,71,3,2,1,9,10,0,4
0,9,24.0,272,5,3,1,9,93,1,14
0,9,24.0,272,5,2,2,6,89,3,14
0,3,16.0,263,3,8,0,13,69,2,2
0,4,2.0,141,0,11,0,5,6,2,22
0,8,14.0,296,4,16,0,13,36,1,5
0,4,9.0,18,0,12,1,11,55,0,12
1,7,15.0,205,1,16,0,11,15,3,1
1,7,15.0,205,1,1,1,1,105,4,1
1,7,28.0,34,0,23,1,1,105,4,18
1,7,31.0,43,4,19,0,15,39,0,20
1,3,3.0,182,3,0,1,6,7,0,27
1,3,3.0,182,3,13,0,9,57,0,27
0,1,20.0,151,3,9,3,0,12,1,29
0,7,27.0,53,0,13,0,1,67,2,15
0,7,29.0,268,2,6,1,11,55,1,16
0,7,21.0,81,1,23,3,7,122,1,21
0,3,1.0,180,6,13,1,3,79,1,7
0,3,4.0,285,1,11,0,1,59,3,30
0,11,19.0,321,4,16,1,9,27,0,10
0,11,19.0,321,4,0,1,0,68,0,10
0,11,19.0,321,4,21,1,9,27,0,10
0,11,27.0,322,5,13,2,6,7,3,15
0,11,27.0,322,5,3,0,10,22,3,15
0,11,28.0,123,6,17,1,3,30,0,18
0,11,29.0,270,3,12,2,6,89,1,16
0,11,29.0,270,3,1,0,5,47,2,16
0,11,29.0,270,3,9,0,3,30,4,16
0,11,29.0,270,3,14,3,14,25,1,16
0,9,11.0,52,6,4,1,2,13,4,9
0,11,27.0,322,5,15,0,8,33,2,15
0,7,3.0,269,5,8,2,1,1,0,27
0,7,3.0,269,5,3,0,2,2,4,27
0,7,10.0,329,5,13,2,2,40,1,4
0,7,10.0,329,5,20,1,8,33,1,4
0,7,19.0,330,3,18,2,0,77,3,10
1,1,1.0,203,0,2,1,6,132,1,7
0,5,29.0,24,0,5,1,16,108,1,16
0,1,6.0,97,3,19,1,8,19,1,23
0,1,19.0,29,6,6,1,10,22,0,10
0,11,18.0,332,2,0,1,13,29,0,0
0,11,18.0,332,2,18,0,8,33,1,0
0,11,28.0,123,6,22,0,13,69,2,18
0,11,29.0,270,3,15,2,2,86,0,16
0,9,2.0,323,4,2,2,14,131,1,22
0,7,1.0,98,2,6,0,5,12,3,7
0,7,1.0,98,2,19,2,15,96,3,7
0,7,1.0,98,2,1,2,1,1,3,7
0,7,10.0,329,5,19,1,9,10,1,4
0,7,19.0,330,3,22,0,4,75,1,10
0,7,26.0,316,3,5,0,12,104,2,3
0,7,29.0,268,2,0,0,6,14,3,16
0,3,4.0,285,1,19,1,11,15,0,30
0,3,5.0,324,2,0,0,16,39,1,24
1,2,6.0,251,3,10,0,14,131,1,23
1,2,6.0,251,3,11,0,0,53,3,23
1,8,30.0,103,5,17,1,6,7,1,19
1,2,17.0,6,4,19,0,16,72,1,6
1,2,23.0,230,2,23,1,0,68,0,17
1,2,23.0,230,2,8,0,16,50,3,17
1,0,7.0,15,2,17,0,5,12,3,11
1,0,7.0,15,2,17,0,7,62,3,11
1,0,7.0,15,2,6,1,4,45,0,11
1,0,7.0,15,2,9,0,6,7,1,11
0,3,20.0,105,4,15,1,1,16,4,29
1,2,27.0,136,3,16,0,3,115,3,15
0,3,21.0,338,5,2,0,10,12,3,21
0,3,30.0,304,3,19,2,2,86,1,19
0,5,2.0,307,1,6,0,5,12,0,22
0,5,2.0,307,1,16,0,5,0,3,22
0,5,2.0,307,1,3,3,8,19,0,22
0,5,20.0,214,6,6,2,15,114,3,29
0,5,20.0,214,6,12,0,7,122,3,29
0,5,30.0,294,1,16,1,1,16,4,19
0,5,30.0,294,1,22,0,2,69,0,19
0,6,2.0,352,5,11,1,7,78,1,22
0,6,3.0,99,6,8,2,2,86,3,27
0,6,5.0,342,0,11,0,13,38,2,24
0,6,10.0,149,6,0,0,0,96,3,4
0,6,10.0,149,6,15,0,10,22,3,4
0,6,10.0,149,6,1,0,2,86,1,4
0,6,10.0,149,6,6,0,3,76,3,4
0,6,10.0,149,6,10,1,3,79,4,4
1,6,16.0,38,4,11,3,3,44,4,2
0,6,10.0,149,6,23,0,8,9,3,4
0,10,2.0,358,3,22,0,13,99,3,22
1,4,14.0,345,5,1,0,5,6,0,5
1,4,16.0,25,3,11,0,1,35,3,2
1,4,23.0,30,3,1,0,13,29,2,17
0,3,20.0,105,4,14,2,14,25,3,29
1,4,23.0,30,3,0,1,16,139,4,17
1,4,23.0,30,3,18,1,10,22,1,17
1,4,25.0,20,1,13,0,16,74,1,13
1,4,30.0,139,3,17,1,4,121,0,19
1,6,29.0,335,2,1,1,3,115,2,16
1,10,4.0,356,0,19,0,4,5,3,30
1,10,4.0,356,0,9,0,13,29,1,30
1,10,12.0,333,1,16,2,12,61,3,28
1,10,12.0,333,1,19,0,10,6,0,28
1,10,12.0,333,1,11,1,5,64,1,28
1,10,12.0,333,1,9,0,10,47,3,28
1,10,30.0,157,6,4,3,4,136,2,19
1,10,31.0,135,3,10,0,2,92,1,20
1,10,31.0,135,3,9,2,6,14,3,20
1,1,5.0,219,5,11,0,10,23,1,24
1,1,13.0,207,6,9,0,14,25,1,25
1,1,13.0,207,6,18,0,0,77,3,25
1,1,15.0,1,0,2,0,0,53,3,1
1,4,31.0,67,0,1,2,7,62,3,20
1,4,31.0,67,0,3,1,16,139,4,20
0,5,17.0,212,2,9,2,3,115,3,6
0,11,16.0,225,0,16,0,9,49,2,2
1,4,13.0,221,4,12,3,4,45,3,25
1,2,6.0,251,3,0,0,3,76,2,23
1,2,6.0,251,3,12,0,12,17,0,23
1,2,15.0,130,1,7,0,2,69,4,1
1,2,23.0,230,2,11,0,14,88,4,17
1,2,24.0,22,4,20,0,8,41,4,14
1,2,24.0,22,4,23,0,5,64,2,14
1,0,5.0,122,0,14,0,16,50,1,24
1,0,5.0,122,0,18,1,0,15,0,24
1,0,6.0,260,1,12,0,15,46,1,23
1,0,6.0,260,1,12,1,14,107,0,23
1,0,6.0,260,1,19,1,2,69,4,23
1,0,8.0,9,4,6,0,16,37,3,8
1,0,9.0,48,5,1,2,3,76,3,12
1,0,15.0,190,4,3,1,9,58,4,1
1,0,17.0,12,6,22,1,2,2,4,6
1,0,25.0,281,3,19,0,2,3,4,13
1,4,10.0,79,0,4,0,10,47,0,4
1,4,10.0,79,0,11,1,4,75,1,4
1,4,11.0,121,1,1,1,15,119,4,9
1,4,11.0,121,1,9,0,8,33,1,9
1,4,19.0,142,2,0,1,10,22,1,10
1,4,21.0,339,5,17,1,16,37,4,21
1,4,21.0,339,5,19,0,3,44,3,21
1,4,21.0,339,5,20,1,2,123,4,21
1,4,21.0,339,5,20,0,10,47,3,21
1,4,26.0,80,2,0,1,0,15,0,3
1,4,26.0,80,2,1,0,6,91,1,3
1,4,26.0,80,2,12,0,4,45,0,3
1,2,9.0,21,2,0,0,13,99,3,12
1,2,9.0,21,2,22,0,13,29,4,12
1,2,10.0,28,4,16,0,15,85,3,4
1,2,10.0,28,4,5,1,0,68,1,4
1,2,12.0,128,6,8,0,4,75,2,28
1,2,12.0,128,6,8,0,14,24,0,28
1,2,19.0,137,6,2,2,12,104,0,10
1,2,19.0,137,6,13,1,16,108,4,10
0,10,21.0,341,5,22,0,14,131,2,21
1,1,1.0,203,0,1,3,12,80,0,7
0,5,2.0,307,1,6,0,1,16,1,22
0,10,21.0,341,5,20,1,9,10,4,21
0,7,26.0,316,3,2,1,9,9,0,3
0,5,20.0,214,6,5,1,1,16,4,29
0,10,21.0,341,5,19,1,3,76,1,21
0,3,29.0,325,6,19,0,12,80,1,16
0,5,19.0,146,5,6,1,8,9,0,10
0,3,29.0,325,6,15,0,1,11,4,16
0,5,19.0,146,5,15,0,1,11,2,10
0,10,22.0,314,6,21,1,13,36,0,26
0,8,20.0,319,2,5,0,2,86,4,29
0,5,22.0,163,0,20,2,13,99,1,26
0,10,22.0,314,6,20,1,7,122,1,26
0,5,29.0,24,0,6,0,5,6,3,16
0,5,19.0,146,5,17,0,14,24,2,10
0,10,22.0,314,6,11,1,12,104,4,26
0,6,14.0,173,2,14,3,3,44,2,5
0,5,30.0,294,1,1,0,9,49,1,19
0,10,22.0,314,6,19,0,8,27,1,26
0,6,2.0,352,5,6,1,12,17,4,22
0,10,21.0,341,5,13,0,6,89,2,21
0,3,24.0,357,0,4,2,13,21,3,14
0,3,24.0,357,0,4,0,15,77,0,14
0,3,25.0,347,1,7,0,4,82,1,13
0,3,25.0,347,1,12,0,2,69,3,13
0,3,25.0,347,1,2,0,10,22,3,13
0,3,25.0,347,1,19,2,2,2,3,13
0,9,15.0,226,2,9,0,2,2,4,1
0,9,17.0,255,5,13,0,10,47,1,6
0,9,25.0,344,6,19,0,5,12,2,13
0,9,25.0,344,6,22,1,4,4,1,13
0,9,25.0,344,6,4,0,1,35,0,13
0,7,14.0,125,1,13,2,2,123,0,5
0,7,22.0,211,2,3,0,16,139,3,26
0,10,8.0,213,6,12,0,10,47,1,8
0,10,18.0,246,1,7,1,12,56,0,0
0,3,17.0,54,0,2,3,6,7,2,6
0,3,25.0,347,1,6,2,2,86,3,13
0,5,7.0,349,3,13,1,13,48,4,11
0,5,7.0,349,3,13,1,11,55,4,11
0,5,8.0,199,0,0,0,9,101,3,8
0,5,8.0,199,0,12,2,5,12,3,8
0,5,18.0,195,4,19,0,14,107,3,0
0,7,1.0,98,2,13,1,12,17,4,7
1,4,21.0,339,5,23,1,3,79,1,21
1,2,12.0,128,6,3,1,6,89,4,28
1,9,27.0,179,3,14,0,11,15,2,15
1,4,9.0,18,3,13,1,3,79,1,12
1,8,28.0,224,2,16,0,5,64,0,18
1,0,28.0,249,2,20,2,10,22,3,18
1,0,28.0,249,2,13,0,8,27,1,18
1,0,28.0,249,2,14,0,6,7,4,18
0,11,18.0,332,2,6,2,6,91,0,0
0,11,18.0,332,2,19,0,3,30,4,0
0,11,18.0,332,2,3,1,2,2,4,0
0,11,19.0,321,4,19,0,0,26,0,10
0,11,27.0,322,5,9,1,0,53,1,15
0,11,29.0,270,3,15,1,5,6,4,16
0,9,2.0,323,4,22,0,8,9,4,22
0,9,9.0,320,4,22,2,1,67,3,12
0,9,9.0,320,4,8,0,11,15,2,12
0,3,5.0,324,2,16,0,5,12,3,24
0,3,5.0,324,2,20,1,0,26,0,24
0,3,5.0,324,2,17,1,2,123,0,24
0,1,22.0,164,1,2,0,10,22,0,26
0,1,30.0,100,2,13,0,5,12,3,19
0,1,31.0,305,4,12,0,14,110,4,20
0,1,31.0,305,4,1,1,9,10,4,20
0,8,6.0,87,2,17,2,5,6,3,23
0,8,11.0,306,0,14,2,1,105,3,9
0,8,12.0,284,1,12,0,8,9,2,28
0,8,11.0,306,0,12,1,1,105,0,9
0,8,14.0,296,4,3,0,2,2,3,5
0,8,14.0,296,4,9,0,16,113,1,5
0,8,21.0,46,4,11,1,13,13,4,21
0,3,18.0,165,1,1,1,1,1,0,0
0,6,10.0,149,6,13,0,8,41,4,4
0,11,1.0,222,3,16,2,6,116,3,7
0,11,1.0,222,3,8,0,6,7,4,7
0,11,2.0,265,0,4,0,15,108,3,22
0,11,2.0,265,0,1,1,0,53,1,22
0,5,15.0,200,0,2,0,10,47,2,1
0,5,15.0,200,0,15,1,15,112,0,1
0,5,17.0,212,2,21,1,8,19,0,6
0,6,2.0,352,5,2,1,3,70,4,22
0,10,29.0,318,6,3,1,1,81,4,16
0,6,2.0,352,5,19,1,3,44,0,22
0,6,3.0,99,6,11,1,3,76,4,27
0,10,29.0,318,6,1,0,2,40,1,16
0,10,28.0,216,5,14,1,1,11,1,18
0,10,29.0,318,6,20,0,12,93,3,16
0,6,3.0,99,6,8,2,14,34,3,27
0,10,29.0,318,6,22,0,14,25,2,16
0,6,5.0,342,0,22,2,10,22,3,24
0,1,5.0,219,6,19,0,15,46,2,24
0,6,10.0,149,6,11,1,15,51,1,4
0,10,2.0,358,3,8,0,4,45,1,22
0,1,6.0,97,3,6,1,1,16,0,23
0,6,29.0,335,4,13,0,3,30,0,16
0,1,19.0,29,6,14,0,16,50,3,10
0,4,5.0,235,4,6,0,14,24,1,24
0,6,2.0,352,5,20,0,13,28,1,22
0,6,2.0,352,5,1,0,7,20,3,22
0,6,3.0,99,6,15,1,2,123,4,27
0,6,3.0,99,6,9,0,12,56,1,27
0,6,3.0,99,6,1,0,11,133,2,27
0,6,5.0,342,0,21,0,14,34,1,24
0,6,5.0,342,0,8,0,9,57,3,24
0,6,5.0,342,0,9,0,14,97,4,24
0,6,5.0,342,0,10,0,12,135,2,24
0,6,5.0,342,0,9,2,6,128,3,24
0,6,5.0,342,0,3,2,10,47,0,24
0,6,10.0,149,6,2,0,14,32,2,4
1,8,29.0,301,4,18,0,12,121,1,16
1,2,1.0,16,1,6,1,10,22,0,7
1,7,27.0,53,3,9,0,5,12,3,15
1,3,19.0,138,1,3,2,15,31,3,10
0,11,2.0,265,0,11,0,1,81,1,22
0,11,20.0,340,5,14,0,12,135,4,29
0,10,2.0,358,3,20,2,2,71,3,22
0,10,3.0,310,0,3,0,0,26,2,27
0,10,3.0,310,0,14,0,5,6,2,27
0,10,3.0,310,0,9,0,14,131,3,27
0,9,15.0,226,2,13,1,0,12,0,1
0,9,17.0,255,5,19,0,6,128,1,6
0,9,17.0,255,5,9,0,8,41,2,6
0,9,23.0,167,4,12,1,1,81,4,17
0,9,23.0,167,4,23,1,1,35,4,17
0,9,25.0,344,6,6,0,10,47,0,13
0,7,7.0,293,1,6,2,15,39,3,11
0,7,14.0,125,1,12,0,2,2,4,5
0,7,14.0,125,1,1,0,16,74,4,5
0,7,22.0,211,2,16,0,14,32,1,26
0,7,22.0,211,2,10,1,10,47,0,26
0,7,22.0,211,2,7,1,2,2,4,26
0,3,6.0,303,4,6,0,16,37,1,23
0,10,1.0,208,6,17,0,3,30,4,7
1,10,14.0,174,4,13,0,2,123,2,5
0,3,17.0,54,0,13,1,9,49,4,6
0,3,17.0,54,0,22,1,3,103,4,6
0,3,17.0,54,0,19,1,11,124,4,6
0,3,24.0,357,0,2,2,4,4,3,14
0,3,25.0,347,1,22,0,10,47,2,13
0,3,26.0,343,2,21,0,5,12,0,3
0,3,26.0,343,2,2,0,13,21,1,3
0,9,15.0,226,2,19,0,15,96,3,1
0,9,17.0,255,5,16,0,14,24,3,6
0,10,3.0,310,0,1,3,10,12,3,27
0,10,3.0,310,0,9,1,12,83,4,27
0,1,12.0,353,6,11,0,5,12,3,28
0,1,13.0,207,3,17,2,7,111,0,25
0,1,30.0,100,2,22,0,14,24,2,19
0,1,30.0,100,2,14,0,2,92,3,19
0,8,5.0,101,1,16,0,0,53,3,24
0,8,5.0,101,1,12,0,12,61,3,24
0,8,5.0,101,1,9,0,9,101,3,24
0,1,22.0,164,1,13,3,5,12,3,26
0,8,11.0,306,0,9,0,3,76,3,9
0,1,21.0,45,0,14,1,8,27,1,21
0,8,12.0,284,1,6,1,13,48,0,28
0,6,29.0,335,4,12,0,13,48,4,16
0,10,5.0,336,2,9,2,8,19,3,24
0,10,11.0,298,1,17,0,8,9,4,9
0,10,11.0,298,1,13,0,6,128,3,9
0,10,12.0,333,2,16,2,13,99,3,28
0,10,11.0,298,1,19,1,13,28,0,9
0,10,12.0,333,2,2,0,14,25,0,28
0,7,21.0,81,1,12,2,13,28,3,21
0,7,21.0,81,1,9,0,5,6,0,21
0,7,21.0,81,1,22,1,8,9,4,21
0,7,26.0,316,3,13,0,13,38,4,3
0,7,27.0,53,0,22,1,2,60,4,15
0,7,29.0,268,2,6,0,0,12,0,16
0,3,1.0,180,6,7,1,14,110,4,7
0,3,1.0,180,6,3,1,13,69,1,7
0,3,4.0,285,1,0,0,1,67,0,30
0,3,4.0,285,1,13,0,10,43,0,30
1,3,3.0,182,3,3,2,16,108,0,27
1,3,23.0,57,6,5,0,16,130,3,17
1,3,23.0,57,6,12,0,7,111,1,17
1,3,29.0,325,5,16,1,6,7,4,16
1,3,29.0,325,5,15,1,16,139,4,16
1,5,12.0,327,4,21,0,5,6,0,28
1,5,12.0,327,4,7,1,4,66,0,28
1,5,12.0,327,4,8,2,1,11,3,28
1,5,13.0,184,5,13,2,10,22,2,25
1,5,13.0,184,5,1,1,15,96,1,25
1,5,22.0,163,3,6,0,8,41,1,26
1,5,21.0,351,6,18,0,11,15,1,21
1,5,21.0,351,6,23,1,6,7,1,21
1,5,22.0,163,3,6,2,8,41,3,26
1,5,22.0,163,3,8,1,14,25,4,26
0,8,18.0,75,0,13,2,8,9,3,0
0,4,1.0,144,3,13,0,8,41,1,7
1,7,15.0,205,1,13,1,13,48,4,1
1,3,3.0,182,3,23,3,4,82,3,27
1,3,3.0,182,3,5,1,1,67,4,27
1,3,23.0,57,6,13,0,12,80,2,17
0,10,2.0,358,3,14,0,2,86,0,22
0,10,2.0,358,3,4,0,2,86,1,22
0,10,2.0,358,3,14,0,0,0,0,22
0,10,3.0,310,0,14,0,1,35,0,27
0,1,12.0,353,6,15,1,11,55,4,28
0,1,13.0,207,3,5,1,9,93,4,25
0,1,21.0,45,0,17,1,11,8,1,21
0,1,21.0,45,0,14,0,9,95,3,21
0,1,21.0,45,0,4,2,6,116,3,21
0,1,30.0,100,2,16,1,10,22,0,19
1,4,29.0,313,6,19,0,15,108,1,16
1,4,27.0,274,4,13,0,8,9,0,15
1,2,3.0,282,4,23,0,2,123,1,27
1,2,3.0,282,4,5,2,10,47,0,27
1,2,3.0,282,4,19,2,10,22,3,27
1,0,3.0,334,6,15,1,16,130,4,27
1,0,3.0,334,6,20,1,1,67,4,27
1,0,4.0,229,3,6,0,8,41,1,30
1,0,4.0,229,3,20,0,11,58,0,30
1,3,1.0,180,5,19,0,13,29,1,7
1,10,1.0,208,5,22,0,9,93,1,7
1,10,10.0,245,3,19,1,10,22,1,4
1,9,15.0,226,1,16,0,3,30,1,1
1,9,15.0,226,1,5,0,5,64,0,1
1,9,15.0,226,1,9,0,14,32,1,1
1,9,15.0,226,1,1,0,1,105,0,1
1,9,16.0,107,2,4,1,10,52,4,2
1,3,13.0,210,2,16,0,0,53,3,25
1,3,13.0,210,2,11,0,2,86,1,25
1,3,13.0,210,2,19,1,10,23,1,25
1,3,30.0,304,6,2,0,8,9,2,19
1,3,30.0,304,6,13,0,8,41,2,19
1,9,5.0,89,6,17,3,9,27,3,24
1,7,13.0,238,3,15,0,2,2,2,25
1,7,14.0,125,0,15,0,2,123,1,5
1,7,14.0,125,0,8,0,5,6,2,5
1,7,15.0,205,1,1,0,2,86,1,1
1,7,13.0,238,3,21,0,6,7,0,25
1,7,28.0,34,0,0,0,0,0,3,18
1,3,3.0,182,3,21,0,2,2,1,27
1,3,3.0,182,3,7,1,8,33,0,27
1,3,3.0,182,3,4,0,11,133,0,27
1,3,3.0,182,3,23,1,16,39,4,27
1,3,13.0,210,2,21,1,7,120,4,25
1,3,13.0,210,2,1,0,11,18,4,25
1,3,23.0,57,6,12,0,5,12,3,17
1,3,23.0,57,6,21,1,7,120,0,17
1,3,23.0,57,6,4,0,10,47,2,17
1,3,30.0,304,6,13,0,0,77,3,19
1,5,13.0,184,5,15,0,10,47,1,25
1,5,12.0,327,4,8,0,3,79,3,28
1,10,26.0,61,1,4,0,2,69,0,3
1,5,13.0,184,5,3,0,16,130,2,25
1,5,13.0,184,5,10,0,9,57,2,25
1,5,14.0,36,6,13,0,3,79,3,5
1,6,19.0,291,3,20,1,2,2,1,10
1,3,30.0,304,6,13,0,8,41,3,19
1,5,12.0,327,4,20,0,14,24,2,28
1,9,9.0,320,2,17,0,16,37,4,12
1,3,30.0,304,6,8,0,9,101,2,19
1,6,15.0,49,2,1,0,13,38,2,1
1,6,12.0,162,3,3,0,8,118,2,28
1,5,12.0,327,4,8,2,12,80,3,28
1,5,14.0,36,6,20,0,15,31,0,5
1,10,19.0,117,1,15,0,13,38,3,10
1,10,19.0,117,1,21,2,16,50,3,10
1,10,19.0,117,1,13,0,14,32,1,10
1,10,19.0,117,1,12,0,5,64,0,10
1,10,20.0,223,2,6,0,5,6,0,29
1,10,25.0,56,0,6,2,5,12,3,13
1,10,25.0,56,0,4,0,13,28,4,13
1,10,25.0,56,0,4,0,5,12,0,13
1,10,26.0,61,1,2,1,10,22,2,3
1,10,26.0,61,1,1,2,16,139,0,3
1,1,11.0,111,4,0,0,8,9,1,9
1,3,7.0,289,4,16,1,0,85,0,11
1,5,2.0,307,0,18,3,5,12,3,22
1,1,11.0,111,4,11,1,1,16,4,9
1,7,1.0,98,1,9,1,16,37,4,7
1,7,10.0,329,4,20,0,6,89,2,4
1,7,10.0,329,4,1,0,9,95,0,4
1,7,17.0,95,4,22,2,13,69,2,6
1,5,21.0,351,6,19,0,14,97,1,21
1,6,5.0,342,3,16,2,2,86,3,24
1,6,5.0,342,3,11,0,9,49,2,24
1,6,5.0,342,3,22,1,0,26,1,24
1,6,5.0,342,3,3,0,10,22,0,24
1,6,5.0,342,3,1,2,3,30,0,24
1,6,7.0,169,1,0,0,3,44,3,11
1,6,7.0,169,1,0,1,10,22,4,11
1,6,7.0,169,1,13,0,8,27,1,11
1,6,7.0,169,1,22,0,12,80,1,11
1,6,7.0,169,1,21,2,8,19,3,11
1,6,5.0,342,3,2,0,4,75,1,24
1,6,12.0,162,3,15,1,9,102,1,28
1,6,12.0,162,3,11,1,12,61,1,28
1,9,3.0,217,4,15,0,0,77,3,27
1,9,3.0,217,4,22,0,4,127,1,27
1,9,3.0,217,4,2,0,14,126,1,27
1,9,4.0,295,5,17,2,12,100,3,30
1,7,16.0,40,2,18,0,1,81,1,2
1,6,12.0,162,3,14,0,8,41,0,28
1,5,24.0,58,1,6,0,10,47,1,14
1,9,13.0,91,3,2,2,16,50,0,25
1,6,20.0,215,0,20,2,2,86,3,29
1,10,20.0,223,2,17,0,4,4,1,29
1,6,20.0,215,0,11,0,2,13,0,29
1,10,20.0,223,2,6,1,15,39,1,29
1,5,24.0,58,1,10,0,16,74,1,14
1,9,13.0,91,3,8,0,14,25,1,25
1,6,19.0,291,3,18,0,16,37,3,10
1,6,12.0,162,3,5,1,13,38,1,28
1,5,24.0,58,1,0,1,7,111,0,14
1,9,13.0,91,3,19,0,7,20,0,25
1,6,20.0,215,0,12,0,16,50,3,29
1,11,1.0,222,6,16,3,0,53,3,7
1,10,25.0,56,0,6,1,13,21,2,13
1,3,1.0,180,5,11,1,7,129,4,7
1,1,11.0,111,4,1,0,15,96,3,9
1,6,15.0,49,2,17,0,11,117,3,1
1,6,19.0,291,3,22,1,13,48,4,10
1,9,13.0,91,3,19,2,11,94,3,25
1,10,25.0,56,0,14,0,8,118,3,13
1,5,24.0,58,1,4,0,4,75,1,14
1,6,19.0,291,3,11,1,14,88,4,10
1,6,20.0,215,0,9,1,0,12,0,29
1,9,13.0,91,3,8,1,1,1,4,25
1,1,27.0,262,6,12,2,9,57,0,15
1,5,21.0,351,6,11,0,14,34,1,21
1,5,11.0,326,2,15,0,3,115,0,9
1,6,20.0,215,0,15,0,13,69,3,29
1,3,25.0,347,0,8,1,16,72,4,13
1,10,26.0,61,1,17,2,10,47,3,3
1,6,20.0,215,0,14,0,1,35,4,29
1,10,25.0,56,0,14,1,15,114,1,13
1,6,19.0,291,3,20,1,13,48,4,10
1,9,17.0,255,4,21,0,8,65,1,6
1,6,20.0,215,0,2,2,14,88,3,29
1,10,26.0,61,1,2,0,13,21,3,3
1,9,18.0,359,5,12,0,11,15,2,0
1,11,5.0,240,2,21,2,2,69,0,24
1,5,11.0,326,2,3,1,16,72,0,9
1,6,20.0,215,0,11,1,14,32,4,29
1,6,20.0,215,0,9,0,9,54,1,29
1,11,5.0,240,2,12,0,3,76,3,24
1,5,21.0,351,6,3,0,8,118,4,21
1,6,20.0,215,0,23,1,11,18,1,29
1,9,27.0,179,3,22,1,1,81,4,15
1,9,18.0,359,5,3,1,12,100,4,0
1,1,27.0,262,6,4,0,3,79,1,15
1,5,30.0,294,0,16,0,12,56,4,19
1,10,18.0,246,0,13,0,7,122,3,0
1,10,2.0,358,6,22,3,4,82,1,22
1,11,28.0,123,5,8,1,5,64,1,18
1,5,16.0,239,0,17,2,10,43,0,2
1,10,18.0,246,0,9,0,3,30,3,0
1,5,30.0,294,0,13,1,7,62,4,19
1,9,4.0,295,5,11,0,13,29,1,30
1,7,2.0,160,2,16,3,10,47,3,22
1,10,18.0,246,0,22,0,5,12,3,0
1,9,18.0,359,5,5,1,2,86,1,0
1,10,26.0,61,1,15,0,9,83,4,3
1,1,28.0,300,3,20,0,4,136,1,18
1,5,17.0,212,1,8,0,2,13,3,6
1,5,30.0,294,0,1,0,6,128,1,19
1,9,4.0,295,5,13,0,14,25,2,30
1,10,20.0,223,2,16,0,8,9,3,29
1,7,8.0,94,1,16,0,0,53,3,8
1,1,11.0,111,4,11,0,8,9,1,9
1,6,5.0,342,3,22,2,6,128,0,24
1,1,28.0,300,3,9,0,4,5,1,18
1,1,25.0,65,4,0,0,3,30,4,13
1,5,17.0,212,1,12,2,2,86,3,6
1,10,19.0,117,1,22,0,6,7,2,10
1,7,8.0,94,1,15,2,6,132,1,8
1,9,4.0,295,5,2,0,0,0,3,30
1,5,18.0,195,2,0,0,5,12,3,0
1,7,16.0,40,2,5,0,15,31,0,2
1,1,27.0,262,6,0,2,0,64,3,15
1,10,19.0,117,1,0,0,13,38,1,10
1,7,16.0,40,2,4,1,11,94,0,2
1,8,2.0,77,5,18,0,14,110,3,22
1,6,5.0,342,3,19,0,2,3,4,24
1,9,1.0,126,1,3,3,1,11,0,7
1,10,20.0,223,2,12,0,3,30,1,29
1,1,27.0,262,6,19,1,3,30,0,15
1,3,7.0,289,4,12,0,16,74,2,11
1,6,5.0,342,3,18,0,11,15,0,24
1,3,1.0,180,5,11,1,13,48,4,7
1,11,1.0,222,6,15,0,2,92,1,7
1,5,18.0,195,2,6,0,10,47,1,0
1,6,5.0,342,3,22,0,8,33,3,24
1,3,1.0,180,5,8,0,9,95,1,7
1,10,20.0,223,2,12,0,1,1,1,29
1,3,17.0,54,3,18,1,1,105,0,6
1,10,19.0,117,1,11,0,9,95,2,10
1,8,2.0,77,5,14,0,7,62,2,22
1,3,25.0,347,0,4,0,14,32,1,13
1,3,17.0,54,3,9,1,15,112,2,6
1,6,7.0,169,1,17,0,16,65,4,11
1,8,12.0,284,0,19,0,3,79,3,28
1,10,19.0,117,1,16,1,10,22,0,10
1,5,3.0,161,1,14,0,8,41,4,27
1,10,20.0,223,2,1,0,2,60,4,29
1,5,18.0,195,2,2,0,12,83,2,0
1,8,12.0,284,0,14,0,11,55,4,28
1,10,20.0,223,2,16,0,14,107,3,29
1,7,2.0,160,2,17,0,9,49,1,22
1,8,17.0,74,6,0,1,0,15,0,6
1,3,24.0,357,3,17,1,0,15,0,14
1,5,11.0,326,2,15,1,10,47,1,9
1,10,20.0,223,2,20,1,14,32,0,29
1,7,2.0,160,2,16,0,10,22,0,22
1,10,25.0,56,0,1,1,9,109,4,13
1,9,16.0,107,2,5,0,10,47,2,2
1,11,5.0,240,2,17,0,0,12,3,24
1,5,17.0,212,1,6,1,11,133,1,6
1,3,24.0,357,3,5,2,13,28,0,14
1,6,7.0,169,1,0,1,16,74,1,11
1,11,5.0,240,2,16,0,5,64,2,24
1,10,20.0,223,2,5,0,14,24,1,29
1,7,28.0,34,0,9,0,4,136,1,18
1,7,8.0,94,1,6,1,15,51,1,8
1,5,17.0,212,1,19,0,6,89,0,6
1,9,16.0,107,2,8,0,2,40,4,2
1,3,24.0,357,3,19,1,4,75,1,14
1,6,7.0,169,1,20,0,12,56,1,11
1,11,5.0,240,2,5,0,15,46,4,24
1,10,20.0,223,2,1,1,7,8,4,29
1,7,9.0,273,2,17,1,9,109,4,12
1,3,13.0,210,2,3,0,0,0,3,25
1,9,4.0,295,5,8,2,10,47,3,30
1,5,24.0,58,1,22,2,4,4,3,14
1,9,17.0,255,4,5,0,13,13,4,6
1,3,23.0,57,6,15,1,10,43,2,17
1,11,1.0,222,6,6,1,10,52,0,7
1,6,7.0,169,1,7,1,11,117,0,11
1,7,2.0,160,2,14,0,3,44,0,22
1,11,4.0,275,1,13,0,8,33,3,30
1,7,9.0,273,2,10,1,1,105,2,12
1,11,5.0,240,2,22,2,3,79,3,24
1,3,24.0,357,3,17,0,16,50,1,14
1,7,8.0,94,1,19,0,0,26,2,8
1,5,24.0,58,1,1,0,12,17,0,14
1,11,4.0,275,1,2,0,5,6,2,30
1,3,25.0,347,0,21,0,13,13,1,13
1,3,23.0,57,6,19,0,1,67,4,17
1,11,1.0,222,6,16,0,8,118,1,7
1,5,24.0,58,1,18,1,9,10,4,14
1,7,16.0,40,2,22,1,2,13,1,2
1,9,27.0,179,3,16,0,5,12,1,15
1,11,4.0,275,1,19,0,7,20,4,30
1,5,3.0,161,1,3,2,12,100,3,27
1,11,28.0,123,5,19,0,2,86,4,18
1,6,12.0,162,3,8,2,6,132,3,28
1,11,28.0,123,5,13,1,2,123,4,18
1,11,5.0,240,2,0,0,9,83,1,24
1,6,17.0,244,5,8,1,2,2,4,6
1,11,1.0,222,6,17,0,14,110,0,7
1,3,23.0,57,6,18,0,5,12,1,17
1,3,1.0,180,5,3,0,15,114,2,7
1,11,5.0,240,2,3,0,9,93,0,24
1,11,29.0,270,6,14,0,4,4,3,16
1,5,8.0,199,3,13,0,7,20,1,8
1,9,3.0,217,4,11,0,2,71,4,27
1,3,1.0,180,5,1,0,10,47,3,7
1,3,30.0,304,6,12,0,15,96,0,19
1,11,1.0,222,6,15,0,10,43,3,7
1,6,27.0,116,0,16,0,3,44,3,15
1,7,9.0,273,2,20,0,16,130,3,12
1,3,30.0,304,6,9,2,0,77,3,19
1,11,8.0,283,6,12,0,2,86,3,8
1,11,28.0,123,5,2,1,11,55,4,18
1,5,8.0,199,3,11,2,5,6,0,8
1,9,3.0,217,4,9,0,2,13,0,27
1,11,4.0,275,1,6,0,6,128,1,30
1,7,16.0,40,2,14,0,2,3,4,2
1,11,8.0,283,6,19,1,14,34,4,8
1,3,8.0,148,5,22,0,15,108,1,8
1,11,29.0,270,6,19,1,9,83,4,16
1,8,11.0,306,3,9,0,2,69,2,9
1,3,8.0,148,5,17,1,1,35,0,8
1,11,5.0,240,2,13,0,13,99,4,24
1,10,1.0,208,5,4,0,4,127,1,7
1,7,17.0,95,4,1,0,15,112,1,6
1,9,3.0,217,4,4,0,9,57,4,27
1,3,8.0,148,5,13,2,1,59,3,8
1,10,10.0,245,3,8,0,5,64,3,4
1,11,28.0,123,5,20,0,3,76,1,18
1,11,29.0,270,6,1,0,15,39,3,16
1,11,10.0,360,0,20,1,4,82,1,4
1,3,8.0,148,5,22,0,9,101,4,8
1,9,4.0,295,5,20,2,10,47,3,30
1,7,31.0,43,4,19,0,9,95,2,20
1,11,15.0,331,6,22,2,0,12,0,1
1,11,15.0,331,6,11,1,9,93,4,1
1,11,17.0,110,0,19,0,2,86,1,6
1,11,17.0,110,0,8,1,1,59,4,6
1,11,17.0,110,0,1,2,15,51,3,6
1,9,1.0,126,1,12,0,14,107,4,7
1,9,1.0,126,1,12,0,13,48,1,7
1,9,1.0,126,1,18,0,0,77,1,7
1,9,15.0,226,1,17,0,10,47,3,1
1,9,16.0,107,2,6,0,16,74,3,2
1,10,13.0,346,2,4,2,15,31,3,25
1,10,23.0,247,6,16,2,1,35,0,17
1,10,23.0,247,6,7,0,0,77,1,17
1,10,24.0,261,3,19,0,13,21,1,14
1,1,6.0,97,6,0,0,13,29,1,23
1,1,6.0,97,6,2,1,1,105,4,23
1,1,6.0,97,6,18,0,8,27,4,23
1,7,19.0,330,6,2,0,4,75,2,10
1,3,30.0,304,6,0,1,11,18,1,19
1,1,7.0,32,3,12,0,3,44,1,11
1,10,25.0,56,0,11,2,8,19,0,13
1,10,25.0,56,0,1,0,15,114,1,13
1,10,26.0,61,1,16,1,6,7,0,3
1,10,26.0,61,1,5,2,13,48,3,3
1,10,26.0,61,1,9,0,2,2,3,3
1,1,28.0,300,3,17,1,6,7,0,18
1,1,28.0,300,3,13,0,15,108,1,18
1,1,28.0,300,3,9,0,14,24,2,18
1,8,2.0,77,5,5,0,13,21,3,22
1,3,10.0,4,3,15,3,10,47,0,4
1,3,18.0,165,0,0,2,2,86,3,0
1,3,18.0,165,0,19,0,14,24,1,0
1,3,19.0,138,1,9,2,1,59,3,10
1,3,26.0,343,1,21,1,4,66,4,3
1,3,26.0,343,1,3,2,13,38,0,3
1,3,26.0,343,1,2,1,11,129,4,3
1,3,26.0,343,1,3,0,16,37,1,3
1,3,26.0,343,1,2,0,8,33,4,3
1,3,27.0,361,2,3,0,12,17,4,15
1,6,2.0,352,4,15,0,2,2,1,22
1,6,2.0,352,4,2,0,10,47,1,22
1,6,2.0,352,4,4,0,3,115,3,22
1,6,3.0,99,5,21,1,0,77,1,27
1,11,5.0,240,2,17,1,14,24,4,24
1,11,28.0,123,5,0,0,6,14,4,18
1,11,28.0,123,5,5,0,11,18,1,18
1,11,28.0,123,5,4,0,12,93,3,18
1,11,28.0,123,5,1,0,4,127,4,18
1,11,29.0,270,6,15,2,2,35,0,16
1,9,3.0,217,4,11,0,7,78,2,27
1,9,5.0,89,6,4,2,15,85,0,24
1,9,13.0,91,3,3,2,4,103,3,25
1,9,13.0,91,3,5,0,3,70,2,25
1,9,13.0,91,3,8,0,9,10,2,25
1,7,4.0,186,5,17,0,2,13,1,30
1,7,4.0,186,5,12,2,7,20,3,30
1,7,11.0,197,5,7,2,5,6,3,9
1,7,14.0,125,0,0,1,1,67,0,5
1,7,13.0,238,3,1,1,14,125,4,25
1,7,15.0,205,1,13,0,11,117,1,1
1,6,3.0,99,5,4,0,11,117,1,27
1,6,3.0,99,5,8,0,2,2,2,27
1,6,11.0,355,6,15,0,2,86,1,9
1,6,11.0,355,6,18,1,0,15,0,9
1,6,19.0,291,3,23,1,9,93,4,10
1,6,19.0,291,3,12,1,14,32,1,10
1,6,20.0,215,0,6,0,5,6,3,29
1,9,3.0,217,4,2,0,2,92,1,27
1,9,4.0,295,5,13,1,1,35,4,30
1,9,3.0,217,4,18,0,14,24,1,27
1,5,30.0,294,0,19,1,15,119,2,19
1,3,8.0,148,5,8,0,2,2,2,8
1,7,24.0,68,4,0,0,9,93,4,14
1,6,3.0,99,5,9,0,16,50,1,27
1,11,28.0,123,5,9,0,5,6,0,18
1,11,14.0,147,5,6,0,16,74,3,5
1,3,8.0,148,5,11,0,8,41,1,8
1,5,2.0,307,0,8,0,4,4,2,22
1,5,12.0,327,4,17,0,7,120,1,28
1,3,8.0,148,5,8,0,8,41,2,8
1,3,17.0,54,3,18,0,14,32,1,6
1,5,12.0,327,4,4,2,3,30,3,28
1,7,24.0,68,4,7,1,6,91,0,14
1,6,3.0,99,5,1,0,4,5,1,27
1,3,8.0,148,5,15,1,13,99,4,8
1,7,22.0,211,1,17,1,10,22,1,26
1,5,3.0,161,1,13,2,3,103,3,27
1,5,12.0,327,4,3,1,2,69,4,28
1,7,24.0,68,4,19,0,16,113,1,14
1,11,28.0,123,5,5,1,6,91,1,18
1,6,3.0,99,5,1,0,9,49,3,27
1,6,11.0,355,6,2,1,10,47,4,9
1,6,16.0,38,4,2,2,2,3,0,2
1,6,19.0,291,3,0,1,14,24,1,10
1,6,19.0,291,3,20,1,13,123,1,10
1,6,19.0,291,3,23,1,3,44,4,10
1,6,20.0,215,0,2,0,3,79,0,29
1,6,20.0,215,0,4,2,9,102,3,29
1,6,20.0,215,0,5,3,5,6,1,29
1,10,2.0,358,6,17,2,9,102,3,22
1,10,2.0,358,6,14,0,1,105,0,22
1,10,18.0,246,0,16,0,10,47,3,0
1,10,18.0,246,0,4,0,1,16,3,0
1,5,2.0,307,0,19,0,13,21,2,22
1,6,11.0,355,6,18,0,13,29,2,9
1,7,1.0,98,1,17,0,1,67,3,7
1,7,1.0,98,1,18,1,9,102,1,7
1,6,19.0,291,3,14,0,3,79,2,10
1,6,20.0,215,0,19,0,12,84,4,29
1,11,8.0,283,6,23,1,1,11,0,8
1,11,8.0,283,6,5,0,10,43,1,8
1,3,25.0,347,0,18,0,1,35,4,13
1,11,15.0,331,6,1,2,12,80,3,1
1,11,17.0,110,0,20,2,8,118,1,6
1,11,17.0,110,0,8,0,11,98,1,6
1,11,17.0,110,0,12,2,15,39,0,6
1,9,1.0,126,1,6,2,15,46,3,7
1,9,1.0,126,1,14,0,6,91,4,7
1,9,1.0,126,1,1,0,9,95,1,7
1,9,15.0,226,1,21,0,10,22,1,1
1,9,15.0,226,1,21,0,10,47,0,1
1,9,4.0,295,5,19,1,16,113,1,30
1,9,5.0,89,6,4,0,3,30,3,24
1,9,5.0,89,6,3,1,13,38,4,24
1,9,13.0,91,3,11,3,6,7,0,25
1,9,13.0,91,3,15,1,1,59,1,25
1,9,13.0,91,3,9,0,15,31,2,25
1,7,4.0,186,5,16,2,10,22,2,30
1,7,4.0,186,5,5,0,15,31,0,30
1,7,11.0,197,5,4,0,1,67,4,9
1,7,13.0,238,3,14,0,13,29,2,25
1,7,13.0,238,3,18,0,12,80,3,25
1,7,14.0,125,0,0,0,11,55,1,5
1,7,14.0,125,0,9,0,13,99,2,5
1,7,28.0,34,0,20,0,1,11,0,18
1,7,28.0,34,0,19,1,11,15,4,18
1,7,31.0,43,4,11,1,16,130,4,20
1,3,3.0,182,3,6,1,11,133,4,27
1,3,3.0,182,3,22,1,13,99,4,27
1,3,13.0,210,2,16,0,0,68,3,25
1,3,13.0,210,2,22,0,10,22,1,25
1,5,14.0,36,6,15,2,6,128,2,5
1,5,14.0,36,6,1,0,6,132,1,5
1,10,18.0,246,0,1,1,16,37,2,0
1,10,19.0,117,1,6,2,5,6,3,10
1,10,19.0,117,1,8,1,1,11,4,10
1,10,20.0,223,2,17,0,0,85,1,29
1,10,20.0,223,2,0,0,9,27,0,29
1,10,20.0,223,2,6,1,7,54,2,29
1,10,20.0,223,2,7,1,10,22,1,29
1,3,26.0,343,1,5,0,11,94,3,3
1,5,3.0,161,1,15,0,0,64,3,27
1,7,27.0,53,3,1,0,6,7,3,15
1,9,26.0,267,6,20,0,10,47,2,3
1,5,12.0,327,4,9,0,2,13,1,28
1,9,3.0,217,4,18,0,14,24,1,27
1,3,7.0,289,4,19,1,14,126,4,11
1,3,26.0,343,1,14,2,9,27,3,3
1,7,1.0,98,1,1,2,2,69,3,7
1,1,26.0,248,5,8,1,3,44,2,3
1,5,12.0,327,4,2,0,9,134,2,28
1,5,13.0,184,5,19,0,6,73,1,25
1,3,8.0,148,5,9,1,14,32,4,8
1,7,1.0,98,1,9,0,6,89,4,7
1,8,11.0,306,3,8,0,2,3,0,9
1,5,13.0,184,5,18,0,10,47,2,25
1,9,17.0,255,4,8,0,4,4,1,6
1,3,17.0,54,3,15,0,15,114,2,6
1,5,2.0,307,0,8,0,14,126,3,22
1,7,1.0,98,1,14,0,13,21,1,7
1,11,23.0,232,3,8,0,4,138,4,17
1,5,8.0,199,3,21,3,0,68,3,8
1,3,23.0,57,6,16,1,0,96,1,17
1,9,16.0,107,2,13,1,12,84,1,2
1,3,17.0,54,3,14,0,10,22,3,6
1,5,2.0,307,0,14,0,2,2,1,22
1,6,2.0,352,4,21,1,12,56,2,22
1,6,2.0,352,4,12,0,15,31,4,22
1,6,2.0,352,4,20,1,14,131,1,22
1,3,19.0,138,1,11,1,4,121,4,10
1,11,9.0,311,3,15,0,12,84,3,12
1,6,2.0,352,4,18,0,1,11,1,22
1,6,2.0,352,4,18,2,13,21,1,22
1,6,3.0,99,5,3,1,13,36,4,27
1,6,11.0,355,6,19,0,8,118,3,9
1,6,16.0,38,4,22,0,5,6,3,2
1,6,16.0,38,4,22,0,8,41,2,2
1,6,15.0,49,2,22,0,0,26,3,1
1,6,15.0,49,2,9,1,15,51,0,1
1,9,4.0,295,5,1,0,4,5,2,30
1,9,4.0,295,5,13,1,4,45,2,30
1,9,5.0,89,6,11,0,1,11,2,24
1,9,5.0,89,6,11,0,6,14,1,24
1,9,5.0,89,6,5,0,8,27,3,24
1,9,5.0,89,6,3,0,11,94,1,24
1,9,5.0,89,6,11,1,9,63,1,24
1,9,13.0,91,3,17,0,15,114,1,25
1,9,13.0,91,3,6,0,13,99,3,25
1,9,13.0,91,3,4,0,11,133,2,25
1,7,4.0,186,5,8,1,11,117,1,30
1,7,11.0,197,5,1,0,8,9,0,9
1,7,13.0,238,3,16,0,14,25,1,25
1,7,13.0,238,3,1,0,8,118,3,25
1,7,14.0,125,0,12,0,2,69,0,5
1,7,15.0,205,1,6,0,2,86,1,1
1,7,15.0,205,1,6,0,5,12,0,1
1,7,28.0,34,0,8,0,10,47,0,18
1,7,28.0,34,0,19,0,0,31,0,18
1,10,10.0,245,3,9,1,9,54,1,4
1,10,17.0,256,3,11,1,11,18,1,6
1,10,17.0,256,3,5,1,9,93,1,6
1,10,27.0,302,2,18,0,7,78,1,15
1,1,1.0,203,0,20,1,5,12,0,7
1,1,1.0,203,0,1,0,10,22,3,7
1,7,31.0,43,4,2,0,10,22,1,20
1,3,3.0,182,3,12,1,7,120,1,27
1,3,3.0,182,3,3,1,2,123,4,27
1,3,13.0,210,2,4,0,14,34,4,25
1,3,13.0,210,2,19,0,2,86,1,25
1,6,15.0,49,2,7,0,3,103,1,1
1,6,15.0,49,2,21,1,0,85,0,1
1,6,15.0,49,2,13,0,0,64,1,1
1,6,21.0,193,1,16,2,4,4,3,21
1,6,21.0,193,1,6,1,4,136,4,21
1,6,21.0,193,1,22,2,14,34,3,21
1,10,24.0,261,3,18,0,14,110,1,14
1,6,21.0,193,1,19,0,16,72,0,21
1,6,21.0,193,1,9,0,1,67,0,21
1,10,7.0,243,4,5,0,15,108,2,11
1,10,7.0,243,4,5,0,13,38,3,11
1,10,7.0,243,4,14,2,10,47,3,11
1,10,13.0,346,2,8,0,4,82,1,25
1,10,13.0,346,2,1,0,1,105,4,25
1,6,19.0,291,3,6,0,9,10,3,10
1,6,19.0,291,3,3,0,10,47,3,10
1,5,8.0,199,3,11,0,11,10,1,8
1,11,24.0,194,0,17,0,5,12,0,14
1,7,10.0,329,4,4,0,5,0,3,4
1,3,24.0,357,3,9,0,13,29,2,14
1,5,8.0,199,3,0,1,1,67,0,8
1,7,7.0,293,0,16,1,10,22,0,11
1,3,23.0,57,6,19,0,16,42,4,17
1,3,24.0,357,3,16,0,0,64,1,14
1,5,8.0,199,3,2,0,14,25,3,8
1,3,29.0,325,5,5,0,11,117,0,16
1,7,7.0,293,0,14,0,7,20,0,11
1,9,27.0,179,3,3,0,2,60,2,15
1,7,1.0,98,1,17,0,11,94,4,7
1,5,11.0,326,2,6,0,13,28,0,9
1,5,12.0,327,4,17,0,4,70,3,28
1,7,7.0,293,0,3,1,16,139,1,11
1,9,5.0,89,6,4,1,2,123,4,24
1,3,9.0,44,6,6,0,9,87,2,12
1,3,24.0,357,3,3,1,8,41,4,14
1,5,11.0,326,2,6,1,8,19,0,9
1,5,14.0,36,6,5,0,9,87,2,5
1,7,10.0,329,4,4,0,13,28,4,4
1,9,13.0,91,3,6,0,3,30,1,25
1,9,4.0,295,5,10,0,2,86,1,30
1,7,4.0,186,5,23,2,16,74,3,30
1,9,13.0,91,3,1,0,4,75,1,25
1,7,4.0,186,5,22,2,8,41,4,30
1,7,4.0,186,5,8,0,10,23,3,30
1,7,11.0,197,5,6,2,14,25,3,9
1,7,11.0,197,5,4,0,14,110,4,9
1,7,11.0,197,5,22,0,1,67,2,9
1,7,13.0,238,3,4,0,13,38,0,25
1,7,28.0,34,0,0,1,2,69,0,18
1,7,28.0,34,0,0,1,8,19,0,18
1,7,28.0,34,0,20,2,1,105,1,18
1,7,28.0,34,0,3,0,10,52,2,18
1,7,31.0,43,4,17,0,9,101,1,20
1,7,31.0,43,4,11,0,2,123,1,20
1,7,31.0,43,4,20,1,7,120,4,20
1,3,3.0,182,3,7,1,8,33,0,27
1,3,13.0,210,2,6,1,11,18,0,25
1,9,26.0,267,6,11,0,4,45,2,3
1,3,19.0,138,1,9,3,6,89,4,10
1,6,3.0,99,5,2,0,10,22,0,27
1,6,11.0,355,6,1,0,13,28,1,9
1,6,11.0,355,6,9,2,11,55,3,9
1,6,16.0,38,4,17,0,12,61,4,2
1,6,16.0,38,4,22,2,11,0,3,2
1,6,16.0,38,4,9,2,6,7,3,2
1,6,16.0,38,4,13,1,12,56,1,2
1,6,19.0,291,3,17,1,11,55,2,10
1,6,19.0,291,3,23,0,8,9,1,10
1,6,19.0,291,3,1,1,10,52,1,10
1,6,20.0,215,0,2,1,11,133,4,29
1,10,18.0,246,0,16,0,15,39,1,0
1,10,18.0,246,0,14,0,16,113,1,0
1,10,18.0,246,0,19,1,0,68,1,0
1,10,18.0,246,0,9,1,9,10,4,0
1,9,6.0,51,3,4,1,6,7,0,23
1,11,3.0,288,0,10,1,10,47,0,27
1,11,21.0,192,5,13,1,2,35,4,21
1,9,14.0,106,0,5,1,6,91,4,5
1,9,14.0,106,0,4,1,11,18,0,5
1,9,12.0,177,6,17,1,8,41,4,28
1,11,3.0,288,0,14,1,9,95,0,27
1,11,8.0,283,6,3,2,8,9,2,8
1,11,15.0,331,6,3,0,7,57,2,1
1,9,17.0,255,4,0,1,6,7,0,6
1,7,9.0,273,2,14,1,0,64,0,12
1,9,27.0,179,3,2,2,15,114,2,15
1,3,1.0,180,5,6,2,0,26,3,7
1,3,8.0,148,5,2,0,11,15,3,8
1,3,24.0,357,3,12,0,6,7,3,14
1,11,4.0,275,1,17,0,2,86,1,30
1,7,10.0,329,4,19,0,6,73,0,4
1,3,9.0,44,6,16,0,11,0,0,12
1,3,25.0,347,0,2,0,15,112,1,13
1,11,4.0,275,1,6,0,6,89,1,30
1,3,10.0,4,3,17,0,1,11,4,4
1,3,10.0,4,3,16,0,13,21,4,4
1,3,25.0,347,0,9,0,10,22,1,13
1,5,14.0,36,6,5,1,3,115,4,5
1,3,10.0,4,3,16,0,11,98,4,4
1,7,19.0,330,6,14,0,6,89,2,10
1,3,9.0,44,6,5,1,10,52,1,12
1,5,3.0,161,1,21,0,0,0,3,27
1,10,17.0,256,3,5,0,7,20,0,6
1,11,5.0,240,2,21,2,2,2,0,24
1,7,26.0,316,6,19,0,16,65,0,3
1,9,16.0,107,2,12,0,4,127,4,2
1,11,5.0,240,2,12,0,12,104,3,24
1,3,26.0,343,1,2,2,12,17,3,3
1,6,20.0,215,0,18,0,13,99,4,29
1,7,15.0,205,1,18,0,0,31,0,1
1,9,17.0,255,4,21,0,2,40,1,6
1,3,26.0,343,1,1,0,9,134,1,3
1,10,18.0,246,0,18,0,5,0,3,0
1,3,30.0,304,6,11,1,0,26,2,19
1,5,14.0,36,6,13,3,8,118,1,5
1,5,14.0,36,6,14,0,1,11,1,5
1,5,21.0,351,6,2,0,15,96,0,21
1,5,21.0,351,6,3,1,1,105,4,21
1,5,21.0,351,6,13,1,1,105,4,21
1,5,21.0,351,6,4,0,14,97,3,21
1,6,5.0,342,3,17,1,0,77,0,24
1,6,7.0,169,1,14,1,14,125,4,11
1,6,12.0,162,3,16,1,14,131,4,28
1,6,12.0,162,3,12,0,13,48,1,28
1,6,12.0,162,3,12,0,9,57,0,28
1,6,12.0,162,3,1,0,5,12,1,28
1,6,12.0,162,3,14,0,0,53,0,28
1,6,12.0,162,3,18,0,1,35,2,28
1,6,15.0,49,2,16,0,16,37,1,1
1,6,15.0,49,2,3,1,3,76,4,1
1,6,15.0,49,2,1,0,4,121,3,1
1,6,21.0,193,1,6,0,2,86,1,21
1,10,7.0,243,4,22,0,8,27,1,11
1,10,7.0,243,4,15,0,9,93,1,11
1,10,7.0,243,4,18,2,1,1,3,11
1,5,2.0,307,0,2,0,16,74,1,22
1,5,2.0,307,0,13,1,13,99,4,22
1,8,12.0,284,0,18,0,2,3,4,28
1,8,17.0,74,6,8,1,3,79,1,6
1,8,17.0,74,6,1,0,0,64,3,6
1,8,17.0,74,6,9,2,10,47,3,6
1,8,17.0,74,6,9,0,16,72,3,6
1,8,18.0,75,3,0,3,2,2,0,0
1,8,18.0,75,3,22,0,8,27,1,0
1,8,18.0,75,3,15,1,9,95,4,0
1,8,18.0,75,3,1,0,3,30,1,0
1,8,18.0,75,3,9,0,13,28,0,0
1,8,18.0,75,3,1,2,9,95,0,0
1,8,18.0,75,3,11,1,14,25,4,0
1,8,26.0,278,0,5,2,5,12,0,3
1,8,26.0,278,0,14,0,2,71,4,3
1,8,29.0,301,4,16,0,0,64,0,16
1,8,29.0,301,4,4,0,9,49,0,16
1,8,29.0,301,4,3,0,15,119,2,16
1,4,1.0,144,6,6,2,9,27,0,7
1,5,3.0,161,1,19,2,14,131,3,27
1,5,3.0,161,1,2,2,10,23,2,27
1,5,8.0,199,3,17,0,12,80,4,8
1,5,11.0,326,2,0,2,12,84,3,9
1,5,11.0,326,2,15,0,2,40,1,9
1,5,16.0,239,0,6,1,13,28,0,2
1,11,28.0,123,5,17,2,15,31,3,18
1,3,27.0,361,2,0,0,14,34,3,15
1,9,4.0,295,5,17,1,16,113,4,30
1,9,17.0,255,4,15,0,2,2,4,6
1,7,4.0,186,5,13,2,10,23,1,30
1,11,28.0,123,5,0,2,2,123,0,18
1,9,17.0,255,4,12,3,5,6,0,6
1,3,27.0,361,2,5,0,13,99,4,15
1,11,28.0,123,5,0,0,9,93,1,18
1,9,27.0,179,3,20,0,9,95,3,15
1,3,27.0,361,2,1,2,0,0,3,15
1,5,2.0,307,0,11,0,8,65,1,22
1,6,2.0,352,4,16,0,0,12,0,22
1,6,2.0,352,4,10,1,13,99,4,22
1,7,26.0,316,6,1,0,15,46,4,3
1,7,2.0,160,2,7,0,0,26,3,22
1,11,1.0,222,6,20,0,5,6,2,7
1,11,1.0,222,6,17,0,11,133,2,7
1,11,8.0,283,6,8,0,9,134,2,8
1,11,8.0,283,6,22,0,7,54,1,8
1,11,8.0,283,6,3,1,1,81,4,8
1,11,10.0,360,0,0,0,3,76,3,4
1,11,10.0,360,0,5,0,6,116,4,4
1,11,10.0,360,0,1,1,4,82,1,4
1,11,15.0,331,6,13,0,11,15,2,1
1,11,15.0,331,6,4,1,12,56,4,1
1,11,17.0,110,0,18,0,6,14,1,6
1,11,17.0,110,0,16,2,16,42,3,6
1,11,15.0,331,6,12,3,14,25,0,1
1,11,17.0,110,0,14,0,15,31,1,6
1,11,17.0,110,0,16,1,8,118,1,6
1,9,1.0,126,1,14,0,15,51,1,7
1,9,3.0,217,4,16,1,11,55,1,27
1,9,4.0,295,5,1,0,11,117,3,30
1,9,4.0,295,5,11,0,6,91,2,30
1,9,5.0,89,6,22,2,15,114,0,24
1,9,5.0,89,6,9,0,2,40,1,24
1,9,13.0,91,3,23,0,13,38,4,25
1,9,13.0,91,3,11,0,3,76,3,25
1,9,13.0,91,3,13,0,11,117,0,25
1,7,14.0,125,0,2,1,9,87,4,5
1,5,30.0,294,0,18,0,9,49,1,19
1,6,17.0,244,5,4,3,9,57,2,6
1,10,1.0,208,5,18,0,14,106,3,7
1,6,27.0,116,0,3,3,5,6,3,15
1,5,11.0,326,2,3,1,14,131,1,9
1,11,8.0,283,6,14,0,4,127,1,8
1,11,10.0,360,0,20,0,2,40,1,4
1,11,8.0,283,6,10,3,9,93,1,8
1,7,8.0,94,1,9,3,14,25,0,8
1,7,4.0,186,5,3,1,4,82,1,30
1,11,28.0,123,5,3,1,8,33,1,18
1,7,14.0,125,0,1,0,16,72,1,5
1,9,27.0,179,3,13,0,4,5,3,15
1,11,28.0,123,5,3,1,13,69,1,18
1,7,15.0,205,1,6,0,8,65,4,1
1,9,4.0,295,5,2,1,10,47,1,30
1,7,15.0,205,1,1,0,15,31,4,1
1,7,8.0,94,1,2,0,7,137,3,8
1,9,4.0,295,5,1,2,2,69,3,30
1,7,9.0,273,2,17,0,4,75,1,12
1,9,5.0,89,6,2,0,3,70,3,24
1,3,3.0,182,3,21,1,8,9,0,27
1,8,17.0,74,6,5,1,13,38,4,6
1,7,26.0,316,6,14,0,6,7,3,3
1,7,26.0,316,6,18,0,9,57,4,3
1,7,27.0,53,3,15,0,5,6,2,15
1,7,27.0,53,3,22,0,13,29,2,15
1,7,27.0,53,3,8,0,5,6,2,15
1,7,27.0,53,3,20,1,3,76,4,15
1,7,27.0,53,3,9,0,5,6,3,15
1,7,27.0,53,3,9,0,12,17,1,15
1,3,7.0,289,4,0,3,4,79,0,11
1,3,10.0,4,3,2,0,12,121,3,4
1,3,10.0,4,3,11,0,0,12,2,4
1,3,18.0,165,0,17,1,14,34,1,0
1,3,26.0,343,1,6,0,3,76,1,3
1,3,26.0,343,1,18,1,9,134,4,3
1,3,27.0,361,2,21,0,8,9,1,15
1,3,27.0,361,2,15,0,8,9,3,15
1,3,26.0,343,1,20,1,0,53,4,3
1,5,2.0,307,0,5,0,8,33,2,22
1,7,27.0,53,3,14,0,10,22,3,15
1,11,15.0,331,6,11,1,10,22,1,1
1,9,17.0,255,4,9,0,16,50,1,6
1,3,8.0,148,5,19,1,13,48,4,8
1,3,25.0,347,0,11,2,8,9,3,13
1,5,14.0,36,6,7,1,3,30,1,5
1,5,12.0,327,4,14,1,5,6,0,28
1,5,13.0,184,5,8,1,11,18,1,25
1,1,8.0,62,0,12,1,4,45,4,8
1,5,22.0,163,3,15,2,1,1,3,26
1,5,30.0,294,0,15,0,10,43,2,19
1,6,5.0,342,3,0,1,0,77,0,24
1,6,5.0,342,3,8,0,2,2,3,24
1,6,5.0,342,3,22,1,15,85,1,24
1,6,5.0,342,3,12,0,13,28,3,24
1,6,7.0,169,1,9,0,6,89,3,11
1,6,7.0,169,1,9,0,14,25,2,11
1,6,12.0,162,3,7,0,10,43,1,28
1,7,8.0,94,1,18,2,8,9,0,8
1,3,3.0,182,3,20,0,4,82,3,27
1,7,9.0,273,2,4,0,14,25,1,12
1,7,16.0,40,2,14,0,13,28,1,2
1,3,3.0,182,3,22,0,8,118,4,27
1,3,23.0,57,6,22,0,12,83,4,17
1,3,1.0,180,5,20,1,12,104,4,7
1,3,29.0,325,5,15,0,8,9,1,16
1,3,1.0,180,5,12,0,6,7,0,7
1,3,30.0,304,6,15,1,7,57,1,19
1,3,8.0,148,5,11,0,10,47,2,8
1,3,30.0,304,6,2,2,0,31,0,19
1,3,17.0,54,3,22,0,15,51,1,6
1,11,1.0,222,6,11,1,0,77,0,7
1,3,17.0,54,3,18,0,5,6,3,6
1,11,8.0,283,6,12,0,12,100,4,8
1,5,3.0,161,1,22,0,4,4,3,27
1,11,10.0,360,0,20,0,16,113,1,4
1,5,3.0,161,1,14,2,2,92,1,27
1,11,10.0,360,0,1,2,3,115,3,4
1,5,8.0,199,3,17,0,12,80,0,8
1,5,8.0,199,3,4,2,1,59,3,8
1,5,11.0,326,2,16,0,9,93,3,9
1,10,26.0,61,1,7,0,10,47,2,3
1,10,26.0,61,1,3,0,5,12,0,3
1,1,25.0,65,4,0,0,1,67,4,13
1,1,25.0,65,4,5,0,2,69,2,13
1,11,9.0,311,3,5,0,2,71,1,12
1,1,27.0,262,6,5,2,0,15,3,15
1,1,28.0,300,3,12,0,16,37,3,18
1,1,28.0,300,3,22,2,13,29,3,18
1,8,2.0,77,5,8,0,15,114,2,22
1,8,2.0,77,5,14,0,4,45,4,22
1,8,12.0,284,0,10,2,13,48,0,28
1,8,12.0,284,0,13,2,16,42,2,28
1,8,12.0,284,0,4,0,13,28,0,28
1,5,2.0,307,0,13,0,13,28,2,22
1,3,18.0,165,0,16,0,10,52,3,0
1,5,2.0,307,0,9,0,0,12,0,22
1,6,2.0,352,4,9,0,8,9,1,22
1,6,3.0,99,5,6,2,16,130,3,27
1,6,3.0,99,5,7,0,16,139,3,27
1,6,3.0,99,5,5,1,2,40,4,27
1,6,3.0,99,5,5,1,2,92,1,27
1,8,11.0,306,3,19,1,12,61,4,9
1,5,11.0,326,2,21,0,6,116,1,9
1,5,11.0,326,2,14,0,1,59,1,9
1,5,16.0,239,0,0,2,13,48,0,2
1,5,17.0,212,1,6,2,3,79,0,6
1,5,17.0,212,1,2,0,12,17,4,6
1,5,17.0,212,1,12,0,6,128,0,6
1,11,15.0,331,6,13,0,2,86,1,1
1,11,17.0,110,0,5,1,0,77,1,6
1,9,1.0,126,1,8,0,13,28,0,7
1,9,1.0,126,1,2,0,6,89,1,7
1,9,1.0,126,1,13,0,8,9,1,7
1,9,1.0,126,1,9,2,2,71,3,7
1,9,16.0,107,2,15,0,1,105,0,2
1,9,17.0,255,4,16,2,10,52,0,6
1,9,16.0,107,2,9,3,8,9,3,2
1,9,15.0,226,1,17,0,10,47,0,1
1,9,27.0,179,3,1,0,16,139,1,15
1,11,30.0,170,3,8,2,2,86,3,19
1,5,15.0,200,3,8,0,2,60,2,1
1,6,6.0,83,0,13,0,1,1,0,23
1,3,4.0,285,0,22,0,5,6,0,30
1,11,2.0,265,3,8,1,12,17,4,22
1,11,2.0,265,3,21,1,10,23,0,22
1,3,22.0,166,5,18,1,1,11,0,26
1,11,31.0,227,0,18,0,5,6,0,20
1,6,4.0,159,6,15,3,8,19,0,30
1,6,6.0,83,0,1,0,13,38,3,23
1,3,13.0,210,2,8,0,15,108,1,25
1,10,19.0,117,1,16,0,16,42,1,10
1,10,19.0,117,1,19,1,14,107,4,10
1,10,19.0,117,1,1,0,13,29,4,10
1,10,19.0,117,1,12,2,4,82,3,10
1,10,20.0,223,2,6,0,2,2,4,29
1,10,20.0,223,2,16,0,0,0,0,29
1,10,25.0,56,0,21,1,7,120,0,13
1,10,25.0,56,0,1,0,4,75,2,13
1,10,26.0,61,1,8,2,16,130,1,3
1,4,23.0,30,3,20,0,7,31,3,17
1,4,23.0,30,3,18,0,7,57,3,17
1,4,23.0,30,3,9,1,11,133,4,17
1,4,25.0,20,1,12,0,13,29,3,13
1,4,30.0,139,3,13,2,14,88,3,19
1,4,30.0,139,3,14,0,15,46,2,19
1,2,8.0,258,1,0,0,5,12,1,8
1,2,8.0,258,1,0,0,4,82,1,8
1,2,8.0,258,1,1,0,1,59,2,8
1,2,8.0,258,1,14,0,0,68,3,8
0,6,8.0,59,4,5,0,7,78,4,8
1,2,6.0,251,3,4,0,8,27,4,23
0,4,10.0,79,1,11,0,10,47,1,4
0,4,16.0,25,0,11,0,7,62,4,2
0,11,7.0,253,6,15,1,12,83,4,11
0,11,8.0,283,3,22,0,13,38,3,8
0,11,14.0,147,6,0,0,8,41,1,5
0,11,14.0,147,6,4,0,4,136,1,5
0,11,7.0,253,6,6,0,10,22,2,11
0,11,23.0,232,0,23,1,9,63,1,17
0,11,23.0,232,0,18,0,10,43,1,17
0,11,24.0,194,1,6,0,0,53,3,14
0,11,24.0,194,1,4,0,10,23,1,14
1,3,14.0,33,4,22,1,7,78,4,5
1,3,20.0,105,2,2,0,4,82,4,29
1,1,14.0,183,3,9,1,7,129,4,5
1,4,15.0,132,6,9,0,14,24,4,1
1,2,6.0,251,3,3,1,16,42,1,23
1,2,6.0,251,3,14,1,11,129,4,23
0,7,7.0,293,1,19,0,3,103,1,11
0,11,16.0,225,0,13,3,13,99,0,2
0,7,14.0,125,1,8,0,9,95,1,5
1,3,22.0,166,5,8,0,3,70,2,26
1,3,28.0,187,4,13,1,3,76,4,18
1,5,5.0,96,4,20,1,13,38,1,24
1,5,5.0,96,4,14,0,10,47,3,24
1,5,15.0,200,3,6,1,12,17,0,1
1,5,15.0,200,3,13,0,2,2,3,1
1,5,29.0,24,3,12,0,11,117,0,16
1,5,29.0,24,3,18,0,8,33,4,16
1,6,4.0,159,6,6,1,11,15,0,30
1,6,6.0,83,0,22,2,16,50,0,23
1,6,6.0,83,0,8,0,13,48,0,23
1,6,6.0,83,0,18,0,13,99,4,23
1,6,6.0,83,0,9,0,6,89,1,23
1,6,13.0,317,0,16,0,16,42,3,25
1,6,13.0,317,0,21,0,13,36,1,25
1,6,14.0,173,1,21,0,2,92,1,5
1,6,14.0,173,1,1,0,5,12,3,5
1,6,22.0,185,2,8,2,16,42,2,26
1,6,22.0,185,2,22,1,4,127,4,26
1,6,24.0,31,5,15,0,8,9,1,14
1,6,24.0,31,5,11,1,3,70,1,14
1,6,24.0,31,5,22,0,11,117,2,14
1,6,29.0,335,2,6,2,0,53,3,16
1,6,29.0,335,2,2,0,6,89,4,16
0,9,5.0,89,3,13,1,11,98,4,24
0,9,8.0,90,2,15,0,14,25,4,8
0,9,8.0,90,2,2,0,6,7,3,8
0,9,13.0,91,0,3,3,5,6,0,25
0,9,13.0,91,0,4,0,7,137,1,25
0,9,14.0,106,1,8,0,8,9,0,5
0,9,16.0,107,4,21,1,16,50,0,2
0,9,22.0,92,2,1,0,0,26,1,26
0,9,22.0,92,2,21,0,0,64,1,26
0,9,22.0,92,2,12,0,8,27,0,26
0,7,6.0,93,0,21,2,10,22,3,23
0,7,6.0,93,0,12,2,11,15,0,23
0,7,6.0,93,0,11,1,1,1,4,23
0,7,8.0,94,2,10,0,4,79,3,8
0,7,30.0,42,4,17,2,6,7,0,19
0,7,30.0,42,4,13,0,13,38,1,19
0,7,30.0,42,4,14,0,1,16,4,19
0,3,9.0,44,3,20,1,1,16,4,12
0,3,9.0,44,3,4,2,12,135,0,12
0,3,9.0,44,3,4,0,10,23,0,12
0,7,31.0,43,5,1,0,9,134,1,20
0,7,30.0,42,4,13,0,5,6,0,19
0,3,9.0,44,3,16,1,16,65,0,12
0,7,30.0,42,4,17,0,3,79,2,19
0,3,14.0,33,5,14,0,9,93,1,5
0,3,15.0,35,6,11,0,12,61,2,1
0,3,15.0,35,6,2,0,16,72,1,1
0,3,23.0,57,3,11,0,5,6,2,17
0,3,23.0,57,3,19,0,4,82,1,17
0,3,23.0,57,3,9,0,4,103,0,17
0,3,23.0,57,3,9,0,0,26,1,17
0,5,14.0,36,3,6,2,14,25,0,5
0,5,14.0,36,3,22,0,14,34,4,5
0,4,16.0,25,0,8,0,10,22,3,2
0,6,8.0,59,4,19,0,1,105,1,8
0,1,25.0,65,5,12,0,12,17,1,13
0,4,10.0,79,1,17,0,4,75,1,4
0,6,16.0,38,5,5,1,6,116,4,2
0,4,16.0,25,0,5,1,16,74,1,2
0,4,16.0,25,0,13,1,13,99,4,2
0,4,18.0,26,2,5,0,2,92,1,0
0,4,18.0,26,2,5,0,10,12,1,0
0,4,24.0,27,1,20,0,13,99,1,14
0,4,24.0,27,1,4,0,6,7,3,14
0,4,26.0,80,4,17,1,15,114,1,3
0,4,26.0,80,4,13,0,9,57,0,3
0,4,26.0,80,4,20,1,9,63,1,3
0,4,26.0,80,4,8,0,1,11,4,3
0,4,26.0,80,4,9,0,0,64,3,3
0,4,26.0,80,4,2,1,13,13,1,3
0,2,10.0,28,5,6,0,2,2,4,4
0,2,10.0,28,5,5,1,8,65,4,4
1,8,7.0,70,2,12,0,8,41,4,11
1,8,13.0,189,1,6,0,16,50,0,25
1,8,13.0,189,1,11,0,0,26,1,25
1,8,13.0,189,1,14,0,5,64,3,25
1,8,13.0,189,1,1,0,2,2,1,25
1,8,13.0,189,1,14,0,15,85,3,25
1,4,7.0,133,5,3,2,0,0,0,11
1,4,14.0,345,5,19,2,1,11,3,5
1,4,14.0,345,5,3,1,12,80,1,5
1,4,14.0,345,5,9,2,9,49,3,5
1,4,16.0,25,3,17,0,8,65,1,2
1,4,16.0,25,3,18,2,10,22,3,2
1,4,14.0,345,5,5,0,13,21,2,5
1,4,23.0,30,3,17,1,9,87,0,17
1,4,23.0,30,3,15,0,8,9,1,17
1,4,23.0,30,3,3,1,9,9,4,17
1,4,23.0,30,3,1,0,9,87,1,17
1,4,23.0,30,3,18,0,16,108,1,17
1,4,23.0,30,3,18,0,13,29,2,17
1,4,25.0,20,1,14,0,9,49,4,13
1,2,7.0,153,0,16,1,15,39,0,11
0,1,24.0,64,4,5,1,12,61,4,14
0,1,24.0,64,4,4,0,10,6,3,14
0,1,25.0,65,5,12,0,3,103,3,13
0,1,25.0,65,5,5,1,13,28,4,13
0,1,25.0,65,5,9,1,13,36,0,13
0,8,1.0,66,5,12,0,8,118,3,7
0,8,9.0,124,6,11,0,7,57,4,12
0,8,9.0,124,6,12,0,3,115,3,12
0,8,9.0,124,6,4,1,5,6,0,12
0,8,9.0,124,6,2,0,2,2,3,12
0,8,9.0,124,6,16,0,16,39,1,12
0,4,10.0,79,1,17,0,2,86,1,4
0,4,10.0,79,1,20,0,6,128,3,4
0,4,10.0,79,1,6,0,9,102,0,4
0,4,10.0,79,1,17,1,3,115,2,4
0,4,10.0,79,1,12,0,6,89,0,4
0,4,16.0,25,0,15,1,10,47,1,2
0,4,16.0,25,0,3,0,2,2,2,2
0,4,16.0,25,0,2,0,14,32,3,2
0,4,16.0,25,0,5,1,1,1,4,2
0,4,16.0,25,0,11,1,16,65,4,2
0,4,18.0,26,2,17,0,15,31,3,0
0,4,18.0,26,2,8,0,13,29,4,0
0,4,18.0,26,2,8,0,4,66,2,0
0,4,24.0,27,1,16,0,8,33,0,14
0,1,25.0,65,5,22,3,3,79,4,13
0,1,25.0,65,5,19,0,2,2,0,13
0,8,1.0,66,5,0,0,10,47,3,7
0,8,9.0,124,6,8,0,13,21,1,12
0,8,27.0,78,2,16,0,0,68,3,15
0,8,27.0,78,2,7,0,2,69,1,15
0,8,27.0,78,2,10,0,10,23,1,15
0,8,27.0,78,2,15,0,12,61,3,15
0,8,27.0,78,2,1,0,9,93,4,15
0,4,10.0,79,1,22,0,16,37,1,4
0,4,16.0,25,0,16,0,15,51,1,2
0,4,16.0,25,0,19,0,2,40,1,2
0,4,10.0,79,1,3,3,13,38,0,4
0,4,26.0,80,4,8,0,0,26,3,3
0,4,26.0,80,4,13,0,13,21,3,3
0,4,26.0,80,4,19,0,5,12,3,3
0,4,26.0,80,4,8,0,2,40,1,3
0,4,26.0,80,4,4,0,2,92,1,3
0,2,10.0,28,5,20,0,9,93,2,4
0,2,10.0,28,5,12,0,9,63,2,4
0,2,27.0,136,0,4,0,2,92,1,15
0,5,14.0,36,3,22,1,16,72,1,5
1,8,13.0,189,1,2,0,4,75,4,25
0,8,1.0,66,5,6,0,14,32,0,7
0,11,7.0,253,6,22,0,9,63,2,11
0,4,10.0,79,1,11,0,11,117,1,4
0,2,18.0,7,6,4,0,9,93,0,0
0,5,14.0,36,3,19,2,5,6,0,5
0,8,1.0,66,5,2,0,8,41,3,7
0,4,10.0,79,1,8,0,15,119,1,4
0,11,8.0,283,3,19,2,10,47,1,8
1,8,13.0,189,1,9,0,15,46,3,25
0,0,8.0,9,5,16,2,13,48,0,8
1,11,10.0,360,0,19,0,2,86,3,4
0,5,14.0,36,3,1,0,7,62,0,5
0,8,1.0,66,5,12,0,3,115,0,7
0,4,10.0,79,1,3,0,2,71,1,4
0,11,14.0,147,6,17,0,15,31,0,5
1,8,22.0,354,4,13,1,14,97,4,26
1,8,22.0,354,4,1,2,10,22,0,26
1,4,7.0,133,5,16,2,0,64,3,11
1,4,7.0,133,5,13,1,6,91,4,11
1,4,7.0,133,5,3,0,13,48,0,11
1,4,7.0,133,5,8,0,1,11,3,11
1,4,7.0,133,5,18,1,13,48,1,11
1,4,8.0,292,6,19,1,0,68,1,8
1,4,7.0,133,5,20,0,8,65,3,11
1,4,14.0,345,5,10,1,13,28,0,5
1,4,14.0,345,5,11,0,9,54,2,5
1,4,14.0,345,5,13,1,14,97,4,5
1,4,16.0,25,3,9,0,14,25,4,2
1,4,14.0,345,5,4,1,4,45,4,5
1,4,23.0,30,3,12,0,3,79,3,17
1,4,23.0,30,3,1,0,9,87,1,17
1,1,15.0,1,0,19,0,15,96,3,1
1,1,15.0,1,0,1,0,8,118,4,1
0,9,22.0,92,2,1,0,8,41,3,26
1,9,10.0,156,4,3,0,9,93,0,4
1,1,15.0,1,0,9,2,5,6,3,1
1,1,16.0,2,1,0,0,9,134,4,2
1,1,16.0,2,1,18,0,9,95,1,2
1,1,5.0,219,5,19,0,11,133,3,24
1,8,7.0,70,2,19,0,9,49,1,11
1,8,13.0,189,1,22,0,9,63,1,25
1,8,22.0,354,4,3,0,11,15,3,26
1,4,7.0,133,5,8,0,9,49,2,11
1,4,8.0,292,6,5,1,1,11,4,8
1,4,8.0,292,6,10,2,13,29,3,8
1,4,8.0,292,6,4,2,2,2,3,8
1,4,14.0,345,5,23,0,1,1,4,5
1,4,14.0,345,5,19,0,12,17,3,5
1,4,25.0,20,1,2,0,0,15,0,13
1,7,2.0,160,2,10,0,2,86,3,22
1,11,1.0,222,6,17,1,1,59,4,7
1,5,16.0,239,0,17,1,11,18,4,2
1,3,8.0,148,5,20,0,15,96,4,8
1,6,25.0,39,6,17,3,7,129,4,13
1,1,3.0,188,2,11,0,12,100,3,27
1,5,11.0,326,2,20,0,9,54,1,9
1,10,31.0,135,3,17,0,4,4,1,20
1,1,4.0,286,4,16,2,14,24,3,30
1,1,4.0,286,4,3,0,4,79,2,30
1,1,4.0,286,4,22,0,8,33,1,30
1,1,5.0,219,5,1,0,8,41,4,24
1,1,13.0,207,6,18,2,5,6,3,25
1,1,15.0,1,0,15,3,5,12,3,1
1,1,15.0,1,0,13,1,15,31,1,1
1,1,16.0,2,1,11,2,12,134,0,2
1,1,16.0,2,1,8,0,7,20,3,2
1,8,7.0,70,2,17,0,10,22,1,11
1,8,7.0,70,2,11,0,4,75,2,11
1,8,7.0,70,2,1,2,14,32,3,11
1,8,13.0,189,1,13,1,0,68,4,25
1,8,13.0,189,1,1,0,9,63,1,25
1,8,22.0,354,4,17,0,13,36,1,26
1,8,22.0,354,4,4,0,14,131,4,26
1,8,22.0,354,4,2,2,10,47,3,26
1,8,22.0,354,4,20,1,1,11,4,26
1,1,15.0,1,0,22,3,10,52,3,1
1,4,7.0,133,5,16,0,5,6,1,11
1,4,7.0,133,5,13,1,6,7,4,11
1,4,25.0,20,1,16,0,0,26,3,13
1,4,25.0,20,1,16,1,6,132,0,13
1,4,25.0,20,1,13,1,10,12,1,13
1,4,30.0,139,3,2,0,14,24,1,19
1,4,30.0,139,3,23,1,13,69,1,19
1,4,30.0,139,3,23,1,13,69,1,19
1,4,30.0,139,3,13,1,9,83,1,19
1,2,7.0,153,0,8,1,14,106,4,11
1,2,7.0,153,0,8,1,14,32,4,11
1,2,8.0,258,1,2,1,14,126,4,8
1,2,16.0,220,2,9,0,12,135,0,2
1,0,16.0,11,5,13,0,9,58,4,2
0,11,6.0,252,5,21,0,4,82,1,23
0,11,6.0,252,5,22,0,15,46,2,23
0,11,6.0,252,5,20,1,2,69,1,23
1,7,2.0,160,2,7,0,2,86,1,22
0,0,8.0,9,5,8,1,7,137,4,8
0,8,1.0,66,5,4,0,9,27,0,7
0,7,8.0,94,2,9,2,0,77,0,8
0,0,11.0,10,0,22,0,10,43,3,9
0,4,10.0,79,1,19,0,6,7,4,4
1,1,3.0,188,2,3,3,12,56,0,27
0,5,24.0,58,2,0,0,15,112,1,14
0,8,9.0,124,6,22,0,2,40,1,12
0,0,11.0,10,0,2,0,2,40,1,9
1,11,5.0,240,2,22,1,0,64,2,24
0,11,14.0,147,6,6,1,5,12,0,5
0,4,10.0,79,1,4,0,4,45,3,4
1,4,21.0,339,5,22,1,13,29,4,21
0,8,9.0,124,6,20,1,2,86,4,12
0,0,11.0,10,0,14,1,12,61,1,9
0,0,11.0,10,0,1,1,3,103,4,9
0,0,11.0,10,0,2,1,9,10,4,9
0,0,16.0,11,6,17,1,5,64,1,2
0,0,16.0,11,6,20,0,1,35,4,2
0,0,16.0,11,6,5,1,0,53,4,2
0,0,17.0,12,3,6,0,10,47,1,6
0,0,19.0,13,1,21,0,5,6,1,10
0,0,19.0,13,1,1,0,15,85,0,10
0,0,26.0,14,1,17,0,10,47,1,3
0,0,26.0,14,1,2,0,1,67,4,3
0,2,10.0,28,5,9,0,13,38,4,4
0,2,18.0,7,6,0,3,8,9,3,0
0,2,18.0,7,6,3,0,15,39,0,0
0,0,1.0,8,5,6,0,3,115,1,7
0,0,1.0,8,5,1,0,14,25,1,7
0,0,1.0,8,5,3,1,12,56,4,7
0,0,1.0,8,5,23,1,9,10,4,7
0,0,8.0,9,5,15,2,3,115,3,8
0,0,11.0,10,0,3,0,0,77,2,9
0,0,11.0,10,0,19,0,8,27,1,9
0,0,16.0,11,6,19,1,9,134,4,2
0,0,16.0,11,6,5,0,8,27,1,2
0,0,17.0,12,3,0,1,11,15,0,6
0,0,17.0,12,3,8,0,0,68,3,6
0,0,17.0,12,3,12,0,8,27,1,6
0,0,26.0,14,1,16,0,0,12,3,3
0,0,26.0,14,1,12,0,16,72,0,3
0,0,26.0,14,1,8,1,11,15,1,3
0,0,27.0,23,2,10,0,6,73,1,15
0,0,27.0,23,2,6,1,9,83,4,15
0,2,17.0,6,5,10,0,4,82,1,6
0,2,17.0,6,5,5,1,0,53,4,6
0,2,17.0,6,5,8,2,5,12,0,6
0,2,18.0,7,6,16,2,16,50,3,0
0,2,18.0,7,6,4,2,2,2,3,0
0,2,18.0,7,6,12,0,7,20,3,0
0,2,18.0,7,6,7,1,14,24,1,0
0,2,27.0,136,0,16,0,15,51,1,15
0,2,27.0,136,0,13,1,11,90,0,15
0,2,27.0,136,0,12,2,5,6,0,15
0,0,1.0,8,5,22,0,9,57,3,7
0,0,8.0,9,5,10,1,14,25,1,8
0,0,8.0,9,5,9,0,12,56,0,8
0,0,8.0,9,5,8,0,6,89,2,8
0,0,11.0,10,0,6,0,16,113,3,9
0,0,8.0,9,5,12,0,16,37,4,8
0,0,17.0,12,3,11,1,1,81,4,6
0,0,19.0,13,1,6,0,8,27,0,10
0,0,19.0,13,1,15,0,6,89,1,10
0,0,19.0,13,1,18,2,16,39,3,10
1,2,15.0,130,1,6,0,10,22,0,1
1,4,31.0,67,0,2,0,7,111,1,20
0,11,13.0,312,5,14,0,16,37,4,25
0,7,7.0,293,1,1,2,1,67,3,11
0,7,14.0,125,1,3,0,5,64,3,5
0,5,25.0,350,4,13,0,2,86,2,13
0,5,25.0,350,4,15,0,3,76,2,13
0,10,9.0,150,3,13,3,14,32,4,12
0,10,7.0,243,5,11,0,1,59,4,11
0,8,2.0,77,6,18,2,1,105,3,22
0,8,26.0,278,1,18,0,10,22,3,3
0,8,19.0,280,1,21,0,5,12,1,10
0,0,10.0,129,3,0,1,5,12,1,4
0,0,26.0,14,1,20,1,13,48,4,3
0,0,27.0,23,2,14,0,14,25,1,15
0,0,1.0,8,5,4,1,14,110,4,7
0,0,8.0,9,5,10,1,13,36,1,8
0,0,11.0,10,0,6,0,5,6,3,9
0,0,1.0,8,5,15,1,3,79,4,7
0,0,16.0,11,6,12,0,5,6,3,2
0,0,16.0,11,6,7,1,0,26,2,2
0,0,16.0,11,6,5,1,4,75,1,2
0,0,17.0,12,3,20,1,1,81,4,6
0,0,17.0,12,3,2,0,3,70,1,6
0,0,17.0,12,3,4,1,9,83,1,6
0,0,26.0,14,1,13,0,14,32,1,3
0,0,27.0,23,2,6,0,6,7,4,15
0,0,27.0,23,2,1,2,7,62,0,15
1,11,1.0,222,6,5,1,5,64,0,7
1,7,2.0,160,2,14,0,8,118,1,22
1,3,24.0,357,3,8,2,2,2,3,14
0,11,14.0,147,6,18,0,13,21,1,5
0,5,24.0,58,2,23,0,3,30,4,14
1,11,1.0,222,6,17,0,5,6,2,7
0,5,24.0,58,2,4,0,1,11,3,14
0,8,9.0,124,6,19,2,1,16,0,12
0,11,14.0,147,6,14,2,1,35,3,5
1,11,29.0,270,6,22,2,0,96,3,16
0,5,24.0,58,2,9,1,6,7,0,14
0,8,9.0,124,6,18,0,11,15,4,12
0,4,10.0,79,1,14,0,13,29,3,4
0,7,29.0,268,2,14,0,1,59,3,16
0,11,23.0,232,0,5,0,16,72,0,17
0,5,26.0,37,5,8,0,7,62,1,3
0,8,27.0,78,2,7,2,10,47,0,15
0,4,16.0,25,0,2,0,10,6,3,2
0,2,9.0,21,4,18,2,5,6,3,12
1,9,3.0,217,4,4,2,1,81,3,27
0,11,24.0,194,1,16,1,9,10,4,14
0,5,24.0,58,2,13,0,6,128,4,14
1,6,29.0,335,2,16,2,1,1,2,16
1,6,24.0,31,5,14,1,14,32,4,14
1,10,4.0,356,0,14,0,12,61,1,30
1,10,4.0,356,0,14,0,0,64,0,30
1,6,29.0,335,2,18,0,10,6,3,16
1,10,12.0,333,1,0,1,6,116,4,28
1,10,12.0,333,1,16,1,14,110,4,28
1,10,12.0,333,1,23,1,7,111,1,28
1,10,12.0,333,1,12,0,3,30,3,28
1,10,31.0,135,3,3,1,13,21,1,20
1,10,31.0,135,3,19,0,16,50,3,20
1,1,5.0,219,5,12,0,8,118,1,24
1,1,13.0,207,6,17,2,16,130,3,25
1,1,13.0,207,6,16,0,7,20,2,25
1,1,13.0,207,6,20,0,5,64,3,25
1,1,15.0,1,0,15,0,4,5,1,1
1,1,15.0,1,0,2,0,0,26,1,1
1,1,15.0,1,0,22,1,2,2,1,1
1,1,16.0,2,1,22,0,13,21,4,2
1,1,16.0,2,1,2,0,8,118,1,2
1,1,16.0,2,1,18,0,10,47,2,2
1,8,7.0,70,2,0,2,2,13,1,11
1,8,7.0,70,2,5,1,5,6,0,11
1,8,7.0,70,2,12,0,2,71,3,11
0,3,15.0,35,6,4,2,2,86,3,1
0,3,23.0,57,3,6,0,3,30,1,17
0,3,23.0,57,3,13,0,13,21,4,17
0,3,23.0,57,3,14,1,8,33,0,17
0,5,14.0,36,3,22,0,11,58,4,5
0,5,24.0,58,2,3,0,4,82,1,14
0,5,24.0,58,2,12,0,10,22,3,14
0,5,24.0,58,2,14,0,15,51,3,14
0,6,8.0,59,4,2,0,10,47,2,8
0,6,16.0,38,5,15,1,14,106,4,2
0,6,25.0,39,3,22,0,1,1,3,13
0,10,15.0,60,6,8,0,15,39,4,1
0,10,15.0,60,6,9,2,0,0,3,1
0,10,26.0,61,2,6,0,16,139,0,3
0,1,8.0,62,1,2,2,13,29,4,8
0,1,8.0,62,1,12,0,3,30,1,8
0,1,17.0,63,4,3,0,10,22,0,6
0,1,18.0,82,5,21,2,10,47,3,0
0,1,17.0,63,4,16,1,13,99,2,6
0,1,24.0,64,4,0,1,0,15,0,14
0,1,24.0,64,4,9,2,10,22,3,14
0,1,25.0,65,5,21,0,11,15,3,13
0,1,25.0,65,5,10,0,5,64,3,13
0,8,1.0,66,5,1,1,11,55,4,7
0,8,27.0,78,2,11,0,14,34,2,15
0,8,27.0,78,2,13,0,15,46,3,15
0,8,27.0,78,2,14,0,16,113,1,15
0,4,7.0,133,6,6,0,10,47,3,11
0,4,7.0,133,6,16,0,14,25,3,11
0,4,7.0,133,6,16,1,16,72,2,11
0,4,10.0,79,1,0,0,0,26,3,4
0,4,10.0,79,1,21,0,2,13,1,4
0,4,10.0,79,1,8,1,0,64,1,4
0,4,10.0,79,1,12,0,6,116,1,4
0,4,10.0,79,1,15,1,12,56,4,4
0,4,16.0,25,0,15,0,12,135,2,2
0,4,16.0,25,0,1,0,4,82,1,2
0,4,18.0,26,2,2,0,10,22,3,0
0,4,18.0,26,2,4,0,9,54,0,0
0,4,24.0,27,1,19,0,5,64,1,14
0,4,26.0,80,4,11,0,2,86,2,3
0,4,26.0,80,4,5,1,8,118,1,3
0,2,10.0,28,5,15,0,2,13,1,4
0,2,10.0,28,5,12,0,7,31,4,4
0,2,17.0,6,5,13,0,4,82,2,6
0,2,17.0,6,5,4,1,13,38,4,6
0,2,18.0,7,6,7,2,10,47,0,0
0,2,18.0,7,6,13,1,14,88,4,0
0,8,27.0,78,2,19,0,13,48,0,15
0,8,27.0,78,2,1,2,7,111,0,15
0,8,27.0,78,2,22,0,1,35,4,15
0,4,7.0,133,6,0,0,3,44,4,11
0,4,16.0,25,0,0,0,9,93,1,2
0,11,23.0,232,0,8,1,11,133,4,17
0,6,16.0,38,5,8,2,12,80,3,2
0,3,14.0,33,5,1,0,8,41,4,5
0,4,24.0,27,1,7,0,8,19,0,14
1,3,3.0,182,3,18,1,11,124,0,27
0,6,25.0,39,3,14,0,15,37,0,13
0,10,26.0,61,2,21,0,14,24,1,3
0,10,26.0,61,2,11,0,9,83,1,3
0,10,26.0,61,2,12,0,15,31,1,3
0,10,26.0,61,2,2,0,15,46,1,3
0,10,26.0,61,2,1,0,0,12,2,3
0,1,8.0,62,1,16,2,6,7,3,8
0,1,17.0,63,4,5,0,8,9,3,6
0,1,17.0,63,4,19,0,0,77,3,6
0,1,17.0,63,4,8,2,14,25,2,6
0,1,17.0,63,4,3,1,8,9,1,6
0,1,18.0,82,5,16,0,1,59,1,0
0,1,18.0,82,5,3,3,3,30,4,0
0,1,24.0,64,4,9,0,13,38,3,14
0,1,24.0,64,4,15,1,4,121,4,14
0,1,25.0,65,5,8,1,14,25,1,13
0,8,1.0,66,5,17,0,15,114,1,7
0,8,1.0,66,5,9,0,5,12,0,7
0,8,9.0,124,6,2,0,9,93,0,12
0,8,9.0,124,6,19,1,15,114,1,12
0,8,27.0,78,2,21,0,13,36,3,15
0,4,7.0,133,6,19,0,2,92,3,11
0,4,10.0,79,1,6,0,1,11,1,4
0,7,25.0,41,6,20,1,8,65,4,13
0,3,9.0,44,3,16,1,16,50,0,12
0,3,14.0,33,5,5,1,8,41,1,5
0,3,15.0,35,6,8,0,6,7,2,1
0,3,23.0,57,3,1,0,16,74,1,17
0,5,24.0,58,2,11,0,16,72,4,14
0,5,24.0,58,2,2,0,9,27,0,14
0,5,24.0,58,2,15,1,10,23,1,14
0,5,26.0,37,5,6,0,8,27,1,3
0,5,26.0,37,5,21,0,6,89,1,3
0,5,26.0,37,5,1,2,1,35,3,3
0,6,8.0,59,4,17,2,8,118,3,8
0,6,8.0,59,4,8,0,8,33,1,8
0,6,8.0,59,4,2,0,5,6,0,8
0,6,8.0,59,4,3,1,14,25,4,8
0,6,8.0,59,4,8,2,16,72,3,8
0,6,25.0,39,3,6,0,7,137,4,13
0,6,25.0,39,3,1,0,1,67,4,13
0,10,15.0,60,6,15,1,1,16,4,1
1,7,19.0,330,6,20,1,10,23,1,10
1,3,19.0,138,1,19,1,13,48,0,10
1,3,26.0,343,1,5,0,13,48,1,3
1,6,20.0,215,0,18,1,2,92,2,29
1,10,19.0,117,1,12,2,4,82,3,10
0,10,26.0,61,2,21,0,0,0,0,3
0,10,26.0,61,2,21,1,1,35,0,3
0,10,26.0,61,2,22,2,9,57,3,3
0,10,26.0,61,2,1,0,11,15,3,3
0,1,8.0,62,1,16,0,9,101,3,8
0,1,8.0,62,1,15,0,15,46,3,8
0,1,8.0,62,1,15,0,8,9,0,8
0,1,8.0,62,1,3,1,10,22,1,8
0,1,17.0,63,4,3,0,1,1,4,6
0,1,17.0,63,4,4,3,9,27,1,6
0,1,18.0,82,5,16,0,10,22,3,0
0,1,18.0,82,5,2,2,15,31,2,0
0,1,18.0,82,5,1,1,7,57,0,0
0,1,24.0,64,4,15,0,3,30,3,14
0,1,24.0,64,4,6,0,9,87,1,14
0,1,24.0,64,4,14,0,9,63,4,14
0,1,24.0,64,4,18,0,2,92,0,14
0,1,25.0,65,5,21,1,8,27,0,13
1,7,29.0,268,1,11,3,5,12,1,16
1,5,31.0,196,1,8,0,5,6,0,20
1,2,15.0,130,1,1,0,6,128,0,1
1,0,24.0,55,6,19,3,9,27,3,14
1,11,22.0,250,6,6,0,2,69,2,26
1,9,22.0,92,1,1,1,5,64,1,26
1,9,20.0,119,3,14,1,2,86,4,29
1,5,4.0,114,2,1,1,9,63,4,30
1,7,30.0,42,2,8,0,12,56,3,19
1,1,14.0,183,3,14,1,10,22,0,5
1,3,13.0,210,2,21,1,6,116,0,25
0,3,14.0,33,5,20,1,8,41,1,5
1,5,14.0,36,6,1,1,13,28,0,5
1,6,12.0,162,3,14,1,13,38,0,28
0,3,15.0,35,6,0,1,15,46,1,1
1,6,12.0,162,3,13,1,0,68,0,28
0,3,15.0,35,6,22,0,14,131,1,1
0,11,24.0,194,1,1,0,1,16,0,14
0,7,17.0,95,5,5,0,13,28,0,6
0,7,17.0,95,5,8,0,14,131,3,6
0,3,15.0,35,6,18,2,15,39,0,1
0,7,25.0,41,6,5,1,6,7,4,13
0,4,24.0,27,1,5,0,13,38,0,14
0,3,23.0,57,3,20,0,0,12,1,17
0,7,30.0,42,4,19,0,9,102,1,19
1,4,25.0,20,1,19,2,6,116,3,13
0,4,24.0,27,1,4,1,9,93,4,14
0,4,26.0,80,4,8,0,14,106,4,3
0,2,17.0,6,5,3,2,13,48,2,6
0,2,18.0,7,6,15,0,11,124,4,0
0,2,18.0,7,6,13,1,14,25,4,0
0,2,18.0,7,6,19,0,8,41,4,0
0,2,27.0,136,0,17,0,14,106,4,15
0,0,1.0,8,5,11,0,6,7,1,7
0,0,1.0,8,5,12,0,15,46,3,7
0,0,1.0,8,5,3,0,6,91,2,7
0,0,1.0,8,5,19,0,7,137,4,7
0,0,1.0,8,5,20,1,14,107,4,7
0,2,18.0,7,6,4,1,14,25,4,0
0,2,27.0,136,0,14,0,16,74,3,15
0,0,1.0,8,5,22,0,10,22,0,7
0,0,1.0,8,5,15,2,9,134,2,7
0,0,1.0,8,5,1,0,2,2,2,7
0,0,1.0,8,5,18,0,13,48,1,7
0,0,8.0,9,5,13,2,3,76,3,8
0,0,8.0,9,5,13,0,2,60,2,8
0,0,8.0,9,5,2,0,16,37,2,8
0,0,11.0,10,0,19,0,0,53,0,9
0,0,16.0,11,6,7,1,3,103,0,2
0,0,16.0,11,6,17,2,5,6,0,2
0,0,16.0,11,6,12,0,5,6,3,2
0,0,16.0,11,6,14,2,16,65,3,2
0,0,16.0,11,6,11,1,3,30,4,2
0,0,16.0,11,6,4,0,14,125,1,2
0,0,19.0,13,1,21,0,11,117,0,10
0,0,19.0,13,1,15,0,11,15,3,10
0,0,19.0,13,1,2,0,14,24,1,10
1,2,7.0,153,0,18,2,9,102,3,11
1,2,7.0,153,0,13,1,9,49,1,11
1,2,16.0,220,2,16,0,6,7,1,2
1,2,16.0,220,2,16,1,5,12,1,2
1,2,16.0,220,2,0,0,9,57,3,2
1,2,16.0,220,2,8,0,16,50,2,2
1,2,16.0,220,2,9,1,13,38,0,2
1,0,16.0,11,5,21,0,8,41,3,2
1,0,16.0,11,5,7,0,6,91,1,2
1,0,16.0,11,5,13,0,13,29,2,2
0,11,6.0,252,5,17,0,1,11,3,23
0,11,7.0,253,6,3,0,4,75,2,11
0,11,14.0,147,6,1,2,13,69,3,5
0,11,23.0,232,0,3,0,3,44,4,17
0,11,24.0,194,1,3,0,12,61,1,14
0,11,24.0,194,1,9,0,9,95,1,14
0,11,25.0,88,2,17,0,4,45,0,13
0,11,25.0,88,2,0,0,2,13,1,13
0,11,31.0,227,1,18,0,5,6,3,20
0,11,31.0,227,1,3,0,16,108,0,20
0,9,5.0,89,3,13,0,14,25,2,24
0,9,8.0,90,2,16,1,5,12,1,8
0,9,8.0,90,2,12,0,2,86,2,8
0,4,26.0,80,4,23,1,3,30,4,3
0,4,26.0,80,4,17,1,15,39,4,3
0,2,10.0,28,5,2,0,4,75,1,4
0,2,10.0,28,5,8,2,15,114,2,4
0,2,17.0,6,5,3,0,3,79,2,6
0,2,17.0,6,5,10,1,8,19,1,6
1,9,26.0,267,6,5,0,2,2,2,3
1,7,1.0,98,1,17,1,16,50,2,7
1,3,19.0,138,1,13,0,8,9,1,10
1,6,11.0,355,6,9,1,13,38,2,9
1,8,26.0,278,0,11,0,2,69,0,3
0,9,4.0,295,6,8,1,14,25,2,30
0,5,22.0,163,0,22,0,13,38,2,26
0,1,30.0,100,2,11,1,4,45,0,19
0,4,15.0,132,3,12,1,10,22,0,1
0,4,15.0,132,3,2,1,4,66,1,1
0,2,5.0,127,3,11,0,10,47,3,24
0,9,1.0,126,2,5,3,12,100,0,7
1,9,9.0,320,2,14,2,2,69,3,12
1,10,2.0,358,6,4,1,6,89,1,22
0,2,18.0,7,6,2,0,10,22,3,0
0,2,18.0,7,6,1,0,8,41,4,0
0,6,8.0,59,4,6,1,0,64,0,8
0,6,8.0,59,4,8,0,12,17,3,8
0,6,8.0,59,4,14,2,6,7,2,8
0,7,30.0,42,4,14,0,6,89,0,19
0,7,30.0,42,4,14,3,4,66,2,19
0,7,30.0,42,4,20,1,7,54,4,19
0,7,31.0,43,5,5,0,16,50,0,20
0,9,16.0,107,4,17,0,1,105,3,2
0,3,9.0,44,3,5,1,1,105,4,12
0,3,14.0,33,5,22,0,0,68,3,5
0,3,14.0,33,5,10,1,8,41,1,5
0,3,14.0,33,5,9,1,15,46,1,5
0,3,15.0,35,6,22,0,3,103,0,1
0,11,23.0,232,0,22,2,1,16,3,17
0,11,24.0,194,1,9,1,7,137,4,14
0,11,24.0,194,1,14,0,2,2,3,14
0,11,24.0,194,1,8,0,14,106,4,14
0,11,25.0,88,2,11,0,5,12,1,13
0,11,31.0,227,1,6,0,16,113,4,20
1,11,5.0,240,2,19,1,1,35,0,24
1,6,21.0,193,1,13,1,10,43,4,21
1,10,23.0,247,6,1,1,0,26,1,17
1,4,30.0,139,3,2,2,8,9,0,19
1,8,6.0,87,1,18,0,11,98,3,23
1,8,6.0,87,1,12,1,10,22,4,23
1,4,24.0,27,0,7,0,9,63,4,14
1,4,24.0,27,0,19,1,4,127,4,14
1,2,5.0,127,6,12,1,5,6,0,24
0,7,24.0,68,5,1,1,0,15,0,14
0,3,8.0,148,6,3,0,7,20,2,8
0,5,1.0,109,0,20,0,6,7,4,7
0,6,24.0,31,6,15,0,16,113,1,14
0,1,16.0,2,2,6,1,5,6,0,2
0,1,16.0,2,2,4,1,6,7,0,2
0,1,16.0,2,2,13,0,2,2,1,2
0,4,9.0,18,0,12,1,11,18,2,12
0,8,24.0,85,3,17,1,1,59,1,14
0,4,25.0,20,2,19,1,14,107,0,13
0,9,8.0,90,2,16,0,3,115,0,8
0,9,8.0,90,2,3,0,6,89,0,8
0,9,13.0,91,0,13,0,14,34,0,25
0,9,14.0,106,1,21,1,0,77,1,5
0,9,14.0,106,1,23,1,0,53,0,5
0,9,14.0,106,1,15,0,2,92,1,5
0,9,14.0,106,1,15,3,12,17,2,5
0,9,16.0,107,4,16,0,6,132,1,2
0,9,16.0,107,4,10,0,1,11,1,2
0,9,16.0,107,4,12,2,14,34,3,2
0,9,22.0,92,2,16,0,2,69,4,26
0,9,22.0,92,2,15,0,16,39,4,26
0,7,8.0,94,2,0,2,3,103,0,8
0,7,8.0,94,2,17,3,6,7,0,8
0,7,8.0,94,2,4,0,3,30,3,8
0,7,16.0,40,4,17,0,2,40,1,2
0,7,16.0,40,4,2,0,3,79,3,2
0,7,16.0,40,4,2,0,9,49,1,2
0,7,16.0,40,4,12,0,16,74,1,2
0,7,17.0,95,5,11,0,8,19,1,6
0,7,17.0,95,5,11,2,12,17,2,6
0,7,16.0,40,4,18,2,1,59,3,2
0,7,17.0,95,5,19,0,13,13,1,6
0,7,25.0,41,6,22,1,15,119,1,13
0,7,25.0,41,6,19,0,13,38,2,13
0,7,30.0,42,4,16,0,0,77,1,19
0,7,31.0,43,5,20,1,13,36,1,20
0,7,31.0,43,5,12,1,13,38,4,20
0,3,9.0,44,3,16,0,5,12,1,12
0,3,9.0,44,3,23,1,9,83,1,12
0,3,15.0,35,6,21,1,11,124,0,1
0,5,14.0,36,3,8,0,14,34,3,5
0,5,14.0,36,3,9,0,15,31,1,5
0,5,14.0,36,3,1,0,3,44,1,5
0,5,24.0,58,2,18,0,2,92,0,14
0,5,26.0,37,5,17,0,10,22,3,3
0,5,26.0,37,5,9,0,10,47,0,3
0,6,8.0,59,4,6,0,0,12,0,8
0,6,8.0,59,4,9,0,2,86,0,8
0,6,25.0,39,3,8,0,16,50,3,13
0,6,25.0,39,3,19,1,3,115,4,13
0,6,25.0,39,3,1,0,2,86,3,13
0,10,15.0,60,6,13,0,10,47,1,1
1,2,7.0,153,0,13,2,14,24,3,11
0,10,26.0,61,2,10,0,9,83,1,3
0,1,8.0,62,1,5,0,14,106,1,8
0,1,18.0,82,5,12,0,10,22,3,0
0,1,24.0,64,4,14,0,4,121,3,14
0,1,25.0,65,5,6,0,5,6,3,13
0,1,25.0,65,5,0,0,13,21,4,13
0,1,25.0,65,5,21,1,0,0,0,13
0,1,24.0,64,4,22,0,2,40,2,14
0,1,25.0,65,5,22,0,10,47,3,13
0,1,25.0,65,5,12,0,14,32,3,13
0,8,1.0,66,5,2,0,3,79,3,7
1,6,29.0,335,2,9,0,1,105,0,16
1,10,12.0,333,1,11,0,2,2,4,28
1,10,12.0,333,1,2,0,3,70,1,28
1,10,31.0,135,3,6,1,10,47,1,20
1,10,31.0,135,3,14,0,5,12,3,20
1,1,4.0,286,4,21,0,0,64,3,30
1,1,4.0,286,4,11,0,2,2,1,30
1,1,4.0,286,4,3,0,2,2,1,30
1,1,4.0,286,4,18,0,16,50,1,30
1,1,5.0,219,5,6,1,9,63,4,24
1,1,13.0,207,6,10,2,3,76,3,25
1,1,13.0,207,6,15,1,9,83,1,25
1,1,13.0,207,6,22,0,2,2,2,25
1,1,13.0,207,6,3,0,0,31,3,25
1,1,16.0,2,1,6,0,2,60,1,2
1,1,15.0,1,0,9,1,16,130,1,1
1,1,16.0,2,1,22,0,4,121,2,2
1,1,15.0,1,0,0,1,9,87,1,1
1,1,15.0,1,0,2,0,4,75,3,1
1,11,13.0,312,4,17,3,5,6,0,25
1,8,7.0,70,2,4,0,5,47,3,11
1,8,7.0,70,2,19,2,8,9,2,11
0,6,8.0,59,4,12,0,10,22,1,8
0,6,8.0,59,4,19,0,16,42,3,8
0,6,8.0,59,4,13,1,11,18,1,8
0,6,16.0,38,5,17,2,6,7,3,2
0,6,16.0,38,5,12,1,12,61,1,2
0,6,16.0,38,5,9,0,1,35,4,2
0,10,26.0,61,2,17,2,6,7,3,3
0,1,8.0,62,1,16,1,9,93,4,8
0,1,8.0,62,1,15,0,5,6,2,8
0,1,8.0,62,1,3,1,16,113,1,8
0,1,8.0,62,1,2,0,5,6,3,8
0,1,8.0,62,1,8,0,5,64,1,8
0,1,8.0,62,1,5,0,8,27,1,8
0,1,17.0,63,4,7,0,5,6,3,6
0,1,17.0,63,4,9,0,4,82,1,6
0,1,17.0,63,4,14,0,6,14,3,6
0,1,17.0,63,4,1,1,11,15,1,6
0,1,18.0,82,5,8,0,2,92,0,0
0,1,18.0,82,5,9,0,0,77,3,0
0,1,24.0,64,4,6,0,4,4,1,14
0,1,24.0,64,4,20,0,11,23,3,14
0,1,24.0,64,4,20,1,14,131,1,14
1,8,13.0,189,1,6,0,5,12,0,25
1,8,13.0,189,1,17,0,15,114,2,25
1,8,13.0,189,1,21,1,12,104,0,25
1,2,7.0,153,0,13,0,2,92,3,11
1,2,7.0,153,0,1,0,12,84,1,11
1,2,8.0,258,1,9,0,9,57,3,8
1,0,16.0,11,5,17,0,10,22,3,2
0,11,6.0,252,5,11,0,5,6,1,23
0,11,6.0,252,5,3,2,0,77,3,23
0,11,7.0,253,6,11,1,1,16,4,11
0,11,7.0,253,6,10,0,14,25,2,11
0,11,7.0,253,6,20,1,11,15,1,11
0,11,8.0,283,3,20,1,2,2,4,8
0,11,14.0,147,6,8,0,13,29,1,5
0,11,23.0,232,0,19,0,16,72,1,17
0,11,25.0,88,2,20,0,10,47,3,13
0,11,25.0,88,2,4,0,10,23,1,13
0,11,31.0,227,1,0,0,3,79,0,20
0,9,5.0,89,3,12,0,10,23,2,24
0,9,5.0,89,3,6,1,0,53,1,24
1,4,7.0,133,5,18,0,3,115,3,11
1,4,8.0,292,6,0,0,10,47,0,8
1,4,8.0,292,6,13,1,9,95,1,8
1,4,7.0,133,5,18,2,13,99,1,11
1,4,14.0,345,5,4,0,14,24,1,5
1,4,14.0,345,5,9,0,5,12,0,5
1,4,16.0,25,3,4,0,12,56,1,2
1,4,23.0,30,3,1,0,5,12,2,17
1,4,23.0,30,3,22,1,14,25,4,17
1,4,25.0,20,1,6,2,7,111,3,13
1,4,25.0,20,1,14,1,9,10,4,13
1,4,30.0,139,3,21,0,0,64,1,19
1,4,30.0,139,3,5,0,1,1,0,19
1,4,30.0,139,3,9,0,16,74,3,19
1,2,7.0,153,0,9,0,5,6,0,11
1,2,8.0,258,1,21,2,9,93,0,8
1,0,16.0,11,5,15,0,9,95,2,2
1,0,16.0,11,5,13,0,13,28,0,2
0,11,6.0,252,5,11,0,10,23,2,23
0,11,6.0,252,5,20,0,4,82,1,23
0,11,6.0,252,5,20,1,7,20,4,23
0,11,8.0,283,3,16,0,4,82,3,8
0,11,14.0,147,6,17,3,11,90,2,5
0,11,25.0,88,2,14,2,4,66,0,13
0,11,25.0,88,2,1,1,2,69,0,13
0,11,25.0,88,2,12,0,9,93,1,13
0,11,25.0,88,2,20,0,12,135,1,13
0,11,31.0,227,1,10,0,2,123,0,20
0,11,31.0,227,1,12,1,14,107,4,20
0,11,31.0,227,1,18,0,14,107,1,20
0,11,31.0,227,1,18,1,7,62,1,20
0,11,31.0,227,1,4,1,9,83,4,20
0,9,5.0,89,3,20,1,1,16,4,24
0,9,13.0,91,0,16,0,16,74,1,25
0,9,13.0,91,0,15,0,5,6,0,25
0,9,13.0,91,0,11,1,11,18,1,25
0,9,16.0,107,4,23,1,7,57,0,2
0,9,22.0,92,2,3,0,1,35,4,26
0,7,6.0,93,0,16,0,14,107,1,23
0,7,6.0,93,0,6,0,2,92,4,23
0,7,8.0,94,2,17,1,15,96,1,8
0,7,8.0,94,2,14,0,4,5,3,8
0,7,16.0,40,4,7,1,1,105,0,2
0,7,17.0,95,5,15,0,10,22,1,6
0,7,17.0,95,5,13,1,6,91,1,6
0,7,17.0,95,5,12,1,0,0,4,6
0,9,8.0,90,2,15,0,13,29,1,8
0,9,8.0,90,2,8,0,10,47,1,8
0,9,14.0,106,1,5,0,2,2,1,5
0,9,14.0,106,1,8,0,2,86,1,5
0,9,16.0,107,4,14,1,9,87,1,2
0,9,16.0,107,4,18,0,15,114,1,2
0,11,21.0,192,6,18,1,5,6,0,21
0,11,26.0,364,4,23,1,14,125,1,3
0,11,26.0,364,4,3,3,5,64,3,3
0,9,10.0,156,5,20,1,14,25,1,4
0,0,1.0,8,5,17,0,10,12,3,7
1,5,27.0,328,5,1,0,9,9,0,15
1,11,1.0,222,6,17,0,10,23,1,7
1,1,18.0,82,4,11,0,14,24,2,0
0,9,10.0,156,5,4,1,8,27,0,4
0,9,10.0,156,5,2,2,13,48,3,4
0,9,21.0,362,1,5,0,9,57,0,21
0,9,20.0,119,0,19,0,9,9,3,29
1,6,16.0,38,4,2,0,13,38,3,2
1,4,27.0,274,4,14,1,13,69,4,15
0,11,20.0,340,5,9,0,3,115,1,29
1,9,9.0,320,2,2,0,8,27,2,12
1,7,19.0,330,6,4,2,3,76,3,10
1,3,10.0,4,3,4,0,16,113,1,4
1,7,1.0,98,1,13,0,2,86,4,7
0,11,8.0,283,3,14,0,1,105,3,8
0,11,8.0,283,3,15,0,16,72,1,8
0,11,8.0,283,3,2,1,7,137,2,8
0,9,8.0,90,2,1,1,0,26,0,8
0,7,16.0,40,4,13,2,11,15,2,2
0,7,17.0,95,5,2,1,10,47,2,6
1,3,1.0,180,5,8,1,9,102,1,7
1,5,28.0,259,6,13,0,12,61,0,18
1,8,3.0,363,6,13,1,11,55,4,27
1,9,25.0,344,5,22,0,5,6,2,13
1,5,24.0,58,1,13,0,3,30,3,14
1,10,10.0,245,3,3,0,12,100,4,4
1,10,10.0,245,3,9,1,9,27,0,4
1,1,17.0,63,2,1,1,11,55,0,6
1,1,17.0,63,2,1,0,11,58,2,6
1,4,11.0,121,1,7,2,5,0,3,9
1,10,1.0,208,5,17,1,12,61,2,7
1,1,17.0,63,2,19,1,9,49,0,6
1,1,17.0,63,2,8,0,14,126,3,6
1,1,17.0,63,2,13,0,8,9,4,6
1,1,19.0,29,5,12,1,13,28,0,10
1,1,3.0,188,2,8,1,9,102,4,27
1,2,10.0,28,4,20,1,8,41,1,4
1,0,1.0,8,4,1,0,14,107,1,7
0,5,9.0,206,1,23,0,7,62,1,12
0,5,9.0,206,1,18,1,7,8,4,12
0,9,19.0,234,3,3,1,9,101,1,10
0,9,18.0,359,6,9,3,3,115,1,0
0,9,21.0,362,1,6,0,1,59,2,21
0,9,27.0,179,0,15,0,5,64,0,15
0,9,27.0,179,0,12,0,5,6,0,15
0,9,27.0,179,0,8,2,1,1,3,15
0,7,4.0,186,6,0,2,0,64,3,30
0,7,2.0,160,4,15,1,14,107,4,22
0,7,11.0,197,6,13,0,14,110,0,9
0,7,12.0,181,3,20,1,12,104,4,28
0,7,12.0,181,3,12,0,5,6,1,28
0,7,13.0,238,0,20,0,8,33,4,25
0,7,13.0,238,0,19,1,1,67,4,25
0,7,18.0,154,6,15,1,10,47,1,0
1,8,3.0,363,6,8,2,13,29,3,27
1,4,12.0,134,2,1,2,8,118,0,28
1,4,18.0,26,1,8,2,0,64,3,0
1,4,18.0,26,1,2,2,9,57,3,0
1,10,2.0,358,6,9,1,1,67,0,22
1,3,19.0,138,1,2,0,15,85,1,10
1,1,11.0,111,4,18,2,15,96,3,9
1,6,16.0,38,4,8,1,14,24,1,2
1,4,27.0,274,4,8,2,2,69,0,15
1,0,19.0,13,0,2,1,7,54,4,10
0,9,1.0,126,2,13,0,5,12,3,7
1,9,8.0,90,1,22,0,12,104,1,8
1,7,10.0,329,4,22,0,13,48,4,4
1,7,19.0,330,6,17,1,14,24,2,10
1,4,18.0,26,1,8,2,7,78,3,0
1,4,20.0,115,4,14,1,11,15,4,29
1,4,28.0,218,5,12,0,8,9,1,18
1,4,28.0,218,5,12,2,13,21,0,18
1,4,28.0,218,5,15,1,2,13,1,18
1,2,2.0,143,2,16,2,2,86,0,22
1,2,2.0,143,2,21,0,0,77,1,22
1,2,2.0,143,2,6,2,8,27,3,22
1,2,2.0,143,2,13,0,0,26,1,22
1,2,2.0,143,2,8,2,2,69,0,22
1,2,4.0,254,5,2,0,9,134,1,30
1,2,4.0,254,5,22,1,13,99,4,30
1,2,11.0,297,5,19,0,10,22,3,9
1,2,18.0,7,5,19,0,2,13,1,0
0,9,21.0,362,1,4,0,12,61,1,21
1,2,18.0,7,5,22,1,13,36,1,0
1,2,21.0,108,0,16,0,3,115,0,21
1,2,21.0,108,0,10,1,10,22,0,21
0,11,26.0,364,4,2,0,10,47,3,3
0,9,10.0,156,5,11,1,1,11,0,4
0,9,10.0,156,5,2,0,8,27,1,4
0,3,16.0,263,3,8,3,5,6,2,2
1,4,20.0,115,4,16,2,7,78,3,29
0,0,1.0,8,5,13,0,9,58,4,7
1,4,20.0,115,4,13,0,2,123,2,29
1,5,28.0,259,6,16,2,14,131,3,18
1,1,20.0,151,6,12,0,14,24,1,29
1,5,28.0,259,6,4,2,7,62,3,18
1,10,10.0,245,3,20,0,10,22,2,4
1,4,28.0,218,5,4,0,9,54,1,18
1,5,28.0,259,6,6,2,16,42,1,18
0,9,20.0,119,0,12,2,1,11,4,29
0,0,1.0,8,5,19,1,3,115,4,7
1,8,10.0,71,6,12,0,10,47,3,4
1,7,25.0,41,5,21,1,12,100,4,13
1,8,10.0,71,6,2,0,2,2,2,4
1,4,12.0,134,2,16,1,14,32,0,28
1,6,9.0,236,4,0,2,16,37,3,12
0,0,1.0,8,5,14,0,2,69,0,7
1,2,2.0,143,2,2,1,13,48,0,22
1,1,17.0,63,2,19,0,0,26,3,6
1,5,10.0,155,1,5,1,5,12,0,4
1,8,10.0,71,6,3,0,1,11,2,4
1,4,18.0,26,1,6,0,13,13,0,0
1,7,25.0,41,5,4,0,14,110,0,13
1,6,9.0,236,4,23,0,14,107,1,12
0,0,11.0,10,0,23,0,15,96,1,9
1,2,4.0,254,5,19,0,3,76,1,30
1,2,13.0,276,3,12,1,13,99,2,25
1,6,1.0,158,2,17,0,13,38,1,7
1,6,10.0,149,5,3,0,10,6,0,4
0,0,11.0,10,0,14,0,16,50,1,9
1,3,2.0,120,6,0,1,13,69,0,22
0,9,18.0,359,6,3,1,14,25,1,0
1,4,18.0,26,1,15,0,8,27,1,0
1,2,11.0,297,5,23,0,0,26,1,9
1,3,2.0,120,6,15,1,6,14,4,22
1,6,18.0,308,6,15,1,0,53,4,0
0,0,16.0,11,6,11,0,8,27,4,2
1,6,1.0,158,2,13,1,2,13,2,7
0,9,20.0,119,0,5,0,15,51,1,29
0,7,3.0,269,5,1,1,1,105,0,27
1,6,8.0,59,2,0,1,7,20,1,8
1,2,11.0,297,5,12,0,6,89,1,9
0,9,21.0,362,1,6,2,0,53,3,21
1,6,28.0,309,1,17,0,2,13,1,18
1,4,18.0,26,1,14,0,0,77,3,0
0,0,17.0,12,3,7,1,15,31,0,6
1,1,17.0,63,2,15,0,13,28,0,6
1,4,18.0,26,1,22,1,8,41,4,0
1,3,2.0,120,6,8,1,2,71,4,22
1,2,11.0,297,5,14,2,9,95,3,9
0,0,17.0,12,3,14,2,13,123,3,6
1,4,20.0,115,4,5,1,6,116,4,29
1,6,28.0,309,1,0,0,1,11,3,18
0,6,28.0,309,2,0,1,3,30,1,18
1,3,11.0,337,0,5,1,3,44,4,9
0,9,21.0,362,1,16,0,11,117,0,21
1,4,28.0,218,5,19,0,7,78,3,18
1,6,28.0,309,1,15,0,2,92,1,18
0,10,29.0,318,6,3,0,1,16,2,16
1,3,16.0,263,6,14,0,4,4,0,2
0,0,17.0,12,3,11,0,9,49,3,6
1,2,2.0,143,2,6,1,13,48,0,22
1,6,8.0,59,2,8,0,4,66,3,8
1,2,18.0,7,5,22,0,5,6,0,0
0,10,29.0,318,6,11,1,15,51,1,16
1,2,2.0,143,2,17,1,13,28,0,22
1,5,1.0,109,3,23,0,13,36,0,7
1,3,30.0,304,6,22,1,13,48,0,19
0,9,27.0,179,0,9,0,2,71,2,15
1,2,18.0,7,5,10,1,2,40,1,0
1,4,18.0,26,1,17,2,15,46,3,0
0,3,1.0,180,6,13,1,12,61,1,7
1,3,11.0,337,0,9,0,1,11,3,9
0,7,11.0,197,6,22,0,1,67,2,9
1,6,7.0,169,1,19,1,9,109,0,11
1,2,20.0,264,3,3,1,14,25,4,29
1,4,18.0,26,1,6,0,11,15,3,0
1,5,1.0,109,3,13,0,15,108,3,7
1,2,4.0,254,5,3,0,1,105,0,30
1,4,20.0,115,4,3,3,6,128,3,29
1,1,8.0,62,0,20,0,6,106,3,8
1,2,21.0,108,0,15,2,9,27,0,21
0,9,10.0,156,5,22,0,8,118,2,4
0,0,27.0,23,2,12,0,10,22,0,15
1,3,16.0,263,6,4,0,15,77,3,2
0,7,18.0,154,6,14,0,13,99,1,0
1,2,4.0,254,5,8,0,1,81,0,30
1,5,1.0,109,3,19,2,7,57,0,7
1,4,28.0,218,5,21,1,1,105,0,18
1,7,5.0,204,6,2,0,1,59,4,24
1,11,25.0,88,1,22,0,5,6,0,13
0,7,28.0,34,1,16,0,0,0,0,18
1,5,1.0,109,3,3,2,11,94,0,7
0,9,18.0,359,6,13,0,14,88,2,0
1,6,18.0,308,6,2,0,1,1,3,0
1,2,21.0,108,0,11,1,16,50,4,21
1,5,9.0,206,0,5,2,13,69,2,12
1,2,2.0,143,2,23,0,13,21,1,22
1,2,4.0,254,5,13,1,6,7,4,30
1,2,20.0,264,3,13,0,2,60,0,29
1,11,25.0,88,1,4,1,2,86,1,13
1,2,2.0,143,2,12,0,3,4,3,22
0,9,18.0,359,6,1,0,4,45,0,0
1,6,26.0,348,3,11,0,13,38,2,3
1,2,11.0,297,5,8,2,12,61,3,9
1,6,26.0,348,3,22,0,13,121,3,3
1,2,4.0,254,5,5,1,15,46,4,30
1,11,26.0,364,2,1,0,3,4,0,3
1,5,1.0,109,3,14,1,3,76,0,7
0,7,28.0,34,1,0,0,7,62,3,18
1,2,26.0,3,6,8,0,1,35,4,3
0,9,20.0,119,0,19,1,4,75,4,29
1,5,1.0,109,3,11,0,4,4,1,7
0,5,13.0,184,6,1,1,14,25,1,25
1,2,18.0,7,5,5,0,5,6,3,0
0,7,28.0,34,1,3,0,5,6,2,18
0,9,19.0,234,3,9,0,5,12,2,10
1,5,10.0,155,1,9,1,16,130,4,4
0,1,11.0,111,5,14,1,9,58,4,9
1,5,9.0,206,0,19,0,2,86,1,12
1,6,9.0,236,4,6,0,7,137,3,12
1,6,26.0,348,3,17,0,2,86,3,3
1,2,11.0,297,5,21,0,2,92,1,9
1,5,25.0,350,2,0,0,9,10,0,13
0,9,20.0,119,0,5,0,2,2,4,29
1,9,24.0,272,4,15,3,9,95,1,14
1,5,19.0,146,4,17,1,13,36,4,10
1,6,28.0,309,1,21,0,3,70,3,18
0,9,27.0,179,0,17,0,10,22,3,15
1,5,25.0,350,2,17,0,5,12,0,13
1,2,21.0,108,0,6,0,8,41,4,21
0,7,2.0,160,4,9,0,6,89,1,22
0,3,2.0,120,3,17,0,10,22,1,22
0,0,15.0,190,5,8,0,0,0,2,1
1,5,25.0,350,2,14,0,7,111,4,13
1,5,19.0,146,4,7,1,10,47,1,10
1,6,28.0,309,1,12,0,16,42,1,18
1,2,20.0,264,3,13,1,0,68,4,29
1,6,9.0,236,4,1,0,5,64,1,12
1,0,12.0,113,0,22,0,0,12,3,28
1,5,27.0,328,5,13,2,14,34,2,15
1,2,21.0,108,0,8,1,10,23,1,21
1,10,3.0,310,3,16,0,14,107,3,27
0,3,2.0,120,3,22,1,4,4,4,22
1,5,19.0,146,4,5,1,9,87,4,10
1,6,9.0,236,4,11,1,3,30,4,12
0,7,2.0,160,4,1,0,10,52,3,22
1,5,28.0,259,6,22,0,12,83,2,18
1,5,28.0,259,6,17,1,9,9,4,18
1,5,28.0,259,6,12,2,5,6,3,18
1,5,26.0,37,4,2,3,11,90,0,3
1,6,1.0,158,2,4,0,15,46,3,7
1,3,11.0,337,0,14,1,9,27,0,9
1,6,8.0,59,2,4,0,2,86,1,8
1,6,6.0,83,0,12,1,11,15,1,23
1,11,17.0,110,0,6,0,0,0,0,6
1,5,24.0,58,1,18,2,6,7,3,14
1,10,2.0,358,6,2,1,9,101,2,22
1,1,11.0,111,4,18,2,10,22,3,9
1,9,8.0,90,1,3,1,11,122,0,8
1,2,16.0,220,2,2,0,10,23,1,2
1,6,13.0,317,0,20,0,1,16,2,25
1,10,5.0,336,1,8,1,7,111,0,24
1,10,22.0,314,5,18,0,9,49,1,26
1,0,23.0,237,5,19,1,9,54,4,17
1,0,23.0,237,5,22,1,10,43,2,17
1,4,24.0,27,0,13,0,12,100,4,14
1,2,14.0,231,0,3,1,5,64,2,5
1,1,14.0,183,3,8,1,13,48,2,5
1,8,5.0,101,0,7,1,14,25,0,24
1,10,6.0,242,2,13,0,7,111,1,23
1,2,14.0,231,0,19,2,9,10,0,5
1,2,30.0,131,2,17,1,0,68,4,19
1,8,15.0,72,4,17,0,10,23,1,1
1,6,9.0,236,4,11,0,13,28,2,12
1,6,9.0,236,4,20,1,3,30,4,12
1,6,9.0,236,4,22,2,15,96,3,12
1,6,8.0,59,2,0,2,7,62,3,8
1,6,9.0,236,4,8,0,7,20,0,12
1,6,9.0,236,4,1,0,4,45,4,12
1,6,28.0,309,1,9,0,0,26,3,18
1,10,3.0,310,3,12,0,15,39,1,27
1,10,3.0,310,3,14,2,1,11,1,27
1,10,3.0,310,3,22,1,1,35,4,27
1,10,9.0,150,6,12,1,7,111,0,12
1,1,9.0,50,1,20,0,7,57,3,12
1,1,9.0,50,1,22,0,9,27,2,12
1,1,10.0,17,2,6,0,4,103,3,4
1,1,9.0,50,1,18,0,4,66,3,12
1,1,10.0,17,2,7,0,0,31,3,4
1,1,9.0,50,1,2,1,0,64,1,12
1,1,10.0,17,2,13,1,11,133,4,4
1,0,24.0,55,6,1,3,1,105,3,14
1,1,12.0,353,5,6,2,10,22,3,28
1,1,12.0,353,5,7,0,5,6,0,28
1,8,1.0,66,4,4,2,6,7,4,7
1,4,18.0,26,1,17,2,0,53,3,0
1,4,18.0,26,1,0,0,11,0,3,0
1,10,28.0,216,4,17,0,12,56,1,18
1,1,9.0,50,1,1,0,10,47,0,12
1,1,10.0,17,2,21,1,10,22,0,4
1,1,10.0,17,2,14,1,11,133,4,4
1,1,12.0,353,5,3,1,3,79,1,28
1,1,9.0,50,1,2,1,11,8,4,12
1,1,20.0,151,6,20,1,0,0,1,29
1,1,20.0,151,6,12,0,10,22,2,29
1,1,20.0,151,6,15,1,10,23,1,29
1,8,3.0,363,6,13,1,13,29,1,27
1,0,16.0,11,5,22,2,0,15,0,2
0,9,8.0,90,2,3,1,7,120,4,8
0,0,22.0,241,5,17,0,11,15,4,26
0,11,9.0,311,0,9,0,1,11,4,12
1,2,26.0,3,6,9,0,0,26,2,3
0,7,2.0,160,4,15,0,9,54,2,22
1,5,19.0,146,4,1,0,2,13,3,10
1,6,10.0,149,5,3,0,2,69,2,4
0,11,10.0,360,1,17,0,5,12,0,4
0,7,4.0,186,6,22,1,12,121,1,30
1,0,20.0,172,1,6,2,1,67,3,29
1,5,23.0,168,0,6,2,10,47,3,17
1,6,26.0,348,3,21,1,6,128,0,3
1,5,25.0,350,2,1,0,10,12,1,13
0,11,11.0,175,2,13,0,12,80,0,9
1,2,28.0,257,0,17,0,0,77,3,18
0,7,4.0,186,6,9,0,14,32,4,30
1,0,26.0,14,0,13,0,10,22,1,3
1,0,27.0,23,1,19,0,2,2,3,15
1,8,3.0,363,6,11,3,1,81,1,27
1,8,3.0,363,6,4,2,1,11,3,27
1,8,3.0,363,6,9,0,13,38,4,27
1,4,12.0,134,2,21,0,1,35,4,28
1,4,12.0,134,2,16,1,1,105,0,28
1,4,18.0,26,1,6,0,14,106,0,0
1,3,29.0,325,5,23,1,9,134,1,16
1,10,7.0,243,4,8,0,9,95,1,11
1,10,7.0,243,4,16,1,9,93,1,11
1,10,24.0,261,3,9,1,11,133,0,14
1,10,23.0,247,6,0,0,0,85,1,17
1,1,8.0,62,0,2,0,4,75,3,8
1,1,8.0,62,0,13,1,1,59,4,8
0,11,8.0,283,3,1,0,14,106,1,8
0,9,16.0,107,4,22,3,10,30,0,2
1,4,31.0,67,0,13,0,2,86,2,20
1,2,17.0,6,4,3,1,10,47,0,6
0,9,15.0,226,2,18,1,5,12,0,1
0,9,23.0,167,4,5,0,3,44,2,17
1,1,29.0,112,0,2,1,9,10,4,16
1,8,8.0,76,4,16,1,0,31,0,8
0,7,17.0,95,5,18,0,15,46,3,6
1,4,18.0,26,1,4,2,8,27,3,0
1,4,12.0,134,2,13,1,11,58,4,28
1,4,20.0,115,4,18,0,11,90,1,29
1,4,28.0,218,5,5,0,0,77,1,18
1,2,2.0,143,2,18,0,3,115,4,22
1,2,4.0,254,5,12,2,7,111,0,30
1,2,21.0,108,0,6,0,0,53,1,21
1,2,21.0,108,0,8,0,14,34,1,21
1,2,20.0,264,3,13,0,4,75,2,29
1,2,26.0,3,6,2,0,7,78,4,3
1,2,28.0,257,0,9,0,16,113,0,18
1,2,28.0,257,0,20,1,2,2,4,18
1,0,2.0,47,5,17,0,5,64,3,22
1,2,11.0,297,5,13,1,14,24,1,9
1,0,20.0,172,1,6,2,2,92,3,29
1,1,9.0,50,1,1,0,1,35,3,12
1,1,12.0,353,5,2,0,9,134,2,28
1,1,18.0,82,4,9,0,11,15,1,0
1,8,1.0,66,4,2,0,10,47,2,7
0,6,8.0,59,4,17,1,14,34,0,8
1,8,1.0,66,4,14,1,10,52,0,7
1,8,3.0,363,6,4,0,15,39,1,27
1,8,10.0,71,6,0,1,9,93,0,4
1,4,12.0,134,2,21,0,1,1,4,28
1,4,20.0,115,4,11,1,11,133,4,29
1,4,20.0,115,4,18,1,10,47,1,29
1,4,20.0,115,4,9,0,6,7,0,29
1,4,28.0,218,5,20,0,13,38,3,18
1,4,28.0,218,5,4,0,5,12,1,18
1,4,28.0,218,5,4,0,5,64,0,18
1,4,28.0,218,5,4,2,2,86,3,18
1,2,2.0,143,2,22,0,2,2,4,22
1,2,4.0,254,5,2,0,0,31,0,30
0,11,26.0,364,4,13,0,4,82,1,3
0,11,5.0,240,4,17,3,12,17,4,24
0,9,3.0,217,5,13,0,4,121,1,27
0,9,3.0,217,5,15,1,1,81,4,27
0,9,10.0,156,5,15,3,12,80,3,4
0,9,10.0,156,5,8,3,10,47,3,4
0,9,12.0,177,3,20,0,9,93,1,28
0,9,18.0,359,6,17,1,14,25,0,0
0,9,20.0,119,0,17,1,8,118,0,29
0,9,21.0,362,1,13,0,0,53,1,21
1,5,31.0,196,1,3,0,2,2,3,20
1,5,8.0,199,3,9,2,10,22,3,8
1,6,26.0,348,3,16,0,7,20,3,3
1,6,8.0,59,2,8,3,14,24,3,8
0,11,12.0,118,4,5,1,4,82,1,28
1,6,10.0,149,5,6,0,5,12,1,4
1,6,4.0,159,6,4,1,3,30,4,30
1,10,8.0,213,5,6,0,10,23,0,8
1,3,20.0,105,2,5,0,2,13,2,29
0,11,17.0,110,1,17,2,1,105,0,6
1,6,26.0,348,3,11,1,13,69,1,3
0,7,11.0,197,6,7,1,2,2,0,9
1,6,10.0,149,5,20,1,0,0,1,4
1,10,8.0,213,5,20,1,8,19,4,8
1,11,26.0,364,2,16,0,0,26,1,3
1,10,9.0,150,6,22,0,13,36,1,12
1,10,7.0,243,4,9,1,3,76,4,11
0,7,11.0,197,6,8,2,2,46,3,9
1,6,1.0,158,2,13,0,1,67,1,7
1,9,18.0,359,5,13,1,4,4,4,0
1,11,25.0,88,1,9,2,15,46,3,13
1,10,9.0,150,6,14,0,5,12,0,12
1,10,23.0,247,6,8,0,4,4,3,17
0,7,11.0,197,6,19,2,16,42,1,9
1,6,8.0,59,2,13,0,3,30,1,8
1,10,11.0,298,0,15,0,14,25,1,9
1,11,27.0,322,4,17,1,14,97,4,15
1,10,7.0,243,4,19,1,5,6,0,11
0,7,18.0,154,6,12,2,11,133,1,0
1,4,17.0,19,0,4,1,9,57,4,6
0,11,17.0,110,1,8,0,1,11,4,6
1,6,26.0,348,3,22,2,13,99,3,3
1,2,1.0,16,1,2,1,0,53,2,7
0,7,28.0,34,1,7,0,10,22,1,18
1,7,22.0,211,1,1,1,9,102,4,26
1,6,25.0,39,6,18,1,2,92,2,13
1,10,28.0,216,4,0,1,10,47,0,18
1,6,26.0,348,3,9,0,13,21,1,3
1,5,29.0,24,3,8,1,0,77,1,16
1,6,27.0,116,0,19,1,11,90,0,15
0,3,2.0,120,3,3,0,3,115,2,22
1,3,11.0,337,0,21,1,11,15,0,9
1,6,28.0,309,1,16,0,9,9,3,18
1,6,6.0,83,0,15,1,14,24,1,23
1,10,9.0,150,6,4,0,0,26,1,12
0,11,17.0,110,1,9,0,14,25,0,6
1,3,11.0,337,0,1,1,11,94,4,9
1,10,11.0,298,0,5,0,15,31,4,9
1,7,23.0,202,2,1,2,11,94,3,17
1,5,24.0,58,1,13,1,3,76,4,14
0,11,17.0,110,1,18,0,2,86,3,6
1,3,16.0,263,6,19,2,7,20,3,2
1,10,3.0,310,3,3,0,10,22,3,27
1,5,31.0,196,1,4,1,14,126,4,20
1,11,1.0,222,6,2,0,8,118,1,7
0,3,2.0,120,3,19,0,10,23,1,22
0,9,3.0,217,5,17,0,0,77,1,27
1,10,11.0,298,0,4,0,0,77,2,9
0,9,10.0,156,5,14,0,7,62,3,4
0,3,2.0,120,3,4,1,11,15,4,22
1,10,8.0,213,5,4,1,5,12,0,8
1,7,25.0,41,5,14,0,5,6,3,13
1,10,11.0,298,0,8,0,8,9,1,9
1,6,6.0,83,0,3,2,15,31,3,23
1,11,1.0,222,6,11,3,1,11,0,7
0,7,18.0,154,6,8,0,1,67,0,0
1,10,9.0,150,6,16,0,12,135,2,12
1,5,1.0,109,3,15,2,8,41,3,7
1,10,11.0,298,0,9,0,2,86,3,9
1,10,28.0,216,4,17,2,15,46,3,18
1,10,28.0,216,4,2,0,4,4,2,18
1,1,9.0,50,1,13,0,12,83,0,12
1,1,10.0,17,2,2,2,0,64,3,4
1,1,12.0,353,5,17,1,0,64,1,28
1,1,12.0,353,5,2,0,6,128,0,28
1,1,12.0,353,5,18,1,9,27,0,28
1,1,18.0,82,4,0,0,4,45,3,0
1,1,18.0,82,4,17,1,9,54,0,0
1,8,1.0,66,4,8,0,3,103,0,7
1,6,1.0,158,2,13,0,5,12,0,7
1,6,8.0,59,2,13,0,8,19,0,8
1,6,8.0,59,2,15,0,0,12,1,8
1,6,10.0,149,5,12,1,2,2,4,4
1,6,26.0,348,3,15,0,3,103,2,3
1,6,26.0,348,3,3,0,9,9,3,3
1,5,24.0,58,1,2,0,1,59,3,14
1,5,16.0,239,0,9,1,4,75,1,2
1,6,27.0,116,0,18,0,10,47,3,15
1,6,27.0,116,0,1,0,16,65,1,15
1,10,27.0,302,2,18,3,9,27,3,15
1,6,26.0,348,3,15,0,2,2,2,3
1,6,28.0,309,1,20,0,14,107,3,18
1,6,28.0,309,1,14,0,10,30,3,18
1,10,3.0,310,3,21,0,16,50,1,27
1,10,3.0,310,3,12,0,16,72,0,27
1,10,3.0,310,3,19,0,2,71,4,27
1,10,9.0,150,6,14,1,6,91,2,12
1,6,26.0,348,3,20,1,11,90,4,3
1,10,28.0,216,4,16,0,4,127,2,18
1,10,28.0,216,4,16,0,10,22,3,18
1,11,23.0,232,3,17,3,4,136,3,17
1,10,2.0,358,6,15,1,2,40,1,22
0,11,2.0,265,0,11,0,10,22,1,22
1,11,24.0,194,0,4,1,13,38,0,14
1,9,8.0,90,1,19,1,9,63,0,8
1,3,10.0,4,3,20,1,13,36,1,4
1,6,18.0,308,6,15,0,16,72,1,0
1,6,18.0,308,6,2,0,10,22,2,0
1,6,18.0,308,6,19,0,1,16,4,0
1,6,26.0,348,3,2,0,15,39,3,3
1,6,26.0,348,3,2,0,8,19,0,3
1,6,28.0,309,1,13,1,11,90,1,18
1,10,3.0,310,3,21,0,7,62,4,27
1,10,3.0,310,3,2,3,9,57,0,27
1,10,3.0,310,3,4,0,2,60,2,27
1,10,3.0,310,3,9,0,5,6,2,27
1,10,8.0,213,5,21,0,16,130,4,8
1,10,8.0,213,5,18,0,4,75,1,8
1,10,8.0,213,5,18,0,3,115,2,8
1,10,9.0,150,6,17,3,5,6,0,12
1,10,11.0,298,0,16,0,9,93,0,9
1,10,11.0,298,0,21,1,14,32,4,9
1,10,11.0,298,0,5,1,2,13,1,9
1,10,11.0,298,0,11,1,3,44,4,9
1,10,28.0,216,4,16,0,2,2,0,18
1,1,10.0,17,2,0,0,10,47,2,4
1,1,10.0,17,2,21,1,1,11,0,4
1,1,18.0,82,4,17,1,10,52,0,0
1,6,25.0,39,6,15,0,4,127,2,13
1,10,9.0,150,6,19,0,16,108,2,12
0,9,12.0,177,3,13,1,2,2,1,28
1,6,29.0,335,2,17,0,10,43,1,16
1,6,25.0,39,6,2,1,2,86,1,13
0,7,28.0,34,1,3,1,11,15,1,18
1,10,28.0,216,4,6,1,13,48,0,18
0,9,20.0,119,0,19,1,3,30,4,29
1,6,24.0,31,5,18,1,10,47,0,14
1,1,9.0,50,1,6,0,8,19,1,12
1,6,27.0,116,0,19,1,1,81,4,15
0,9,18.0,359,6,4,1,5,6,1,0
0,3,2.0,120,3,13,2,0,77,3,22
1,6,22.0,185,2,19,0,6,7,4,26
1,5,9.0,206,0,0,2,12,61,3,12
1,1,9.0,50,1,16,0,11,55,3,12
1,6,27.0,116,0,4,1,9,109,4,15
0,9,21.0,362,1,1,0,2,86,1,21
0,3,3.0,182,0,8,0,9,49,2,27
1,7,23.0,202,2,21,0,10,12,0,17
1,5,9.0,206,0,11,2,10,47,3,12
1,10,27.0,302,2,15,1,12,61,4,15
0,3,2.0,120,3,19,0,4,127,3,22
1,5,9.0,206,0,2,0,11,117,1,12
1,5,9.0,206,0,9,0,3,115,4,12
1,5,9.0,206,0,4,1,14,25,4,12
1,5,9.0,206,0,14,3,2,35,3,12
1,5,10.0,155,1,19,0,16,139,3,4
1,5,10.0,155,1,1,0,3,76,3,4
1,5,10.0,155,1,18,2,1,105,2,4
1,5,19.0,146,4,17,3,10,47,0,10
1,5,19.0,146,4,6,1,14,32,2,10
1,5,19.0,146,4,0,1,11,90,0,10
1,5,19.0,146,4,12,1,10,47,0,10
1,5,25.0,350,2,17,2,5,0,3,13
1,5,25.0,350,2,19,0,9,102,4,13
1,5,27.0,328,5,4,0,16,72,0,15
1,5,26.0,37,4,22,3,10,23,0,3
1,6,1.0,158,2,16,2,11,90,3,7
1,5,10.0,155,1,19,1,9,93,4,4
1,5,19.0,146,4,0,1,5,12,0,10
1,1,15.0,1,0,5,0,2,13,1,1
1,2,7.0,153,0,12,1,5,6,0,11
1,5,19.0,146,4,11,0,13,38,2,10
1,5,19.0,146,4,3,0,7,120,4,10
1,5,19.0,146,4,19,0,3,79,3,10
1,5,25.0,350,2,17,0,5,12,1,13
1,5,25.0,350,2,0,0,10,22,0,13
1,5,25.0,350,2,0,0,4,45,3,13
1,5,25.0,350,2,21,1,5,12,0,13
1,5,25.0,350,2,2,0,16,37,3,13
1,5,25.0,350,2,22,0,9,57,1,13
1,5,25.0,350,2,18,0,9,87,3,13
1,5,27.0,328,5,13,1,13,38,1,15
1,5,27.0,328,5,1,0,13,69,1,15
1,5,28.0,259,6,15,1,10,22,4,18
1,6,1.0,158,2,6,2,4,75,1,7
1,6,1.0,158,2,3,0,6,7,3,7
1,6,1.0,158,2,8,0,2,13,3,7
1,6,1.0,158,2,1,0,15,31,1,7
1,6,8.0,59,2,16,1,13,38,0,8
1,6,8.0,59,2,20,2,4,138,1,8
1,6,9.0,236,4,23,2,16,37,2,12
1,6,9.0,236,4,12,0,10,12,3,12
1,6,10.0,149,5,13,0,13,36,0,4
1,9,25.0,344,5,14,1,14,24,4,13
1,3,2.0,120,6,23,2,2,86,1,22
1,3,11.0,337,0,19,2,6,132,0,9
1,3,11.0,337,0,9,0,1,67,0,9
1,3,16.0,263,6,3,2,1,105,3,2
1,3,16.0,263,6,20,1,2,35,4,2
1,5,1.0,109,3,18,0,4,4,1,7
1,5,9.0,206,0,22,1,12,121,1,12
1,5,10.0,155,1,12,0,2,86,0,4
1,5,10.0,155,1,0,1,6,89,4,4
1,5,19.0,146,4,21,1,13,48,0,10
1,5,26.0,37,4,17,1,7,137,4,3
1,5,27.0,328,5,17,0,9,101,3,15
1,5,27.0,328,5,9,0,2,92,3,15
1,6,7.0,169,1,18,0,15,85,0,11
0,9,20.0,119,0,7,0,13,21,1,29
0,3,27.0,361,4,7,0,2,92,1,15
1,6,6.0,83,0,12,1,9,27,0,23
0,9,19.0,234,3,9,2,6,89,1,10
0,3,27.0,361,4,2,0,16,74,0,15
1,1,10.0,17,2,17,0,2,69,3,4
1,5,25.0,350,2,9,1,16,42,1,13
1,11,25.0,88,1,14,0,12,61,0,13
0,3,28.0,187,5,8,1,1,67,4,18
0,9,19.0,234,3,9,0,10,52,0,10
1,5,25.0,350,2,18,2,6,89,3,13
1,1,18.0,82,4,5,1,5,0,2,0
1,11,27.0,322,4,9,1,13,36,4,15
1,1,18.0,82,4,5,1,10,22,1,0
0,9,27.0,179,0,0,1,7,31,4,15
1,5,26.0,37,4,5,1,15,31,1,3
0,5,3.0,161,2,7,1,16,50,1,27
1,9,2.0,323,2,23,0,14,24,1,22
1,1,18.0,82,4,13,1,11,15,4,0
0,7,2.0,160,4,16,2,6,132,0,22
0,7,4.0,186,6,9,0,0,77,1,30
0,7,12.0,181,3,6,1,2,2,0,28
1,0,20.0,172,1,6,0,13,99,1,29
1,0,2.0,47,5,20,0,10,47,2,22
1,0,20.0,172,1,18,1,7,120,0,29
1,0,20.0,172,1,18,0,10,12,3,29
1,0,26.0,14,0,2,0,3,76,3,3
1,0,27.0,23,1,3,1,3,30,4,15
1,0,27.0,23,1,12,1,10,12,2,15
1,0,27.0,23,1,4,0,13,38,4,15
1,0,27.0,23,1,4,0,0,85,1,15
1,0,27.0,23,1,7,1,8,9,0,15
1,0,29.0,191,4,16,0,1,1,1,16
1,0,29.0,191,4,14,2,12,17,3,16
0,11,9.0,311,0,1,0,16,50,3,12
0,11,10.0,360,1,19,0,4,66,1,4
0,11,11.0,175,2,16,0,0,53,3,9
0,11,11.0,175,2,8,1,10,22,0,9
0,11,11.0,175,2,21,0,15,108,1,9
0,11,12.0,118,4,8,1,1,35,4,28
0,11,12.0,118,4,8,2,16,130,3,28
0,11,17.0,110,1,16,0,0,53,3,6
0,11,17.0,110,1,4,0,4,82,3,6
0,11,21.0,192,6,18,1,5,6,0,21
0,11,26.0,364,4,6,0,7,20,1,3
0,11,26.0,364,4,3,2,0,15,3,3
1,2,4.0,254,5,3,1,6,14,4,30
1,2,4.0,254,5,16,0,6,128,1,30
1,2,4.0,254,5,12,1,4,4,1,30
1,2,11.0,297,5,3,1,2,92,4,9
1,2,20.0,264,3,15,0,2,123,1,29
1,2,20.0,264,3,2,0,16,37,2,29
1,2,21.0,108,0,13,0,8,27,0,21
1,2,21.0,108,0,8,2,16,130,3,21
1,2,20.0,264,3,14,3,8,9,0,29
1,2,26.0,3,6,11,0,2,69,3,3
1,2,26.0,3,6,5,0,1,35,4,3
1,2,28.0,257,0,11,1,9,95,4,18
1,0,2.0,47,5,2,0,3,70,1,22
1,0,12.0,113,0,18,0,15,77,1,28
1,0,20.0,172,1,6,0,4,45,3,29
1,0,26.0,14,0,5,0,12,17,4,3
1,0,26.0,14,0,10,0,9,102,4,3
1,0,26.0,14,0,1,1,9,101,2,3
1,0,29.0,191,4,4,0,13,38,2,16
1,0,29.0,191,4,8,0,4,82,3,16
0,11,9.0,311,0,4,0,4,75,0,12
0,11,10.0,360,1,0,0,14,131,1,4
0,11,12.0,118,4,0,2,7,62,0,28
0,11,12.0,118,4,20,0,5,6,3,28
0,11,12.0,118,4,3,3,13,28,0,28
0,11,12.0,118,4,19,0,1,11,1,28
0,11,17.0,110,1,3,0,2,86,4,6
1,5,28.0,259,6,14,3,11,18,0,18
1,9,10.0,156,4,23,1,13,48,4,4
0,5,3.0,161,2,15,0,6,7,1,27
1,5,28.0,259,6,18,1,16,39,0,18
1,7,25.0,41,5,22,2,13,29,2,13
1,3,2.0,120,6,13,1,9,63,1,22
1,1,18.0,82,4,9,1,10,22,1,0
0,5,4.0,114,4,14,0,8,9,0,30
1,3,11.0,337,0,2,0,9,101,2,9
0,3,2.0,120,3,18,1,1,11,2,22
0,9,12.0,177,3,4,3,14,25,3,28
0,9,20.0,119,0,8,1,13,99,4,29
0,6,21.0,193,2,2,0,7,120,0,21
0,8,3.0,363,3,1,2,10,43,3,27
0,0,15.0,190,5,5,0,3,30,2,1
1,11,25.0,88,1,16,1,2,92,0,13
1,11,26.0,364,2,8,2,6,132,0,3
1,11,27.0,322,4,15,1,6,116,4,15
1,9,2.0,323,2,0,0,0,77,3,22
1,9,2.0,323,2,12,0,8,118,1,22
1,9,10.0,156,4,19,0,7,129,2,4
1,9,24.0,272,4,11,0,2,13,1,14
1,7,18.0,154,5,21,1,13,48,0,0
1,7,18.0,154,5,15,0,0,77,0,0
1,7,25.0,41,5,2,0,9,49,1,13
1,3,11.0,337,0,11,1,3,44,4,9
1,11,26.0,364,2,12,0,5,6,1,3
1,11,26.0,364,2,9,1,1,1,0,3
1,11,27.0,322,4,14,2,9,54,3,15
1,9,10.0,156,4,10,1,12,56,0,4
1,9,10.0,156,4,22,0,1,16,0,4
1,9,10.0,156,4,3,1,13,28,4,4
1,9,10.0,156,4,12,0,4,82,3,4
1,9,10.0,156,4,12,2,1,81,3,4
1,9,10.0,156,4,1,2,9,93,3,4
1,9,10.0,156,4,11,0,13,28,2,4
1,9,24.0,272,4,12,0,10,6,3,14
1,9,24.0,272,4,13,0,12,104,1,14
1,9,25.0,344,5,2,3,6,7,2,13
1,9,25.0,344,5,13,0,9,109,0,13
1,9,25.0,344,5,2,3,13,48,0,13
1,7,25.0,41,5,5,0,6,128,2,13
1,7,25.0,41,5,19,0,2,86,4,13
1,3,2.0,120,6,13,2,3,30,3,22
1,5,22.0,163,3,12,0,2,86,0,26
1,3,2.0,120,6,2,0,16,37,3,22
1,3,2.0,120,6,3,1,1,35,4,22
1,9,2.0,323,2,12,1,11,55,4,22
1,9,10.0,156,4,3,0,13,21,4,4
1,9,10.0,156,4,4,1,8,33,0,4
1,11,25.0,88,1,1,0,3,70,4,13
1,1,20.0,151,6,17,0,10,47,0,29
0,5,13.0,184,6,2,3,11,15,0,25
1,11,25.0,88,1,19,1,5,6,1,13
1,1,20.0,151,6,6,1,0,12,0,29
1,9,2.0,323,2,22,0,9,93,1,22
0,5,28.0,259,3,6,0,10,47,0,18
1,8,1.0,66,4,17,0,14,24,1,7
1,9,2.0,323,2,12,0,13,29,1,22
0,5,28.0,259,3,7,1,9,57,0,18
1,8,1.0,66,4,15,1,13,48,2,7
1,9,24.0,272,4,8,1,12,100,1,14
0,5,28.0,259,3,12,1,1,35,4,18
1,2,20.0,264,3,20,1,6,91,4,29
1,9,25.0,344,5,14,2,16,139,3,13
0,6,4.0,159,3,9,0,8,27,1,30
1,2,20.0,264,3,14,1,10,43,1,29
1,7,18.0,154,5,16,1,1,35,0,0
0,6,11.0,355,3,11,1,9,54,4,9
0,6,11.0,355,3,22,1,15,108,4,9
0,6,11.0,355,3,12,2,2,2,3,9
0,6,11.0,355,3,3,1,13,38,4,9
0,6,11.0,355,3,23,1,15,51,4,9
0,6,12.0,162,0,11,1,3,103,4,28
1,1,30.0,100,1,7,1,7,8,4,19
1,2,17.0,6,4,13,1,7,111,0,6
0,11,16.0,225,0,17,0,0,64,1,2
0,11,16.0,225,0,1,1,0,85,0,2
1,0,31.0,290,6,13,0,2,69,4,20
1,10,5.0,336,1,17,2,2,13,3,24
1,1,30.0,100,1,13,0,2,2,1,19
1,2,17.0,6,4,18,0,9,49,1,6
0,6,12.0,162,0,3,1,1,105,4,28
0,6,19.0,291,0,16,0,8,9,3,10
0,7,12.0,181,3,13,0,1,105,3,28
0,7,12.0,181,3,15,0,13,48,2,28
0,7,13.0,238,0,1,1,16,139,1,25
0,7,13.0,238,0,1,0,5,64,1,25
0,7,13.0,238,0,14,0,4,75,4,25
0,7,13.0,238,0,18,0,1,35,3,25
0,7,18.0,154,6,17,2,10,43,3,0
0,7,18.0,154,6,3,0,13,28,2,0
0,7,13.0,238,0,23,0,12,61,4,25
0,3,2.0,120,3,22,0,0,68,2,22
0,3,3.0,182,0,0,0,6,89,4,27
0,3,2.0,120,3,14,0,1,105,0,22
0,3,3.0,182,0,14,0,14,24,2,27
0,3,3.0,182,0,1,0,8,41,1,27
0,3,27.0,361,4,17,0,10,47,3,15
0,3,27.0,361,4,17,1,13,38,1,15
0,3,27.0,361,4,13,1,1,59,4,15
0,3,27.0,361,4,15,1,0,68,4,15
0,10,24.0,261,0,14,0,5,12,3,14
0,7,9.0,273,4,19,1,5,64,1,12
0,6,9.0,236,5,18,1,0,15,0,12
0,10,29.0,318,6,12,3,0,26,1,16
0,1,5.0,219,6,20,1,2,2,1,24
1,3,1.0,180,5,17,3,8,118,0,7
1,4,11.0,121,1,13,1,9,134,4,9
1,2,10.0,28,4,2,1,9,95,2,4
1,10,1.0,208,5,13,0,12,100,2,7
1,7,18.0,154,5,15,0,5,6,2,0
1,2,21.0,108,0,15,1,6,7,4,21
1,7,18.0,154,5,20,1,3,30,4,0
1,7,25.0,41,5,6,1,8,118,1,13
1,2,21.0,108,0,22,0,6,73,1,21
1,7,25.0,41,5,13,0,6,91,2,13
1,2,21.0,108,0,2,3,3,30,0,21
1,7,25.0,41,5,2,0,13,99,3,13
1,2,21.0,108,0,1,2,1,35,3,21
1,3,2.0,120,6,22,0,0,15,2,22
1,2,21.0,108,0,13,1,9,93,4,21
1,3,11.0,337,0,23,1,1,81,4,9
1,0,12.0,113,0,8,0,1,67,3,28
1,3,16.0,263,6,23,1,10,47,0,2
1,3,16.0,263,6,3,1,12,135,1,2
1,3,16.0,263,6,8,0,1,67,3,2
1,0,20.0,172,1,16,0,15,51,3,29
1,5,1.0,109,3,17,1,1,11,0,7
1,0,26.0,14,0,9,0,16,139,1,3
1,5,9.0,206,0,7,2,0,77,1,12
1,5,9.0,206,0,1,1,7,129,4,12
1,5,10.0,155,1,21,0,2,69,1,4
1,5,10.0,155,1,5,0,12,104,1,4
0,0,15.0,190,5,2,0,8,118,2,1
0,0,15.0,190,5,12,0,0,26,2,1
1,3,15.0,35,5,15,1,13,99,4,1
1,3,15.0,35,5,8,1,10,47,0,1
1,3,15.0,35,5,17,0,11,117,1,1
1,11,25.0,88,1,17,1,0,53,0,13
1,11,25.0,88,1,18,0,16,39,0,13
1,11,26.0,364,2,4,1,11,55,4,3
1,11,27.0,322,4,12,0,8,9,3,15
1,11,25.0,88,1,22,3,6,7,3,13
1,11,27.0,322,4,8,1,9,109,4,15
1,9,10.0,156,4,20,0,0,77,1,4
1,3,11.0,337,0,12,1,0,31,4,9
1,3,11.0,337,0,23,1,4,127,4,9
1,3,11.0,337,0,9,2,10,47,3,9
1,3,16.0,263,6,8,0,3,44,2,2
1,5,1.0,109,3,17,0,8,27,1,7
1,5,9.0,206,0,15,2,7,111,3,12
1,5,10.0,155,1,17,0,5,6,1,4
1,5,9.0,206,0,15,1,13,21,1,12
1,5,9.0,206,0,18,0,3,30,1,12
1,5,10.0,155,1,11,0,13,29,4,4
1,5,10.0,155,1,3,1,4,82,1,4
1,5,19.0,146,4,16,0,13,13,0,10
1,5,19.0,146,4,15,0,8,33,1,10
1,5,25.0,350,2,2,0,9,54,1,13
1,5,26.0,37,4,17,1,0,31,0,3
1,5,25.0,350,2,5,1,6,128,1,13
1,5,26.0,37,4,9,0,14,110,1,3
1,5,26.0,37,4,22,1,14,32,4,3
1,5,27.0,328,5,8,0,2,86,1,15
1,5,27.0,328,5,12,0,15,108,1,15
1,0,29.0,191,4,21,0,12,121,3,16
1,0,29.0,191,4,19,0,10,47,0,16
0,11,9.0,311,0,17,0,3,76,1,12
0,11,9.0,311,0,11,1,10,22,1,12
0,11,10.0,360,1,8,0,16,130,1,4
0,11,10.0,360,1,18,1,10,22,0,4
0,9,14.0,106,1,13,0,2,86,1,5
0,11,11.0,175,2,21,2,8,41,3,9
0,11,11.0,175,2,3,0,1,59,1,9
0,11,12.0,118,4,10,1,14,25,0,28
0,11,12.0,118,4,2,0,13,99,4,28
0,11,17.0,110,1,6,0,10,12,0,6
0,11,17.0,110,1,9,0,13,29,2,6
0,11,10.0,360,1,1,1,15,77,1,4
0,11,21.0,192,6,19,0,6,7,4,21
0,11,26.0,364,4,19,0,6,14,1,3
1,2,28.0,257,0,6,0,5,6,3,18
1,0,2.0,47,5,8,0,8,9,3,22
1,0,2.0,47,5,19,0,0,26,4,22
1,0,2.0,47,5,19,0,15,31,1,22
1,2,20.0,264,3,9,0,4,79,2,29
1,0,12.0,113,0,5,0,1,1,0,28
1,0,20.0,172,1,12,1,7,8,4,29
1,0,27.0,23,1,17,0,7,137,2,15
1,0,27.0,23,1,19,0,14,25,0,15
1,0,27.0,23,1,18,2,10,47,3,15
1,0,29.0,191,4,0,0,2,40,1,16
1,0,29.0,191,4,15,0,1,59,1,16
1,0,29.0,191,4,4,0,4,82,1,16
0,11,9.0,311,0,14,1,1,59,0,12
0,11,10.0,360,1,16,0,14,107,1,4
0,11,10.0,360,1,1,0,10,22,0,4
0,11,10.0,360,1,9,1,4,45,0,4
0,11,11.0,175,2,14,0,1,105,3,9
0,11,17.0,110,1,17,0,5,6,1,6
1,0,20.0,172,1,14,1,10,12,1,29
1,4,20.0,115,4,0,1,10,52,1,29
0,10,10.0,245,0,13,1,9,134,4,4
0,3,26.0,343,2,13,3,7,8,4,3
1,0,27.0,23,1,17,0,2,2,1,15
0,10,23.0,247,3,6,2,9,58,4,17
1,1,20.0,151,6,8,0,15,51,1,29
0,9,10.0,156,5,13,1,1,67,4,4
0,10,16.0,201,3,6,0,4,4,1,2
0,10,16.0,201,3,22,0,6,7,1,2
0,10,18.0,246,1,9,0,6,132,1,0
0,10,25.0,56,1,16,0,14,125,0,13
0,10,25.0,56,1,22,0,4,79,3,13
0,7,4.0,186,6,23,0,2,86,4,30
0,11,17.0,110,1,17,2,2,86,1,6
0,7,2.0,160,4,8,0,2,86,3,22
0,7,12.0,181,3,8,2,3,30,3,28
0,7,13.0,238,0,2,0,14,24,4,25
0,7,13.0,238,0,8,0,9,27,2,25
0,7,13.0,238,0,4,1,9,49,1,25
0,9,21.0,362,1,20,0,15,31,3,21
0,7,18.0,154,6,16,0,4,66,4,0
0,7,18.0,154,6,16,0,5,12,3,0
0,7,18.0,154,6,0,0,0,68,0,0
0,7,18.0,154,6,5,0,10,12,1,0
0,7,18.0,154,6,18,0,1,67,4,0
0,7,18.0,154,6,12,3,9,57,3,0
1,2,26.0,3,6,5,0,5,6,2,3
0,3,27.0,361,4,1,0,14,107,3,15
1,2,26.0,3,6,22,0,4,45,2,3
1,2,28.0,257,0,20,0,10,22,1,18
1,2,28.0,257,0,8,0,2,2,2,18
1,2,28.0,257,0,14,2,1,59,3,18
1,0,2.0,47,5,8,0,4,75,1,22
1,8,1.0,66,4,13,0,13,69,2,7
0,10,25.0,56,1,18,0,8,65,4,13
0,1,2.0,171,2,6,0,10,30,3,22
0,1,2.0,171,2,4,0,10,22,1,22
0,6,17.0,244,6,15,1,3,70,4,6
0,1,2.0,171,2,9,1,12,100,4,22
0,1,26.0,248,6,19,1,10,47,2,3
0,8,2.0,77,6,19,0,6,128,3,22
0,8,8.0,76,5,11,1,10,47,0,8
0,8,8.0,76,5,22,0,5,6,3,8
0,8,8.0,76,5,3,0,14,25,2,8
0,8,8.0,76,5,11,1,7,57,4,8
0,8,8.0,76,5,7,1,9,93,0,8
0,8,8.0,76,5,9,1,7,137,4,8
0,8,19.0,280,1,16,2,15,96,3,10
0,8,19.0,280,1,21,0,5,12,3,10
0,8,19.0,280,1,12,0,13,29,3,10
0,8,19.0,280,1,19,2,16,139,1,10
0,8,19.0,280,1,12,0,1,105,3,10
0,8,26.0,278,1,10,1,15,119,0,3
0,8,26.0,278,1,15,1,7,137,1,3
0,8,26.0,278,1,19,0,15,31,3,3
0,8,26.0,278,1,4,2,10,52,3,3
0,10,18.0,246,1,6,0,14,126,3,0
0,10,18.0,246,1,16,0,0,26,3,0
0,10,18.0,246,1,2,0,8,19,3,0
0,10,18.0,246,1,14,0,13,48,4,0
0,10,23.0,247,3,13,2,4,138,0,17
0,10,25.0,56,1,12,0,10,22,3,13
0,1,26.0,248,6,12,0,0,85,3,3
0,3,17.0,54,0,13,3,14,107,1,6
0,1,27.0,262,3,3,0,2,71,3,15
0,1,27.0,262,3,3,2,2,2,3,15
0,1,27.0,262,3,4,1,13,99,4,15
0,1,27.0,262,3,19,0,0,53,1,15
0,1,27.0,262,3,18,0,14,110,4,15
0,8,8.0,76,5,3,0,0,0,2,8
0,8,19.0,280,1,17,0,6,91,4,10
0,8,19.0,280,1,16,0,1,105,0,10
0,8,19.0,280,1,20,0,8,9,1,10
0,8,19.0,280,1,15,1,1,59,4,10
0,8,19.0,280,1,21,1,5,6,0,10
0,8,26.0,278,1,6,0,0,26,3,3
1,0,27.0,23,1,21,0,4,45,4,15
1,0,27.0,23,1,15,1,2,60,4,15
0,11,9.0,311,0,15,0,12,135,2,12
0,11,9.0,311,0,12,0,15,51,2,12
0,11,9.0,311,0,19,0,9,102,1,12
0,11,10.0,360,1,7,0,8,27,1,4
0,11,10.0,360,1,12,0,13,38,0,4
0,11,11.0,175,2,5,0,8,9,3,9
0,11,11.0,175,2,8,0,2,60,4,9
0,11,11.0,175,2,4,2,2,13,3,9
0,11,17.0,110,1,3,0,9,101,4,6
0,11,26.0,364,4,12,0,10,43,2,3
0,9,3.0,217,5,17,0,2,69,1,27
0,9,3.0,217,5,20,1,13,38,1,27
0,9,3.0,217,5,1,0,7,62,3,27
0,9,10.0,156,5,11,0,5,6,3,4
0,2,25.0,233,6,15,1,7,111,4,13
0,8,26.0,278,1,18,0,9,95,2,3
1,1,20.0,151,6,15,0,11,18,3,29
0,2,25.0,233,6,14,0,4,75,1,13
0,10,23.0,247,3,11,0,5,12,2,17
0,8,26.0,278,1,12,0,15,96,0,3
0,7,28.0,34,1,0,0,15,46,1,18
1,0,29.0,191,4,2,0,4,82,1,16
0,9,10.0,156,5,1,0,0,0,3,4
0,6,18.0,308,3,17,1,2,86,0,0
0,2,25.0,233,6,9,0,2,86,4,13
1,8,1.0,66,4,16,2,12,104,3,7
0,7,28.0,34,1,5,0,14,25,3,18
0,9,12.0,177,3,21,0,13,38,3,28
0,4,27.0,274,5,6,3,5,64,3,15
0,10,23.0,247,3,10,1,12,100,0,17
0,11,9.0,311,0,17,0,9,95,1,12
0,11,13.0,312,5,6,2,11,15,0,25
0,0,3.0,334,3,6,0,5,12,0,27
0,11,16.0,225,0,4,2,6,89,3,2
1,8,1.0,66,4,18,0,12,61,1,7
0,7,28.0,34,1,1,1,2,40,4,18
0,9,12.0,177,3,22,0,6,128,2,28
0,4,27.0,274,5,15,0,5,6,2,15
0,4,27.0,274,5,18,0,2,86,1,15
0,2,1.0,16,2,11,0,14,24,1,7
0,2,1.0,16,2,14,0,8,118,1,7
0,2,11.0,297,6,17,1,8,27,0,9
0,2,11.0,297,6,11,0,11,15,3,9
0,2,16.0,220,4,13,0,6,7,3,2
0,4,8.0,292,3,12,0,12,56,0,8
0,4,8.0,292,3,12,1,14,126,1,8
0,4,27.0,274,5,8,0,4,121,1,15
0,2,1.0,16,2,17,0,11,15,3,7
0,2,1.0,16,2,13,0,2,69,1,7
0,2,1.0,16,2,12,2,8,9,0,7
0,2,1.0,16,2,19,1,9,83,4,7
0,2,16.0,220,4,7,1,5,6,0,2
0,2,16.0,220,4,16,1,5,6,0,2
0,2,19.0,137,3,8,0,5,12,3,10
0,2,25.0,233,6,5,1,16,72,4,13
0,2,11.0,297,6,12,3,8,27,2,9
0,0,3.0,334,3,18,0,10,22,1,27
0,0,10.0,129,3,13,0,1,35,3,4
0,0,25.0,281,0,2,1,2,86,1,13
0,7,11.0,197,6,23,0,8,9,2,9
0,7,11.0,197,6,13,0,4,82,2,9
0,7,11.0,197,6,2,2,16,50,0,9
0,7,12.0,181,3,15,1,0,77,1,28
0,7,13.0,238,0,13,2,0,64,0,25
0,7,13.0,238,0,3,0,5,6,2,25
0,6,30.0,145,5,4,0,12,121,1,19
1,2,11.0,297,5,13,0,12,100,0,9
1,2,11.0,297,5,3,0,10,47,3,9
1,2,11.0,297,5,18,0,15,46,1,9
1,2,18.0,7,5,0,0,10,47,0,0
1,2,18.0,7,5,22,0,15,31,0,0
1,2,18.0,7,5,4,0,13,29,1,0
1,2,18.0,7,5,12,1,10,23,1,0
1,2,20.0,264,3,17,1,11,55,4,29
1,2,21.0,108,0,2,2,2,69,3,21
1,2,21.0,108,0,12,1,14,32,4,21
1,2,21.0,108,0,23,1,2,40,1,21
1,2,26.0,3,6,16,0,13,69,0,3
0,0,25.0,281,0,16,0,4,4,1,13
0,0,25.0,281,0,22,0,10,12,4,13
0,0,25.0,281,0,4,1,3,44,0,13
0,0,28.0,249,4,17,0,5,12,3,18
0,0,28.0,249,4,16,0,0,12,0,18
0,0,28.0,249,4,16,2,3,30,3,18
1,2,28.0,257,0,3,1,1,59,1,18
1,0,2.0,47,5,8,3,0,31,4,22
0,7,13.0,238,0,18,0,6,116,3,25
0,7,13.0,238,0,22,1,2,13,1,25
1,0,20.0,172,1,2,0,14,97,4,29
1,0,20.0,172,1,1,0,11,117,1,29
1,0,26.0,14,0,2,0,10,6,3,3
1,0,26.0,14,0,4,0,3,79,1,3
1,0,26.0,14,0,18,2,3,79,3,3
0,9,19.0,234,3,10,0,14,24,2,10
0,9,20.0,119,0,19,1,1,81,4,29
0,9,21.0,362,1,14,1,9,57,0,21
0,9,27.0,179,0,20,0,16,50,1,15
0,7,2.0,160,4,13,0,12,84,1,22
0,7,4.0,186,6,16,1,0,12,0,30
0,7,4.0,186,6,13,0,4,138,2,30
0,7,4.0,186,6,19,0,7,20,0,30
0,7,11.0,197,6,6,0,15,96,0,9
0,7,11.0,197,6,16,2,13,38,2,9
0,7,11.0,197,6,11,0,13,21,1,9
0,4,27.0,274,5,8,0,14,25,1,15
0,2,1.0,16,2,6,0,16,50,0,7
0,2,1.0,16,2,17,0,13,29,1,7
0,2,1.0,16,2,11,0,15,108,1,7
0,2,1.0,16,2,1,0,5,6,0,7
0,2,8.0,258,2,16,0,2,86,4,8
0,2,8.0,258,2,12,0,5,12,3,8
0,6,26.0,348,0,18,2,6,89,3,3
0,10,18.0,246,1,19,0,10,12,1,0
0,2,16.0,220,4,11,0,1,11,1,2
0,2,16.0,220,4,13,1,1,11,1,2
0,2,19.0,137,3,3,2,7,20,0,10
0,2,19.0,137,3,14,0,8,27,1,10
0,2,19.0,137,3,3,1,16,37,4,10
0,2,19.0,137,3,21,1,11,94,2,10
0,2,25.0,233,6,16,1,6,7,0,13
0,0,3.0,334,3,11,1,13,28,4,27
0,10,23.0,247,3,3,0,5,6,0,17
0,6,18.0,308,3,6,2,16,113,3,0
0,7,12.0,181,3,19,2,0,96,3,28
0,8,26.0,278,1,23,0,5,0,0,3
1,2,20.0,264,3,11,0,13,38,2,29
0,0,3.0,334,3,1,2,2,71,4,27
0,8,26.0,278,1,14,0,0,26,1,3
0,11,9.0,311,0,13,0,11,55,1,12
0,3,2.0,120,3,2,0,4,5,2,22
0,6,17.0,244,6,14,0,9,83,1,6
0,11,15.0,331,3,22,2,8,9,2,1
0,11,12.0,118,4,5,0,5,6,0,28
0,11,9.0,311,0,18,0,4,45,0,12
0,3,2.0,120,3,8,0,10,47,2,22
0,6,18.0,308,3,5,0,8,9,4,0
0,6,17.0,244,6,8,0,9,83,3,6
0,6,18.0,308,3,14,0,3,70,3,0
0,6,23.0,84,5,16,1,5,6,0,17
0,6,23.0,84,5,5,0,2,35,4,17
0,6,23.0,84,5,13,0,16,39,4,17
0,6,23.0,84,5,12,0,10,47,0,17
0,6,26.0,348,0,1,0,1,11,4,3
0,6,26.0,348,0,10,0,5,12,3,3
0,10,1.0,208,6,16,2,5,6,3,7
0,5,8.0,199,0,11,0,15,96,1,8
0,5,8.0,199,0,19,2,12,80,1,8
0,5,15.0,200,0,2,0,8,118,0,1
0,5,15.0,200,0,20,1,1,1,4,1
0,5,15.0,200,0,2,0,13,21,0,1
0,5,17.0,212,2,6,3,12,100,4,6
0,5,15.0,200,0,1,0,3,115,3,1
0,5,31.0,196,2,23,0,10,47,2,20
0,5,31.0,196,2,8,0,6,7,1,20
0,5,31.0,196,2,19,0,7,78,1,20
0,5,31.0,196,2,4,2,10,43,3,20
0,6,6.0,83,1,13,0,15,108,2,23
0,6,6.0,83,1,8,0,5,6,3,23
0,6,17.0,244,6,2,0,10,6,3,6
0,6,17.0,244,6,13,1,9,109,4,6
0,6,18.0,308,3,23,0,15,31,4,0
0,11,13.0,312,5,13,1,0,77,1,25
0,6,18.0,308,3,8,0,9,109,3,0
0,6,23.0,84,5,21,0,2,86,0,17
0,6,23.0,84,5,11,0,10,47,2,17
0,6,23.0,84,5,22,0,4,127,3,17
0,6,18.0,308,3,18,0,3,70,3,0
0,6,23.0,84,5,17,0,8,118,1,17
0,6,23.0,84,5,22,0,12,104,2,17
0,6,23.0,84,5,12,0,15,108,1,17
1,2,21.0,108,0,18,0,2,86,1,21
1,2,26.0,3,6,0,0,10,47,0,3
1,2,26.0,3,6,2,2,8,9,1,3
1,2,26.0,3,6,14,0,9,95,2,3
1,2,26.0,3,6,10,1,12,61,1,3
1,2,28.0,257,0,17,0,9,95,3,18
1,2,28.0,257,0,3,1,1,59,1,18
1,0,2.0,47,5,0,0,5,6,1,22
1,0,2.0,47,5,4,0,8,9,3,22
1,8,1.0,66,4,20,0,15,114,4,7
1,0,2.0,47,5,14,3,9,57,0,22
1,0,12.0,113,0,13,0,13,38,4,28
1,0,12.0,113,0,10,2,16,37,1,28
1,0,27.0,23,1,16,0,0,0,3,15
1,2,2.0,143,2,8,0,5,6,2,22
1,2,4.0,254,5,11,0,5,6,2,30
0,11,26.0,364,4,8,0,16,37,4,3
0,9,12.0,177,3,20,0,9,102,1,28
0,9,18.0,359,6,14,0,2,92,1,0
1,8,1.0,66,4,17,0,4,4,3,7
1,2,4.0,254,5,12,0,8,9,3,30
1,2,4.0,254,5,8,1,13,99,4,30
1,2,11.0,297,5,7,1,5,6,0,9
1,2,11.0,297,5,9,0,13,48,0,9
1,2,11.0,297,5,1,0,14,32,3,9
1,2,18.0,7,5,1,0,7,20,4,0
1,2,20.0,264,3,5,1,0,53,1,29
1,2,21.0,108,0,16,1,11,15,1,21
1,2,20.0,264,3,19,1,7,20,2,29
1,2,21.0,108,0,3,2,16,50,4,21
1,2,21.0,108,0,15,1,7,78,4,21
1,2,21.0,108,0,3,0,16,42,1,21
1,2,21.0,108,0,11,1,15,46,4,21
1,2,21.0,108,0,18,0,0,77,1,21
1,2,26.0,3,6,11,0,8,9,3,3
1,2,21.0,108,0,11,0,2,40,4,21
1,2,21.0,108,0,14,1,1,16,4,21
1,2,18.0,7,5,4,2,10,6,0,0
1,2,21.0,108,0,2,1,10,22,4,21
1,6,1.0,158,2,5,0,13,28,0,7
1,2,20.0,264,3,5,0,14,125,2,29
1,2,26.0,3,6,13,0,4,82,2,3
1,2,28.0,257,0,14,0,8,118,1,18
1,0,2.0,47,5,2,0,7,120,2,22
1,0,12.0,113,0,23,0,2,86,0,28
1,10,11.0,298,0,7,1,9,27,0,9
1,0,26.0,14,0,16,1,0,12,0,3
0,11,30.0,170,0,12,0,2,13,4,19
0,11,9.0,311,0,9,1,14,25,0,12
0,10,16.0,201,3,4,0,8,19,1,2
0,10,25.0,56,1,16,1,10,47,1,13
0,9,15.0,226,2,20,0,3,44,2,1
1,8,1.0,66,4,6,1,10,22,0,7
0,0,10.0,129,3,10,1,9,93,1,4
0,3,3.0,182,0,6,0,13,29,3,27
0,11,9.0,311,0,22,0,7,78,1,12
0,10,16.0,201,3,9,0,8,41,3,2
1,2,17.0,6,4,20,0,7,20,1,6
1,8,1.0,66,4,22,1,2,123,2,7
0,8,19.0,280,1,6,0,2,2,0,10
0,3,27.0,361,4,19,0,11,133,1,15
0,10,25.0,56,1,16,0,2,86,3,13
0,10,18.0,246,1,17,0,5,12,3,0
0,9,23.0,167,4,9,1,6,7,0,17
1,8,3.0,363,6,18,0,15,114,1,27
0,8,19.0,280,1,9,2,15,46,3,10
0,3,27.0,361,4,11,1,13,38,0,15
0,3,27.0,361,4,11,1,10,47,1,15
0,3,28.0,187,5,20,0,11,117,1,18
0,3,28.0,187,5,19,0,3,76,1,18
0,3,27.0,361,4,2,0,1,67,0,15
0,5,3.0,161,2,16,0,2,86,0,27
0,5,3.0,161,2,22,0,16,113,1,27
0,5,3.0,161,2,4,0,1,81,4,27
0,5,3.0,161,2,14,0,8,19,4,27
0,5,3.0,161,2,12,0,0,53,0,27
0,7,18.0,154,6,11,3,12,104,1,0
0,3,2.0,120,3,3,0,11,15,2,22
0,5,4.0,114,4,1,0,12,135,3,30
0,5,10.0,155,2,7,1,15,119,4,4
0,5,10.0,155,2,7,0,6,73,1,4
1,9,13.0,91,3,3,0,10,22,2,25
1,7,14.0,125,0,16,1,5,6,0,5
1,10,7.0,243,4,0,1,0,64,0,11
1,10,7.0,243,4,4,1,5,6,0,11
1,8,23.0,102,5,20,3,3,44,4,17
1,8,23.0,102,5,4,0,13,38,1,17
1,6,7.0,169,1,12,0,8,41,1,11
1,5,30.0,294,0,21,1,10,47,1,19
1,10,13.0,346,2,3,1,9,87,4,25
1,10,13.0,346,2,4,0,0,53,0,25
1,10,7.0,243,4,9,0,13,48,1,11
1,8,6.0,87,1,19,0,5,6,0,23
1,8,23.0,102,5,4,0,12,121,0,17
1,8,23.0,102,5,9,2,13,38,3,17
1,2,5.0,127,6,2,2,8,65,3,24
1,2,14.0,231,0,14,1,11,58,2,5
1,1,8.0,62,0,18,3,15,108,0,8
1,2,5.0,127,6,12,0,6,89,1,24
1,2,14.0,231,0,9,3,0,12,0,5
0,8,19.0,280,1,5,0,1,35,4,10
0,8,19.0,280,1,14,0,13,38,1,10
0,8,19.0,280,1,12,1,12,83,4,10
0,8,26.0,278,1,10,0,7,111,1,3
0,8,26.0,278,1,19,0,12,104,2,3
0,8,26.0,278,1,3,0,6,89,1,3
0,4,8.0,292,3,9,0,2,71,4,8
0,4,27.0,274,5,17,0,4,4,1,15
0,3,17.0,54,0,1,2,16,65,3,6
0,3,24.0,357,0,6,0,8,27,0,14
0,3,24.0,357,0,6,1,6,7,0,14
0,3,24.0,357,0,19,0,13,21,4,14
0,3,24.0,357,0,4,0,3,103,3,14
0,3,25.0,347,1,21,0,0,64,0,13
0,3,25.0,347,1,0,2,5,12,0,13
0,3,24.0,357,0,13,0,8,41,4,14
0,3,25.0,347,1,13,0,8,41,1,13
1,11,11.0,175,1,7,0,10,47,1,9
0,3,26.0,343,2,6,0,6,91,4,3
0,3,26.0,343,2,21,1,1,105,0,3
0,3,24.0,357,0,18,1,13,21,1,14
0,3,26.0,343,2,8,0,11,18,1,3
0,3,26.0,343,2,8,0,1,11,3,3
0,5,8.0,199,0,18,0,0,26,0,8
0,5,7.0,349,3,11,1,0,85,1,11
0,5,15.0,200,0,5,0,13,48,1,1
0,5,15.0,200,0,8,0,0,26,0,1
0,5,15.0,200,0,5,1,1,16,4,1
0,1,27.0,262,3,13,2,7,122,2,15
0,4,8.0,292,3,14,2,8,27,3,8
0,4,27.0,274,5,19,0,11,133,0,15
0,2,1.0,16,2,16,0,0,31,3,7
0,2,1.0,16,2,21,0,8,9,3,7
0,2,1.0,16,2,21,1,5,6,0,7
0,2,16.0,220,4,10,0,16,130,3,2
0,2,16.0,220,4,5,1,8,9,4,2
0,2,19.0,137,3,5,0,1,59,1,10
0,2,19.0,137,3,3,0,5,64,0,10
0,2,19.0,137,3,4,2,1,67,3,10
0,2,1.0,16,2,23,0,8,65,2,7
0,2,25.0,233,6,12,2,6,89,3,13
0,11,11.0,175,2,6,0,8,41,1,9
0,10,18.0,246,1,21,0,3,76,1,0
1,8,10.0,71,6,19,0,10,22,2,4
0,8,26.0,278,1,11,0,14,24,3,3
0,9,25.0,344,6,6,1,13,99,4,13
0,11,11.0,175,2,0,0,15,46,1,9
0,10,25.0,56,1,15,0,10,23,1,13
1,4,18.0,26,1,3,0,6,7,3,0
0,8,26.0,278,1,14,0,13,48,3,3
0,7,14.0,125,1,18,2,13,28,2,5
0,11,11.0,175,2,11,0,0,26,1,9
0,10,25.0,56,1,2,3,11,117,1,13
1,4,20.0,115,4,17,0,6,7,3,29
0,11,11.0,175,2,1,0,5,12,1,9
0,3,24.0,357,0,2,1,14,34,1,14
1,4,20.0,115,4,9,0,6,89,2,29
0,8,26.0,278,1,9,2,2,71,3,3
0,7,22.0,211,2,16,0,0,12,0,26
0,11,12.0,118,4,3,2,14,126,1,28
0,1,2.0,171,2,6,0,12,121,1,22
0,10,18.0,246,1,16,0,0,0,3,0
0,10,18.0,246,1,4,0,10,12,3,0
0,10,18.0,246,1,14,0,9,87,1,0
0,10,18.0,246,1,1,0,13,28,1,0
0,10,25.0,56,1,7,1,13,29,0,13
0,10,25.0,56,1,4,0,13,21,1,13
0,1,2.0,171,2,6,0,5,12,3,22
0,1,2.0,171,2,6,0,5,12,2,22
0,1,2.0,171,2,6,0,5,12,3,22
0,1,2.0,171,2,2,0,15,119,0,22
0,1,2.0,171,2,18,0,5,6,3,22
0,9,12.0,177,3,13,0,1,11,2,28
0,9,18.0,359,6,5,0,0,77,2,0
0,9,18.0,359,6,12,0,0,77,1,0
0,9,19.0,234,3,17,0,1,1,4,10
0,9,19.0,234,3,7,0,11,133,2,10
0,9,20.0,119,0,9,1,15,77,0,29
0,9,20.0,119,0,0,0,5,12,0,29
0,9,21.0,362,1,7,1,0,0,0,21
0,7,2.0,160,4,21,1,12,80,4,22
0,7,4.0,186,6,5,0,16,74,2,30
0,7,11.0,197,6,23,1,15,96,4,9
0,7,11.0,197,6,4,1,9,134,1,9
0,7,11.0,197,6,8,0,12,61,1,9
0,7,12.0,181,3,15,1,1,59,4,28
0,7,13.0,238,0,21,0,8,118,1,25
0,7,18.0,154,6,4,0,4,5,1,0
0,3,2.0,120,3,1,0,13,38,4,22
0,3,2.0,120,3,18,2,2,13,3,22
0,3,2.0,120,3,1,0,10,52,4,22
0,3,27.0,361,4,15,0,5,6,1,15
0,3,27.0,361,4,4,2,2,123,4,15
0,7,2.0,160,4,5,1,2,60,4,22
0,7,2.0,160,4,13,1,2,2,4,22
0,1,2.0,171,2,3,1,0,68,1,22
0,1,26.0,248,6,15,0,0,26,2,3
0,1,27.0,262,3,17,0,5,64,3,15
0,1,26.0,248,6,4,0,2,2,0,3
0,1,26.0,248,6,8,1,1,59,4,3
0,1,27.0,262,3,21,0,1,67,0,15
0,1,27.0,262,3,17,1,3,76,4,15
0,1,27.0,262,3,12,0,11,117,2,15
0,1,27.0,262,3,14,0,15,31,1,15
0,8,2.0,77,6,17,0,1,11,4,22
0,8,2.0,77,6,15,1,0,0,4,22
0,8,2.0,77,6,21,1,14,24,1,22
0,8,2.0,77,6,12,0,1,59,2,22
0,8,2.0,77,6,12,0,10,22,2,22
0,8,2.0,77,6,9,1,8,27,0,22
0,8,8.0,76,5,3,1,2,13,1,8
0,8,8.0,76,5,4,0,9,134,0,8
0,8,2.0,77,6,11,0,7,20,3,22
0,8,19.0,280,1,6,2,15,114,3,10
0,8,19.0,280,1,16,2,14,107,3,10
0,8,19.0,280,1,23,0,10,22,3,10
0,8,19.0,280,1,3,0,13,36,1,10
0,7,4.0,186,6,9,2,15,31,0,30
0,7,11.0,197,6,16,0,11,94,1,9
0,7,11.0,197,6,4,0,12,104,1,9
1,2,11.0,297,5,17,3,6,73,4,9
0,7,12.0,181,3,6,0,11,18,1,28
0,7,11.0,197,6,19,1,4,127,0,9
0,7,13.0,238,0,6,0,13,29,4,25
0,7,13.0,238,0,15,0,7,120,1,25
0,7,12.0,181,3,9,2,13,48,0,28
0,7,18.0,154,6,20,0,13,38,2,0
0,7,18.0,154,6,1,0,9,49,1,0
0,7,18.0,154,6,11,1,3,79,1,0
0,7,28.0,34,1,6,0,8,9,3,18
0,3,2.0,120,3,3,0,4,121,2,22
0,3,2.0,120,3,12,0,13,29,4,22
0,3,2.0,120,3,3,0,13,38,2,22
0,3,2.0,120,3,10,1,6,116,1,22
0,3,3.0,182,0,17,0,11,133,0,27
0,3,3.0,182,0,9,0,5,6,4,27
0,3,27.0,361,4,1,0,7,20,1,15
0,4,8.0,292,3,1,0,15,31,0,8
0,11,17.0,110,1,21,0,0,12,3,6
0,1,2.0,171,2,18,0,12,121,1,22
1,4,28.0,218,5,0,1,8,33,0,18
0,1,26.0,248,6,17,0,0,77,0,3
0,4,27.0,274,5,12,0,8,27,4,15
0,7,22.0,211,2,6,1,8,9,0,26
0,11,10.0,360,1,11,0,4,75,4,4
0,4,27.0,274,5,3,0,11,15,0,15
1,4,28.0,218,5,11,2,0,64,3,18
0,7,22.0,211,2,2,0,9,54,1,26
0,11,11.0,175,2,17,0,8,118,4,9
0,2,1.0,16,2,16,2,10,30,3,7
1,4,28.0,218,5,3,1,1,105,4,18
0,3,17.0,54,0,17,1,8,9,1,6
0,2,1.0,16,2,6,0,0,53,0,7
1,2,2.0,143,2,6,0,3,30,4,22
0,3,17.0,54,0,14,0,9,109,1,6
0,11,11.0,175,2,13,0,0,77,1,9
0,2,1.0,16,2,13,0,6,73,4,7
1,2,2.0,143,2,1,0,7,120,1,22
0,3,17.0,54,0,18,0,7,120,3,6
0,10,1.0,208,6,3,0,11,90,1,7
0,10,1.0,208,6,11,1,7,20,4,7
0,10,1.0,208,6,15,1,5,12,0,7
0,10,6.0,242,4,19,0,15,114,0,23
0,10,6.0,242,4,14,0,8,118,4,23
0,10,6.0,242,4,1,0,10,22,1,23
0,10,7.0,243,5,22,0,6,128,1,11
0,10,7.0,243,5,6,3,6,7,0,11
0,10,6.0,242,4,12,1,4,121,2,23
0,10,7.0,243,5,4,0,9,93,1,11
0,10,8.0,213,6,4,0,0,15,0,8
0,10,9.0,150,3,17,0,6,89,4,12
0,10,8.0,213,6,18,0,4,82,1,8
0,7,7.0,293,1,6,3,8,27,3,11
0,10,9.0,150,3,0,0,9,49,3,12
0,10,9.0,150,3,20,0,0,26,3,12
0,10,9.0,150,3,5,0,10,6,0,12
0,10,8.0,213,6,4,0,16,113,3,8
0,10,9.0,150,3,10,1,9,109,0,12
0,10,10.0,245,0,7,1,15,39,0,4
0,10,6.0,242,4,10,0,3,115,4,23
0,10,10.0,245,0,7,2,6,7,3,4
0,10,10.0,245,0,5,0,0,96,1,4
0,10,10.0,245,0,13,0,5,12,2,4
0,10,16.0,201,3,14,1,0,53,4,2
0,10,1.0,208,6,6,0,11,0,3,7
0,10,1.0,208,6,18,1,14,25,1,7
0,10,6.0,242,4,17,2,15,46,3,23
0,10,6.0,242,4,20,0,4,121,4,23
0,10,6.0,242,4,12,0,0,0,1,23
0,10,6.0,242,4,4,0,9,93,1,23
0,10,7.0,243,5,8,0,12,80,2,11
0,10,7.0,243,5,12,2,5,6,0,11
0,10,7.0,243,5,14,0,9,57,0,11
0,10,8.0,213,6,19,0,12,84,1,8
0,9,17.0,255,5,3,0,8,9,2,6
0,10,7.0,243,5,18,2,15,46,3,11
0,10,16.0,201,3,16,0,10,12,1,2
0,9,21.0,362,1,21,0,13,29,1,21
0,9,12.0,177,3,3,2,13,28,3,28
0,9,21.0,362,1,6,0,11,94,0,21
0,9,19.0,234,3,22,0,11,6,3,10
0,9,27.0,179,0,3,2,15,31,1,15
0,9,27.0,179,0,1,0,2,86,2,15
0,7,2.0,160,4,2,0,4,79,2,22
0,9,19.0,234,3,14,0,10,47,3,10
0,9,20.0,119,0,3,0,7,57,3,29
0,6,12.0,162,0,17,0,12,121,1,28
0,6,11.0,355,3,1,3,11,133,3,9
0,9,19.0,234,3,13,0,16,113,2,10
0,9,27.0,179,0,13,2,8,9,0,15
0,9,27.0,179,0,14,0,3,30,1,15
0,9,27.0,179,0,1,0,15,31,1,15
0,9,27.0,179,0,22,3,10,12,0,15
0,7,2.0,160,4,22,0,12,135,2,22
0,7,2.0,160,4,1,0,8,27,0,22
0,7,4.0,186,6,17,0,0,26,2,30
0,10,16.0,201,3,16,0,1,59,1,2
0,10,16.0,201,3,8,0,2,86,3,2
0,10,16.0,201,3,13,0,6,89,2,2
0,10,16.0,201,3,22,1,8,9,1,2
0,10,16.0,201,3,12,0,6,116,3,2
0,10,16.0,201,3,13,1,14,131,1,2
0,10,9.0,150,3,9,2,2,86,3,12
0,10,10.0,245,0,14,0,12,84,3,4
0,10,10.0,245,0,18,0,16,50,3,4
0,10,18.0,246,1,4,0,10,23,1,0
0,11,11.0,175,2,18,1,5,64,0,9
0,1,26.0,248,6,17,0,4,75,3,3
1,2,2.0,143,2,14,0,10,47,0,22
0,2,1.0,16,2,7,1,11,90,0,7
0,11,21.0,192,6,11,1,13,38,4,21
0,1,26.0,248,6,16,0,8,41,3,3
0,2,1.0,16,2,3,0,13,38,1,7
0,11,26.0,364,4,22,0,2,123,2,3
0,1,26.0,248,6,15,2,15,96,0,3
1,2,4.0,254,5,11,1,11,94,4,30
1,4,20.0,115,4,17,1,11,15,1,29
0,11,21.0,192,6,13,0,2,40,2,21
0,9,18.0,359,6,0,1,16,74,0,0
0,9,18.0,359,6,15,2,6,128,0,0
0,9,18.0,359,6,16,1,7,62,0,0
0,9,18.0,359,6,4,2,4,75,0,0
0,9,19.0,234,3,6,0,8,41,1,10
0,9,21.0,362,1,8,1,1,67,2,21
0,9,21.0,362,1,17,0,5,12,0,21
0,9,20.0,119,0,3,1,2,92,4,29
0,6,11.0,355,3,13,1,7,8,4,9
0,6,22.0,185,4,4,0,6,7,1,26
0,9,20.0,119,0,19,1,14,110,4,29
0,9,21.0,362,1,19,0,2,40,1,21
1,1,17.0,63,2,16,2,0,64,3,6
1,1,19.0,29,5,17,1,15,77,1,10
1,4,21.0,339,5,3,3,10,30,0,21
1,2,13.0,276,3,20,0,15,39,1,25
1,2,13.0,276,3,14,0,6,7,2,25
0,7,1.0,98,2,17,3,0,77,1,7
1,2,10.0,28,4,9,0,6,7,3,4
1,2,9.0,21,2,17,0,10,12,1,12
1,2,27.0,136,3,8,0,7,57,2,15
1,11,10.0,360,0,15,1,4,82,1,4
1,4,23.0,30,3,2,0,10,52,2,17
1,4,16.0,25,3,11,3,9,10,4,2
0,11,14.0,147,6,12,3,9,49,3,5
1,2,8.0,258,1,9,0,12,84,0,8
0,5,14.0,36,3,3,3,9,95,0,5
1,7,5.0,204,6,12,1,14,25,0,24
1,7,22.0,211,1,19,0,1,67,4,26
1,5,5.0,96,4,18,0,5,6,0,24
1,6,29.0,335,2,8,0,15,39,1,16
1,6,24.0,31,5,2,2,14,32,3,14
1,6,24.0,31,5,13,0,6,7,1,14
1,6,13.0,317,0,17,3,8,19,0,25
1,1,15.0,1,0,13,3,14,25,0,1
0,6,26.0,348,0,21,0,0,12,1,3
0,6,26.0,348,0,14,0,3,76,2,3
0,6,26.0,348,0,5,1,11,15,1,3
0,10,1.0,208,6,6,2,10,47,2,7
0,10,1.0,208,6,5,0,6,132,1,7
0,10,1.0,208,6,9,0,5,12,0,7
0,10,1.0,208,6,18,2,4,136,3,7
0,10,6.0,242,4,17,0,16,72,4,23
0,10,6.0,242,4,7,1,10,23,2,23
0,10,6.0,242,4,2,0,15,31,1,23
0,10,7.0,243,5,5,0,8,41,1,11
0,10,6.0,242,4,12,1,2,123,4,23
0,10,8.0,213,6,23,1,11,18,1,8
0,10,9.0,150,3,22,2,13,29,3,12
0,10,9.0,150,3,19,0,15,46,3,12
0,10,9.0,150,3,19,0,8,33,3,12
0,10,10.0,245,0,17,0,10,22,1,4
0,10,10.0,245,0,21,1,14,25,0,4
0,10,10.0,245,0,20,0,15,51,4,4
0,10,10.0,245,0,5,0,1,67,0,4
1,0,17.0,12,6,17,2,5,6,0,6
1,0,17.0,12,6,3,0,9,87,1,6
1,10,21.0,341,4,11,3,0,68,1,21
1,0,17.0,12,6,9,0,8,27,0,6
1,0,24.0,55,6,16,0,13,36,1,14
1,0,24.0,55,6,14,0,8,27,1,14
1,0,24.0,55,6,22,1,13,29,4,14
1,0,24.0,55,6,1,0,6,7,3,14
0,1,26.0,248,6,11,1,12,104,4,3
0,2,8.0,258,2,12,0,16,37,3,8
0,2,11.0,297,6,12,0,6,7,2,9
0,11,26.0,364,4,14,0,15,96,0,3
0,1,26.0,248,6,5,3,14,25,1,3
0,2,16.0,220,4,11,0,10,22,1,2
0,6,26.0,348,0,10,0,10,47,2,3
0,2,16.0,220,4,10,0,8,19,4,2
0,6,23.0,84,5,11,0,11,10,2,17
0,2,19.0,137,3,21,1,12,135,4,10
0,11,26.0,364,4,0,1,3,44,0,3
0,9,3.0,217,5,4,0,6,7,1,27
0,9,10.0,156,5,6,1,8,9,0,4
0,9,12.0,177,3,18,1,11,117,0,28
0,9,18.0,359,6,13,0,14,24,4,0
0,9,18.0,359,6,19,0,12,84,1,0
0,9,19.0,234,3,6,1,12,83,0,10
0,9,19.0,234,3,16,0,3,115,1,10
0,9,19.0,234,3,17,1,11,98,0,10
0,9,20.0,119,0,19,0,7,111,2,29
0,9,19.0,234,3,15,0,5,6,2,10
0,9,19.0,234,3,22,0,5,6,2,10
0,9,21.0,362,1,17,0,4,75,1,21
0,9,19.0,234,3,10,0,6,128,1,10
0,9,19.0,234,3,9,1,4,4,2,10
0,11,9.0,311,0,17,1,0,53,0,12
1,0,27.0,23,1,23,0,1,35,4,15
0,11,10.0,360,1,17,0,12,121,3,4
0,11,10.0,360,1,12,0,16,72,1,4
0,6,11.0,355,3,1,1,0,53,4,9
0,11,10.0,360,1,1,0,13,38,3,4
0,11,11.0,175,2,9,0,7,137,4,9
0,11,12.0,118,4,15,0,2,92,1,28
0,11,17.0,110,1,21,1,3,44,0,6
0,11,17.0,110,1,3,2,2,123,0,6
0,11,17.0,110,1,18,0,4,5,0,6
0,11,26.0,364,4,5,0,11,58,2,3
0,9,3.0,217,5,22,0,12,135,1,27
0,9,3.0,217,5,16,0,16,37,1,27
0,11,10.0,360,1,11,1,10,47,1,4
0,9,10.0,156,5,16,2,8,27,3,4
0,9,12.0,177,3,20,0,11,98,3,28
0,9,12.0,177,3,22,2,11,90,0,28
0,9,12.0,177,3,22,2,5,6,3,28
0,9,18.0,359,6,21,1,15,119,0,0
0,9,18.0,359,6,13,1,14,25,4,0
0,9,10.0,156,5,18,2,10,23,1,4
0,9,18.0,359,6,0,1,6,14,0,0
0,9,18.0,359,6,15,1,11,90,4,0
0,9,19.0,234,3,17,1,5,6,0,10
0,9,21.0,362,1,21,2,9,57,0,21
1,2,28.0,257,0,3,1,6,132,4,18
1,2,28.0,257,0,8,0,8,9,3,18
1,0,12.0,113,0,6,1,4,75,4,28
1,0,12.0,113,0,20,1,4,82,1,28
1,0,20.0,172,1,0,2,10,23,1,29
1,0,20.0,172,1,11,1,1,59,1,29
1,0,26.0,14,0,10,1,0,0,0,3
1,0,29.0,191,4,17,0,10,22,3,16
0,11,9.0,311,0,17,0,10,22,1,12
0,11,10.0,360,1,13,0,1,35,1,4
0,11,10.0,360,1,9,0,4,4,2,4
0,11,11.0,175,2,16,0,9,49,1,9
0,11,10.0,360,1,9,0,13,36,4,4
0,11,9.0,311,0,17,1,0,0,1,12
0,11,12.0,118,4,3,1,16,50,0,28
0,11,12.0,118,4,14,1,10,52,0,28
0,5,4.0,114,4,8,1,4,66,4,30
0,11,21.0,192,6,6,2,16,50,3,21
0,11,21.0,192,6,6,0,0,53,4,21
0,11,21.0,192,6,13,0,16,37,4,21
0,11,21.0,192,6,8,0,9,87,4,21
0,11,21.0,192,6,4,0,16,139,1,21
0,11,21.0,192,6,9,0,12,61,2,21
0,11,26.0,364,4,14,0,10,12,1,3
0,9,3.0,217,5,11,0,4,66,3,27
0,9,10.0,156,5,21,0,11,15,4,4
0,9,10.0,156,5,0,1,12,135,0,4
1,1,12.0,353,5,2,0,16,74,2,28
1,1,12.0,353,5,1,0,15,31,1,28
1,1,18.0,82,4,9,0,8,9,4,0
0,10,1.0,208,6,17,2,12,61,3,7
0,2,25.0,233,6,18,0,13,28,3,13
0,10,1.0,208,6,16,0,5,12,0,7
0,10,6.0,242,4,15,0,8,27,4,23
0,0,3.0,334,3,13,2,13,28,3,27
0,10,6.0,242,4,2,0,4,4,3,23
0,0,3.0,334,3,14,0,4,75,3,27
0,10,7.0,243,5,7,0,5,6,0,11
0,0,10.0,129,3,8,0,10,23,1,4
0,10,7.0,243,5,3,0,1,11,1,11
0,0,25.0,281,0,18,0,4,4,0,13
0,10,8.0,213,6,16,2,13,48,0,8
0,0,28.0,249,4,0,1,10,22,0,18
0,10,8.0,213,6,17,0,9,49,1,8
0,0,28.0,249,4,9,0,1,59,1,18
0,10,8.0,213,6,13,2,6,7,3,8
0,10,8.0,213,6,2,2,3,76,1,8
0,10,1.0,208,6,12,3,4,82,0,7
0,10,6.0,242,4,2,1,0,77,0,23
0,10,9.0,150,3,9,0,1,11,4,12
0,10,9.0,150,3,9,0,10,47,1,12
0,10,9.0,150,3,9,2,8,19,3,12
0,10,10.0,245,0,12,0,2,69,2,4
0,10,10.0,245,0,8,0,14,25,1,4
0,10,16.0,201,3,21,1,2,2,0,2
0,10,8.0,213,6,20,0,6,89,1,8
0,7,7.0,293,1,4,1,11,10,1,11
0,10,16.0,201,3,18,0,13,38,0,2
0,10,18.0,246,1,17,0,13,38,1,0
0,10,18.0,246,1,6,0,0,31,1,0
0,10,18.0,246,1,11,0,14,110,0,0
0,10,25.0,56,1,17,0,0,77,3,13
0,1,2.0,171,2,4,2,2,69,0,22
0,1,2.0,171,2,18,0,14,32,1,22
0,1,26.0,248,6,20,0,11,133,0,3
0,1,26.0,248,6,18,0,0,77,1,3
0,1,27.0,262,3,0,0,0,0,1,15
0,1,27.0,262,3,5,0,13,21,1,15
0,1,26.0,248,6,4,1,9,95,4,3
0,1,27.0,262,3,23,1,10,22,0,15
0,1,27.0,262,3,3,0,2,40,2,15
0,1,27.0,262,3,1,0,7,78,2,15
0,1,27.0,262,3,1,2,1,1,3,15
0,8,2.0,77,6,16,0,10,22,2,22
0,8,2.0,77,6,23,0,11,98,0,22
0,8,2.0,77,6,5,0,0,77,2,22
0,8,2.0,77,6,8,0,2,13,3,22
0,8,2.0,77,6,12,0,11,90,1,22
0,8,8.0,76,5,3,0,8,27,4,8
0,8,8.0,76,5,9,0,15,114,1,8
0,8,8.0,76,5,9,2,10,22,3,8
0,8,19.0,280,1,16,0,10,47,3,10
0,6,17.0,244,6,8,0,10,22,3,6
0,6,17.0,244,6,1,0,2,86,3,6
0,6,18.0,308,3,12,1,3,70,4,0
0,6,23.0,84,5,0,0,12,121,3,17
0,6,23.0,84,5,10,0,2,13,2,17
0,6,23.0,84,5,5,0,4,138,2,17
0,6,26.0,348,0,0,0,15,39,3,3
0,6,26.0,348,0,9,1,0,68,4,3
0,10,1.0,208,6,6,1,2,2,0,7
0,10,1.0,208,6,12,0,15,96,1,7
0,10,6.0,242,4,7,1,1,105,2,23
0,10,7.0,243,5,15,1,2,123,4,11
0,10,7.0,243,5,13,0,3,44,3,11
0,10,7.0,243,5,18,0,4,45,2,11
0,10,8.0,213,6,6,0,10,22,1,8
0,10,8.0,213,6,22,0,13,28,3,8
0,10,9.0,150,3,11,0,5,6,2,12
0,10,9.0,150,3,23,1,10,47,2,12
0,10,9.0,150,3,3,0,1,1,3,12
0,10,10.0,245,0,15,0,9,27,3,4
0,1,27.0,262,3,12,0,2,69,1,15
0,1,27.0,262,3,4,0,9,95,2,15
0,8,2.0,77,6,17,0,11,18,1,22
0,8,2.0,77,6,22,0,12,61,3,22
0,8,8.0,76,5,16,2,0,0,3,8
0,8,8.0,76,5,15,2,13,38,0,8
0,5,10.0,155,2,13,0,0,77,3,4
0,9,10.0,156,5,7,1,2,2,0,4
0,9,12.0,177,3,17,0,11,117,1,28
0,9,12.0,177,3,5,0,13,28,1,28
0,9,12.0,177,3,13,0,7,111,1,28
0,9,12.0,177,3,10,0,12,121,3,28
0,9,18.0,359,6,0,1,12,56,0,0
0,9,18.0,359,6,16,1,7,62,0,0
0,9,18.0,359,6,8,0,14,131,3,0
0,9,19.0,234,3,17,0,2,86,4,10
0,9,19.0,234,3,9,0,9,49,4,10
0,9,19.0,234,3,19,2,13,38,4,10
0,9,20.0,119,0,11,0,6,7,2,29
0,9,19.0,234,3,7,1,10,43,4,10
0,9,19.0,234,3,13,0,12,100,1,10
0,9,27.0,179,0,0,0,0,12,0,15
0,9,27.0,179,0,12,0,13,48,0,15
0,9,27.0,179,0,2,1,1,67,4,15
0,7,2.0,160,4,19,0,0,77,0,22
0,7,4.0,186,6,13,2,6,89,2,30
1,5,16.0,239,0,3,0,6,7,2,2
1,3,1.0,180,5,17,0,1,105,4,7
1,6,27.0,116,0,14,0,6,14,1,15
1,6,27.0,116,0,1,0,10,47,0,15
1,1,17.0,63,2,6,1,3,79,4,6
1,4,21.0,339,5,19,0,16,50,1,21
1,4,26.0,80,2,11,0,3,30,1,3
1,4,19.0,142,2,18,1,16,72,0,10
1,8,11.0,306,3,11,3,8,41,0,9
1,2,27.0,136,3,14,1,8,118,0,15
1,2,27.0,136,3,14,0,2,92,1,15
1,6,17.0,244,5,2,0,7,78,1,6
1,10,27.0,302,2,18,2,8,41,0,15
1,1,17.0,63,2,19,3,5,12,0,6
1,4,21.0,339,5,5,1,16,74,1,21
1,1,3.0,188,2,22,3,9,101,4,27
1,1,17.0,63,2,19,1,15,31,0,6
1,1,17.0,63,2,4,3,4,75,0,6
0,7,21.0,81,1,3,1,3,103,1,21
1,2,10.0,28,4,15,1,16,72,0,4
0,1,27.0,262,3,10,1,9,95,4,15
0,8,8.0,76,5,9,0,12,84,3,8
0,8,8.0,76,5,22,1,1,105,4,8
0,8,19.0,280,1,16,1,8,41,1,10
0,8,19.0,280,1,18,0,5,12,1,10
0,8,26.0,278,1,6,0,0,12,0,3
0,8,26.0,278,1,16,0,10,52,1,3
0,8,26.0,278,1,6,0,0,12,0,3
0,3,5.0,324,2,19,0,5,6,3,24
0,3,10.0,4,0,20,0,6,7,0,4
0,3,10.0,4,0,11,0,16,37,2,4
0,3,10.0,4,0,5,1,3,79,4,4
0,3,10.0,4,0,19,0,6,89,4,4
0,3,10.0,4,0,14,0,5,64,1,4
0,3,19.0,138,2,23,0,5,6,2,10
0,3,19.0,138,2,22,0,13,48,0,10
0,9,2.0,323,4,2,0,13,38,3,22
0,11,27.0,322,5,15,0,7,20,1,15
0,3,19.0,138,2,22,1,2,3,1,10
0,3,19.0,138,2,4,3,5,64,3,10
1,4,21.0,339,5,12,3,15,114,0,21
0,1,29.0,112,1,8,0,9,95,1,16
1,4,10.0,79,0,7,0,3,115,3,4
0,9,11.0,52,6,12,0,0,15,2,9
0,3,29.0,325,6,17,0,1,11,4,16
0,11,27.0,322,5,19,0,2,13,0,15
0,8,4.0,299,0,3,0,10,23,3,30
0,9,11.0,52,6,11,1,12,121,1,9
1,2,12.0,128,6,12,0,11,117,1,28
0,2,4.0,254,6,13,0,15,31,1,30
0,3,29.0,325,6,3,0,3,70,3,16
0,11,27.0,322,5,1,0,1,11,1,15
0,8,13.0,189,2,9,1,13,48,4,25
0,7,1.0,98,2,0,0,3,70,3,7
0,9,2.0,323,4,4,0,9,95,0,22
1,2,19.0,137,6,4,2,5,6,3,10
0,0,6.0,260,2,18,0,13,29,1,23
0,11,28.0,123,6,13,2,13,29,0,18
1,11,27.0,322,4,8,2,5,6,3,15
0,7,3.0,269,5,14,0,16,74,1,27
0,9,2.0,323,4,8,0,7,20,0,22
0,9,9.0,320,4,19,1,5,0,1,12
0,9,9.0,320,4,1,0,5,12,2,12
0,9,11.0,52,6,3,0,14,106,2,9
0,7,1.0,98,2,8,0,14,24,0,7
0,7,1.0,98,2,19,0,12,56,3,7
0,7,1.0,98,2,18,0,0,77,1,7
0,7,3.0,269,5,22,1,2,40,4,27
0,7,3.0,269,5,9,0,13,38,0,27
0,7,10.0,329,5,13,0,9,27,0,4
0,7,10.0,329,5,3,1,6,7,1,4
0,7,19.0,330,3,4,1,0,53,4,10
0,7,21.0,81,1,6,0,5,12,3,21
0,7,21.0,81,1,23,2,6,7,3,21
1,1,3.0,188,2,5,2,10,47,3,27
1,1,17.0,63,2,3,1,1,1,4,6
1,1,19.0,29,5,10,1,12,104,0,10
0,11,1.0,222,3,17,0,11,18,1,7
0,9,28.0,315,1,17,3,14,25,0,18
0,9,1.0,126,2,17,0,9,49,1,7
0,9,28.0,315,1,9,0,4,127,1,18
0,9,28.0,315,1,13,0,12,100,1,18
0,7,20.0,266,0,22,1,14,110,4,29
1,0,25.0,281,3,18,1,9,95,4,13
1,0,31.0,290,6,14,0,10,47,0,20
0,9,25.0,344,6,19,0,14,126,2,13
0,3,17.0,54,0,18,1,3,30,1,6
0,10,10.0,245,0,1,0,6,128,1,4
0,6,26.0,348,0,22,2,13,28,1,3
0,8,2.0,77,6,13,0,8,118,0,22
1,5,7.0,349,6,18,1,13,69,0,11
1,6,30.0,145,4,21,1,10,47,0,19
1,10,16.0,201,6,20,1,3,30,4,2
1,11,22.0,250,6,3,1,2,2,1,26
1,7,23.0,202,2,4,1,11,94,0,17
1,8,25.0,86,3,1,3,5,0,1,13
1,4,22.0,152,6,20,0,2,2,1,26
1,0,15.0,190,4,2,3,3,76,4,1
1,1,19.0,29,5,12,0,9,54,3,10
1,1,19.0,29,5,19,0,14,24,1,10
1,1,19.0,29,5,19,0,7,62,2,10
1,1,26.0,248,5,5,1,9,10,1,3
1,1,26.0,248,5,20,1,12,135,4,3
1,1,26.0,248,5,1,0,10,6,3,3
1,8,4.0,299,3,3,2,3,115,3,30
1,8,4.0,299,3,2,0,16,130,1,30
1,8,9.0,124,5,0,1,6,7,0,12
1,8,9.0,124,5,5,1,10,52,4,12
1,8,11.0,306,3,0,2,10,22,3,9
1,8,11.0,306,3,1,0,14,131,1,9
1,8,11.0,306,3,13,1,1,59,4,9
1,8,19.0,280,0,14,2,1,67,3,10
1,8,20.0,319,1,15,2,5,64,3,29
1,8,20.0,319,1,5,2,15,119,0,29
1,8,20.0,319,1,1,2,3,103,0,29
1,8,27.0,78,1,0,1,0,26,0,15
1,8,27.0,78,1,21,0,8,27,4,15
1,8,27.0,78,1,16,0,15,46,3,15
1,8,27.0,78,1,3,0,0,68,1,15
1,2,29.0,140,1,19,1,1,105,0,16
0,9,28.0,315,1,17,2,15,46,3,18
1,8,28.0,224,2,0,2,0,64,3,18
1,8,28.0,224,2,23,0,0,77,3,18
1,8,28.0,224,2,4,0,11,117,0,18
1,8,28.0,224,2,12,0,0,68,3,18
1,8,28.0,224,2,5,0,13,38,0,18
1,4,2.0,141,3,12,1,0,26,2,22
1,4,4.0,178,1,2,0,8,41,3,30
1,4,9.0,18,3,0,0,5,12,0,12
1,4,9.0,18,3,4,0,13,29,0,12
1,4,9.0,18,3,1,1,1,59,4,12
0,7,21.0,81,1,19,0,11,133,3,21
1,2,27.0,136,3,15,0,9,102,3,15
1,2,27.0,136,3,4,0,0,53,0,15
1,4,10.0,79,0,22,0,9,27,2,4
1,8,19.0,280,0,13,1,14,131,1,10
0,7,3.0,269,5,18,0,8,19,4,27
0,7,26.0,316,3,14,0,12,121,1,3
0,4,4.0,178,2,20,2,10,22,1,30
0,7,27.0,53,0,20,0,9,54,2,15
1,4,10.0,79,0,18,0,1,105,4,4
1,8,20.0,319,1,10,0,10,52,1,29
0,7,10.0,329,5,8,0,2,86,3,4
1,4,26.0,80,2,6,1,15,31,4,3
1,0,28.0,249,2,23,0,1,67,1,18
0,4,20.0,115,5,1,1,7,111,4,29
0,7,27.0,53,0,3,2,2,3,3,15
1,4,10.0,79,0,9,2,16,37,3,4
1,8,20.0,319,1,13,0,4,75,0,29
0,7,19.0,330,3,2,2,0,68,0,10
1,4,26.0,80,2,18,0,5,6,3,3
1,4,26.0,80,2,18,0,0,26,3,3
0,5,15.0,200,0,8,0,8,41,2,1
0,10,10.0,245,0,2,1,1,11,0,4
1,3,5.0,324,1,0,0,6,89,4,24
0,8,19.0,280,1,15,0,2,86,3,10
0,4,8.0,292,3,10,0,4,75,3,8
0,4,27.0,274,5,4,0,8,33,0,15
1,10,16.0,201,6,18,0,12,56,4,2
0,2,11.0,297,6,18,2,12,61,3,9
0,0,3.0,334,3,18,2,2,2,3,27
0,0,3.0,334,3,4,0,5,64,0,27
1,2,15.0,130,1,17,0,0,68,4,1
0,7,22.0,211,2,2,3,14,24,1,26
1,11,3.0,288,0,3,0,10,47,1,27
0,6,6.0,83,1,17,1,5,6,0,23
0,10,1.0,208,6,9,2,3,30,3,7
1,2,9.0,21,2,16,0,0,68,2,12
1,2,9.0,21,2,16,1,8,33,0,12
1,2,9.0,21,2,15,0,13,38,2,12
1,2,9.0,21,2,16,1,13,21,1,12
1,2,10.0,28,4,5,0,8,9,3,4
1,2,10.0,28,4,2,0,9,54,0,4
1,2,10.0,28,4,11,1,2,2,1,4
1,1,1.0,203,0,17,3,11,117,1,7
1,2,10.0,28,4,9,0,16,113,1,4
1,2,10.0,28,4,3,2,0,0,2,4
1,2,10.0,28,4,15,1,5,6,0,4
1,2,10.0,28,4,1,0,9,93,3,4
1,2,12.0,128,6,5,1,12,80,4,28
1,2,12.0,128,6,4,2,4,138,3,28
1,2,12.0,128,6,15,0,8,27,2,28
1,2,12.0,128,6,22,1,10,23,1,28
1,2,13.0,276,3,12,1,11,18,1,25
1,2,13.0,276,3,18,0,9,93,1,25
0,3,5.0,324,2,5,0,5,6,0,24
1,2,27.0,136,3,2,2,7,62,3,15
0,3,5.0,324,2,22,0,2,86,4,24
0,3,5.0,324,2,12,0,16,72,3,24
0,3,5.0,324,2,4,2,13,28,3,24
0,3,5.0,324,2,22,0,1,35,4,24
0,3,10.0,4,0,7,1,6,116,4,4
0,3,10.0,4,0,2,1,9,49,1,4
0,3,10.0,4,0,1,0,8,41,3,4
0,3,19.0,138,2,3,0,9,93,0,10
0,3,19.0,138,2,14,0,4,45,0,10
0,3,19.0,138,2,9,0,13,29,2,10
0,3,19.0,138,2,8,0,12,121,1,10
0,3,29.0,325,6,16,0,10,23,1,16
0,3,29.0,325,6,22,0,2,86,3,16
0,3,29.0,325,6,8,0,4,75,3,16
0,3,29.0,325,6,22,0,10,47,3,16
0,3,29.0,325,6,13,1,15,46,4,16
0,5,5.0,96,5,13,1,6,7,4,24
0,5,5.0,96,5,11,0,10,22,1,24
0,7,21.0,81,1,19,0,3,44,3,21
0,7,21.0,81,1,1,1,0,77,1,21
0,7,26.0,316,3,0,0,15,114,1,3
0,7,26.0,316,3,0,1,2,86,2,3
0,7,26.0,316,3,22,0,16,39,0,3
0,7,26.0,316,3,13,2,7,120,3,3
0,7,26.0,316,3,9,0,8,118,1,3
0,7,27.0,53,0,7,2,8,9,3,15
0,7,27.0,53,0,1,0,15,108,4,15
0,7,29.0,268,2,23,0,9,87,4,16
0,3,1.0,180,6,11,0,16,74,3,7
0,3,1.0,180,6,11,2,10,47,3,7
0,3,5.0,324,2,6,1,2,71,0,24
0,3,5.0,324,2,14,0,7,62,2,24
0,3,5.0,324,2,9,0,9,57,0,24
0,11,28.0,123,6,17,3,2,86,1,18
0,3,19.0,138,2,8,0,16,37,1,10
1,1,11.0,111,4,13,0,6,7,1,9
1,7,25.0,41,5,14,1,10,47,2,13
1,7,18.0,154,5,23,1,7,122,4,0
1,5,1.0,109,3,23,0,10,47,0,7
1,6,18.0,308,6,19,3,10,43,3,0
1,2,2.0,143,2,19,3,14,106,3,22
0,9,20.0,119,0,13,0,13,48,0,29
0,5,10.0,155,2,17,3,12,56,4,4
0,6,30.0,145,5,2,1,13,99,0,19
0,1,29.0,112,1,10,0,10,23,1,16
0,7,29.0,268,2,16,0,9,54,1,16
1,4,11.0,121,1,21,0,13,36,0,9
1,0,28.0,249,2,11,0,12,80,4,18
0,7,19.0,330,3,18,0,9,87,4,10
1,8,20.0,319,1,23,2,2,29,3,29
0,11,18.0,332,2,10,1,6,128,0,0
1,4,11.0,121,1,0,0,1,11,3,9
0,7,19.0,330,3,4,2,2,2,3,10
1,8,19.0,280,0,9,0,9,49,1,10
0,7,29.0,268,2,4,0,6,89,1,16
0,11,19.0,321,4,17,1,8,19,0,10
1,4,10.0,79,0,22,0,10,47,3,4
1,4,26.0,80,2,7,0,8,41,1,3
1,8,19.0,280,0,4,1,13,21,0,10
1,6,28.0,309,1,22,1,11,55,4,18
1,2,9.0,21,2,6,0,11,15,3,12
0,11,19.0,321,4,19,0,1,67,0,10
0,11,27.0,322,5,1,0,3,115,3,15
0,11,28.0,123,6,14,2,5,12,1,18
0,11,29.0,270,3,16,0,10,22,2,16
0,11,29.0,270,3,16,0,8,118,1,16
0,11,27.0,322,5,22,0,9,93,1,15
1,7,31.0,43,4,14,1,11,15,4,20
0,8,18.0,75,0,19,1,15,114,1,0
1,8,23.0,102,5,18,0,8,41,4,17
0,11,22.0,250,3,2,1,2,71,4,26
0,9,6.0,51,0,22,0,3,115,2,23
0,9,7.0,271,1,17,1,0,68,1,11
1,1,29.0,112,0,14,1,9,87,1,16
0,3,16.0,263,3,13,0,10,43,2,2
0,5,16.0,239,1,12,1,1,105,4,2
0,7,24.0,68,5,4,1,0,12,1,14
0,6,1.0,158,4,9,1,2,69,4,7
0,6,1.0,158,4,9,0,4,45,2,7
0,6,9.0,236,5,11,1,12,61,1,12
1,11,4.0,275,1,17,2,14,32,3,30
1,0,1.0,8,4,8,0,2,86,2,7
1,7,15.0,205,1,18,0,16,139,4,1
0,6,1.0,158,4,11,0,16,37,2,7
0,11,28.0,123,6,11,0,5,0,2,18
1,3,1.0,180,5,13,0,3,30,4,7
0,9,2.0,323,4,19,2,13,13,0,22
0,7,1.0,98,2,10,0,10,23,2,7
0,7,1.0,98,2,5,0,13,21,3,7
0,7,3.0,269,5,15,1,6,7,0,27
0,7,10.0,329,5,13,0,12,80,2,4
0,7,21.0,81,1,6,0,4,66,1,21
0,7,21.0,81,1,7,2,15,51,3,21
0,7,26.0,316,3,17,0,9,54,1,3
0,7,26.0,316,3,3,0,14,97,0,3
0,7,21.0,81,1,6,0,1,35,0,21
0,7,21.0,81,1,16,2,13,28,3,21
0,7,21.0,81,1,6,2,2,2,3,21
0,7,21.0,81,1,23,0,14,24,1,21
0,7,21.0,81,1,8,1,3,115,4,21
1,8,9.0,124,5,11,0,4,136,3,12
0,7,26.0,316,3,17,0,8,9,0,3
0,7,26.0,316,3,16,2,2,71,3,3
0,7,26.0,316,3,3,1,9,10,4,3
0,7,27.0,53,0,8,2,16,50,3,15
0,7,29.0,268,2,17,0,9,27,1,16
0,7,27.0,53,0,4,1,5,6,2,15
0,7,29.0,268,2,16,0,1,105,3,16
0,7,29.0,268,2,16,0,10,47,0,16
0,7,29.0,268,2,11,0,0,77,0,16
0,7,29.0,268,2,15,1,10,47,2,16
0,7,29.0,268,2,13,0,13,48,4,16
0,7,3.0,269,5,2,0,2,86,2,27
0,3,1.0,180,6,20,1,12,104,4,7
0,3,1.0,180,6,14,0,8,33,0,7
0,3,1.0,180,6,9,0,1,35,4,7
0,3,1.0,180,6,2,0,16,72,1,7
0,3,4.0,285,1,22,0,16,72,1,30
0,3,4.0,285,1,3,0,14,131,1,30
0,3,4.0,285,1,9,0,4,82,1,30
0,11,28.0,123,6,13,1,1,81,4,18
0,11,28.0,123,6,1,0,2,86,1,18
0,11,29.0,270,3,16,0,3,30,1,16
0,9,11.0,52,6,6,0,14,107,1,9
0,9,11.0,52,6,21,0,15,51,4,9
0,9,11.0,52,6,8,0,13,29,1,9
0,7,1.0,98,2,6,0,1,105,0,7
0,7,1.0,98,2,7,0,1,105,1,7
0,7,1.0,98,2,16,0,14,32,1,7
0,7,1.0,98,2,8,0,11,18,3,7
0,7,1.0,98,2,5,2,1,11,3,7
0,7,3.0,269,5,6,1,3,115,4,27
0,7,3.0,269,5,2,0,2,69,3,27
0,7,10.0,329,5,5,0,11,94,2,4
0,7,1.0,98,2,13,0,10,22,1,7
0,7,19.0,330,3,12,0,6,7,3,10
0,7,19.0,330,3,9,2,13,48,3,10
0,7,21.0,81,1,6,0,14,34,4,21
1,4,11.0,121,1,12,0,9,87,3,9
1,8,20.0,319,1,8,2,4,45,3,29
0,3,1.0,180,6,11,0,11,133,2,7
1,2,2.0,143,2,3,3,5,6,0,22
1,2,10.0,28,4,4,0,2,2,4,4
0,2,21.0,108,1,16,0,15,46,3,21
0,2,21.0,108,1,7,1,12,17,4,21
0,2,21.0,108,1,22,1,3,103,1,21
0,2,21.0,108,1,6,0,10,47,3,21
0,0,4.0,229,0,7,1,14,110,4,30
0,0,4.0,229,0,5,1,0,53,4,30
0,0,4.0,229,0,19,0,5,64,1,30
1,4,19.0,142,2,17,0,6,132,1,10
1,4,19.0,142,2,17,1,16,130,0,10
1,4,19.0,142,2,16,0,2,2,0,10
1,4,19.0,142,2,6,0,5,64,1,10
1,4,19.0,142,2,16,0,0,12,3,10
1,4,19.0,142,2,1,0,9,102,0,10
1,4,19.0,142,2,9,0,13,13,3,10
1,4,21.0,339,5,17,1,12,56,0,21
1,4,21.0,339,5,19,0,11,117,1,21
1,4,21.0,339,5,12,2,1,16,0,21
1,4,21.0,339,5,17,1,13,69,0,21
1,4,21.0,339,5,1,1,9,87,4,21
1,2,9.0,21,2,17,2,8,27,3,12
1,2,9.0,21,2,9,0,8,27,3,12
1,2,10.0,28,4,17,0,5,12,0,4
1,2,10.0,28,4,19,0,1,16,4,4
1,2,10.0,28,4,2,2,2,69,3,4
1,2,10.0,28,4,13,1,9,93,4,4
1,2,12.0,128,6,22,0,14,110,4,28
1,2,12.0,128,6,13,0,15,96,0,28
0,0,4.0,229,0,14,2,1,11,0,30
0,0,7.0,15,4,17,1,2,86,0,11
0,0,7.0,15,4,4,2,12,61,3,11
1,4,1.0,144,6,23,0,13,38,1,7
1,4,1.0,144,6,9,0,7,8,2,7
0,0,7.0,15,4,1,0,10,22,3,11
0,0,7.0,15,4,14,0,8,41,3,11
0,0,20.0,172,2,6,2,16,37,3,29
0,0,20.0,172,2,4,0,7,20,0,29
0,0,20.0,172,2,14,2,12,61,3,29
0,0,20.0,172,2,16,1,16,42,4,29
0,0,23.0,237,6,18,0,5,6,0,17
0,0,24.0,55,3,0,0,3,79,1,14
0,0,24.0,55,3,3,0,0,53,1,14
0,0,31.0,290,3,11,1,10,22,0,20
0,0,31.0,290,3,2,1,9,58,4,20
1,2,10.0,28,4,2,2,15,46,3,4
1,2,12.0,128,6,12,0,4,4,3,28
1,2,12.0,128,6,22,2,0,96,2,28
1,2,13.0,276,3,6,0,15,51,3,25
1,2,12.0,128,6,19,1,12,121,1,28
1,2,13.0,276,3,16,1,9,27,0,25
1,2,13.0,276,3,15,1,1,1,4,25
1,2,13.0,276,3,18,0,12,17,1,25
1,4,2.0,141,3,20,0,0,68,1,22
1,4,2.0,141,3,20,0,0,15,2,22
1,4,4.0,178,1,11,0,8,9,0,30
1,4,4.0,178,1,15,0,13,121,1,30
0,2,4.0,254,6,13,1,10,12,0,30
1,4,4.0,178,1,15,0,11,94,3,30
1,4,9.0,18,3,20,0,12,80,3,12
1,4,9.0,18,3,5,0,13,28,0,12
1,4,9.0,18,3,8,0,13,38,0,12
1,4,9.0,18,3,14,0,2,71,4,12
1,4,9.0,18,3,18,1,15,46,0,12
1,4,9.0,18,3,9,1,10,47,1,12
1,4,10.0,79,0,14,0,10,47,0,4
1,0,1.0,8,4,16,1,9,87,4,7
1,4,19.0,142,2,21,0,13,21,1,10
0,10,9.0,150,3,22,1,0,96,1,12
0,8,2.0,77,6,9,1,15,114,1,22
1,9,14.0,106,0,8,1,8,27,1,5
0,8,26.0,278,1,19,0,12,104,2,3
1,5,23.0,168,0,4,1,0,68,1,17
1,6,30.0,145,4,12,1,15,114,0,19
1,8,16.0,73,5,20,1,2,2,1,2
1,4,31.0,67,0,20,0,0,12,1,20
1,0,9.0,48,5,1,1,9,109,0,12
1,0,9.0,48,5,3,1,5,0,2,12
1,0,24.0,55,6,14,3,14,25,0,14
0,9,23.0,167,4,20,0,10,22,1,17
1,3,12.0,104,1,18,0,11,90,4,28
1,4,19.0,142,2,13,0,1,1,4,10
1,4,19.0,142,2,15,0,2,2,4,10
1,4,19.0,142,2,8,0,2,86,3,10
1,4,19.0,142,2,12,0,9,95,2,10
1,4,19.0,142,2,12,0,5,0,1,10
1,4,21.0,339,5,20,0,3,79,1,21
1,4,21.0,339,5,15,0,10,47,1,21
1,4,21.0,339,5,13,2,4,75,1,21
0,3,19.0,138,2,8,0,2,2,2,10
0,5,5.0,96,5,6,0,15,96,3,24
1,8,20.0,319,1,22,0,8,9,3,29
0,5,5.0,96,5,2,0,2,69,4,24
0,3,1.0,180,6,5,1,1,16,4,7
1,2,12.0,128,6,10,1,14,34,0,28
1,8,20.0,319,1,4,0,11,94,0,29
0,3,1.0,180,6,8,2,8,19,3,7
1,2,10.0,28,4,22,0,14,34,1,4
1,8,20.0,319,1,4,2,2,69,3,29
0,3,4.0,285,1,23,0,10,22,0,30
0,5,5.0,96,5,19,0,7,78,1,24
1,2,10.0,28,4,13,1,8,41,1,4
1,8,19.0,280,0,15,1,2,40,0,10
0,3,4.0,285,1,8,0,2,69,3,30
1,2,19.0,137,6,21,1,1,16,4,10
1,2,12.0,128,6,15,1,0,31,1,28
1,8,27.0,78,1,12,0,7,20,3,15
0,3,4.0,285,1,16,1,1,105,0,30
1,2,19.0,137,6,12,0,6,73,4,10
1,2,12.0,128,6,13,0,7,137,2,28
1,0,28.0,249,2,6,2,6,89,3,18
1,8,27.0,78,1,9,1,4,45,4,15
1,8,27.0,78,1,1,1,6,91,4,15
1,8,28.0,224,2,6,0,0,53,3,18
1,8,28.0,224,2,6,2,10,47,3,18
1,8,28.0,224,2,17,0,0,64,3,18
1,8,28.0,224,2,15,0,10,52,1,18
1,8,27.0,78,1,17,1,4,45,4,15
1,8,28.0,224,2,12,0,4,127,3,18
1,8,28.0,224,2,3,2,10,12,1,18
1,8,28.0,224,2,4,0,1,11,3,18
1,4,2.0,141,3,11,0,6,73,2,22
1,9,17.0,255,4,4,1,1,105,0,6
1,0,12.0,113,0,11,1,0,15,4,28
0,9,3.0,217,5,4,0,8,27,1,27
0,9,20.0,119,0,3,0,2,35,2,29
0,9,27.0,179,0,19,3,14,25,0,15
0,7,18.0,154,6,22,0,15,31,1,0
1,8,1.0,66,4,17,0,9,95,1,7
1,2,10.0,28,4,23,0,5,12,0,4
0,5,28.0,259,3,8,3,11,55,4,18
0,6,4.0,159,3,20,1,13,28,4,30
0,6,4.0,159,3,12,0,5,6,3,30
0,10,31.0,135,0,7,1,4,66,1,20
0,1,29.0,112,1,14,0,10,22,4,16
0,8,3.0,363,3,19,1,9,93,4,27
1,5,9.0,206,0,8,2,9,102,2,12
1,5,10.0,155,1,1,1,14,25,0,4
0,4,31.0,67,1,9,2,15,46,3,20
0,4,31.0,67,1,9,1,13,48,0,20
1,6,16.0,38,4,18,0,3,115,1,2
1,1,25.0,65,4,14,1,2,2,0,13
1,8,26.0,278,0,4,1,13,48,4,3
0,2,6.0,251,0,13,0,5,6,3,23
0,2,12.0,128,3,17,2,10,47,3,28
0,2,13.0,276,0,7,0,8,9,1,25
1,9,27.0,179,3,0,1,0,15,0,15
1,9,27.0,179,3,13,0,2,86,3,15
1,9,27.0,179,3,14,0,8,41,4,15
1,7,9.0,273,2,0,0,9,27,0,12
1,7,9.0,273,2,18,1,9,95,4,12
1,7,16.0,40,2,6,0,0,26,0,2
1,7,16.0,40,2,2,0,1,59,3,2
1,7,16.0,40,2,19,2,6,14,3,2
1,3,1.0,180,5,13,1,12,80,4,7
1,3,17.0,54,3,1,0,9,134,0,6
1,3,17.0,54,3,1,2,9,57,2,6
1,3,24.0,357,3,19,0,10,47,0,14
1,5,3.0,161,1,17,1,13,99,2,27
0,4,12.0,134,4,13,0,11,18,2,28
1,5,8.0,199,3,8,0,2,86,3,8
1,5,11.0,326,2,17,0,15,114,4,9
1,5,11.0,326,2,12,0,4,66,3,9
1,5,16.0,239,0,19,0,15,31,1,2
1,5,16.0,239,0,4,1,9,93,4,2
1,5,16.0,239,0,19,1,11,55,0,2
1,5,17.0,212,1,13,1,9,93,2,6
1,5,17.0,212,1,4,0,11,117,1,6
1,5,17.0,212,1,9,0,5,12,1,6
1,2,10.0,28,4,8,0,10,47,2,4
1,2,12.0,128,6,16,0,0,15,2,28
1,2,12.0,128,6,0,1,14,107,0,28
1,2,12.0,128,6,12,2,6,89,0,28
1,2,13.0,276,3,8,0,9,49,4,25
1,2,13.0,276,3,1,2,12,135,0,25
1,2,19.0,137,6,0,0,3,44,4,10
1,2,19.0,137,6,21,0,13,13,1,10
1,2,19.0,137,6,13,0,14,131,3,10
1,2,19.0,137,6,22,1,3,44,4,10
1,2,19.0,137,6,14,0,1,59,4,10
1,2,19.0,137,6,14,3,9,95,3,10
0,3,4.0,285,1,6,0,2,71,4,30
1,2,12.0,128,6,20,1,11,55,4,28
1,2,27.0,136,3,5,0,3,30,3,15
0,3,10.0,4,0,6,0,2,69,4,4
1,2,27.0,136,3,4,0,12,17,4,15
1,2,12.0,128,6,2,0,9,102,3,28
1,11,1.0,222,6,17,0,12,56,1,7
1,0,1.0,8,4,20,1,1,67,4,7
1,0,1.0,8,4,23,1,4,136,4,7
1,0,28.0,249,2,7,0,8,118,0,18
0,11,18.0,332,2,6,0,11,94,3,0
0,11,18.0,332,2,5,1,5,12,0,0
0,11,19.0,321,4,7,1,0,53,0,10
0,11,19.0,321,4,22,0,9,54,0,10
0,11,19.0,321,4,20,1,10,43,2,10
0,11,27.0,322,5,21,1,10,22,1,15
1,8,1.0,66,4,13,0,13,36,1,7
0,9,27.0,179,0,18,1,5,64,0,15
1,6,1.0,158,2,17,0,1,16,4,7
0,5,13.0,184,6,13,1,12,56,1,25
1,9,25.0,344,5,11,1,6,91,1,13
1,5,10.0,155,1,22,1,13,28,1,4
1,5,9.0,206,0,2,0,6,91,1,12
1,5,9.0,206,0,16,1,1,105,0,12
1,10,9.0,150,6,1,1,6,91,0,12
1,10,9.0,150,6,9,0,9,134,2,12
1,1,18.0,82,4,17,0,6,7,4,0
1,8,10.0,71,6,4,1,11,133,0,4
1,4,18.0,26,1,9,0,7,20,3,0
1,4,20.0,115,4,12,0,9,57,1,29
0,0,30.0,228,6,19,2,13,13,1,19
1,2,11.0,297,5,11,1,9,95,1,9
1,5,1.0,109,3,13,0,9,95,1,7
1,0,27.0,23,1,18,3,5,64,3,15
0,8,25.0,86,0,12,0,2,2,1,13
1,7,15.0,205,1,9,1,14,32,0,1
1,3,23.0,57,6,18,1,10,47,0,17
1,3,23.0,57,6,19,1,1,105,2,17
1,8,8.0,76,4,14,0,1,59,4,8
0,2,9.0,21,4,13,0,6,7,2,12
1,2,5.0,127,6,22,1,6,7,4,24
1,2,25.0,233,5,5,0,11,55,2,13
0,7,24.0,68,5,8,1,9,101,4,14
0,3,22.0,166,6,3,3,14,25,0,26
0,5,16.0,239,1,17,0,16,74,1,2
1,1,8.0,62,0,5,3,14,106,3,8
1,1,31.0,305,2,22,1,6,7,2,20
0,5,9.0,206,1,16,0,0,12,3,12
0,5,16.0,239,1,3,0,0,68,3,2
0,5,16.0,239,1,19,0,0,53,2,2
1,11,29.0,270,6,19,1,2,2,0,16
0,11,28.0,123,6,4,0,5,64,2,18
0,11,28.0,123,6,4,2,2,2,3,18
0,11,29.0,270,3,2,0,11,55,4,16
0,11,29.0,270,3,8,0,4,45,1,16
0,9,2.0,323,4,13,0,15,114,0,22
0,9,2.0,323,4,8,0,12,61,1,22
0,9,2.0,323,4,19,1,5,6,0,22
0,7,21.0,81,1,14,1,7,78,4,21
0,7,26.0,316,3,6,1,7,57,2,3
0,7,27.0,53,0,15,0,5,6,2,15
0,7,26.0,316,3,2,3,5,12,2,3
0,7,29.0,268,2,2,2,14,25,2,16
0,7,26.0,316,3,12,0,16,37,1,3
0,3,1.0,180,6,17,0,8,27,0,7
0,3,4.0,285,1,7,1,16,50,0,30
0,3,5.0,324,2,6,1,9,93,4,24
0,3,5.0,324,2,21,0,3,44,0,24
1,2,10.0,28,4,9,1,13,29,1,4
1,0,28.0,249,2,9,0,10,6,3,18
1,2,13.0,276,3,8,0,4,75,2,25
1,2,13.0,276,3,18,0,10,22,0,25
0,3,10.0,4,0,1,0,8,118,1,4
1,2,13.0,276,3,1,2,7,137,3,25
0,3,10.0,4,0,2,1,9,49,1,4
0,4,15.0,132,3,8,0,1,11,4,1
0,3,29.0,325,6,2,1,0,26,1,16
0,4,21.0,339,6,19,0,10,47,2,21
0,3,29.0,325,6,1,0,8,19,0,16
0,4,28.0,218,6,11,1,12,17,4,18
0,4,28.0,218,6,8,0,2,2,4,18
0,4,31.0,67,1,6,0,9,49,1,20
0,2,5.0,127,3,15,0,4,138,3,24
1,10,26.0,61,1,11,1,13,38,4,3
1,8,26.0,278,0,22,1,2,13,4,3
1,8,26.0,278,0,17,1,0,68,2,3
1,4,3.0,279,0,15,1,14,24,4,27
0,2,5.0,127,3,23,0,6,7,3,24
0,2,5.0,127,3,22,0,5,6,2,24
0,2,6.0,251,0,16,2,0,0,3,23
0,2,6.0,251,0,13,0,10,52,1,23
0,2,6.0,251,0,2,0,14,110,3,23
0,2,6.0,251,0,15,3,1,105,3,23
0,2,12.0,128,3,1,2,9,83,4,28
0,2,13.0,276,0,6,2,4,136,3,25
0,4,31.0,67,1,4,0,1,16,2,20
1,6,10.0,149,5,22,0,16,37,4,4
1,4,10.0,79,0,17,0,8,41,1,4
1,2,10.0,28,4,15,0,9,93,2,4
1,2,19.0,137,6,8,0,2,92,3,10
1,2,27.0,136,3,4,0,15,39,1,15
1,2,27.0,136,3,1,2,2,71,3,15
1,0,28.0,249,2,7,2,10,47,3,18
0,11,18.0,332,2,6,2,6,89,3,0
0,11,19.0,321,4,8,0,8,9,2,10
0,11,19.0,321,4,11,1,4,136,4,10
0,11,19.0,321,4,12,0,2,86,3,10
0,11,27.0,322,5,23,1,14,126,4,15
0,11,27.0,322,5,4,0,3,30,0,15
0,11,28.0,123,6,6,0,12,121,0,18
0,11,28.0,123,6,18,0,3,115,4,18
1,5,17.0,212,1,19,0,10,47,1,6
1,5,18.0,195,2,15,1,12,56,4,0
1,5,18.0,195,2,10,1,0,15,0,0
1,5,18.0,195,2,19,0,2,2,3,0
1,5,24.0,58,1,19,0,15,96,0,14
1,6,17.0,244,5,12,0,5,6,2,6
1,11,1.0,222,6,17,0,1,67,4,7
1,6,25.0,39,6,17,0,10,52,1,13
0,2,13.0,276,0,12,1,4,45,0,25
0,2,13.0,276,0,12,1,3,79,4,25
1,6,25.0,39,6,3,0,10,22,3,13
1,6,25.0,39,6,7,1,0,85,0,13
1,6,27.0,116,0,6,0,10,47,0,15
1,6,27.0,116,0,2,0,8,41,3,15
1,6,27.0,116,0,9,1,11,129,4,15
1,10,1.0,208,5,6,2,0,64,3,7
1,10,1.0,208,5,4,1,16,74,1,7
1,10,1.0,208,5,1,0,10,22,3,7
1,10,10.0,245,3,15,0,11,15,2,4
1,10,17.0,256,3,16,1,5,64,0,6
1,10,17.0,256,3,4,3,9,27,0,6
1,1,1.0,203,0,17,0,11,15,0,7
1,1,1.0,203,0,9,0,4,75,1,7
1,1,2.0,171,1,18,0,5,12,3,22
1,1,2.0,171,1,9,0,10,47,3,22
1,1,3.0,188,2,6,0,0,77,3,27
1,1,3.0,188,2,21,1,10,47,1,27
0,11,27.0,322,5,22,1,0,12,1,15
0,11,27.0,322,5,4,2,1,11,4,15
0,11,28.0,123,6,11,0,14,110,4,18
0,11,28.0,123,6,13,0,2,86,1,18
0,11,29.0,270,3,4,0,15,114,2,16
1,1,25.0,65,4,17,0,9,63,1,13
0,9,1.0,126,2,18,0,0,53,1,7
1,4,1.0,144,6,6,1,15,114,4,7
0,9,1.0,126,2,18,0,1,16,4,7
0,3,29.0,325,6,23,2,0,53,3,16
0,5,11.0,326,4,13,1,1,105,4,9
0,5,11.0,326,4,8,0,8,118,3,9
0,5,12.0,327,5,5,0,1,16,4,28
0,5,12.0,327,5,22,0,13,28,0,28
0,5,12.0,327,5,12,0,10,22,3,28
0,5,18.0,195,4,17,0,2,13,0,0
0,5,18.0,195,4,12,0,8,9,3,0
0,5,27.0,328,6,3,0,13,99,0,15
0,5,27.0,328,6,12,0,12,61,3,15
0,5,27.0,328,6,2,0,13,48,4,15
0,5,29.0,24,0,16,0,16,74,3,16
0,5,29.0,24,0,15,2,4,138,3,16
0,5,29.0,24,0,18,2,10,47,3,16
0,6,13.0,317,1,6,0,10,47,1,25
0,6,13.0,317,1,0,0,11,18,0,25
0,6,13.0,317,1,6,1,7,20,1,25
0,6,13.0,317,1,5,0,14,88,4,25
0,6,13.0,317,1,3,0,1,59,1,25
0,6,14.0,173,2,17,0,1,105,3,5
0,6,14.0,173,2,0,0,7,111,1,5
0,3,29.0,325,6,19,0,5,6,0,16
0,3,29.0,325,6,17,1,14,106,4,16
0,5,5.0,96,5,1,0,10,22,2,24
0,5,11.0,326,4,16,1,10,6,0,9
0,5,11.0,326,4,2,1,4,136,4,9
0,5,12.0,327,5,6,0,6,89,3,28
0,5,12.0,327,5,11,0,8,41,2,28
0,5,12.0,327,5,9,0,8,9,1,28
0,5,18.0,195,4,0,0,1,67,4,0
0,5,18.0,195,4,8,0,6,128,1,0
0,5,18.0,195,4,14,0,11,124,4,0
0,5,18.0,195,4,15,1,13,38,4,0
0,5,18.0,195,4,1,0,8,27,3,0
0,5,27.0,328,6,15,0,13,99,2,15
0,5,29.0,24,0,0,1,5,6,0,16
0,5,29.0,24,0,15,2,1,11,4,16
0,5,29.0,24,0,2,0,13,123,0,16
0,5,5.0,96,5,17,1,1,16,4,24
0,6,13.0,317,1,0,0,3,44,0,25
0,6,13.0,317,1,8,0,0,96,3,25
0,6,14.0,173,2,17,0,3,76,2,5
0,6,13.0,317,1,17,0,16,72,3,25
0,6,14.0,173,2,20,0,10,22,3,5
0,6,13.0,317,1,9,1,9,95,4,25
0,11,29.0,270,3,13,0,2,60,2,16
0,9,9.0,320,4,19,0,9,54,1,12
0,9,11.0,52,6,23,0,10,12,2,9
0,9,11.0,52,6,8,0,2,86,4,9
0,9,11.0,52,6,13,1,2,92,4,9
0,7,27.0,53,0,21,1,15,31,0,15
0,7,19.0,330,3,12,3,11,98,4,10
0,3,4.0,285,1,12,0,5,64,2,30
1,2,12.0,128,6,13,1,3,76,4,28
1,2,12.0,128,6,23,0,6,89,1,28
1,6,1.0,158,2,17,1,13,99,1,7
1,1,1.0,203,0,13,1,15,46,0,7
1,8,1.0,66,4,9,0,11,94,3,7
1,2,13.0,276,3,6,0,2,86,0,25
1,0,2.0,47,5,4,1,11,129,0,22
1,1,2.0,171,1,1,0,1,11,3,22
1,2,21.0,108,0,8,0,4,75,0,21
1,1,19.0,29,5,11,0,2,40,1,10
0,1,29.0,112,1,5,0,5,12,0,16
1,1,19.0,29,5,4,0,16,74,4,10
0,1,29.0,112,1,13,0,10,52,1,16
1,8,9.0,124,5,21,0,0,15,1,12
0,8,13.0,189,2,18,0,10,22,1,25
1,8,9.0,124,5,11,0,15,108,3,12
0,8,13.0,189,2,18,1,10,47,0,25
0,4,20.0,115,5,3,0,14,25,3,29
0,2,13.0,276,0,15,1,15,108,4,25
0,2,13.0,276,0,19,0,4,127,4,25
0,2,21.0,108,1,17,0,0,0,0,21
0,2,21.0,108,1,8,0,2,13,1,21
0,2,21.0,108,1,4,2,10,43,3,21
0,0,4.0,229,0,22,0,9,95,2,30
0,0,4.0,229,0,12,1,12,56,4,30
0,0,7.0,15,4,5,1,2,2,4,11
0,0,7.0,15,4,8,0,14,25,0,11
0,0,7.0,15,4,11,1,2,2,1,11
0,0,7.0,15,4,20,1,2,60,4,11
0,0,7.0,15,4,3,1,13,21,4,11
0,0,20.0,172,2,4,2,13,48,3,29
0,0,23.0,237,6,20,0,13,38,1,17
0,0,20.0,172,2,14,1,0,77,1,29
0,0,23.0,237,6,14,0,6,73,3,17
0,0,23.0,237,6,9,2,9,134,1,17
0,11,18.0,332,2,6,0,15,114,2,0
0,11,19.0,321,4,19,0,0,15,3,10
0,11,19.0,321,4,1,2,8,65,0,10
0,11,27.0,322,5,16,1,3,30,0,15
0,11,27.0,322,5,22,0,1,105,0,15
1,2,13.0,276,3,12,0,13,48,0,25
1,2,19.0,137,6,8,0,12,61,0,10
1,2,19.0,137,6,1,0,12,61,1,10
1,2,27.0,136,3,2,0,13,38,0,15
1,0,1.0,8,4,19,0,6,7,4,7
1,0,28.0,249,2,16,0,0,53,3,18
0,11,18.0,332,2,16,0,6,89,4,0
0,11,18.0,332,2,6,2,10,23,3,0
0,11,18.0,332,2,16,0,4,103,3,0
0,11,18.0,332,2,13,2,1,11,3,0
0,11,18.0,332,2,14,0,11,117,1,0
0,11,18.0,332,2,18,2,2,2,0,0
0,0,24.0,55,3,14,1,8,41,1,14
0,0,31.0,290,3,6,0,4,79,3,20
0,0,31.0,290,3,17,2,1,16,3,20
0,0,31.0,290,3,13,2,6,91,0,20
0,0,31.0,290,3,4,2,16,50,0,20
0,11,19.0,321,4,2,0,2,86,1,10
0,11,19.0,321,4,1,0,6,89,1,10
0,11,27.0,322,5,22,1,3,70,4,15
0,11,27.0,322,5,20,1,8,33,1,15
0,11,27.0,322,5,18,0,11,133,3,15
0,11,28.0,123,6,0,0,7,62,1,18
0,11,28.0,123,6,1,0,0,26,3,18
0,11,28.0,123,6,18,2,6,91,0,18
0,11,29.0,270,3,16,0,2,86,0,16
0,11,29.0,270,3,21,0,8,118,2,16
0,11,29.0,270,3,5,1,9,49,1,16
0,9,2.0,323,4,21,0,2,86,1,22
0,9,2.0,323,4,4,0,0,15,3,22
0,9,9.0,320,4,15,0,10,23,2,12
0,9,9.0,320,4,14,0,8,33,4,12
0,9,9.0,320,4,4,0,1,59,1,12
0,9,9.0,320,4,9,2,7,20,0,12
1,2,1.0,16,1,9,0,3,76,1,7
1,2,29.0,140,1,22,1,14,34,4,16
0,4,21.0,339,6,13,0,12,121,1,21
0,9,11.0,52,6,3,0,13,48,4,9
1,8,11.0,306,3,23,1,1,67,4,9
1,8,19.0,280,0,6,0,1,105,0,10
1,8,19.0,280,0,0,1,0,68,0,10
1,8,28.0,224,2,17,2,2,60,3,18
1,8,28.0,224,2,12,0,3,76,4,18
1,4,2.0,141,3,0,0,1,59,0,22
1,4,4.0,178,1,6,2,15,31,3,30
0,0,23.0,237,6,19,0,4,75,3,17
0,0,23.0,237,6,19,0,11,18,0,17
0,0,23.0,237,6,13,1,11,124,1,17
0,0,24.0,55,3,22,0,5,6,0,14
0,0,24.0,55,3,8,0,8,118,0,14
0,0,24.0,55,3,19,0,4,45,4,14
0,0,24.0,55,3,9,0,13,38,4,14
0,0,31.0,290,3,16,0,6,7,3,20
0,0,31.0,290,3,12,1,15,37,0,20
0,0,31.0,290,3,14,0,2,92,0,20
0,0,31.0,290,3,9,0,11,98,1,20
0,0,31.0,290,3,4,1,9,83,4,20
1,4,4.0,178,1,4,0,15,108,4,30
0,4,30.0,139,0,14,3,12,56,2,19
0,0,6.0,260,2,6,0,5,12,0,23
0,7,1.0,98,2,17,3,9,101,4,7
1,4,4.0,178,1,2,0,6,89,4,30
1,4,9.0,18,3,12,0,12,17,2,12
1,4,9.0,18,3,19,2,16,130,3,12
1,4,11.0,121,1,17,0,2,2,4,9
1,4,9.0,18,3,13,0,10,22,2,12
1,4,19.0,142,2,16,1,0,53,1,10
1,4,19.0,142,2,5,0,2,2,1,10
1,4,19.0,142,2,9,1,13,38,0,10
1,4,26.0,80,2,0,2,0,64,0,3
1,4,9.0,18,3,12,0,14,24,1,12
1,4,9.0,18,3,9,0,6,7,4,12
1,4,10.0,79,0,0,0,1,16,4,4
1,4,10.0,79,0,17,0,9,49,3,4
1,4,10.0,79,0,11,0,2,86,2,4
1,4,10.0,79,0,9,2,4,75,3,4
1,4,11.0,121,1,17,2,11,133,3,9
1,2,29.0,140,1,9,0,8,41,0,16
1,4,11.0,121,1,4,0,13,38,4,9
1,4,19.0,142,2,16,2,7,54,3,10
1,4,19.0,142,2,22,0,0,26,1,10
0,4,30.0,139,0,17,0,4,5,1,19
0,8,20.0,319,2,18,3,5,64,3,29
0,0,6.0,260,2,2,0,8,27,1,23
1,4,19.0,142,2,22,3,4,103,3,10
1,4,21.0,339,5,16,2,9,102,3,21
1,4,21.0,339,5,10,1,12,61,1,21
1,4,26.0,80,2,15,0,8,118,4,3
1,4,26.0,80,2,1,0,15,112,1,3
1,4,26.0,80,2,14,2,4,138,0,3
1,2,9.0,21,2,15,0,2,2,2,12
1,2,13.0,276,3,7,0,14,107,1,25
1,2,19.0,137,6,15,0,9,102,4,10
1,2,27.0,136,3,23,3,9,27,3,15
1,2,27.0,136,3,8,0,6,89,4,15
1,2,27.0,136,3,15,3,4,82,1,15
1,4,17.0,19,0,12,1,3,115,0,6
1,2,27.0,136,3,9,0,2,40,1,15
1,4,10.0,79,0,5,0,2,86,4,4
1,0,1.0,8,4,15,0,9,27,3,7
1,0,1.0,8,4,4,2,1,16,0,7
1,0,1.0,8,4,14,0,9,63,4,7
1,0,28.0,249,2,16,0,13,99,4,18
1,0,28.0,249,2,14,0,6,91,3,18
0,11,18.0,332,2,6,0,2,86,0,0
0,11,18.0,332,2,21,0,0,26,2,0
0,11,19.0,321,4,20,0,5,6,1,10
0,11,19.0,321,4,11,0,10,47,1,10
0,11,19.0,321,4,3,1,14,125,4,10
0,11,27.0,322,5,16,2,5,6,3,15
0,11,27.0,322,5,21,1,5,12,0,15
1,10,2.0,358,6,2,0,0,96,3,22
1,10,18.0,246,0,22,0,12,80,0,0
1,10,19.0,117,1,7,0,3,30,3,10
1,3,25.0,347,0,9,0,7,129,4,13
1,3,25.0,347,0,13,1,13,38,4,13
1,3,25.0,347,0,3,0,16,37,1,13
1,10,17.0,256,3,9,0,15,108,0,6
1,3,1.0,180,5,8,0,2,86,4,7
1,1,17.0,63,2,18,0,5,12,2,6
1,11,15.0,331,6,12,1,13,123,0,1
1,11,15.0,331,6,18,0,9,54,1,1
1,3,8.0,148,5,18,1,4,45,4,8
1,10,19.0,117,1,21,1,1,67,0,10
1,10,19.0,117,1,22,0,2,86,0,10
1,10,19.0,117,1,9,0,13,29,0,10
1,10,20.0,223,2,8,0,10,22,3,29
1,10,20.0,223,2,1,1,13,48,0,29
1,10,25.0,56,0,21,0,13,36,3,13
1,10,25.0,56,0,4,0,15,112,1,13
1,10,25.0,56,0,14,0,2,69,0,13
1,10,26.0,61,1,17,0,13,29,3,3
1,10,26.0,61,1,21,2,0,15,3,3
1,10,26.0,61,1,10,0,12,80,2,3
1,10,26.0,61,1,21,2,16,37,0,3
1,10,26.0,61,1,6,0,9,54,1,3
1,10,26.0,61,1,13,2,13,13,2,3
1,10,26.0,61,1,13,0,7,78,4,3
1,10,26.0,61,1,1,0,0,26,0,3
1,0,3.0,334,6,8,0,0,26,0,27
1,0,3.0,334,6,9,0,15,31,0,27
1,0,3.0,334,6,11,1,1,67,4,27
1,0,4.0,229,3,5,0,6,89,4,30
1,0,4.0,229,3,11,2,15,96,3,30
1,0,4.0,229,3,6,0,1,11,3,30
1,0,4.0,229,3,22,0,13,21,2,30
1,0,10.0,129,6,6,0,2,71,2,4
1,0,10.0,129,6,13,2,7,62,3,4
1,0,10.0,129,6,12,1,3,79,4,4
1,0,10.0,129,6,3,0,16,74,2,4
1,0,10.0,129,6,18,0,13,36,0,4
1,0,11.0,10,3,17,1,14,32,0,9
1,0,11.0,10,3,8,0,1,35,4,9
1,0,11.0,10,3,14,0,14,107,1,9
1,0,13.0,198,1,5,0,13,38,2,25
1,0,13.0,198,1,15,0,3,30,2,25
1,0,18.0,0,3,16,0,3,30,1,0
1,0,18.0,0,3,8,0,5,6,0,0
1,0,18.0,0,3,9,0,9,101,3,0
1,0,18.0,0,3,1,0,5,12,1,0
1,0,21.0,287,2,9,2,2,60,0,21
0,11,1.0,222,3,20,0,2,123,3,7
0,11,1.0,222,3,16,0,0,12,0,7
0,11,1.0,222,3,14,1,7,57,0,7
1,3,8.0,148,5,8,1,0,12,0,8
1,9,1.0,126,1,11,3,9,95,4,7
1,3,25.0,347,0,11,1,0,64,4,13
1,5,16.0,239,0,9,0,15,31,1,2
1,10,1.0,208,5,22,0,9,93,4,7
1,10,1.0,208,5,12,1,0,31,0,7
1,10,1.0,208,5,13,3,14,25,0,7
1,8,11.0,306,3,3,0,9,102,2,9
1,4,2.0,141,3,9,0,14,107,0,22
0,3,10.0,4,0,15,1,13,28,1,4
1,11,17.0,110,0,9,1,8,9,1,6
1,7,9.0,273,2,18,1,8,27,0,12
1,3,1.0,180,5,5,0,2,2,2,7
0,11,2.0,265,0,6,1,12,58,4,22
0,11,2.0,265,0,8,0,16,50,1,22
0,11,2.0,265,0,18,0,6,73,1,22
0,11,3.0,288,1,20,0,5,12,2,27
0,11,3.0,288,1,12,0,6,89,2,27
0,11,4.0,275,2,16,0,4,103,0,30
0,11,20.0,340,5,17,1,0,68,1,29
0,11,20.0,340,5,22,0,4,121,2,29
0,11,20.0,340,5,8,2,0,53,3,29
0,11,20.0,340,5,18,0,4,82,1,29
0,9,1.0,126,2,0,1,14,97,0,7
0,9,1.0,126,2,21,1,9,27,0,7
0,9,1.0,126,2,8,0,13,38,1,7
0,9,1.0,126,2,21,1,5,64,1,7
0,9,1.0,126,2,11,1,14,107,4,7
0,9,4.0,295,6,22,3,13,38,0,30
0,9,26.0,267,3,21,1,14,106,1,3
0,9,26.0,267,3,20,0,3,76,1,3
0,9,26.0,267,3,4,0,13,36,3,3
0,9,28.0,315,1,0,0,13,13,0,18
1,0,3.0,334,6,8,0,5,6,2,27
1,4,3.0,279,0,13,0,5,6,3,27
1,4,3.0,279,0,11,0,8,27,2,27
1,4,3.0,279,0,13,1,9,95,4,27
1,0,3.0,334,6,14,2,7,20,3,27
1,4,3.0,279,0,14,2,14,32,3,27
1,1,28.0,300,3,12,0,13,48,3,18
1,1,28.0,300,3,14,0,8,9,1,18
1,8,18.0,75,3,0,0,10,22,1,0
1,4,29.0,313,6,18,2,9,9,3,16
0,11,4.0,275,2,14,0,6,7,1,30
1,1,28.0,300,3,12,0,7,111,4,18
1,1,28.0,300,3,5,0,2,2,4,18
1,8,2.0,77,5,5,1,7,120,4,22
0,9,1.0,126,2,9,2,14,24,0,7
1,8,2.0,77,5,1,0,11,133,1,22
1,8,2.0,77,5,4,0,0,77,4,22
1,8,2.0,77,5,18,2,9,26,3,22
1,8,12.0,284,0,0,1,14,106,0,28
1,8,12.0,284,0,5,2,13,29,2,28
1,8,17.0,74,6,7,0,3,30,1,6
1,8,17.0,74,6,3,1,12,17,4,6
1,8,17.0,74,6,15,1,5,64,1,6
1,8,17.0,74,6,19,1,9,101,4,6
1,8,18.0,75,3,7,1,15,119,4,0
1,8,18.0,75,3,16,1,4,75,0,0
1,8,18.0,75,3,20,2,9,93,0,0
1,8,18.0,75,3,3,0,10,6,3,0
1,8,18.0,75,3,16,1,13,38,0,0
1,8,26.0,278,0,17,2,7,20,3,3
1,8,26.0,278,0,14,0,13,29,1,3
1,8,29.0,301,4,23,0,15,114,1,16
1,10,17.0,256,3,23,0,16,113,2,6
0,3,4.0,285,1,16,0,0,12,0,30
1,0,4.0,229,3,20,0,0,68,2,30
1,8,29.0,301,4,23,1,14,107,4,16
1,8,29.0,301,4,3,0,12,80,0,16
1,4,1.0,144,6,4,3,0,77,0,7
1,6,2.0,352,4,6,2,15,112,3,22
1,6,2.0,352,4,23,0,0,26,3,22
1,6,2.0,352,4,14,0,15,51,1,22
1,6,3.0,99,5,2,0,4,5,3,27
1,6,3.0,99,5,18,0,15,31,1,27
1,6,11.0,355,6,1,0,8,9,3,9
1,6,11.0,355,6,9,0,8,9,3,9
1,6,11.0,355,6,20,1,12,80,1,9
1,6,11.0,355,6,18,2,9,87,3,9
1,6,11.0,355,6,18,2,11,10,3,9
1,6,11.0,355,6,14,1,8,9,2,9
1,6,16.0,38,4,13,0,1,59,1,2
1,6,16.0,38,4,20,1,12,61,1,2
1,6,16.0,38,4,18,1,0,77,0,2
1,6,16.0,38,4,7,1,9,101,4,2
1,6,19.0,291,3,15,0,14,25,1,10
1,6,11.0,355,6,17,0,6,89,1,9
1,6,19.0,291,3,2,0,10,23,2,10
1,6,19.0,291,3,4,1,12,61,1,10
1,6,19.0,291,3,4,0,2,2,3,10
1,4,17.0,19,0,14,0,4,4,3,6
1,4,17.0,19,0,19,0,9,57,3,6
1,4,17.0,19,0,3,1,4,82,1,6
1,4,27.0,274,4,6,0,15,46,1,15
1,4,27.0,274,4,3,0,13,29,4,15
1,4,27.0,274,4,22,0,13,75,0,15
1,4,27.0,274,4,8,0,15,39,3,15
1,4,29.0,313,6,5,0,10,22,1,16
1,4,29.0,313,6,2,2,5,6,3,16
1,4,29.0,313,6,14,0,12,100,1,16
1,4,29.0,313,6,13,1,14,97,4,16
1,2,1.0,16,1,6,0,0,12,0,7
1,2,1.0,16,1,21,0,4,75,1,7
1,2,1.0,16,1,22,0,2,2,1,7
1,2,3.0,282,4,16,0,5,6,3,27
1,2,3.0,282,4,10,0,0,53,1,27
1,2,3.0,282,4,4,0,10,22,3,27
1,2,3.0,282,4,18,0,4,121,2,27
1,2,29.0,140,1,10,0,7,111,3,16
1,2,29.0,140,1,14,0,10,30,3,16
1,0,3.0,334,6,14,0,1,11,1,27
1,0,3.0,334,6,20,1,4,5,4,27
1,0,3.0,334,6,21,3,10,47,1,27
1,0,10.0,129,6,11,0,7,20,4,4
1,4,17.0,19,0,6,1,11,98,4,6
1,4,17.0,19,0,4,0,5,6,3,6
1,4,17.0,19,0,8,2,6,7,3,6
1,4,17.0,19,0,18,0,6,128,1,6
1,4,27.0,274,4,15,0,12,121,1,15
1,4,27.0,274,4,15,0,1,1,4,15
1,4,27.0,274,4,20,1,12,104,4,15
1,4,27.0,274,4,7,1,8,9,4,15
1,4,29.0,313,6,3,0,11,10,3,16
1,4,29.0,313,6,12,0,16,130,1,16
1,4,29.0,313,6,20,1,15,114,1,16
1,0,18.0,0,3,4,0,13,29,2,0
1,8,18.0,75,3,10,2,5,6,3,0
0,3,10.0,4,0,10,0,13,38,1,4
1,2,1.0,16,1,6,0,10,12,3,7
1,0,10.0,129,6,8,0,9,49,1,4
1,0,10.0,129,6,11,1,16,113,4,4
1,1,26.0,248,5,18,1,13,123,4,3
1,8,2.0,77,5,13,1,1,67,4,22
0,9,4.0,295,6,20,0,1,81,2,30
1,8,18.0,75,3,20,0,10,23,1,0
0,11,4.0,275,2,19,2,6,14,0,30
1,0,11.0,10,3,17,0,8,41,1,9
1,3,1.0,180,5,8,0,2,86,4,7
1,8,12.0,284,0,10,1,9,27,0,28
0,3,30.0,304,3,6,2,6,7,0,19
0,9,4.0,295,6,5,1,2,123,4,30
1,8,18.0,75,3,22,0,8,19,3,0
0,11,2.0,265,0,14,0,5,47,3,22
1,2,1.0,16,1,0,0,5,12,3,7
1,0,11.0,10,3,23,1,3,30,2,9
1,0,11.0,10,3,15,0,9,95,4,9
1,0,11.0,10,3,3,0,12,61,3,9
1,0,11.0,10,3,8,0,10,22,1,9
1,0,13.0,198,1,3,0,7,120,3,25
1,0,18.0,0,3,16,0,11,15,1,0
1,0,18.0,0,3,11,1,5,12,0,0
1,0,18.0,0,3,13,0,3,30,3,0
1,0,18.0,0,3,11,1,10,22,1,0
1,0,18.0,0,3,3,2,14,88,3,0
1,0,18.0,0,3,19,0,2,69,2,0
1,0,18.0,0,3,1,2,2,13,0,0
1,0,19.0,13,0,23,1,1,81,4,10
1,0,3.0,334,6,5,0,16,37,2,27
1,0,21.0,287,2,6,0,0,68,3,21
1,1,11.0,111,4,13,0,8,27,3,9
1,1,11.0,111,4,4,0,2,2,3,9
1,1,11.0,111,4,17,1,12,61,1,9
1,1,11.0,111,4,9,0,7,111,3,9
1,1,25.0,65,4,23,0,5,64,3,13
1,1,25.0,65,4,8,0,13,21,2,13
1,1,25.0,65,4,14,0,1,11,4,13
1,1,25.0,65,4,20,1,1,1,4,13
1,1,25.0,65,4,18,0,2,71,2,13
1,1,27.0,262,6,11,1,10,23,1,15
1,1,28.0,300,3,7,0,14,25,1,18
1,1,27.0,262,6,14,0,12,121,1,15
1,1,28.0,300,3,2,0,7,62,4,18
1,1,27.0,262,6,22,1,2,13,1,15
1,1,27.0,262,6,15,1,2,13,1,15
1,8,2.0,77,5,8,0,0,0,3,22
1,8,12.0,284,0,6,2,13,21,3,28
1,8,12.0,284,0,2,2,8,118,2,28
1,8,12.0,284,0,14,2,6,7,3,28
1,8,17.0,74,6,0,1,0,85,0,6
1,8,17.0,74,6,11,1,4,4,4,6
1,8,17.0,74,6,5,0,0,53,3,6
1,8,17.0,74,6,12,0,7,20,0,6
1,0,30.0,228,5,6,0,5,6,3,19
1,0,30.0,228,5,10,0,12,56,0,19
1,0,30.0,228,5,15,1,5,6,2,19
1,0,30.0,228,5,1,0,14,126,1,19
0,11,1.0,222,3,21,0,5,6,0,7
0,11,1.0,222,3,21,0,9,134,2,7
0,11,1.0,222,3,10,2,16,37,3,7
0,11,1.0,222,3,10,1,0,15,2,7
0,11,1.0,222,3,15,0,13,38,1,7
0,11,1.0,222,3,6,2,5,64,3,7
0,11,1.0,222,3,22,0,2,40,4,7
0,11,1.0,222,3,2,0,13,48,1,7
0,11,1.0,222,3,8,0,2,123,4,7
0,11,1.0,222,3,6,0,5,47,0,7
0,11,1.0,222,3,0,0,5,12,0,7
0,11,2.0,265,0,3,0,12,61,1,22
0,11,2.0,265,0,22,1,3,76,4,22
0,11,2.0,265,0,2,1,9,134,4,22
0,11,3.0,288,1,20,0,16,113,1,27
0,11,4.0,275,2,6,0,14,107,1,30
0,11,4.0,275,2,2,3,14,25,3,30
0,11,4.0,275,2,12,0,3,30,0,30
1,2,3.0,282,4,20,0,14,131,1,27
0,11,20.0,340,5,15,1,1,105,4,29
0,9,28.0,315,1,16,0,11,15,3,18
0,9,28.0,315,1,6,0,5,12,0,18
0,9,28.0,315,1,19,0,5,64,2,18
0,9,28.0,315,1,14,0,8,118,4,18
0,9,28.0,315,1,1,0,15,96,0,18
0,9,28.0,315,1,9,0,8,65,1,18
0,9,28.0,315,1,16,0,13,28,0,18
0,7,20.0,266,0,6,0,13,28,0,29
0,7,20.0,266,0,0,1,2,2,0,29
0,7,20.0,266,0,13,3,0,53,0,29
1,3,8.0,148,5,4,1,14,32,0,8
1,3,17.0,54,3,15,0,14,125,3,6
1,3,25.0,347,0,19,1,9,101,4,13
1,10,1.0,208,5,15,1,11,15,4,7
1,10,1.0,208,5,17,1,13,28,0,7
1,10,17.0,256,3,16,1,10,43,1,6
1,1,1.0,203,0,17,3,3,30,0,7
1,8,26.0,278,0,17,1,9,57,0,3
1,8,12.0,284,0,11,1,0,77,1,28
0,9,26.0,267,3,4,2,16,37,1,3
0,3,30.0,304,3,3,0,15,31,3,19
1,8,28.0,224,2,18,3,0,15,3,18
0,11,20.0,340,5,11,3,9,102,3,29
1,8,26.0,278,0,22,0,2,40,4,3
1,8,12.0,284,0,8,1,11,133,4,28
0,9,28.0,315,1,3,0,10,6,0,18
1,4,2.0,141,3,0,0,0,85,1,22
0,11,20.0,340,5,22,1,7,62,1,29
1,8,26.0,278,0,3,0,7,137,1,3
1,8,17.0,74,6,20,0,11,133,3,6
0,5,2.0,307,1,6,0,8,33,0,22
1,4,26.0,80,2,18,1,15,46,1,3
0,11,20.0,340,5,3,1,15,114,1,29
1,8,26.0,278,0,19,0,13,28,3,3
1,8,26.0,278,0,9,0,6,116,0,3
1,8,26.0,278,0,9,0,10,47,3,3
1,8,29.0,301,4,3,0,5,6,3,16
1,4,1.0,144,6,16,2,6,7,3,7
1,4,1.0,144,6,4,2,8,27,3,7
1,4,1.0,144,6,9,0,4,5,4,7
1,4,3.0,279,0,12,1,9,95,4,27
1,4,17.0,19,0,10,1,6,7,0,6
1,4,17.0,19,0,13,0,6,7,2,6
1,4,17.0,19,0,19,0,10,30,2,6
1,4,17.0,19,0,5,1,1,16,4,6
1,10,20.0,223,2,8,1,12,58,4,29
1,10,25.0,56,0,4,0,2,69,0,13
1,1,11.0,111,4,21,1,14,24,4,9
1,1,25.0,65,4,13,0,7,122,3,13
1,1,25.0,65,4,8,1,14,97,4,13
1,1,27.0,262,6,17,0,0,26,0,15
1,1,27.0,262,6,10,0,10,22,3,15
1,1,27.0,262,6,5,1,10,52,4,15
1,1,27.0,262,6,15,1,13,48,4,15
1,1,27.0,262,6,1,0,0,64,3,15
1,1,27.0,262,6,1,1,10,22,1,15
1,1,27.0,262,6,1,0,0,77,1,15
1,1,27.0,262,6,18,0,5,6,0,15
1,1,28.0,300,3,21,1,0,0,0,18
1,1,28.0,300,3,8,0,0,0,0,18
1,1,28.0,300,3,15,3,6,7,0,18
1,1,28.0,300,3,14,0,3,103,0,18
1,1,28.0,300,3,9,0,2,2,4,18
1,1,28.0,300,3,9,1,14,110,1,18
1,8,12.0,284,0,21,1,0,68,0,28
1,8,12.0,284,0,7,1,9,27,0,28
1,8,12.0,284,0,21,1,11,15,0,28
1,8,12.0,284,0,1,0,12,104,3,28
1,8,12.0,284,0,9,0,5,0,3,28
1,8,17.0,74,6,9,0,4,75,1,6
1,3,7.0,289,4,1,1,15,39,4,11
1,3,9.0,44,6,22,0,8,118,3,12
1,3,9.0,44,6,14,2,6,89,0,12
1,3,9.0,44,6,12,1,10,23,0,12
1,3,9.0,44,6,5,1,9,87,0,12
1,3,9.0,44,6,8,0,14,110,0,12
1,3,18.0,165,0,1,2,2,2,3,0
1,3,19.0,138,1,17,1,14,34,0,10
1,3,19.0,138,1,6,0,0,96,1,10
1,3,19.0,138,1,13,0,4,79,1,10
1,3,26.0,343,1,16,0,5,12,0,3
1,3,26.0,343,1,16,0,12,61,3,3
1,3,26.0,343,1,21,0,10,22,1,3
1,3,26.0,343,1,2,0,2,2,1,3
1,3,26.0,343,1,14,0,1,105,1,3
1,3,26.0,343,1,9,0,3,30,0,3
1,3,26.0,343,1,14,2,0,31,1,3
1,3,27.0,361,2,6,0,0,12,0,15
1,3,27.0,361,2,18,0,9,95,0,15
1,5,2.0,307,0,15,0,13,38,0,22
1,5,2.0,307,0,22,1,6,73,4,22
1,5,2.0,307,0,8,0,10,23,1,22
1,5,2.0,307,0,1,1,11,55,4,22
1,8,17.0,74,6,12,0,15,51,1,6
1,8,18.0,75,3,6,2,8,27,3,0
1,8,17.0,74,6,0,1,0,68,0,6
1,8,18.0,75,3,13,0,0,64,0,0
1,8,2.0,77,5,11,3,6,7,0,22
1,8,18.0,75,3,13,0,8,19,4,0
1,8,18.0,75,3,19,2,14,34,3,0
1,8,26.0,278,0,21,0,0,53,3,3
1,8,26.0,278,0,11,1,3,103,4,3
1,8,26.0,278,0,10,2,6,7,0,3
1,8,26.0,278,0,13,0,12,83,2,3
1,8,26.0,278,0,13,0,13,28,0,3
1,8,26.0,278,0,3,1,0,15,4,3
1,8,26.0,278,0,18,0,4,45,0,3
1,8,29.0,301,4,14,0,10,12,1,16
1,4,1.0,144,6,10,0,0,64,0,7
1,4,1.0,144,6,7,1,0,0,0,7
1,4,1.0,144,6,12,0,9,63,1,7
1,4,3.0,279,0,10,2,0,12,3,27
1,2,1.0,16,1,7,0,13,29,1,7
1,8,17.0,74,6,13,0,16,50,3,6
1,2,13.0,276,3,13,0,16,39,4,25
0,11,1.0,222,3,13,1,5,6,1,7
0,9,1.0,126,2,6,0,4,5,0,7
0,5,2.0,307,1,17,0,0,64,3,22
1,11,8.0,283,6,18,0,12,56,1,8
0,7,20.0,266,0,1,0,7,20,3,29
1,2,1.0,16,1,21,0,0,77,0,7
0,5,2.0,307,1,23,0,7,31,1,22
1,8,17.0,74,6,13,2,7,20,3,6
0,3,11.0,337,1,17,0,2,123,4,9
1,2,3.0,282,4,10,2,10,22,1,27
0,5,2.0,307,1,12,0,5,6,0,22
1,8,17.0,74,6,19,1,9,101,4,6
0,3,11.0,337,1,11,0,12,80,1,9
1,2,29.0,140,1,4,0,1,35,0,16
1,2,1.0,16,1,23,1,11,133,1,7
1,4,3.0,279,0,13,2,6,89,3,27
1,4,3.0,279,0,22,0,8,41,3,27
1,4,3.0,279,0,3,1,13,99,4,27
1,4,17.0,19,0,7,0,8,118,0,6
1,4,17.0,19,0,15,0,6,7,1,6
1,4,17.0,19,0,9,2,0,0,2,6
1,4,27.0,274,4,0,2,14,110,0,15
1,4,27.0,274,4,3,0,4,82,1,15
1,4,27.0,274,4,13,2,16,50,3,15
1,4,27.0,274,4,8,2,2,2,3,15
1,4,27.0,274,4,8,0,10,6,3,15
1,2,1.0,16,1,8,0,7,78,0,7
1,2,1.0,16,1,16,0,5,12,3,7
1,2,1.0,16,1,14,0,6,89,3,7
1,2,1.0,16,1,1,0,15,39,0,7
1,2,3.0,282,4,4,2,16,72,3,27
1,2,3.0,282,4,1,1,11,8,4,27
1,2,29.0,140,1,6,0,9,54,0,16
1,2,29.0,140,1,19,0,13,36,3,16
1,2,29.0,140,1,14,2,13,38,0,16
1,0,3.0,334,6,4,0,1,16,4,27
1,8,2.0,77,5,11,0,8,41,2,22
1,0,4.0,229,3,14,0,4,82,3,30
1,0,4.0,229,3,18,2,4,4,3,30
1,0,4.0,229,3,19,1,2,69,4,30
1,0,10.0,129,6,17,0,10,6,0,4
1,0,10.0,129,6,11,0,6,128,1,4
1,0,10.0,129,6,4,0,11,117,0,4
1,0,10.0,129,6,12,1,4,5,1,4
1,0,10.0,129,6,12,0,6,91,3,4
1,0,11.0,10,3,16,0,9,49,4,9
1,0,11.0,10,3,5,0,11,15,2,9
1,0,13.0,198,1,10,0,13,48,3,25
1,0,13.0,198,1,7,0,4,75,1,25
1,0,18.0,0,3,22,1,12,56,1,0
1,0,19.0,13,0,22,0,14,34,1,10
1,0,19.0,13,0,11,1,8,9,1,10
1,0,19.0,13,0,1,0,3,103,0,10
1,0,10.0,129,6,13,0,6,91,3,4
1,0,11.0,10,3,21,1,13,48,0,9
1,0,11.0,10,3,19,0,1,67,3,9
1,0,11.0,10,3,1,0,7,111,0,9
1,0,13.0,198,1,0,0,3,30,3,25
1,0,13.0,198,1,1,0,10,47,3,25
1,0,13.0,198,1,18,0,16,74,0,25
1,0,18.0,0,3,0,0,4,75,1,0
1,0,18.0,0,3,12,0,5,6,0,0
1,0,18.0,0,3,9,2,7,57,3,0
1,0,19.0,13,0,2,0,10,22,4,10
1,0,18.0,0,3,10,3,8,9,3,0
1,4,1.0,144,6,5,0,14,24,2,7
1,0,21.0,287,2,13,0,9,95,0,21
1,0,21.0,287,2,12,0,7,137,1,21
1,0,21.0,287,2,19,0,2,2,4,21
1,0,21.0,287,2,4,0,8,27,4,21
1,0,21.0,287,2,14,0,6,89,3,21
1,0,30.0,228,5,23,0,10,47,3,19
1,0,30.0,228,5,10,0,9,134,3,19
1,0,30.0,228,5,6,1,4,75,0,19
1,6,20.0,215,0,17,1,13,99,1,29
1,6,19.0,291,3,8,1,14,126,4,10
1,6,20.0,215,0,5,0,13,38,3,29
1,6,20.0,215,0,5,0,3,30,1,29
1,6,20.0,215,0,15,1,0,26,1,29
1,10,2.0,358,6,17,0,15,114,1,22
1,10,2.0,358,6,4,1,2,86,1,22
0,9,1.0,126,2,6,0,4,5,0,7
0,3,11.0,337,1,22,0,8,9,3,9
0,5,2.0,307,1,4,0,16,113,0,22
1,7,8.0,94,1,4,1,6,91,1,8
1,3,17.0,54,3,18,0,1,1,1,6
1,8,17.0,74,6,4,1,0,12,0,6
0,9,4.0,295,6,11,3,2,86,1,30
0,5,2.0,307,1,19,2,9,63,0,22
1,8,18.0,75,3,19,0,13,123,3,0
0,9,4.0,295,6,18,0,3,44,0,30
1,8,17.0,74,6,22,0,14,32,2,6
1,10,1.0,208,5,1,0,2,92,1,7
0,5,19.0,146,5,20,0,2,60,4,10
1,8,18.0,75,3,19,0,1,59,2,0
0,9,26.0,267,3,0,0,3,44,3,3
1,8,17.0,74,6,9,0,5,12,3,6
1,6,27.0,116,0,22,0,10,23,2,15
0,5,19.0,146,5,1,0,4,75,1,10
1,7,10.0,329,4,18,0,2,71,4,4
0,9,26.0,267,3,8,2,2,71,3,3
1,8,17.0,74,6,1,2,9,134,3,6
0,5,19.0,146,5,23,1,9,58,4,10
0,5,19.0,146,5,23,1,14,25,4,10
0,3,11.0,337,1,4,0,8,9,0,9
0,3,12.0,104,2,17,0,11,15,1,28
0,3,11.0,337,1,9,1,13,28,0,9
0,3,12.0,104,2,17,0,13,36,1,28
0,3,12.0,104,2,4,0,1,35,3,28
0,3,13.0,210,4,9,0,16,74,0,25
0,3,18.0,165,1,16,0,16,113,0,0
0,3,18.0,165,1,17,0,5,12,3,0
0,3,18.0,165,1,20,0,2,2,1,0
0,3,18.0,165,1,4,2,0,64,3,0
0,3,20.0,105,4,2,2,13,29,2,29
0,3,21.0,338,5,10,0,8,27,2,21
0,3,21.0,338,5,22,2,9,54,3,21
0,3,21.0,338,5,8,0,15,31,1,21
0,3,30.0,304,3,13,0,6,14,3,19
0,5,2.0,307,1,16,0,6,89,4,22
0,5,2.0,307,1,10,0,10,43,3,22
0,3,12.0,104,2,2,1,0,12,1,28
0,3,12.0,104,2,14,3,5,64,3,28
0,3,12.0,104,2,9,3,12,80,4,28
0,3,13.0,210,4,9,0,12,121,1,25
0,3,18.0,165,1,17,0,0,12,3,0
1,6,7.0,169,1,13,1,15,31,4,11
1,1,8.0,62,0,22,1,2,86,0,8
1,7,14.0,125,0,18,2,5,0,3,5
1,9,13.0,91,3,13,3,6,132,1,25
1,6,7.0,169,1,22,0,12,104,4,11
1,10,23.0,247,6,19,1,13,48,0,17
1,10,24.0,261,3,14,1,10,22,0,14
1,1,7.0,32,3,17,1,14,25,4,11
0,3,11.0,337,1,17,0,1,35,4,9
0,3,18.0,165,1,6,0,14,107,4,0
0,3,18.0,165,1,5,0,2,2,1,0
0,3,20.0,105,4,22,0,15,51,1,29
0,3,20.0,105,4,13,0,4,75,1,29
0,3,20.0,105,4,8,2,11,94,3,29
0,9,1.0,126,2,17,0,13,13,1,7
0,3,20.0,105,4,8,0,9,95,2,29
0,3,20.0,105,4,14,0,13,123,1,29
0,3,20.0,105,4,18,0,8,33,0,29
0,3,21.0,338,5,16,1,14,25,0,21
0,3,20.0,105,4,9,0,4,136,1,29
0,3,21.0,338,5,0,1,5,64,0,21
0,3,21.0,338,5,3,0,13,29,2,21
0,3,20.0,105,4,12,2,13,29,1,29
0,3,21.0,338,5,9,0,4,82,1,21
0,3,30.0,304,3,16,0,10,47,3,19
0,5,2.0,307,1,6,0,15,85,3,22
0,5,2.0,307,1,13,0,2,2,3,22
0,5,2.0,307,1,14,0,16,113,1,22
0,5,19.0,146,5,19,0,8,118,4,10
0,5,19.0,146,5,12,1,9,109,4,10
0,9,28.0,315,1,13,0,13,28,1,18
0,5,20.0,214,6,3,3,2,69,0,29
0,5,20.0,214,6,19,2,5,6,3,29
0,5,20.0,214,6,9,1,14,34,0,29
0,5,21.0,351,3,3,1,1,11,4,21
0,5,2.0,307,1,16,0,9,93,0,22
0,5,22.0,163,0,15,1,13,38,4,26
0,5,21.0,351,3,22,0,12,135,2,21
0,5,22.0,163,0,12,0,4,75,1,26
0,5,22.0,163,0,1,2,13,99,3,26
0,5,30.0,294,1,21,1,6,91,4,19
0,5,30.0,294,1,12,2,14,25,3,19
0,5,30.0,294,1,14,0,5,6,0,19
1,5,2.0,307,0,2,0,6,7,0,22
1,5,2.0,307,0,4,0,9,95,0,22
1,6,2.0,352,4,20,0,12,80,1,22
1,6,3.0,99,5,5,1,2,92,1,27
1,8,17.0,74,6,4,0,0,26,2,6
1,8,11.0,306,3,8,0,3,115,3,9
1,7,10.0,329,4,2,1,2,86,1,4
1,7,17.0,95,4,8,0,6,7,2,6
0,9,28.0,315,1,3,0,13,21,3,18
0,7,20.0,266,0,8,0,13,69,1,29
1,8,12.0,284,0,10,1,0,85,1,28
1,7,17.0,95,4,12,0,1,67,4,6
0,7,20.0,266,0,16,0,5,12,2,29
0,3,11.0,337,1,17,0,10,12,1,9
0,3,11.0,337,1,16,1,5,6,0,9
0,3,11.0,337,1,12,0,15,51,1,9
0,3,11.0,337,1,2,0,1,11,4,9
0,3,11.0,337,1,4,3,7,8,2,9
0,3,12.0,104,2,12,0,6,7,1,28
0,3,12.0,104,2,9,0,10,22,3,28
0,3,13.0,210,4,6,0,16,130,3,25
0,3,13.0,210,4,20,0,2,2,1,25
1,0,21.0,287,2,16,0,16,42,1,21
1,0,30.0,228,5,15,0,9,10,1,19
0,11,1.0,222,3,16,0,0,85,1,7
0,11,1.0,222,3,0,0,0,12,3,7
0,11,1.0,222,3,7,2,1,11,3,7
0,11,1.0,222,3,15,0,14,24,1,7
0,11,1.0,222,3,12,0,0,77,0,7
0,11,2.0,265,0,19,0,10,22,1,22
0,11,1.0,222,3,6,0,3,103,0,7
0,11,4.0,275,2,19,0,13,28,0,30
1,11,22.0,250,6,9,2,11,117,3,26
1,9,6.0,51,3,13,0,2,123,2,23
1,9,6.0,51,3,20,3,5,6,3,23
1,9,6.0,51,3,8,0,7,137,4,23
1,7,6.0,93,3,12,0,0,77,0,23
1,5,31.0,196,1,16,2,12,56,3,20
1,1,1.0,203,0,17,3,6,7,0,7
1,8,11.0,306,3,18,0,8,118,4,9
1,8,11.0,306,3,18,1,13,38,4,9
1,4,19.0,142,2,17,1,9,93,4,10
1,2,27.0,136,3,11,3,8,27,0,15
1,0,1.0,8,4,18,0,3,115,1,7
1,4,4.0,178,1,13,0,13,29,0,30
1,0,1.0,8,4,17,0,2,86,1,7
0,7,19.0,330,3,9,1,8,27,0,10
0,11,4.0,275,2,6,0,4,127,0,30
0,11,20.0,340,5,10,0,1,105,1,29
0,11,2.0,265,0,13,2,8,9,4,22
0,9,1.0,126,2,7,0,3,44,4,7
0,9,1.0,126,2,21,1,7,62,0,7
0,9,4.0,295,6,3,0,10,52,2,30
0,9,4.0,295,6,14,0,2,40,2,30
0,9,28.0,315,1,21,1,0,26,0,18
0,9,28.0,315,1,2,0,14,25,0,18
0,9,28.0,315,1,18,2,15,51,3,18
0,3,11.0,337,1,15,0,10,22,1,9
0,3,11.0,337,1,19,0,13,38,3,9
1,0,21.0,287,2,15,0,2,92,1,21
1,0,30.0,228,5,16,0,14,25,1,19
1,0,30.0,228,5,20,0,8,9,4,19
1,0,30.0,228,5,22,1,2,3,4,19
1,0,30.0,228,5,12,1,12,121,1,19
0,11,1.0,222,3,4,1,7,111,0,7
0,11,2.0,265,0,3,0,2,86,0,22
0,11,2.0,265,0,19,2,9,10,0,22
1,11,22.0,250,6,12,3,11,10,4,26
1,5,31.0,196,1,12,0,4,127,3,20
1,5,31.0,196,1,1,1,5,6,0,20
1,10,15.0,60,5,17,0,13,28,4,1
1,8,16.0,73,5,13,0,2,123,0,2
1,8,30.0,103,5,22,1,9,102,4,19
1,8,30.0,103,5,2,0,6,89,2,19
1,4,31.0,67,0,2,1,9,10,4,20
1,0,9.0,48,5,8,0,3,70,2,12
1,0,6.0,260,1,1,2,15,108,3,23
1,0,17.0,12,6,9,0,13,29,1,6
1,4,13.0,221,4,5,0,14,25,4,25
1,0,31.0,290,6,1,1,8,27,4,20
0,11,3.0,288,1,17,0,15,51,1,27
0,11,3.0,288,1,18,0,12,17,3,27
0,11,4.0,275,2,12,0,15,114,4,30
0,11,4.0,275,2,14,0,13,48,1,30
0,9,1.0,126,2,12,0,2,86,1,7
1,8,18.0,75,3,20,1,14,88,4,0
0,7,20.0,266,0,1,2,3,103,3,29
0,7,19.0,330,3,12,0,9,102,3,10
1,7,17.0,95,4,13,2,7,111,3,6
1,8,18.0,75,3,20,1,14,88,4,0
1,8,26.0,278,0,17,0,10,6,3,3
0,3,11.0,337,1,19,0,9,102,3,9
1,7,17.0,95,4,19,1,3,103,4,6
1,8,26.0,278,0,13,0,10,43,1,3
0,3,12.0,104,2,16,0,0,26,3,28
1,7,17.0,95,4,9,0,5,6,0,6
1,8,26.0,278,0,22,0,0,26,2,3
1,8,26.0,278,0,2,0,4,4,3,3
1,8,26.0,278,0,14,2,1,16,0,3
1,8,26.0,278,0,5,1,13,38,1,3
1,8,29.0,301,4,6,0,8,41,1,16
1,8,29.0,301,4,3,2,13,29,0,16
1,8,29.0,301,4,14,2,9,63,3,16
1,4,1.0,144,6,15,1,1,81,4,7
1,4,1.0,144,6,3,1,10,23,1,7
1,4,3.0,279,0,11,1,3,115,4,27
1,4,3.0,279,0,5,0,2,60,4,27
1,4,1.0,144,6,12,0,9,9,2,7
1,4,3.0,279,0,11,1,12,104,4,27
1,4,3.0,279,0,18,0,8,27,1,27
1,4,17.0,19,0,13,0,8,27,3,6
1,4,17.0,19,0,1,0,13,21,0,6
1,4,17.0,19,0,19,0,8,9,2,6
1,4,27.0,274,4,15,0,2,2,3,15
1,4,27.0,274,4,4,0,13,38,4,15
1,4,27.0,274,4,15,0,1,11,4,15
1,4,29.0,313,6,1,0,6,7,4,16
1,4,29.0,313,6,19,0,2,69,3,16
1,2,1.0,16,1,6,0,13,38,0,7
1,2,1.0,16,1,18,0,13,21,0,7
1,2,1.0,16,1,12,1,11,8,4,7
1,2,3.0,282,4,8,1,11,133,4,27
1,2,29.0,140,1,16,0,5,12,1,16
1,0,3.0,334,6,13,1,2,2,4,27
1,0,3.0,334,6,13,0,7,78,3,27
1,0,4.0,229,3,4,2,2,2,3,30
1,0,4.0,229,3,11,1,16,37,4,30
1,0,10.0,129,6,15,0,9,102,4,4
1,0,10.0,129,6,13,1,0,96,1,4
1,0,11.0,10,3,4,0,10,12,0,9
1,0,11.0,10,3,9,0,14,25,3,9
1,0,11.0,10,3,9,0,2,60,1,9
1,0,13.0,198,1,6,2,6,88,3,25
1,0,13.0,198,1,12,2,13,38,0,25
1,0,13.0,198,1,12,0,16,37,1,25
1,0,18.0,0,3,20,1,9,83,1,0
1,0,19.0,13,0,17,0,9,102,2,10
1,0,18.0,0,3,14,3,13,48,3,0
1,0,21.0,287,2,22,0,2,92,1,21
1,0,21.0,287,2,8,0,9,87,0,21
1,0,30.0,228,5,5,1,5,6,0,19
1,0,30.0,228,5,5,1,6,128,1,19
0,11,1.0,222,3,0,0,0,68,3,7
0,11,1.0,222,3,21,0,10,22,1,7
1,2,1.0,16,1,17,3,15,96,3,7
0,11,1.0,222,3,15,0,7,120,4,7
0,11,1.0,222,3,1,1,0,53,0,7
0,11,2.0,265,0,14,0,2,2,1,22
0,11,2.0,265,0,13,0,2,2,1,22
0,11,3.0,288,1,13,0,5,64,1,27
0,11,3.0,288,1,12,0,11,15,0,27
0,11,4.0,275,2,23,1,4,75,0,30
0,11,4.0,275,2,4,0,16,50,1,30
0,3,12.0,104,2,2,0,10,12,4,28
1,7,19.0,330,6,17,0,11,133,2,10
1,7,7.0,293,0,16,1,10,22,0,11
1,7,7.0,293,0,22,0,15,46,3,11
1,7,17.0,95,4,18,0,2,13,1,6
1,7,7.0,293,0,18,0,12,100,1,11
1,7,19.0,330,6,19,1,9,134,4,10
1,7,7.0,293,0,4,1,11,18,0,11
1,7,24.0,68,4,16,0,11,94,2,14
1,7,10.0,329,4,11,1,14,25,0,4
1,7,24.0,68,4,21,1,6,7,0,14
1,7,10.0,329,4,14,0,13,99,4,4
1,7,24.0,68,4,7,1,9,27,0,14
1,7,17.0,95,4,10,0,0,85,1,6
1,7,24.0,68,4,8,2,13,48,3,14
1,7,24.0,68,4,14,0,15,51,3,14
1,7,24.0,68,4,19,1,10,47,1,14
1,7,26.0,316,6,6,0,0,26,1,3
1,7,26.0,316,6,16,0,1,11,4,3
1,7,26.0,316,6,15,0,15,108,2,3
1,7,24.0,68,4,2,2,6,89,3,14
1,7,27.0,53,3,20,1,13,38,4,15
1,7,27.0,53,3,22,2,10,47,0,15
1,7,1.0,98,1,13,3,4,75,1,7
1,3,7.0,289,4,16,1,10,47,2,11
1,3,7.0,289,4,19,0,2,2,2,11
1,3,7.0,289,4,8,2,9,10,3,11
1,6,16.0,38,4,4,0,16,72,3,2
1,6,11.0,355,6,14,1,14,25,4,9
1,6,19.0,291,3,4,0,13,28,1,10
1,6,19.0,291,3,1,0,14,24,1,10
1,6,19.0,291,3,9,0,2,2,1,10
1,6,20.0,215,0,11,0,2,86,2,29
1,6,20.0,215,0,22,2,3,115,0,29
1,6,19.0,291,3,20,1,9,57,4,10
1,6,20.0,215,0,2,2,1,81,3,29
1,10,2.0,358,6,8,0,0,53,3,22
1,10,2.0,358,6,19,0,16,74,3,22
1,10,2.0,358,6,18,0,14,34,4,22
1,10,18.0,246,0,11,0,13,99,2,0
1,10,18.0,246,0,4,0,6,89,0,0
1,10,18.0,246,0,9,0,10,22,2,0
1,10,19.0,117,1,6,0,3,115,1,10
1,10,18.0,246,0,22,1,12,80,1,0
1,10,19.0,117,1,19,0,2,2,3,10
1,10,19.0,117,1,17,0,1,67,2,10
1,10,19.0,117,1,14,0,12,56,1,10
1,10,20.0,223,2,6,0,16,37,1,29
1,10,20.0,223,2,6,0,3,103,0,29
1,10,19.0,117,1,18,0,13,13,4,10
1,10,20.0,223,2,13,0,14,24,1,29
1,10,20.0,223,2,14,0,11,90,1,29
1,8,26.0,278,0,10,1,0,0,1,3
1,8,26.0,278,0,20,0,8,41,3,3
1,8,29.0,301,4,16,0,0,85,3,16
1,8,29.0,301,4,2,2,1,16,3,16
1,8,29.0,301,4,13,1,13,48,1,16
1,4,1.0,144,6,0,0,2,92,1,7
1,4,1.0,144,6,6,0,5,6,3,7
1,8,29.0,301,4,15,0,13,29,0,16
1,4,1.0,144,6,13,0,15,119,2,7
1,4,3.0,279,0,1,0,9,49,3,27
1,4,17.0,19,0,10,1,3,70,4,6
1,4,17.0,19,0,17,1,15,39,4,6
1,4,17.0,19,0,3,2,8,118,0,6
1,4,27.0,274,4,20,0,5,6,3,15
1,4,27.0,274,4,0,1,1,67,0,15
1,4,29.0,313,6,22,1,14,25,1,16
1,2,1.0,16,1,5,0,16,65,1,7
1,2,1.0,16,1,0,1,0,12,1,7
1,2,3.0,282,4,13,1,14,25,4,27
1,2,3.0,282,4,4,1,2,2,0,27
1,2,3.0,282,4,20,0,2,71,4,27
1,2,3.0,282,4,12,1,1,11,4,27
1,4,27.0,274,4,14,0,10,47,2,15
1,2,29.0,140,1,16,0,13,99,3,16
1,2,29.0,140,1,9,0,13,29,2,16
1,8,12.0,284,0,17,1,9,27,0,28
1,8,17.0,74,6,5,0,13,21,1,6
1,8,17.0,74,6,8,1,7,137,4,6
1,7,17.0,95,4,13,2,2,2,2,6
1,7,17.0,95,4,19,0,2,40,4,6
1,7,17.0,95,4,19,1,1,67,4,6
1,7,19.0,330,6,17,0,8,27,1,10
1,7,19.0,330,6,0,0,6,7,4,10
1,7,26.0,316,6,12,0,2,69,4,3
1,7,26.0,316,6,9,0,7,120,1,3
1,7,27.0,53,3,9,0,7,62,2,15
1,3,7.0,289,4,6,1,1,105,0,11
1,3,9.0,44,6,16,1,11,98,2,12
1,3,9.0,44,6,8,2,16,130,3,12
1,3,10.0,4,3,22,0,13,21,2,4
1,3,18.0,165,0,0,0,13,21,3,0
1,3,18.0,165,0,12,1,14,97,4,0
1,3,18.0,165,0,1,1,11,124,0,0
1,3,18.0,165,0,18,1,6,7,0,0
1,3,26.0,343,1,20,0,8,9,1,3
1,3,26.0,343,1,11,2,2,35,0,3
1,3,26.0,343,1,14,1,12,61,4,3
1,5,2.0,307,0,8,1,16,42,4,22
0,9,1.0,126,2,6,0,11,58,2,7
0,9,4.0,295,6,0,1,0,85,0,30
0,9,4.0,295,6,0,1,13,48,2,30
0,9,1.0,126,2,22,1,16,37,2,7
0,9,1.0,126,2,17,1,12,83,4,7
0,9,26.0,267,3,13,0,12,84,0,3
0,9,26.0,267,3,5,0,13,38,1,3
0,9,26.0,267,3,16,2,7,122,4,3
0,9,26.0,267,3,1,0,5,6,3,3
0,9,28.0,315,1,16,1,0,68,0,18
0,9,28.0,315,1,10,1,6,126,0,18
0,9,28.0,315,1,5,2,4,82,3,18
0,7,20.0,266,0,19,2,7,111,3,29
0,3,11.0,337,1,13,0,1,59,3,9
1,0,1.0,8,4,13,0,14,126,1,7
0,3,29.0,325,6,18,1,5,64,0,16
0,3,29.0,325,6,11,0,14,24,2,16
0,3,11.0,337,1,8,0,11,15,0,9
0,3,11.0,337,1,19,0,0,64,4,9
0,3,12.0,104,2,16,0,5,12,3,28
0,3,12.0,104,2,6,2,9,93,3,28
0,3,11.0,337,1,13,0,1,11,1,9
0,3,12.0,104,2,4,0,8,9,1,28
0,3,12.0,104,2,9,0,2,92,1,28
0,3,13.0,210,4,17,3,9,27,3,25
0,3,13.0,210,4,5,1,1,105,4,25
0,3,11.0,337,1,17,1,5,12,1,9
0,3,11.0,337,1,13,0,1,16,2,9
0,3,13.0,210,4,8,0,9,93,2,25
0,3,18.0,165,1,16,0,13,21,3,0
0,7,20.0,266,0,22,1,14,110,4,29
0,3,18.0,165,1,9,0,9,9,1,0
0,3,20.0,105,4,0,1,10,47,0,29
0,3,20.0,105,4,16,0,11,117,3,29
0,3,20.0,105,4,23,0,8,27,1,29
0,3,20.0,105,4,19,0,13,69,4,29
1,11,15.0,331,6,23,1,12,80,4,1
1,9,17.0,255,4,9,1,0,0,1,6
1,11,15.0,331,6,17,3,10,52,1,1
1,3,24.0,357,3,1,1,0,26,0,14
1,3,1.0,180,5,20,0,16,37,4,7
1,10,1.0,208,5,23,0,2,86,4,7
1,3,1.0,180,5,13,0,9,87,4,7
1,4,2.0,141,3,5,2,5,12,2,22
0,1,19.0,29,6,22,0,2,86,4,10
0,4,27.0,274,5,18,1,0,53,0,15
0,4,6.0,176,5,2,0,15,114,1,23
0,8,20.0,319,2,17,0,11,15,3,29
0,2,11.0,297,6,1,0,9,95,2,9
0,8,20.0,319,2,17,1,14,25,1,29
1,10,15.0,60,5,16,0,2,86,1,1
0,4,12.0,134,4,13,0,5,12,3,28
0,1,5.0,219,6,9,0,10,6,0,24
1,8,25.0,86,3,12,3,10,22,3,13
0,4,28.0,218,6,1,3,1,59,0,18
0,10,28.0,216,5,21,0,13,13,4,18
0,10,22.0,314,6,12,1,8,9,1,26
0,10,28.0,216,5,11,1,0,53,0,18
0,10,28.0,216,5,3,0,5,6,3,18
0,10,29.0,318,6,9,0,2,86,1,16
0,10,28.0,216,5,9,0,0,64,3,18
0,1,6.0,97,3,6,0,10,47,2,23
0,1,6.0,97,3,16,2,10,47,1,23
0,1,6.0,97,3,2,0,15,31,1,23
0,1,6.0,97,3,9,2,11,94,3,23
0,1,6.0,97,3,9,0,15,112,3,23
0,1,20.0,151,3,5,1,15,96,4,29
0,1,20.0,151,3,15,0,0,77,1,29
0,10,22.0,314,6,13,0,1,11,4,26
0,1,20.0,151,3,12,0,2,2,1,29
0,1,20.0,151,3,19,2,1,16,0,29
0,1,20.0,151,3,4,0,16,139,4,29
0,1,20.0,151,3,4,0,2,92,0,29
0,1,20.0,151,3,4,0,8,118,3,29
0,8,20.0,319,2,0,0,11,133,1,29
0,8,20.0,319,2,8,0,13,28,1,29
0,8,20.0,319,2,12,0,2,92,3,29
0,8,22.0,354,5,1,0,10,22,0,26
0,8,22.0,354,5,19,0,7,137,3,26
0,10,28.0,216,5,1,3,7,137,4,18
0,1,5.0,219,6,17,0,7,57,3,24
0,1,5.0,219,6,7,0,12,135,2,24
0,1,5.0,219,6,2,0,0,31,3,24
0,8,21.0,46,4,3,0,5,6,0,21
0,8,21.0,46,4,0,0,10,47,3,21
0,1,6.0,97,3,11,2,10,23,3,23
0,1,19.0,29,6,12,2,0,12,3,10
0,1,19.0,29,6,19,0,12,135,3,10
0,1,19.0,29,6,18,2,1,16,3,10
0,1,19.0,29,6,15,1,13,21,1,10
0,1,20.0,151,3,22,0,10,22,3,29
0,1,20.0,151,3,8,0,16,72,0,29
0,1,20.0,151,3,14,1,0,77,4,29
0,8,20.0,319,2,18,0,6,7,4,29
0,8,22.0,354,5,3,2,3,70,3,26
1,11,1.0,222,6,17,0,1,16,3,7
0,8,28.0,224,4,5,0,8,9,1,18
0,8,28.0,224,4,3,1,14,25,4,18
0,8,28.0,224,4,4,0,2,40,1,18
0,10,21.0,341,5,14,0,1,1,0,21
0,10,22.0,314,6,21,1,13,36,0,26
0,10,22.0,314,6,3,0,13,99,0,26
0,10,20.0,223,4,13,3,9,27,3,29
0,10,21.0,341,5,23,1,12,135,4,21
0,10,22.0,314,6,9,0,16,37,3,26
0,11,26.0,364,4,20,3,12,104,0,3
1,9,24.0,272,4,8,0,1,59,2,14
0,1,29.0,112,1,14,0,9,93,1,16
0,8,4.0,299,0,18,1,16,37,2,30
0,10,19.0,117,2,13,3,11,90,0,10
0,8,13.0,189,2,18,0,15,39,1,25
1,0,27.0,23,1,13,3,2,3,4,15
0,8,29.0,301,5,4,1,2,86,4,16
1,5,10.0,155,1,8,1,10,22,0,4
0,4,20.0,115,5,8,0,13,36,3,29
1,8,3.0,363,6,19,1,14,24,0,27
1,1,12.0,353,5,15,0,1,1,4,28
1,4,18.0,26,1,19,1,4,45,4,0
0,2,20.0,264,0,18,0,5,0,3,29
0,0,30.0,228,6,14,1,16,37,0,19
1,2,11.0,297,5,1,1,9,63,0,9
1,4,20.0,115,4,8,3,10,30,0,29
1,0,27.0,23,1,18,1,1,35,0,15
0,7,2.0,160,4,1,1,4,127,4,22
0,7,18.0,154,6,22,1,5,64,1,0
0,7,28.0,34,1,1,1,10,52,4,18
0,3,3.0,182,0,9,1,10,47,0,27
0,5,20.0,214,6,17,1,12,56,1,29
0,11,1.0,222,3,11,0,1,11,4,7
0,10,22.0,314,6,20,1,1,81,4,26
0,10,28.0,216,5,1,0,4,127,4,18
0,10,28.0,216,5,9,0,4,79,2,18
0,10,29.0,318,6,6,2,5,12,3,16
0,3,5.0,324,2,16,0,11,94,3,24
0,10,29.0,318,6,7,0,0,31,1,16
0,10,28.0,216,5,1,1,7,20,1,18
0,10,29.0,318,6,1,0,0,15,0,16
0,10,14.0,174,5,18,2,9,54,3,5
0,4,23.0,30,0,22,2,16,37,3,17
0,3,10.0,4,0,11,1,1,59,4,4
0,10,20.0,223,4,5,0,6,116,3,29
0,4,29.0,313,3,3,2,6,89,0,16
0,10,28.0,216,5,12,0,10,47,3,18
0,10,28.0,216,5,19,0,4,4,1,18
0,1,6.0,97,3,6,0,9,134,3,23
0,4,23.0,30,0,19,0,8,41,1,17
0,6,28.0,309,2,23,1,10,22,1,18
0,9,25.0,344,6,9,0,2,2,4,13
1,8,5.0,101,0,1,0,4,82,1,24
0,3,10.0,4,0,2,1,9,49,1,4
0,3,4.0,285,1,17,0,0,26,0,30
0,4,29.0,313,3,20,0,13,99,2,16
0,8,22.0,354,5,9,2,16,72,3,26
0,1,6.0,97,3,20,1,9,87,4,23
0,6,28.0,309,2,3,0,4,138,4,18
0,9,23.0,167,4,8,0,8,9,3,17
1,1,30.0,100,1,13,3,10,47,1,19
0,3,19.0,138,2,23,0,13,69,4,10
0,4,30.0,139,0,15,0,5,6,3,19
0,8,22.0,354,5,17,0,9,63,3,26
0,1,6.0,97,3,3,0,2,86,4,23
0,4,6.0,176,5,22,2,10,22,0,23
0,6,26.0,348,0,2,3,14,110,2,3
0,3,29.0,325,6,20,0,16,130,1,16
0,6,28.0,309,2,12,0,9,101,1,18
0,6,28.0,309,2,9,2,8,118,3,18
0,4,29.0,313,3,15,0,2,2,2,16
0,1,6.0,97,3,14,0,1,105,3,23
0,4,6.0,176,5,14,0,1,35,4,23
0,10,9.0,150,3,4,1,9,93,4,12
0,10,18.0,246,1,20,0,3,115,4,0
0,4,6.0,176,5,18,0,5,12,0,23
0,11,1.0,222,3,17,0,2,92,1,7
0,5,5.0,96,5,5,1,2,71,4,24
0,6,29.0,335,4,6,0,4,45,3,16
0,10,25.0,56,1,17,1,6,7,0,13
0,5,15.0,200,0,23,1,10,47,1,1
0,4,30.0,139,0,2,0,2,86,3,19
1,0,21.0,287,2,22,0,13,28,3,21
0,6,29.0,335,4,4,0,16,130,0,16
0,10,8.0,213,6,8,3,9,102,1,8
0,5,11.0,326,4,4,1,10,52,0,9
0,3,4.0,285,1,0,0,4,75,3,30
0,4,12.0,134,4,8,0,9,57,0,28
0,5,25.0,350,4,2,0,13,38,2,13
0,4,30.0,139,0,1,0,12,61,3,19
0,4,29.0,313,3,9,0,10,47,0,16
0,3,30.0,304,3,13,0,0,12,0,19
0,4,31.0,67,1,14,1,3,103,4,20
0,5,12.0,327,5,20,1,11,55,1,28
0,3,4.0,285,1,7,0,14,107,4,30
0,4,12.0,134,4,4,0,0,77,3,28
0,5,15.0,200,0,3,1,0,12,1,1
0,6,29.0,335,4,15,1,1,1,4,16
0,6,28.0,309,2,2,0,4,121,1,18
0,6,29.0,335,4,19,0,9,93,4,16
0,6,28.0,309,2,22,0,2,69,0,18
0,3,5.0,324,2,4,0,1,35,4,24
0,6,29.0,335,4,14,0,1,1,1,16
0,6,29.0,335,4,1,0,2,86,1,16
0,10,5.0,336,2,2,0,6,7,3,24
0,6,29.0,335,4,1,0,2,86,2,16
0,10,11.0,298,1,3,0,2,123,0,9
0,10,11.0,298,1,14,0,2,35,3,9
0,10,11.0,298,1,18,0,10,30,3,9
0,10,12.0,333,2,3,1,15,114,1,28
0,10,14.0,174,5,22,0,14,131,1,5
0,7,31.0,43,5,19,0,13,99,3,20
0,5,26.0,37,5,20,1,13,69,4,3
0,5,26.0,37,5,19,1,1,59,4,3
0,5,26.0,37,5,2,2,13,29,2,3
0,8,27.0,78,2,19,0,13,29,1,15
0,5,14.0,36,3,19,1,11,15,1,5
0,6,25.0,39,3,13,3,9,9,3,13
1,11,31.0,227,0,15,0,10,52,1,20
0,4,18.0,26,2,18,1,8,27,1,0
1,5,15.0,200,3,4,1,5,6,0,1
0,10,14.0,174,5,8,1,9,49,4,5
0,10,14.0,174,5,3,1,6,91,1,5
0,10,20.0,223,4,6,2,2,40,3,29
0,10,20.0,223,4,13,0,7,111,1,29
0,10,20.0,223,4,8,0,0,77,1,29
0,10,20.0,223,4,18,0,7,122,2,29
0,10,21.0,341,5,13,0,7,62,1,21
0,10,21.0,341,5,20,1,11,18,1,21
0,10,21.0,341,5,14,2,9,54,3,21
0,10,22.0,314,6,21,1,13,36,0,26
0,10,22.0,314,6,11,1,8,9,4,26
0,10,22.0,314,6,15,2,14,88,1,26
0,10,22.0,314,6,17,1,1,67,0,26
0,10,20.0,223,4,16,1,10,47,0,29
0,10,28.0,216,5,22,2,14,32,3,18
0,10,28.0,216,5,11,2,5,12,0,18
0,10,28.0,216,5,2,0,16,74,4,18
0,10,29.0,318,6,21,0,8,41,2,16
0,10,29.0,318,6,3,0,0,31,1,16
1,11,29.0,270,6,17,1,13,21,1,16
0,6,9.0,236,5,19,0,14,25,1,12
0,8,18.0,75,0,1,3,12,80,3,0
0,4,2.0,141,0,4,3,14,125,4,22
1,3,23.0,57,6,22,1,13,38,0,17
1,8,8.0,76,4,5,2,10,22,1,8
1,0,23.0,237,5,2,1,7,78,2,17
0,9,7.0,271,1,17,0,12,104,4,11
0,9,6.0,51,0,9,0,15,31,3,23
1,4,24.0,27,0,17,3,4,82,1,14
0,3,8.0,148,6,20,1,10,23,1,8
1,1,7.0,32,3,11,1,5,0,1,11
1,8,8.0,76,4,19,0,9,49,1,8
1,8,8.0,76,4,0,0,2,86,1,8
0,0,2.0,47,6,22,0,12,84,1,22
0,0,18.0,0,0,4,1,14,110,4,0
0,10,29.0,318,6,8,0,14,110,0,16
0,10,29.0,318,6,9,0,10,47,3,16
0,1,5.0,219,6,6,2,10,23,3,24
0,1,5.0,219,6,8,0,16,37,1,24
0,1,5.0,219,6,22,0,11,117,1,24
0,1,6.0,97,3,0,1,14,24,0,23
0,1,6.0,97,3,20,0,0,53,0,23
0,1,6.0,97,3,11,0,10,52,3,23
0,1,6.0,97,3,15,3,0,26,0,23
0,1,6.0,97,3,13,0,8,41,0,23
0,1,6.0,97,3,12,0,0,77,3,23
0,1,19.0,29,6,16,2,10,23,0,10
0,1,19.0,29,6,15,0,10,6,3,10
0,1,19.0,29,6,19,0,15,114,2,10
0,4,12.0,134,4,21,0,2,2,3,28
0,4,12.0,134,4,0,0,8,118,1,28
0,4,23.0,30,0,11,1,1,1,4,17
0,4,29.0,313,3,20,1,0,53,4,16
0,4,29.0,313,3,12,0,2,123,4,16
0,4,29.0,313,3,4,0,1,16,4,16
0,4,29.0,313,3,14,0,4,75,1,16
0,4,29.0,313,3,0,0,13,28,1,16
0,5,12.0,327,5,1,2,1,59,3,28
0,8,28.0,224,4,8,0,14,25,2,18
0,10,10.0,245,0,18,0,15,31,3,4
0,4,12.0,134,4,1,0,16,50,3,28
0,4,30.0,139,0,12,0,15,31,3,19
0,5,18.0,195,4,23,2,10,22,3,0
0,8,28.0,224,4,8,0,13,36,2,18
0,10,10.0,245,0,14,0,3,4,3,4
0,4,23.0,30,0,22,0,5,6,2,17
0,6,29.0,335,4,1,0,10,6,0,16
0,4,23.0,30,0,12,2,16,65,0,17
0,4,30.0,139,0,12,0,9,49,2,19
0,4,12.0,134,4,8,0,15,108,1,28
1,0,6.0,260,1,17,0,0,85,1,23
0,6,29.0,335,4,3,1,3,79,4,16
0,9,28.0,315,1,13,0,13,48,4,18
0,4,29.0,313,3,5,1,14,24,4,16
0,4,30.0,139,0,19,0,2,86,3,19
0,3,4.0,285,1,7,0,15,51,1,30
0,4,12.0,134,4,0,1,0,85,0,28
0,6,14.0,173,2,17,0,13,21,2,5
0,10,5.0,336,2,17,0,16,50,0,24
0,5,18.0,195,4,1,0,5,6,3,0
0,4,23.0,30,0,19,1,9,27,0,17
0,4,30.0,139,0,22,1,15,31,1,19
0,4,30.0,139,0,6,0,16,130,2,19
0,4,29.0,313,3,4,0,16,139,4,16
0,3,4.0,285,1,1,0,8,33,1,30
0,6,14.0,173,2,17,0,6,7,3,5
0,10,11.0,298,1,6,0,0,26,3,9
0,9,2.0,323,4,19,1,3,115,4,22
0,4,30.0,139,0,16,0,5,12,1,19
0,2,3.0,282,5,16,1,15,39,0,27
0,4,29.0,313,3,17,0,0,77,3,16
0,9,9.0,320,4,9,0,6,91,1,12
0,10,11.0,298,1,2,0,3,30,3,9
0,6,14.0,173,2,0,1,11,117,0,5
0,2,3.0,282,5,17,1,0,53,1,27
0,3,5.0,324,2,17,1,0,77,0,24
0,4,30.0,139,0,8,0,15,31,4,19
0,9,11.0,52,6,2,0,0,77,1,9
0,10,11.0,298,1,19,0,13,99,2,9
0,6,14.0,173,2,12,0,14,25,4,5
0,6,14.0,173,2,13,1,3,30,1,5
0,6,28.0,309,2,18,1,10,52,4,18
0,6,28.0,309,2,1,1,16,113,1,18
0,6,14.0,173,2,12,0,14,106,4,5
0,6,28.0,309,2,0,0,5,6,1,18
0,6,29.0,335,4,17,0,5,64,3,16
0,6,29.0,335,4,0,1,4,82,0,16
0,6,28.0,309,2,2,1,10,22,1,18
0,6,29.0,335,4,5,1,2,123,4,16
0,6,29.0,335,4,20,1,13,123,4,16
0,10,5.0,336,2,6,0,8,33,3,24
0,10,5.0,336,2,17,0,16,50,0,24
0,10,5.0,336,2,21,0,9,101,0,24
0,10,5.0,336,2,16,0,8,27,4,24
0,10,5.0,336,2,20,0,0,12,0,24
0,10,12.0,333,2,21,2,8,9,0,28
0,10,12.0,333,2,22,0,0,77,3,28
0,10,12.0,333,2,12,2,4,4,1,28
0,10,12.0,333,2,18,0,15,85,1,28
0,10,12.0,333,2,3,0,2,2,1,28
0,10,14.0,174,5,17,0,8,9,3,5
0,10,14.0,174,5,6,0,4,75,3,5
0,10,14.0,174,5,0,1,15,114,0,5
0,10,14.0,174,5,14,0,7,20,3,5
0,10,14.0,174,5,3,1,6,91,1,5
0,10,14.0,174,5,9,0,13,48,4,5
0,10,14.0,174,5,9,0,4,66,3,5
0,10,20.0,223,4,16,0,0,12,3,29
0,10,20.0,223,4,16,2,2,86,3,29
0,10,20.0,223,4,0,0,2,13,3,29
0,10,20.0,223,4,6,0,13,38,0,29
0,10,20.0,223,4,11,0,5,6,3,29
0,10,20.0,223,4,5,0,2,123,4,29
0,10,20.0,223,4,3,1,2,71,4,29
0,10,20.0,223,4,13,0,15,96,0,29
0,10,20.0,223,4,2,0,15,114,3,29
0,10,20.0,223,4,18,0,2,2,3,29
0,10,21.0,341,5,6,0,12,121,1,21
0,10,21.0,341,5,7,1,4,4,0,21
0,10,20.0,223,4,13,0,9,27,2,29
0,10,21.0,341,5,19,0,6,7,1,21
0,10,21.0,341,5,15,1,9,49,4,21
0,10,21.0,341,5,18,2,13,29,2,21
0,10,22.0,314,6,22,2,1,35,3,26
0,10,21.0,341,5,18,1,10,22,0,21
0,10,20.0,223,4,5,1,16,139,1,29
0,6,14.0,173,2,19,0,1,11,4,5
0,6,14.0,173,2,12,2,6,7,3,5
0,3,1.0,180,6,17,0,15,114,1,7
0,6,13.0,317,1,17,1,13,36,0,25
0,6,28.0,309,2,3,1,15,46,4,18
0,6,28.0,309,2,4,0,7,137,1,18
0,6,28.0,309,2,20,0,1,1,1,18
0,6,29.0,335,4,15,1,0,12,1,16
0,10,5.0,336,2,16,0,5,12,0,24
0,10,11.0,298,1,21,1,3,79,0,9
0,10,11.0,298,1,12,0,11,18,1,9
0,10,11.0,298,1,2,0,9,101,3,9
0,10,11.0,298,1,8,2,1,35,2,9
0,10,12.0,333,2,21,0,4,4,3,28
0,10,12.0,333,2,6,0,0,68,0,28
0,10,12.0,333,2,9,0,2,2,1,28
0,10,14.0,174,5,4,0,2,35,1,5
0,10,14.0,174,5,14,0,14,34,4,5
0,3,5.0,324,2,16,0,0,12,0,24
0,10,11.0,298,1,2,3,1,35,3,9
0,7,1.0,98,2,6,0,16,37,1,7
0,4,30.0,139,0,13,0,15,51,3,19
0,4,30.0,139,0,1,0,9,95,0,19
0,3,5.0,324,2,6,0,0,68,0,24
0,4,30.0,139,0,19,1,7,8,4,19
0,10,12.0,333,2,23,0,1,59,3,28
0,4,30.0,139,0,18,0,0,53,4,19
0,3,5.0,324,2,12,0,4,5,3,24
0,7,1.0,98,2,14,0,6,7,0,7
0,4,30.0,139,0,18,0,10,23,3,19
0,10,12.0,333,2,12,0,4,121,3,28
0,4,30.0,139,0,9,0,4,45,0,19
0,3,5.0,324,2,2,1,5,0,1,24
0,3,19.0,138,2,2,0,11,90,1,10
0,3,19.0,138,2,12,0,10,47,1,10
0,3,29.0,325,6,16,0,12,121,0,16
0,3,29.0,325,6,1,1,9,87,4,16
0,5,5.0,96,5,2,3,4,45,0,24
0,5,5.0,96,5,4,0,8,33,1,24
0,5,5.0,96,5,12,0,13,13,1,24
0,5,11.0,326,4,5,1,10,52,1,9
0,5,12.0,327,5,17,0,11,94,0,28
0,5,11.0,326,4,19,0,5,6,0,9
0,5,12.0,327,5,16,0,13,36,4,28
0,5,11.0,326,4,9,0,8,118,1,9
0,5,12.0,327,5,17,0,12,61,1,28
0,5,12.0,327,5,21,1,6,7,0,28
0,5,26.0,37,5,15,1,10,43,1,3
0,5,24.0,58,2,4,1,7,8,4,14
0,7,17.0,95,5,15,0,11,94,3,6
0,6,25.0,39,3,4,3,14,25,0,13
1,3,6.0,303,2,6,2,0,26,0,23
0,4,10.0,79,1,12,3,14,25,3,4
1,5,15.0,200,3,17,1,0,26,2,1
1,5,15.0,200,3,8,0,6,14,3,1
1,6,13.0,317,0,17,1,0,26,1,25
1,1,16.0,2,1,12,1,0,77,0,2
0,2,27.0,136,0,3,1,2,92,1,15
0,0,1.0,8,5,9,1,14,88,2,7
1,2,8.0,258,1,15,0,6,73,3,8
1,2,7.0,153,0,12,1,5,64,2,11
0,5,21.0,351,3,8,1,10,22,1,21
0,5,22.0,163,0,22,3,6,7,3,26
0,6,10.0,149,6,17,0,0,53,1,4
0,11,1.0,222,3,21,0,4,4,1,7
0,5,12.0,327,5,20,0,0,85,2,28
0,5,11.0,326,4,12,1,12,83,4,9
0,5,12.0,327,5,15,1,1,105,1,28
0,5,12.0,327,5,12,0,1,59,1,28
0,5,12.0,327,5,4,0,11,90,3,28
0,5,12.0,327,5,11,0,12,61,1,28
0,5,18.0,195,4,7,0,5,6,0,0
0,5,18.0,195,4,21,1,11,117,0,0
0,10,12.0,333,2,1,1,7,54,4,28
0,10,20.0,223,4,13,0,4,127,0,29
0,10,14.0,174,5,2,0,11,94,0,5
0,10,21.0,341,5,10,1,16,42,1,21
0,10,22.0,314,6,21,1,13,36,0,26
0,10,21.0,341,5,2,0,12,61,3,21
0,10,11.0,298,1,18,3,10,47,1,9
0,10,28.0,216,5,16,0,8,9,1,18
0,10,28.0,216,5,0,1,4,45,0,18
0,10,28.0,216,5,3,0,2,13,3,18
0,10,28.0,216,5,23,0,1,59,1,18
0,10,29.0,318,6,3,0,16,74,3,16
0,1,5.0,219,6,23,1,13,38,1,24
0,1,6.0,97,3,17,2,5,6,3,23
0,1,6.0,97,3,3,0,6,7,3,23
1,10,1.0,208,5,17,0,6,7,1,7
0,1,6.0,97,3,9,0,12,84,0,23
0,1,6.0,97,3,12,0,2,86,1,23
0,1,6.0,97,3,1,2,1,59,4,23
0,1,19.0,29,6,5,0,5,6,2,10
0,1,19.0,29,6,4,1,8,33,1,10
0,1,19.0,29,6,18,0,6,89,0,10
0,1,20.0,151,3,0,0,0,64,3,29
0,2,3.0,282,5,13,0,2,2,2,27
0,2,3.0,282,5,22,0,2,69,2,27
0,2,3.0,282,5,9,3,9,57,0,27
0,10,11.0,298,1,18,0,3,30,3,9
0,2,4.0,254,6,6,1,13,48,0,30
0,2,3.0,282,5,4,0,12,56,4,27
0,7,3.0,269,5,22,1,4,4,1,27
0,2,4.0,254,6,21,3,16,113,1,30
0,2,4.0,254,6,5,0,14,24,3,30
0,2,3.0,282,5,11,0,4,138,2,27
0,7,10.0,329,5,2,0,13,21,3,4
0,10,12.0,333,2,18,0,0,64,3,28
0,2,4.0,254,6,1,2,15,46,3,30
0,2,4.0,254,6,12,2,9,93,3,30
0,7,19.0,330,3,16,1,13,38,0,10
0,2,4.0,254,6,15,0,8,19,0,30
0,2,4.0,254,6,22,1,7,111,4,30
0,7,19.0,330,3,18,0,1,35,4,10
0,10,11.0,298,1,1,3,2,71,4,9
0,10,14.0,174,5,16,1,1,105,0,5
0,2,4.0,254,6,14,2,10,47,0,30
0,7,19.0,330,3,8,1,0,68,1,10
0,10,14.0,174,5,8,0,2,123,1,5
0,2,15.0,130,2,16,0,12,80,2,1
0,7,26.0,316,3,6,2,2,86,0,3
0,2,22.0,209,2,21,0,0,12,3,26
0,10,14.0,174,5,12,0,14,25,1,5
0,7,26.0,316,3,22,2,8,27,0,3
0,2,22.0,209,2,13,0,12,80,1,26
0,2,15.0,130,2,12,2,0,77,1,1
0,2,23.0,230,4,12,0,11,47,3,17
0,2,23.0,230,4,11,1,13,48,4,17
0,2,23.0,230,4,20,1,9,109,4,17
0,2,23.0,230,4,13,2,12,61,2,17
0,2,23.0,230,4,19,0,12,17,2,17
0,2,28.0,257,1,0,2,2,69,0,18
0,2,28.0,257,1,14,0,14,24,1,18
0,2,29.0,140,2,16,0,4,79,4,16
0,2,29.0,140,2,21,0,1,11,4,16
0,2,28.0,257,1,3,0,9,134,4,18
0,2,29.0,140,2,4,2,4,82,1,16
0,2,29.0,140,2,9,0,4,82,1,16
0,0,6.0,260,2,17,0,10,23,3,23
0,0,6.0,260,2,22,0,0,53,2,23
0,0,6.0,260,2,8,0,10,12,1,23
0,2,4.0,254,6,18,0,8,118,4,30
0,0,6.0,260,2,12,0,2,2,1,23
0,0,6.0,260,2,2,2,2,69,3,23
0,4,29.0,313,3,19,0,9,58,1,16
0,4,29.0,313,3,18,2,2,92,3,16
0,4,30.0,139,0,21,0,7,20,3,19
0,4,30.0,139,0,5,1,5,12,0,19
0,4,30.0,139,0,17,1,9,9,0,19
0,4,29.0,313,3,22,0,2,3,2,16
0,4,30.0,139,0,19,2,14,32,3,19
0,4,30.0,139,0,9,2,14,125,3,19
0,2,3.0,282,5,0,1,2,92,0,27
0,2,3.0,282,5,15,0,8,9,3,27
0,2,3.0,282,5,22,0,11,133,0,27
1,6,24.0,31,5,8,0,14,106,4,14
1,6,29.0,335,2,9,1,14,97,4,16
0,8,1.0,66,5,17,0,10,52,2,7
1,2,7.0,153,0,2,1,5,0,2,11
1,4,14.0,345,5,17,0,9,134,2,5
1,2,16.0,220,2,4,1,7,120,4,2
0,7,16.0,40,4,5,1,12,61,1,2
0,7,25.0,41,6,20,0,9,87,1,13
0,10,15.0,60,6,4,2,14,131,3,1
1,3,22.0,166,5,2,0,12,17,4,26
1,5,15.0,200,3,11,1,7,20,1,1
1,5,15.0,200,3,23,0,5,6,0,1
1,5,15.0,200,3,5,1,10,12,0,1
0,2,3.0,282,5,19,0,8,19,3,27
0,2,4.0,254,6,17,0,8,9,1,30
0,2,4.0,254,6,23,0,0,26,2,30
0,2,3.0,282,5,8,2,14,106,3,27
0,2,3.0,282,5,9,1,1,1,0,27
0,2,4.0,254,6,11,0,16,74,2,30
0,2,4.0,254,6,22,0,6,116,2,30
0,2,4.0,254,6,12,2,8,118,0,30
1,2,3.0,282,4,9,3,6,7,3,27
0,2,21.0,108,1,11,1,3,30,1,21
1,4,8.0,292,6,3,0,7,20,2,8
0,8,1.0,66,5,17,3,0,12,1,7
0,0,19.0,13,1,4,0,13,38,0,10
0,0,19.0,13,1,1,1,11,15,0,10
0,7,26.0,316,3,3,0,15,39,3,3
0,2,23.0,230,4,9,0,10,47,2,17
0,1,6.0,97,3,5,0,10,23,1,23
0,10,14.0,174,5,1,0,4,79,0,5
0,2,28.0,257,1,17,0,14,24,1,18
0,2,4.0,254,6,8,1,13,38,1,30
0,1,19.0,29,6,6,0,12,17,1,10
0,10,21.0,341,5,3,0,5,6,2,21
0,2,4.0,254,6,14,2,2,92,1,30
0,1,19.0,29,6,19,0,8,118,3,10
0,10,21.0,341,5,7,1,4,4,0,21
0,7,26.0,316,3,9,1,13,28,4,3
0,2,29.0,140,2,16,1,10,47,1,16
0,4,30.0,139,0,3,0,1,11,3,19
0,10,21.0,341,5,14,0,1,35,4,21
0,7,26.0,316,3,9,1,10,22,0,3
0,2,29.0,140,2,2,0,9,58,3,16
0,2,3.0,282,5,14,0,16,74,2,27
0,3,18.0,165,1,12,0,3,30,3,0
0,3,18.0,165,1,18,0,9,102,0,0
0,3,18.0,165,1,5,3,8,65,4,0
0,7,16.0,40,4,11,3,8,33,1,2
0,3,9.0,44,3,15,0,6,89,2,12
0,6,8.0,59,4,23,0,9,101,1,8
1,4,25.0,20,1,3,1,13,69,1,13
1,4,25.0,20,1,1,0,11,117,0,13
1,2,7.0,153,0,4,0,0,64,1,11
1,2,8.0,258,1,17,0,7,137,1,8
0,7,6.0,93,0,8,0,1,1,4,23
0,7,16.0,40,4,4,1,3,44,4,2
0,7,8.0,94,2,4,1,10,22,1,8
0,7,31.0,43,5,13,0,12,104,4,20
0,7,6.0,93,0,11,0,2,40,2,23
0,8,21.0,46,4,18,1,10,12,0,21
0,8,21.0,46,4,1,3,6,7,4,21
0,4,5.0,235,4,2,1,7,57,4,24
0,4,3.0,279,1,8,0,13,48,4,27
0,4,5.0,235,4,11,3,13,69,3,24
0,8,30.0,103,6,17,1,13,28,1,19
0,1,20.0,151,3,9,0,5,12,0,29
0,1,20.0,151,3,5,0,13,28,3,29
0,8,20.0,319,2,11,0,10,43,1,29
0,8,20.0,319,2,7,1,16,113,2,29
0,8,20.0,319,2,3,0,3,70,0,29
0,8,20.0,319,2,19,0,14,107,1,29
0,8,20.0,319,2,1,0,2,69,4,29
0,8,22.0,354,5,6,0,5,6,0,26
0,8,20.0,319,2,13,0,5,6,2,29
0,8,28.0,224,4,12,0,3,30,1,18
0,8,28.0,224,4,22,1,12,61,1,18
0,8,28.0,224,4,8,0,13,69,0,18
0,8,28.0,224,4,14,2,2,71,3,18
0,4,6.0,176,5,5,0,2,2,2,23
0,4,6.0,176,5,4,0,2,86,3,23
0,4,12.0,134,4,16,0,5,12,3,28
0,4,12.0,134,4,7,1,15,119,0,28
0,4,12.0,134,4,12,0,10,47,3,28
0,4,12.0,134,4,12,1,6,89,4,28
0,4,12.0,134,4,19,0,2,35,2,28
0,5,18.0,195,4,1,1,3,79,4,0
0,5,27.0,328,6,6,0,16,74,1,15
0,5,27.0,328,6,10,2,10,47,1,15
0,5,27.0,328,6,1,0,9,102,4,15
0,5,27.0,328,6,8,1,2,2,4,15
0,5,29.0,24,0,0,0,7,62,3,16
0,5,29.0,24,0,12,2,3,79,3,16
0,6,13.0,317,1,10,0,10,47,3,25
0,6,13.0,317,1,23,0,13,28,3,25
0,6,14.0,173,2,6,0,16,139,4,5
0,6,14.0,173,2,0,1,9,9,4,5
0,6,14.0,173,2,12,0,14,25,3,5
0,6,14.0,173,2,18,0,12,80,1,5
0,6,28.0,309,2,6,0,5,12,0,18
0,6,28.0,309,2,2,0,10,47,3,18
0,6,28.0,309,2,19,0,4,138,4,18
0,6,28.0,309,2,12,0,1,59,2,18
0,6,28.0,309,2,9,0,1,67,2,18
0,6,28.0,309,2,14,1,10,47,0,18
0,6,29.0,335,4,11,0,7,111,3,16
0,6,29.0,335,4,22,3,8,9,1,16
0,8,20.0,319,2,12,0,4,45,2,29
0,8,22.0,354,5,21,0,5,12,3,26
0,8,22.0,354,5,10,0,13,29,1,26
0,8,28.0,224,4,3,1,14,126,4,18
0,8,28.0,224,4,11,1,1,16,4,18
0,8,28.0,224,4,23,1,7,122,1,18
0,8,28.0,224,4,1,0,4,138,1,18
0,8,28.0,224,4,14,0,2,2,1,18
0,8,28.0,224,4,21,1,9,9,1,18
0,4,6.0,176,5,15,0,5,6,0,23
0,4,6.0,176,5,23,1,14,24,1,23
0,4,6.0,176,5,1,0,10,22,3,23
0,4,12.0,134,4,16,0,0,77,3,28
0,4,23.0,30,0,0,0,13,48,1,17
0,4,23.0,30,0,15,1,8,27,1,17
0,4,23.0,30,0,18,0,11,90,1,17
0,7,27.0,53,0,22,0,11,94,2,15
0,7,27.0,53,0,2,0,10,23,1,15
0,2,29.0,140,2,4,2,8,41,3,16
0,7,27.0,53,0,3,1,12,135,4,15
0,2,29.0,140,2,9,0,6,132,1,16
1,7,1.0,98,1,17,3,3,30,0,7
0,6,29.0,335,4,2,3,9,10,4,16
0,2,30.0,131,4,3,0,10,23,0,19
0,6,29.0,335,4,0,0,10,47,1,16
0,10,5.0,336,2,19,0,5,47,3,24
0,7,27.0,53,0,17,0,13,48,1,15
0,6,29.0,335,4,22,0,5,6,2,16
0,7,29.0,268,2,8,0,15,108,1,16
0,0,6.0,260,2,2,0,2,13,1,23
0,10,11.0,298,1,21,1,5,6,0,9
0,3,1.0,180,6,2,1,14,32,4,7
0,0,6.0,260,2,1,0,2,2,1,23
0,10,12.0,333,2,6,2,7,57,3,28
0,3,1.0,180,6,18,0,3,76,1,7
0,0,14.0,5,4,22,0,9,27,0,5
0,5,11.0,326,4,4,1,8,9,4,9
0,5,12.0,327,5,20,0,10,22,3,28
1,4,1.0,144,6,1,0,2,3,4,7
0,10,14.0,174,5,6,0,2,123,4,5
0,10,14.0,174,5,21,1,13,21,0,5
0,4,28.0,218,6,12,0,5,12,1,18
0,10,14.0,174,5,5,0,13,99,1,5
0,10,21.0,341,5,17,0,9,102,3,21
0,10,14.0,174,5,4,0,14,25,0,5
0,10,22.0,314,6,3,0,2,60,4,26
0,10,14.0,174,5,1,3,7,120,1,5
0,10,22.0,314,6,12,1,13,21,4,26
0,10,14.0,174,5,20,1,0,26,1,5
0,10,21.0,341,5,13,3,10,47,3,21
0,10,20.0,223,4,2,0,8,27,0,29
0,10,22.0,314,6,11,1,9,134,4,26
0,5,5.0,96,5,12,0,5,6,2,24
0,10,28.0,216,5,21,1,1,35,0,18
0,10,21.0,341,5,6,0,11,15,3,21
0,5,12.0,327,5,17,0,1,16,4,28
0,5,18.0,195,4,0,0,1,67,4,0
0,5,18.0,195,4,16,0,14,25,2,0
0,5,18.0,195,4,16,2,14,107,3,0
0,5,18.0,195,4,4,0,2,69,4,0
0,5,18.0,195,4,13,1,13,99,4,0
0,5,18.0,195,4,9,1,4,5,1,0
0,5,18.0,195,4,1,0,8,41,3,0
0,5,27.0,328,6,6,2,3,115,3,15
0,5,27.0,328,6,8,0,1,35,0,15
0,5,27.0,328,6,19,0,14,34,1,15
0,5,27.0,328,6,1,0,9,95,3,15
0,5,29.0,24,0,8,2,0,31,3,16
0,5,29.0,24,0,1,0,16,42,0,16
0,5,29.0,24,0,8,1,5,6,0,16
0,5,29.0,24,0,11,1,1,59,4,16
0,6,13.0,317,1,3,0,1,59,1,25
0,10,1.0,208,6,5,1,5,12,1,7
0,4,8.0,292,3,4,1,9,95,2,8
0,2,11.0,297,6,1,1,4,75,2,9
0,0,3.0,334,3,18,2,9,27,0,27
1,8,25.0,86,3,20,0,9,49,1,13
0,5,15.0,200,0,4,0,6,7,4,1
0,11,15.0,331,3,11,0,4,4,2,1
0,3,26.0,343,2,21,1,6,128,1,3
0,3,25.0,347,1,19,3,14,106,3,13
0,5,8.0,199,0,12,3,11,10,0,8
0,5,17.0,212,2,6,3,5,6,3,6
1,8,14.0,296,2,17,0,15,108,4,5
1,5,7.0,349,6,18,1,11,18,4,11
1,5,7.0,349,6,4,0,4,136,4,11
0,5,29.0,24,0,12,0,9,63,3,16
0,6,13.0,317,1,14,1,13,38,4,25
0,6,13.0,317,1,9,1,1,11,2,25
0,6,13.0,317,1,23,0,8,118,1,25
0,6,28.0,309,2,16,0,0,12,3,18
0,6,28.0,309,2,0,0,4,138,4,18
0,5,5.0,96,5,5,1,13,99,4,24
0,5,5.0,96,5,4,2,14,126,0,24
0,3,29.0,325,6,3,0,11,94,2,16
0,5,11.0,326,4,21,0,16,50,3,9
0,5,12.0,327,5,15,2,10,23,3,28
0,5,18.0,195,4,21,1,2,92,1,0
0,5,18.0,195,4,12,0,1,59,3,0
0,5,27.0,328,6,17,0,0,64,1,15
0,5,27.0,328,6,13,0,16,50,3,15
0,5,27.0,328,6,19,2,3,115,3,15
0,5,27.0,328,6,22,2,16,37,3,15
0,5,29.0,24,0,15,0,2,92,3,16
0,3,1.0,180,6,20,3,8,27,0,7
0,6,13.0,317,1,0,0,4,5,3,25
1,5,7.0,349,6,14,1,1,35,0,11
1,6,30.0,145,4,17,2,5,12,3,19
0,2,3.0,282,5,9,0,6,91,3,27
0,10,28.0,216,5,12,0,2,13,4,18
0,10,29.0,318,6,23,0,1,11,3,16
0,2,4.0,254,6,11,1,1,11,4,30
0,10,29.0,318,6,13,0,8,118,0,16
0,2,4.0,254,6,1,0,5,12,0,30
0,2,21.0,108,1,6,0,4,45,0,21
0,2,21.0,108,1,12,0,12,80,2,21
1,2,22.0,209,1,4,0,16,74,1,26
0,2,4.0,254,6,1,0,10,23,1,30
0,10,20.0,223,4,18,0,13,28,3,29
0,7,24.0,68,5,2,0,9,58,3,14
0,5,9.0,206,1,13,3,8,19,0,12
0,6,9.0,236,5,23,1,14,25,1,12
1,9,13.0,91,3,17,0,3,30,1,25
0,8,10.0,71,3,19,0,0,53,1,4
0,3,5.0,324,2,17,1,6,132,1,24
0,10,29.0,318,6,19,0,11,133,4,16
0,10,29.0,318,6,4,0,2,86,4,16
0,1,5.0,219,6,0,0,0,64,3,24
0,1,6.0,97,3,13,0,10,22,0,23
0,1,6.0,97,3,4,0,5,6,3,23
0,1,19.0,29,6,1,0,9,87,1,10
0,1,20.0,151,3,3,0,14,34,3,29
0,8,20.0,319,2,12,0,6,89,1,29
0,8,20.0,319,2,9,1,16,130,1,29
0,8,22.0,354,5,11,2,13,29,2,26
0,8,22.0,354,5,19,2,9,87,3,26
0,1,19.0,29,6,14,0,10,43,3,10
0,1,19.0,29,6,14,2,6,7,3,10
0,1,19.0,29,6,1,0,1,59,1,10
0,1,19.0,29,6,5,0,2,2,1,10
0,1,20.0,151,3,13,0,10,23,1,29
0,1,20.0,151,3,5,1,2,13,1,29
0,1,20.0,151,3,14,0,12,61,1,29
0,8,20.0,319,2,0,2,2,92,0,29
0,8,20.0,319,2,6,1,11,124,0,29
0,8,20.0,319,2,15,1,5,64,4,29
0,8,20.0,319,2,8,0,10,47,3,29
0,8,22.0,354,5,22,1,12,61,1,26
0,8,20.0,319,2,8,2,8,27,2,29
0,8,28.0,224,4,22,1,9,134,1,18
0,4,6.0,176,5,7,1,5,6,0,23
0,10,21.0,341,5,0,0,2,2,3,21
0,2,15.0,130,2,7,0,16,74,1,1
0,10,21.0,341,5,16,1,13,38,0,21
0,10,21.0,341,5,3,1,12,104,4,21
0,10,21.0,341,5,3,0,15,39,0,21
0,10,21.0,341,5,4,0,4,138,4,21
0,10,21.0,341,5,9,0,0,26,0,21
0,10,21.0,341,5,1,0,8,27,4,21
0,10,21.0,341,5,9,1,12,56,0,21
1,10,31.0,135,3,22,1,10,47,1,20
1,10,31.0,135,3,22,0,7,20,1,20
1,1,16.0,2,1,11,1,1,11,4,2
1,11,31.0,227,0,4,1,11,8,4,20
1,3,4.0,285,0,15,1,10,22,0,30
1,3,6.0,303,2,23,1,7,62,4,23
1,3,4.0,285,0,19,1,5,6,0,30
0,1,24.0,64,4,5,3,14,25,3,14
1,3,20.0,105,2,21,2,5,6,3,29
1,10,4.0,356,0,1,3,1,105,0,30
1,1,15.0,1,0,19,0,2,86,3,1
1,4,25.0,20,1,1,1,13,48,0,13
1,2,7.0,153,0,2,3,10,22,0,11
0,9,8.0,90,2,1,1,9,87,0,8
0,9,16.0,107,4,13,3,0,64,2,2
0,5,27.0,328,6,6,0,9,87,0,15
0,5,27.0,328,6,15,2,13,13,3,15
0,5,29.0,24,0,12,0,9,9,2,16
0,6,14.0,173,2,15,2,7,78,3,5
0,6,14.0,173,2,3,0,9,134,2,5
0,6,28.0,309,2,16,0,5,12,2,18
0,6,28.0,309,2,20,1,0,68,4,18
0,6,28.0,309,2,18,0,10,22,3,18
0,6,29.0,335,4,18,0,8,65,2,16
0,10,11.0,298,1,6,0,5,6,0,9
0,10,11.0,298,1,0,1,6,7,0,9
0,10,12.0,333,2,15,0,5,6,1,28
0,10,12.0,333,2,4,0,13,99,2,28
0,10,12.0,333,2,4,0,8,19,4,28
0,10,12.0,333,2,19,0,4,4,3,28
0,10,14.0,174,5,11,0,15,51,0,5
0,10,14.0,174,5,1,3,5,6,0,5
0,7,10.0,329,5,13,1,14,106,4,4
0,10,20.0,223,4,8,0,13,21,3,29
0,10,20.0,223,4,4,0,16,65,4,29
0,10,20.0,223,4,9,0,15,96,0,29
0,10,21.0,341,5,22,2,13,13,3,21
0,10,21.0,341,5,11,1,3,76,4,21
0,10,21.0,341,5,17,0,14,24,1,21
0,2,15.0,130,2,6,0,7,20,1,1
0,2,15.0,130,2,9,0,5,64,3,1
0,2,22.0,209,2,0,2,8,9,1,26
0,2,22.0,209,2,13,0,15,46,0,26
0,2,22.0,209,2,13,0,0,0,1,26
0,2,22.0,209,2,12,0,5,6,0,26
0,2,22.0,209,2,13,1,7,111,0,26
0,2,23.0,230,4,16,0,13,48,4,17
0,2,23.0,230,4,4,1,10,47,1,17
0,2,22.0,209,2,2,3,13,38,4,26
0,2,23.0,230,4,18,0,14,32,3,17
0,2,28.0,257,1,6,0,2,86,3,18
0,2,29.0,140,2,19,0,10,6,3,16
0,2,30.0,131,4,2,0,4,138,0,19
0,2,30.0,131,4,9,0,4,136,1,19
0,8,28.0,224,4,14,2,8,9,3,18
0,8,28.0,224,4,9,0,12,84,1,18
0,4,21.0,339,6,17,1,0,26,1,21
0,2,21.0,108,1,4,1,0,64,1,21
0,4,6.0,176,5,11,2,9,93,3,23
0,4,12.0,134,4,16,1,13,48,0,28
0,4,23.0,30,0,15,0,13,69,3,17
0,4,23.0,30,0,22,2,13,21,1,17
0,4,29.0,313,3,5,0,8,9,2,16
0,2,4.0,254,6,18,1,15,112,1,30
0,2,3.0,282,5,13,0,14,125,2,27
0,2,23.0,230,4,13,0,12,56,4,17
0,2,23.0,230,4,11,3,9,95,3,17
1,6,25.0,39,6,4,0,2,40,1,13
0,2,29.0,140,2,17,0,0,53,2,16
0,2,30.0,131,4,9,0,4,5,2,19
0,0,6.0,260,2,0,0,5,47,3,23
0,0,6.0,260,2,12,0,8,41,1,23
0,2,15.0,130,2,16,0,0,12,3,1
0,2,15.0,130,2,21,0,12,17,1,1
0,2,15.0,130,2,12,0,6,91,1,1
0,2,15.0,130,2,14,2,6,73,3,1
0,2,22.0,209,2,16,0,0,64,3,26
0,2,22.0,209,2,5,0,9,49,3,26
0,2,22.0,209,2,6,0,13,21,0,26
0,2,23.0,230,4,23,1,3,30,4,17
0,2,22.0,209,2,17,0,0,53,0,26
0,2,28.0,257,1,16,0,13,21,0,18
0,2,28.0,257,1,1,0,12,17,2,18
0,2,29.0,140,2,2,1,1,11,0,16
0,2,29.0,140,2,2,0,13,38,4,16
0,2,29.0,140,2,1,1,13,29,4,16
0,2,30.0,131,4,8,0,5,6,2,19
0,2,30.0,131,4,8,0,8,27,0,19
0,2,29.0,140,2,0,0,13,21,1,16
0,0,6.0,260,2,6,0,9,102,3,23
0,0,6.0,260,2,21,0,7,20,1,23
0,0,6.0,260,2,12,0,7,20,1,23
0,0,6.0,260,2,14,0,16,42,4,23
0,0,14.0,5,4,13,0,2,69,4,5
0,0,14.0,5,4,8,0,13,13,4,5
0,0,14.0,5,4,13,1,1,16,4,5
1,10,5.0,336,1,22,3,10,47,3,24
1,10,15.0,60,5,22,1,9,109,2,1
1,8,14.0,296,2,13,0,0,64,3,5
1,8,21.0,46,2,19,0,8,27,1,21
1,2,1.0,16,1,1,0,8,9,1,7
1,2,3.0,282,4,8,1,2,35,4,27
1,2,3.0,282,4,2,2,5,6,0,27
1,2,3.0,282,4,14,0,13,99,4,27
1,2,3.0,282,4,14,0,8,27,3,27
1,2,29.0,140,1,9,0,8,41,3,16
1,0,3.0,334,6,5,0,2,2,1,27
1,0,3.0,334,6,11,1,4,82,1,27
1,0,3.0,334,6,2,3,8,9,1,27
1,0,10.0,129,6,17,1,6,7,0,4
1,0,10.0,129,6,11,0,0,0,1,4
1,0,10.0,129,6,18,0,9,93,4,4
1,0,11.0,10,3,14,0,6,7,1,9
1,0,18.0,0,3,13,0,3,70,2,0
1,6,11.0,355,6,2,0,8,9,0,9
1,3,24.0,357,3,22,0,4,75,1,14
1,10,27.0,302,2,17,2,12,80,3,15
1,0,19.0,13,0,5,0,13,38,1,10
1,0,19.0,13,0,19,1,7,8,4,10
1,0,19.0,13,0,9,0,9,93,2,10
1,0,21.0,287,2,6,0,12,17,1,21
1,0,21.0,287,2,13,0,6,7,1,21
0,5,27.0,328,6,13,1,6,91,1,15
1,11,1.0,222,6,16,0,0,53,0,7
1,11,1.0,222,6,15,0,4,4,1,7
1,11,1.0,222,6,0,1,4,75,0,7
1,11,8.0,283,6,22,0,15,39,0,8
1,11,10.0,360,0,17,2,8,27,1,4
1,11,10.0,360,0,12,0,13,38,0,4
1,11,10.0,360,0,4,0,16,113,1,4
1,11,10.0,360,0,19,1,6,7,4,4
1,11,15.0,331,6,20,1,7,78,4,1
1,0,21.0,287,2,13,0,15,96,3,21
1,0,21.0,287,2,2,2,3,30,3,21
1,0,21.0,287,2,17,1,10,22,0,21
1,0,21.0,287,2,9,0,10,22,1,21
1,0,30.0,228,5,13,1,2,86,4,19
0,11,1.0,222,3,2,0,14,24,2,7
0,11,2.0,265,0,15,0,14,25,1,22
1,11,1.0,222,6,10,0,4,75,4,7
1,0,30.0,228,5,19,0,2,92,4,19
0,11,3.0,288,1,19,2,2,2,3,27
0,11,3.0,288,1,14,0,14,25,1,27
0,11,4.0,275,2,15,0,9,101,2,30
0,11,20.0,340,5,5,1,1,81,4,29
0,9,1.0,126,2,16,0,13,13,0,7
0,9,1.0,126,2,7,0,11,18,3,7
0,9,1.0,126,2,17,0,16,108,0,7
0,9,1.0,126,2,14,0,2,3,1,7
0,9,1.0,126,2,1,0,14,107,2,7
0,9,1.0,126,2,18,0,8,27,1,7
1,11,15.0,331,6,19,0,0,0,3,1
1,11,17.0,110,0,22,2,6,7,3,6
1,11,15.0,331,6,15,1,8,118,1,1
1,11,17.0,110,0,19,0,2,2,1,6
0,1,20.0,151,3,14,1,11,18,1,29
1,11,17.0,110,0,12,0,4,75,0,6
1,11,17.0,110,0,4,2,7,111,0,6
1,9,1.0,126,1,16,0,0,0,3,7
1,9,1.0,126,1,6,0,9,9,3,7
1,9,1.0,126,1,6,0,2,69,3,7
1,9,1.0,126,1,17,0,12,80,3,7
1,9,1.0,126,1,0,0,3,30,4,7
1,9,1.0,126,1,22,0,13,36,1,7
1,9,1.0,126,1,18,0,7,111,1,7
1,9,15.0,226,1,16,0,13,38,1,1
1,9,15.0,226,1,16,0,0,12,3,1
1,9,15.0,226,1,13,0,9,93,4,1
1,9,16.0,107,2,17,0,14,24,1,2
1,9,15.0,226,1,3,0,8,41,2,1
1,9,15.0,226,1,19,1,3,115,0,1
1,9,16.0,107,2,15,0,4,136,1,2
1,9,16.0,107,2,22,1,3,79,4,2
0,9,4.0,295,6,13,0,16,72,0,30
0,9,4.0,295,6,13,2,6,88,0,30
0,9,4.0,295,6,8,2,10,43,3,30
0,9,4.0,295,6,4,0,2,92,3,30
0,9,4.0,295,6,1,0,2,86,1,30
0,9,28.0,315,1,9,0,2,71,2,18
0,7,20.0,266,0,22,0,7,120,3,29
0,3,11.0,337,1,6,0,15,46,3,9
0,3,11.0,337,1,11,0,0,26,0,9
0,3,11.0,337,1,14,2,14,25,3,9
0,3,12.0,104,2,6,0,0,85,1,28
0,3,12.0,104,2,8,0,15,31,3,28
0,3,18.0,165,1,5,0,0,12,1,0
0,3,18.0,165,1,5,1,3,103,0,0
0,3,20.0,105,4,20,0,7,20,4,29
0,3,20.0,105,4,20,0,11,133,2,29
1,3,25.0,347,0,22,1,1,35,4,13
1,3,25.0,347,0,22,1,2,86,4,13
0,3,20.0,105,4,13,2,7,62,3,29
1,3,24.0,357,3,13,1,1,16,4,14
1,6,16.0,38,4,2,2,10,22,3,2
1,11,8.0,283,6,11,0,6,89,4,8
1,10,27.0,302,2,16,0,9,95,1,15
1,3,24.0,357,3,14,0,9,101,3,14
1,5,3.0,161,1,16,1,10,22,0,27
1,3,25.0,347,0,17,0,14,25,1,13
1,6,16.0,38,4,8,0,11,133,1,2
1,11,8.0,283,6,20,0,14,34,1,8
1,10,27.0,302,2,16,1,14,24,1,15
1,3,25.0,347,0,14,1,9,93,4,13
0,3,20.0,105,4,13,0,8,41,1,29
1,5,3.0,161,1,16,0,10,22,1,27
1,3,24.0,357,3,3,1,7,62,4,14
1,6,19.0,291,3,21,0,4,82,2,10
1,11,8.0,283,6,5,0,8,27,3,8
1,1,2.0,171,1,21,0,16,37,1,22
0,3,20.0,105,4,22,1,13,99,1,29
0,3,30.0,304,3,12,0,0,26,1,19
1,7,25.0,41,5,22,0,5,6,2,13
1,6,1.0,158,2,2,0,9,95,3,7
1,6,10.0,149,5,13,0,14,24,2,4
1,6,18.0,308,6,4,1,13,21,0,0
1,8,10.0,71,6,17,1,14,25,0,4
1,4,12.0,134,2,17,0,7,57,1,28
0,9,27.0,179,0,22,1,13,21,2,15
0,6,30.0,145,5,1,3,15,77,0,19
1,11,25.0,88,1,20,3,5,6,0,13
1,9,25.0,344,5,9,0,7,129,4,13
1,7,18.0,154,5,18,0,3,79,4,0
1,7,25.0,41,5,8,0,4,127,3,13
1,6,18.0,308,6,15,1,3,30,2,0
1,10,3.0,310,3,11,0,13,29,2,27
1,9,17.0,255,4,19,0,4,75,4,6
1,9,27.0,179,3,23,0,0,77,1,15
1,9,27.0,179,3,22,0,14,24,1,15
1,9,27.0,179,3,3,0,5,64,0,15
1,9,27.0,179,3,14,2,16,50,3,15
1,9,27.0,179,3,9,1,13,48,0,15
1,7,2.0,160,2,0,1,5,64,4,22
1,7,2.0,160,2,6,2,11,18,3,22
1,7,2.0,160,2,16,0,2,2,0,22
1,7,2.0,160,2,3,2,2,60,3,22
1,7,2.0,160,2,12,0,5,6,1,22
1,9,1.0,126,1,17,1,8,27,1,7
1,7,2.0,160,2,1,0,4,4,1,22
1,7,8.0,94,1,6,0,12,56,1,8
1,7,8.0,94,1,10,2,4,79,4,8
1,7,2.0,160,2,16,0,8,27,0,22
1,9,15.0,226,1,20,1,11,90,4,1
1,7,8.0,94,1,2,0,7,137,3,8
1,11,10.0,360,0,12,2,2,13,0,4
1,11,10.0,360,0,2,0,16,74,3,4
1,11,10.0,360,0,14,2,10,47,0,4
1,11,15.0,331,6,17,2,11,15,3,1
1,11,15.0,331,6,16,1,4,45,0,1
1,11,15.0,331,6,2,1,6,7,4,1
1,11,15.0,331,6,4,0,8,41,1,1
1,11,15.0,331,6,1,0,9,10,4,1
1,11,15.0,331,6,19,3,14,32,3,1
1,11,10.0,360,0,13,2,16,113,2,4
1,11,15.0,331,6,2,0,9,57,2,1
1,11,15.0,331,6,12,0,4,138,4,1
1,11,17.0,110,0,2,1,1,81,4,6
1,11,17.0,110,0,12,1,1,1,1,6
1,9,1.0,126,1,17,0,6,132,4,7
1,9,1.0,126,1,0,1,11,15,0,7
1,9,1.0,126,1,4,0,4,75,1,7
1,9,1.0,126,1,17,1,13,99,1,7
1,9,1.0,126,1,17,0,12,80,3,7
1,9,16.0,107,2,17,0,10,12,1,2
1,9,16.0,107,2,16,0,4,45,0,2
1,9,16.0,107,2,8,0,14,25,0,2
0,5,2.0,307,1,16,0,5,12,0,22
0,5,2.0,307,1,8,0,10,47,2,22
0,5,2.0,307,1,16,0,5,12,3,22
0,5,2.0,307,1,4,0,9,102,0,22
0,3,30.0,304,3,19,0,2,60,1,19
0,5,19.0,146,5,13,0,11,23,3,10
0,5,19.0,146,5,18,0,9,87,3,10
0,5,21.0,351,3,4,0,6,89,2,21
0,5,22.0,163,0,14,0,3,44,2,26
0,5,21.0,351,3,2,0,4,127,2,21
0,5,30.0,294,1,16,1,10,47,0,19
0,5,30.0,294,1,2,0,11,98,1,19
0,5,30.0,294,1,2,0,11,124,3,19
0,5,30.0,294,1,2,0,2,2,4,19
0,5,30.0,294,1,18,0,15,46,1,19
0,6,2.0,352,5,11,3,5,12,0,22
0,6,2.0,352,5,8,0,0,26,3,22
1,4,1.0,144,6,17,0,1,35,3,7
0,6,2.0,352,5,9,1,0,0,4,22
0,6,3.0,99,6,19,0,13,29,2,27
0,6,3.0,99,6,4,1,10,23,1,27
0,6,5.0,342,0,23,0,4,5,4,24
0,6,5.0,342,0,4,0,5,6,0,24
1,9,23.0,167,2,22,1,15,31,2,17
1,7,3.0,269,4,18,0,11,18,1,27
1,7,20.0,266,3,2,1,11,133,1,29
1,7,22.0,211,1,12,0,2,69,1,26
1,3,6.0,303,2,9,0,0,12,0,23
1,2,16.0,220,2,17,3,9,49,1,2
1,9,28.0,315,0,13,3,12,83,0,18
1,3,25.0,347,0,15,0,6,7,2,13
1,1,2.0,171,1,8,0,16,37,4,22
1,3,24.0,357,3,8,2,2,86,3,14
1,5,8.0,199,3,21,1,13,69,0,8
1,6,20.0,215,0,6,0,3,70,0,29
1,6,20.0,215,0,22,2,16,139,4,29
1,11,8.0,283,6,13,1,1,35,4,8
1,3,25.0,347,0,13,0,13,29,1,13
1,1,3.0,188,2,0,0,5,12,2,27
1,6,20.0,215,0,19,0,9,54,1,29
1,5,3.0,161,1,6,2,10,23,3,27
1,5,8.0,199,3,4,0,13,48,4,8
1,11,8.0,283,6,4,1,1,81,4,8
1,3,25.0,347,0,20,1,14,97,1,13
1,1,2.0,171,1,8,0,9,102,0,22
1,10,2.0,358,6,5,3,9,93,1,22
1,5,11.0,326,2,16,0,14,32,0,9
1,11,10.0,360,0,0,0,10,43,3,4
1,5,3.0,161,1,16,2,10,52,3,27
1,1,17.0,63,2,1,0,8,33,2,6
1,10,18.0,246,0,11,1,7,54,4,0
1,10,18.0,246,0,19,2,1,16,3,0
1,10,19.0,117,1,8,0,0,64,0,10
1,10,25.0,56,0,4,3,0,26,0,13
1,10,26.0,61,1,22,0,1,67,4,3
1,1,11.0,111,4,8,0,0,26,3,9
1,1,11.0,111,4,2,2,13,48,0,9
1,1,25.0,65,4,4,0,13,48,0,13
1,1,25.0,65,4,1,0,5,12,0,13
1,1,27.0,262,6,0,1,6,128,0,15
1,1,27.0,262,6,11,1,0,12,4,15
1,1,27.0,262,6,18,1,10,47,0,15
1,1,27.0,262,6,15,1,5,12,1,15
1,1,28.0,300,3,23,0,13,21,1,18
0,3,12.0,104,2,10,0,12,80,0,28
0,3,12.0,104,2,15,0,7,111,0,28
0,3,13.0,210,4,6,1,10,47,0,25
0,3,13.0,210,4,15,1,16,50,1,25
0,3,13.0,210,4,4,0,14,24,0,25
0,3,13.0,210,4,9,0,12,80,0,25
0,3,18.0,165,1,1,0,6,14,1,0
0,3,20.0,105,4,19,0,2,13,1,29
0,3,21.0,338,5,23,1,2,86,4,21
0,3,30.0,304,3,2,2,0,26,3,19
0,5,2.0,307,1,2,2,8,9,0,22
0,5,19.0,146,5,21,0,13,21,3,10
0,5,19.0,146,5,8,2,4,4,0,10
0,5,19.0,146,5,11,1,8,27,1,10
0,5,20.0,214,6,16,1,11,15,0,29
0,5,20.0,214,6,15,2,8,33,3,29
0,5,20.0,214,6,2,0,15,46,0,29
0,3,21.0,338,5,13,2,13,29,1,21
0,7,20.0,266,0,15,0,9,134,2,29
0,3,21.0,338,5,1,0,8,27,1,21
0,3,30.0,304,3,17,2,13,61,3,19
0,3,30.0,304,3,4,0,12,80,3,19
0,5,2.0,307,1,16,0,9,101,2,22
0,5,2.0,307,1,0,0,5,6,0,22
0,5,2.0,307,1,0,2,8,9,3,22
0,5,2.0,307,1,2,0,2,40,1,22
0,5,2.0,307,1,2,0,2,92,1,22
0,5,19.0,146,5,8,1,13,48,4,10
0,5,20.0,214,6,7,1,0,0,0,29
0,5,20.0,214,6,7,0,11,94,2,29
0,5,19.0,146,5,13,2,0,68,3,10
0,5,20.0,214,6,1,0,8,27,1,29
0,5,21.0,351,3,16,0,16,50,1,21
0,5,21.0,351,3,11,0,15,85,2,21
0,5,21.0,351,3,15,0,0,12,1,21
0,5,21.0,351,3,13,0,13,38,3,21
0,5,21.0,351,3,17,1,10,52,4,21
0,5,22.0,163,0,0,2,4,121,0,26
0,5,22.0,163,0,15,0,6,7,1,26
0,5,21.0,351,3,0,0,13,13,1,21
0,5,19.0,146,5,3,0,5,0,2,10
0,5,21.0,351,3,9,0,6,132,3,21
0,5,21.0,351,3,12,3,11,122,0,21
0,5,22.0,163,0,20,0,6,91,2,26
0,5,22.0,163,0,4,0,16,37,4,26
0,5,30.0,294,1,7,1,10,47,0,19
0,5,30.0,294,1,2,0,13,21,1,19
0,5,30.0,294,1,6,3,7,120,4,19
0,5,30.0,294,1,1,0,5,6,0,19
0,6,2.0,352,5,6,2,10,52,3,22
0,6,2.0,352,5,1,2,6,128,3,22
0,6,2.0,352,5,19,0,9,58,3,22
0,6,2.0,352,5,19,0,16,113,3,22
0,6,3.0,99,6,8,0,6,128,1,27
0,6,3.0,99,6,11,1,12,83,4,27
0,6,5.0,342,0,4,0,2,2,1,24
0,6,5.0,342,0,2,2,1,1,3,24
0,6,10.0,149,6,3,0,13,48,0,4
1,5,3.0,161,1,10,1,1,105,0,27
1,1,19.0,29,5,14,0,8,19,1,10
1,5,8.0,199,3,16,0,10,47,0,8
1,11,10.0,360,0,5,1,10,52,1,4
0,3,29.0,325,6,4,1,4,66,0,16
1,1,19.0,29,5,4,0,6,116,1,10
1,5,11.0,326,2,1,0,1,11,1,9
1,11,15.0,331,6,18,0,3,79,1,1
1,5,8.0,199,3,10,0,16,42,1,8
0,5,18.0,195,4,9,0,6,73,3,0
0,8,5.0,101,1,8,0,10,47,0,24
1,11,17.0,110,0,19,0,8,118,0,6
1,11,17.0,110,0,10,0,5,64,2,6
1,11,1.0,222,6,6,0,2,35,2,7
1,9,1.0,126,1,21,0,2,86,1,7
1,11,17.0,110,0,9,0,0,12,0,6
0,8,5.0,101,1,19,1,0,15,1,24
1,9,1.0,126,1,12,0,16,50,1,7
1,5,11.0,326,2,9,0,4,79,3,9
1,5,11.0,326,2,18,0,15,39,1,9
1,5,16.0,239,0,7,1,0,64,0,2
1,5,16.0,239,0,13,0,3,44,2,2
0,8,5.0,101,1,17,0,8,33,1,24
0,8,5.0,101,1,6,0,0,15,3,24
0,8,5.0,101,1,0,1,9,93,4,24
0,8,5.0,101,1,15,1,0,0,1,24
0,8,6.0,87,2,12,0,12,104,2,23
0,1,21.0,45,0,17,0,0,77,1,21
0,1,21.0,45,0,12,0,16,130,0,21
0,1,22.0,164,1,0,0,4,4,3,26
0,1,22.0,164,1,10,0,11,15,1,26
0,1,22.0,164,1,15,2,1,1,0,26
0,1,22.0,164,1,22,0,12,17,3,26
0,1,21.0,45,0,22,1,0,12,2,21
0,1,30.0,100,2,0,2,10,47,3,19
0,1,30.0,100,2,5,0,13,28,1,19
1,9,8.0,90,1,7,1,9,109,4,8
1,3,7.0,289,4,15,0,0,0,2,11
0,1,30.0,100,2,15,2,2,3,3,19
0,1,30.0,100,2,17,0,6,89,3,19
0,1,30.0,100,2,12,0,4,82,3,19
0,1,30.0,100,2,4,0,0,64,3,19
0,1,31.0,305,4,17,0,7,120,4,20
1,5,17.0,212,1,17,0,6,7,0,6
1,5,17.0,212,1,16,0,0,53,3,6
1,5,17.0,212,1,12,0,1,67,4,6
1,5,16.0,239,0,9,2,6,7,3,2
1,5,18.0,195,2,6,0,1,35,1,0
0,2,4.0,254,6,19,0,16,74,1,30
1,5,18.0,195,2,15,2,8,33,3,0
1,5,18.0,195,2,9,0,4,79,2,0
1,5,24.0,58,1,17,0,14,24,1,14
1,5,24.0,58,1,16,0,15,108,1,14
1,5,24.0,58,1,22,1,4,136,4,14
1,6,17.0,244,5,21,1,4,66,0,6
1,6,17.0,244,5,3,0,10,52,1,6
1,6,17.0,244,5,5,0,15,46,1,6
1,6,17.0,244,5,14,1,0,96,4,6
1,6,17.0,244,5,22,0,14,24,2,6
1,6,17.0,244,5,9,0,13,48,3,6
1,6,25.0,39,6,16,0,6,7,0,13
1,6,25.0,39,6,21,0,10,43,1,13
0,1,31.0,305,4,2,0,6,132,3,20
0,1,31.0,305,4,19,0,6,7,3,20
0,8,5.0,101,1,0,0,10,22,3,24
0,8,5.0,101,1,4,0,3,70,1,24
0,8,5.0,101,1,9,0,6,128,4,24
0,8,6.0,87,2,7,0,12,17,2,23
0,8,6.0,87,2,2,0,14,107,3,23
0,8,11.0,306,0,6,0,15,114,2,9
0,8,11.0,306,0,13,0,15,46,3,9
0,1,30.0,100,2,0,0,2,69,1,19
0,1,30.0,100,2,21,2,11,94,3,19
0,1,21.0,45,0,6,0,0,0,3,21
0,1,31.0,305,4,11,0,16,130,4,20
0,1,31.0,305,4,12,0,11,117,1,20
0,1,31.0,305,4,18,0,16,50,1,20
0,1,30.0,100,2,21,1,5,6,0,19
0,8,5.0,101,1,6,0,5,12,3,24
0,8,5.0,101,1,16,0,2,2,0,24
0,8,5.0,101,1,16,0,0,53,3,24
0,8,5.0,101,1,13,0,1,81,1,24
1,6,25.0,39,6,0,1,10,12,0,13
1,6,27.0,116,0,16,1,10,47,2,15
1,6,27.0,116,0,22,0,10,22,2,15
1,10,1.0,208,5,6,0,0,64,2,7
1,10,1.0,208,5,8,1,10,22,4,7
1,10,1.0,208,5,19,2,2,123,4,7
1,10,10.0,245,3,16,0,4,121,3,4
1,10,10.0,245,3,4,0,6,14,1,4
1,10,10.0,245,3,8,1,5,12,1,4
1,10,17.0,256,3,6,1,13,99,0,6
1,10,17.0,256,3,15,1,9,10,4,6
1,10,10.0,245,3,12,1,16,130,1,4
1,10,17.0,256,3,12,0,9,49,1,6
1,10,17.0,256,3,2,1,1,81,4,6
1,11,1.0,222,6,19,0,9,93,1,7
0,8,6.0,87,2,6,0,1,35,4,23
1,9,15.0,226,1,17,0,2,2,1,1
1,9,1.0,126,1,23,1,5,6,0,7
1,11,1.0,222,6,13,1,2,86,1,7
0,8,6.0,87,2,21,0,16,42,1,23
0,8,5.0,101,1,18,1,14,24,0,24
0,8,6.0,87,2,1,0,10,30,3,23
0,8,11.0,306,0,23,0,1,16,4,9
0,8,11.0,306,0,5,0,2,3,4,9
0,8,11.0,306,0,23,0,14,97,1,9
0,8,12.0,284,1,17,0,0,77,1,28
0,8,12.0,284,1,16,1,6,7,0,28
0,5,22.0,163,0,13,1,0,15,4,26
0,6,2.0,352,5,6,2,10,47,3,22
0,6,2.0,352,5,6,2,5,6,0,22
0,6,2.0,352,5,17,1,2,13,4,22
0,6,3.0,99,6,15,2,2,92,1,27
0,6,3.0,99,6,3,1,9,49,1,27
0,6,3.0,99,6,2,0,9,93,0,27
0,6,3.0,99,6,19,0,5,6,0,27
1,1,19.0,29,5,2,0,6,132,3,10
1,1,26.0,248,5,0,0,0,12,3,3
1,1,26.0,248,5,8,0,16,74,0,3
1,8,9.0,124,5,17,0,9,87,3,12
1,8,9.0,124,5,6,0,4,75,1,12
1,8,9.0,124,5,10,0,14,107,4,12
1,8,9.0,124,5,8,1,10,52,1,12
1,8,9.0,124,5,22,2,1,1,3,12
1,8,9.0,124,5,12,2,5,6,3,12
1,8,9.0,124,5,19,0,9,134,2,12
1,8,9.0,124,5,14,0,5,64,2,12
1,8,9.0,124,5,12,2,0,26,0,12
1,8,9.0,124,5,19,0,9,49,2,12
1,8,11.0,306,3,5,1,1,11,1,9
1,8,11.0,306,3,2,1,8,27,0,9
1,8,19.0,280,0,6,0,14,32,3,10
1,11,1.0,222,6,17,0,12,80,1,7
1,8,19.0,280,0,8,1,9,10,4,10
1,8,20.0,319,1,23,1,15,85,2,29
1,8,20.0,319,1,15,0,15,31,0,29
0,6,3.0,99,6,19,2,9,87,3,27
1,11,7.0,253,5,20,1,3,30,2,11
0,6,3.0,99,6,1,0,8,41,3,27
0,6,2.0,352,5,13,1,8,27,1,22
0,6,3.0,99,6,1,2,0,26,3,27
0,6,5.0,342,0,13,0,2,2,0,24
0,6,5.0,342,0,4,0,13,36,1,24
0,6,10.0,149,6,6,1,1,67,2,4
0,6,10.0,149,6,16,1,13,38,1,4
0,10,2.0,358,3,16,1,15,46,2,22
0,10,2.0,358,3,4,0,13,69,0,22
0,10,2.0,358,3,23,0,2,2,3,22
0,8,11.0,306,0,6,0,16,74,1,9
0,8,11.0,306,0,8,0,15,39,4,9
0,8,14.0,296,4,5,0,13,99,1,5
0,8,14.0,296,4,13,0,1,35,3,5
0,8,12.0,284,1,17,1,5,12,0,28
0,8,21.0,46,4,22,2,13,99,0,21
0,8,21.0,46,4,8,0,15,31,4,21
0,8,21.0,46,4,8,0,3,30,0,21
1,7,22.0,211,1,5,1,3,79,4,26
1,3,22.0,166,5,12,0,9,83,4,26
1,6,6.0,83,0,19,1,8,27,0,23
1,11,13.0,312,4,12,0,13,99,2,25
1,11,6.0,252,4,17,0,0,53,4,23
1,7,22.0,211,1,13,1,6,7,0,26
1,3,6.0,303,2,19,0,3,115,4,23
1,6,13.0,317,0,12,1,9,93,2,25
1,8,7.0,70,2,0,1,3,79,4,11
1,1,4.0,286,4,0,1,14,25,4,30
1,4,16.0,25,3,5,0,8,118,2,2
1,0,16.0,11,5,18,3,5,12,2,2
1,11,2.0,265,3,12,0,9,57,0,22
1,11,6.0,252,4,3,0,11,55,2,23
1,11,31.0,227,0,9,1,7,111,4,20
1,11,31.0,227,0,19,0,3,103,4,20
1,9,16.0,107,2,17,0,8,9,0,2
1,9,1.0,126,1,3,1,0,12,1,7
1,11,8.0,283,6,22,0,2,2,4,8
1,9,16.0,107,2,14,0,3,79,1,2
1,9,15.0,226,1,0,1,5,6,0,1
0,6,10.0,149,6,5,0,0,15,3,4
0,6,10.0,149,6,11,1,1,105,4,4
0,10,2.0,358,3,6,2,8,41,3,22
0,10,3.0,310,0,12,2,5,47,3,27
0,10,3.0,310,0,14,0,8,118,3,27
0,5,19.0,146,5,11,1,0,64,1,10
0,5,20.0,214,6,6,0,7,111,1,29
0,5,20.0,214,6,0,0,2,86,1,29
0,5,20.0,214,6,19,0,4,75,1,29
0,5,20.0,214,6,1,0,11,133,0,29
0,5,21.0,351,3,17,2,15,39,1,21
0,5,21.0,351,3,11,0,0,26,3,21
1,11,6.0,252,4,2,1,10,47,0,23
1,7,22.0,211,1,13,0,1,1,1,26
1,5,29.0,24,3,14,1,11,90,4,16
1,11,6.0,252,4,17,3,4,75,1,23
1,8,7.0,70,2,18,1,0,0,1,11
1,4,23.0,30,3,13,0,14,125,3,17
0,9,14.0,106,1,22,0,14,34,1,5
0,5,24.0,58,2,8,1,12,61,1,14
1,11,14.0,147,5,22,0,14,97,2,5
0,5,21.0,351,3,9,0,5,6,0,21
0,5,21.0,351,3,9,0,13,21,1,21
0,5,22.0,163,0,22,2,16,65,2,26
0,5,22.0,163,0,13,1,1,35,4,26
0,5,22.0,163,0,22,0,14,32,4,26
0,5,22.0,163,0,23,0,12,17,1,26
0,5,30.0,294,1,17,0,3,44,3,19
0,5,30.0,294,1,0,1,3,79,2,19
0,5,30.0,294,1,17,1,5,12,0,19
0,5,30.0,294,1,8,0,13,29,0,19
0,6,2.0,352,5,17,1,2,13,4,22
0,6,2.0,352,5,14,1,10,52,4,22
0,6,2.0,352,5,12,0,7,20,4,22
0,6,2.0,352,5,10,1,8,41,4,22
0,6,2.0,352,5,20,0,16,130,2,22
0,6,3.0,99,6,13,2,15,46,0,27
1,11,7.0,253,5,13,0,10,23,2,11
0,6,2.0,352,5,5,1,0,26,1,22
0,5,20.0,214,6,5,3,5,6,1,29
0,6,5.0,342,0,5,0,4,82,1,24
1,9,15.0,226,1,21,2,8,41,2,1
1,9,15.0,226,1,14,1,11,98,4,1
1,9,16.0,107,2,19,0,9,54,0,2
1,9,16.0,107,2,5,1,15,46,4,2
1,9,16.0,107,2,3,1,0,53,0,2
1,9,15.0,226,1,16,0,5,6,3,1
1,9,17.0,255,4,14,1,7,8,4,6
1,7,2.0,160,2,14,0,3,115,1,22
1,7,2.0,160,2,18,1,9,10,4,22
1,7,8.0,94,1,6,1,8,118,2,8
1,7,8.0,94,1,13,0,0,68,3,8
1,7,8.0,94,1,1,2,10,47,3,8
1,7,9.0,273,2,17,0,10,47,3,12
1,7,8.0,94,1,17,1,0,68,1,8
1,7,9.0,273,2,4,0,15,51,1,12
1,7,9.0,273,2,0,0,0,0,0,12
1,3,1.0,180,5,13,2,3,30,3,7
1,3,1.0,180,5,18,0,2,69,1,7
0,6,5.0,342,0,2,1,11,98,4,24
0,6,10.0,149,6,6,0,13,99,1,4
1,9,16.0,107,2,18,0,3,103,3,2
1,9,16.0,107,2,9,2,12,80,3,2
1,9,17.0,255,4,21,0,2,40,4,6
0,1,12.0,353,6,9,0,10,52,2,28
1,9,17.0,255,4,2,0,1,1,4,6
0,1,13.0,207,3,19,0,13,28,4,25
0,10,13.0,346,4,11,2,2,92,1,25
0,1,12.0,353,6,9,0,3,44,0,28
0,1,13.0,207,3,14,0,4,79,2,25
0,1,21.0,45,0,23,0,3,30,3,21
0,1,21.0,45,0,15,0,6,89,1,21
0,1,21.0,45,0,13,1,10,47,1,21
0,1,22.0,164,1,16,0,5,6,0,26
0,1,21.0,45,0,15,0,4,136,4,21
0,1,22.0,164,1,2,0,7,20,4,26
0,1,22.0,164,1,12,2,10,47,3,26
0,1,22.0,164,1,19,0,10,22,1,26
1,7,7.0,293,0,20,1,13,38,4,11
0,1,22.0,164,1,18,0,8,41,4,26
0,1,30.0,100,2,16,0,10,12,0,19
0,1,30.0,100,2,21,0,6,132,1,19
0,5,19.0,146,5,13,0,2,2,2,10
0,5,19.0,146,5,22,0,13,36,1,10
1,9,23.0,167,2,7,2,8,41,3,17
1,9,28.0,315,0,4,0,5,6,1,18
1,3,6.0,303,2,19,1,14,32,4,23
1,6,13.0,317,0,4,1,5,0,2,25
1,10,12.0,333,1,13,1,4,138,4,28
0,5,24.0,58,2,17,1,7,8,4,14
1,9,28.0,315,0,18,0,5,12,3,18
1,11,8.0,283,6,16,3,6,7,0,8
1,11,8.0,283,6,3,1,11,98,4,8
1,11,8.0,283,6,5,1,16,130,4,8
1,11,8.0,283,6,1,2,1,59,0,8
1,11,10.0,360,0,21,1,4,75,0,4
1,11,8.0,283,6,8,0,2,123,2,8
1,11,10.0,360,0,4,0,15,51,1,4
1,11,15.0,331,6,13,0,1,16,3,1
1,11,15.0,331,6,12,0,3,30,1,1
1,7,8.0,94,1,12,0,6,7,3,8
1,7,8.0,94,1,9,0,3,44,3,8
1,7,8.0,94,1,12,0,11,98,0,8
1,7,9.0,273,2,2,0,4,66,2,12
1,7,9.0,273,2,12,0,9,87,0,12
1,7,16.0,40,2,19,1,15,108,4,2
0,8,20.0,319,2,6,1,3,115,0,29
1,7,16.0,40,2,4,1,9,109,4,2
1,3,1.0,180,5,3,0,12,61,1,7
1,3,1.0,180,5,1,0,6,89,4,7
0,5,20.0,214,6,5,0,1,1,4,29
0,5,20.0,214,6,13,0,2,86,2,29
0,5,20.0,214,6,2,2,16,37,3,29
0,5,21.0,351,3,8,0,14,34,3,21
0,5,21.0,351,3,8,2,16,42,3,21
0,5,21.0,351,3,2,1,1,11,4,21
0,5,22.0,163,0,17,0,7,78,4,26
0,5,22.0,163,0,7,2,8,33,3,26
0,5,22.0,163,0,19,0,4,121,4,26
0,5,30.0,294,1,17,0,10,12,1,19
0,5,21.0,351,3,13,0,2,86,1,21
0,5,30.0,294,1,5,0,14,34,1,19
0,5,30.0,294,1,3,0,1,67,1,19
0,6,3.0,99,6,11,0,10,22,1,27
0,6,3.0,99,6,4,0,5,64,0,27
0,6,3.0,99,6,22,0,15,31,3,27
0,6,5.0,342,0,17,0,9,95,2,24
0,6,5.0,342,0,7,0,0,77,1,24
0,6,5.0,342,0,9,0,9,95,0,24
0,6,10.0,149,6,7,1,7,137,0,4
0,6,10.0,149,6,3,1,2,3,4,4
1,7,22.0,211,1,8,1,0,68,0,26
1,3,8.0,148,5,15,1,9,102,4,8
1,3,8.0,148,5,2,0,16,50,1,8
1,3,17.0,54,3,13,0,2,86,1,6
0,10,13.0,346,4,6,1,10,22,2,25
0,10,13.0,346,4,4,0,4,115,3,25
0,1,12.0,353,6,5,2,1,16,3,28
0,1,12.0,353,6,1,0,10,22,3,28
0,1,13.0,207,3,12,0,2,2,1,25
0,1,13.0,207,3,4,0,8,27,1,25
0,1,21.0,45,0,14,0,6,7,0,21
0,1,22.0,164,1,22,0,8,118,2,26
0,1,22.0,164,1,1,1,11,8,4,26
0,1,30.0,100,2,0,0,3,115,3,19
0,1,31.0,305,4,6,0,14,24,1,20
0,1,31.0,305,4,21,0,7,20,4,20
0,1,30.0,100,2,9,2,8,118,3,19
0,1,31.0,305,4,22,1,11,94,1,20
0,8,5.0,101,1,19,0,2,123,3,24
0,8,5.0,101,1,8,0,12,17,2,24
0,8,5.0,101,1,14,0,2,2,3,24
0,8,5.0,101,1,14,0,12,121,1,24
0,8,11.0,306,0,22,0,2,71,4,9
0,8,12.0,284,1,10,1,8,27,0,28
0,8,12.0,284,1,13,0,4,138,4,28
1,9,15.0,226,1,18,0,14,24,0,1
1,9,17.0,255,4,22,1,14,25,4,6
1,9,1.0,126,1,2,0,6,7,0,7
1,9,27.0,179,3,23,0,5,6,2,15
1,9,27.0,179,3,8,1,8,9,1,15
1,7,2.0,160,2,17,0,16,50,3,22
1,7,2.0,160,2,0,0,14,25,3,22
1,7,2.0,160,2,3,0,1,59,0,22
1,7,9.0,273,2,6,0,14,25,1,12
1,7,9.0,273,2,22,0,12,80,1,12
1,7,9.0,273,2,19,2,1,35,0,12
1,7,9.0,273,2,19,1,11,133,4,12
1,7,9.0,273,2,22,0,0,64,2,12
1,7,16.0,40,2,14,2,11,98,3,2
1,3,1.0,180,5,6,0,4,79,1,7
1,3,8.0,148,5,14,2,13,38,3,8
1,3,8.0,148,5,14,0,10,47,1,8
1,3,17.0,54,3,16,0,8,118,2,6
1,3,17.0,54,3,16,1,14,25,2,6
1,3,17.0,54,3,2,0,8,9,0,6
0,8,12.0,284,1,13,0,8,27,1,28
0,8,12.0,284,1,1,1,9,134,4,28
0,8,12.0,284,1,22,2,3,70,3,28
0,10,2.0,358,3,16,1,16,130,4,22
0,10,2.0,358,3,7,1,1,81,0,22
0,10,2.0,358,3,15,0,13,38,1,22
0,10,2.0,358,3,8,0,2,86,1,22
0,10,2.0,358,3,2,0,6,91,2,22
0,10,2.0,358,3,18,2,5,47,3,22
0,10,3.0,310,0,19,0,1,11,4,27
0,10,13.0,346,4,13,0,8,41,4,25
0,10,13.0,346,4,13,1,2,60,4,25
0,10,3.0,310,0,17,1,10,47,1,27
0,1,12.0,353,6,7,2,10,22,3,28
0,1,12.0,353,6,3,1,13,99,4,28
0,1,12.0,353,6,1,1,13,29,4,28
0,1,21.0,45,0,10,1,14,32,1,21
0,1,21.0,45,0,1,0,4,79,3,21
0,1,22.0,164,1,12,2,8,27,3,26
0,1,30.0,100,2,17,2,0,31,3,19
0,1,30.0,100,2,0,0,2,2,3,19
0,1,31.0,305,4,16,0,8,65,0,20
1,3,17.0,54,3,12,0,3,30,3,6
1,3,17.0,54,3,9,2,11,90,3,6
1,3,17.0,54,3,7,0,1,67,0,6
1,3,24.0,357,3,3,0,13,28,3,14
1,3,24.0,357,3,19,2,16,130,3,14
0,8,22.0,354,5,17,1,10,47,0,26
1,3,25.0,347,0,0,1,0,15,0,13
1,3,24.0,357,3,9,1,5,6,2,14
1,3,25.0,347,0,0,1,13,48,0,13
0,6,10.0,149,6,7,2,6,89,0,4
0,10,2.0,358,3,0,2,10,22,3,22
0,10,2.0,358,3,16,1,1,105,0,22
0,10,2.0,358,3,22,0,3,103,3,22
0,10,2.0,358,3,19,0,5,6,1,22
0,10,2.0,358,3,13,1,10,23,1,22
0,10,3.0,310,0,8,0,0,0,3,27
0,10,3.0,310,0,15,1,9,49,1,27
0,10,3.0,310,0,9,0,5,64,0,27
0,6,10.0,149,6,17,1,3,115,0,4
0,10,2.0,358,3,17,0,3,103,3,22
0,10,2.0,358,3,11,0,9,102,2,22
0,10,2.0,358,3,12,0,9,57,0,22
0,10,2.0,358,3,13,1,10,52,1,22
0,10,2.0,358,3,8,0,4,5,3,22
0,10,2.0,358,3,4,2,10,47,3,22
1,11,7.0,253,5,18,0,16,74,3,11
1,3,8.0,148,5,0,0,9,9,1,8
1,3,8.0,148,5,5,0,13,29,0,8
1,3,1.0,180,5,17,0,1,105,1,7
1,9,15.0,226,1,10,1,1,105,0,1
1,9,15.0,226,1,3,0,8,27,1,1
1,9,15.0,226,1,5,0,14,24,1,1
1,9,27.0,179,3,4,0,12,56,4,15
1,7,2.0,160,2,0,2,0,12,0,22
1,7,8.0,94,1,16,2,6,89,3,8
0,1,19.0,29,6,20,3,1,105,0,10
0,7,26.0,316,3,17,0,14,25,1,3
1,7,8.0,94,1,9,0,6,89,1,8
1,7,8.0,94,1,9,2,0,0,3,8
1,7,9.0,273,2,0,0,7,20,1,12
1,7,16.0,40,2,11,1,4,66,0,2
1,7,16.0,40,2,2,0,15,114,1,2
1,3,1.0,180,5,6,0,0,15,0,7
1,3,17.0,54,3,20,1,16,108,4,6
1,11,7.0,253,5,20,1,9,57,0,11
1,11,9.0,311,3,4,1,1,67,0,12
1,11,9.0,311,3,13,0,7,78,1,12
0,10,3.0,310,0,15,3,5,64,1,27
0,10,3.0,310,0,9,1,0,68,4,27
0,10,13.0,346,4,0,1,9,63,0,25
0,10,13.0,346,4,21,2,6,7,1,25
0,10,13.0,346,4,13,0,14,25,1,25
0,1,12.0,353,6,21,1,9,27,0,28
0,1,12.0,353,6,17,1,14,24,1,28
0,1,12.0,353,6,11,0,16,42,4,28
0,1,12.0,353,6,4,2,1,67,0,28
0,1,13.0,207,3,1,2,2,92,3,25
0,1,21.0,45,0,6,2,0,68,3,21
0,10,3.0,310,0,13,3,10,12,3,27
0,1,12.0,353,6,17,1,10,22,0,28
0,1,12.0,353,6,12,0,10,47,2,28
0,1,12.0,353,6,4,2,11,117,3,28
0,1,12.0,353,6,22,3,14,25,1,28
1,11,6.0,252,4,17,3,6,7,0,23
1,3,6.0,303,2,18,0,9,9,0,23
1,3,6.0,303,2,12,1,8,27,0,23
1,3,6.0,303,2,13,0,9,109,3,23
1,8,13.0,189,1,2,1,14,25,0,25
1,4,8.0,292,6,20,1,5,12,1,8
1,4,30.0,139,3,22,1,13,28,0,19
0,7,16.0,40,4,4,0,14,24,2,2
0,5,17.0,212,2,2,1,5,6,2,6
1,11,22.0,250,6,3,0,9,54,2,26
1,11,22.0,250,6,15,0,15,51,2,26
1,9,14.0,106,0,5,1,11,129,4,5
1,7,6.0,93,3,19,0,12,121,1,23
1,5,31.0,196,1,13,0,4,75,1,20
1,6,30.0,145,4,13,1,15,51,0,19
1,10,16.0,201,6,12,0,0,31,1,2
1,8,25.0,86,3,22,1,9,63,1,13
1,0,8.0,9,4,4,0,7,31,4,8
1,2,15.0,130,1,18,0,0,12,0,1
1,11,11.0,175,1,17,3,4,75,4,9
1,0,17.0,12,6,17,1,13,28,1,6
1,0,25.0,281,3,17,0,2,86,1,13
1,1,23.0,69,1,13,0,2,86,1,17
0,9,25.0,344,6,18,3,3,70,0,13
0,3,17.0,54,0,4,0,5,6,3,6
0,5,15.0,200,0,19,3,9,49,3,1
0,5,15.0,200,0,19,1,8,27,1,1
1,3,24.0,357,3,20,0,0,77,0,14
0,5,20.0,214,6,12,1,8,9,1,29
0,5,22.0,163,0,16,0,5,6,3,26
0,5,21.0,351,3,14,1,10,52,0,21
0,5,22.0,163,0,20,0,10,47,2,26
0,5,21.0,351,3,23,0,2,71,4,21
0,5,22.0,163,0,14,0,13,48,0,26
0,5,30.0,294,1,21,1,3,79,2,19
0,5,30.0,294,1,6,0,6,7,3,19
0,5,30.0,294,1,11,1,8,27,1,19
0,5,29.0,24,0,18,0,16,74,3,16
0,5,29.0,24,0,15,1,8,19,4,16
1,11,1.0,222,6,17,0,0,85,1,7
1,0,1.0,8,4,17,0,11,18,2,7
1,11,1.0,222,6,0,0,2,2,4,7
1,11,1.0,222,6,16,0,5,12,0,7
1,11,1.0,222,6,0,0,7,120,1,7
1,11,1.0,222,6,14,0,2,40,1,7
1,11,8.0,283,6,22,0,7,62,3,8
1,11,8.0,283,6,11,0,5,6,2,8
1,11,10.0,360,0,11,0,0,77,0,4
1,11,1.0,222,6,16,0,12,83,0,7
1,8,27.0,78,1,6,1,8,27,1,15
1,4,2.0,141,3,12,1,6,91,1,22
1,11,1.0,222,6,17,3,14,32,4,7
0,11,27.0,322,5,15,3,4,103,3,15
0,3,10.0,4,0,4,1,7,137,1,4
1,7,2.0,160,2,7,0,8,33,1,22
1,11,1.0,222,6,17,0,5,6,3,7
1,11,17.0,110,0,14,1,0,26,0,6
1,9,16.0,107,2,4,1,7,137,1,2
1,7,9.0,273,2,22,1,9,27,0,12
1,5,1.0,109,3,5,0,9,102,3,7
1,6,18.0,308,6,14,3,2,3,0,0
1,7,18.0,154,5,9,1,15,46,0,0
1,3,8.0,148,5,19,1,8,9,1,8
1,3,17.0,54,3,4,1,3,79,1,6
1,3,25.0,347,0,3,3,6,7,0,13
1,3,1.0,180,5,20,0,13,48,3,7
1,3,25.0,347,0,18,2,9,87,3,13
1,10,17.0,256,3,2,0,1,11,4,6
1,10,17.0,256,3,16,2,13,29,3,6
1,8,11.0,306,3,14,0,12,80,3,9
1,8,27.0,78,1,9,3,7,137,3,15
1,4,26.0,80,2,19,1,8,9,4,3
0,3,10.0,4,0,8,1,16,72,2,4
0,3,29.0,325,6,19,0,0,85,1,16
0,5,30.0,294,1,9,1,7,54,4,19
0,6,2.0,352,5,6,0,0,77,1,22
0,6,2.0,352,5,15,1,9,49,1,22
0,6,2.0,352,5,22,1,3,115,1,22
0,6,2.0,352,5,19,1,6,7,4,22
0,6,3.0,99,6,2,0,10,47,1,27
0,6,3.0,99,6,18,0,13,13,2,27
0,6,3.0,99,6,10,1,10,23,1,27
0,6,3.0,99,6,9,1,6,14,1,27
0,6,5.0,342,0,20,1,0,26,1,24
0,6,3.0,99,6,1,1,8,27,4,27
0,6,5.0,342,0,18,0,10,23,0,24
0,6,5.0,342,0,22,1,10,43,1,24
0,6,5.0,342,0,2,0,11,94,2,24
0,6,5.0,342,0,9,0,6,7,2,24
0,6,10.0,149,6,16,0,5,12,0,4
1,8,2.0,77,5,9,0,8,19,0,22
1,8,12.0,284,0,4,0,13,21,1,28
1,8,17.0,74,6,14,2,8,27,0,6
1,8,18.0,75,3,2,0,13,13,2,0
1,8,18.0,75,3,1,2,8,41,3,0
1,8,26.0,278,0,16,1,16,72,0,3
1,8,29.0,301,4,6,0,0,64,3,16
1,8,29.0,301,4,3,1,4,66,4,16
1,4,1.0,144,6,17,0,5,64,1,7
1,4,1.0,144,6,7,0,14,25,2,7
1,4,1.0,144,6,11,0,9,49,1,7
1,4,1.0,144,6,4,2,13,36,3,7
1,4,3.0,279,0,17,0,10,47,2,27
1,4,3.0,279,0,0,0,4,75,1,27
1,4,3.0,279,0,2,0,2,2,1,27
1,4,17.0,19,0,19,0,10,12,0,6
1,4,17.0,19,0,1,1,5,0,0,6
1,4,17.0,19,0,18,0,0,77,1,6
1,4,17.0,19,0,20,1,4,136,4,6
1,4,27.0,274,4,2,0,4,121,3,15
1,4,27.0,274,4,2,0,5,47,3,15
1,4,27.0,274,4,12,1,2,13,1,15
1,4,29.0,313,6,16,0,0,12,0,16
1,4,29.0,313,6,8,1,15,46,1,16
1,4,29.0,313,6,5,0,11,117,0,16
1,2,1.0,16,1,13,2,5,12,3,7
0,10,15.0,60,6,12,0,14,131,2,1
0,3,23.0,57,3,3,1,10,12,0,17
0,10,26.0,61,2,16,1,9,27,0,3
0,5,24.0,58,2,16,0,5,12,3,14
0,10,26.0,61,2,17,0,9,27,3,3
0,5,24.0,58,2,16,0,8,41,3,14
0,7,15.0,205,2,14,2,12,100,1,1
1,2,7.0,153,0,1,0,1,35,1,11
0,10,26.0,61,2,19,0,0,77,1,3
0,10,26.0,61,2,12,0,2,3,0,3
0,10,26.0,61,2,4,0,15,46,1,3
0,1,8.0,62,1,23,0,15,114,2,8
0,1,8.0,62,1,20,0,13,48,3,8
1,8,12.0,284,0,14,1,3,103,4,28
0,1,8.0,62,1,19,0,12,61,4,8
0,1,8.0,62,1,2,0,13,99,1,8
0,11,14.0,147,6,9,0,0,85,1,5
1,10,3.0,310,3,11,0,2,92,1,27
1,10,11.0,298,0,7,1,14,125,4,9
1,1,12.0,353,5,19,1,10,22,0,28
1,1,12.0,353,5,14,0,10,23,1,28
1,9,10.0,156,4,18,2,9,101,2,4
1,11,11.0,175,1,1,0,10,43,1,9
1,9,22.0,92,1,19,1,13,48,4,26
1,11,11.0,175,1,13,1,2,2,1,9
1,5,4.0,114,2,18,0,2,86,4,30
1,4,13.0,221,4,19,1,14,25,0,25
1,4,22.0,152,6,22,0,13,28,2,26
1,2,6.0,251,3,19,1,3,79,1,23
0,11,30.0,170,0,14,0,10,23,1,19
0,9,15.0,226,2,18,0,2,40,4,1
0,6,6.0,83,1,16,0,0,12,0,23
0,8,26.0,278,1,8,0,8,27,2,3
0,11,5.0,240,4,13,2,1,59,1,24
0,11,14.0,147,6,20,1,13,38,4,5
0,11,14.0,147,6,1,0,12,80,3,5
0,11,14.0,147,6,5,1,9,109,4,5
0,11,23.0,232,0,14,0,12,80,4,17
0,11,24.0,194,1,19,0,0,26,1,14
0,11,24.0,194,1,12,0,9,101,4,14
0,11,25.0,88,2,6,0,16,37,1,13
0,11,24.0,194,1,18,0,10,22,2,14
0,11,24.0,194,1,19,1,11,8,4,14
0,11,25.0,88,2,17,2,1,67,0,13
0,11,25.0,88,2,7,0,5,12,1,13
0,11,24.0,194,1,14,1,9,54,4,14
0,11,25.0,88,2,8,0,15,39,1,13
0,11,25.0,88,2,1,0,9,87,1,13
0,11,24.0,194,1,18,0,13,48,1,14
0,11,31.0,227,1,21,0,3,79,1,20
0,11,31.0,227,1,3,0,5,6,0,20
0,9,5.0,89,3,17,0,0,31,1,24
0,9,5.0,89,3,22,0,0,77,2,24
1,11,5.0,240,2,16,0,14,25,3,24
1,11,11.0,175,1,4,1,8,9,1,9
1,5,4.0,114,2,20,1,9,87,0,30
1,1,14.0,183,3,4,0,1,67,0,5
1,2,6.0,251,3,18,1,11,133,4,23
1,2,6.0,251,3,18,1,11,133,4,23
1,0,14.0,5,2,20,3,14,24,1,5
1,0,31.0,290,6,2,1,5,12,1,20
0,9,15.0,226,2,13,0,5,64,3,1
0,7,7.0,293,1,12,1,1,59,4,11
0,7,7.0,293,1,1,0,10,22,3,11
0,7,14.0,125,1,12,3,16,130,3,5
0,9,5.0,89,3,14,0,16,113,4,24
0,9,5.0,89,3,12,0,1,11,3,24
0,1,17.0,63,4,17,0,7,20,1,6
0,1,17.0,63,4,17,2,1,16,3,6
0,1,17.0,63,4,22,0,2,2,1,6
0,1,17.0,63,4,8,0,2,2,0,6
0,1,17.0,63,4,14,1,15,51,1,6
0,1,17.0,63,4,1,0,8,41,3,6
0,1,18.0,82,5,0,2,9,95,3,0
0,1,24.0,64,4,8,0,13,38,2,14
0,9,5.0,89,3,9,2,6,89,1,24
0,1,24.0,64,4,4,0,14,126,1,14
0,1,25.0,65,5,21,2,1,67,0,13
0,1,25.0,65,5,21,0,10,47,4,13
0,1,25.0,65,5,23,2,10,22,3,13
0,1,24.0,64,4,1,1,7,111,4,14
0,1,25.0,65,5,14,0,15,51,1,13
0,1,25.0,65,5,20,1,9,63,1,13
0,8,1.0,66,5,0,1,12,17,4,7
0,8,1.0,66,5,20,0,10,22,0,7
0,3,8.0,148,6,6,1,6,91,4,8
0,3,22.0,166,6,9,0,7,20,1,26
0,5,23.0,168,1,8,0,5,6,0,17
0,5,23.0,168,1,1,2,13,29,3,17
0,6,7.0,169,2,4,1,7,8,0,11
0,4,9.0,18,0,2,1,1,59,1,12
1,11,4.0,275,1,13,0,8,118,1,30
1,11,4.0,275,1,12,0,16,113,1,30
1,11,4.0,275,1,18,0,8,9,0,30
1,7,3.0,269,4,5,0,14,25,0,27
0,11,23.0,232,0,11,0,12,80,3,17
1,1,5.0,219,5,13,0,5,12,3,24
1,11,31.0,227,0,2,0,15,114,2,20
1,1,5.0,219,5,12,1,16,108,4,24
1,9,13.0,91,3,8,0,2,2,2,25
1,2,8.0,258,1,20,0,2,35,4,8
1,8,18.0,75,3,18,1,13,48,2,0
1,11,5.0,240,2,10,3,12,61,3,24
0,5,24.0,58,2,16,0,10,22,3,14
1,11,5.0,240,2,20,0,2,86,1,24
0,3,7.0,289,5,18,0,0,53,3,11
1,2,8.0,258,1,19,0,13,29,4,8
1,5,22.0,163,3,20,0,3,30,2,26
1,7,5.0,204,6,16,0,15,46,2,24
1,7,1.0,98,1,13,1,13,48,2,7
0,5,24.0,58,2,2,0,7,20,3,14
0,9,5.0,89,3,20,1,1,105,4,24
1,11,28.0,123,5,0,0,2,40,1,18
1,1,4.0,286,4,2,0,8,9,3,30
1,1,4.0,286,4,4,1,10,47,1,30
1,1,5.0,219,5,22,0,10,22,2,24
1,1,5.0,219,5,12,0,13,123,3,24
1,1,5.0,219,5,18,0,7,120,3,24
1,1,13.0,207,6,16,2,13,48,3,25
1,1,13.0,207,6,15,0,16,108,1,25
1,1,13.0,207,6,10,1,10,47,2,25
1,1,13.0,207,6,12,1,14,32,4,25
1,8,7.0,70,2,16,1,11,10,4,11
1,1,16.0,2,1,6,0,5,12,0,2
1,1,15.0,1,0,9,0,8,9,1,1
1,1,16.0,2,1,16,0,0,53,0,2
1,1,15.0,1,0,1,1,11,15,0,1
1,1,16.0,2,1,5,0,16,113,3,2
1,1,15.0,1,0,17,1,11,133,4,1
1,1,16.0,2,1,9,0,8,118,1,2
1,1,13.0,207,6,6,0,16,50,1,25
1,1,16.0,2,1,2,0,8,65,3,2
1,1,4.0,286,4,9,0,1,1,0,30
1,8,7.0,70,2,23,0,0,0,0,11
1,8,7.0,70,2,17,0,12,135,3,11
1,8,7.0,70,2,13,0,9,93,1,11
1,3,6.0,303,2,3,0,8,9,3,23
1,8,7.0,70,2,19,0,0,26,3,11
1,8,7.0,70,2,12,2,1,16,3,11
1,8,13.0,189,1,6,1,4,45,1,25
1,8,13.0,189,1,2,0,5,12,3,25
1,8,13.0,189,1,8,0,10,22,0,25
1,8,22.0,354,4,2,0,12,61,2,26
1,4,7.0,133,5,6,0,13,21,1,11
0,11,23.0,232,0,9,0,13,29,1,17
0,11,23.0,232,0,1,0,8,9,3,17
0,11,23.0,232,0,4,1,1,59,4,17
0,11,24.0,194,1,20,1,8,19,4,14
0,11,24.0,194,1,21,1,5,64,1,14
0,11,23.0,232,0,17,0,0,0,0,17
0,11,24.0,194,1,19,0,1,35,4,14
0,11,24.0,194,1,18,0,5,12,0,14
0,11,24.0,194,1,19,2,8,41,3,14
0,11,24.0,194,1,4,1,11,55,4,14
0,11,23.0,232,0,14,0,16,50,3,17
0,11,25.0,88,2,2,0,12,80,1,13
0,11,25.0,88,2,1,0,4,82,1,13
0,11,25.0,88,2,18,1,10,22,0,13
0,11,25.0,88,2,9,2,2,60,3,13
0,11,31.0,227,1,21,0,15,39,3,20
0,11,31.0,227,1,10,1,9,27,0,20
0,11,31.0,227,1,20,0,10,22,2,20
0,11,31.0,227,1,15,2,9,27,3,20
0,11,31.0,227,1,4,0,3,103,0,20
0,9,5.0,89,3,16,1,9,10,4,24
0,9,5.0,89,3,17,0,3,76,3,24
0,9,5.0,89,3,14,0,0,12,1,24
0,9,5.0,89,3,19,1,12,83,4,24
1,0,16.0,11,5,17,0,0,15,0,2
1,0,16.0,11,5,8,0,4,82,2,2
1,0,16.0,11,5,15,0,13,38,2,2
0,11,6.0,252,5,12,3,9,93,3,23
0,11,7.0,253,6,17,0,5,0,1,11
0,11,7.0,253,6,7,0,2,40,4,11
0,11,7.0,253,6,3,0,14,107,1,11
0,11,7.0,253,6,4,2,14,106,4,11
0,11,8.0,283,3,13,0,10,47,3,8
0,11,14.0,147,6,19,0,14,106,4,5
0,11,23.0,232,0,3,0,10,12,3,17
0,11,24.0,194,1,19,0,11,18,1,14
0,11,25.0,88,2,5,0,11,117,1,13
0,11,25.0,88,2,15,3,12,17,2,13
0,11,24.0,194,1,1,1,7,137,4,14
0,11,25.0,88,2,8,2,6,132,3,13
0,11,25.0,88,2,18,0,2,86,1,13
0,11,31.0,227,1,16,1,10,47,0,20
0,11,31.0,227,1,21,2,8,9,1,20
0,9,5.0,89,3,23,0,11,18,1,24
0,11,24.0,194,1,19,0,3,79,4,14
0,11,24.0,194,1,14,0,13,99,1,14
0,11,25.0,88,2,17,0,14,25,1,13
0,11,18.0,332,2,17,0,6,73,1,0
0,7,3.0,269,5,8,0,14,34,2,27
1,2,8.0,258,1,12,1,7,122,4,8
1,7,5.0,204,6,16,0,5,12,2,24
1,7,19.0,330,6,11,1,7,111,1,10
0,5,24.0,58,2,5,1,4,4,1,14
0,5,26.0,37,5,16,0,10,6,3,3
0,9,8.0,90,2,16,0,3,30,4,8
1,2,16.0,220,2,15,1,7,57,1,2
1,7,5.0,204,6,8,2,7,78,3,24
1,7,17.0,95,4,8,1,0,12,1,6
1,6,12.0,162,3,8,1,0,26,0,28
1,2,16.0,220,2,22,0,13,13,4,2
0,9,8.0,90,2,3,0,11,15,0,8
1,7,21.0,81,0,23,0,13,29,1,21
1,6,21.0,193,1,22,1,1,67,0,21
1,1,5.0,219,5,1,0,13,48,1,24
1,7,17.0,95,4,5,2,8,9,2,6
0,3,15.0,35,6,3,0,8,9,0,1
1,8,6.0,87,1,2,1,15,46,0,23
1,1,13.0,207,6,7,1,16,42,4,25
1,3,18.0,165,0,8,3,11,55,4,0
1,4,7.0,133,5,9,0,13,28,3,11
0,11,31.0,227,1,11,0,12,100,4,20
1,7,21.0,81,0,17,1,6,128,0,21
1,8,6.0,87,1,8,0,6,116,3,23
1,1,13.0,207,6,13,0,8,19,0,25
0,3,15.0,35,6,2,0,6,7,3,1
1,4,8.0,292,6,3,1,2,2,4,8
0,9,13.0,91,0,0,0,12,17,4,25
1,7,22.0,211,1,0,0,10,12,0,26
1,5,2.0,307,0,12,1,8,19,0,22
1,8,6.0,87,1,4,1,9,87,0,23
1,6,11.0,355,6,4,0,9,49,3,9
0,3,15.0,35,6,13,1,14,25,1,1
0,9,13.0,91,0,9,1,13,48,0,25
1,4,8.0,292,6,8,0,13,29,2,8
1,4,6.0,176,4,3,0,0,31,1,23
1,1,13.0,207,6,22,0,15,31,1,25
1,7,22.0,211,1,7,0,13,28,0,26
1,10,26.0,61,1,19,0,11,117,2,3
0,3,23.0,57,3,16,1,13,38,1,17
1,4,14.0,345,5,12,0,9,57,0,5
0,3,8.0,148,6,18,1,6,7,0,8
0,3,23.0,57,3,22,3,10,47,0,17
1,1,13.0,207,6,3,0,3,79,2,25
1,4,6.0,176,4,9,1,6,132,4,23
1,7,21.0,81,0,14,1,4,136,4,21
1,1,25.0,65,4,11,1,5,12,1,13
0,9,14.0,106,1,0,0,4,82,1,5
1,4,14.0,345,5,19,0,16,42,4,5
0,8,1.0,66,5,11,0,15,46,0,7
0,5,14.0,36,3,17,0,4,4,1,5
1,1,13.0,207,6,14,0,1,81,1,25
0,8,1.0,66,5,3,0,3,70,1,7
0,11,5.0,240,4,2,2,2,69,0,24
1,8,18.0,75,3,14,0,0,26,0,0
1,7,22.0,211,1,19,0,14,34,3,26
0,9,14.0,106,1,16,0,8,27,2,5
0,5,14.0,36,3,8,0,7,31,4,5
1,4,14.0,345,5,1,0,12,61,1,5
1,1,15.0,1,0,20,1,1,11,4,1
0,8,1.0,66,5,16,3,6,7,0,7
0,11,22.0,250,3,11,0,2,86,1,26
1,3,4.0,285,0,9,1,7,111,0,30
0,9,14.0,106,1,17,1,13,99,4,5
0,5,14.0,36,3,3,0,16,37,1,5
0,5,14.0,36,3,4,0,16,72,0,5
0,5,14.0,36,3,13,0,12,135,0,5
0,5,24.0,58,2,13,0,0,77,3,14
0,5,24.0,58,2,8,2,1,11,0,14
0,5,24.0,58,2,9,1,14,126,1,14
0,5,24.0,58,2,5,1,0,15,4,14
0,5,26.0,37,5,12,0,0,26,0,3
0,6,8.0,59,4,23,0,6,89,3,8
0,6,8.0,59,4,11,1,11,18,1,8
0,5,14.0,36,3,9,3,5,12,0,5
0,6,25.0,39,3,5,0,14,34,2,13
0,6,25.0,39,3,13,3,5,64,3,13
0,6,25.0,39,3,2,0,2,123,0,13
0,10,15.0,60,6,21,0,4,79,4,1
0,10,15.0,60,6,13,0,5,6,2,1
0,10,15.0,60,6,9,2,14,24,3,1
1,4,23.0,30,3,7,2,10,47,3,17
1,4,23.0,30,3,20,0,0,77,3,17
1,4,23.0,30,3,22,0,3,103,3,17
1,4,23.0,30,3,10,1,14,131,1,17
1,4,25.0,20,1,16,1,9,95,4,13
1,4,25.0,20,1,10,1,9,27,0,13
1,4,25.0,20,1,12,2,3,115,3,13
1,4,30.0,139,3,3,0,0,68,1,19
1,9,3.0,217,4,8,2,0,53,1,27
1,9,3.0,217,4,7,1,6,89,1,27
1,9,4.0,295,5,22,0,0,64,0,30
1,9,3.0,217,4,13,1,1,11,4,27
1,9,4.0,295,5,8,0,12,104,4,30
1,9,4.0,295,5,14,0,14,25,4,30
1,9,4.0,295,5,11,1,3,79,1,30
1,9,5.0,89,6,13,2,14,25,0,24
1,9,5.0,89,6,22,0,10,22,1,24
1,9,5.0,89,6,12,2,4,75,4,24
1,9,5.0,89,6,18,0,15,31,1,24
1,7,4.0,186,5,0,1,12,135,0,30
1,7,4.0,186,5,13,1,2,69,4,30
1,4,24.0,27,0,11,1,2,92,1,14
1,2,5.0,127,6,1,1,0,68,2,24
0,11,5.0,240,4,9,1,2,86,1,24
0,11,5.0,240,4,19,1,11,18,4,24
0,9,7.0,271,1,14,2,2,92,2,11
0,7,15.0,205,2,15,1,15,31,1,1
1,4,30.0,139,3,13,0,7,31,0,19
1,2,7.0,153,0,5,0,1,11,3,11
1,2,7.0,153,0,20,0,8,118,4,11
1,2,7.0,153,0,5,0,2,60,2,11
1,2,7.0,153,0,11,0,1,11,2,11
1,2,8.0,258,1,22,1,16,50,1,8
1,2,8.0,258,1,3,1,3,30,4,8
1,2,16.0,220,2,3,0,9,87,1,2
1,0,16.0,11,5,5,0,2,3,4,2
1,0,16.0,11,5,11,0,9,27,2,2
1,0,16.0,11,5,22,0,10,22,1,2
0,11,6.0,252,5,16,1,10,43,1,23
0,11,6.0,252,5,15,1,2,69,1,23
0,11,6.0,252,5,14,0,6,132,1,23
0,11,6.0,252,5,18,2,5,6,0,23
0,11,7.0,253,6,17,0,4,45,1,11
0,11,7.0,253,6,14,0,5,6,3,11
0,11,8.0,283,3,4,0,7,120,4,8
0,11,14.0,147,6,19,1,1,105,4,5
0,5,26.0,37,5,21,0,12,56,0,3
0,5,26.0,37,5,0,1,9,57,0,3
0,5,26.0,37,5,22,0,2,60,3,3
0,5,26.0,37,5,19,0,12,61,1,3
0,5,26.0,37,5,8,2,16,37,3,3
0,6,8.0,59,4,0,1,9,9,4,8
0,6,8.0,59,4,1,0,3,79,1,8
0,6,16.0,38,5,16,0,5,12,1,2
0,6,16.0,38,5,21,1,5,64,1,2
0,6,16.0,38,5,2,0,7,20,4,2
0,6,16.0,38,5,8,0,6,7,0,2
0,6,16.0,38,5,13,0,13,21,3,2
0,6,25.0,39,3,17,0,13,48,0,13
0,8,1.0,66,5,23,1,2,40,1,7
1,1,15.0,1,0,19,2,8,9,3,1
1,5,28.0,259,6,18,1,13,99,2,18
1,3,4.0,285,0,9,0,13,38,1,30
0,11,24.0,194,1,6,0,5,12,3,14
0,9,14.0,106,1,10,1,0,85,0,5
1,2,12.0,128,6,5,1,14,131,1,28
1,6,9.0,236,4,8,0,2,2,2,12
0,11,24.0,194,1,18,0,9,27,3,14
0,9,13.0,91,0,3,2,7,57,3,25
1,1,15.0,1,0,4,1,8,27,2,1
1,4,21.0,339,5,17,0,1,59,4,21
0,8,1.0,66,5,4,0,14,24,4,7
0,11,31.0,227,1,0,0,5,64,3,20
0,11,6.0,252,5,2,1,1,1,4,23
0,9,14.0,106,1,15,0,5,6,0,5
0,11,31.0,227,1,15,0,9,87,1,20
1,1,15.0,1,0,12,1,10,22,1,1
1,3,4.0,285,0,15,1,14,131,4,30
0,9,8.0,90,2,16,0,11,18,0,8
1,5,14.0,36,6,12,1,9,109,2,5
0,11,7.0,253,6,23,0,3,44,3,11
0,9,14.0,106,1,0,0,8,9,0,5
0,11,31.0,227,1,22,0,12,17,3,20
1,1,16.0,2,1,8,0,5,12,0,2
1,3,6.0,303,2,16,0,14,34,3,23
1,5,14.0,36,6,4,3,8,19,3,5
1,1,16.0,2,1,14,0,1,16,3,2
0,9,14.0,106,1,4,2,2,69,2,5
0,11,31.0,227,1,19,0,9,102,3,20
1,3,6.0,303,2,22,0,3,30,0,23
1,4,6.0,176,4,13,0,15,114,1,23
1,1,13.0,207,6,3,0,16,72,0,25
0,6,24.0,31,6,9,1,0,64,1,14
0,11,8.0,283,3,23,0,6,7,1,8
0,9,8.0,90,2,13,1,10,47,0,8
0,11,25.0,88,2,11,1,12,84,1,13
1,1,13.0,207,6,22,0,2,2,1,25
0,1,7.0,32,0,12,1,12,84,0,11
0,1,10.0,17,4,19,0,15,31,1,4
0,1,23.0,69,2,14,1,5,64,1,17
0,1,15.0,1,1,18,3,13,38,4,1
1,11,5.0,240,2,16,0,10,22,3,24
1,11,5.0,240,2,9,0,11,117,1,24
1,11,28.0,123,5,21,0,0,31,1,18
0,9,16.0,107,4,11,2,13,38,0,2
0,9,22.0,92,2,17,2,15,46,3,26
0,7,6.0,93,0,3,0,4,127,2,23
0,7,6.0,93,0,2,0,6,7,2,23
0,7,8.0,94,2,9,0,12,17,0,8
0,7,16.0,40,4,18,0,13,38,4,2
0,7,17.0,95,5,3,1,2,71,4,6
0,9,16.0,107,4,16,0,1,67,0,2
0,9,16.0,107,4,0,0,5,12,2,2
0,9,16.0,107,4,8,2,6,89,3,2
0,9,16.0,107,4,14,2,9,134,1,2
0,9,16.0,107,4,18,0,8,27,1,2
0,7,6.0,93,0,10,2,5,6,0,23
0,7,6.0,93,0,14,0,10,23,1,23
0,7,6.0,93,0,3,1,1,81,4,23
0,7,6.0,93,0,14,0,2,69,3,23
0,7,8.0,94,2,8,2,15,31,1,8
0,7,16.0,40,4,14,2,8,27,2,2
0,7,16.0,40,4,1,0,12,17,0,2
0,7,25.0,41,6,15,0,8,41,2,13
0,7,25.0,41,6,19,1,0,15,1,13
0,7,25.0,41,6,1,2,1,35,3,13
0,7,25.0,41,6,1,1,5,6,0,13
0,7,30.0,42,4,5,0,14,25,0,19
0,7,31.0,43,5,2,0,0,68,0,20
0,3,14.0,33,5,0,0,10,22,3,5
0,3,15.0,35,6,17,0,0,12,1,1
0,3,14.0,33,5,9,0,13,99,1,5
0,3,15.0,35,6,5,2,6,89,3,1
0,3,14.0,33,5,4,0,7,120,2,5
0,7,30.0,42,4,13,0,12,80,3,19
0,7,6.0,93,0,17,1,8,9,1,23
0,7,31.0,43,5,6,0,15,108,1,20
0,7,31.0,43,5,13,2,3,30,3,20
0,7,25.0,41,6,1,1,13,38,4,13
0,3,9.0,44,3,10,0,0,77,1,12
0,3,9.0,44,3,11,2,10,22,3,12
0,3,9.0,44,3,3,0,10,22,2,12
0,3,9.0,44,3,8,1,10,23,1,12
0,3,9.0,44,3,10,1,9,83,1,12
0,3,14.0,33,5,13,0,0,26,0,5
1,11,28.0,123,5,11,1,14,34,1,18
1,11,29.0,270,6,13,0,0,15,0,16
1,11,29.0,270,6,11,3,11,15,1,16
1,9,3.0,217,4,16,0,12,121,0,27
1,9,3.0,217,4,7,0,14,24,4,27
1,9,3.0,217,4,3,1,11,133,2,27
1,9,3.0,217,4,18,0,9,93,1,27
1,9,3.0,217,4,7,1,9,87,1,27
1,9,4.0,295,5,2,1,9,101,4,30
1,9,4.0,295,5,4,0,12,61,4,30
1,9,3.0,217,4,17,1,2,123,4,27
1,9,5.0,89,6,14,3,1,67,4,24
1,11,4.0,275,1,15,2,10,23,1,30
1,11,5.0,240,2,7,1,10,22,0,24
1,11,4.0,275,1,15,1,11,58,4,30
1,11,28.0,123,5,10,2,3,115,3,18
1,11,28.0,123,5,15,0,8,41,1,18
1,11,29.0,270,6,23,1,9,101,4,16
1,11,29.0,270,6,5,1,16,42,4,16
1,9,3.0,217,4,10,0,5,12,0,27
0,3,14.0,33,5,20,1,8,41,1,5
0,3,15.0,35,6,2,1,13,38,2,1
0,3,15.0,35,6,8,0,7,120,2,1
0,3,23.0,57,3,22,1,8,65,4,17
0,3,23.0,57,3,14,0,16,37,4,17
0,3,23.0,57,3,14,1,8,33,0,17
1,3,6.0,303,2,23,2,5,6,3,23
0,11,14.0,147,6,10,0,4,45,4,5
0,9,8.0,90,2,17,1,0,26,0,8
1,4,24.0,27,0,2,3,3,76,3,14
0,9,8.0,90,2,8,0,2,13,4,8
1,0,23.0,237,5,13,1,12,56,0,17
0,9,8.0,90,2,12,1,7,129,1,8
1,3,6.0,303,2,12,2,6,7,0,23
0,9,8.0,90,2,2,0,6,7,1,8
0,11,22.0,250,3,2,0,15,96,0,26
1,4,16.0,25,3,4,0,6,132,3,2
0,9,8.0,90,2,14,0,14,107,2,8
0,9,8.0,90,2,22,0,0,53,2,8
1,1,15.0,1,0,14,0,2,2,0,1
0,11,7.0,253,6,3,1,5,6,0,11
0,9,13.0,91,0,20,0,3,115,1,25
1,4,16.0,25,3,18,0,4,66,1,2
0,11,23.0,232,0,17,0,8,27,1,17
1,4,16.0,25,3,17,0,9,95,3,2
0,9,13.0,91,0,11,0,3,70,1,25
0,9,8.0,90,2,19,0,4,82,1,8
1,4,23.0,30,3,17,1,9,87,0,17
1,4,23.0,30,3,0,1,15,31,1,17
1,4,23.0,30,3,20,0,2,2,1,17
1,4,7.0,133,5,20,0,8,41,4,11
1,4,23.0,30,3,22,0,6,132,2,17
1,4,23.0,30,3,1,0,4,4,1,17
1,4,25.0,20,1,6,0,9,49,3,13
1,4,25.0,20,1,20,3,13,21,3,13
1,4,14.0,345,5,20,1,13,21,1,5
1,4,25.0,20,1,9,1,14,131,1,13
1,4,25.0,20,1,2,1,9,83,4,13
1,4,30.0,139,3,3,1,3,79,4,19
1,3,25.0,347,0,5,0,13,29,0,13
1,11,1.0,222,6,17,0,1,1,1,7
1,6,27.0,116,0,18,1,5,0,2,15
1,4,21.0,339,5,12,0,13,99,2,21
1,1,1.0,203,0,20,3,1,59,4,7
0,11,29.0,270,3,4,1,15,119,0,16
1,2,7.0,153,0,10,0,4,82,1,11
1,2,7.0,153,0,20,1,10,47,0,11
1,2,7.0,153,0,1,2,0,96,3,11
1,2,8.0,258,1,6,0,14,25,2,8
1,2,7.0,153,0,19,1,4,136,4,11
1,2,7.0,153,0,18,1,13,36,1,11
1,2,16.0,220,2,0,1,5,12,1,2
1,2,8.0,258,1,8,0,6,132,1,8
1,2,8.0,258,1,19,0,13,48,0,8
1,2,16.0,220,2,6,2,6,91,1,2
1,2,16.0,220,2,21,1,12,121,4,2
1,2,16.0,220,2,14,0,12,80,1,2
1,2,16.0,220,2,9,0,8,9,0,2
1,0,16.0,11,5,16,0,14,131,3,2
1,0,16.0,11,5,22,0,9,95,2,2
0,11,6.0,252,5,8,2,14,106,3,23
0,11,6.0,252,5,18,2,2,86,3,23
0,11,6.0,252,5,12,1,6,7,0,23
0,11,7.0,253,6,12,0,4,82,3,11
0,11,8.0,283,3,0,1,5,6,0,8
0,11,7.0,253,6,13,0,5,64,1,11
0,11,8.0,283,3,2,2,8,65,3,8
0,11,14.0,147,6,11,2,14,34,3,5
0,11,14.0,147,6,20,0,5,6,0,5
0,11,14.0,147,6,11,0,13,48,2,5
0,11,23.0,232,0,16,2,15,119,0,17
0,11,23.0,232,0,23,0,3,44,1,17
0,11,23.0,232,0,8,2,6,89,3,17
0,11,23.0,232,0,3,1,9,83,1,17
1,4,7.0,133,5,20,1,1,1,4,11
1,4,7.0,133,5,4,0,6,89,1,11
1,4,8.0,292,6,0,0,0,26,1,8
1,4,14.0,345,5,22,0,9,93,3,5
1,4,14.0,345,5,19,0,10,47,3,5
1,4,16.0,25,3,5,1,1,1,1,2
1,4,23.0,30,3,5,2,3,115,4,17
1,4,23.0,30,3,4,0,6,7,4,17
1,4,23.0,30,3,1,0,5,6,1,17
1,4,23.0,30,3,20,1,12,61,1,17
1,4,23.0,30,3,14,2,14,32,3,17
1,4,25.0,20,1,11,0,9,95,2,13
1,4,25.0,20,1,3,0,13,21,0,13
1,4,25.0,20,1,5,0,12,61,0,13
1,4,25.0,20,1,12,2,2,86,3,13
1,4,16.0,25,3,17,1,7,20,1,2
1,1,16.0,2,1,16,0,8,9,0,2
0,9,8.0,90,2,14,0,9,9,3,8
1,4,23.0,30,3,5,2,16,130,0,17
0,9,13.0,91,0,13,0,5,6,2,25
0,11,23.0,232,0,2,0,2,123,4,17
1,4,23.0,30,3,5,0,4,82,1,17
0,9,14.0,106,1,6,1,0,68,0,5
0,11,23.0,232,0,1,0,1,1,3,17
1,4,23.0,30,3,4,1,9,101,4,17
0,9,13.0,91,0,19,1,2,2,4,25
1,1,16.0,2,1,13,0,9,95,0,2
0,11,23.0,232,0,9,0,5,12,2,17
1,4,25.0,20,1,6,0,14,32,1,13
0,9,14.0,106,1,7,1,13,48,0,5
0,9,14.0,106,1,16,0,0,0,3,5
0,9,14.0,106,1,12,0,11,133,0,5
0,9,14.0,106,1,14,0,16,50,4,5
0,9,16.0,107,4,17,1,13,38,0,2
0,9,16.0,107,4,18,1,2,2,1,2
0,9,22.0,92,2,6,0,5,12,0,26
0,9,22.0,92,2,19,0,5,6,0,26
1,11,4.0,275,1,17,0,16,50,0,30
1,11,4.0,275,1,21,1,10,47,0,30
1,11,5.0,240,2,3,0,7,57,3,24
1,11,5.0,240,2,12,0,16,65,0,24
1,11,5.0,240,2,22,0,5,12,1,24
1,11,5.0,240,2,19,0,9,102,1,24
1,11,28.0,123,5,5,0,1,11,4,18
0,9,22.0,92,2,22,0,10,52,0,26
1,6,4.0,159,6,18,0,8,9,1,30
0,7,8.0,94,2,10,0,16,74,3,8
0,7,8.0,94,2,16,0,11,15,1,8
0,7,16.0,40,4,5,0,2,2,1,2
0,7,16.0,40,4,5,1,3,30,4,2
0,10,26.0,61,2,3,0,12,61,4,3
0,10,26.0,61,2,12,0,2,123,2,3
0,1,17.0,63,4,17,2,6,89,3,6
0,1,18.0,82,5,17,2,2,86,3,0
0,1,18.0,82,5,20,0,4,79,3,0
0,1,18.0,82,5,23,1,12,121,0,0
0,1,18.0,82,5,12,0,0,64,2,0
0,1,18.0,82,5,8,1,15,96,4,0
0,1,24.0,64,4,3,0,13,28,1,14
0,1,25.0,65,5,13,0,3,79,2,13
0,1,25.0,65,5,19,0,2,92,0,13
0,1,25.0,65,5,23,1,12,104,4,13
0,8,9.0,124,6,0,2,0,85,3,12
0,1,18.0,82,5,17,0,6,128,2,0
0,8,9.0,124,6,12,0,2,86,2,12
0,8,27.0,78,2,14,0,2,2,4,15
0,4,10.0,79,1,4,0,13,28,4,4
0,4,10.0,79,1,4,0,16,42,3,4
0,4,10.0,79,1,2,0,11,15,0,4
0,4,10.0,79,1,14,2,6,128,3,4
0,4,16.0,25,0,11,1,1,16,4,2
0,4,16.0,25,0,13,0,3,103,0,2
0,8,1.0,66,5,19,0,0,26,2,7
0,8,9.0,124,6,14,0,15,46,4,12
0,8,9.0,124,6,14,0,0,77,3,12
0,8,9.0,124,6,9,0,9,93,3,12
0,8,9.0,124,6,13,1,15,114,1,12
0,8,9.0,124,6,11,0,3,30,2,12
0,8,27.0,78,2,16,0,10,23,1,15
0,8,27.0,78,2,16,0,5,12,0,15
0,8,27.0,78,2,16,0,0,12,0,15
0,8,27.0,78,2,1,0,0,77,1,15
0,8,27.0,78,2,4,0,7,8,3,15
1,11,28.0,123,5,5,1,11,18,0,18
0,6,7.0,169,2,18,0,14,24,1,11
0,6,7.0,169,2,1,1,3,4,0,11
0,6,15.0,49,4,9,3,11,15,4,1
0,4,17.0,19,1,18,1,16,139,1,6
1,11,5.0,240,2,0,0,0,0,1,24
1,11,5.0,240,2,17,2,8,9,3,24
1,11,5.0,240,2,19,0,0,77,1,24
0,4,7.0,133,6,6,0,2,2,1,11
0,4,7.0,133,6,11,0,14,131,3,11
0,4,7.0,133,6,15,2,1,16,1,11
0,4,7.0,133,6,4,0,3,44,3,11
0,4,7.0,133,6,1,0,2,2,3,11
0,4,7.0,133,6,22,0,8,41,2,11
0,4,10.0,79,1,7,0,4,75,3,4
0,4,10.0,79,1,3,0,11,55,1,4
0,9,13.0,91,0,12,3,5,0,2,25
1,4,30.0,139,3,6,0,16,74,3,19
1,2,7.0,153,0,5,0,10,47,0,11
0,11,23.0,232,0,19,3,1,59,3,17
0,9,14.0,106,1,1,0,1,35,1,5
0,9,14.0,106,1,9,1,7,20,1,5
0,9,16.0,107,4,17,0,9,101,1,2
1,2,7.0,153,0,15,1,13,99,4,11
1,1,16.0,2,1,19,0,0,26,0,2
0,11,23.0,232,0,14,3,1,105,0,17
1,2,7.0,153,0,12,1,16,37,2,11
1,1,16.0,2,1,1,1,9,83,4,2
0,7,9.0,273,4,13,1,13,28,0,12
0,11,25.0,88,2,11,0,13,38,2,13
0,3,22.0,166,6,18,0,5,12,3,26
1,2,8.0,258,1,1,0,10,23,1,8
1,8,7.0,70,2,13,0,8,118,1,11
0,11,23.0,232,0,4,1,7,54,4,17
0,5,23.0,168,1,1,0,7,57,3,17
1,2,16.0,220,2,2,2,5,6,0,2
0,11,31.0,227,1,7,1,9,27,0,20
0,11,31.0,227,1,6,1,8,41,1,20
0,11,31.0,227,1,19,2,2,92,3,20
0,11,31.0,227,1,1,0,8,41,2,20
0,9,5.0,89,3,2,2,16,72,1,24
0,9,5.0,89,3,8,0,8,41,1,24
0,7,5.0,204,3,3,1,12,84,1,24
0,7,24.0,68,5,3,1,16,108,4,14
0,9,5.0,89,3,14,0,4,5,2,24
0,11,24.0,194,1,17,1,4,75,1,14
0,9,13.0,91,0,5,0,14,24,2,25
0,9,13.0,91,0,15,1,11,55,4,25
0,9,14.0,106,1,16,0,5,12,0,5
1,10,4.0,356,0,8,0,13,48,3,30
1,10,4.0,356,0,19,0,16,130,3,30
1,10,12.0,333,1,7,0,2,92,0,28
1,10,12.0,333,1,17,2,9,27,3,28
1,10,12.0,333,1,14,0,9,63,4,28
1,10,12.0,333,1,5,0,1,59,3,28
1,10,12.0,333,1,3,2,5,64,3,28
1,10,30.0,157,6,22,0,15,51,0,19
1,10,30.0,157,6,8,0,8,19,3,19
1,10,30.0,157,6,16,2,9,49,3,19
1,10,30.0,157,6,22,2,2,2,3,19
1,10,30.0,157,6,1,0,16,37,3,19
1,10,31.0,135,3,16,1,10,47,0,20
1,10,31.0,135,3,16,2,2,92,1,20
1,10,31.0,135,3,3,0,7,137,1,20
1,10,31.0,135,3,2,0,1,35,4,20
1,10,31.0,135,3,18,0,9,49,3,20
1,1,4.0,286,4,0,1,11,55,4,30
1,1,4.0,286,4,3,1,6,7,1,30
1,7,12.0,181,6,17,0,1,67,0,28
1,10,29.0,318,5,18,1,9,57,4,16
1,4,15.0,132,6,1,0,2,123,1,1
1,4,15.0,132,6,1,1,3,76,4,1
1,4,22.0,152,6,23,2,4,82,3,26
1,4,22.0,152,6,23,0,2,71,4,26
1,2,6.0,251,3,18,0,0,26,1,23
0,11,30.0,170,0,1,0,11,15,1,19
0,7,22.0,211,2,17,0,6,7,2,26
1,9,6.0,51,3,7,1,2,40,1,23
1,1,4.0,286,4,9,0,0,26,3,30
1,1,5.0,219,5,12,2,1,11,0,24
1,1,13.0,207,6,1,0,6,89,3,25
1,1,15.0,1,0,16,0,3,44,3,1
1,1,15.0,1,0,16,1,13,28,1,1
1,1,15.0,1,0,21,0,13,36,3,1
1,5,29.0,24,3,22,1,14,97,4,16
1,6,14.0,173,1,16,0,0,26,1,5
1,6,14.0,173,1,14,0,1,81,4,5
1,6,23.0,84,4,16,1,8,41,2,17
1,6,23.0,84,4,22,0,9,95,0,17
1,6,23.0,84,4,4,0,5,6,3,17
1,6,23.0,84,4,4,0,7,31,3,17
1,6,29.0,335,2,0,2,16,37,3,16
1,10,12.0,333,1,16,2,10,22,3,28
1,10,12.0,333,1,13,0,2,86,0,28
1,10,30.0,157,6,4,0,9,83,1,19
1,10,31.0,135,3,6,0,2,69,4,20
1,10,31.0,135,3,22,1,4,127,4,20
1,10,30.0,157,6,17,3,7,129,2,19
0,4,9.0,18,0,4,0,3,115,1,12
1,8,13.0,189,1,5,0,3,115,1,25
1,0,16.0,11,5,6,0,10,43,1,2
0,4,9.0,18,0,8,1,9,93,4,12
1,8,22.0,354,4,21,1,9,134,4,26
1,9,22.0,92,1,4,3,12,17,3,26
1,0,16.0,11,5,3,0,5,6,0,2
1,5,6.0,277,5,20,0,9,109,2,23
1,8,22.0,354,4,3,1,2,2,1,26
1,0,16.0,11,5,6,1,16,50,0,2
1,10,16.0,201,6,11,1,12,104,4,2
1,4,7.0,133,5,17,0,1,11,4,11
0,11,6.0,252,5,22,1,9,49,1,23
1,1,14.0,183,3,18,1,6,91,0,5
1,4,7.0,133,5,13,1,3,115,4,11
1,3,6.0,303,2,17,0,12,84,1,23
1,8,5.0,101,0,1,0,2,2,3,24
1,3,14.0,33,4,21,1,0,15,0,5
1,2,6.0,251,3,9,1,13,29,0,23
1,4,31.0,67,0,13,0,16,139,2,20
1,2,15.0,130,1,16,0,0,26,0,1
1,0,15.0,190,4,13,0,16,74,1,1
1,0,31.0,290,6,19,1,16,108,4,20
1,0,15.0,190,4,17,1,10,23,0,1
0,11,13.0,312,5,19,1,2,69,4,25
1,4,7.0,133,5,16,0,4,4,0,11
1,4,7.0,133,5,3,0,4,136,2,11
1,4,8.0,292,6,4,0,0,12,3,8
1,4,8.0,292,6,5,1,12,56,4,8
1,4,14.0,345,5,13,0,16,130,3,5
1,4,14.0,345,5,2,0,9,95,4,5
1,4,14.0,345,5,19,1,10,23,1,5
1,4,16.0,25,3,3,2,13,28,3,2
1,4,16.0,25,3,15,0,9,93,0,2
1,4,16.0,25,3,13,2,9,49,3,2
1,4,16.0,25,3,10,0,3,30,0,2
0,9,8.0,90,2,3,0,8,9,4,8
0,9,8.0,90,2,8,1,1,35,4,8
0,9,8.0,90,2,14,1,14,110,0,8
0,9,14.0,106,1,16,0,2,123,4,5
0,9,14.0,106,1,16,1,14,32,0,5
0,9,14.0,106,1,0,0,5,6,1,5
0,9,14.0,106,1,3,0,12,17,0,5
0,9,14.0,106,1,15,1,0,26,0,5
0,9,14.0,106,1,1,0,5,12,3,5
0,11,14.0,147,6,18,1,6,89,4,5
0,9,14.0,106,1,14,0,12,17,2,5
0,9,16.0,107,4,6,1,13,21,0,2
0,9,16.0,107,4,5,0,14,110,1,2
0,9,16.0,107,4,0,1,14,34,0,2
0,9,16.0,107,4,0,1,16,50,0,2
0,9,16.0,107,4,14,0,11,94,1,2
0,9,22.0,92,2,6,0,2,92,1,26
0,11,25.0,88,2,13,0,5,12,2,13
0,7,6.0,93,0,11,0,14,32,0,23
0,7,8.0,94,2,5,0,13,29,1,8
0,7,16.0,40,4,12,0,11,133,2,2
0,7,17.0,95,5,6,0,10,23,3,6
0,7,16.0,40,4,14,0,9,95,1,2
0,7,17.0,95,5,8,0,8,27,1,6
0,7,17.0,95,5,19,1,3,30,1,6
0,7,25.0,41,6,8,0,13,99,4,13
0,7,25.0,41,6,23,1,8,33,1,13
0,11,22.0,250,3,11,0,16,37,2,26
0,11,22.0,250,3,19,1,14,107,0,26
1,11,11.0,175,1,9,2,1,105,4,9
1,11,11.0,175,1,19,0,0,53,4,9
1,3,5.0,324,1,9,1,4,66,0,24
1,3,12.0,104,1,0,2,14,25,3,28
1,3,14.0,33,4,9,0,2,86,1,5
1,3,20.0,105,2,17,0,2,86,4,29
1,3,20.0,105,2,6,2,1,16,3,29
1,3,20.0,105,2,6,1,11,55,4,29
1,3,22.0,166,5,5,1,2,86,4,26
1,3,22.0,166,5,9,0,8,27,1,26
1,3,22.0,166,5,20,1,13,36,4,26
1,3,28.0,187,4,7,0,10,47,0,18
1,3,28.0,187,4,18,0,13,38,4,18
1,5,5.0,96,4,16,0,0,12,0,24
1,5,5.0,96,4,21,1,9,27,0,24
1,5,5.0,96,4,8,0,2,86,2,24
1,5,5.0,96,4,19,0,13,36,1,24
1,5,15.0,200,3,22,0,6,14,4,1
1,5,15.0,200,3,13,1,12,83,4,1
1,5,15.0,200,3,22,0,13,21,1,1
1,5,15.0,200,3,15,1,12,56,1,1
1,5,15.0,200,3,4,3,0,53,0,1
1,5,29.0,24,3,14,1,15,46,4,16
1,6,4.0,159,6,19,0,9,102,0,30
1,6,4.0,159,6,8,2,2,92,3,30
1,6,4.0,159,6,14,0,0,53,0,30
1,2,16.0,220,2,5,1,0,53,0,2
1,2,16.0,220,2,23,0,6,14,2,2
1,0,16.0,11,5,15,0,5,6,0,2
1,0,16.0,11,5,3,0,13,28,2,2
1,0,16.0,11,5,12,1,10,22,4,2
1,0,16.0,11,5,13,0,16,50,2,2
1,0,16.0,11,5,3,0,7,20,2,2
1,8,7.0,70,2,8,1,0,26,0,11
1,0,16.0,11,5,4,0,10,52,1,2
0,11,6.0,252,5,19,2,2,71,3,23
1,4,14.0,345,5,13,0,11,98,2,5
0,11,6.0,252,5,14,0,16,113,1,23
0,11,7.0,253,6,21,1,11,15,0,11
0,11,7.0,253,6,9,1,4,4,4,11
0,11,14.0,147,6,17,0,11,18,1,5
0,11,14.0,147,6,11,0,8,118,0,5
0,11,14.0,147,6,8,0,2,40,1,5
0,11,14.0,147,6,22,0,11,18,1,5
0,11,14.0,147,6,4,0,8,41,0,5
0,11,23.0,232,0,17,0,0,26,1,17
0,11,23.0,232,0,16,2,3,115,3,17
1,4,14.0,345,5,12,0,0,77,3,5
1,4,14.0,345,5,9,0,8,27,1,5
1,4,14.0,345,5,1,1,11,133,4,5
1,4,16.0,25,3,13,0,11,15,3,2
1,1,13.0,207,6,8,1,13,69,4,25
1,8,7.0,70,2,17,1,3,70,4,11
1,8,7.0,70,2,18,0,15,31,2,11
1,8,19.0,280,0,3,0,9,54,2,10
1,11,1.0,222,6,13,0,4,82,1,7
1,9,27.0,179,3,20,0,16,50,4,15
1,8,7.0,70,2,17,0,2,40,1,11
1,8,13.0,189,1,16,0,15,46,3,25
1,8,13.0,189,1,15,0,2,40,4,25
1,8,22.0,354,4,11,0,0,77,2,26
1,8,22.0,354,4,15,1,3,44,4,26
1,4,7.0,133,5,22,0,2,69,0,11
1,4,7.0,133,5,22,2,1,59,0,11
1,4,7.0,133,5,12,0,4,79,4,11
1,4,7.0,133,5,2,1,6,7,4,11
1,4,8.0,292,6,13,1,1,1,4,8
1,4,8.0,292,6,16,0,13,48,3,8
1,4,8.0,292,6,5,1,14,97,4,8
1,4,8.0,292,6,1,0,6,7,4,8
1,4,14.0,345,5,17,1,0,26,0,5
1,4,14.0,345,5,20,0,12,83,4,5
1,4,14.0,345,5,13,2,13,13,3,5
1,4,14.0,345,5,2,0,15,31,4,5
1,4,14.0,345,5,14,0,14,34,1,5
1,4,16.0,25,3,13,0,12,17,1,2
1,4,16.0,25,3,15,1,1,16,4,2
1,4,16.0,25,3,8,0,16,50,3,2
1,4,16.0,25,3,8,2,10,47,2,2
1,4,16.0,25,3,1,1,10,47,2,2
1,4,23.0,30,3,17,3,2,2,3,17
1,4,23.0,30,3,18,0,2,40,1,17
1,4,23.0,30,3,9,0,12,61,3,17
1,4,25.0,20,1,17,2,11,15,3,13
1,4,25.0,20,1,0,2,0,26,3,13
1,4,25.0,20,1,21,2,6,7,0,13
1,4,25.0,20,1,4,0,2,71,4,13
1,4,30.0,139,3,22,2,14,106,2,19
1,4,30.0,139,3,20,1,2,69,4,19
1,2,7.0,153,0,17,1,11,15,4,11
1,2,7.0,153,0,2,0,10,47,3,11
1,2,7.0,153,0,14,0,10,23,1,11
1,2,7.0,153,0,11,1,11,18,1,11
1,2,8.0,258,1,17,2,13,48,3,8
1,2,8.0,258,1,15,0,6,89,3,8
1,2,8.0,258,1,15,0,11,94,3,8
1,11,14.0,147,5,13,0,11,8,4,5
1,11,12.0,118,2,16,0,9,54,1,28
1,11,30.0,170,3,1,1,9,93,4,19
1,11,31.0,227,0,3,3,15,46,3,20
1,9,23.0,167,2,6,3,0,85,3,17
1,9,28.0,315,0,14,1,8,41,1,18
1,10,20.0,223,2,9,2,5,12,3,29
1,1,18.0,82,4,16,1,0,77,1,0
1,10,20.0,223,2,4,1,13,21,2,29
1,1,18.0,82,4,3,0,16,50,3,0
1,10,2.0,358,6,22,0,6,116,4,22
1,1,18.0,82,4,4,0,8,19,3,0
1,1,20.0,151,6,23,0,1,16,3,29
1,4,1.0,144,6,17,3,15,114,1,7
1,1,20.0,151,6,7,1,14,25,0,29
1,2,17.0,6,4,19,0,16,72,0,6
0,9,25.0,344,6,23,0,9,58,4,13
1,2,17.0,6,4,18,0,12,80,1,6
0,9,23.0,167,4,3,2,9,27,3,17
0,7,7.0,293,1,6,0,2,13,0,11
1,2,23.0,230,2,20,0,8,41,4,17
1,2,23.0,230,2,12,0,8,9,1,17
0,7,7.0,293,1,12,0,11,6,2,11
1,6,8.0,59,2,13,0,11,15,2,8
0,3,17.0,54,0,2,2,13,13,3,6
1,2,23.0,230,2,1,0,5,64,1,17
1,2,23.0,230,2,10,0,5,12,3,17
1,2,24.0,22,4,12,1,11,55,4,14
1,2,24.0,22,4,22,1,11,10,4,14
1,0,5.0,122,0,11,1,4,82,1,24
1,0,6.0,260,1,6,0,14,131,1,23
0,5,25.0,350,4,11,0,10,22,3,13
1,0,6.0,260,1,16,0,13,123,4,23
1,9,21.0,362,0,22,1,5,6,0,21
1,5,4.0,114,2,11,0,14,107,4,30
1,5,6.0,277,5,8,0,0,15,0,23
1,5,6.0,277,5,4,0,8,41,4,23
1,5,6.0,277,5,4,0,9,27,0,23
1,8,3.0,363,6,18,1,2,86,0,27
1,3,21.0,338,4,20,3,11,133,0,21
1,5,20.0,214,5,12,2,4,127,0,29
1,5,31.0,196,1,3,0,8,9,1,20
1,6,30.0,145,4,0,0,10,47,0,19
0,3,2.0,120,3,12,1,12,84,0,22
1,6,30.0,145,4,22,0,1,11,4,19
1,6,30.0,145,4,12,0,6,7,2,19
1,11,16.0,225,3,12,0,2,2,2,2
1,9,8.0,90,1,22,1,9,10,4,8
1,11,23.0,232,3,11,1,5,12,2,17
1,8,16.0,73,5,15,1,13,21,1,2
0,3,26.0,343,2,15,1,13,36,4,3
1,11,24.0,194,0,3,3,8,118,1,14
1,11,24.0,194,0,18,0,5,12,0,14
1,5,2.0,307,0,1,0,9,102,1,22
1,3,10.0,4,3,12,1,11,15,0,4
1,10,19.0,117,1,5,1,2,40,0,10
1,3,19.0,138,1,13,1,2,2,2,10
1,6,11.0,355,6,4,1,0,15,2,9
1,0,4.0,229,3,17,0,0,26,1,30
1,1,11.0,111,4,4,0,8,27,1,9
1,8,2.0,77,5,23,0,16,37,2,22
1,4,27.0,274,4,1,0,16,108,3,15
1,0,30.0,228,5,12,3,12,80,0,19
1,2,3.0,282,4,13,1,2,86,1,27
0,5,7.0,349,3,17,0,9,49,4,11
1,2,3.0,282,4,13,1,2,86,1,27
0,3,21.0,338,5,10,0,9,83,3,21
1,0,4.0,229,3,19,2,2,69,1,30
1,5,12.0,327,4,8,0,11,117,1,28
1,1,29.0,112,0,22,1,2,2,4,16
1,2,5.0,127,6,20,1,14,97,4,24
1,1,6.0,97,6,8,0,6,89,1,23
1,2,22.0,209,1,14,1,11,90,0,26
1,8,15.0,72,4,17,0,1,105,3,1
0,9,24.0,272,5,18,2,10,22,3,14
0,3,16.0,263,3,1,1,13,21,0,2
1,9,3.0,217,4,22,3,4,75,4,27
1,6,30.0,145,4,18,0,3,30,1,19
1,10,5.0,336,1,17,0,2,2,0,24
1,10,5.0,336,1,6,1,16,72,0,24
1,10,5.0,336,1,12,2,6,14,1,24
1,10,5.0,336,1,1,2,8,27,0,24
1,10,5.0,336,1,18,1,4,138,2,24
1,10,6.0,242,2,22,3,15,96,0,23
1,10,5.0,336,1,3,1,7,120,1,24
1,10,6.0,242,2,14,0,6,89,3,23
1,5,23.0,168,0,4,3,1,105,3,17
1,5,7.0,349,6,16,0,10,47,0,11
1,10,14.0,174,4,23,1,5,6,0,5
1,10,14.0,174,4,22,0,3,103,0,5
1,10,14.0,174,4,4,0,2,2,1,5
1,10,15.0,60,5,23,0,16,50,1,1
1,10,15.0,60,5,12,0,2,3,2,1
1,10,16.0,201,6,22,0,5,6,3,2
1,10,16.0,201,6,4,1,6,89,4,2
1,10,16.0,201,6,18,0,15,46,1,2
1,10,15.0,60,5,23,1,2,71,4,1
1,10,22.0,314,5,3,0,5,12,1,26
1,10,22.0,314,5,4,0,14,24,0,26
1,1,14.0,183,3,8,0,11,18,2,5
1,1,30.0,100,1,12,2,9,63,0,19
1,1,30.0,100,1,18,0,10,22,1,19
1,8,5.0,101,0,17,0,7,62,1,24
1,8,5.0,101,0,22,1,11,133,4,24
1,8,14.0,296,2,7,1,15,96,1,5
1,8,14.0,296,2,14,2,16,50,3,5
1,8,14.0,296,2,12,1,1,81,4,5
1,8,16.0,73,5,15,0,0,64,1,2
1,8,16.0,73,5,5,1,16,50,4,2
1,8,16.0,73,5,2,0,13,29,0,2
1,6,8.0,59,2,4,0,16,74,1,8
0,3,17.0,54,0,1,0,1,105,4,6
0,9,25.0,344,6,8,0,13,38,2,13
0,5,25.0,350,4,15,0,10,47,3,13
1,2,26.0,3,6,13,0,2,123,2,3
1,8,3.0,363,6,3,1,13,13,1,27
0,3,25.0,347,1,4,0,10,52,2,13
1,6,9.0,236,4,20,0,16,72,1,12
1,8,16.0,73,5,12,0,1,1,3,2
0,5,7.0,349,3,19,0,14,24,3,11
0,5,25.0,350,4,3,2,1,105,3,13
0,5,25.0,350,4,19,0,6,7,0,13
0,5,31.0,196,2,6,0,2,35,3,20
0,5,31.0,196,2,16,0,0,26,1,20
0,9,17.0,255,5,22,1,10,22,1,6
0,5,31.0,196,2,7,1,2,123,0,20
0,6,6.0,83,1,16,0,14,131,1,23
0,6,6.0,83,1,13,0,1,35,3,23
0,6,6.0,83,1,9,0,10,47,0,23
0,6,17.0,244,6,15,0,10,23,1,6
0,6,17.0,244,6,14,0,0,68,3,6
0,6,18.0,308,3,17,0,16,72,1,0
0,6,18.0,308,3,5,0,9,87,1,0
0,6,17.0,244,6,3,0,10,52,3,6
0,6,18.0,308,3,19,0,7,20,1,0
0,5,7.0,349,3,14,0,1,100,3,11
0,5,7.0,349,3,2,2,16,37,3,11
0,5,7.0,349,3,11,1,11,15,1,11
0,5,8.0,199,0,11,0,1,35,4,8
0,5,8.0,199,0,3,1,15,46,4,8
0,5,17.0,212,2,6,2,2,123,3,6
0,5,17.0,212,2,16,0,5,6,3,6
0,5,17.0,212,2,7,1,14,25,0,6
0,5,17.0,212,2,4,0,4,82,3,6
0,5,17.0,212,2,22,0,14,24,3,6
0,5,31.0,196,2,3,1,10,47,1,20
0,6,6.0,83,1,12,0,11,133,2,23
1,2,21.0,108,0,15,0,3,30,3,21
1,2,20.0,264,3,3,0,8,9,2,29
1,2,21.0,108,0,12,0,6,7,0,21
1,2,21.0,108,0,19,1,6,14,4,21
1,4,18.0,26,1,19,3,3,115,4,0
1,2,26.0,3,6,6,1,9,109,0,3
1,2,26.0,3,6,10,1,14,25,0,3
0,7,13.0,238,0,11,1,5,64,1,25
0,7,13.0,238,0,3,1,9,109,4,25
1,2,21.0,108,0,1,2,15,108,3,21
1,2,26.0,3,6,2,2,7,122,3,3
1,2,11.0,297,5,8,1,7,57,1,9
1,2,18.0,7,5,16,2,8,19,0,0
1,2,18.0,7,5,20,2,15,31,2,0
1,2,18.0,7,5,2,1,12,135,1,0
1,2,20.0,264,3,22,1,0,68,4,29
1,2,20.0,264,3,13,1,0,68,4,29
1,2,21.0,108,0,22,1,14,32,4,21
1,2,21.0,108,0,12,0,4,66,4,21
1,2,21.0,108,0,4,3,12,104,0,21
1,2,21.0,108,0,4,0,8,41,0,21
1,2,21.0,108,0,13,1,16,50,1,21
0,3,3.0,182,0,16,1,9,9,0,27
1,4,27.0,274,4,19,1,12,83,4,15
1,8,18.0,75,3,17,3,9,95,0,0
1,0,18.0,0,3,14,0,4,29,1,0
1,11,9.0,311,3,15,1,2,2,1,12
0,11,4.0,275,2,14,2,10,22,3,30
0,5,20.0,214,6,4,0,6,89,2,29
1,11,16.0,225,3,17,0,2,86,1,2
1,3,19.0,138,1,16,1,6,7,0,10
1,10,20.0,223,2,16,1,8,19,0,29
1,7,24.0,68,4,19,1,2,86,4,14
1,3,10.0,4,3,3,1,8,65,2,4
1,1,28.0,300,3,9,0,2,92,4,18
1,8,29.0,301,4,14,3,2,2,3,16
1,8,2.0,77,5,22,1,7,120,4,22
1,8,2.0,77,5,19,2,10,47,3,22
0,6,17.0,244,6,5,1,3,103,4,6
0,6,18.0,308,3,11,0,7,62,4,0
0,6,18.0,308,3,8,1,13,69,4,0
0,6,18.0,308,3,22,1,8,118,4,0
0,6,18.0,308,3,9,0,9,93,3,0
0,6,23.0,84,5,17,0,10,22,3,17
0,6,23.0,84,5,23,1,13,38,4,17
0,6,23.0,84,5,3,1,8,118,4,17
0,6,26.0,348,0,9,2,10,47,3,3
0,5,25.0,350,4,4,0,12,61,3,13
0,5,25.0,350,4,3,1,6,89,2,13
0,5,31.0,196,2,16,0,0,12,0,20
0,5,31.0,196,2,7,1,1,105,0,20
0,5,31.0,196,2,9,0,16,50,1,20
0,5,31.0,196,2,1,0,2,92,1,20
0,6,6.0,83,1,0,2,9,93,3,23
0,6,6.0,83,1,11,1,2,92,4,23
0,6,17.0,244,6,11,0,5,12,3,6
0,6,17.0,244,6,22,1,14,106,4,6
0,6,17.0,244,6,6,2,0,53,3,6
0,6,17.0,244,6,8,0,13,29,1,6
0,6,17.0,244,6,22,1,14,25,1,6
0,3,17.0,54,0,17,0,5,12,2,6
0,7,14.0,125,1,12,0,4,121,1,5
1,2,26.0,3,6,19,0,3,79,3,3
1,4,12.0,134,2,8,0,4,66,1,28
0,5,7.0,349,3,3,2,8,65,3,11
0,5,7.0,349,3,1,0,14,88,1,11
1,6,9.0,236,4,2,2,8,27,3,12
1,2,26.0,3,6,12,0,8,27,3,3
0,7,14.0,125,1,19,1,12,83,4,5
0,5,7.0,349,3,1,0,3,115,3,11
1,4,18.0,26,1,19,0,8,9,0,0
0,11,30.0,170,0,13,0,0,53,1,19
0,5,7.0,349,3,23,1,15,112,1,11
0,3,24.0,357,0,4,0,16,108,1,14
1,0,2.0,47,5,3,0,11,117,3,22
0,7,14.0,125,1,1,0,8,9,3,5
0,3,24.0,357,0,19,0,10,47,2,14
0,3,25.0,347,1,6,2,4,75,3,13
0,3,25.0,347,1,7,0,13,29,1,13
0,3,26.0,343,2,17,0,5,6,0,3
0,5,7.0,349,3,23,0,3,30,4,11
0,5,7.0,349,3,9,0,15,77,3,11
0,5,7.0,349,3,9,2,6,7,3,11
0,5,7.0,349,3,15,1,14,25,1,11
0,9,14.0,106,1,15,1,10,23,1,5
1,2,7.0,153,0,20,0,2,86,2,11
0,7,6.0,93,0,1,1,13,48,0,23
0,7,6.0,93,0,14,3,5,64,3,23
1,9,11.0,52,5,18,1,12,58,0,9
1,9,11.0,52,5,13,0,16,37,2,9
1,9,19.0,234,6,4,0,13,28,4,10
1,9,19.0,234,6,11,0,1,81,2,10
1,3,14.0,33,4,18,0,10,22,1,5
1,3,20.0,105,2,13,0,16,113,1,29
1,9,28.0,315,0,20,0,11,129,3,18
1,9,23.0,167,2,2,1,13,99,4,17
1,10,4.0,356,0,18,0,3,115,4,30
1,8,13.0,189,1,18,0,14,25,1,25
1,2,16.0,220,2,3,0,2,92,1,2
1,4,20.0,115,4,10,1,6,73,1,29
1,4,20.0,115,4,1,1,11,133,4,29
1,4,28.0,218,5,22,0,14,24,3,18
1,4,28.0,218,5,8,0,8,33,1,18
1,4,28.0,218,5,11,0,9,93,2,18
1,4,28.0,218,5,8,2,0,68,3,18
0,11,12.0,118,4,13,0,11,117,1,28
0,9,20.0,119,0,19,1,13,48,0,29
1,4,28.0,218,5,23,1,16,113,1,18
1,2,2.0,143,2,6,0,8,33,3,22
1,2,2.0,143,2,3,0,10,22,1,22
1,2,4.0,254,5,8,2,0,15,3,30
1,8,1.0,66,4,8,0,6,7,3,7
1,8,1.0,66,4,1,2,12,104,3,7
1,8,1.0,66,4,9,0,7,122,2,7
1,2,21.0,108,0,13,3,1,67,4,21
1,6,1.0,158,2,17,0,6,14,1,7
0,11,12.0,118,4,8,0,13,69,2,28
0,11,11.0,175,2,3,0,15,51,0,9
1,8,3.0,363,6,17,0,4,121,1,27
1,8,3.0,363,6,14,0,4,75,1,27
0,5,8.0,199,0,21,1,7,111,0,8
0,5,8.0,199,0,21,2,5,6,0,8
0,5,8.0,199,0,7,0,2,2,1,8
0,5,7.0,349,3,15,2,16,50,3,11
0,5,8.0,199,0,19,0,10,22,1,8
0,5,8.0,199,0,18,0,3,103,3,8
0,5,7.0,349,3,13,0,13,48,2,11
0,5,15.0,200,0,13,0,8,27,3,1
0,5,15.0,200,0,19,0,14,126,1,1
0,5,15.0,200,0,5,0,14,24,3,1
0,5,15.0,200,0,17,1,11,18,1,1
0,5,15.0,200,0,20,1,1,59,4,1
0,5,15.0,200,0,11,1,13,29,4,1
0,5,17.0,212,2,16,0,0,0,0,6
0,5,17.0,212,2,23,0,13,48,4,6
0,5,17.0,212,2,14,0,10,47,3,6
0,5,25.0,350,4,13,2,16,130,3,13
0,7,7.0,293,1,6,0,14,32,1,11
0,7,7.0,293,1,8,2,1,1,0,11
0,7,14.0,125,1,21,2,0,31,3,5
0,7,22.0,211,2,0,0,5,6,0,26
1,8,2.0,77,5,9,0,10,47,3,22
1,6,19.0,291,3,3,3,3,103,0,10
1,10,25.0,56,0,15,0,13,29,3,13
1,7,7.0,293,0,2,1,14,25,4,11
1,3,9.0,44,6,19,3,10,12,2,12
1,11,23.0,232,3,15,0,14,106,2,17
1,3,27.0,361,2,17,0,0,26,1,15
1,6,3.0,99,5,21,1,5,64,1,27
1,10,20.0,223,2,13,0,2,86,1,29
1,1,27.0,262,6,11,1,0,26,0,15
1,10,26.0,61,1,13,0,13,28,1,3
1,0,4.0,229,3,19,1,8,41,1,30
1,1,27.0,262,6,12,0,13,38,0,15
1,4,17.0,19,0,9,0,0,64,4,6
1,4,17.0,19,0,8,1,9,27,2,6
1,4,27.0,274,4,20,0,15,31,3,15
0,11,3.0,288,1,21,3,3,44,0,27
0,11,2.0,265,0,5,1,10,47,0,22
0,3,24.0,357,0,3,0,16,37,0,14
1,4,22.0,152,6,22,1,12,80,1,26
1,0,2.0,47,5,13,3,13,48,0,22
0,5,8.0,199,0,22,0,10,47,3,8
0,9,15.0,226,2,17,0,16,42,1,1
0,3,24.0,357,0,1,0,10,47,1,14
1,0,2.0,47,5,19,0,13,38,4,22
0,5,15.0,200,0,1,0,13,29,1,1
1,4,31.0,67,0,19,1,4,82,4,20
1,0,6.0,260,1,20,0,4,66,1,23
1,4,18.0,26,1,11,1,2,2,2,0
0,5,15.0,200,0,19,0,4,138,3,1
0,9,15.0,226,2,8,0,5,6,0,1
1,0,2.0,47,5,20,0,1,67,4,22
1,4,31.0,67,0,4,2,2,13,0,20
1,0,6.0,260,1,3,0,0,12,1,23
1,4,20.0,115,4,5,1,15,112,4,29
0,5,17.0,212,2,17,1,0,96,1,6
0,3,25.0,347,1,3,0,14,25,3,13
0,9,15.0,226,2,2,1,9,95,2,1
1,0,12.0,113,0,16,0,2,40,1,28
1,0,12.0,113,0,22,0,16,72,1,28
1,0,20.0,172,1,6,0,0,12,3,29
1,0,20.0,172,1,12,0,5,6,0,29
1,0,26.0,14,0,9,0,4,4,1,3
1,0,27.0,23,1,12,1,2,86,4,15
1,8,21.0,46,2,17,0,12,17,4,21
1,8,21.0,46,2,19,0,1,81,1,21
1,8,24.0,85,6,16,0,0,15,3,14
1,8,24.0,85,6,13,0,5,12,3,14
1,8,24.0,85,6,22,0,3,79,2,14
1,8,24.0,85,6,12,0,15,114,1,14
1,8,25.0,86,3,13,2,0,0,3,13
1,8,24.0,85,6,8,0,10,47,2,14
1,8,30.0,103,5,13,0,11,124,1,19
1,8,30.0,103,5,14,0,3,30,4,19
1,4,13.0,221,4,17,2,4,66,1,25
1,4,31.0,67,0,16,0,0,15,0,20
1,4,31.0,67,0,11,0,14,131,1,20
1,4,31.0,67,0,4,2,8,9,3,20
1,2,17.0,6,4,22,0,13,99,2,6
1,2,17.0,6,4,1,0,2,2,2,6
1,2,23.0,230,2,21,0,5,12,3,17
1,2,23.0,230,2,21,1,11,15,0,17
1,2,23.0,230,2,11,0,9,95,3,17
1,2,24.0,22,4,5,0,1,1,3,14
1,2,24.0,22,4,11,0,13,21,1,14
1,2,24.0,22,4,3,0,8,33,2,14
1,2,24.0,22,4,22,0,10,52,3,14
1,0,5.0,122,0,1,0,10,43,2,24
1,0,5.0,122,0,2,1,15,112,4,24
1,0,7.0,15,2,17,1,6,7,0,11
1,0,7.0,15,2,17,0,1,16,4,11
1,0,8.0,9,4,20,1,3,79,0,8
1,0,8.0,9,4,4,0,11,8,1,8
1,0,8.0,9,4,14,0,13,48,1,8
1,0,8.0,9,4,9,0,11,94,1,8
1,0,9.0,48,5,12,3,16,37,3,12
1,0,9.0,48,5,13,1,10,52,2,12
1,0,27.0,23,1,8,3,13,99,0,15
0,11,9.0,311,0,8,0,12,104,3,12
0,11,9.0,311,0,12,0,6,14,1,12
0,11,9.0,311,0,4,2,10,22,0,12
0,11,9.0,311,0,10,1,14,25,0,12
0,11,10.0,360,1,16,0,7,20,0,4
0,11,10.0,360,1,10,1,5,6,0,4
1,2,4.0,254,5,8,2,1,59,3,30
1,2,4.0,254,5,1,2,10,23,3,30
1,2,18.0,7,5,22,2,16,42,3,0
1,2,18.0,7,5,2,0,16,50,1,0
1,2,18.0,7,5,12,0,0,64,0,0
1,2,18.0,7,5,20,1,2,2,4,0
1,2,20.0,264,3,6,0,14,131,1,29
1,2,18.0,7,5,8,0,0,85,1,0
1,2,20.0,264,3,10,1,1,59,1,29
1,2,20.0,264,3,3,1,1,59,1,29
1,2,20.0,264,3,20,1,1,59,1,29
1,2,20.0,264,3,20,1,1,59,1,29
1,2,20.0,264,3,19,2,11,117,0,29
1,0,14.0,5,2,16,2,9,95,3,5
1,0,15.0,190,4,15,0,1,67,0,1
1,0,15.0,190,4,5,1,14,32,4,1
1,0,15.0,190,4,18,0,1,11,4,1
0,5,8.0,199,0,8,0,14,107,3,8
0,5,8.0,199,0,9,0,6,89,1,8
0,5,8.0,199,0,12,1,12,61,1,8
0,5,8.0,199,0,1,0,12,100,4,8
0,5,15.0,200,0,14,0,13,28,3,1
0,5,17.0,212,2,16,1,7,111,2,6
0,5,17.0,212,2,16,0,3,76,3,6
0,5,17.0,212,2,22,2,2,40,1,6
1,4,31.0,67,0,4,1,16,72,4,20
1,4,28.0,218,5,21,1,4,45,1,18
0,9,17.0,255,5,15,0,5,6,2,6
0,3,24.0,357,0,13,0,11,117,4,14
0,5,17.0,212,2,5,0,1,105,4,6
1,0,7.0,15,2,7,0,13,38,2,11
1,4,28.0,218,5,1,0,9,93,4,18
1,2,6.0,251,3,4,0,10,23,1,23
0,3,25.0,347,1,12,0,9,87,3,13
0,5,17.0,212,2,6,1,15,119,0,6
0,9,23.0,167,4,20,2,3,76,0,17
1,0,7.0,15,2,9,0,7,78,0,11
1,2,2.0,143,2,17,0,8,9,4,22
1,2,6.0,251,3,22,2,8,9,0,23
0,3,25.0,347,1,6,0,6,116,4,13
0,5,15.0,200,0,22,0,5,6,3,1
0,9,23.0,167,4,3,0,14,107,1,17
1,0,8.0,9,4,6,0,10,47,1,8
1,2,2.0,143,2,0,2,5,12,3,22
1,2,6.0,251,3,1,0,2,2,1,23
0,3,26.0,343,2,0,0,10,47,1,3
0,5,31.0,196,2,6,0,10,47,0,20
1,0,8.0,9,4,22,0,11,18,3,8
1,0,9.0,48,5,6,0,4,4,4,12
1,0,8.0,9,4,14,2,7,20,3,8
1,8,30.0,103,5,17,0,7,111,1,19
1,0,9.0,48,5,4,0,13,28,3,12
1,0,14.0,5,2,17,0,15,39,1,5
1,0,15.0,190,4,21,2,2,86,3,1
1,0,15.0,190,4,11,0,7,20,4,1
1,0,15.0,190,4,8,1,14,25,4,1
1,0,17.0,12,6,0,0,0,96,2,6
1,0,17.0,12,6,13,2,16,74,0,6
1,0,17.0,12,6,3,1,11,18,0,6
1,0,17.0,12,6,5,1,4,66,4,6
1,0,24.0,55,6,22,1,2,86,4,14
1,0,25.0,281,3,1,0,13,29,1,13
1,0,31.0,290,6,22,0,15,31,3,20
1,0,31.0,290,6,12,2,2,69,2,20
0,11,13.0,312,5,19,2,8,27,3,25
0,11,13.0,312,5,1,1,8,33,1,25
0,11,13.0,312,5,11,3,0,96,3,25
1,0,25.0,281,3,19,0,15,96,1,13
0,11,15.0,331,3,12,0,5,6,2,1
0,11,16.0,225,0,17,2,5,12,3,2
0,11,30.0,170,0,16,0,13,28,1,19
0,11,30.0,170,0,22,0,16,50,3,19
0,9,23.0,167,4,8,0,5,6,2,17
0,9,23.0,167,4,2,0,10,22,2,17
0,9,25.0,344,6,12,0,2,71,4,13
0,9,25.0,344,6,1,0,8,9,4,13
0,7,7.0,293,1,11,0,2,3,1,11
0,7,7.0,293,1,1,1,2,2,1,11
0,7,14.0,125,1,6,0,16,37,1,5
0,7,14.0,125,1,20,0,14,34,3,5
0,7,14.0,125,1,15,2,13,38,0,5
0,7,22.0,211,2,16,0,3,30,3,26
1,11,18.0,332,1,18,2,8,9,3,0
1,11,18.0,332,1,19,1,11,15,0,0
1,11,18.0,332,1,20,0,7,78,4,0
1,11,24.0,194,0,4,1,13,38,0,14
1,7,26.0,316,6,13,0,2,123,1,3
1,9,7.0,271,0,9,2,10,22,3,11
1,9,18.0,359,5,15,0,8,27,2,0
1,9,7.0,271,0,9,0,1,105,0,11
1,7,24.0,68,4,11,1,9,54,1,14
1,10,18.0,246,0,22,1,7,54,2,0
1,3,10.0,4,3,4,1,8,65,2,4
1,6,16.0,38,4,9,3,1,35,0,2
1,2,1.0,16,1,6,2,0,68,3,7
1,6,9.0,236,4,9,0,14,24,4,12
1,6,9.0,236,4,8,2,2,2,3,12
1,6,18.0,308,6,9,1,11,124,4,0
1,6,26.0,348,3,5,0,9,95,2,3
1,6,26.0,348,3,22,0,10,22,1,3
1,6,26.0,348,3,14,1,2,71,4,3
1,6,28.0,309,1,6,0,14,126,1,18
1,6,28.0,309,1,16,0,0,12,3,18
1,6,28.0,309,1,18,0,0,15,1,18
1,6,28.0,309,1,18,1,11,124,4,18
1,10,3.0,310,3,5,0,9,93,0,27
1,10,3.0,310,3,8,0,13,38,2,27
1,10,3.0,310,3,4,0,0,77,1,27
1,10,3.0,310,3,20,1,9,134,1,27
1,10,3.0,310,3,12,0,13,29,1,27
1,10,8.0,213,5,19,2,2,2,3,8
1,10,3.0,310,3,8,0,12,135,4,27
1,10,8.0,213,5,18,1,11,90,0,8
1,10,8.0,213,5,1,1,5,0,1,8
1,10,9.0,150,6,2,2,12,80,3,12
1,10,8.0,213,5,1,1,8,19,0,8
1,10,9.0,150,6,1,0,9,95,4,12
1,10,11.0,298,0,2,2,1,59,3,9
1,10,28.0,216,4,0,0,5,12,1,18
1,10,28.0,216,4,9,0,2,69,0,18
0,7,22.0,211,2,18,0,2,86,1,26
0,7,22.0,211,2,18,0,0,26,1,26
0,3,6.0,303,4,8,2,3,103,0,23
0,3,6.0,303,4,19,0,13,28,4,23
0,3,6.0,303,4,12,0,15,119,3,23
1,0,9.0,48,5,20,1,10,23,1,12
1,2,6.0,251,3,18,0,4,82,1,23
0,9,23.0,167,4,5,0,10,43,4,17
1,2,4.0,254,5,16,1,10,47,0,30
1,2,4.0,254,5,4,0,10,47,3,30
0,5,31.0,196,2,21,1,10,47,1,20
1,2,15.0,130,1,17,1,7,120,0,1
1,2,15.0,130,1,7,0,11,15,3,1
1,0,24.0,55,6,22,1,0,85,4,14
0,5,31.0,196,2,15,1,3,103,4,20
0,9,23.0,167,4,1,2,9,93,3,17
1,2,4.0,254,5,22,1,1,1,4,30
1,1,14.0,183,3,12,1,9,54,1,5
0,9,25.0,344,6,13,0,3,79,3,13
0,5,31.0,196,2,4,0,5,64,1,20
1,0,25.0,281,3,5,1,9,109,0,13
1,2,18.0,7,5,9,0,10,23,3,0
1,2,17.0,6,4,0,0,10,22,2,6
1,2,17.0,6,4,21,0,1,59,4,6
1,2,17.0,6,4,5,0,12,135,1,6
1,1,20.0,151,6,15,0,6,7,1,29
1,1,20.0,151,6,2,0,12,84,1,29
1,1,20.0,151,6,22,1,0,64,4,29
1,1,20.0,151,6,1,0,6,89,3,29
1,1,20.0,151,6,14,2,11,133,0,29
1,1,20.0,151,6,18,0,12,80,1,29
1,8,1.0,66,4,9,0,2,86,3,7
1,1,9.0,50,1,3,0,10,52,2,12
1,8,3.0,363,6,8,0,13,48,0,27
1,8,3.0,363,6,9,0,6,7,0,27
1,8,3.0,363,6,3,1,13,13,1,27
1,8,3.0,363,6,22,1,12,61,1,27
1,8,10.0,71,6,3,1,5,6,1,4
1,8,10.0,71,6,1,0,1,11,4,4
1,4,18.0,26,1,0,0,10,47,1,0
1,4,18.0,26,1,13,0,15,96,3,0
1,4,18.0,26,1,15,1,14,25,4,0
1,4,20.0,115,4,13,0,15,39,3,29
1,4,20.0,115,4,2,0,15,108,3,29
1,4,20.0,115,4,4,0,10,23,1,29
1,4,20.0,115,4,18,0,6,128,3,29
1,5,10.0,155,1,14,0,2,40,1,4
1,6,17.0,244,5,4,2,7,62,3,6
1,5,3.0,161,1,22,1,14,97,4,27
1,5,3.0,161,1,9,1,2,69,0,27
1,3,1.0,180,5,12,0,9,102,1,7
1,10,10.0,245,3,3,0,3,79,1,4
1,10,17.0,256,3,13,1,9,93,1,6
1,9,1.0,126,1,17,0,3,44,3,7
1,5,24.0,58,1,3,0,3,76,1,14
1,10,27.0,302,2,16,2,3,79,0,15
1,8,28.0,224,2,18,0,0,31,0,18
1,11,1.0,222,6,8,3,12,134,0,7
1,1,29.0,112,0,9,0,0,96,3,16
1,9,5.0,89,6,1,0,7,129,2,24
1,9,5.0,89,6,3,2,12,17,1,24
1,5,22.0,163,3,4,0,12,17,4,26
1,5,21.0,351,6,8,1,9,63,1,21
1,5,30.0,294,0,12,1,5,6,0,19
1,3,30.0,304,6,9,1,16,113,0,19
1,5,14.0,36,6,7,1,9,83,1,5
1,6,7.0,169,1,4,0,14,34,1,11
1,4,30.0,139,3,8,0,14,34,2,19
1,9,11.0,52,5,19,3,4,127,0,9
1,3,4.0,285,0,8,3,5,12,1,30
1,3,4.0,285,0,5,1,12,80,4,30
1,5,5.0,96,4,1,3,15,51,3,24
1,10,12.0,333,1,4,2,10,22,1,28
1,10,12.0,333,1,22,0,1,35,0,28
1,8,13.0,189,1,21,1,11,15,4,25
1,4,14.0,345,5,23,1,12,80,1,5
1,4,30.0,139,3,1,1,13,69,4,19
0,11,6.0,252,5,10,1,7,137,1,23
1,7,1.0,98,1,17,3,14,25,3,7
1,3,10.0,4,3,18,0,3,103,1,4
1,7,24.0,68,4,13,0,14,125,4,14
0,5,31.0,196,2,3,1,16,74,1,20
1,2,20.0,264,3,15,0,1,11,1,29
0,3,26.0,343,2,16,0,10,12,0,3
0,6,6.0,83,1,21,0,5,64,3,23
1,1,9.0,50,1,1,0,4,79,3,12
0,6,6.0,83,1,22,0,13,36,4,23
1,2,15.0,130,1,9,2,14,25,3,1
1,1,10.0,17,2,6,0,6,132,3,4
1,8,16.0,73,5,8,0,6,89,2,2
1,8,1.0,66,4,6,0,4,66,3,7
1,1,10.0,17,2,16,0,10,47,3,4
1,8,1.0,66,4,18,0,13,29,2,7
0,9,25.0,344,6,2,1,1,81,4,13
1,8,3.0,363,6,20,1,12,61,1,27
1,8,3.0,363,6,4,0,2,86,3,27
1,8,3.0,363,6,19,2,3,30,3,27
1,8,3.0,363,6,18,0,8,41,1,27
1,8,10.0,71,6,23,0,13,99,1,4
1,8,10.0,71,6,22,2,6,89,3,4
1,8,10.0,71,6,2,3,9,102,4,4
1,8,10.0,71,6,2,2,7,62,3,4
1,8,10.0,71,6,17,1,15,114,4,4
1,8,10.0,71,6,11,1,10,47,0,4
1,4,12.0,134,2,12,0,11,18,3,28
1,4,18.0,26,1,14,2,0,64,3,0
1,4,20.0,115,4,16,1,16,37,0,29
1,4,20.0,115,4,22,0,3,115,2,29
1,4,28.0,218,5,2,0,5,6,2,18
1,4,28.0,218,5,3,0,10,23,3,18
1,4,28.0,218,5,14,2,1,11,3,18
1,4,28.0,218,5,12,0,13,38,3,18
1,2,2.0,143,2,7,1,14,131,4,22
1,2,2.0,143,2,15,0,13,36,3,22
1,6,26.0,348,3,20,0,1,16,3,3
1,6,28.0,309,1,2,2,10,22,3,18
1,6,28.0,309,1,16,0,9,102,1,18
1,6,28.0,309,1,4,0,8,27,0,18
1,10,3.0,310,3,17,0,0,26,2,27
1,6,28.0,309,1,14,0,2,123,1,18
1,10,3.0,310,3,22,0,12,80,4,27
1,10,3.0,310,3,22,1,10,22,1,27
1,1,12.0,353,5,10,0,12,56,1,28
1,10,8.0,213,5,14,0,13,38,1,8
1,10,8.0,213,5,19,2,16,72,1,8
1,10,9.0,150,6,15,1,10,22,4,12
1,10,9.0,150,6,15,1,9,87,4,12
1,10,11.0,298,0,18,0,9,49,0,9
1,10,28.0,216,4,17,0,10,47,0,18
1,1,9.0,50,1,0,0,8,33,0,12
1,1,9.0,50,1,14,1,1,1,4,12
1,1,10.0,17,2,17,0,8,27,3,4
1,1,10.0,17,2,7,0,16,50,3,4
1,1,9.0,50,1,9,0,6,89,1,12
1,1,12.0,353,5,6,2,6,91,3,28
1,1,12.0,353,5,23,1,1,105,4,28
1,1,12.0,353,5,23,0,0,26,3,28
1,1,12.0,353,5,13,0,4,5,3,28
1,4,18.0,26,1,22,0,16,42,1,0
1,2,20.0,264,3,22,0,13,99,2,29
1,4,18.0,26,1,1,0,15,96,1,0
1,4,18.0,26,1,4,1,7,20,4,0
1,4,28.0,218,5,5,1,14,125,4,18
1,4,28.0,218,5,15,1,1,81,4,18
1,4,28.0,218,5,1,0,0,12,1,18
1,4,28.0,218,5,3,0,11,15,3,18
1,2,2.0,143,2,5,0,5,6,0,22
1,2,2.0,143,2,12,0,7,62,1,22
1,2,2.0,143,2,8,1,13,48,4,22
1,2,4.0,254,5,17,0,3,79,1,30
1,2,4.0,254,5,13,0,10,52,2,30
1,2,4.0,254,5,18,0,12,80,2,30
1,2,18.0,7,5,20,0,2,40,4,0
1,2,18.0,7,5,8,2,9,134,3,0
1,2,18.0,7,5,20,1,12,61,1,0
1,2,20.0,264,3,13,0,1,35,2,29
1,2,20.0,264,3,13,2,6,73,3,29
1,2,20.0,264,3,20,0,3,44,4,29
1,2,20.0,264,3,14,0,8,41,1,29
1,2,20.0,264,3,12,1,0,68,4,29
1,2,21.0,108,0,14,0,14,32,1,21
1,2,20.0,264,3,8,2,13,21,2,29
1,2,21.0,108,0,16,1,9,27,0,21
1,2,20.0,264,3,1,0,8,27,2,29
1,2,26.0,3,6,5,1,7,120,4,3
1,1,9.0,50,1,16,0,9,54,3,12
1,1,9.0,50,1,20,1,0,77,0,12
1,1,9.0,50,1,19,0,6,89,3,12
1,4,20.0,115,4,12,1,11,55,4,29
1,4,20.0,115,4,11,1,13,38,4,29
1,4,28.0,218,5,13,1,1,1,4,18
1,4,28.0,218,5,22,0,0,0,2,18
1,4,28.0,218,5,19,0,2,2,3,18
1,4,28.0,218,5,4,0,8,9,0,18
1,4,28.0,218,5,9,0,6,128,4,18
0,7,7.0,293,1,16,0,16,113,1,11
1,4,28.0,218,5,19,1,10,12,1,18
1,2,2.0,143,2,6,0,7,120,0,22
1,2,2.0,143,2,21,1,10,47,0,22
1,2,2.0,143,2,10,1,13,69,0,22
1,2,2.0,143,2,8,2,2,2,3,22
0,9,20.0,119,0,14,1,2,2,0,29
0,3,26.0,343,2,21,0,5,12,3,3
0,3,26.0,343,2,20,0,0,26,2,3
0,3,26.0,343,2,2,0,6,89,4,3
0,3,26.0,343,2,4,0,13,38,1,3
0,7,14.0,125,1,12,0,5,6,1,5
0,5,7.0,349,3,1,0,0,77,3,11
0,5,7.0,349,3,9,1,16,72,0,11
0,5,8.0,199,0,17,0,16,42,4,8
0,5,7.0,349,3,12,2,1,35,3,11
0,5,7.0,349,3,19,0,6,73,3,11
0,5,8.0,199,0,15,2,1,105,3,8
0,3,6.0,303,4,6,0,4,82,1,23
0,3,6.0,303,4,13,0,14,88,0,23
0,3,6.0,303,4,18,1,8,27,0,23
0,3,17.0,54,0,20,0,4,5,1,6
0,3,17.0,54,0,2,0,8,9,2,6
0,3,17.0,54,0,4,0,4,4,3,6
0,3,17.0,54,0,4,0,8,27,0,6
0,3,24.0,357,0,18,2,13,29,1,14
0,3,25.0,347,1,17,2,4,66,2,13
0,3,25.0,347,1,2,0,9,57,0,13
0,7,11.0,197,6,7,1,11,133,4,9
1,2,2.0,143,2,18,0,0,64,2,22
1,2,2.0,143,2,1,2,10,47,3,22
1,2,4.0,254,5,0,0,10,47,1,30
1,2,4.0,254,5,3,0,2,13,0,30
1,2,4.0,254,5,9,0,6,7,3,30
1,2,11.0,297,5,22,0,10,6,3,9
1,1,18.0,82,4,5,2,6,89,3,0
1,1,20.0,151,6,7,2,6,116,3,29
1,8,1.0,66,4,0,1,7,20,0,7
1,8,3.0,363,6,7,0,3,115,3,27
1,8,3.0,363,6,1,1,12,56,1,27
1,8,10.0,71,6,16,0,2,69,1,4
1,8,10.0,71,6,22,2,10,47,2,4
1,4,18.0,26,1,15,0,8,65,0,0
1,4,18.0,26,1,4,0,5,6,0,0
1,4,12.0,134,2,15,1,12,61,1,28
1,4,18.0,26,1,4,1,4,45,4,0
1,4,18.0,26,1,22,1,14,126,4,0
1,4,20.0,115,4,17,1,13,48,0,29
1,0,17.0,12,6,18,0,13,38,4,6
1,0,25.0,281,3,13,1,9,93,4,13
1,0,17.0,12,6,8,1,10,47,0,6
0,3,25.0,347,1,1,0,12,80,1,13
0,3,26.0,343,2,17,0,16,50,1,3
0,3,24.0,357,0,16,0,0,26,1,14
0,3,26.0,343,2,0,1,11,15,0,3
1,1,10.0,17,2,0,0,11,133,0,4
0,7,7.0,293,1,17,1,0,12,0,11
0,7,14.0,125,1,21,0,2,86,1,5
0,7,14.0,125,1,13,2,0,64,0,5
1,10,28.0,216,4,9,0,0,26,3,18
0,7,22.0,211,2,6,0,5,12,3,26
1,8,3.0,363,6,5,1,3,76,1,27
1,1,10.0,17,2,10,1,11,94,0,4
0,7,22.0,211,2,6,0,0,53,3,26
1,1,12.0,353,5,10,1,7,122,4,28
1,1,12.0,353,5,5,0,8,118,1,28
1,1,12.0,353,5,12,0,4,4,3,28
1,1,12.0,353,5,12,0,8,41,2,28
0,7,22.0,211,2,3,0,9,27,0,26
1,1,18.0,82,4,8,0,10,22,1,0
0,7,22.0,211,2,9,2,9,93,3,26
1,1,18.0,82,4,2,0,5,12,0,0
1,1,20.0,151,6,6,2,10,23,0,29
1,1,20.0,151,6,17,2,12,17,3,29
1,10,28.0,216,4,2,1,5,6,2,18
1,1,20.0,151,6,18,1,9,102,0,29
1,8,1.0,66,4,6,1,10,52,4,7
1,8,9.0,124,5,1,1,2,86,1,12
1,8,4.0,299,3,22,0,12,121,1,30
1,2,10.0,28,4,23,1,9,49,4,4
0,9,11.0,52,6,2,1,13,99,4,9
0,3,4.0,285,1,19,1,4,45,2,30
1,11,10.0,360,0,14,1,7,129,4,4
1,11,8.0,283,6,8,0,13,13,2,8
1,5,3.0,161,1,1,0,13,13,3,27
1,5,3.0,161,1,18,1,15,46,4,27
1,7,2.0,160,2,18,0,2,86,4,22
1,3,17.0,54,3,17,3,10,47,0,6
1,3,1.0,180,5,13,3,10,22,3,7
1,7,2.0,160,2,17,1,7,78,1,22
1,6,17.0,244,5,20,1,5,6,1,6
1,8,20.0,319,1,9,0,10,52,1,29
1,8,20.0,319,1,22,1,1,105,0,29
1,1,19.0,29,5,3,0,12,121,3,10
0,7,22.0,211,2,10,0,14,106,3,26
0,7,22.0,211,2,1,0,9,54,3,26
0,3,6.0,303,4,6,0,3,30,3,23
0,3,6.0,303,4,4,0,8,118,3,23
0,3,17.0,54,0,13,3,1,105,3,6
0,3,17.0,54,0,1,0,8,41,3,6
0,3,17.0,54,0,22,0,15,119,2,6
0,3,24.0,357,0,19,1,9,93,1,14
0,3,25.0,347,1,3,0,12,104,2,13
0,3,26.0,343,2,0,0,1,67,3,3
0,5,7.0,349,3,8,0,2,86,1,11
0,5,7.0,349,3,12,0,2,92,3,11
0,5,7.0,349,3,9,1,1,105,4,11
0,5,8.0,199,0,20,2,10,22,3,8
0,5,8.0,199,0,11,0,9,101,3,8
1,2,23.0,230,2,13,0,2,92,4,17
1,5,6.0,277,5,17,3,10,47,0,23
1,0,9.0,48,5,17,1,10,23,1,12
0,5,8.0,199,0,8,0,9,57,0,8
0,3,17.0,54,0,9,2,9,93,3,6
0,3,17.0,54,0,8,1,11,55,4,6
0,3,24.0,357,0,0,0,15,85,0,14
0,3,17.0,54,0,17,0,1,59,1,6
1,2,15.0,130,1,8,0,14,25,3,1
1,0,25.0,281,3,18,0,1,11,4,13
0,11,16.0,225,0,11,0,2,92,1,2
0,3,26.0,343,2,16,2,3,30,3,3
0,3,26.0,343,2,10,0,3,76,1,3
0,3,26.0,343,2,13,0,6,14,4,3
1,0,24.0,55,6,17,1,6,7,2,14
0,9,15.0,226,2,15,0,5,6,2,1
0,9,15.0,226,2,22,0,2,40,4,1
0,9,15.0,226,2,4,0,13,36,4,1
0,9,17.0,255,5,22,0,3,115,2,6
0,9,17.0,255,5,8,0,2,2,1,6
0,9,17.0,255,5,4,0,14,126,3,6
0,9,25.0,344,6,20,1,11,133,4,13
0,7,7.0,293,1,21,0,3,44,1,11
0,7,14.0,125,1,6,0,2,40,1,5
0,7,14.0,125,1,7,0,16,39,3,5
0,7,14.0,125,1,22,0,9,87,1,5
0,7,14.0,125,1,8,0,1,16,1,5
0,3,6.0,303,4,5,0,3,44,3,23
0,3,6.0,303,4,9,2,4,79,3,23
0,3,6.0,303,4,9,2,4,136,3,23
0,3,17.0,54,0,9,0,13,38,3,6
0,3,17.0,54,0,19,0,14,25,0,6
0,3,17.0,54,0,1,0,7,120,1,6
0,3,17.0,54,0,12,0,5,64,2,6
0,3,24.0,357,0,0,0,2,13,3,14
0,3,24.0,357,0,20,0,12,135,4,14
0,3,24.0,357,0,15,0,0,64,0,14
1,5,19.0,146,4,0,1,15,46,4,10
1,5,19.0,146,4,10,2,2,2,3,10
1,5,25.0,350,2,19,0,14,126,3,13
1,5,26.0,37,4,13,2,11,117,3,3
1,5,26.0,37,4,8,0,0,77,3,3
1,5,27.0,328,5,17,2,13,29,1,15
1,5,28.0,259,6,4,0,1,81,4,18
1,6,1.0,158,2,15,0,1,67,1,7
1,6,1.0,158,2,22,0,2,92,1,7
1,6,1.0,158,2,18,0,9,57,4,7
1,6,8.0,59,2,17,0,3,115,3,8
1,6,8.0,59,2,13,0,10,47,3,8
1,6,8.0,59,2,14,0,9,101,4,8
1,6,9.0,236,4,17,1,10,47,2,12
1,6,8.0,59,2,9,0,15,51,3,8
1,6,9.0,236,4,10,0,13,99,1,12
1,6,9.0,236,4,1,0,14,24,1,12
1,5,9.0,206,0,13,2,8,33,3,12
1,6,18.0,308,6,23,0,5,64,0,0
1,6,18.0,308,6,22,0,0,26,3,0
1,6,18.0,308,6,15,0,13,28,2,0
1,6,26.0,348,3,20,0,7,20,1,3
1,5,10.0,155,1,18,0,6,7,0,4
1,5,19.0,146,4,17,0,6,91,3,10
1,5,25.0,350,2,16,0,10,47,3,13
1,5,25.0,350,2,19,0,2,2,1,13
1,5,26.0,37,4,11,1,6,7,4,3
1,5,26.0,37,4,4,0,8,19,1,3
1,5,25.0,350,2,17,0,9,49,3,13
1,5,27.0,328,5,7,1,11,15,0,15
1,5,26.0,37,4,1,0,11,94,3,3
1,5,26.0,37,4,2,0,4,82,1,3
1,5,28.0,259,6,0,0,9,134,4,18
1,6,1.0,158,2,2,0,5,12,0,7
1,6,8.0,59,2,17,0,0,15,2,8
1,6,8.0,59,2,16,0,1,11,0,8
0,2,15.0,130,2,8,0,5,6,2,1
1,7,1.0,98,1,6,1,9,87,0,7
1,2,5.0,127,6,15,0,6,116,1,24
0,6,14.0,173,2,17,3,16,72,1,5
1,7,1.0,98,1,6,3,0,12,1,7
0,10,14.0,174,5,22,3,5,12,0,5
1,7,7.0,293,0,0,0,2,69,1,11
0,0,28.0,249,4,14,0,8,9,3,18
0,10,14.0,174,5,20,0,3,70,4,5
1,7,7.0,293,0,21,1,10,47,0,11
0,10,20.0,223,4,17,0,12,80,1,29
1,7,10.0,329,4,16,1,9,87,0,4
0,5,16.0,239,1,18,0,0,77,3,2
1,11,22.0,250,6,13,0,10,23,1,26
0,6,15.0,49,4,14,1,10,47,0,1
1,2,9.0,21,2,18,0,5,6,0,12
1,9,26.0,267,6,22,1,14,24,1,3
1,7,19.0,330,6,6,2,10,47,0,10
1,9,26.0,267,6,20,0,4,5,1,3
1,7,7.0,293,0,17,0,13,13,1,11
1,7,7.0,293,0,21,1,8,19,0,11
1,7,10.0,329,4,1,1,4,79,2,4
1,7,17.0,95,4,11,0,14,107,1,6
1,7,17.0,95,4,19,0,1,81,4,6
1,7,17.0,95,4,3,0,3,79,1,6
1,7,17.0,95,4,9,0,0,96,1,6
1,7,7.0,293,0,18,0,3,70,1,11
1,7,24.0,68,4,12,2,2,13,1,14
1,7,26.0,316,6,7,2,4,121,1,3
1,7,26.0,316,6,23,2,10,22,3,3
1,7,26.0,316,6,4,1,13,29,4,3
1,7,26.0,316,6,19,0,6,7,1,3
1,7,27.0,53,3,12,0,0,26,0,15
1,7,19.0,330,6,12,2,1,11,3,10
1,3,7.0,289,4,17,0,2,13,1,11
1,3,7.0,289,4,19,3,2,92,0,11
1,3,9.0,44,6,13,2,12,80,3,12
1,3,10.0,4,3,6,0,0,64,0,4
0,0,15.0,190,5,22,0,13,38,3,1
1,3,10.0,4,3,16,0,7,111,4,4
1,3,10.0,4,3,20,1,16,72,4,4
1,3,7.0,289,4,19,1,16,72,4,11
1,3,18.0,165,0,17,0,5,6,0,0
1,3,18.0,165,0,1,2,13,121,3,0
1,3,19.0,138,1,4,1,16,42,1,10
1,7,10.0,329,4,11,0,15,51,1,4
1,7,10.0,329,4,10,1,6,7,0,4
1,7,17.0,95,4,22,1,10,47,1,6
1,7,17.0,95,4,2,0,6,91,1,6
1,7,19.0,330,6,22,1,1,11,1,10
1,7,24.0,68,4,17,1,14,32,4,14
1,7,24.0,68,4,5,2,6,7,4,14
1,7,24.0,68,4,8,0,12,121,1,14
1,7,24.0,68,4,20,1,14,32,4,14
1,7,26.0,316,6,16,0,5,6,0,3
1,7,26.0,316,6,11,0,14,126,4,3
1,7,26.0,316,6,15,2,15,37,3,3
1,7,26.0,316,6,13,0,0,68,4,3
1,7,26.0,316,6,2,1,13,29,4,3
1,7,26.0,316,6,8,1,11,117,0,3
1,3,7.0,289,4,17,2,13,29,3,11
1,7,27.0,53,3,20,0,7,137,1,15
1,3,7.0,289,4,12,0,6,91,1,11
1,3,7.0,289,4,1,0,6,7,1,11
1,3,9.0,44,6,22,2,14,126,0,12
1,3,9.0,44,6,12,0,12,84,0,12
1,3,9.0,44,6,1,1,4,45,4,12
1,3,10.0,4,3,2,0,10,52,0,4
1,3,10.0,4,3,12,1,14,107,4,4
1,3,10.0,4,3,14,0,10,47,1,4
1,3,10.0,4,3,14,1,4,136,1,4
1,3,10.0,4,3,2,1,3,115,1,4
1,3,18.0,165,0,11,0,6,91,1,0
1,3,18.0,165,0,2,0,2,40,1,0
1,3,19.0,138,1,0,2,16,113,0,10
1,3,18.0,165,0,21,0,0,12,1,0
1,3,19.0,138,1,7,0,8,118,1,10
1,7,19.0,330,6,9,0,13,99,3,10
1,3,19.0,138,1,18,0,3,79,1,10
1,3,26.0,343,1,16,2,0,0,3,3
1,3,26.0,343,1,19,0,10,22,3,3
1,3,27.0,361,2,17,0,13,29,2,15
1,3,27.0,361,2,7,0,0,53,1,15
1,3,27.0,361,2,3,0,10,43,1,15
1,3,27.0,361,2,4,0,2,40,1,15
1,5,2.0,307,0,0,0,14,32,1,22
1,5,2.0,307,0,15,2,8,41,3,22
1,5,2.0,307,0,22,1,6,7,4,22
1,5,2.0,307,0,18,2,0,31,3,22
1,5,2.0,307,0,4,1,9,10,4,22
1,3,26.0,343,1,16,0,5,12,3,3
1,3,26.0,343,1,9,0,3,79,3,3
1,3,26.0,343,1,1,0,16,72,4,3
1,3,27.0,361,2,14,0,12,83,1,15
1,5,2.0,307,0,12,0,6,89,1,22
1,5,2.0,307,0,16,0,14,25,0,22
1,6,2.0,352,4,14,0,9,87,1,22
1,6,3.0,99,5,13,0,13,36,2,27
1,6,3.0,99,5,8,0,13,36,2,27
1,6,11.0,355,6,6,2,5,47,3,9
1,6,11.0,355,6,16,0,2,2,1,9
0,4,4.0,178,2,17,0,12,61,1,30
1,6,11.0,355,6,12,0,4,70,3,9
1,11,18.0,332,1,19,0,13,21,4,0
1,6,11.0,355,6,22,3,0,68,0,9
0,0,12.0,113,1,8,0,14,34,4,28
1,11,18.0,332,1,4,0,10,22,1,0
0,4,11.0,121,2,22,0,1,105,0,9
1,7,19.0,330,6,4,0,13,36,2,10
1,6,11.0,355,6,14,0,13,29,2,9
0,7,9.0,273,4,1,0,6,14,2,12
1,2,14.0,231,0,13,1,14,131,4,5
1,7,17.0,95,4,15,0,13,36,2,6
1,1,21.0,45,3,5,1,10,12,1,21
1,6,11.0,355,6,19,0,15,39,3,9
1,11,18.0,332,1,9,0,0,77,1,0
1,7,19.0,330,6,4,2,6,89,1,10
0,10,17.0,256,0,1,1,8,118,0,6
1,7,19.0,330,6,1,2,5,6,3,10
0,0,21.0,287,4,17,0,1,81,1,21
1,8,8.0,76,4,14,1,9,134,4,8
1,6,16.0,38,4,11,0,4,75,4,2
1,11,23.0,232,3,17,0,13,38,2,17
0,4,22.0,152,3,9,0,10,43,3,26
1,7,19.0,330,6,23,1,9,83,4,10
0,0,13.0,198,2,11,1,4,75,1,25
0,5,1.0,109,0,8,3,4,121,3,7
1,7,24.0,68,4,21,1,6,7,0,14
1,7,26.0,316,6,15,0,9,27,2,3
1,3,7.0,289,4,2,0,8,19,4,11
1,10,18.0,246,0,10,0,6,91,1,0
1,10,18.0,246,0,22,0,8,9,2,0
1,10,18.0,246,0,18,0,1,59,4,0
1,10,19.0,117,1,21,0,1,67,4,10
1,10,19.0,117,1,23,0,2,13,4,10
1,10,19.0,117,1,13,0,14,25,2,10
1,10,19.0,117,1,22,0,8,118,3,10
1,10,19.0,117,1,18,0,2,86,4,10
1,10,26.0,61,1,16,0,15,51,1,3
1,10,26.0,61,1,0,1,0,12,1,3
1,10,26.0,61,1,20,0,1,67,1,3
1,10,26.0,61,1,13,0,13,48,4,3
1,10,26.0,61,1,19,2,10,43,3,3
1,10,26.0,61,1,1,1,15,108,4,3
1,10,26.0,61,1,9,0,8,33,0,3
1,1,11.0,111,4,17,3,6,128,1,9
1,1,25.0,65,4,17,0,7,78,0,13
1,1,25.0,65,4,10,0,10,22,3,13
1,1,25.0,65,4,12,1,13,36,4,13
1,1,25.0,65,4,15,1,11,122,4,13
1,1,25.0,65,4,9,0,4,82,3,13
1,1,27.0,262,6,2,2,10,23,3,15
1,1,27.0,262,6,3,1,2,13,1,15
1,1,27.0,262,6,14,1,10,52,2,15
1,1,28.0,300,3,3,0,0,31,0,18
1,3,7.0,289,4,19,2,6,89,3,11
1,3,9.0,44,6,5,1,10,23,1,12
1,3,19.0,138,1,19,0,9,49,3,10
1,3,19.0,138,1,9,0,3,30,3,10
1,3,26.0,343,1,7,0,15,108,1,3
1,3,19.0,138,1,6,0,0,68,0,10
1,3,26.0,343,1,15,0,2,13,3,3
1,3,27.0,361,2,6,0,2,92,3,15
1,3,27.0,361,2,4,0,4,103,0,15
1,5,2.0,307,0,22,2,3,30,0,22
1,5,2.0,307,0,1,0,1,16,0,22
1,6,2.0,352,4,3,0,14,34,1,22
1,6,2.0,352,4,2,2,0,26,0,22
1,6,2.0,352,4,14,0,5,12,2,22
1,6,3.0,99,5,18,0,15,96,3,27
1,6,3.0,99,5,13,0,15,108,1,27
1,6,11.0,355,6,5,0,8,9,1,9
1,6,11.0,355,6,6,1,3,115,0,9
1,6,11.0,355,6,9,2,6,7,3,9
1,6,16.0,38,4,21,1,0,53,0,2
1,6,16.0,38,4,15,2,12,80,0,2
1,6,16.0,38,4,12,2,2,123,3,2
1,9,7.0,271,0,9,0,9,54,0,11
1,9,8.0,90,1,6,0,1,11,3,8
1,9,8.0,90,1,0,1,11,117,0,8
1,9,8.0,90,1,8,1,9,83,4,8
1,9,8.0,90,1,18,0,10,22,1,8
1,9,8.0,90,1,18,2,1,16,3,8
1,9,9.0,320,2,16,0,4,4,3,12
1,9,9.0,320,2,21,1,5,64,0,12
1,9,9.0,320,2,6,0,5,12,0,12
1,9,18.0,359,5,3,0,16,74,1,0
1,9,18.0,359,5,5,2,12,80,1,0
1,9,26.0,267,6,6,0,4,75,1,3
1,9,26.0,267,6,1,0,13,48,4,3
1,9,26.0,267,6,4,1,9,10,4,3
1,7,1.0,98,1,19,0,11,124,0,7
1,7,1.0,98,1,2,0,8,41,4,7
1,7,1.0,98,1,2,0,1,35,4,7
1,7,1.0,98,1,1,0,14,24,1,7
1,7,7.0,293,0,22,0,7,20,3,11
1,7,10.0,329,4,16,1,15,51,0,4
1,7,10.0,329,4,10,1,6,7,0,4
1,7,7.0,293,0,4,1,8,27,0,11
1,7,10.0,329,4,15,2,13,29,2,4
1,7,10.0,329,4,22,1,8,9,1,4
1,6,2.0,352,4,13,3,0,12,0,22
1,10,18.0,246,0,3,0,3,30,3,0
1,10,18.0,246,0,3,0,12,93,3,0
1,10,18.0,246,0,2,1,15,46,1,0
1,10,20.0,223,2,2,0,10,23,1,29
1,10,26.0,61,1,17,0,3,79,4,3
1,1,11.0,111,4,17,0,14,25,1,9
1,1,11.0,111,4,3,1,1,81,4,9
1,1,25.0,65,4,2,0,14,34,2,13
1,1,25.0,65,4,4,0,3,79,3,13
1,1,27.0,262,6,17,0,5,12,3,15
1,1,28.0,300,3,12,2,3,79,2,18
1,2,14.0,231,0,12,1,5,64,0,5
0,4,22.0,152,3,20,0,10,22,1,26
1,11,23.0,232,3,23,0,4,45,2,17
1,7,24.0,68,4,20,0,5,6,2,14
0,6,1.0,158,4,11,3,1,1,1,7
0,0,15.0,190,5,10,0,9,102,1,1
0,0,21.0,287,4,3,0,16,65,1,21
1,6,16.0,38,4,19,0,14,25,1,2
0,0,15.0,190,5,13,0,15,119,2,1
0,9,6.0,51,0,18,0,5,12,1,23
1,7,24.0,68,4,13,0,15,31,1,14
0,0,21.0,287,4,4,1,13,28,4,21
1,11,23.0,232,3,2,1,8,27,4,17
0,2,14.0,231,1,7,2,0,77,3,5
0,0,15.0,190,5,18,0,12,61,1,1
1,7,27.0,53,3,0,1,8,27,0,15
0,3,16.0,263,3,22,0,7,54,2,2
0,0,22.0,241,5,21,0,15,108,1,26
0,0,22.0,241,5,20,1,12,61,4,26
0,0,29.0,191,5,17,3,8,27,4,16
0,0,29.0,191,5,4,0,10,47,3,16
0,0,30.0,228,6,12,0,11,18,4,19
0,0,30.0,228,6,9,0,1,1,1,19
1,0,30.0,228,5,1,1,14,106,0,19
1,4,29.0,313,6,13,0,13,48,1,16
1,4,17.0,19,0,1,1,10,22,1,6
0,7,20.0,266,0,18,3,12,83,4,29
1,4,27.0,274,4,14,0,11,15,2,15
1,0,10.0,129,6,14,1,11,129,4,4
1,0,11.0,10,3,20,1,11,129,4,9
1,4,1.0,144,6,20,0,1,67,1,7
1,7,24.0,68,4,1,1,2,86,1,14
1,3,7.0,289,4,14,1,10,12,1,11
1,3,10.0,4,3,0,0,9,54,1,4
1,10,2.0,358,6,9,0,10,47,3,22
1,10,2.0,358,6,19,0,7,62,4,22
1,8,26.0,278,0,13,1,7,111,4,3
1,0,3.0,334,6,3,1,9,83,4,27
1,8,2.0,77,5,4,1,10,22,2,22
1,2,1.0,16,1,18,0,13,61,0,7
1,0,19.0,13,0,18,2,12,80,3,10
1,0,19.0,13,0,17,3,13,48,0,10
0,10,27.0,302,4,6,0,0,85,3,15
0,10,27.0,302,4,6,0,9,54,4,15
0,10,27.0,302,4,6,1,13,29,0,15
0,10,30.0,157,3,19,0,0,85,1,19
0,10,31.0,135,0,11,0,16,39,1,20
0,10,31.0,135,0,4,0,5,64,1,20
0,1,3.0,188,4,2,0,5,12,3,27
0,1,3.0,188,4,12,1,15,46,1,27
0,1,4.0,286,5,7,1,8,27,0,30
0,1,4.0,286,5,5,1,2,92,4,30
0,1,4.0,286,5,22,0,3,79,0,30
0,1,3.0,188,4,21,0,9,95,1,27
0,1,4.0,286,5,9,0,12,56,3,30
0,1,4.0,286,5,1,2,5,12,3,30
0,1,11.0,111,5,2,0,5,6,0,9
0,1,11.0,111,5,4,2,2,123,3,9
0,1,11.0,111,5,18,0,13,13,1,9
0,1,11.0,111,5,13,1,13,38,1,9
0,1,14.0,183,0,3,0,4,82,3,5
0,1,14.0,183,0,13,0,10,52,3,5
0,1,14.0,183,0,1,0,12,56,1,5
0,1,28.0,300,0,20,0,9,95,1,18
0,1,29.0,112,1,15,0,8,33,4,16
0,8,3.0,363,3,3,0,14,110,1,27
0,8,3.0,363,3,13,0,8,118,1,27
0,8,3.0,363,3,0,3,7,111,0,27
0,8,4.0,299,0,20,0,12,80,2,30
0,8,4.0,299,0,20,1,2,2,1,30
0,8,4.0,299,0,18,0,10,47,3,30
0,8,13.0,189,2,7,0,2,13,3,25
0,8,13.0,189,2,12,0,13,29,1,25
0,8,29.0,301,5,10,2,6,7,0,16
0,8,29.0,301,5,3,1,6,7,4,16
0,4,4.0,178,2,3,1,6,128,1,30
0,4,11.0,121,2,6,0,2,2,1,9
0,4,11.0,121,2,11,0,16,113,1,9
0,4,11.0,121,2,9,0,0,85,3,9
0,4,11.0,121,2,18,0,14,32,4,9
0,4,20.0,115,5,17,0,8,41,1,29
0,4,22.0,152,3,19,0,1,35,3,26
0,2,7.0,153,1,20,1,15,51,0,11
0,2,7.0,153,1,22,2,6,128,0,11
0,2,14.0,231,1,16,1,14,32,2,5
0,2,14.0,231,1,8,0,0,85,0,5
0,2,20.0,264,0,2,1,15,39,1,29
0,0,5.0,122,1,4,0,1,67,3,24
0,0,5.0,122,1,1,2,3,70,3,24
0,0,12.0,113,1,16,0,0,26,3,28
0,0,12.0,113,1,16,2,2,13,0,28
0,0,12.0,113,1,20,0,6,7,1,28
0,5,11.0,326,4,19,2,6,128,3,9
0,5,27.0,328,6,12,1,3,115,4,15
0,10,20.0,223,4,20,0,9,95,2,29
0,5,27.0,328,6,19,0,10,22,1,15
0,5,29.0,24,0,12,0,3,30,3,16
0,6,14.0,173,2,14,3,14,126,4,5
0,4,6.0,176,5,22,1,9,95,4,23
0,2,14.0,231,1,5,0,8,9,1,5
1,11,23.0,232,3,12,1,2,71,0,17
0,9,24.0,272,5,16,1,14,110,0,14
1,7,27.0,53,3,13,0,7,62,3,15
0,8,16.0,73,6,18,0,14,32,3,2
1,6,20.0,215,0,23,0,1,16,4,29
0,0,21.0,287,4,17,0,1,11,1,21
0,2,14.0,231,1,13,0,12,61,4,5
1,5,30.0,294,0,1,0,2,86,1,19
0,5,9.0,206,1,17,2,5,6,3,12
1,11,24.0,194,0,3,2,13,48,3,14
1,3,7.0,289,4,6,1,10,22,0,11
0,8,17.0,74,3,7,0,16,50,3,6
0,0,5.0,122,1,4,0,11,94,2,24
0,8,10.0,71,3,21,1,12,56,4,4
1,11,24.0,194,0,8,0,5,6,3,14
1,9,7.0,271,0,11,0,10,47,2,11
0,8,18.0,75,0,4,1,4,75,1,0
0,0,5.0,122,1,18,0,3,30,1,24
0,0,22.0,241,5,10,0,5,6,0,26
1,6,20.0,215,0,22,0,6,91,2,29
0,2,24.0,22,5,3,0,13,48,2,14
1,9,7.0,271,0,23,0,15,46,4,11
1,9,7.0,271,0,5,0,2,86,1,11
1,11,7.0,253,5,5,0,3,30,0,11
1,11,9.0,311,3,11,0,5,6,1,12
1,11,9.0,311,3,5,1,10,52,4,12
1,11,9.0,311,3,2,0,16,50,1,12
1,11,9.0,311,3,3,1,12,61,4,12
1,11,9.0,311,3,1,2,12,80,3,12
1,11,16.0,225,3,1,0,7,20,0,2
1,11,18.0,332,1,17,1,5,64,1,0
1,11,18.0,332,1,7,1,10,47,0,0
1,11,18.0,332,1,12,0,15,31,1,0
1,11,18.0,332,1,5,1,1,81,4,0
1,11,23.0,232,3,15,1,1,81,4,17
1,11,16.0,225,3,13,0,15,108,4,2
1,11,24.0,194,0,13,0,14,24,0,14
1,11,24.0,194,0,4,0,6,7,4,14
1,11,24.0,194,0,13,1,1,59,1,14
1,11,18.0,332,1,12,0,15,119,2,0
1,11,16.0,225,3,18,0,6,14,1,2
1,11,9.0,311,3,7,0,4,45,1,12
1,11,9.0,311,3,5,1,1,67,0,12
1,11,9.0,311,3,22,1,10,52,4,12
1,11,9.0,311,3,10,1,1,1,4,12
1,11,9.0,311,3,8,0,15,114,2,12
1,11,16.0,225,3,2,0,13,38,3,2
1,11,18.0,332,1,0,1,14,25,0,0
1,11,18.0,332,1,17,1,13,48,4,0
1,11,18.0,332,1,22,3,14,24,0,0
1,11,18.0,332,1,22,1,2,60,4,0
1,11,24.0,194,0,13,0,2,60,4,14
1,11,24.0,194,0,5,1,1,67,4,14
1,9,7.0,271,0,20,0,5,12,3,11
1,9,7.0,271,0,13,0,8,41,1,11
1,9,7.0,271,0,3,0,8,27,1,11
1,9,8.0,90,1,6,2,5,6,3,8
1,9,8.0,90,1,22,0,8,19,4,8
1,9,8.0,90,1,5,1,6,91,4,8
1,9,8.0,90,1,19,0,5,6,0,8
1,9,9.0,320,2,4,1,4,45,4,12
1,9,26.0,267,6,5,0,9,54,2,3
1,7,1.0,98,1,19,0,1,11,4,7
1,7,1.0,98,1,14,2,9,54,3,7
1,11,7.0,253,5,1,0,4,5,4,11
1,11,9.0,311,3,6,1,11,133,1,12
1,11,9.0,311,3,5,0,7,137,2,12
1,11,16.0,225,3,19,0,3,76,1,2
1,11,16.0,225,3,14,0,11,94,1,2
1,11,16.0,225,3,15,1,7,120,1,2
1,11,18.0,332,1,11,1,4,4,1,0
1,11,24.0,194,0,0,0,6,91,0,14
1,11,24.0,194,0,5,1,14,106,4,14
1,11,24.0,194,0,13,0,13,123,0,14
1,9,7.0,271,0,10,0,16,139,1,11
1,9,7.0,271,0,19,2,1,11,3,11
1,9,8.0,90,1,20,2,7,8,0,8
1,9,9.0,320,2,3,0,4,79,2,12
1,9,9.0,320,2,13,1,11,94,4,12
1,9,18.0,359,5,5,0,2,86,1,0
1,9,26.0,267,6,22,1,1,11,4,3
1,9,26.0,267,6,14,0,6,7,1,3
1,9,7.0,271,0,22,1,1,16,4,11
1,9,7.0,271,0,12,0,12,121,2,11
1,9,7.0,271,0,9,0,11,55,3,11
1,9,9.0,320,2,16,0,1,67,1,12
1,9,9.0,320,2,6,0,8,27,1,12
1,9,9.0,320,2,20,1,1,35,4,12
1,9,9.0,320,2,2,3,11,117,1,12
1,9,9.0,320,2,2,0,12,100,4,12
1,9,8.0,90,1,8,0,4,4,1,8
1,9,8.0,90,1,18,0,12,80,0,8
1,9,9.0,320,2,22,0,10,23,0,12
1,9,9.0,320,2,18,0,2,60,0,12
1,11,22.0,250,6,12,0,0,26,2,26
1,9,6.0,51,3,3,0,15,46,0,23
1,9,18.0,359,5,7,1,10,6,0,0
1,9,18.0,359,5,22,0,11,94,0,0
1,9,18.0,359,5,1,0,10,47,3,0
1,9,26.0,267,6,22,2,2,69,0,3
1,9,26.0,267,6,8,0,5,6,0,3
1,9,26.0,267,6,18,0,15,31,0,3
1,9,26.0,267,6,19,2,16,37,3,3
0,8,25.0,86,0,18,1,2,86,1,13
0,0,12.0,113,1,8,0,2,123,0,28
1,3,7.0,289,4,13,1,1,81,4,11
0,1,10.0,17,4,19,1,11,124,0,4
0,4,1.0,144,3,16,1,14,25,4,7
1,6,20.0,215,0,8,2,6,88,3,29
0,6,24.0,31,6,9,0,0,26,1,14
0,0,12.0,113,1,4,0,4,75,1,28
0,4,19.0,142,4,13,3,2,92,0,10
0,0,29.0,191,5,12,0,10,47,3,16
1,3,7.0,289,4,11,1,14,32,4,11
1,6,20.0,215,0,19,0,2,92,3,29
0,4,1.0,144,3,17,3,15,46,2,7
0,0,12.0,113,1,18,0,4,45,0,28
1,4,25.0,20,1,13,3,5,12,1,13
0,0,29.0,191,5,19,0,2,92,1,16
1,3,9.0,44,6,1,0,13,28,1,12
1,6,20.0,215,0,4,0,3,79,1,29
0,10,17.0,256,0,3,0,12,61,4,6
0,0,13.0,198,2,18,0,6,89,4,25
0,10,15.0,60,6,16,0,8,9,3,1
0,0,30.0,228,6,22,0,6,7,4,19
1,3,10.0,4,3,4,2,16,74,0,4
1,6,20.0,215,0,12,2,3,103,0,29
1,6,3.0,99,5,17,0,2,2,1,27
1,6,2.0,352,4,4,1,9,10,2,22
1,6,3.0,99,5,17,2,12,104,3,27
1,6,3.0,99,5,4,0,7,120,0,27
1,6,3.0,99,5,22,0,7,78,4,27
1,6,11.0,355,6,12,0,8,118,4,9
1,6,16.0,38,4,21,1,9,95,1,2
1,6,16.0,38,4,7,1,0,53,0,2
1,6,16.0,38,4,4,0,2,86,1,2
1,6,16.0,38,4,1,0,6,7,4,2
1,6,19.0,291,3,12,0,8,27,3,10
1,6,19.0,291,3,8,2,2,71,3,10
1,6,19.0,291,3,15,0,15,119,2,10
1,6,19.0,291,3,4,0,13,99,3,10
1,6,20.0,215,0,8,0,10,22,3,29
1,6,20.0,215,0,1,0,2,2,0,29
1,6,20.0,215,0,18,0,2,69,0,29
1,10,2.0,358,6,6,1,1,11,4,22
1,10,2.0,358,6,18,0,9,95,1,22
1,10,18.0,246,0,2,0,13,48,3,0
1,10,18.0,246,0,8,1,12,80,1,0
1,10,18.0,246,0,14,2,10,23,3,0
1,10,18.0,246,0,17,1,13,38,4,0
1,10,18.0,246,0,18,0,7,57,4,0
1,10,19.0,117,1,21,0,13,29,3,10
1,10,18.0,246,0,8,1,11,10,4,0
1,10,19.0,117,1,9,0,16,108,4,10
1,10,20.0,223,2,10,1,14,25,0,29
1,10,18.0,246,0,13,1,11,10,4,0
1,10,20.0,223,2,16,2,13,29,3,29
1,10,20.0,223,2,4,0,7,62,3,29
1,10,25.0,56,0,17,0,10,47,0,13
1,10,25.0,56,0,5,0,8,9,3,13
1,10,25.0,56,0,19,0,15,114,1,13
1,10,26.0,61,1,6,2,8,118,1,3
1,10,26.0,61,1,8,0,16,108,3,3
1,10,26.0,61,1,17,2,13,48,3,3
1,1,11.0,111,4,14,2,5,6,3,9
1,1,25.0,65,4,21,0,15,96,1,13
1,1,25.0,65,4,18,0,11,98,3,13
1,1,25.0,65,4,18,3,13,48,0,13
1,1,27.0,262,6,13,0,2,86,4,15
1,1,27.0,262,6,19,0,3,30,0,15
1,1,27.0,262,6,18,0,7,8,1,15
1,1,27.0,262,6,4,0,1,81,3,15
1,1,28.0,300,3,5,0,16,72,1,18
1,1,28.0,300,3,19,0,7,62,1,18
1,1,28.0,300,3,23,1,2,2,1,18
1,8,2.0,77,5,2,1,16,130,1,22
1,11,7.0,253,5,22,0,0,0,0,11
1,11,7.0,253,5,22,1,2,86,4,11
1,11,9.0,311,3,2,0,5,64,2,12
1,11,9.0,311,3,8,0,2,86,4,12
1,11,9.0,311,3,4,0,1,67,2,12
1,11,9.0,311,3,1,2,2,86,0,12
1,11,9.0,311,3,18,0,10,22,1,12
1,11,16.0,225,3,17,1,10,43,0,2
1,11,16.0,225,3,14,0,6,14,1,2
1,11,18.0,332,1,6,0,6,14,1,0
1,11,18.0,332,1,16,0,0,31,1,0
1,11,23.0,232,3,13,1,9,10,4,17
1,9,7.0,271,0,16,0,5,6,0,11
1,9,7.0,271,0,18,0,10,22,1,11
1,9,8.0,90,1,16,0,13,28,0,8
1,9,8.0,90,1,15,1,7,129,4,8
1,9,9.0,320,2,14,2,16,72,0,12
1,9,18.0,359,5,2,0,6,7,3,0
1,9,18.0,359,5,9,0,4,4,1,0
1,7,1.0,98,1,21,0,2,86,1,7
1,7,1.0,98,1,4,0,14,34,1,7
1,7,7.0,293,0,22,1,4,138,4,11
1,7,7.0,293,0,4,1,9,93,4,11
1,7,10.0,329,4,2,2,9,63,0,4
1,7,10.0,329,4,12,0,8,118,0,4
1,7,17.0,95,4,20,1,14,25,0,6
0,1,10.0,17,4,10,1,9,27,0,4
0,10,15.0,60,6,4,1,9,27,0,1
0,0,30.0,228,6,1,0,4,66,2,19
0,0,15.0,190,5,6,1,13,28,0,1
0,0,15.0,190,5,3,1,2,92,1,1
1,3,10.0,4,3,18,1,13,69,2,4
0,10,15.0,60,6,20,0,9,93,3,1
0,4,9.0,18,0,17,0,3,115,1,12
0,7,1.0,98,2,10,0,7,57,3,7
0,0,15.0,190,5,23,1,14,126,4,1
1,3,27.0,361,2,7,1,14,24,4,15
0,5,26.0,37,5,12,0,16,113,1,3
0,0,21.0,287,4,15,0,5,6,0,21
1,2,27.0,136,3,1,0,12,104,0,15
1,3,27.0,361,2,12,1,13,38,4,15
0,2,18.0,7,6,18,2,0,31,0,0
0,0,21.0,287,4,2,2,14,110,0,21
0,11,1.0,222,3,17,1,0,12,1,7
1,0,1.0,8,4,3,0,7,57,1,7
1,3,27.0,361,2,4,0,5,6,3,15
0,6,8.0,59,4,3,1,14,24,1,8
0,0,21.0,287,4,9,2,1,1,0,21
1,0,19.0,13,0,3,0,5,6,2,10
1,11,1.0,222,6,17,0,0,15,4,7
1,5,2.0,307,0,0,2,8,9,0,22
0,10,26.0,61,2,18,1,14,106,2,3
0,10,15.0,60,6,13,3,1,35,0,1
0,0,11.0,10,0,3,1,12,80,1,9
0,11,24.0,194,1,13,1,9,49,4,14
1,0,18.0,0,3,12,0,2,2,4,0
0,9,4.0,295,6,14,1,13,48,0,30
0,5,22.0,163,0,20,1,0,26,0,26
0,11,1.0,222,3,17,0,10,43,4,7
0,5,2.0,307,1,6,0,10,47,0,22
0,6,3.0,99,6,2,0,1,59,3,27
0,0,20.0,172,2,6,2,10,30,0,29
0,9,5.0,89,3,22,0,7,62,2,24
0,3,23.0,57,3,6,0,12,84,1,17
0,3,23.0,57,3,19,0,15,114,2,17
0,10,15.0,60,6,9,3,9,93,4,1
0,4,24.0,27,1,17,1,14,32,4,14
0,2,17.0,6,5,22,0,3,30,4,6
0,0,8.0,9,5,13,1,7,62,4,8
0,10,29.0,318,6,12,1,0,64,1,16
0,8,20.0,319,2,10,1,11,58,4,29
1,1,1.0,203,0,17,0,16,42,1,7
0,9,11.0,52,6,12,3,14,25,3,9
1,10,1.0,208,5,17,0,4,82,1,7
0,7,3.0,269,5,15,0,1,59,2,27
1,8,19.0,280,0,5,0,3,79,4,10
0,7,27.0,53,0,1,0,3,44,0,15
0,7,26.0,316,3,15,0,15,85,4,3
0,7,27.0,53,0,19,0,12,56,2,15
0,5,12.0,327,5,8,3,3,76,1,28
0,8,22.0,354,5,17,1,13,99,4,26
0,6,29.0,335,4,15,1,6,89,2,16
0,0,14.0,5,4,13,0,14,106,2,5
0,0,14.0,5,4,20,1,12,80,1,5
0,6,1.0,158,4,3,0,14,34,1,7
0,1,10.0,17,4,10,1,9,27,0,4
0,1,10.0,17,4,15,1,13,29,4,4
0,4,19.0,142,4,8,1,15,31,0,10
0,10,17.0,256,0,13,3,14,25,4,6
0,10,29.0,318,6,2,1,14,25,0,16
0,8,28.0,224,4,8,3,14,34,0,18
0,0,14.0,5,4,8,2,16,37,3,5
0,4,16.0,25,0,14,1,0,77,2,2
0,1,8.0,62,1,22,3,9,134,0,8
0,2,18.0,7,6,14,0,4,79,3,0
0,0,11.0,10,0,12,1,9,54,4,9
0,1,1.0,203,1,13,3,8,9,3,7
0,1,1.0,203,1,0,1,9,27,0,7
0,1,15.0,1,1,17,0,12,100,4,1
1,2,16.0,220,2,19,0,10,22,3,2
1,4,8.0,292,6,9,3,13,29,0,8
0,3,23.0,57,3,8,1,12,104,4,17
0,3,23.0,57,3,16,0,0,53,0,17
0,5,14.0,36,3,18,1,2,2,4,5
0,5,14.0,36,3,2,1,5,6,2,5
0,5,24.0,58,2,4,0,4,4,4,14
1,4,16.0,25,3,17,1,14,25,1,2
0,6,16.0,38,5,11,3,6,7,3,2
0,10,15.0,60,6,17,1,13,38,0,1
0,4,7.0,133,6,4,0,5,12,0,11
0,4,7.0,133,6,4,0,12,17,3,11
0,0,16.0,11,6,2,3,6,7,3,2
1,11,7.0,253,5,5,1,13,48,1,11
1,11,9.0,311,3,15,0,8,27,1,12
1,11,9.0,311,3,11,1,7,78,4,12
1,11,16.0,225,3,23,0,10,22,2,2
1,11,16.0,225,3,5,1,7,54,2,2
1,11,16.0,225,3,3,1,12,80,4,2
1,11,16.0,225,3,9,0,1,1,0,2
1,11,18.0,332,1,10,1,9,93,1,0
0,5,22.0,163,0,6,0,1,11,1,26
0,9,11.0,52,6,1,1,11,94,0,9
1,11,17.0,110,0,12,3,9,83,0,6
0,6,10.0,149,6,17,1,13,28,4,4
1,11,1.0,222,6,5,0,9,63,1,7
0,9,9.0,320,4,13,0,16,113,2,12
0,0,21.0,287,4,9,0,16,42,1,21
1,2,1.0,16,1,17,0,3,79,4,7
1,9,17.0,255,4,1,1,10,47,0,6
0,7,10.0,329,5,14,1,8,41,4,4
0,0,22.0,241,5,22,2,14,106,4,26
0,5,2.0,307,1,18,1,11,90,0,22
0,7,27.0,53,0,7,1,1,67,4,15
1,9,27.0,179,3,14,0,1,35,0,15
0,0,22.0,241,5,4,0,1,59,2,26
0,10,22.0,314,6,18,2,6,132,3,26
0,3,30.0,304,3,5,1,2,2,0,19
0,4,6.0,176,5,9,3,5,64,3,23
1,7,2.0,160,2,17,1,3,30,1,22
0,0,29.0,191,5,9,2,15,112,3,16
0,5,22.0,163,0,8,1,14,25,1,26
0,5,12.0,327,5,9,1,13,48,0,28
1,3,8.0,148,5,20,0,14,126,2,8
0,6,3.0,99,6,2,0,2,92,1,27
0,6,29.0,335,4,14,0,0,96,3,16
1,11,9.0,311,3,6,1,11,98,0,12
0,0,29.0,191,5,13,1,6,7,0,16
0,4,21.0,339,6,14,0,5,6,0,21
0,10,29.0,318,6,14,1,1,59,4,16
1,11,9.0,311,3,22,0,3,30,0,12
0,0,30.0,228,6,9,0,15,51,1,19
0,0,4.0,229,0,20,1,9,95,4,30
0,1,6.0,97,3,19,1,3,79,0,23
0,7,1.0,98,2,17,0,14,32,1,7
0,2,28.0,257,1,14,0,3,76,0,18
0,10,1.0,208,6,6,0,2,92,1,7
0,0,28.0,249,4,21,1,9,87,4,18
1,3,1.0,180,5,1,0,14,32,3,7
1,6,27.0,116,0,1,3,7,111,0,15
1,11,1.0,222,6,17,3,5,6,1,7
1,6,17.0,244,5,12,0,14,24,3,6
1,4,11.0,121,1,17,1,14,131,4,9
1,10,1.0,208,5,17,3,10,23,4,7
1,6,27.0,116,0,20,0,8,9,4,15
0,3,5.0,324,2,13,0,0,77,2,24
0,7,1.0,98,2,15,0,11,18,1,7
1,8,11.0,306,3,10,1,0,12,1,9
1,11,1.0,222,6,13,1,0,96,4,7
0,11,19.0,321,4,14,0,9,101,1,10
0,7,1.0,98,2,18,0,10,12,1,7
0,11,27.0,322,5,2,0,11,18,2,15
0,7,10.0,329,5,17,0,14,88,2,4
0,7,10.0,329,5,17,1,1,81,4,4
0,3,1.0,180,6,14,1,6,7,0,7
0,10,22.0,314,6,18,0,13,99,2,26
0,10,22.0,314,6,4,0,2,2,2,26
0,2,28.0,257,1,17,0,13,21,4,18
0,6,29.0,335,4,13,0,10,47,1,16
1,1,16.0,2,1,3,0,9,134,3,2
1,3,20.0,105,2,7,0,0,26,1,29
0,5,14.0,36,3,1,0,8,41,4,5
0,11,7.0,253,6,2,0,9,95,1,11
0,11,23.0,232,0,2,3,14,25,3,17
0,11,24.0,194,1,1,1,10,22,0,14
0,6,16.0,38,5,3,0,16,42,2,2
0,10,15.0,60,6,23,1,12,121,0,1
0,7,17.0,95,5,8,0,0,77,1,6
0,1,25.0,65,5,1,1,8,41,4,13
0,4,7.0,133,6,15,1,12,135,4,11
0,2,18.0,7,6,8,2,8,41,2,0
0,3,23.0,57,3,2,0,14,24,2,17
0,11,7.0,253,6,14,2,6,89,3,11
0,11,24.0,194,1,18,1,0,12,0,14
0,11,8.0,283,3,5,0,16,108,4,8
0,6,25.0,39,3,16,1,15,46,4,13
0,10,15.0,60,6,23,1,12,121,0,1
0,10,15.0,60,6,19,1,5,6,0,1
0,1,25.0,65,5,9,1,2,86,1,13
1,2,14.0,231,0,1,1,4,127,4,5
1,2,14.0,231,0,19,1,11,55,1,5
1,2,22.0,209,1,2,0,14,32,1,26
1,4,24.0,27,0,11,1,7,137,1,14
1,1,8.0,62,0,19,0,12,135,1,8
1,1,29.0,112,0,4,1,0,85,4,16
0,9,7.0,271,1,14,1,11,129,4,11
0,11,22.0,250,3,13,0,6,91,2,26
0,6,24.0,31,6,8,0,12,100,1,14
0,6,24.0,31,6,17,1,10,52,1,14
0,7,9.0,273,4,19,3,3,115,0,12
0,10,24.0,261,0,18,0,3,76,3,14
0,5,9.0,206,1,19,1,7,62,0,12
0,1,1.0,203,1,16,0,10,22,0,7
0,1,7.0,32,0,18,1,7,137,2,11
0,8,10.0,71,3,15,1,11,18,1,4
1,11,16.0,225,3,7,0,12,56,1,2
0,4,20.0,115,5,13,0,16,113,1,29
0,3,18.0,165,1,22,1,1,1,0,0
0,4,22.0,152,3,1,3,5,6,0,26
0,2,7.0,153,1,8,0,4,66,0,11
0,2,7.0,153,1,4,1,7,54,4,11
0,2,14.0,231,1,16,0,0,12,3,5
0,2,14.0,231,1,12,0,5,6,1,5
0,2,20.0,264,0,23,0,1,105,0,29
0,0,5.0,122,1,7,1,16,50,1,24
0,0,5.0,122,1,19,0,2,92,0,24
0,0,12.0,113,1,16,0,3,70,1,28
0,0,12.0,113,1,16,0,16,50,1,28
0,0,12.0,113,1,16,2,15,31,3,28
0,0,12.0,113,1,0,0,2,86,0,28
0,0,12.0,113,1,14,0,13,48,3,28
0,0,13.0,198,2,6,0,13,29,0,25
0,0,12.0,113,1,11,1,13,21,4,28
0,0,13.0,198,2,18,0,3,115,4,25
0,0,15.0,190,5,6,1,4,121,0,1
0,0,15.0,190,5,10,0,2,86,3,1
0,0,21.0,287,4,2,0,0,64,0,21
0,0,22.0,241,5,12,0,2,92,0,26
0,4,20.0,115,5,1,2,4,45,3,29
0,4,22.0,152,3,6,0,13,28,1,26
0,4,22.0,152,3,6,0,5,12,1,26
0,4,22.0,152,3,5,1,13,38,4,26
0,2,14.0,231,1,6,0,14,34,0,5
0,2,14.0,231,1,15,0,1,1,4,5
0,2,20.0,264,0,13,0,15,119,3,29
0,2,20.0,264,0,1,0,4,45,0,29
0,2,20.0,264,0,22,3,0,12,0,29
0,2,20.0,264,0,4,0,14,25,3,29
0,0,5.0,122,1,11,0,14,24,1,24
0,0,12.0,113,1,4,0,1,11,4,28
0,0,13.0,198,2,0,0,14,106,1,25
0,0,12.0,113,1,15,1,9,101,4,28
0,0,12.0,113,1,3,1,9,93,4,28
0,0,15.0,190,5,2,0,14,25,3,1
0,0,15.0,190,5,13,1,1,105,4,1
0,0,22.0,241,5,22,1,1,35,4,26
0,0,29.0,191,5,22,0,6,7,0,16
0,0,29.0,191,5,10,0,14,25,1,16
0,0,30.0,228,6,16,0,2,86,4,19
0,4,20.0,115,5,15,1,12,104,4,29
0,4,20.0,115,5,1,0,15,39,1,29
0,2,7.0,153,1,10,0,3,44,1,11
0,2,7.0,153,1,3,2,0,31,0,11
0,2,7.0,153,1,15,0,9,95,0,11
0,2,14.0,231,1,0,2,10,22,0,5
0,2,14.0,231,1,16,1,1,105,4,5
0,2,14.0,231,1,15,1,0,64,4,5
0,2,14.0,231,1,23,0,14,25,4,5
0,2,20.0,264,0,16,0,1,11,1,29
0,0,13.0,198,2,3,0,12,100,1,25
0,0,13.0,198,2,20,1,3,79,1,25
0,0,15.0,190,5,17,0,10,47,1,1
0,0,15.0,190,5,4,0,11,133,3,1
0,0,21.0,287,4,9,0,8,27,3,21
0,0,29.0,191,5,21,0,1,11,0,16
0,0,29.0,191,5,5,1,12,80,4,16
0,0,30.0,228,6,17,2,11,94,3,19
0,0,30.0,228,6,11,0,4,75,3,19
0,2,14.0,231,1,12,0,10,22,1,5
0,0,5.0,122,1,17,0,7,20,1,24
0,0,12.0,113,1,17,0,0,53,3,28
0,0,13.0,198,2,4,0,5,64,0,25
0,0,13.0,198,2,18,0,15,39,1,25
0,0,15.0,190,5,21,2,14,34,4,1
1,11,16.0,225,3,3,2,0,53,0,2
0,11,1.0,222,3,20,0,9,9,4,7
1,0,18.0,0,3,3,0,13,48,2,0
1,11,16.0,225,3,18,0,2,69,3,2
0,9,1.0,126,2,4,0,2,2,1,7
1,11,18.0,332,1,17,0,15,77,3,0
0,5,2.0,307,1,1,1,13,38,4,22
1,11,18.0,332,1,13,0,9,95,1,0
0,1,22.0,164,1,8,1,13,13,1,26
1,11,18.0,332,1,8,0,1,1,3,0
0,6,3.0,99,6,1,0,12,56,3,27
1,11,18.0,332,1,14,0,12,121,0,0
0,8,5.0,101,1,0,0,10,47,1,24
1,11,23.0,232,3,21,1,11,133,0,17
0,1,24.0,64,4,4,0,13,69,1,14
1,11,23.0,232,3,20,1,1,59,1,17
0,4,26.0,80,4,15,1,13,29,4,3
0,2,10.0,28,5,2,1,14,110,0,4
0,8,27.0,78,2,13,0,14,24,4,15
0,4,10.0,79,1,1,2,4,45,2,4
0,2,18.0,7,6,11,1,13,28,4,0
0,5,24.0,58,2,13,1,10,22,0,14
0,5,24.0,58,2,8,0,12,84,3,14
0,11,14.0,147,6,12,0,4,5,1,5
0,9,16.0,107,4,12,1,2,123,2,2
0,6,25.0,39,3,8,3,6,7,3,13
0,2,13.0,276,0,15,0,8,41,4,25
0,2,5.0,127,3,2,2,10,52,1,24
0,1,12.0,353,6,12,1,0,68,4,28
0,1,13.0,207,3,14,3,1,67,0,25
1,4,17.0,19,0,18,0,7,20,3,6
1,0,30.0,228,5,14,0,11,117,1,19
1,0,19.0,13,0,15,0,15,51,1,10
1,0,19.0,13,0,2,3,9,57,3,10
0,3,21.0,338,5,4,0,3,76,1,21
0,6,5.0,342,0,13,1,11,55,4,24
0,6,5.0,342,0,9,3,16,113,4,24
1,4,1.0,144,6,17,0,1,35,4,7
0,5,2.0,307,1,14,0,9,57,4,22
0,2,13.0,276,0,14,0,3,79,1,25
0,2,13.0,276,0,8,3,15,31,0,25
0,6,3.0,99,6,19,3,6,14,4,27
0,5,21.0,351,3,17,1,14,88,1,21
0,10,3.0,310,0,18,2,0,64,3,27
0,2,6.0,251,0,8,2,9,9,3,23
0,3,11.0,337,1,13,1,4,75,1,9
1,7,1.0,98,1,17,0,10,12,1,7
1,2,29.0,140,1,4,0,1,11,3,16
0,9,26.0,267,3,15,3,7,20,1,3
0,0,30.0,228,6,20,1,1,81,4,19
0,6,10.0,149,6,9,0,0,26,1,4
0,10,3.0,310,0,18,0,8,9,4,27
0,11,4.0,275,2,21,0,8,9,3,30
0,5,30.0,294,1,20,0,0,31,1,19
0,1,13.0,207,3,14,0,14,25,1,25
0,1,13.0,207,3,12,1,2,2,1,25
1,11,24.0,194,0,17,0,5,12,1,14
0,4,3.0,279,1,13,1,0,68,4,27
0,0,4.0,229,0,8,1,16,74,1,30
0,5,2.0,307,1,0,0,0,12,0,22
0,11,3.0,288,1,11,0,11,117,2,27
0,4,3.0,279,1,17,3,13,38,0,27
1,11,23.0,232,3,18,0,8,118,3,17
1,11,23.0,232,3,19,1,13,38,4,17
1,11,24.0,194,0,15,1,3,79,1,14
1,11,24.0,194,0,2,2,12,61,3,14
1,9,8.0,90,1,4,0,7,20,2,8
1,9,8.0,90,1,4,1,7,129,0,8
1,9,9.0,320,2,14,2,15,31,3,12
1,3,3.0,182,3,13,0,12,83,3,27
1,5,30.0,294,0,19,1,15,119,4,19
1,6,15.0,49,2,13,0,1,59,3,1
1,9,5.0,89,6,19,0,13,38,2,24
1,7,13.0,238,3,18,0,5,0,2,25
1,7,15.0,205,1,19,0,6,91,1,1
1,5,30.0,294,0,13,1,0,64,0,19
1,6,7.0,169,1,9,0,7,111,2,11
1,9,9.0,320,2,5,2,8,41,3,12
1,5,2.0,307,0,1,0,6,7,0,22
1,5,2.0,307,0,19,0,14,131,3,22
1,6,2.0,352,4,4,0,3,30,3,22
1,6,3.0,99,5,17,0,2,86,1,27
1,6,3.0,99,5,22,0,8,27,4,27
1,6,3.0,99,5,19,0,11,18,1,27
1,6,11.0,355,6,6,0,7,62,0,9
1,6,11.0,355,6,21,2,2,40,3,9
1,6,11.0,355,6,11,0,15,114,3,9
1,6,11.0,355,6,15,0,12,104,2,9
1,6,16.0,38,4,15,0,5,6,0,2
1,7,17.0,95,4,12,0,9,95,0,6
1,6,16.0,38,4,19,0,0,77,3,2
1,6,16.0,38,4,15,0,8,118,4,2
1,6,16.0,38,4,9,2,6,132,3,2
1,6,19.0,291,3,17,0,15,108,1,10
1,6,19.0,291,3,3,2,13,28,3,10
1,6,19.0,291,3,8,0,16,74,3,10
1,6,19.0,291,3,2,0,15,51,1,10
1,6,19.0,291,3,2,2,16,39,3,10
1,6,19.0,291,3,13,1,8,9,4,10
1,6,20.0,215,0,19,0,5,64,0,29
1,10,2.0,358,6,6,0,4,79,2,22
1,10,2.0,358,6,20,0,7,8,2,22
1,10,18.0,246,0,16,0,0,68,1,0
1,9,9.0,320,2,22,0,7,31,1,12
1,9,18.0,359,5,5,0,10,22,3,0
1,9,18.0,359,5,11,1,13,48,4,0
1,9,18.0,359,5,3,0,1,11,4,0
1,9,18.0,359,5,4,2,16,50,3,0
1,9,26.0,267,6,3,0,14,24,1,3
1,9,26.0,267,6,4,0,2,86,1,3
1,7,1.0,98,1,19,2,11,58,3,7
1,7,7.0,293,0,6,2,5,64,0,11
1,7,7.0,293,0,5,0,1,11,3,11
1,7,7.0,293,0,8,0,8,9,0,11
1,7,7.0,293,0,20,1,7,137,4,11
1,7,10.0,329,4,0,1,9,27,0,4
1,7,17.0,95,4,13,0,12,104,3,6
1,3,6.0,303,2,14,0,8,27,1,23
1,3,20.0,105,2,8,0,0,64,2,29
1,3,22.0,166,5,16,1,13,99,0,26
1,3,22.0,166,5,22,0,2,2,1,26
1,3,22.0,166,5,22,2,9,93,0,26
1,3,6.0,303,2,23,1,5,12,0,23
1,3,28.0,187,4,0,0,4,127,1,18
1,3,28.0,187,4,21,1,0,68,0,18
1,5,5.0,96,4,17,0,5,6,1,24
1,5,5.0,96,4,15,0,5,12,3,24
1,5,5.0,96,4,13,0,12,83,3,24
1,5,15.0,200,3,23,0,5,64,3,1
1,6,24.0,31,5,14,0,0,31,1,14
1,5,15.0,200,3,15,1,1,35,4,1
1,5,15.0,200,3,19,0,15,96,1,1
1,5,29.0,24,3,17,2,8,118,2,16
1,5,29.0,24,3,15,2,3,44,0,16
1,6,6.0,83,0,12,0,6,7,2,23
1,3,4.0,285,0,3,0,10,22,0,30
1,3,4.0,285,0,3,3,1,1,0,30
1,3,4.0,285,0,11,0,4,82,3,30
1,3,4.0,285,0,14,0,2,86,1,30
1,3,6.0,303,2,7,1,16,65,2,23
1,3,6.0,303,2,22,0,8,9,0,23
1,3,14.0,33,4,21,1,6,7,0,5
1,3,14.0,33,4,11,1,10,47,2,5
1,3,14.0,33,4,22,2,0,96,3,5
1,3,14.0,33,4,5,1,8,9,1,5
1,3,14.0,33,4,12,1,4,66,4,5
1,3,20.0,105,2,5,0,8,118,1,29
1,3,20.0,105,2,8,0,10,47,3,29
1,3,20.0,105,2,18,0,8,41,4,29
1,3,22.0,166,5,6,0,14,25,1,26
1,3,22.0,166,5,22,1,7,31,4,26
1,3,22.0,166,5,4,2,2,86,3,26
1,3,22.0,166,5,2,0,3,30,1,26
1,3,28.0,187,4,5,1,7,78,4,18
1,3,14.0,33,4,17,3,1,67,3,5
1,5,5.0,96,4,5,1,13,21,1,24
1,9,15.0,226,1,17,0,4,75,1,1
1,5,5.0,96,4,12,1,11,55,4,24
1,5,15.0,200,3,17,1,10,22,0,1
1,5,15.0,200,3,6,2,0,77,3,1
1,5,15.0,200,3,10,0,15,85,4,1
1,6,14.0,173,1,18,0,16,74,4,5
1,6,14.0,173,1,9,0,8,27,4,5
1,6,22.0,185,2,6,0,2,92,0,26
1,6,22.0,185,2,14,1,13,48,4,26
1,6,22.0,185,2,9,0,8,27,1,26
1,6,22.0,185,2,4,2,13,48,3,26
1,10,4.0,356,0,1,0,5,6,3,30
1,10,12.0,333,1,6,1,14,110,4,28
1,10,12.0,333,1,9,0,16,74,4,28
1,10,30.0,157,6,0,2,10,22,0,19
1,10,31.0,135,3,3,2,9,54,3,20
1,10,31.0,135,3,17,1,14,25,0,20
1,1,4.0,286,4,6,1,14,107,0,30
1,1,4.0,286,4,14,0,8,118,1,30
1,1,5.0,219,5,16,2,10,47,3,24
1,1,5.0,219,5,5,0,13,99,1,24
1,1,13.0,207,6,20,1,12,61,4,25
1,1,13.0,207,6,2,0,15,39,1,25
1,1,13.0,207,6,2,0,14,25,0,25
1,1,13.0,207,6,2,0,6,73,1,25
1,1,13.0,207,6,20,1,0,0,1,25
1,7,3.0,269,4,8,2,13,21,3,27
1,7,3.0,269,4,4,1,1,16,4,27
1,7,5.0,204,6,2,0,10,52,1,24
1,7,5.0,204,6,12,2,3,30,1,24
1,7,5.0,204,6,9,1,10,47,2,24
1,7,5.0,204,6,14,2,4,82,3,24
1,7,20.0,266,3,21,1,11,124,0,29
1,7,20.0,266,3,13,2,14,25,0,29
1,7,20.0,266,3,5,0,10,52,1,29
1,7,20.0,266,3,10,0,6,7,2,29
1,7,20.0,266,3,13,0,14,25,1,29
1,7,20.0,266,3,8,1,1,35,4,29
1,7,20.0,266,3,2,0,9,93,0,29
1,7,20.0,266,3,1,0,0,15,2,29
1,7,20.0,266,3,18,1,13,48,0,29
1,3,17.0,54,3,13,0,16,72,1,6
1,7,21.0,81,0,0,0,8,33,1,21
1,7,21.0,81,0,0,1,6,91,0,21
1,7,21.0,81,0,8,2,5,6,3,21
1,7,21.0,81,0,4,1,6,91,1,21
1,6,24.0,31,5,9,0,7,20,1,14
1,6,29.0,335,2,6,1,13,69,2,16
1,6,29.0,335,2,3,0,13,38,2,16
1,6,29.0,335,2,12,0,0,26,2,16
1,6,22.0,185,2,2,0,9,49,1,26
1,6,24.0,31,5,19,1,5,0,2,14
1,10,12.0,333,1,2,2,9,95,3,28
1,10,12.0,333,1,4,0,10,43,1,28
1,10,12.0,333,1,14,1,4,66,4,28
1,10,30.0,157,6,16,0,0,26,0,19
1,10,30.0,157,6,1,0,2,35,4,19
1,1,4.0,286,4,3,3,14,110,4,30
1,1,5.0,219,5,15,0,10,47,3,24
1,1,5.0,219,5,0,1,0,26,0,24
1,1,5.0,219,5,3,1,5,64,1,24
1,6,13.0,317,0,18,2,3,103,3,25
1,6,14.0,173,1,6,0,5,12,0,5
1,6,14.0,173,1,5,2,12,80,3,5
1,6,14.0,173,1,19,0,0,15,2,5
1,6,14.0,173,1,0,2,12,56,3,5
1,6,22.0,185,2,6,1,2,71,4,26
1,6,22.0,185,2,19,2,6,89,4,26
1,6,23.0,84,4,20,0,6,128,1,17
1,6,23.0,84,4,5,0,7,120,4,17
1,6,23.0,84,4,22,0,13,29,2,17
1,6,23.0,84,4,9,0,10,47,2,17
1,6,24.0,31,5,15,0,8,9,1,14
1,6,24.0,31,5,11,0,14,125,0,14
1,6,21.0,193,1,22,1,9,93,0,21
1,6,21.0,193,1,18,3,15,77,3,21
1,8,6.0,87,1,12,0,0,26,3,23
1,9,3.0,217,4,23,0,16,139,1,27
1,7,4.0,186,5,16,0,16,39,3,30
1,3,13.0,210,2,1,0,8,27,1,25
1,7,31.0,43,4,3,0,2,86,3,20
1,7,28.0,34,0,2,1,13,99,4,18
1,5,12.0,327,4,22,0,9,54,2,28
1,6,5.0,342,3,22,1,15,85,1,24
1,6,5.0,342,3,22,1,6,128,4,24
1,1,8.0,62,0,8,3,15,77,3,8
1,6,24.0,31,5,8,0,0,68,1,14
1,6,24.0,31,5,1,0,5,12,0,14
1,6,29.0,335,2,6,0,13,69,1,16
1,6,29.0,335,2,0,0,5,12,3,16
1,6,29.0,335,2,14,1,0,31,4,16
1,10,4.0,356,0,8,0,10,47,2,30
1,10,12.0,333,1,17,0,15,108,0,28
1,10,12.0,333,1,6,1,14,110,4,28
1,10,30.0,157,6,17,0,13,38,0,19
1,10,30.0,157,6,16,0,10,43,4,19
1,10,30.0,157,6,13,0,6,89,0,19
1,10,31.0,135,3,16,0,5,6,0,20
1,10,31.0,135,3,22,1,3,44,4,20
1,1,4.0,286,4,17,0,9,9,4,30
1,1,4.0,286,4,6,1,11,58,4,30
1,1,4.0,286,4,2,0,14,25,0,30
1,1,5.0,219,5,6,2,10,47,3,24
1,1,5.0,219,5,23,1,6,132,4,24
1,9,3.0,217,4,17,3,8,27,2,27
1,7,13.0,238,3,12,0,2,2,1,25
1,4,24.0,27,0,1,1,14,32,4,14
0,11,5.0,240,4,20,2,10,22,3,24
1,1,5.0,219,5,23,1,13,69,4,24
1,1,13.0,207,6,16,0,6,14,1,25
1,1,13.0,207,6,11,1,14,32,1,25
1,1,13.0,207,6,9,2,14,126,0,25
1,1,13.0,207,6,1,2,8,118,3,25
1,1,15.0,1,0,15,0,2,69,4,1
1,1,15.0,1,0,2,0,7,111,2,1
1,8,7.0,70,2,17,0,12,104,1,11
1,8,7.0,70,2,21,0,5,12,3,11
1,8,7.0,70,2,9,0,15,31,1,11
1,8,13.0,189,1,16,0,16,130,4,25
1,8,13.0,189,1,0,0,16,130,1,25
1,8,22.0,354,4,23,0,10,23,1,26
1,10,31.0,135,3,11,0,13,48,0,20
1,10,31.0,135,3,14,0,1,81,4,20
1,1,4.0,286,4,16,0,10,47,0,30
1,1,4.0,286,4,4,2,9,57,3,30
1,6,22.0,185,2,18,0,11,133,0,26
1,9,19.0,234,6,4,0,4,45,2,10
1,11,14.0,147,5,12,2,9,49,1,5
1,9,28.0,315,0,18,0,13,99,1,18
0,0,17.0,12,3,11,3,6,116,1,6
1,7,21.0,81,0,18,0,14,25,1,21
1,7,3.0,269,4,8,2,6,14,4,27
1,7,22.0,211,1,19,2,13,36,0,26
1,6,4.0,159,6,0,0,0,15,2,30
0,1,4.0,286,5,9,0,8,9,0,30
1,11,14.0,147,5,11,2,10,22,1,5
1,7,5.0,204,6,4,0,6,116,1,24
1,9,19.0,234,6,4,0,4,75,3,10
1,3,4.0,285,0,11,0,4,79,3,30
1,6,23.0,84,4,2,2,1,59,3,17
0,4,11.0,121,2,14,0,12,61,1,9
1,11,14.0,147,5,18,0,2,3,2,5
1,9,23.0,167,2,6,1,0,68,0,17
1,5,5.0,96,4,7,1,9,27,0,24
1,5,5.0,96,4,5,0,0,15,2,24
1,5,5.0,96,4,13,0,2,3,3,24
1,5,5.0,96,4,13,0,2,60,2,24
1,5,5.0,96,4,2,0,8,33,0,24
1,5,5.0,96,4,8,0,9,27,3,24
1,5,5.0,96,4,14,2,8,33,2,24
1,5,5.0,96,4,20,1,13,21,1,24
1,5,5.0,96,4,3,1,4,82,1,24
1,5,5.0,96,4,18,1,7,62,1,24
1,7,22.0,211,1,13,3,6,7,2,26
1,5,15.0,200,3,19,0,2,13,1,1
1,5,15.0,200,3,12,0,8,27,1,1
1,5,15.0,200,3,9,0,0,85,3,1
1,9,26.0,267,6,21,0,8,41,1,3
1,7,1.0,98,1,17,3,12,17,4,7
1,6,16.0,38,4,13,1,2,2,4,2
1,1,11.0,111,4,17,0,10,23,3,9
1,8,12.0,284,0,1,0,1,35,4,28
1,4,3.0,279,0,8,2,1,35,3,27
0,11,16.0,225,0,12,1,11,15,2,2
0,0,17.0,12,3,14,0,0,15,1,6
1,5,29.0,24,3,16,0,8,118,1,16
1,5,29.0,24,3,23,0,3,30,4,16
1,5,29.0,24,3,20,1,13,21,4,16
1,6,4.0,159,6,6,0,2,2,1,30
1,6,4.0,159,6,23,0,10,22,3,30
1,6,6.0,83,0,6,0,4,79,1,23
1,6,6.0,83,0,0,0,13,48,0,23
1,6,13.0,317,0,15,1,3,115,0,25
1,6,14.0,173,1,20,0,14,97,1,5
1,6,14.0,173,1,20,0,13,21,4,5
1,5,29.0,24,3,13,3,15,39,0,16
1,6,14.0,173,1,14,0,5,12,0,5
1,6,14.0,173,1,8,0,13,13,1,5
1,6,14.0,173,1,15,1,14,88,4,5
1,6,29.0,335,2,0,2,16,37,1,16
1,6,29.0,335,2,2,0,10,52,3,16
1,6,29.0,335,2,4,0,9,49,4,16
1,10,4.0,356,0,16,0,0,53,3,30
1,10,4.0,356,0,0,1,4,75,0,30
1,10,4.0,356,0,16,1,15,31,0,30
1,10,4.0,356,0,19,1,3,30,1,30
1,10,4.0,356,0,1,2,1,11,1,30
1,10,12.0,333,1,16,0,11,6,3,28
1,10,12.0,333,1,20,0,6,89,1,28
1,10,12.0,333,1,12,0,8,33,4,28
1,10,30.0,157,6,17,0,3,30,3,19
1,10,30.0,157,6,0,0,5,12,3,19
1,10,30.0,157,6,18,1,8,19,0,19
1,5,15.0,200,3,1,0,5,12,0,1
1,5,15.0,200,3,9,0,16,50,0,1
1,5,29.0,24,3,6,0,0,64,3,16
1,5,29.0,24,3,14,0,1,67,3,16
1,5,29.0,24,3,12,0,11,117,0,16
1,6,6.0,83,0,17,1,13,48,0,23
1,6,6.0,83,0,2,0,0,96,3,23
1,6,6.0,83,0,9,2,0,77,0,23
1,4,6.0,176,4,3,0,8,33,2,23
1,11,29.0,270,6,3,1,13,28,0,16
1,3,3.0,182,3,15,0,16,50,2,27
1,3,3.0,182,3,14,0,16,72,1,27
1,3,13.0,210,2,4,0,16,50,1,25
1,5,30.0,294,0,11,1,13,29,1,19
1,6,12.0,162,3,18,1,14,25,2,28
1,9,18.0,359,5,14,0,12,83,4,0
1,11,18.0,332,1,17,0,5,64,1,0
1,3,19.0,138,1,18,1,6,7,1,10
1,3,18.0,165,0,2,3,9,87,3,0
1,5,2.0,307,0,14,0,14,25,2,22
1,10,2.0,358,6,4,1,9,93,4,22
1,1,3.0,188,2,6,0,1,100,3,27
1,1,1.0,203,0,12,1,11,55,4,7
1,7,22.0,211,1,11,0,6,14,4,26
1,6,14.0,173,1,12,1,7,8,4,5
1,6,14.0,173,1,3,3,1,1,0,5
1,6,13.0,317,0,8,0,12,135,1,25
1,6,22.0,185,2,17,1,3,79,4,26
1,6,22.0,185,2,11,0,9,57,1,26
1,6,22.0,185,2,19,0,7,57,1,26
1,6,22.0,185,2,14,0,16,50,0,26
1,6,23.0,84,4,4,0,9,102,1,17
1,11,14.0,147,5,11,3,15,114,2,5
0,8,29.0,301,5,17,3,8,41,1,16
1,7,20.0,266,3,5,0,11,18,0,29
1,7,20.0,266,3,18,1,10,52,0,29
1,9,23.0,167,2,23,0,14,25,1,17
1,6,22.0,185,2,9,1,8,9,4,26
1,7,21.0,81,0,19,0,4,70,3,21
0,0,12.0,113,1,18,1,3,79,1,28
1,11,13.0,312,4,19,0,10,22,3,25
0,11,16.0,225,0,6,3,5,64,3,2
0,0,11.0,10,0,2,3,0,15,0,9
1,6,23.0,84,4,19,0,13,48,0,17
0,5,15.0,200,0,12,3,3,30,4,1
1,7,22.0,211,1,16,0,5,12,0,26
1,11,30.0,170,3,15,1,7,137,4,19
1,8,3.0,363,6,15,0,13,99,2,27
1,9,23.0,167,2,4,0,5,64,0,17
1,6,23.0,84,4,1,0,14,32,1,17
0,11,8.0,283,3,11,0,5,6,2,8
0,8,26.0,278,1,15,0,2,69,2,3
1,7,22.0,211,1,6,0,6,14,4,26
1,11,30.0,170,3,8,0,10,47,0,19
0,0,29.0,191,5,4,0,10,22,2,16
1,2,18.0,7,5,23,1,16,50,1,0
0,1,4.0,286,5,1,2,16,50,3,30
0,1,4.0,286,5,18,0,11,18,1,30
0,0,5.0,122,1,18,2,7,137,3,24
0,0,13.0,198,2,1,1,11,18,0,25
0,1,15.0,1,1,7,1,1,16,0,1
0,2,2.0,143,4,20,1,1,67,1,22
0,2,2.0,143,4,18,0,9,101,2,22
0,2,9.0,21,4,1,0,5,6,1,12
0,0,9.0,48,6,17,1,12,61,4,12
0,5,4.0,114,4,11,3,9,109,3,30
0,6,11.0,355,3,22,1,15,114,0,9
0,6,27.0,116,1,9,1,1,105,0,15
0,10,19.0,117,2,16,0,10,22,1,10
0,10,27.0,302,4,18,0,12,61,1,15
0,10,27.0,302,4,13,0,6,7,3,15
1,8,1.0,66,4,19,3,13,38,3,7
0,4,22.0,152,3,11,1,7,122,4,26
0,8,13.0,189,2,11,1,13,99,4,25
0,2,20.0,264,0,17,1,13,28,1,29
0,0,5.0,122,1,19,2,14,34,3,24
0,5,10.0,155,2,20,1,7,120,4,4
0,6,12.0,162,0,19,1,6,73,0,28
0,6,27.0,116,1,8,0,5,6,0,15
0,10,27.0,302,4,3,1,1,81,4,15
0,10,19.0,117,2,14,0,12,56,0,10
0,4,11.0,121,2,4,0,3,70,0,9
0,2,14.0,231,1,17,3,7,129,3,5
0,0,5.0,122,1,18,0,3,70,4,24
0,0,13.0,198,2,18,0,14,34,1,25
1,8,1.0,66,4,8,0,10,47,1,7
0,1,14.0,183,0,16,1,0,77,0,5
0,2,14.0,231,1,5,0,2,40,2,5
0,0,5.0,122,1,19,0,4,121,1,24
0,0,5.0,122,1,18,0,5,12,0,24
0,0,13.0,198,2,18,0,12,17,2,25
0,0,13.0,198,2,17,2,0,26,3,25
0,0,13.0,198,2,19,0,8,9,1,25
1,11,2.0,265,3,2,0,4,66,4,22
1,11,2.0,265,3,1,0,16,42,3,22
1,11,6.0,252,4,3,0,12,61,1,23
1,11,12.0,118,2,0,0,13,21,1,28
1,11,12.0,118,2,3,1,2,92,4,28
1,11,12.0,118,2,9,0,10,22,1,28
1,11,13.0,312,4,18,1,0,0,0,25
1,11,14.0,147,5,23,0,1,11,0,5
1,11,14.0,147,5,11,0,9,102,1,5
1,11,1.0,222,6,12,1,9,54,1,7
1,11,10.0,360,0,15,1,6,89,1,4
1,11,10.0,360,0,8,0,8,41,3,4
1,11,2.0,265,3,9,0,10,47,3,22
1,11,2.0,265,3,2,1,12,80,1,22
1,11,6.0,252,4,7,2,2,40,1,23
1,11,6.0,252,4,13,0,2,86,4,23
1,11,6.0,252,4,14,1,10,22,1,23
1,11,12.0,118,2,23,0,11,133,1,28
1,11,12.0,118,2,3,0,11,18,1,28
1,11,12.0,118,2,14,0,8,33,4,28
1,11,12.0,118,2,19,0,14,107,1,28
1,11,12.0,118,2,9,0,7,122,1,28
1,11,1.0,222,6,6,1,14,34,2,7
1,11,1.0,222,6,16,0,10,22,1,7
1,11,10.0,360,0,4,0,1,35,4,4
1,7,2.0,160,2,6,0,5,64,2,22
1,11,2.0,265,3,11,0,10,22,1,22
1,11,6.0,252,4,4,2,10,47,1,23
1,11,6.0,252,4,14,0,8,118,4,23
1,11,2.0,265,3,5,2,13,38,3,22
1,11,2.0,265,3,22,0,11,133,0,22
1,11,2.0,265,3,22,1,12,17,2,22
1,11,2.0,265,3,1,0,14,131,1,22
1,11,2.0,265,3,14,2,12,80,3,22
1,11,12.0,118,2,6,0,14,25,1,28
1,11,12.0,118,2,16,0,8,27,1,28
1,11,13.0,312,4,5,1,9,54,4,25
1,11,13.0,312,4,22,0,16,50,3,25
1,11,13.0,312,4,11,0,3,76,2,25
0,2,1.0,16,2,6,0,14,107,4,7
1,9,23.0,167,2,12,0,2,2,3,17
1,11,30.0,170,3,19,0,1,11,2,19
1,6,22.0,185,2,2,1,9,95,2,26
0,2,10.0,28,5,9,3,11,122,2,4
1,9,28.0,315,0,15,0,2,92,4,18
0,1,26.0,248,6,13,0,13,48,1,3
1,9,28.0,315,0,8,0,14,126,0,18
1,11,30.0,170,3,19,0,6,7,4,19
1,1,15.0,1,0,17,0,0,15,3,1
0,2,16.0,220,4,13,1,10,43,1,2
1,9,28.0,315,0,6,0,10,47,0,18
1,11,30.0,170,3,14,0,1,59,3,19
1,9,28.0,315,0,3,0,0,26,2,18
1,1,15.0,1,0,20,1,15,31,1,1
0,4,30.0,139,0,2,0,10,23,1,19
1,7,3.0,269,4,3,0,8,33,4,27
1,11,2.0,265,3,20,0,2,13,1,22
0,2,27.0,136,0,11,1,9,58,4,15
1,9,28.0,315,0,9,2,8,27,3,18
1,1,16.0,2,1,6,1,16,65,4,2
0,8,17.0,74,3,14,0,4,82,1,6
0,1,8.0,62,1,3,1,4,75,4,8
0,1,17.0,63,4,17,1,12,104,2,6
0,8,27.0,78,2,14,1,7,122,4,15
0,2,17.0,6,5,12,0,10,22,2,6
0,2,25.0,233,6,15,1,10,23,0,13
0,2,8.0,258,2,2,1,0,12,2,8
0,3,2.0,120,3,19,1,9,10,4,22
0,7,11.0,197,6,3,0,1,1,4,9
0,5,3.0,161,2,12,0,9,63,4,27
1,6,10.0,149,5,3,3,11,15,0,4
0,4,20.0,115,5,5,3,11,15,0,29
0,2,20.0,264,0,7,1,3,79,1,29
1,8,1.0,66,4,20,3,3,30,3,7
1,4,18.0,26,1,18,0,8,19,1,0
0,2,20.0,264,0,22,1,1,35,4,29
1,2,18.0,7,5,8,0,9,95,1,0
1,0,27.0,23,1,4,1,8,27,0,15
0,11,17.0,110,1,19,1,4,82,1,6
0,11,11.0,175,2,13,1,10,47,1,9
0,7,18.0,154,6,2,1,11,98,4,0
0,5,4.0,114,4,2,0,13,75,3,30
0,6,26.0,348,0,17,1,10,47,0,3
0,10,9.0,150,3,22,3,11,18,0,12
0,8,26.0,278,1,9,1,10,47,0,3
0,8,27.0,78,2,18,0,6,128,1,15
0,4,16.0,25,0,12,1,11,55,4,2
0,2,27.0,136,0,13,0,2,13,1,15
0,6,12.0,162,0,9,1,10,22,4,28
0,6,27.0,116,1,19,1,3,103,0,15
0,6,22.0,185,4,12,1,14,32,1,26
0,6,27.0,116,1,9,0,9,83,4,15
0,1,29.0,112,1,16,0,2,92,0,16
0,8,4.0,299,0,1,0,9,95,3,30
0,10,19.0,117,2,19,1,2,60,4,10
1,6,26.0,348,3,18,2,14,32,3,3
1,10,11.0,298,0,8,0,6,128,1,9
1,9,10.0,156,4,3,1,9,87,1,4
0,2,7.0,153,1,17,1,14,107,4,11
0,2,20.0,264,0,14,0,6,91,1,29
1,4,18.0,26,1,13,0,16,113,0,0
1,4,20.0,115,4,15,1,13,38,1,29
1,2,11.0,297,5,1,1,9,63,0,9
1,2,2.0,143,2,5,0,13,21,1,22
1,2,11.0,297,5,1,0,8,19,1,9
1,2,18.0,7,5,9,1,2,69,0,0
1,2,26.0,3,6,15,0,8,41,2,3
1,2,28.0,257,0,6,2,10,47,0,18
1,0,27.0,23,1,19,0,16,37,4,15
0,11,26.0,364,4,20,0,13,69,4,3
0,9,27.0,179,0,1,0,10,23,3,15
0,7,2.0,160,4,3,0,1,59,2,22
0,7,18.0,154,6,13,1,3,79,1,0
0,7,18.0,154,6,5,1,13,99,1,0
0,5,4.0,114,4,18,1,7,120,0,30
0,5,10.0,155,2,12,1,0,26,0,4
1,2,18.0,7,5,2,0,6,7,2,0
1,2,26.0,3,6,1,1,5,6,1,3
1,2,11.0,297,5,17,0,16,50,1,9
1,0,26.0,14,0,16,0,3,30,0,3
0,11,17.0,110,1,18,0,6,89,3,6
0,9,10.0,156,5,18,1,8,33,4,4
0,9,27.0,179,0,17,2,5,12,0,15
0,7,13.0,238,0,13,0,16,50,1,25
0,5,4.0,114,4,14,2,0,12,1,30
0,3,27.0,361,4,13,3,11,18,1,15
0,5,28.0,259,3,22,0,9,83,2,18
0,6,20.0,215,1,2,3,4,66,4,29
0,10,19.0,117,2,16,0,9,101,1,10
0,10,27.0,302,4,1,1,5,6,0,15
0,2,14.0,231,1,18,0,2,86,1,5
0,0,5.0,122,1,1,1,0,53,0,24
0,9,10.0,156,5,9,0,16,37,1,4
0,9,27.0,179,0,14,3,9,93,0,15
0,3,3.0,182,0,6,1,0,0,4,27
0,5,10.0,155,2,22,1,12,61,4,4
0,10,18.0,246,1,8,3,14,88,0,0
0,10,18.0,246,1,1,0,2,92,0,0
0,10,18.0,246,1,21,1,5,6,0,0
0,2,27.0,136,0,18,2,3,103,3,15
0,2,27.0,136,0,9,1,13,48,0,15
0,2,10.0,28,5,17,0,5,6,1,4
0,5,28.0,259,3,19,1,0,0,4,18
0,6,12.0,162,0,18,1,10,47,0,28
0,6,12.0,162,0,3,1,15,39,4,28
0,10,19.0,117,2,18,3,10,12,3,10
1,7,3.0,269,4,22,0,14,25,2,27
0,0,6.0,260,2,0,1,2,35,0,23
1,7,3.0,269,4,11,0,8,9,1,27
1,9,26.0,267,6,15,1,14,34,1,3
0,0,6.0,260,2,3,0,2,69,0,23
1,9,28.0,315,0,4,1,5,6,0,18
1,7,3.0,269,4,15,0,0,96,1,27
1,11,2.0,265,3,13,1,0,26,1,22
1,3,19.0,138,1,12,3,16,37,3,10
1,7,3.0,269,4,9,0,5,12,2,27
0,0,6.0,260,2,12,0,10,47,1,23
1,11,2.0,265,3,15,1,7,120,1,22
1,7,1.0,98,1,17,0,2,86,4,7
1,7,5.0,204,6,16,1,11,15,0,24
0,0,6.0,260,2,19,0,6,91,1,23
1,7,5.0,204,6,15,0,2,40,4,24
1,11,2.0,265,3,19,3,3,30,0,22
1,6,20.0,215,0,13,1,11,98,4,29
1,8,20.0,319,1,13,1,13,28,0,29
1,7,5.0,204,6,11,1,16,74,1,24
1,11,2.0,265,3,11,1,13,28,4,22
1,1,16.0,2,1,2,0,4,4,1,2
1,1,15.0,1,0,18,0,2,92,3,1
1,1,16.0,2,1,8,1,1,105,4,2
1,1,16.0,2,1,4,2,13,28,1,2
1,8,7.0,70,2,6,0,3,79,1,11
1,8,7.0,70,2,11,1,4,127,4,11
1,8,13.0,189,1,6,0,3,70,3,25
1,8,13.0,189,1,17,1,14,34,0,25
1,8,13.0,189,1,5,0,10,52,3,25
1,8,13.0,189,1,20,1,12,100,4,25
1,8,13.0,189,1,18,0,13,21,1,25
1,8,13.0,189,1,9,0,8,9,3,25
1,8,22.0,354,4,11,1,11,18,1,26
1,8,22.0,354,4,20,1,9,49,4,26
1,1,5.0,219,5,3,0,10,47,2,24
1,4,7.0,133,5,20,0,6,7,0,11
1,4,7.0,133,5,13,0,4,127,4,11
1,4,7.0,133,5,15,0,6,73,1,11
1,4,7.0,133,5,14,0,7,120,4,11
1,4,7.0,133,5,18,0,4,79,4,11
1,6,6.0,83,0,23,1,9,93,4,23
1,5,16.0,239,0,17,1,11,18,1,2
1,10,1.0,208,5,17,0,7,111,2,7
1,6,6.0,83,0,12,0,2,2,3,23
1,5,29.0,24,3,8,0,0,26,3,16
1,6,13.0,317,0,17,0,0,53,3,25
1,6,13.0,317,0,17,0,14,34,1,25
1,6,13.0,317,0,17,0,15,46,0,25
1,6,13.0,317,0,8,0,11,15,0,25
1,6,6.0,83,0,14,0,13,48,4,23
1,6,14.0,173,1,12,0,6,89,1,5
1,6,13.0,317,0,9,0,8,27,4,25
1,6,22.0,185,2,5,1,4,75,4,26
1,6,22.0,185,2,1,0,9,63,1,26
1,6,22.0,185,2,9,1,12,56,0,26
1,6,23.0,84,4,16,2,2,2,4,17
1,6,24.0,31,5,22,1,8,19,0,14
1,6,24.0,31,5,14,0,8,41,1,14
1,6,24.0,31,5,11,1,9,83,1,14
1,6,29.0,335,2,6,1,9,27,0,16
1,6,29.0,335,2,4,0,4,127,3,16
1,6,29.0,335,2,1,0,3,30,3,16
1,10,4.0,356,0,21,1,9,27,0,30
1,10,4.0,356,0,13,0,4,4,1,30
1,3,4.0,285,0,9,0,9,95,1,30
1,3,4.0,285,0,14,2,5,6,3,30
1,3,4.0,285,0,3,1,3,115,4,30
1,3,6.0,303,2,22,0,1,11,3,23
1,3,14.0,33,4,3,0,8,41,2,5
1,3,14.0,33,4,8,0,12,84,1,5
1,3,22.0,166,5,13,1,1,67,4,26
1,3,22.0,166,5,22,1,0,12,1,26
1,3,22.0,166,5,2,1,1,1,4,26
1,3,22.0,166,5,22,1,6,128,1,26
1,3,28.0,187,4,14,0,8,41,3,18
1,5,5.0,96,4,15,1,1,35,4,24
1,5,5.0,96,4,8,0,14,125,2,24
1,5,15.0,200,3,2,2,11,15,0,1
1,5,15.0,200,3,12,0,11,18,1,1
1,5,29.0,24,3,2,0,15,119,3,16
1,6,4.0,159,6,19,0,9,102,4,30
1,6,6.0,83,0,10,2,10,22,0,23
1,6,6.0,83,0,8,0,7,120,1,23
1,6,13.0,317,0,20,2,12,135,0,25
1,6,13.0,317,0,19,0,13,38,1,25
1,6,13.0,317,0,9,0,1,105,4,25
1,6,23.0,84,4,14,0,13,13,2,17
1,6,22.0,185,2,4,1,8,19,1,26
1,6,24.0,31,5,17,0,0,26,3,14
1,6,24.0,31,5,17,0,0,77,1,14
1,6,24.0,31,5,3,2,5,6,3,14
1,3,17.0,54,3,12,3,3,30,3,6
1,7,5.0,204,6,23,0,2,40,4,24
1,7,5.0,204,6,22,2,0,53,0,24
1,7,5.0,204,6,23,1,6,128,4,24
1,11,13.0,312,4,1,0,10,47,1,25
1,7,5.0,204,6,4,2,10,22,1,24
1,11,14.0,147,5,11,0,2,86,2,5
1,7,20.0,266,3,20,0,9,63,4,29
1,11,14.0,147,5,15,0,15,96,1,5
1,9,17.0,255,4,12,0,10,23,0,6
1,7,20.0,266,3,3,0,6,128,3,29
1,9,27.0,179,3,2,3,6,7,0,15
1,7,8.0,94,1,11,1,11,15,1,8
1,7,20.0,266,3,1,0,0,77,1,29
1,7,20.0,266,3,22,2,15,119,0,29
1,7,20.0,266,3,18,2,6,91,3,29
1,11,1.0,222,6,6,0,0,96,1,7
1,7,20.0,266,3,17,1,14,110,4,29
1,11,14.0,147,5,22,0,8,9,0,5
1,11,31.0,227,0,7,0,14,25,1,20
1,7,21.0,81,0,0,1,9,134,2,21
1,11,12.0,118,2,1,3,5,6,1,28
1,11,31.0,227,0,2,0,4,45,2,20
1,7,21.0,81,0,16,0,4,127,4,21
1,11,14.0,147,5,14,0,5,12,0,5
1,11,31.0,227,0,4,1,9,10,4,20
1,7,21.0,81,0,21,0,5,12,1,21
1,11,30.0,170,3,18,2,6,7,2,19
1,11,31.0,227,0,1,0,9,93,4,20
1,9,11.0,52,5,13,0,4,75,2,9
1,9,11.0,52,5,20,1,9,93,2,9
1,9,11.0,52,5,19,2,3,30,0,9
1,9,11.0,52,5,1,3,2,71,2,9
1,9,19.0,234,6,16,0,8,41,1,10
1,9,19.0,234,6,5,0,1,11,1,10
1,9,23.0,167,2,0,0,8,9,1,17
1,9,23.0,167,2,16,0,9,134,0,17
1,9,11.0,52,5,23,0,3,44,1,9
1,9,23.0,167,2,15,0,5,6,1,17
1,9,23.0,167,2,5,0,3,30,1,17
1,9,23.0,167,2,4,0,7,120,0,17
1,9,23.0,167,2,19,1,11,133,2,17
1,9,28.0,315,0,7,0,8,41,1,18
1,9,28.0,315,0,0,0,14,25,0,18
1,9,28.0,315,0,2,0,16,130,1,18
1,7,3.0,269,4,17,0,13,29,3,27
0,0,6.0,260,2,1,0,3,103,1,23
1,9,19.0,234,6,15,0,4,127,2,10
1,9,19.0,234,6,22,1,13,38,4,10
1,9,19.0,234,6,11,3,15,46,3,10
1,9,19.0,234,6,10,1,14,32,1,10
1,9,19.0,234,6,13,1,9,49,1,10
1,9,19.0,234,6,2,0,9,57,0,10
1,9,23.0,167,2,13,0,12,121,0,17
1,9,23.0,167,2,22,0,0,26,1,17
1,9,28.0,315,0,6,2,11,133,2,18
1,7,3.0,269,4,6,0,5,12,0,27
1,9,28.0,315,0,3,0,8,41,2,18
1,7,3.0,269,4,15,2,8,41,3,27
1,7,3.0,269,4,15,2,3,30,2,27
1,7,3.0,269,4,11,1,9,87,4,27
1,7,3.0,269,4,20,1,4,45,4,27
1,7,20.0,266,3,8,0,0,77,0,29
1,7,20.0,266,3,2,2,10,47,0,29
1,7,20.0,266,3,18,0,15,85,4,29
1,3,25.0,347,0,1,2,6,89,3,13
1,7,20.0,266,3,18,0,1,67,0,29
1,7,21.0,81,0,22,0,8,65,3,21
1,7,21.0,81,0,12,1,13,29,1,21
1,7,22.0,211,1,18,0,12,84,1,26
1,3,4.0,285,0,15,0,3,76,1,30
1,3,4.0,285,0,1,0,8,41,1,30
1,3,4.0,285,0,13,0,10,47,3,30
1,3,6.0,303,2,22,0,5,12,1,23
1,3,25.0,347,0,18,1,11,133,0,13
1,5,17.0,212,1,13,0,11,18,1,6
1,9,18.0,359,5,11,2,10,22,2,0
1,9,18.0,359,5,21,1,9,95,0,0
1,11,18.0,332,1,9,0,9,27,0,0
1,9,18.0,359,5,1,1,9,49,2,0
1,11,6.0,252,4,15,1,2,69,1,23
1,11,6.0,252,4,9,0,9,63,1,23
1,11,6.0,252,4,6,2,5,64,3,23
1,11,14.0,147,5,11,0,8,118,3,5
1,11,13.0,312,4,15,2,0,96,3,25
1,11,14.0,147,5,15,0,4,75,2,5
1,11,14.0,147,5,14,0,0,64,3,5
1,11,31.0,227,0,5,0,16,37,2,20
1,11,30.0,170,3,6,2,15,96,2,19
1,9,11.0,52,5,8,2,2,13,3,9
1,9,11.0,52,5,2,1,7,20,4,9
1,9,11.0,52,5,1,2,2,2,4,9
1,8,20.0,319,1,18,0,13,21,1,29
1,9,19.0,234,6,13,0,2,92,4,10
1,9,19.0,234,6,9,0,6,132,0,10
1,9,19.0,234,6,9,0,8,41,1,10
1,9,23.0,167,2,19,0,2,40,1,17
0,0,14.0,5,4,5,0,5,12,1,5
1,7,20.0,266,3,11,0,10,43,2,29
0,0,14.0,5,4,9,2,4,79,3,5
1,11,31.0,227,0,0,2,0,64,3,20
1,7,21.0,81,0,13,0,8,9,2,21
0,0,14.0,5,4,9,3,16,72,4,5
1,7,22.0,211,1,0,2,16,42,1,26
0,2,4.0,254,6,19,0,3,115,2,30
1,7,22.0,211,1,8,0,12,80,4,26
1,3,6.0,303,2,14,0,2,2,0,23
1,3,14.0,33,4,8,1,10,47,1,5
1,3,20.0,105,2,10,1,16,37,4,29
1,3,20.0,105,2,15,2,6,89,0,29
1,3,20.0,105,2,2,2,14,106,3,29
1,3,20.0,105,2,14,1,10,22,1,29
1,3,20.0,105,2,4,0,16,50,1,29
1,3,20.0,105,2,22,3,8,9,1,29
1,3,20.0,105,2,9,0,6,7,4,29
1,3,22.0,166,5,23,1,14,126,0,26
1,3,22.0,166,5,1,0,1,59,1,26
1,3,28.0,187,4,23,0,2,86,1,18
1,5,5.0,96,4,20,0,2,40,1,24
1,5,5.0,96,4,15,1,7,20,1,24
1,5,5.0,96,4,15,0,8,19,0,24
1,5,15.0,200,3,8,0,10,6,0,1
1,5,29.0,24,3,22,0,9,102,1,16
1,5,29.0,24,3,8,2,6,132,3,16
1,5,29.0,24,3,13,1,6,116,4,16
1,6,4.0,159,6,2,1,14,32,1,30
1,6,6.0,83,0,6,0,4,79,1,23
1,6,6.0,83,0,22,1,1,16,4,23
1,6,6.0,83,0,15,0,11,94,2,23
1,6,13.0,317,0,1,0,9,93,3,25
1,7,21.0,81,0,14,1,3,44,4,21
1,7,21.0,81,0,1,1,12,104,1,21
1,7,22.0,211,1,8,0,14,25,1,26
1,11,28.0,123,5,15,1,2,86,1,18
1,6,21.0,193,1,16,1,0,26,1,21
1,10,13.0,346,2,16,0,3,76,3,25
1,7,21.0,81,0,8,1,13,69,4,21
1,7,22.0,211,1,2,0,14,25,1,26
1,7,22.0,211,1,1,0,4,66,2,26
1,7,20.0,266,3,20,0,10,23,1,29
1,3,4.0,285,0,20,0,4,75,1,30
1,3,4.0,285,0,14,0,0,26,1,30
1,3,6.0,303,2,6,1,2,123,0,23
1,3,6.0,303,2,16,0,13,38,3,23
1,3,4.0,285,0,19,0,6,116,4,30
1,3,6.0,303,2,12,0,10,22,3,23
1,3,6.0,303,2,18,2,12,104,1,23
1,3,14.0,33,4,0,1,11,124,0,5
1,3,20.0,105,2,16,1,2,86,4,29
1,3,22.0,166,5,17,2,2,86,1,26
1,3,22.0,166,5,15,0,3,44,0,26
1,3,22.0,166,5,14,2,2,35,3,26
1,3,22.0,166,5,15,0,9,9,1,26
1,3,22.0,166,5,4,0,9,134,1,26
1,3,28.0,187,4,19,1,4,127,4,18
1,7,22.0,211,1,14,0,5,12,3,26
1,3,4.0,285,0,16,1,3,103,0,30
1,3,4.0,285,0,8,1,13,29,4,30
1,3,6.0,303,2,6,0,12,121,1,23
1,11,31.0,227,0,13,2,5,64,3,20
1,9,11.0,52,5,11,0,5,6,0,9
1,9,11.0,52,5,5,0,4,45,2,9
1,9,11.0,52,5,12,1,12,121,1,9
1,9,11.0,52,5,22,1,12,80,1,9
1,11,6.0,252,4,9,2,10,22,3,23
1,11,12.0,118,2,16,0,5,6,2,28
1,11,12.0,118,2,8,0,14,110,4,28
1,11,12.0,118,2,6,1,10,23,0,28
1,11,13.0,312,4,11,0,10,22,0,25
1,11,13.0,312,4,5,1,14,106,1,25
1,11,13.0,312,4,1,2,7,78,3,25
1,11,13.0,312,4,6,0,10,23,1,25
1,11,14.0,147,5,11,0,15,31,3,5
1,11,14.0,147,5,13,1,12,83,4,5
1,11,14.0,147,5,19,2,10,47,0,5
1,11,14.0,147,5,19,1,9,63,4,5
1,11,30.0,170,3,7,1,13,48,2,19
1,11,30.0,170,3,11,0,12,61,1,19
1,11,30.0,170,3,8,0,14,25,0,19
1,11,30.0,170,3,1,0,16,50,1,19
1,11,31.0,227,0,5,2,4,75,3,20
1,11,31.0,227,0,13,1,10,47,1,20
1,11,31.0,227,0,6,1,14,34,1,20
1,11,31.0,227,0,14,0,6,7,2,20
1,11,31.0,227,0,11,1,12,121,1,20
1,11,31.0,227,0,1,2,8,19,3,20
1,9,11.0,52,5,21,0,0,64,1,9
1,9,11.0,52,5,16,1,9,102,0,9
1,11,13.0,312,4,11,1,9,95,1,25
1,11,13.0,312,4,17,1,16,39,4,25
1,11,13.0,312,4,10,1,1,59,1,25
1,11,14.0,147,5,17,0,2,13,1,5
1,11,14.0,147,5,16,1,15,85,2,5
1,11,14.0,147,5,11,0,13,28,1,5
1,11,14.0,147,5,3,3,14,88,0,5
1,11,14.0,147,5,22,1,6,7,4,5
1,11,14.0,147,5,1,0,16,50,3,5
1,11,30.0,170,3,17,2,13,48,0,19
1,11,30.0,170,3,17,0,2,13,3,19
1,11,30.0,170,3,5,1,8,33,4,19
1,11,30.0,170,3,2,0,1,35,4,19
1,11,30.0,170,3,12,0,2,86,3,19
1,11,30.0,170,3,12,2,3,70,4,19
1,11,30.0,170,3,13,1,13,28,4,19
1,11,30.0,170,3,9,0,15,46,0,19
1,11,30.0,170,3,14,1,1,16,4,19
1,11,31.0,227,0,12,2,10,47,3,20
1,11,31.0,227,0,2,1,7,78,4,20
1,11,31.0,227,0,13,1,12,121,1,20
1,11,31.0,227,0,5,1,8,41,4,20
1,9,11.0,52,5,20,1,2,2,1,9
1,9,19.0,234,6,0,1,11,133,4,10
1,9,19.0,234,6,20,1,11,90,1,10
1,9,11.0,52,5,13,1,13,69,4,9
1,7,2.0,160,2,1,1,5,6,0,22
1,9,1.0,126,1,17,0,14,25,1,7
1,9,11.0,52,5,2,2,1,11,3,9
1,9,19.0,234,6,2,2,16,50,3,10
1,9,19.0,234,6,4,0,4,75,3,10
1,9,19.0,234,6,9,0,6,132,0,10
1,9,19.0,234,6,1,2,1,16,3,10
0,2,15.0,130,2,2,0,2,86,3,1
0,2,15.0,130,2,8,0,2,2,3,1
0,2,15.0,130,2,9,0,16,74,1,1
0,2,15.0,130,2,14,0,6,132,2,1
0,2,22.0,209,2,6,0,4,138,3,26
0,2,23.0,230,4,22,0,11,90,1,17
0,2,23.0,230,4,2,0,5,0,2,17
0,2,30.0,131,4,23,0,9,63,1,19
0,2,30.0,131,4,1,0,13,29,2,19
0,0,6.0,260,2,17,0,10,52,1,23
0,0,6.0,260,2,10,0,5,12,3,23
0,0,14.0,5,4,17,0,7,62,1,5
0,0,14.0,5,4,6,0,11,18,1,5
0,0,14.0,5,4,0,0,0,26,1,5
0,0,14.0,5,4,13,1,2,2,1,5
0,0,14.0,5,4,5,0,12,61,1,5
0,4,29.0,313,3,4,0,11,15,1,16
0,5,22.0,163,0,17,0,11,124,1,26
1,3,23.0,57,6,4,1,11,117,2,17
0,4,17.0,19,1,8,1,5,12,1,6
1,3,29.0,325,5,13,0,11,18,1,16
1,5,14.0,36,6,13,1,13,48,0,5
0,2,2.0,143,4,1,2,5,0,3,22
0,8,7.0,70,4,19,0,13,38,3,11
1,5,14.0,36,6,19,0,1,35,4,5
0,8,16.0,73,6,10,1,10,22,0,2
0,2,2.0,143,4,4,0,1,11,4,22
0,2,24.0,22,5,8,1,3,44,1,14
1,11,14.0,147,5,20,0,4,75,4,5
0,1,8.0,62,1,19,2,12,84,0,8
0,4,10.0,79,1,22,1,13,28,4,4
1,5,15.0,200,3,5,1,9,54,1,1
1,6,24.0,31,5,4,0,9,134,4,14
1,6,6.0,83,0,17,0,6,89,1,23
1,6,14.0,173,1,10,0,1,35,4,5
1,1,16.0,2,1,2,0,4,66,4,2
0,0,19.0,13,1,12,1,3,30,4,10
1,4,25.0,20,1,4,1,9,49,4,13
1,4,25.0,20,1,9,0,3,30,4,13
1,4,23.0,30,3,18,0,13,29,0,17
1,2,8.0,258,1,18,1,8,19,0,8
0,10,24.0,261,0,12,0,14,32,3,14
0,10,17.0,256,0,11,0,13,38,2,6
1,3,29.0,325,5,11,1,14,126,1,16
1,10,23.0,247,6,17,1,2,2,4,17
1,1,7.0,32,3,18,0,3,115,1,11
1,1,22.0,164,0,12,1,7,54,4,26
1,8,8.0,76,4,2,1,11,15,1,8
0,6,1.0,158,4,14,3,14,97,4,7
0,6,7.0,169,2,18,0,0,53,0,11
0,8,10.0,71,3,5,1,1,105,4,4
0,8,25.0,86,0,2,0,6,7,0,13
1,5,22.0,163,3,19,1,13,38,0,26
1,2,30.0,131,2,14,1,9,27,0,19
0,4,9.0,18,0,12,1,9,134,4,12
0,8,19.0,280,1,20,1,4,75,4,10
0,3,17.0,54,0,0,2,9,101,3,6
0,5,8.0,199,0,18,3,2,60,4,8
0,6,26.0,348,0,5,0,5,6,0,3
0,10,8.0,213,6,1,3,5,0,2,8
0,10,10.0,245,0,1,0,12,80,3,4
0,10,6.0,242,4,4,3,15,112,4,23
0,10,1.0,208,6,17,0,8,9,1,7
0,4,17.0,19,1,6,1,12,61,1,6
0,2,26.0,3,3,20,0,13,38,2,3
0,2,2.0,143,4,19,1,6,14,4,22
0,7,15.0,205,2,17,1,12,135,4,1
0,8,24.0,85,3,23,0,5,6,0,14
0,2,2.0,143,4,9,3,4,75,3,22
1,6,15.0,49,2,14,0,9,102,4,1
0,0,28.0,249,4,5,1,8,41,2,18
1,6,28.0,309,1,19,0,7,57,2,18
1,10,22.0,314,5,0,0,16,74,1,26
1,6,28.0,309,1,1,0,4,127,1,18
1,8,25.0,86,3,17,0,8,65,1,13
1,3,1.0,180,5,17,2,15,31,3,7
1,2,23.0,230,2,0,0,0,26,3,17
1,10,16.0,201,6,16,0,0,53,0,2
1,10,21.0,341,4,8,1,10,47,0,21
1,6,28.0,309,1,1,2,8,9,0,18
1,0,17.0,12,6,8,0,2,86,1,6
1,8,24.0,85,6,18,1,9,95,1,14
1,2,23.0,230,2,13,0,16,37,1,17
1,10,16.0,201,6,22,2,10,47,3,2
1,10,3.0,310,3,14,0,5,6,0,27
1,5,9.0,206,0,22,0,5,12,3,12
1,0,17.0,12,6,2,0,13,13,0,6
1,8,25.0,86,3,11,0,10,12,3,13
1,3,1.0,180,5,12,0,15,46,0,7
1,2,23.0,230,2,5,1,11,133,4,17
1,10,16.0,201,6,14,0,5,6,3,2
1,5,23.0,168,0,19,1,4,75,4,17
1,10,8.0,213,5,23,0,13,29,4,8
1,0,24.0,55,6,3,1,2,86,4,14
1,8,25.0,86,3,13,0,5,6,2,13
1,8,21.0,46,2,18,2,8,27,3,21
1,8,24.0,85,6,20,0,3,115,4,14
1,8,24.0,85,6,8,0,2,2,1,14
1,8,24.0,85,6,8,0,13,38,0,14
1,8,24.0,85,6,17,0,16,113,1,14
1,8,30.0,103,5,2,0,5,6,3,19
1,10,21.0,341,4,19,0,1,1,3,21
1,10,21.0,341,4,12,0,0,53,4,21
1,10,21.0,341,4,1,2,6,89,0,21
1,10,22.0,314,5,23,2,15,51,3,26
1,10,29.0,318,5,13,0,0,64,3,16
1,1,14.0,183,3,23,1,8,27,0,5
1,1,14.0,183,3,2,0,3,30,1,5
1,1,23.0,69,1,4,0,2,86,1,17
1,1,23.0,69,1,3,1,4,45,4,17
1,1,30.0,100,1,17,0,4,5,3,19
1,1,30.0,100,1,21,0,2,92,1,19
1,1,30.0,100,1,3,2,1,1,3,19
1,1,30.0,100,1,1,0,4,82,4,19
1,1,30.0,100,1,8,1,13,69,4,19
1,8,5.0,101,0,3,0,8,41,3,24
1,8,5.0,101,0,20,1,3,30,4,24
1,6,30.0,145,4,20,0,15,31,2,19
1,8,14.0,296,2,6,0,0,15,3,5
1,8,14.0,296,2,0,0,5,12,3,5
1,8,14.0,296,2,0,2,5,12,3,5
1,8,14.0,296,2,17,1,1,67,0,5
1,8,14.0,296,2,12,0,8,27,3,5
1,8,16.0,73,5,17,0,16,72,3,2
1,8,16.0,73,5,10,0,9,95,3,2
1,8,16.0,73,5,0,1,13,38,0,2
1,8,14.0,296,2,7,1,10,52,4,5
1,8,16.0,73,5,1,0,6,89,1,2
1,8,21.0,46,2,16,0,5,12,3,21
1,8,21.0,46,2,16,0,9,102,3,21
1,8,21.0,46,2,6,1,1,81,0,21
1,8,21.0,46,2,20,0,9,49,1,21
1,8,21.0,46,2,2,2,7,57,3,21
1,8,24.0,85,6,17,1,10,52,0,14
1,8,24.0,85,6,12,0,13,99,1,14
1,3,16.0,263,6,13,0,14,34,1,2
1,3,16.0,263,6,15,2,16,74,0,2
1,3,16.0,263,6,12,2,2,13,1,2
1,3,16.0,263,6,13,1,12,135,4,2
1,5,1.0,109,3,11,0,1,35,4,7
1,5,1.0,109,3,22,0,2,69,3,7
1,5,1.0,109,3,1,0,6,89,0,7
1,5,1.0,109,3,6,1,10,6,0,7
1,5,9.0,206,0,17,2,15,31,0,12
1,5,9.0,206,0,14,0,0,15,3,12
1,5,9.0,206,0,9,0,2,69,1,12
1,5,10.0,155,1,6,0,5,12,3,4
1,5,9.0,206,0,6,0,8,33,0,12
1,5,10.0,155,1,8,0,1,59,1,4
1,5,9.0,206,0,2,1,7,137,2,12
1,5,19.0,146,4,0,1,13,48,0,10
1,5,19.0,146,4,22,2,6,89,3,10
1,5,19.0,146,4,2,0,7,20,4,10
1,5,25.0,350,2,17,0,13,13,0,13
1,5,25.0,350,2,15,0,9,87,2,13
1,5,9.0,206,0,11,0,13,121,0,12
1,5,10.0,155,1,22,2,13,38,0,4
1,5,10.0,155,1,6,2,5,6,3,4
1,5,9.0,206,0,19,1,15,51,4,12
1,5,10.0,155,1,9,0,0,64,3,4
1,5,19.0,146,4,16,1,10,12,0,10
1,5,19.0,146,4,11,0,5,64,2,10
1,5,25.0,350,2,17,0,8,9,1,13
1,5,26.0,37,4,6,0,14,131,1,3
1,5,26.0,37,4,6,1,0,31,0,3
1,5,25.0,350,2,17,0,11,15,2,13
1,5,27.0,328,5,9,0,15,96,3,15
1,5,28.0,259,6,11,0,15,112,1,18
1,5,28.0,259,6,2,2,2,86,1,18
1,5,27.0,328,5,21,1,4,82,0,15
1,5,26.0,37,4,14,3,1,11,3,3
1,5,28.0,259,6,23,0,3,115,4,18
1,6,1.0,158,2,0,1,15,85,0,7
1,8,24.0,85,6,4,0,3,115,3,14
1,5,24.0,58,1,9,1,13,69,4,14
1,10,21.0,341,4,15,0,16,72,1,21
1,3,1.0,180,5,17,1,2,86,4,7
1,8,30.0,103,5,22,0,13,29,3,19
1,10,29.0,318,5,17,0,8,9,1,16
1,0,25.0,281,3,6,0,8,118,4,13
1,5,9.0,206,0,18,0,14,107,1,12
1,10,9.0,150,6,15,1,12,80,1,12
1,10,21.0,341,4,9,0,16,65,2,21
1,0,31.0,290,6,22,0,13,28,3,20
1,10,22.0,314,5,9,0,10,47,3,26
1,5,9.0,206,0,3,1,3,30,4,12
1,11,17.0,110,0,8,0,16,130,4,6
1,10,28.0,216,4,11,0,8,33,0,18
1,10,22.0,314,5,17,0,10,6,3,26
1,0,31.0,290,6,2,0,15,31,4,20
1,0,31.0,290,6,12,0,5,64,3,20
0,11,15.0,331,3,15,1,13,38,1,1
0,11,16.0,225,0,9,0,13,21,0,2
1,0,8.0,9,4,15,0,12,80,1,8
1,0,9.0,48,5,7,0,6,89,1,12
1,0,14.0,5,2,16,0,5,12,0,5
1,0,14.0,5,2,17,0,8,118,3,5
1,0,15.0,190,4,12,0,11,15,1,1
1,6,10.0,149,5,5,1,11,15,4,4
1,5,19.0,146,4,18,1,3,115,1,10
1,5,19.0,146,4,12,1,9,102,0,10
1,6,10.0,149,5,0,1,10,52,1,4
1,6,10.0,149,5,12,0,0,0,1,4
1,10,28.0,216,4,1,0,13,29,0,18
1,10,28.0,216,4,15,3,14,126,3,18
1,1,9.0,50,1,23,0,6,73,1,12
1,8,1.0,66,4,13,3,2,92,1,7
1,1,9.0,50,1,5,0,14,25,3,12
1,1,9.0,50,1,13,0,6,128,1,12
1,1,10.0,17,2,16,0,10,12,1,4
1,1,10.0,17,2,7,0,14,107,1,4
1,1,10.0,17,2,16,0,5,12,3,4
1,1,10.0,17,2,17,0,9,102,3,4
1,1,10.0,17,2,6,0,7,111,0,4
1,1,10.0,17,2,2,0,7,57,1,4
1,1,10.0,17,2,14,0,4,82,0,4
1,1,10.0,17,2,1,0,3,115,1,4
1,1,12.0,353,5,19,1,10,22,1,28
1,1,12.0,353,5,9,0,12,80,4,28
1,1,12.0,353,5,20,1,2,40,1,28
1,0,17.0,12,6,18,0,13,21,1,6
1,0,8.0,9,4,10,0,9,95,2,8
1,0,24.0,55,6,0,1,12,83,0,14
1,0,24.0,55,6,13,0,8,9,3,14
1,0,24.0,55,6,3,0,10,12,1,14
1,0,24.0,55,6,2,0,5,6,0,14
1,0,24.0,55,6,14,0,3,103,0,14
1,0,25.0,281,3,16,0,3,76,0,13
0,11,13.0,312,5,1,0,9,102,2,25
0,11,15.0,331,3,4,0,6,89,4,1
0,11,16.0,225,0,23,0,12,104,1,2
0,11,16.0,225,0,19,0,5,6,0,2
0,11,16.0,225,0,20,1,4,45,4,2
0,11,30.0,170,0,21,0,9,54,4,19
0,11,30.0,170,0,8,0,2,40,1,19
1,0,17.0,12,6,2,0,3,79,2,6
1,4,22.0,152,6,23,1,7,137,2,26
1,0,17.0,12,6,2,1,8,33,4,6
1,0,17.0,12,6,19,1,12,83,4,6
1,0,17.0,12,6,18,2,10,12,3,6
1,0,17.0,12,6,9,0,12,17,1,6
1,0,24.0,55,6,2,0,16,72,3,14
1,0,24.0,55,6,1,0,12,100,1,14
1,0,24.0,55,6,22,1,2,86,4,14
1,0,24.0,55,6,4,1,16,108,4,14
1,0,25.0,281,3,17,0,11,133,2,13
1,0,25.0,281,3,1,0,16,50,0,13
1,0,25.0,281,3,9,0,13,123,4,13
1,0,31.0,290,6,18,1,15,108,0,20
0,11,15.0,331,3,13,1,8,9,1,1
0,11,15.0,331,3,1,0,10,43,2,1
0,11,15.0,331,3,3,1,12,61,1,1
0,11,16.0,225,0,7,1,2,2,1,2
0,11,16.0,225,0,4,1,9,83,4,2
0,11,30.0,170,0,17,1,2,2,0,19
0,9,15.0,226,2,16,0,7,120,3,1
0,9,15.0,226,2,21,0,8,65,2,1
0,9,17.0,255,5,2,0,5,6,0,6
0,9,23.0,167,4,20,1,14,88,4,17
0,9,23.0,167,4,15,1,10,52,1,17
0,9,23.0,167,4,13,0,14,34,2,17
1,1,18.0,82,4,6,0,6,128,3,0
1,1,18.0,82,4,11,0,8,118,1,0
1,1,18.0,82,4,13,0,8,118,1,0
1,1,18.0,82,4,14,1,10,43,4,0
1,1,18.0,82,4,12,0,11,15,1,0
1,1,20.0,151,6,6,0,6,14,3,29
1,8,1.0,66,4,3,2,1,16,3,7
1,8,1.0,66,4,8,0,13,38,4,7
1,6,26.0,348,3,20,0,6,7,4,3
1,6,28.0,309,1,15,0,15,114,1,18
1,6,28.0,309,1,4,0,11,18,3,18
1,6,28.0,309,1,4,0,10,52,1,18
1,10,28.0,216,4,5,1,13,99,1,18
1,3,17.0,54,3,4,1,10,22,0,6
1,3,12.0,104,1,22,1,0,77,1,28
1,4,13.0,221,4,13,0,8,41,4,25
1,5,16.0,239,0,2,1,5,6,2,2
1,10,28.0,216,4,2,0,16,37,3,18
1,10,22.0,314,5,21,0,5,6,3,26
1,10,21.0,341,4,1,1,9,54,2,21
1,1,14.0,183,3,3,0,8,118,3,5
1,9,16.0,107,2,13,1,9,83,4,2
1,4,13.0,221,4,2,0,16,72,1,25
1,3,12.0,104,1,11,1,11,124,4,28
1,9,22.0,92,1,18,0,14,24,1,26
1,10,28.0,216,4,14,0,5,12,2,18
1,3,8.0,148,5,9,3,6,91,3,8
1,3,12.0,104,1,17,0,8,27,0,28
1,3,15.0,35,5,2,0,4,4,4,1
1,10,28.0,216,4,22,0,1,11,2,18
1,1,9.0,50,1,6,0,2,13,1,12
1,1,20.0,151,6,11,0,3,70,1,29
1,8,3.0,363,6,8,1,16,50,1,27
1,4,12.0,134,2,17,0,16,74,1,28
1,2,21.0,108,0,4,3,1,67,3,21
1,1,9.0,50,1,4,0,11,117,3,12
1,1,9.0,50,1,8,0,3,79,2,12
1,1,10.0,17,2,8,0,10,47,0,4
1,1,10.0,17,2,1,2,10,47,0,4
1,6,26.0,348,3,20,0,16,37,4,3
1,9,24.0,272,4,8,0,13,29,1,14
1,9,24.0,272,4,11,1,3,115,1,14
1,9,25.0,344,5,8,2,13,21,2,13
1,9,25.0,344,5,13,2,8,33,2,13
1,9,25.0,344,5,7,1,6,91,4,13
1,9,25.0,344,5,22,1,0,64,1,13
1,11,26.0,364,2,18,0,5,12,1,3
1,7,18.0,154,5,19,2,1,1,3,0
1,7,25.0,41,5,12,0,6,7,2,13
1,3,2.0,120,6,0,1,10,22,0,22
1,3,2.0,120,6,3,1,6,7,4,22
1,3,2.0,120,6,8,0,2,2,3,22
1,3,11.0,337,0,6,2,13,28,3,9
1,3,11.0,337,0,13,0,1,67,3,9
1,3,11.0,337,0,19,0,5,6,3,9
1,3,11.0,337,0,3,1,4,136,4,9
1,3,16.0,263,6,6,0,13,28,1,2
1,5,1.0,109,3,13,0,16,113,0,7
1,5,1.0,109,3,1,0,0,0,1,7
1,5,9.0,206,0,17,1,12,83,4,12
1,5,9.0,206,0,19,0,1,35,4,12
1,10,9.0,150,6,2,0,11,117,0,12
1,6,26.0,348,3,23,0,13,36,1,3
1,10,11.0,298,0,9,0,15,39,1,9
1,10,11.0,298,0,23,1,11,124,4,9
1,10,9.0,150,6,16,3,12,17,0,12
1,10,28.0,216,4,1,2,6,89,3,18
1,10,28.0,216,4,23,1,13,13,1,18
1,1,9.0,50,1,16,0,5,6,1,12
1,9,11.0,52,5,2,0,3,103,1,9
1,7,5.0,204,6,14,1,4,121,1,24
1,9,23.0,167,2,13,0,3,70,1,17
1,9,19.0,234,6,13,0,0,68,2,10
1,6,29.0,335,2,11,0,14,107,1,16
1,10,4.0,356,0,1,1,15,46,2,30
1,10,12.0,333,1,4,1,5,12,0,28
1,6,5.0,342,3,2,0,6,89,3,24
1,9,13.0,91,3,9,2,13,21,3,25
1,3,30.0,304,6,22,0,14,88,2,19
1,9,13.0,91,3,2,0,10,22,4,25
1,3,3.0,182,3,17,3,0,68,4,27
1,5,13.0,184,5,4,0,2,13,3,25
1,10,7.0,243,4,1,1,14,126,2,11
1,10,23.0,247,6,17,1,12,100,4,17
1,9,19.0,234,6,20,1,12,135,4,10
1,7,22.0,211,1,18,1,2,86,4,26
1,3,4.0,285,0,9,3,5,6,0,30
1,3,28.0,187,4,12,0,1,35,3,18
1,7,22.0,211,1,10,1,14,24,1,26
1,7,21.0,81,0,16,0,0,31,2,21
1,3,14.0,33,4,11,0,0,53,1,5
1,6,24.0,31,5,20,1,15,46,1,14
1,8,7.0,70,2,15,0,9,95,0,11
1,10,5.0,336,1,15,2,1,35,4,24
1,10,6.0,242,2,17,0,0,85,0,23
1,10,6.0,242,2,0,0,3,30,1,23
1,10,6.0,242,2,8,0,16,37,1,23
1,10,6.0,242,2,12,0,5,64,2,23
1,10,6.0,242,2,18,0,16,108,3,23
1,10,14.0,174,4,9,0,0,64,0,5
1,10,16.0,201,6,10,0,11,133,1,2
1,10,21.0,341,4,17,0,12,104,1,21
1,10,21.0,341,4,20,0,10,47,2,21
1,10,21.0,341,4,11,1,9,102,4,21
1,1,14.0,183,3,12,0,3,79,0,5
1,3,21.0,338,4,10,1,7,111,1,21
1,4,15.0,132,6,20,1,8,41,4,1
1,1,30.0,100,1,5,0,15,112,1,19
1,5,24.0,58,1,4,0,6,7,4,14
1,10,22.0,314,5,11,0,2,2,4,26
1,6,18.0,308,6,8,2,3,76,3,0
1,1,23.0,69,1,17,2,9,134,3,17
1,4,22.0,152,6,19,0,14,24,2,26
1,5,17.0,212,1,4,1,2,123,4,6
1,10,22.0,314,5,3,2,13,28,0,26
1,5,4.0,114,2,15,0,15,85,1,30
1,6,18.0,308,6,8,0,8,118,0,0
1,1,23.0,69,1,22,0,6,7,0,17
1,8,30.0,103,5,11,0,15,114,2,19
1,3,25.0,347,0,15,3,14,106,1,13
1,10,29.0,318,5,13,0,6,73,1,16
1,5,4.0,114,2,1,0,8,27,1,30
1,5,28.0,259,6,2,0,11,15,2,18
1,4,31.0,67,0,13,2,4,82,2,20
1,10,27.0,302,2,12,1,8,33,0,15
1,5,4.0,114,2,15,0,9,63,3,30
1,6,26.0,348,3,16,1,0,53,0,3
1,1,23.0,69,1,8,0,6,89,1,17
1,8,30.0,103,5,20,0,13,29,2,19
1,6,25.0,39,6,14,2,1,35,3,13
1,6,27.0,116,0,12,3,5,6,0,15
1,8,20.0,319,1,14,2,8,118,3,29
1,2,9.0,21,2,13,0,14,25,3,12
1,10,27.0,302,2,3,3,6,7,4,15
1,1,17.0,63,2,16,2,2,86,3,6
1,7,30.0,42,2,8,0,15,31,3,19
1,7,29.0,268,1,14,1,9,10,4,16
1,7,30.0,42,2,5,1,0,31,1,19
1,8,14.0,296,2,15,1,2,2,4,5
1,8,14.0,296,2,22,2,5,6,0,5
1,8,14.0,296,2,17,3,15,39,0,5
1,8,16.0,73,5,16,0,10,22,0,2
1,8,16.0,73,5,3,0,10,22,1,2
1,8,16.0,73,5,8,0,3,79,3,2
1,8,21.0,46,2,5,0,13,99,1,21
1,8,24.0,85,6,6,1,2,2,0,14
1,8,24.0,85,6,5,0,10,47,3,14
1,8,24.0,85,6,14,0,14,34,3,14
1,8,24.0,85,6,1,0,12,80,1,14
1,8,25.0,86,3,19,0,16,37,3,13
1,8,30.0,103,5,2,0,5,47,3,19
1,8,30.0,103,5,4,0,15,112,1,19
1,4,13.0,221,4,11,1,5,6,0,25
1,4,13.0,221,4,3,1,10,22,1,25
1,4,15.0,132,6,17,2,14,107,0,1
1,4,15.0,132,6,8,0,8,9,2,1
1,4,22.0,152,6,3,0,11,6,3,26
1,4,22.0,152,6,2,0,12,17,2,26
1,4,31.0,67,0,20,2,10,47,0,20
1,4,31.0,67,0,9,0,5,6,1,20
1,2,6.0,251,3,11,2,1,59,2,23
1,10,16.0,201,6,3,0,8,41,3,2
1,10,21.0,341,4,10,1,7,62,0,21
1,10,21.0,341,4,8,2,1,16,3,21
1,10,21.0,341,4,1,0,0,77,1,21
1,10,21.0,341,4,6,1,6,7,4,21
1,1,14.0,183,3,5,0,0,77,1,5
1,1,14.0,183,3,13,1,13,123,4,5
1,1,14.0,183,3,15,0,11,90,0,5
1,1,14.0,183,3,2,2,13,36,3,5
1,1,23.0,69,1,10,0,9,101,3,17
1,1,23.0,69,1,6,0,0,15,3,17
1,1,23.0,69,1,9,0,2,92,1,17
1,8,21.0,46,2,17,0,8,41,1,21
1,8,21.0,46,2,17,2,0,64,3,21
1,8,21.0,46,2,21,0,8,41,0,21
1,8,21.0,46,2,19,0,0,26,0,21
1,8,21.0,46,2,1,2,13,36,0,21
1,5,9.0,206,0,2,0,3,30,3,12
1,5,9.0,206,0,4,0,5,6,0,12
1,5,10.0,155,1,6,2,6,7,3,4
1,5,10.0,155,1,5,0,1,67,3,4
1,5,10.0,155,1,12,2,4,66,2,4
1,5,10.0,155,1,14,0,8,27,3,4
1,5,10.0,155,1,9,0,10,47,0,4
1,5,10.0,155,1,19,1,14,126,4,4
1,5,10.0,155,1,9,2,12,83,0,4
1,5,10.0,155,1,1,2,11,15,3,4
1,5,19.0,146,4,17,0,15,46,1,10
1,5,19.0,146,4,1,2,2,69,3,10
1,5,25.0,350,2,8,0,6,88,3,13
1,5,25.0,350,2,4,1,6,7,0,13
1,5,26.0,37,4,12,0,11,133,3,3
1,5,26.0,37,4,23,1,7,137,1,3
1,5,27.0,328,5,20,0,12,84,3,15
1,5,27.0,328,5,4,0,7,57,4,15
1,5,27.0,328,5,14,0,2,3,4,15
1,5,27.0,328,5,9,2,2,69,3,15
1,5,28.0,259,6,5,0,9,93,1,18
1,11,10.0,360,0,18,1,3,30,1,4
1,5,3.0,161,1,8,0,6,128,4,27
1,5,3.0,161,1,13,0,9,87,1,27
1,3,8.0,148,5,13,1,13,48,4,8
1,3,1.0,180,5,4,0,16,139,1,7
1,5,11.0,326,2,22,0,11,117,1,9
1,11,1.0,222,6,13,0,11,117,1,7
1,6,26.0,348,3,11,0,0,26,0,3
1,8,30.0,103,5,15,2,15,77,3,19
1,1,23.0,69,1,4,1,12,104,4,17
1,10,29.0,318,5,4,0,16,74,1,16
1,5,6.0,277,5,19,0,1,67,0,23
1,6,26.0,348,3,1,0,4,82,3,3
1,6,28.0,309,1,17,1,13,38,0,18
1,6,28.0,309,1,9,0,10,47,3,18
1,10,3.0,310,3,18,0,11,18,1,27
1,10,8.0,213,5,17,2,2,92,0,8
1,10,8.0,213,5,2,0,3,44,1,8
1,10,8.0,213,5,2,0,2,40,2,8
1,10,9.0,150,6,16,0,5,6,0,12
1,10,9.0,150,6,20,0,6,89,1,12
1,10,9.0,150,6,3,0,14,32,4,12
1,6,9.0,236,4,23,1,3,103,4,12
1,6,9.0,236,4,6,1,7,129,4,12
1,6,10.0,149,5,16,2,15,46,3,4
1,6,10.0,149,5,6,0,9,9,3,4
1,6,9.0,236,4,18,1,2,69,0,12
1,6,10.0,149,5,22,0,7,20,1,4
1,6,18.0,308,6,20,0,3,70,1,0
1,6,18.0,308,6,11,0,1,16,3,0
1,6,18.0,308,6,2,0,1,81,3,0
1,6,26.0,348,3,16,1,6,7,0,3
1,6,26.0,348,3,1,1,9,10,4,3
1,6,18.0,308,6,11,3,5,6,3,0
1,6,28.0,309,1,6,1,14,107,4,18
1,6,28.0,309,1,12,0,14,25,2,18
1,6,28.0,309,1,9,0,15,112,1,18
1,10,3.0,310,3,12,0,16,72,2,27
1,10,3.0,310,3,14,0,9,101,0,27
1,10,8.0,213,5,14,0,10,52,3,8
1,10,8.0,213,5,9,0,10,47,3,8
1,10,8.0,213,5,2,2,2,86,1,8
1,10,9.0,150,6,13,1,10,47,1,12
1,10,11.0,298,0,7,0,14,25,3,9
1,10,11.0,298,0,13,0,16,65,0,9
1,10,11.0,298,0,2,0,5,6,2,9
1,10,11.0,298,0,19,0,5,12,0,9
1,10,28.0,216,4,12,0,14,25,0,18
1,5,28.0,259,6,8,0,2,86,1,18
1,5,28.0,259,6,19,0,11,15,3,18
1,5,28.0,259,6,12,0,2,92,3,18
1,2,24.0,22,4,18,2,16,37,0,14
1,0,5.0,122,0,0,0,2,2,1,24
1,0,5.0,122,0,0,2,14,25,0,24
1,0,5.0,122,0,14,0,1,11,4,24
1,0,5.0,122,0,18,0,11,10,1,24
1,4,31.0,67,0,13,1,13,28,1,20
1,2,6.0,251,3,3,1,4,127,4,23
1,2,6.0,251,3,12,1,1,67,4,23
1,2,6.0,251,3,11,1,16,74,4,23
1,2,15.0,130,1,16,0,13,21,1,1
1,2,15.0,130,1,21,2,3,30,0,1
1,2,15.0,130,1,7,2,11,94,3,1
1,2,15.0,130,1,8,0,15,85,1,1
1,2,15.0,130,1,1,2,0,68,3,1
1,2,23.0,230,2,3,0,10,52,1,17
1,2,23.0,230,2,13,2,10,12,3,17
1,2,23.0,230,2,9,0,11,15,2,17
1,2,24.0,22,4,3,0,4,121,1,14
1,2,24.0,22,4,4,0,4,75,1,14
1,0,5.0,122,0,18,0,13,21,4,24
1,5,28.0,259,6,18,0,2,92,1,18
1,6,1.0,158,2,17,1,8,19,0,7
1,6,1.0,158,2,15,0,10,22,2,7
1,6,1.0,158,2,15,0,11,58,2,7
1,6,1.0,158,2,2,0,4,138,1,7
1,6,8.0,59,2,12,0,7,120,0,8
1,6,8.0,59,2,20,0,6,7,4,8
1,6,9.0,236,4,14,0,12,121,3,12
1,6,9.0,236,4,9,0,8,41,1,12
1,6,10.0,149,5,16,0,9,10,1,4
1,6,8.0,59,2,0,0,3,30,1,8
1,6,10.0,149,5,23,1,8,19,4,4
1,6,9.0,236,4,15,0,13,29,2,12
1,6,18.0,308,6,12,2,10,47,2,0
1,8,30.0,103,5,8,2,2,69,3,19
1,1,23.0,69,1,1,1,12,61,2,17
1,1,14.0,183,3,20,0,10,22,0,5
1,5,6.0,277,5,4,0,8,9,1,23
1,1,14.0,183,3,8,1,12,84,1,5
1,4,13.0,221,4,21,1,0,85,0,25
1,1,23.0,69,1,7,0,0,68,4,17
1,5,7.0,349,6,15,0,11,94,0,11
1,1,30.0,100,1,21,0,2,69,4,19
1,4,13.0,221,4,22,0,9,95,0,25
1,1,30.0,100,1,12,0,10,22,3,19
1,4,13.0,221,4,14,2,10,12,0,25
1,5,20.0,214,5,8,1,5,6,1,29
1,8,14.0,296,2,3,0,15,31,1,5
1,4,15.0,132,6,17,0,10,47,1,1
1,1,30.0,100,1,0,0,10,47,1,19
1,5,20.0,214,5,20,3,1,11,4,29
1,9,24.0,272,4,3,0,8,9,1,14
1,9,24.0,272,4,12,0,13,48,4,14
1,9,25.0,344,5,18,0,15,39,1,13
1,7,18.0,154,5,16,0,1,11,1,0
1,7,18.0,154,5,17,2,8,27,3,0
1,7,18.0,154,5,3,0,12,100,3,0
1,7,18.0,154,5,13,1,16,139,4,0
1,7,25.0,41,5,0,0,2,86,1,13
1,7,25.0,41,5,20,0,10,47,2,13
1,3,2.0,120,6,20,0,14,34,2,22
1,3,11.0,337,0,3,0,13,28,3,9
1,3,11.0,337,0,10,1,10,43,1,9
1,9,25.0,344,5,3,0,10,47,2,13
1,3,16.0,263,6,15,0,13,13,2,2
1,5,1.0,109,3,14,3,14,25,0,7
1,5,9.0,206,0,17,0,14,34,2,12
1,9,2.0,323,2,2,0,10,47,0,22
1,9,2.0,323,2,18,0,10,23,1,22
1,9,10.0,156,4,22,0,7,20,2,4
1,9,10.0,156,4,11,1,13,38,4,4
1,9,10.0,156,4,19,3,1,105,3,4
1,9,10.0,156,4,7,1,12,121,1,4
1,9,24.0,272,4,22,0,13,69,2,14
1,9,25.0,344,5,18,0,4,70,0,13
1,7,18.0,154,5,8,2,7,62,3,0
1,7,18.0,154,5,12,2,4,121,3,0
1,7,25.0,41,5,13,1,13,99,4,13
1,3,11.0,337,0,17,2,0,64,3,9
1,3,11.0,337,0,17,2,8,9,0,9
1,3,11.0,337,0,5,1,3,44,4,9
1,3,16.0,263,6,3,0,10,12,1,2
1,3,16.0,263,6,19,0,14,25,3,2
1,3,16.0,263,6,10,1,14,88,4,2
1,5,1.0,109,3,8,0,0,85,3,7
1,5,1.0,109,3,5,1,10,47,2,7
1,5,1.0,109,3,3,1,4,136,4,7
1,5,1.0,109,3,8,0,12,17,4,7
1,5,1.0,109,3,23,3,10,43,0,7
1,5,9.0,206,0,12,0,10,47,1,12
1,5,9.0,206,0,18,0,14,34,1,12
1,5,10.0,155,1,7,0,8,9,1,4
1,5,9.0,206,0,13,0,10,47,3,12
1,5,9.0,206,0,8,0,16,72,3,12
1,5,9.0,206,0,19,0,8,27,1,12
1,9,21.0,362,0,6,0,13,99,1,21
1,9,21.0,362,0,8,0,14,25,3,21
1,9,21.0,362,0,10,1,9,49,4,21
1,9,22.0,92,1,10,1,7,111,4,26
1,9,22.0,92,1,17,0,13,48,0,26
1,9,22.0,92,1,6,1,0,12,1,26
1,9,22.0,92,1,13,1,11,117,1,26
1,7,6.0,93,3,3,0,14,107,4,23
1,7,6.0,93,3,8,0,14,24,4,23
1,7,6.0,93,3,15,1,15,46,4,23
1,7,6.0,93,3,19,0,14,25,1,23
1,7,6.0,93,3,3,2,13,28,3,23
1,7,6.0,93,3,4,1,1,11,4,23
1,7,12.0,181,6,13,0,14,25,1,28
1,7,12.0,181,6,2,0,1,11,4,28
1,7,12.0,181,6,9,2,6,89,1,28
1,7,29.0,268,1,4,0,8,41,1,16
1,7,29.0,268,1,1,0,12,17,4,16
1,11,10.0,360,0,1,1,10,22,1,4
1,11,17.0,110,0,19,1,13,28,4,6
1,9,15.0,226,1,17,1,2,69,1,1
1,7,2.0,160,2,6,3,6,7,2,22
1,5,3.0,161,1,19,1,11,18,0,27
1,11,10.0,360,0,15,3,13,38,0,4
1,9,1.0,126,1,14,1,8,9,1,7
1,3,1.0,180,5,9,1,13,36,1,7
1,6,26.0,348,3,15,0,6,7,1,3
1,4,15.0,132,6,2,0,3,44,3,1
1,1,30.0,100,1,8,0,8,41,0,19
1,8,5.0,101,0,18,0,15,31,3,24
1,5,23.0,168,0,17,0,15,119,3,17
1,4,15.0,132,6,19,0,12,104,1,1
1,8,14.0,296,2,2,1,2,69,2,5
1,6,26.0,348,3,13,0,3,115,2,3
1,6,1.0,158,2,22,1,8,118,1,7
1,8,16.0,73,5,4,0,6,89,1,2
1,5,23.0,168,0,20,1,12,135,4,17
1,6,26.0,348,3,3,1,3,44,4,3
1,6,8.0,59,2,21,0,10,12,1,8
1,6,9.0,236,4,7,0,14,131,3,12
1,6,9.0,236,4,20,0,3,30,3,12
1,6,9.0,236,4,12,0,7,57,3,12
1,5,10.0,155,1,15,1,10,47,2,4
1,5,19.0,146,4,0,0,13,21,3,10
1,5,19.0,146,4,14,1,16,113,4,10
1,5,25.0,350,2,3,0,1,11,3,13
1,5,26.0,37,4,0,0,16,108,1,3
1,5,26.0,37,4,5,0,15,39,1,3
1,5,26.0,37,4,19,0,7,20,1,3
1,5,26.0,37,4,18,1,3,30,4,3
1,5,27.0,328,5,22,0,2,2,2,15
1,5,28.0,259,6,11,0,0,77,1,18
1,5,28.0,259,6,20,0,13,13,4,18
1,5,28.0,259,6,12,0,0,53,3,18
1,5,28.0,259,6,5,2,1,1,3,18
1,6,1.0,158,2,16,0,5,12,3,7
1,4,22.0,152,6,17,0,16,50,3,26
1,4,22.0,152,6,17,1,13,28,0,26
1,4,22.0,152,6,7,2,3,79,0,26
1,4,22.0,152,6,19,0,7,129,4,26
1,4,22.0,152,6,11,0,14,32,2,26
1,4,31.0,67,0,22,0,15,31,2,20
1,2,6.0,251,3,22,1,1,1,4,23
1,2,6.0,251,3,5,1,8,33,1,23
1,2,6.0,251,3,12,1,9,87,4,23
1,2,15.0,130,1,6,0,5,6,0,1
1,2,15.0,130,1,16,0,13,21,1,1
1,2,17.0,6,4,1,2,2,13,1,6
1,2,17.0,6,4,18,0,5,6,2,6
1,2,23.0,230,2,6,1,14,25,0,17
1,2,23.0,230,2,0,3,0,26,3,17
1,7,30.0,42,2,1,0,11,18,1,19
1,3,5.0,324,1,17,1,14,110,1,24
1,3,5.0,324,1,21,0,1,59,4,24
1,6,1.0,158,2,0,1,6,7,0,7
1,6,1.0,158,2,11,0,2,40,4,7
1,6,8.0,59,2,0,0,0,26,3,8
1,6,8.0,59,2,3,2,2,2,1,8
1,6,8.0,59,2,22,0,6,91,4,8
1,6,8.0,59,2,9,0,14,25,4,8
1,6,9.0,236,4,12,0,10,22,1,12
1,11,25.0,88,1,9,1,15,51,0,13
1,11,26.0,364,2,8,0,15,31,4,3
1,11,26.0,364,2,12,0,2,40,1,3
1,11,27.0,322,4,3,0,3,115,4,15
1,9,10.0,156,4,2,2,1,67,2,4
1,9,25.0,344,5,20,0,1,11,4,13
1,9,25.0,344,5,12,2,10,52,3,13
1,9,24.0,272,4,0,0,0,12,0,14
1,7,18.0,154,5,16,0,15,96,3,0
1,7,18.0,154,5,17,0,14,25,1,0
1,7,18.0,154,5,17,0,2,86,2,0
1,7,18.0,154,5,7,0,4,127,4,0
1,7,18.0,154,5,19,0,3,76,0,0
1,7,18.0,154,5,12,0,3,70,2,0
1,7,25.0,41,5,2,2,1,59,3,13
1,6,28.0,309,1,8,1,9,87,4,18
1,6,26.0,348,3,17,1,10,23,1,3
1,10,3.0,310,3,19,0,16,113,1,27
1,3,16.0,263,6,20,0,5,6,0,2
1,5,9.0,206,0,22,0,0,26,0,12
1,8,16.0,73,5,5,1,3,115,4,2
1,5,31.0,196,1,1,0,9,63,1,20
1,8,21.0,46,2,16,0,5,12,3,21
1,8,21.0,46,2,16,0,10,47,3,21
1,5,31.0,196,1,1,1,0,0,0,20
1,8,21.0,46,2,17,0,5,12,0,21
1,5,31.0,196,1,15,0,3,70,3,20
1,8,14.0,296,2,5,1,4,66,2,5
1,8,24.0,85,6,0,1,0,26,1,14
1,6,30.0,145,4,17,2,6,116,3,19
1,8,24.0,85,6,8,2,13,29,3,14
1,6,30.0,145,4,22,0,1,1,3,19
1,8,25.0,86,3,13,1,14,25,4,13
1,10,5.0,336,1,7,1,15,112,4,24
1,8,25.0,86,3,4,0,6,89,1,13
1,2,23.0,230,2,3,0,4,4,4,17
1,8,30.0,103,5,18,1,8,19,4,19
1,2,24.0,22,4,17,0,4,115,3,14
1,8,30.0,103,5,9,0,13,99,1,19
1,2,24.0,22,4,8,0,5,6,3,14
1,1,9.0,50,1,6,0,8,118,1,12
1,0,5.0,122,0,7,0,10,22,3,24
1,10,28.0,216,4,9,2,15,46,3,18
1,0,5.0,122,0,8,0,16,74,1,24
1,1,10.0,17,2,8,0,14,25,4,4
1,0,5.0,122,0,3,1,12,80,4,24
1,0,5.0,122,0,8,1,9,63,4,24
1,0,6.0,260,1,13,3,10,12,0,23
1,0,7.0,15,2,6,2,8,27,3,11
1,0,7.0,15,2,0,0,11,15,4,11
1,0,8.0,9,4,23,2,16,130,3,8
1,0,9.0,48,5,11,0,14,32,1,12
1,0,9.0,48,5,22,0,8,33,2,12
1,0,14.0,5,2,0,0,3,79,1,5
1,0,14.0,5,2,3,0,0,53,0,5
1,0,7.0,15,2,21,0,13,36,4,11
1,0,15.0,190,4,17,0,9,49,1,1
1,0,15.0,190,4,21,0,15,46,1,1
1,0,14.0,5,2,21,1,11,15,1,5
1,0,15.0,190,4,11,1,14,126,4,1
1,0,15.0,190,4,13,1,9,109,4,1
1,0,15.0,190,4,20,1,14,32,4,1
1,0,17.0,12,6,7,2,10,12,3,6
1,6,26.0,348,3,9,2,6,7,3,3
1,4,13.0,221,4,19,0,2,86,4,25
1,4,15.0,132,6,4,0,6,89,4,1
1,4,15.0,132,6,1,0,0,85,4,1
1,4,15.0,132,6,1,1,11,133,4,1
1,4,22.0,152,6,7,2,11,18,3,26
1,4,22.0,152,6,23,2,11,18,1,26
1,4,22.0,152,6,22,2,2,69,3,26
1,4,22.0,152,6,9,0,5,47,3,26
1,4,31.0,67,0,18,0,15,39,1,20
1,2,6.0,251,3,23,0,16,39,3,23
1,2,6.0,251,3,12,0,12,104,3,23
1,2,15.0,130,1,9,0,6,7,1,1
1,2,17.0,6,4,9,0,4,75,1,6
1,0,5.0,122,0,3,0,2,2,4,24
1,0,5.0,122,0,11,1,12,80,4,24
1,0,6.0,260,1,5,0,14,110,4,23
1,0,5.0,122,0,18,1,16,37,4,24
1,0,6.0,260,1,9,1,5,64,1,23
1,6,9.0,236,4,12,0,15,51,1,12
1,6,9.0,236,4,1,0,13,48,1,12
1,6,10.0,149,5,0,0,7,20,1,4
1,6,9.0,236,4,18,1,2,69,0,12
1,6,10.0,149,5,14,0,13,48,2,4
1,6,10.0,149,5,18,0,0,31,1,4
1,6,10.0,149,5,10,1,13,38,4,4
1,0,7.0,15,2,6,0,6,7,2,11
1,0,7.0,15,2,16,0,5,12,3,11
1,0,7.0,15,2,19,0,9,57,0,11
1,2,6.0,251,3,19,0,14,107,3,23
1,2,6.0,251,3,19,0,13,13,0,23
1,2,15.0,130,1,0,0,10,22,1,1
1,2,15.0,130,1,12,0,2,86,1,1
1,2,17.0,6,4,1,0,1,1,1,6
1,4,15.0,132,6,8,1,6,7,1,1
1,2,23.0,230,2,17,0,8,9,0,17
1,1,12.0,353,5,17,0,2,40,1,28
1,1,20.0,151,6,8,0,8,33,2,29
1,11,25.0,88,1,6,2,16,37,3,13
1,8,1.0,66,4,9,0,8,41,4,7
1,11,26.0,364,2,6,0,8,9,1,3
1,11,26.0,364,2,5,0,15,39,4,3
1,11,26.0,364,2,18,0,9,109,4,3
1,11,27.0,322,4,6,1,6,128,0,15
1,8,3.0,363,6,23,0,11,133,3,27
1,11,27.0,322,4,15,0,13,13,1,15
1,8,3.0,363,6,19,0,16,37,2,27
1,11,27.0,322,4,1,0,11,18,0,15
1,4,12.0,134,2,15,0,9,54,1,28
1,9,2.0,323,2,6,0,15,31,3,22
1,4,12.0,134,2,8,0,12,80,0,28
1,9,2.0,323,2,0,0,10,47,0,22
1,4,18.0,26,1,0,1,0,0,0,0
1,4,18.0,26,1,3,0,15,37,0,0
1,6,10.0,149,5,19,2,14,107,1,4
1,4,13.0,221,4,9,2,14,25,3,25
1,4,15.0,132,6,11,1,15,46,4,1
1,4,15.0,132,6,13,1,3,79,4,1
1,4,22.0,152,6,6,1,11,98,0,26
1,4,22.0,152,6,22,0,10,6,3,26
0,11,16.0,225,0,7,0,14,24,1,2
0,11,30.0,170,0,0,0,9,93,1,19
0,11,30.0,170,0,4,0,4,5,1,19
0,11,30.0,170,0,4,0,5,0,1,19
0,9,15.0,226,2,16,0,0,85,1,1
0,9,17.0,255,5,12,0,6,7,4,6
0,9,23.0,167,4,16,0,13,29,2,17
0,9,23.0,167,4,17,0,2,2,1,17
0,9,23.0,167,4,3,0,10,23,2,17
1,10,16.0,201,6,4,0,1,1,4,2
1,1,23.0,69,1,23,0,2,40,4,17
0,9,23.0,167,4,8,0,1,59,3,17
0,9,23.0,167,4,14,0,6,7,2,17
1,6,10.0,149,5,20,1,4,138,4,4
1,6,26.0,348,3,13,1,13,29,4,3
1,6,26.0,348,3,2,2,8,118,3,3
1,6,26.0,348,3,4,1,10,52,4,3
1,6,28.0,309,1,20,0,1,67,4,18
1,5,25.0,350,2,5,0,14,24,4,13
1,6,28.0,309,1,13,1,11,90,1,18
1,6,28.0,309,1,4,2,1,16,3,18
1,6,28.0,309,1,9,0,5,6,3,18
1,10,8.0,213,5,17,1,14,97,4,8
1,10,8.0,213,5,22,1,9,134,1,8
1,10,9.0,150,6,1,0,7,137,4,12
1,10,9.0,150,6,18,0,9,102,4,12
1,10,11.0,298,0,8,0,10,12,2,9
1,1,9.0,50,1,23,1,11,15,0,12
1,1,9.0,50,1,18,0,2,40,3,12
1,1,10.0,17,2,0,0,10,47,2,4
1,1,12.0,353,5,9,1,10,22,4,28
1,1,12.0,353,5,1,0,12,100,2,28
1,9,2.0,323,2,11,0,1,35,0,22
1,9,2.0,323,2,2,0,3,103,0,22
1,9,10.0,156,4,2,1,11,15,4,4
1,9,10.0,156,4,3,1,8,118,1,4
1,9,24.0,272,4,22,1,3,70,1,14
1,9,24.0,272,4,22,1,12,104,4,14
1,5,25.0,350,2,4,0,1,11,4,13
1,5,26.0,37,4,0,0,16,108,4,3
1,5,26.0,37,4,21,0,16,50,1,3
1,5,26.0,37,4,9,0,1,59,1,3
1,5,27.0,328,5,13,0,6,132,0,15
1,5,27.0,328,5,22,0,6,89,2,15
1,5,27.0,328,5,23,1,9,54,4,15
1,5,28.0,259,6,6,0,13,21,3,18
1,5,28.0,259,6,11,1,11,90,2,18
1,5,28.0,259,6,5,0,2,40,2,18
1,5,28.0,259,6,14,0,7,120,1,18
1,5,27.0,328,5,12,0,3,115,1,15
1,6,1.0,158,2,21,0,13,38,3,7
1,6,1.0,158,2,11,0,1,35,4,7
1,6,1.0,158,2,13,0,4,82,1,7
1,6,8.0,59,2,6,0,16,130,1,8
1,6,1.0,158,2,11,1,14,88,4,7
1,6,8.0,59,2,8,0,0,26,1,8
1,6,9.0,236,4,13,0,14,97,0,12
1,6,9.0,236,4,12,0,0,15,3,12
1,6,9.0,236,4,7,1,5,64,0,12
1,11,18.0,332,1,18,3,11,18,0,0
1,9,18.0,359,5,17,0,12,56,1,0
1,0,5.0,122,0,20,1,4,82,1,24
1,5,4.0,114,2,11,0,9,54,1,30
1,8,5.0,101,0,4,1,10,12,0,24
1,0,6.0,260,1,13,0,13,48,4,23
1,0,6.0,260,1,14,2,14,131,1,23
1,0,6.0,260,1,18,0,9,93,1,23
1,0,7.0,15,2,0,1,5,12,1,11
1,0,8.0,9,4,17,1,13,48,0,8
1,0,8.0,9,4,20,0,0,15,3,8
1,0,6.0,260,1,13,0,16,139,4,23
1,0,8.0,9,4,19,0,14,25,0,8
1,0,9.0,48,5,16,2,2,2,0,12
1,0,8.0,9,4,4,1,9,101,0,8
1,0,8.0,9,4,1,1,7,62,4,8
1,0,14.0,5,2,4,0,12,135,3,5
1,0,17.0,12,6,17,0,4,127,1,6
1,0,17.0,12,6,11,0,15,31,1,6
1,0,24.0,55,6,6,0,15,31,1,14
1,0,25.0,281,3,3,0,14,34,4,13
1,0,24.0,55,6,15,0,12,84,1,14
1,0,25.0,281,3,1,0,13,29,4,13
1,0,25.0,281,3,1,2,10,22,0,13
1,0,31.0,290,6,17,2,13,38,2,20
1,0,31.0,290,6,13,0,14,32,1,20
1,0,31.0,290,6,8,0,7,20,1,20
1,0,31.0,290,6,4,2,10,47,0,20
0,11,13.0,312,5,17,1,4,45,0,25
0,11,15.0,331,3,12,0,2,86,0,1
0,11,16.0,225,0,0,0,8,118,1,2
0,11,16.0,225,0,16,2,15,119,0,2
1,0,6.0,260,1,0,1,15,96,2,23
1,0,6.0,260,1,21,1,15,46,4,23
1,0,5.0,122,0,13,1,12,56,0,24
1,0,7.0,15,2,17,0,5,12,3,11
1,0,7.0,15,2,0,0,11,94,3,11
1,0,7.0,15,2,7,0,8,9,1,11
1,0,7.0,15,2,4,0,13,29,1,11
1,0,6.0,260,1,14,0,6,7,2,23
1,0,8.0,9,4,22,0,12,61,4,8
1,0,5.0,122,0,9,1,12,56,0,24
1,0,8.0,9,4,10,1,9,83,1,8
1,0,8.0,9,4,14,1,14,34,1,8
1,0,6.0,260,1,9,2,2,60,3,23
1,0,14.0,5,2,0,1,11,117,0,5
1,0,14.0,5,2,5,1,0,53,4,5
0,5,24.0,58,2,6,0,14,34,3,14
1,10,6.0,242,2,12,0,9,57,2,23
0,1,16.0,2,2,4,0,4,75,0,2
1,11,1.0,222,6,17,0,6,128,1,7
1,3,21.0,338,4,6,1,13,38,0,21
1,8,25.0,86,3,13,1,9,95,4,13
0,8,27.0,78,2,10,1,8,19,0,15
0,5,24.0,58,2,0,0,0,26,1,14
1,11,20.0,340,4,6,0,14,34,0,29
0,5,24.0,58,2,15,0,11,117,1,14
1,7,15.0,205,1,12,1,11,94,1,1
1,3,13.0,210,2,17,0,3,115,4,25
1,5,12.0,327,4,18,0,5,12,1,28
1,5,14.0,36,6,1,0,14,125,4,5
1,6,12.0,162,3,15,1,13,99,4,28
1,6,21.0,193,1,2,0,6,7,2,21
0,7,15.0,205,2,4,1,0,64,0,1
1,9,6.0,51,3,22,0,1,11,3,23
0,7,15.0,205,2,9,2,2,86,1,1
0,7,24.0,68,5,18,0,3,79,2,14
0,3,8.0,148,6,14,1,11,117,0,8
0,6,7.0,169,2,2,1,4,45,4,11
0,6,15.0,49,4,22,1,15,114,4,1
0,5,1.0,109,0,5,0,9,93,2,7
0,6,24.0,31,6,14,0,6,91,1,14
0,1,23.0,69,2,5,0,10,22,0,17
1,4,17.0,19,0,19,0,10,52,1,6
1,4,29.0,313,6,8,0,1,100,2,16
1,2,3.0,282,4,13,0,16,108,4,27
1,4,27.0,274,4,12,0,6,132,1,15
0,5,12.0,327,5,15,1,15,46,1,28
1,0,30.0,228,5,18,0,9,93,1,19
0,3,13.0,210,4,11,1,11,58,4,25
0,5,22.0,163,0,6,0,7,111,1,26
1,2,1.0,16,1,17,0,11,58,1,7
0,1,21.0,45,0,12,0,11,98,0,21
0,1,31.0,305,4,7,3,6,7,2,20
1,6,1.0,158,2,22,0,10,23,1,7
1,6,9.0,236,4,20,1,4,75,4,12
1,6,1.0,158,2,11,1,1,105,0,7
1,10,3.0,310,3,12,1,4,75,1,27
1,4,28.0,218,5,23,1,4,138,4,18
1,4,20.0,115,4,15,1,14,131,1,29
0,0,15.0,190,5,14,2,10,22,3,1
0,0,13.0,198,2,4,0,14,107,1,25
0,5,26.0,37,5,21,0,3,115,0,3
0,5,26.0,37,5,22,0,4,5,1,3
0,5,26.0,37,5,20,1,13,69,4,3
0,6,8.0,59,4,6,0,6,7,3,8
0,6,8.0,59,4,7,1,7,78,4,8
0,6,8.0,59,4,11,0,1,11,1,8
0,6,16.0,38,5,13,0,5,12,0,2
0,6,16.0,38,5,5,0,16,37,2,2
0,6,25.0,39,3,2,2,3,30,1,13
0,6,25.0,39,3,3,2,8,9,3,13
0,6,25.0,39,3,19,3,13,36,3,13
0,10,15.0,60,6,17,1,6,128,4,1
0,10,15.0,60,6,15,0,5,6,2,1
0,10,15.0,60,6,20,1,12,61,4,1
0,10,15.0,60,6,18,0,10,47,3,1
0,10,15.0,60,6,9,0,6,7,0,1
0,10,26.0,61,2,17,0,14,24,4,3
0,10,26.0,61,2,17,1,15,31,1,3
0,10,26.0,61,2,20,0,13,36,1,3
0,10,26.0,61,2,15,0,12,61,1,3
0,10,26.0,61,2,4,0,10,47,1,3
0,1,8.0,62,1,6,2,5,6,0,8
0,1,8.0,62,1,0,0,7,120,3,8
0,1,17.0,63,4,9,0,13,38,4,6
0,1,17.0,63,4,5,0,4,138,4,6
0,1,18.0,82,5,8,1,1,81,4,0
0,1,18.0,82,5,9,0,3,79,1,0
0,1,24.0,64,4,7,0,5,64,2,14
0,1,24.0,64,4,8,0,8,9,3,14
0,1,24.0,64,4,9,0,13,29,1,14
0,1,24.0,64,4,1,0,4,4,3,14
0,8,1.0,66,5,21,0,4,4,1,7
0,8,7.0,70,4,13,1,0,96,4,11
0,8,25.0,86,0,1,1,4,4,4,13
0,4,25.0,20,2,19,0,3,79,2,13
0,2,24.0,22,5,12,3,14,32,4,14
0,0,18.0,0,0,9,0,1,59,4,0
0,0,18.0,0,0,13,1,2,86,1,0
1,9,13.0,91,3,2,0,2,3,2,25
1,6,21.0,193,1,12,1,0,68,4,21
1,1,7.0,32,3,17,1,13,38,2,11
1,1,6.0,97,6,17,1,10,6,1,23
1,8,6.0,87,1,18,0,13,61,0,23
1,8,6.0,87,1,19,0,16,72,3,23
1,4,5.0,235,2,13,0,5,64,2,24
1,4,6.0,176,4,3,1,0,77,1,23
1,1,7.0,32,3,4,0,9,54,1,11
0,11,22.0,250,3,14,1,5,12,0,26
0,5,16.0,239,1,0,0,13,69,4,2
0,8,1.0,66,5,13,0,0,15,0,7
0,8,1.0,66,5,5,1,2,92,1,7
0,8,9.0,124,6,6,0,14,34,3,12
0,8,27.0,78,2,17,2,2,123,0,15
0,1,6.0,97,3,13,0,16,113,1,23
0,1,15.0,1,1,2,1,16,130,0,1
0,4,6.0,176,5,18,2,16,74,3,23
0,4,7.0,133,6,0,1,12,56,2,11
1,3,21.0,338,4,3,0,16,37,3,21
1,10,5.0,336,1,16,0,10,6,3,24
1,8,30.0,103,5,0,1,1,11,0,19
1,1,3.0,188,2,18,1,7,137,4,27
1,9,6.0,51,3,4,3,1,105,0,23
0,1,16.0,2,2,2,0,3,30,3,2
1,11,20.0,340,4,11,1,12,17,4,29
0,4,7.0,133,6,9,0,6,7,3,11
1,9,12.0,177,6,13,1,9,63,1,28
1,9,22.0,92,1,8,1,13,48,4,26
0,4,6.0,176,5,14,1,1,105,0,23
1,5,23.0,168,0,6,0,8,118,1,17
1,11,19.0,321,2,17,0,0,26,3,10
0,1,16.0,2,2,5,0,13,48,0,2
1,11,20.0,340,4,18,0,2,40,3,29
1,8,19.0,280,0,12,1,1,35,2,10
0,4,10.0,79,1,16,0,5,12,3,4
0,4,16.0,25,0,8,0,6,7,0,2
0,4,16.0,25,0,2,1,4,136,4,2
0,4,16.0,25,0,20,1,1,1,4,2
0,4,16.0,25,0,4,0,13,38,4,2
0,4,18.0,26,2,4,0,6,7,1,0
0,4,18.0,26,2,9,0,2,13,0,0
0,4,18.0,26,2,8,2,13,79,3,0
0,4,26.0,80,4,14,0,4,121,1,3
1,9,14.0,106,0,11,0,9,49,1,5
1,3,5.0,324,1,19,1,4,136,4,24
1,3,5.0,324,1,4,1,16,113,4,24
1,11,3.0,288,0,17,0,12,135,1,27
1,4,13.0,221,4,5,0,2,86,1,25
1,4,22.0,152,6,9,0,13,99,1,26
1,4,22.0,152,6,4,1,2,86,0,26
1,2,15.0,130,1,3,0,3,79,0,1
0,7,14.0,125,1,6,0,6,7,0,5
1,0,8.0,9,4,4,2,2,123,0,8
0,4,26.0,80,4,14,0,4,121,2,3
0,4,26.0,80,4,15,1,13,123,4,3
0,2,10.0,28,5,4,0,9,93,1,4
0,2,10.0,28,5,23,1,6,89,0,4
0,8,1.0,66,5,17,3,1,35,0,7
0,2,17.0,6,5,8,0,6,132,2,6
0,2,17.0,6,5,11,1,0,53,1,6
0,2,18.0,7,6,15,1,4,45,4,0
0,2,27.0,136,0,10,0,10,22,2,15
0,2,27.0,136,0,0,1,1,105,0,15
0,2,27.0,136,0,14,0,10,47,0,15
0,2,27.0,136,0,2,0,13,38,4,15
1,11,11.0,175,1,19,1,8,33,0,9
1,3,12.0,104,1,13,1,7,137,1,28
1,8,21.0,46,2,22,0,2,69,1,21
1,0,15.0,190,4,15,0,6,7,2,1
0,11,30.0,170,0,20,1,1,67,4,19
0,11,16.0,225,0,10,3,2,123,0,2
0,6,18.0,308,3,13,0,14,34,3,0
0,10,25.0,56,1,16,0,14,110,1,13
0,8,8.0,76,5,15,1,11,55,0,8
0,2,16.0,220,4,3,0,2,2,1,2
0,0,10.0,129,3,14,1,0,68,2,4
0,2,1.0,16,2,9,0,7,31,1,7
0,2,27.0,136,0,16,0,0,0,0,15
0,0,8.0,9,5,7,2,10,22,1,8
0,0,8.0,9,5,4,0,8,118,1,8
0,0,8.0,9,5,14,2,8,118,3,8
0,0,8.0,9,5,14,2,8,27,0,8
0,0,11.0,10,0,11,1,1,16,4,9
0,0,11.0,10,0,5,1,12,100,4,9
0,0,11.0,10,0,2,1,9,10,4,9
0,0,11.0,10,0,19,2,13,29,3,9
0,0,11.0,10,0,11,0,13,36,3,9
0,0,16.0,11,6,3,0,3,115,2,2
0,0,16.0,11,6,2,0,7,137,2,2
0,0,19.0,13,1,5,0,14,107,1,10
0,6,7.0,169,2,18,1,6,73,0,11
0,6,15.0,49,4,23,0,8,41,4,1
0,6,15.0,49,4,18,1,16,50,0,1
0,8,24.0,85,3,0,2,4,5,3,14
0,4,17.0,19,1,13,0,1,35,1,6
0,4,1.0,144,3,13,0,11,18,1,7
0,2,26.0,3,3,4,0,0,26,1,3
0,0,18.0,0,0,9,2,10,47,3,0
1,4,5.0,235,2,2,0,13,99,1,24
1,2,14.0,231,0,23,0,3,30,3,5
0,11,22.0,250,3,8,0,15,96,0,26
0,7,5.0,204,3,1,0,6,128,1,24
0,7,24.0,68,5,18,0,8,9,3,14
0,7,24.0,68,5,15,0,7,137,4,14
0,3,22.0,166,6,11,0,8,27,2,26
0,0,26.0,14,1,22,1,14,25,0,3
0,0,27.0,23,2,16,0,9,101,0,15
0,0,27.0,23,2,4,0,10,47,1,15
1,8,21.0,46,2,14,1,13,48,2,21
1,8,21.0,46,2,13,1,11,124,0,21
1,4,13.0,221,4,22,1,10,47,1,25
1,4,22.0,152,6,9,3,2,2,2,26
1,2,6.0,251,3,2,0,8,41,2,23
0,11,13.0,312,5,11,0,0,64,3,25
1,3,5.0,324,1,17,3,11,98,4,24
0,2,11.0,297,6,1,1,10,52,1,9
0,0,25.0,281,0,18,1,6,7,0,13
0,6,24.0,31,6,4,0,8,118,1,14
1,7,6.0,93,3,1,2,9,54,3,23
1,9,12.0,177,6,3,2,15,51,0,28
0,1,15.0,1,1,4,0,16,37,1,1
1,9,12.0,177,6,16,1,7,62,0,28
1,11,20.0,340,4,15,1,2,92,1,29
0,9,13.0,91,0,5,0,14,24,1,25
0,2,15.0,130,2,5,1,4,45,4,1
1,9,20.0,119,3,11,0,12,80,2,29
1,11,21.0,192,5,8,2,13,38,1,21
1,7,6.0,93,3,9,0,8,27,2,23
1,9,12.0,177,6,13,0,7,31,4,28
0,1,1.0,203,1,20,1,2,86,1,7
0,9,13.0,91,0,14,2,14,126,3,25
0,2,28.0,257,1,6,1,4,66,0,18
1,5,31.0,196,1,19,1,9,27,0,20
1,9,14.0,106,0,6,1,0,53,0,5
1,9,14.0,106,0,3,1,9,83,1,5
1,9,20.0,119,3,14,1,14,25,1,29
1,9,21.0,362,0,1,0,4,45,2,21
1,7,6.0,93,3,18,2,9,54,3,23
1,7,12.0,181,6,21,1,5,6,0,28
1,7,23.0,202,2,0,0,16,50,3,17
1,7,23.0,202,2,11,0,10,52,1,17
1,7,29.0,268,1,3,1,2,13,1,16
1,7,30.0,42,2,17,0,1,35,4,19
1,3,5.0,324,1,16,0,8,9,0,24
1,3,12.0,104,1,3,0,4,5,3,28
1,3,12.0,104,1,12,2,8,41,3,28
1,3,15.0,35,5,14,0,8,118,3,1
1,3,15.0,35,5,3,1,2,92,1,1
1,3,21.0,338,4,13,0,10,47,1,21
1,5,4.0,114,2,6,0,5,12,3,30
1,11,3.0,288,0,22,3,5,6,0,27
1,11,11.0,175,1,21,0,13,28,1,9
1,11,19.0,321,2,17,0,10,47,0,10
1,11,19.0,321,2,8,0,1,35,4,10
1,11,19.0,321,2,14,0,8,19,4,10
1,11,21.0,192,5,12,1,9,109,4,21
1,11,21.0,192,5,1,0,5,12,0,21
1,11,21.0,192,5,11,0,7,57,2,21
1,11,21.0,192,5,18,0,13,38,1,21
1,11,21.0,192,5,20,1,12,17,1,21
1,11,21.0,192,5,18,1,1,67,0,21
1,11,22.0,250,6,12,0,6,132,1,26
1,9,6.0,51,3,14,0,15,112,1,23
1,9,12.0,177,6,2,1,6,91,4,28
1,9,12.0,177,6,12,0,8,9,3,28
1,5,4.0,114,2,6,0,10,22,3,30
1,5,4.0,114,2,13,2,9,87,3,30
1,5,4.0,114,2,22,1,3,44,4,30
1,5,7.0,349,6,12,2,6,7,3,11
1,5,7.0,349,6,15,1,1,35,4,11
1,9,22.0,92,1,18,2,3,30,3,26
1,9,22.0,92,1,0,3,0,64,3,26
1,7,23.0,202,2,12,3,14,110,3,17
1,5,23.0,168,0,13,1,5,64,0,17
1,5,31.0,196,1,14,1,9,27,0,20
1,5,31.0,196,1,18,0,16,72,3,20
1,6,30.0,145,4,7,0,10,47,3,19
1,6,30.0,145,4,4,0,10,43,3,19
1,10,5.0,336,1,12,0,8,118,4,24
1,10,6.0,242,2,0,0,5,12,3,23
1,10,15.0,60,5,15,1,12,61,1,1
1,10,15.0,60,5,4,0,2,2,3,1
1,10,16.0,201,6,16,1,2,86,0,2
1,10,16.0,201,6,15,0,14,106,4,2
1,10,16.0,201,6,9,0,6,128,1,2
1,10,21.0,341,4,9,0,2,86,3,21
1,10,14.0,174,4,17,0,15,114,3,5
1,10,29.0,318,5,15,1,9,134,4,16
1,1,14.0,183,3,20,0,5,6,0,5
1,1,14.0,183,3,8,0,2,86,3,5
1,1,14.0,183,3,13,0,8,27,4,5
1,1,23.0,69,1,13,0,9,95,1,17
1,1,30.0,100,1,5,0,1,35,4,19
1,1,30.0,100,1,4,2,4,82,3,19
1,8,5.0,101,0,21,1,12,84,1,24
1,8,5.0,101,0,13,2,0,77,3,24
1,9,25.0,344,5,13,0,1,11,4,13
1,7,18.0,154,5,22,0,16,113,1,0
1,7,25.0,41,5,14,0,13,21,3,13
1,3,2.0,120,6,22,0,3,115,3,22
1,3,2.0,120,6,4,3,14,25,0,22
1,3,11.0,337,0,13,1,9,93,4,9
1,3,16.0,263,6,0,2,10,47,3,2
1,9,2.0,323,2,19,3,11,133,4,22
1,8,14.0,296,2,6,2,8,27,3,5
1,8,14.0,296,2,7,1,0,77,0,5
1,8,14.0,296,2,13,0,2,86,1,5
1,8,16.0,73,5,17,1,9,93,0,2
1,8,16.0,73,5,1,0,15,46,1,2
1,8,21.0,46,2,0,0,5,12,3,21
1,8,21.0,46,2,16,0,5,12,3,21
1,8,21.0,46,2,3,0,8,19,2,21
1,8,24.0,85,6,5,2,1,81,3,14
1,8,24.0,85,6,18,1,8,27,1,14
1,8,24.0,85,6,1,0,6,7,3,14
1,8,25.0,86,3,5,0,0,26,2,13
0,9,14.0,106,1,17,0,1,11,1,5
0,8,7.0,70,4,17,1,10,47,0,11
1,9,14.0,106,0,12,0,9,54,3,5
1,5,31.0,196,1,1,1,11,133,4,20
0,2,28.0,257,1,4,3,8,27,3,18
0,2,9.0,21,4,18,0,1,11,4,12
1,3,11.0,337,0,2,1,15,51,0,9
1,9,14.0,106,0,18,0,14,107,4,5
1,5,31.0,196,1,13,1,14,125,4,20
1,7,12.0,181,6,1,0,12,83,4,28
0,9,14.0,106,1,0,0,8,33,0,5
1,11,21.0,192,5,5,1,9,102,4,21
0,2,9.0,21,4,14,3,0,0,3,12
0,7,4.0,186,6,13,0,13,28,0,30
1,9,14.0,106,0,18,0,13,28,0,5
1,5,23.0,168,0,4,1,15,112,4,17
1,11,21.0,192,5,9,0,7,20,4,21
1,6,21.0,193,1,13,1,14,125,4,21
0,5,13.0,184,6,9,0,8,9,3,25
0,5,10.0,155,2,9,0,14,34,1,4
0,10,30.0,157,3,1,0,12,17,0,19
0,2,7.0,153,1,6,0,2,69,3,11
0,0,15.0,190,5,20,2,5,12,1,1
1,9,25.0,344,5,15,0,11,94,2,13
1,5,28.0,259,6,1,1,8,9,0,18
1,10,11.0,298,0,18,0,3,30,1,9
1,4,12.0,134,2,1,2,14,24,3,28
1,4,20.0,115,4,20,0,1,105,1,29
0,5,13.0,184,6,22,0,13,123,2,25
0,6,22.0,185,4,17,0,15,39,1,26
0,1,14.0,183,0,13,1,2,123,4,5
0,0,15.0,190,5,15,1,3,30,1,1
0,0,15.0,190,5,17,0,4,5,1,1
1,1,1.0,203,0,17,0,8,41,1,7
1,10,1.0,208,5,17,0,9,57,3,7
1,1,1.0,203,0,1,0,10,43,3,7
0,1,19.0,29,6,15,3,15,46,3,10
0,2,3.0,282,5,14,0,10,47,2,27
0,4,6.0,176,5,11,0,6,89,2,23
1,1,2.0,171,1,14,1,14,24,4,22
1,4,10.0,79,0,12,3,6,7,0,4
1,4,9.0,18,3,5,0,10,22,2,12
1,4,21.0,339,5,20,1,7,137,4,21
0,3,10.0,4,0,5,0,15,46,4,4
0,4,6.0,176,5,20,0,3,30,2,23
1,2,1.0,16,1,17,1,10,23,1,7
0,3,12.0,104,2,2,1,4,4,1,28
0,10,13.0,346,4,13,0,7,8,1,25
0,1,31.0,305,4,13,1,16,72,1,20
0,8,6.0,87,2,20,1,5,6,0,23
0,4,14.0,345,6,8,0,15,96,3,5
1,9,10.0,156,4,13,2,2,2,2,4
1,6,10.0,149,5,12,0,2,2,1,4
1,4,12.0,134,2,18,2,6,89,1,28
0,2,14.0,231,1,1,0,10,22,1,5
0,0,5.0,122,1,14,0,9,54,0,24
1,3,2.0,120,6,19,0,6,7,4,22
1,5,1.0,109,3,17,1,13,99,4,7
1,5,26.0,37,4,2,0,9,101,3,3
1,6,28.0,309,1,12,0,8,41,1,18
1,10,3.0,310,3,6,0,5,64,0,27
1,1,12.0,353,5,18,1,2,2,1,28
1,8,1.0,66,4,17,1,4,127,4,7
1,4,12.0,134,2,17,0,0,26,4,28
0,9,12.0,177,3,18,0,5,47,2,28
0,7,11.0,197,6,13,0,16,50,1,9
0,3,3.0,182,0,5,0,14,24,1,27
0,6,30.0,145,5,5,0,9,102,1,19
0,1,4.0,286,5,14,0,16,37,1,30
0,2,7.0,153,1,17,0,16,130,1,11
0,0,23.0,237,6,13,1,14,110,4,17
1,11,16.0,225,3,6,0,13,38,2,2
1,11,25.0,88,1,17,0,16,113,1,13
1,11,25.0,88,1,3,1,12,61,1,13
1,11,25.0,88,1,18,2,1,84,3,13
1,11,26.0,364,2,10,1,14,24,0,3
1,11,26.0,364,2,7,0,5,64,0,3
1,11,25.0,88,1,4,1,3,79,0,13
1,11,26.0,364,2,2,2,12,80,3,3
1,9,10.0,156,4,5,0,5,6,2,4
1,11,3.0,288,0,17,0,15,31,4,27
1,11,3.0,288,0,6,0,4,4,1,27
1,11,3.0,288,0,9,0,5,12,3,27
1,11,11.0,175,1,5,1,10,47,1,9
1,11,11.0,175,1,14,0,2,2,1,9
1,11,19.0,321,2,19,0,12,61,3,10
1,11,20.0,340,4,0,0,5,12,3,29
1,11,20.0,340,4,20,1,13,36,1,29
1,11,21.0,192,5,6,0,3,76,1,21
1,11,20.0,340,4,9,2,12,80,0,29
1,11,20.0,340,4,19,1,12,56,2,29
1,11,21.0,192,5,1,1,7,111,0,21
1,11,22.0,250,6,21,1,1,105,0,26
1,11,22.0,250,6,17,1,12,104,0,26
1,11,3.0,288,0,11,2,2,35,0,27
1,11,3.0,288,0,8,1,1,59,4,27
1,11,3.0,288,0,20,1,9,49,1,27
1,11,11.0,175,1,21,1,1,105,0,9
1,11,11.0,175,1,3,0,13,29,1,9
1,11,11.0,175,1,12,0,5,6,0,9
1,11,11.0,175,1,22,1,5,64,4,9
1,5,23.0,168,0,13,1,3,76,4,17
1,4,5.0,235,2,1,0,0,26,2,24
1,11,21.0,192,5,8,0,0,77,2,21
0,9,14.0,106,1,2,0,8,118,1,5
1,7,12.0,181,6,1,2,14,25,2,28
1,9,20.0,119,3,16,0,9,95,4,29
1,11,22.0,250,6,20,1,1,81,4,26
1,7,15.0,205,1,17,0,9,95,1,1
1,5,23.0,168,0,22,0,14,97,1,17
1,3,16.0,263,6,20,1,4,138,4,2
1,11,22.0,250,6,19,1,5,12,0,26
1,5,31.0,196,1,0,0,14,34,1,20
0,9,14.0,106,1,12,0,4,45,1,5
1,3,16.0,263,6,11,0,13,69,4,2
1,11,21.0,192,5,23,1,4,136,1,21
1,5,31.0,196,1,7,0,5,64,1,20
1,3,16.0,263,6,12,2,7,78,3,2
1,11,3.0,288,0,22,0,16,65,3,27
0,11,22.0,250,3,2,0,9,49,1,26
0,9,7.0,271,1,9,0,11,18,0,11
0,6,15.0,49,4,9,1,6,7,1,1
0,1,9.0,50,2,9,1,0,12,1,12
0,2,26.0,3,3,13,1,13,29,4,3
0,8,7.0,70,4,11,0,9,134,2,11
0,2,26.0,3,3,2,0,9,95,1,3
1,3,18.0,165,0,22,0,10,47,3,0
1,6,20.0,215,0,19,1,13,48,2,29
1,8,12.0,284,0,8,1,15,108,1,28
1,8,18.0,75,3,5,0,14,24,2,0
0,9,28.0,315,1,17,0,15,51,0,18
0,5,22.0,163,0,4,3,1,1,4,26
0,5,22.0,163,0,2,0,0,68,0,26
0,1,21.0,45,0,2,1,3,103,2,21
0,4,21.0,339,6,15,0,13,48,2,21
0,2,6.0,251,0,8,0,13,99,2,23
0,0,7.0,15,4,12,3,13,21,2,11
1,11,9.0,311,3,2,0,3,79,4,12
1,7,10.0,329,4,13,1,16,65,4,4
1,4,27.0,274,4,12,1,15,39,4,15
1,2,1.0,16,1,17,0,1,11,0,7
0,3,13.0,210,4,18,2,12,84,3,25
0,1,22.0,164,1,17,2,13,48,3,26
0,1,21.0,45,0,11,0,2,2,0,21
0,1,22.0,164,1,16,1,5,6,1,26
0,1,22.0,164,1,22,0,8,33,1,26
1,11,9.0,311,3,1,1,16,37,1,12
1,7,19.0,330,6,8,3,2,69,3,10
1,3,18.0,165,0,6,0,5,12,0,0
1,6,2.0,352,4,8,0,15,112,1,22
1,6,20.0,215,0,2,1,13,36,2,29
1,6,20.0,215,0,2,0,3,30,2,29
1,6,19.0,291,3,14,3,2,29,3,10
1,10,2.0,358,6,3,0,6,89,1,22
1,10,26.0,61,1,12,3,1,67,4,3
1,11,24.0,194,0,21,1,9,57,0,14
1,4,1.0,144,6,13,3,0,31,0,7
0,8,6.0,87,2,9,1,12,61,1,23
0,8,6.0,87,2,13,0,15,112,1,23
0,3,6.0,303,4,19,0,7,62,4,23
0,6,6.0,83,1,19,2,13,38,3,23
0,5,25.0,350,4,13,0,15,114,1,13
0,1,2.0,171,2,5,1,14,24,4,22
0,1,26.0,248,6,8,0,13,38,2,3
0,2,16.0,220,4,6,0,5,12,3,2
0,0,10.0,129,3,4,0,4,5,2,4
0,2,16.0,220,4,11,0,13,36,1,2
0,0,10.0,129,3,18,1,14,24,1,4
0,11,30.0,170,0,9,1,9,27,0,19
0,7,7.0,293,1,23,1,3,30,1,11
0,10,8.0,213,6,13,0,15,39,1,8
0,9,25.0,344,6,6,0,6,89,4,13
0,1,26.0,248,6,13,1,14,125,1,3
0,0,10.0,129,3,19,3,10,47,3,4
1,7,2.0,160,2,1,0,15,46,1,22
1,9,17.0,255,4,12,0,9,10,0,6
1,1,3.0,188,2,16,0,1,35,3,27
1,8,20.0,319,1,11,1,14,88,4,29
1,4,4.0,178,1,2,2,1,11,3,30
1,4,11.0,121,1,2,1,13,28,0,9
1,4,21.0,339,5,12,1,10,23,1,21
0,7,19.0,330,3,1,1,0,26,1,10
0,4,23.0,30,0,1,0,15,77,3,17
0,2,15.0,130,2,17,0,0,31,4,1
1,4,4.0,178,1,13,3,12,58,3,30
0,10,14.0,174,5,9,0,13,28,1,5
0,6,6.0,83,1,13,0,3,79,1,23
0,6,6.0,83,1,2,1,4,66,4,23
0,10,8.0,213,6,15,0,1,35,2,8
0,10,1.0,208,6,18,1,6,128,1,7
0,2,8.0,258,2,17,0,6,73,4,8
1,4,9.0,18,3,15,0,13,69,4,12
1,4,21.0,339,5,13,0,11,8,1,21
1,2,13.0,276,3,8,1,10,47,0,25
0,7,29.0,268,2,9,0,2,2,1,16
0,9,14.0,106,1,18,0,8,9,1,5
1,11,3.0,288,0,15,0,10,22,0,27
1,5,1.0,109,3,15,0,10,22,1,7
1,9,20.0,119,3,5,1,4,127,4,29
1,5,31.0,196,1,16,2,16,108,3,20
1,9,21.0,362,0,18,0,6,116,4,21
1,11,11.0,175,1,21,0,0,85,1,9
1,5,1.0,109,3,8,2,8,9,3,7
1,11,11.0,175,1,6,2,8,118,0,9
0,9,16.0,107,4,13,0,10,22,2,2
1,9,22.0,92,1,16,0,0,0,0,26
1,5,31.0,196,1,18,1,3,115,4,20
1,3,11.0,337,0,13,0,15,46,3,9
1,11,11.0,175,1,0,0,8,9,0,9
0,9,16.0,107,4,22,0,12,135,1,2
1,9,22.0,92,1,2,2,0,53,3,26
1,5,31.0,196,1,1,1,9,134,4,20
1,11,25.0,88,1,2,0,13,36,0,13
1,11,21.0,192,5,5,2,16,74,0,21
0,9,16.0,107,4,12,0,2,2,4,2
1,6,30.0,145,4,7,1,5,12,0,19
1,11,25.0,88,1,9,2,8,9,1,13
1,9,6.0,51,3,7,1,11,117,1,23
0,9,22.0,92,2,6,0,10,12,2,26
1,9,4.0,295,5,16,0,1,67,1,30
1,6,30.0,145,4,4,0,8,41,3,19
1,11,26.0,364,2,6,0,10,22,1,3
0,9,22.0,92,2,22,0,1,59,4,26
1,7,28.0,34,0,4,0,3,30,4,18
1,9,22.0,92,1,12,2,2,123,0,26
1,7,6.0,93,3,13,2,6,128,2,23
1,7,6.0,93,3,3,0,16,74,1,23
1,7,6.0,93,3,19,2,2,69,0,23
1,7,12.0,181,6,6,0,3,115,1,28
1,7,29.0,268,1,7,1,6,7,0,16
1,7,29.0,268,1,13,0,6,7,2,16
1,7,29.0,268,1,19,0,5,64,0,16
1,7,29.0,268,1,1,0,15,31,0,16
1,7,29.0,268,1,12,0,8,41,2,16
1,7,29.0,268,1,19,1,12,104,0,16
1,3,5.0,324,1,19,0,1,67,4,24
1,3,15.0,35,5,6,1,14,25,0,1
1,3,12.0,104,1,10,1,11,15,4,28
1,3,21.0,338,4,2,1,3,76,1,21
1,5,4.0,114,2,0,0,13,29,4,30
1,5,6.0,277,5,0,1,11,94,0,23
1,5,6.0,277,5,5,0,2,86,1,23
1,9,10.0,156,4,13,3,11,94,0,4
1,3,11.0,337,0,19,1,9,10,4,9
1,11,27.0,322,4,13,2,6,89,3,15
1,11,27.0,322,4,13,1,15,96,2,15
1,11,27.0,322,4,9,0,7,62,1,15
1,9,2.0,323,2,17,0,3,30,3,22
1,9,2.0,323,2,7,0,15,31,1,22
1,9,2.0,323,2,13,0,5,6,0,22
1,9,2.0,323,2,15,0,7,62,2,22
1,9,2.0,323,2,4,1,9,83,4,22
1,9,10.0,156,4,3,0,5,6,3,4
1,7,25.0,41,5,8,0,1,59,4,13
1,9,10.0,156,4,12,2,1,59,3,4
1,9,10.0,156,4,8,2,3,30,3,4
1,9,24.0,272,4,3,0,14,34,0,14
1,9,24.0,272,4,20,1,1,81,1,14
1,9,25.0,344,5,8,0,2,86,2,13
1,7,25.0,41,5,3,0,14,25,1,13
1,3,2.0,120,6,14,0,12,17,1,22
1,3,2.0,120,6,15,1,11,124,4,22
1,3,2.0,120,6,19,1,12,61,1,22
1,3,11.0,337,0,0,1,14,107,0,9
1,3,11.0,337,0,4,0,6,128,1,9
1,5,6.0,277,5,22,2,2,2,1,23
1,5,7.0,349,6,16,0,8,118,4,11
1,5,7.0,349,6,13,0,4,75,2,11
1,5,7.0,349,6,2,1,3,115,4,11
1,5,7.0,349,6,9,0,6,89,3,11
1,5,7.0,349,6,5,1,10,22,1,11
1,5,20.0,214,5,17,0,0,31,4,29
1,5,4.0,114,2,16,0,10,12,0,30
1,5,20.0,214,5,13,0,10,23,3,29
1,5,20.0,214,5,2,2,4,82,3,29
1,11,11.0,175,1,15,3,12,80,0,9
1,7,6.0,93,3,13,1,2,92,1,23
1,7,6.0,93,3,15,3,13,48,0,23
1,7,6.0,93,3,12,2,8,41,3,23
1,7,6.0,93,3,20,1,16,72,1,23
1,7,12.0,181,6,8,0,10,47,2,28
1,7,12.0,181,6,13,2,0,31,0,28
1,7,12.0,181,6,4,1,15,46,4,28
1,7,23.0,202,2,21,0,0,12,1,17
1,7,23.0,202,2,14,2,16,74,1,17
1,7,23.0,202,2,14,0,1,105,4,17
1,7,29.0,268,1,15,0,2,86,2,16
1,7,29.0,268,1,19,1,2,2,0,16
1,7,30.0,42,2,18,0,6,7,4,19
1,7,30.0,42,2,14,2,8,41,3,19
1,3,5.0,324,1,16,0,3,70,4,24
1,3,5.0,324,1,23,0,6,89,1,24
1,3,5.0,324,1,2,0,2,2,2,24
1,3,5.0,324,1,2,0,8,41,2,24
1,3,12.0,104,1,6,0,10,22,1,28
1,3,12.0,104,1,14,2,15,46,2,28
1,3,15.0,35,5,13,2,16,37,3,1
1,3,15.0,35,5,2,0,2,2,0,1
1,11,27.0,322,4,8,0,9,9,2,15
1,10,5.0,336,1,21,2,13,4,3,24
0,9,22.0,92,2,6,0,14,25,1,26
1,11,3.0,288,0,22,2,14,25,0,27
1,11,27.0,322,4,4,0,13,48,4,15
0,9,22.0,92,2,17,0,5,12,0,26
1,10,5.0,336,1,17,0,3,30,3,24
1,11,11.0,175,1,6,0,4,45,2,9
1,10,5.0,336,1,23,0,2,86,3,24
1,9,2.0,323,2,21,0,4,138,1,22
1,11,19.0,321,2,16,0,3,115,4,10
1,11,21.0,192,5,6,1,1,35,0,21
1,11,21.0,192,5,5,0,2,86,2,21
1,11,21.0,192,5,8,1,11,90,1,21
1,9,12.0,177,6,23,0,2,86,1,28
1,9,12.0,177,6,3,0,0,64,0,28
1,9,12.0,177,6,11,0,10,22,1,28
1,9,12.0,177,6,22,0,12,61,4,28
1,9,14.0,106,0,17,0,8,41,1,5
1,9,14.0,106,0,6,1,13,29,4,5
1,9,20.0,119,3,3,0,4,138,2,29
1,9,20.0,119,3,13,2,16,130,3,29
1,9,20.0,119,3,2,0,2,40,2,29
1,9,20.0,119,3,18,0,15,39,1,29
1,9,21.0,362,0,15,0,7,57,0,21
1,9,22.0,92,1,16,0,2,29,3,26
1,9,22.0,92,1,14,0,12,61,1,26
1,11,22.0,250,6,10,1,1,67,0,26
1,11,2.0,265,3,3,0,13,38,2,22
1,9,11.0,52,5,12,1,11,18,2,9
1,9,11.0,52,5,2,3,12,56,0,9
1,9,23.0,167,2,12,0,8,9,4,17
1,11,22.0,250,6,13,0,6,7,4,26
1,9,6.0,51,3,23,1,13,36,1,23
1,9,12.0,177,6,20,0,4,82,3,28
1,9,12.0,177,6,12,0,13,38,4,28
1,9,14.0,106,0,17,0,0,26,1,5
1,9,14.0,106,0,15,2,13,38,3,5
1,9,14.0,106,0,19,0,13,36,1,5
1,9,20.0,119,3,16,0,6,14,1,29
1,9,20.0,119,3,11,3,2,71,2,29
1,9,20.0,119,3,13,2,3,30,3,29
1,9,20.0,119,3,13,3,11,124,0,29
1,9,21.0,362,0,7,2,3,115,4,21
1,9,21.0,362,0,23,1,1,105,4,21
1,9,22.0,92,1,5,0,14,34,1,26
1,7,6.0,93,3,16,0,4,75,1,23
1,7,6.0,93,3,13,0,4,138,4,23
1,7,12.0,181,6,18,0,0,96,2,28
1,7,23.0,202,2,0,0,10,47,0,17
1,7,23.0,202,2,21,0,10,12,3,17
1,7,23.0,202,2,22,1,10,23,1,17
1,7,23.0,202,2,2,0,6,7,0,17
1,7,29.0,268,1,10,0,15,31,1,16
1,11,11.0,175,1,23,1,0,53,0,9
1,11,11.0,175,1,21,1,1,105,0,9
1,11,19.0,321,2,13,0,13,28,1,10
1,11,21.0,192,5,9,0,12,80,1,21
1,11,21.0,192,5,2,0,7,120,3,21
1,9,12.0,177,6,16,0,12,80,2,28
1,9,12.0,177,6,5,2,3,103,0,28
1,9,12.0,177,6,7,1,9,87,1,28
1,9,14.0,106,0,20,1,12,121,4,5
1,9,14.0,106,0,8,0,9,102,1,5
1,11,22.0,250,6,19,1,11,18,0,26
1,9,20.0,119,3,1,2,10,23,1,29
1,9,20.0,119,3,20,1,1,11,4,29
1,9,21.0,362,0,5,1,10,47,0,21
1,9,21.0,362,0,5,1,16,50,1,21
1,9,21.0,362,0,9,2,10,22,1,21
1,9,21.0,362,0,1,2,8,65,0,21
1,9,22.0,92,1,11,0,12,17,1,26
1,9,21.0,362,0,13,1,6,14,4,21
1,9,22.0,92,1,13,2,4,4,3,26
1,9,22.0,92,1,1,0,10,43,3,26
1,9,22.0,92,1,22,1,7,122,4,26
1,9,21.0,362,0,14,1,10,47,0,21
1,9,21.0,362,0,2,0,8,118,1,21
1,7,6.0,93,3,0,1,7,111,0,23
1,9,6.0,51,3,22,0,8,65,1,23
0,7,6.0,93,0,17,2,10,47,0,23
1,9,2.0,323,2,15,1,12,80,4,22
1,10,5.0,336,1,19,0,6,89,1,24
1,9,24.0,272,4,10,1,15,51,0,14
0,7,6.0,93,0,13,0,0,26,3,23
1,9,24.0,272,4,5,0,13,99,4,14
1,10,5.0,336,1,14,0,4,4,3,24
0,7,6.0,93,0,15,1,1,59,4,23
1,9,24.0,272,4,8,0,2,86,2,14
1,10,6.0,242,2,17,0,8,41,1,23
0,7,6.0,93,0,2,1,11,98,4,23
1,9,25.0,344,5,5,1,7,120,4,13
1,10,14.0,174,4,3,0,2,123,4,5
0,7,8.0,94,2,0,0,4,121,3,8
0,7,8.0,94,2,16,0,5,12,0,8
1,10,14.0,174,4,8,0,9,93,0,5
0,7,8.0,94,2,6,0,0,31,0,8
1,10,16.0,201,6,16,0,3,79,3,2
0,0,27.0,23,2,16,0,6,73,1,15
1,10,16.0,201,6,13,0,12,80,1,2
1,7,30.0,42,2,3,0,13,29,2,19
1,3,15.0,35,5,17,0,1,1,4,1
0,0,27.0,23,2,8,0,9,93,0,15
1,9,21.0,362,0,22,0,16,74,1,21
1,3,15.0,35,5,4,3,10,43,3,1
0,0,27.0,23,2,9,0,10,43,1,15
1,3,15.0,35,5,19,1,12,61,0,1
1,3,21.0,338,4,6,1,14,32,0,21
1,3,15.0,35,5,2,1,13,69,0,1
1,5,4.0,114,2,21,1,0,77,0,30
1,5,4.0,114,2,2,0,1,59,4,30
1,5,4.0,114,2,12,0,12,121,4,30
1,5,4.0,114,2,18,0,8,118,4,30
1,5,6.0,277,5,3,1,12,17,4,23
1,5,6.0,277,5,1,0,1,35,4,23
1,5,7.0,349,6,4,0,0,64,0,11
1,5,7.0,349,6,6,0,0,26,3,11
1,5,7.0,349,6,18,2,2,3,3,11
1,5,20.0,214,5,2,0,5,6,0,29
1,7,12.0,181,6,21,1,1,105,0,28
1,7,23.0,202,2,14,0,5,6,0,17
1,7,23.0,202,2,1,0,9,93,1,17
1,7,29.0,268,1,13,0,13,29,2,16
1,7,29.0,268,1,3,0,0,77,0,16
1,7,29.0,268,1,2,0,10,52,1,16
1,7,30.0,42,2,0,0,11,18,3,19
1,7,29.0,268,1,18,0,14,32,1,16
1,7,30.0,42,2,17,0,5,12,0,19
1,7,30.0,42,2,16,0,1,105,1,19
1,7,30.0,42,2,12,0,10,47,3,19
1,3,5.0,324,1,17,2,6,7,0,24
1,7,30.0,42,2,13,1,12,104,4,19
1,3,12.0,104,1,12,2,6,7,4,28
1,3,15.0,35,5,22,0,0,64,1,1
1,3,21.0,338,4,10,0,14,131,4,21
1,5,4.0,114,2,11,0,0,77,2,30
1,5,4.0,114,2,23,0,2,86,1,30
1,5,4.0,114,2,2,0,10,47,0,30
1,5,4.0,114,2,19,0,13,38,0,30
1,5,4.0,114,2,12,1,3,115,4,30
1,5,4.0,114,2,8,1,11,133,4,30
1,5,6.0,277,5,13,0,3,79,4,23
1,5,6.0,277,5,19,0,5,64,3,23
1,5,7.0,349,6,13,0,0,15,2,11
1,5,7.0,349,6,5,0,6,132,2,11
1,5,7.0,349,6,2,3,10,47,0,11
1,5,7.0,349,6,14,2,2,86,3,11
1,5,20.0,214,5,12,0,15,31,2,29
1,5,20.0,214,5,12,2,7,120,3,29
1,5,20.0,214,5,3,0,15,46,1,29
1,5,20.0,214,5,14,0,13,123,2,29
1,5,20.0,214,5,3,0,0,53,1,29
1,5,31.0,196,1,12,0,7,78,1,20
1,5,31.0,196,1,18,0,12,61,1,20
1,6,30.0,145,4,16,0,0,26,3,19
1,6,30.0,145,4,7,0,10,12,3,19
1,10,5.0,336,1,2,0,5,47,3,24
1,10,5.0,336,1,12,2,5,6,3,24
1,10,5.0,336,1,12,0,0,68,4,24
1,10,5.0,336,1,18,2,3,30,3,24
1,10,6.0,242,2,13,0,4,127,4,23
1,10,6.0,242,2,2,0,10,47,1,23
1,3,2.0,120,6,1,0,2,123,4,22
1,5,23.0,168,0,15,0,7,54,0,17
1,6,1.0,158,2,13,0,4,45,0,7
1,5,23.0,168,0,18,0,9,95,0,17
1,6,28.0,309,1,19,1,7,111,1,18
1,5,23.0,168,0,0,1,0,53,0,17
1,10,3.0,310,3,9,2,2,40,1,27
1,9,4.0,295,5,22,0,6,128,2,30
1,9,13.0,91,3,20,1,12,121,4,25
1,8,1.0,66,4,17,0,6,7,3,7
1,9,13.0,91,3,22,3,8,9,0,25
1,7,28.0,34,0,5,1,14,126,4,18
0,7,2.0,160,4,11,0,2,2,2,22
1,3,11.0,337,0,18,0,2,86,1,9
1,11,25.0,88,1,21,1,11,124,0,13
1,11,25.0,88,1,2,2,6,128,3,13
1,11,25.0,88,1,9,0,7,20,1,13
1,11,26.0,364,2,15,0,8,41,1,3
1,11,26.0,364,2,22,0,15,31,1,3
1,11,26.0,364,2,19,0,6,89,1,3
1,11,25.0,88,1,8,1,5,12,1,13
1,9,2.0,323,2,17,0,16,72,4,22
1,9,2.0,323,2,8,0,14,125,0,22
1,11,5.0,240,2,5,0,14,107,3,24
1,9,13.0,91,3,15,0,11,117,2,25
1,9,13.0,91,3,4,0,2,2,4,25
1,7,4.0,186,5,10,1,6,128,1,30
1,7,15.0,205,1,16,1,2,92,0,1
1,7,31.0,43,4,14,0,12,80,3,20
1,3,30.0,304,6,14,0,0,96,3,19
1,5,30.0,294,0,1,0,9,134,2,19
1,10,13.0,346,2,13,1,5,12,0,25
1,5,13.0,184,5,5,0,12,121,1,25
1,5,30.0,294,0,17,1,11,15,1,19
1,11,25.0,88,1,0,0,5,6,0,13
1,11,25.0,88,1,19,0,4,82,1,13
1,11,25.0,88,1,19,3,10,12,0,13
1,11,27.0,322,4,6,0,16,42,1,15
1,11,26.0,364,2,23,0,14,126,2,3
1,9,2.0,323,2,11,0,9,93,1,22
1,9,10.0,156,4,3,0,2,13,1,4
1,9,10.0,156,4,15,1,12,121,1,4
1,9,10.0,156,4,1,0,6,89,1,4
1,5,23.0,168,0,19,1,9,83,1,17
1,5,31.0,196,1,9,0,10,22,2,20
1,6,30.0,145,4,0,2,7,62,3,19
1,6,30.0,145,4,16,1,14,106,0,19
1,6,30.0,145,4,8,2,9,87,2,19
1,6,30.0,145,4,19,1,10,22,0,19
1,10,5.0,336,1,8,0,13,21,3,24
1,10,5.0,336,1,7,1,14,24,0,24
1,10,5.0,336,1,4,0,7,62,2,24
1,10,6.0,242,2,21,0,4,103,3,23
1,10,5.0,336,1,7,1,13,21,1,24
1,10,6.0,242,2,18,0,13,99,4,23
1,10,15.0,60,5,19,0,5,12,2,1
1,10,16.0,201,6,1,2,10,22,3,2
1,10,21.0,341,4,2,0,2,92,3,21
1,5,20.0,214,5,19,3,5,6,3,29
1,5,23.0,168,0,14,3,8,19,2,17
1,10,6.0,242,2,14,1,14,25,4,23
1,10,14.0,174,4,2,0,5,64,4,5
1,10,14.0,174,4,1,2,10,47,3,5
1,10,15.0,60,5,7,1,5,64,2,1
1,10,15.0,60,5,7,1,10,22,0,1
1,10,15.0,60,5,14,0,6,89,3,1
1,10,14.0,174,4,20,1,0,15,1,5
1,10,15.0,60,5,13,0,4,121,3,1
0,1,14.0,183,0,8,3,1,59,3,5
0,1,29.0,112,1,15,1,14,24,2,16
1,11,1.0,222,6,14,1,14,25,4,7
1,11,10.0,360,0,23,1,1,1,0,4
1,11,1.0,222,6,17,0,12,80,4,7
1,5,3.0,161,1,3,1,8,33,0,27
1,8,20.0,319,1,22,1,2,123,0,29
1,0,1.0,8,4,2,0,0,96,1,7
0,7,1.0,98,2,20,2,15,39,2,7
0,7,27.0,53,0,19,3,9,27,0,15
0,10,14.0,174,5,8,1,3,30,1,5
0,2,30.0,131,4,1,1,9,109,0,19
1,8,6.0,87,1,8,0,2,86,1,23
1,1,31.0,305,2,2,0,13,99,2,20
1,8,15.0,72,4,12,1,3,30,4,1
1,3,3.0,182,3,13,0,6,7,4,27
1,6,21.0,193,1,16,0,4,138,4,21
1,6,15.0,49,2,17,0,7,111,4,1
1,4,5.0,235,2,17,0,1,11,4,24
0,11,5.0,240,4,16,0,12,56,0,24
0,11,22.0,250,3,9,2,4,82,1,26
0,5,23.0,168,1,19,2,3,79,3,17
0,6,7.0,169,2,22,1,14,34,1,11
0,1,7.0,32,0,8,1,16,130,1,11
0,4,25.0,20,2,18,3,2,86,4,13
0,7,8.0,94,2,22,0,13,29,1,8
0,7,8.0,94,2,19,0,8,41,2,8
0,7,16.0,40,4,20,0,5,6,0,2
0,7,16.0,40,4,13,1,1,35,4,2
0,7,16.0,40,4,14,0,12,56,4,2
0,7,17.0,95,5,13,1,14,25,4,6
0,7,25.0,41,6,17,0,11,55,0,13
0,7,25.0,41,6,15,1,1,35,4,13
0,7,30.0,42,4,16,0,1,105,0,19
0,7,30.0,42,4,17,0,7,57,2,19
0,7,31.0,43,5,6,0,15,108,1,20
0,7,31.0,43,5,11,0,16,130,4,20
0,7,31.0,43,5,8,0,0,26,3,20
0,7,31.0,43,5,1,0,14,24,1,20
0,3,9.0,44,3,5,1,12,100,4,12
0,3,9.0,44,3,23,1,6,73,1,12
0,3,14.0,33,5,7,0,16,50,2,5
0,3,14.0,33,5,8,0,16,72,3,5
0,3,14.0,33,5,13,1,12,121,1,5
0,3,15.0,35,6,18,0,0,12,0,1
0,5,14.0,36,3,10,0,4,121,2,5
1,10,10.0,245,3,14,0,7,62,1,4
1,10,17.0,256,3,23,0,5,12,3,6
1,10,17.0,256,3,13,0,13,36,1,6
1,10,17.0,256,3,20,1,1,81,4,6
0,2,5.0,127,3,22,1,7,54,4,24
0,2,6.0,251,0,0,0,0,0,0,23
0,4,31.0,67,1,17,1,15,114,1,20
0,2,6.0,251,0,2,1,2,40,4,23
0,2,6.0,251,0,14,0,13,38,1,23
0,2,12.0,128,3,6,0,9,87,4,28
0,2,12.0,128,3,1,2,4,4,3,28
0,2,13.0,276,0,6,0,1,11,1,25
0,2,13.0,276,0,16,0,5,12,3,25
1,11,1.0,222,6,22,2,16,50,1,7
1,11,8.0,283,6,2,0,13,69,4,8
0,8,11.0,306,0,18,0,16,74,0,9
0,2,13.0,276,0,16,0,8,9,1,25
0,2,13.0,276,0,10,3,6,7,1,25
1,8,26.0,278,0,2,1,9,49,0,3
1,4,3.0,279,0,12,1,11,94,0,27
0,2,21.0,108,1,21,0,1,105,0,21
0,2,21.0,108,1,1,0,9,95,2,21
0,2,21.0,108,1,4,0,8,33,0,21
0,0,4.0,229,0,11,0,6,91,2,30
0,0,4.0,229,0,13,1,13,21,4,30
0,0,4.0,229,0,4,0,5,64,0,30
0,0,4.0,229,0,22,1,13,69,4,30
0,0,4.0,229,0,1,0,10,22,4,30
0,0,4.0,229,0,20,1,14,25,1,30
0,0,4.0,229,0,8,1,11,122,0,30
0,0,7.0,15,4,16,2,2,40,4,11
0,1,31.0,305,4,20,0,12,17,1,20
0,1,31.0,305,4,18,0,1,105,4,20
0,1,31.0,305,4,18,0,7,62,0,20
0,8,5.0,101,1,22,2,14,25,0,24
0,8,5.0,101,1,12,0,16,108,3,24
0,4,13.0,221,5,11,1,11,18,1,25
0,8,5.0,101,1,18,0,12,61,1,24
0,8,12.0,284,1,11,1,13,38,1,28
0,8,6.0,87,2,0,0,8,9,3,23
0,8,6.0,87,2,4,1,10,23,1,23
0,8,11.0,306,0,16,1,15,31,1,9
0,8,12.0,284,1,7,0,3,76,4,28
1,7,1.0,98,1,19,1,4,75,0,7
1,7,7.0,293,0,14,0,10,43,3,11
1,3,7.0,289,4,18,0,8,9,1,11
0,8,11.0,306,0,9,0,10,47,1,9
0,8,12.0,284,1,10,1,8,27,0,28
0,8,12.0,284,1,19,0,0,31,2,28
0,8,12.0,284,1,1,0,13,21,1,28
0,8,30.0,103,6,6,0,16,50,1,19
1,10,27.0,302,2,17,0,3,44,3,15
1,1,1.0,203,0,16,0,0,64,3,7
1,1,1.0,203,0,14,0,14,24,0,7
1,1,2.0,171,1,15,0,6,89,1,22
1,1,3.0,188,2,4,0,12,61,1,27
1,1,17.0,63,2,6,0,4,45,4,6
1,1,17.0,63,2,16,0,13,29,3,6
1,1,17.0,63,2,12,0,5,6,3,6
1,1,17.0,63,2,20,1,4,4,1,6
1,1,19.0,29,5,21,1,10,22,0,10
1,1,19.0,29,5,10,1,12,104,0,10
1,1,19.0,29,5,13,0,4,4,1,10
1,1,19.0,29,5,10,1,5,64,4,10
1,1,26.0,248,5,10,1,10,22,0,3
1,1,26.0,248,5,13,0,8,9,1,3
1,1,26.0,248,5,4,0,2,40,3,3
1,1,26.0,248,5,1,0,0,77,3,3
1,8,4.0,299,3,12,0,14,25,3,30
1,8,4.0,299,3,1,2,16,50,3,30
1,8,9.0,124,5,6,0,15,108,3,12
1,8,9.0,124,5,13,0,8,19,0,12
1,8,9.0,124,5,9,0,5,6,1,12
0,4,3.0,279,1,9,0,5,12,0,27
0,4,5.0,235,4,22,0,0,53,1,24
0,4,5.0,235,4,22,1,1,81,4,24
0,4,13.0,221,5,16,0,5,12,1,25
1,6,16.0,38,4,10,1,0,12,0,2
1,6,16.0,38,4,4,1,6,7,2,2
0,4,5.0,235,4,15,0,3,115,3,24
0,4,5.0,235,4,20,0,13,38,3,24
0,4,3.0,279,1,18,0,6,91,4,27
0,4,5.0,235,4,12,0,9,27,3,24
0,4,5.0,235,4,23,1,3,79,1,24
0,4,5.0,235,4,3,1,4,66,1,24
0,4,5.0,235,4,23,1,16,50,4,24
0,4,13.0,221,5,14,0,9,109,4,25
0,4,14.0,345,6,10,0,13,48,0,5
0,4,13.0,221,5,8,0,1,35,4,25
0,4,14.0,345,6,14,0,4,5,1,5
0,4,15.0,132,3,0,0,10,22,3,1
0,4,14.0,345,6,1,1,3,30,2,5
0,4,15.0,132,3,11,1,13,36,4,1
0,9,27.0,179,0,5,1,2,13,1,15
1,6,17.0,244,5,21,1,9,95,4,6
1,11,1.0,222,6,22,0,0,68,3,7
1,6,17.0,244,5,22,0,16,37,4,6
0,8,12.0,284,1,16,0,3,30,3,28
0,3,28.0,187,5,8,2,16,37,3,18
1,9,28.0,315,0,22,1,11,122,4,18
1,5,8.0,199,3,18,3,11,94,4,8
0,8,12.0,284,1,2,1,12,56,1,28
1,11,8.0,283,6,2,0,15,31,2,8
1,6,25.0,39,6,11,3,16,37,4,13
1,6,17.0,244,5,4,0,8,41,2,6
1,6,25.0,39,6,16,1,3,115,2,13
1,10,1.0,208,5,18,0,3,70,3,7
1,10,10.0,245,3,22,0,1,1,0,4
1,10,10.0,245,3,2,0,5,12,2,4
1,10,10.0,245,3,10,1,13,38,1,4
1,10,10.0,245,3,20,1,13,38,1,4
0,4,5.0,235,4,16,0,0,31,4,24
0,4,5.0,235,4,7,2,13,48,3,24
0,4,13.0,221,5,14,2,10,12,3,25
0,4,14.0,345,6,20,0,10,6,2,5
0,4,14.0,345,6,21,1,8,41,0,5
0,4,14.0,345,6,8,0,3,79,0,5
1,3,27.0,361,2,13,0,7,111,3,15
0,1,31.0,305,4,23,3,16,72,3,20
0,4,13.0,221,5,2,1,11,15,0,25
0,4,14.0,345,6,7,1,8,33,0,5
0,4,14.0,345,6,11,1,13,36,1,5
0,4,14.0,345,6,5,1,13,99,4,5
0,4,15.0,132,3,10,0,9,87,3,1
0,4,21.0,339,6,20,1,14,125,4,21
0,4,21.0,339,6,8,0,2,86,1,21
0,4,21.0,339,6,12,0,8,27,1,21
0,4,28.0,218,6,1,0,0,64,1,18
0,4,31.0,67,1,0,0,14,34,3,20
0,2,5.0,127,3,18,1,3,79,1,24
0,2,6.0,251,0,14,0,16,130,1,23
0,2,6.0,251,0,14,1,12,83,4,23
0,2,12.0,128,3,14,0,11,98,4,28
1,10,10.0,245,3,21,1,9,10,2,4
1,10,17.0,256,3,15,2,1,59,3,6
1,1,1.0,203,0,17,0,14,25,1,7
1,1,2.0,171,1,5,0,9,27,1,22
1,5,11.0,326,2,9,1,11,117,0,9
1,5,16.0,239,0,7,1,13,28,0,2
1,5,16.0,239,0,20,0,2,2,2,2
1,5,16.0,239,0,9,2,0,68,3,2
1,5,17.0,212,1,8,2,2,71,3,6
1,5,18.0,195,2,17,2,9,93,3,0
1,5,18.0,195,2,11,0,14,34,3,0
1,5,16.0,239,0,22,1,13,36,1,2
1,5,24.0,58,1,6,0,8,33,1,14
1,5,24.0,58,1,13,2,2,86,3,14
1,5,24.0,58,1,2,0,8,27,1,14
1,6,17.0,244,5,10,0,14,25,3,6
1,6,17.0,244,5,2,0,8,9,3,6
1,6,17.0,244,5,14,0,3,44,1,6
0,2,12.0,128,3,14,0,4,121,1,28
0,2,13.0,276,0,8,0,16,37,3,25
0,2,13.0,276,0,1,0,16,139,1,25
0,2,13.0,276,0,14,0,9,10,3,25
0,2,13.0,276,0,14,0,4,121,2,25
0,2,13.0,276,0,12,0,13,38,1,25
0,2,12.0,128,3,9,0,4,82,1,28
0,2,21.0,108,1,6,1,12,84,0,21
0,2,21.0,108,1,6,0,10,23,1,21
0,2,21.0,108,1,16,0,11,15,1,21
0,2,21.0,108,1,21,1,2,69,0,21
0,0,7.0,15,4,16,1,2,71,4,11
0,0,7.0,15,4,5,1,2,2,1,11
0,0,7.0,15,4,2,0,0,53,0,11
0,0,7.0,15,4,14,2,12,121,3,11
0,0,20.0,172,2,3,2,14,25,2,29
0,0,20.0,172,2,12,0,1,35,1,29
0,0,20.0,172,2,14,1,11,90,1,29
0,0,23.0,237,6,12,1,14,88,4,17
0,0,23.0,237,6,19,1,4,5,4,17
0,4,31.0,67,1,16,0,5,12,3,20
1,6,25.0,39,6,22,2,3,76,0,13
1,6,25.0,39,6,1,2,13,13,3,13
0,2,4.0,254,6,13,1,15,114,4,30
0,2,4.0,254,6,9,1,13,29,1,30
1,6,27.0,116,0,12,0,5,0,3,15
1,6,27.0,116,0,13,0,11,94,0,15
1,6,27.0,116,0,9,0,3,30,1,15
1,6,27.0,116,0,18,0,6,7,1,15
1,6,27.0,116,0,20,1,7,20,4,15
1,10,1.0,208,5,6,2,1,1,3,7
1,10,1.0,208,5,11,2,13,36,1,7
1,10,10.0,245,3,19,0,5,12,3,4
1,10,10.0,245,3,18,1,10,47,2,4
1,10,1.0,208,5,2,0,2,92,4,7
1,11,10.0,360,0,11,0,10,22,3,4
1,11,15.0,331,6,21,1,7,62,4,1
0,8,23.0,102,6,19,0,10,52,1,17
1,8,9.0,124,5,4,0,2,86,3,12
0,8,12.0,284,1,13,0,14,24,1,28
1,11,10.0,360,0,13,0,14,88,0,4
1,11,15.0,331,6,9,0,11,94,3,1
1,8,19.0,280,0,6,2,10,22,3,10
1,10,1.0,208,5,22,0,2,13,1,7
1,11,10.0,360,0,20,0,8,9,2,4
1,8,19.0,280,0,15,0,13,38,2,10
1,10,1.0,208,5,19,0,2,2,1,7
0,8,12.0,284,1,15,1,12,121,1,28
1,11,10.0,360,0,22,1,10,23,1,4
0,3,1.0,180,6,17,0,12,80,4,7
0,1,19.0,29,6,20,1,16,37,1,10
1,11,17.0,110,0,5,0,4,136,1,6
0,0,31.0,290,3,12,2,9,93,3,20
0,0,31.0,290,3,19,1,11,129,4,20
0,0,31.0,290,3,18,0,5,6,0,20
0,2,12.0,128,3,2,0,8,41,0,28
0,2,12.0,128,3,14,0,15,39,1,28
1,9,15.0,226,1,9,2,0,68,3,1
1,9,16.0,107,2,15,0,10,22,0,2
1,4,4.0,178,1,18,0,7,78,2,30
1,4,9.0,18,3,20,0,9,95,1,12
1,4,9.0,18,3,20,1,4,79,4,12
1,4,10.0,79,0,15,0,5,6,3,4
1,4,11.0,121,1,16,1,14,34,1,9
1,4,11.0,121,1,6,0,2,69,3,9
1,4,11.0,121,1,12,0,4,5,3,9
1,4,11.0,121,1,19,2,6,7,3,9
0,5,4.0,114,4,8,0,10,47,0,30
0,1,24.0,64,4,14,0,14,107,1,14
1,4,19.0,142,2,11,0,10,47,2,10
1,4,19.0,142,2,19,0,6,91,1,10
1,4,19.0,142,2,18,2,14,25,2,10
0,0,6.0,260,2,16,3,9,27,0,23
0,0,6.0,260,2,3,0,16,74,2,23
0,0,6.0,260,2,19,1,13,99,0,23
1,4,26.0,80,2,17,0,5,6,3,3
1,4,26.0,80,2,7,0,8,9,3,3
1,4,26.0,80,2,11,0,15,46,1,3
1,4,26.0,80,2,12,0,4,75,3,3
0,8,16.0,73,6,1,1,10,22,0,2
0,4,2.0,141,0,3,0,7,137,2,22
0,4,9.0,18,0,11,1,13,99,4,12
0,4,9.0,18,0,4,0,4,82,1,12
0,4,9.0,18,0,1,3,4,127,3,12
1,5,14.0,36,6,4,0,1,81,4,5
1,7,14.0,125,0,17,1,0,26,1,5
1,7,15.0,205,1,19,1,9,102,4,1
1,6,5.0,342,3,21,0,5,0,2,24
1,1,31.0,305,2,7,1,10,52,1,20
0,5,1.0,109,0,1,1,5,64,1,7
0,6,1.0,158,4,11,0,16,72,1,7
1,11,5.0,240,2,7,1,10,12,0,24
0,6,1.0,158,4,17,3,13,28,4,7
1,11,29.0,270,6,18,0,13,123,1,16
0,2,13.0,276,0,22,0,4,121,4,25
0,2,21.0,108,1,20,0,7,78,4,21
0,0,4.0,229,0,7,1,11,117,1,30
0,0,4.0,229,0,20,1,7,57,4,30
0,0,7.0,15,4,14,0,1,11,1,11
0,0,24.0,55,3,7,0,0,12,1,14
0,0,31.0,290,3,19,2,6,7,0,20
0,0,31.0,290,3,1,0,8,9,3,20
1,2,9.0,21,2,16,0,2,69,1,12
1,2,9.0,21,2,3,2,15,96,0,12
1,2,10.0,28,4,17,0,2,86,1,4
1,2,12.0,128,6,8,2,13,13,0,28
1,2,13.0,276,3,10,0,16,39,3,25
1,4,11.0,121,1,3,0,13,38,3,9
1,4,2.0,141,3,9,0,3,79,1,22
1,4,11.0,121,1,1,2,15,46,2,9
1,4,11.0,121,1,19,0,11,117,3,9
1,4,19.0,142,2,11,0,6,7,1,10
1,4,19.0,142,2,19,0,9,87,2,10
1,4,19.0,142,2,19,2,15,96,3,10
1,4,19.0,142,2,9,0,9,93,0,10
1,4,10.0,79,0,4,0,16,72,1,4
1,4,26.0,80,2,15,1,10,47,0,3
1,4,26.0,80,2,6,1,16,74,4,3
0,0,7.0,15,4,19,0,0,77,1,11
0,0,20.0,172,2,21,1,3,79,0,29
0,4,5.0,235,4,20,0,0,64,0,24
0,0,20.0,172,2,5,1,0,77,1,29
0,0,20.0,172,2,4,0,6,128,1,29
0,0,23.0,237,6,12,0,10,47,3,17
0,0,24.0,55,3,23,1,9,10,4,14
0,0,31.0,290,3,16,0,10,47,3,20
0,0,31.0,290,3,0,0,4,79,0,20
0,0,31.0,290,3,14,0,14,25,3,20
1,4,26.0,80,2,11,1,0,12,0,3
0,8,23.0,102,6,4,0,14,25,3,17
1,8,19.0,280,0,22,2,2,40,1,10
1,10,1.0,208,5,15,1,0,85,1,7
0,8,12.0,284,1,14,1,9,83,4,28
1,11,17.0,110,0,3,0,13,48,0,6
1,10,10.0,245,3,17,0,4,103,3,4
1,7,26.0,316,6,17,3,9,102,1,3
0,8,23.0,102,6,1,0,1,1,1,17
1,7,3.0,269,4,11,0,9,95,2,27
1,8,20.0,319,1,2,0,4,66,1,29
0,8,14.0,296,4,20,1,13,21,1,5
1,11,17.0,110,0,14,1,13,38,4,6
0,8,23.0,102,6,4,0,4,5,2,17
1,10,10.0,245,3,0,0,10,47,0,4
0,1,11.0,111,5,18,1,13,28,0,9
0,8,23.0,102,6,4,2,1,81,3,17
1,8,20.0,319,1,3,1,15,39,4,29
1,9,17.0,255,4,21,0,8,33,1,6
1,8,27.0,78,1,16,0,1,35,4,15
1,10,10.0,245,3,2,0,1,67,0,4
1,1,31.0,305,2,22,1,0,26,1,20
0,1,28.0,300,0,1,0,0,26,3,18
0,4,10.0,79,1,17,0,6,91,1,4
1,8,27.0,78,1,1,0,6,128,3,15
1,10,17.0,256,3,17,2,7,137,3,6
1,9,17.0,255,4,2,1,9,83,4,6
0,8,23.0,102,6,23,1,12,80,1,17
1,4,2.0,141,3,0,0,13,29,3,22
1,10,17.0,256,3,20,0,4,127,1,6
0,7,15.0,205,2,16,0,10,23,2,1
1,9,27.0,179,3,21,0,7,31,1,15
0,8,30.0,103,6,13,2,15,114,3,19
1,4,2.0,141,3,11,0,1,11,0,22
1,10,17.0,256,3,19,0,3,30,3,6
0,5,1.0,109,0,9,0,8,118,1,7
0,4,14.0,345,6,0,2,10,23,3,5
1,4,2.0,141,3,2,0,4,136,4,22
1,10,17.0,256,3,2,0,9,27,0,6
0,5,1.0,109,0,18,2,2,13,2,7
0,4,14.0,345,6,5,2,2,40,0,5
0,4,14.0,345,6,4,0,6,89,1,5
0,4,14.0,345,6,2,0,16,50,1,5
0,4,14.0,345,6,22,1,15,96,0,5
0,4,14.0,345,6,15,1,11,18,1,5
0,4,14.0,345,6,9,0,7,20,1,5
0,4,14.0,345,6,19,1,9,27,0,5
0,4,14.0,345,6,20,1,11,117,0,5
0,4,14.0,345,6,9,0,6,7,4,5
0,4,15.0,132,3,13,1,13,29,4,1
0,4,15.0,132,3,4,0,11,94,2,1
0,4,15.0,132,3,23,1,10,23,1,1
0,4,14.0,345,6,12,2,12,80,3,5
0,4,14.0,345,6,18,0,2,69,0,5
0,4,14.0,345,6,18,0,1,59,1,5
0,4,15.0,132,3,5,0,8,33,3,1
0,4,14.0,345,6,8,0,14,34,3,5
0,4,15.0,132,3,5,1,2,69,0,1
0,4,15.0,132,3,20,1,3,103,4,1
0,4,21.0,339,6,9,0,8,27,4,21
0,4,28.0,218,6,22,0,13,121,3,18
0,1,29.0,112,1,16,1,15,51,4,16
0,4,28.0,218,6,8,0,13,36,1,18
1,9,27.0,179,3,16,1,15,51,1,15
1,9,27.0,179,3,11,0,13,38,2,15
1,11,15.0,331,6,8,0,13,99,1,1
1,7,2.0,160,2,4,0,0,77,1,22
1,7,8.0,94,1,13,0,14,25,0,8
1,7,8.0,94,1,14,0,5,6,0,8
1,7,8.0,94,1,4,0,13,48,1,8
1,7,8.0,94,1,1,2,10,6,3,8
1,7,9.0,273,2,21,0,3,79,3,12
1,7,9.0,273,2,10,1,3,76,0,12
1,7,16.0,40,2,23,0,0,0,2,2
1,3,1.0,180,5,7,0,14,32,0,7
1,3,1.0,180,5,5,1,1,81,4,7
1,3,8.0,148,5,5,0,6,89,1,8
1,3,17.0,54,3,12,0,12,61,1,6
1,3,17.0,54,3,18,0,15,51,3,6
1,3,24.0,357,3,12,1,3,79,2,14
1,3,25.0,347,0,5,0,11,117,1,13
0,8,22.0,354,5,20,0,15,51,2,26
1,3,24.0,357,3,1,0,1,67,3,14
1,3,25.0,347,0,2,0,2,2,2,13
0,4,28.0,218,6,23,1,3,103,4,18
0,4,28.0,218,6,11,1,0,12,4,18
0,4,31.0,67,1,6,0,0,68,3,20
0,4,31.0,67,1,1,2,4,45,2,20
0,4,31.0,67,1,18,0,9,54,1,20
0,2,5.0,127,3,11,0,2,2,3,24
0,2,5.0,127,3,3,0,2,2,3,24
1,1,25.0,65,4,4,0,5,64,3,13
1,8,26.0,278,0,4,1,13,21,4,3
0,2,5.0,127,3,1,0,3,79,4,24
0,2,5.0,127,3,9,0,13,69,1,24
0,2,6.0,251,0,2,2,2,2,3,23
0,2,6.0,251,0,22,2,1,105,3,23
0,8,30.0,103,6,8,0,14,25,3,19
0,8,30.0,103,6,12,3,1,59,4,19
0,4,3.0,279,1,21,1,4,127,4,27
0,4,3.0,279,1,2,1,16,37,2,27
0,4,3.0,279,1,8,2,15,39,0,27
1,3,25.0,347,0,2,1,0,53,4,13
1,5,3.0,161,1,12,0,0,64,1,27
1,5,3.0,161,1,2,1,9,49,1,27
1,5,11.0,326,2,6,0,11,0,3,9
1,5,11.0,326,2,7,0,10,47,0,9
1,5,11.0,326,2,17,1,7,54,4,9
1,5,11.0,326,2,8,0,8,118,3,9
1,5,11.0,326,2,2,0,9,87,3,9
1,5,11.0,326,2,2,0,8,41,1,9
1,5,11.0,326,2,12,0,8,9,1,9
1,5,16.0,239,0,19,0,6,128,3,2
1,5,16.0,239,0,18,0,9,95,1,2
1,5,17.0,212,1,0,1,11,15,0,6
1,5,17.0,212,1,16,1,13,28,2,6
1,5,17.0,212,1,3,1,11,133,4,6
1,4,4.0,178,1,6,1,2,86,1,30
0,6,9.0,236,5,1,0,0,68,4,12
1,10,17.0,256,3,12,0,10,12,1,6
1,5,8.0,199,3,13,0,2,86,2,8
0,8,30.0,103,6,15,0,15,51,0,19
1,7,4.0,186,5,11,3,5,6,0,30
1,10,17.0,256,3,8,1,1,81,4,6
1,5,11.0,326,2,0,1,11,133,0,9
1,5,11.0,326,2,6,0,2,71,4,9
1,5,11.0,326,2,7,1,10,12,0,9
1,5,11.0,326,2,5,0,9,102,4,9
1,5,11.0,326,2,6,2,3,44,3,9
1,5,11.0,326,2,2,0,8,9,1,9
1,5,11.0,326,2,9,1,0,77,4,9
1,5,11.0,326,2,11,0,13,99,3,9
0,4,21.0,339,6,16,2,13,13,0,21
0,4,21.0,339,6,13,0,9,134,2,21
0,4,21.0,339,6,2,0,14,25,0,21
0,4,21.0,339,6,1,0,16,139,3,21
0,4,21.0,339,6,19,1,12,83,4,21
0,4,21.0,339,6,13,0,0,68,3,21
0,4,31.0,67,1,16,0,1,11,1,20
0,4,31.0,67,1,2,0,15,31,4,20
0,4,31.0,67,1,12,1,1,11,1,20
0,4,13.0,221,5,11,0,8,27,1,25
0,4,13.0,221,5,3,0,6,7,2,25
0,4,13.0,221,5,12,0,2,40,1,25
0,4,13.0,221,5,8,0,1,105,2,25
0,4,14.0,345,6,23,1,11,18,1,5
0,4,15.0,132,3,12,0,5,6,0,1
0,4,15.0,132,3,1,0,0,64,1,1
0,4,21.0,339,6,12,0,4,5,1,21
0,4,28.0,218,6,7,1,13,48,0,18
0,4,28.0,218,6,5,1,13,99,4,18
0,4,28.0,218,6,13,1,15,114,1,18
1,3,27.0,361,2,17,3,15,46,1,15
1,6,16.0,38,4,1,1,13,69,0,2
1,10,2.0,358,6,15,3,0,26,3,22
1,5,16.0,239,0,11,0,14,125,3,2
1,5,16.0,239,0,2,0,14,110,4,2
1,5,16.0,239,0,14,0,6,128,1,2
1,5,16.0,239,0,8,0,16,130,2,2
1,5,17.0,212,1,17,0,15,39,1,6
1,5,17.0,212,1,6,0,10,23,1,6
1,5,17.0,212,1,12,1,11,55,4,6
1,5,18.0,195,2,20,0,13,38,1,0
1,5,18.0,195,2,13,0,6,7,4,0
1,5,18.0,195,2,9,0,5,12,3,0
1,5,24.0,58,1,8,0,10,22,3,14
1,5,24.0,58,1,9,2,13,21,3,14
1,6,17.0,244,5,6,0,5,0,3,6
1,5,1.0,109,3,13,0,10,47,0,7
1,6,17.0,244,5,2,2,6,116,3,6
1,6,17.0,244,5,2,2,9,87,3,6
1,9,1.0,126,1,6,0,11,122,1,7
1,6,25.0,39,6,6,1,6,14,0,13
1,6,25.0,39,6,6,0,2,92,0,13
1,6,25.0,39,6,1,0,10,43,1,13
1,6,27.0,116,0,10,0,2,86,0,15
1,6,27.0,116,0,22,1,11,124,4,15
1,1,25.0,65,4,12,1,10,52,4,13
0,4,28.0,218,6,14,2,10,22,3,18
0,4,28.0,218,6,4,1,6,128,1,18
0,2,5.0,127,3,8,0,1,105,0,24
0,2,5.0,127,3,19,0,0,68,0,24
0,2,5.0,127,3,13,1,1,81,4,24
0,2,6.0,251,0,13,0,13,121,2,23
0,2,6.0,251,0,3,2,5,6,0,23
0,2,6.0,251,0,5,1,1,59,1,23
0,2,6.0,251,0,13,0,11,133,2,23
0,4,31.0,67,1,14,0,2,69,4,20
0,2,5.0,127,3,19,0,11,15,1,24
1,10,25.0,56,0,13,0,10,47,2,13
1,1,25.0,65,4,1,0,6,128,0,13
1,4,1.0,144,6,8,0,8,118,1,7
0,2,5.0,127,3,18,0,2,86,0,24
0,2,5.0,127,3,1,1,9,87,0,24
0,2,6.0,251,0,13,1,2,2,4,23
0,2,6.0,251,0,0,2,0,31,0,23
0,2,6.0,251,0,9,0,8,9,1,23
0,2,12.0,128,3,15,1,9,54,1,28
1,6,27.0,116,0,12,0,2,69,0,15
0,4,3.0,279,1,13,0,5,12,0,27
1,10,27.0,302,2,7,2,3,76,3,15
0,4,3.0,279,1,9,1,14,25,0,27
1,6,12.0,162,3,13,0,14,131,2,28
1,3,1.0,180,5,17,0,15,114,4,7
0,4,3.0,279,1,9,0,10,47,3,27
1,5,14.0,36,6,3,0,2,2,2,5
1,1,3.0,188,2,21,0,10,12,0,27
0,4,5.0,235,4,17,0,4,127,1,24
1,10,24.0,261,3,3,0,3,30,3,14
1,1,24.0,64,2,3,1,0,15,1,14
1,4,24.0,27,0,11,0,4,82,3,14
1,0,23.0,237,5,15,1,1,1,1,17
1,4,6.0,176,4,12,0,9,57,0,23
0,5,1.0,109,0,18,0,14,34,0,7
0,5,16.0,239,1,18,0,16,50,0,2
0,6,1.0,158,4,18,1,5,12,1,7
1,11,4.0,275,1,19,1,12,84,1,30
0,1,9.0,50,2,8,0,14,25,0,12
0,1,1.0,203,1,17,0,13,38,1,7
0,8,10.0,71,3,23,1,15,46,4,4
1,8,9.0,124,5,1,0,0,15,1,12
1,8,9.0,124,5,11,1,16,42,4,12
1,1,17.0,63,2,18,0,5,12,2,6
1,8,11.0,306,3,16,0,4,115,3,9
1,8,11.0,306,3,21,1,13,21,0,9
1,8,19.0,280,0,21,0,3,115,1,10
1,8,19.0,280,0,21,2,7,111,3,10
1,8,19.0,280,0,15,1,14,131,1,10
1,3,1.0,180,5,17,0,8,27,3,7
1,8,20.0,319,1,3,0,1,11,1,29
1,8,20.0,319,1,19,0,6,7,3,29
1,8,20.0,319,1,3,0,7,111,4,29
1,8,20.0,319,1,14,0,13,99,1,29
1,8,27.0,78,1,1,0,6,7,4,15
1,8,28.0,224,2,16,0,5,12,3,18
1,8,28.0,224,2,4,0,4,75,3,18
1,4,2.0,141,3,19,0,13,36,3,22
1,4,4.0,178,1,22,0,2,40,1,30
1,4,4.0,178,1,8,0,7,78,3,30
1,4,4.0,178,1,9,1,9,93,4,30
0,5,11.0,326,4,15,3,11,90,1,9
0,10,1.0,208,6,20,3,9,27,3,7
0,10,1.0,208,6,17,0,3,79,1,7
1,11,19.0,321,2,20,0,15,46,1,10
1,6,30.0,145,4,19,1,8,33,4,19
1,1,30.0,100,1,14,0,13,99,0,19
0,2,11.0,297,6,4,2,10,22,2,9
1,9,6.0,51,3,20,3,5,6,0,23
1,9,20.0,119,3,18,3,2,92,0,29
1,3,5.0,324,1,19,1,3,103,4,24
1,7,29.0,268,1,17,3,1,59,0,16
1,8,16.0,73,5,11,1,9,83,1,2
1,8,25.0,86,3,2,2,11,94,3,13
1,8,30.0,103,5,12,2,2,2,3,19
1,8,30.0,103,5,13,3,8,27,1,19
1,4,31.0,67,0,14,1,13,38,4,20
1,0,24.0,55,6,13,1,13,21,0,14
0,8,23.0,102,6,11,0,12,17,0,17
0,8,23.0,102,6,15,1,2,2,1,17
0,8,23.0,102,6,22,1,12,80,1,17
0,8,23.0,102,6,9,0,9,27,1,17
0,8,23.0,102,6,19,1,7,137,1,17
0,8,30.0,103,6,15,0,14,34,2,19
0,4,5.0,235,4,7,2,13,48,3,24
0,4,3.0,279,1,8,1,14,25,0,27
0,4,5.0,235,4,10,1,0,0,1,24
0,4,5.0,235,4,22,1,12,104,4,24
0,4,13.0,221,5,0,1,12,135,4,25
0,4,13.0,221,5,0,1,15,31,4,25
0,4,13.0,221,5,13,2,16,37,3,25
0,4,13.0,221,5,2,0,9,95,3,25
0,4,13.0,221,5,14,0,3,115,4,25
0,4,13.0,221,5,4,2,16,113,3,25
0,4,13.0,221,5,23,1,6,132,1,25
0,4,13.0,221,5,18,0,0,64,0,25
0,4,14.0,345,6,17,1,5,6,0,5
1,11,1.0,222,6,0,1,10,30,0,7
1,6,9.0,236,4,14,0,5,6,0,12
1,8,20.0,319,1,16,0,13,69,4,29
1,8,20.0,319,1,9,0,14,107,1,29
1,1,3.0,188,2,16,0,5,12,0,27
1,1,3.0,188,2,3,0,12,61,1,27
0,2,12.0,128,3,13,1,13,48,4,28
0,2,13.0,276,0,3,0,7,120,1,25
1,4,4.0,178,1,16,0,5,12,3,30
1,4,4.0,178,1,6,0,9,49,1,30
1,4,4.0,178,1,1,0,4,45,1,30
1,4,10.0,79,0,16,0,3,76,1,4
1,4,10.0,79,0,15,1,7,62,4,4
1,4,11.0,121,1,0,0,6,7,0,9
1,4,10.0,79,0,18,0,14,125,3,4
1,4,11.0,121,1,11,0,5,12,3,9
1,4,11.0,121,1,23,0,1,11,4,9
1,5,8.0,199,3,23,0,16,74,1,8
1,5,8.0,199,3,11,1,16,72,4,8
1,5,8.0,199,3,5,1,11,15,4,8
1,5,11.0,326,2,12,0,14,110,4,9
1,5,16.0,239,0,23,1,13,28,1,2
1,5,17.0,212,1,13,0,13,99,1,6
1,5,17.0,212,1,8,0,5,64,3,6
1,5,17.0,212,1,19,0,2,2,0,6
1,5,16.0,239,0,5,1,11,8,1,2
1,5,17.0,212,1,16,0,10,6,3,6
1,5,16.0,239,0,21,1,12,104,1,2
1,5,18.0,195,2,2,0,8,9,0,0
1,8,27.0,78,1,17,1,8,27,1,15
1,6,28.0,309,1,0,1,1,81,0,18
1,5,16.0,239,0,14,3,11,15,3,2
0,10,3.0,310,0,20,0,10,23,1,27
0,10,3.0,310,0,20,1,0,53,1,27
0,6,10.0,149,6,4,3,6,7,3,4
0,10,13.0,346,4,8,0,13,48,3,25
0,1,12.0,353,6,8,0,15,114,4,28
0,1,12.0,353,6,2,0,2,2,1,28
0,1,13.0,207,3,7,1,0,15,0,25
0,1,12.0,353,6,12,1,2,71,4,28
0,1,12.0,353,6,14,1,5,6,2,28
0,1,13.0,207,3,22,0,12,61,3,25
0,1,21.0,45,0,17,0,14,107,3,21
1,11,7.0,253,5,13,0,6,116,1,11
1,9,26.0,267,6,18,0,11,137,3,3
0,1,21.0,45,0,0,0,0,0,3,21
0,1,21.0,45,0,16,0,14,34,3,21
0,1,21.0,45,0,3,1,5,6,1,21
0,1,21.0,45,0,18,0,15,112,2,21
0,1,22.0,164,1,16,0,3,79,3,26
0,1,22.0,164,1,22,0,2,86,3,26
1,5,24.0,58,1,8,0,0,26,3,14
1,5,24.0,58,1,19,0,15,108,0,14
1,5,24.0,58,1,18,0,5,47,3,14
1,5,24.0,58,1,12,0,11,15,3,14
1,6,17.0,244,5,17,0,13,99,1,6
1,6,17.0,244,5,16,2,3,30,1,6
1,6,17.0,244,5,10,0,11,18,1,6
1,6,17.0,244,5,14,0,1,105,0,6
1,6,17.0,244,5,1,2,15,46,1,6
1,6,17.0,244,5,14,0,9,134,2,6
1,6,25.0,39,6,20,0,11,6,3,13
1,6,25.0,39,6,13,0,4,4,4,13
1,6,27.0,116,0,19,3,9,102,0,15
1,6,27.0,116,0,11,1,4,4,1,15
1,10,1.0,208,5,6,0,0,53,3,7
1,10,1.0,208,5,19,0,10,43,1,7
1,10,1.0,208,5,1,1,12,17,0,7
1,10,10.0,245,3,17,0,5,6,2,4
1,10,10.0,245,3,19,0,15,39,1,4
1,4,28.0,218,5,19,1,16,139,4,18
1,4,28.0,218,5,20,1,1,67,1,18
1,2,28.0,257,0,12,0,11,10,2,18
1,2,18.0,7,5,5,0,6,89,3,0
1,0,29.0,191,4,18,2,13,21,3,16
0,9,3.0,217,5,11,1,2,92,1,27
0,2,12.0,128,3,11,1,13,99,4,28
0,2,13.0,276,0,11,3,13,38,0,25
0,2,13.0,276,0,12,1,4,127,4,25
0,2,12.0,128,3,13,1,1,105,4,28
0,0,4.0,229,0,12,0,2,40,2,30
0,0,7.0,15,4,8,0,2,86,4,11
0,0,7.0,15,4,2,2,8,41,3,11
0,0,20.0,172,2,16,0,16,50,0,29
0,0,20.0,172,2,6,0,5,12,0,29
0,0,20.0,172,2,21,1,13,48,1,29
0,0,20.0,172,2,23,0,3,30,4,29
0,8,14.0,296,4,6,0,16,50,3,5
0,8,14.0,296,4,6,0,0,68,0,5
1,9,18.0,359,5,22,0,9,95,3,0
1,7,19.0,330,6,14,0,5,6,1,10
1,3,7.0,289,4,18,1,1,35,0,11
0,8,14.0,296,4,15,1,9,134,4,5
0,8,21.0,46,4,5,0,5,6,3,21
1,1,3.0,188,2,8,0,2,2,3,27
1,1,3.0,188,2,1,1,11,129,4,27
1,1,1.0,203,0,17,1,14,131,4,7
1,1,17.0,63,2,13,0,8,27,1,6
1,1,17.0,63,2,19,0,11,55,1,6
1,1,17.0,63,2,3,2,10,23,1,6
1,1,17.0,63,2,14,0,1,11,1,6
1,1,19.0,29,5,8,0,6,14,4,10
1,1,19.0,29,5,22,0,10,47,3,10
1,1,17.0,63,2,8,0,2,86,3,6
1,1,26.0,248,5,18,1,13,38,0,3
1,8,4.0,299,3,17,1,8,41,0,30
1,8,4.0,299,3,9,0,4,5,2,30
1,8,9.0,124,5,6,1,2,86,4,12
1,8,9.0,124,5,6,2,10,22,3,12
1,8,9.0,124,5,16,0,10,22,3,12
1,8,9.0,124,5,12,0,13,29,0,12
1,8,9.0,124,5,8,2,6,89,2,12
1,8,9.0,124,5,20,1,14,32,2,12
1,8,11.0,306,3,19,0,16,37,1,9
1,8,19.0,280,0,20,0,6,132,4,10
0,8,21.0,46,4,8,0,2,2,3,21
0,8,23.0,102,6,20,1,9,63,1,17
0,4,3.0,279,1,4,0,1,35,4,27
0,4,3.0,279,1,8,1,13,29,1,27
0,4,5.0,235,4,2,1,2,123,1,24
0,4,13.0,221,5,17,1,1,59,4,25
0,4,14.0,345,6,7,1,9,93,0,5
0,4,14.0,345,6,9,2,13,75,3,5
0,4,15.0,132,3,3,0,9,10,3,1
0,4,15.0,132,3,3,1,12,84,4,1
0,4,21.0,339,6,12,2,16,37,0,21
0,4,28.0,218,6,2,0,6,128,0,18
1,1,10.0,17,2,14,1,9,10,4,4
0,4,28.0,218,6,4,0,0,85,2,18
0,4,31.0,67,1,16,0,9,10,1,20
0,4,31.0,67,1,8,0,15,112,2,20
0,0,23.0,237,6,1,0,9,134,3,17
0,0,24.0,55,3,0,0,3,115,3,14
0,0,24.0,55,3,16,2,2,2,0,14
0,0,24.0,55,3,7,2,11,133,3,14
1,11,1.0,222,6,13,3,12,104,1,7
1,11,1.0,222,6,21,2,0,12,3,7
1,11,1.0,222,6,2,0,9,102,1,7
1,11,1.0,222,6,12,0,14,106,1,7
1,11,1.0,222,6,14,0,9,102,4,7
1,11,8.0,283,6,22,2,2,40,3,8
1,3,1.0,180,5,11,1,7,57,4,7
1,1,9.0,50,1,20,1,0,85,4,12
1,1,10.0,17,2,12,0,5,6,2,4
1,1,10.0,17,2,17,0,2,2,1,4
1,0,2.0,47,5,4,0,0,15,1,22
0,1,22.0,164,1,2,0,1,11,3,26
0,1,12.0,353,6,2,3,14,24,3,28
0,8,11.0,306,0,10,1,5,6,0,9
0,8,12.0,284,1,3,0,13,36,4,28
0,8,12.0,284,1,19,0,6,7,1,28
0,8,12.0,284,1,8,1,1,105,0,28
0,8,12.0,284,1,1,1,0,12,0,28
0,8,12.0,284,1,12,3,7,54,3,28
0,8,14.0,296,4,22,0,8,118,1,5
0,8,14.0,296,4,19,0,4,4,3,5
0,8,14.0,296,4,13,1,13,28,1,5
0,8,21.0,46,4,8,0,9,57,3,21
0,8,21.0,46,4,3,1,4,45,4,21
0,8,23.0,102,6,11,0,0,26,2,17
0,8,23.0,102,6,8,0,11,117,3,17
0,8,23.0,102,6,6,1,12,104,0,17
0,8,23.0,102,6,13,2,15,39,3,17
0,8,30.0,103,6,12,0,7,78,3,19
0,4,3.0,279,1,0,1,15,39,4,27
0,4,3.0,279,1,16,2,16,108,3,27
0,8,21.0,46,4,14,0,9,93,4,21
0,4,5.0,235,4,13,0,15,96,0,24
1,10,10.0,245,3,14,0,10,30,3,4
1,10,17.0,256,3,11,0,5,6,0,6
1,10,17.0,256,3,16,1,16,39,0,6
1,10,17.0,256,3,22,0,5,6,0,6
1,10,17.0,256,3,13,1,0,64,0,6
1,3,1.0,180,5,22,0,10,47,0,7
1,10,17.0,256,3,4,0,13,21,3,6
0,4,30.0,139,0,13,2,12,56,2,19
0,2,4.0,254,6,20,1,15,46,4,30
0,2,4.0,254,6,4,1,10,52,0,30
1,10,17.0,256,3,18,0,11,15,2,6
1,10,27.0,302,2,17,2,13,21,0,15
1,10,27.0,302,2,7,1,0,12,1,15
1,1,2.0,171,1,7,0,10,47,3,22
1,1,2.0,171,1,0,1,0,64,4,22
1,1,2.0,171,1,18,1,9,9,4,22
1,1,1.0,203,0,9,3,12,61,3,7
1,1,3.0,188,2,14,0,1,105,3,27
1,1,17.0,63,2,6,0,4,127,1,6
1,1,19.0,29,5,16,1,11,133,4,10
1,1,19.0,29,5,12,2,10,22,3,10
1,8,4.0,299,3,21,0,14,25,1,30
1,8,4.0,299,3,8,2,16,130,3,30
1,8,4.0,299,3,4,3,1,67,3,30
1,8,9.0,124,5,23,0,14,131,4,12
1,4,31.0,67,0,13,3,7,8,4,20
0,10,1.0,208,6,1,0,4,82,2,7
1,9,12.0,177,6,20,0,16,37,1,28
1,9,14.0,106,0,12,3,8,41,3,5
0,1,26.0,248,6,13,1,8,27,0,3
1,7,23.0,202,2,19,0,15,46,3,17
1,3,5.0,324,1,14,1,5,6,0,24
1,5,31.0,196,1,12,1,14,107,0,20
1,11,22.0,250,6,12,3,8,118,4,26
1,8,30.0,103,5,15,1,12,84,1,19
1,8,30.0,103,5,17,3,0,12,0,19
1,4,31.0,67,0,18,0,9,93,0,20
1,0,9.0,48,5,8,0,15,51,2,12
0,9,25.0,344,6,12,1,1,16,0,13
0,5,17.0,212,2,14,1,10,23,1,6
1,9,14.0,106,0,10,1,5,12,0,5
1,0,25.0,281,3,17,3,14,32,1,13
0,5,31.0,196,2,16,0,5,12,3,20
0,4,5.0,235,4,2,1,7,57,4,24
0,4,5.0,235,4,12,0,9,57,0,24
0,4,5.0,235,4,13,1,10,52,1,24
0,4,5.0,235,4,15,0,2,2,2,24
0,4,5.0,235,4,4,2,15,108,2,24
0,1,30.0,100,2,21,0,15,46,4,19
0,1,30.0,100,2,13,0,6,7,2,19
0,1,31.0,305,4,20,1,0,26,1,20
0,1,31.0,305,4,2,0,1,35,3,20
0,8,5.0,101,1,13,0,7,57,0,24
0,1,22.0,164,1,17,0,8,33,4,26
0,8,6.0,87,2,6,0,5,12,3,23
0,8,11.0,306,0,23,0,3,30,3,9
0,8,11.0,306,0,8,0,14,32,4,9
1,3,1.0,180,5,19,0,1,35,4,7
1,3,1.0,180,5,11,1,15,108,4,7
1,3,8.0,148,5,17,1,1,35,0,8
1,3,8.0,148,5,4,0,8,118,1,8
1,3,8.0,148,5,1,0,5,12,0,8
1,3,8.0,148,5,12,1,5,6,0,8
1,3,17.0,54,3,6,2,12,104,0,6
1,3,17.0,54,3,23,0,10,47,1,6
1,3,17.0,54,3,12,1,2,69,4,6
1,3,24.0,357,3,15,0,9,49,1,14
1,3,24.0,357,3,13,1,10,52,1,14
1,3,25.0,347,0,22,0,2,2,1,13
1,3,25.0,347,0,19,0,13,36,1,13
1,3,25.0,347,0,20,1,4,45,4,13
0,8,23.0,102,6,17,0,10,23,1,17
0,8,23.0,102,6,5,1,3,79,1,17
0,8,23.0,102,6,9,0,11,15,2,17
0,8,23.0,102,6,8,0,10,22,0,17
0,8,30.0,103,6,0,0,10,22,2,19
0,8,30.0,103,6,7,1,5,6,1,19
0,4,3.0,279,1,16,0,10,22,3,27
0,4,3.0,279,1,8,0,14,25,0,27
0,4,3.0,279,1,12,0,14,25,0,27
0,4,3.0,279,1,18,1,10,22,0,27
1,7,26.0,316,6,3,0,2,86,2,3
1,3,7.0,289,4,11,0,6,132,3,11
1,7,1.0,98,1,17,1,12,83,4,7
0,6,10.0,149,6,8,2,13,48,3,4
0,6,10.0,149,6,18,2,11,18,3,4
0,6,10.0,149,6,18,0,13,29,2,4
0,6,10.0,149,6,23,1,2,2,4,4
0,10,2.0,358,3,1,0,13,28,4,22
0,10,3.0,310,0,0,0,15,31,1,27
1,5,3.0,161,1,17,1,13,99,2,27
1,5,3.0,161,1,3,0,1,35,3,27
1,5,3.0,161,1,17,0,12,80,1,27
1,5,3.0,161,1,22,0,16,50,1,27
1,5,8.0,199,3,20,0,10,12,3,8
1,5,8.0,199,3,2,0,12,121,1,8
1,8,27.0,78,1,10,1,0,15,1,15
1,8,27.0,78,1,2,0,16,50,3,15
1,8,27.0,78,1,13,0,0,68,3,15
1,8,27.0,78,1,2,0,12,17,2,15
1,8,27.0,78,1,18,0,5,12,0,15
1,8,27.0,78,1,18,0,5,12,1,15
1,8,28.0,224,2,17,0,9,27,3,18
1,8,27.0,78,1,1,0,3,79,3,15
1,8,27.0,78,1,18,0,15,31,3,15
1,8,28.0,224,2,0,0,5,12,0,18
1,4,2.0,141,3,16,0,1,35,1,22
1,4,2.0,141,3,20,1,15,108,1,22
0,10,2.0,358,3,18,0,13,99,4,22
0,10,3.0,310,0,13,0,14,110,1,27
0,10,2.0,358,3,18,2,16,37,3,22
0,10,3.0,310,0,3,0,5,6,3,27
0,10,13.0,346,4,3,0,2,69,0,25
0,11,1.0,222,3,17,0,9,54,1,7
0,1,12.0,353,6,17,2,14,25,3,28
0,1,12.0,353,6,23,1,13,13,1,28
0,1,12.0,353,6,14,0,16,50,1,28
0,1,13.0,207,3,22,2,8,9,3,25
0,1,22.0,164,1,11,1,0,53,4,26
0,1,22.0,164,1,12,0,6,89,3,26
0,1,22.0,164,1,1,0,6,91,1,26
0,1,30.0,100,2,6,0,0,12,0,19
0,1,30.0,100,2,13,0,10,22,2,19
0,1,30.0,100,2,19,0,5,12,3,19
0,1,30.0,100,2,16,1,10,47,0,19
0,1,30.0,100,2,18,0,10,47,0,19
0,8,11.0,306,0,19,0,12,83,4,9
0,8,11.0,306,0,19,0,9,95,3,9
0,8,11.0,306,0,9,1,0,12,0,9
0,8,12.0,284,1,10,0,12,61,2,28
0,6,12.0,162,0,6,2,9,9,0,28
0,0,3.0,334,3,12,1,6,128,4,27
0,3,28.0,187,5,10,1,7,111,4,18
0,3,3.0,182,0,1,0,12,100,3,27
0,7,11.0,197,6,8,0,9,57,0,9
0,6,12.0,162,0,6,3,16,113,3,28
0,3,28.0,187,5,22,0,1,11,4,18
0,3,3.0,182,0,13,0,2,40,4,27
0,6,18.0,308,3,13,0,13,21,1,0
0,10,4.0,356,1,12,0,6,132,3,30
0,6,30.0,145,5,7,2,8,118,3,19
0,4,20.0,115,5,0,1,13,13,1,29
0,7,11.0,197,6,14,2,6,89,3,9
0,7,12.0,181,3,5,0,10,52,1,28
0,7,12.0,181,3,5,0,11,117,3,28
0,7,13.0,238,0,0,1,9,57,0,25
0,7,13.0,238,0,2,0,8,118,2,25
0,7,13.0,238,0,3,0,12,61,1,25
0,7,18.0,154,6,10,0,16,50,3,0
0,3,2.0,120,3,6,0,5,6,1,22
0,3,2.0,120,3,20,1,12,104,1,22
0,3,2.0,120,3,15,1,13,38,0,22
0,3,2.0,120,3,5,1,12,80,1,22
0,3,28.0,187,5,8,0,5,6,3,18
0,3,28.0,187,5,14,0,0,68,1,18
0,5,3.0,161,2,17,0,9,9,4,27
0,5,3.0,161,2,16,1,0,64,4,27
0,5,3.0,161,2,17,0,13,21,3,27
0,5,3.0,161,2,23,0,3,79,3,27
0,3,28.0,187,5,5,1,9,93,4,18
0,5,3.0,161,2,17,1,2,3,0,27
0,5,3.0,161,2,19,0,16,65,3,27
0,5,3.0,161,2,8,0,9,95,4,27
0,5,3.0,161,2,9,2,16,130,3,27
0,5,4.0,114,4,7,0,10,23,1,30
0,5,10.0,155,2,6,0,15,112,3,4
0,5,10.0,155,2,2,0,16,37,2,4
0,5,10.0,155,2,12,0,15,108,4,4
0,5,10.0,155,2,3,1,16,72,4,4
0,5,28.0,259,3,1,0,15,31,3,18
0,5,28.0,259,3,23,1,2,2,4,18
0,6,4.0,159,3,5,1,4,66,1,30
0,6,11.0,355,3,17,0,4,75,1,9
0,6,11.0,355,3,0,1,0,53,4,9
0,6,11.0,355,3,18,0,11,55,3,9
0,3,27.0,361,4,9,2,13,38,3,15
0,3,27.0,361,4,14,1,7,8,4,15
0,3,28.0,187,5,5,0,8,41,2,18
0,5,3.0,161,2,0,0,3,30,1,27
0,5,3.0,161,2,16,0,13,69,4,27
0,5,4.0,114,4,10,1,5,12,0,30
0,5,4.0,114,4,6,1,2,86,0,30
0,5,3.0,161,2,9,0,14,110,0,27
0,10,31.0,135,0,12,1,9,27,0,20
0,5,4.0,114,4,1,2,2,69,2,30
0,5,28.0,259,3,21,0,0,26,1,18
0,5,28.0,259,3,5,2,10,47,3,18
0,6,4.0,159,3,16,0,10,47,3,30
0,6,4.0,159,3,15,2,2,13,0,30
0,6,4.0,159,3,19,0,13,21,1,30
0,6,12.0,162,0,3,0,13,38,2,28
0,6,12.0,162,0,1,2,6,14,0,28
0,6,12.0,162,0,4,0,8,118,3,28
0,6,19.0,291,0,14,0,7,20,4,10
0,6,20.0,215,1,16,0,5,64,3,29
0,6,19.0,291,0,18,0,10,23,1,10
0,6,20.0,215,1,0,0,14,25,0,29
0,6,30.0,145,5,22,1,12,17,4,19
0,6,19.0,291,0,2,0,5,64,2,10
0,7,13.0,238,0,22,0,14,106,2,25
0,7,18.0,154,6,4,0,2,92,3,0
0,7,28.0,34,1,21,0,11,18,1,18
1,6,24.0,31,5,12,0,9,95,4,14
1,7,20.0,266,3,4,0,13,69,1,29
1,1,4.0,286,4,18,0,10,12,1,30
1,1,4.0,286,4,17,3,7,111,0,30
1,0,16.0,11,5,12,1,10,47,0,2
0,9,16.0,107,4,19,1,10,22,1,2
0,9,22.0,92,2,1,1,14,131,0,26
0,11,31.0,227,1,19,1,0,26,1,20
1,3,20.0,105,2,5,0,2,13,2,29
1,6,6.0,83,0,8,1,8,27,1,23
1,5,29.0,24,3,9,0,13,48,4,16
1,6,14.0,173,1,17,1,12,121,1,5
1,8,13.0,189,1,18,1,2,123,0,25
1,8,13.0,189,1,3,1,11,117,1,25
1,8,13.0,189,1,6,2,3,70,3,25
1,6,22.0,185,2,13,0,1,59,1,26
0,11,14.0,147,6,8,1,14,106,0,5
0,3,2.0,120,3,12,0,2,123,2,22
0,3,3.0,182,0,22,1,12,61,1,27
0,3,3.0,182,0,3,0,12,121,1,27
0,5,3.0,161,2,21,0,13,38,1,27
0,6,20.0,215,1,17,0,0,15,3,29
0,5,3.0,161,2,23,0,4,75,4,27
0,6,20.0,215,1,9,1,7,8,1,29
0,6,30.0,145,5,18,0,10,23,1,19
0,6,18.0,308,3,20,1,2,69,4,0
0,8,13.0,189,2,22,0,11,117,0,25
0,8,13.0,189,2,19,0,10,43,1,25
0,3,27.0,361,4,7,0,0,68,4,15
0,6,20.0,215,1,15,0,1,35,3,29
0,5,3.0,161,2,2,0,14,24,1,27
0,10,19.0,117,2,6,0,5,12,3,10
0,10,19.0,117,2,16,0,13,28,1,10
0,9,15.0,226,2,9,2,12,100,1,1
0,8,13.0,189,2,8,0,12,17,0,25
0,3,27.0,361,4,12,0,16,74,1,15
0,6,21.0,193,2,6,0,0,12,0,21
0,5,3.0,161,2,23,3,9,10,4,27
0,10,19.0,117,2,16,0,15,114,2,10
0,9,20.0,119,0,5,0,0,15,2,29
0,11,30.0,170,0,3,0,2,86,2,19
0,8,29.0,301,5,11,1,3,44,4,16
0,3,27.0,361,4,14,0,4,75,3,15
0,6,20.0,215,1,18,0,10,47,3,29
0,6,21.0,193,2,16,0,0,64,3,21
0,4,11.0,121,2,22,3,12,56,1,9
0,6,21.0,193,2,21,0,13,21,3,21
0,6,21.0,193,2,8,0,9,95,1,21
0,6,21.0,193,2,12,1,0,15,2,21
0,6,21.0,193,2,5,1,6,132,1,21
0,6,22.0,185,4,13,0,16,113,1,26
0,6,22.0,185,4,8,0,10,22,2,26
0,6,19.0,291,0,18,0,6,7,2,10
0,6,22.0,185,4,2,0,10,6,3,26
0,6,21.0,193,2,14,0,4,75,1,21
0,6,21.0,193,2,22,1,1,59,4,21
0,6,22.0,185,4,3,1,12,135,4,26
0,6,27.0,116,1,16,0,5,6,0,15
0,6,27.0,116,1,10,1,3,30,4,15
0,6,20.0,215,1,22,2,1,35,3,29
0,9,18.0,359,6,17,3,12,56,4,0
0,6,21.0,193,2,6,0,11,124,4,21
0,6,21.0,193,2,11,0,12,80,1,21
0,6,21.0,193,2,3,0,2,86,1,21
0,6,30.0,145,5,4,1,0,12,1,19
0,6,21.0,193,2,13,0,1,35,3,21
0,6,22.0,185,4,18,0,2,13,1,26
0,6,22.0,185,4,9,0,14,110,4,26
0,6,22.0,185,4,22,1,4,66,4,26
0,6,27.0,116,1,0,0,13,21,4,15
0,6,27.0,116,1,8,0,8,27,1,15
0,6,27.0,116,1,16,0,5,12,3,15
0,6,27.0,116,1,1,0,3,115,4,15
0,6,27.0,116,1,19,0,14,24,0,15
0,6,30.0,145,5,11,0,8,33,1,19
0,6,30.0,145,5,18,2,9,87,3,19
0,6,30.0,145,5,1,2,8,118,3,19
0,10,4.0,356,1,17,0,14,125,3,30
0,10,4.0,356,1,2,0,14,24,1,30
0,10,4.0,356,1,14,0,9,9,1,30
0,5,28.0,259,3,19,0,3,115,1,18
0,6,4.0,159,3,6,0,8,9,3,30
0,6,4.0,159,3,13,1,6,132,4,30
0,6,4.0,159,3,18,0,1,11,4,30
0,6,11.0,355,3,3,0,4,138,0,9
0,6,11.0,355,3,3,0,9,102,3,9
0,6,12.0,162,0,17,0,0,12,0,28
0,6,12.0,162,0,16,2,6,7,3,28
0,6,12.0,162,0,0,1,3,115,4,28
0,6,12.0,162,0,10,1,15,119,4,28
0,6,12.0,162,0,2,1,5,12,0,28
0,6,12.0,162,0,12,0,12,17,4,28
0,6,12.0,162,0,19,0,3,70,1,28
0,6,12.0,162,0,4,0,0,77,1,28
0,6,11.0,355,3,12,0,16,50,1,9
0,6,19.0,291,0,7,1,5,6,0,10
0,6,19.0,291,0,1,0,9,10,1,10
0,6,20.0,215,1,17,0,14,24,3,29
0,8,4.0,299,0,8,1,3,79,1,30
0,2,7.0,153,1,3,1,3,103,4,11
0,6,19.0,291,0,1,1,0,64,1,10
0,6,20.0,215,1,15,0,11,133,2,29
0,6,20.0,215,1,3,0,11,117,3,29
0,6,20.0,215,1,17,2,15,114,3,29
0,6,21.0,193,2,21,0,0,12,3,21
0,6,21.0,193,2,16,0,4,45,1,21
0,6,21.0,193,2,13,0,13,48,1,21
0,6,21.0,193,2,1,1,5,0,2,21
0,6,21.0,193,2,12,1,4,136,4,21
0,6,22.0,185,4,20,0,1,11,4,26
0,6,22.0,185,4,19,0,14,107,4,26
0,6,27.0,116,1,0,1,5,0,2,15
0,6,30.0,145,5,20,0,8,118,1,19
0,6,30.0,145,5,8,2,13,13,3,19
0,6,30.0,145,5,14,0,8,118,4,19
0,6,30.0,145,5,9,0,7,20,0,19
0,10,4.0,356,1,0,1,1,35,0,30
0,10,4.0,356,1,5,0,15,46,3,30
0,10,4.0,356,1,8,1,12,104,4,30
0,10,4.0,356,1,2,0,2,13,1,30
0,6,20.0,215,1,17,1,10,47,1,29
0,2,8.0,258,2,19,0,8,9,4,8
0,5,3.0,161,2,12,3,12,83,0,27
0,10,19.0,117,2,7,1,9,27,0,10
0,7,7.0,293,1,1,0,1,11,1,11
0,9,20.0,119,0,17,0,5,12,3,29
0,4,4.0,178,2,0,0,10,47,2,30
0,6,20.0,215,1,15,0,7,78,0,29
0,3,28.0,187,5,17,0,9,109,3,18
0,4,4.0,178,2,0,0,10,47,2,30
0,5,3.0,161,2,9,1,9,54,1,27
0,2,8.0,258,2,9,0,7,8,4,8
0,9,21.0,362,1,21,0,2,92,3,21
0,6,23.0,84,5,3,1,15,51,1,17
0,10,19.0,117,2,8,0,5,64,0,10
0,6,20.0,215,1,1,0,14,32,4,29
0,4,11.0,121,2,0,0,5,12,3,9
0,5,4.0,114,4,2,0,10,22,0,30
0,2,8.0,258,2,12,0,5,12,0,8
0,9,20.0,119,0,9,0,2,86,1,29
0,10,6.0,242,4,20,0,13,21,1,23
0,6,19.0,291,0,12,0,14,107,4,10
0,3,28.0,187,5,7,0,3,115,0,18
0,4,11.0,121,2,3,0,9,134,2,9
0,5,4.0,114,4,22,0,5,6,1,30
0,5,4.0,114,4,19,0,6,91,4,30
0,3,27.0,361,4,13,0,1,105,4,15
0,5,10.0,155,2,12,0,10,52,3,4
0,2,7.0,153,1,4,2,8,41,1,11
0,5,10.0,155,2,12,2,3,4,0,4
0,5,13.0,184,6,3,1,14,125,4,25
0,6,4.0,159,3,23,0,13,21,1,30
0,6,4.0,159,3,1,0,13,21,3,30
0,6,11.0,355,3,12,0,12,80,0,9
0,6,12.0,162,0,22,0,5,6,0,28
0,6,19.0,291,0,12,2,8,9,1,10
0,6,19.0,291,0,14,2,16,37,3,10
0,6,19.0,291,0,22,1,15,108,4,10
0,6,20.0,215,1,17,0,10,6,3,29
0,6,19.0,291,0,14,0,14,24,1,10
0,6,20.0,215,1,16,1,8,19,0,29
0,6,21.0,193,2,10,0,1,11,4,21
0,6,21.0,193,2,0,1,15,119,0,21
0,6,20.0,215,1,15,2,3,30,3,29
0,6,27.0,116,1,12,0,13,13,3,15
0,6,27.0,116,1,18,0,5,64,1,15
0,6,27.0,116,1,8,0,2,92,1,15
0,6,30.0,145,5,12,0,10,22,3,19
0,10,19.0,117,2,4,2,8,41,4,10
0,10,4.0,356,1,8,3,9,10,3,30
0,10,19.0,117,2,7,1,10,47,0,10
0,10,19.0,117,2,15,0,10,22,3,10
0,10,19.0,117,2,12,0,14,24,1,10
0,10,19.0,117,2,19,0,7,8,2,10
0,2,14.0,231,1,6,0,8,27,0,5
0,10,19.0,117,2,8,0,14,34,4,10
0,10,27.0,302,4,21,0,1,11,3,15
0,10,27.0,302,4,11,0,5,6,3,15
0,10,27.0,302,4,12,2,10,22,3,15
0,10,30.0,157,3,17,0,13,28,3,19
0,10,30.0,157,3,6,1,9,93,4,19
0,10,30.0,157,3,0,1,12,84,0,19
0,10,30.0,157,3,15,1,16,139,1,19
0,10,31.0,135,0,21,2,15,119,3,20
0,10,31.0,135,0,20,0,8,9,1,20
0,10,30.0,157,3,13,0,16,74,3,19
0,10,31.0,135,0,2,0,0,64,3,20
0,10,31.0,135,0,9,0,0,53,3,20
0,1,3.0,188,4,7,1,16,50,1,27
0,1,3.0,188,4,17,0,5,12,0,27
0,1,3.0,188,4,1,2,5,12,2,27
0,1,4.0,286,5,23,1,7,78,4,30
0,1,4.0,286,5,15,0,5,6,2,30
0,1,4.0,286,5,14,0,2,123,2,30
0,6,12.0,162,0,8,1,3,30,4,28
0,6,27.0,116,1,15,0,2,2,1,15
0,6,27.0,116,1,17,2,5,12,3,15
0,6,27.0,116,1,22,0,2,86,2,15
0,6,27.0,116,1,12,0,4,4,1,15
0,6,27.0,116,1,5,0,5,6,3,15
0,6,27.0,116,1,11,0,4,121,2,15
0,6,30.0,145,5,10,0,0,77,1,19
0,10,4.0,356,1,1,1,10,52,4,30
0,10,4.0,356,1,20,1,0,0,1,30
0,10,4.0,356,1,2,0,10,47,3,30
0,6,30.0,145,5,4,2,8,41,3,19
0,10,19.0,117,2,16,1,9,83,4,10
0,10,19.0,117,2,16,0,11,18,1,10
0,10,27.0,302,4,17,1,9,109,4,15
0,10,27.0,302,4,16,1,9,10,0,15
0,10,27.0,302,4,15,0,12,84,3,15
0,10,27.0,302,4,4,0,15,108,1,15
0,10,30.0,157,3,20,0,3,44,1,19
0,10,30.0,157,3,13,1,3,115,1,19
0,10,27.0,302,4,10,1,8,19,0,15
0,10,30.0,157,3,2,0,6,7,2,19
0,6,21.0,193,2,5,0,10,23,3,21
0,6,20.0,215,1,6,1,11,15,1,29
0,6,22.0,185,4,23,1,3,30,1,26
0,6,22.0,185,4,4,0,6,132,1,26
0,6,22.0,185,4,18,0,4,4,1,26
0,6,27.0,116,1,20,0,6,132,1,15
0,6,27.0,116,1,3,0,16,72,1,15
0,6,27.0,116,1,2,0,7,20,1,15
0,6,27.0,116,1,1,0,0,77,2,15
0,6,30.0,145,5,2,0,1,11,4,19
0,6,21.0,193,2,0,0,8,41,1,21
0,4,11.0,121,2,19,0,8,33,0,9
0,10,6.0,242,4,9,2,8,118,3,23
0,10,27.0,302,4,6,1,10,47,0,15
0,3,28.0,187,5,11,0,8,41,1,18
0,2,11.0,297,6,15,0,4,4,2,9
0,9,20.0,119,0,19,3,6,89,1,29
0,9,19.0,234,3,9,0,5,6,0,10
0,9,19.0,234,3,3,0,5,6,0,10
0,9,20.0,119,0,8,0,13,38,0,29
0,9,27.0,179,0,6,2,13,123,3,15
0,9,27.0,179,0,3,0,0,77,2,15
0,9,27.0,179,0,1,1,3,115,1,15
0,7,4.0,186,6,23,0,13,29,2,30
0,7,4.0,186,6,5,0,13,28,0,30
0,9,18.0,359,6,22,0,10,22,1,0
0,7,11.0,197,6,18,2,2,86,1,9
0,7,12.0,181,3,8,0,4,136,1,28
0,7,11.0,197,6,8,2,0,96,3,9
0,7,13.0,238,0,22,0,12,80,0,25
0,7,18.0,154,6,17,0,5,12,0,0
0,7,18.0,154,6,3,1,3,79,1,0
0,7,18.0,154,6,11,1,2,123,4,0
0,7,18.0,154,6,9,0,8,27,4,0
0,7,28.0,34,1,16,0,4,45,1,18
0,7,28.0,34,1,15,0,5,64,3,18
0,7,28.0,34,1,1,0,0,12,1,18
0,9,24.0,272,5,2,1,13,99,4,14
0,3,22.0,166,6,11,1,8,41,4,26
0,7,9.0,273,4,12,1,11,94,4,12
0,1,1.0,203,1,14,3,9,57,0,7
0,8,7.0,70,4,14,3,8,118,3,11
0,6,9.0,236,5,2,0,10,47,2,12
0,8,17.0,74,3,19,1,14,125,4,6
0,8,18.0,75,0,13,2,1,1,2,0
0,8,25.0,86,0,18,0,0,12,3,13
0,4,1.0,144,3,1,0,14,125,4,7
0,0,2.0,47,6,8,0,8,41,0,22
0,0,9.0,48,6,19,0,2,86,1,12
0,1,9.0,50,2,17,3,14,106,3,12
1,6,5.0,342,3,22,3,10,22,1,24
1,10,7.0,243,4,19,0,8,27,1,11
1,1,8.0,62,0,5,1,13,28,1,8
1,1,29.0,112,0,17,3,14,25,2,16
0,10,9.0,150,3,18,0,0,26,0,12
0,10,9.0,150,3,4,1,14,25,0,12
0,10,10.0,245,0,22,0,8,19,1,4
0,10,10.0,245,0,4,0,12,121,1,4
0,10,10.0,245,0,14,2,13,38,4,4
0,10,16.0,201,3,2,1,1,59,4,2
0,10,18.0,246,1,16,0,0,26,3,0
0,10,18.0,246,1,23,3,6,128,0,0
0,10,18.0,246,1,19,0,5,6,2,0
0,10,25.0,56,1,21,2,10,47,3,13
0,10,25.0,56,1,2,0,0,77,1,13
0,1,2.0,171,2,22,0,1,11,1,22
0,1,2.0,171,2,12,2,5,64,0,22
0,1,26.0,248,6,6,0,0,77,3,3
0,1,26.0,248,6,23,0,12,80,1,3
0,1,27.0,262,3,6,0,6,7,1,15
0,1,27.0,262,3,17,1,15,114,1,15
0,1,27.0,262,3,13,1,10,47,1,15
0,8,2.0,77,6,15,0,5,6,3,22
0,8,8.0,76,5,15,0,13,36,4,8
0,8,19.0,280,1,21,0,1,59,1,10
0,5,25.0,350,4,17,3,14,24,4,13
0,6,26.0,348,0,2,0,1,67,3,3
0,10,16.0,201,3,3,0,16,50,3,2
0,1,2.0,171,2,19,0,16,72,1,22
0,1,27.0,262,3,8,1,12,84,1,15
0,1,2.0,171,2,12,0,13,99,1,22
0,7,22.0,211,2,8,1,13,29,1,26
0,3,2.0,120,3,16,0,13,48,4,22
0,3,2.0,120,3,10,0,6,7,1,22
0,3,2.0,120,3,5,0,2,86,1,22
0,3,2.0,120,3,18,0,5,6,0,22
0,3,3.0,182,0,17,0,1,59,1,27
0,3,2.0,120,3,19,0,16,37,1,22
0,7,12.0,181,3,15,0,11,15,1,28
0,10,4.0,356,1,5,0,10,12,0,30
0,10,4.0,356,1,6,0,0,68,3,30
0,3,27.0,361,4,13,0,9,101,3,15
0,3,28.0,187,5,2,3,5,6,0,18
0,4,20.0,115,5,15,0,5,6,3,29
0,6,21.0,193,2,21,0,8,27,1,21
0,10,7.0,243,5,15,1,9,49,4,11
0,10,27.0,302,4,15,0,13,38,2,15
0,10,27.0,302,4,14,0,6,91,3,15
0,5,3.0,161,2,15,3,11,15,1,27
0,2,11.0,297,6,5,0,0,77,3,9
0,4,20.0,115,5,2,0,11,6,3,29
0,10,7.0,243,5,4,0,0,64,3,11
0,5,3.0,161,2,9,1,14,88,4,27
0,4,20.0,115,5,14,0,8,41,0,29
0,10,31.0,135,0,6,0,9,102,1,20
0,10,7.0,243,5,15,1,14,32,1,11
1,8,1.0,66,4,9,0,14,110,4,7
0,5,4.0,114,4,11,0,1,35,4,30
0,2,16.0,220,4,15,0,12,80,2,2
0,4,22.0,152,3,13,0,2,2,3,26
0,10,31.0,135,0,17,1,9,27,0,20
0,10,8.0,213,6,22,0,14,88,3,8
0,10,27.0,302,4,9,0,11,133,2,15
0,5,4.0,114,4,3,1,3,79,4,30
0,4,22.0,152,3,2,0,2,40,2,26
0,10,31.0,135,0,16,1,9,134,4,20
0,10,31.0,135,0,13,0,13,28,1,20
0,10,31.0,135,0,18,0,3,44,3,20
0,1,3.0,188,4,21,0,5,12,0,27
0,1,3.0,188,4,1,0,4,4,1,27
0,1,4.0,286,5,6,2,10,47,0,30
0,1,4.0,286,5,11,1,12,56,4,30
0,1,4.0,286,5,19,0,2,71,2,30
0,1,14.0,183,0,17,0,15,51,1,5
0,1,14.0,183,0,6,2,10,22,3,5
0,1,14.0,183,0,5,0,2,86,2,5
0,1,14.0,183,0,14,2,2,92,3,5
0,1,14.0,183,0,12,3,16,37,0,5
0,1,28.0,300,0,3,0,2,86,0,18
0,1,28.0,300,0,2,0,1,1,3,18
0,1,28.0,300,0,9,0,12,80,1,18
0,1,29.0,112,1,1,0,1,105,4,16
0,8,3.0,363,3,8,2,0,77,0,27
0,8,4.0,299,0,19,0,13,21,1,30
0,1,28.0,300,0,19,1,15,112,1,18
0,1,28.0,300,0,14,2,11,117,1,18
0,8,4.0,299,0,16,0,13,21,1,30
0,8,4.0,299,0,21,0,11,124,1,30
0,8,4.0,299,0,0,0,13,13,1,30
0,8,13.0,189,2,6,1,10,47,1,25
0,8,13.0,189,2,0,0,3,115,1,25
0,8,13.0,189,2,13,0,12,61,1,25
0,8,13.0,189,2,15,0,4,82,1,25
0,8,13.0,189,2,8,0,8,27,4,25
0,8,29.0,301,5,0,2,16,139,0,16
0,8,29.0,301,5,9,0,11,55,2,16
0,4,4.0,178,2,1,0,6,89,1,30
0,4,4.0,178,2,23,1,2,40,4,30
0,4,11.0,121,2,7,1,8,33,0,9
0,4,11.0,121,2,2,0,3,115,4,9
0,4,11.0,121,2,4,1,7,8,0,9
0,4,11.0,121,2,1,0,3,103,3,9
0,1,4.0,286,5,14,1,2,71,2,30
0,1,4.0,286,5,2,1,3,44,4,30
0,1,14.0,183,0,7,1,4,4,0,5
0,1,14.0,183,0,3,1,13,21,1,5
0,1,28.0,300,0,14,2,1,105,0,18
0,1,29.0,112,1,0,0,0,53,3,16
0,1,29.0,112,1,16,0,3,44,3,16
0,8,3.0,363,3,10,0,10,22,3,27
0,8,3.0,363,3,22,1,3,44,4,27
0,8,3.0,363,3,8,0,7,20,3,27
0,8,4.0,299,0,18,0,6,91,3,30
0,8,13.0,189,2,9,0,7,31,4,25
0,8,29.0,301,5,14,0,10,47,3,16
0,4,4.0,178,2,19,0,13,48,3,30
0,4,11.0,121,2,0,0,9,93,1,9
0,3,1.0,180,6,13,3,8,9,1,7
0,7,3.0,269,5,13,2,14,106,2,27
0,7,10.0,329,5,12,0,10,47,1,4
0,10,5.0,336,2,18,0,10,30,3,24
0,5,27.0,328,6,18,0,12,104,4,15
0,4,6.0,176,5,12,0,6,7,4,23
0,10,29.0,318,6,1,0,8,41,1,16
0,6,14.0,173,2,7,1,12,17,4,5
0,10,28.0,216,5,22,2,14,25,2,18
0,9,9.0,320,4,2,1,10,47,0,12
0,7,1.0,98,2,18,0,10,47,1,7
0,7,27.0,53,0,4,0,15,96,4,15
0,5,11.0,326,4,10,1,13,38,4,9
0,4,11.0,121,2,21,0,15,96,1,9
0,4,11.0,121,2,23,0,8,41,4,9
0,4,11.0,121,2,4,0,2,3,4,9
0,4,20.0,115,5,6,0,6,128,1,29
0,10,8.0,213,6,8,1,12,56,4,8
0,4,22.0,152,3,0,1,16,72,0,26
0,10,30.0,157,3,7,2,6,7,3,19
0,5,4.0,114,4,9,0,1,59,1,30
0,10,9.0,150,3,7,1,11,117,0,12
0,4,22.0,152,3,18,0,9,109,4,26
0,10,30.0,157,3,17,1,9,57,0,19
0,2,16.0,220,4,8,0,5,6,0,2
0,10,9.0,150,3,16,1,14,24,1,12
0,5,10.0,155,2,6,0,5,12,0,4
0,10,31.0,135,0,17,1,3,103,0,20
0,2,19.0,137,3,23,1,4,66,4,10
0,10,9.0,150,3,12,0,9,49,1,12
0,5,10.0,155,2,16,0,13,48,0,4
0,4,4.0,178,2,13,0,5,6,2,30
0,10,31.0,135,0,6,1,14,24,0,20
0,10,31.0,135,0,12,0,13,21,1,20
0,10,18.0,246,1,6,2,10,22,3,0
0,2,14.0,231,1,22,0,9,93,0,5
0,10,19.0,117,2,2,0,6,91,3,10
0,10,25.0,56,1,16,1,14,25,0,13
1,0,29.0,191,4,8,3,15,96,4,16
0,11,9.0,311,0,17,2,6,7,3,12
0,11,10.0,360,1,17,0,12,17,1,4
0,11,10.0,360,1,6,0,3,30,4,4
0,11,10.0,360,1,16,1,5,12,0,4
0,11,12.0,118,4,2,0,15,96,0,28
0,11,12.0,118,4,12,1,14,107,4,28
0,11,17.0,110,1,17,0,6,7,4,6
0,11,17.0,110,1,7,0,13,99,1,6
0,11,21.0,192,6,16,1,13,99,0,21
0,11,26.0,364,4,16,0,8,41,3,3
0,9,3.0,217,5,3,0,2,2,3,27
0,9,10.0,156,5,2,0,5,12,2,4
0,9,10.0,156,5,19,0,1,1,4,4
0,9,12.0,177,3,20,0,14,34,1,28
0,9,18.0,359,6,19,0,16,113,3,0
0,9,19.0,234,3,0,1,2,92,0,10
0,9,19.0,234,3,2,2,12,80,0,10
0,3,3.0,182,0,12,0,8,118,1,27
0,5,3.0,161,2,16,0,10,47,0,27
0,5,3.0,161,2,20,0,4,121,4,27
0,5,3.0,161,2,22,0,13,29,1,27
0,5,4.0,114,4,5,0,2,69,2,30
0,5,10.0,155,2,6,0,5,12,3,4
0,5,13.0,184,6,19,0,9,57,2,25
0,5,28.0,259,3,20,0,14,25,2,18
0,5,28.0,259,3,13,0,7,57,0,18
0,5,28.0,259,3,3,0,8,118,2,18
0,5,28.0,259,3,20,0,8,118,4,18
0,6,4.0,159,3,6,0,10,22,3,30
0,6,4.0,159,3,1,0,0,12,1,30
0,6,4.0,159,3,9,2,5,6,3,30
0,6,11.0,355,3,5,0,10,47,0,9
0,6,11.0,355,3,4,0,5,6,0,9
0,6,11.0,355,3,1,1,7,54,4,9
0,6,11.0,355,3,18,1,5,64,0,9
0,2,7.0,153,1,1,0,7,62,1,11
0,6,11.0,355,3,11,1,15,51,4,9
0,6,11.0,355,3,1,1,7,111,0,9
0,6,12.0,162,0,18,0,2,2,1,28
1,2,25.0,233,5,5,1,13,29,1,13
1,2,25.0,233,5,4,1,8,19,0,13
0,5,16.0,239,1,19,0,13,38,1,2
0,6,1.0,158,4,17,3,14,25,1,7
0,5,1.0,109,0,2,1,5,12,2,7
0,10,24.0,261,0,4,0,14,25,4,14
0,6,9.0,236,5,22,1,2,2,4,12
0,8,7.0,70,4,7,1,5,6,0,11
0,8,25.0,86,0,18,0,10,22,1,13
0,8,25.0,86,0,2,0,13,21,3,13
0,8,24.0,85,3,6,0,1,59,0,14
0,5,1.0,109,0,13,2,3,76,0,7
1,6,5.0,342,3,8,0,16,72,0,24
1,5,22.0,163,3,9,0,2,60,0,26
1,10,7.0,243,4,13,0,4,121,1,11
1,2,5.0,127,6,19,1,10,47,2,24
1,2,14.0,231,0,14,1,2,13,0,5
1,2,14.0,231,0,4,1,13,29,4,5
1,6,21.0,193,1,8,0,3,44,4,21
1,2,25.0,233,5,4,1,10,43,0,13
1,4,24.0,27,0,11,1,13,48,1,14
0,1,2.0,171,2,2,0,0,12,3,22
0,10,23.0,247,3,23,3,13,48,2,17
0,1,2.0,171,2,8,1,15,51,4,22
0,5,13.0,184,6,14,0,4,4,1,25
0,6,19.0,291,0,16,0,10,23,1,10
0,6,19.0,291,0,4,0,3,30,3,10
0,6,12.0,162,0,6,0,13,99,1,28
0,6,12.0,162,0,16,0,8,9,3,28
0,2,14.0,231,1,19,2,8,27,3,5
0,3,27.0,361,4,1,0,7,129,3,15
0,10,31.0,135,0,11,1,10,43,1,20
0,2,14.0,231,1,9,0,4,82,3,5
0,10,19.0,117,2,19,0,15,31,0,10
0,10,31.0,135,0,19,3,7,111,0,20
0,10,19.0,117,2,1,0,2,86,0,10
0,2,20.0,264,0,9,0,2,86,1,29
0,10,27.0,302,4,11,1,13,69,4,15
0,5,28.0,259,3,3,0,10,22,4,18
0,1,3.0,188,4,19,0,15,96,0,27
0,2,20.0,264,0,10,1,1,35,4,29
0,1,4.0,286,5,17,1,15,96,0,30
0,10,27.0,302,4,16,1,9,10,0,15
0,0,5.0,122,1,7,0,15,46,1,24
0,1,4.0,286,5,10,0,2,2,1,30
0,10,27.0,302,4,13,0,5,12,2,15
1,0,27.0,23,1,1,1,16,108,4,15
0,1,4.0,286,5,12,2,13,21,3,30
0,10,30.0,157,3,12,0,13,21,0,19
1,0,27.0,23,1,1,2,10,47,3,15
0,0,5.0,122,1,16,0,0,26,1,24
0,7,24.0,68,5,12,0,13,38,3,14
0,0,5.0,122,1,1,2,8,27,3,24
0,10,30.0,157,3,9,0,8,9,1,19
0,3,16.0,263,3,22,0,0,15,2,2
0,6,20.0,215,1,20,1,11,8,4,29
0,6,21.0,193,2,22,0,10,6,3,21
0,6,21.0,193,2,3,0,8,19,3,21
0,6,19.0,291,0,22,1,10,22,1,10
0,6,20.0,215,1,12,3,2,35,3,29
0,6,22.0,185,4,2,2,11,117,2,26
0,6,22.0,185,4,20,1,1,59,1,26
0,6,27.0,116,1,7,0,4,5,3,15
0,6,30.0,145,5,21,0,2,86,1,19
0,6,30.0,145,5,14,0,8,19,3,19
0,2,14.0,231,1,19,0,15,77,3,5
0,6,30.0,145,5,18,2,4,103,3,19
0,10,4.0,356,1,21,0,12,83,1,30
0,10,4.0,356,1,14,2,8,33,3,30
0,10,19.0,117,2,17,0,5,12,3,10
0,10,19.0,117,2,17,0,9,102,0,10
0,10,19.0,117,2,16,0,2,2,3,10
0,10,19.0,117,2,6,0,5,6,3,10
0,10,19.0,117,2,11,0,8,118,1,10
0,10,19.0,117,2,13,0,8,9,1,10
0,10,19.0,117,2,8,0,12,80,2,10
0,10,19.0,117,2,4,0,1,1,0,10
0,1,28.0,300,0,16,0,11,15,0,18
0,1,28.0,300,0,16,1,7,122,0,18
0,1,28.0,300,0,16,1,14,25,0,18
0,1,28.0,300,0,0,2,2,86,3,18
0,1,28.0,300,0,3,3,8,27,3,18
0,1,28.0,300,0,8,0,15,46,1,18
0,1,29.0,112,1,6,0,0,64,3,16
0,1,29.0,112,1,12,0,5,6,3,16
0,8,3.0,363,3,0,1,9,27,2,27
0,8,3.0,363,3,12,0,2,69,1,27
0,8,3.0,363,3,13,0,6,14,2,27
0,8,4.0,299,0,17,0,3,115,3,30
0,8,4.0,299,0,12,0,2,2,1,30
0,8,4.0,299,0,1,0,10,47,3,30
0,8,13.0,189,2,19,0,8,33,4,25
0,8,13.0,189,2,4,0,8,9,3,25
0,4,4.0,178,2,10,0,3,70,1,30
0,4,4.0,178,2,9,0,1,35,4,30
0,4,11.0,121,2,1,0,2,13,1,9
0,1,11.0,111,5,11,0,9,101,4,9
0,1,11.0,111,5,23,1,0,12,1,9
0,1,14.0,183,0,7,1,4,4,0,5
0,1,14.0,183,0,13,3,10,43,1,5
0,1,28.0,300,0,9,0,14,24,1,18
0,1,29.0,112,1,14,0,9,57,2,16
0,8,3.0,363,3,6,1,14,25,0,27
0,8,3.0,363,3,14,1,2,86,4,27
0,8,4.0,299,0,21,0,7,78,1,30
0,8,4.0,299,0,1,1,15,114,1,30
0,8,4.0,299,0,17,0,11,15,3,30
0,8,13.0,189,2,16,0,0,85,3,25
0,8,13.0,189,2,16,0,6,89,3,25
0,8,13.0,189,2,19,0,1,1,1,25
0,8,29.0,301,5,5,0,5,6,2,16
0,8,4.0,299,0,13,0,0,68,4,30
0,4,4.0,178,2,6,2,16,50,3,30
0,1,11.0,111,5,8,0,8,9,1,9
0,10,30.0,157,3,8,1,10,23,1,19
0,5,9.0,206,1,18,0,13,36,1,12
0,10,31.0,135,0,17,1,9,134,4,20
0,1,11.0,111,5,3,0,13,36,1,9
0,10,31.0,135,0,7,0,5,12,3,20
0,10,24.0,261,0,15,1,2,2,4,14
0,10,31.0,135,0,20,0,15,114,1,20
0,1,11.0,111,5,12,2,14,107,3,9
0,4,19.0,142,4,8,2,13,99,2,10
0,10,31.0,135,0,21,1,3,115,0,20
1,8,1.0,66,4,23,3,14,106,0,7
0,10,30.0,157,3,9,1,9,63,0,19
0,10,31.0,135,0,23,0,14,24,0,20
0,4,25.0,20,2,6,1,5,6,0,13
0,10,31.0,135,0,1,2,6,7,0,20
0,10,31.0,135,0,15,0,15,119,2,20
0,10,31.0,135,0,11,0,3,76,1,20
0,10,31.0,135,0,3,0,4,45,1,20
0,1,3.0,188,4,6,0,0,26,3,27
0,1,3.0,188,4,7,1,1,67,0,27
0,1,3.0,188,4,15,1,9,63,4,27
0,2,19.0,137,3,2,1,14,110,4,10
0,2,16.0,220,4,6,1,7,129,1,2
0,2,25.0,233,6,16,0,12,80,0,13
0,2,25.0,233,6,9,0,16,42,1,13
0,0,3.0,334,3,0,1,10,52,1,27
0,0,10.0,129,3,6,0,7,120,1,4
0,0,10.0,129,3,20,0,0,26,1,4
0,0,25.0,281,0,3,1,2,71,4,13
0,0,25.0,281,0,14,0,6,89,1,13
0,0,25.0,281,0,19,0,4,82,3,13
0,0,28.0,249,4,23,0,0,12,3,18
0,0,28.0,249,4,5,0,12,61,1,18
0,0,28.0,249,4,9,0,11,94,3,18
0,8,2.0,77,6,12,3,8,27,0,22
0,2,19.0,137,3,4,3,14,32,3,10
0,2,19.0,137,3,1,1,14,97,4,10
0,1,27.0,262,3,1,2,13,36,0,15
0,8,26.0,278,1,7,1,11,18,1,3
0,0,10.0,129,3,5,2,10,22,2,4
0,1,3.0,188,4,8,1,3,44,4,27
0,1,3.0,188,4,18,2,16,74,3,27
0,1,4.0,286,5,20,0,8,27,2,30
0,1,4.0,286,5,8,0,13,29,3,30
0,1,11.0,111,5,17,0,11,18,0,9
0,1,11.0,111,5,0,0,1,67,3,9
0,1,11.0,111,5,15,0,4,4,1,9
0,1,11.0,111,5,4,0,3,70,3,9
0,1,14.0,183,0,16,0,14,107,1,5
0,1,14.0,183,0,16,0,3,103,1,5
0,1,14.0,183,0,7,1,14,24,0,5
0,1,11.0,111,5,22,0,4,121,0,9
0,1,14.0,183,0,7,1,4,4,0,5
0,1,28.0,300,0,10,0,6,14,1,18
0,1,28.0,300,0,13,0,10,43,3,18
0,5,4.0,114,4,14,0,10,6,3,30
0,5,10.0,155,2,0,0,10,47,0,4
0,5,10.0,155,2,0,1,13,99,2,4
0,5,10.0,155,2,2,2,14,24,0,4
0,5,10.0,155,2,9,0,9,63,1,4
0,5,13.0,184,6,17,2,1,67,2,25
0,5,13.0,184,6,1,0,2,2,2,25
0,5,28.0,259,3,13,0,5,6,2,18
0,5,28.0,259,3,2,2,13,36,3,18
0,5,28.0,259,3,19,0,2,69,3,18
0,5,28.0,259,3,14,0,14,34,1,18
0,4,20.0,115,5,17,1,10,47,1,29
0,5,28.0,259,3,3,1,10,52,4,18
0,6,4.0,159,3,11,0,5,6,0,30
0,6,4.0,159,3,14,1,13,48,1,30
0,6,11.0,355,3,9,0,10,47,1,9
0,6,11.0,355,3,18,1,5,6,0,9
0,6,12.0,162,0,15,0,1,16,4,28
0,6,19.0,291,0,13,0,13,69,2,10
0,6,19.0,291,0,3,1,16,108,4,10
0,1,3.0,188,4,16,0,0,26,1,27
0,2,24.0,22,5,18,0,0,12,2,14
0,1,3.0,188,4,2,2,11,133,2,27
0,2,24.0,22,5,9,2,10,22,3,14
0,6,30.0,145,5,21,3,8,19,3,19
0,0,9.0,48,6,12,0,6,132,2,12
0,1,3.0,188,4,1,0,4,103,3,27
0,4,9.0,18,0,19,0,8,41,4,12
0,1,4.0,286,5,13,1,1,11,4,30
0,1,4.0,286,5,15,1,12,61,1,30
1,1,8.0,62,0,2,3,5,6,0,8
0,1,4.0,286,5,1,0,0,0,1,30
1,1,29.0,112,0,13,0,10,47,1,16
1,2,14.0,231,0,21,0,16,74,0,5
1,0,22.0,241,4,20,0,16,50,1,26
0,10,19.0,117,2,19,0,8,33,2,10
0,10,27.0,302,4,23,0,9,102,2,15
0,10,27.0,302,4,3,0,3,70,0,15
0,10,30.0,157,3,11,0,11,124,1,19
0,10,30.0,157,3,2,0,14,24,1,19
0,10,31.0,135,0,22,0,12,56,0,20
1,1,1.0,203,0,9,0,10,52,1,7
1,4,19.0,142,2,3,0,10,23,1,10
1,0,1.0,8,4,9,2,2,92,1,7
0,5,11.0,326,4,17,1,4,121,1,9
1,0,1.0,8,4,19,0,1,1,4,7
0,9,11.0,52,6,9,0,6,89,1,9
1,0,1.0,8,4,13,0,15,31,1,7
0,7,1.0,98,2,1,1,0,64,0,7
0,10,20.0,223,4,13,1,14,126,4,29
1,11,1.0,222,6,17,0,15,31,4,7
1,0,1.0,8,4,3,0,1,11,2,7
0,5,27.0,328,6,14,3,10,52,4,15
0,6,28.0,309,2,1,0,10,47,0,18
1,0,28.0,249,2,12,0,2,71,4,18
0,9,9.0,320,4,12,3,16,130,3,12
0,9,11.0,52,6,14,2,16,74,3,9
0,9,9.0,320,4,13,0,2,92,2,12
0,9,11.0,52,6,4,0,8,41,2,9
0,9,11.0,52,6,5,0,7,111,4,9
0,1,27.0,262,3,12,0,16,74,1,15
0,8,19.0,280,1,12,0,4,75,1,10
0,8,26.0,278,1,6,1,6,7,0,3
0,8,26.0,278,1,21,1,0,64,0,3
0,4,8.0,292,3,5,0,5,12,2,8
0,4,8.0,292,3,14,0,14,110,1,8
0,4,27.0,274,5,21,1,15,39,0,15
0,4,27.0,274,5,12,1,7,20,4,15
0,4,27.0,274,5,1,0,13,69,4,15
0,4,27.0,274,5,14,0,12,17,4,15
0,2,1.0,16,2,17,0,10,47,3,7
0,2,1.0,16,2,6,2,5,0,2,7
0,2,1.0,16,2,6,0,0,0,3,7
0,2,1.0,16,2,17,2,15,114,3,7
0,2,1.0,16,2,18,0,1,105,1,7
0,6,18.0,308,3,11,0,1,11,2,0
0,6,26.0,348,0,13,0,2,86,2,3
0,6,26.0,348,0,23,1,0,68,4,3
0,6,17.0,244,6,22,0,9,95,4,6
0,2,8.0,258,2,0,0,3,70,1,8
0,2,8.0,258,2,16,0,11,18,3,8
0,7,5.0,204,3,2,0,12,61,0,24
0,3,16.0,263,3,2,2,7,129,3,2
0,3,16.0,263,3,14,0,8,118,4,2
1,2,25.0,233,5,9,0,16,65,0,13
0,0,3.0,334,3,18,0,13,48,4,27
0,0,3.0,334,3,15,1,9,102,1,27
0,0,28.0,249,4,0,0,10,12,1,18
0,0,28.0,249,4,8,2,14,107,0,18
0,0,28.0,249,4,4,0,4,75,1,18
0,2,11.0,297,6,11,0,11,117,2,9
0,2,16.0,220,4,20,1,1,105,4,2
0,2,19.0,137,3,16,2,7,137,3,10
0,2,25.0,233,6,14,2,8,118,0,13
0,2,25.0,233,6,9,2,13,29,3,13
0,2,25.0,233,6,13,0,16,74,2,13
0,0,3.0,334,3,11,1,14,126,1,27
0,0,10.0,129,3,23,0,9,134,2,4
0,0,10.0,129,3,3,0,5,6,0,4
0,0,10.0,129,3,12,0,10,47,0,4
0,0,3.0,334,3,2,1,8,27,1,27
0,0,25.0,281,0,1,0,0,26,1,13
0,0,28.0,249,4,6,2,9,95,3,18
0,10,10.0,245,0,13,1,11,133,4,4
0,9,14.0,106,1,9,1,3,44,0,5
0,9,13.0,91,0,19,1,13,38,4,25
1,4,25.0,20,1,4,0,0,68,3,13
1,4,7.0,133,5,17,0,1,1,3,11
0,9,14.0,106,1,16,0,10,47,3,5
0,7,31.0,43,5,22,0,5,6,3,20
0,10,15.0,60,6,13,0,12,61,1,1
0,4,26.0,80,4,1,0,1,81,2,3
1,5,29.0,24,3,22,1,13,38,4,16
1,6,6.0,83,0,12,1,2,71,2,23
1,4,14.0,345,5,3,0,15,31,4,5
1,8,22.0,354,4,20,3,11,15,4,26
1,10,30.0,157,6,17,1,0,26,1,19
1,4,16.0,25,3,13,3,7,54,4,2
0,11,14.0,147,6,8,2,16,130,3,5
0,11,14.0,147,6,5,0,0,77,2,5
0,9,13.0,91,0,2,1,16,72,0,25
0,9,22.0,92,2,21,1,5,6,0,26
1,4,25.0,20,1,3,3,11,124,2,13
0,5,17.0,212,2,0,0,4,75,1,6
0,5,17.0,212,2,2,0,15,112,2,6
0,5,25.0,350,4,21,2,1,105,0,13
0,5,25.0,350,4,16,0,0,85,2,13
0,5,31.0,196,2,23,0,5,64,1,20
0,6,6.0,83,1,8,0,13,69,4,23
0,6,6.0,83,1,4,0,7,57,1,23
0,6,6.0,83,1,4,0,3,44,3,23
0,6,17.0,244,6,19,2,0,26,3,6
0,11,1.0,222,3,11,1,14,131,1,7
1,2,10.0,28,4,15,0,1,59,2,4
0,11,2.0,265,0,22,0,7,8,1,22
0,11,4.0,275,2,17,0,12,121,0,30
1,2,10.0,28,4,23,1,2,92,0,4
1,1,2.0,171,1,11,2,10,47,3,22
0,11,4.0,275,2,4,0,12,61,1,30
1,2,9.0,21,2,21,3,16,72,0,12
1,1,2.0,171,1,14,0,7,31,3,22
0,11,20.0,340,5,14,0,10,22,3,29
1,2,12.0,128,6,5,0,14,32,2,28
1,1,17.0,63,2,17,1,14,34,0,6
0,7,20.0,266,0,7,0,0,77,1,29
1,2,12.0,128,6,19,0,2,2,3,28
1,1,17.0,63,2,8,0,10,22,3,6
0,3,11.0,337,1,1,0,1,59,0,9
1,10,21.0,341,4,9,2,1,105,3,21
1,2,13.0,276,3,15,0,0,64,2,25
1,2,13.0,276,3,4,2,9,54,0,25
1,2,27.0,136,3,2,0,2,86,1,15
1,2,27.0,136,3,14,1,8,27,0,15
1,2,27.0,136,3,1,2,1,59,3,15
1,0,1.0,8,4,5,1,13,38,4,7
1,0,1.0,8,4,14,0,13,48,4,7
1,0,1.0,8,4,15,1,13,69,4,7
1,4,4.0,178,1,9,0,4,79,0,30
1,10,10.0,245,3,11,0,10,47,1,4
1,4,9.0,18,3,12,2,13,29,3,12
1,4,9.0,18,3,2,0,11,98,0,12
1,4,9.0,18,3,9,0,14,106,0,12
1,4,10.0,79,0,23,0,15,114,2,4
1,4,10.0,79,0,2,0,12,61,1,4
1,4,9.0,18,3,22,1,16,42,2,12
1,4,11.0,121,1,10,2,5,64,3,9
1,4,19.0,142,2,17,0,3,70,0,10
1,4,19.0,142,2,6,2,12,104,3,10
1,4,26.0,80,2,8,1,15,112,4,3
1,4,26.0,80,2,22,1,1,35,4,3
1,2,9.0,21,2,0,2,6,132,3,12
1,2,9.0,21,2,9,0,5,12,3,12
1,2,10.0,28,4,5,0,2,123,2,4
1,2,10.0,28,4,5,1,13,99,4,4
1,2,12.0,128,6,5,0,16,130,1,28
1,2,12.0,128,6,5,1,11,124,4,28
1,2,12.0,128,6,23,1,2,69,4,28
1,2,27.0,136,3,17,1,10,43,1,15
0,7,1.0,98,2,17,1,10,47,1,7
1,11,15.0,331,6,13,3,6,7,0,1
1,8,20.0,319,1,4,2,7,120,3,29
1,8,27.0,78,1,21,0,6,89,3,15
1,8,27.0,78,1,13,0,12,83,2,15
1,8,28.0,224,2,5,2,2,92,3,18
1,8,28.0,224,2,19,0,12,121,3,18
1,4,3.0,279,0,11,1,4,45,4,27
0,11,1.0,222,3,17,0,0,26,0,7
0,11,1.0,222,3,10,2,8,27,3,7
1,6,2.0,352,4,23,3,1,11,3,22
1,6,2.0,352,4,18,0,1,105,3,22
1,6,3.0,99,5,9,0,10,47,1,27
1,6,11.0,355,6,0,2,1,59,3,9
1,6,11.0,355,6,15,0,0,68,2,9
1,6,11.0,355,6,8,0,6,7,2,9
1,6,11.0,355,6,22,1,0,15,2,9
1,6,16.0,38,4,12,1,13,38,1,2
1,6,20.0,215,0,11,0,14,24,3,29
1,6,19.0,291,3,3,2,8,33,2,10
1,10,2.0,358,6,3,0,10,52,1,22
1,10,2.0,358,6,22,0,13,48,3,22
1,10,18.0,246,0,6,1,14,97,4,0
1,10,19.0,117,1,7,1,15,31,0,10
1,10,19.0,117,1,17,1,14,25,0,10
1,8,27.0,78,1,12,1,6,128,1,15
0,11,18.0,332,2,1,1,9,58,4,0
0,11,18.0,332,2,4,1,15,77,1,0
0,11,18.0,332,2,4,0,4,76,3,0
0,11,18.0,332,2,10,1,3,44,0,0
1,2,9.0,21,2,12,2,8,41,3,12
1,4,2.0,141,3,17,0,8,27,3,22
1,11,1.0,222,6,17,0,16,37,4,7
1,4,10.0,79,0,23,0,0,77,1,4
1,4,10.0,79,0,22,0,8,41,3,4
1,4,10.0,79,0,1,0,13,21,1,4
1,4,10.0,79,0,18,0,14,24,3,4
0,11,19.0,321,4,5,1,6,91,4,10
1,8,11.0,306,3,18,1,0,53,4,9
1,1,26.0,248,5,11,3,11,133,4,3
1,8,20.0,319,1,0,0,0,85,3,29
1,4,19.0,142,2,10,2,8,41,1,10
1,4,21.0,339,5,6,1,0,68,0,21
1,4,21.0,339,5,11,1,14,32,4,21
1,4,26.0,80,2,0,0,3,79,1,3
1,2,7.0,153,0,12,1,12,56,4,11
1,1,4.0,286,4,7,1,0,26,1,30
1,1,4.0,286,4,18,0,16,113,3,30
1,1,13.0,207,6,0,1,13,99,0,25
1,1,15.0,1,0,17,0,13,21,3,1
1,1,15.0,1,0,22,2,10,47,3,1
1,1,15.0,1,0,18,0,7,122,3,1
0,3,12.0,104,2,3,0,11,90,1,28
1,10,22.0,314,5,16,1,2,2,0,26
1,1,17.0,63,2,7,0,15,108,1,6
0,3,12.0,104,2,9,0,8,19,1,28
1,10,21.0,341,4,11,1,0,15,1,21
0,3,12.0,104,2,4,0,13,38,3,28
1,1,17.0,63,2,15,1,4,45,4,6
1,8,27.0,78,1,2,0,9,93,4,15
1,1,14.0,183,3,9,1,3,79,1,5
1,1,19.0,29,5,15,1,12,104,4,10
1,8,28.0,224,2,0,0,5,12,0,18
1,1,23.0,69,1,13,0,14,25,3,17
1,1,26.0,248,5,1,0,6,89,0,3
1,10,14.0,174,4,3,0,5,6,2,5
1,8,9.0,124,5,14,0,13,99,1,12
1,8,27.0,78,1,18,0,8,41,3,15
1,8,5.0,101,0,21,1,8,19,0,24
1,4,15.0,132,6,18,2,16,50,3,1
1,4,31.0,67,0,13,3,12,56,1,20
0,11,15.0,331,3,3,0,0,0,2,1
1,0,15.0,190,4,13,3,14,25,4,1
1,4,22.0,152,6,4,0,3,115,4,26
1,0,31.0,290,6,9,0,10,23,1,20
1,4,22.0,152,6,11,1,4,138,4,26
1,4,31.0,67,0,12,0,9,101,3,20
1,4,31.0,67,0,22,1,16,113,4,20
1,2,6.0,251,3,0,0,13,36,0,23
1,2,6.0,251,3,6,0,8,27,3,23
1,2,23.0,230,2,16,1,11,15,4,17
1,2,23.0,230,2,6,1,11,133,4,17
1,0,5.0,122,0,20,1,5,6,0,24
0,3,12.0,104,2,13,1,9,93,4,28
0,3,20.0,105,4,17,0,16,42,1,29
0,3,20.0,105,4,5,0,6,116,1,29
0,3,21.0,338,5,6,0,6,7,1,21
0,3,21.0,338,5,7,1,10,22,2,21
0,3,21.0,338,5,12,0,10,22,2,21
0,3,30.0,304,3,3,0,7,137,2,19
0,3,30.0,304,3,13,0,13,38,1,19
1,8,12.0,284,0,18,2,15,114,3,28
1,7,1.0,98,1,1,1,13,99,0,7
1,7,27.0,53,3,12,1,14,24,1,15
1,4,3.0,279,0,16,1,3,103,4,27
1,0,18.0,0,3,7,1,11,117,0,0
1,0,18.0,0,3,5,1,13,21,4,0
1,0,18.0,0,3,13,1,1,105,4,0
1,0,19.0,13,0,0,0,13,38,3,10
1,0,19.0,13,0,13,1,12,80,4,10
1,0,13.0,198,1,17,3,15,119,0,25
1,0,19.0,13,0,19,3,9,54,3,10
1,4,26.0,80,2,5,0,1,1,1,3
1,4,26.0,80,2,2,0,15,51,1,3
1,8,11.0,306,3,9,0,10,47,2,9
1,2,9.0,21,2,17,0,4,75,1,12
1,4,4.0,178,1,16,2,10,22,3,30
0,5,18.0,195,4,18,0,0,26,3,0
0,5,27.0,328,6,8,1,8,9,1,15
1,2,12.0,128,6,4,3,5,64,3,28
1,2,19.0,137,6,8,0,2,60,2,10
1,2,27.0,136,3,20,1,9,134,4,15
1,0,28.0,249,2,14,0,5,6,3,18
1,0,28.0,249,2,9,2,1,105,3,18
0,11,18.0,332,2,16,0,10,23,1,0
0,11,19.0,321,4,13,1,2,86,4,10
0,11,19.0,321,4,20,1,12,135,4,10
0,11,27.0,322,5,7,1,5,12,0,15
0,11,27.0,322,5,23,1,14,110,4,15
0,11,27.0,322,5,18,2,12,80,3,15
0,11,27.0,322,5,15,1,11,10,0,15
0,11,28.0,123,6,1,0,14,131,1,18
0,11,28.0,123,6,5,1,12,80,4,18
1,0,30.0,228,5,6,0,13,48,4,19
1,0,30.0,228,5,15,0,1,59,1,19
1,0,30.0,228,5,12,0,4,82,1,19
1,0,30.0,228,5,18,0,13,38,4,19
0,11,3.0,288,1,1,2,1,59,3,27
0,11,4.0,275,2,7,1,3,44,0,30
0,11,20.0,340,5,19,0,6,89,3,29
0,9,1.0,126,2,16,0,0,53,3,7
0,9,4.0,295,6,13,0,16,50,2,30
0,9,26.0,267,3,5,0,13,36,3,3
0,9,26.0,267,3,12,0,1,35,4,3
0,7,20.0,266,0,3,0,12,100,4,29
0,7,20.0,266,0,12,0,14,24,1,29
0,3,11.0,337,1,1,1,9,10,4,9
0,3,18.0,165,1,12,0,15,96,1,0
1,8,11.0,306,3,22,0,3,103,2,9
1,8,28.0,224,2,22,2,8,65,3,18
1,8,11.0,306,3,12,0,10,22,1,9
1,4,2.0,141,3,21,1,7,111,0,22
1,1,5.0,219,5,17,0,15,112,1,24
1,4,4.0,178,1,22,0,14,34,3,30
1,1,4.0,286,4,5,0,7,120,4,30
1,4,9.0,18,3,16,1,14,25,0,12
1,1,5.0,219,5,4,2,1,16,3,24
1,4,9.0,18,3,13,1,12,61,1,12
1,4,10.0,79,0,19,0,12,121,4,4
1,1,5.0,219,5,1,0,4,66,2,24
1,1,13.0,207,6,17,1,9,57,0,25
1,1,13.0,207,6,22,1,12,83,4,25
1,1,13.0,207,6,14,0,0,64,2,25
1,1,15.0,1,0,9,1,6,7,0,1
1,1,16.0,2,1,11,1,14,24,1,2
1,8,13.0,189,1,22,2,13,48,3,25
1,8,13.0,189,1,15,0,7,20,3,25
1,8,22.0,354,4,3,1,12,61,4,26
1,8,22.0,354,4,22,1,14,126,4,26
1,8,22.0,354,4,3,1,8,41,1,26
1,4,14.0,345,5,1,0,9,95,0,5
1,4,16.0,25,3,17,2,4,79,3,2
1,4,25.0,20,1,4,0,8,41,3,13
1,7,22.0,211,1,6,1,8,118,1,26
1,6,14.0,173,1,14,0,14,107,3,5
1,3,4.0,285,0,19,1,15,85,4,30
1,7,4.0,186,5,4,1,6,128,1,30
1,7,4.0,186,5,1,0,14,25,1,30
1,3,23.0,57,6,12,1,1,35,0,17
1,5,14.0,36,6,13,1,13,48,0,5
1,9,5.0,89,6,15,1,16,42,4,24
1,6,15.0,49,2,6,0,0,12,0,1
1,7,28.0,34,0,1,0,9,87,2,18
1,1,8.0,62,0,4,1,8,27,2,8
1,8,15.0,72,4,2,1,11,58,4,1
1,6,15.0,49,2,18,0,4,75,2,1
1,6,15.0,49,2,17,1,7,111,1,1
1,6,5.0,342,3,15,1,15,85,1,24
1,2,25.0,233,5,17,0,16,74,1,13
1,10,13.0,346,2,18,1,5,0,0,25
1,1,8.0,62,0,12,3,9,27,3,8
1,1,29.0,112,0,20,1,12,84,1,16
0,11,1.0,222,3,1,2,10,22,3,7
0,11,1.0,222,3,4,1,1,67,0,7
1,1,28.0,300,3,18,0,8,9,1,18
1,8,29.0,301,4,20,3,8,118,1,16
0,11,1.0,222,3,16,0,15,112,3,7
0,11,2.0,265,0,8,0,13,21,2,22
0,11,2.0,265,0,12,0,3,79,0,22
0,11,3.0,288,1,17,0,12,100,1,27
0,11,2.0,265,0,2,1,2,2,1,22
0,11,20.0,340,5,12,0,2,69,2,29
0,9,1.0,126,2,21,1,9,27,0,7
0,9,4.0,295,6,2,0,16,50,3,30
0,9,4.0,295,6,4,0,2,86,1,30
0,9,26.0,267,3,11,0,16,130,1,3
0,9,28.0,315,1,16,0,5,12,3,18
0,9,28.0,315,1,9,2,15,31,3,18
0,9,26.0,267,3,9,0,10,47,2,3
0,3,11.0,337,1,16,0,0,12,3,9
0,3,11.0,337,1,12,0,10,22,3,9
0,3,12.0,104,2,2,0,9,10,1,28
0,3,12.0,104,2,2,2,4,75,1,28
0,3,11.0,337,1,2,1,8,27,0,9
1,10,29.0,318,5,20,0,8,27,1,16
1,10,29.0,318,5,8,2,14,25,3,16
1,10,29.0,318,5,4,2,8,9,1,16
1,10,29.0,318,5,14,0,0,96,3,16
1,1,14.0,183,3,6,0,5,6,3,5
1,1,14.0,183,3,5,0,0,31,4,5
1,1,23.0,69,1,10,1,10,47,0,17
1,10,29.0,318,5,22,3,6,88,0,16
1,0,7.0,15,2,5,1,7,57,4,11
0,11,15.0,331,3,19,1,9,27,0,1
0,9,25.0,344,6,14,2,7,122,2,13
1,7,12.0,181,6,8,0,13,48,0,28
1,8,14.0,296,2,4,1,13,69,2,5
1,8,16.0,73,5,2,1,13,38,4,2
1,8,21.0,46,2,4,0,1,35,0,21
1,10,16.0,201,6,21,0,0,64,2,2
0,7,20.0,266,0,6,0,0,0,0,29
0,11,2.0,265,0,8,0,13,29,2,22
1,4,10.0,79,0,1,0,6,128,3,4
0,11,3.0,288,1,13,0,9,93,1,27
0,11,4.0,275,2,21,1,12,17,4,30
1,4,11.0,121,1,3,0,16,113,3,9
0,11,4.0,275,2,2,0,7,111,3,30
1,4,11.0,121,1,4,0,13,48,3,9
1,6,13.0,317,0,5,2,4,136,3,25
0,11,20.0,340,5,15,0,0,26,1,29
0,9,1.0,126,2,6,1,8,9,0,7
0,9,1.0,126,2,6,0,4,45,2,7
0,9,26.0,267,3,18,0,2,2,1,3
0,7,20.0,266,0,12,0,6,7,2,29
0,7,20.0,266,0,12,0,4,82,3,29
1,0,11.0,10,3,2,0,2,92,1,9
1,0,13.0,198,1,20,0,14,25,1,25
1,0,13.0,198,1,18,0,2,86,4,25
1,0,13.0,198,1,9,0,2,86,1,25
1,0,18.0,0,3,20,0,13,69,0,0
1,5,30.0,294,0,17,1,0,77,1,19
1,11,4.0,275,1,20,0,13,29,1,30
1,6,5.0,342,3,22,1,3,76,1,24
1,6,21.0,193,1,17,1,10,23,1,21
1,8,8.0,76,4,5,1,13,99,1,8
1,4,5.0,235,2,16,0,5,12,0,24
1,2,25.0,233,5,14,0,14,24,2,13
1,10,3.0,310,3,9,1,5,64,4,27
1,6,26.0,348,3,2,1,11,98,4,3
1,8,26.0,278,0,22,2,16,50,3,3
0,7,20.0,266,0,10,1,2,92,1,29
1,10,11.0,298,0,13,0,9,57,3,9
1,9,10.0,156,4,14,0,5,6,1,4
1,7,25.0,41,5,21,3,8,65,3,13
1,9,25.0,344,5,13,0,8,9,1,13
1,7,25.0,41,5,15,1,1,59,1,13
1,6,1.0,158,2,18,2,10,30,3,7
1,9,10.0,156,4,15,2,6,89,3,4
1,6,10.0,149,5,13,1,0,0,1,4
1,6,18.0,308,6,12,0,1,105,4,0
1,3,11.0,337,0,3,1,9,109,1,9
1,2,2.0,143,2,4,0,5,6,3,22
1,5,28.0,259,6,19,1,13,29,1,18
1,10,3.0,310,3,17,1,12,61,1,27
1,2,26.0,3,6,20,1,12,61,1,3
1,6,1.0,158,2,15,0,1,35,3,7
1,1,18.0,82,4,14,1,5,12,0,0
1,6,1.0,158,2,17,0,1,35,4,7
1,4,12.0,134,2,19,1,11,133,4,28
1,7,29.0,268,1,16,0,0,53,0,16
1,7,29.0,268,1,19,1,2,2,0,16
1,7,29.0,268,1,9,1,1,67,0,16
1,3,5.0,324,1,16,0,16,50,0,24
1,3,5.0,324,1,23,1,10,47,1,24
1,3,5.0,324,1,19,0,9,93,1,24
1,3,5.0,324,1,4,0,4,79,1,24
1,3,21.0,338,4,6,1,2,69,1,21
1,3,21.0,338,4,19,2,14,24,3,21
1,5,6.0,277,5,2,1,0,77,1,23
1,5,6.0,277,5,20,0,5,12,2,23
1,8,25.0,86,3,15,0,8,118,2,13
1,5,23.0,168,0,4,3,14,25,3,17
0,3,17.0,54,0,1,0,12,80,1,6
1,8,5.0,101,0,14,0,4,82,3,24
1,8,14.0,296,2,20,1,4,127,4,5
1,8,14.0,296,2,2,0,4,4,1,5
1,8,16.0,73,5,3,0,5,6,2,2
1,8,16.0,73,5,9,0,5,12,3,2
1,8,16.0,73,5,19,2,14,106,3,2
1,8,16.0,73,5,18,0,5,47,2,2
1,8,16.0,73,5,14,2,7,20,3,2
1,6,27.0,116,0,22,0,10,22,3,15
1,8,4.0,299,3,19,0,13,36,2,30
1,8,9.0,124,5,6,3,0,12,0,12
1,8,19.0,280,0,17,0,0,53,3,10
1,8,19.0,280,0,21,2,12,135,3,10
1,8,19.0,280,0,20,0,5,6,3,10
1,8,19.0,280,0,15,0,1,67,2,10
1,8,20.0,319,1,16,0,10,22,3,29
1,8,20.0,319,1,7,0,13,21,4,29
1,8,19.0,280,0,15,1,2,2,1,10
1,5,17.0,212,1,17,1,1,35,2,6
1,10,1.0,208,5,17,0,8,27,1,7
1,5,17.0,212,1,9,0,5,12,3,6
1,5,18.0,195,2,7,0,10,22,1,0
1,5,16.0,239,0,2,1,10,47,0,2
1,5,24.0,58,1,17,0,5,6,0,14
1,5,24.0,58,1,17,0,8,19,4,14
1,6,17.0,244,5,5,1,16,139,4,6
1,6,4.0,159,6,1,0,11,117,3,30
1,6,4.0,159,6,15,3,14,24,3,30
1,6,6.0,83,0,20,1,10,47,1,23
1,6,6.0,83,0,19,1,14,125,4,23
1,6,6.0,83,0,18,1,3,115,4,23
1,3,6.0,303,2,22,3,11,98,4,23
1,3,22.0,166,5,9,1,1,11,0,26
1,4,11.0,121,1,17,3,5,6,1,9
1,1,16.0,2,1,0,0,8,118,3,2
1,8,29.0,301,4,19,1,4,75,0,16
1,1,16.0,2,1,4,0,5,6,0,2
0,7,27.0,53,0,5,3,5,0,2,15
1,8,7.0,70,2,6,0,8,9,1,11
1,8,7.0,70,2,7,0,1,16,4,11
0,11,20.0,340,5,22,2,1,59,3,29
0,3,12.0,104,2,0,0,8,27,0,28
1,8,20.0,319,1,2,0,2,2,1,29
0,11,20.0,340,5,12,0,3,30,0,29
0,3,12.0,104,2,5,0,10,43,2,28
1,6,13.0,317,0,19,0,3,30,3,25
0,9,1.0,126,2,21,2,5,6,3,7
1,1,26.0,248,5,20,0,16,74,4,3
0,3,11.0,337,1,1,1,9,27,1,9
1,6,14.0,173,1,4,0,14,97,4,5
1,8,13.0,189,1,16,1,15,112,0,25
1,8,13.0,189,1,19,0,13,28,3,25
1,8,22.0,354,4,23,2,2,92,1,26
1,8,22.0,354,4,13,0,16,113,1,26
1,8,22.0,354,4,15,0,14,131,4,26
1,8,22.0,354,4,20,1,13,123,4,26
1,8,22.0,354,4,4,0,6,89,1,26
1,8,22.0,354,4,14,0,3,44,2,26
1,4,14.0,345,5,13,0,2,60,2,5
1,4,14.0,345,5,12,0,4,138,4,5
1,4,14.0,345,5,4,0,16,50,2,5
1,0,13.0,198,1,7,0,8,118,1,25
0,9,1.0,126,2,9,1,15,119,0,7
0,9,1.0,126,2,16,0,5,64,0,7
0,9,28.0,315,1,2,0,6,7,4,18
1,8,12.0,284,0,4,1,0,77,0,28
0,5,2.0,307,1,19,2,9,95,0,22
0,5,2.0,307,1,5,1,7,8,4,22
0,5,19.0,146,5,13,1,1,81,4,10
0,5,19.0,146,5,2,0,3,115,3,10
0,5,19.0,146,5,3,0,10,22,1,10
1,8,7.0,70,2,22,0,2,40,3,11
0,5,19.0,146,5,12,1,13,38,4,10
0,5,19.0,146,5,5,1,8,27,1,10
0,5,20.0,214,6,12,0,6,14,1,29
0,5,20.0,214,6,1,1,10,22,1,29
0,5,21.0,351,3,8,0,8,27,1,21
0,5,22.0,163,0,13,1,0,15,4,26
0,5,22.0,163,0,8,0,11,117,1,26
0,5,30.0,294,1,16,2,14,25,3,19
0,5,30.0,294,1,2,0,12,80,1,19
0,5,30.0,294,1,0,0,16,50,1,19
0,6,3.0,99,6,14,1,2,69,4,27
0,6,3.0,99,6,14,0,15,39,0,27
0,6,3.0,99,6,18,0,6,128,4,27
1,8,24.0,85,6,2,0,12,84,3,14
1,8,30.0,103,5,23,1,7,111,4,19
1,4,13.0,221,4,9,2,6,91,3,25
1,8,21.0,46,2,12,3,10,47,3,21
1,8,24.0,85,6,11,1,0,12,1,14
1,8,5.0,101,0,20,3,8,19,0,24
1,8,25.0,86,3,14,0,0,15,1,13
1,8,25.0,86,3,18,0,16,74,1,13
1,0,6.0,260,1,19,1,11,90,0,23
1,0,5.0,122,0,9,1,8,118,0,24
1,0,6.0,260,1,17,0,5,12,3,23
1,2,15.0,130,1,16,0,0,15,0,1
1,2,17.0,6,4,14,0,0,0,0,6
1,2,17.0,6,4,6,0,16,108,1,6
1,2,15.0,130,1,19,0,15,119,1,1
1,8,30.0,103,5,8,2,16,74,3,19
1,8,30.0,103,5,4,2,4,75,3,19
1,4,15.0,132,6,20,0,12,84,1,1
1,4,22.0,152,6,23,0,16,74,4,26
1,4,22.0,152,6,4,0,10,22,3,26
1,4,31.0,67,0,0,0,5,6,0,20
1,2,13.0,276,3,8,0,6,7,4,25
1,2,19.0,137,6,5,0,1,1,2,10
1,2,19.0,137,6,8,1,9,95,1,10
1,2,19.0,137,6,8,1,9,93,4,10
1,2,27.0,136,3,0,0,10,47,2,15
1,2,27.0,136,3,4,0,6,89,0,15
1,0,1.0,8,4,2,0,7,137,2,7
1,0,1.0,8,4,18,0,4,121,0,7
1,0,28.0,249,2,16,0,5,6,3,18
0,11,18.0,332,2,17,0,2,40,1,0
1,3,1.0,180,5,17,0,7,111,4,7
1,9,1.0,126,1,17,0,7,78,4,7
1,1,1.0,203,0,3,0,2,92,1,7
0,11,18.0,332,2,4,1,10,23,1,0
0,11,27.0,322,5,1,0,9,93,1,15
0,11,28.0,123,6,9,0,9,27,0,18
0,11,29.0,270,3,9,0,5,12,2,16
0,11,29.0,270,3,12,0,10,22,1,16
0,11,29.0,270,3,9,0,2,86,1,16
1,4,4.0,178,1,22,0,5,12,2,30
1,0,23.0,237,5,13,1,12,58,4,17
1,4,6.0,176,4,20,1,15,114,1,23
1,4,6.0,176,4,17,0,7,31,1,23
0,1,10.0,17,4,17,1,3,103,1,4
1,0,23.0,237,5,13,0,2,2,1,17
1,0,23.0,237,5,1,1,1,59,0,17
0,7,15.0,205,2,13,1,7,20,2,1
0,3,16.0,263,3,22,0,0,96,2,2
0,8,10.0,71,3,3,0,3,115,2,4
1,4,10.0,79,0,19,1,11,15,4,4
1,6,22.0,185,2,16,0,0,53,0,26
0,9,1.0,126,2,12,0,5,6,0,7
1,4,21.0,339,5,15,1,11,94,4,21
1,6,22.0,185,2,6,0,0,77,1,26
1,4,26.0,80,2,16,1,2,92,1,3
1,6,22.0,185,2,11,0,10,12,0,26
0,9,4.0,295,6,16,0,1,11,3,30
0,3,12.0,104,2,1,0,14,110,1,28
1,4,26.0,80,2,22,0,2,2,1,3
1,4,30.0,139,3,20,2,0,85,3,19
0,3,13.0,210,4,11,1,12,56,4,25
1,4,30.0,139,3,4,0,5,64,3,19
1,2,9.0,21,2,17,2,10,47,3,12
1,10,18.0,246,0,22,1,11,133,4,0
1,4,8.0,292,6,8,1,9,101,4,8
0,3,13.0,210,4,2,0,5,6,2,25
0,3,13.0,210,4,1,0,10,52,4,25
1,6,22.0,185,2,0,0,1,11,4,26
1,8,7.0,70,2,19,0,9,49,3,11
1,4,25.0,20,1,1,1,11,129,4,13
1,2,8.0,258,1,16,0,5,64,0,8
1,6,23.0,84,4,4,1,1,1,4,17
1,6,24.0,31,5,22,1,13,28,1,14
1,6,23.0,84,4,19,0,4,136,1,17
1,6,24.0,31,5,10,1,8,19,0,14
1,6,24.0,31,5,8,0,2,2,3,14
1,6,24.0,31,5,4,0,5,64,2,14
1,6,29.0,335,2,18,1,14,97,0,16
1,10,4.0,356,0,8,0,4,138,1,30
1,10,4.0,356,0,13,1,11,124,1,30
1,10,12.0,333,1,19,0,15,114,2,28
1,10,12.0,333,1,1,1,14,25,4,28
1,10,30.0,157,6,16,1,7,20,0,19
1,10,30.0,157,6,15,0,7,62,2,19
1,10,30.0,157,6,9,0,8,41,1,19
1,10,31.0,135,3,7,0,10,43,4,20
1,10,31.0,135,3,14,0,2,86,1,20
1,10,14.0,174,4,16,0,2,13,1,5
1,10,15.0,60,5,9,0,2,40,3,1
1,10,16.0,201,6,18,2,15,96,3,2
1,10,21.0,341,4,14,0,2,29,3,21
1,10,14.0,174,4,11,2,3,103,3,5
1,10,29.0,318,5,16,0,14,24,1,16
1,10,29.0,318,5,15,0,4,82,3,16
1,10,29.0,318,5,3,1,0,15,1,16
1,1,23.0,69,1,1,0,3,30,1,17
1,1,30.0,100,1,0,0,3,76,1,19
1,8,5.0,101,0,23,0,4,79,2,24
1,8,5.0,101,0,1,0,0,31,0,24
1,8,5.0,101,0,8,1,5,12,0,24
1,8,5.0,101,0,18,0,2,69,0,24
1,8,14.0,296,2,3,0,7,20,0,5
1,8,14.0,296,2,9,1,14,25,0,5
1,8,21.0,46,2,5,0,14,25,0,21
1,8,21.0,46,2,14,1,14,25,2,21
1,3,12.0,104,1,9,1,11,98,2,28
1,1,14.0,183,3,16,1,13,28,2,5
0,11,16.0,225,0,15,0,10,47,0,2
1,11,5.0,240,2,1,3,14,34,0,24
1,9,13.0,91,3,22,2,8,33,3,25
1,7,4.0,186,5,10,0,10,47,0,30
1,7,4.0,186,5,2,0,16,37,2,30
1,7,4.0,186,5,1,0,13,38,2,30
1,7,11.0,197,5,6,0,16,72,1,9
1,7,13.0,238,3,8,0,4,121,2,25
1,7,13.0,238,3,20,1,4,45,4,25
1,7,13.0,238,3,1,1,9,93,4,25
1,7,14.0,125,0,14,1,9,10,4,5
1,7,14.0,125,0,22,1,9,93,4,5
1,7,15.0,205,1,5,0,5,12,1,1
1,7,15.0,205,1,9,0,5,12,0,1
1,1,22.0,164,0,18,0,9,49,1,26
1,1,24.0,64,2,13,0,0,85,1,14
0,6,1.0,158,4,18,1,0,0,2,7
0,6,1.0,158,4,15,2,3,30,3,7
1,2,30.0,131,2,13,0,8,41,3,19
1,2,30.0,131,2,2,1,14,125,0,19
0,11,29.0,270,3,5,0,3,103,1,16
0,11,29.0,270,3,12,0,13,38,4,16
0,7,1.0,98,2,0,0,8,118,4,7
0,7,3.0,269,5,10,2,6,7,3,27
0,7,10.0,329,5,15,0,15,46,2,4
0,7,10.0,329,5,13,0,9,101,0,4
1,1,1.0,203,0,19,1,9,93,4,7
1,8,19.0,280,0,14,1,9,95,4,10
1,8,28.0,224,2,10,0,12,61,1,18
1,8,28.0,224,2,21,1,16,39,0,18
1,4,4.0,178,1,19,0,5,6,0,30
1,4,9.0,18,3,4,0,0,26,3,12
1,4,10.0,79,0,0,0,8,41,1,4
1,4,10.0,79,0,4,2,2,71,3,4
1,4,10.0,79,0,23,1,16,74,1,4
1,4,9.0,18,3,19,1,3,76,4,12
1,4,11.0,121,1,19,3,12,17,0,9
0,11,18.0,332,2,14,3,6,7,3,0
1,1,2.0,171,1,20,3,0,31,2,22
1,8,19.0,280,0,5,0,15,51,2,10
1,8,27.0,78,1,6,0,0,0,0,15
1,4,26.0,80,2,4,0,6,14,4,3
1,4,19.0,142,2,9,0,9,27,2,10
1,4,21.0,339,5,8,0,3,79,2,21
0,9,4.0,295,6,15,1,12,17,4,30
0,9,26.0,267,3,2,1,2,86,4,3
0,9,28.0,315,1,8,0,13,48,0,18
0,3,21.0,338,5,11,0,13,38,0,21
1,1,13.0,207,6,15,0,0,26,2,25
0,3,18.0,165,1,16,0,2,92,4,0
0,3,30.0,304,3,14,0,0,12,1,19
0,3,18.0,165,1,21,0,5,6,3,0
1,2,1.0,16,1,14,0,4,82,1,7
0,3,18.0,165,1,6,1,3,79,1,0
1,6,22.0,185,2,8,0,16,130,3,26
1,2,3.0,282,4,1,0,7,137,1,27
0,3,18.0,165,1,1,2,11,94,2,0
1,11,31.0,227,0,22,0,2,40,2,20
1,2,29.0,140,1,2,3,13,36,0,16
1,0,3.0,334,6,22,1,12,84,1,27
1,4,7.0,133,5,10,0,12,80,1,11
1,0,4.0,229,3,23,1,9,49,1,30
1,4,30.0,139,3,8,1,13,21,1,19
1,0,10.0,129,6,13,1,7,111,4,4
0,3,14.0,33,5,13,0,0,77,1,5
1,0,11.0,10,3,3,0,6,89,3,9
1,0,11.0,10,3,8,1,9,63,4,9
1,0,11.0,10,3,18,0,14,34,1,9
1,0,13.0,198,1,0,2,0,12,3,25
1,0,18.0,0,3,5,0,0,64,1,0
1,0,18.0,0,3,2,0,16,50,2,0
1,0,18.0,0,3,8,0,1,11,0,0
1,0,19.0,13,0,23,0,6,7,1,10
1,0,18.0,0,3,20,0,8,9,3,0
1,0,19.0,13,0,3,0,9,109,3,10
1,0,21.0,287,2,16,0,0,12,3,21
1,0,3.0,334,6,22,0,8,33,2,27
1,0,30.0,228,5,21,1,11,90,0,19
1,5,2.0,307,0,3,1,1,59,4,22
1,6,20.0,215,0,19,1,5,12,0,29
1,3,14.0,33,4,4,1,0,26,1,5
1,3,20.0,105,2,6,3,9,101,1,29
1,3,20.0,105,2,14,0,6,91,1,29
1,8,22.0,354,4,20,0,8,41,2,26
1,4,16.0,25,3,18,2,10,6,3,2
1,4,23.0,30,3,19,3,4,121,3,17
0,7,31.0,43,5,2,1,11,10,4,20
1,1,13.0,207,6,19,1,14,88,4,25
1,4,16.0,25,3,19,1,10,43,1,2
1,4,25.0,20,1,18,0,14,25,3,13
0,3,14.0,33,5,19,2,1,1,3,5
0,3,14.0,33,5,20,1,15,31,2,5
0,3,15.0,35,6,5,3,7,120,0,1
1,6,14.0,173,1,9,0,13,99,3,5
1,6,22.0,185,2,20,1,0,53,0,26
1,6,22.0,185,2,0,0,0,26,3,26
1,6,23.0,84,4,20,1,0,53,4,17
1,6,24.0,31,5,8,0,9,109,3,14
1,6,24.0,31,5,22,1,4,138,4,14
1,6,24.0,31,5,9,0,0,26,3,14
1,6,29.0,335,2,17,0,13,21,4,16
1,6,29.0,335,2,5,2,10,47,3,16
1,10,29.0,318,5,4,1,1,105,4,16
1,1,14.0,183,3,22,1,9,83,4,5
1,10,14.0,174,4,17,0,0,77,1,5
1,1,23.0,69,1,11,0,10,43,3,17
1,1,30.0,100,1,6,0,0,12,3,19
1,4,31.0,67,0,2,1,1,11,2,20
1,11,3.0,288,0,22,1,11,129,4,27
1,0,31.0,290,6,18,2,4,75,3,20
1,1,14.0,183,3,10,2,4,5,3,5
1,1,30.0,100,1,18,0,10,43,1,19
1,8,5.0,101,0,12,0,10,43,3,24
1,8,16.0,73,5,15,2,6,116,3,2
1,8,21.0,46,2,6,0,14,106,3,21
1,8,21.0,46,2,8,0,0,31,1,21
1,8,24.0,85,6,8,0,9,102,2,14
1,10,14.0,174,4,2,0,10,6,3,5
1,10,16.0,201,6,15,3,10,47,3,2
1,10,16.0,201,6,20,1,4,82,1,2
1,2,9.0,21,2,6,0,7,120,1,12
0,9,5.0,89,3,20,0,9,93,1,24
0,9,8.0,90,2,14,1,0,68,0,8
1,0,18.0,0,3,15,1,16,113,0,0
1,0,18.0,0,3,12,2,7,62,3,0
1,0,19.0,13,0,16,2,0,0,2,10
1,0,18.0,0,3,8,2,11,94,3,0
1,8,29.0,301,4,11,3,7,54,4,16
1,4,3.0,279,0,22,0,2,92,2,27
1,0,18.0,0,3,18,1,8,118,1,0
1,0,19.0,13,0,15,0,3,30,2,10
1,0,19.0,13,0,20,0,16,42,2,10
1,0,19.0,13,0,4,0,2,13,1,10
1,0,21.0,287,2,13,0,6,89,2,21
1,0,30.0,228,5,11,0,12,84,1,19
0,11,1.0,222,3,0,0,13,29,1,7
0,11,1.0,222,3,12,0,14,32,1,7
1,0,19.0,13,0,1,0,0,15,1,10
0,11,4.0,275,2,6,0,5,12,0,30
0,11,3.0,288,1,18,0,9,10,4,27
0,9,4.0,295,6,7,0,12,84,1,30
0,9,4.0,295,6,7,1,15,114,1,30
1,11,4.0,275,1,5,0,15,31,1,30
1,11,4.0,275,1,4,0,11,18,1,30
1,11,5.0,240,2,18,0,8,19,4,24
1,11,29.0,270,6,16,0,8,41,1,16
1,9,3.0,217,4,8,0,2,2,2,27
1,9,3.0,217,4,19,2,16,65,3,27
1,9,4.0,295,5,3,2,13,29,1,30
1,10,13.0,346,2,22,1,11,15,1,25
1,1,29.0,112,0,4,1,3,115,2,16
1,8,15.0,72,4,12,1,12,83,0,1
1,1,29.0,112,0,11,0,12,56,3,16
0,5,1.0,109,0,9,0,3,76,1,7
0,5,1.0,109,0,4,1,14,25,0,7
0,6,1.0,158,4,19,1,10,23,2,7
1,9,5.0,89,6,2,2,3,30,1,24
1,9,5.0,89,6,8,1,12,61,1,24
1,9,13.0,91,3,23,0,3,76,1,25
1,9,13.0,91,3,8,1,14,97,4,25
1,9,13.0,91,3,19,0,3,44,0,25
1,7,4.0,186,5,3,1,1,1,4,30
1,8,21.0,46,2,16,2,3,103,3,21
1,8,21.0,46,2,7,0,3,76,4,21
1,8,21.0,46,2,4,0,5,6,0,21
1,8,24.0,85,6,19,0,12,135,3,14
1,8,24.0,85,6,1,1,12,17,4,14
1,8,25.0,86,3,0,0,3,30,3,13
1,8,25.0,86,3,11,0,10,12,3,13
1,8,25.0,86,3,5,1,1,105,4,13
1,8,30.0,103,5,14,2,4,66,0,19
1,8,21.0,46,2,6,0,15,119,2,21
1,4,13.0,221,4,18,1,16,65,0,25
1,4,15.0,132,6,11,1,6,14,4,1
1,4,15.0,132,6,13,1,0,53,1,1
1,4,15.0,132,6,2,2,4,66,0,1
1,10,6.0,242,2,12,0,12,104,1,23
1,10,14.0,174,4,4,1,0,31,1,5
1,10,15.0,60,5,21,1,0,85,0,1
1,10,15.0,60,5,11,0,8,9,0,1
1,10,21.0,341,4,8,0,0,26,2,21
1,10,22.0,314,5,22,0,12,17,2,26
1,10,22.0,314,5,1,0,5,12,0,26
1,6,17.0,244,5,4,1,2,2,4,6
1,6,27.0,116,0,1,0,15,114,4,15
1,6,27.0,116,0,19,0,12,84,1,15
1,10,1.0,208,5,17,1,4,136,0,7
1,10,1.0,208,5,14,0,2,40,1,7
1,10,10.0,245,3,15,1,14,24,0,4
1,10,10.0,245,3,3,0,10,6,3,4
1,10,10.0,245,3,9,2,1,81,3,4
1,10,17.0,256,3,12,0,12,135,4,6
1,1,1.0,203,0,2,0,14,131,3,7
1,1,1.0,203,0,22,1,8,33,4,7
0,3,30.0,304,3,7,0,13,38,3,19
1,8,18.0,75,3,19,1,13,28,0,0
1,4,21.0,339,5,3,1,2,40,4,21
1,8,27.0,78,1,5,0,9,95,2,15
1,4,26.0,80,2,4,0,16,130,4,3
1,2,9.0,21,2,19,1,14,126,4,12
1,2,12.0,128,6,16,0,11,0,3,28
1,2,12.0,128,6,21,1,3,30,4,28
1,2,12.0,128,6,10,1,7,111,4,28
1,0,1.0,8,4,5,0,2,40,1,7
1,0,1.0,8,4,4,0,9,134,2,7
1,0,28.0,249,2,12,2,0,26,3,18
1,3,24.0,357,3,17,3,13,28,0,14
1,4,2.0,141,3,9,3,14,32,4,22
1,4,26.0,80,2,9,1,6,7,2,3
1,0,28.0,249,2,17,2,10,12,3,18
0,7,10.0,329,5,4,0,9,101,4,4
1,9,15.0,226,1,5,3,7,137,1,1
1,1,17.0,63,2,16,1,14,97,4,6
1,1,17.0,63,2,4,2,12,80,3,6
1,1,19.0,29,5,3,2,4,5,3,10
1,1,19.0,29,5,1,0,9,93,1,10
1,8,4.0,299,3,6,0,13,28,3,30
1,8,9.0,124,5,11,1,14,25,4,12
1,8,11.0,306,3,5,0,2,86,1,9
1,8,11.0,306,3,9,0,10,47,3,9
1,8,19.0,280,0,15,1,14,88,4,10
1,8,19.0,280,0,1,0,14,24,2,10
1,8,20.0,319,1,22,2,10,22,3,29
1,8,27.0,78,1,17,0,10,47,1,15
1,8,27.0,78,1,9,0,2,13,1,15
1,8,28.0,224,2,13,2,1,35,4,18
1,8,28.0,224,2,14,0,9,109,2,18
1,4,2.0,141,3,13,0,16,50,0,22
1,4,2.0,141,3,15,0,4,45,1,22
1,4,2.0,141,3,19,1,14,88,1,22
1,4,4.0,178,1,0,0,1,35,4,30
0,3,4.0,285,1,12,0,14,24,4,30
0,9,11.0,52,6,11,1,9,87,4,9
1,4,9.0,18,3,23,1,16,130,1,12
1,4,10.0,79,0,22,1,13,48,4,4
1,4,10.0,79,0,19,0,11,15,1,4
1,4,10.0,79,0,18,2,0,85,3,4
1,4,10.0,79,0,14,0,13,29,0,4
1,4,11.0,121,1,16,0,0,12,2,9
1,4,19.0,142,2,21,0,2,92,1,10
1,4,26.0,80,2,21,0,6,91,0,3
1,4,26.0,80,2,19,0,3,4,0,3
1,2,10.0,28,4,16,0,10,47,1,4
1,2,10.0,28,4,6,0,5,6,0,4
1,2,12.0,128,6,22,0,13,99,4,28
1,2,12.0,128,6,2,0,9,63,1,28
1,2,12.0,128,6,8,1,0,15,0,28
1,2,13.0,276,3,9,1,13,38,0,25
1,2,27.0,136,3,15,0,5,6,0,15
0,11,18.0,332,2,9,1,9,95,1,0
0,11,19.0,321,4,13,1,16,72,0,10
0,11,19.0,321,4,14,0,9,87,3,10
1,6,27.0,116,0,20,1,4,75,4,15
1,1,2.0,171,1,15,3,7,111,2,22
1,2,9.0,21,2,18,1,6,14,2,12
1,2,9.0,21,2,19,1,13,28,0,12
1,2,10.0,28,4,17,0,1,105,2,4
1,2,10.0,28,4,15,0,4,4,2,4
1,2,12.0,128,6,11,1,16,130,4,28
1,1,4.0,286,4,16,0,12,104,1,30
1,1,5.0,219,5,17,0,9,95,3,24
1,1,13.0,207,6,16,2,14,131,3,25
1,1,15.0,1,0,4,0,12,84,1,1
0,7,30.0,42,4,17,1,9,102,1,19
0,3,15.0,35,6,13,3,8,41,4,1
1,7,21.0,81,0,2,1,11,18,2,21
1,8,7.0,70,2,2,1,16,50,1,11
1,8,13.0,189,1,12,3,12,58,3,25
1,8,22.0,354,4,22,2,9,9,3,26
1,8,22.0,354,4,20,1,2,40,4,26
1,8,13.0,189,1,8,0,15,51,0,25
1,4,16.0,25,3,13,1,1,105,4,2
1,4,25.0,20,1,17,1,3,103,0,13
1,4,25.0,20,1,19,0,5,6,1,13
1,4,30.0,139,3,22,0,8,118,3,19
1,8,25.0,86,3,8,1,10,52,1,13
1,6,30.0,145,4,1,3,0,12,1,19
1,0,17.0,12,6,4,3,6,7,0,6
0,9,25.0,344,6,1,1,9,27,0,13
0,3,17.0,54,0,0,3,14,126,3,6
1,11,19.0,321,2,9,0,7,111,1,10
1,10,22.0,314,5,7,2,0,77,3,26
1,10,22.0,314,5,9,0,14,131,1,26
1,10,29.0,318,5,4,2,2,92,1,16
1,1,23.0,69,1,16,0,14,24,1,17
1,1,30.0,100,1,10,1,0,0,0,19
1,1,30.0,100,1,2,0,16,108,0,19
1,1,30.0,100,1,22,1,2,86,4,19
1,8,5.0,101,0,9,0,5,64,3,24
1,8,14.0,296,2,17,1,1,67,0,5
1,8,14.0,296,2,8,0,13,36,0,5
1,8,16.0,73,5,19,1,3,30,4,2
1,8,21.0,46,2,6,0,0,26,1,21
1,10,19.0,117,1,1,1,9,93,4,10
1,10,19.0,117,1,1,1,8,19,0,10
1,10,25.0,56,0,9,0,0,26,2,13
1,10,26.0,61,1,22,1,4,82,2,3
1,10,25.0,56,0,4,0,2,69,3,13
1,1,11.0,111,4,23,0,5,64,2,9
1,1,11.0,111,4,20,3,16,72,0,9
1,5,2.0,307,0,19,1,13,99,2,22
1,1,11.0,111,4,5,1,1,105,4,9
1,1,11.0,111,4,3,0,0,53,0,9
1,1,25.0,65,4,2,0,9,95,3,13
1,1,27.0,262,6,7,0,14,34,3,15
1,1,27.0,262,6,14,0,2,2,1,15
1,1,28.0,300,3,16,1,6,89,2,18
1,1,28.0,300,3,19,0,10,22,3,18
1,8,2.0,77,5,11,0,15,39,0,22
1,8,2.0,77,5,22,1,9,49,1,22
1,8,12.0,284,0,6,0,7,20,3,28
1,8,12.0,284,0,1,1,9,83,4,28
1,8,17.0,74,6,0,0,0,64,3,6
1,8,17.0,74,6,22,2,8,118,2,6
1,8,18.0,75,3,12,2,8,33,2,0
1,8,18.0,75,3,20,1,1,105,4,0
1,5,7.0,349,6,12,0,1,1,0,11
1,5,7.0,349,6,5,1,2,71,4,11
1,5,7.0,349,6,19,1,0,26,1,11
1,5,20.0,214,5,11,0,2,60,2,29
1,5,23.0,168,0,3,0,4,66,3,17
1,5,23.0,168,0,14,0,10,52,3,17
1,10,21.0,341,4,5,0,13,48,4,21
1,8,16.0,73,5,14,1,2,86,0,2
1,8,21.0,46,2,9,0,0,26,3,21
1,5,20.0,214,5,13,3,11,15,0,29
1,3,21.0,338,4,9,2,9,95,3,21
1,5,23.0,168,0,21,2,4,115,3,17
1,5,31.0,196,1,21,0,1,59,1,20
1,10,5.0,336,1,16,2,13,21,3,24
1,10,6.0,242,2,17,0,5,6,0,23
1,10,6.0,242,2,17,0,5,12,0,23
1,10,6.0,242,2,17,0,8,9,0,23
1,10,15.0,60,5,5,0,7,20,3,1
1,10,21.0,341,4,6,1,4,4,2,21
1,10,21.0,341,4,20,1,11,122,4,21
1,10,22.0,314,5,15,0,13,36,0,26
1,10,21.0,341,4,1,0,5,6,3,21
1,8,29.0,301,4,6,0,5,12,1,16
1,8,29.0,301,4,19,2,4,75,0,16
1,4,1.0,144,6,19,2,9,95,0,7
1,4,1.0,144,6,14,0,11,94,2,7
1,4,1.0,144,6,4,2,2,86,3,7
1,4,3.0,279,0,17,0,9,102,1,27
1,4,3.0,279,0,14,0,5,6,0,27
1,4,17.0,19,0,12,0,2,60,2,6
1,4,17.0,19,0,4,0,4,79,2,6
1,4,27.0,274,4,8,1,8,9,4,15
1,10,7.0,243,4,19,0,5,6,0,11
1,4,6.0,176,4,10,1,12,121,1,23
1,4,17.0,19,0,8,0,14,34,2,6
1,10,13.0,346,2,4,0,8,9,3,25
1,4,6.0,176,4,13,0,16,50,2,23
1,10,23.0,247,6,3,0,7,137,3,17
1,4,29.0,313,6,15,1,6,7,4,16
1,4,24.0,27,0,18,0,15,31,4,14
1,4,27.0,274,4,11,0,15,51,2,15
1,2,5.0,127,6,9,0,11,94,2,24
1,10,23.0,247,6,18,0,0,77,0,17
1,4,29.0,313,6,12,0,2,2,2,16
1,2,5.0,127,6,1,2,0,68,3,24
1,10,23.0,247,6,18,0,0,64,3,17
1,2,1.0,16,1,6,0,11,15,3,7
1,2,14.0,231,0,23,0,16,74,1,5
1,2,1.0,16,1,21,0,7,137,1,7
1,2,14.0,231,0,21,0,16,37,1,5
1,2,5.0,127,6,12,1,14,88,4,24
1,10,18.0,246,0,16,0,5,6,0,0
1,1,3.0,188,2,3,0,11,58,4,27
1,5,16.0,239,0,11,0,5,6,3,2
1,1,1.0,203,0,6,0,16,50,3,7
1,6,21.0,193,1,6,0,16,50,1,21
1,10,7.0,243,4,16,1,10,47,0,11
1,10,13.0,346,2,21,0,7,20,4,25
1,10,13.0,346,2,21,1,9,27,0,25
1,10,13.0,346,2,4,0,14,25,3,25
1,10,23.0,247,6,2,0,10,47,2,17
1,10,24.0,261,3,15,1,12,100,4,14
1,1,29.0,112,0,12,3,0,12,0,16
1,10,24.0,261,3,15,0,9,10,0,14
1,1,6.0,97,6,6,1,13,38,4,23
1,1,6.0,97,6,10,2,10,22,3,23
1,1,6.0,97,6,2,2,12,135,0,23
1,1,6.0,97,6,8,1,1,16,4,23
1,1,7.0,32,3,9,2,3,79,3,11
1,1,8.0,62,0,16,2,2,92,3,8
1,1,21.0,45,3,18,2,9,54,3,21
1,1,22.0,164,0,22,2,2,86,0,26
1,1,22.0,164,0,2,0,5,12,0,26
1,1,22.0,164,0,4,0,16,108,0,26
1,1,24.0,64,2,6,0,14,24,3,14
1,1,24.0,64,2,4,0,7,62,1,14
1,1,24.0,64,2,9,2,15,46,3,14
1,1,29.0,112,0,17,0,7,62,2,16
1,1,6.0,97,6,2,0,11,18,1,23
1,1,7.0,32,3,5,1,0,15,1,11
1,1,8.0,62,0,13,0,7,111,2,8
1,1,21.0,45,3,6,2,8,27,3,21
1,1,21.0,45,3,23,0,10,22,1,21
1,1,22.0,164,0,8,0,7,20,3,26
1,1,22.0,164,0,1,0,13,29,2,26
1,1,24.0,64,2,6,0,12,61,3,14
1,1,24.0,64,2,23,0,12,84,1,14
1,1,24.0,64,2,11,0,13,29,1,14
1,1,24.0,64,2,16,1,1,105,0,14
1,1,24.0,64,2,22,1,7,122,4,14
1,5,18.0,195,2,0,2,13,36,3,0
1,5,18.0,195,2,21,1,1,81,0,0
1,3,1.0,180,5,22,0,1,59,1,7
1,5,18.0,195,2,20,0,7,20,1,0
1,5,18.0,195,2,13,0,9,49,1,0
1,5,18.0,195,2,1,0,12,56,3,0
1,6,17.0,244,5,17,1,3,103,0,6
1,6,17.0,244,5,7,0,13,48,1,6
1,6,17.0,244,5,8,2,6,73,3,6
1,6,25.0,39,6,13,2,16,74,3,13
1,3,1.0,180,5,14,2,16,74,3,7
1,1,24.0,64,2,2,0,0,12,2,14
1,1,24.0,64,2,19,0,14,25,1,14
1,1,29.0,112,0,0,0,16,50,3,16
1,1,29.0,112,0,13,0,1,16,2,16
1,1,29.0,112,0,23,1,12,84,1,16
1,1,31.0,305,2,6,0,5,12,3,20
1,1,31.0,305,2,14,0,3,115,0,20
1,1,31.0,305,2,13,1,12,58,4,20
1,8,6.0,87,1,0,1,5,64,4,23
1,10,13.0,346,2,12,0,10,12,0,25
1,10,13.0,346,2,19,0,2,86,1,25
1,6,7.0,169,1,9,2,2,86,3,11
1,3,23.0,57,6,4,2,1,16,3,17
1,6,15.0,49,2,13,1,3,44,4,1
1,10,13.0,346,2,1,0,2,86,3,25
1,10,23.0,247,6,11,0,9,10,1,17
1,10,23.0,247,6,3,1,0,0,1,17
1,7,30.0,42,2,1,3,5,12,3,19
1,5,31.0,196,1,19,0,16,37,1,20
1,6,30.0,145,4,14,1,16,113,2,19
1,10,16.0,201,6,0,0,8,9,1,2
1,10,6.0,242,2,18,0,13,28,1,23
1,10,5.0,336,1,1,0,8,33,4,24
1,10,22.0,314,5,4,2,6,91,3,26
1,9,14.0,106,0,19,1,1,105,4,5
1,11,22.0,250,6,18,0,8,33,1,26
1,7,23.0,202,2,8,0,14,24,2,17
1,5,11.0,326,2,2,0,10,22,3,9
1,5,16.0,239,0,19,0,6,7,4,2
1,5,18.0,195,2,3,2,8,27,3,0
1,6,17.0,244,5,11,0,16,37,3,6
1,10,23.0,247,6,17,1,2,2,1,17
1,10,1.0,208,5,13,0,13,28,1,7
1,10,23.0,247,6,12,0,10,43,0,17
1,10,18.0,246,0,18,0,13,99,4,0
1,6,17.0,244,5,3,1,12,56,4,6
1,2,14.0,231,0,9,0,14,32,1,5
1,4,3.0,279,0,5,2,2,2,1,27
1,2,22.0,209,1,6,0,10,43,1,26
1,1,3.0,188,2,19,0,3,115,4,27
1,2,22.0,209,1,0,1,6,14,0,26
1,5,16.0,239,0,11,0,12,135,3,2
1,1,17.0,63,2,23,0,8,33,1,6
1,1,17.0,63,2,2,0,12,83,1,6
1,10,19.0,117,1,11,0,9,54,1,10
1,2,22.0,209,1,1,0,15,31,1,26
1,6,25.0,39,6,12,0,1,1,4,13
1,6,16.0,38,4,4,1,2,13,0,2
1,2,25.0,233,5,0,1,5,6,0,13
1,5,16.0,239,0,19,0,10,52,1,2
1,1,17.0,63,2,23,0,1,105,0,6
1,10,23.0,247,6,2,1,11,133,4,17
1,8,15.0,72,4,13,0,4,82,2,1
1,10,20.0,223,2,17,0,8,41,4,29
1,2,22.0,209,1,1,0,14,32,3,26
1,6,27.0,116,0,17,0,5,6,3,15
1,10,26.0,61,1,1,0,1,1,1,3
1,2,25.0,233,5,14,0,10,6,3,13
1,5,17.0,212,1,12,0,13,69,0,6
1,5,24.0,58,1,16,0,0,85,0,14
1,1,2.0,171,1,17,0,4,127,1,22
1,1,19.0,29,5,4,2,14,125,3,10
1,6,27.0,116,0,8,3,15,46,2,15
1,8,28.0,224,2,3,1,2,86,2,18
1,5,24.0,58,1,6,0,6,89,3,14
1,6,17.0,244,5,19,0,10,22,1,6
1,3,13.0,210,2,4,0,9,134,2,25
1,3,23.0,57,6,3,0,14,25,0,17
1,3,23.0,57,6,2,2,7,120,3,17
1,3,23.0,57,6,19,0,6,128,2,17
1,3,23.0,57,6,3,1,4,75,1,17
1,3,29.0,325,5,8,0,12,104,0,16
1,3,29.0,325,5,23,1,7,120,4,16
1,3,30.0,304,6,6,0,8,41,1,19
1,3,30.0,304,6,13,0,10,43,3,19
1,3,30.0,304,6,11,1,14,106,4,19
1,6,15.0,49,2,5,1,15,31,1,1
1,5,12.0,327,4,3,1,2,92,2,28
1,5,12.0,327,4,23,1,14,32,1,28
1,5,14.0,36,6,16,0,2,71,3,5
1,5,14.0,36,6,20,0,4,121,2,5
1,5,12.0,327,4,8,0,12,56,2,28
1,5,14.0,36,6,9,0,0,77,1,5
1,5,14.0,36,6,5,1,2,71,4,5
1,5,21.0,351,6,8,1,15,46,4,21
1,5,22.0,163,3,16,0,10,47,3,26
1,5,22.0,163,3,7,1,10,47,0,26
1,5,30.0,294,0,13,1,7,62,4,19
1,3,10.0,4,3,22,0,11,15,2,4
1,3,18.0,165,0,0,0,6,128,3,0
1,3,18.0,165,0,15,1,0,31,4,0
1,3,18.0,165,0,15,1,0,31,4,0
1,3,18.0,165,0,1,0,1,59,2,0
1,3,19.0,138,1,20,0,3,30,0,10
1,3,26.0,343,1,17,0,0,26,3,3
1,3,26.0,343,1,7,0,16,42,4,3
1,3,26.0,343,1,15,0,7,8,1,3
1,3,26.0,343,1,2,0,5,12,0,3
1,3,26.0,343,1,2,0,10,22,3,3
1,3,26.0,343,1,19,0,9,93,4,3
1,3,27.0,361,2,16,0,4,70,3,15
1,3,27.0,361,2,6,0,4,4,1,15
1,3,27.0,361,2,11,0,6,7,4,15
1,3,27.0,361,2,12,0,8,9,0,15
1,5,2.0,307,0,21,0,9,10,3,22
1,6,2.0,352,4,6,1,14,25,0,22
1,6,2.0,352,4,8,1,15,51,4,22
1,11,1.0,222,6,6,0,0,15,2,7
1,11,1.0,222,6,0,0,9,109,3,7
1,11,1.0,222,6,6,0,11,15,0,7
1,11,1.0,222,6,23,0,7,20,1,7
1,11,1.0,222,6,6,0,11,15,0,7
1,11,1.0,222,6,13,0,3,103,4,7
1,11,1.0,222,6,19,0,16,50,4,7
1,10,17.0,256,3,18,1,14,97,4,6
1,11,1.0,222,6,4,0,13,36,1,7
1,11,8.0,283,6,16,0,4,75,1,8
1,11,8.0,283,6,2,0,5,6,2,8
1,11,15.0,331,6,5,0,1,35,2,1
1,11,17.0,110,0,13,0,8,27,0,6
1,11,17.0,110,0,12,0,16,37,1,6
1,9,15.0,226,1,17,0,0,53,3,1
1,9,15.0,226,1,12,0,5,6,0,1
1,9,15.0,226,1,2,0,13,48,0,1
1,9,16.0,107,2,0,2,16,50,3,2
1,5,30.0,294,0,9,2,14,107,3,19
1,6,5.0,342,3,23,0,13,28,0,24
1,6,12.0,162,3,17,0,10,23,1,28
1,3,23.0,57,6,14,0,1,1,1,17
1,1,8.0,62,0,18,0,12,121,1,8
1,1,31.0,305,2,22,0,16,130,4,20
1,5,13.0,184,5,1,1,10,47,2,25
1,5,13.0,184,5,11,0,13,29,2,25
1,6,12.0,162,3,8,0,7,57,2,28
1,6,21.0,193,1,6,0,14,24,3,21
1,6,21.0,193,1,17,0,4,45,0,21
1,6,21.0,193,1,0,1,0,15,0,21
1,10,7.0,243,4,5,0,13,28,3,11
1,10,13.0,346,2,6,0,12,61,3,25
1,10,13.0,346,2,3,1,5,6,0,25
1,10,13.0,346,2,2,0,5,6,2,25
1,10,26.0,61,1,14,0,8,33,1,3
1,4,24.0,27,0,19,0,16,50,0,14
1,6,27.0,116,0,11,2,2,2,0,15
1,0,22.0,241,4,18,0,9,49,1,26
1,2,25.0,233,5,2,0,13,29,1,13
1,1,17.0,63,2,18,0,15,39,2,6
1,6,2.0,352,4,4,0,11,15,2,22
1,6,27.0,116,0,13,0,5,64,3,15
1,10,26.0,61,1,14,0,8,33,1,3
1,0,23.0,237,5,14,0,8,65,4,17
1,10,20.0,223,2,5,0,5,6,0,29
1,6,3.0,99,5,3,1,2,40,4,27
1,6,27.0,116,0,22,1,4,4,1,15
1,2,5.0,127,6,17,0,1,105,4,24
1,2,3.0,282,4,1,0,2,40,3,27
0,11,5.0,240,4,21,0,10,22,3,24
1,10,25.0,56,0,17,1,14,32,0,13
1,2,25.0,233,5,14,2,2,71,3,13
1,6,3.0,99,5,12,0,4,138,1,27
1,10,23.0,247,6,14,1,2,69,2,17
1,2,5.0,127,6,16,1,13,48,0,24
1,2,5.0,127,6,22,1,3,70,4,24
1,2,5.0,127,6,19,0,11,124,4,24
1,2,5.0,127,6,19,0,13,29,3,24
1,2,5.0,127,6,11,1,4,66,4,24
1,2,14.0,231,0,17,2,15,46,3,5
1,2,14.0,231,0,17,2,6,7,0,5
1,2,14.0,231,0,5,1,12,80,1,5
1,2,14.0,231,0,15,1,13,13,4,5
1,2,22.0,209,1,3,0,5,64,3,26
1,3,23.0,57,6,22,0,3,30,1,17
1,2,22.0,209,1,3,1,14,126,4,26
1,8,6.0,87,1,16,0,5,12,3,23
1,8,6.0,87,1,6,2,5,47,3,23
1,8,6.0,87,1,19,0,10,47,1,23
1,8,15.0,72,4,16,0,0,12,2,1
1,8,23.0,102,5,7,1,10,22,0,17
1,8,23.0,102,5,14,0,15,31,0,17
1,8,17.0,74,6,16,0,0,26,0,6
1,8,18.0,75,3,16,1,13,38,0,0
1,8,18.0,75,3,14,0,3,70,1,0
1,8,26.0,278,0,16,2,0,53,3,3
1,8,12.0,284,0,8,0,0,77,2,28
1,2,3.0,282,4,13,0,14,106,2,27
0,11,4.0,275,2,9,1,8,9,0,30
1,8,2.0,77,5,19,0,8,33,1,22
1,8,18.0,75,3,9,1,13,48,0,0
1,8,18.0,75,3,4,1,2,86,2,0
1,8,18.0,75,3,9,1,3,30,1,0
1,4,1.0,144,6,12,0,1,67,4,7
1,4,3.0,279,0,15,1,12,61,1,27
1,8,26.0,278,0,19,0,9,102,1,3
1,8,26.0,278,0,22,1,9,63,1,3
1,8,29.0,301,4,17,0,13,38,0,16
1,8,29.0,301,4,9,0,7,129,2,16
1,4,1.0,144,6,21,0,4,66,0,7
1,4,3.0,279,0,14,2,0,53,3,27
1,1,17.0,63,2,19,0,4,136,4,6
1,1,26.0,248,5,7,2,15,46,3,3
1,8,4.0,299,3,13,1,0,77,0,30
1,8,11.0,306,3,8,0,1,11,4,9
1,8,11.0,306,3,10,1,0,12,1,9
1,8,19.0,280,0,3,2,14,25,0,10
1,8,19.0,280,0,19,0,6,7,3,10
1,8,19.0,280,0,19,0,2,69,3,10
1,8,19.0,280,0,14,0,2,40,4,10
1,1,2.0,171,1,14,0,4,82,1,22
1,1,3.0,188,2,16,0,0,0,3,27
1,1,3.0,188,2,23,1,10,23,0,27
1,1,3.0,188,2,22,0,3,30,3,27
1,1,3.0,188,2,12,0,10,22,2,27
1,1,17.0,63,2,21,2,0,26,3,6
1,1,19.0,29,5,0,2,8,9,3,10
1,1,26.0,248,5,2,0,9,95,3,3
1,1,26.0,248,5,12,2,0,31,0,3
1,6,14.0,173,1,8,1,5,64,1,5
1,6,24.0,31,5,13,0,10,22,3,14
1,8,7.0,70,2,22,1,3,30,1,11
1,5,15.0,200,3,14,0,14,25,1,1
1,7,20.0,266,3,17,3,8,41,4,29
1,7,22.0,211,1,20,0,6,14,4,26
1,11,30.0,170,3,14,0,8,118,1,19
1,11,31.0,227,0,12,1,11,98,0,20
1,5,29.0,24,3,23,1,3,79,4,16
1,6,13.0,317,0,1,1,0,15,0,25
1,8,22.0,354,4,2,2,6,132,3,26
1,6,24.0,31,5,18,2,8,41,3,14
1,6,22.0,185,2,17,1,14,97,4,26
1,6,14.0,173,1,9,1,9,93,4,5
1,10,12.0,333,1,0,0,14,25,1,28
1,1,5.0,219,5,5,1,0,31,4,24
1,8,23.0,102,5,20,1,10,23,1,17
1,4,5.0,235,2,6,0,0,12,0,24
1,4,5.0,235,2,12,1,8,19,0,24
1,7,30.0,42,2,17,1,11,18,0,19
0,11,5.0,240,4,5,0,4,82,2,24
1,1,19.0,29,5,3,2,4,66,3,10
1,10,25.0,56,0,12,2,14,106,3,13
1,2,25.0,233,5,16,1,12,56,4,13
1,5,7.0,349,6,15,1,16,39,1,11
1,10,27.0,302,2,2,0,15,51,0,15
0,11,5.0,240,4,6,1,15,85,0,24
1,6,12.0,162,3,19,0,2,86,1,28
1,10,24.0,261,3,14,0,13,36,1,14
1,10,26.0,61,1,17,0,5,6,3,3
1,7,2.0,160,2,16,0,0,26,1,22
1,6,3.0,99,5,4,0,8,9,1,27
1,1,19.0,29,5,8,0,10,6,3,10
1,8,16.0,73,5,18,0,10,52,3,2
1,6,12.0,162,3,15,1,9,49,1,28
1,10,26.0,61,1,16,0,2,2,3,3
1,1,6.0,97,6,10,1,8,9,4,23
1,7,8.0,94,1,0,1,13,48,0,8
1,6,3.0,99,5,9,0,14,24,1,27
1,1,26.0,248,5,5,1,9,10,1,3
1,5,23.0,168,0,17,1,5,12,1,17
1,10,22.0,314,5,4,0,15,46,3,26
1,10,29.0,318,5,12,1,8,9,2,16
1,2,24.0,22,4,18,1,8,19,0,14
1,11,19.0,321,2,17,0,5,6,2,10
1,1,29.0,112,0,20,0,3,76,1,16
1,1,29.0,112,0,19,2,0,0,0,16
1,1,29.0,112,0,14,0,16,74,1,16
1,1,31.0,305,2,6,0,4,75,3,20
1,1,31.0,305,2,12,0,6,14,3,20
1,1,31.0,305,2,18,0,11,117,1,20
1,8,6.0,87,1,7,1,4,66,0,23
1,8,6.0,87,1,15,0,8,41,1,23
1,8,6.0,87,1,2,0,4,82,1,23
1,8,8.0,76,4,14,0,4,127,1,8
1,8,23.0,102,5,15,0,2,86,2,17
1,4,5.0,235,2,6,0,5,6,3,24
1,4,5.0,235,2,22,0,11,15,2,24
1,2,5.0,127,6,22,0,1,35,1,24
1,2,5.0,127,6,4,0,2,2,4,24
1,2,5.0,127,6,5,1,3,30,1,24
1,2,14.0,231,0,0,0,10,43,3,5
1,2,25.0,233,5,0,1,6,116,0,13
1,2,25.0,233,5,2,0,5,64,3,13
1,6,27.0,116,0,18,0,3,30,4,15
1,10,1.0,208,5,5,0,14,24,1,7
1,11,1.0,222,6,17,0,3,30,0,7
1,1,19.0,29,5,0,0,0,26,2,10
1,1,19.0,29,5,9,1,14,110,4,10
1,1,17.0,63,2,2,1,4,75,1,6
1,1,1.0,203,0,12,0,1,59,4,7
1,10,1.0,208,5,22,0,8,27,1,7
1,10,1.0,208,5,12,0,16,50,1,7
1,10,1.0,208,5,4,1,4,127,4,7
1,10,1.0,208,5,9,0,2,40,1,7
1,10,10.0,245,3,16,1,13,28,0,4
1,10,17.0,256,3,2,0,13,38,2,6
1,10,27.0,302,2,6,2,16,72,1,15
1,10,27.0,302,2,0,0,0,53,0,15
1,10,27.0,302,2,15,0,7,20,4,15
1,10,17.0,256,3,8,3,14,25,0,6
1,10,27.0,302,2,11,0,12,100,0,15
1,1,1.0,203,0,8,0,4,75,1,7
1,6,27.0,116,0,17,2,9,93,3,15
1,6,27.0,116,0,8,1,5,12,0,15
1,10,1.0,208,5,22,0,8,33,4,7
1,0,23.0,237,5,1,2,13,28,0,17
1,10,24.0,261,3,8,1,10,23,1,14
1,1,6.0,97,6,17,1,1,105,0,23
1,1,6.0,97,6,16,1,14,25,4,23
1,1,6.0,97,6,8,1,11,55,4,23
1,1,7.0,32,3,8,1,13,99,1,11
1,1,8.0,62,0,21,1,3,79,4,8
1,1,8.0,62,0,20,0,0,96,0,8
1,1,24.0,64,2,3,1,14,32,4,14
1,1,8.0,62,0,9,0,10,47,2,8
1,1,21.0,45,3,1,2,15,119,2,21
1,1,22.0,164,0,13,0,13,48,0,26
1,1,22.0,164,0,19,0,2,86,0,26
1,1,22.0,164,0,14,0,0,26,1,26
1,1,22.0,164,0,1,0,10,22,1,26
1,1,29.0,112,0,13,0,16,37,1,16
1,6,21.0,193,1,1,0,2,2,4,21
1,1,29.0,112,0,19,0,12,61,3,16
1,1,31.0,305,2,11,0,0,0,0,20
1,8,6.0,87,1,21,0,16,72,1,23
1,10,1.0,208,5,14,0,2,2,0,7
1,10,10.0,245,3,2,0,3,30,0,4
1,10,10.0,245,3,13,1,3,79,4,4
1,10,17.0,256,3,23,0,16,39,4,6
1,10,17.0,256,3,1,0,5,47,3,6
1,4,4.0,178,1,16,2,0,12,3,30
1,10,27.0,302,2,3,1,10,52,4,15
1,10,27.0,302,2,12,0,16,113,1,15
1,10,26.0,61,1,8,0,10,43,1,3
1,1,7.0,32,3,13,1,4,82,1,11
1,7,8.0,94,1,22,0,13,48,4,8
1,1,25.0,65,4,7,1,11,133,1,13
1,1,26.0,248,5,3,1,1,16,4,3
1,10,26.0,61,1,8,0,5,64,3,3
1,6,12.0,162,3,9,0,14,32,1,28
1,1,26.0,248,5,18,0,0,26,3,3
1,7,8.0,94,1,14,0,16,74,1,8
1,1,7.0,32,3,11,0,0,12,1,11
1,1,25.0,65,4,23,0,13,69,0,13
1,1,7.0,32,3,2,0,10,47,3,11
0,11,4.0,275,2,18,2,14,24,1,30
1,1,26.0,248,5,11,2,2,86,1,3
1,7,2.0,160,2,9,1,14,125,4,22
1,8,26.0,278,0,2,0,9,63,2,3
1,8,6.0,87,1,7,0,8,9,0,23
1,1,8.0,62,0,2,0,5,6,2,8
1,10,26.0,61,1,13,0,3,30,1,3
1,7,9.0,273,2,0,2,15,46,3,12
1,8,29.0,301,4,12,0,10,47,2,16
1,8,6.0,87,1,12,0,6,128,1,23
1,1,8.0,62,0,2,2,11,129,3,8
1,1,11.0,111,4,21,0,5,6,0,9
1,7,9.0,273,2,23,0,9,57,1,12
1,8,6.0,87,1,10,1,10,47,0,23
1,1,25.0,65,4,19,0,0,26,3,13
1,1,8.0,62,0,4,0,6,89,1,8
1,8,29.0,301,4,6,3,0,31,2,16
1,1,25.0,65,4,16,1,8,33,2,13
1,7,8.0,94,1,14,0,4,136,1,8
1,8,6.0,87,1,19,1,11,90,4,23
1,1,25.0,65,4,2,0,2,40,1,13
1,9,4.0,295,5,13,3,11,15,2,30
1,4,3.0,279,0,20,0,8,33,3,27
1,1,25.0,65,4,20,1,12,80,1,13
1,1,22.0,164,0,9,0,14,25,1,26
1,1,28.0,300,3,6,0,12,84,1,18
1,8,6.0,87,1,18,0,3,79,1,23
1,7,9.0,273,2,0,1,1,105,0,12
1,4,3.0,279,0,22,0,13,21,1,27
1,1,25.0,65,4,1,0,0,12,3,13
1,1,24.0,64,2,11,0,13,29,1,14
1,1,28.0,300,3,4,0,5,6,3,18
1,8,8.0,76,4,7,0,8,9,1,8
1,7,9.0,273,2,2,0,16,65,0,12
1,4,17.0,19,0,23,0,2,3,4,6
1,1,27.0,262,6,20,1,4,5,1,15
1,8,2.0,77,5,1,0,6,128,4,22
1,1,24.0,64,2,14,0,10,23,1,14
1,4,17.0,19,0,3,0,1,1,3,6
1,1,27.0,262,6,1,1,2,86,0,15
1,1,29.0,112,0,5,0,2,86,4,16
1,7,16.0,40,2,17,0,6,128,1,2
1,4,17.0,19,0,2,0,14,25,0,6
1,1,28.0,300,3,18,0,6,89,1,18
1,8,2.0,77,5,18,1,3,44,1,22
1,3,1.0,180,5,9,0,11,55,3,7
1,8,6.0,87,1,8,0,5,6,0,23
1,4,17.0,19,0,13,0,13,29,2,6
1,1,31.0,305,2,15,0,2,2,1,20
1,4,17.0,19,0,4,0,13,48,1,6
1,3,17.0,54,3,3,1,12,104,4,6
1,8,12.0,284,0,7,1,11,15,0,28
1,8,2.0,77,5,10,0,10,22,1,22
1,1,31.0,305,2,6,1,11,98,4,20
1,4,17.0,19,0,22,1,12,61,1,6
1,3,24.0,357,3,15,1,7,137,4,14
1,8,6.0,87,1,19,0,2,86,3,23
1,7,10.0,329,4,17,1,12,17,1,4
1,1,29.0,112,0,8,0,2,86,4,16
1,8,2.0,77,5,13,0,15,108,1,22
1,5,3.0,161,1,6,1,13,28,1,27
1,1,7.0,32,3,9,2,16,72,3,11
1,4,27.0,274,4,3,0,5,12,3,15
1,3,9.0,44,6,2,2,0,31,2,12
1,8,8.0,76,4,0,1,7,129,1,8
1,8,2.0,77,5,14,2,6,7,3,22
1,5,3.0,161,1,5,1,2,40,4,27
1,1,7.0,32,3,9,0,2,2,1,11
1,8,12.0,284,0,19,0,1,59,0,28
1,8,15.0,72,4,23,0,16,113,1,1
1,1,7.0,32,3,23,1,9,134,4,11
1,5,3.0,161,1,13,0,12,80,3,27
1,4,27.0,274,4,19,0,7,120,4,15
1,1,8.0,62,0,11,0,14,110,3,8
1,5,3.0,161,1,12,0,8,41,2,27
1,8,12.0,284,0,17,1,7,20,0,28
1,5,3.0,161,1,9,0,4,4,1,27
1,4,29.0,313,6,5,0,5,0,2,16
1,8,12.0,284,0,22,1,6,128,4,28
1,8,17.0,74,6,17,0,10,22,1,6
1,5,11.0,326,2,18,0,12,80,1,9
1,4,29.0,313,6,2,0,15,51,2,16
1,9,16.0,107,2,4,1,9,93,4,2
1,8,15.0,72,4,3,2,13,69,1,1
1,8,17.0,74,6,15,0,11,18,2,6
1,1,7.0,32,3,11,1,11,122,4,11
1,5,16.0,239,0,2,0,13,38,4,2
1,9,17.0,255,4,3,1,13,48,4,6
1,8,15.0,72,4,1,2,10,6,3,1
1,8,18.0,75,3,6,2,13,99,1,0
1,6,27.0,116,0,19,0,16,130,1,15
1,5,16.0,239,0,8,1,10,43,1,2
1,6,27.0,116,0,1,0,14,25,3,15
1,9,27.0,179,3,20,0,8,9,1,15
1,2,1.0,16,1,17,0,10,23,1,7
1,8,15.0,72,4,18,1,8,41,1,1
1,8,18.0,75,3,23,0,3,115,0,0
1,5,17.0,212,1,23,0,13,29,2,6
1,10,10.0,245,3,19,0,8,65,4,4
1,2,1.0,16,1,15,0,8,33,3,7
1,8,23.0,102,5,19,0,0,64,1,17
1,8,17.0,74,6,2,1,11,90,2,6
1,2,29.0,140,1,3,3,11,15,0,16
1,10,17.0,256,3,17,1,15,85,0,6
1,7,2.0,160,2,0,0,4,75,4,22
1,2,3.0,282,4,22,2,13,29,2,27
1,1,29.0,112,0,21,0,6,89,1,16
1,8,18.0,75,3,10,1,13,38,1,0
1,8,26.0,278,0,2,2,9,49,3,3
1,8,26.0,278,0,20,1,7,62,1,3
1,8,29.0,301,4,0,0,0,12,3,16
1,8,29.0,301,4,12,0,4,121,1,16
1,4,1.0,144,6,4,0,10,23,1,7
1,4,3.0,279,0,17,0,14,131,1,27
1,4,3.0,279,0,5,1,13,28,1,27
1,4,3.0,279,0,9,0,2,69,0,27
1,8,17.0,74,6,8,0,9,87,3,6
1,8,17.0,74,6,18,0,10,47,3,6
1,8,18.0,75,3,3,0,1,11,2,0
1,8,18.0,75,3,8,2,9,95,3,0
1,8,26.0,278,0,8,0,5,12,0,3
1,8,26.0,278,0,2,0,2,92,4,3
1,6,16.0,38,4,15,1,16,130,4,2
1,9,12.0,177,6,9,0,14,25,1,28
1,9,12.0,177,6,12,1,7,129,4,28
1,7,30.0,42,2,3,3,11,15,0,19
1,11,3.0,288,0,12,1,8,27,0,27
1,5,23.0,168,0,4,3,1,67,3,17
1,7,6.0,93,3,19,0,10,22,2,23
1,8,16.0,73,5,1,1,1,59,4,2
1,10,16.0,201,6,18,2,7,137,3,2
1,1,30.0,100,1,18,2,6,89,1,19
1,8,5.0,101,0,13,1,1,67,0,24
1,8,14.0,296,2,12,1,10,12,0,5
0,11,15.0,331,3,22,1,9,101,1,1
1,5,14.0,36,6,8,0,8,9,1,5
1,5,22.0,163,3,17,2,13,29,3,26
1,5,22.0,163,3,17,1,16,50,0,26
1,5,21.0,351,6,14,1,9,93,4,21
1,5,14.0,36,6,4,0,11,58,2,5
1,5,22.0,163,3,13,0,6,7,3,26
1,5,22.0,163,3,1,0,0,77,0,26
1,5,22.0,163,3,8,0,16,37,3,26
1,5,30.0,294,0,6,0,5,12,3,19
1,5,30.0,294,0,4,0,6,7,3,19
1,5,30.0,294,0,9,0,13,28,3,19
1,5,30.0,294,0,1,2,6,7,2,19
1,5,30.0,294,0,9,2,15,114,0,19
1,6,7.0,169,1,16,0,5,12,3,11
1,6,7.0,169,1,4,1,11,94,4,11
1,6,7.0,169,1,18,0,8,19,4,11
1,6,7.0,169,1,9,1,12,80,0,11
1,1,29.0,112,0,7,1,14,126,0,16
1,10,25.0,56,0,18,0,16,74,1,13
1,6,19.0,291,3,13,0,14,106,1,10
1,8,26.0,278,0,9,0,9,93,1,3
1,8,26.0,278,0,8,2,10,43,3,3
1,8,29.0,301,4,6,0,5,12,1,16
1,8,29.0,301,4,22,0,5,6,3,16
1,4,1.0,144,6,1,0,10,52,0,7
1,4,3.0,279,0,17,0,0,77,1,27
1,10,26.0,61,1,6,0,10,12,0,3
1,2,29.0,140,1,14,0,2,86,1,16
1,10,17.0,256,3,20,0,7,122,4,6
1,2,29.0,140,1,14,0,16,50,3,16
1,7,2.0,160,2,12,0,15,46,3,22
1,4,6.0,176,4,5,0,8,41,2,23
0,9,4.0,295,6,1,1,2,123,4,30
1,7,2.0,160,2,9,0,8,41,0,22
1,10,17.0,256,3,12,0,8,27,1,6
1,7,2.0,160,2,14,0,8,41,4,22
1,10,17.0,256,3,17,0,3,115,4,6
1,4,6.0,176,4,1,2,9,101,2,23
1,1,25.0,65,4,12,1,10,22,0,13
1,8,4.0,299,3,19,0,11,15,3,30
1,7,2.0,160,2,3,1,0,64,1,22
1,10,27.0,302,2,8,0,5,6,3,15
1,1,25.0,65,4,2,1,2,2,2,13
1,8,4.0,299,3,19,1,3,30,0,30
1,8,9.0,124,5,13,0,0,68,3,12
1,8,11.0,306,3,16,0,13,29,2,9
1,8,20.0,319,1,6,3,3,103,2,29
1,8,11.0,306,3,22,1,8,118,1,9
1,8,11.0,306,3,20,1,1,11,1,9
1,8,19.0,280,0,0,1,14,126,4,10
1,8,19.0,280,0,20,0,11,55,0,10
1,5,8.0,199,3,13,0,8,27,1,8
1,8,20.0,319,1,6,0,14,24,3,29
1,8,19.0,280,0,11,1,12,80,4,10
1,8,20.0,319,1,17,0,2,13,1,29
1,8,20.0,319,1,7,1,8,9,4,29
1,8,20.0,319,1,23,0,1,11,4,29
1,8,19.0,280,0,18,1,8,27,4,10
1,8,27.0,78,1,6,0,5,12,0,15
1,8,27.0,78,1,0,2,1,84,3,15
1,8,27.0,78,1,16,0,1,35,3,15
1,8,27.0,78,1,11,0,8,33,4,15
1,8,28.0,224,2,17,1,13,21,0,18
1,8,28.0,224,2,6,0,11,117,2,18
1,4,4.0,178,1,16,0,15,39,3,30
1,4,9.0,18,3,20,0,7,57,1,12
1,4,10.0,79,0,6,1,8,41,1,4
1,4,10.0,79,0,16,0,7,78,4,4
1,4,9.0,18,3,4,1,12,56,0,12
1,4,10.0,79,0,19,0,5,0,2,4
1,4,10.0,79,0,2,0,4,4,3,4
1,4,10.0,79,0,3,1,12,56,1,4
1,4,19.0,142,2,21,0,0,26,1,10
1,4,19.0,142,2,5,0,4,66,0,10
1,4,19.0,142,2,8,0,2,2,1,10
1,1,2.0,171,1,0,0,4,75,3,22
1,1,2.0,171,1,17,0,4,4,1,22
1,1,2.0,171,1,6,1,0,85,0,22
1,1,2.0,171,1,15,0,15,31,1,22
1,1,2.0,171,1,19,0,16,130,1,22
1,1,2.0,171,1,19,0,9,93,1,22
1,9,6.0,51,3,1,0,11,18,1,23
1,7,6.0,93,3,14,1,10,43,0,23
1,7,6.0,93,3,1,2,14,25,3,23
1,7,23.0,202,2,18,1,14,97,4,17
1,3,5.0,324,1,2,1,5,6,0,24
1,7,29.0,268,1,17,1,9,27,0,16
1,9,14.0,106,0,19,3,7,57,4,5
1,10,22.0,314,5,9,1,3,103,4,26
1,9,14.0,106,0,4,0,6,89,4,5
1,3,15.0,35,5,22,2,1,59,2,1
1,4,24.0,27,0,21,2,12,56,3,14
1,7,9.0,273,2,6,0,5,12,1,12
1,4,3.0,279,0,17,2,0,64,3,27
1,1,1.0,203,0,6,0,8,41,1,7
1,4,24.0,27,0,5,0,2,92,0,14
1,7,9.0,273,2,15,0,13,29,1,12
1,4,1.0,144,6,15,0,13,29,2,7
1,4,24.0,27,0,6,1,0,77,4,14
1,1,1.0,203,0,0,0,2,2,4,7
1,7,9.0,273,2,18,0,2,92,1,12
1,4,17.0,19,0,21,0,4,45,4,6
1,4,24.0,27,0,3,1,2,92,1,14
1,1,1.0,203,0,14,0,6,7,1,7
1,3,1.0,180,5,0,0,2,40,1,7
1,8,18.0,75,3,2,0,5,12,3,0
1,8,6.0,87,1,3,0,9,57,1,23
1,1,2.0,171,1,6,0,2,123,0,22
1,1,2.0,171,1,7,0,9,54,1,22
1,1,2.0,171,1,13,0,2,2,1,22
1,1,2.0,171,1,9,1,2,3,4,22
1,6,17.0,244,5,13,0,8,33,3,6
1,6,17.0,244,5,15,1,6,132,4,6
1,6,17.0,244,5,14,0,7,137,3,6
1,6,25.0,39,6,0,1,0,53,0,13
1,6,25.0,39,6,5,0,8,27,1,13
1,6,25.0,39,6,6,1,14,25,4,13
1,6,25.0,39,6,10,1,9,54,1,13
1,6,27.0,116,0,18,0,12,17,4,15
1,7,14.0,125,0,4,1,3,30,1,5
1,3,23.0,57,6,8,0,13,69,4,17
1,1,6.0,97,6,8,3,11,18,3,23
1,1,24.0,64,2,21,1,13,99,4,14
1,10,24.0,261,3,15,1,11,129,4,14
1,10,24.0,261,3,23,1,9,109,4,14
1,1,8.0,62,0,14,0,9,101,1,8
1,1,21.0,45,3,11,1,2,2,1,21
1,1,21.0,45,3,14,1,4,121,4,21
1,1,22.0,164,0,14,0,12,80,0,26
1,1,29.0,112,0,19,0,15,114,0,16
1,1,29.0,112,0,18,0,15,39,1,16
1,1,29.0,112,0,14,0,13,69,4,16
1,1,31.0,305,2,6,0,0,85,1,20
1,1,31.0,305,2,6,0,4,121,1,20
1,1,31.0,305,2,2,0,13,38,2,20
1,1,31.0,305,2,17,1,1,35,1,20
1,1,31.0,305,2,12,1,2,69,4,20
1,8,6.0,87,1,16,0,10,23,1,23
1,8,6.0,87,1,10,0,4,5,3,23
1,5,13.0,184,5,17,0,9,10,3,25
1,5,12.0,327,4,5,1,12,83,4,28
1,5,13.0,184,5,5,1,2,123,4,25
1,5,13.0,184,5,12,2,2,92,3,25
1,8,17.0,74,6,12,0,7,20,0,6
1,8,18.0,75,3,9,0,1,35,1,0
1,8,26.0,278,0,20,0,12,121,1,3
1,10,26.0,61,1,9,1,13,28,4,3
1,10,25.0,56,0,1,1,11,90,4,13
1,10,2.0,358,6,22,0,0,53,1,22
1,1,25.0,65,4,12,1,9,10,0,13
1,8,29.0,301,4,8,0,14,131,1,16
1,6,11.0,355,6,18,0,0,96,4,9
1,6,16.0,38,4,21,1,14,97,4,2
1,6,16.0,38,4,4,1,1,105,4,2
1,6,19.0,291,3,7,0,3,30,3,10
1,6,19.0,291,3,23,1,12,135,4,10
1,6,16.0,38,4,23,2,1,16,3,2
1,6,11.0,355,6,19,0,9,54,1,9
1,6,16.0,38,4,11,0,16,37,4,2
1,6,20.0,215,0,1,2,1,59,3,29
1,10,2.0,358,6,23,1,12,84,1,22
1,10,17.0,256,3,18,0,6,73,1,6
1,8,6.0,87,1,1,0,14,25,2,23
1,4,17.0,19,0,13,2,7,20,3,6
1,1,3.0,188,2,15,1,4,138,4,27
1,8,15.0,72,4,23,0,1,35,1,1
1,1,26.0,248,5,14,3,2,86,0,3
1,8,15.0,72,4,12,0,6,91,0,1
1,1,26.0,248,5,2,1,12,83,0,3
1,8,15.0,72,4,9,1,7,137,1,1
1,4,27.0,274,4,8,0,2,2,0,15
1,8,11.0,306,3,12,0,2,86,3,9
1,8,15.0,72,4,18,0,9,54,1,1
1,4,27.0,274,4,2,0,13,38,4,15
1,8,26.0,278,0,14,0,11,133,2,3
1,4,27.0,274,4,3,1,10,12,1,15
1,4,29.0,313,6,3,2,13,28,4,16
1,4,29.0,313,6,2,0,15,96,2,16
1,2,1.0,16,1,22,0,0,26,3,7
1,1,27.0,262,6,3,0,5,6,0,15
1,8,12.0,284,0,9,0,3,76,1,28
1,2,25.0,233,5,3,0,11,15,2,13
1,0,22.0,241,4,13,1,14,106,4,26
0,11,5.0,240,4,15,0,13,69,2,24
0,11,5.0,240,4,12,1,13,21,0,24
0,11,5.0,240,4,1,0,0,64,3,24
0,11,22.0,250,3,2,0,16,130,2,26
0,9,6.0,51,0,5,1,1,105,4,23
0,9,7.0,271,1,17,0,6,7,2,11
0,9,7.0,271,1,23,0,4,127,3,11
0,9,6.0,51,0,4,1,13,21,0,23
0,9,7.0,271,1,22,1,9,102,1,11
0,9,24.0,272,5,0,1,3,70,4,14
0,9,24.0,272,5,5,0,10,47,1,14
0,9,24.0,272,5,19,0,8,41,3,14
1,8,8.0,76,4,3,0,11,18,3,8
1,8,8.0,76,4,22,0,2,2,3,8
1,8,8.0,76,4,20,1,1,59,4,8
1,8,15.0,72,4,5,0,8,41,1,1
1,8,23.0,102,5,3,1,12,80,1,17
1,8,23.0,102,5,1,0,1,35,4,17
1,1,7.0,32,3,19,0,4,66,2,11
1,4,5.0,235,2,7,1,6,128,1,24
1,4,5.0,235,2,4,0,10,47,0,24
1,5,16.0,239,0,19,1,16,130,1,2
1,5,18.0,195,2,0,0,7,78,3,0
1,5,18.0,195,2,0,1,4,79,0,0
1,5,24.0,58,1,20,0,4,138,1,14
1,6,17.0,244,5,3,2,12,80,1,6
1,6,17.0,244,5,13,0,10,43,2,6
1,1,2.0,171,1,6,0,4,5,4,22
1,1,2.0,171,1,16,0,10,47,3,22
1,1,2.0,171,1,0,0,2,86,4,22
1,1,2.0,171,1,8,0,15,51,3,22
1,1,2.0,171,1,17,0,8,9,1,22
1,1,2.0,171,1,9,0,15,31,3,22
1,1,2.0,171,1,18,2,7,137,2,22
1,1,3.0,188,2,23,0,16,74,3,27
1,8,23.0,102,5,17,1,2,2,1,17
1,3,1.0,180,5,6,1,1,35,1,7
1,3,1.0,180,5,23,1,3,103,0,7
1,4,5.0,235,2,6,2,10,47,3,24
1,3,1.0,180,5,20,0,10,43,2,7
1,3,1.0,180,5,5,1,7,57,4,7
1,3,1.0,180,5,8,0,1,67,2,7
1,1,22.0,164,0,17,0,4,75,2,26
1,10,23.0,247,6,14,0,11,98,3,17
1,4,5.0,235,2,13,0,13,69,2,24
1,10,23.0,247,6,12,0,5,12,3,17
1,4,5.0,235,2,4,0,13,36,3,24
1,10,24.0,261,3,14,0,6,7,3,14
1,10,24.0,261,3,19,0,2,86,1,14
1,1,6.0,97,6,22,1,1,11,4,23
1,11,1.0,222,6,19,0,11,18,1,7
1,1,6.0,97,6,18,0,10,43,1,23
1,11,1.0,222,6,12,0,1,59,0,7
1,6,5.0,342,3,13,2,16,50,3,24
1,11,1.0,222,6,19,0,4,127,0,7
1,6,5.0,342,3,3,1,1,11,4,24
1,11,1.0,222,6,14,0,11,94,4,7
1,6,7.0,169,1,17,0,4,82,4,11
1,6,5.0,342,3,13,1,11,117,1,24
1,11,10.0,360,0,4,0,2,86,0,4
1,6,12.0,162,3,15,0,13,28,4,28
1,11,17.0,110,0,13,0,1,67,3,6
1,11,17.0,110,0,1,0,2,40,4,6
1,6,15.0,49,2,0,0,5,12,0,1
1,9,1.0,126,1,0,0,13,36,2,7
1,9,1.0,126,1,0,0,13,21,0,7
1,8,11.0,306,3,12,0,1,59,2,9
1,8,11.0,306,3,11,0,13,38,2,9
1,9,15.0,226,1,17,2,8,27,3,1
1,9,15.0,226,1,19,0,6,89,3,1
1,9,15.0,226,1,14,0,9,93,4,1
1,9,15.0,226,1,9,2,11,133,2,1
1,9,17.0,255,4,3,0,0,12,1,6
1,9,16.0,107,2,6,0,8,41,4,2
1,9,27.0,179,3,13,0,3,30,2,15
1,9,27.0,179,3,22,0,9,49,3,15
1,9,27.0,179,3,8,0,10,47,3,15
1,7,2.0,160,2,17,0,8,118,1,22
1,4,6.0,176,4,7,0,8,41,1,23
1,4,24.0,27,0,4,0,9,10,3,14
1,4,24.0,27,0,18,0,10,6,3,14
1,2,14.0,231,0,22,1,12,135,1,5
1,2,14.0,231,0,20,0,8,9,1,5
1,2,14.0,231,0,12,1,1,81,4,5
1,2,22.0,209,1,3,0,5,64,3,26
1,2,25.0,233,5,17,1,15,112,1,13
1,2,25.0,233,5,5,1,2,60,4,13
1,2,22.0,209,1,4,3,9,57,0,26
1,0,22.0,241,4,12,2,10,22,0,26
1,4,24.0,27,0,20,1,2,92,1,14
1,4,24.0,27,0,4,0,5,6,3,14
1,2,5.0,127,6,14,2,13,29,2,24
1,6,15.0,49,2,13,0,12,104,0,1
1,6,15.0,49,2,12,0,5,64,3,1
1,7,15.0,205,1,19,1,11,124,0,1
1,6,15.0,49,2,22,2,6,14,3,1
1,6,15.0,49,2,7,1,9,57,0,1
1,6,15.0,49,2,4,2,8,9,1,1
1,6,21.0,193,1,17,1,12,80,0,21
1,6,21.0,193,1,11,0,0,64,2,21
1,6,21.0,193,1,3,2,13,48,3,21
1,6,21.0,193,1,14,0,13,21,0,21
1,6,21.0,193,1,2,2,13,29,3,21
1,3,1.0,180,5,8,0,5,6,2,7
1,3,8.0,148,5,2,0,13,123,3,8
1,3,17.0,54,3,3,0,13,21,4,6
1,3,24.0,357,3,20,0,15,51,1,14
1,3,24.0,357,3,5,0,15,108,3,14
1,3,24.0,357,3,16,2,4,45,3,14
1,3,24.0,357,3,22,0,15,46,3,14
1,3,25.0,347,0,6,2,10,47,3,13
1,3,24.0,357,3,18,2,10,23,3,14
1,3,25.0,347,0,7,2,13,21,0,13
1,3,24.0,357,3,8,0,13,38,2,14
1,5,8.0,199,3,14,0,15,96,0,8
1,5,11.0,326,2,8,2,1,16,3,9
1,5,11.0,326,2,9,0,4,138,4,9
1,5,16.0,239,0,16,0,10,6,3,2
1,5,17.0,212,1,17,0,3,44,3,6
1,5,17.0,212,1,17,1,10,52,2,6
1,5,17.0,212,1,3,0,14,24,4,6
1,5,17.0,212,1,2,0,13,48,3,6
1,5,17.0,212,1,9,0,7,78,3,6
0,1,11.0,111,5,1,0,3,115,4,9
0,1,14.0,183,0,8,0,10,43,3,5
0,8,2.0,77,6,0,0,8,27,2,22
0,1,14.0,183,0,4,0,10,23,1,5
0,1,14.0,183,0,11,1,13,28,4,5
0,8,2.0,77,6,11,0,13,21,4,22
0,1,28.0,300,0,16,1,10,47,0,18
0,1,10.0,17,4,14,0,5,0,2,4
0,1,28.0,300,0,19,0,1,35,4,18
1,8,23.0,102,5,14,0,15,46,1,17
1,2,14.0,231,0,19,1,1,105,0,5
0,6,27.0,116,1,10,0,16,74,3,15
0,8,19.0,280,1,14,0,11,117,1,10
0,6,16.0,38,5,14,2,2,2,3,2
0,3,5.0,324,2,12,1,13,38,0,24
0,1,28.0,300,0,14,1,12,17,4,18
0,1,29.0,112,1,2,0,1,11,3,16
0,4,7.0,133,6,4,1,15,85,0,11
0,4,26.0,80,4,13,2,6,91,3,3
0,4,26.0,80,4,8,0,0,0,3,3
0,2,18.0,7,6,4,0,6,14,2,0
0,2,18.0,7,6,8,2,9,95,0,0
0,1,18.0,82,5,12,1,14,110,0,0
0,4,10.0,79,1,1,1,13,21,2,4
0,9,13.0,91,0,2,1,12,56,0,25
0,9,22.0,92,2,18,1,13,48,0,26
0,3,15.0,35,6,11,3,15,46,2,1
0,3,23.0,57,3,17,0,10,43,1,17
0,11,8.0,283,3,12,1,10,52,1,8
0,1,17.0,63,4,11,0,2,71,1,6
0,1,25.0,65,5,3,3,8,27,4,13
0,8,1.0,66,5,8,0,10,47,0,7
0,6,8.0,59,4,1,0,1,11,0,8
0,1,29.0,112,1,9,0,2,69,4,16
0,8,3.0,363,3,0,0,7,20,2,27
0,8,3.0,363,3,5,0,14,110,4,27
0,8,3.0,363,3,22,2,6,14,0,27
0,8,3.0,363,3,8,0,13,48,2,27
0,8,3.0,363,3,22,2,6,14,0,27
0,8,3.0,363,3,4,0,11,133,4,27
0,8,4.0,299,0,6,0,4,82,1,30
0,8,4.0,299,0,15,1,16,130,1,30
0,8,13.0,189,2,6,0,4,75,1,25
0,8,13.0,189,2,1,2,16,50,3,25
0,8,13.0,189,2,22,2,4,82,3,25
0,8,13.0,189,2,15,1,13,69,4,25
0,8,13.0,189,2,3,1,4,136,4,25
0,8,4.0,299,0,17,1,9,95,0,30
0,8,13.0,189,2,12,0,15,108,1,25
0,8,13.0,189,2,12,0,13,48,0,25
0,8,13.0,189,2,13,1,11,15,1,25
0,8,5.0,101,1,11,1,0,26,1,24
0,8,6.0,87,2,9,0,0,77,1,23
0,6,10.0,149,6,17,0,11,117,1,4
0,2,12.0,128,3,11,0,7,8,4,28
0,0,24.0,55,3,18,1,16,72,0,14
0,2,12.0,128,3,15,3,8,65,0,28
0,10,13.0,346,4,22,0,13,13,4,25
0,1,12.0,353,6,1,0,2,2,1,28
0,8,12.0,284,1,9,0,7,137,1,28
0,8,5.0,101,1,16,3,9,109,0,24
0,8,12.0,284,1,22,0,13,69,4,28
0,8,30.0,103,6,9,3,11,18,1,19
0,4,3.0,279,1,3,1,13,38,4,27
0,4,3.0,279,1,9,1,0,64,0,27
0,8,13.0,189,2,13,0,9,57,0,25
0,8,29.0,301,5,7,0,15,46,2,16
0,8,29.0,301,5,21,1,8,19,0,16
0,8,29.0,301,5,17,1,0,31,0,16
0,8,29.0,301,5,13,0,2,2,1,16
0,8,29.0,301,5,5,0,4,75,1,16
0,8,29.0,301,5,2,0,1,11,0,16
0,8,29.0,301,5,12,0,8,9,3,16
0,4,4.0,178,2,7,0,5,6,3,30
0,4,4.0,178,2,19,0,12,104,3,30
0,4,11.0,121,2,16,0,5,12,0,9
0,4,11.0,121,2,8,0,15,114,1,9
0,4,11.0,121,2,9,0,0,77,1,9
0,4,20.0,115,5,0,0,5,6,1,29
0,8,4.0,299,0,13,0,2,71,4,30
0,8,28.0,224,4,4,0,16,42,1,18
0,2,23.0,230,4,15,1,10,22,1,17
0,10,14.0,174,5,17,0,14,24,1,5
0,3,1.0,180,6,19,0,9,9,1,7
0,7,29.0,268,2,22,2,10,22,2,16
0,10,22.0,314,6,5,0,9,87,4,26
1,3,1.0,180,5,13,0,4,136,1,7
0,5,11.0,326,4,2,2,11,55,3,9
1,11,1.0,222,6,17,0,2,86,4,7
1,1,8.0,62,0,20,3,11,98,2,8
0,6,27.0,116,1,8,0,13,48,0,15
0,3,1.0,180,6,5,3,13,21,1,7
0,8,19.0,280,1,9,0,1,11,4,10
0,9,5.0,89,3,11,0,9,93,2,24
0,10,4.0,356,1,17,2,12,93,3,30
1,1,8.0,62,0,12,1,2,92,1,8
0,3,10.0,4,0,18,1,13,28,0,4
0,8,26.0,278,1,6,0,6,116,1,3
0,1,27.0,262,3,4,1,0,15,0,15
1,1,7.0,32,3,18,3,14,125,4,11
0,5,5.0,96,5,20,3,5,6,3,24
0,8,26.0,278,1,7,1,7,137,0,3
0,9,22.0,92,2,5,1,2,13,4,26
0,1,27.0,262,3,12,3,2,40,4,15
1,2,22.0,209,1,7,1,11,133,4,26
1,4,19.0,142,2,22,0,0,31,0,10
0,8,26.0,278,1,18,0,7,111,3,3
0,7,8.0,94,2,13,0,15,46,3,8
0,10,4.0,356,1,14,0,3,44,3,30
1,8,6.0,87,1,18,0,16,42,1,23
1,2,27.0,136,3,3,0,8,41,2,15
0,8,26.0,278,1,18,1,10,47,1,3
0,7,17.0,95,5,20,1,0,68,1,6
0,7,31.0,43,5,8,0,2,60,0,20
0,8,1.0,66,5,8,1,6,7,0,7
0,11,23.0,232,0,11,3,5,12,0,17
0,1,17.0,63,4,13,3,4,138,4,6
0,5,24.0,58,2,6,0,0,26,0,14
0,2,18.0,7,6,8,1,3,79,4,0
0,10,26.0,61,2,4,0,4,4,4,3
0,10,26.0,61,2,3,1,15,31,1,3
0,10,26.0,61,2,18,0,0,77,3,3
0,0,27.0,23,2,18,1,5,6,0,15
0,0,27.0,23,2,14,1,9,95,1,15
0,1,27.0,262,3,8,1,5,6,2,15
0,8,2.0,77,6,14,0,5,6,3,22
0,8,2.0,77,6,17,1,10,47,0,22
0,1,27.0,262,3,11,1,1,35,4,15
0,8,2.0,77,6,2,0,11,58,4,22
0,8,2.0,77,6,22,3,13,48,0,22
0,8,2.0,77,6,4,1,8,19,4,22
0,8,2.0,77,6,4,0,5,12,3,22
0,1,27.0,262,3,18,1,13,69,1,15
0,5,10.0,155,2,11,1,11,18,1,4
0,5,13.0,184,6,10,0,8,9,3,25
0,5,13.0,184,6,13,0,9,54,3,25
0,5,13.0,184,6,18,2,1,105,3,25
0,6,4.0,159,3,6,0,5,12,3,30
0,6,4.0,159,3,21,1,13,21,1,30
0,6,4.0,159,3,9,0,11,133,1,30
0,6,4.0,159,3,15,1,1,11,4,30
0,6,11.0,355,3,16,0,13,38,4,9
0,6,11.0,355,3,2,0,14,24,3,9
0,6,11.0,355,3,19,0,8,9,3,9
0,6,11.0,355,3,14,0,10,52,1,9
0,6,12.0,162,0,20,0,8,118,3,28
0,6,12.0,162,0,19,2,2,13,2,28
0,6,12.0,162,0,14,0,6,89,1,28
0,6,19.0,291,0,2,1,11,55,4,10
0,6,21.0,193,2,6,0,0,68,2,21
0,6,22.0,185,4,18,0,0,15,1,26
0,6,22.0,185,4,8,3,0,26,1,26
0,6,27.0,116,1,6,1,5,6,0,15
0,6,27.0,116,1,22,0,0,26,1,15
0,6,27.0,116,1,22,0,2,86,4,15
0,6,27.0,116,1,19,0,0,77,3,15
0,6,27.0,116,1,1,2,2,40,1,15
0,6,30.0,145,5,17,0,1,35,1,19
0,6,30.0,145,5,16,2,4,4,1,19
0,6,30.0,145,5,5,1,16,37,4,19
0,6,30.0,145,5,11,1,13,123,4,19
0,6,30.0,145,5,12,0,8,19,0,19
0,6,30.0,145,5,5,1,13,48,1,19
0,6,30.0,145,5,13,1,1,1,4,19
0,6,30.0,145,5,18,2,9,54,3,19
0,6,22.0,185,4,4,0,7,20,2,26
0,6,30.0,145,5,6,0,11,15,0,19
0,10,4.0,356,1,13,0,16,74,1,30
0,10,19.0,117,2,16,2,10,22,3,10
0,10,19.0,117,2,21,2,3,30,3,10
0,10,19.0,117,2,4,0,16,72,1,10
0,10,27.0,302,4,20,0,10,43,2,15
0,6,21.0,193,2,16,0,11,18,3,21
0,6,21.0,193,2,1,0,5,64,0,21
0,6,22.0,185,4,23,0,0,77,3,26
0,6,27.0,116,1,0,0,7,20,4,15
0,6,27.0,116,1,10,0,4,75,1,15
0,6,27.0,116,1,14,0,13,38,0,15
0,6,27.0,116,1,9,2,5,6,3,15
0,6,27.0,116,1,15,1,9,10,4,15
0,6,30.0,145,5,0,0,14,24,1,19
0,6,30.0,145,5,5,0,5,6,1,19
0,6,30.0,145,5,4,0,12,121,1,19
0,6,30.0,145,5,19,0,4,66,3,19
0,6,30.0,145,5,9,2,16,50,3,19
0,10,4.0,356,1,13,0,2,69,1,30
0,10,4.0,356,1,2,0,2,13,1,30
0,10,4.0,356,1,5,1,13,36,4,30
0,10,19.0,117,2,16,0,4,127,1,10
0,10,19.0,117,2,0,0,10,47,3,10
0,10,19.0,117,2,10,0,3,30,1,10
0,10,19.0,117,2,3,0,6,128,1,10
0,10,19.0,117,2,12,0,11,122,1,10
0,5,11.0,326,4,17,0,1,35,0,9
0,1,28.0,300,0,17,0,14,110,3,18
0,6,11.0,355,3,15,0,8,27,1,9
0,5,3.0,161,2,14,0,2,86,3,27
0,1,11.0,111,5,14,0,13,36,1,9
1,8,23.0,102,5,8,0,10,43,2,17
0,1,28.0,300,0,7,1,9,27,0,18
0,9,2.0,323,4,16,0,4,127,4,22
0,6,11.0,355,3,18,2,3,79,3,9
1,0,1.0,8,4,5,3,0,0,1,7
0,1,14.0,183,0,17,0,1,35,4,5
0,4,8.0,292,3,22,0,5,6,2,8
1,2,25.0,233,5,12,3,6,7,3,13
0,1,28.0,300,0,13,1,12,56,4,18
0,7,1.0,98,2,14,0,14,24,4,7
0,6,14.0,173,2,13,0,9,63,1,5
0,5,16.0,239,1,12,1,10,23,1,2
0,1,14.0,183,0,22,1,5,12,4,5
0,1,2.0,171,2,12,1,14,106,2,22
0,5,11.0,326,4,15,2,9,109,0,9
0,5,3.0,161,2,12,0,6,73,3,27
0,6,12.0,162,0,3,0,0,85,3,28
0,6,12.0,162,0,3,0,8,41,3,28
0,6,12.0,162,0,19,0,5,64,3,28
0,6,19.0,291,0,0,1,11,117,0,10
0,6,20.0,215,1,13,1,9,93,4,29
0,2,7.0,153,1,9,1,15,51,0,11
0,5,4.0,114,4,1,0,4,138,2,30
0,5,10.0,155,2,0,0,0,12,3,4
0,5,10.0,155,2,21,0,13,38,1,4
0,5,10.0,155,2,15,0,2,123,4,4
0,5,10.0,155,2,9,0,8,41,1,4
0,5,13.0,184,6,6,1,4,79,0,25
0,0,25.0,281,0,3,0,2,40,1,13
0,0,25.0,281,0,12,0,3,70,1,13
0,0,25.0,281,0,22,1,14,110,4,13
0,0,25.0,281,0,11,1,14,125,4,13
0,0,28.0,249,4,19,0,10,22,2,18
0,0,28.0,249,4,14,0,2,2,0,18
0,1,2.0,171,2,1,3,10,52,3,22
0,1,27.0,262,3,18,0,16,37,1,15
1,11,31.0,227,0,11,1,3,76,4,20
1,11,14.0,147,5,15,1,15,46,4,5
1,9,19.0,234,6,8,0,10,52,2,10
1,3,4.0,285,0,2,0,10,22,3,30
1,8,13.0,189,1,1,2,15,46,3,25
1,8,22.0,354,4,5,0,9,95,2,26
1,1,4.0,286,4,1,1,4,121,4,30
1,4,14.0,345,5,9,0,10,22,3,5
1,4,14.0,345,5,13,1,12,80,1,5
1,4,14.0,345,5,20,1,8,33,4,5
1,4,16.0,25,3,13,0,2,3,4,2
1,4,25.0,20,1,9,0,15,46,1,13
1,0,16.0,11,5,1,1,13,69,0,2
1,0,16.0,11,5,8,3,3,79,3,2
1,4,16.0,25,3,3,1,3,115,4,2
1,2,7.0,153,0,11,0,9,109,2,11
1,4,16.0,25,3,22,0,2,123,4,2
1,4,14.0,345,5,11,3,10,43,2,5
0,9,16.0,107,4,2,1,9,27,0,2
0,9,22.0,92,2,18,2,13,29,0,26
0,7,6.0,93,0,5,1,2,69,4,23
0,9,14.0,106,1,3,0,2,69,1,5
0,7,31.0,43,5,22,0,9,93,1,20
0,3,23.0,57,3,18,1,10,23,1,17
0,5,13.0,184,6,23,2,16,37,3,25
0,5,13.0,184,6,12,0,3,44,3,25
0,5,13.0,184,6,12,0,12,56,1,25
0,5,13.0,184,6,19,0,2,69,3,25
0,5,28.0,259,3,16,0,14,131,1,18
0,5,28.0,259,3,17,0,12,61,1,18
0,6,11.0,355,3,2,2,13,28,1,9
0,6,12.0,162,0,7,1,9,102,0,28
0,6,11.0,355,3,5,0,3,79,3,9
0,5,28.0,259,3,22,0,3,70,3,18
0,3,27.0,361,4,11,3,15,46,1,15
0,6,12.0,162,0,19,0,0,26,3,28
0,2,7.0,153,1,1,0,0,26,1,11
0,3,27.0,361,4,17,2,2,86,0,15
0,3,27.0,361,4,14,1,1,67,4,15
0,5,3.0,161,2,23,1,3,30,1,27
0,5,4.0,114,4,5,0,6,7,2,30
0,5,3.0,161,2,8,0,14,106,0,27
0,5,4.0,114,4,22,1,12,56,4,30
0,5,10.0,155,2,17,0,5,12,3,4
0,5,10.0,155,2,11,0,2,40,4,4
0,3,16.0,263,3,6,0,13,38,2,2
0,2,24.0,22,5,19,0,1,105,4,14
0,2,24.0,22,5,18,3,0,26,1,14
0,0,18.0,0,0,17,0,10,47,1,0
0,9,6.0,51,0,14,3,13,48,3,23
0,10,24.0,261,0,9,0,5,6,1,14
0,8,18.0,75,0,8,0,13,13,1,0
0,5,9.0,206,1,9,0,2,69,0,12
0,4,2.0,141,0,0,1,10,23,1,22
0,6,1.0,158,4,12,1,10,23,0,7
0,2,24.0,22,5,9,0,13,29,2,14
0,0,2.0,47,6,17,3,6,7,3,22
0,10,17.0,256,0,17,1,12,56,1,6
0,1,7.0,32,0,16,1,10,22,4,11
0,5,14.0,36,3,23,1,11,10,4,5
0,11,7.0,253,6,22,1,0,26,1,11
0,11,23.0,232,0,14,1,9,57,2,17
0,5,26.0,37,5,1,2,14,24,3,3
1,0,23.0,237,5,15,1,0,0,4,17
0,4,8.0,292,3,18,2,8,118,3,8
0,1,2.0,171,2,4,1,14,131,2,22
0,2,15.0,130,2,9,0,3,44,0,1
0,1,28.0,300,0,0,0,16,37,1,18
0,10,14.0,174,5,15,1,7,20,1,5
0,2,1.0,16,2,5,0,1,11,4,7
0,1,28.0,300,0,12,0,6,7,3,18
0,2,15.0,130,2,19,0,12,104,2,1
0,10,29.0,318,6,1,1,16,50,0,16
0,5,4.0,114,4,15,0,1,59,4,30
0,1,28.0,300,0,22,1,1,81,4,18
0,10,14.0,174,5,23,0,16,108,4,5
0,2,1.0,16,2,9,0,6,91,0,7
0,1,28.0,300,0,2,2,2,2,0,18
0,2,11.0,297,6,11,0,7,120,0,9
0,5,4.0,114,4,3,2,1,11,3,30
0,1,29.0,112,1,16,0,0,12,3,16
0,9,5.0,89,3,17,1,4,75,1,24
0,4,23.0,30,0,2,1,8,41,0,17
0,8,1.0,66,5,13,0,2,86,0,7
0,2,19.0,137,3,15,0,5,6,0,10
0,2,19.0,137,3,12,0,13,29,2,10
0,8,19.0,280,1,6,0,5,12,0,10
0,0,28.0,249,4,12,2,15,31,0,18
0,8,4.0,299,0,13,0,9,10,0,30
0,8,3.0,363,3,19,0,6,89,2,27
0,8,4.0,299,0,5,1,11,133,4,30
0,8,4.0,299,0,12,0,2,86,3,30
0,8,4.0,299,0,12,0,3,30,0,30
0,8,4.0,299,0,14,3,5,64,3,30
0,8,13.0,189,2,6,0,5,12,3,25
0,8,13.0,189,2,22,0,13,48,4,25
0,8,13.0,189,2,1,0,8,41,0,25
0,4,4.0,178,2,16,1,8,27,0,30
0,4,4.0,178,2,9,0,2,2,0,30
0,4,4.0,178,2,4,0,8,27,2,30
0,4,11.0,121,2,0,0,15,96,3,9
0,4,11.0,121,2,3,0,4,45,2,9
0,4,11.0,121,2,16,1,7,62,1,9
0,4,22.0,152,3,15,2,0,15,2,26
0,4,22.0,152,3,8,2,10,52,0,26
0,4,22.0,152,3,19,0,8,41,1,26
0,8,29.0,301,5,19,3,9,10,4,16
0,2,7.0,153,1,6,0,7,111,0,11
0,2,7.0,153,1,3,0,2,2,1,11
0,2,7.0,153,1,3,0,9,134,0,11
0,2,7.0,153,1,19,1,4,66,4,11
0,4,4.0,178,2,21,2,11,15,3,30
0,4,4.0,178,2,18,0,11,15,3,30
0,4,11.0,121,2,16,1,7,62,1,9
0,4,11.0,121,2,2,0,2,71,0,9
0,4,11.0,121,2,6,1,9,93,0,9
0,4,20.0,115,5,13,2,6,73,0,29
0,4,20.0,115,5,3,2,16,37,3,29
0,1,28.0,300,0,5,0,14,131,1,18
0,4,20.0,115,5,14,0,14,24,4,29
0,4,20.0,115,5,4,2,11,133,2,29
0,4,22.0,152,3,3,0,0,15,4,26
0,4,22.0,152,3,20,1,12,104,4,26
0,4,22.0,152,3,9,0,10,22,3,26
0,2,7.0,153,1,14,0,4,45,3,11
0,2,7.0,153,1,9,0,0,26,1,11
0,2,7.0,153,1,14,2,14,32,2,11
0,2,14.0,231,1,17,1,14,34,0,5
0,2,14.0,231,1,10,0,7,20,1,5
0,2,20.0,264,0,5,0,9,95,1,29
0,2,20.0,264,0,19,0,1,1,3,29
0,2,20.0,264,0,2,1,1,59,4,29
0,8,29.0,301,5,15,0,2,92,1,16
0,8,29.0,301,5,20,1,11,18,1,16
0,8,29.0,301,5,14,0,3,79,1,16
0,4,4.0,178,2,10,0,14,131,3,30
0,4,4.0,178,2,5,0,6,89,4,30
0,4,4.0,178,2,15,0,11,18,1,30
0,4,4.0,178,2,2,0,7,129,2,30
0,4,4.0,178,2,4,0,6,128,1,30
0,4,4.0,178,2,18,0,12,80,1,30
0,4,4.0,178,2,19,1,9,101,4,30
0,4,20.0,115,5,16,1,1,59,2,29
0,4,20.0,115,5,17,0,15,31,0,29
0,4,20.0,115,5,11,1,13,99,4,29
0,4,20.0,115,5,6,1,14,25,0,29
0,4,20.0,115,5,1,0,2,92,1,29
0,4,20.0,115,5,1,2,6,14,1,29
0,4,22.0,152,3,16,1,14,25,2,26
0,4,20.0,115,5,13,0,8,19,1,29
0,4,22.0,152,3,2,0,13,69,4,26
0,4,22.0,152,3,20,1,9,54,1,26
0,4,22.0,152,3,17,3,5,12,2,26
0,2,7.0,153,1,16,0,8,9,3,11
0,2,7.0,153,1,15,0,9,95,3,11
0,2,7.0,153,1,5,0,13,48,0,11
0,2,7.0,153,1,13,0,7,20,3,11
0,4,11.0,121,2,6,0,9,101,2,9
0,4,22.0,152,3,15,1,10,47,1,26
0,4,22.0,152,3,5,1,12,100,4,26
0,4,22.0,152,3,5,1,1,59,4,26
0,4,22.0,152,3,13,1,8,27,4,26
0,2,7.0,153,1,17,0,11,133,0,11
0,2,7.0,153,1,16,1,12,17,0,11
0,1,29.0,112,1,21,1,15,114,2,16
0,9,13.0,91,0,3,1,6,7,1,25
0,5,3.0,161,2,18,1,9,10,2,27
0,1,28.0,300,0,9,1,9,83,4,18
0,1,29.0,112,1,6,0,6,7,0,16
0,5,5.0,96,5,10,0,12,84,1,24
0,1,28.0,300,0,17,0,12,61,4,18
0,5,4.0,114,4,2,3,13,38,2,30
0,7,17.0,95,5,20,2,3,70,1,6
0,1,29.0,112,1,7,0,0,64,2,16
1,11,31.0,227,0,23,0,12,61,1,20
0,1,29.0,112,1,8,2,3,30,3,16
0,5,10.0,155,2,0,0,5,12,0,4
1,8,22.0,354,4,13,1,2,35,4,26
0,5,12.0,327,5,9,0,1,11,4,28
0,8,3.0,363,3,7,1,14,25,0,27
0,8,1.0,66,5,8,0,7,122,0,7
1,9,19.0,234,6,12,1,9,49,4,10
0,5,12.0,327,5,18,3,1,59,4,28
0,5,29.0,24,0,14,0,2,2,1,16
0,2,30.0,131,4,19,1,14,110,4,19
0,1,4.0,286,5,2,2,15,39,0,30
0,1,11.0,111,5,16,1,2,60,4,9
0,1,11.0,111,5,2,0,8,9,1,9
0,1,11.0,111,5,8,0,13,29,1,9
0,1,11.0,111,5,4,0,16,42,1,9
0,1,14.0,183,0,5,0,3,30,3,5
0,1,14.0,183,0,8,2,2,2,3,5
0,1,14.0,183,0,22,1,1,11,4,5
0,1,28.0,300,0,18,2,10,22,3,18
0,1,28.0,300,0,22,1,11,55,4,18
0,1,14.0,183,0,12,0,1,35,2,5
0,8,3.0,363,3,20,1,16,74,4,27
0,8,3.0,363,3,9,0,10,22,3,27
0,8,3.0,363,3,19,1,12,83,4,27
0,8,4.0,299,0,2,0,9,57,0,30
0,8,4.0,299,0,5,1,7,129,1,30
0,8,13.0,189,2,22,0,6,14,4,25
0,8,13.0,189,2,12,0,14,25,3,25
0,8,29.0,301,5,8,0,10,47,3,16
0,8,29.0,301,5,15,1,11,18,1,16
0,8,29.0,301,5,1,0,10,12,1,16
0,8,29.0,301,5,4,0,2,2,3,16
0,8,29.0,301,5,18,0,11,55,3,16
0,4,4.0,178,2,19,0,16,50,3,30
0,4,4.0,178,2,4,0,9,57,0,30
0,4,11.0,121,2,0,2,15,108,3,9
0,4,11.0,121,2,12,0,0,26,1,9
0,4,11.0,121,2,12,0,2,86,1,9
0,4,11.0,121,2,22,1,2,86,4,9
0,6,21.0,193,2,0,0,9,9,0,21
0,6,20.0,215,1,3,0,16,72,0,29
0,6,21.0,193,2,21,2,0,15,0,21
0,6,20.0,215,1,18,0,16,113,2,29
0,6,20.0,215,1,4,0,13,21,1,29
0,6,21.0,193,2,19,2,4,127,0,21
0,6,21.0,193,2,9,0,6,89,0,21
0,6,21.0,193,2,1,0,4,121,1,21
0,6,22.0,185,4,22,0,10,23,1,26
0,6,22.0,185,4,2,0,16,37,4,26
0,6,22.0,185,4,4,1,15,46,4,26
0,6,21.0,193,2,13,1,9,95,1,21
0,6,27.0,116,1,17,0,12,17,3,15
0,6,27.0,116,1,3,1,0,68,1,15
0,6,30.0,145,5,4,2,12,84,2,19
0,10,4.0,356,1,23,0,16,50,1,30
0,10,4.0,356,1,4,0,9,63,1,30
0,10,19.0,117,2,6,0,2,86,1,10
0,10,19.0,117,2,15,0,11,124,4,10
0,10,19.0,117,2,6,0,4,75,3,10
0,10,19.0,117,2,13,1,14,34,1,10
0,10,27.0,302,4,3,0,8,27,3,15
0,10,27.0,302,4,17,0,9,63,4,15
0,10,30.0,157,3,20,0,3,79,0,19
0,10,30.0,157,3,2,0,2,69,4,19
0,10,30.0,157,3,2,0,15,108,4,19
0,10,30.0,157,3,19,1,5,64,1,19
0,10,30.0,157,3,11,1,9,95,1,19
0,10,31.0,135,0,7,0,5,12,3,20
0,10,31.0,135,0,15,0,10,30,0,20
0,10,31.0,135,0,3,0,13,69,1,20
0,10,31.0,135,0,9,0,11,117,1,20
0,1,3.0,188,4,7,1,0,64,0,27
0,1,3.0,188,4,12,1,15,46,1,27
0,1,3.0,188,4,1,0,10,47,3,27
0,1,4.0,286,5,17,0,5,12,1,30
0,1,3.0,188,4,1,0,3,79,1,27
0,1,4.0,286,5,16,1,7,57,0,30
0,1,4.0,286,5,5,0,3,79,0,30
0,1,11.0,111,5,17,2,11,15,3,9
0,1,11.0,111,5,22,0,14,106,3,9
0,2,18.0,7,6,9,1,10,23,0,0
0,1,29.0,112,1,21,1,15,114,2,16
0,8,3.0,363,3,17,0,2,86,3,27
1,5,15.0,200,3,12,3,9,49,3,1
1,10,31.0,135,3,17,1,0,77,1,20
0,8,3.0,363,3,5,0,6,91,3,27
0,1,29.0,112,1,13,0,14,25,0,16
1,10,4.0,356,0,1,1,5,6,0,30
0,1,29.0,112,1,2,2,6,91,0,16
1,1,4.0,286,4,4,0,13,38,1,30
0,8,3.0,363,3,22,2,16,50,0,27
1,0,16.0,11,5,1,1,11,94,1,2
0,5,10.0,155,2,15,0,5,6,0,4
1,8,13.0,189,1,19,1,4,138,4,25
0,1,28.0,300,0,2,1,16,108,1,18
0,8,3.0,363,3,22,0,13,48,3,27
0,11,25.0,88,2,15,0,5,6,1,13
1,4,14.0,345,5,17,0,6,7,2,5
0,11,24.0,194,1,9,3,11,55,1,14
0,3,14.0,33,5,17,0,9,49,1,5
0,3,14.0,33,5,20,1,8,41,1,5
0,3,23.0,57,3,18,0,6,116,3,17
0,5,14.0,36,3,22,0,11,15,1,5
0,5,14.0,36,3,15,1,13,21,0,5
0,11,31.0,227,1,19,0,5,6,0,20
0,11,25.0,88,2,8,2,10,43,3,13
0,9,8.0,90,2,19,1,10,23,1,8
0,7,31.0,43,5,13,2,3,30,3,20
0,1,25.0,65,5,18,1,12,83,0,13
0,4,7.0,133,6,8,0,4,82,3,11
1,0,1.0,8,4,2,0,2,2,4,7
1,5,24.0,58,1,1,0,6,73,3,14
1,11,17.0,110,0,12,3,8,19,1,6
1,10,10.0,245,3,22,2,13,29,2,4
1,10,10.0,245,3,19,1,9,10,4,4
1,3,1.0,180,5,17,0,15,85,1,7
1,8,20.0,319,1,14,3,2,13,4,29
1,4,21.0,339,5,1,0,8,27,3,21
1,1,2.0,171,1,14,2,5,6,3,22
1,1,19.0,29,5,8,1,1,105,0,10
0,11,29.0,270,3,18,0,6,7,1,16
0,11,29.0,270,3,15,1,10,47,1,16
1,4,26.0,80,2,2,1,16,72,4,3
1,4,11.0,121,1,23,3,11,122,1,9
1,2,13.0,276,3,21,0,10,22,1,25
0,7,21.0,81,1,18,0,5,12,3,21
0,7,21.0,81,1,18,0,10,47,2,21
1,2,19.0,137,6,18,0,0,53,1,10
1,10,1.0,208,5,17,1,5,12,1,7
0,10,5.0,336,2,19,0,1,59,4,24
0,9,9.0,320,4,4,1,10,47,1,12
0,7,1.0,98,2,12,1,12,84,1,7
0,7,27.0,53,0,18,0,13,61,0,15
0,2,19.0,137,3,4,0,9,83,3,10
0,2,25.0,233,6,5,1,15,31,4,13
0,2,25.0,233,6,22,0,5,6,3,13
0,2,25.0,233,6,11,1,2,2,1,13
0,2,25.0,233,6,14,0,13,38,1,13
0,2,25.0,233,6,18,3,9,93,3,13
0,0,3.0,334,3,0,1,12,135,4,27
0,0,3.0,334,3,13,0,9,93,1,27
0,0,3.0,334,3,12,2,8,118,3,27
0,0,3.0,334,3,5,1,1,35,4,27
0,10,1.0,208,6,13,0,9,57,3,7
0,0,10.0,129,3,2,0,13,48,3,4
0,0,10.0,129,3,3,1,12,56,4,4
0,0,25.0,281,0,5,0,15,39,4,13
0,0,25.0,281,0,3,0,15,119,3,13
0,0,25.0,281,0,4,0,14,25,1,13
0,0,25.0,281,0,4,1,1,1,4,13
0,0,28.0,249,4,17,0,9,102,1,18
0,0,28.0,249,4,17,0,0,26,0,18
0,0,28.0,249,4,16,1,10,22,0,18
0,0,28.0,249,4,8,0,14,25,4,18
0,0,28.0,249,4,12,0,1,1,0,18
0,0,28.0,249,4,18,0,8,118,1,18
0,1,4.0,286,5,6,2,6,132,3,30
0,1,3.0,188,4,2,1,3,79,0,27
0,1,11.0,111,5,23,0,5,12,2,9
0,1,11.0,111,5,8,0,10,6,0,9
0,1,11.0,111,5,13,1,5,12,0,9
0,1,14.0,183,0,0,0,14,107,1,5
0,1,14.0,183,0,16,0,15,112,4,5
0,6,30.0,145,5,17,1,14,25,0,19
0,1,29.0,112,1,17,0,9,134,3,16
0,5,3.0,161,2,12,0,14,131,3,27
0,5,10.0,155,2,9,0,9,49,1,4
0,1,29.0,112,1,18,0,10,23,1,16
0,5,13.0,184,6,11,0,0,26,0,25
0,8,3.0,363,3,19,0,0,77,3,27
0,8,3.0,363,3,11,0,0,31,4,27
1,6,22.0,185,2,2,1,5,64,1,26
0,5,13.0,184,6,12,0,10,23,1,25
0,8,4.0,299,0,5,0,1,11,2,30
0,8,3.0,363,3,12,0,7,62,1,27
1,6,13.0,317,0,19,3,9,83,0,25
0,5,13.0,184,6,3,1,4,82,1,25
0,8,4.0,299,0,16,0,1,11,3,30
0,8,3.0,363,3,18,2,15,119,3,27
1,4,14.0,345,5,5,1,12,17,1,5
0,5,13.0,184,6,18,2,10,47,3,25
0,8,4.0,299,0,13,0,5,6,3,30
0,1,28.0,300,0,4,3,11,94,4,18
1,4,14.0,345,5,19,1,10,52,2,5
1,10,31.0,135,3,13,1,7,137,4,20
1,1,5.0,219,5,4,0,9,109,1,24
1,0,16.0,11,5,4,1,7,111,2,2
0,3,23.0,57,3,22,0,10,47,3,17
0,5,14.0,36,3,23,1,11,18,1,5
0,11,8.0,283,3,18,0,3,103,1,8
0,11,8.0,283,3,12,3,13,29,3,8
0,11,6.0,252,5,22,0,13,48,4,23
0,11,24.0,194,1,19,1,9,93,4,14
0,9,8.0,90,2,6,0,10,47,0,8
0,10,27.0,302,4,23,1,1,67,4,15
0,6,19.0,291,0,18,0,5,12,2,10
0,6,20.0,215,1,18,0,4,138,4,29
0,6,20.0,215,1,9,0,2,86,0,29
0,6,20.0,215,1,14,1,0,68,1,29
0,6,22.0,185,4,6,2,8,118,3,26
1,8,1.0,66,4,17,3,16,39,0,7
0,6,22.0,185,4,8,0,8,9,4,26
0,6,19.0,291,0,11,1,3,103,4,10
0,6,27.0,116,1,11,0,1,35,3,15
0,6,30.0,145,5,23,0,14,24,1,19
0,6,30.0,145,5,12,0,6,116,3,19
0,10,4.0,356,1,9,0,12,17,3,30
0,10,19.0,117,2,10,0,13,38,0,10
0,10,30.0,157,3,21,1,13,38,0,19
0,10,30.0,157,3,2,0,8,41,0,19
0,10,31.0,135,0,0,1,9,27,0,20
0,1,3.0,188,4,21,1,9,10,0,27
0,1,3.0,188,4,14,0,0,26,3,27
0,1,3.0,188,4,18,2,13,28,2,27
0,2,1.0,16,2,18,0,3,79,1,7
0,2,11.0,297,6,16,0,3,103,1,9
0,2,11.0,297,6,12,0,0,26,2,9
0,2,11.0,297,6,2,0,8,9,1,9
0,2,11.0,297,6,1,1,15,96,2,9
0,2,16.0,220,4,17,0,0,53,3,2
0,2,16.0,220,4,15,0,6,89,4,2
0,2,16.0,220,4,15,0,5,6,0,2
0,2,16.0,220,4,3,1,1,105,4,2
0,2,16.0,220,4,4,0,0,85,2,2
0,2,16.0,220,4,15,1,6,116,1,2
0,2,16.0,220,4,14,0,1,59,2,2
0,2,19.0,137,3,12,0,4,5,3,10
0,1,3.0,188,4,18,3,14,25,0,27
0,1,4.0,286,5,23,0,1,11,4,30
0,1,11.0,111,5,8,0,4,103,3,9
0,0,22.0,241,5,22,3,5,6,0,26
0,6,20.0,215,1,18,1,11,15,1,29
0,6,21.0,193,2,9,0,16,37,4,21
0,6,21.0,193,2,13,0,2,86,4,21
0,6,22.0,185,4,8,2,14,32,3,26
0,6,22.0,185,4,2,0,2,40,2,26
0,6,27.0,116,1,15,0,1,35,4,15
0,6,27.0,116,1,3,0,3,76,3,15
0,6,30.0,145,5,6,2,8,9,3,19
0,6,30.0,145,5,23,0,8,27,1,19
0,6,30.0,145,5,20,1,6,128,4,19
0,6,30.0,145,5,4,1,15,31,1,19
0,10,4.0,356,1,0,0,15,96,1,30
0,10,4.0,356,1,14,0,0,64,3,30
0,10,19.0,117,2,14,0,8,41,2,10
0,10,27.0,302,4,6,0,0,64,2,15
0,10,27.0,302,4,23,1,12,135,4,15
0,10,31.0,135,0,6,0,11,0,3,20
0,8,2.0,77,6,11,1,13,29,1,22
0,5,28.0,259,3,8,0,8,41,0,18
0,8,4.0,299,0,22,0,8,27,0,30
0,8,4.0,299,0,8,0,16,74,2,30
0,5,28.0,259,3,10,1,6,7,4,18
1,8,15.0,72,4,17,1,11,15,0,1
0,5,28.0,259,3,18,0,3,79,1,18
0,8,4.0,299,0,14,2,13,4,3,30
1,0,23.0,237,5,11,0,1,59,0,17
0,8,4.0,299,0,15,1,16,130,1,30
0,6,15.0,49,4,0,0,16,39,1,1
0,1,14.0,183,0,13,0,2,86,0,5
0,6,4.0,159,3,16,0,0,26,3,30
0,8,15.0,72,5,2,1,10,47,0,1
0,6,4.0,159,3,23,0,12,80,2,30
0,1,14.0,183,0,20,0,14,32,0,5
0,4,27.0,274,5,18,0,1,81,4,15
0,8,10.0,71,3,12,0,5,12,0,4
0,1,14.0,183,0,18,0,16,74,4,5
0,8,18.0,75,0,9,0,9,134,1,0
0,2,1.0,16,2,6,0,1,35,4,7
0,1,14.0,183,0,0,0,9,102,3,5
0,4,25.0,20,2,12,1,2,123,4,13
0,2,1.0,16,2,15,0,5,12,3,7
0,1,28.0,300,0,16,0,5,12,3,18
0,2,9.0,21,4,20,1,13,38,4,12
0,2,1.0,16,2,2,0,16,72,0,7
0,1,28.0,300,0,7,1,9,27,0,18
0,6,1.0,158,4,13,0,3,115,0,7
0,2,1.0,16,2,12,2,12,121,3,7
0,1,28.0,300,0,14,0,15,46,2,18
0,0,2.0,47,6,1,0,6,89,1,22
0,2,8.0,258,2,8,0,1,35,2,8
0,1,29.0,112,1,0,0,4,121,1,16
0,2,11.0,297,6,7,1,10,22,1,9
0,10,24.0,261,0,1,0,6,89,1,14
0,2,11.0,297,6,5,0,14,25,1,9
0,1,28.0,300,0,15,1,14,32,0,18
0,1,10.0,17,4,17,0,9,83,3,4
0,1,28.0,300,0,19,1,14,32,1,18
0,2,11.0,297,6,1,0,8,118,3,9
1,2,25.0,233,5,2,3,14,32,0,13
0,8,3.0,363,3,6,0,5,12,0,27
0,2,16.0,220,4,7,0,0,53,0,2
0,3,16.0,263,3,1,1,1,59,0,2
0,8,3.0,363,3,2,0,12,17,4,27
0,3,16.0,263,3,20,0,10,23,1,2
0,8,3.0,363,3,14,0,10,43,1,27
0,2,16.0,220,4,22,0,11,133,3,2
0,5,6.0,277,6,18,0,5,6,0,23
0,8,4.0,299,0,20,0,3,79,4,30
0,2,16.0,220,4,15,1,1,59,4,2
0,5,6.0,277,6,5,0,5,64,2,23
0,8,13.0,189,2,16,0,16,108,0,25
0,8,13.0,189,2,20,2,10,47,3,25
0,8,13.0,189,2,2,0,14,107,1,25
0,8,13.0,189,2,12,0,11,15,3,25
0,8,13.0,189,2,8,0,13,69,0,25
0,8,13.0,189,2,17,0,1,11,3,25
0,8,13.0,189,2,19,0,6,89,3,25
0,4,4.0,178,2,0,0,14,24,1,30
0,10,27.0,302,4,15,0,10,47,2,15
0,10,27.0,302,4,8,0,9,27,2,15
0,10,31.0,135,0,6,0,11,58,2,20
0,10,30.0,157,3,9,1,14,24,0,19
0,10,31.0,135,0,22,0,14,25,4,20
0,1,3.0,188,4,5,0,12,104,4,27
0,1,3.0,188,4,8,0,3,30,1,27
0,1,3.0,188,4,14,0,6,7,0,27
0,1,3.0,188,4,19,1,13,38,0,27
0,0,28.0,249,4,9,2,8,27,3,18
0,1,3.0,188,4,12,1,11,124,1,27
0,1,4.0,286,5,5,0,2,40,1,30
0,1,4.0,286,5,20,0,5,12,0,30
0,1,3.0,188,4,18,2,14,34,2,27
0,1,4.0,286,5,8,0,2,86,1,30
0,1,4.0,286,5,4,0,13,48,4,30
0,1,11.0,111,5,23,0,15,96,0,9
0,1,11.0,111,5,20,0,4,138,3,9
0,1,11.0,111,5,3,0,9,57,0,9
0,1,11.0,111,5,22,0,8,118,0,9
0,1,11.0,111,5,14,1,12,104,4,9
0,1,14.0,183,0,7,1,4,4,0,5
0,1,14.0,183,0,10,0,2,35,2,5
0,1,14.0,183,0,14,0,6,89,3,5
0,1,14.0,183,0,9,2,10,22,3,5
0,10,30.0,157,3,17,2,10,22,3,19
0,10,30.0,157,3,15,1,2,71,4,19
0,10,31.0,135,0,15,0,15,31,1,20
0,10,30.0,157,3,18,0,9,49,1,19
0,10,31.0,135,0,9,2,0,77,3,20
0,1,3.0,188,4,22,0,2,35,3,27
0,1,3.0,188,4,1,0,9,87,2,27
0,1,4.0,286,5,0,2,10,22,3,30
0,1,4.0,286,5,11,0,16,37,3,30
0,1,4.0,286,5,9,2,1,11,3,30
0,6,30.0,145,5,20,1,0,0,4,19
0,1,14.0,183,0,13,1,2,123,4,5
0,1,14.0,183,0,7,1,4,4,0,5
0,1,14.0,183,0,14,0,5,12,0,5
0,1,29.0,112,1,0,0,9,93,1,16
0,1,29.0,112,1,10,0,16,50,1,16
0,8,3.0,363,3,7,0,13,21,4,27
0,8,3.0,363,3,19,1,9,58,4,27
0,8,3.0,363,3,19,0,13,21,1,27
0,8,4.0,299,0,6,0,9,101,3,30
0,8,4.0,299,0,16,0,1,11,3,30
0,1,14.0,183,0,9,0,13,48,3,5
0,2,16.0,220,4,4,2,7,120,2,2
0,5,16.0,239,1,21,0,15,46,0,2
0,5,23.0,168,1,21,1,3,30,2,17
0,2,16.0,220,4,18,0,1,67,1,2
0,6,15.0,49,4,11,0,11,15,1,1
0,10,17.0,256,0,1,1,8,27,0,6
0,5,1.0,109,0,11,1,0,26,0,7
0,1,1.0,203,1,13,1,5,6,0,7
0,1,7.0,32,0,19,0,10,47,2,11
0,1,27.0,262,3,8,0,14,25,1,15
0,8,2.0,77,6,18,0,0,26,3,22
0,2,18.0,7,6,3,0,13,38,2,0
0,8,27.0,78,2,14,1,3,30,4,15
0,9,22.0,92,2,20,0,2,2,1,26
0,3,14.0,33,5,17,1,13,28,1,5
1,2,7.0,153,0,16,0,0,53,1,11
0,3,9.0,44,3,7,1,0,15,1,12
0,6,16.0,38,5,4,1,0,53,1,2
0,6,16.0,38,5,17,1,4,121,1,2
0,6,25.0,39,3,1,0,12,84,0,13
0,6,25.0,39,3,9,0,11,15,0,13
0,6,25.0,39,3,4,1,10,47,0,13
0,6,25.0,39,3,11,1,15,46,1,13
0,11,8.0,283,3,15,1,5,6,0,8
0,10,15.0,60,6,15,0,6,132,1,1
0,9,16.0,107,4,5,1,9,63,4,2
0,7,8.0,94,2,5,0,5,12,0,8
0,1,25.0,65,5,18,0,10,47,2,13
0,1,25.0,65,5,5,0,3,30,4,13
0,8,13.0,189,2,21,0,0,12,0,25
0,8,13.0,189,2,21,1,15,96,0,25
0,10,27.0,302,4,11,0,15,108,1,15
0,10,4.0,356,1,1,0,10,12,1,30
0,10,19.0,117,2,17,0,14,25,0,10
0,10,19.0,117,2,11,0,16,74,4,10
0,10,19.0,117,2,17,0,8,9,1,10
0,10,19.0,117,2,14,0,13,28,1,10
0,10,27.0,302,4,17,0,13,99,0,15
0,10,27.0,302,4,21,1,2,2,0,15
0,10,27.0,302,4,20,1,8,118,1,15
0,10,30.0,157,3,18,0,1,35,3,19
0,10,31.0,135,0,17,0,0,96,1,20
0,10,31.0,135,0,4,0,16,113,4,20
0,10,31.0,135,0,13,1,2,123,4,20
0,10,31.0,135,0,18,0,13,69,4,20
0,1,3.0,188,4,2,0,15,39,3,27
0,1,3.0,188,4,4,0,3,79,1,27
0,1,3.0,188,4,0,0,5,12,3,27
0,1,4.0,286,5,2,2,0,53,4,30
0,6,28.0,309,2,4,0,0,26,3,18
0,5,12.0,327,5,22,0,16,37,2,28
0,4,6.0,176,5,2,2,3,4,3,23
0,6,13.0,317,1,22,0,15,112,4,25
0,7,21.0,81,1,1,1,8,9,0,21
0,2,19.0,137,3,16,2,3,76,0,10
0,2,19.0,137,3,5,0,9,27,3,10
0,2,19.0,137,3,19,0,8,118,4,10
0,2,25.0,233,6,22,0,15,31,1,13
0,2,25.0,233,6,1,0,9,9,2,13
0,2,25.0,233,6,8,1,1,16,4,13
0,0,3.0,334,3,11,0,8,41,1,27
0,0,3.0,334,3,20,0,14,34,3,27
0,0,3.0,334,3,22,0,15,114,2,27
0,0,3.0,334,3,3,1,8,41,1,27
0,0,3.0,334,3,1,2,12,80,4,27
0,0,3.0,334,3,1,2,4,45,3,27
0,0,3.0,334,3,9,0,1,1,0,27
0,0,3.0,334,3,22,1,9,87,4,27
0,0,10.0,129,3,16,0,0,77,1,4
0,0,10.0,129,3,2,0,8,118,1,4
0,0,25.0,281,0,21,0,8,9,3,13
0,0,25.0,281,0,2,0,0,12,1,13
0,0,25.0,281,0,1,0,6,7,1,13
0,0,28.0,249,4,14,2,16,50,3,18
0,0,28.0,249,4,4,0,1,105,3,18
0,0,28.0,249,4,8,1,12,58,4,18
0,0,25.0,281,0,20,0,9,87,3,13
0,1,27.0,262,3,9,1,0,15,0,15
0,1,26.0,248,6,13,0,14,125,1,3
0,1,26.0,248,6,9,0,4,45,2,3
0,6,4.0,159,3,4,2,2,13,0,30
0,4,20.0,115,5,10,3,9,27,0,29
0,6,4.0,159,3,9,2,16,50,1,30
0,6,11.0,355,3,21,0,15,51,1,9
0,6,11.0,355,3,11,1,15,46,0,9
0,6,11.0,355,3,4,0,6,7,1,9
0,6,12.0,162,0,0,0,15,31,1,28
0,6,12.0,162,0,17,2,4,82,3,28
0,6,12.0,162,0,0,0,10,22,1,28
0,6,11.0,355,3,3,2,6,89,0,9
0,6,12.0,162,0,22,0,8,41,4,28
0,6,19.0,291,0,6,2,16,50,3,10
0,6,19.0,291,0,23,0,2,71,4,10
0,6,19.0,291,0,14,0,2,86,4,10
0,6,20.0,215,1,17,0,3,79,0,29
0,6,20.0,215,1,15,0,15,51,1,29
0,6,21.0,193,2,7,1,11,94,1,21
0,6,22.0,185,4,3,1,8,118,4,26
0,6,20.0,215,1,9,0,4,66,2,29
1,11,19.0,321,2,4,0,1,11,1,10
1,11,20.0,340,4,22,2,7,137,0,29
0,10,31.0,135,0,1,1,12,84,1,20
1,11,20.0,340,4,3,0,8,19,2,29
1,11,20.0,340,4,17,0,8,118,1,29
1,5,4.0,114,2,11,0,14,24,2,30
1,7,29.0,268,1,15,2,10,22,1,16
1,11,21.0,192,5,7,0,14,110,4,21
1,11,22.0,250,6,11,0,8,9,0,26
1,9,6.0,51,3,14,0,8,41,1,23
1,9,14.0,106,0,3,2,1,11,0,5
1,9,20.0,119,3,3,0,0,68,1,29
1,9,20.0,119,3,13,0,6,91,2,29
1,11,19.0,321,2,8,1,15,108,2,10
1,11,20.0,340,4,1,0,9,95,1,29
1,11,21.0,192,5,8,2,7,57,3,21
1,11,21.0,192,5,22,1,3,70,1,21
1,11,20.0,340,4,14,1,7,122,2,29
1,11,21.0,192,5,9,2,0,64,2,21
1,11,22.0,250,6,16,0,10,22,2,26
1,9,12.0,177,6,6,1,11,117,0,28
1,9,12.0,177,6,14,2,15,31,2,28
1,9,14.0,106,0,11,0,12,56,4,5
1,9,14.0,106,0,3,1,12,104,4,5
1,9,20.0,119,3,23,1,9,54,4,29
1,9,20.0,119,3,2,1,15,51,1,29
1,9,20.0,119,3,12,1,0,64,1,29
1,9,20.0,119,3,8,0,3,79,3,29
1,9,20.0,119,3,18,1,3,30,0,29
1,9,21.0,362,0,3,2,2,40,3,21
1,9,21.0,362,0,19,0,6,89,0,21
1,7,12.0,181,6,16,0,5,6,3,28
1,7,12.0,181,6,16,1,11,15,0,28
1,7,6.0,93,3,22,0,10,22,3,23
1,9,12.0,177,6,2,2,3,30,0,28
1,9,12.0,177,6,14,2,4,45,3,28
1,9,14.0,106,0,12,1,16,37,4,5
1,11,11.0,175,1,0,0,16,130,1,9
1,9,14.0,106,0,19,0,8,118,1,5
1,11,15.0,331,6,2,1,9,49,1,1
1,11,17.0,110,0,16,1,6,7,0,6
1,9,20.0,119,3,5,1,5,64,1,29
1,9,20.0,119,3,17,2,11,90,3,29
0,4,19.0,142,4,6,0,6,89,0,10
1,9,20.0,119,3,22,0,14,131,1,29
1,9,20.0,119,3,16,0,10,23,1,29
1,9,20.0,119,3,19,0,10,22,0,29
1,9,21.0,362,0,19,1,2,13,4,21
1,9,21.0,362,0,22,0,2,86,2,21
1,9,21.0,362,0,13,1,1,81,4,21
1,9,21.0,362,0,23,1,4,66,1,21
1,9,21.0,362,0,19,2,6,89,1,21
1,9,21.0,362,0,1,0,13,29,3,21
1,9,22.0,92,1,16,0,14,25,3,26
1,9,21.0,362,0,13,1,12,121,1,21
1,9,21.0,362,0,9,0,13,36,1,21
1,9,22.0,92,1,6,2,0,53,3,26
1,9,22.0,92,1,16,0,6,91,3,26
1,9,22.0,92,1,7,2,0,53,2,26
1,9,22.0,92,1,22,0,1,59,3,26
1,9,22.0,92,1,22,2,7,78,3,26
1,9,22.0,92,1,12,0,3,30,4,26
1,11,11.0,175,1,18,0,6,128,2,9
1,11,19.0,321,2,15,1,12,80,0,10
1,11,20.0,340,4,11,0,14,32,3,29
1,3,15.0,35,5,9,2,16,37,3,1
1,11,21.0,192,5,0,1,3,103,0,21
1,11,22.0,250,6,12,0,5,12,2,26
1,9,12.0,177,6,17,2,9,83,2,28
1,9,12.0,177,6,3,1,15,46,1,28
1,9,14.0,106,0,18,0,6,132,4,5
1,9,14.0,106,0,9,0,7,129,2,5
1,9,14.0,106,0,18,1,15,31,0,5
1,9,20.0,119,3,3,2,3,103,3,29
1,9,21.0,362,0,1,0,2,69,3,21
1,9,22.0,92,1,10,2,9,95,3,26
1,7,6.0,93,3,17,1,13,48,0,23
1,7,6.0,93,3,13,2,3,30,2,23
1,7,6.0,93,3,14,0,2,69,2,23
1,7,12.0,181,6,19,2,15,96,3,28
1,7,12.0,181,6,12,2,2,123,3,28
1,7,23.0,202,2,17,0,2,86,2,17
1,7,23.0,202,2,5,0,9,93,2,17
1,7,23.0,202,2,19,0,1,11,4,17
1,7,23.0,202,2,19,2,15,46,3,17
1,7,29.0,268,1,23,0,0,31,0,16
1,7,29.0,268,1,13,0,8,41,1,16
0,2,1.0,16,2,12,1,9,27,0,7
1,10,29.0,318,5,4,0,2,69,0,16
1,6,30.0,145,4,15,1,9,109,1,19
0,2,1.0,16,2,13,0,8,27,1,7
1,10,29.0,318,5,13,1,0,53,4,16
0,1,3.0,188,4,11,3,13,28,3,27
0,4,19.0,142,4,5,1,15,46,4,10
0,4,19.0,142,4,9,0,0,12,0,10
1,10,5.0,336,1,17,0,13,13,0,24
0,2,11.0,297,6,22,0,13,29,3,9
1,1,14.0,183,3,14,0,13,21,1,5
0,1,29.0,112,1,1,2,3,103,3,16
0,4,25.0,20,2,14,0,13,29,1,13
1,5,6.0,277,5,1,1,2,92,4,23
1,7,29.0,268,1,6,0,5,12,0,16
0,2,8.0,258,2,13,0,8,33,4,8
0,2,25.0,233,6,5,0,10,22,2,13
0,8,6.0,87,2,21,0,0,26,3,23
0,10,3.0,310,0,16,0,13,99,0,27
0,8,14.0,296,4,23,1,7,111,4,5
0,8,6.0,87,2,14,1,15,31,0,23
0,8,12.0,284,1,4,1,6,7,0,28
0,0,7.0,15,4,14,1,5,6,0,11
1,2,21.0,108,0,19,1,1,105,0,21
1,2,28.0,257,0,19,1,13,99,1,18
1,0,20.0,172,1,2,0,16,74,3,29
1,8,10.0,71,6,20,0,14,25,0,4
1,4,12.0,134,2,14,1,13,48,0,28
1,2,2.0,143,2,17,0,4,121,1,22
0,11,12.0,118,4,8,0,9,9,3,28
0,7,13.0,238,0,23,1,7,137,1,25
0,3,2.0,120,3,14,2,3,103,3,22
0,1,16.0,2,2,3,0,12,61,4,2
0,6,12.0,162,0,0,0,4,75,2,28
1,11,27.0,322,4,12,0,1,105,4,15
1,9,2.0,323,2,0,1,16,74,0,22
1,4,18.0,26,1,6,1,13,21,4,0
0,4,22.0,152,3,16,0,11,122,1,26
0,2,7.0,153,1,13,0,4,5,1,11
1,5,9.0,206,0,4,1,10,47,0,12
1,5,9.0,206,0,8,0,10,22,4,12
0,4,2.0,141,0,3,0,6,7,2,22
0,4,2.0,141,0,4,0,0,53,3,22
0,4,9.0,18,0,10,1,5,0,2,12
0,4,9.0,18,0,20,1,2,3,4,12
0,4,9.0,18,0,2,0,7,111,1,12
0,4,17.0,19,1,16,0,0,12,0,6
0,4,19.0,142,4,19,0,5,6,2,10
0,4,25.0,20,2,4,1,1,67,4,13
0,2,2.0,143,4,13,0,6,91,2,22
0,2,9.0,21,4,0,0,14,125,4,12
0,2,9.0,21,4,23,0,0,64,2,12
0,2,9.0,21,4,3,0,6,7,3,12
0,2,9.0,21,4,23,1,6,14,1,12
0,2,26.0,3,3,20,1,12,17,4,3
0,2,24.0,22,5,15,0,13,36,2,14
0,0,18.0,0,0,3,1,13,38,4,0
1,5,19.0,146,4,4,1,8,41,1,10
1,5,28.0,259,6,17,0,13,21,1,18
1,5,10.0,155,1,4,3,0,26,0,4
1,1,20.0,151,6,4,3,1,105,0,29
1,2,4.0,254,5,22,1,4,82,1,30
1,2,20.0,264,3,12,1,0,85,2,29
0,7,12.0,181,3,8,0,8,9,3,28
0,3,2.0,120,3,13,0,16,65,2,22
0,11,11.0,175,2,17,0,1,11,4,9
0,9,21.0,362,1,18,0,8,27,1,21
1,10,3.0,310,3,13,3,5,12,3,27
0,8,11.0,306,0,4,1,12,84,0,9
0,8,23.0,102,6,17,1,16,72,4,17
0,2,5.0,127,3,3,0,5,64,2,24
0,7,11.0,197,6,1,0,5,12,0,9
1,9,2.0,323,2,5,0,2,2,1,22
1,3,2.0,120,6,18,2,16,42,3,22
0,0,13.0,198,2,1,2,15,119,0,25
0,11,21.0,192,6,18,1,10,12,0,21
0,9,27.0,179,0,12,3,9,10,4,15
0,7,4.0,186,6,9,0,2,92,0,30
0,7,4.0,186,6,8,0,16,74,2,30
0,7,12.0,181,3,12,3,3,30,4,28
0,10,31.0,135,0,4,1,3,103,0,20
0,11,12.0,118,4,23,0,2,40,1,28
0,1,14.0,183,0,23,1,13,123,4,5
0,1,14.0,183,0,18,0,7,31,3,5
0,8,3.0,363,3,13,1,11,55,4,27
0,6,27.0,116,1,17,0,1,35,1,15
0,7,4.0,186,6,1,0,9,87,3,30
0,5,3.0,161,2,11,0,2,86,3,27
0,6,22.0,185,4,15,0,12,56,4,26
0,10,4.0,356,1,17,1,5,6,0,30
0,4,4.0,178,2,17,1,14,24,1,30
0,3,2.0,120,3,3,0,6,91,2,22
0,5,3.0,161,2,7,2,8,41,3,27
0,2,1.0,16,2,1,0,9,54,4,7
0,2,25.0,233,6,14,0,8,41,0,13
0,2,8.0,258,2,17,3,12,56,2,8
0,2,16.0,220,4,10,1,9,49,1,2
0,2,25.0,233,6,17,1,0,26,1,13
1,0,27.0,23,1,11,3,12,100,4,15
0,6,22.0,185,4,0,1,15,114,2,26
1,1,23.0,69,1,17,0,14,34,3,17
1,5,20.0,214,5,12,0,6,7,0,29
1,7,30.0,42,2,15,0,2,35,2,19
0,10,31.0,135,0,13,0,12,135,4,20
1,10,5.0,336,1,15,0,4,4,1,24
0,4,25.0,20,2,14,0,7,62,0,13
1,10,5.0,336,1,18,0,6,73,1,24
1,7,29.0,268,1,9,2,3,44,1,16
1,5,20.0,214,5,8,1,1,16,4,29
0,3,27.0,361,4,17,3,14,25,1,15
1,1,23.0,69,1,17,1,3,103,4,17
0,2,9.0,21,4,6,1,2,92,0,12
1,10,6.0,242,2,21,0,14,24,1,23
1,7,30.0,42,2,2,0,7,111,2,19
1,5,23.0,168,0,21,1,1,81,0,17
0,3,28.0,187,5,14,1,13,99,1,18
1,1,30.0,100,1,21,0,15,114,1,19
0,2,9.0,21,4,12,0,6,116,1,12
1,7,12.0,181,6,4,0,2,2,1,28
0,1,10.0,17,4,15,1,5,64,2,4
1,3,5.0,324,1,4,0,11,15,2,24
1,3,5.0,324,1,1,0,14,25,4,24
1,3,12.0,104,1,17,0,2,86,1,28
1,3,12.0,104,1,9,0,8,41,4,28
1,3,12.0,104,1,9,1,11,10,4,28
1,3,15.0,35,5,3,0,8,41,4,1
1,3,15.0,35,5,5,3,0,53,3,1
1,3,15.0,35,5,5,0,5,6,0,1
1,5,4.0,114,2,17,0,15,114,0,30
1,5,4.0,114,2,21,1,6,89,0,30
1,5,6.0,277,5,6,1,5,64,0,23
1,11,3.0,288,0,6,0,14,107,3,27
1,11,3.0,288,0,14,1,15,51,1,27
1,11,11.0,175,1,3,0,2,2,1,9
1,11,11.0,175,1,13,0,12,56,1,9
1,11,19.0,321,2,2,0,0,77,1,10
1,11,19.0,321,2,19,2,10,6,3,10
1,11,21.0,192,5,6,2,6,7,0,21
1,11,21.0,192,5,19,2,5,0,2,21
1,11,21.0,192,5,9,2,6,89,3,21
1,11,20.0,340,4,1,2,8,19,3,29
0,0,1.0,8,5,4,0,10,22,2,7
1,11,21.0,192,5,9,0,15,114,1,21
1,11,22.0,250,6,10,1,1,105,0,26
1,11,22.0,250,6,3,0,15,108,2,26
1,9,21.0,362,0,13,0,16,113,2,21
1,9,22.0,92,1,16,0,13,99,4,26
1,9,22.0,92,1,8,1,0,0,4,26
1,7,6.0,93,3,17,0,6,89,4,23
1,7,6.0,93,3,11,0,2,13,1,23
1,7,6.0,93,3,2,0,16,72,2,23
1,7,6.0,93,3,3,1,1,59,1,23
1,7,12.0,181,6,17,1,14,110,0,28
1,7,12.0,181,6,16,0,15,51,1,28
1,7,12.0,181,6,19,1,9,63,4,28
1,7,23.0,202,2,6,0,0,12,0,17
1,7,23.0,202,2,6,0,0,64,2,17
1,7,29.0,268,1,9,0,15,96,0,16
1,7,30.0,42,2,8,0,15,51,1,19
1,3,12.0,104,1,10,1,10,47,0,28
1,3,12.0,104,1,13,0,11,117,0,28
1,3,12.0,104,1,12,2,2,2,3,28
1,3,15.0,35,5,4,0,16,108,3,1
1,3,21.0,338,4,16,0,3,79,0,21
1,3,21.0,338,4,1,2,16,72,1,21
1,5,6.0,277,5,15,0,9,95,2,23
1,5,6.0,277,5,19,2,2,86,3,23
1,5,6.0,277,5,4,0,6,7,3,23
1,5,6.0,277,5,11,1,9,54,4,23
1,5,6.0,277,5,19,0,11,15,1,23
1,5,7.0,349,6,11,1,8,41,1,11
1,5,7.0,349,6,3,1,2,71,4,11
1,5,7.0,349,6,12,1,15,39,1,11
1,5,20.0,214,5,12,2,6,91,1,29
1,5,23.0,168,0,20,2,13,13,3,17
1,9,10.0,156,4,20,0,4,4,1,4
1,9,10.0,156,4,21,1,6,7,0,4
1,9,10.0,156,4,22,0,1,11,4,4
1,9,10.0,156,4,20,1,14,25,4,4
1,9,10.0,156,4,3,1,16,72,1,4
1,9,10.0,156,4,9,0,13,29,1,4
1,9,10.0,156,4,2,1,13,48,4,4
1,9,24.0,272,4,5,0,0,26,1,14
1,9,24.0,272,4,8,0,2,2,2,14
1,9,24.0,272,4,12,0,6,132,1,14
1,9,25.0,344,5,21,0,10,23,1,13
1,9,25.0,344,5,20,0,3,30,1,13
1,5,23.0,168,0,1,0,13,38,3,17
1,3,15.0,35,5,2,1,8,27,1,1
1,5,7.0,349,6,18,3,5,64,3,11
1,5,23.0,168,0,13,3,14,97,4,17
1,5,31.0,196,1,2,0,4,66,2,20
1,5,31.0,196,1,4,0,3,44,3,20
1,5,31.0,196,1,19,0,1,59,4,20
1,10,5.0,336,1,17,1,0,15,0,24
1,10,5.0,336,1,12,0,4,5,4,24
1,10,6.0,242,2,3,0,8,41,1,23
1,10,14.0,174,4,11,0,10,47,3,5
1,10,14.0,174,4,9,0,13,99,3,5
1,5,4.0,114,2,3,0,6,89,0,30
1,8,5.0,101,0,13,0,3,30,3,24
0,2,9.0,21,4,11,1,13,13,1,12
1,8,5.0,101,0,3,1,1,59,1,24
1,5,31.0,196,1,11,1,3,30,4,20
0,6,4.0,159,3,1,0,8,118,0,30
1,6,30.0,145,4,6,0,16,50,3,19
0,1,14.0,183,0,22,1,16,50,4,5
1,7,12.0,181,6,18,0,13,29,2,28
0,2,9.0,21,4,5,1,13,13,1,12
1,8,5.0,101,0,12,0,4,45,0,24
1,9,1.0,126,1,11,1,4,66,4,7
0,1,28.0,300,0,17,1,7,137,4,18
1,7,23.0,202,2,2,1,13,38,4,17
0,2,24.0,22,5,6,0,3,79,1,14
1,8,14.0,296,2,13,0,8,27,3,5
1,7,16.0,40,2,11,3,12,17,4,2
0,5,29.0,24,0,3,0,13,99,2,16
1,7,23.0,202,2,8,1,12,100,1,17
0,2,24.0,22,5,14,0,13,38,1,14
1,8,14.0,296,2,12,0,11,129,3,5
1,5,3.0,161,1,12,1,9,58,2,27
0,10,11.0,298,1,1,0,5,0,1,9
0,1,5.0,219,6,4,1,16,139,4,24
0,8,28.0,224,4,5,1,10,47,0,18
0,2,23.0,230,4,12,1,12,56,4,17
0,2,1.0,16,2,2,0,14,106,4,7
0,6,12.0,162,0,13,0,14,24,3,28
1,7,18.0,154,5,5,0,11,18,1,0
1,1,20.0,151,6,18,0,15,46,0,29
0,5,28.0,259,3,2,1,0,15,4,18
0,3,27.0,361,4,18,1,10,22,2,15
0,10,31.0,135,0,1,0,5,6,3,20
0,8,30.0,103,6,18,0,7,78,3,19
0,2,8.0,258,2,8,1,10,12,2,8
0,8,14.0,296,4,13,0,2,86,0,5
0,8,14.0,296,4,2,2,3,79,1,5
0,8,23.0,102,6,19,1,2,123,0,17
0,8,30.0,103,6,12,3,14,25,3,19
0,4,3.0,279,1,6,3,6,7,3,27
0,2,5.0,127,3,17,0,16,130,4,24
0,8,20.0,319,2,14,0,16,74,3,29
0,10,29.0,318,6,7,1,10,47,1,16
0,4,23.0,30,0,20,0,16,113,2,17
0,2,25.0,233,6,4,3,6,7,0,13
0,4,31.0,67,1,9,0,12,56,3,20
1,11,25.0,88,1,16,0,5,12,3,13
1,11,25.0,88,1,13,2,2,13,3,13
1,11,25.0,88,1,18,0,4,75,1,13
1,11,26.0,364,2,0,0,10,12,0,3
1,11,26.0,364,2,15,0,3,30,3,3
1,11,26.0,364,2,19,0,2,69,0,3
1,11,26.0,364,2,12,2,4,4,1,3
1,11,26.0,364,2,14,0,13,29,2,3
0,0,8.0,9,5,18,2,15,96,3,8
1,11,27.0,322,4,8,2,1,16,3,15
1,11,27.0,322,4,19,0,0,96,2,15
1,11,27.0,322,4,9,2,3,44,3,15
1,9,2.0,323,2,0,2,3,79,3,22
1,9,2.0,323,2,0,0,5,12,3,22
0,1,23.0,69,2,16,0,9,93,3,17
1,9,2.0,323,2,9,0,2,2,0,22
1,9,10.0,156,4,6,0,11,18,1,4
1,9,1.0,126,1,19,0,2,60,1,7
1,9,1.0,126,1,19,1,13,48,2,7
1,11,2.0,265,3,13,0,1,81,1,22
1,11,2.0,265,3,17,0,1,11,2,22
1,9,23.0,167,2,13,1,8,27,1,17
1,9,11.0,52,5,14,3,1,105,3,9
1,11,30.0,170,3,22,0,9,102,1,19
1,11,11.0,175,1,6,0,5,12,3,9
1,11,11.0,175,1,16,0,11,18,0,9
1,11,19.0,321,2,17,0,13,29,4,10
1,11,19.0,321,2,16,2,10,22,3,10
1,11,11.0,175,1,0,1,11,15,0,9
1,11,11.0,175,1,11,0,5,6,1,9
1,11,3.0,288,0,20,3,2,60,4,27
1,11,19.0,321,2,19,1,14,25,4,10
1,11,19.0,321,2,14,0,0,68,1,10
1,11,20.0,340,4,0,2,10,47,3,29
1,11,19.0,321,2,11,1,0,68,1,10
1,11,20.0,340,4,21,2,1,16,3,29
1,11,20.0,340,4,8,0,14,97,2,29
1,11,20.0,340,4,8,2,13,28,4,29
1,11,20.0,340,4,19,0,12,61,1,29
1,11,20.0,340,4,9,0,1,16,4,29
1,11,20.0,340,4,19,0,4,66,3,29
1,11,20.0,340,4,9,0,1,11,1,29
1,11,19.0,321,2,18,0,9,9,3,10
1,11,22.0,250,6,6,1,1,67,0,26
1,11,22.0,250,6,8,2,13,13,3,26
1,11,22.0,250,6,5,1,1,81,4,26
1,9,6.0,51,3,6,0,12,121,1,23
1,9,6.0,51,3,10,0,6,7,2,23
1,9,6.0,51,3,5,1,12,17,4,23
1,9,6.0,51,3,1,2,9,57,3,23
1,9,12.0,177,6,5,0,15,39,1,28
1,11,3.0,288,0,10,0,8,41,0,27
1,11,3.0,288,0,19,1,2,3,4,27
1,11,11.0,175,1,2,1,13,29,1,9
1,11,19.0,321,2,5,2,15,46,3,10
1,7,29.0,268,1,17,2,5,6,1,16
0,2,26.0,3,3,5,0,8,41,4,3
1,8,14.0,296,2,12,1,14,25,1,5
1,11,10.0,360,0,19,0,5,12,1,4
1,3,5.0,324,1,6,2,3,103,3,24
0,0,2.0,47,6,16,1,12,104,4,22
1,9,21.0,362,0,17,0,8,41,4,21
0,0,9.0,48,6,11,3,11,15,2,12
1,3,15.0,35,5,12,1,2,2,0,1
1,11,17.0,110,0,2,0,16,113,1,6
1,3,12.0,104,1,11,0,8,9,0,28
0,0,9.0,48,6,21,2,6,7,0,12
1,7,12.0,181,6,8,2,14,32,0,28
1,6,30.0,145,4,5,0,6,7,0,19
1,3,21.0,338,4,17,1,16,37,4,21
0,0,9.0,48,6,14,0,5,64,1,12
1,7,23.0,202,2,19,0,14,34,1,17
1,6,30.0,145,4,2,0,2,2,0,19
1,3,21.0,338,4,2,0,8,118,3,21
0,0,9.0,48,6,14,2,6,128,0,12
0,1,23.0,69,2,7,1,0,0,0,17
1,6,30.0,145,4,22,0,9,27,1,19
1,10,5.0,336,1,16,0,10,47,0,24
1,10,5.0,336,1,19,0,13,13,0,24
1,10,5.0,336,1,2,0,6,89,0,24
1,10,6.0,242,2,0,2,0,15,3,23
1,10,6.0,242,2,14,0,4,5,1,23
1,10,14.0,174,4,6,1,5,64,0,5
1,10,14.0,174,4,22,2,16,108,3,5
1,10,14.0,174,4,9,0,5,6,3,5
1,10,15.0,60,5,20,2,16,130,0,1
1,10,15.0,60,5,13,0,12,84,1,1
1,10,15.0,60,5,20,0,0,26,3,1
1,7,6.0,93,3,15,0,15,96,0,23
1,7,12.0,181,6,17,0,3,30,1,28
1,7,12.0,181,6,4,0,4,75,3,28
1,7,12.0,181,6,14,0,5,0,2,28
1,7,12.0,181,6,12,1,10,52,1,28
1,7,23.0,202,2,23,0,8,41,1,17
1,7,23.0,202,2,19,0,9,83,1,17
0,0,17.0,12,3,3,0,7,20,4,6
1,7,29.0,268,1,17,0,5,64,0,16
1,7,29.0,268,1,6,1,6,7,0,16
1,7,29.0,268,1,2,0,2,60,4,16
1,7,30.0,42,2,21,1,2,2,2,19
1,7,29.0,268,1,19,1,2,86,0,16
1,3,5.0,324,1,17,0,4,45,0,24
1,3,5.0,324,1,17,0,0,68,1,24
1,3,5.0,324,1,0,2,0,77,1,24
1,3,12.0,104,1,6,1,11,98,4,28
1,3,12.0,104,1,3,0,11,10,4,28
1,3,12.0,104,1,6,0,1,59,3,28
1,3,12.0,104,1,17,1,9,54,1,28
1,3,12.0,104,1,8,0,11,15,0,28
1,3,12.0,104,1,14,1,9,83,4,28
1,3,15.0,35,5,22,0,5,6,0,1
1,3,15.0,35,5,22,0,16,37,2,1
1,3,15.0,35,5,14,0,15,31,4,1
1,9,21.0,362,0,4,1,9,93,0,21
1,11,22.0,250,6,3,1,12,17,4,26
1,11,19.0,321,2,21,0,11,15,1,10
1,9,6.0,51,3,5,0,10,23,1,23
1,9,12.0,177,6,11,1,4,75,4,28
1,9,14.0,106,0,17,0,2,13,0,5
1,9,14.0,106,0,0,0,1,11,4,5
1,9,14.0,106,0,11,0,3,79,1,5
1,9,14.0,106,0,1,0,13,4,3,5
1,9,14.0,106,0,22,0,2,40,2,5
1,9,20.0,119,3,13,1,0,68,4,29
1,9,20.0,119,3,20,1,13,29,4,29
1,9,20.0,119,3,1,0,0,96,1,29
1,9,21.0,362,0,22,0,14,25,2,21
1,9,21.0,362,0,23,1,4,66,1,21
1,9,22.0,92,1,6,2,8,19,0,26
1,9,22.0,92,1,10,0,3,70,1,26
1,9,20.0,119,3,5,1,9,101,4,29
1,9,22.0,92,1,5,1,3,44,1,26
1,9,14.0,106,0,5,0,4,82,1,5
1,7,6.0,93,3,4,2,0,31,3,23
1,7,6.0,93,3,18,0,12,80,4,23
1,10,15.0,60,5,17,1,14,25,0,1
1,10,15.0,60,5,20,1,9,10,4,1
1,10,15.0,60,5,12,0,13,38,4,1
1,10,15.0,60,5,20,1,10,43,4,1
1,10,14.0,174,4,14,1,4,82,1,5
1,10,16.0,201,6,7,0,11,58,2,2
1,10,21.0,341,4,21,1,4,4,4,21
1,10,21.0,341,4,5,0,1,1,0,21
1,10,21.0,341,4,1,0,3,30,3,21
1,10,21.0,341,4,1,0,14,24,0,21
1,10,22.0,314,5,11,0,6,7,4,26
1,10,22.0,314,5,7,0,14,131,4,26
1,10,22.0,314,5,13,0,10,47,0,26
1,10,22.0,314,5,17,1,0,96,4,26
1,7,23.0,202,2,8,1,13,48,4,17
1,3,21.0,338,4,1,2,5,6,3,21
1,3,21.0,338,4,1,0,6,89,3,21
1,7,29.0,268,1,7,0,4,82,3,16
1,5,4.0,114,2,9,0,13,38,4,30
1,5,6.0,277,5,7,0,15,96,3,23
1,7,29.0,268,1,21,0,16,72,3,16
1,5,6.0,277,5,6,2,8,19,0,23
1,7,29.0,268,1,7,1,6,7,0,16
0,0,9.0,48,6,13,1,9,95,4,12
1,5,6.0,277,5,2,0,10,43,1,23
1,7,29.0,268,1,12,0,13,99,2,16
0,0,9.0,48,6,12,1,14,88,4,12
1,7,30.0,42,2,17,2,6,7,3,19
0,0,9.0,48,6,1,0,3,115,3,12
1,5,6.0,277,5,12,0,5,6,2,23
1,7,30.0,42,2,17,0,8,9,0,19
0,0,18.0,0,0,15,1,8,33,4,0
1,7,29.0,268,1,18,2,10,47,1,16
0,2,26.0,3,3,15,1,8,27,1,3
1,5,6.0,277,5,4,2,4,82,1,23
1,7,30.0,42,2,5,1,2,86,4,19
0,0,2.0,47,6,19,0,4,127,3,22
1,5,7.0,349,6,11,1,1,59,4,11
1,5,6.0,277,5,16,2,6,89,1,23
1,5,20.0,214,5,17,0,4,82,3,29
1,5,20.0,214,5,15,2,14,25,0,29
1,5,20.0,214,5,11,0,4,82,3,29
1,5,20.0,214,5,11,0,11,15,3,29
1,11,3.0,288,0,3,1,1,59,4,27
1,11,11.0,175,1,17,2,6,128,3,9
1,11,19.0,321,2,16,1,3,70,0,10
1,11,19.0,321,2,2,0,2,60,4,10
1,11,19.0,321,2,2,0,16,139,1,10
1,11,20.0,340,4,1,0,10,47,0,29
1,11,20.0,340,4,23,1,13,38,4,29
1,11,22.0,250,6,16,0,14,24,1,26
1,11,22.0,250,6,12,2,6,14,2,26
1,9,6.0,51,3,19,0,14,110,1,23
1,9,12.0,177,6,23,1,6,7,1,28
1,9,12.0,177,6,22,0,14,106,2,28
1,9,12.0,177,6,2,1,2,3,4,28
1,9,14.0,106,0,4,0,2,40,1,5
1,9,20.0,119,3,21,2,10,22,1,29
1,9,21.0,362,0,19,1,0,64,1,21
1,11,21.0,192,5,13,0,13,48,2,21
1,9,20.0,119,3,18,1,14,106,1,29
1,9,21.0,362,0,15,0,8,118,1,21
1,9,21.0,362,0,18,0,14,32,1,21
0,4,24.0,27,1,19,3,6,7,3,14
1,9,22.0,92,1,17,0,11,133,2,26
1,9,22.0,92,1,3,0,15,39,3,26
1,9,21.0,362,0,8,0,13,13,3,21
0,1,23.0,69,2,14,0,13,38,1,17
1,7,6.0,93,3,16,0,13,36,1,23
1,7,6.0,93,3,13,0,10,12,0,23
1,7,12.0,181,6,2,0,13,48,0,28
1,7,12.0,181,6,8,2,15,46,0,28
1,7,23.0,202,2,6,2,16,74,3,17
1,7,23.0,202,2,7,2,0,26,0,17
1,7,29.0,268,1,20,0,16,130,1,16
1,7,30.0,42,2,0,0,10,47,0,19
1,7,30.0,42,2,6,0,6,116,3,19
1,3,5.0,324,1,6,0,5,12,1,24
1,3,5.0,324,1,17,0,5,12,0,24
1,3,12.0,104,1,23,0,16,72,1,28
1,3,21.0,338,4,5,0,0,0,2,21
1,3,21.0,338,4,18,0,9,101,1,21
1,5,4.0,114,2,6,2,12,100,3,30
1,5,4.0,114,2,21,0,3,30,0,30
1,5,4.0,114,2,16,0,16,50,1,30
1,5,4.0,114,2,22,1,11,15,4,30
1,5,6.0,277,5,0,2,0,26,3,23
1,5,6.0,277,5,20,1,6,7,4,23
1,5,6.0,277,5,13,1,12,80,1,23
1,5,6.0,277,5,13,0,9,54,1,23
1,5,7.0,349,6,6,0,12,56,3,11
1,5,7.0,349,6,0,1,13,28,0,11
1,5,7.0,349,6,15,0,4,127,4,11
1,5,7.0,349,6,8,0,9,54,1,11
1,5,6.0,277,5,14,0,9,95,1,23
1,5,7.0,349,6,8,0,12,17,2,11
1,5,7.0,349,6,19,0,10,22,2,11
1,5,7.0,349,6,17,1,7,137,1,11
1,5,7.0,349,6,15,0,5,64,3,11
1,5,20.0,214,5,11,1,3,30,2,29
0,0,9.0,48,6,8,0,13,38,1,12
1,7,30.0,42,2,4,0,16,39,4,19
0,0,9.0,48,6,4,0,11,124,4,12
1,3,5.0,324,1,16,1,13,38,4,24
0,2,9.0,21,4,11,0,9,10,4,12
1,3,5.0,324,1,6,1,1,1,4,24
0,0,9.0,48,6,7,1,3,79,1,12
1,3,5.0,324,1,4,2,16,50,3,24
0,0,9.0,48,6,6,1,14,106,4,12
1,3,12.0,104,1,12,0,14,110,1,28
0,0,9.0,48,6,22,2,10,22,1,12
1,3,15.0,35,5,20,1,0,96,4,1
1,3,15.0,35,5,8,2,2,2,4,1
0,0,9.0,48,6,18,0,6,128,0,12
1,3,15.0,35,5,1,1,10,22,0,1
0,0,18.0,0,0,17,0,0,68,1,0
1,3,15.0,35,5,15,0,15,96,3,1
1,3,21.0,338,4,0,1,11,15,0,21
1,5,4.0,114,2,0,0,13,99,0,30
1,5,4.0,114,2,19,0,1,59,2,30
1,3,21.0,338,4,5,0,2,2,3,21
1,3,21.0,338,4,2,0,8,41,3,21
1,5,6.0,277,5,2,2,5,64,3,23
1,5,6.0,277,5,9,0,5,64,2,23
1,5,6.0,277,5,15,1,15,96,4,23
1,5,7.0,349,6,11,0,11,90,3,11
1,5,6.0,277,5,12,0,2,69,3,23
1,5,7.0,349,6,5,1,1,11,4,11
1,5,7.0,349,6,22,1,2,71,4,11
1,5,7.0,349,6,13,1,7,120,4,11
1,5,20.0,214,5,3,0,9,58,0,29
1,5,20.0,214,5,9,0,8,41,1,29
1,5,20.0,214,5,12,2,4,75,3,29
1,5,20.0,214,5,11,1,13,38,2,29
1,5,31.0,196,1,7,0,4,82,3,20
1,5,31.0,196,1,12,0,10,52,3,20
1,5,31.0,196,1,14,0,12,121,1,20
1,11,26.0,364,2,0,1,4,79,0,3
1,11,26.0,364,2,4,2,11,55,3,3
1,11,27.0,322,4,21,1,8,27,1,15
1,11,27.0,322,4,3,0,2,92,1,15
1,11,27.0,322,4,22,0,2,40,2,15
1,11,26.0,364,2,0,0,1,59,4,3
1,11,27.0,322,4,11,1,9,102,4,15
1,9,2.0,323,2,21,0,13,48,1,22
1,9,2.0,323,2,7,1,3,30,4,22
1,9,2.0,323,2,12,0,14,25,1,22
1,9,10.0,156,4,12,0,0,26,2,4
1,9,10.0,156,4,7,1,4,127,4,4
1,9,10.0,156,4,20,1,1,105,4,4
1,9,24.0,272,4,4,0,8,9,0,14
1,7,18.0,154,5,11,0,9,49,1,0
1,7,18.0,154,5,12,0,13,38,0,0
1,7,25.0,41,5,21,0,11,18,3,13
1,3,2.0,120,6,19,0,2,86,3,22
1,3,2.0,120,6,1,0,7,120,4,22
1,3,2.0,120,6,11,1,9,49,1,22
1,3,11.0,337,0,10,1,2,92,1,9
1,9,5.0,89,6,12,1,1,81,4,24
1,5,22.0,163,3,10,1,10,22,0,26
1,9,1.0,126,1,11,2,10,22,3,7
1,9,15.0,226,1,17,3,11,94,4,1
1,7,16.0,40,2,3,1,9,95,2,2
1,5,8.0,199,3,5,0,1,67,1,8
1,5,24.0,58,1,18,2,13,99,3,14
1,11,10.0,360,0,18,2,11,98,3,4
1,6,30.0,145,4,7,1,3,30,0,19
1,6,30.0,145,4,0,1,10,47,0,19
0,8,7.0,70,4,6,2,11,18,3,11
0,4,24.0,27,1,12,3,0,26,0,14
0,0,1.0,8,5,9,1,13,28,0,7
0,0,18.0,0,0,3,0,1,11,1,0
0,0,18.0,0,0,19,0,1,35,4,0
0,2,26.0,3,3,3,0,13,38,2,3
0,2,26.0,3,3,2,0,10,47,2,3
0,0,2.0,47,6,8,1,15,114,1,22
0,0,9.0,48,6,17,0,8,118,1,12
0,4,16.0,25,0,4,1,9,134,4,2
0,0,9.0,48,6,18,0,4,75,1,12
0,0,18.0,0,0,11,0,11,18,1,0
0,0,18.0,0,0,5,2,7,120,0,0
0,0,18.0,0,0,12,0,16,130,3,0
0,0,18.0,0,0,15,1,9,109,4,0
0,0,18.0,0,0,4,0,0,12,2,0
0,0,18.0,0,0,1,3,3,79,0,0
0,0,18.0,0,0,9,0,10,43,1,0
0,0,18.0,0,0,18,0,13,48,3,0
0,2,2.0,143,4,20,0,3,103,3,22
0,2,2.0,143,4,12,0,13,36,1,22
0,1,1.0,203,1,11,3,12,61,4,7
0,2,9.0,21,4,20,1,2,40,4,12
0,2,9.0,21,4,15,0,9,95,2,12
0,2,9.0,21,4,10,1,14,110,4,12
0,0,8.0,9,5,14,3,16,139,4,8
0,8,7.0,70,4,22,0,15,112,2,11
0,2,9.0,21,4,12,0,6,89,3,12
0,8,24.0,85,3,17,1,10,47,1,14
0,2,24.0,22,5,14,0,6,89,1,14
0,2,24.0,22,5,14,0,16,50,3,14
0,2,26.0,3,3,8,1,16,130,4,3
0,2,26.0,3,3,18,1,13,38,4,3
0,2,26.0,3,3,20,1,10,23,1,3
0,2,26.0,3,3,0,3,14,25,4,3
0,0,2.0,47,6,6,0,1,16,0,22
0,0,2.0,47,6,11,1,15,31,4,22
0,0,2.0,47,6,22,0,2,86,2,22
0,0,9.0,48,6,13,0,15,119,2,12
0,0,9.0,48,6,4,0,0,12,3,12
0,0,18.0,0,0,19,2,13,36,3,0
0,0,18.0,0,0,18,2,13,36,3,0
0,0,18.0,0,0,18,0,11,98,3,0
0,4,16.0,25,0,22,1,11,98,4,2
0,4,24.0,27,1,9,1,4,138,4,14
0,4,24.0,27,1,22,0,12,17,1,14
0,0,8.0,9,5,22,0,13,79,0,8
0,4,10.0,79,1,8,2,12,56,3,4
0,4,26.0,80,4,13,1,0,12,0,3
0,11,21.0,192,6,20,1,2,3,1,21
1,8,1.0,66,4,12,0,9,58,2,7
0,9,27.0,179,0,0,0,0,53,4,15
1,2,28.0,257,0,19,0,9,49,1,18
0,6,11.0,355,3,13,0,11,15,2,9
0,8,4.0,299,0,2,1,5,12,0,30
1,11,27.0,322,4,2,1,8,9,4,15
0,0,15.0,190,5,19,2,15,114,3,1
0,0,15.0,190,5,18,1,0,64,2,1
1,6,1.0,158,2,8,0,14,24,1,7
1,5,9.0,206,0,2,0,14,25,0,12
1,6,10.0,149,5,16,0,8,19,3,4
1,5,27.0,328,5,17,1,15,31,4,15
0,0,16.0,11,6,6,1,10,12,1,2
0,0,17.0,12,3,10,0,11,124,1,6
0,0,17.0,12,3,5,0,7,20,2,6
0,0,16.0,11,6,9,0,16,72,2,2
0,2,2.0,143,4,1,0,9,49,1,22
0,10,17.0,256,0,11,0,14,131,3,6
0,10,24.0,261,0,21,0,11,15,1,14
0,10,24.0,261,0,11,0,8,27,1,14
0,10,24.0,261,0,3,2,2,69,3,14
0,10,24.0,261,0,14,0,12,61,1,14
0,1,1.0,203,1,6,0,5,6,0,7
0,1,1.0,203,1,5,0,9,63,1,7
0,1,7.0,32,0,23,1,4,127,4,11
0,1,7.0,32,0,1,0,14,25,1,11
0,1,10.0,17,4,16,1,6,116,4,4
0,1,9.0,50,2,17,1,6,132,0,12
0,1,10.0,17,4,4,0,13,36,4,4
0,1,10.0,17,4,14,0,6,7,3,4
0,1,10.0,17,4,14,1,9,49,4,4
0,1,15.0,1,1,12,2,10,23,1,1
0,1,16.0,2,2,8,0,7,120,4,2
0,1,16.0,2,2,14,0,4,66,1,2
0,1,23.0,69,2,6,0,5,12,3,17
0,1,23.0,69,2,0,2,5,12,3,17
0,1,23.0,69,2,23,0,5,12,0,17
0,8,10.0,71,3,8,0,5,6,3,4
0,8,10.0,71,3,13,0,11,117,3,4
0,11,13.0,312,5,12,1,9,93,4,25
0,7,7.0,293,1,19,1,12,61,4,11
0,5,15.0,200,0,2,3,14,25,0,1
0,10,25.0,56,1,0,1,13,38,1,13
0,0,25.0,281,0,18,1,14,25,1,13
0,0,25.0,281,0,13,1,14,24,1,13
1,5,4.0,114,2,17,0,13,69,2,30
1,3,12.0,104,1,17,0,1,11,1,28
0,5,8.0,199,0,18,0,14,25,0,8
0,6,6.0,83,1,18,0,8,41,1,23
0,6,6.0,83,1,3,1,0,53,1,23
0,6,23.0,84,5,1,1,11,15,1,17
0,10,23.0,247,3,18,0,8,9,3,17
1,5,20.0,214,5,14,0,13,29,2,29
1,5,23.0,168,0,4,3,1,67,3,17
1,1,23.0,69,1,9,0,2,2,4,17
0,11,15.0,331,3,1,1,0,26,1,1
0,6,6.0,83,1,2,1,0,77,1,23
0,8,2.0,77,6,3,3,14,24,3,22
0,2,26.0,3,3,10,0,10,23,1,3
0,8,8.0,76,5,12,1,2,71,4,8
0,8,19.0,280,1,1,0,6,89,2,10
0,10,1.0,208,6,13,0,2,2,1,7
0,4,8.0,292,3,18,1,15,85,0,8
0,2,1.0,16,2,12,1,9,27,0,7
0,2,1.0,16,2,20,1,13,99,4,7
0,0,3.0,334,3,20,1,2,2,1,27
0,2,1.0,16,2,11,3,6,91,1,7
0,8,10.0,71,3,12,0,3,4,3,4
0,8,15.0,72,5,21,2,0,53,0,1
0,8,15.0,72,5,11,0,15,77,2,1
0,8,16.0,73,6,7,1,8,27,0,2
0,8,15.0,72,5,2,0,7,120,2,1
0,8,16.0,73,6,12,1,10,47,1,2
0,8,16.0,73,6,1,0,9,95,3,2
0,8,17.0,74,3,0,0,5,6,0,6
0,8,17.0,74,3,13,1,5,6,0,6
0,8,16.0,73,6,2,0,9,49,1,2
0,8,17.0,74,3,10,1,9,93,1,6
0,8,18.0,75,0,6,1,15,51,4,0
0,8,18.0,75,0,4,0,5,6,3,0
0,8,17.0,74,3,13,1,9,93,0,6
0,8,24.0,85,3,22,2,8,65,0,14
1,7,27.0,53,3,9,2,10,52,0,15
1,7,27.0,53,3,18,0,4,4,1,15
0,2,13.0,276,0,14,1,9,101,4,25
0,0,24.0,55,3,6,0,5,12,3,14
1,0,30.0,228,5,17,1,2,40,1,19
0,1,22.0,164,1,14,0,13,38,4,26
0,1,22.0,164,1,2,1,6,128,1,26
0,4,1.0,144,3,16,0,13,28,0,7
0,4,1.0,144,3,12,0,6,7,4,7
0,4,1.0,144,3,23,1,2,13,1,7
0,4,2.0,141,0,6,0,15,96,3,22
0,2,1.0,16,2,19,1,5,6,1,7
0,2,1.0,16,2,1,1,9,27,0,7
0,8,7.0,70,4,17,1,15,31,1,11
0,8,10.0,71,3,16,0,15,51,1,4
1,1,19.0,29,5,12,0,14,24,0,10
1,8,4.0,299,3,5,1,11,124,4,30
1,4,4.0,178,1,17,1,0,26,1,30
1,2,13.0,276,3,1,1,14,34,4,25
0,7,21.0,81,1,1,0,5,6,0,21
0,3,4.0,285,1,19,1,5,6,2,30
0,3,1.0,180,6,8,0,9,54,3,7
0,1,5.0,219,6,2,1,9,87,4,24
0,1,19.0,29,6,15,1,12,83,4,10
0,8,28.0,224,4,15,0,6,132,0,18
0,0,14.0,5,4,5,0,12,93,0,5
0,8,10.0,71,3,19,2,13,36,3,4
0,8,15.0,72,5,0,1,3,76,4,1
0,8,15.0,72,5,3,0,6,7,1,1
0,8,15.0,72,5,13,0,16,37,3,1
0,8,15.0,72,5,20,1,11,90,1,1
0,8,15.0,72,5,1,0,2,69,2,1
0,8,16.0,73,6,12,3,8,27,3,2
0,8,17.0,74,3,5,1,5,6,0,6
0,8,17.0,74,3,19,2,5,47,3,6
0,8,18.0,75,0,8,2,2,40,2,0
0,8,18.0,75,0,8,0,13,36,3,0
0,8,18.0,75,0,14,0,3,30,3,0
0,8,18.0,75,0,14,2,2,123,3,0
0,8,24.0,85,3,22,0,0,64,0,14
0,8,24.0,85,3,16,1,14,25,0,14
0,8,24.0,85,3,0,1,6,7,0,14
0,8,24.0,85,3,20,0,10,6,3,14
0,8,24.0,85,3,3,0,7,120,2,14
0,8,24.0,85,3,5,1,6,128,1,14
0,8,25.0,86,0,0,1,12,17,1,13
0,8,25.0,86,0,9,0,15,51,1,13
0,1,8.0,62,1,12,0,16,50,1,8
0,4,1.0,144,3,3,1,7,78,1,7
0,2,9.0,21,4,0,0,5,64,1,12
0,2,9.0,21,4,16,1,9,27,0,12
0,2,9.0,21,4,15,0,10,22,3,12
0,2,24.0,22,5,10,1,16,50,0,14
0,2,24.0,22,5,5,0,4,70,3,14
0,2,26.0,3,3,17,0,15,114,1,3
0,2,24.0,22,5,13,0,3,115,4,14
0,2,26.0,3,3,5,0,5,6,2,3
0,2,26.0,3,3,13,1,13,36,2,3
0,2,26.0,3,3,2,0,13,29,1,3
0,2,26.0,3,3,12,0,15,108,3,3
0,0,2.0,47,6,16,1,16,50,4,22
0,0,2.0,47,6,10,0,13,21,4,22
0,0,9.0,48,6,17,1,13,21,0,12
0,0,9.0,48,6,6,3,13,28,3,12
0,8,9.0,124,6,20,1,13,29,4,12
0,0,9.0,48,6,11,0,6,89,1,12
0,0,9.0,48,6,8,2,16,37,3,12
0,0,9.0,48,6,12,1,14,88,4,12
0,0,18.0,0,0,13,1,13,29,4,0
0,0,18.0,0,0,20,0,6,116,1,0
0,4,2.0,141,0,8,2,1,16,1,22
0,4,1.0,144,3,4,3,10,22,4,7
0,4,2.0,141,0,14,0,10,47,0,22
0,4,2.0,141,0,19,2,6,91,3,22
0,4,9.0,18,0,15,0,6,91,2,12
0,4,9.0,18,0,3,1,13,13,1,12
0,4,9.0,18,0,1,2,7,20,0,12
0,4,17.0,19,1,18,0,9,102,1,6
0,4,19.0,142,4,15,1,4,127,4,10
0,4,19.0,142,4,9,0,11,94,1,10
0,4,19.0,142,4,19,0,15,46,3,10
0,4,25.0,20,2,18,1,2,2,1,13
0,2,2.0,143,4,0,1,2,86,1,22
0,2,2.0,143,4,23,0,1,59,2,22
0,2,2.0,143,4,22,0,6,116,3,22
0,2,2.0,143,4,23,1,2,13,4,22
0,1,25.0,65,5,17,1,14,126,4,13
0,2,2.0,143,4,20,1,1,67,1,22
0,2,9.0,21,4,5,0,5,6,0,12
0,2,9.0,21,4,1,0,14,24,1,12
0,2,9.0,21,4,9,0,10,22,3,12
0,2,24.0,22,5,7,0,4,4,1,14
0,2,24.0,22,5,3,0,10,47,3,14
0,2,24.0,22,5,19,0,1,1,4,14
0,2,24.0,22,5,12,2,13,48,0,14
0,6,16.0,38,5,5,0,15,31,0,2
0,6,16.0,38,5,13,1,9,49,1,2
0,6,16.0,38,5,19,2,10,22,0,2
0,4,16.0,25,0,16,0,5,64,3,2
0,6,16.0,38,5,5,1,0,26,1,2
1,0,14.0,5,2,16,0,5,6,0,5
0,4,16.0,25,0,22,0,4,138,2,2
1,3,13.0,210,2,19,2,13,28,3,25
0,2,27.0,136,0,6,0,1,35,3,15
0,4,24.0,27,1,2,2,2,69,0,14
0,6,16.0,38,5,9,0,15,31,1,2
0,6,25.0,39,3,8,0,8,9,0,13
0,6,25.0,39,3,5,1,14,131,1,13
0,10,15.0,60,6,5,1,12,104,4,1
0,10,15.0,60,6,8,2,3,79,0,1
0,10,26.0,61,2,17,0,2,40,3,3
0,10,26.0,61,2,21,1,15,114,2,3
0,10,26.0,61,2,21,1,0,15,4,3
0,10,26.0,61,2,1,0,5,12,0,3
0,1,8.0,62,1,16,1,9,109,4,8
0,1,8.0,62,1,14,0,0,64,2,8
0,1,17.0,63,4,21,2,6,7,0,6
1,11,28.0,123,5,23,1,9,102,4,18
1,11,29.0,270,6,1,3,5,12,0,16
1,9,3.0,217,4,15,0,7,129,1,27
1,9,3.0,217,4,8,0,8,33,1,27
1,9,3.0,217,4,2,1,10,52,1,27
1,9,4.0,295,5,3,0,8,19,0,30
1,9,3.0,217,4,19,0,16,37,4,27
1,3,28.0,187,4,4,1,5,0,2,18
1,9,4.0,295,5,15,1,8,41,1,30
1,9,5.0,89,6,5,0,11,124,2,24
1,9,13.0,91,3,15,0,7,111,1,25
1,9,4.0,295,5,7,0,1,11,4,30
1,7,4.0,186,5,6,0,9,93,1,30
1,7,4.0,186,5,2,0,6,91,1,30
1,7,4.0,186,5,14,2,10,47,3,30
1,7,11.0,197,5,20,0,9,10,1,9
1,7,13.0,238,3,1,0,7,78,0,25
1,7,14.0,125,0,3,0,0,53,2,5
1,7,14.0,125,0,4,0,14,25,2,5
1,7,15.0,205,1,5,0,9,10,4,1
1,7,28.0,34,0,20,1,14,32,4,18
1,7,28.0,34,0,4,2,11,117,2,18
1,9,13.0,91,3,4,0,11,117,3,25
0,1,17.0,63,4,7,1,11,55,0,6
0,1,17.0,63,4,7,1,6,7,2,6
0,1,17.0,63,4,15,0,3,76,1,6
0,1,17.0,63,4,5,0,16,108,3,6
0,1,17.0,63,4,9,0,1,59,3,6
0,1,24.0,64,4,5,1,14,32,4,14
0,1,25.0,65,5,3,1,2,2,1,13
0,1,25.0,65,5,22,0,9,102,3,13
0,1,25.0,65,5,11,3,5,12,0,13
0,8,1.0,66,5,22,0,10,23,3,7
0,8,1.0,66,5,1,2,13,29,3,7
0,1,8.0,62,1,9,0,13,29,1,8
0,1,17.0,63,4,13,1,1,59,4,6
0,1,17.0,63,4,4,2,8,19,0,6
0,1,17.0,63,4,9,0,3,76,3,6
0,1,17.0,63,4,18,0,15,108,4,6
0,1,17.0,63,4,18,0,0,26,3,6
0,1,18.0,82,5,6,3,1,81,4,0
0,1,24.0,64,4,19,0,10,23,1,14
0,1,24.0,64,4,18,0,13,21,1,14
0,1,25.0,65,5,16,0,11,15,1,13
0,1,24.0,64,4,18,0,10,22,1,14
1,9,13.0,91,3,9,2,13,21,4,25
1,7,4.0,186,5,4,0,2,2,1,30
0,1,10.0,17,4,17,0,11,58,1,4
0,4,9.0,18,0,4,0,9,93,3,12
0,4,17.0,19,1,18,1,7,20,2,6
0,4,17.0,19,1,18,0,3,79,4,6
0,4,19.0,142,4,17,1,2,123,4,10
0,4,9.0,18,0,17,0,3,115,1,12
1,7,4.0,186,5,1,2,10,43,3,30
1,7,11.0,197,5,6,0,2,2,1,9
1,7,11.0,197,5,15,1,2,40,1,9
1,7,11.0,197,5,8,0,5,6,1,9
1,7,11.0,197,5,18,2,13,21,2,9
1,7,11.0,197,5,13,1,2,2,1,9
1,7,13.0,238,3,4,0,12,80,2,25
1,7,13.0,238,3,4,0,14,25,4,25
1,7,14.0,125,0,15,0,15,96,0,5
1,7,14.0,125,0,15,0,8,9,3,5
1,7,13.0,238,3,12,0,5,64,2,25
1,7,13.0,238,3,1,1,0,12,2,25
1,7,14.0,125,0,13,0,5,6,3,5
0,1,25.0,65,5,20,1,2,2,1,13
0,8,9.0,124,6,4,2,9,83,0,12
0,8,27.0,78,2,16,0,5,12,3,15
0,8,27.0,78,2,22,1,3,115,1,15
0,4,7.0,133,6,17,0,8,118,0,11
0,4,7.0,133,6,18,2,10,6,3,11
0,4,10.0,79,1,16,1,4,5,4,4
0,4,10.0,79,1,0,0,11,18,3,4
0,4,10.0,79,1,17,1,14,25,4,4
0,3,14.0,33,5,13,0,4,121,4,5
0,4,18.0,26,2,22,0,8,27,1,0
0,0,26.0,14,1,23,0,15,31,4,3
0,6,8.0,59,4,6,0,13,36,4,8
0,4,18.0,26,2,14,0,4,75,1,0
0,11,13.0,312,5,9,3,12,61,0,25
0,4,16.0,25,0,21,1,5,64,1,2
0,4,16.0,25,0,0,1,7,62,4,2
1,3,13.0,210,2,4,0,13,38,4,25
0,4,16.0,25,0,11,0,13,29,4,2
0,4,24.0,27,1,0,1,6,7,0,14
0,6,8.0,59,4,16,0,0,77,3,8
0,7,30.0,42,4,12,0,1,59,3,19
1,3,28.0,187,4,11,0,13,48,2,18
1,8,22.0,354,4,1,2,10,12,0,26
0,4,24.0,27,1,15,1,1,59,4,14
0,6,8.0,59,4,22,0,4,82,1,8
0,2,27.0,136,0,4,0,5,6,2,15
0,7,31.0,43,5,18,1,0,64,1,20
0,4,24.0,27,1,4,2,3,44,3,14
0,2,10.0,28,5,8,0,4,4,3,4
0,2,10.0,28,5,1,0,0,77,0,4
0,2,10.0,28,5,1,0,9,134,2,4
0,2,17.0,6,5,6,0,5,6,0,6
0,2,17.0,6,5,15,0,2,2,1,6
0,2,17.0,6,5,2,0,13,29,2,6
0,2,17.0,6,5,22,1,1,35,4,6
0,2,18.0,7,6,11,0,4,45,2,0
0,4,24.0,27,1,18,0,15,39,1,14
0,4,26.0,80,4,17,0,13,28,1,3
1,11,31.0,227,0,12,1,0,26,0,20
1,7,3.0,269,4,9,0,4,136,3,27
1,7,3.0,269,4,8,2,13,38,3,27
1,7,3.0,269,4,22,0,13,36,1,27
1,9,28.0,315,0,11,1,3,70,4,18
0,4,24.0,27,1,17,1,13,28,4,14
0,2,10.0,28,5,11,0,3,70,1,4
0,2,10.0,28,5,9,0,1,11,2,4
0,2,17.0,6,5,17,0,11,133,2,6
0,2,18.0,7,6,6,1,11,55,4,0
0,2,18.0,7,6,13,0,14,24,2,0
0,2,27.0,136,0,21,0,7,122,3,15
0,0,1.0,8,5,2,0,8,27,3,7
0,0,1.0,8,5,14,2,1,100,3,7
0,0,8.0,9,5,17,0,10,22,1,8
0,0,8.0,9,5,15,2,13,38,2,8
0,0,11.0,10,0,12,0,14,34,4,9
0,0,11.0,10,0,12,0,0,64,2,9
0,4,26.0,80,4,12,2,1,1,3,3
0,4,26.0,80,4,12,0,7,137,3,3
0,2,10.0,28,5,5,0,13,99,3,4
0,2,10.0,28,5,13,0,9,57,2,4
0,2,10.0,28,5,12,0,14,34,4,4
0,2,17.0,6,5,11,2,2,40,3,6
0,2,17.0,6,5,5,1,13,28,1,6
0,2,17.0,6,5,18,0,8,9,1,6
0,2,17.0,6,5,18,2,8,27,3,6
0,2,18.0,7,6,1,0,6,91,0,0
1,5,12.0,327,4,14,1,9,27,0,28
1,5,14.0,36,6,16,0,2,92,1,5
1,5,14.0,36,6,8,0,15,108,2,5
1,5,12.0,327,4,21,1,4,66,0,28
1,5,14.0,36,6,10,1,3,79,1,5
1,5,21.0,351,6,0,2,15,39,3,21
1,5,21.0,351,6,7,0,5,12,2,21
1,5,21.0,351,6,11,2,12,80,3,21
1,5,21.0,351,6,9,0,6,132,4,21
1,5,22.0,163,3,18,0,12,61,1,26
1,3,3.0,182,3,17,0,16,37,1,27
0,4,17.0,19,1,16,1,15,39,0,6
1,3,3.0,182,3,4,1,9,93,4,27
1,7,31.0,43,4,19,2,8,9,3,20
1,3,13.0,210,2,22,0,14,131,3,25
1,3,13.0,210,2,14,0,0,0,3,25
1,3,23.0,57,6,6,1,14,88,4,17
1,3,23.0,57,6,19,2,7,120,3,17
1,3,23.0,57,6,17,3,14,25,4,17
1,3,23.0,57,6,10,1,6,128,1,17
1,3,29.0,325,5,16,1,2,86,1,16
1,3,29.0,325,5,3,0,9,93,1,16
1,1,28.0,300,3,12,1,6,73,1,18
0,3,13.0,210,4,12,2,13,38,3,25
0,6,2.0,352,5,8,2,10,23,3,22
0,10,13.0,346,4,13,0,3,76,1,25
1,2,1.0,16,1,17,0,1,16,4,7
0,4,14.0,345,6,4,0,16,37,1,5
0,4,15.0,132,3,22,1,3,30,4,1
0,4,14.0,345,6,2,0,6,7,1,5
1,7,26.0,316,6,2,1,5,0,2,3
1,3,26.0,343,1,9,0,13,69,4,3
1,8,29.0,301,4,18,1,15,39,4,16
1,0,13.0,198,1,8,0,4,136,4,25
0,11,4.0,275,2,12,1,3,103,1,30
1,4,1.0,144,6,5,0,3,44,1,7
1,5,14.0,36,6,10,1,11,15,0,5
1,3,23.0,57,6,8,1,10,6,2,17
0,2,27.0,136,0,9,2,0,64,3,15
1,4,7.0,133,5,23,1,8,33,4,11
1,3,23.0,57,6,20,1,13,21,1,17
0,9,14.0,106,1,10,1,15,51,0,5
0,6,8.0,59,4,18,1,10,47,0,8
1,5,14.0,36,6,15,0,1,35,4,5
0,3,9.0,44,3,5,1,13,99,4,12
0,0,19.0,13,1,6,0,4,82,1,10
0,3,9.0,44,3,20,0,10,22,0,12
0,2,27.0,136,0,17,0,5,6,0,15
1,4,7.0,133,5,22,1,12,61,1,11
1,3,23.0,57,6,12,1,1,1,1,17
1,5,21.0,351,6,23,0,5,64,2,21
0,6,8.0,59,4,8,1,3,103,4,8
0,9,16.0,107,4,17,0,16,37,1,2
0,0,19.0,13,1,0,0,4,5,1,10
0,3,14.0,33,5,2,2,4,45,0,5
0,2,27.0,136,0,9,0,12,100,4,15
1,4,14.0,345,5,16,1,5,6,1,5
1,3,29.0,325,5,13,0,10,22,0,16
1,5,21.0,351,6,13,1,11,18,1,21
0,6,16.0,38,5,13,0,2,86,2,2
0,6,25.0,39,3,6,0,4,45,1,13
0,6,25.0,39,3,21,0,8,9,4,13
0,6,25.0,39,3,10,0,10,22,3,13
0,6,25.0,39,3,5,0,9,102,3,13
0,6,25.0,39,3,15,0,9,102,3,13
0,6,25.0,39,3,12,0,13,29,1,13
0,6,25.0,39,3,18,0,7,120,3,13
0,6,25.0,39,3,18,0,1,1,4,13
0,6,25.0,39,3,13,1,4,4,1,13
0,10,15.0,60,6,21,1,2,92,0,1
0,10,15.0,60,6,13,0,15,39,1,1
0,10,15.0,60,6,19,2,12,80,3,1
1,7,14.0,125,0,1,1,14,32,4,5
1,7,14.0,125,0,2,1,12,121,1,5
1,7,15.0,205,1,5,0,9,49,1,1
1,7,15.0,205,1,14,1,11,58,4,1
1,7,28.0,34,0,0,1,2,69,0,18
1,7,28.0,34,0,21,1,8,19,0,18
1,7,28.0,34,0,8,1,14,32,4,18
1,7,31.0,43,4,11,1,13,28,0,20
1,7,28.0,34,0,5,0,2,86,2,18
1,7,31.0,43,4,19,0,5,64,3,20
1,7,31.0,43,4,20,1,4,4,4,20
1,7,31.0,43,4,1,2,1,59,3,20
1,3,3.0,182,3,8,0,10,47,2,27
1,3,3.0,182,3,3,1,2,123,4,27
1,7,31.0,43,4,8,2,0,68,0,20
1,9,13.0,91,3,20,1,5,6,0,25
1,9,13.0,91,3,2,0,8,9,0,25
1,9,13.0,91,3,1,0,2,2,4,25
1,7,4.0,186,5,19,0,11,18,1,30
1,7,11.0,197,5,2,2,0,77,0,9
0,10,26.0,61,2,1,0,8,9,0,3
0,1,8.0,62,1,6,0,11,15,1,8
0,1,8.0,62,1,3,0,10,47,3,8
0,1,8.0,62,1,8,0,5,6,2,8
0,3,14.0,33,5,14,0,10,22,2,5
0,3,15.0,35,6,17,0,9,87,1,1
0,3,14.0,33,5,4,0,9,10,1,5
0,3,14.0,33,5,20,1,12,80,4,5
0,3,15.0,35,6,15,0,14,131,1,1
0,3,15.0,35,6,10,1,14,25,1,1
0,3,23.0,57,3,17,0,10,47,0,17
0,3,23.0,57,3,15,0,10,47,3,17
0,3,23.0,57,3,18,0,2,69,0,17
0,3,23.0,57,3,20,1,9,93,1,17
0,5,14.0,36,3,8,2,13,13,3,5
0,5,14.0,36,3,16,1,8,19,0,5
0,5,14.0,36,3,4,2,0,15,2,5
0,5,14.0,36,3,22,1,7,8,4,5
0,5,24.0,58,2,7,0,2,86,1,14
0,5,24.0,58,2,16,1,14,24,4,14
1,7,11.0,197,5,1,0,13,29,2,9
1,7,11.0,197,5,1,0,0,12,2,9
1,7,11.0,197,5,13,1,13,21,1,9
1,7,13.0,238,3,1,0,7,78,0,25
1,7,14.0,125,0,5,0,8,27,0,5
1,7,14.0,125,0,22,0,12,104,2,5
1,7,15.0,205,1,0,0,8,41,0,1
1,7,15.0,205,1,23,0,12,100,1,1
1,7,15.0,205,1,22,0,11,117,2,1
1,7,28.0,34,0,16,1,10,47,0,18
1,7,28.0,34,0,0,1,8,33,0,18
1,7,28.0,34,0,22,0,0,64,1,18
1,3,3.0,182,3,11,0,11,18,1,27
1,3,3.0,182,3,12,0,13,13,4,27
1,3,3.0,182,3,12,0,2,69,2,27
1,3,3.0,182,3,8,1,16,72,4,27
1,3,13.0,210,2,16,0,11,94,2,25
1,3,13.0,210,2,22,0,5,6,3,25
1,3,23.0,57,6,22,0,8,27,3,17
1,11,28.0,123,5,0,1,11,122,4,18
1,11,28.0,123,5,22,0,16,130,1,18
1,11,28.0,123,5,19,0,4,75,1,18
1,11,28.0,123,5,4,2,1,11,3,18
0,5,24.0,58,2,19,0,4,121,1,14
0,5,26.0,37,5,5,1,9,134,4,3
0,5,24.0,58,2,12,1,13,99,4,14
0,5,26.0,37,5,3,0,8,33,2,3
0,6,8.0,59,4,21,2,8,9,0,8
0,6,8.0,59,4,13,1,2,2,4,8
0,6,8.0,59,4,1,0,9,54,2,8
0,9,16.0,107,4,5,1,1,1,4,2
0,0,19.0,13,1,0,0,14,34,4,10
0,3,14.0,33,5,15,2,8,19,2,5
0,8,9.0,124,6,5,1,1,16,4,12
1,4,16.0,25,3,8,0,13,28,2,2
0,9,16.0,107,4,4,0,10,22,3,2
1,5,21.0,351,6,4,2,16,72,1,21
0,0,17.0,12,3,22,0,5,6,3,6
1,3,30.0,304,6,3,2,16,113,3,19
0,8,27.0,78,2,14,0,12,61,1,15
0,3,15.0,35,6,5,0,4,136,2,1
0,0,19.0,13,1,20,0,10,22,0,10
1,3,30.0,304,6,1,2,1,11,3,19
0,3,15.0,35,6,2,0,4,75,0,1
1,4,23.0,30,3,13,0,8,118,2,17
0,9,16.0,107,4,9,0,10,47,4,2
1,7,15.0,205,1,17,2,9,101,3,1
0,0,26.0,14,1,0,0,1,35,4,3
1,9,11.0,52,5,13,0,2,2,2,9
0,4,7.0,133,6,12,0,2,60,2,11
0,3,23.0,57,3,9,0,13,69,2,17
1,4,25.0,20,1,17,0,13,28,0,13
0,9,22.0,92,2,18,0,1,67,0,26
1,7,15.0,205,1,17,1,13,28,2,1
1,7,28.0,34,0,6,0,10,47,3,18
1,7,28.0,34,0,7,1,0,68,0,18
1,7,28.0,34,0,19,0,10,23,2,18
1,7,28.0,34,0,18,0,0,96,1,18
1,7,31.0,43,4,11,1,4,4,4,20
1,7,31.0,43,4,22,0,3,30,4,20
1,3,3.0,182,3,16,1,9,57,1,27
0,0,1.0,8,5,4,0,6,126,1,7
0,0,1.0,8,5,12,1,13,28,1,7
0,0,1.0,8,5,9,2,1,16,3,7
0,0,1.0,8,5,14,2,10,22,3,7
0,0,8.0,9,5,11,0,1,105,4,8
0,0,8.0,9,5,5,0,2,2,1,8
0,0,8.0,9,5,8,0,8,118,3,8
0,0,11.0,10,0,23,0,15,96,1,9
0,0,11.0,10,0,15,0,13,38,0,9
0,0,11.0,10,0,5,0,16,37,1,9
0,0,11.0,10,0,19,0,14,131,1,9
0,0,11.0,10,0,14,1,14,88,4,9
0,0,16.0,11,6,13,1,2,40,4,2
0,0,17.0,12,3,17,1,6,14,4,6
0,0,17.0,12,3,0,1,13,21,0,6
0,0,17.0,12,3,20,1,2,86,4,6
1,3,20.0,105,2,15,0,1,59,4,29
1,3,22.0,166,5,1,0,14,107,4,26
1,3,28.0,187,4,5,2,0,0,1,18
0,0,16.0,11,6,11,0,4,4,1,2
0,0,16.0,11,6,19,0,9,95,3,2
0,0,16.0,11,6,18,0,8,118,1,2
0,0,16.0,11,6,19,1,13,99,1,2
1,3,3.0,182,3,13,0,2,3,2,27
0,2,24.0,22,5,15,0,8,19,2,14
0,0,9.0,48,6,3,0,15,119,2,12
0,0,9.0,48,6,15,0,2,3,2,12
0,0,18.0,0,0,20,1,3,79,4,0
1,3,3.0,182,3,8,0,15,96,4,27
1,3,3.0,182,3,13,2,13,69,3,27
1,3,13.0,210,2,3,0,3,79,3,25
1,3,13.0,210,2,14,1,11,122,4,25
1,3,23.0,57,6,23,0,8,19,4,17
1,3,23.0,57,6,12,0,7,111,2,17
1,3,23.0,57,6,8,2,7,120,0,17
1,3,23.0,57,6,18,0,14,24,4,17
1,3,29.0,325,5,0,0,0,26,2,16
1,3,29.0,325,5,20,0,0,53,0,16
1,3,29.0,325,5,23,0,5,6,1,16
1,3,29.0,325,5,5,3,13,29,4,16
1,3,29.0,325,5,8,0,5,64,2,16
1,3,29.0,325,5,12,2,0,64,3,16
0,0,17.0,12,3,8,0,16,113,3,6
0,0,17.0,12,3,1,1,13,48,4,6
0,0,17.0,12,3,9,0,7,120,1,6
0,0,17.0,12,3,19,1,14,24,4,6
0,0,17.0,12,3,1,0,7,137,4,6
0,0,16.0,11,6,13,1,12,80,1,2
0,0,19.0,13,1,17,0,10,22,2,10
0,0,19.0,13,1,6,2,0,53,0,10
0,0,19.0,13,1,13,0,3,30,2,10
0,0,19.0,13,1,5,3,10,47,3,10
0,0,19.0,13,1,8,0,13,99,1,10
0,0,19.0,13,1,4,1,14,106,0,10
0,0,26.0,14,1,19,0,14,34,1,3
0,0,26.0,14,1,12,0,13,123,1,3
0,0,27.0,23,2,23,2,12,80,0,15
0,0,27.0,23,2,19,0,10,52,0,15
0,0,1.0,8,5,13,0,15,119,1,7
0,0,1.0,8,5,18,0,11,15,2,7
0,0,1.0,8,5,23,1,1,105,4,7
0,0,8.0,9,5,23,0,5,64,0,8
0,0,8.0,9,5,11,0,9,95,2,8
0,0,8.0,9,5,15,0,9,49,1,8
0,0,8.0,9,5,22,0,2,2,3,8
0,0,8.0,9,5,14,0,16,108,4,8
0,0,11.0,10,0,13,1,2,123,4,9
0,0,11.0,10,0,2,2,9,95,3,9
0,0,8.0,9,5,11,0,13,99,2,8
0,0,16.0,11,6,2,2,8,118,0,2
0,0,16.0,11,6,19,2,1,16,3,2
0,0,17.0,12,3,15,1,1,16,4,6
0,0,16.0,11,6,8,0,16,130,4,2
0,0,16.0,11,6,11,1,14,32,1,2
0,0,19.0,13,1,6,0,1,11,0,10
1,3,22.0,166,5,2,1,0,0,1,26
0,8,27.0,78,2,6,1,15,108,4,15
0,5,14.0,36,3,2,2,13,123,3,5
0,0,27.0,23,2,3,1,1,1,4,15
0,4,10.0,79,1,17,0,0,64,3,4
0,8,27.0,78,2,6,0,7,120,3,15
0,11,1.0,222,3,21,0,0,64,3,7
1,5,5.0,96,4,13,3,15,108,4,24
1,11,5.0,240,2,9,0,13,28,3,24
0,4,10.0,79,1,15,0,1,81,1,4
0,8,27.0,78,2,2,0,16,130,3,15
0,9,4.0,295,6,2,1,5,0,2,30
0,5,14.0,36,3,22,1,9,95,4,5
1,5,29.0,24,3,9,1,4,45,0,16
1,11,5.0,240,2,16,1,7,111,0,24
0,4,10.0,79,1,20,0,9,134,2,4
0,8,27.0,78,2,16,0,16,113,1,15
1,4,1.0,144,6,17,0,4,75,2,7
0,5,14.0,36,3,19,2,14,110,3,5
0,2,27.0,136,0,23,1,10,22,0,15
1,11,28.0,123,5,3,0,1,35,0,18
0,4,10.0,79,1,2,0,8,27,1,4
0,4,7.0,133,6,10,0,2,86,2,11
0,4,7.0,133,6,4,2,15,119,3,11
0,4,7.0,133,6,18,0,11,18,3,11
0,4,7.0,133,6,4,0,2,92,2,11
0,8,27.0,78,2,3,1,10,22,1,15
0,4,10.0,79,1,2,0,8,41,1,4
0,4,10.0,79,1,1,0,9,102,1,4
0,4,16.0,25,0,5,0,0,12,1,2
0,4,16.0,25,0,8,2,11,55,2,2
0,4,16.0,25,0,8,0,14,24,3,2
0,4,18.0,26,2,6,2,16,72,1,0
0,4,18.0,26,2,14,2,6,7,3,0
0,4,26.0,80,4,0,0,14,32,1,3
0,4,16.0,25,0,13,0,9,95,1,2
0,4,16.0,25,0,8,0,6,7,0,2
0,4,16.0,25,0,14,0,13,21,1,2
0,4,18.0,26,2,12,0,15,119,3,0
1,3,30.0,304,6,14,0,12,61,1,19
1,5,12.0,327,4,22,0,10,47,2,28
1,5,12.0,327,4,19,0,15,51,0,28
1,5,12.0,327,4,4,2,8,33,3,28
1,5,12.0,327,4,8,2,2,92,0,28
1,5,13.0,184,5,15,0,9,27,2,25
1,5,13.0,184,5,3,0,16,42,4,25
1,5,14.0,36,6,17,0,2,2,1,5
1,3,23.0,57,6,22,0,3,30,1,17
0,2,9.0,21,4,9,0,13,48,4,12
0,2,26.0,3,3,12,1,10,22,2,3
0,2,26.0,3,3,19,1,0,64,0,3
0,0,2.0,47,6,4,3,8,41,0,22
0,0,18.0,0,0,3,1,12,56,4,0
1,3,23.0,57,6,20,1,3,103,4,17
1,3,23.0,57,6,1,2,13,13,3,17
1,3,23.0,57,6,22,3,5,6,0,17
1,3,29.0,325,5,2,0,6,7,0,16
1,3,30.0,304,6,13,0,1,59,1,19
1,5,12.0,327,4,11,0,2,40,4,28
1,5,12.0,327,4,5,0,4,75,2,28
1,5,12.0,327,4,18,1,0,26,4,28
1,5,12.0,327,4,19,1,9,54,0,28
1,4,1.0,144,6,17,1,5,64,2,7
1,4,29.0,313,6,13,0,15,46,2,16
0,11,1.0,222,3,4,0,6,7,2,7
1,1,11.0,111,4,18,0,4,82,1,9
1,1,11.0,111,4,11,1,7,122,4,9
1,8,12.0,284,0,11,1,12,61,1,28
1,4,3.0,279,0,22,0,0,0,2,27
1,4,29.0,313,6,11,1,15,119,4,16
0,9,4.0,295,6,15,0,11,133,2,30
0,4,24.0,27,1,17,0,10,47,0,14
0,4,24.0,27,1,6,0,9,49,1,14
0,4,24.0,27,1,7,0,8,9,1,14
0,4,24.0,27,1,15,1,2,69,0,14
0,4,24.0,27,1,10,1,10,52,1,14
0,4,24.0,27,1,15,1,9,134,4,14
0,4,26.0,80,4,20,1,13,13,1,3
0,4,26.0,80,4,23,1,13,123,4,3
0,2,10.0,28,5,4,2,15,114,3,4
0,2,10.0,28,5,9,2,2,2,0,4
0,2,10.0,28,5,22,1,7,20,1,4
0,2,10.0,28,5,23,1,1,35,4,4
0,2,10.0,28,5,5,1,9,87,4,4
0,2,17.0,6,5,8,0,4,5,1,6
0,2,17.0,6,5,5,1,9,93,4,6
0,2,17.0,6,5,22,0,5,6,2,6
0,2,18.0,7,6,16,0,4,138,1,0
0,2,17.0,6,5,7,1,8,9,4,6
0,2,27.0,136,0,23,0,11,117,3,15
0,2,27.0,136,0,20,0,3,30,1,15
0,2,27.0,136,0,19,0,14,24,4,15
1,11,31.0,227,0,17,0,16,72,3,20
1,9,11.0,52,5,14,0,10,23,0,9
1,7,3.0,269,4,9,2,5,6,0,27
1,9,28.0,315,0,5,0,2,60,2,18
0,4,16.0,25,0,13,0,8,9,1,2
0,4,16.0,25,0,22,1,14,126,1,2
0,4,18.0,26,2,21,1,15,85,0,0
0,4,18.0,26,2,2,0,6,116,3,0
0,4,24.0,27,1,16,0,0,0,1,14
0,4,24.0,27,1,2,0,14,25,3,14
0,3,12.0,104,2,12,3,5,12,1,28
0,5,24.0,58,2,21,0,10,47,1,14
0,0,1.0,8,5,20,0,8,118,1,7
0,4,10.0,79,1,22,0,2,2,1,4
1,11,23.0,232,3,11,1,0,26,1,17
1,11,28.0,123,5,13,1,14,126,1,18
0,4,16.0,25,0,15,0,8,27,3,2
0,5,24.0,58,2,14,0,5,6,0,14
0,0,1.0,8,5,9,0,6,128,2,7
1,7,10.0,329,4,22,0,6,91,3,4
1,11,28.0,123,5,1,1,14,32,4,18
0,4,24.0,27,1,6,0,0,64,3,14
0,5,24.0,58,2,18,0,9,9,4,14
1,11,29.0,270,6,17,2,2,2,1,16
0,4,24.0,27,1,16,0,1,67,0,14
0,5,26.0,37,5,0,2,2,123,0,3
1,11,29.0,270,6,9,0,4,45,2,16
0,0,8.0,9,5,16,2,7,20,3,8
1,7,27.0,53,3,2,0,11,18,1,15
0,4,24.0,27,1,6,1,10,52,1,14
0,5,26.0,37,5,13,0,16,72,4,3
1,9,3.0,217,4,17,0,5,12,0,27
0,0,8.0,9,5,13,2,6,73,2,8
1,11,9.0,311,3,12,1,16,50,1,12
1,9,28.0,315,0,23,1,2,35,4,18
0,5,26.0,37,5,14,0,2,2,1,3
0,0,8.0,9,5,4,2,1,59,3,8
1,11,24.0,194,0,17,1,13,28,1,14
1,9,18.0,359,5,23,1,12,80,1,0
1,3,18.0,165,0,13,1,0,0,4,0
1,3,27.0,361,2,19,0,10,6,0,15
1,6,20.0,215,0,14,1,16,139,0,29
1,10,26.0,61,1,22,3,5,12,0,3
1,10,25.0,56,0,8,1,10,12,1,13
1,7,14.0,125,0,15,1,1,105,4,5
1,7,15.0,205,1,23,0,7,78,4,1
1,7,15.0,205,1,12,2,13,29,4,1
0,1,10.0,17,4,17,1,4,4,1,4
0,2,24.0,22,5,14,1,0,0,0,14
1,7,11.0,197,5,13,1,13,21,1,9
1,7,13.0,238,3,16,3,12,121,0,25
1,7,15.0,205,1,17,0,1,1,3,1
1,7,15.0,205,1,16,1,2,92,0,1
1,7,28.0,34,0,17,1,2,2,0,18
1,7,28.0,34,0,21,1,8,33,0,18
1,7,28.0,34,0,11,1,15,108,4,18
1,7,31.0,43,4,16,1,6,128,4,20
1,7,31.0,43,4,0,0,1,59,1,20
1,3,3.0,182,3,8,0,9,95,1,27
1,3,3.0,182,3,22,1,9,10,4,27
1,3,13.0,210,2,22,1,13,21,4,25
1,3,13.0,210,2,14,0,2,86,1,25
1,3,13.0,210,2,1,0,2,40,4,25
1,3,23.0,57,6,21,1,11,98,0,17
1,3,23.0,57,6,3,0,0,77,4,17
1,3,29.0,325,5,8,2,15,31,1,16
1,4,23.0,30,3,1,1,4,138,4,17
1,4,25.0,20,1,14,1,11,98,2,13
1,4,30.0,139,3,16,0,3,30,3,19
1,4,30.0,139,3,2,2,7,120,3,19
1,4,30.0,139,3,9,0,5,6,0,19
1,2,7.0,153,0,11,0,11,124,4,11
1,2,7.0,153,0,19,0,9,57,0,11
1,2,16.0,220,2,16,0,5,12,3,2
1,2,16.0,220,2,4,2,13,13,1,2
1,2,16.0,220,2,22,1,7,120,4,2
1,0,16.0,11,5,13,0,8,9,1,2
0,11,6.0,252,5,10,1,10,12,1,23
0,11,6.0,252,5,15,2,0,64,3,23
0,11,6.0,252,5,9,2,4,121,1,23
0,11,6.0,252,5,4,1,2,2,4,23
0,8,1.0,66,5,19,1,10,47,1,7
0,8,9.0,124,6,20,1,2,2,1,12
0,8,9.0,124,6,15,1,7,54,4,12
0,8,9.0,124,6,20,1,1,67,1,12
0,8,9.0,124,6,13,1,5,64,1,12
0,8,9.0,124,6,20,0,5,12,3,12
1,11,30.0,170,3,22,0,10,52,2,19
0,7,21.0,81,1,10,0,15,46,2,21
0,6,14.0,173,2,9,0,2,69,3,5
0,1,20.0,151,3,4,0,5,6,2,29
1,7,2.0,160,2,12,0,15,31,4,22
1,7,9.0,273,2,3,0,1,35,4,12
1,4,10.0,79,0,19,3,14,25,0,4
1,4,11.0,121,1,2,1,13,28,0,9
1,3,29.0,325,5,4,0,11,18,2,16
1,5,12.0,327,4,8,0,9,10,0,28
1,5,12.0,327,4,3,1,1,35,4,28
1,5,13.0,184,5,7,1,10,22,0,25
1,5,13.0,184,5,8,0,9,10,1,25
1,3,13.0,210,2,17,1,5,6,0,25
1,3,13.0,210,2,21,2,4,75,0,25
1,3,13.0,210,2,2,0,2,2,0,25
0,4,1.0,144,3,11,0,2,2,1,7
0,0,18.0,0,0,2,1,14,24,4,0
1,3,13.0,210,2,15,1,4,127,2,25
1,3,13.0,210,2,14,1,8,9,4,25
0,4,24.0,27,1,0,1,9,27,0,14
0,5,26.0,37,5,9,0,5,64,1,3
0,0,8.0,9,5,9,0,13,28,3,8
1,9,3.0,217,4,2,0,8,65,4,27
0,4,26.0,80,4,17,0,9,54,3,3
0,5,24.0,58,2,5,0,6,89,1,14
0,0,11.0,10,0,6,2,0,85,3,9
1,9,3.0,217,4,13,0,3,70,2,27
0,5,24.0,58,2,19,0,13,79,3,14
0,2,10.0,28,5,7,1,9,54,1,4
0,5,26.0,37,5,11,0,6,91,1,3
0,0,11.0,10,0,11,0,16,37,2,9
0,0,11.0,10,0,22,0,13,38,3,9
0,0,11.0,10,0,18,2,2,2,3,9
0,0,16.0,11,6,5,0,0,64,0,2
0,0,16.0,11,6,22,0,10,23,1,2
0,0,16.0,11,6,2,1,4,127,4,2
0,0,16.0,11,6,14,0,7,62,2,2
0,0,17.0,12,3,20,0,15,114,0,6
1,3,30.0,304,6,10,0,10,43,1,19
1,5,12.0,327,4,0,1,14,125,0,28
1,5,13.0,184,5,20,1,11,15,1,25
1,5,13.0,184,5,19,0,0,15,4,25
1,5,12.0,327,4,19,0,2,2,2,28
1,5,14.0,36,6,22,0,16,42,1,5
1,5,14.0,36,6,8,0,0,15,3,5
1,5,14.0,36,6,12,0,13,28,3,5
1,5,14.0,36,6,9,0,6,89,1,5
1,5,21.0,351,6,6,1,10,22,0,21
1,5,21.0,351,6,2,0,13,13,1,21
1,5,21.0,351,6,3,1,0,0,4,21
1,5,21.0,351,6,2,0,8,41,1,21
1,5,21.0,351,6,18,2,5,6,3,21
1,5,21.0,351,6,18,3,2,13,3,21
1,5,22.0,163,3,20,0,6,132,1,26
1,5,22.0,163,3,15,0,0,53,1,26
1,4,6.0,176,4,11,1,0,12,1,23
1,4,24.0,27,0,16,1,16,37,0,14
0,0,17.0,12,3,13,1,1,81,4,6
0,0,17.0,12,3,14,0,4,75,3,6
0,0,16.0,11,6,8,1,16,37,4,2
0,0,19.0,13,1,21,0,10,12,0,10
0,0,26.0,14,1,8,0,12,100,4,3
1,3,28.0,187,4,4,1,1,59,0,18
1,5,29.0,24,3,2,0,15,77,3,16
1,6,6.0,83,0,2,1,10,22,4,23
1,6,14.0,173,1,14,1,13,99,4,5
0,0,19.0,13,1,12,0,15,39,1,10
0,0,26.0,14,1,17,0,10,43,1,3
0,0,26.0,14,1,21,0,1,11,4,3
0,0,26.0,14,1,3,1,1,59,4,3
0,0,26.0,14,1,19,1,13,21,4,3
0,0,26.0,14,1,1,0,14,25,1,3
0,0,26.0,14,1,3,1,12,56,4,3
0,0,26.0,14,1,14,0,5,47,2,3
0,0,27.0,23,2,7,0,9,93,3,15
0,0,27.0,23,2,1,2,14,34,3,15
0,11,5.0,240,4,4,1,0,85,0,24
0,7,24.0,68,5,18,1,5,12,0,14
0,7,24.0,68,5,13,0,7,20,0,14
0,0,19.0,13,1,18,1,12,83,4,10
0,0,27.0,23,2,19,0,12,17,1,15
0,0,27.0,23,2,4,0,0,53,2,15
0,7,27.0,53,0,2,1,2,40,4,15
0,5,12.0,327,5,8,0,14,106,3,28
0,6,14.0,173,2,9,1,10,52,2,5
0,4,6.0,176,5,22,0,1,11,2,23
1,7,8.0,94,1,22,3,5,6,0,8
1,3,28.0,187,4,5,0,12,80,2,18
1,5,14.0,36,6,6,0,14,131,1,5
1,5,14.0,36,6,5,0,4,75,2,5
1,5,14.0,36,6,3,0,1,67,3,5
1,5,21.0,351,6,23,1,6,7,1,21
1,5,22.0,163,3,2,0,2,60,1,26
0,5,26.0,37,5,23,1,10,52,4,3
0,2,17.0,6,5,13,1,6,89,4,6
1,0,19.0,13,0,5,1,9,58,4,10
1,9,3.0,217,4,1,0,9,54,4,27
1,7,19.0,330,6,2,1,10,22,0,10
1,9,3.0,217,4,18,1,11,133,0,27
1,3,27.0,361,2,22,3,0,26,3,15
1,9,4.0,295,5,11,0,14,32,4,30
0,2,17.0,6,5,2,0,10,43,1,6
1,3,26.0,343,1,15,1,6,128,1,3
0,2,17.0,6,5,3,1,1,59,4,6
1,9,4.0,295,5,17,1,6,91,1,30
1,11,28.0,123,5,15,0,3,115,2,18
1,9,4.0,295,5,2,0,1,67,0,30
1,9,5.0,89,6,7,0,1,11,1,24
1,9,5.0,89,6,4,2,13,99,0,24
1,9,5.0,89,6,4,0,9,57,3,24
1,9,13.0,91,3,11,0,11,8,2,25
1,9,13.0,91,3,12,1,1,81,4,25
1,9,13.0,91,3,20,1,1,81,4,25
1,9,13.0,91,3,1,0,8,118,1,25
0,5,26.0,37,5,5,0,6,91,2,3
0,5,26.0,37,5,18,0,0,68,1,3
0,6,8.0,59,4,2,1,4,127,4,8
0,6,16.0,38,5,9,0,3,79,4,2
0,6,25.0,39,3,17,0,13,123,1,13
0,6,25.0,39,3,23,0,13,38,2,13
0,6,25.0,39,3,3,0,1,105,0,13
0,6,25.0,39,3,8,2,15,46,3,13
0,10,15.0,60,6,16,0,13,99,1,1
0,10,26.0,61,2,6,1,14,25,0,3
0,1,8.0,62,1,17,0,10,22,3,8
0,1,8.0,62,1,8,0,15,31,3,8
0,1,8.0,62,1,4,0,14,24,3,8
0,1,8.0,62,1,14,0,12,80,2,8
0,1,8.0,62,1,9,1,11,15,1,8
0,1,24.0,64,4,18,0,8,9,1,14
0,8,1.0,66,5,18,0,10,6,3,7
0,8,9.0,124,6,17,0,2,92,1,12
0,8,9.0,124,6,12,0,13,99,2,12
0,7,17.0,95,5,16,0,7,137,1,6
0,7,17.0,95,5,22,0,9,57,3,6
0,7,17.0,95,5,8,0,0,77,1,6
0,7,25.0,41,6,3,1,1,105,4,13
0,7,25.0,41,6,8,1,8,19,4,13
0,7,25.0,41,6,3,0,11,18,2,13
0,7,30.0,42,4,5,0,3,30,1,19
0,7,30.0,42,4,13,1,10,22,0,19
0,7,30.0,42,4,22,1,10,43,4,19
0,7,30.0,42,4,13,1,11,8,4,19
0,7,31.0,43,5,12,0,11,98,3,20
0,7,31.0,43,5,4,2,16,72,1,20
0,7,31.0,43,5,14,0,6,7,0,20
0,3,9.0,44,3,0,0,7,120,1,12
0,3,9.0,44,3,12,0,5,6,3,12
0,3,9.0,44,3,13,1,12,80,1,12
0,3,9.0,44,3,13,0,2,69,0,12
0,3,14.0,33,5,20,2,6,128,2,5
1,6,5.0,342,3,2,0,4,121,2,24
1,4,6.0,176,4,12,0,4,127,4,23
1,7,4.0,186,5,19,0,12,61,1,30
1,7,11.0,197,5,5,0,15,108,2,9
0,4,25.0,20,2,9,0,14,32,1,13
0,2,9.0,21,4,8,0,9,49,2,12
0,2,9.0,21,4,18,0,10,43,3,12
1,7,11.0,197,5,14,1,11,133,4,9
1,7,13.0,238,3,22,0,15,46,1,25
1,7,13.0,238,3,9,0,5,6,0,25
1,7,14.0,125,0,7,1,10,47,0,5
1,7,14.0,125,0,16,1,14,97,0,5
0,3,14.0,33,5,15,0,5,12,0,5
1,9,3.0,217,4,14,0,14,25,0,27
0,2,17.0,6,5,1,1,10,52,1,6
1,9,3.0,217,4,18,0,14,24,1,27
1,9,4.0,295,5,12,2,0,53,0,30
0,2,18.0,7,6,22,1,2,2,1,0
1,9,5.0,89,6,3,0,6,7,3,24
0,2,18.0,7,6,19,0,13,99,2,0
1,9,5.0,89,6,8,0,8,19,3,24
1,9,5.0,89,6,4,2,16,50,1,24
1,9,13.0,91,3,16,1,0,53,0,25
0,9,22.0,92,2,12,0,12,80,1,26
0,7,16.0,40,4,1,2,12,121,3,2
0,0,1.0,8,5,13,1,16,72,4,7
0,7,16.0,40,4,9,0,10,47,1,2
0,0,1.0,8,5,19,0,6,89,4,7
0,7,17.0,95,5,19,0,14,24,0,6
0,0,1.0,8,5,4,0,8,33,3,7
0,7,17.0,95,5,23,1,13,38,4,6
0,7,30.0,42,4,3,0,13,48,2,19
0,7,30.0,42,4,12,0,8,19,0,19
0,7,31.0,43,5,22,0,3,115,1,20
0,7,30.0,42,4,2,2,13,29,3,19
0,3,9.0,44,3,11,1,1,59,4,12
0,3,14.0,33,5,22,2,10,47,2,5
0,3,14.0,33,5,1,0,16,50,3,5
0,3,15.0,35,6,19,0,8,118,2,1
0,3,23.0,57,3,16,0,13,13,0,17
0,3,23.0,57,3,20,1,2,71,4,17
0,5,14.0,36,3,2,0,5,6,3,5
0,7,25.0,41,6,6,1,13,36,1,13
0,7,25.0,41,6,20,0,0,53,3,13
0,7,25.0,41,6,15,0,0,15,2,13
0,7,25.0,41,6,8,2,10,22,1,13
0,7,30.0,42,4,15,2,12,56,2,19
0,7,30.0,42,4,4,0,3,30,1,19
0,7,30.0,42,4,20,1,3,44,4,19
1,7,16.0,40,2,17,1,8,27,2,2
0,9,2.0,323,4,21,1,5,12,0,22
1,9,13.0,91,3,12,0,14,25,2,25
1,9,13.0,91,3,19,0,8,41,1,25
1,9,13.0,91,3,14,0,11,58,3,25
1,9,13.0,91,3,14,2,9,93,3,25
1,9,13.0,91,3,1,0,4,75,1,25
1,9,5.0,89,6,17,0,2,92,4,24
0,6,7.0,169,2,18,1,9,9,4,11
0,6,15.0,49,4,12,0,1,67,1,1
0,6,9.0,236,5,1,0,8,27,1,12
0,1,15.0,1,1,15,1,4,127,1,1
0,1,23.0,69,2,18,3,13,99,3,17
0,1,23.0,69,2,21,1,5,64,1,17
1,11,28.0,123,5,22,0,2,3,3,18
1,11,28.0,123,5,5,1,6,91,1,18
1,11,29.0,270,6,17,1,1,35,0,16
1,11,29.0,270,6,6,2,7,78,3,16
1,11,28.0,123,5,12,1,4,127,4,18
1,11,29.0,270,6,18,0,10,23,0,16
1,11,29.0,270,6,13,0,7,20,4,16
1,9,3.0,217,4,6,0,4,75,1,27
1,9,3.0,217,4,19,0,6,89,1,27
0,6,6.0,83,1,18,1,5,12,1,23
0,10,25.0,56,1,0,0,1,16,0,13
1,11,3.0,288,0,1,3,1,16,3,27
1,11,11.0,175,1,21,0,3,115,4,9
1,9,14.0,106,0,14,1,11,18,0,5
1,9,22.0,92,1,6,1,5,6,1,26
1,5,31.0,196,1,11,0,2,86,1,20
1,5,6.0,277,5,17,0,10,47,3,23
1,8,16.0,73,5,20,1,15,39,1,2
0,0,1.0,8,5,19,0,11,94,3,7
0,0,8.0,9,5,12,0,2,2,0,8
0,0,11.0,10,0,11,1,2,2,1,9
0,0,11.0,10,0,19,2,2,86,1,9
0,0,16.0,11,6,2,0,9,102,2,2
0,0,16.0,11,6,13,1,2,2,4,2
0,0,16.0,11,6,14,0,15,114,4,2
0,0,16.0,11,6,4,0,2,86,4,2
0,0,17.0,12,3,21,0,7,20,3,6
0,0,17.0,12,3,12,2,13,48,0,6
0,0,17.0,12,3,12,1,7,120,4,6
0,0,19.0,13,1,6,0,2,40,3,10
0,0,19.0,13,1,16,0,14,25,1,10
0,0,19.0,13,1,20,0,6,132,4,10
0,0,19.0,13,1,13,1,15,39,4,10
0,11,6.0,252,5,13,0,12,56,2,23
0,11,7.0,253,6,4,0,14,107,1,11
0,11,14.0,147,6,6,1,5,64,1,5
0,11,14.0,147,6,8,0,3,115,2,5
0,11,23.0,232,0,0,0,8,27,1,17
0,11,23.0,232,0,16,1,14,131,0,17
0,11,23.0,232,0,5,0,12,80,2,17
0,11,23.0,232,0,7,1,14,106,0,17
0,11,23.0,232,0,11,1,0,0,4,17
0,11,23.0,232,0,20,0,15,31,2,17
0,11,23.0,232,0,4,0,2,86,1,17
0,11,24.0,194,1,6,0,3,79,3,14
0,11,24.0,194,1,6,0,0,53,0,14
0,11,24.0,194,1,9,0,5,12,0,14
0,11,23.0,232,0,22,1,6,128,1,17
0,11,24.0,194,1,9,0,8,41,0,14
0,11,25.0,88,2,16,1,14,25,2,13
0,11,24.0,194,1,11,1,11,10,1,14
0,11,31.0,227,1,2,0,15,96,0,20
0,9,5.0,89,3,20,1,12,84,1,24
0,9,8.0,90,2,8,0,12,61,1,8
0,9,13.0,91,0,16,0,10,22,2,25
0,2,18.0,7,6,22,0,9,83,3,0
0,2,18.0,7,6,12,0,2,40,4,0
0,2,18.0,7,6,3,1,16,37,4,0
0,2,18.0,7,6,15,0,2,92,3,0
0,2,27.0,136,0,20,1,0,77,1,15
0,0,1.0,8,5,5,0,2,3,4,7
1,3,29.0,325,5,22,1,3,115,4,16
1,3,29.0,325,5,19,0,11,94,4,16
1,3,29.0,325,5,14,0,14,25,0,16
1,5,12.0,327,4,4,0,8,41,1,28
1,5,12.0,327,4,8,0,7,62,2,28
1,5,13.0,184,5,23,0,13,38,1,25
1,5,12.0,327,4,12,1,8,27,0,28
1,8,16.0,73,5,8,1,3,79,1,2
1,6,17.0,244,5,8,0,5,12,3,6
1,8,16.0,73,5,23,1,12,56,0,2
1,8,16.0,73,5,15,1,3,115,4,2
1,6,25.0,39,6,16,1,3,103,4,13
1,11,3.0,288,0,15,1,4,136,4,27
1,6,25.0,39,6,13,0,3,30,3,13
1,8,11.0,306,3,19,0,8,41,4,9
1,9,6.0,51,3,2,0,2,92,3,23
1,9,6.0,51,3,13,1,4,79,4,23
1,8,11.0,306,3,12,0,12,100,1,9
1,7,16.0,40,2,6,0,1,67,0,2
1,6,19.0,291,3,22,2,2,40,3,10
1,5,8.0,199,3,13,0,16,37,2,8
1,6,16.0,38,4,8,0,10,23,2,2
1,3,19.0,138,1,17,0,7,120,0,10
1,9,14.0,106,0,11,0,6,89,2,5
1,9,22.0,92,1,13,0,9,63,1,26
1,10,17.0,256,3,22,2,10,23,3,6
1,10,17.0,256,3,11,0,5,6,2,6
1,10,27.0,302,2,16,0,2,123,4,15
1,10,27.0,302,2,16,0,13,38,0,15
1,10,27.0,302,2,16,2,8,9,3,15
1,10,27.0,302,2,7,1,0,12,1,15
1,10,27.0,302,2,5,0,10,23,1,15
1,10,27.0,302,2,8,0,16,50,1,15
1,10,27.0,302,2,22,1,6,91,1,15
1,10,27.0,302,2,4,1,1,11,4,15
1,10,27.0,302,2,1,0,2,86,4,15
1,1,1.0,203,0,12,0,15,31,1,7
1,1,1.0,203,0,4,0,8,41,4,7
1,1,2.0,171,1,5,0,16,74,1,22
1,1,2.0,171,1,13,0,3,79,0,22
1,1,2.0,171,1,11,1,7,78,4,22
1,1,2.0,171,1,15,0,8,9,1,22
1,1,3.0,188,2,6,0,0,12,0,27
1,1,3.0,188,2,5,0,0,12,1,27
1,1,3.0,188,2,10,1,10,23,1,27
1,1,17.0,63,2,6,0,10,47,0,6
1,1,17.0,63,2,21,0,6,89,3,6
1,1,17.0,63,2,11,0,14,24,3,6
1,1,28.0,300,3,16,0,5,12,3,18
1,1,27.0,262,6,12,1,5,12,0,15
1,1,28.0,300,3,15,0,14,25,0,18
1,1,28.0,300,3,12,0,4,5,0,18
1,1,28.0,300,3,20,1,1,16,4,18
1,1,28.0,300,3,4,2,8,41,3,18
1,8,2.0,77,5,16,1,14,107,4,22
1,8,2.0,77,5,13,0,2,40,1,22
1,8,2.0,77,5,2,2,9,57,3,22
1,8,12.0,284,0,10,1,0,12,1,28
1,8,12.0,284,0,3,0,13,29,1,28
1,8,17.0,74,6,13,0,13,29,1,6
1,8,17.0,74,6,12,0,9,57,2,6
1,8,18.0,75,3,6,1,5,6,0,0
1,1,25.0,65,4,13,0,14,24,2,13
1,8,26.0,278,0,17,2,6,7,3,3
1,8,26.0,278,0,20,1,8,118,1,3
1,8,26.0,278,0,9,0,12,80,2,3
1,4,1.0,144,6,22,0,5,64,3,7
1,4,1.0,144,6,3,2,11,133,0,7
1,4,1.0,144,6,20,1,1,35,1,7
1,4,17.0,19,0,0,1,11,55,4,6
1,4,17.0,19,0,2,1,11,94,4,6
1,1,25.0,65,4,20,1,3,30,4,13
1,1,25.0,65,4,8,1,7,111,4,13
1,1,25.0,65,4,12,0,13,38,0,13
1,1,27.0,262,6,17,0,14,24,3,15
1,7,26.0,316,6,5,0,1,11,4,3
1,7,1.0,98,1,17,0,6,73,1,7
1,1,27.0,262,6,5,1,15,31,1,15
1,1,27.0,262,6,18,2,16,72,3,15
1,8,2.0,77,5,11,1,7,120,4,22
1,8,12.0,284,0,17,0,6,132,2,28
1,1,25.0,65,4,5,0,14,24,2,13
1,8,17.0,74,6,11,0,8,9,3,6
1,8,17.0,74,6,15,1,16,50,4,6
1,8,17.0,74,6,3,1,15,114,1,6
1,8,17.0,74,6,19,0,2,2,4,6
1,8,17.0,74,6,14,1,7,122,4,6
1,8,18.0,75,3,6,1,14,106,0,0
1,8,18.0,75,3,8,0,10,47,3,0
1,8,26.0,278,0,16,2,13,36,3,3
1,8,26.0,278,0,0,0,13,99,1,3
1,8,26.0,278,0,8,0,14,107,3,3
1,1,17.0,63,2,22,1,5,64,1,6
1,1,19.0,29,5,4,0,7,111,3,10
1,1,26.0,248,5,3,0,0,68,2,3
1,1,26.0,248,5,0,2,3,30,3,3
1,1,26.0,248,5,16,0,10,22,1,3
1,1,26.0,248,5,14,2,7,120,3,3
1,1,26.0,248,5,9,0,0,77,3,3
1,8,4.0,299,3,10,3,13,48,0,30
1,8,4.0,299,3,11,0,5,6,3,30
1,8,4.0,299,3,2,1,12,84,1,30
1,8,4.0,299,3,12,0,10,22,1,30
1,8,9.0,124,5,19,2,2,86,3,12
1,8,9.0,124,5,19,0,8,41,3,12
1,8,9.0,124,5,9,0,2,86,2,12
1,8,9.0,124,5,9,0,8,9,3,12
1,8,9.0,124,5,4,0,13,99,3,12
1,8,11.0,306,3,15,0,14,25,2,9
1,5,24.0,58,1,7,0,0,77,1,14
1,5,8.0,199,3,18,0,10,47,2,8
1,8,17.0,74,6,20,0,5,6,2,6
1,7,16.0,40,2,16,0,0,12,3,2
1,6,20.0,215,0,13,3,9,57,4,29
1,5,11.0,326,2,22,2,4,4,3,9
1,3,19.0,138,1,21,0,14,25,1,10
1,6,20.0,215,0,22,0,8,118,2,29
1,5,24.0,58,1,0,0,0,64,0,14
1,6,16.0,38,4,1,0,3,70,3,2
1,8,26.0,278,0,10,0,3,76,1,3
1,7,16.0,40,2,11,2,2,40,4,2
1,5,11.0,326,2,8,2,15,119,3,9
1,3,19.0,138,1,23,0,0,0,3,10
1,10,2.0,358,6,2,2,0,96,3,22
1,5,31.0,196,1,1,1,3,79,1,20
1,5,24.0,58,1,12,1,9,10,4,14
1,6,19.0,291,3,3,0,12,121,1,10
1,1,27.0,262,6,22,0,15,31,4,15
1,7,16.0,40,2,3,0,12,17,0,2
1,3,1.0,180,5,16,1,0,64,0,7
1,3,1.0,180,5,13,0,2,2,2,7
1,3,8.0,148,5,12,0,14,106,1,8
1,3,8.0,148,5,14,1,9,93,4,8
1,7,9.0,273,2,17,0,13,36,4,12
1,7,9.0,273,2,21,2,13,29,3,12
1,7,9.0,273,2,7,0,2,13,0,12
1,7,9.0,273,2,22,2,15,85,3,12
1,7,9.0,273,2,1,0,11,18,1,12
1,7,16.0,40,2,10,0,8,9,0,2
1,7,16.0,40,2,15,2,4,103,3,2
1,7,16.0,40,2,8,0,4,79,0,2
1,7,16.0,40,2,19,0,1,35,4,2
1,7,16.0,40,2,8,0,2,71,2,2
1,3,1.0,180,5,9,2,16,37,1,7
1,10,18.0,246,0,11,1,7,129,4,0
1,10,20.0,223,2,0,1,5,12,0,29
1,10,20.0,223,2,7,0,5,6,2,29
1,6,11.0,355,6,0,0,15,96,2,9
1,9,26.0,267,6,23,1,10,23,1,3
1,6,11.0,355,6,15,1,12,80,1,9
1,6,16.0,38,4,15,3,10,30,3,2
1,6,16.0,38,4,22,1,0,31,4,2
1,6,16.0,38,4,19,0,14,107,1,2
1,6,19.0,291,3,22,2,9,49,3,10
1,6,19.0,291,3,8,0,9,134,2,10
1,6,19.0,291,3,9,1,13,48,1,10
1,6,19.0,291,3,5,1,12,135,4,10
1,6,20.0,215,0,20,1,16,74,1,29
1,6,20.0,215,0,8,0,7,62,2,29
1,10,2.0,358,6,6,1,14,25,4,22
1,10,2.0,358,6,6,0,8,41,4,22
1,10,2.0,358,6,5,1,2,2,4,22
1,10,2.0,358,6,14,0,2,92,2,22
1,10,2.0,358,6,17,1,14,106,4,22
1,10,18.0,246,0,15,0,0,12,3,0
1,10,18.0,246,0,12,0,15,96,0,0
1,7,18.0,154,5,14,0,12,80,1,0
1,10,19.0,117,1,6,1,9,57,4,10
1,10,19.0,117,1,0,1,12,135,0,10
1,10,19.0,117,1,16,0,8,41,3,10
1,10,19.0,117,1,21,1,9,109,0,10
1,10,19.0,117,1,5,1,14,106,4,10
1,11,16.0,225,3,13,0,12,100,2,2
1,7,27.0,53,3,8,2,6,128,1,15
1,7,27.0,53,3,8,2,1,81,4,15
1,3,10.0,4,3,11,0,2,3,2,4
1,3,9.0,44,6,1,0,7,57,1,12
1,3,10.0,4,3,19,0,15,51,1,4
1,3,10.0,4,3,19,0,2,35,2,4
1,3,10.0,4,3,4,1,2,13,2,4
1,3,9.0,44,6,14,1,15,39,4,12
1,3,7.0,289,4,11,0,11,133,2,11
1,3,26.0,343,1,14,1,11,55,4,3
1,3,27.0,361,2,17,0,3,79,1,15
1,5,2.0,307,0,16,2,12,80,0,22
1,5,2.0,307,0,19,0,2,92,3,22
1,6,2.0,352,4,15,0,16,50,3,22
1,6,2.0,352,4,4,2,12,80,3,22
1,3,1.0,180,5,5,1,3,79,1,7
1,3,8.0,148,5,3,0,5,6,0,8
1,3,8.0,148,5,14,2,2,2,1,8
1,3,8.0,148,5,9,2,13,29,3,8
1,3,17.0,54,3,7,1,1,105,0,6
1,3,17.0,54,3,12,0,12,83,0,6
1,3,24.0,357,3,22,0,12,84,1,14
1,3,24.0,357,3,8,0,4,4,2,14
1,3,24.0,357,3,8,2,14,32,3,14
1,11,1.0,222,6,5,0,5,12,3,7
1,11,1.0,222,6,19,0,5,64,1,7
1,11,8.0,283,6,5,0,10,47,0,8
1,11,8.0,283,6,4,0,2,13,1,8
1,6,3.0,99,5,6,0,4,5,3,27
1,6,3.0,99,5,19,1,9,109,4,27
1,6,3.0,99,5,23,1,2,86,4,27
1,6,11.0,355,6,17,0,9,95,1,9
1,6,11.0,355,6,5,3,6,89,2,9
1,11,7.0,253,5,15,1,0,12,1,11
1,11,16.0,225,3,19,0,2,2,1,2
1,7,7.0,293,0,12,1,9,102,4,11
1,7,7.0,293,0,9,0,10,52,1,11
1,6,11.0,355,6,3,0,4,82,4,9
1,5,11.0,326,2,22,1,13,28,4,9
1,7,8.0,94,1,4,0,11,10,1,8
1,5,18.0,195,2,8,0,4,66,2,0
1,11,11.0,175,1,10,0,13,38,2,9
1,8,26.0,278,0,1,0,9,95,2,3
1,11,1.0,222,6,17,3,0,85,4,7
1,10,18.0,246,0,16,0,6,89,1,0
1,7,8.0,94,1,9,0,5,12,1,8
1,6,17.0,244,5,7,1,0,31,0,6
1,10,5.0,336,1,17,1,15,46,4,24
1,5,17.0,212,1,0,0,10,43,1,6
1,8,29.0,301,4,4,1,9,95,4,16
1,10,18.0,246,0,2,0,7,122,0,0
1,11,8.0,283,6,3,2,10,47,0,8
1,6,19.0,291,3,11,1,2,2,1,10
1,6,17.0,244,5,4,0,6,128,1,6
1,7,30.0,42,2,3,0,3,79,2,19
1,5,17.0,212,1,12,2,2,69,3,6
1,4,1.0,144,6,6,1,8,9,4,7
1,10,18.0,246,0,19,0,14,126,2,0
1,11,15.0,331,6,13,0,5,6,2,1
1,11,17.0,110,0,16,0,12,121,3,6
1,11,17.0,110,0,21,0,9,57,2,6
1,11,17.0,110,0,23,0,0,77,2,6
1,9,1.0,126,1,13,0,4,4,1,7
1,9,15.0,226,1,6,0,14,25,4,1
1,9,15.0,226,1,16,0,8,27,3,1
1,9,15.0,226,1,19,2,2,60,0,1
1,9,15.0,226,1,19,0,7,111,0,1
1,9,15.0,226,1,18,0,3,76,3,1
1,9,15.0,226,1,9,2,3,79,3,1
1,9,16.0,107,2,19,0,14,25,1,2
1,9,16.0,107,2,19,2,0,12,1,2
1,9,16.0,107,2,19,2,3,30,3,2
1,9,16.0,107,2,9,1,1,35,1,2
1,9,17.0,255,4,22,2,9,95,3,6
1,9,27.0,179,3,6,1,6,7,0,15
1,9,27.0,179,3,8,0,3,70,1,15
1,3,26.0,343,1,12,0,4,79,2,3
1,3,27.0,361,2,0,2,0,64,3,15
1,3,26.0,343,1,18,0,16,37,2,3
1,3,27.0,361,2,0,2,3,103,3,15
1,3,27.0,361,2,3,0,12,80,1,15
1,3,26.0,343,1,19,2,0,64,0,3
1,3,27.0,361,2,13,0,4,138,3,15
1,11,16.0,225,3,8,0,2,2,4,2
1,3,27.0,361,2,2,2,3,79,2,15
1,5,2.0,307,0,21,0,14,106,3,22
1,5,2.0,307,0,0,2,0,64,3,22
1,5,2.0,307,0,2,2,14,34,3,22
1,6,3.0,99,5,22,0,11,133,0,27
1,6,3.0,99,5,18,1,1,35,4,27
1,6,11.0,355,6,9,1,8,65,0,9
1,6,11.0,355,6,12,0,5,6,3,9
1,6,11.0,355,6,19,1,8,9,0,9
1,9,27.0,179,3,22,0,13,38,0,15
1,7,8.0,94,1,6,0,8,118,1,8
1,7,8.0,94,1,16,0,6,132,0,8
1,7,8.0,94,1,3,0,6,89,1,8
1,7,8.0,94,1,2,0,6,7,0,8
1,9,16.0,107,2,16,2,8,118,3,2
1,9,15.0,226,1,14,1,11,94,4,1
1,9,16.0,107,2,17,0,2,13,2,2
1,9,16.0,107,2,5,0,8,41,4,2
1,9,16.0,107,2,19,0,10,22,3,2
1,9,16.0,107,2,18,2,7,62,3,2
1,9,27.0,179,3,11,0,13,38,1,15
1,10,1.0,208,5,5,0,10,52,1,7
1,9,27.0,179,3,19,0,0,12,1,15
1,7,2.0,160,2,4,1,12,17,4,22
1,7,8.0,94,1,16,0,14,24,1,8
1,7,8.0,94,1,12,0,10,22,1,8
1,7,9.0,273,2,20,0,3,115,2,12
1,7,9.0,273,2,19,0,5,12,3,12
1,7,9.0,273,2,14,0,11,94,1,12
1,11,22.0,250,6,18,2,7,111,3,26
1,5,2.0,307,0,3,0,8,41,3,22
1,5,2.0,307,0,14,0,4,82,1,22
1,6,2.0,352,4,17,0,13,29,0,22
1,6,2.0,352,4,14,1,3,103,0,22
1,6,3.0,99,5,20,0,4,127,4,27
1,6,11.0,355,6,22,0,7,20,2,9
1,6,11.0,355,6,22,1,9,10,1,9
1,6,11.0,355,6,12,1,8,9,0,9
1,6,16.0,38,4,9,1,13,29,2,2
1,6,16.0,38,4,1,0,6,128,3,2
1,6,16.0,38,4,18,0,9,87,1,2
1,6,19.0,291,3,10,0,15,31,3,10
1,6,19.0,291,3,14,0,10,47,2,10
1,6,20.0,215,0,1,2,6,7,0,29
1,10,2.0,358,6,16,2,5,12,0,22
1,10,2.0,358,6,12,0,0,77,2,22
1,10,18.0,246,0,2,1,11,133,4,0
1,10,18.0,246,0,10,1,16,130,1,0
1,10,19.0,117,1,13,0,3,103,1,10
1,10,19.0,117,1,19,2,9,49,3,10
1,10,19.0,117,1,5,1,5,12,1,10
1,10,19.0,117,1,9,0,15,96,4,10
1,10,19.0,117,1,1,1,7,8,4,10
1,5,3.0,161,1,14,0,0,15,1,27
1,7,30.0,42,2,17,1,13,99,4,19
1,6,19.0,291,3,14,0,10,22,3,10
1,10,18.0,246,0,18,0,6,7,0,0
1,6,17.0,244,5,11,1,0,68,4,6
1,10,19.0,117,1,3,0,14,32,1,10
1,4,1.0,144,6,21,0,13,29,1,7
1,6,27.0,116,0,18,0,8,19,1,15
1,5,18.0,195,2,16,1,16,37,1,0
1,10,19.0,117,1,8,0,6,7,0,10
1,6,27.0,116,0,18,0,1,11,4,15
1,4,1.0,144,6,13,0,13,13,0,7
1,5,18.0,195,2,21,0,5,6,0,0
1,10,19.0,117,1,2,0,0,26,0,10
1,4,31.0,67,0,1,1,6,116,1,20
1,5,8.0,199,3,7,0,9,93,3,8
1,6,20.0,215,0,6,1,14,24,1,29
1,10,1.0,208,5,3,1,11,55,4,7
1,6,11.0,355,6,4,0,8,19,4,9
1,10,19.0,117,1,14,0,6,89,1,10
1,6,30.0,145,4,18,0,5,64,1,19
1,10,16.0,201,6,15,0,16,72,1,2
1,10,16.0,201,6,11,1,4,4,1,2
1,11,22.0,250,6,11,0,4,75,1,26
1,9,6.0,51,3,18,0,8,118,1,23
1,9,6.0,51,3,5,0,2,86,2,23
1,9,6.0,51,3,19,1,0,64,0,23
1,7,6.0,93,3,0,1,0,12,0,23
1,3,5.0,324,1,22,1,12,61,4,24
1,5,31.0,196,1,16,2,12,56,3,20
1,9,14.0,106,0,3,1,14,97,4,5
1,7,29.0,268,1,5,0,2,3,4,16
1,8,16.0,73,5,0,1,1,105,2,2
1,3,24.0,357,3,12,0,9,27,3,14
1,3,25.0,347,0,6,1,4,138,1,13
1,3,25.0,347,0,16,1,5,0,0,13
1,3,25.0,347,0,0,0,5,6,1,13
1,3,25.0,347,0,10,0,14,25,3,13
1,3,25.0,347,0,5,0,12,56,4,13
1,3,25.0,347,0,2,2,13,29,3,13
1,3,25.0,347,0,18,0,2,86,1,13
1,3,25.0,347,0,9,0,0,64,3,13
1,5,3.0,161,1,15,1,11,15,4,27
1,5,8.0,199,3,0,0,8,118,1,8
1,3,24.0,357,3,8,0,2,86,3,14
1,5,8.0,199,3,11,0,9,49,1,8
1,5,8.0,199,3,5,0,0,0,2,8
1,5,8.0,199,3,22,1,14,106,4,8
1,5,8.0,199,3,8,0,2,60,2,8
1,5,11.0,326,2,23,0,5,6,0,9
1,5,11.0,326,2,20,0,16,130,4,9
1,5,11.0,326,2,3,1,4,82,1,9
1,5,11.0,326,2,14,0,6,14,4,9
1,3,1.0,180,5,17,0,1,11,4,7
1,8,28.0,224,2,5,2,0,64,1,18
1,8,28.0,224,2,2,0,9,95,3,18
1,10,1.0,208,5,13,3,4,138,0,7
1,5,16.0,239,0,21,0,4,136,4,2
1,5,16.0,239,0,17,1,13,28,0,2
1,5,17.0,212,1,16,0,13,38,0,6
1,5,16.0,239,0,8,1,14,131,4,2
1,5,18.0,195,2,0,2,0,31,3,0
1,5,18.0,195,2,16,2,0,26,1,0
1,5,18.0,195,2,22,0,0,96,2,0
1,5,17.0,212,1,9,3,14,32,4,6
1,5,18.0,195,2,7,1,11,15,4,0
1,5,18.0,195,2,4,0,3,30,3,0
1,5,18.0,195,2,1,0,1,67,4,0
1,5,24.0,58,1,6,0,13,13,3,14
1,5,24.0,58,1,11,0,0,12,3,14
1,5,24.0,58,1,5,0,1,67,2,14
1,3,4.0,285,0,8,0,12,17,3,30
1,3,6.0,303,2,0,1,5,6,1,23
1,11,6.0,252,4,22,0,4,82,2,23
1,11,31.0,227,0,1,1,13,48,4,20
1,5,6.0,277,5,12,3,8,27,0,23
1,5,23.0,168,0,9,3,10,47,1,17
1,5,23.0,168,0,12,1,1,16,0,17
1,6,30.0,145,4,14,1,1,11,4,19
1,8,30.0,103,5,23,0,0,26,3,19
1,4,31.0,67,0,11,1,4,82,4,20
1,4,31.0,67,0,22,1,6,128,0,20
1,6,30.0,145,4,17,1,5,12,1,19
1,10,16.0,201,6,9,1,2,86,1,2
1,0,6.0,260,1,13,0,16,72,1,23
1,0,17.0,12,6,14,1,16,72,2,6
1,0,31.0,290,6,4,1,7,8,4,20
1,0,31.0,290,6,12,1,0,31,0,20
1,0,31.0,290,6,14,3,1,11,0,20
0,9,25.0,344,6,5,0,6,91,1,13
1,6,20.0,215,0,18,2,6,7,3,29
1,6,11.0,355,6,9,0,1,35,0,9
1,10,20.0,223,2,6,0,14,88,3,29
1,10,10.0,245,3,13,0,13,69,0,4
1,5,8.0,199,3,7,0,8,118,1,8
1,10,25.0,56,0,21,1,10,22,0,13
1,6,11.0,355,6,11,1,7,111,1,9
1,3,7.0,289,4,1,0,5,12,0,11
1,10,25.0,56,0,2,0,8,41,3,13
1,6,16.0,38,4,2,0,15,51,1,2
1,10,10.0,245,3,1,0,8,118,3,4
1,7,9.0,273,2,19,2,7,31,3,12
1,5,8.0,199,3,11,2,6,7,3,8
1,10,25.0,56,0,1,0,14,32,4,13
1,9,26.0,267,6,22,0,6,14,1,3
1,3,7.0,289,4,12,1,10,12,0,11
1,10,10.0,245,3,13,1,6,7,4,4
1,5,8.0,199,3,3,2,4,4,3,8
1,10,26.0,61,1,15,0,6,89,0,3
1,7,7.0,293,0,12,1,11,94,4,11
1,7,16.0,40,2,1,0,10,22,3,2
1,7,1.0,98,1,13,0,15,46,3,7
1,10,10.0,245,3,11,1,3,79,4,4
1,5,8.0,199,3,15,0,1,67,2,8
1,9,16.0,107,2,0,1,1,105,0,2
1,6,19.0,291,3,15,0,14,24,2,10
1,6,19.0,291,3,20,1,2,2,4,10
1,6,19.0,291,3,10,1,8,19,1,10
1,6,20.0,215,0,6,0,16,130,3,29
1,6,20.0,215,0,6,1,11,124,0,29
1,10,2.0,358,6,3,0,11,124,1,22
1,10,18.0,246,0,5,0,3,76,1,0
1,10,18.0,246,0,2,0,4,136,4,0
1,10,19.0,117,1,11,0,0,15,2,10
1,10,19.0,117,1,2,2,0,64,3,10
1,10,19.0,117,1,4,0,14,24,1,10
1,10,18.0,246,0,18,2,3,70,3,0
1,10,20.0,223,2,1,1,1,35,0,29
1,10,25.0,56,0,20,0,2,71,4,13
1,10,25.0,56,0,9,0,1,35,3,13
1,10,26.0,61,1,6,0,0,26,3,3
1,10,25.0,56,0,22,1,8,41,4,13
1,10,26.0,61,1,16,2,0,64,3,3
1,10,26.0,61,1,15,1,3,30,1,3
1,1,11.0,111,4,5,0,2,69,3,9
1,4,1.0,144,6,16,1,9,93,0,7
1,4,1.0,144,6,3,1,9,49,1,7
1,8,29.0,301,4,18,0,4,136,1,16
1,4,17.0,19,0,4,1,10,23,1,6
1,4,27.0,274,4,20,1,6,132,4,15
1,4,27.0,274,4,4,0,8,65,3,15
1,4,27.0,274,4,1,1,3,44,4,15
1,4,27.0,274,4,19,0,8,41,3,15
1,6,25.0,39,6,19,0,10,22,1,13
1,6,27.0,116,0,15,2,1,35,4,15
1,6,27.0,116,0,5,0,2,86,2,15
1,6,27.0,116,0,19,2,6,116,3,15
1,6,25.0,39,6,13,3,11,133,0,13
1,10,1.0,208,5,6,0,1,35,4,7
1,10,1.0,208,5,13,0,11,18,1,7
1,10,1.0,208,5,18,0,4,127,4,7
1,5,17.0,212,1,4,0,10,6,3,6
1,5,18.0,195,2,17,0,9,102,3,0
1,1,26.0,248,5,5,1,10,22,0,3
1,4,26.0,80,2,22,1,8,33,4,3
1,4,26.0,80,2,13,0,2,69,2,3
1,4,4.0,178,1,13,0,4,75,1,30
1,5,18.0,195,2,21,0,4,4,1,0
1,5,18.0,195,2,0,0,10,47,3,0
1,5,18.0,195,2,12,1,13,36,4,0
1,5,24.0,58,1,16,0,3,115,3,14
1,4,27.0,274,4,11,1,1,16,4,15
1,4,29.0,313,6,23,0,8,9,2,16
1,4,29.0,313,6,22,0,8,33,1,16
1,4,29.0,313,6,11,3,1,105,4,16
1,2,1.0,16,1,10,0,12,61,1,7
1,2,1.0,16,1,5,2,1,67,0,7
1,2,1.0,16,1,8,2,13,29,2,7
1,2,3.0,282,4,16,1,8,27,4,27
1,2,3.0,282,4,10,0,13,121,2,27
1,2,3.0,282,4,3,0,16,113,2,27
1,2,3.0,282,4,15,0,5,6,2,27
1,6,3.0,99,5,13,1,10,22,1,27
1,6,2.0,352,4,13,0,13,21,2,22
1,6,16.0,38,4,14,0,6,14,4,2
1,11,16.0,225,3,2,1,7,20,4,2
1,3,7.0,289,4,8,0,16,72,1,11
1,10,2.0,358,6,18,0,6,91,1,22
1,10,18.0,246,0,18,0,12,121,3,0
1,6,20.0,215,0,4,0,12,17,1,29
1,11,17.0,110,0,14,2,16,50,3,6
1,10,2.0,358,6,17,0,11,18,1,22
1,10,2.0,358,6,5,0,9,134,3,22
1,3,1.0,180,5,5,1,12,56,4,7
1,9,1.0,126,1,14,0,8,19,4,7
1,9,17.0,255,4,4,2,6,128,1,6
1,10,2.0,358,6,4,0,9,93,3,22
1,10,26.0,61,1,6,2,1,105,0,3
1,9,1.0,126,1,18,0,1,35,0,7
1,9,27.0,179,3,13,1,9,87,1,15
1,10,18.0,246,0,3,1,7,8,1,0
1,9,16.0,107,2,6,0,3,76,1,2
1,7,2.0,160,2,7,0,4,75,1,22
1,7,2.0,160,2,22,0,5,12,0,22
1,7,2.0,160,2,4,0,12,56,2,22
1,7,2.0,160,2,8,0,14,25,1,22
1,7,8.0,94,1,16,0,10,47,0,8
1,7,9.0,273,2,17,0,15,39,2,12
1,7,9.0,273,2,0,0,13,38,0,12
1,7,9.0,273,2,11,0,7,20,0,12
1,7,9.0,273,2,12,0,0,77,1,12
1,7,16.0,40,2,1,0,2,69,3,2
1,7,8.0,94,1,16,0,0,53,0,8
1,3,1.0,180,5,17,0,1,1,1,7
1,3,1.0,180,5,16,0,8,9,1,7
1,3,8.0,148,5,6,1,10,47,0,8
1,3,8.0,148,5,13,0,13,48,1,8
1,3,8.0,148,5,8,2,1,11,3,8
1,3,8.0,148,5,9,0,9,93,1,8
1,3,17.0,54,3,6,1,0,64,0,6
1,7,15.0,205,1,11,2,14,125,2,1
1,5,11.0,326,2,0,0,14,24,1,9
1,7,11.0,197,5,17,1,12,58,4,9
1,7,4.0,186,5,11,0,13,36,2,30
1,7,11.0,197,5,1,1,11,55,4,9
1,3,13.0,210,2,10,1,10,12,1,25
1,7,14.0,125,0,18,1,10,47,2,5
1,7,15.0,205,1,10,2,6,89,1,1
1,1,24.0,64,2,12,0,10,47,1,14
1,1,21.0,45,3,17,0,0,12,1,21
1,5,14.0,36,6,9,0,10,22,1,5
1,6,15.0,49,2,5,1,10,47,0,1
1,4,24.0,27,0,8,2,16,113,3,14
1,1,11.0,111,4,17,0,5,64,3,9
1,1,11.0,111,4,16,1,14,25,0,9
1,1,11.0,111,4,4,2,11,117,3,9
1,1,25.0,65,4,10,1,11,94,0,13
1,1,27.0,262,6,16,0,13,48,3,15
1,10,20.0,223,2,16,0,1,35,3,29
1,10,20.0,223,2,9,0,14,126,1,29
1,10,25.0,56,0,12,1,10,43,2,13
1,10,26.0,61,1,21,1,5,12,0,3
1,10,26.0,61,1,1,0,11,117,2,3
1,10,26.0,61,1,18,0,3,44,3,3
1,1,25.0,65,4,16,0,11,90,3,13
1,1,25.0,65,4,19,0,12,61,3,13
1,1,25.0,65,4,1,0,10,12,1,13
1,1,25.0,65,4,9,0,8,41,3,13
1,1,27.0,262,6,16,0,14,110,4,15
1,1,27.0,262,6,15,0,3,76,4,15
1,1,28.0,300,3,8,2,14,88,0,18
1,8,2.0,77,5,16,1,0,15,1,22
1,8,2.0,77,5,1,2,10,47,3,22
1,8,12.0,284,0,10,1,9,49,1,28
1,8,12.0,284,0,4,0,13,48,2,28
1,8,12.0,284,0,23,1,12,80,4,28
1,3,17.0,54,3,13,0,2,2,2,6
1,3,17.0,54,3,3,1,1,16,4,6
1,3,17.0,54,3,1,2,6,14,3,6
1,3,24.0,357,3,16,1,1,11,0,14
1,10,1.0,208,5,2,1,2,2,2,7
1,1,1.0,203,0,18,0,13,99,1,7
1,1,1.0,203,0,17,1,7,129,4,7
1,3,24.0,357,3,2,0,5,12,3,14
1,5,17.0,212,1,14,1,10,43,4,6
1,5,18.0,195,2,3,0,3,30,1,0
1,5,18.0,195,2,16,0,5,12,0,0
1,5,17.0,212,1,19,1,7,54,4,6
1,5,16.0,239,0,14,1,11,55,4,2
1,5,18.0,195,2,1,1,9,93,4,0
1,5,18.0,195,2,0,0,5,12,3,0
1,5,24.0,58,1,19,0,1,11,4,14
1,6,17.0,244,5,11,0,16,72,2,6
1,6,17.0,244,5,23,0,1,16,4,6
1,10,18.0,246,0,18,0,12,121,3,0
1,9,16.0,107,2,3,0,9,63,1,2
1,10,18.0,246,0,12,1,11,55,4,0
1,9,17.0,255,4,1,2,10,133,2,6
1,10,19.0,117,1,16,2,8,33,3,10
1,9,27.0,179,3,17,0,1,84,0,15
1,10,19.0,117,1,7,0,1,67,1,10
1,9,27.0,179,3,10,0,13,29,1,15
1,10,20.0,223,2,16,0,5,12,3,29
1,10,20.0,223,2,16,1,13,48,0,29
1,10,20.0,223,2,21,2,13,29,1,29
1,7,1.0,98,1,20,0,6,89,4,7
1,10,19.0,117,1,9,2,5,6,3,10
1,10,19.0,117,1,1,2,7,111,0,10
1,10,19.0,117,1,18,1,9,109,4,10
1,10,20.0,223,2,8,3,8,9,0,29
1,10,20.0,223,2,14,2,8,27,3,29
1,10,20.0,223,2,22,1,11,94,4,29
1,10,25.0,56,0,7,1,5,6,0,13
1,10,25.0,56,0,15,0,10,22,3,13
1,10,25.0,56,0,3,0,0,64,0,13
1,10,25.0,56,0,22,0,16,50,2,13
1,11,8.0,283,6,8,3,11,98,1,8
1,11,10.0,360,0,11,0,16,72,3,4
1,11,10.0,360,0,14,0,5,6,0,4
1,11,10.0,360,0,14,0,8,9,1,4
1,11,10.0,360,0,1,0,2,86,1,4
1,11,15.0,331,6,11,0,14,34,0,1
1,11,17.0,110,0,17,1,13,99,0,6
1,3,25.0,347,0,18,1,11,133,0,13
1,3,25.0,347,0,12,1,8,41,1,13
1,10,1.0,208,5,19,1,0,53,4,7
1,10,1.0,208,5,3,1,6,128,0,7
1,9,1.0,126,1,6,0,7,120,1,7
1,9,1.0,126,1,16,0,1,16,1,7
1,10,1.0,208,5,17,1,6,7,0,7
1,11,1.0,222,6,1,3,14,110,0,7
1,8,11.0,306,3,12,1,9,27,0,9
1,3,17.0,54,3,20,1,12,104,4,6
1,3,24.0,357,3,15,0,16,113,2,14
1,3,24.0,357,3,5,0,10,23,0,14
1,3,25.0,347,0,6,0,10,23,1,13
1,3,25.0,347,0,20,1,4,136,4,13
1,3,25.0,347,0,22,1,10,47,1,13
1,10,25.0,56,0,22,2,4,79,0,13
1,10,25.0,56,0,14,0,4,127,3,13
1,10,25.0,56,0,1,1,15,108,2,13
1,10,25.0,56,0,18,0,5,12,3,13
1,1,11.0,111,4,21,0,2,86,2,9
1,1,11.0,111,4,16,1,14,110,4,9
1,1,11.0,111,4,15,1,12,61,4,9
1,1,11.0,111,4,13,0,9,93,0,9
1,1,11.0,111,4,18,0,10,47,2,9
1,1,25.0,65,4,19,0,3,44,1,13
1,1,25.0,65,4,19,0,8,118,3,13
1,1,27.0,262,6,16,0,10,22,3,15
1,1,27.0,262,6,0,0,2,40,1,15
1,1,27.0,262,6,19,0,12,84,3,15
1,10,19.0,117,1,14,1,8,19,0,10
1,10,20.0,223,2,22,0,8,118,3,29
1,10,19.0,117,1,13,1,15,51,4,10
1,10,19.0,117,1,14,0,14,25,2,10
1,10,25.0,56,0,11,0,14,24,1,13
1,7,7.0,293,0,1,1,0,68,4,11
1,3,7.0,289,4,11,1,11,133,4,11
1,10,25.0,56,0,13,0,5,6,3,13
1,10,25.0,56,0,22,1,10,22,4,13
1,5,23.0,168,0,17,3,14,25,2,17
1,9,12.0,177,6,13,1,13,38,4,28
1,10,16.0,201,6,5,3,11,117,0,2
1,10,22.0,314,5,17,3,11,98,2,26
1,3,25.0,347,0,8,1,1,67,4,13
1,3,24.0,357,3,13,0,12,135,2,14
1,3,25.0,347,0,9,1,6,7,4,13
1,5,3.0,161,1,21,0,3,79,1,27
1,5,3.0,161,1,19,2,2,92,3,27
1,5,8.0,199,3,19,0,11,117,0,8
1,5,16.0,239,0,8,2,16,37,3,2
1,9,27.0,179,3,4,1,11,122,4,15
1,10,19.0,117,1,15,0,14,25,1,10
1,10,19.0,117,1,14,0,6,89,3,10
1,10,20.0,223,2,16,0,0,26,0,29
1,10,25.0,56,0,2,0,15,114,2,13
1,10,26.0,61,1,17,0,8,118,0,3
1,10,26.0,61,1,16,0,7,111,4,3
1,10,26.0,61,1,16,0,15,108,1,3
1,10,26.0,61,1,12,0,5,6,2,3
1,10,26.0,61,1,21,0,8,41,4,3
1,10,26.0,61,1,13,1,2,86,2,3
1,10,26.0,61,1,16,0,5,0,2,3
1,1,11.0,111,4,17,1,14,110,4,9
1,1,25.0,65,4,8,0,10,47,0,13
1,1,27.0,262,6,7,0,10,22,3,15
1,1,27.0,262,6,3,2,15,119,1,15
1,1,28.0,300,3,10,0,0,64,3,18
1,1,28.0,300,3,21,1,7,120,0,18
1,1,28.0,300,3,19,0,14,110,0,18
1,1,28.0,300,3,9,0,1,1,1,18
1,8,2.0,77,5,13,2,16,130,0,22
1,8,17.0,74,6,2,2,16,50,3,6
1,8,17.0,74,6,15,1,14,125,4,6
1,8,17.0,74,6,1,0,11,0,3,6
1,8,17.0,74,6,11,1,12,56,1,6
1,8,18.0,75,3,3,1,3,30,4,0
1,7,2.0,160,2,1,2,8,65,0,22
1,7,2.0,160,2,12,0,9,102,4,22
1,7,8.0,94,1,23,2,13,29,3,8
1,5,16.0,239,0,12,0,1,35,3,2
1,7,8.0,94,1,4,1,7,62,4,8
1,7,9.0,273,2,0,1,1,105,0,12
1,7,9.0,273,2,2,0,14,24,1,12
1,7,9.0,273,2,19,0,8,27,0,12
1,7,9.0,273,2,1,1,11,18,0,12
1,7,16.0,40,2,16,0,7,111,4,2
1,7,16.0,40,2,1,2,4,75,0,2
1,3,1.0,180,5,16,0,0,77,1,7
1,10,1.0,208,5,9,2,14,106,3,7
1,6,27.0,116,0,13,0,4,82,1,15
1,3,1.0,180,5,22,1,2,69,4,7
1,3,8.0,148,5,17,1,1,11,0,8
1,3,8.0,148,5,20,0,6,14,4,8
1,10,10.0,245,3,6,0,6,7,0,4
1,10,10.0,245,3,5,3,12,17,3,4
1,10,10.0,245,3,5,1,0,15,1,4
1,10,17.0,256,3,13,0,0,85,4,6
1,8,18.0,75,3,13,1,9,95,4,0
1,8,18.0,75,3,12,0,0,77,1,0
1,8,26.0,278,0,6,0,11,0,3,3
1,8,26.0,278,0,1,0,1,35,4,3
1,8,26.0,278,0,9,1,9,134,4,3
1,8,29.0,301,4,22,0,6,128,3,16
1,4,1.0,144,6,3,1,9,49,1,7
1,4,1.0,144,6,3,0,15,108,2,7
1,4,1.0,144,6,1,0,14,25,1,7
1,4,17.0,19,0,16,1,6,7,0,6
1,4,27.0,274,4,16,1,0,15,0,15
1,4,27.0,274,4,20,1,15,46,4,15
1,4,27.0,274,4,20,1,2,2,1,15
1,4,27.0,274,4,8,0,12,61,1,15
1,4,27.0,274,4,9,0,13,29,3,15
1,2,3.0,282,4,5,0,4,138,2,27
1,2,3.0,282,4,4,0,4,82,1,27
1,2,3.0,282,4,22,2,1,105,0,27
1,2,29.0,140,1,16,0,10,22,1,16
1,1,27.0,262,6,13,3,16,113,2,15
1,1,28.0,300,3,16,2,10,22,3,18
1,11,11.0,175,1,13,0,4,82,1,9
1,7,12.0,181,6,5,1,9,93,4,28
1,5,7.0,349,6,11,1,9,58,4,11
1,1,23.0,69,1,2,1,4,5,1,17
1,1,11.0,111,4,21,2,10,22,3,9
1,1,11.0,111,4,0,1,9,57,0,9
1,1,11.0,111,4,6,2,11,90,3,9
1,1,11.0,111,4,19,0,8,19,4,9
1,7,19.0,330,6,13,0,10,22,2,10
1,7,27.0,53,3,0,0,3,30,4,15
1,7,27.0,53,3,8,0,5,6,0,15
1,7,27.0,53,3,8,1,13,38,4,15
1,3,7.0,289,4,6,2,1,35,3,11
1,3,7.0,289,4,13,1,2,71,4,11
1,3,7.0,289,4,4,0,14,25,2,11
1,3,1.0,180,5,13,1,12,80,4,7
1,3,17.0,54,3,13,2,13,13,2,6
1,3,17.0,54,3,12,2,5,6,0,6
1,3,17.0,54,3,4,1,14,125,4,6
1,3,17.0,54,3,1,0,14,107,0,6
1,3,24.0,357,3,16,0,0,12,0,14
1,3,24.0,357,3,18,1,3,30,0,14
1,3,25.0,347,0,0,1,13,48,0,13
1,3,25.0,347,0,1,0,5,6,0,13
1,3,25.0,347,0,9,0,11,15,0,13
1,3,25.0,347,0,9,2,6,73,3,13
1,5,3.0,161,1,9,0,2,92,1,27
1,5,8.0,199,3,15,0,4,75,1,8
1,5,8.0,199,3,3,2,5,6,0,8
1,5,8.0,199,3,11,1,13,48,4,8
1,3,24.0,357,3,5,0,9,87,2,14
1,10,17.0,256,3,19,1,9,134,0,6
1,3,7.0,289,4,5,3,4,75,0,11
1,3,7.0,289,4,11,1,7,62,4,11
1,3,10.0,4,3,22,0,10,47,2,4
1,3,10.0,4,3,1,0,10,22,3,4
1,3,9.0,44,6,21,0,11,133,1,12
1,3,19.0,138,1,15,0,1,16,4,10
1,3,27.0,361,2,16,0,14,106,3,15
1,3,27.0,361,2,22,2,1,1,3,15
1,3,27.0,361,2,19,0,7,20,4,15
1,3,27.0,361,2,17,0,10,22,1,15
1,5,2.0,307,0,12,0,13,29,4,22
1,5,2.0,307,0,1,0,9,134,4,22
1,5,2.0,307,0,14,0,8,33,4,22
1,6,2.0,352,4,17,0,13,36,1,22
1,6,2.0,352,4,17,2,10,22,3,22
1,6,2.0,352,4,22,2,14,24,3,22
1,6,2.0,352,4,8,1,0,31,4,22
1,6,2.0,352,4,15,0,9,63,2,22
1,6,3.0,99,5,8,0,6,89,4,27
1,3,18.0,165,0,7,0,2,3,4,0
1,3,18.0,165,0,14,2,2,69,3,0
1,3,18.0,165,0,2,1,6,132,1,0
1,3,19.0,138,1,8,0,5,12,3,10
1,3,25.0,347,0,10,0,5,12,0,13
1,3,1.0,180,5,5,0,10,23,2,7
1,3,25.0,347,0,19,0,3,44,4,13
1,3,25.0,347,0,13,1,1,35,4,13
1,3,25.0,347,0,22,0,12,121,1,13
1,5,3.0,161,1,16,0,0,12,1,27
1,5,3.0,161,1,10,0,16,130,4,27
1,5,3.0,161,1,8,0,8,27,0,27
1,5,3.0,161,1,9,0,13,28,1,27
1,5,17.0,212,1,17,2,5,6,3,6
1,5,16.0,239,0,19,1,16,72,0,2
1,5,17.0,212,1,11,0,9,93,1,6
1,5,17.0,212,1,11,0,12,61,4,6
1,3,19.0,138,1,8,0,13,21,3,10
1,3,18.0,165,0,16,0,0,12,3,0
1,3,26.0,343,1,14,2,3,30,1,3
1,11,16.0,225,3,11,1,16,37,1,2
1,3,27.0,361,2,0,0,13,99,1,15
1,3,27.0,361,2,13,0,11,15,0,15
1,5,2.0,307,0,22,2,3,30,1,22
1,5,2.0,307,0,12,0,8,27,1,22
1,5,2.0,307,0,15,2,12,61,3,22
1,6,2.0,352,4,21,0,13,123,1,22
1,6,3.0,99,5,11,0,4,82,1,27
1,6,3.0,99,5,12,1,7,20,1,27
1,6,11.0,355,6,10,0,0,26,1,9
1,6,11.0,355,6,15,0,4,5,3,9
1,6,11.0,355,6,8,0,5,0,3,9
1,1,27.0,262,6,19,0,2,86,1,15
1,7,8.0,94,1,3,0,3,30,3,8
1,3,8.0,148,5,14,1,0,53,2,8
1,3,25.0,347,0,14,1,8,27,2,13
1,11,1.0,222,6,6,0,16,37,4,7
1,11,1.0,222,6,16,0,0,68,1,7
1,11,1.0,222,6,17,0,0,31,4,7
1,11,1.0,222,6,21,0,8,9,1,7
1,11,1.0,222,6,20,0,8,9,0,7
1,11,1.0,222,6,14,0,15,108,4,7
1,11,8.0,283,6,15,1,6,7,4,8
1,11,10.0,360,0,17,1,3,79,0,4
1,11,10.0,360,0,1,2,3,44,3,4
1,11,10.0,360,0,15,1,6,89,1,4
1,1,27.0,262,6,9,0,3,44,4,15
1,1,27.0,262,6,11,1,9,10,1,15
1,1,28.0,300,3,6,0,5,64,3,18
1,1,28.0,300,3,11,0,15,85,1,18
1,1,28.0,300,3,3,0,7,54,3,18
1,1,28.0,300,3,6,1,1,35,0,18
1,1,28.0,300,3,10,0,4,66,1,18
1,1,28.0,300,3,9,0,0,26,0,18
1,8,2.0,77,5,21,0,10,43,0,22
1,8,2.0,77,5,16,1,10,22,1,22
1,8,2.0,77,5,20,1,11,18,4,22
1,8,2.0,77,5,20,1,12,17,4,22
1,8,12.0,284,0,5,2,10,43,3,28
1,8,12.0,284,0,12,2,15,46,3,28
1,8,12.0,284,0,10,1,0,12,1,28
1,8,12.0,284,0,9,0,8,33,1,28
1,8,12.0,284,0,18,2,16,50,1,28
1,8,17.0,74,6,16,0,12,84,1,6
1,8,12.0,284,0,17,0,4,75,4,28
1,8,17.0,74,6,11,0,5,6,3,6
1,8,17.0,74,6,7,0,10,47,0,6
1,11,17.0,110,0,11,0,13,13,1,6
1,11,17.0,110,0,13,3,4,75,0,6
1,11,17.0,110,0,15,1,12,83,1,6
1,11,1.0,222,6,6,0,0,77,1,7
1,11,1.0,222,6,13,0,12,104,1,7
1,11,1.0,222,6,12,0,4,138,3,7
1,11,1.0,222,6,13,1,11,15,1,7
1,7,2.0,160,2,20,0,6,7,4,22
1,11,8.0,283,6,11,0,3,79,1,8
1,11,8.0,283,6,8,0,0,0,1,8
1,11,10.0,360,0,2,2,10,47,3,4
1,11,10.0,360,0,8,1,4,127,4,4
1,11,10.0,360,0,8,0,3,30,4,4
1,11,8.0,283,6,2,0,4,127,3,8
1,11,17.0,110,0,13,2,8,118,1,6
1,11,17.0,110,0,8,0,0,53,1,6
1,11,17.0,110,0,3,0,2,2,0,6
1,9,15.0,226,1,21,0,7,120,1,1
1,9,15.0,226,1,16,0,8,27,1,1
1,5,2.0,307,0,18,1,13,48,0,22
1,8,17.0,74,6,3,0,9,63,1,6
1,6,11.0,355,6,4,0,10,47,3,9
1,6,11.0,355,6,22,1,9,9,2,9
1,6,16.0,38,4,15,3,9,102,3,2
1,6,16.0,38,4,8,1,6,116,4,2
1,6,19.0,291,3,3,0,2,69,0,10
1,3,16.0,263,6,8,0,0,0,3,2
1,6,28.0,309,1,20,0,14,107,3,18
1,3,11.0,337,0,19,1,4,75,0,9
1,3,16.0,263,6,8,0,16,50,0,2
1,6,28.0,309,1,8,0,2,13,1,18
1,1,14.0,183,3,13,1,1,59,4,5
1,6,26.0,348,3,5,1,2,2,4,3
1,3,16.0,263,6,22,0,6,89,3,2
1,6,28.0,309,1,1,0,10,47,1,18
1,5,23.0,168,0,17,3,8,27,2,17
1,3,16.0,263,6,22,1,0,53,1,2
1,6,26.0,348,3,20,1,0,53,0,3
1,6,28.0,309,1,3,2,8,41,3,18
1,1,23.0,69,1,16,0,3,30,0,17
1,3,16.0,263,6,3,1,0,85,0,2
1,6,28.0,309,1,0,0,4,75,1,18
1,6,28.0,309,1,18,0,13,29,1,18
1,1,23.0,69,1,20,1,10,22,1,17
1,5,1.0,109,3,17,0,15,96,1,7
1,0,14.0,5,2,18,1,1,81,4,5
1,6,28.0,309,1,10,0,16,50,2,18
1,6,28.0,309,1,16,0,0,12,1,18
1,1,30.0,100,1,0,0,5,12,3,19
1,5,1.0,109,3,4,0,7,20,4,7
1,5,10.0,155,1,1,0,8,33,1,4
1,8,25.0,86,3,13,0,8,9,0,13
1,5,1.0,109,3,20,1,13,99,4,7
1,5,9.0,206,0,23,0,2,2,3,12
1,3,11.0,337,0,9,2,10,47,2,9
1,9,10.0,156,4,17,1,2,69,1,4
1,5,9.0,206,0,15,0,8,41,2,12
1,5,9.0,206,0,22,0,16,37,3,12
1,5,9.0,206,0,8,0,10,47,3,12
1,5,9.0,206,0,14,0,14,126,1,12
1,5,10.0,155,1,11,1,13,29,4,4
1,5,10.0,155,1,10,1,1,67,0,4
1,5,10.0,155,1,19,0,10,52,3,4
1,5,10.0,155,1,4,0,3,30,3,4
1,5,10.0,155,1,4,0,9,54,0,4
1,5,10.0,155,1,14,0,2,92,1,4
1,5,19.0,146,4,14,0,13,29,2,10
1,5,19.0,146,4,1,2,8,41,3,10
1,9,25.0,344,5,11,0,13,28,2,13
1,9,25.0,344,5,17,0,14,25,2,13
1,9,25.0,344,5,5,0,5,6,2,13
1,7,25.0,41,5,3,0,6,7,0,13
1,7,25.0,41,5,14,2,12,61,1,13
1,3,2.0,120,6,23,1,10,47,0,22
1,3,2.0,120,6,23,1,3,79,4,22
1,3,2.0,120,6,18,2,1,67,3,22
1,3,11.0,337,0,18,0,1,11,4,9
1,3,16.0,263,6,0,1,8,33,0,2
1,3,16.0,263,6,20,1,4,75,0,2
1,3,16.0,263,6,13,0,5,64,2,2
1,3,11.0,337,0,8,0,9,93,3,9
1,5,19.0,146,4,18,0,13,48,0,10
1,5,27.0,328,5,13,1,3,30,4,15
1,3,16.0,263,6,2,0,1,11,4,2
1,3,16.0,263,6,20,1,12,56,4,2
1,10,22.0,314,5,19,0,9,57,3,26
1,10,29.0,318,5,3,0,11,15,2,16
1,1,14.0,183,3,17,2,2,92,3,5
1,1,14.0,183,3,4,0,1,81,4,5
1,1,23.0,69,1,16,0,0,12,3,17
1,1,30.0,100,1,22,0,14,34,3,19
1,5,6.0,277,5,17,3,15,51,4,23
1,1,30.0,100,1,9,2,8,41,2,19
1,8,5.0,101,0,16,0,7,20,3,24
1,8,5.0,101,0,19,0,10,22,3,24
1,8,14.0,296,2,13,2,4,79,3,5
1,8,16.0,73,5,11,0,1,67,4,2
1,8,16.0,73,5,20,1,9,87,4,2
1,8,21.0,46,2,17,0,2,86,1,21
1,8,21.0,46,2,0,0,16,74,0,21
1,8,21.0,46,2,16,1,0,68,0,21
1,8,25.0,86,3,17,1,8,9,1,13
1,8,25.0,86,3,20,2,2,86,2,13
1,8,25.0,86,3,20,1,1,81,4,13
1,8,16.0,73,5,1,0,7,20,4,2
1,8,21.0,46,2,17,1,7,57,0,21
1,8,21.0,46,2,23,0,10,12,3,21
1,8,21.0,46,2,22,0,15,51,3,21
1,8,21.0,46,2,6,0,0,68,3,21
1,8,21.0,46,2,12,2,8,9,0,21
1,8,21.0,46,2,12,2,4,82,2,21
1,8,21.0,46,2,1,0,2,2,1,21
1,8,21.0,46,2,14,0,0,68,4,21
1,8,24.0,85,6,6,0,9,54,1,14
1,8,24.0,85,6,4,0,0,53,3,14
1,8,24.0,85,6,15,1,12,80,4,14
1,8,24.0,85,6,11,1,3,30,4,14
1,8,24.0,85,6,1,0,6,14,1,14
1,8,24.0,85,6,13,0,8,41,2,14
1,8,25.0,86,3,18,0,14,24,1,13
1,8,30.0,103,5,12,0,15,77,0,19
1,8,30.0,103,5,4,1,1,16,4,19
1,8,30.0,103,5,11,1,13,38,4,19
1,5,1.0,109,3,20,0,7,57,3,7
1,5,1.0,109,3,4,1,9,109,4,7
1,5,1.0,109,3,19,0,6,89,1,7
1,5,1.0,109,3,18,0,4,4,1,7
1,5,9.0,206,0,11,2,2,2,2,12
1,2,23.0,230,2,20,1,0,68,0,17
1,5,20.0,214,5,22,0,6,7,3,29
1,6,28.0,309,1,0,2,7,20,3,18
1,2,23.0,230,2,21,1,11,15,0,17
1,10,3.0,310,3,11,1,2,123,1,27
1,5,9.0,206,0,15,2,3,44,0,12
1,8,30.0,103,5,5,0,2,2,1,19
1,2,23.0,230,2,23,1,0,68,0,17
1,5,23.0,168,0,2,0,2,86,4,17
1,10,8.0,213,5,0,1,1,105,4,8
1,5,10.0,155,1,7,0,3,44,1,4
1,8,30.0,103,5,8,0,13,29,2,19
1,6,28.0,309,1,22,0,9,93,3,18
1,2,23.0,230,2,21,0,4,79,1,17
1,5,31.0,196,1,21,0,12,80,4,20
1,10,9.0,150,6,3,0,6,7,2,12
1,5,10.0,155,1,6,1,14,25,4,4
1,4,13.0,221,4,0,0,11,18,3,25
1,10,3.0,310,3,16,0,2,86,2,27
1,2,23.0,230,2,16,1,11,133,4,17
1,5,31.0,196,1,0,0,7,120,0,20
1,10,9.0,150,6,1,0,5,12,0,12
1,10,11.0,298,0,6,0,4,5,1,9
1,10,11.0,298,0,17,0,0,12,0,9
1,5,9.0,206,0,18,0,3,115,4,12
1,5,9.0,206,0,18,1,14,25,4,12
1,5,9.0,206,0,2,0,6,7,2,12
1,5,10.0,155,1,22,0,3,79,3,4
1,5,19.0,146,4,16,1,6,128,0,10
1,5,19.0,146,4,12,0,4,75,4,10
1,2,6.0,251,3,5,2,6,7,0,23
1,2,6.0,251,3,7,0,1,11,3,23
1,2,6.0,251,3,19,1,7,57,4,23
1,2,15.0,130,1,6,0,9,102,0,1
1,2,15.0,130,1,7,0,2,2,0,1
1,10,21.0,341,4,4,0,2,3,4,21
1,10,21.0,341,4,1,0,15,85,1,21
1,0,5.0,122,0,9,0,6,7,0,24
1,10,22.0,314,5,9,0,15,77,3,26
1,10,21.0,341,4,22,0,13,29,2,21
1,10,29.0,318,5,3,0,13,29,3,16
1,10,29.0,318,5,22,2,2,2,3,16
1,10,29.0,318,5,4,0,10,47,3,16
1,1,14.0,183,3,3,1,1,81,4,5
1,1,23.0,69,1,16,0,13,28,1,17
1,1,23.0,69,1,4,0,14,106,4,17
1,1,23.0,69,1,14,0,7,111,1,17
1,1,30.0,100,1,6,0,0,12,3,19
1,1,30.0,100,1,16,1,14,106,0,19
1,1,30.0,100,1,15,0,6,14,3,19
1,8,5.0,101,0,20,0,7,57,4,24
1,8,5.0,101,0,3,1,16,72,4,24
1,8,5.0,101,0,1,0,10,47,0,24
1,11,24.0,194,0,5,1,8,19,4,14
1,11,24.0,194,0,2,1,0,53,0,14
1,11,24.0,194,0,19,1,14,24,0,14
1,11,24.0,194,0,13,3,7,62,0,14
1,9,8.0,90,1,21,1,0,53,0,8
1,7,17.0,95,4,2,0,2,123,4,6
1,3,10.0,4,3,22,0,6,91,2,4
1,5,2.0,307,0,12,1,13,28,0,22
1,10,20.0,223,2,14,3,0,12,3,29
1,10,20.0,223,2,4,2,10,47,3,29
1,6,3.0,99,5,19,0,15,77,3,27
1,1,27.0,262,6,14,2,8,118,3,15
1,1,27.0,262,6,17,1,3,30,4,15
1,5,19.0,146,4,12,0,0,96,1,10
1,5,19.0,146,4,4,0,0,53,4,10
1,5,19.0,146,4,4,2,2,69,3,10
1,5,19.0,146,4,18,0,2,3,2,10
1,5,19.0,146,4,9,1,6,7,1,10
1,5,19.0,146,4,14,0,2,35,1,10
1,10,3.0,310,3,10,1,10,47,1,27
1,1,20.0,151,6,10,1,9,93,0,29
1,5,25.0,350,2,21,1,9,93,0,13
1,5,25.0,350,2,4,0,14,88,4,13
1,5,26.0,37,4,17,0,7,120,0,3
1,5,25.0,350,2,0,3,1,67,0,13
1,5,26.0,37,4,8,0,2,86,3,3
1,5,26.0,37,4,18,0,9,95,3,3
1,5,27.0,328,5,22,0,9,57,2,15
1,5,28.0,259,6,16,1,0,53,4,18
1,5,25.0,350,2,16,0,8,118,1,13
1,5,25.0,350,2,10,0,10,47,2,13
1,5,25.0,350,2,9,1,13,38,0,13
1,5,27.0,328,5,0,1,0,85,0,15
1,5,27.0,328,5,21,0,4,75,1,15
1,5,27.0,328,5,4,0,6,89,0,15
1,8,5.0,101,0,9,0,4,103,3,24
1,8,14.0,296,2,15,0,8,118,4,5
1,8,16.0,73,5,7,1,5,0,0,2
1,8,16.0,73,5,13,0,16,113,1,2
1,8,16.0,73,5,19,2,2,86,3,2
1,8,21.0,46,2,3,0,4,45,4,21
1,8,16.0,73,5,3,1,16,74,1,2
1,8,21.0,46,2,4,1,2,40,1,21
1,8,24.0,85,6,16,1,15,31,1,14
1,8,24.0,85,6,19,0,0,53,3,14
1,5,9.0,206,0,4,0,11,133,3,12
1,2,23.0,230,2,4,0,0,15,1,17
1,5,31.0,196,1,20,0,15,114,1,20
1,2,23.0,230,2,4,0,14,131,3,17
1,4,13.0,221,4,15,0,14,106,3,25
1,5,10.0,155,1,1,0,12,84,1,4
1,5,6.0,277,5,2,0,4,138,1,23
1,9,25.0,344,5,19,2,4,136,0,13
1,5,28.0,259,6,19,2,13,21,2,18
1,4,13.0,221,4,22,0,9,49,1,25
1,5,31.0,196,1,4,2,16,130,3,20
1,1,23.0,69,1,11,0,16,37,1,17
1,4,22.0,152,6,2,0,1,1,3,26
1,5,10.0,155,1,7,1,11,15,0,4
1,5,31.0,196,1,1,0,14,107,3,20
1,1,30.0,100,1,21,0,15,51,1,19
1,4,31.0,67,0,8,3,15,46,4,20
1,5,19.0,146,4,11,0,2,92,3,10
1,6,30.0,145,4,17,0,4,75,1,19
1,1,30.0,100,1,5,0,7,57,1,19
1,4,31.0,67,0,14,2,4,138,3,20
1,5,25.0,350,2,16,0,0,12,0,13
1,6,30.0,145,4,2,0,10,22,1,19
1,10,5.0,336,1,17,0,5,6,3,24
1,10,6.0,242,2,0,1,10,22,0,23
1,10,6.0,242,2,14,0,16,108,3,23
1,10,6.0,242,2,1,0,16,113,3,23
1,10,14.0,174,4,19,0,4,82,3,5
1,10,15.0,60,5,16,0,11,15,1,1
1,10,15.0,60,5,13,3,6,89,0,1
1,3,11.0,337,0,19,1,11,55,4,9
1,7,18.0,154,5,15,0,0,53,2,0
1,7,18.0,154,5,4,2,14,32,4,0
1,7,18.0,154,5,18,0,13,21,0,0
1,7,25.0,41,5,0,2,0,26,0,13
1,7,25.0,41,5,13,0,4,79,0,13
1,11,25.0,88,1,17,0,5,12,0,13
1,11,25.0,88,1,23,0,4,45,4,13
1,11,25.0,88,1,10,0,2,86,1,13
1,11,25.0,88,1,1,0,4,79,2,13
1,0,6.0,260,1,23,0,10,23,1,23
1,11,25.0,88,1,18,0,16,50,1,13
1,11,25.0,88,1,14,1,7,129,4,13
1,11,25.0,88,1,2,1,11,94,4,13
1,11,26.0,364,2,14,2,15,51,0,3
1,10,3.0,310,3,18,0,13,48,2,27
1,9,2.0,323,2,16,0,5,12,0,22
1,9,2.0,323,2,17,3,1,35,4,22
1,9,2.0,323,2,19,0,13,38,1,22
1,9,10.0,156,4,10,0,2,71,2,4
1,9,10.0,156,4,12,0,6,7,3,4
1,9,24.0,272,4,10,1,0,64,0,14
1,10,15.0,60,5,13,0,4,4,3,1
1,10,15.0,60,5,1,2,13,29,2,1
1,10,16.0,201,6,5,0,9,93,2,2
1,10,16.0,201,6,14,1,4,75,1,2
1,10,16.0,201,6,14,0,4,75,1,2
1,10,16.0,201,6,12,1,11,10,4,2
1,10,21.0,341,4,8,0,9,134,3,21
1,1,30.0,100,1,0,0,13,13,3,19
1,1,30.0,100,1,21,0,16,50,3,19
1,1,30.0,100,1,21,1,3,76,4,19
1,1,30.0,100,1,7,1,13,21,0,19
1,1,30.0,100,1,6,0,10,12,0,19
1,8,5.0,101,0,5,0,8,33,1,24
1,8,5.0,101,0,3,0,9,9,0,24
1,8,5.0,101,0,1,0,8,33,1,24
1,8,14.0,296,2,22,1,11,129,4,5
1,8,25.0,86,3,19,1,13,38,0,13
1,4,15.0,132,6,18,0,6,7,0,1
1,4,22.0,152,6,11,1,1,16,4,26
1,4,31.0,67,0,6,2,1,67,0,20
1,4,31.0,67,0,6,0,2,2,3,20
1,4,31.0,67,0,17,3,4,138,4,20
1,9,24.0,272,4,8,0,9,49,1,14
1,9,10.0,156,4,8,0,2,86,2,4
1,7,18.0,154,5,17,0,14,24,0,0
1,7,18.0,154,5,6,2,11,117,3,0
1,7,18.0,154,5,8,0,14,34,1,0
1,7,18.0,154,5,2,0,12,83,2,0
1,7,18.0,154,5,14,0,8,27,1,0
1,7,25.0,41,5,8,2,0,68,3,13
1,11,26.0,364,2,4,2,13,38,2,3
1,11,26.0,364,2,3,1,9,134,4,3
1,11,27.0,322,4,20,0,0,12,2,15
1,11,27.0,322,4,5,0,2,69,2,15
1,11,27.0,322,4,23,2,6,89,3,15
1,11,27.0,322,4,18,0,12,121,1,15
1,9,2.0,323,2,1,0,14,25,4,22
1,9,2.0,323,2,2,1,13,36,4,22
1,9,10.0,156,4,13,1,1,59,4,4
1,9,10.0,156,4,3,0,14,110,3,4
1,9,10.0,156,4,5,1,12,80,4,4
1,9,25.0,344,5,13,0,14,25,2,13
1,9,25.0,344,5,3,1,1,35,4,13
1,7,18.0,154,5,3,1,2,71,4,0
1,7,18.0,154,5,2,2,16,74,3,0
1,4,31.0,67,0,18,2,13,36,0,20
1,4,31.0,67,0,15,1,14,131,1,20
1,2,6.0,251,3,13,0,4,136,2,23
1,8,5.0,101,0,13,2,11,117,3,24
1,5,27.0,328,5,9,2,16,72,0,15
1,8,5.0,101,0,22,0,6,89,3,24
1,10,3.0,310,3,9,0,14,24,1,27
1,5,25.0,350,2,21,0,6,128,1,13
1,6,1.0,158,2,9,0,6,89,1,7
1,2,6.0,251,3,7,0,1,11,1,23
1,8,5.0,101,0,8,1,5,12,2,24
1,6,8.0,59,2,0,0,2,86,3,8
1,5,25.0,350,2,3,0,6,7,3,13
1,8,5.0,101,0,5,1,12,17,1,24
1,0,6.0,260,1,2,0,9,49,0,23
1,5,20.0,214,5,19,0,12,61,4,29
1,6,8.0,59,2,0,0,0,77,3,8
1,10,8.0,213,5,17,2,2,71,0,8
1,5,27.0,328,5,12,1,13,28,4,15
1,5,25.0,350,2,23,3,6,7,3,13
1,8,5.0,101,0,12,0,5,6,0,24
1,6,8.0,59,2,8,0,10,47,1,8
1,6,9.0,236,4,5,0,14,32,4,12
1,5,27.0,328,5,9,0,4,5,4,15
1,5,25.0,350,2,14,0,8,9,1,13
1,10,11.0,298,0,4,1,4,75,4,9
1,5,25.0,350,2,14,0,14,106,1,13
1,4,13.0,221,4,21,0,11,15,1,25
1,4,15.0,132,6,10,2,6,7,3,1
1,8,25.0,86,3,8,0,13,38,2,13
1,8,25.0,86,3,18,0,13,36,1,13
1,8,21.0,46,2,6,0,11,133,2,21
1,8,30.0,103,5,14,2,2,92,2,19
1,8,30.0,103,5,20,1,12,84,1,19
1,8,30.0,103,5,2,1,13,38,4,19
1,4,13.0,221,4,0,0,0,12,0,25
1,4,13.0,221,4,22,1,11,122,0,25
1,4,13.0,221,4,22,1,2,71,4,25
1,4,13.0,221,4,9,0,6,132,3,25
1,4,13.0,221,4,9,0,13,38,2,25
1,4,15.0,132,6,6,0,13,99,1,1
1,4,15.0,132,6,9,0,12,17,4,1
1,4,22.0,152,6,5,1,13,48,2,26
1,4,22.0,152,6,19,0,15,96,0,26
1,4,31.0,67,0,14,0,2,86,3,20
1,4,31.0,67,0,12,0,9,87,4,20
1,4,31.0,67,0,1,2,12,61,2,20
1,3,6.0,303,2,22,0,1,11,3,23
1,3,14.0,33,4,7,1,0,53,0,5
1,9,11.0,52,5,4,1,8,9,4,9
1,9,19.0,234,6,18,2,6,7,3,10
1,7,22.0,211,1,13,0,5,64,0,26
1,7,5.0,204,6,8,0,11,18,1,24
1,3,20.0,105,2,13,0,9,101,3,29
1,5,25.0,350,2,9,0,13,69,3,13
1,5,25.0,350,2,21,0,0,77,3,13
1,5,26.0,37,4,19,0,16,108,2,3
1,5,26.0,37,4,19,0,10,22,1,3
1,5,27.0,328,5,19,2,10,22,3,15
1,5,27.0,328,5,12,2,0,53,3,15
1,3,2.0,120,6,16,1,10,22,0,22
1,3,2.0,120,6,19,0,8,19,3,22
1,3,2.0,120,6,23,1,14,88,4,22
1,3,2.0,120,6,12,1,11,55,4,22
1,3,11.0,337,0,16,1,13,28,0,9
1,3,11.0,337,0,13,1,3,76,4,9
1,3,2.0,120,6,17,1,0,26,2,22
1,5,9.0,206,0,0,0,9,102,3,12
1,5,9.0,206,0,12,0,0,0,0,12
1,5,9.0,206,0,4,2,13,38,3,12
1,5,10.0,155,1,23,1,10,22,1,4
1,5,10.0,155,1,10,1,7,137,0,4
1,5,19.0,146,4,12,2,10,6,3,10
1,5,19.0,146,4,14,0,14,32,2,10
1,5,19.0,146,4,1,2,13,21,2,10
1,5,19.0,146,4,18,0,10,22,1,10
1,5,25.0,350,2,6,0,0,85,3,13
1,5,26.0,37,4,11,0,2,69,3,3
1,8,3.0,363,6,0,0,5,12,2,27
1,6,1.0,158,2,17,3,8,27,1,7
1,5,26.0,37,4,17,1,10,47,0,3
1,5,26.0,37,4,20,1,3,30,1,3
1,5,27.0,328,5,21,1,15,96,0,15
1,5,26.0,37,4,8,0,9,95,3,3
1,5,27.0,328,5,15,0,3,76,4,15
1,5,28.0,259,6,3,1,1,35,4,18
1,5,28.0,259,6,23,1,9,95,4,18
1,6,18.0,308,6,19,1,6,89,4,0
1,6,18.0,308,6,14,0,6,89,1,0
1,6,26.0,348,3,3,0,5,6,0,3
1,6,26.0,348,3,5,0,15,85,4,3
1,6,26.0,348,3,1,0,6,89,1,3
1,6,26.0,348,3,20,1,8,41,1,3
1,6,28.0,309,1,16,2,15,112,4,18
1,6,28.0,309,1,16,0,9,87,0,18
1,8,14.0,296,2,6,0,13,48,3,5
1,6,8.0,59,2,14,0,15,96,3,8
1,5,27.0,328,5,18,0,6,116,3,15
1,6,10.0,149,5,22,2,13,28,3,4
1,6,9.0,236,4,22,3,16,74,1,12
1,8,14.0,296,2,0,0,0,26,3,5
1,6,28.0,309,1,17,1,10,47,1,18
1,5,27.0,328,5,18,0,14,25,1,15
1,6,10.0,149,5,19,0,12,61,1,4
1,10,28.0,216,4,18,0,4,121,3,18
1,0,7.0,15,2,19,1,10,22,1,11
1,5,20.0,214,5,19,0,15,31,1,29
1,8,14.0,296,2,19,0,7,78,1,5
1,1,20.0,151,6,6,0,9,102,0,29
1,10,9.0,150,6,17,3,14,24,4,12
1,6,10.0,149,5,14,0,6,91,4,4
1,5,20.0,214,5,19,2,6,73,1,29
1,5,23.0,168,0,16,0,15,96,2,17
1,8,14.0,296,2,1,1,8,27,4,5
1,6,1.0,158,2,17,3,9,9,3,7
1,5,27.0,328,5,23,1,15,85,4,15
1,6,10.0,149,5,4,0,9,95,3,4
1,5,23.0,168,0,9,2,11,117,0,17
1,5,23.0,168,0,22,1,6,91,4,17
1,8,14.0,296,2,1,0,15,31,2,5
1,5,1.0,109,3,17,0,2,13,1,7
1,5,28.0,259,6,21,0,5,12,3,18
1,5,23.0,168,0,18,2,2,2,3,17
1,5,31.0,196,1,0,0,4,5,3,20
1,5,31.0,196,1,0,1,11,8,1,20
1,5,31.0,196,1,8,0,13,29,3,20
1,5,31.0,196,1,1,0,11,124,1,20
1,6,30.0,145,4,15,0,13,48,3,19
1,6,30.0,145,4,20,1,5,12,0,19
1,6,30.0,145,4,19,0,0,53,3,19
1,10,6.0,242,2,16,0,14,24,3,23
1,10,6.0,242,2,1,0,2,92,1,23
1,10,6.0,242,2,11,3,9,10,4,23
1,7,18.0,154,5,11,0,0,12,3,0
1,7,18.0,154,5,1,1,10,43,1,0
1,3,11.0,337,0,7,0,8,118,2,9
1,3,11.0,337,0,22,1,4,136,4,9
1,5,1.0,109,3,12,1,3,115,4,7
1,5,1.0,109,3,1,0,8,41,1,7
1,5,19.0,146,4,22,2,1,35,4,10
1,5,10.0,155,1,18,0,14,25,1,4
1,5,25.0,350,2,17,1,3,115,4,13
1,5,25.0,350,2,22,0,9,54,2,13
1,5,26.0,37,4,22,0,8,41,2,3
1,5,26.0,37,4,12,2,8,9,3,3
1,10,6.0,242,2,19,1,10,23,1,23
1,10,14.0,174,4,1,0,4,4,3,5
1,10,14.0,174,4,18,1,6,73,2,5
1,10,15.0,60,5,16,0,9,57,1,1
1,10,15.0,60,5,17,1,12,17,4,1
1,10,15.0,60,5,20,1,13,21,1,1
1,10,15.0,60,5,23,1,11,117,1,1
1,10,16.0,201,6,8,0,1,59,0,2
1,10,16.0,201,6,11,1,3,30,4,2
1,10,21.0,341,4,15,0,10,22,0,21
1,5,23.0,168,0,12,1,14,24,0,17
1,5,23.0,168,0,13,3,13,48,3,17
1,10,21.0,341,4,14,0,12,61,1,21
1,10,22.0,314,5,16,0,0,0,1,26
1,10,21.0,341,4,10,1,8,27,1,21
1,10,22.0,314,5,20,0,9,49,1,26
1,5,31.0,196,1,19,1,10,22,4,20
1,10,22.0,314,5,15,1,4,82,1,26
1,10,22.0,314,5,20,1,9,95,1,26
1,10,29.0,318,5,4,0,0,6,0,16
1,1,14.0,183,3,16,0,3,115,1,5
1,1,14.0,183,3,10,2,13,21,1,5
1,11,25.0,88,1,15,0,10,12,1,13
1,11,25.0,88,1,1,1,11,90,4,13
1,11,26.0,364,2,12,0,5,6,1,3
1,9,2.0,323,2,6,0,6,7,0,22
1,9,2.0,323,2,21,0,2,2,1,22
1,9,2.0,323,2,16,0,13,21,1,22
1,9,10.0,156,4,15,1,12,56,4,4
1,9,10.0,156,4,18,0,4,75,1,4
1,9,10.0,156,4,15,0,7,20,4,4
1,9,24.0,272,4,11,0,11,94,2,14
1,9,24.0,272,4,12,0,3,103,0,14
1,9,24.0,272,4,19,0,8,27,1,14
1,9,25.0,344,5,11,0,5,6,3,13
1,7,25.0,41,5,9,0,5,6,0,13
1,3,11.0,337,0,8,0,5,47,2,9
1,3,11.0,337,0,8,0,14,32,3,9
1,7,18.0,154,5,20,0,5,6,2,0
1,3,16.0,263,6,16,2,2,86,2,2
1,5,1.0,109,3,21,1,12,61,0,7
1,5,1.0,109,3,13,0,2,86,2,7
1,5,1.0,109,3,0,1,1,11,0,7
1,5,1.0,109,3,5,1,2,2,4,7
1,5,1.0,109,3,12,0,8,41,1,7
1,5,1.0,109,3,4,0,4,121,0,7
1,5,1.0,109,3,18,0,0,85,1,7
1,5,1.0,109,3,18,0,5,6,3,7
1,5,19.0,146,4,1,1,11,117,1,10
1,5,19.0,146,4,9,0,6,89,2,10
1,9,10.0,156,4,20,3,8,9,1,4
1,6,28.0,309,1,22,1,3,44,4,18
1,5,9.0,206,0,13,2,16,130,3,12
1,5,10.0,155,1,6,0,12,56,3,4
1,5,9.0,206,0,11,1,13,21,1,12
1,5,9.0,206,0,5,1,13,21,1,12
1,5,10.0,155,1,1,0,14,131,1,4
1,5,10.0,155,1,12,0,16,37,1,4
1,8,16.0,73,5,21,1,3,103,4,2
1,6,9.0,236,4,3,2,2,2,3,12
1,6,10.0,149,5,14,1,15,119,0,4
1,8,16.0,73,5,17,1,2,60,1,2
1,5,27.0,328,5,8,0,12,84,3,15
1,6,9.0,236,4,12,0,11,94,2,12
1,6,10.0,149,5,14,0,2,13,1,4
1,8,16.0,73,5,22,2,13,21,3,2
1,5,28.0,259,6,18,0,2,2,3,18
1,6,10.0,149,5,12,0,2,2,2,4
1,8,16.0,73,5,4,0,3,76,4,2
1,6,9.0,236,4,19,0,4,79,4,12
1,6,1.0,158,2,21,0,10,12,3,7
1,6,18.0,308,6,20,0,5,6,0,0
1,10,5.0,336,1,18,1,13,36,1,24
1,10,21.0,341,4,2,0,10,22,3,21
1,6,8.0,59,2,21,0,10,22,3,8
1,6,18.0,308,6,20,1,4,45,4,0
1,6,30.0,145,4,18,1,4,66,4,19
1,10,5.0,336,1,18,1,5,64,1,24
1,6,9.0,236,4,22,2,0,96,2,12
1,6,8.0,59,2,3,0,1,16,3,8
1,6,26.0,348,3,10,0,4,45,4,3
1,3,15.0,35,5,5,0,14,25,0,1
1,6,26.0,348,3,0,1,10,22,0,3
1,10,21.0,341,4,3,1,12,80,1,21
1,6,8.0,59,2,5,0,15,112,3,8
1,5,28.0,259,6,11,0,11,117,1,18
1,10,11.0,298,0,19,2,1,35,3,9
1,10,21.0,341,4,19,1,13,38,0,21
1,5,7.0,349,6,7,1,6,128,1,11
1,6,8.0,59,2,9,0,8,9,1,8
1,6,26.0,348,3,22,0,13,48,2,3
1,10,21.0,341,4,19,1,9,93,0,21
1,10,28.0,216,4,17,0,6,7,0,18
1,10,6.0,242,2,9,1,11,55,4,23
1,6,9.0,236,4,16,0,4,4,3,12
1,6,28.0,309,1,22,0,7,20,1,18
1,10,22.0,314,5,3,0,13,99,2,26
1,1,9.0,50,1,22,0,0,15,1,12
1,10,6.0,242,2,14,0,8,27,0,23
1,6,9.0,236,4,12,0,8,41,3,12
1,4,12.0,134,2,22,1,0,77,4,28
1,1,9.0,50,1,19,1,7,122,4,12
1,10,14.0,174,4,3,0,6,128,1,5
1,6,30.0,145,4,17,0,8,9,1,19
1,10,14.0,174,4,2,0,5,64,4,5
1,10,14.0,174,4,1,2,0,64,3,5
1,10,15.0,60,5,3,0,10,6,0,1
1,10,15.0,60,5,3,0,2,86,3,1
1,10,15.0,60,5,19,2,10,47,3,1
1,10,15.0,60,5,4,2,10,22,3,1
1,10,15.0,60,5,9,0,12,56,1,1
1,10,16.0,201,6,3,0,8,9,3,2
1,10,16.0,201,6,12,0,5,6,3,2
1,10,16.0,201,6,23,1,11,94,4,2
1,10,15.0,60,5,13,1,2,2,1,1
1,10,21.0,341,4,17,0,8,9,2,21
1,10,21.0,341,4,16,1,6,7,0,21
1,10,21.0,341,4,21,1,10,22,0,21
1,10,21.0,341,4,11,1,3,44,0,21
1,8,16.0,73,5,22,0,6,89,1,2
1,8,16.0,73,5,8,0,12,61,3,2
1,8,16.0,73,5,12,0,12,17,3,2
1,8,21.0,46,2,15,0,12,104,4,21
1,8,21.0,46,2,3,1,4,66,2,21
1,8,24.0,85,6,4,0,11,124,3,14
1,8,24.0,85,6,20,1,2,86,0,14
1,8,24.0,85,6,9,0,9,102,3,14
1,8,25.0,86,3,19,0,0,77,1,13
1,8,25.0,86,3,8,0,1,81,3,13
1,8,30.0,103,5,13,1,12,80,1,19
1,4,13.0,221,4,17,2,15,85,3,25
1,4,15.0,132,6,21,1,3,103,4,1
1,4,15.0,132,6,12,2,10,47,2,1
1,4,15.0,132,6,1,0,0,64,2,1
1,4,15.0,132,6,14,2,13,48,2,1
1,4,22.0,152,6,16,2,10,22,3,26
1,4,22.0,152,6,13,1,3,79,4,26
1,4,31.0,67,0,0,1,12,17,4,20
1,4,31.0,67,0,5,0,15,114,0,20
1,4,31.0,67,0,3,0,2,13,1,20
1,4,31.0,67,0,10,1,6,116,1,20
1,4,31.0,67,0,4,1,4,82,4,20
1,10,15.0,60,5,9,2,4,82,1,1
1,10,15.0,60,5,3,1,1,59,4,1
1,10,14.0,174,4,19,1,0,31,4,5
1,10,16.0,201,6,0,0,3,76,4,2
1,10,16.0,201,6,11,1,3,103,4,2
1,10,16.0,201,6,3,3,0,85,0,2
1,10,16.0,201,6,19,0,0,85,3,2
1,10,5.0,336,1,5,3,14,25,0,24
1,10,16.0,201,6,13,1,2,2,1,2
1,10,16.0,201,6,14,0,5,6,2,2
1,10,14.0,174,4,7,0,8,41,4,5
1,10,21.0,341,4,17,0,7,62,4,21
1,10,21.0,341,4,21,0,5,6,0,21
1,10,21.0,341,4,3,0,1,1,4,21
1,10,21.0,341,4,2,0,4,76,3,21
1,10,21.0,341,4,3,1,12,80,1,21
1,10,22.0,314,5,10,0,16,50,1,26
1,10,21.0,341,4,15,1,2,60,4,21
1,10,29.0,318,5,6,0,10,22,3,16
1,10,29.0,318,5,1,0,13,48,4,16
1,1,14.0,183,3,9,0,15,39,1,5
1,11,25.0,88,1,1,0,9,95,1,13
1,11,26.0,364,2,21,1,4,79,2,3
1,11,26.0,364,2,5,0,9,102,2,3
1,11,25.0,88,1,8,1,14,25,4,13
1,11,27.0,322,4,19,0,13,29,4,15
1,9,2.0,323,2,16,0,2,13,3,22
1,9,2.0,323,2,13,0,4,66,2,22
1,9,10.0,156,4,22,0,6,128,1,4
1,9,24.0,272,4,20,1,12,83,4,14
1,9,24.0,272,4,1,0,9,95,4,14
1,9,24.0,272,4,18,2,14,24,0,14
1,9,25.0,344,5,8,1,2,40,4,13
1,9,25.0,344,5,3,1,11,18,1,13
1,3,11.0,337,0,12,0,6,7,3,9
1,6,9.0,236,4,12,0,8,41,4,12
1,1,9.0,50,1,14,1,11,15,0,12
1,6,9.0,236,4,9,0,6,14,0,12
1,9,16.0,107,2,3,0,11,18,1,2
1,1,10.0,17,2,17,0,0,12,0,4
1,6,9.0,236,4,18,0,9,83,4,12
1,10,3.0,310,3,23,0,16,50,2,27
1,1,10.0,17,2,15,0,13,21,3,4
1,5,27.0,328,5,1,0,4,136,1,15
1,5,28.0,259,6,13,2,13,21,0,18
1,2,15.0,130,1,16,0,12,121,3,1
1,2,15.0,130,1,4,0,14,32,1,1
1,2,17.0,6,4,14,0,11,94,3,6
1,2,23.0,230,2,0,0,9,93,3,17
1,2,23.0,230,2,19,0,0,77,1,17
1,2,23.0,230,2,18,0,10,12,1,17
1,2,24.0,22,4,10,0,1,11,1,14
1,2,24.0,22,4,13,1,3,103,4,14
1,0,5.0,122,0,17,0,10,47,3,24
1,4,15.0,132,6,20,1,9,101,1,1
1,4,15.0,132,6,15,1,12,17,4,1
1,4,15.0,132,6,3,0,13,38,4,1
1,4,15.0,132,6,10,1,9,95,4,1
1,4,22.0,152,6,0,0,10,12,1,26
1,4,22.0,152,6,5,1,9,109,4,26
1,11,1.0,222,6,17,0,16,50,3,7
1,4,31.0,67,0,21,1,4,127,0,20
1,4,31.0,67,0,20,1,0,85,2,20
1,4,31.0,67,0,20,0,12,80,3,20
1,4,31.0,67,0,12,0,5,6,1,20
1,4,31.0,67,0,12,0,14,24,4,20
1,4,31.0,67,0,14,2,6,89,0,20
1,10,5.0,336,1,17,3,13,28,0,24
1,4,31.0,67,0,18,0,10,23,1,20
1,4,31.0,67,0,15,1,14,97,4,20
1,2,6.0,251,3,20,0,2,92,4,23
1,2,6.0,251,3,16,1,15,108,0,23
1,2,6.0,251,3,9,0,8,19,4,23
1,2,15.0,130,1,17,1,14,97,4,1
1,2,15.0,130,1,7,3,12,100,4,1
1,2,17.0,6,4,20,0,10,22,2,6
1,2,17.0,6,4,15,0,9,95,2,6
1,2,17.0,6,4,14,0,6,91,1,6
1,2,17.0,6,4,11,0,16,139,2,6
1,2,17.0,6,4,10,1,10,22,0,6
1,2,17.0,6,4,2,1,14,126,4,6
1,2,17.0,6,4,19,0,16,72,0,6
1,2,23.0,230,2,0,0,8,41,1,17
1,2,23.0,230,2,0,0,16,130,3,17
1,2,23.0,230,2,9,2,7,20,3,17
1,2,24.0,22,4,19,0,5,12,3,14
1,0,5.0,122,0,6,0,4,4,1,24
1,0,6.0,260,1,4,0,5,6,3,23
1,0,7.0,15,2,6,0,10,47,1,11
1,0,6.0,260,1,9,1,11,18,1,23
1,0,7.0,15,2,2,1,1,11,4,11
1,0,8.0,9,4,14,2,6,128,0,8
1,0,8.0,9,4,9,0,0,0,2,8
1,0,8.0,9,4,9,0,4,45,3,8
1,0,8.0,9,4,12,0,8,33,2,8
1,0,14.0,5,2,23,0,15,39,1,5
1,0,7.0,15,2,5,0,4,136,1,11
1,0,5.0,122,0,12,0,9,63,1,24
1,10,3.0,310,3,11,0,4,75,2,27
1,1,10.0,17,2,2,0,14,125,0,4
1,10,3.0,310,3,5,0,2,13,3,27
1,9,27.0,179,3,13,3,6,7,3,15
1,1,10.0,17,2,4,0,0,26,3,4
1,10,3.0,310,3,4,0,2,2,3,27
1,5,17.0,212,1,4,1,15,31,1,6
1,1,10.0,17,2,14,0,6,7,4,4
1,10,3.0,310,3,1,0,9,54,1,27
1,5,24.0,58,1,18,0,6,73,4,14
1,10,8.0,213,5,17,0,6,89,4,8
1,5,24.0,58,1,14,1,7,137,4,14
1,1,10.0,17,2,14,0,7,120,3,4
1,10,8.0,213,5,8,0,13,29,2,8
1,10,17.0,256,3,1,0,5,12,1,6
1,2,4.0,254,5,9,0,7,20,4,30
1,10,8.0,213,5,4,0,6,128,1,8
1,1,10.0,17,2,4,2,13,29,3,4
1,10,9.0,150,6,17,0,14,25,3,12
1,9,13.0,91,3,1,1,12,83,4,25
1,1,10.0,17,2,4,0,10,6,3,4
1,1,10.0,17,2,4,1,9,134,4,4
1,1,12.0,353,5,21,0,10,22,2,28
1,1,12.0,353,5,15,1,2,71,4,28
1,1,12.0,353,5,1,0,2,2,1,28
1,1,20.0,151,6,15,0,0,15,4,29
1,1,20.0,151,6,20,1,0,15,4,29
1,1,20.0,151,6,1,0,6,89,3,29
1,8,1.0,66,4,17,0,14,24,1,7
1,5,28.0,259,6,20,1,1,35,4,18
1,5,27.0,328,5,12,0,16,74,1,15
1,5,28.0,259,6,2,2,6,89,3,18
1,6,1.0,158,2,0,0,16,74,1,7
1,6,1.0,158,2,17,0,3,79,0,7
1,6,1.0,158,2,4,0,0,26,2,7
1,6,1.0,158,2,14,1,0,77,1,7
1,6,8.0,59,2,16,0,12,61,1,8
1,6,8.0,59,2,12,0,5,64,3,8
1,6,8.0,59,2,14,0,5,0,1,8
1,6,8.0,59,2,14,2,2,2,1,8
1,6,8.0,59,2,1,0,13,99,3,8
1,6,9.0,236,4,12,0,9,87,1,12
1,6,9.0,236,4,1,3,5,64,3,12
1,6,10.0,149,5,10,0,10,43,1,4
1,6,10.0,149,5,11,0,14,131,1,4
1,6,10.0,149,5,15,1,9,93,4,4
1,6,18.0,308,6,8,1,11,55,4,0
1,6,18.0,308,6,12,2,2,2,2,0
1,6,26.0,348,3,17,0,10,47,3,3
1,6,26.0,348,3,5,0,16,74,1,3
1,6,26.0,348,3,1,0,7,31,0,3
1,6,26.0,348,3,10,1,9,49,1,3
1,6,10.0,149,5,20,0,9,54,2,4
1,6,10.0,149,5,5,1,16,42,1,4
1,6,10.0,149,5,14,1,8,9,2,4
1,6,10.0,149,5,22,1,13,38,4,4
1,6,10.0,149,5,18,0,12,61,1,4
1,6,18.0,308,6,2,0,8,118,1,0
1,6,18.0,308,6,20,1,6,91,4,0
1,6,18.0,308,6,4,2,11,18,2,0
1,6,26.0,348,3,6,0,5,12,0,3
1,6,26.0,348,3,21,0,8,27,1,3
1,6,26.0,348,3,6,1,14,24,4,3
1,6,26.0,348,3,20,1,16,130,4,3
1,6,26.0,348,3,8,0,15,114,2,3
1,6,26.0,348,3,20,1,0,53,4,3
1,6,26.0,348,3,19,2,6,73,3,3
1,10,9.0,150,6,7,0,13,29,1,12
1,10,9.0,150,6,17,0,1,35,1,12
1,6,28.0,309,1,6,0,10,12,3,18
1,3,29.0,325,5,1,1,11,18,2,16
1,7,11.0,197,5,17,3,9,10,4,9
1,6,28.0,309,1,18,0,5,6,2,18
1,3,30.0,304,6,5,3,2,69,4,19
1,6,28.0,309,1,18,0,14,24,4,18
1,7,28.0,34,0,10,1,10,22,0,18
1,10,3.0,310,3,0,0,2,86,0,27
1,3,30.0,304,6,8,0,2,69,3,19
1,10,3.0,310,3,12,2,0,53,0,27
1,10,3.0,310,3,19,0,11,18,1,27
1,10,8.0,213,5,5,0,14,34,0,8
1,10,8.0,213,5,8,0,13,69,4,8
1,10,9.0,150,6,5,1,16,139,4,12
1,10,9.0,150,6,2,2,7,20,3,12
1,10,11.0,298,0,0,1,8,27,0,9
1,10,11.0,298,0,19,0,10,22,3,9
1,5,27.0,328,5,5,0,13,29,3,15
1,4,20.0,115,4,12,1,9,27,0,29
1,2,2.0,143,2,16,0,0,12,3,22
1,10,28.0,216,4,19,0,6,128,1,18
1,1,9.0,50,1,0,2,2,13,3,12
1,1,10.0,17,2,6,2,15,114,3,4
1,1,10.0,17,2,16,2,14,34,0,4
1,1,10.0,17,2,23,1,15,108,1,4
1,1,9.0,50,1,6,3,10,47,0,12
1,1,10.0,17,2,3,0,10,22,1,4
1,10,9.0,150,6,11,0,5,6,0,12
1,10,9.0,150,6,16,2,2,40,1,12
1,10,9.0,150,6,4,0,2,40,3,12
1,10,9.0,150,6,1,0,0,15,1,12
1,10,9.0,150,6,9,2,12,80,3,12
1,10,11.0,298,0,22,1,4,82,4,9
1,10,9.0,150,6,10,0,6,7,0,12
1,5,27.0,328,5,5,0,8,27,2,15
1,4,12.0,134,2,10,1,12,56,0,28
1,10,28.0,216,4,7,1,13,121,2,18
1,10,28.0,216,4,19,2,13,29,3,18
1,10,28.0,216,4,18,2,5,6,3,18
1,1,9.0,50,1,8,0,8,27,1,12
1,1,10.0,17,2,6,0,5,64,0,4
1,1,10.0,17,2,15,0,4,79,2,4
1,1,10.0,17,2,4,0,8,9,3,4
1,1,12.0,353,5,5,0,15,39,3,28
1,1,18.0,82,4,23,0,13,29,0,0
1,1,18.0,82,4,22,2,6,73,3,0
1,1,18.0,82,4,1,1,11,129,4,0
1,8,1.0,66,4,17,0,7,20,3,7
1,8,1.0,66,4,3,0,5,6,2,7
1,8,1.0,66,4,19,0,8,9,1,7
1,8,1.0,66,4,19,1,14,25,2,7
1,10,9.0,150,6,13,1,12,135,4,12
1,10,9.0,150,6,18,0,8,19,0,12
1,10,11.0,298,0,20,0,12,61,2,9
1,10,11.0,298,0,12,0,8,9,0,9
1,10,11.0,298,0,9,0,5,6,3,9
1,10,28.0,216,4,14,1,10,47,0,18
1,5,22.0,163,3,3,0,9,109,3,26
1,6,15.0,49,2,11,1,10,23,2,1
1,10,13.0,346,2,17,1,14,97,4,25
1,7,18.0,154,5,13,0,15,31,2,0
1,7,18.0,154,5,20,1,6,7,4,0
1,3,2.0,120,6,15,0,4,138,2,22
1,3,2.0,120,6,13,1,7,62,4,22
1,3,2.0,120,6,20,1,8,65,4,22
1,3,11.0,337,0,20,0,14,34,2,9
1,3,11.0,337,0,17,1,13,28,0,9
1,3,11.0,337,0,11,2,10,22,1,9
1,5,1.0,109,3,1,1,11,8,4,7
1,5,19.0,146,4,1,0,15,112,1,10
1,3,11.0,337,0,12,0,7,111,0,9
1,3,11.0,337,0,2,1,1,59,0,9
1,3,16.0,263,6,13,2,8,118,0,2
1,3,16.0,263,6,13,1,12,135,4,2
1,3,16.0,263,6,13,1,13,99,4,2
1,3,16.0,263,6,1,2,5,6,3,2
1,5,1.0,109,3,21,0,13,29,1,7
1,5,1.0,109,3,12,2,14,126,2,7
1,5,26.0,37,4,4,1,5,64,0,3
1,5,27.0,328,5,20,1,11,55,1,15
1,5,27.0,328,5,15,1,2,92,1,15
1,5,27.0,328,5,8,0,4,82,3,15
1,5,28.0,259,6,2,0,0,77,1,18
1,5,28.0,259,6,12,0,3,79,0,18
1,5,26.0,37,4,8,2,6,91,3,3
1,6,1.0,158,2,20,0,9,87,1,7
1,6,1.0,158,2,19,0,10,47,0,7
1,6,8.0,59,2,6,1,16,37,0,8
1,6,8.0,59,2,7,0,6,89,1,8
1,6,8.0,59,2,5,0,0,31,3,8
1,6,8.0,59,2,5,0,4,75,1,8
1,6,9.0,236,4,17,1,4,79,0,12
1,6,8.0,59,2,0,1,0,85,0,8
1,6,9.0,236,4,19,0,12,104,1,12
1,6,9.0,236,4,1,2,14,107,3,12
1,6,10.0,149,5,13,0,11,18,2,4
1,6,10.0,149,5,23,1,14,106,4,4
1,6,10.0,149,5,21,0,3,115,1,4
1,6,18.0,308,6,5,0,16,74,3,0
1,3,16.0,263,6,11,0,13,38,4,2
0,4,5.0,235,4,0,1,0,77,1,24
0,9,28.0,315,1,22,0,4,121,1,18
0,7,20.0,266,0,4,0,4,82,1,29
0,5,2.0,307,1,9,2,2,92,1,22
1,3,10.0,4,3,18,0,3,103,4,4
0,0,13.0,198,2,0,1,15,39,1,25
0,4,20.0,115,5,4,0,11,94,0,29
0,2,7.0,153,1,16,0,2,40,1,11
1,11,8.0,283,6,14,0,4,82,1,8
0,4,3.0,279,1,17,0,1,67,1,27
0,6,10.0,149,6,1,0,11,133,4,4
0,0,24.0,55,3,9,1,8,118,0,14
0,0,30.0,228,6,22,1,8,9,4,19
0,0,21.0,287,4,12,0,7,8,2,21
0,2,20.0,264,0,5,2,1,16,0,29
0,2,20.0,264,0,5,2,2,2,0,29
0,2,20.0,264,0,19,0,11,133,0,29
0,2,20.0,264,0,22,0,9,93,4,29
0,0,5.0,122,1,11,1,7,20,4,24
0,0,5.0,122,1,3,1,1,59,4,24
0,0,5.0,122,1,14,0,9,63,0,24
0,0,12.0,113,1,0,0,2,123,4,28
0,0,12.0,113,1,23,0,13,38,4,28
0,0,12.0,113,1,18,2,9,93,3,28
0,0,13.0,198,2,16,0,8,41,4,25
0,0,13.0,198,2,13,1,10,22,0,25
0,0,15.0,190,5,16,1,13,28,0,1
0,0,15.0,190,5,23,0,2,2,3,1
1,11,7.0,253,5,9,1,15,46,2,11
0,0,15.0,190,5,11,2,6,128,1,1
0,0,15.0,190,5,11,1,14,32,4,1
0,0,15.0,190,5,12,2,5,12,3,1
0,0,15.0,190,5,2,0,8,19,3,1
0,0,15.0,190,5,1,0,3,70,3,1
0,0,15.0,190,5,14,0,9,134,1,1
0,0,15.0,190,5,14,2,7,20,0,1
0,0,21.0,287,4,12,0,14,24,1,21
0,0,21.0,287,4,12,1,13,36,4,21
0,0,22.0,241,5,15,2,2,71,3,26
0,0,22.0,241,5,15,0,12,80,1,26
0,0,22.0,241,5,3,1,16,39,4,26
0,0,22.0,241,5,18,0,13,29,1,26
0,0,22.0,241,5,9,0,8,9,4,26
0,0,29.0,191,5,7,1,1,105,0,16
0,0,29.0,191,5,17,0,16,72,1,16
0,0,30.0,228,6,6,0,1,59,4,19
0,0,30.0,228,6,14,2,11,124,3,19
0,0,30.0,228,6,1,1,16,37,1,19
0,4,22.0,152,3,18,0,10,23,1,26
0,2,7.0,153,1,13,1,6,89,1,11
0,2,7.0,153,1,22,0,0,26,1,11
0,2,7.0,153,1,1,2,3,103,3,11
0,2,14.0,231,1,8,1,9,49,1,5
0,2,20.0,264,0,11,0,2,2,2,29
0,2,20.0,264,0,13,0,8,19,0,29
0,2,20.0,264,0,1,0,13,29,4,29
0,2,20.0,264,0,9,2,16,108,3,29
0,0,5.0,122,1,17,0,8,27,2,24
0,0,5.0,122,1,15,0,12,56,1,24
0,0,12.0,113,1,17,0,7,20,3,28
0,0,12.0,113,1,13,0,16,130,3,28
0,0,12.0,113,1,14,0,4,121,1,28
0,0,12.0,113,1,1,0,10,22,2,28
0,0,13.0,198,2,0,0,14,107,1,25
0,0,13.0,198,2,6,2,8,41,3,25
0,0,13.0,198,2,15,0,13,99,0,25
0,0,12.0,113,1,9,0,7,31,4,28
0,0,13.0,198,2,9,0,9,101,0,25
0,1,13.0,207,3,2,0,0,12,0,25
0,4,21.0,339,6,0,0,1,67,3,21
0,2,12.0,128,3,18,0,12,80,0,28
0,2,13.0,276,0,9,1,13,21,0,25
0,2,12.0,128,3,12,1,12,56,4,28
0,2,21.0,108,1,17,1,0,77,4,21
1,4,27.0,274,4,13,2,3,115,2,15
0,9,1.0,126,2,11,0,10,22,2,7
1,0,11.0,10,3,0,1,7,54,4,9
1,0,19.0,13,0,18,2,10,47,3,10
1,0,3.0,334,6,17,3,5,6,1,27
0,5,22.0,163,0,14,1,12,104,0,26
1,2,1.0,16,1,17,3,13,28,0,7
0,6,10.0,149,6,1,0,13,29,1,4
1,4,1.0,144,6,20,2,9,49,2,7
0,2,13.0,276,0,19,1,8,27,0,25
0,6,10.0,149,6,2,3,12,83,3,4
0,5,21.0,351,3,19,3,11,133,0,21
0,2,13.0,276,0,2,0,8,41,4,25
0,4,31.0,67,1,12,2,4,121,0,20
0,0,7.0,15,4,5,3,3,103,3,11
0,0,24.0,55,3,9,1,8,118,0,14
1,7,1.0,98,1,13,3,5,6,0,7
0,3,20.0,105,4,13,0,6,7,3,29
0,5,30.0,294,1,18,1,1,105,0,19
0,11,20.0,340,5,2,0,6,128,1,29
0,0,12.0,113,1,9,1,8,33,1,28
1,11,10.0,360,0,18,0,2,60,1,4
0,5,2.0,307,1,19,1,7,8,4,22
1,11,9.0,311,3,13,0,1,105,1,12
0,4,22.0,152,3,23,0,8,65,4,26
0,0,13.0,198,2,0,0,0,68,0,25
1,11,15.0,331,6,17,0,15,31,4,1
1,3,7.0,289,4,11,0,3,44,4,11
0,4,31.0,67,1,19,1,15,119,0,20
1,11,9.0,311,3,16,2,1,67,3,12
0,2,7.0,153,1,21,0,6,7,0,11
0,0,12.0,113,1,20,1,13,28,1,28
1,3,18.0,165,0,21,0,8,65,4,0
0,0,25.0,281,0,0,0,12,17,4,13
1,11,15.0,331,6,15,0,5,47,2,1
0,2,7.0,153,1,13,1,12,83,4,11
0,0,13.0,198,2,12,1,9,102,4,25
0,0,13.0,198,2,19,0,10,47,3,25
0,0,21.0,287,4,20,1,0,77,1,21
0,0,22.0,241,5,0,2,13,99,3,26
0,0,22.0,241,5,11,1,9,49,1,26
0,0,22.0,241,5,3,0,15,96,0,26
0,0,22.0,241,5,1,0,9,101,1,26
0,0,22.0,241,5,21,0,15,31,0,26
0,0,22.0,241,5,22,1,15,31,4,26
0,0,22.0,241,5,22,1,13,99,4,26
0,0,22.0,241,5,9,0,13,21,1,26
0,0,21.0,287,4,14,0,4,138,3,21
0,0,29.0,191,5,19,0,10,22,3,16
0,0,29.0,191,5,4,0,9,102,3,16
0,0,30.0,228,6,14,0,1,11,1,19
0,10,24.0,261,0,11,1,7,122,4,14
0,8,7.0,70,4,2,1,5,6,0,11
0,8,25.0,86,0,20,2,7,78,3,13
0,2,24.0,22,5,8,0,16,50,3,14
0,2,24.0,22,5,18,1,4,4,2,14
0,1,9.0,50,2,13,0,5,6,0,12
0,1,1.0,203,1,1,2,13,29,1,7
0,4,19.0,142,4,19,1,14,107,0,10
0,0,18.0,0,0,4,1,2,71,4,0
0,8,18.0,75,0,5,0,7,62,1,0
0,8,25.0,86,0,8,0,15,46,2,13
0,5,1.0,109,0,17,0,2,2,2,7
0,2,11.0,297,6,1,0,9,95,2,9
0,0,22.0,241,5,1,0,2,69,0,26
0,0,29.0,191,5,1,2,2,69,3,16
0,0,29.0,191,5,14,2,10,47,3,16
0,0,29.0,191,5,18,0,6,7,4,16
0,0,29.0,191,5,7,1,13,21,2,16
0,0,29.0,191,5,13,1,6,7,0,16
0,0,29.0,191,5,13,1,6,7,0,16
0,0,29.0,191,5,13,1,6,7,0,16
0,8,25.0,86,0,1,0,2,40,1,13
0,2,24.0,22,5,2,0,2,69,3,14
0,1,7.0,32,0,12,1,0,26,0,11
0,8,10.0,71,3,12,3,14,32,2,4
0,0,9.0,48,6,11,1,16,72,1,12
1,5,24.0,58,1,3,3,11,98,0,14
1,4,11.0,121,1,19,1,16,65,4,9
1,2,27.0,136,3,18,0,5,12,0,15
1,0,28.0,249,2,4,0,8,9,3,18
0,9,11.0,52,6,4,0,13,48,2,9
0,10,5.0,336,2,12,1,12,61,4,24
0,1,20.0,151,3,15,0,2,86,2,29
0,7,27.0,53,0,19,0,10,6,3,15
0,7,26.0,316,3,9,0,0,53,3,3
0,5,12.0,327,5,10,1,12,121,1,28
0,5,27.0,328,6,8,0,6,7,2,15
0,2,15.0,130,2,22,0,11,15,0,1
0,0,14.0,5,4,8,1,12,58,4,5
1,3,1.0,180,5,11,0,8,41,1,7
0,6,14.0,173,2,9,0,10,43,1,5
0,10,14.0,174,5,7,1,2,86,4,5
0,9,11.0,52,6,14,3,6,7,3,9
0,9,9.0,320,4,17,0,8,118,1,12
0,7,3.0,269,5,9,2,3,70,3,27
0,9,9.0,320,4,14,0,4,75,1,12
0,2,19.0,137,3,12,1,6,7,0,10
0,0,29.0,191,5,2,3,6,91,4,16
0,0,30.0,228,6,11,0,1,35,4,19
0,0,22.0,241,5,17,0,1,11,0,26
0,0,22.0,241,5,14,0,7,137,2,26
0,0,29.0,191,5,12,2,8,9,3,16
0,0,29.0,191,5,14,0,2,86,0,16
0,4,21.0,339,6,8,1,14,25,0,21
0,4,21.0,339,6,6,0,9,102,3,21
0,8,12.0,284,1,3,3,14,25,0,28
0,2,6.0,251,0,18,0,10,47,3,23
0,0,4.0,229,0,1,1,6,91,1,30
0,0,4.0,229,0,18,0,4,75,4,30
0,1,13.0,207,3,1,2,13,48,1,25
0,1,13.0,207,3,8,1,8,118,1,25
0,8,12.0,284,1,12,2,4,138,0,28
0,4,21.0,339,6,13,0,2,60,2,21
0,4,21.0,339,6,20,1,3,30,4,21
0,2,6.0,251,0,18,1,2,71,4,23
0,2,13.0,276,0,18,0,0,53,3,25
0,2,12.0,128,3,17,0,2,86,0,28
0,2,13.0,276,0,18,0,8,41,1,25
0,2,13.0,276,0,15,1,7,120,0,25
0,0,4.0,229,0,18,0,11,18,1,30
1,4,1.0,144,6,4,0,8,33,1,7
0,8,6.0,87,2,19,1,1,105,0,23
1,7,1.0,98,1,2,0,3,115,0,7
1,11,18.0,332,1,16,0,1,105,0,0
0,2,7.0,153,1,18,0,8,27,1,11
1,11,15.0,331,6,13,0,7,78,2,1
1,9,25.0,344,5,8,0,4,75,1,13
1,11,6.0,252,4,9,1,13,21,1,23
0,2,7.0,153,1,15,1,9,10,1,11
1,11,18.0,332,1,3,0,3,103,1,0
1,7,7.0,293,0,8,0,14,25,1,11
0,4,20.0,115,5,14,0,1,81,4,29
1,11,13.0,312,4,17,0,5,6,1,25
1,11,15.0,331,6,19,1,9,83,4,1
0,2,14.0,231,1,17,0,10,47,2,5
1,11,18.0,332,1,15,0,15,46,2,0
0,10,22.0,314,6,11,1,12,80,1,26
1,7,7.0,293,0,22,1,4,75,4,11
1,7,10.0,329,4,20,2,6,128,3,4
1,7,10.0,329,4,13,0,1,1,3,4
1,7,10.0,329,4,9,0,2,2,0,4
1,7,17.0,95,4,8,2,8,9,0,6
1,7,17.0,95,4,14,2,0,31,3,6
1,7,17.0,95,4,18,0,10,47,3,6
1,9,7.0,271,0,17,0,12,104,2,11
1,7,7.0,293,0,20,0,16,74,4,11
1,7,17.0,95,4,18,0,4,66,0,6
1,9,8.0,90,1,0,0,10,22,0,8
1,9,8.0,90,1,17,0,5,64,0,8
1,9,8.0,90,1,18,2,1,105,3,8
1,9,9.0,320,2,16,0,0,0,0,12
1,9,9.0,320,2,19,0,13,48,1,12
1,9,9.0,320,2,18,2,9,93,3,12
1,9,18.0,359,5,19,0,10,47,0,0
1,9,18.0,359,5,12,0,13,29,2,0
1,9,26.0,267,6,6,0,3,30,3,3
1,9,26.0,267,6,19,0,15,112,0,3
1,9,26.0,267,6,9,0,5,12,0,3
1,7,1.0,98,1,19,0,2,40,1,7
1,7,1.0,98,1,14,0,3,115,1,7
1,11,8.0,283,6,1,0,10,47,1,8
1,11,8.0,283,6,4,0,4,121,1,8
1,7,9.0,273,2,14,1,13,38,1,12
1,11,1.0,222,6,4,1,9,93,4,7
1,9,1.0,126,1,17,0,9,102,1,7
1,7,7.0,293,0,5,1,3,103,4,11
1,7,7.0,293,0,2,2,13,38,0,11
1,7,7.0,293,0,2,0,6,91,4,11
1,7,7.0,293,0,18,0,0,85,1,11
1,7,10.0,329,4,19,0,8,27,1,4
1,7,17.0,95,4,2,0,11,133,2,6
1,7,17.0,95,4,19,0,1,16,4,6
1,7,19.0,330,6,17,1,5,12,0,10
1,7,19.0,330,6,18,0,8,41,2,10
1,7,26.0,316,6,11,1,1,105,4,3
1,7,27.0,53,3,14,2,2,123,0,15
1,3,7.0,289,4,8,0,2,60,1,11
1,3,7.0,289,4,15,1,8,118,1,11
1,3,7.0,289,4,19,0,9,101,2,11
1,3,9.0,44,6,18,0,11,124,1,12
1,7,16.0,40,2,12,0,7,111,0,2
1,3,9.0,44,6,1,0,15,77,1,12
1,3,10.0,4,3,0,1,0,31,0,4
1,3,10.0,4,3,6,1,9,57,0,4
1,3,10.0,4,3,13,0,14,24,2,4
1,3,10.0,4,3,1,1,14,125,4,4
1,3,10.0,4,3,5,1,3,76,1,4
1,7,7.0,293,0,19,0,10,47,2,11
1,9,8.0,90,1,8,0,10,47,3,8
1,9,8.0,90,1,11,0,8,27,4,8
1,9,9.0,320,2,2,1,11,15,4,12
1,9,26.0,267,6,22,2,1,35,0,3
1,9,26.0,267,6,2,2,8,27,2,3
1,9,26.0,267,6,1,0,4,75,1,3
1,9,26.0,267,6,13,1,9,83,4,3
1,7,1.0,98,1,8,0,16,37,1,7
1,7,1.0,98,1,22,1,13,38,4,7
1,7,1.0,98,1,9,0,2,92,1,7
1,7,7.0,293,0,11,1,10,47,0,11
1,7,7.0,293,0,8,0,12,17,1,11
1,7,7.0,293,0,2,0,14,88,3,11
1,11,17.0,110,0,22,1,2,86,1,6
1,11,15.0,331,6,17,1,10,23,1,1
1,9,17.0,255,4,9,1,13,69,0,6
1,7,9.0,273,2,18,1,9,58,4,12
1,7,2.0,160,2,19,3,5,12,0,22
1,7,16.0,40,2,9,1,9,83,4,2
1,9,17.0,255,4,17,0,13,99,2,6
1,7,10.0,329,4,0,0,14,24,2,4
1,7,10.0,329,4,8,0,0,26,3,4
1,7,17.0,95,4,9,2,16,37,3,6
1,7,17.0,95,4,15,3,0,64,0,6
1,7,19.0,330,6,2,0,6,89,3,10
1,7,24.0,68,4,3,0,0,53,2,14
1,7,24.0,68,4,8,1,1,1,4,14
1,7,26.0,316,6,3,0,5,6,0,3
0,4,22.0,152,3,5,3,1,16,3,26
0,8,22.0,354,5,8,2,13,99,3,26
0,1,20.0,151,3,13,1,6,7,0,29
0,2,15.0,130,2,1,1,6,7,0,1
1,11,18.0,332,1,19,3,2,13,0,0
1,3,6.0,303,2,15,1,10,52,0,23
0,4,22.0,152,3,7,1,4,4,1,26
0,2,3.0,282,5,11,3,16,72,4,27
0,0,14.0,5,4,13,0,13,29,1,5
1,11,8.0,283,6,13,0,8,41,0,8
0,2,20.0,264,0,3,0,4,66,2,29
0,2,30.0,131,4,1,0,4,66,2,19
0,6,29.0,335,4,12,1,14,24,0,16
1,11,24.0,194,0,12,0,4,5,1,14
1,11,10.0,360,0,17,1,1,67,0,4
0,0,5.0,122,1,15,1,11,18,0,24
0,10,14.0,174,5,17,0,1,59,1,5
0,10,29.0,318,6,8,0,15,114,1,16
0,10,28.0,216,5,13,1,4,66,1,18
0,8,28.0,224,4,11,1,3,70,4,18
0,8,28.0,224,4,4,1,8,19,0,18
0,4,6.0,176,5,13,1,10,12,0,23
0,8,1.0,66,5,14,0,8,19,1,7
0,2,17.0,6,5,1,1,10,12,1,6
0,0,11.0,10,0,12,1,3,79,4,9
0,0,11.0,10,0,18,3,1,35,3,9
0,0,17.0,12,3,8,3,11,15,0,6
0,2,17.0,6,5,2,1,3,70,4,6
0,0,27.0,23,2,22,1,13,99,4,15
0,10,26.0,61,2,19,0,13,36,2,3
0,2,20.0,264,0,15,0,4,103,3,29
0,0,13.0,198,2,14,0,9,57,0,25
0,0,12.0,113,1,17,1,2,92,4,28
0,0,15.0,190,5,20,0,0,77,1,1
0,0,15.0,190,5,3,1,14,97,4,1
0,0,13.0,198,2,1,1,5,6,0,25
0,0,21.0,287,4,20,0,7,120,1,21
0,0,21.0,287,4,17,1,0,77,1,21
0,0,21.0,287,4,8,1,9,83,4,21
0,0,22.0,241,5,0,2,10,22,2,26
0,0,21.0,287,4,18,1,2,2,0,21
0,0,22.0,241,5,15,0,7,129,4,26
0,0,22.0,241,5,4,0,10,52,2,26
0,0,22.0,241,5,8,3,2,2,4,26
0,0,29.0,191,5,17,0,16,108,4,16
0,0,29.0,191,5,13,0,14,32,1,16
0,0,29.0,191,5,19,2,9,9,0,16
0,0,29.0,191,5,14,2,16,37,3,16
0,0,30.0,228,6,10,0,5,64,0,19
0,0,30.0,228,6,0,0,4,75,3,19
0,4,10.0,79,1,4,1,13,123,4,4
0,0,16.0,11,6,17,1,9,134,4,2
0,8,10.0,71,3,11,0,11,122,3,4
0,8,25.0,86,0,19,3,9,93,4,13
0,4,1.0,144,3,3,0,13,13,4,7
0,2,9.0,21,4,20,1,11,122,4,12
0,0,9.0,48,6,14,1,9,83,1,12
0,0,18.0,0,0,7,1,9,134,4,0
0,0,19.0,13,1,19,1,0,26,1,10
0,0,27.0,23,2,3,1,14,110,4,15
0,10,29.0,318,6,18,3,12,104,4,16
0,1,5.0,219,6,12,3,8,118,1,24
0,4,29.0,313,3,17,0,9,134,1,16
0,0,6.0,260,2,7,1,13,38,4,23
0,0,24.0,55,3,9,2,1,105,0,14
0,4,21.0,339,6,13,0,4,136,4,21
0,0,20.0,172,2,10,0,7,111,3,29
0,0,23.0,237,6,9,1,8,27,2,17
0,0,23.0,237,6,2,1,0,77,0,17
0,6,3.0,99,6,17,3,14,24,2,27
0,6,3.0,99,6,14,0,9,95,4,27
0,11,1.0,222,3,20,3,14,110,0,7
0,6,10.0,149,6,9,2,9,57,2,4
0,0,24.0,55,3,2,1,0,15,4,14
0,1,13.0,207,3,14,0,5,6,1,25
0,8,6.0,87,2,6,0,5,12,3,23
0,4,3.0,279,1,14,1,11,94,4,27
0,4,3.0,279,1,1,1,9,134,4,27
0,2,6.0,251,0,5,1,0,26,1,23
0,2,13.0,276,0,18,0,12,104,2,25
0,2,13.0,276,0,20,1,1,35,4,25
0,0,7.0,15,4,17,0,2,2,2,11
0,4,28.0,218,6,17,1,12,104,1,18
0,10,26.0,61,2,9,1,13,48,0,3
0,7,8.0,94,2,18,3,12,61,4,8
0,0,27.0,23,2,1,1,5,12,0,15
0,0,4.0,229,0,9,1,6,132,0,30
0,0,7.0,15,4,14,0,10,22,3,11
0,0,20.0,172,2,2,0,0,12,1,29
0,2,18.0,7,6,1,1,5,12,0,0
1,11,7.0,253,5,16,0,0,77,1,11
1,11,7.0,253,5,2,0,10,47,3,11
1,11,7.0,253,5,2,0,12,121,1,11
1,11,9.0,311,3,12,0,8,27,2,12
1,11,9.0,311,3,18,0,4,127,1,12
1,11,9.0,311,3,15,0,7,129,1,12
0,8,28.0,224,4,9,1,7,62,4,18
1,11,24.0,194,0,14,0,14,32,1,14
0,0,12.0,113,1,6,0,15,114,3,28
1,11,24.0,194,0,1,0,11,15,4,14
1,11,8.0,283,6,22,0,1,11,4,8
0,5,1.0,109,0,19,1,16,50,0,7
0,0,12.0,113,1,22,0,2,86,1,28
1,9,7.0,271,0,4,0,9,57,1,11
1,3,24.0,357,3,4,0,10,52,1,14
0,5,1.0,109,0,17,0,13,99,4,7
0,0,12.0,113,1,4,1,9,83,4,28
1,9,7.0,271,0,9,1,3,79,4,11
1,3,17.0,54,3,8,0,1,1,1,6
0,0,2.0,47,6,11,3,7,129,1,22
0,2,19.0,137,3,13,0,13,28,1,10
1,9,8.0,90,1,16,2,0,0,0,8
0,0,28.0,249,4,18,1,1,81,0,18
1,11,7.0,253,5,7,1,9,134,0,11
1,11,15.0,331,6,20,1,9,83,1,1
0,1,10.0,17,4,12,3,10,22,0,4
0,0,25.0,281,0,20,0,2,2,1,13
1,11,7.0,253,5,3,0,6,91,1,11
1,11,15.0,331,6,1,0,2,2,3,1
0,6,1.0,158,4,22,0,2,86,4,7
0,1,16.0,2,2,17,1,5,6,1,2
0,4,19.0,142,4,3,2,10,47,0,10
0,4,19.0,142,4,19,1,2,53,4,10
0,4,17.0,19,1,22,3,15,31,0,6
0,1,10.0,17,4,20,0,1,59,1,4
0,6,1.0,158,4,17,0,3,76,1,7
0,4,19.0,142,4,19,1,14,25,0,10
0,2,14.0,231,1,6,0,0,12,0,5
0,2,14.0,231,1,16,0,10,47,3,5
0,2,14.0,231,1,23,0,13,99,3,5
0,2,14.0,231,1,8,0,6,7,1,5
0,2,14.0,231,1,8,0,11,98,0,5
0,2,14.0,231,1,9,0,13,21,1,5
0,2,20.0,264,0,2,0,10,43,2,29
0,2,20.0,264,0,12,0,5,6,0,29
0,4,11.0,121,2,9,0,0,85,0,9
0,4,20.0,115,5,16,0,14,32,3,29
0,4,20.0,115,5,12,0,0,31,1,29
0,4,20.0,115,5,4,2,15,31,0,29
0,4,22.0,152,3,6,0,4,75,4,26
0,4,20.0,115,5,15,3,11,15,0,29
0,4,22.0,152,3,15,0,10,22,2,26
0,4,22.0,152,3,14,0,10,52,1,26
0,4,22.0,152,3,1,0,6,128,3,26
0,4,22.0,152,3,1,1,2,86,0,26
0,0,14.0,5,4,1,0,0,12,1,5
1,3,17.0,54,3,2,1,16,113,1,6
1,5,3.0,161,1,17,0,1,11,1,27
1,5,16.0,239,0,7,1,5,6,0,2
1,8,28.0,224,2,19,0,13,48,1,18
1,10,10.0,245,3,11,1,10,52,4,4
1,2,12.0,128,6,17,1,12,61,1,28
1,0,1.0,8,4,13,1,9,54,4,7
1,1,19.0,29,5,14,0,7,78,3,10
1,1,19.0,29,5,4,1,4,121,1,10
1,2,25.0,233,5,1,3,9,93,4,13
1,0,22.0,241,4,19,0,8,19,1,26
0,9,24.0,272,5,2,0,13,28,1,14
0,9,24.0,272,5,8,2,15,114,3,14
0,6,15.0,49,4,17,3,5,6,1,1
0,10,17.0,256,0,18,1,13,48,2,6
0,4,22.0,152,3,18,0,15,31,3,26
0,2,7.0,153,1,0,0,7,122,1,11
0,4,22.0,152,3,22,1,11,15,1,26
0,2,7.0,153,1,8,0,15,31,3,11
0,2,7.0,153,1,19,0,13,13,3,11
0,2,7.0,153,1,19,0,2,69,1,11
0,2,14.0,231,1,17,0,0,64,0,5
0,2,14.0,231,1,1,1,1,1,4,5
0,2,14.0,231,1,9,2,6,7,3,5
0,2,20.0,264,0,23,1,2,2,0,29
0,2,20.0,264,0,20,3,2,2,4,29
0,2,20.0,264,0,7,2,14,24,4,29
0,8,29.0,301,5,17,0,13,38,0,16
0,8,29.0,301,5,13,0,14,34,1,16
0,8,29.0,301,5,22,0,13,69,2,16
0,8,29.0,301,5,4,0,13,13,4,16
0,4,4.0,178,2,6,0,10,47,3,30
0,4,4.0,178,2,15,1,15,114,1,30
0,4,4.0,178,2,13,1,15,114,1,30
0,8,4.0,299,0,12,0,14,25,2,30
0,4,11.0,121,2,17,0,5,64,0,9
0,4,11.0,121,2,0,0,5,12,0,9
0,4,11.0,121,2,0,0,5,12,3,9
0,4,11.0,121,2,7,1,8,33,0,9
0,4,11.0,121,2,13,0,0,53,3,9
0,4,20.0,115,5,15,2,8,41,0,29
0,4,20.0,115,5,8,0,2,69,2,29
0,4,20.0,115,5,23,1,8,9,4,29
0,0,28.0,249,4,16,0,0,12,0,18
1,11,15.0,331,6,14,0,6,89,3,1
1,11,15.0,331,6,17,1,13,99,4,1
1,11,15.0,331,6,13,0,14,25,2,1
1,11,17.0,110,0,22,1,1,81,4,6
1,11,17.0,110,0,4,1,10,47,1,6
1,9,1.0,126,1,16,1,13,48,0,7
1,9,1.0,126,1,6,0,0,26,3,7
1,11,1.0,222,6,13,0,1,11,4,7
1,9,15.0,226,1,16,0,14,32,3,1
1,9,15.0,226,1,9,1,3,30,0,1
1,9,16.0,107,2,6,0,4,45,1,2
1,9,16.0,107,2,6,0,14,107,1,2
1,11,17.0,110,0,1,3,3,115,3,6
1,3,18.0,165,0,4,0,16,37,2,0
1,3,19.0,138,1,23,0,15,39,0,10
1,3,19.0,138,1,20,0,12,80,1,10
1,3,19.0,138,1,3,0,13,36,1,10
1,3,19.0,138,1,18,2,14,97,3,10
0,0,13.0,198,2,23,0,13,36,3,25
1,3,26.0,343,1,19,0,0,15,2,3
1,5,2.0,307,0,22,1,13,28,4,22
1,5,2.0,307,0,1,2,10,22,1,22
1,5,2.0,307,0,2,2,8,9,3,22
1,6,2.0,352,4,4,0,0,26,4,22
1,6,2.0,352,4,4,2,12,80,3,22
1,6,3.0,99,5,0,2,10,22,2,27
1,7,26.0,316,6,14,0,1,1,0,3
1,7,26.0,316,6,9,0,3,79,1,3
1,7,26.0,316,6,8,0,16,50,3,3
1,3,7.0,289,4,3,1,0,12,1,11
1,3,9.0,44,6,21,0,5,6,1,12
1,9,1.0,126,1,12,0,2,86,4,7
1,9,1.0,126,1,17,0,0,12,0,7
1,9,15.0,226,1,0,0,10,23,1,1
1,9,15.0,226,1,8,0,3,76,0,1
1,9,15.0,226,1,9,0,5,64,3,1
1,9,15.0,226,1,1,2,8,118,3,1
1,9,16.0,107,2,6,0,6,73,1,2
1,9,16.0,107,2,6,0,0,53,3,2
1,9,16.0,107,2,0,0,15,114,1,2
1,9,16.0,107,2,4,0,3,115,1,2
1,9,16.0,107,2,9,0,7,57,1,2
1,9,16.0,107,2,4,1,10,23,1,2
1,11,17.0,110,0,13,1,5,6,1,6
1,9,15.0,226,1,3,1,11,98,4,1
1,7,2.0,160,2,2,0,4,45,1,22
1,7,2.0,160,2,18,0,12,84,1,22
1,7,8.0,94,1,0,0,4,138,1,8
1,7,8.0,94,1,13,2,2,86,0,8
1,7,8.0,94,1,16,1,13,48,0,8
1,3,9.0,44,6,19,0,14,125,4,12
1,3,9.0,44,6,1,0,12,84,1,12
1,3,18.0,165,0,16,0,9,10,4,0
1,3,18.0,165,0,8,0,8,41,3,0
1,3,18.0,165,0,9,0,2,2,2,0
1,3,19.0,138,1,15,0,13,123,1,10
1,3,19.0,138,1,13,1,10,22,4,10
1,3,19.0,138,1,12,0,1,67,0,10
1,3,19.0,138,1,14,0,8,9,1,10
1,3,19.0,138,1,18,0,10,47,3,10
1,3,26.0,343,1,17,2,9,9,3,3
1,3,27.0,361,2,3,0,2,2,1,15
1,3,26.0,343,1,18,0,0,68,3,3
1,5,2.0,307,0,8,0,10,22,1,22
0,0,13.0,198,2,10,2,3,79,1,25
1,11,7.0,253,5,13,0,0,15,0,11
0,0,13.0,198,2,12,2,1,67,3,25
1,11,7.0,253,5,2,2,2,69,0,11
1,11,7.0,253,5,1,0,14,106,1,11
0,0,13.0,198,2,22,1,14,107,4,25
1,11,9.0,311,3,13,0,10,22,3,12
0,0,15.0,190,5,3,0,0,77,2,1
1,11,9.0,311,3,22,2,13,29,3,12
0,0,12.0,113,1,17,1,12,17,1,28
1,11,16.0,225,3,6,0,4,45,1,2
1,11,16.0,225,3,19,1,9,49,1,2
1,11,16.0,225,3,11,1,7,78,4,2
1,11,18.0,332,1,16,0,0,68,4,0
1,11,18.0,332,1,2,0,3,76,4,0
1,11,23.0,232,3,18,1,0,85,4,17
1,11,7.0,253,5,0,1,11,15,0,11
1,11,7.0,253,5,20,0,4,82,0,11
1,11,7.0,253,5,12,0,8,27,0,11
1,11,7.0,253,5,12,2,2,92,3,11
1,11,9.0,311,3,5,0,13,69,2,12
1,11,9.0,311,3,0,1,2,69,0,12
1,11,18.0,332,1,10,0,10,23,3,0
1,11,18.0,332,1,8,0,12,80,1,0
1,11,18.0,332,1,0,1,0,53,0,0
1,11,9.0,311,3,23,0,6,128,1,12
1,11,24.0,194,0,17,0,15,51,1,14
1,11,24.0,194,0,23,1,9,101,2,14
1,11,24.0,194,0,13,0,8,41,2,14
1,11,24.0,194,0,13,0,1,105,4,14
1,11,24.0,194,0,13,1,12,80,4,14
1,9,7.0,271,0,23,2,5,6,0,11
1,9,7.0,271,0,2,0,4,75,1,11
1,9,7.0,271,0,13,1,16,50,1,11
1,9,8.0,90,1,6,0,4,66,0,8
1,9,7.0,271,0,5,1,4,136,4,11
1,9,9.0,320,2,2,0,9,87,1,12
1,9,18.0,359,5,3,3,12,56,0,0
1,9,18.0,359,5,2,0,10,22,3,0
1,9,18.0,359,5,10,1,2,35,4,0
1,7,1.0,98,1,4,0,13,38,0,7
1,7,1.0,98,1,19,1,9,83,4,7
1,7,7.0,293,0,19,1,15,119,4,11
1,7,10.0,329,4,13,0,6,89,3,4
1,7,10.0,329,4,14,1,9,134,4,4
1,7,10.0,329,4,18,0,12,17,1,4
1,7,19.0,330,6,3,0,2,2,2,10
1,7,24.0,68,4,6,0,9,57,4,14
1,7,26.0,316,6,13,1,8,27,1,3
1,7,26.0,316,6,1,2,13,48,3,3
1,7,27.0,53,3,15,0,0,31,2,15
1,11,12.0,118,2,10,1,11,18,1,28
1,11,7.0,253,5,6,0,11,98,4,11
1,11,7.0,253,5,3,1,7,78,4,11
1,11,7.0,253,5,4,1,9,87,4,11
1,11,7.0,253,5,14,0,16,74,1,11
1,11,9.0,311,3,22,1,3,115,4,12
1,11,16.0,225,3,5,2,5,6,3,2
1,11,18.0,332,1,10,2,5,6,2,0
1,11,18.0,332,1,1,0,11,94,0,0
1,11,23.0,232,3,0,0,10,47,3,17
1,11,24.0,194,0,0,2,8,9,0,14
1,11,23.0,232,3,14,1,9,101,4,17
1,9,7.0,271,0,13,1,13,69,4,11
1,9,7.0,271,0,13,0,8,41,2,11
1,11,24.0,194,0,15,0,2,60,4,14
1,11,24.0,194,0,14,1,0,77,1,14
1,9,7.0,271,0,2,0,0,64,0,11
1,9,7.0,271,0,14,0,15,108,1,11
1,9,8.0,90,1,6,0,0,26,1,8
1,9,8.0,90,1,2,0,4,82,4,8
1,9,8.0,90,1,14,1,11,55,4,8
1,9,18.0,359,5,8,0,10,22,2,0
1,9,26.0,267,6,2,0,2,2,1,3
1,7,1.0,98,1,17,0,3,103,1,7
1,7,1.0,98,1,13,0,12,61,1,7
0,0,15.0,190,5,11,1,0,85,1,1
0,0,22.0,241,5,3,0,6,7,4,26
0,0,22.0,241,5,19,2,14,32,1,26
0,0,22.0,241,5,5,1,15,31,4,26
0,0,22.0,241,5,12,1,16,39,4,26
0,0,29.0,191,5,23,2,8,27,3,16
0,0,29.0,191,5,6,1,1,105,0,16
0,0,29.0,191,5,5,1,6,91,1,16
0,0,29.0,191,5,4,0,13,48,1,16
0,0,30.0,228,6,17,2,11,124,3,19
0,2,14.0,231,1,17,1,8,19,0,5
0,2,14.0,231,1,17,1,14,34,0,5
0,2,14.0,231,1,13,2,15,77,3,5
0,2,14.0,231,1,2,0,8,41,1,5
0,2,14.0,231,1,4,1,9,134,4,5
0,2,20.0,264,0,6,0,16,50,3,29
0,2,20.0,264,0,4,2,2,2,3,29
0,0,5.0,122,1,6,0,13,29,1,24
0,0,5.0,122,1,12,1,12,56,4,24
0,0,12.0,113,1,17,0,5,6,3,28
0,0,12.0,113,1,17,0,4,45,2,28
0,0,12.0,113,1,17,1,4,75,1,28
0,0,12.0,113,1,22,0,1,11,1,28
0,0,12.0,113,1,19,0,13,38,0,28
0,0,12.0,113,1,20,1,9,83,4,28
0,0,12.0,113,1,11,0,8,41,1,28
0,0,21.0,287,4,23,0,7,120,3,21
0,0,21.0,287,4,2,1,9,10,4,21
0,0,21.0,287,4,3,1,13,28,4,21
0,0,21.0,287,4,1,2,9,93,3,21
0,2,20.0,264,0,3,0,13,48,2,29
0,0,5.0,122,1,6,0,14,110,0,24
0,0,5.0,122,1,12,1,12,56,4,24
0,0,12.0,113,1,6,2,13,38,3,28
0,0,12.0,113,1,11,1,9,57,0,28
0,0,12.0,113,1,12,0,0,31,4,28
0,0,12.0,113,1,14,2,14,125,3,28
0,0,12.0,113,1,14,2,13,13,2,28
0,0,12.0,113,1,16,0,4,75,1,28
0,0,12.0,113,1,18,0,7,31,4,28
0,0,13.0,198,2,6,0,9,49,1,25
0,0,13.0,198,2,16,0,13,13,0,25
0,0,15.0,190,5,17,0,0,15,4,1
0,0,15.0,190,5,20,0,11,98,1,1
0,0,21.0,287,4,16,0,1,1,3,21
0,0,21.0,287,4,12,0,5,12,1,21
0,0,21.0,287,4,19,0,2,2,1,21
0,0,21.0,287,4,15,1,4,75,1,21
0,0,21.0,287,4,9,2,8,118,0,21
0,0,22.0,241,5,22,0,14,32,0,26
0,2,7.0,153,1,12,2,8,19,3,11
0,2,7.0,153,1,7,1,12,135,4,11
0,2,14.0,231,1,6,0,0,12,0,5
0,2,20.0,264,0,0,0,8,118,3,29
0,2,20.0,264,0,23,0,2,123,4,29
0,2,20.0,264,0,14,0,13,21,3,29
0,2,20.0,264,0,20,1,9,95,1,29
0,0,5.0,122,1,16,0,5,0,0,24
0,0,5.0,122,1,12,0,10,43,1,24
0,0,5.0,122,1,14,0,10,22,1,24
0,0,5.0,122,1,14,2,16,50,0,24
0,0,12.0,113,1,9,0,1,11,3,28
1,11,17.0,110,0,7,0,10,47,1,6
1,11,17.0,110,0,1,0,9,57,0,6
1,11,8.0,283,6,13,0,15,114,2,8
1,11,18.0,332,1,16,0,1,105,4,0
1,11,18.0,332,1,0,0,5,6,0,0
1,11,18.0,332,1,7,0,0,26,1,0
1,11,18.0,332,1,21,0,15,51,3,0
1,11,18.0,332,1,13,0,1,105,1,0
1,11,18.0,332,1,2,0,10,22,1,0
1,11,18.0,332,1,14,2,8,118,3,0
1,11,23.0,232,3,5,0,9,95,4,17
1,11,23.0,232,3,13,0,16,50,1,17
1,11,23.0,232,3,13,3,6,14,3,17
1,11,23.0,232,3,4,0,1,1,3,17
1,11,23.0,232,3,12,0,1,59,0,17
1,11,24.0,194,0,16,0,16,50,1,14
1,11,23.0,232,3,8,0,0,77,3,17
1,11,24.0,194,0,12,1,3,79,1,14
1,11,23.0,232,3,8,0,3,30,4,17
1,9,7.0,271,0,8,0,7,111,4,11
1,9,7.0,271,0,8,0,12,83,4,11
1,9,8.0,90,1,19,2,4,138,0,8
1,11,22.0,250,6,12,0,16,50,1,26
1,7,6.0,93,3,12,0,12,84,1,23
1,7,18.0,154,5,13,2,15,51,3,0
1,7,25.0,41,5,12,0,12,56,1,13
1,9,15.0,226,1,11,0,12,80,3,1
1,3,8.0,148,5,4,1,14,32,0,8
1,11,1.0,222,6,16,0,5,12,3,7
1,3,8.0,148,5,1,1,13,28,0,8
1,7,16.0,40,2,2,1,0,26,1,2
1,7,16.0,40,2,1,1,2,69,1,2
1,3,25.0,347,0,1,1,11,58,4,13
1,9,8.0,90,1,14,1,9,27,0,8
1,9,8.0,90,1,14,2,16,37,3,8
1,9,8.0,90,1,18,0,6,73,1,8
1,9,9.0,320,2,16,0,0,53,3,12
1,9,18.0,359,5,13,0,0,64,1,0
1,9,18.0,359,5,4,2,12,80,0,0
1,9,26.0,267,6,15,1,7,57,1,3
1,7,7.0,293,0,16,1,1,105,0,11
1,7,10.0,329,4,12,0,7,137,0,4
1,7,10.0,329,4,4,0,5,6,0,4
1,7,10.0,329,4,3,1,9,83,1,4
1,7,10.0,329,4,20,1,4,4,4,4
1,7,17.0,95,4,6,0,1,35,4,6
1,7,17.0,95,4,14,0,2,40,4,6
1,7,17.0,95,4,18,0,15,119,4,6
1,7,19.0,330,6,21,0,9,95,3,10
1,7,19.0,330,6,11,0,9,134,2,10
1,7,19.0,330,6,19,2,4,121,3,10
1,7,19.0,330,6,20,1,2,86,1,10
1,11,1.0,222,6,0,0,2,86,4,7
1,11,1.0,222,6,11,0,3,70,1,7
1,11,1.0,222,6,19,0,4,4,1,7
1,11,1.0,222,6,19,0,16,74,1,7
1,11,8.0,283,6,17,0,9,93,1,8
1,11,1.0,222,6,21,0,10,23,1,7
1,11,1.0,222,6,23,1,5,6,0,7
1,11,1.0,222,6,18,1,2,69,0,7
1,11,8.0,283,6,16,1,1,35,0,8
1,7,19.0,330,6,19,1,1,1,4,10
1,7,24.0,68,4,2,0,3,115,1,14
1,7,24.0,68,4,1,0,6,7,0,14
1,7,26.0,316,6,3,0,1,59,4,3
1,7,26.0,316,6,8,2,14,125,0,3
1,7,26.0,316,6,2,0,2,69,2,3
1,7,26.0,316,6,5,1,3,44,4,3
1,7,27.0,53,3,21,1,6,7,0,15
1,7,26.0,316,6,4,1,4,75,0,3
1,3,7.0,289,4,13,1,11,55,4,11
1,3,7.0,289,4,13,0,10,52,2,11
1,3,9.0,44,6,9,0,2,86,1,12
1,3,9.0,44,6,4,0,14,34,2,12
1,3,10.0,4,3,2,0,13,48,2,4
1,3,10.0,4,3,22,2,1,59,3,4
1,7,18.0,154,5,1,0,6,128,4,0
1,7,18.0,154,5,11,1,10,52,1,0
1,7,18.0,154,5,19,0,14,34,1,0
1,7,18.0,154,5,13,0,8,41,2,0
1,11,9.0,311,3,11,1,8,33,1,12
1,11,16.0,225,3,5,0,1,11,4,2
1,11,18.0,332,1,6,0,2,60,0,0
1,11,18.0,332,1,22,0,6,89,3,0
1,11,18.0,332,1,18,0,6,7,1,0
1,11,23.0,232,3,1,0,10,47,0,17
1,11,24.0,194,0,3,1,1,67,4,14
1,9,7.0,271,0,16,0,0,12,1,11
1,9,7.0,271,0,22,0,5,6,0,11
1,9,7.0,271,0,13,1,2,69,4,11
1,9,8.0,90,1,22,0,11,18,0,8
1,9,8.0,90,1,19,0,12,61,4,8
1,9,9.0,320,2,23,0,16,50,1,12
1,9,9.0,320,2,14,0,2,86,1,12
1,9,18.0,359,5,6,1,12,135,4,0
1,9,18.0,359,5,14,2,1,105,3,0
1,7,7.0,293,0,11,0,10,22,1,11
1,7,7.0,293,0,19,2,9,57,2,11
1,7,7.0,293,0,9,2,1,16,3,11
1,7,7.0,293,0,23,1,13,38,4,11
1,7,7.0,293,0,14,3,14,25,0,11
1,7,10.0,329,4,11,1,12,61,4,4
1,7,10.0,329,4,9,0,10,22,3,4
1,7,17.0,95,4,11,1,12,104,1,6
1,7,17.0,95,4,12,0,2,86,2,6
1,7,17.0,95,4,5,0,8,9,2,6
1,7,19.0,330,6,8,0,10,12,2,10
1,7,19.0,330,6,12,0,7,137,1,10
1,7,19.0,330,6,19,2,2,86,3,10
1,7,17.0,95,4,13,3,14,88,4,6
1,7,24.0,68,4,15,0,12,104,2,14
1,7,24.0,68,4,2,0,16,130,1,14
1,7,24.0,68,4,14,0,6,7,1,14
1,7,24.0,68,4,2,1,12,80,1,14
1,7,26.0,316,6,15,0,14,97,2,3
1,7,26.0,316,6,13,0,8,41,0,3
1,7,26.0,316,6,13,1,12,56,4,3
1,7,27.0,53,3,15,0,0,26,3,15
1,3,7.0,289,4,17,0,2,13,1,11
1,3,7.0,289,4,13,1,2,2,4,11
1,3,7.0,289,4,1,0,2,123,2,11
1,3,9.0,44,6,17,2,14,34,3,12
1,3,9.0,44,6,8,0,0,31,2,12
1,11,8.0,283,6,1,0,2,2,4,8
1,11,1.0,222,6,2,0,4,75,4,7
1,7,9.0,273,2,18,1,8,27,0,12
1,7,16.0,40,2,5,1,15,46,0,2
1,9,25.0,344,5,4,1,3,30,4,13
1,3,9.0,44,6,19,0,0,85,2,12
1,3,9.0,44,6,22,0,3,115,2,12
1,3,9.0,44,6,1,2,4,66,3,12
1,3,10.0,4,3,23,0,11,94,0,4
1,3,10.0,4,3,12,0,5,6,3,4
1,3,10.0,4,3,22,0,8,27,1,4
1,3,10.0,4,3,0,0,3,76,3,4
1,3,9.0,44,6,14,0,14,25,0,12
1,3,10.0,4,3,19,0,10,47,3,4
1,3,10.0,4,3,4,0,6,128,4,4
1,3,10.0,4,3,9,0,2,13,3,4
1,7,24.0,68,4,19,1,6,7,1,14
1,3,18.0,165,0,6,0,13,21,4,0
1,3,18.0,165,0,2,0,5,0,1,0
1,3,19.0,138,1,6,0,0,68,0,10
1,11,7.0,253,5,19,2,8,9,4,11
1,11,7.0,253,5,4,2,6,116,3,11
1,11,7.0,253,5,19,0,2,69,4,11
1,11,7.0,253,5,9,3,12,61,1,11
1,11,7.0,253,5,19,2,2,60,3,11
1,11,9.0,311,3,16,1,0,12,0,12
1,11,7.0,253,5,6,1,9,95,0,11
1,11,16.0,225,3,7,1,10,12,1,2
1,11,16.0,225,3,9,0,5,12,1,2
1,11,16.0,225,3,14,0,11,15,3,2
1,11,16.0,225,3,9,0,0,77,1,2
1,3,17.0,54,3,1,2,13,69,3,6
1,3,24.0,357,3,8,0,11,90,2,14
1,3,25.0,347,0,7,1,13,38,0,13
1,11,1.0,222,6,21,0,4,103,3,7
1,11,1.0,222,6,1,0,0,77,1,7
1,11,8.0,283,6,13,1,13,38,4,8
1,11,8.0,283,6,13,0,3,30,1,8
1,3,25.0,347,0,12,0,1,81,4,13
0,11,1.0,222,3,16,0,13,69,3,7
1,1,27.0,262,6,7,1,10,12,1,15
0,11,1.0,222,3,0,0,12,104,0,7
1,5,3.0,161,1,6,1,1,16,4,27
1,1,25.0,65,4,23,0,8,9,4,13
1,5,3.0,161,1,21,1,15,112,0,27
1,1,28.0,300,3,23,0,10,22,0,18
1,5,3.0,161,1,4,1,9,93,4,27
0,11,1.0,222,3,12,0,10,47,1,7
1,8,29.0,301,4,12,0,2,35,4,16
1,8,2.0,77,5,17,1,0,64,1,22
0,11,1.0,222,3,17,0,10,47,0,7
1,4,1.0,144,6,15,0,4,45,3,7
0,11,2.0,265,0,22,0,10,47,0,22
1,4,1.0,144,6,20,1,14,25,4,7
1,0,10.0,129,6,4,1,8,41,0,4
1,8,2.0,77,5,7,1,9,49,1,22
0,11,2.0,265,0,18,0,4,45,2,22
0,11,1.0,222,3,2,0,16,72,3,7
0,3,13.0,210,4,12,2,15,46,3,25
0,11,3.0,288,1,2,0,13,48,1,27
0,3,11.0,337,1,4,2,4,82,3,9
0,11,1.0,222,3,17,0,5,6,0,7
0,3,12.0,104,2,19,2,3,44,3,28
1,4,1.0,144,6,20,1,6,116,1,7
1,0,11.0,10,3,16,1,2,71,4,9
1,8,2.0,77,5,19,0,10,47,3,22
1,0,11.0,10,3,6,2,13,29,1,9
0,3,13.0,210,4,22,1,14,34,4,25
0,11,20.0,340,5,11,0,4,121,1,29
1,0,19.0,13,0,19,0,13,48,0,10
1,4,1.0,144,6,1,0,8,19,4,7
0,11,2.0,265,0,18,0,5,12,3,22
1,8,12.0,284,0,23,0,2,40,1,28
1,0,11.0,10,3,13,0,6,128,4,9
0,3,11.0,337,1,8,1,7,111,1,9
0,11,1.0,222,3,17,1,10,52,1,7
1,0,19.0,13,0,15,1,12,104,4,10
1,4,1.0,144,6,22,1,9,9,4,7
0,11,3.0,288,1,23,1,10,22,2,27
1,8,12.0,284,0,3,1,14,126,4,28
1,8,17.0,74,6,20,2,0,77,3,6
1,8,17.0,74,6,11,1,16,65,4,6
1,8,17.0,74,6,14,0,16,74,3,6
1,8,17.0,74,6,13,0,0,0,3,6
1,8,17.0,74,6,4,0,13,28,3,6
1,8,26.0,278,0,4,0,5,6,2,3
1,8,19.0,280,0,19,1,3,79,4,10
1,8,19.0,280,0,12,1,12,80,1,10
1,8,19.0,280,0,8,1,8,118,1,10
1,8,20.0,319,1,6,0,10,47,3,29
1,9,1.0,126,1,14,0,14,107,1,7
1,9,15.0,226,1,2,2,5,64,3,1
1,9,16.0,107,2,11,1,0,0,0,2
1,9,17.0,255,4,13,1,8,118,1,6
1,9,27.0,179,3,16,0,4,4,1,15
1,7,2.0,160,2,21,0,0,12,1,22
1,7,2.0,160,2,13,0,10,47,0,22
1,7,2.0,160,2,9,0,14,106,4,22
1,7,2.0,160,2,14,0,13,28,1,22
1,7,8.0,94,1,6,2,2,92,3,8
1,7,9.0,273,2,17,0,6,7,4,12
1,7,16.0,40,2,6,0,5,12,3,2
1,7,16.0,40,2,5,0,1,81,4,2
1,7,16.0,40,2,9,0,2,86,1,2
1,3,1.0,180,5,13,1,12,80,4,7
1,3,1.0,180,5,13,2,15,46,3,7
1,3,8.0,148,5,15,1,4,136,4,8
1,3,17.0,54,3,0,0,3,30,1,6
1,8,29.0,301,4,22,0,3,30,3,16
1,8,26.0,278,0,4,1,14,25,0,3
1,8,29.0,301,4,19,2,4,45,0,16
1,4,1.0,144,6,11,0,13,29,3,7
1,5,2.0,307,0,13,0,3,79,2,22
0,11,4.0,275,2,14,0,8,27,3,30
0,11,4.0,275,2,9,0,13,99,1,30
0,11,3.0,288,1,8,0,10,22,1,27
0,11,20.0,340,5,8,0,8,9,3,29
0,11,20.0,340,5,14,0,2,60,4,29
0,11,20.0,340,5,9,2,6,89,3,29
0,9,1.0,126,2,6,0,0,26,0,7
0,9,1.0,126,2,15,0,10,22,1,7
0,9,1.0,126,2,9,0,0,96,1,7
0,9,1.0,126,2,18,0,13,38,1,7
0,9,4.0,295,6,15,0,3,30,1,30
0,9,4.0,295,6,5,0,13,48,4,30
0,9,4.0,295,6,8,2,4,75,0,30
1,3,17.0,54,3,3,0,3,30,3,6
1,1,1.0,203,0,14,1,16,39,0,7
1,3,17.0,54,3,5,1,7,111,4,6
1,3,17.0,54,3,1,0,1,59,1,6
1,3,24.0,357,3,3,0,9,93,4,14
1,3,24.0,357,3,8,1,1,59,4,14
1,3,24.0,357,3,2,0,10,22,1,14
1,8,19.0,280,0,19,3,1,35,3,10
1,8,27.0,78,1,6,0,9,109,3,15
1,8,27.0,78,1,17,0,2,13,1,15
1,8,20.0,319,1,17,0,7,111,1,29
1,8,27.0,78,1,14,2,8,118,3,15
1,8,28.0,224,2,19,0,5,6,3,18
1,8,28.0,224,2,19,0,0,85,4,18
1,4,2.0,141,3,8,0,4,75,1,22
1,4,2.0,141,3,8,0,14,106,4,22
1,4,2.0,141,3,4,0,16,65,4,22
1,4,2.0,141,3,4,0,2,86,3,22
1,4,4.0,178,1,16,0,2,2,3,30
0,9,4.0,295,6,22,3,11,55,3,30
0,9,4.0,295,6,12,1,8,33,1,30
0,9,26.0,267,3,0,0,13,38,1,3
0,9,28.0,315,1,17,1,13,48,0,18
0,9,28.0,315,1,6,0,0,68,1,18
0,9,28.0,315,1,19,1,10,47,0,18
0,9,28.0,315,1,12,2,16,113,3,18
0,9,28.0,315,1,3,1,16,42,4,18
0,3,11.0,337,1,9,1,11,8,4,9
1,0,11.0,10,3,5,1,11,129,4,9
1,8,28.0,224,2,16,0,3,76,3,18
1,0,21.0,287,2,17,1,3,30,4,21
1,4,1.0,144,6,1,0,6,91,1,7
0,11,20.0,340,5,12,0,6,89,2,29
0,11,1.0,222,3,16,0,12,56,0,7
0,11,2.0,265,0,14,1,6,132,0,22
0,11,20.0,340,5,3,1,15,85,4,29
1,4,1.0,144,6,22,0,6,132,4,7
1,8,27.0,78,1,21,0,13,38,3,15
1,0,21.0,287,2,8,0,13,21,1,21
1,4,3.0,279,0,3,0,2,86,1,27
0,11,3.0,288,1,13,0,0,68,4,27
0,9,1.0,126,2,12,0,2,40,1,7
1,4,3.0,279,0,6,0,11,117,1,27
1,8,27.0,78,1,8,1,4,75,1,15
1,0,21.0,287,2,2,0,7,62,0,21
0,3,12.0,104,2,14,0,13,28,0,28
1,1,1.0,203,0,22,0,6,89,1,7
0,11,4.0,275,2,6,2,10,22,3,30
0,9,26.0,267,3,16,1,14,32,0,3
1,8,28.0,224,2,14,1,3,44,0,18
1,4,2.0,141,3,20,1,11,133,4,22
1,4,4.0,178,1,16,0,14,25,0,30
1,4,4.0,178,1,11,0,3,76,4,30
1,4,11.0,121,1,12,2,13,21,3,9
1,4,11.0,121,1,20,0,0,12,3,9
1,4,19.0,142,2,16,0,5,12,3,10
1,4,19.0,142,2,0,0,8,9,3,10
1,4,19.0,142,2,4,0,6,7,4,10
1,4,21.0,339,5,5,2,16,37,3,21
1,4,21.0,339,5,13,1,10,23,1,21
1,2,9.0,21,2,3,2,0,53,3,12
1,2,9.0,21,2,12,0,15,96,0,12
1,2,9.0,21,2,9,0,10,47,1,12
1,2,12.0,128,6,15,1,9,63,0,28
1,2,12.0,128,6,4,0,1,16,4,28
1,2,12.0,128,6,4,0,13,48,4,28
0,3,18.0,165,1,9,0,0,96,4,0
0,3,18.0,165,1,3,0,13,38,0,0
0,3,18.0,165,1,22,1,13,99,4,0
1,4,17.0,19,0,8,2,6,7,3,6
1,4,17.0,19,0,14,1,7,137,4,6
1,4,27.0,274,4,9,3,15,31,1,15
1,4,29.0,313,6,8,0,3,115,0,16
1,4,29.0,313,6,18,0,14,25,4,16
1,4,29.0,313,6,9,0,10,47,1,16
1,4,29.0,313,6,3,1,9,83,1,16
1,2,1.0,16,1,23,0,6,7,2,7
1,2,1.0,16,1,0,0,2,2,1,7
1,2,1.0,16,1,4,1,9,134,4,7
1,2,3.0,282,4,11,0,11,18,0,27
1,2,3.0,282,4,13,0,12,80,0,27
1,10,26.0,61,1,4,1,5,64,1,3
1,2,3.0,282,4,1,0,13,38,3,27
1,2,1.0,16,1,19,0,16,50,1,7
1,2,3.0,282,4,22,1,10,23,0,27
1,2,29.0,140,1,2,0,2,69,0,16
1,9,5.0,89,6,5,0,9,63,1,24
1,9,13.0,91,3,21,1,13,69,0,25
1,3,23.0,57,6,8,2,0,96,3,17
1,5,30.0,294,0,19,2,2,2,1,19
1,7,14.0,125,0,17,1,15,31,4,5
1,7,31.0,43,4,11,0,6,14,2,20
1,10,24.0,261,3,4,0,9,9,2,14
1,10,24.0,261,3,2,1,14,106,1,14
1,1,22.0,164,0,8,0,9,9,2,26
1,3,23.0,57,6,9,0,13,29,1,17
1,10,24.0,261,3,9,3,11,90,4,14
0,11,19.0,321,4,3,0,7,111,1,10
1,3,24.0,357,3,3,0,16,108,4,14
1,3,25.0,347,0,3,0,13,29,4,13
1,5,3.0,161,1,5,1,2,40,4,27
1,5,3.0,161,1,13,0,5,12,1,27
1,5,8.0,199,3,10,0,9,10,0,8
1,5,11.0,326,2,6,0,10,23,1,9
1,5,11.0,326,2,2,0,10,22,3,9
1,5,11.0,326,2,4,0,8,41,1,9
1,5,8.0,199,3,4,0,10,47,2,8
1,5,16.0,239,0,19,0,0,26,0,2
1,5,16.0,239,0,15,1,13,28,1,2
1,5,16.0,239,0,2,0,2,13,3,2
1,5,16.0,239,0,14,2,16,50,1,2
1,5,17.0,212,1,13,0,10,22,1,6
1,5,17.0,212,1,13,0,2,86,4,6
1,5,17.0,212,1,12,1,0,31,1,6
1,5,17.0,212,1,20,0,4,75,1,6
1,5,17.0,212,1,1,0,5,12,0,6
1,2,29.0,140,1,14,0,5,12,1,16
1,0,3.0,334,6,6,0,7,20,0,27
1,0,3.0,334,6,4,1,12,56,0,27
1,0,4.0,229,3,7,0,13,28,1,30
1,0,3.0,334,6,18,0,2,53,4,27
1,0,4.0,229,3,11,0,8,27,0,30
1,0,4.0,229,3,19,2,3,103,3,30
0,3,12.0,104,2,6,2,7,8,2,28
0,3,12.0,104,2,21,1,2,71,0,28
0,3,12.0,104,2,0,0,10,43,3,28
1,0,30.0,228,5,13,1,2,86,4,19
0,3,13.0,210,4,13,0,13,38,1,25
0,11,4.0,275,2,10,0,1,81,2,30
1,4,3.0,279,0,23,1,13,38,1,27
1,4,3.0,279,0,18,0,7,111,1,27
1,4,3.0,279,0,19,2,4,75,3,27
1,6,16.0,38,4,13,0,8,118,2,2
0,7,20.0,266,0,0,0,9,57,2,29
1,1,1.0,203,0,5,1,12,56,1,7
1,0,30.0,228,5,22,1,4,5,1,19
1,4,3.0,279,0,1,2,13,29,1,27
0,3,13.0,210,4,1,2,7,120,3,25
0,7,20.0,266,0,6,1,11,18,0,29
1,1,2.0,171,1,17,0,5,12,0,22
1,0,30.0,228,5,22,1,9,49,1,19
1,4,17.0,19,0,6,2,6,7,3,6
0,3,18.0,165,1,17,0,2,40,1,0
1,10,26.0,61,1,14,1,2,2,0,3
0,7,20.0,266,0,8,0,8,33,4,29
1,1,2.0,171,1,21,1,14,24,0,22
0,3,18.0,165,1,22,1,2,92,4,0
1,0,30.0,228,5,8,1,14,131,1,19
1,1,25.0,65,4,13,1,8,27,1,13
0,3,18.0,165,1,8,0,13,29,1,0
1,1,19.0,29,5,14,0,16,130,3,10
1,10,25.0,56,0,12,0,13,99,1,13
0,3,11.0,337,1,21,1,6,116,4,9
1,1,2.0,171,1,13,1,1,1,4,22
0,3,11.0,337,1,19,0,1,16,4,9
1,8,2.0,77,5,17,0,1,67,4,22
0,3,18.0,165,1,4,0,1,11,3,0
1,8,17.0,74,6,9,0,0,85,2,6
1,1,19.0,29,5,19,3,3,30,3,10
1,1,2.0,171,1,9,0,0,15,1,22
1,4,17.0,19,0,16,1,9,87,0,6
0,3,12.0,104,2,16,1,5,12,0,28
0,3,18.0,165,1,1,0,8,118,4,0
1,4,17.0,19,0,8,0,5,6,2,6
1,1,26.0,248,5,10,0,2,86,3,3
0,11,19.0,321,4,5,0,3,79,2,10
0,11,19.0,321,4,12,1,13,69,0,10
0,11,19.0,321,4,17,1,16,37,0,10
1,1,26.0,248,5,16,1,2,40,0,3
1,1,26.0,248,5,4,0,5,6,0,3
1,1,26.0,248,5,14,0,12,56,1,3
1,8,4.0,299,3,2,0,16,65,4,30
1,8,4.0,299,3,2,0,8,33,2,30
1,8,4.0,299,3,5,1,12,84,1,30
1,8,9.0,124,5,21,1,0,0,0,12
1,8,9.0,124,5,21,0,8,41,1,12
1,8,11.0,306,3,20,1,10,22,0,9
1,8,19.0,280,0,8,2,2,2,0,10
1,8,19.0,280,0,14,2,14,110,3,10
1,8,19.0,280,0,18,0,2,2,1,10
1,8,20.0,319,1,16,0,0,26,3,29
1,8,19.0,280,0,12,1,11,124,0,10
1,8,19.0,280,0,22,1,6,132,1,10
0,11,1.0,222,3,7,0,3,30,3,7
0,11,1.0,222,3,10,0,9,95,4,7
0,11,1.0,222,3,11,0,13,29,1,7
0,11,1.0,222,3,5,0,13,36,4,7
0,11,1.0,222,3,8,1,8,41,1,7
0,11,2.0,265,0,6,1,6,7,0,22
0,11,2.0,265,0,19,0,9,49,1,22
1,10,26.0,61,1,18,3,11,15,0,3
1,10,26.0,61,1,4,3,7,111,2,3
1,1,25.0,65,4,9,1,4,75,1,13
1,7,1.0,98,1,17,0,0,26,4,7
1,8,18.0,75,3,13,0,13,123,2,0
1,4,1.0,144,6,13,0,12,56,2,7
1,4,3.0,279,0,9,1,6,7,0,27
1,4,3.0,279,0,7,0,15,114,1,27
0,11,2.0,265,0,18,2,2,13,3,22
0,11,2.0,265,0,1,1,1,16,4,22
0,11,3.0,288,1,21,0,0,77,1,27
0,11,3.0,288,1,16,0,5,12,3,27
0,11,3.0,288,1,12,0,10,22,2,27
0,11,1.0,222,3,9,0,16,37,4,7
0,11,4.0,275,2,16,1,5,6,0,30
0,11,4.0,275,2,17,0,8,41,3,30
1,8,20.0,319,1,15,0,0,68,2,29
1,8,28.0,224,2,5,1,16,37,2,18
1,8,28.0,224,2,15,2,8,118,3,18
1,4,2.0,141,3,22,0,9,109,3,22
1,4,2.0,141,3,4,0,15,46,3,22
1,4,4.0,178,1,0,2,8,9,3,30
1,4,4.0,178,1,15,0,11,124,1,30
1,4,9.0,18,3,17,0,3,103,1,12
1,4,9.0,18,3,17,2,2,2,4,12
1,4,9.0,18,3,13,0,0,0,1,12
1,4,2.0,141,3,16,0,6,128,3,22
1,4,9.0,18,3,6,1,7,62,0,12
1,10,17.0,256,3,6,1,7,111,4,6
1,10,27.0,302,2,14,0,10,52,1,15
1,1,1.0,203,0,16,0,11,0,3,7
0,11,4.0,275,2,8,0,8,27,1,30
0,11,4.0,275,2,2,0,7,111,3,30
0,11,4.0,275,2,1,0,15,114,1,30
0,11,20.0,340,5,23,2,16,72,0,29
0,11,20.0,340,5,15,0,0,26,1,29
0,9,1.0,126,2,21,0,2,92,3,7
0,9,1.0,126,2,21,1,11,18,0,7
0,9,4.0,295,6,11,1,10,52,0,30
0,11,1.0,222,3,5,0,2,2,4,7
0,9,28.0,315,1,6,0,11,0,3,18
0,9,28.0,315,1,14,0,6,7,0,18
0,9,28.0,315,1,14,0,1,11,1,18
0,11,2.0,265,0,12,0,2,69,0,22
1,3,7.0,289,4,21,1,0,77,0,11
0,7,20.0,266,0,13,0,6,132,2,29
0,7,20.0,266,0,9,0,8,33,4,29
0,3,11.0,337,1,16,0,4,45,0,9
1,8,26.0,278,0,18,0,8,118,1,3
1,4,17.0,19,0,23,0,14,25,3,6
1,1,3.0,188,2,17,2,5,6,3,27
1,8,26.0,278,0,8,0,10,23,1,3
1,1,2.0,171,1,22,0,14,24,2,22
1,8,17.0,74,6,14,0,16,37,1,6
1,4,17.0,19,0,19,0,10,47,3,6
0,3,12.0,104,2,6,2,7,31,3,28
1,8,29.0,301,4,12,0,16,50,0,16
0,3,12.0,104,2,1,0,14,106,3,28
1,4,17.0,19,0,9,0,9,87,4,6
1,8,19.0,280,0,2,3,7,57,0,10
1,4,27.0,274,4,17,2,0,12,0,15
1,4,17.0,19,0,8,2,13,99,2,6
1,4,4.0,178,1,12,2,4,70,3,30
1,4,17.0,19,0,7,3,0,12,1,6
1,3,1.0,180,5,22,0,1,59,1,7
1,4,2.0,141,3,23,1,2,2,1,22
1,4,4.0,178,1,13,2,2,2,1,30
1,4,17.0,19,0,15,1,1,105,4,6
1,5,18.0,195,2,10,0,6,89,1,0
1,10,1.0,208,5,12,2,13,28,3,7
1,4,9.0,18,3,0,0,12,104,1,12
1,4,4.0,178,1,2,0,8,41,3,30
1,4,9.0,18,3,4,0,15,77,3,12
1,4,9.0,18,3,12,2,0,31,0,12
1,4,9.0,18,3,8,2,3,115,3,12
1,4,10.0,79,0,6,0,5,12,3,4
1,4,10.0,79,0,17,2,10,52,3,4
1,4,9.0,18,3,15,0,2,60,2,12
1,4,9.0,18,3,19,3,10,22,3,12
1,8,28.0,224,2,10,1,13,38,0,18
1,4,10.0,79,0,18,0,2,2,4,4
1,4,11.0,121,1,16,0,5,12,3,9
1,4,10.0,79,0,11,1,12,56,1,4
1,4,11.0,121,1,22,1,15,46,2,9
1,4,11.0,121,1,1,0,2,60,4,9
1,4,11.0,121,1,1,2,5,12,3,9
1,4,19.0,142,2,17,2,5,6,3,10
1,4,1.0,144,6,17,0,10,43,1,7
0,3,12.0,104,2,14,0,12,100,4,28
0,3,11.0,337,1,14,0,14,97,1,9
0,3,13.0,210,4,22,1,7,137,1,25
0,3,13.0,210,4,9,0,2,86,1,25
0,3,18.0,165,1,17,0,4,127,1,0
0,3,18.0,165,1,1,0,0,26,3,0
0,3,30.0,304,3,2,0,10,47,3,19
0,3,30.0,304,3,4,0,16,74,0,19
0,3,30.0,304,3,1,0,14,24,0,19
0,3,30.0,304,3,18,0,13,21,3,19
0,5,2.0,307,1,17,0,2,92,3,22
1,2,29.0,140,1,15,0,14,25,2,16
1,0,3.0,334,6,5,0,1,81,3,27
1,0,3.0,334,6,19,0,2,71,2,27
1,0,3.0,334,6,5,0,6,89,1,27
1,2,1.0,16,1,13,0,13,28,1,7
1,0,10.0,129,6,22,1,15,46,4,4
1,0,10.0,129,6,14,0,11,117,3,4
1,0,11.0,10,3,17,0,4,75,1,9
1,0,10.0,129,6,13,0,6,7,2,4
1,0,13.0,198,1,8,0,12,61,1,25
1,0,13.0,198,1,15,1,9,49,1,25
1,0,13.0,198,1,2,0,8,41,1,25
1,4,19.0,142,2,6,0,10,12,1,10
1,4,19.0,142,2,16,0,0,12,3,10
1,4,19.0,142,2,0,0,13,28,3,10
1,4,19.0,142,2,5,0,4,75,1,10
1,4,19.0,142,2,23,1,10,12,0,10
1,4,19.0,142,2,13,0,16,50,1,10
1,4,19.0,142,2,8,2,0,64,3,10
1,4,21.0,339,5,6,1,7,111,0,21
1,4,21.0,339,5,11,1,6,132,4,21
1,4,21.0,339,5,2,0,1,11,1,21
1,4,21.0,339,5,8,0,14,25,0,21
1,4,21.0,339,5,2,1,9,101,4,21
1,1,2.0,171,1,12,0,16,50,3,22
1,1,3.0,188,2,17,0,2,92,4,27
1,1,3.0,188,2,21,0,0,77,3,27
1,1,3.0,188,2,16,0,8,9,3,27
1,1,3.0,188,2,15,0,12,121,1,27
1,9,15.0,226,1,17,0,7,62,1,1
1,1,17.0,63,2,5,0,0,26,2,6
1,1,17.0,63,2,16,1,14,97,4,6
1,1,17.0,63,2,1,0,10,6,3,6
1,1,19.0,29,5,13,0,2,123,1,10
1,0,18.0,0,3,6,2,8,41,0,0
1,0,18.0,0,3,8,0,1,67,0,0
1,0,18.0,0,3,9,0,9,101,3,0
1,0,18.0,0,3,3,2,2,40,3,0
1,0,19.0,13,0,0,0,7,20,4,10
1,0,19.0,13,0,3,1,1,59,4,10
1,0,19.0,13,0,1,0,3,30,3,10
1,0,19.0,13,0,20,1,15,119,4,10
1,0,18.0,0,3,14,1,7,31,4,0
1,0,19.0,13,0,18,0,2,69,0,10
1,0,21.0,287,2,22,0,16,50,1,21
1,0,21.0,287,2,18,0,8,27,3,21
1,7,1.0,98,1,13,0,1,81,1,7
1,0,30.0,228,5,3,1,6,7,4,19
1,4,9.0,18,3,13,0,12,56,1,12
1,10,1.0,208,5,14,0,2,123,3,7
1,4,27.0,274,4,13,1,6,14,4,15
1,1,3.0,188,2,6,0,5,6,3,27
1,5,18.0,195,2,21,1,13,69,0,0
1,10,1.0,208,5,12,0,16,130,3,7
1,4,9.0,18,3,1,0,9,49,1,12
1,4,29.0,313,6,8,1,8,33,4,16
1,4,9.0,18,3,20,1,13,36,1,12
1,10,1.0,208,5,9,0,3,30,1,7
1,1,2.0,171,1,14,0,14,32,1,22
1,4,10.0,79,0,17,0,5,6,0,4
1,4,29.0,313,6,14,2,2,86,3,16
1,4,10.0,79,0,22,0,13,69,2,4
1,10,17.0,256,3,3,2,8,118,3,6
1,1,3.0,188,2,14,2,1,67,3,27
1,4,10.0,79,0,12,0,6,73,3,4
1,2,1.0,16,1,10,0,6,128,3,7
1,5,8.0,199,3,18,2,15,119,4,8
1,5,16.0,239,0,14,1,3,76,4,2
1,5,17.0,212,1,17,2,2,2,3,6
1,5,17.0,212,1,7,0,14,32,1,6
1,5,18.0,195,2,16,0,8,9,3,0
1,6,17.0,244,5,17,0,2,2,1,6
1,6,17.0,244,5,0,0,2,86,4,6
1,8,11.0,306,3,15,1,0,64,4,9
1,7,2.0,160,2,17,3,14,106,4,22
1,8,20.0,319,1,15,1,11,94,0,29
1,6,17.0,244,5,7,0,14,25,3,6
1,6,17.0,244,5,22,3,4,82,0,6
1,6,25.0,39,6,6,0,10,22,1,13
1,6,25.0,39,6,19,0,16,65,0,13
1,6,25.0,39,6,2,0,5,6,3,13
1,6,25.0,39,6,14,0,5,12,0,13
1,6,27.0,116,0,6,0,4,66,4,15
1,6,27.0,116,0,7,1,2,3,0,15
1,10,1.0,208,5,16,0,14,32,3,7
1,2,1.0,16,1,21,0,14,24,3,7
1,2,1.0,16,1,4,0,3,30,1,7
1,2,1.0,16,1,1,1,9,27,0,7
1,2,29.0,140,1,14,0,1,35,4,16
1,2,29.0,140,1,9,1,9,27,0,16
1,0,3.0,334,6,13,0,2,71,2,27
1,0,4.0,229,3,12,0,10,43,1,30
1,0,3.0,334,6,11,1,7,78,0,27
1,0,10.0,129,6,16,1,11,90,0,4
1,0,10.0,129,6,6,2,9,10,3,4
1,0,10.0,129,6,8,0,13,48,0,4
1,0,10.0,129,6,12,1,7,129,4,4
1,0,11.0,10,3,1,0,15,114,1,9
1,0,11.0,10,3,11,3,7,78,4,9
1,0,18.0,0,3,17,1,0,68,0,0
1,0,18.0,0,3,19,3,3,79,4,0
1,0,18.0,0,3,18,0,5,6,3,0
1,0,21.0,287,2,16,0,13,69,3,21
1,0,21.0,287,2,2,0,9,54,1,21
1,0,21.0,287,2,1,0,6,132,0,21
1,10,1.0,208,5,0,0,14,125,0,7
1,10,1.0,208,5,11,0,15,51,1,7
1,10,1.0,208,5,15,0,1,16,4,7
1,10,1.0,208,5,2,2,6,128,3,7
1,10,1.0,208,5,4,0,12,56,1,7
1,10,1.0,208,5,4,0,9,63,1,7
1,10,1.0,208,5,18,0,2,13,1,7
1,10,10.0,245,3,17,0,0,85,3,4
1,10,10.0,245,3,21,0,11,15,1,4
1,10,10.0,245,3,8,0,8,41,1,4
1,10,10.0,245,3,13,1,9,49,1,4
1,10,17.0,256,3,3,0,9,95,2,6
1,10,17.0,256,3,19,2,1,11,3,6
1,10,27.0,302,2,17,2,12,104,3,15
1,10,27.0,302,2,6,1,14,25,2,15
1,0,28.0,249,2,9,0,12,17,1,18
1,10,27.0,302,2,20,0,2,69,3,15
1,1,1.0,203,0,6,0,12,121,1,7
1,1,1.0,203,0,8,0,3,79,1,7
1,6,27.0,116,0,19,0,7,78,0,15
1,6,27.0,116,0,1,2,2,69,3,15
1,0,30.0,228,5,15,0,6,14,1,19
1,4,9.0,18,3,15,0,8,118,3,12
1,10,17.0,256,3,6,2,2,123,0,6
1,4,10.0,79,0,13,1,6,89,1,4
1,1,17.0,63,2,16,0,0,12,3,6
1,4,11.0,121,1,13,0,5,12,1,9
1,10,17.0,256,3,4,0,10,47,0,6
1,4,10.0,79,0,14,0,0,15,0,4
1,1,17.0,63,2,0,0,5,12,3,6
1,4,19.0,142,2,0,0,0,26,0,10
1,4,11.0,121,1,8,0,9,109,3,9
1,4,19.0,142,2,17,0,13,38,2,10
1,1,19.0,29,5,11,0,16,130,3,10
1,4,19.0,142,2,13,1,14,107,4,10
1,10,27.0,302,2,17,1,5,6,1,15
1,4,19.0,142,2,3,0,2,2,0,10
1,1,19.0,29,5,13,0,12,56,2,10
1,1,19.0,29,5,5,1,1,16,4,10
1,1,19.0,29,5,18,0,4,5,3,10
1,1,26.0,248,5,17,0,15,39,1,3
0,11,1.0,222,3,16,0,0,85,3,7
0,11,1.0,222,3,7,0,8,27,1,7
0,11,1.0,222,3,0,0,5,6,0,7
0,11,1.0,222,3,14,0,15,114,1,7
0,11,1.0,222,3,4,0,2,92,1,7
0,11,3.0,288,1,17,3,8,9,4,27
0,11,3.0,288,1,15,0,10,47,2,27
0,11,3.0,288,1,7,1,5,12,0,27
0,11,3.0,288,1,3,0,12,61,1,27
0,11,3.0,288,1,8,0,4,127,1,27
0,11,3.0,288,1,18,1,15,46,1,27
0,11,4.0,275,2,6,0,15,112,4,30
0,11,4.0,275,2,17,0,4,121,0,30
0,11,4.0,275,2,10,0,0,26,1,30
0,11,4.0,275,2,18,0,0,0,4,30
0,11,20.0,340,5,13,0,14,131,1,29
0,9,1.0,126,2,17,0,15,51,1,7
1,1,25.0,65,4,1,1,11,94,1,13
1,2,29.0,140,1,1,0,10,47,3,16
1,8,18.0,75,3,18,1,11,15,0,0
1,8,26.0,278,0,15,0,0,77,3,3
1,8,26.0,278,0,3,1,4,66,1,3
1,4,3.0,279,0,9,0,0,12,0,27
0,9,1.0,126,2,16,0,3,115,1,7
1,1,26.0,248,5,15,0,13,38,2,3
1,1,19.0,29,5,13,3,12,17,0,10
1,8,4.0,299,3,16,1,8,9,4,30
1,1,26.0,248,5,9,1,4,4,4,3
1,8,4.0,299,3,2,0,15,119,1,30
1,8,4.0,299,3,12,0,0,0,3,30
1,8,4.0,299,3,8,0,10,22,1,30
1,8,4.0,299,3,12,0,1,67,4,30
1,8,4.0,299,3,19,0,9,57,0,30
1,8,4.0,299,3,11,1,12,84,1,30
1,8,9.0,124,5,6,0,13,48,1,12
1,8,9.0,124,5,20,1,4,136,4,12
1,8,11.0,306,3,3,0,13,28,0,9
1,8,19.0,280,0,0,0,7,62,1,10
1,8,19.0,280,0,16,1,2,40,0,10
1,8,19.0,280,0,13,0,16,39,3,10
1,8,19.0,280,0,5,1,14,126,4,10
1,8,20.0,319,1,6,0,9,95,0,29
1,8,20.0,319,1,2,0,10,52,2,29
1,8,27.0,78,1,21,0,16,113,1,15
0,9,1.0,126,2,3,0,5,6,0,7
0,9,4.0,295,6,16,1,11,18,0,30
0,9,26.0,267,3,3,0,16,50,3,3
0,9,26.0,267,3,8,2,6,89,3,3
0,9,26.0,267,3,19,0,2,86,1,3
0,9,26.0,267,3,9,0,12,17,0,3
0,9,28.0,315,1,18,0,5,64,3,18
0,9,28.0,315,1,1,2,3,30,3,18
0,7,20.0,266,0,5,0,4,138,1,29
0,7,20.0,266,0,19,0,16,50,1,29
0,7,20.0,266,0,19,0,4,4,2,29
0,3,11.0,337,1,6,0,15,31,3,9
0,3,11.0,337,1,1,0,4,138,0,9
0,3,11.0,337,1,1,0,10,52,3,9
0,3,11.0,337,1,19,0,6,7,2,9
0,3,11.0,337,1,13,0,13,36,3,9
0,3,12.0,104,2,12,0,12,56,3,28
0,3,12.0,104,2,12,0,5,6,3,28
0,3,12.0,104,2,19,0,6,7,2,28
0,3,13.0,210,4,6,1,8,9,4,25
0,3,13.0,210,4,8,0,0,77,3,25
0,3,13.0,210,4,23,0,9,93,4,25
1,5,11.0,326,2,23,0,6,128,3,9
1,4,19.0,142,2,12,2,1,59,3,10
1,4,21.0,339,5,5,0,2,3,2,21
1,10,27.0,302,2,4,0,9,9,3,15
1,4,26.0,80,2,6,0,12,17,1,3
1,8,11.0,306,3,4,0,12,135,3,9
1,4,26.0,80,2,1,0,10,47,1,3
1,8,20.0,319,1,13,1,10,52,2,29
1,4,11.0,121,1,5,3,0,68,3,9
0,3,29.0,325,6,10,1,9,109,0,16
1,5,11.0,326,2,2,0,0,77,3,9
1,2,27.0,136,3,11,1,16,42,1,15
1,0,3.0,334,6,17,0,13,48,4,27
0,5,18.0,195,4,1,0,12,61,1,0
1,5,16.0,239,0,16,0,2,92,1,2
1,5,17.0,212,1,17,2,2,2,3,6
1,5,17.0,212,1,0,2,0,0,2,6
1,11,1.0,222,6,17,3,11,15,1,7
1,4,27.0,274,4,22,0,4,5,3,15
1,4,27.0,274,4,13,1,16,65,4,15
1,4,27.0,274,4,13,1,1,11,4,15
1,4,27.0,274,4,5,1,2,2,1,15
1,4,27.0,274,4,9,0,16,42,3,15
1,4,29.0,313,6,20,0,6,91,1,16
1,4,29.0,313,6,20,1,13,48,4,16
1,4,29.0,313,6,4,1,12,56,4,16
1,2,1.0,16,1,17,1,7,120,0,7
1,2,1.0,16,1,11,0,12,121,1,7
1,2,1.0,16,1,9,0,10,22,1,7
1,2,1.0,16,1,8,1,4,66,4,7
1,2,1.0,16,1,14,0,8,9,4,7
1,2,29.0,140,1,22,0,15,39,3,16
1,8,2.0,77,5,8,0,12,104,3,22
1,8,2.0,77,5,9,0,7,20,3,22
1,8,12.0,284,0,8,0,0,64,2,28
1,8,18.0,75,3,0,1,4,75,4,0
1,8,26.0,278,0,13,0,11,8,1,3
1,8,26.0,278,0,15,0,2,69,2,3
1,8,29.0,301,4,23,0,5,64,2,16
1,7,25.0,41,5,14,1,2,86,2,13
1,5,28.0,259,6,8,0,2,2,2,18
1,6,18.0,308,6,19,0,10,22,2,0
1,5,1.0,109,3,17,0,4,4,2,7
1,3,16.0,263,6,12,1,5,6,0,2
1,5,1.0,109,3,18,0,5,6,0,7
1,7,25.0,41,5,4,1,13,99,4,13
1,6,1.0,158,2,15,1,4,82,1,7
1,5,25.0,350,2,0,2,10,22,3,13
1,1,10.0,17,2,14,0,5,12,3,4
1,5,1.0,109,3,4,1,8,65,4,7
1,5,10.0,155,1,5,1,13,38,4,4
1,4,28.0,218,5,20,0,2,2,3,18
1,11,1.0,222,6,17,0,1,1,1,7
1,5,18.0,195,2,8,2,0,26,0,0
1,5,18.0,195,2,2,0,9,93,0,0
1,5,24.0,58,1,6,0,9,101,3,14
1,6,17.0,244,5,4,0,4,82,1,6
1,6,17.0,244,5,1,0,13,48,1,6
1,6,17.0,244,5,22,0,4,79,3,6
1,6,27.0,116,0,16,0,13,29,0,15
1,6,27.0,116,0,21,0,1,11,1,15
1,6,27.0,116,0,3,0,0,26,3,15
1,10,1.0,208,5,22,0,8,27,1,7
1,10,10.0,245,3,5,0,1,59,3,4
1,10,10.0,245,3,18,2,0,77,3,4
1,3,8.0,148,5,18,2,12,104,3,8
1,3,17.0,54,3,8,2,16,50,3,6
1,3,17.0,54,3,8,0,12,83,2,6
1,3,17.0,54,3,1,0,1,11,2,6
1,2,9.0,21,2,16,2,11,18,3,12
1,10,27.0,302,2,19,0,4,66,3,15
1,2,9.0,21,2,6,0,6,132,1,12
1,2,9.0,21,2,14,0,10,47,1,12
1,2,9.0,21,2,4,0,13,13,1,12
1,2,9.0,21,2,1,1,3,70,0,12
1,2,10.0,28,4,12,2,0,31,0,4
0,3,20.0,105,4,16,0,15,31,1,29
0,3,18.0,165,1,4,0,2,40,2,0
0,3,20.0,105,4,21,0,2,92,1,29
0,3,21.0,338,5,17,0,15,31,1,21
0,3,21.0,338,5,11,0,4,66,1,21
0,3,13.0,210,4,1,1,6,128,1,25
0,3,21.0,338,5,13,2,9,63,0,21
0,3,21.0,338,5,8,0,2,2,2,21
0,3,21.0,338,5,1,0,5,12,3,21
0,3,21.0,338,5,22,1,15,119,4,21
1,0,4.0,229,3,2,1,0,0,1,30
1,2,1.0,16,1,13,1,16,50,1,7
1,0,10.0,129,6,2,0,13,29,4,4
1,0,10.0,129,6,20,1,1,16,4,4
1,0,10.0,129,6,14,0,10,22,2,4
1,0,10.0,129,6,1,0,4,82,1,4
1,0,11.0,10,3,0,0,13,36,4,9
1,0,11.0,10,3,21,0,10,12,1,9
1,0,11.0,10,3,8,1,11,133,4,9
1,0,11.0,10,3,4,0,5,6,3,9
1,0,13.0,198,1,17,2,13,48,1,25
1,0,13.0,198,1,16,1,5,64,0,25
1,0,13.0,198,1,12,2,8,9,0,25
1,2,10.0,28,4,19,0,10,23,3,4
1,2,10.0,28,4,8,2,6,89,3,4
1,2,10.0,28,4,3,1,12,17,4,4
1,2,10.0,28,4,13,1,8,27,4,4
1,2,12.0,128,6,1,0,5,6,0,28
1,2,13.0,276,3,13,0,4,79,0,25
1,4,19.0,142,2,22,0,1,11,4,10
1,4,19.0,142,2,4,0,8,9,1,10
1,4,19.0,142,2,2,1,7,20,1,10
1,4,21.0,339,5,11,0,14,34,1,21
1,4,21.0,339,5,13,0,8,118,1,21
1,4,21.0,339,5,8,1,0,12,1,21
1,4,21.0,339,5,22,0,0,26,3,21
1,4,10.0,79,0,22,3,0,12,3,4
1,4,21.0,339,5,15,1,2,69,4,21
1,4,21.0,339,5,13,1,10,23,1,21
1,4,21.0,339,5,1,0,0,12,1,21
1,4,26.0,80,2,16,1,11,15,0,3
1,4,26.0,80,2,6,0,5,12,0,3
1,4,26.0,80,2,2,0,6,7,1,3
1,4,26.0,80,2,17,1,10,47,0,3
0,11,18.0,332,2,21,0,10,22,3,0
1,3,23.0,57,6,14,3,8,41,2,17
1,7,15.0,205,1,20,0,4,75,1,1
1,10,7.0,243,4,2,1,11,117,2,11
1,5,14.0,36,6,13,1,13,48,0,5
1,4,6.0,176,4,13,0,0,15,3,23
1,6,12.0,162,3,4,3,5,6,0,28
1,10,13.0,346,2,6,0,4,5,3,25
1,0,18.0,0,3,16,1,11,8,0,0
1,0,18.0,0,3,23,0,14,34,0,0
1,0,18.0,0,3,21,1,11,117,0,0
1,0,18.0,0,3,13,1,7,54,4,0
1,0,3.0,334,6,15,0,9,27,2,27
1,1,1.0,203,0,16,0,0,31,1,7
1,1,1.0,203,0,13,0,8,9,0,7
1,1,1.0,203,0,20,1,2,2,1,7
1,1,1.0,203,0,9,0,5,12,1,7
1,1,1.0,203,0,9,0,12,61,4,7
1,0,13.0,198,1,5,0,14,32,3,25
1,0,13.0,198,1,2,0,10,23,1,25
1,0,18.0,0,3,20,0,1,11,4,0
1,0,18.0,0,3,17,1,0,0,0,0
1,0,13.0,198,1,8,0,7,120,2,25
1,0,19.0,13,0,13,0,2,86,2,10
1,0,19.0,13,0,14,1,2,69,4,10
1,1,25.0,65,4,1,1,11,124,4,13
1,1,28.0,300,3,3,0,15,51,3,18
1,8,18.0,75,3,4,1,3,30,4,0
1,8,18.0,75,3,3,0,8,65,2,0
1,8,26.0,278,0,19,3,5,6,0,3
1,4,3.0,279,0,5,1,13,29,0,27
1,4,1.0,144,6,17,2,3,103,3,7
1,0,21.0,287,2,7,0,0,15,1,21
1,0,21.0,287,2,10,1,5,6,2,21
1,0,21.0,287,2,11,0,6,128,1,21
1,0,30.0,228,5,6,0,14,106,4,19
1,0,30.0,228,5,11,1,10,52,1,19
0,11,1.0,222,3,21,0,9,95,2,7
0,11,1.0,222,3,21,0,11,15,0,7
0,11,1.0,222,3,21,0,15,46,2,7
1,0,18.0,0,3,8,1,0,96,1,0
1,1,2.0,171,1,13,0,1,67,4,22
1,1,1.0,203,0,9,0,11,10,4,7
1,1,2.0,171,1,18,2,7,120,2,22
1,1,3.0,188,2,21,0,1,105,0,27
1,1,2.0,171,1,2,1,11,55,4,22
1,1,3.0,188,2,3,2,13,38,3,27
1,1,3.0,188,2,1,0,9,49,1,27
1,1,17.0,63,2,11,0,7,62,3,6
1,1,19.0,29,5,13,0,10,47,3,10
1,1,19.0,29,5,12,0,13,13,1,10
1,8,4.0,299,3,17,1,9,93,4,30
1,8,4.0,299,3,16,1,8,9,4,30
1,8,4.0,299,3,20,0,1,67,4,30
1,8,4.0,299,3,15,0,16,50,1,30
1,8,9.0,124,5,0,1,5,64,1,12
1,8,9.0,124,5,14,0,1,16,0,12
1,8,11.0,306,3,17,0,1,67,4,9
1,8,9.0,124,5,12,0,13,48,2,12
1,8,11.0,306,3,22,0,10,22,2,9
1,8,11.0,306,3,15,3,7,78,1,9
1,8,11.0,306,3,8,1,9,93,4,9
1,8,4.0,299,3,11,3,8,27,3,30
1,8,19.0,280,0,6,2,7,122,3,10
1,0,19.0,13,0,12,1,11,18,1,10
0,11,3.0,288,1,5,0,13,36,1,27
0,11,3.0,288,1,5,2,14,24,0,27
1,1,11.0,111,4,19,1,1,105,4,9
1,1,25.0,65,4,17,0,9,95,0,13
1,0,3.0,334,6,7,1,9,49,1,27
1,0,4.0,229,3,17,2,8,19,0,30
1,0,4.0,229,3,19,1,9,10,4,30
1,0,10.0,129,6,21,1,13,28,0,4
1,0,10.0,129,6,23,1,1,81,4,4
1,0,10.0,129,6,19,2,12,80,3,4
1,0,10.0,129,6,8,2,9,57,3,4
1,0,10.0,129,6,2,1,14,25,1,4
1,0,13.0,198,1,17,2,15,46,3,25
1,0,13.0,198,1,23,0,14,34,2,25
1,0,13.0,198,1,2,0,14,32,0,25
1,5,24.0,58,1,1,0,2,2,1,14
1,6,17.0,244,5,2,0,10,47,1,6
1,6,17.0,244,5,3,0,13,38,2,6
1,6,25.0,39,6,12,2,2,71,2,13
1,10,17.0,256,3,7,0,4,5,3,6
1,10,17.0,256,3,2,0,14,34,0,6
1,10,17.0,256,3,12,0,2,69,0,6
1,10,17.0,256,3,3,1,13,38,4,6
1,10,17.0,256,3,16,1,14,32,4,6
1,1,1.0,203,0,1,2,10,22,3,7
1,1,2.0,171,1,0,0,0,77,1,22
1,1,2.0,171,1,18,1,0,64,1,22
1,1,17.0,63,2,22,0,6,116,4,6
1,1,19.0,29,5,6,1,3,115,2,10
1,1,26.0,248,5,15,0,5,64,2,3
1,8,4.0,299,3,19,0,8,9,4,30
1,8,4.0,299,3,23,1,11,133,4,30
1,8,9.0,124,5,15,2,3,79,3,12
1,8,9.0,124,5,15,0,12,83,1,12
1,0,18.0,0,3,15,1,1,35,1,0
1,0,19.0,13,0,11,0,3,115,1,10
1,0,19.0,13,0,15,0,9,134,1,10
1,0,19.0,13,0,14,0,12,84,1,10
1,0,21.0,287,2,7,0,0,77,3,21
1,2,3.0,282,4,20,2,13,36,2,27
1,4,29.0,313,6,3,0,3,79,3,16
1,2,3.0,282,4,5,1,8,9,4,27
1,2,3.0,282,4,2,1,4,79,1,27
1,2,3.0,282,4,1,2,12,80,3,27
1,10,26.0,61,1,15,1,2,3,4,3
1,2,29.0,140,1,16,0,1,67,3,16
1,0,3.0,334,6,5,1,0,15,1,27
1,2,29.0,140,1,0,0,16,50,1,16
1,0,3.0,334,6,11,1,4,5,4,27
1,0,3.0,334,6,8,0,5,6,2,27
1,0,3.0,334,6,12,2,16,42,3,27
1,0,3.0,334,6,1,0,8,27,3,27
1,0,3.0,334,6,20,1,4,82,1,27
1,0,4.0,229,3,17,2,2,13,1,30
1,8,19.0,280,0,22,1,11,122,1,10
1,8,20.0,319,1,16,0,5,6,3,29
1,8,20.0,319,1,4,0,6,7,4,29
1,8,19.0,280,0,12,3,1,35,3,10
1,8,27.0,78,1,6,0,14,25,0,15
1,8,27.0,78,1,8,0,13,21,0,15
1,8,27.0,78,1,2,2,15,108,0,15
1,8,28.0,224,2,1,0,1,11,3,18
1,4,2.0,141,3,20,0,0,68,1,22
1,8,19.0,280,0,6,0,0,0,3,10
1,8,19.0,280,0,5,1,8,9,4,10
1,8,20.0,319,1,0,1,15,39,0,29
1,8,19.0,280,0,14,1,13,48,4,10
1,8,27.0,78,1,5,0,12,80,1,15
1,8,28.0,224,2,17,0,9,102,0,18
1,8,27.0,78,1,18,0,1,35,3,15
1,8,28.0,224,2,13,0,13,13,1,18
1,4,2.0,141,3,8,0,0,64,3,22
1,4,4.0,178,1,16,0,15,31,3,30
1,4,4.0,178,1,12,0,9,93,1,30
1,4,4.0,178,1,4,1,5,12,0,30
1,0,4.0,229,3,2,0,9,57,2,30
1,0,4.0,229,3,2,0,3,4,0,30
1,0,4.0,229,3,23,0,2,69,4,30
1,0,10.0,129,6,15,0,13,38,0,4
1,0,10.0,129,6,17,0,9,93,1,4
0,4,28.0,218,6,21,0,5,6,1,18
0,10,14.0,174,5,9,0,2,86,3,5
0,10,20.0,223,4,17,0,15,46,3,29
0,8,6.0,87,2,17,1,4,75,1,23
0,7,23.0,202,4,18,3,9,27,2,17
0,1,31.0,305,4,2,1,1,105,4,20
0,4,31.0,67,1,21,2,6,7,3,20
0,10,2.0,358,3,1,1,4,82,4,22
0,4,3.0,279,1,8,1,2,13,1,27
0,4,31.0,67,1,17,0,14,25,1,20
0,10,20.0,223,4,16,0,3,115,3,29
0,8,6.0,87,2,17,0,2,13,3,23
0,8,10.0,71,3,13,1,13,21,2,4
0,4,31.0,67,1,6,0,10,22,3,20
0,8,5.0,101,1,17,0,11,18,0,24
0,4,31.0,67,1,1,1,10,47,1,20
0,10,3.0,310,0,1,0,3,44,1,27
0,4,5.0,235,4,19,0,14,25,1,24
0,8,6.0,87,2,21,0,8,41,1,23
0,8,10.0,71,3,15,0,12,104,3,4
0,3,11.0,337,1,3,0,1,59,0,9
0,8,5.0,101,1,2,0,10,47,3,24
0,4,31.0,67,1,9,0,6,7,3,20
0,10,13.0,346,4,6,2,2,86,3,25
0,4,13.0,221,5,11,1,13,99,4,25
0,2,12.0,128,3,18,1,13,48,0,28
0,8,6.0,87,2,17,0,13,21,2,23
0,8,18.0,75,0,11,3,8,19,2,0
0,3,12.0,104,2,6,0,2,86,1,28
0,8,5.0,101,1,8,0,10,47,3,24
0,8,5.0,101,1,14,0,6,89,3,24
0,8,6.0,87,2,17,0,5,6,3,23
0,8,6.0,87,2,20,0,13,48,3,23
0,8,6.0,87,2,9,2,14,107,3,23
0,8,11.0,306,0,13,0,1,1,3,9
0,8,11.0,306,0,1,1,9,87,4,9
0,8,12.0,284,1,12,1,1,59,4,28
0,5,27.0,328,6,18,0,2,69,0,15
0,5,29.0,24,0,16,0,0,12,0,16
0,5,29.0,24,0,17,1,12,80,4,16
0,6,13.0,317,1,8,0,1,105,3,25
0,6,13.0,317,1,19,0,1,35,3,25
0,3,19.0,138,2,16,0,4,75,1,10
0,8,20.0,319,2,12,1,10,12,0,29
0,8,22.0,354,5,8,3,3,115,4,26
0,3,19.0,138,2,6,3,3,30,2,10
0,3,29.0,325,6,8,0,9,109,4,16
0,3,29.0,325,6,14,0,13,48,1,16
0,3,29.0,325,6,1,0,4,79,3,16
0,3,29.0,325,6,18,0,0,77,1,16
0,5,5.0,96,5,14,0,16,37,1,24
0,5,5.0,96,5,1,1,10,23,1,24
0,5,11.0,326,4,12,0,1,35,2,9
0,5,11.0,326,4,4,1,4,138,4,9
0,5,12.0,327,5,17,0,6,89,1,28
0,5,12.0,327,5,11,0,16,72,1,28
0,5,11.0,326,4,9,1,7,111,0,9
0,1,31.0,305,4,11,0,2,2,1,20
0,8,11.0,306,0,3,0,10,52,2,9
0,8,14.0,296,4,16,1,10,47,0,5
0,8,14.0,296,4,12,0,13,38,3,5
0,8,11.0,306,0,9,0,2,40,1,9
0,1,30.0,100,2,5,0,12,80,4,19
0,8,14.0,296,4,2,0,5,12,2,5
0,8,14.0,296,4,23,1,15,51,1,5
0,9,28.0,315,1,8,1,14,88,4,18
0,9,26.0,267,3,8,0,10,22,3,3
0,3,18.0,165,1,1,1,1,1,0,0
0,8,21.0,46,4,23,1,8,118,1,21
0,8,23.0,102,6,23,1,10,22,0,17
0,8,6.0,87,2,15,0,13,21,4,23
0,8,6.0,87,2,13,3,8,19,3,23
0,4,3.0,279,1,16,0,10,23,1,27
0,4,3.0,279,1,2,0,1,16,3,27
0,4,3.0,279,1,16,1,9,93,4,27
0,4,5.0,235,4,6,1,4,82,4,24
0,4,5.0,235,4,11,0,4,4,1,24
0,4,5.0,235,4,23,0,13,38,2,24
0,4,5.0,235,4,9,0,9,49,3,24
0,5,11.0,326,4,2,0,4,45,2,9
0,5,12.0,327,5,14,0,5,64,0,28
0,5,18.0,195,4,16,0,8,33,1,0
0,5,18.0,195,4,10,1,0,53,4,0
0,5,27.0,328,6,3,0,10,12,3,15
0,5,27.0,328,6,19,0,6,7,4,15
0,5,27.0,328,6,19,0,13,28,4,15
0,5,27.0,328,6,9,0,4,121,4,15
0,5,29.0,24,0,6,0,12,17,3,16
0,5,29.0,24,0,13,0,7,20,3,16
0,5,29.0,24,0,13,0,14,106,1,16
0,5,29.0,24,0,19,2,1,11,3,16
0,5,29.0,24,0,9,0,7,20,3,16
0,5,27.0,328,6,23,2,15,51,1,15
0,6,13.0,317,1,0,0,14,126,0,25
0,6,13.0,317,1,6,0,11,129,0,25
0,6,13.0,317,1,18,0,6,128,1,25
0,6,14.0,173,2,5,0,14,106,1,5
0,6,14.0,173,2,23,0,16,50,1,5
0,6,28.0,309,2,13,1,15,46,4,18
0,6,29.0,335,4,16,2,10,47,3,16
0,6,29.0,335,4,4,1,3,79,4,16
0,6,29.0,335,4,2,0,2,2,1,16
0,10,5.0,336,2,7,0,11,0,0,24
0,4,13.0,221,5,5,0,16,74,1,25
0,4,13.0,221,5,3,0,4,82,3,25
0,4,14.0,345,6,11,0,2,13,0,5
0,4,14.0,345,6,22,0,5,6,2,5
0,4,14.0,345,6,18,0,2,86,1,5
0,4,15.0,132,3,8,0,13,28,2,1
0,4,15.0,132,3,15,1,14,25,1,1
0,4,15.0,132,3,17,1,14,25,1,1
0,4,21.0,339,6,20,1,9,57,4,21
0,2,5.0,127,3,10,0,5,6,2,24
0,4,14.0,345,6,3,1,4,5,1,5
0,2,13.0,276,0,19,0,14,88,0,25
0,5,9.0,206,1,19,0,12,56,1,12
0,8,11.0,306,0,12,0,12,17,0,9
0,3,12.0,104,2,16,0,16,139,1,28
0,3,12.0,104,2,16,0,15,96,3,28
0,10,13.0,346,4,21,1,1,105,0,25
0,5,2.0,307,1,19,1,5,12,0,22
0,4,14.0,345,6,20,3,10,52,3,5
0,3,12.0,104,2,21,0,9,10,1,28
0,4,5.0,235,4,18,0,6,128,1,24
0,5,9.0,206,1,1,3,14,97,4,12
0,8,11.0,306,0,2,0,13,28,3,9
0,10,13.0,346,4,10,1,3,44,0,25
0,4,14.0,345,6,9,0,1,67,4,5
0,3,12.0,104,2,22,0,13,48,3,28
0,4,13.0,221,5,0,1,2,92,0,25
0,8,11.0,306,0,4,0,0,26,2,9
0,10,13.0,346,4,4,2,2,69,0,25
0,1,12.0,353,6,16,0,4,75,3,28
0,2,5.0,127,3,20,0,2,92,1,24
0,2,5.0,127,3,15,0,7,62,1,24
0,2,5.0,127,3,1,0,8,41,3,24
0,2,5.0,127,3,19,3,9,93,0,24
0,1,19.0,29,6,0,1,1,105,4,10
0,1,19.0,29,6,8,2,2,69,3,10
0,1,19.0,29,6,20,1,1,105,4,10
0,1,19.0,29,6,19,0,3,44,3,10
0,1,19.0,29,6,7,1,8,27,0,10
0,1,19.0,29,6,1,2,9,87,2,10
0,1,19.0,29,6,20,1,12,121,4,10
0,1,20.0,151,3,5,0,1,11,1,29
0,1,20.0,151,3,5,1,9,49,4,29
0,1,20.0,151,3,3,1,14,131,4,29
0,1,20.0,151,3,1,0,9,49,4,29
0,1,20.0,151,3,3,1,6,91,1,29
0,8,20.0,319,2,6,0,3,103,4,29
0,8,20.0,319,2,3,0,15,31,1,29
0,1,19.0,29,6,16,0,2,2,3,10
0,1,19.0,29,6,5,0,8,65,3,10
0,1,19.0,29,6,14,2,1,16,3,10
0,1,19.0,29,6,17,0,15,46,4,10
0,2,6.0,251,0,5,1,12,56,4,23
0,2,6.0,251,0,8,0,10,22,3,23
0,2,6.0,251,0,19,1,12,83,4,23
0,2,12.0,128,3,12,1,2,123,3,28
0,2,12.0,128,3,10,1,1,59,1,28
0,2,13.0,276,0,2,0,2,13,1,25
0,2,13.0,276,0,12,0,13,28,1,25
0,2,13.0,276,0,13,0,14,25,0,25
0,2,21.0,108,1,17,0,10,22,3,21
0,2,21.0,108,1,2,0,6,7,0,21
0,2,21.0,108,1,9,0,6,128,2,21
0,8,5.0,101,1,2,0,14,25,3,24
0,0,4.0,229,0,6,0,0,12,0,30
0,0,4.0,229,0,21,1,13,13,0,30
0,0,4.0,229,0,15,0,12,83,0,30
0,0,4.0,229,0,5,1,1,35,4,30
0,0,4.0,229,0,18,0,13,38,0,30
0,0,7.0,15,4,6,0,5,12,3,11
0,0,7.0,15,4,15,0,9,57,0,11
0,2,21.0,108,1,4,1,9,93,4,21
0,2,21.0,108,1,18,1,14,24,0,21
0,0,7.0,15,4,23,1,2,2,1,11
0,1,20.0,151,3,20,2,10,22,3,29
0,1,20.0,151,3,4,0,2,86,4,29
0,1,20.0,151,3,9,0,0,77,1,29
0,8,20.0,319,2,21,1,9,10,0,29
0,8,20.0,319,2,7,0,2,40,4,29
0,8,20.0,319,2,2,0,13,48,3,29
0,8,20.0,319,2,19,0,9,134,2,29
0,8,20.0,319,2,4,2,8,41,3,29
0,8,22.0,354,5,17,0,14,24,1,26
0,8,20.0,319,2,14,1,3,44,0,29
0,8,22.0,354,5,22,0,15,39,1,26
0,8,22.0,354,5,3,0,16,130,2,26
0,8,22.0,354,5,8,3,10,47,0,26
0,8,22.0,354,5,19,0,14,106,1,26
0,8,28.0,224,4,20,0,10,22,3,18
0,8,28.0,224,4,17,1,13,48,0,18
0,4,6.0,176,5,17,0,0,77,1,23
0,4,6.0,176,5,22,0,12,17,2,23
0,10,14.0,174,5,3,0,2,92,0,5
0,10,14.0,174,5,13,1,1,11,4,5
0,10,20.0,223,4,12,2,9,9,0,29
0,10,21.0,341,5,6,0,3,70,1,21
0,10,21.0,341,5,10,0,8,9,1,21
0,0,7.0,15,4,19,0,7,57,1,11
0,0,7.0,15,4,23,0,8,118,4,11
0,8,23.0,102,6,11,0,14,24,2,17
0,0,20.0,172,2,17,0,0,68,3,29
0,0,20.0,172,2,15,0,3,79,4,29
0,0,20.0,172,2,12,0,8,27,3,29
0,0,20.0,172,2,8,0,11,124,0,29
0,0,23.0,237,6,16,0,0,12,3,17
0,0,23.0,237,6,20,2,0,77,0,17
0,0,23.0,237,6,5,0,12,84,1,17
0,0,23.0,237,6,19,0,12,80,2,17
0,0,24.0,55,3,21,0,5,6,3,14
0,0,23.0,237,6,3,0,2,40,2,17
0,0,24.0,55,3,1,2,9,93,3,14
0,0,31.0,290,3,12,0,0,64,3,20
0,0,23.0,237,6,5,0,9,83,2,17
0,4,15.0,132,3,5,0,1,59,0,1
0,4,13.0,221,5,3,0,4,4,4,25
0,4,31.0,67,1,11,0,1,105,4,20
0,3,12.0,104,2,22,0,9,57,3,28
0,8,11.0,306,0,15,1,1,81,4,9
0,10,5.0,336,2,21,1,3,79,0,24
0,8,12.0,284,1,8,2,10,52,3,28
0,2,2.0,143,4,5,1,11,18,1,22
0,10,5.0,336,2,6,1,4,66,0,24
0,0,23.0,237,6,2,0,5,6,3,17
0,4,13.0,221,5,11,1,7,111,4,25
1,2,13.0,276,3,22,2,2,69,3,25
0,8,14.0,296,4,17,0,13,21,1,5
0,10,17.0,256,0,19,1,12,84,0,6
0,4,15.0,132,3,15,1,2,13,4,1
0,10,5.0,336,2,2,0,13,28,1,24
0,4,13.0,221,5,18,0,16,113,3,25
1,2,13.0,276,3,9,0,1,16,0,25
0,1,31.0,305,4,17,0,10,23,0,20
0,1,1.0,203,1,1,1,13,38,0,7
0,1,1.0,203,1,5,1,12,56,4,7
1,7,15.0,205,1,19,1,7,57,4,1
1,3,23.0,57,6,4,1,1,105,0,17
1,10,24.0,261,3,13,2,6,89,2,14
1,1,7.0,32,3,17,1,12,17,2,11
1,1,24.0,64,2,13,1,2,86,4,14
1,1,24.0,64,2,23,2,6,7,3,14
1,1,21.0,45,3,5,0,13,48,4,21
1,5,14.0,36,6,18,0,12,100,1,5
1,8,6.0,87,1,5,1,14,32,4,23
0,1,6.0,97,3,9,0,6,128,1,23
0,1,19.0,29,6,17,1,5,64,4,10
0,6,13.0,317,1,16,0,9,83,1,25
0,6,13.0,317,1,1,2,4,82,1,25
0,6,14.0,173,2,16,0,15,51,0,5
0,6,14.0,173,2,21,3,2,13,3,5
0,6,13.0,317,1,2,1,3,115,1,25
0,6,14.0,173,2,9,0,9,95,4,5
0,6,28.0,309,2,21,1,4,4,0,18
0,6,28.0,309,2,9,0,5,64,3,18
0,6,28.0,309,2,4,1,7,8,0,18
0,6,29.0,335,4,3,3,8,27,4,16
0,6,29.0,335,4,1,0,5,12,1,16
0,10,11.0,298,1,21,1,5,64,1,9
0,2,4.0,254,6,14,1,14,25,0,30
0,10,11.0,298,1,3,0,0,85,1,9
0,10,11.0,298,1,12,0,11,94,2,9
0,10,11.0,298,1,1,0,1,16,4,9
0,10,12.0,333,2,3,0,14,34,0,28
0,10,12.0,333,2,0,1,9,83,4,28
0,10,14.0,174,5,7,1,1,105,0,5
0,10,14.0,174,5,19,0,7,129,3,5
0,10,14.0,174,5,2,0,7,62,2,5
0,10,14.0,174,5,22,3,5,64,3,5
0,2,13.0,276,0,18,0,0,53,3,25
0,2,21.0,108,1,16,0,8,41,1,21
0,2,21.0,108,1,13,0,2,2,4,21
0,2,21.0,108,1,3,3,6,7,0,21
0,0,4.0,229,0,8,0,1,11,1,30
0,0,4.0,229,0,3,0,0,64,2,30
0,0,4.0,229,0,18,2,3,103,3,30
0,2,13.0,276,0,18,2,2,40,3,25
0,2,13.0,276,0,3,1,1,11,4,25
0,2,12.0,128,3,1,1,14,24,0,28
0,2,21.0,108,1,10,1,12,100,4,21
0,2,21.0,108,1,22,1,0,12,0,21
0,2,21.0,108,1,12,0,3,30,1,21
0,2,21.0,108,1,14,0,8,9,4,21
0,2,21.0,108,1,9,2,10,43,2,21
0,2,21.0,108,1,18,0,13,48,0,21
0,0,4.0,229,0,19,2,8,27,3,30
0,0,4.0,229,0,1,0,0,68,3,30
0,10,20.0,223,4,11,1,8,9,4,29
0,10,20.0,223,4,19,0,8,9,3,29
0,10,20.0,223,4,12,0,2,86,3,29
0,10,21.0,341,5,17,0,8,27,1,21
0,10,21.0,341,5,17,0,8,41,3,21
1,0,28.0,249,2,16,0,10,47,0,18
1,0,28.0,249,2,6,0,10,47,1,18
1,0,28.0,249,2,10,2,5,64,3,18
0,11,18.0,332,2,13,0,9,93,1,0
0,11,18.0,332,2,1,0,14,106,1,0
0,11,18.0,332,2,14,0,7,111,4,0
1,10,1.0,208,5,17,1,10,47,0,7
0,11,19.0,321,4,10,1,14,106,4,10
0,11,19.0,321,4,1,0,10,22,3,10
0,11,19.0,321,4,1,3,2,2,0,10
0,11,27.0,322,5,6,0,6,14,2,15
0,11,27.0,322,5,7,1,10,52,0,15
0,11,28.0,123,6,16,0,0,26,4,18
0,11,28.0,123,6,3,0,1,59,4,18
0,11,27.0,322,5,4,1,2,2,4,15
0,11,28.0,123,6,9,0,0,12,1,18
0,11,28.0,123,6,14,1,12,17,4,18
0,0,4.0,229,0,9,0,9,134,2,30
0,0,4.0,229,0,10,3,5,64,2,30
0,2,21.0,108,1,19,1,9,10,4,21
0,0,7.0,15,4,17,0,4,136,1,11
0,0,24.0,55,3,8,0,8,27,1,14
0,4,14.0,345,6,19,3,13,36,4,5
0,4,13.0,221,5,15,3,7,120,3,25
1,2,13.0,276,3,19,0,10,47,1,25
1,2,13.0,276,3,22,1,2,92,4,25
0,0,23.0,237,6,2,1,14,126,4,17
0,1,31.0,305,4,1,0,2,2,4,20
0,4,13.0,221,5,9,1,3,76,1,25
0,10,5.0,336,2,15,1,9,102,4,24
0,4,15.0,132,3,17,2,0,12,3,1
1,2,19.0,137,6,16,0,5,0,0,10
0,8,14.0,296,4,5,0,7,31,4,5
0,0,24.0,55,3,1,0,4,82,1,14
0,4,14.0,345,6,14,0,13,13,3,5
0,10,5.0,336,2,9,0,5,12,2,24
0,4,15.0,132,3,2,2,6,7,3,1
1,2,19.0,137,6,11,0,12,104,4,10
0,8,14.0,296,4,12,0,8,9,0,5
0,0,31.0,290,3,20,1,10,22,1,20
0,7,21.0,81,1,14,0,13,48,1,21
0,4,14.0,345,6,3,1,16,50,4,5
0,4,15.0,132,3,20,1,6,73,4,1
0,3,10.0,4,0,14,3,4,75,4,4
0,8,21.0,46,4,17,0,5,6,0,21
0,8,23.0,102,6,22,0,10,47,2,17
0,8,23.0,102,6,6,1,10,22,0,17
0,8,23.0,102,6,4,0,13,48,4,17
0,8,23.0,102,6,14,0,5,47,3,17
0,8,30.0,103,6,16,0,2,2,1,19
0,8,30.0,103,6,0,1,3,79,0,19
0,4,3.0,279,1,16,0,5,12,3,27
0,3,10.0,4,0,11,1,6,89,1,4
0,3,19.0,138,2,6,0,2,86,1,10
0,7,10.0,329,5,13,0,11,18,1,4
0,3,19.0,138,2,12,0,8,27,3,10
0,8,22.0,354,5,1,0,14,25,1,26
0,8,22.0,354,5,3,2,15,51,2,26
0,3,29.0,325,6,19,0,11,55,2,16
0,3,29.0,325,6,4,0,0,26,3,16
0,3,29.0,325,6,15,0,13,28,4,16
0,3,29.0,325,6,22,1,10,52,4,16
0,3,29.0,325,6,5,0,10,47,1,16
0,5,5.0,96,5,21,0,0,26,1,24
0,5,5.0,96,5,7,1,0,77,0,24
0,3,29.0,325,6,2,0,8,9,2,16
0,5,5.0,96,5,20,1,12,61,1,24
0,5,11.0,326,4,23,0,0,77,2,9
0,5,11.0,326,4,13,0,5,6,2,9
0,5,11.0,326,4,15,0,16,74,2,9
0,5,11.0,326,4,9,0,8,41,3,9
0,5,5.0,96,5,5,0,1,11,4,24
0,5,18.0,195,4,5,0,0,77,1,0
0,5,18.0,195,4,17,0,4,66,2,0
0,5,27.0,328,6,18,0,3,115,2,15
0,3,10.0,4,0,8,0,2,2,1,4
0,4,3.0,279,1,22,0,8,9,3,27
0,4,3.0,279,1,9,0,10,12,1,27
0,8,6.0,87,2,17,0,15,46,3,23
0,8,6.0,87,2,14,0,15,39,0,23
0,8,6.0,87,2,14,1,16,139,4,23
0,8,6.0,87,2,18,0,2,2,1,23
0,8,11.0,306,0,18,2,16,74,3,9
0,8,12.0,284,1,21,1,9,95,0,28
0,8,12.0,284,1,14,2,3,103,3,28
0,8,12.0,284,1,8,0,0,12,2,28
0,8,11.0,306,0,22,1,14,25,0,9
0,8,14.0,296,4,11,1,12,80,1,5
0,8,21.0,46,4,17,2,2,92,3,21
0,8,21.0,46,4,3,0,16,139,3,21
0,8,21.0,46,4,5,0,0,26,2,21
0,8,21.0,46,4,5,1,0,12,1,21
0,8,21.0,46,4,8,3,8,118,4,21
0,8,21.0,46,4,18,0,9,102,2,21
0,8,21.0,46,4,18,0,7,62,2,21
0,8,23.0,102,6,8,1,10,43,1,17
0,3,10.0,4,0,22,2,10,6,3,4
0,3,10.0,4,0,14,0,9,57,0,4
0,3,10.0,4,0,5,0,14,24,1,4
0,3,19.0,138,2,7,1,1,105,0,10
0,2,4.0,254,6,12,1,13,36,1,30
0,3,19.0,138,2,10,1,3,30,2,10
0,3,19.0,138,2,10,0,10,47,2,10
0,3,29.0,325,6,3,1,2,71,4,16
0,5,5.0,96,5,15,0,3,76,1,24
0,5,5.0,96,5,13,0,11,117,1,24
0,5,5.0,96,5,20,1,15,51,1,24
0,5,11.0,326,4,10,0,13,38,2,9
0,5,11.0,326,4,8,3,6,7,0,9
0,5,11.0,326,4,13,0,0,53,3,9
0,5,11.0,326,4,14,0,0,15,2,9
0,5,11.0,326,4,1,0,10,52,1,9
0,5,12.0,327,5,15,1,13,29,4,28
0,5,11.0,326,4,12,1,12,83,4,9
0,5,12.0,327,5,9,2,12,100,3,28
0,5,12.0,327,5,0,1,6,7,0,28
0,5,27.0,328,6,22,0,11,133,3,15
0,8,30.0,103,6,11,0,13,28,4,19
0,8,30.0,103,6,20,0,1,11,4,19
0,4,3.0,279,1,13,0,16,130,3,27
0,7,21.0,81,1,18,0,9,27,0,21
0,4,13.0,221,5,13,2,13,69,0,25
0,4,15.0,132,3,19,2,8,41,3,1
0,10,11.0,298,1,16,0,11,0,3,9
0,4,21.0,339,6,0,0,13,123,1,21
0,4,13.0,221,5,12,2,2,86,3,25
0,3,19.0,138,2,18,0,12,121,1,10
0,4,21.0,339,6,4,2,13,38,2,21
0,10,12.0,333,2,0,0,14,106,4,28
0,7,27.0,53,0,16,1,5,64,0,15
0,4,15.0,132,3,16,0,13,99,1,1
0,3,19.0,138,2,1,1,5,6,0,10
0,4,28.0,218,6,17,1,3,30,0,18
1,2,27.0,136,3,0,1,3,30,4,15
0,4,21.0,339,6,7,1,3,44,0,21
0,7,27.0,53,0,8,2,12,61,3,15
0,4,15.0,132,3,19,0,2,86,2,1
0,4,28.0,218,6,19,0,9,57,1,18
1,2,27.0,136,3,19,0,13,123,1,15
0,4,21.0,339,6,22,0,10,6,2,21
0,7,27.0,53,0,12,1,14,25,1,15
0,4,15.0,132,3,15,1,15,114,4,1
0,4,31.0,67,1,6,0,4,75,1,20
0,4,21.0,339,6,11,1,9,57,4,21
0,3,5.0,324,2,1,0,13,48,4,24
0,7,27.0,53,0,3,1,12,135,1,15
0,4,15.0,132,3,12,2,0,26,1,1
0,4,31.0,67,1,3,0,2,92,1,20
0,4,31.0,67,1,22,0,13,99,2,20
0,4,31.0,67,1,14,0,4,4,3,20
0,3,18.0,165,1,1,0,6,7,0,0
0,5,22.0,163,0,19,0,0,77,1,26
0,4,31.0,67,1,9,0,2,2,1,20
0,10,20.0,223,4,9,0,15,51,3,29
0,10,20.0,223,4,9,1,15,114,4,29
0,10,21.0,341,5,18,0,4,121,3,21
0,10,21.0,341,5,20,1,6,89,1,21
0,10,22.0,314,6,21,1,13,36,0,26
0,10,22.0,314,6,4,0,13,38,1,26
0,10,22.0,314,6,11,1,4,136,4,26
0,10,28.0,216,5,21,1,11,58,4,18
0,10,28.0,216,5,17,0,12,84,3,18
0,10,28.0,216,5,13,0,6,132,4,18
0,10,29.0,318,6,4,2,1,1,3,16
0,1,5.0,219,6,11,0,13,99,3,24
0,1,5.0,219,6,5,1,13,69,4,24
0,1,5.0,219,6,11,2,2,13,3,24
0,1,5.0,219,6,22,2,2,71,3,24
0,1,5.0,219,6,4,0,0,15,3,24
0,1,5.0,219,6,14,0,15,46,4,24
0,1,5.0,219,6,20,1,2,13,4,24
0,1,6.0,97,3,6,1,1,105,0,23
0,1,6.0,97,3,6,1,13,28,0,23
1,11,14.0,147,5,3,1,16,139,1,5
1,10,12.0,333,1,20,1,2,69,0,28
1,1,4.0,286,4,8,2,10,23,3,30
1,3,20.0,105,2,3,0,8,9,1,29
1,6,14.0,173,1,16,0,9,63,1,5
1,6,23.0,84,4,19,2,5,12,3,17
1,6,29.0,335,2,5,0,13,21,2,16
1,4,16.0,25,3,5,0,8,9,2,2
1,10,31.0,135,3,18,0,13,28,1,20
1,4,25.0,20,1,15,3,5,6,0,13
0,11,31.0,227,1,2,2,9,57,0,20
0,11,24.0,194,1,19,0,2,60,2,14
0,1,8.0,62,1,11,1,12,61,4,8
0,4,7.0,133,6,18,1,1,105,0,11
0,4,16.0,25,0,4,1,0,12,1,2
0,5,26.0,37,5,5,0,10,47,2,3
0,0,19.0,13,1,0,1,3,30,4,10
1,11,30.0,170,3,3,0,12,104,0,19
1,3,6.0,303,2,12,0,10,47,2,23
1,5,15.0,200,3,2,0,8,27,1,1
1,5,15.0,200,3,17,1,5,6,0,1
1,10,31.0,135,3,1,3,7,57,4,20
0,2,5.0,127,3,19,0,5,12,0,24
0,2,6.0,251,0,22,3,1,16,4,23
0,2,13.0,276,0,16,0,12,61,3,25
0,2,5.0,127,3,2,0,5,6,0,24
0,2,6.0,251,0,17,0,14,24,3,23
0,2,6.0,251,0,13,0,8,9,3,23
0,2,6.0,251,0,15,0,13,69,1,23
0,2,6.0,251,0,17,0,5,6,3,23
0,2,6.0,251,0,22,0,14,34,2,23
0,4,28.0,218,6,17,0,14,107,1,18
0,2,12.0,128,3,16,0,16,50,1,28
0,2,6.0,251,0,23,0,5,6,3,23
0,2,12.0,128,3,15,0,5,6,3,28
0,2,12.0,128,3,1,0,8,27,3,28
0,2,12.0,128,3,18,2,6,7,0,28
0,2,13.0,276,0,16,0,0,26,1,25
0,2,13.0,276,0,11,0,2,69,1,25
0,7,9.0,273,4,21,0,5,12,1,12
1,0,1.0,8,4,4,0,0,12,1,7
1,9,23.0,167,2,8,1,15,39,4,17
0,7,29.0,268,2,15,0,2,86,1,16
0,4,15.0,132,3,17,1,0,31,4,1
0,3,10.0,4,0,20,0,10,47,0,4
1,0,1.0,8,4,22,0,2,92,1,7
0,4,21.0,339,6,0,1,9,27,0,21
1,9,28.0,315,0,19,1,1,67,2,18
1,2,9.0,21,2,9,0,5,6,3,12
0,4,21.0,339,6,0,1,9,27,0,21
0,7,29.0,268,2,5,0,0,26,1,16
1,3,6.0,303,2,17,1,6,7,0,23
0,3,10.0,4,0,21,1,16,39,0,4
0,3,10.0,4,0,20,0,16,72,1,4
0,3,19.0,138,2,16,0,5,64,3,10
0,3,19.0,138,2,17,0,5,64,1,10
0,3,19.0,138,2,19,0,6,89,1,10
0,3,19.0,138,2,14,2,2,2,3,10
0,3,12.0,104,2,19,0,9,134,1,28
0,3,13.0,210,4,10,2,12,104,3,25
0,3,13.0,210,4,19,0,15,51,1,25
0,3,13.0,210,4,19,1,10,47,0,25
0,3,13.0,210,4,18,0,5,12,0,25
0,3,13.0,210,4,7,0,5,6,2,25
0,3,12.0,104,2,16,0,5,12,3,28
0,3,18.0,165,1,12,0,2,2,0,0
0,3,18.0,165,1,2,2,13,99,1,0
0,3,18.0,165,1,18,0,1,16,0,0
0,3,20.0,105,4,17,2,10,47,3,29
0,3,20.0,105,4,18,0,13,69,0,29
0,3,30.0,304,3,16,1,14,110,0,19
0,3,30.0,304,3,0,0,15,46,1,19
0,3,30.0,304,3,12,0,2,86,4,19
0,5,2.0,307,1,11,0,5,64,3,22
0,5,2.0,307,1,13,2,6,89,1,22
0,5,19.0,146,5,16,0,7,62,3,10
0,8,30.0,103,6,17,0,15,119,1,19
0,8,30.0,103,6,22,0,13,21,3,19
0,8,23.0,102,6,19,1,9,58,4,17
0,8,30.0,103,6,11,1,13,36,1,19
0,3,29.0,325,6,12,0,1,11,4,16
0,5,5.0,96,5,1,0,15,31,3,24
0,5,11.0,326,4,20,0,1,11,4,9
0,5,11.0,326,4,8,0,2,2,4,9
0,5,12.0,327,5,15,1,1,59,4,28
0,5,18.0,195,4,20,0,15,31,3,0
0,5,18.0,195,4,11,0,8,118,1,0
0,5,18.0,195,4,4,0,13,29,1,0
0,5,27.0,328,6,5,0,3,79,1,15
0,5,27.0,328,6,13,0,8,9,2,15
0,5,27.0,328,6,13,0,1,59,2,15
0,5,27.0,328,6,8,0,15,51,2,15
0,5,27.0,328,6,8,0,0,53,0,15
0,5,27.0,328,6,8,0,13,29,4,15
1,2,9.0,21,2,1,2,12,100,3,12
1,2,10.0,28,4,12,0,10,47,3,4
1,2,9.0,21,2,16,0,0,68,0,12
1,2,12.0,128,6,5,1,1,16,4,28
1,2,12.0,128,6,4,0,14,131,3,28
1,2,12.0,128,6,22,1,8,9,4,28
1,2,12.0,128,6,8,1,13,99,4,28
1,2,12.0,128,6,4,1,9,27,0,28
1,2,13.0,276,3,10,0,5,64,3,25
0,4,3.0,279,1,0,0,16,74,4,27
0,4,3.0,279,1,16,0,5,64,3,27
0,4,3.0,279,1,5,0,13,99,2,27
0,4,5.0,235,4,6,0,14,24,3,24
0,4,13.0,221,5,12,0,4,66,2,25
0,4,14.0,345,6,4,2,7,31,0,5
0,4,14.0,345,6,9,2,1,59,3,5
0,4,14.0,345,6,13,0,16,74,1,5
0,4,14.0,345,6,22,0,3,79,2,5
0,4,14.0,345,6,17,1,10,47,4,5
0,4,21.0,339,6,11,0,12,56,1,21
0,8,23.0,102,6,1,0,1,1,1,17
0,4,21.0,339,6,5,0,8,9,3,21
0,4,28.0,218,6,10,0,7,137,1,18
0,4,28.0,218,6,20,1,9,101,4,18
0,4,28.0,218,6,11,1,0,12,1,18
0,4,31.0,67,1,16,0,15,96,3,20
0,4,21.0,339,6,3,0,2,2,3,21
0,7,29.0,268,2,12,0,16,37,4,16
1,6,23.0,84,4,13,1,6,7,1,17
0,3,30.0,304,3,11,3,9,63,0,19
0,7,27.0,53,0,4,1,5,64,1,15
1,4,25.0,20,1,16,0,9,27,0,13
0,5,27.0,328,6,17,0,5,6,0,15
0,5,21.0,351,3,19,2,1,35,3,21
0,3,1.0,180,6,5,0,10,47,0,7
1,8,13.0,189,1,1,0,7,62,2,25
0,5,29.0,24,0,0,0,0,0,3,16
0,11,29.0,270,3,3,0,16,42,2,16
1,4,8.0,292,6,12,1,16,37,2,8
0,9,2.0,323,4,6,0,8,41,4,22
0,9,2.0,323,4,6,0,0,26,3,22
0,9,2.0,323,4,7,0,14,25,1,22
0,9,2.0,323,4,4,0,14,131,1,22
0,9,9.0,320,4,13,0,2,60,2,12
0,9,9.0,320,4,18,0,12,84,1,12
0,9,9.0,320,4,14,1,11,18,1,12
0,5,27.0,328,6,3,1,10,22,4,15
0,5,29.0,24,0,17,0,3,44,1,16
0,5,29.0,24,0,5,0,11,90,3,16
0,5,29.0,24,0,18,0,13,28,1,16
0,5,27.0,328,6,19,0,6,132,4,15
0,6,13.0,317,1,23,0,4,4,1,25
0,6,14.0,173,2,21,0,0,64,4,5
0,6,14.0,173,2,14,0,12,61,1,5
0,6,14.0,173,2,1,0,15,39,4,5
0,6,28.0,309,2,15,0,15,46,0,18
0,6,28.0,309,2,8,2,2,69,3,18
0,6,10.0,149,6,20,0,14,25,1,4
0,4,28.0,218,6,19,0,6,14,1,18
0,4,28.0,218,6,19,0,2,69,4,18
0,4,31.0,67,1,16,0,0,53,0,20
0,4,31.0,67,1,16,0,0,68,0,20
0,1,30.0,100,2,13,0,13,21,1,19
0,4,31.0,67,1,22,0,16,42,3,20
0,4,31.0,67,1,1,2,15,51,3,20
0,2,6.0,251,0,16,0,4,5,0,23
0,2,12.0,128,3,22,1,2,71,4,28
0,2,12.0,128,3,4,0,0,96,3,28
0,2,21.0,108,1,7,0,13,21,1,21
0,2,21.0,108,1,16,0,3,30,3,21
0,2,21.0,108,1,9,2,2,2,3,21
0,5,20.0,214,6,16,0,2,2,3,29
0,5,20.0,214,6,5,1,12,104,4,29
0,5,20.0,214,6,2,1,10,22,0,29
0,5,21.0,351,3,12,0,5,6,0,21
0,5,20.0,214,6,5,0,0,26,2,29
0,5,22.0,163,0,12,0,1,35,2,26
0,5,22.0,163,0,8,1,3,30,1,26
0,6,29.0,335,4,6,1,14,24,2,16
0,10,5.0,336,2,15,0,16,113,1,24
0,10,5.0,336,2,13,0,12,80,1,24
0,10,5.0,336,2,18,0,7,137,2,24
0,10,11.0,298,1,0,0,13,36,1,9
0,10,11.0,298,1,3,1,5,64,0,9
0,10,12.0,333,2,0,0,10,47,3,28
0,10,5.0,336,2,8,0,0,53,4,24
0,10,20.0,223,4,11,0,15,119,2,29
0,10,21.0,341,5,1,0,0,53,3,21
0,10,21.0,341,5,9,2,8,27,3,21
0,10,21.0,341,5,1,0,8,27,3,21
0,10,22.0,314,6,6,2,10,23,1,26
0,10,22.0,314,6,3,2,4,4,3,26
0,10,22.0,314,6,18,2,16,50,0,26
0,10,28.0,216,5,23,1,10,47,0,18
0,10,28.0,216,5,3,0,1,59,0,18
0,10,29.0,318,6,4,2,1,59,4,16
0,1,5.0,219,6,8,0,4,75,3,24
0,1,5.0,219,6,8,0,8,9,2,24
0,1,6.0,97,3,14,0,9,54,3,23
0,5,22.0,163,0,11,0,3,30,2,26
0,5,30.0,294,1,13,0,13,21,1,19
0,6,2.0,352,5,11,0,11,117,1,22
0,6,2.0,352,5,18,0,10,47,2,22
0,6,3.0,99,6,22,0,1,1,3,27
0,6,5.0,342,0,17,1,14,106,0,24
0,6,10.0,149,6,20,0,14,25,1,4
0,6,10.0,149,6,9,0,4,4,3,4
0,6,5.0,342,0,13,3,1,105,3,24
0,10,2.0,358,3,19,0,8,19,0,22
0,3,1.0,180,6,4,0,13,28,1,7
1,4,8.0,292,6,7,0,13,69,4,8
1,4,7.0,133,5,3,2,11,0,3,11
0,5,29.0,24,0,13,0,13,36,1,16
0,3,1.0,180,6,1,0,10,47,0,7
0,11,31.0,227,1,11,1,5,6,1,20
0,5,29.0,24,0,20,0,8,27,1,16
0,9,9.0,320,4,8,0,8,118,2,12
1,2,7.0,153,0,8,1,5,0,2,11
0,9,11.0,52,6,8,1,12,121,1,9
1,2,16.0,220,2,22,3,4,45,3,2
0,6,13.0,317,1,17,0,5,6,0,25
0,9,11.0,52,6,8,0,5,6,2,9
0,9,8.0,90,2,14,0,0,64,1,8
0,6,13.0,317,1,8,0,5,6,0,25
0,6,13.0,317,1,19,0,11,133,0,25
0,6,13.0,317,1,18,0,0,68,3,25
0,6,28.0,309,2,6,0,5,6,0,18
0,6,28.0,309,2,6,0,14,34,1,18
0,6,28.0,309,2,5,0,15,46,0,18
0,6,28.0,309,2,18,0,5,6,3,18
0,6,29.0,335,4,6,2,11,15,0,16
0,6,29.0,335,4,4,0,5,12,3,16
0,10,5.0,336,2,6,1,11,15,1,24
0,10,5.0,336,2,20,1,11,18,4,24
0,10,11.0,298,1,11,1,7,111,4,9
0,10,11.0,298,1,2,0,7,137,1,9
0,10,11.0,298,1,4,0,3,30,2,9
0,10,11.0,298,1,4,0,4,121,1,9
0,10,11.0,298,1,5,0,4,138,1,9
0,10,12.0,333,2,11,0,10,22,3,28
0,10,12.0,333,2,8,0,16,72,3,28
0,10,12.0,333,2,19,0,12,17,4,28
0,5,29.0,24,0,3,1,0,77,1,16
0,6,13.0,317,1,17,1,14,125,4,25
0,6,13.0,317,1,13,1,13,38,0,25
0,6,14.0,173,2,17,2,3,44,3,5
0,4,31.0,67,1,17,2,3,79,0,20
0,4,31.0,67,1,1,2,16,74,3,20
0,2,5.0,127,3,0,1,14,25,0,24
0,2,5.0,127,3,0,1,12,80,1,24
0,2,5.0,127,3,12,0,12,80,0,24
0,2,5.0,127,3,22,2,16,37,3,24
0,2,5.0,127,3,12,0,5,6,1,24
0,2,5.0,127,3,4,0,10,47,1,24
0,2,5.0,127,3,18,0,10,52,3,24
0,3,30.0,304,3,11,0,2,69,2,19
0,2,6.0,251,0,16,0,16,74,1,23
0,2,6.0,251,0,20,1,2,92,4,23
0,2,6.0,251,0,6,0,0,26,3,23
0,2,6.0,251,0,14,2,15,46,3,23
0,2,6.0,251,0,4,0,9,93,3,23
0,2,6.0,251,0,12,0,16,130,1,23
0,2,12.0,128,3,19,1,12,56,4,28
0,2,12.0,128,3,22,0,0,31,2,28
0,2,12.0,128,3,7,3,16,72,3,28
0,2,12.0,128,3,14,2,13,69,3,28
0,6,14.0,173,2,16,2,1,59,3,5
0,6,14.0,173,2,2,0,5,12,2,5
0,6,28.0,309,2,4,0,1,35,4,18
0,6,28.0,309,2,18,2,8,118,3,18
0,6,29.0,335,4,17,0,10,47,3,16
0,6,29.0,335,4,23,0,12,56,4,16
0,6,29.0,335,4,15,1,11,15,1,16
0,10,5.0,336,2,9,0,2,86,1,24
0,10,5.0,336,2,19,0,16,72,1,24
0,10,11.0,298,1,16,2,0,26,0,9
0,10,11.0,298,1,8,0,13,36,3,9
0,10,11.0,298,1,15,1,6,89,4,9
0,10,11.0,298,1,8,0,8,33,1,9
0,10,11.0,298,1,18,1,9,83,4,9
0,10,12.0,333,2,23,0,2,35,2,28
0,10,14.0,174,5,16,1,5,6,0,5
0,10,14.0,174,5,3,0,16,74,1,5
0,10,14.0,174,5,8,0,12,135,2,5
0,7,1.0,98,2,16,1,14,25,0,7
0,7,3.0,269,5,17,1,16,37,4,27
0,7,17.0,95,5,12,0,0,53,1,6
0,7,3.0,269,5,5,1,4,4,1,27
0,7,31.0,43,5,14,0,15,96,0,20
0,7,3.0,269,5,8,2,12,104,0,27
0,3,9.0,44,3,18,1,6,7,0,12
0,7,3.0,269,5,1,0,13,29,2,27
1,11,6.0,252,4,1,1,14,88,4,23
1,9,28.0,315,0,3,1,0,26,1,18
0,1,31.0,305,4,11,1,0,77,1,20
1,9,28.0,315,0,22,0,13,38,2,18
0,8,5.0,101,1,0,0,10,22,3,24
1,9,28.0,315,0,2,1,4,45,1,18
0,8,5.0,101,1,7,1,14,25,0,24
1,7,21.0,81,0,14,1,6,7,0,21
0,8,5.0,101,1,8,0,1,1,3,24
1,7,15.0,205,1,14,3,9,27,2,1
0,8,6.0,87,2,16,1,15,114,1,23
1,3,3.0,182,3,13,2,15,119,3,27
0,8,6.0,87,2,8,0,13,121,3,23
1,5,30.0,294,0,4,1,5,12,2,19
0,8,6.0,87,2,8,1,15,114,1,23
0,8,11.0,306,0,11,1,6,7,4,9
0,8,11.0,306,0,15,0,0,85,4,9
0,8,12.0,284,1,3,0,0,12,2,28
0,8,12.0,284,1,16,1,9,87,0,28
0,8,14.0,296,4,10,1,5,6,0,5
0,8,14.0,296,4,13,0,1,105,2,5
0,8,14.0,296,4,11,1,15,51,1,5
0,8,14.0,296,4,3,1,4,4,1,5
0,8,21.0,46,4,11,1,11,18,1,21
0,8,23.0,102,6,2,3,5,6,1,17
0,8,30.0,103,6,21,0,9,134,0,19
0,8,14.0,296,4,18,1,12,104,4,5
0,8,23.0,102,6,17,2,9,54,3,17
0,8,23.0,102,6,11,0,3,103,3,17
0,8,23.0,102,6,13,0,2,3,2,17
0,8,23.0,102,6,8,0,12,61,2,17
0,8,23.0,102,6,2,0,2,92,1,17
0,8,30.0,103,6,3,0,15,112,1,19
0,8,30.0,103,6,13,0,1,67,1,19
0,8,30.0,103,6,2,0,3,115,4,19
0,8,30.0,103,6,8,1,7,137,1,19
0,8,30.0,103,6,18,0,10,43,1,19
0,4,3.0,279,1,5,0,11,15,1,27
0,4,3.0,279,1,15,0,12,61,3,27
0,4,3.0,279,1,12,0,8,118,0,27
0,4,13.0,221,5,6,0,10,52,0,25
0,4,5.0,235,4,23,1,0,12,1,24
0,4,13.0,221,5,4,0,3,4,0,25
0,4,13.0,221,5,3,0,14,24,2,25
0,4,13.0,221,5,1,2,2,2,0,25
0,4,14.0,345,6,16,2,2,92,3,5
0,4,14.0,345,6,7,2,10,6,3,5
0,4,14.0,345,6,2,0,12,61,4,5
0,7,10.0,329,5,11,0,3,30,2,4
0,7,19.0,330,3,17,2,15,96,4,10
0,7,19.0,330,3,3,1,16,42,4,10
0,7,19.0,330,3,19,0,1,35,4,10
0,7,19.0,330,3,19,0,6,7,4,10
0,7,19.0,330,3,19,1,14,107,1,10
0,7,21.0,81,1,15,3,9,9,4,21
0,7,21.0,81,1,9,0,3,103,0,21
0,7,27.0,53,0,5,0,10,22,3,15
0,7,26.0,316,3,19,0,10,47,2,3
0,7,26.0,316,3,21,1,13,13,1,3
0,7,27.0,53,0,8,2,14,24,3,15
0,7,29.0,268,2,1,0,9,9,3,16
0,7,29.0,268,2,2,0,2,2,1,16
0,3,1.0,180,6,10,1,10,43,2,7
0,3,1.0,180,6,1,1,1,67,1,7
0,3,4.0,285,1,8,2,0,77,1,30
0,3,4.0,285,1,8,0,1,11,0,30
0,3,4.0,285,1,9,0,10,47,0,30
1,5,30.0,294,0,13,0,13,28,0,19
1,6,5.0,342,3,5,0,13,38,2,24
1,7,31.0,43,4,19,0,9,134,3,20
1,8,23.0,102,5,11,1,13,29,1,17
1,4,24.0,27,0,8,1,13,21,2,14
1,10,13.0,346,2,17,1,0,85,2,25
1,8,15.0,72,4,5,1,12,135,4,1
1,5,14.0,36,6,13,1,13,48,0,5
1,5,14.0,36,6,13,1,13,48,0,5
1,5,12.0,327,4,18,0,5,12,1,28
1,8,8.0,76,4,9,2,7,62,0,8
1,8,6.0,87,1,19,1,13,21,4,23
1,2,30.0,131,2,12,0,1,59,1,19
1,2,30.0,131,2,12,1,10,52,0,19
1,2,30.0,131,2,12,1,13,48,0,19
0,3,7.0,289,5,10,1,13,99,1,11
0,5,16.0,239,1,0,0,15,112,4,2
0,6,1.0,158,4,5,0,1,1,2,7
0,6,1.0,158,4,8,3,11,117,0,7
0,9,6.0,51,0,9,1,8,33,0,23
0,5,29.0,24,0,15,0,0,77,0,16
0,5,29.0,24,0,9,2,6,7,3,16
0,3,4.0,285,1,2,0,10,47,3,30
0,3,5.0,324,2,6,1,2,71,0,24
0,3,5.0,324,2,4,0,0,64,0,24
0,3,10.0,4,0,3,2,15,85,3,4
0,3,10.0,4,0,14,0,14,24,3,4
0,3,10.0,4,0,9,2,12,61,1,4
0,3,19.0,138,2,16,0,11,15,0,10
0,3,19.0,138,2,16,0,14,25,0,10
0,3,19.0,138,2,4,0,12,84,3,10
0,3,29.0,325,6,8,0,12,100,4,16
0,4,29.0,313,3,18,1,10,12,4,16
0,4,30.0,139,0,19,1,6,7,0,19
0,5,5.0,96,5,0,1,8,33,1,24
0,5,11.0,326,4,6,0,15,114,2,9
0,5,18.0,195,4,19,0,4,75,3,0
0,5,18.0,195,4,1,0,12,104,2,0
0,5,27.0,328,6,8,0,0,53,2,15
0,5,27.0,328,6,2,0,13,29,4,15
0,4,21.0,339,6,18,0,0,64,1,21
0,4,28.0,218,6,8,0,3,30,4,18
0,4,28.0,218,6,23,1,2,123,4,18
0,4,31.0,67,1,23,0,1,1,3,20
0,4,31.0,67,1,5,0,9,95,1,20
0,4,31.0,67,1,9,0,16,37,3,20
0,4,31.0,67,1,9,0,13,29,3,20
0,2,5.0,127,3,0,0,6,91,4,24
0,2,5.0,127,3,15,0,4,75,3,24
0,2,5.0,127,3,8,0,13,123,1,24
1,10,13.0,346,2,20,1,16,65,0,25
1,10,13.0,346,2,3,0,14,32,3,25
1,5,22.0,163,3,8,0,12,80,2,26
1,1,24.0,64,2,17,0,16,113,0,14
1,5,30.0,294,0,8,0,10,22,1,19
1,3,3.0,182,3,15,1,1,59,4,27
1,7,21.0,81,0,15,2,13,48,1,21
1,6,11.0,355,6,6,0,4,75,2,9
1,10,19.0,117,1,22,3,10,12,0,10
1,11,12.0,118,2,11,1,9,49,4,28
1,9,3.0,217,4,9,0,9,54,3,27
1,5,7.0,349,6,20,0,14,24,3,11
1,6,5.0,342,3,22,1,1,59,4,24
1,3,8.0,148,5,22,0,13,38,2,8
1,11,18.0,332,1,1,0,16,50,1,0
1,11,6.0,252,4,3,1,4,82,1,23
1,11,6.0,252,4,2,0,13,13,3,23
1,11,12.0,118,2,2,1,12,61,1,28
1,11,13.0,312,4,3,0,0,31,4,25
1,11,13.0,312,4,1,2,10,47,3,25
1,11,14.0,147,5,13,0,10,47,0,5
1,11,13.0,312,4,9,1,8,19,0,25
1,11,14.0,147,5,19,0,8,27,1,5
1,11,30.0,170,3,6,0,11,124,3,19
1,11,30.0,170,3,5,0,4,45,1,19
1,11,30.0,170,3,15,1,13,36,1,19
1,11,30.0,170,3,1,0,0,12,0,19
1,11,30.0,170,3,13,0,4,121,1,19
1,11,31.0,227,0,15,0,12,17,2,20
1,11,31.0,227,0,18,0,9,87,1,20
1,11,31.0,227,0,18,0,11,124,0,20
1,9,11.0,52,5,12,0,10,47,0,9
1,9,19.0,234,6,20,0,4,82,1,10
1,8,30.0,103,5,21,1,3,30,4,19
1,8,30.0,103,5,3,1,14,110,0,19
1,8,30.0,103,5,19,0,8,27,1,19
1,4,13.0,221,4,7,0,8,41,1,25
1,4,13.0,221,4,5,0,13,29,2,25
1,4,13.0,221,4,22,0,12,56,2,25
1,4,13.0,221,4,2,2,0,96,3,25
1,4,13.0,221,4,8,1,4,4,4,25
1,4,15.0,132,6,17,2,16,72,4,1
1,4,15.0,132,6,6,1,2,71,0,1
1,4,15.0,132,6,15,1,3,79,4,1
1,1,30.0,100,1,18,0,1,35,4,19
1,8,5.0,101,0,0,2,4,5,0,24
1,8,14.0,296,2,16,0,13,99,0,5
1,8,14.0,296,2,11,0,10,23,1,5
1,8,16.0,73,5,0,0,6,7,4,2
1,8,16.0,73,5,21,0,16,50,0,2
1,8,21.0,46,2,0,0,0,53,3,21
1,10,6.0,242,2,1,2,5,6,0,23
1,9,7.0,271,0,5,1,16,50,1,11
1,9,18.0,359,5,8,0,3,44,3,0
1,9,18.0,359,5,9,0,6,116,4,0
1,9,18.0,359,5,14,0,11,18,1,0
1,5,30.0,294,0,8,0,6,7,1,19
1,6,5.0,342,3,2,0,0,77,3,24
1,6,5.0,342,3,1,0,6,128,0,24
1,3,23.0,57,6,11,0,11,10,1,17
1,3,23.0,57,6,22,0,8,27,1,17
1,3,23.0,57,6,16,0,3,76,1,17
1,3,23.0,57,6,2,0,14,107,0,17
1,3,23.0,57,6,12,1,12,80,4,17
1,3,23.0,57,6,17,1,0,31,0,17
1,3,30.0,304,6,8,0,12,104,4,19
1,3,30.0,304,6,11,1,7,57,1,19
1,5,12.0,327,4,8,0,10,43,1,28
1,5,12.0,327,4,8,0,8,118,3,28
1,5,12.0,327,4,10,1,2,69,4,28
1,5,12.0,327,4,11,1,14,110,4,28
1,5,13.0,184,5,8,1,4,66,4,25
1,5,14.0,36,6,3,0,8,41,4,5
1,5,13.0,184,5,19,0,13,28,3,25
1,5,14.0,36,6,2,0,9,95,4,5
1,5,14.0,36,6,4,2,2,3,3,5
1,5,14.0,36,6,5,1,8,9,1,5
1,5,21.0,351,6,17,0,13,29,4,21
1,5,21.0,351,6,4,0,13,123,3,21
1,5,21.0,351,6,23,1,5,6,0,21
1,5,22.0,163,3,12,0,15,77,3,26
1,5,21.0,351,6,22,0,9,95,0,21
1,5,30.0,294,0,0,2,14,107,3,19
1,5,30.0,294,0,13,0,13,48,4,19
1,5,30.0,294,0,1,0,12,17,0,19
1,6,5.0,342,3,18,0,7,20,0,24
1,6,7.0,169,1,16,0,0,12,0,11
1,6,7.0,169,1,12,0,10,22,3,11
1,6,7.0,169,1,8,0,12,135,3,11
1,6,12.0,162,3,16,0,2,86,0,28
1,6,12.0,162,3,11,2,2,2,3,28
1,6,12.0,162,3,20,1,4,136,4,28
1,6,12.0,162,3,3,1,12,56,4,28
1,6,12.0,162,3,12,0,10,22,3,28
1,6,12.0,162,3,20,1,2,71,4,28
1,6,15.0,49,2,16,0,15,46,4,1
1,6,15.0,49,2,9,0,4,75,1,1
1,1,23.0,69,1,8,0,3,115,3,17
1,1,30.0,100,1,6,0,14,125,3,19
1,9,4.0,295,5,7,0,14,88,1,30
1,1,25.0,65,4,11,0,13,28,4,13
1,9,4.0,295,5,3,0,7,20,0,30
1,9,1.0,126,1,13,0,13,21,1,7
1,1,30.0,100,1,6,0,12,56,1,19
1,5,7.0,349,6,11,0,10,47,3,11
1,6,5.0,342,3,8,1,12,17,2,24
1,4,31.0,67,0,2,0,7,129,4,20
1,11,14.0,147,5,3,1,1,105,1,5
1,9,4.0,295,5,13,0,9,134,2,30
1,9,1.0,126,1,17,0,0,64,1,7
1,11,5.0,240,2,19,0,9,49,3,24
1,1,30.0,100,1,4,0,13,36,0,19
1,5,6.0,277,5,11,3,6,7,3,23
1,7,10.0,329,4,18,2,13,38,0,4
1,2,6.0,251,3,2,0,5,6,2,23
1,11,30.0,170,3,3,0,8,41,1,19
1,9,5.0,89,6,2,0,5,12,3,24
1,11,4.0,275,1,7,0,4,127,1,30
1,8,5.0,101,0,20,1,11,124,4,24
1,11,2.0,265,3,20,0,12,56,1,22
1,7,27.0,53,3,22,1,2,2,1,15
1,3,18.0,165,0,21,1,4,66,1,0
1,7,10.0,329,4,11,1,2,2,1,4
1,1,27.0,262,6,23,0,13,48,1,15
1,8,12.0,284,0,0,1,9,49,4,28
1,6,11.0,355,6,14,0,13,21,1,9
1,6,20.0,215,0,20,1,7,8,4,29
1,9,8.0,90,1,22,1,6,7,4,8
1,7,27.0,53,3,4,3,9,27,0,15
1,3,7.0,289,4,14,0,3,30,4,11
1,10,6.0,242,2,16,0,10,22,1,23
1,10,22.0,314,5,14,1,11,15,0,26
1,8,21.0,46,2,14,2,9,9,0,21
1,8,25.0,86,3,2,0,4,75,1,13
1,8,30.0,103,5,0,2,0,26,3,19
1,8,30.0,103,5,16,1,3,103,4,19
1,8,30.0,103,5,20,0,14,24,2,19
1,8,30.0,103,5,1,2,14,25,3,19
1,4,13.0,221,4,17,0,7,57,1,25
1,10,6.0,242,2,0,0,5,6,3,23
1,10,6.0,242,2,5,0,10,47,1,23
1,10,6.0,242,2,4,3,12,17,4,23
1,10,14.0,174,4,2,0,1,1,0,5
1,10,14.0,174,4,11,0,1,16,4,5
1,10,15.0,60,5,4,2,1,105,3,1
1,10,21.0,341,4,17,0,7,120,3,21
1,10,21.0,341,4,11,0,1,16,4,21
1,6,21.0,193,1,22,0,14,24,2,21
1,6,21.0,193,1,2,2,1,1,3,21
1,6,21.0,193,1,12,0,5,6,0,21
1,10,7.0,243,4,0,1,13,28,0,11
1,10,7.0,243,4,20,0,11,133,0,11
1,10,13.0,346,2,4,0,5,6,3,25
1,10,13.0,346,2,4,1,6,73,2,25
1,11,29.0,270,6,19,1,0,15,1,16
1,1,22.0,164,0,18,0,1,35,4,26
1,5,30.0,294,0,19,0,6,89,3,19
1,5,30.0,294,0,18,0,6,7,1,19
1,5,30.0,294,0,9,0,14,106,1,19
1,6,5.0,342,3,3,0,14,25,3,24
1,6,5.0,342,3,20,1,3,30,1,24
1,5,30.0,294,0,14,0,5,12,0,19
1,6,7.0,169,1,17,0,0,85,3,11
1,6,7.0,169,1,0,0,9,54,3,11
1,6,7.0,169,1,23,0,8,9,4,11
1,6,7.0,169,1,6,0,8,118,3,11
1,6,11.0,355,6,18,2,16,113,3,9
1,10,21.0,341,4,4,0,13,38,3,21
1,10,16.0,201,6,20,0,0,68,4,2
1,10,22.0,314,5,12,0,2,2,1,26
1,10,29.0,318,5,23,0,6,7,2,16
1,10,29.0,318,5,9,1,8,27,2,16
1,1,14.0,183,3,3,2,1,59,3,5
1,1,14.0,183,3,10,1,13,99,4,5
1,1,23.0,69,1,5,0,13,29,1,17
1,1,23.0,69,1,8,1,2,3,4,17
1,3,21.0,338,4,19,1,6,132,0,21
1,5,20.0,214,5,4,3,0,12,0,29
1,1,23.0,69,1,2,1,15,119,0,17
1,1,30.0,100,1,16,0,1,35,1,19
1,1,30.0,100,1,2,0,8,41,2,19
1,10,22.0,314,5,21,0,10,47,0,26
1,10,21.0,341,4,8,0,12,104,0,21
1,4,22.0,152,6,13,1,1,105,4,26
1,4,31.0,67,0,8,0,10,47,2,20
1,4,31.0,67,0,8,2,10,47,0,20
1,6,7.0,169,1,3,0,4,82,0,11
1,11,29.0,270,6,12,1,14,110,4,16
1,11,29.0,270,6,3,1,16,37,4,16
1,6,12.0,162,3,12,0,4,121,2,28
1,6,15.0,49,2,17,0,8,9,0,1
1,6,15.0,49,2,13,1,4,45,4,1
1,6,12.0,162,3,16,0,15,39,1,28
1,6,12.0,162,3,12,1,16,37,1,28
1,6,15.0,49,2,0,0,1,1,1,1
1,6,15.0,49,2,22,0,7,129,0,1
1,10,7.0,243,4,5,0,9,87,1,11
1,10,7.0,243,4,8,1,11,90,1,11
1,11,30.0,170,3,20,0,12,17,2,19
1,9,5.0,89,6,14,0,13,21,4,24
1,10,24.0,261,3,15,0,14,24,2,14
1,2,15.0,130,1,10,0,15,112,1,1
1,7,9.0,273,2,22,1,11,55,4,12
1,8,5.0,101,0,4,0,8,9,3,24
1,11,30.0,170,3,14,0,15,31,3,19
1,11,2.0,265,3,22,1,7,111,1,22
1,8,5.0,101,0,1,2,9,93,3,24
1,9,6.0,51,3,19,0,13,38,4,23
1,8,15.0,72,4,2,0,2,86,2,1
1,2,15.0,130,1,20,0,2,69,1,1
0,2,4.0,254,6,12,1,8,118,1,30
1,11,30.0,170,3,19,1,15,39,1,19
1,11,2.0,265,3,18,0,7,20,1,22
1,3,15.0,35,5,8,1,5,12,0,1
1,6,7.0,169,1,8,0,6,89,3,11
1,2,15.0,130,1,0,1,0,53,0,1
1,3,1.0,180,5,14,3,10,43,3,7
1,3,25.0,347,0,22,3,6,7,3,13
1,3,1.0,180,5,17,0,1,67,4,7
1,6,25.0,39,6,4,1,1,105,0,13
1,10,10.0,245,3,8,0,0,64,1,4
1,10,17.0,256,3,13,1,14,110,4,6
1,11,1.0,222,6,17,0,8,118,1,7
1,1,23.0,69,1,3,0,10,22,1,17
1,1,23.0,69,1,5,0,2,92,3,17
1,1,23.0,69,1,14,0,15,46,3,17
1,1,30.0,100,1,17,2,10,47,3,19
1,1,30.0,100,1,19,0,10,22,3,19
1,1,30.0,100,1,16,0,4,75,3,19
1,8,5.0,101,0,0,1,6,7,0,24
1,8,5.0,101,0,3,0,16,72,1,24
1,8,5.0,101,0,18,0,2,13,1,24
1,8,14.0,296,2,8,0,2,86,4,5
1,8,14.0,296,2,19,1,11,129,4,5
1,8,14.0,296,2,14,0,12,80,0,5
1,8,16.0,73,5,23,1,5,64,1,2
1,8,16.0,73,5,20,0,8,118,3,2
1,8,16.0,73,5,15,0,2,86,0,2
1,8,16.0,73,5,22,1,2,60,1,2
1,1,30.0,100,1,12,0,5,64,3,19
1,8,16.0,73,5,8,0,0,85,4,2
1,8,16.0,73,5,15,1,8,9,4,2
1,8,16.0,73,5,18,1,13,29,1,2
1,8,21.0,46,2,2,0,13,29,1,21
1,3,29.0,325,5,18,0,8,41,4,16
1,3,30.0,304,6,11,0,2,86,2,19
1,3,30.0,304,6,22,0,6,7,4,19
1,10,7.0,243,4,9,0,10,47,0,11
1,3,30.0,304,6,0,1,11,18,1,19
1,5,12.0,327,4,4,0,13,38,0,28
1,5,13.0,184,5,7,1,14,25,0,25
1,5,14.0,36,6,6,2,10,22,3,5
1,5,13.0,184,5,13,0,0,0,2,25
1,5,21.0,351,6,12,1,4,75,0,21
1,5,22.0,163,3,15,1,4,127,4,26
1,5,30.0,294,0,11,1,9,9,1,19
1,6,5.0,342,3,8,0,5,12,3,24
1,6,5.0,342,3,13,3,9,95,0,24
1,6,5.0,342,3,3,1,9,134,4,24
1,6,5.0,342,3,9,0,9,58,4,24
1,6,7.0,169,1,13,0,2,86,1,11
1,6,7.0,169,1,1,2,8,41,3,11
1,6,12.0,162,3,0,0,14,131,1,28
1,7,14.0,125,0,16,1,1,67,0,5
1,7,13.0,238,3,3,1,7,137,4,25
1,3,26.0,343,1,18,0,8,19,4,3
1,11,16.0,225,3,20,0,10,23,1,2
1,7,24.0,68,4,16,0,16,39,1,14
1,3,10.0,4,3,17,3,10,12,0,4
1,7,27.0,53,3,4,1,2,69,0,15
1,10,18.0,246,0,20,1,14,110,1,0
1,8,12.0,284,0,11,1,1,35,2,28
1,11,30.0,170,3,4,1,2,92,1,19
1,11,31.0,227,0,11,2,0,68,2,20
1,11,31.0,227,0,13,2,2,86,3,20
1,11,31.0,227,0,5,0,10,43,1,20
1,9,11.0,52,5,16,0,9,87,1,9
1,9,11.0,52,5,1,2,10,47,2,9
1,9,19.0,234,6,13,0,15,108,4,10
1,9,19.0,234,6,3,1,0,12,0,10
1,9,19.0,234,6,22,3,6,7,0,10
1,9,19.0,234,6,4,1,13,123,4,10
1,9,23.0,167,2,6,0,10,6,0,17
1,9,28.0,315,0,21,1,13,29,2,18
1,9,28.0,315,0,12,1,11,122,4,18
1,9,28.0,315,0,9,2,10,22,2,18
1,7,3.0,269,4,0,0,3,79,1,27
1,7,3.0,269,4,16,1,10,47,2,27
1,7,3.0,269,4,8,2,13,38,3,27
1,4,8.0,292,6,8,0,8,27,2,8
1,7,3.0,269,4,1,0,10,47,3,27
1,11,30.0,170,3,12,3,10,47,3,19
1,11,1.0,222,6,9,0,2,2,3,7
1,11,10.0,360,0,1,0,9,93,1,4
1,8,24.0,85,6,22,0,2,92,3,14
1,8,24.0,85,6,19,0,1,59,3,14
1,10,29.0,318,5,18,0,8,27,3,16
1,1,23.0,69,1,16,0,12,61,1,17
1,1,23.0,69,1,7,2,5,0,3,17
1,1,23.0,69,1,11,0,0,77,3,17
1,11,31.0,227,0,14,2,1,16,3,20
1,3,15.0,35,5,14,0,16,74,1,1
1,2,15.0,130,1,4,3,14,25,0,1
1,6,15.0,49,2,17,0,3,30,4,1
1,2,15.0,130,1,4,2,6,7,2,1
1,8,24.0,85,6,17,0,10,22,2,14
1,6,15.0,49,2,6,0,16,37,1,1
1,11,3.0,288,0,14,1,10,47,0,27
1,6,15.0,49,2,10,1,8,33,0,1
1,11,31.0,227,0,14,0,9,95,0,20
1,9,12.0,177,6,7,2,10,43,3,28
1,2,17.0,6,4,5,1,5,6,2,6
1,6,15.0,49,2,14,2,8,19,3,1
1,5,12.0,327,4,2,0,8,33,2,28
1,5,12.0,327,4,9,1,6,128,1,28
1,5,14.0,36,6,4,0,2,13,1,5
1,5,12.0,327,4,3,1,15,31,1,28
1,5,13.0,184,5,15,0,6,7,2,25
1,5,13.0,184,5,9,0,13,38,1,25
1,5,14.0,36,6,16,0,2,92,1,5
1,9,19.0,234,6,6,2,2,2,3,10
1,9,19.0,234,6,10,0,0,26,1,10
1,9,19.0,234,6,2,0,15,46,1,10
1,5,29.0,24,3,8,1,6,7,0,16
1,5,29.0,24,3,4,1,11,15,0,16
1,6,6.0,83,0,18,1,0,77,0,23
1,9,23.0,167,2,8,2,6,89,3,17
1,9,23.0,167,2,8,0,16,50,3,17
0,1,17.0,63,4,13,3,13,38,2,6
1,1,13.0,207,6,11,0,1,59,1,25
1,1,13.0,207,6,1,1,12,56,0,25
1,6,6.0,83,0,18,0,13,29,4,23
1,6,6.0,83,0,12,1,14,25,1,23
1,5,5.0,96,4,1,3,5,64,3,24
1,10,2.0,358,6,11,1,7,111,1,22
1,10,20.0,223,2,14,1,6,7,0,29
1,10,25.0,56,0,18,1,8,9,1,13
1,6,2.0,352,4,8,0,11,98,2,22
1,10,2.0,358,6,12,1,0,77,0,22
1,7,2.0,160,2,13,0,4,75,1,22
0,6,28.0,309,2,6,1,1,105,0,18
0,6,29.0,335,4,22,1,12,121,1,16
0,0,14.0,5,4,15,0,14,125,2,5
1,10,15.0,60,5,9,1,0,15,0,1
1,10,16.0,201,6,9,0,8,41,4,2
1,10,21.0,341,4,2,2,1,59,0,21
1,10,21.0,341,4,2,1,0,31,4,21
1,10,22.0,314,5,6,1,13,38,0,26
1,10,22.0,314,5,11,0,1,16,2,26
1,1,14.0,183,3,5,0,6,89,1,5
1,1,14.0,183,3,11,0,13,38,3,5
1,1,14.0,183,3,13,2,16,74,3,5
1,1,14.0,183,3,11,1,10,22,0,5
1,1,14.0,183,3,4,1,1,105,4,5
1,5,23.0,168,0,17,0,8,41,2,17
1,11,11.0,175,1,18,0,5,12,0,9
1,5,13.0,184,5,8,0,2,2,3,25
1,5,14.0,36,6,21,1,15,114,1,5
1,5,14.0,36,6,9,0,12,84,1,5
1,5,21.0,351,6,21,1,15,46,1,21
1,5,21.0,351,6,13,0,0,77,1,21
1,5,13.0,184,5,11,1,10,12,1,25
1,5,22.0,163,3,19,0,4,136,2,26
1,5,22.0,163,3,2,2,4,4,1,26
1,5,30.0,294,0,6,0,14,106,1,19
1,5,30.0,294,0,19,0,11,122,3,19
1,6,7.0,169,1,0,0,2,92,1,11
1,6,7.0,169,1,16,2,0,12,3,11
1,6,7.0,169,1,6,0,9,93,3,11
1,6,7.0,169,1,13,0,2,2,1,11
1,6,7.0,169,1,19,1,9,63,4,11
1,6,12.0,162,3,5,0,0,12,2,28
1,6,12.0,162,3,8,2,11,8,3,28
1,3,23.0,57,6,12,0,1,11,3,17
1,3,23.0,57,6,4,1,15,31,1,17
1,3,29.0,325,5,13,2,0,68,3,16
1,3,29.0,325,5,2,0,13,28,0,16
1,11,2.0,265,3,15,1,12,80,1,22
1,5,29.0,24,3,15,3,6,7,3,16
1,11,14.0,147,5,23,1,1,1,0,5
1,11,14.0,147,5,23,0,5,6,0,5
1,11,14.0,147,5,2,1,9,10,4,5
1,11,12.0,118,2,6,1,0,12,0,28
1,6,19.0,291,3,18,1,14,24,4,10
1,9,9.0,320,2,17,0,8,41,3,12
1,9,18.0,359,5,22,0,13,38,2,0
1,8,2.0,77,5,22,0,15,31,3,22
0,8,20.0,319,2,13,0,2,2,1,29
1,10,22.0,314,5,17,0,14,34,3,26
1,2,17.0,6,4,11,1,4,127,4,6
1,9,14.0,106,0,22,0,2,2,0,5
1,10,22.0,314,5,12,0,7,62,3,26
1,5,20.0,214,5,1,0,8,27,4,29
1,11,3.0,288,0,3,0,4,82,1,27
1,10,21.0,341,4,19,0,6,91,1,21
1,10,21.0,341,4,19,1,5,0,2,21
1,10,29.0,318,5,17,2,2,2,3,16
1,10,29.0,318,5,0,1,5,64,4,16
1,1,14.0,183,3,15,0,10,43,2,5
1,1,14.0,183,3,3,0,7,111,3,5
1,1,14.0,183,3,11,1,12,56,4,5
1,1,23.0,69,1,16,2,12,80,3,17
1,1,23.0,69,1,1,0,8,27,1,17
1,1,30.0,100,1,16,0,10,47,3,19
1,1,30.0,100,1,7,1,10,23,1,19
1,1,30.0,100,1,1,0,2,69,2,19
1,5,7.0,349,6,23,0,13,29,1,11
1,5,7.0,349,6,14,0,14,24,3,11
1,5,20.0,214,5,2,1,13,28,0,29
1,9,5.0,89,6,4,0,9,93,3,24
1,11,6.0,252,4,13,0,13,99,1,23
1,9,13.0,91,3,6,0,13,13,3,25
1,9,13.0,91,3,3,2,0,0,2,25
1,7,4.0,186,5,20,1,1,67,4,30
1,7,11.0,197,5,1,2,10,22,3,9
1,5,14.0,36,6,1,3,11,18,1,5
1,3,13.0,210,2,23,3,7,20,4,25
1,7,4.0,186,5,4,0,10,52,1,30
1,7,11.0,197,5,1,1,4,79,2,9
1,7,13.0,238,3,20,1,9,93,4,25
1,7,13.0,238,3,21,2,13,61,3,25
1,7,13.0,238,3,2,0,0,77,1,25
1,7,13.0,238,3,6,0,10,47,2,25
1,7,14.0,125,0,16,0,2,29,2,5
1,5,12.0,327,4,19,0,15,37,0,28
1,5,12.0,327,4,4,0,8,19,0,28
1,5,12.0,327,4,16,0,8,41,4,28
1,5,13.0,184,5,12,0,13,48,1,25
1,5,13.0,184,5,13,0,3,70,3,25
1,5,14.0,36,6,11,0,15,114,3,5
1,5,22.0,163,3,6,0,7,111,1,26
1,5,21.0,351,6,5,1,11,124,1,21
1,5,22.0,163,3,9,2,16,130,3,26
0,0,7.0,15,4,5,0,10,47,2,11
0,0,23.0,237,6,10,2,5,6,4,17
1,3,1.0,180,5,9,1,14,32,1,7
1,9,1.0,126,1,16,2,13,75,3,7
1,5,8.0,199,3,15,0,3,79,2,8
1,5,8.0,199,3,12,1,9,93,0,8
1,5,18.0,195,2,18,1,4,136,4,0
1,5,3.0,161,1,21,0,5,64,1,27
1,3,25.0,347,0,3,0,15,51,1,13
1,5,17.0,212,1,5,1,11,55,4,6
1,3,25.0,347,0,20,0,2,86,4,13
1,5,16.0,239,0,8,0,2,40,3,2
1,11,8.0,283,6,20,1,11,90,4,8
0,7,1.0,98,2,11,0,6,73,4,7
1,5,20.0,214,5,4,0,10,47,3,29
1,5,31.0,196,1,21,1,13,38,0,20
1,5,31.0,196,1,15,0,4,75,3,20
1,6,30.0,145,4,13,0,13,28,1,19
1,10,5.0,336,1,6,0,14,110,4,24
1,10,5.0,336,1,4,0,4,75,2,24
1,10,6.0,242,2,0,0,13,99,4,23
1,10,6.0,242,2,13,1,14,97,4,23
1,10,14.0,174,4,12,0,14,34,3,5
1,10,14.0,174,4,20,1,11,10,4,5
1,10,16.0,201,6,3,1,1,11,4,2
1,10,14.0,174,4,5,0,8,19,3,5
1,11,11.0,175,1,18,0,9,49,1,9
1,5,20.0,214,5,22,0,11,117,2,29
1,10,16.0,201,6,12,2,13,69,3,2
1,5,30.0,294,0,3,0,7,20,4,19
1,5,30.0,294,0,16,1,0,12,0,19
1,5,30.0,294,0,17,1,0,15,0,19
1,6,5.0,342,3,14,0,6,132,1,24
1,6,5.0,342,3,14,0,5,6,0,24
1,2,17.0,6,4,23,1,16,37,1,6
1,8,14.0,296,2,6,0,6,89,4,5
1,2,17.0,6,4,8,1,9,63,1,6
1,9,14.0,106,0,13,2,0,68,3,5
1,11,6.0,252,4,22,0,10,43,1,23
1,2,23.0,230,2,0,0,11,0,3,17
1,9,21.0,362,0,13,0,1,35,4,21
1,9,22.0,92,1,16,2,8,9,3,26
1,9,22.0,92,1,10,1,16,113,1,26
1,9,22.0,92,1,21,2,0,77,3,26
1,9,21.0,362,0,4,2,15,119,2,21
1,9,22.0,92,1,14,1,9,93,4,26
1,9,21.0,362,0,19,1,0,0,2,21
1,7,6.0,93,3,2,0,4,138,4,23
1,7,6.0,93,3,22,1,8,19,1,23
1,7,6.0,93,3,4,1,8,118,4,23
1,7,6.0,93,3,1,0,7,62,0,23
1,7,29.0,268,1,0,0,1,1,4,16
1,7,29.0,268,1,6,1,8,19,0,16
0,5,28.0,259,3,13,0,2,2,3,18
1,11,25.0,88,1,22,1,9,10,4,13
0,4,4.0,178,2,4,1,0,12,0,30
1,5,19.0,146,4,14,0,6,7,3,10
1,5,25.0,350,2,21,2,8,27,3,13
1,5,25.0,350,2,10,0,6,7,0,13
1,7,14.0,125,0,1,0,1,1,0,5
1,5,25.0,350,2,15,0,9,87,0,13
1,5,26.0,37,4,16,0,6,91,3,3
1,7,25.0,41,5,17,0,8,41,4,13
1,7,25.0,41,5,2,0,8,41,3,13
1,7,25.0,41,5,1,2,9,95,2,13
1,7,25.0,41,5,9,2,7,78,3,13
1,3,2.0,120,6,17,2,16,113,0,22
1,3,2.0,120,6,11,0,14,24,2,22
1,3,2.0,120,6,12,0,2,2,3,22
1,3,24.0,357,3,5,1,11,124,1,14
1,3,2.0,120,6,19,1,8,27,4,22
1,3,2.0,120,6,18,2,4,82,1,22
1,3,2.0,120,6,11,1,9,49,1,22
1,6,10.0,149,5,3,0,1,35,2,4
1,6,18.0,308,6,18,0,0,64,0,0
1,1,10.0,17,2,18,2,8,9,1,4
0,7,18.0,154,6,18,0,13,38,0,0
1,10,9.0,150,6,8,1,12,104,1,12
0,3,28.0,187,5,19,0,7,120,0,18
1,11,26.0,364,2,11,0,7,20,2,3
1,3,11.0,337,0,22,2,16,42,3,9
1,9,10.0,156,4,2,0,4,4,3,4
1,9,24.0,272,4,21,1,9,87,0,14
1,9,25.0,344,5,2,1,1,105,4,13
1,9,25.0,344,5,9,0,0,0,4,13
1,7,18.0,154,5,6,0,14,107,1,0
1,7,18.0,154,5,13,0,2,86,1,0
1,7,18.0,154,5,11,1,2,40,4,0
1,7,18.0,154,5,2,1,1,105,4,0
1,11,13.0,312,4,22,2,2,92,2,25
1,11,14.0,147,5,6,0,4,121,1,5
1,11,30.0,170,3,13,1,1,35,4,19
1,11,30.0,170,3,9,0,2,2,3,19
1,11,30.0,170,3,20,1,1,16,4,19
1,7,3.0,269,4,9,1,15,96,1,27
1,11,14.0,147,5,17,3,7,20,0,5
1,7,30.0,42,2,22,0,14,25,4,19
1,7,30.0,42,2,19,0,10,47,1,19
1,3,5.0,324,1,13,0,5,12,3,24
1,3,12.0,104,1,16,0,10,47,1,28
1,7,30.0,42,2,13,1,2,2,0,19
1,5,31.0,196,1,19,1,7,111,4,20
1,7,6.0,93,3,17,1,2,40,1,23
1,3,12.0,104,1,16,0,0,12,3,28
1,3,12.0,104,1,22,0,4,75,1,28
1,3,12.0,104,1,12,1,10,23,1,28
1,3,12.0,104,1,19,0,8,19,0,28
1,3,15.0,35,5,13,1,16,42,4,1
1,5,4.0,114,2,16,0,13,99,4,30
1,5,4.0,114,2,14,2,16,37,3,30
1,3,21.0,338,4,13,0,13,38,1,21
1,11,12.0,118,2,7,0,13,99,1,28
1,2,23.0,230,2,21,0,15,31,1,17
1,11,12.0,118,2,3,0,1,67,2,28
1,7,15.0,205,1,6,0,0,64,0,1
1,11,12.0,118,2,2,0,7,57,2,28
1,2,17.0,6,4,5,0,14,110,4,6
1,11,12.0,118,2,1,0,6,7,1,28
1,7,15.0,205,1,0,0,3,30,1,1
1,2,23.0,230,2,13,0,9,109,1,17
1,7,15.0,205,1,0,0,11,117,2,1
1,2,23.0,230,2,1,0,10,12,1,17
1,11,13.0,312,4,4,0,12,84,1,25
1,7,15.0,205,1,10,0,2,40,2,1
1,11,13.0,312,4,1,0,2,2,1,25
1,7,15.0,205,1,22,0,9,49,1,1
1,2,24.0,22,4,0,1,8,19,0,14
1,8,26.0,278,0,1,2,15,31,3,3
1,7,15.0,205,1,1,0,12,80,0,1
1,1,23.0,69,1,9,2,14,34,3,17
1,7,28.0,34,0,6,0,5,6,1,18
1,8,5.0,101,0,2,2,14,97,3,24
1,8,29.0,301,4,4,0,2,13,4,16
1,7,28.0,34,0,13,0,5,6,0,18
1,7,31.0,43,4,7,1,13,28,0,20
1,7,31.0,43,4,9,0,7,57,1,20
1,3,3.0,182,3,21,1,6,14,0,27
1,3,3.0,182,3,5,1,15,96,1,27
1,5,22.0,163,3,13,0,2,2,2,26
1,1,22.0,164,0,11,0,15,46,4,26
1,6,5.0,342,3,2,3,9,27,0,24
1,3,3.0,182,3,14,0,8,27,2,27
1,3,3.0,182,3,10,1,9,54,1,27
1,3,13.0,210,2,20,0,14,25,1,25
1,11,31.0,227,0,8,0,16,42,2,20
1,9,11.0,52,5,1,0,5,64,2,9
1,9,19.0,234,6,10,0,7,20,0,10
1,1,13.0,207,6,14,1,15,46,4,25
1,6,23.0,84,4,13,3,1,11,1,17
1,8,22.0,354,4,13,0,4,138,3,26
1,4,8.0,292,6,14,3,7,8,4,8
1,4,16.0,25,3,13,0,2,3,4,2
1,9,19.0,234,6,15,0,14,25,3,10
1,9,19.0,234,6,1,0,2,69,1,10
1,9,23.0,167,2,13,0,4,5,1,17
1,9,23.0,167,2,18,2,16,50,3,17
1,9,28.0,315,0,22,0,9,27,2,18
1,9,28.0,315,0,18,0,0,26,3,18
1,9,28.0,315,0,8,1,11,122,4,18
1,7,3.0,269,4,23,0,16,50,3,27
1,7,5.0,204,6,0,2,10,47,0,24
1,7,5.0,204,6,22,0,4,82,2,24
1,7,5.0,204,6,13,0,13,48,2,24
1,7,20.0,266,3,20,1,3,115,4,29
1,7,21.0,81,0,6,0,8,9,1,21
1,7,21.0,81,0,17,0,8,27,1,21
1,7,22.0,211,1,15,0,13,69,0,26
1,11,14.0,147,5,22,0,2,2,0,5
1,8,14.0,296,2,14,0,12,61,1,5
1,8,16.0,73,5,20,0,6,132,4,2
1,8,16.0,73,5,22,0,13,69,2,2
1,8,16.0,73,5,9,0,6,116,1,2
1,8,21.0,46,2,5,0,10,47,2,21
1,8,24.0,85,6,0,0,2,92,1,14
1,9,21.0,362,0,19,1,11,15,0,21
1,9,22.0,92,1,19,1,14,24,1,26
1,8,24.0,85,6,0,1,0,26,1,14
1,8,24.0,85,6,15,1,11,18,1,14
1,8,25.0,86,3,11,2,13,28,2,13
1,8,25.0,86,3,5,0,8,9,4,13
1,8,24.0,85,6,3,2,8,9,3,14
1,8,25.0,86,3,3,0,9,9,3,13
1,8,24.0,85,6,14,1,13,69,0,14
1,8,25.0,86,3,19,0,10,23,1,13
1,8,30.0,103,5,6,0,12,104,1,19
1,9,26.0,267,6,3,1,12,121,1,3
1,3,23.0,57,6,16,0,5,12,0,17
1,5,13.0,184,5,18,2,5,64,3,25
1,3,13.0,210,2,13,1,2,2,0,25
1,5,14.0,36,6,8,2,13,36,3,5
1,5,14.0,36,6,3,0,4,127,3,5
1,5,14.0,36,6,12,0,13,21,1,5
1,5,14.0,36,6,12,0,9,95,3,5
1,5,21.0,351,6,6,0,0,12,1,21
1,5,21.0,351,6,13,1,1,67,4,21
1,5,21.0,351,6,2,2,4,138,3,21
1,5,21.0,351,6,3,0,10,22,3,21
1,5,22.0,163,3,6,2,6,7,3,26
1,5,22.0,163,3,15,0,5,6,2,26
1,5,22.0,163,3,5,0,12,61,2,26
1,5,12.0,327,4,20,0,9,93,3,28
1,11,21.0,192,5,20,3,5,6,0,21
1,8,29.0,301,4,18,0,4,45,3,16
1,10,22.0,314,5,9,1,14,126,0,26
1,4,1.0,144,6,17,0,5,12,0,7
1,10,23.0,247,6,15,0,15,96,2,17
1,4,1.0,144,6,11,1,10,23,1,7
1,10,24.0,261,3,3,1,11,122,4,14
1,4,27.0,274,4,17,0,8,9,4,15
1,10,24.0,261,3,14,0,2,69,4,14
1,4,27.0,274,4,17,1,8,19,0,15
1,1,6.0,97,6,5,0,4,127,4,23
1,2,3.0,282,4,17,1,14,25,0,27
1,1,6.0,97,6,3,0,9,49,1,23
1,2,3.0,282,4,0,0,9,93,3,27
1,2,3.0,282,4,2,0,3,4,3,27
1,0,4.0,229,3,9,2,2,60,3,30
0,5,2.0,307,1,3,0,4,70,3,22
0,5,20.0,214,6,3,0,10,47,0,29
0,5,20.0,214,6,3,0,10,6,3,29
0,5,20.0,214,6,2,1,9,49,1,29
0,5,21.0,351,3,18,0,3,79,1,21
0,5,22.0,163,0,6,0,9,102,3,26
0,5,30.0,294,1,13,0,11,137,2,19
1,9,18.0,359,5,20,1,11,55,4,0
1,7,7.0,293,0,11,3,2,13,4,11
1,3,24.0,357,3,15,0,0,0,0,14
1,10,17.0,256,3,17,1,9,63,4,6
1,11,1.0,222,6,19,0,13,28,0,7
1,11,13.0,312,4,18,0,15,114,2,25
1,6,6.0,83,0,4,1,3,76,0,23
1,3,20.0,105,2,11,0,11,117,0,29
1,6,14.0,173,1,18,0,12,135,4,5
1,6,13.0,317,0,8,1,11,122,1,25
1,6,13.0,317,0,11,1,5,64,1,25
1,6,29.0,335,2,14,3,0,26,3,16
1,5,20.0,214,5,19,2,13,28,2,29
1,5,23.0,168,0,23,0,10,22,3,17
1,5,23.0,168,0,10,1,14,25,4,17
1,5,23.0,168,0,19,0,16,50,2,17
1,5,31.0,196,1,11,0,1,35,4,20
1,5,31.0,196,1,14,2,4,66,0,20
1,6,30.0,145,4,6,2,14,106,2,19
1,6,30.0,145,4,7,0,2,40,1,19
1,6,30.0,145,4,2,0,0,85,1,19
0,10,1.0,208,6,10,0,14,25,0,7
1,6,30.0,145,4,14,0,5,6,0,19
1,10,5.0,336,1,20,0,10,22,1,24
1,10,5.0,336,1,19,0,4,45,3,24
1,10,5.0,336,1,9,0,3,30,4,24
1,10,6.0,242,2,17,0,3,115,1,23
1,10,6.0,242,2,0,0,8,41,4,23
1,10,6.0,242,2,23,1,11,10,2,23
1,10,15.0,60,5,9,0,3,115,3,1
1,10,16.0,201,6,13,1,12,84,1,2
1,10,21.0,341,4,16,0,1,59,3,21
1,5,2.0,307,0,0,2,0,85,3,22
0,10,2.0,358,3,18,1,14,34,0,22
0,10,3.0,310,0,23,1,9,49,1,27
1,9,9.0,320,2,19,1,9,93,0,12
1,11,16.0,225,3,3,3,8,19,1,2
1,7,1.0,98,1,1,0,15,39,1,7
1,7,7.0,293,0,14,3,10,47,0,11
1,3,18.0,165,0,1,3,4,138,3,0
1,3,7.0,289,4,6,1,3,44,1,11
1,3,9.0,44,6,20,0,9,134,3,12
1,7,1.0,98,1,17,0,15,108,1,7
1,11,6.0,252,4,22,0,5,6,0,23
1,11,12.0,118,2,6,0,10,23,1,28
1,11,13.0,312,4,10,0,5,6,2,25
1,11,13.0,312,4,15,1,0,26,4,25
1,5,29.0,24,3,13,0,5,64,2,16
1,11,13.0,312,4,22,1,4,4,1,25
1,11,13.0,312,4,12,0,9,57,3,25
1,11,14.0,147,5,13,2,0,68,3,5
1,11,14.0,147,5,2,0,0,68,3,5
1,11,14.0,147,5,16,0,8,9,0,5
1,11,30.0,170,3,5,1,6,14,4,19
1,11,30.0,170,3,21,2,4,45,0,19
1,11,31.0,227,0,6,0,5,6,3,20
1,11,30.0,170,3,1,1,13,29,0,19
1,1,6.0,97,6,2,0,4,75,1,23
1,1,7.0,32,3,0,1,4,79,4,11
1,1,7.0,32,3,12,0,15,31,3,11
1,1,7.0,32,3,4,0,5,6,2,11
1,1,7.0,32,3,14,0,16,39,1,11
1,1,7.0,32,3,23,1,11,98,4,11
1,6,21.0,193,1,9,0,5,12,2,21
1,10,7.0,243,4,17,0,10,12,1,11
1,10,7.0,243,4,11,0,5,64,2,11
1,10,7.0,243,4,2,0,12,135,2,11
1,10,7.0,243,4,12,0,4,66,2,11
1,10,13.0,346,2,16,1,10,52,1,25
1,10,13.0,346,2,3,2,13,21,3,25
1,8,5.0,101,0,13,0,10,22,1,24
1,8,24.0,85,6,18,0,4,4,4,14
1,8,24.0,85,6,5,1,2,2,1,14
1,8,24.0,85,6,18,0,10,23,1,14
1,8,24.0,85,6,4,0,12,84,1,14
1,8,25.0,86,3,3,2,9,95,3,13
1,8,25.0,86,3,19,0,6,89,1,13
1,8,25.0,86,3,22,0,9,83,2,13
1,8,25.0,86,3,1,0,7,137,1,13
1,8,30.0,103,5,8,1,14,106,1,19
1,4,15.0,132,6,17,1,11,90,4,1
1,4,15.0,132,6,22,1,6,89,4,1
1,4,15.0,132,6,2,0,5,6,2,1
1,4,15.0,132,6,12,0,11,55,0,1
1,4,22.0,152,6,8,2,12,61,3,26
1,4,31.0,67,0,2,0,2,86,1,20
1,2,15.0,130,1,17,2,7,54,3,1
1,2,15.0,130,1,22,0,10,22,1,1
1,2,15.0,130,1,9,2,16,74,3,1
1,10,13.0,346,2,19,0,3,70,1,25
1,10,23.0,247,6,17,0,12,61,1,17
1,10,23.0,247,6,9,1,16,65,4,17
1,10,24.0,261,3,17,0,7,120,3,14
1,10,24.0,261,3,19,0,3,76,1,14
1,10,24.0,261,3,5,0,1,67,4,14
1,1,6.0,97,6,11,2,0,68,3,23
1,1,7.0,32,3,21,0,13,36,1,11
1,1,7.0,32,3,8,0,12,80,4,11
1,1,8.0,62,0,2,0,15,108,1,8
1,1,8.0,62,0,22,1,11,10,4,8
1,1,21.0,45,3,7,1,5,12,0,21
1,1,21.0,45,3,20,0,14,106,3,21
1,1,21.0,45,3,17,1,13,21,0,21
1,1,21.0,45,3,1,0,12,56,0,21
1,7,4.0,186,5,22,0,1,59,2,30
1,7,4.0,186,5,12,0,8,41,3,30
1,10,23.0,247,6,22,1,0,0,4,17
1,7,19.0,330,6,6,1,1,59,1,10
1,6,11.0,355,6,5,0,13,38,2,9
1,8,29.0,301,4,1,0,11,117,3,16
1,7,18.0,154,5,4,0,15,51,2,0
1,7,18.0,154,5,8,1,2,71,4,0
1,7,25.0,41,5,19,2,9,54,3,13
1,7,25.0,41,5,5,1,8,19,4,13
1,3,2.0,120,6,13,0,2,86,2,22
1,3,2.0,120,6,13,2,2,123,0,22
1,3,11.0,337,0,16,0,5,12,2,9
1,3,11.0,337,0,6,3,6,128,4,9
1,3,16.0,263,6,16,0,6,128,1,2
1,3,16.0,263,6,23,0,4,138,3,2
1,5,1.0,109,3,16,2,12,80,2,7
1,5,1.0,109,3,3,0,16,42,1,7
1,5,1.0,109,3,8,1,2,123,4,7
1,5,1.0,109,3,18,2,12,134,0,7
1,5,9.0,206,0,16,1,1,105,0,12
1,5,9.0,206,0,4,0,10,12,1,12
1,5,9.0,206,0,19,0,8,27,2,12
1,5,26.0,37,4,3,0,8,9,2,3
1,5,25.0,350,2,21,0,0,64,0,13
1,5,27.0,328,5,15,0,2,2,2,15
1,5,26.0,37,4,4,0,0,64,0,3
1,10,24.0,261,3,12,0,10,43,1,14
1,10,24.0,261,3,21,3,11,8,3,14
1,1,6.0,97,6,20,0,9,95,4,23
1,1,6.0,97,6,3,0,13,48,3,23
1,1,6.0,97,6,19,0,13,21,2,23
1,1,6.0,97,6,4,1,0,77,1,23
1,1,7.0,32,3,7,1,10,22,0,11
1,1,7.0,32,3,13,0,8,9,1,11
1,1,7.0,32,3,13,0,3,76,3,11
1,1,7.0,32,3,13,0,12,61,0,11
1,1,7.0,32,3,19,1,11,133,4,11
1,1,7.0,32,3,20,1,11,8,1,11
1,1,7.0,32,3,19,0,16,42,1,11
1,1,6.0,97,6,22,0,6,7,2,23
1,1,8.0,62,0,15,0,6,7,1,8
1,1,8.0,62,0,1,0,4,4,2,8
1,1,21.0,45,3,18,1,14,24,2,21
1,1,22.0,164,0,6,0,14,32,0,26
1,1,22.0,164,0,22,0,10,52,2,26
1,1,22.0,164,0,8,0,15,96,0,26
1,2,5.0,127,6,13,0,8,41,2,24
1,11,29.0,270,6,18,1,11,15,0,16
1,5,20.0,214,5,8,0,8,118,3,29
1,9,6.0,51,3,3,0,15,96,2,23
1,5,31.0,196,1,9,0,4,127,2,20
1,6,30.0,145,4,3,0,15,96,0,19
1,6,30.0,145,4,4,0,10,6,3,19
1,10,5.0,336,1,17,1,0,15,0,24
1,10,6.0,242,2,16,0,8,9,0,23
1,10,14.0,174,4,7,1,13,29,1,5
1,10,15.0,60,5,7,1,8,9,2,1
1,10,15.0,60,5,9,0,1,59,1,1
1,10,15.0,60,5,12,0,12,61,1,1
1,10,16.0,201,6,15,1,6,128,1,2
1,10,14.0,174,4,11,3,14,25,0,5
1,1,27.0,262,6,16,0,15,114,1,15
1,1,22.0,164,0,9,1,3,30,1,26
1,6,15.0,49,2,16,0,5,12,0,1
1,6,15.0,49,2,19,2,2,40,2,1
1,6,21.0,193,1,6,1,14,97,4,21
1,6,21.0,193,1,1,0,2,2,1,21
1,10,13.0,346,2,3,2,0,96,0,25
1,10,23.0,247,6,12,0,8,9,0,17
1,10,24.0,261,3,3,0,1,59,1,14
1,1,6.0,97,6,1,0,16,50,3,23
1,1,7.0,32,3,15,0,1,11,4,11
1,1,7.0,32,3,23,1,0,15,1,11
1,1,8.0,62,0,19,2,1,105,3,8
1,1,8.0,62,0,13,0,9,95,3,8
1,1,8.0,62,0,1,0,13,48,3,8
1,1,21.0,45,3,2,0,15,51,0,21
1,1,22.0,164,0,6,1,14,107,1,26
1,1,22.0,164,0,5,0,16,50,1,26
1,1,22.0,164,0,4,0,6,89,3,26
1,1,22.0,164,0,9,2,1,11,3,26
1,1,24.0,64,2,21,0,4,82,3,14
1,1,24.0,64,2,16,0,0,26,0,14
1,1,23.0,69,1,6,0,2,86,0,17
1,1,23.0,69,1,17,1,14,107,4,17
0,8,2.0,77,6,18,0,3,30,3,22
0,8,8.0,76,5,4,2,8,19,0,8
0,8,19.0,280,1,14,0,16,72,4,10
0,8,19.0,280,1,4,0,8,9,4,10
0,8,19.0,280,1,10,3,6,7,0,10
0,4,8.0,292,3,13,0,5,6,2,8
0,4,8.0,292,3,1,1,7,78,1,8
0,4,27.0,274,5,17,2,5,6,3,15
0,10,6.0,242,4,18,0,5,12,3,23
0,4,27.0,274,5,23,0,13,29,4,15
0,6,23.0,84,5,17,0,16,50,1,17
0,10,7.0,243,5,8,0,0,64,3,11
0,6,26.0,348,0,8,1,11,98,4,3
0,10,1.0,208,6,17,0,0,64,1,7
0,10,6.0,242,4,7,0,10,22,1,23
0,10,7.0,243,5,3,0,11,133,3,11
0,5,13.0,184,6,9,1,1,59,4,25
0,10,6.0,242,4,3,0,2,86,3,23
0,10,7.0,243,5,9,0,1,59,1,11
1,5,13.0,184,5,20,1,10,52,1,25
0,2,16.0,220,4,6,2,0,31,3,2
0,8,2.0,77,6,1,0,11,15,4,22
0,7,28.0,34,1,20,0,9,63,3,18
0,9,21.0,362,1,2,0,14,110,4,21
0,9,18.0,359,6,22,2,13,29,3,0
0,9,27.0,179,0,19,2,12,80,0,15
0,9,27.0,179,0,23,1,9,63,1,15
0,6,22.0,185,4,14,2,13,29,0,26
0,6,21.0,193,2,17,1,10,12,2,21
0,7,2.0,160,4,16,0,16,50,0,22
0,7,2.0,160,4,1,0,10,47,1,22
0,7,4.0,186,6,20,0,9,54,2,30
0,7,4.0,186,6,11,0,5,64,0,30
0,7,4.0,186,6,12,0,6,7,4,30
0,7,11.0,197,6,0,1,3,76,0,9
1,0,29.0,191,4,13,3,12,121,1,16
0,7,12.0,181,3,9,0,8,27,0,28
0,7,13.0,238,0,12,1,13,28,1,25
0,3,2.0,120,3,2,2,8,19,3,22
0,3,2.0,120,3,15,1,12,80,1,22
0,3,27.0,361,4,16,1,11,18,4,15
0,3,27.0,361,4,20,0,6,88,3,15
0,3,27.0,361,4,22,1,11,18,1,15
0,6,4.0,159,3,11,1,1,105,4,30
0,10,18.0,246,1,21,1,14,126,0,0
0,10,18.0,246,1,6,2,8,9,3,0
0,10,18.0,246,1,1,0,2,86,1,0
0,10,18.0,246,1,4,2,4,66,2,0
0,10,18.0,246,1,6,0,5,64,0,0
0,10,23.0,247,3,3,1,13,99,2,17
0,1,2.0,171,2,10,2,10,22,3,22
0,1,2.0,171,2,15,0,9,101,1,22
0,1,2.0,171,2,22,0,13,28,3,22
0,1,2.0,171,2,12,2,8,9,3,22
0,1,2.0,171,2,4,0,0,26,2,22
0,1,2.0,171,2,18,0,2,2,1,22
0,4,31.0,67,1,5,0,5,6,0,20
0,2,13.0,276,0,2,1,12,84,0,25
1,1,11.0,111,4,2,1,4,75,4,9
1,8,2.0,77,5,1,0,13,28,1,22
1,4,17.0,19,0,5,0,2,86,0,6
1,0,21.0,287,2,17,1,8,27,2,21
1,2,3.0,282,4,1,0,5,64,2,27
1,2,3.0,282,4,19,0,14,24,2,27
1,2,1.0,16,1,17,0,7,31,4,7
1,0,18.0,0,3,13,1,12,135,1,0
0,3,21.0,338,5,19,0,14,110,1,21
0,3,21.0,338,5,23,0,14,34,4,21
0,3,30.0,304,3,19,0,1,16,3,19
0,5,30.0,294,1,1,0,16,72,1,19
0,5,30.0,294,1,17,1,14,34,0,19
1,0,30.0,228,5,4,1,10,52,0,19
0,5,30.0,294,1,9,0,4,45,3,19
1,7,1.0,98,1,14,0,3,115,1,7
0,9,26.0,267,3,14,0,13,48,3,3
0,9,26.0,267,3,2,0,6,132,3,3
0,10,18.0,246,1,6,0,9,9,2,0
0,1,2.0,171,2,1,0,3,115,3,22
0,1,26.0,248,6,3,0,11,90,0,3
0,1,27.0,262,3,13,0,2,40,1,15
0,1,27.0,262,3,2,0,5,6,3,15
0,1,27.0,262,3,9,2,6,91,3,15
0,8,2.0,77,6,23,1,10,52,2,22
0,8,2.0,77,6,12,0,9,49,2,22
0,8,8.0,76,5,7,1,9,93,0,8
0,8,8.0,76,5,7,1,0,53,1,8
0,8,19.0,280,1,16,2,10,22,3,10
0,8,19.0,280,1,3,0,9,95,3,10
0,2,8.0,258,2,12,1,4,66,1,8
0,2,16.0,220,4,0,2,7,111,3,2
0,2,16.0,220,4,2,1,16,42,4,2
0,2,19.0,137,3,17,0,0,53,4,10
0,2,19.0,137,3,15,0,5,6,0,10
0,2,19.0,137,3,18,0,6,7,3,10
0,2,25.0,233,6,3,0,1,35,1,13
0,2,25.0,233,6,2,0,13,99,4,13
0,3,28.0,187,5,13,2,8,33,3,18
0,5,3.0,161,2,17,0,8,41,3,27
0,5,3.0,161,2,12,2,10,47,2,27
0,5,3.0,161,2,21,0,10,23,1,27
0,5,4.0,114,4,8,0,5,64,1,30
0,10,18.0,246,1,16,0,5,12,3,0
0,5,10.0,155,2,5,0,8,33,1,4
0,5,10.0,155,2,3,0,1,67,4,4
0,2,7.0,153,1,12,0,16,72,4,11
0,5,10.0,155,2,22,0,14,106,0,4
0,11,1.0,222,3,10,1,11,15,4,7
0,5,28.0,259,3,21,2,1,35,0,18
0,5,28.0,259,3,5,0,10,47,1,18
0,5,28.0,259,3,9,0,2,69,1,18
0,5,28.0,259,3,15,1,13,48,4,18
0,6,4.0,159,3,20,1,1,11,4,30
0,10,6.0,242,4,12,0,13,99,3,23
0,2,8.0,258,2,20,0,1,11,1,8
0,5,21.0,351,3,19,0,13,36,0,21
0,8,2.0,77,6,12,0,14,32,0,22
0,2,16.0,220,4,6,1,5,6,0,2
1,6,7.0,169,1,9,0,5,12,1,11
0,10,7.0,243,5,22,0,1,67,0,11
0,6,11.0,355,3,20,0,5,12,3,9
0,10,23.0,247,3,17,0,5,6,0,17
0,2,8.0,258,2,2,1,2,86,1,8
0,2,16.0,220,4,5,1,3,103,4,2
0,10,7.0,243,5,17,1,2,123,4,11
1,6,7.0,169,1,19,1,9,102,4,11
0,9,17.0,255,5,13,2,4,127,3,6
0,8,2.0,77,6,9,2,0,77,3,22
0,6,11.0,355,3,13,0,0,77,1,9
0,10,25.0,56,1,12,0,0,77,1,13
0,2,8.0,258,2,12,2,16,65,2,8
0,11,20.0,340,5,11,0,2,69,2,29
0,2,16.0,220,4,12,2,14,107,3,2
0,10,9.0,150,3,16,0,0,53,0,12
1,1,8.0,62,0,22,0,12,135,1,8
0,8,8.0,76,5,20,0,2,86,1,8
0,6,11.0,355,3,15,1,7,122,4,9
0,6,11.0,355,3,18,2,11,124,3,9
0,6,12.0,162,0,20,0,13,38,4,28
0,6,12.0,162,0,22,0,9,87,4,28
0,6,12.0,162,0,14,0,14,32,4,28
0,2,25.0,233,6,12,0,16,50,3,13
0,2,25.0,233,6,3,0,7,62,2,13
0,2,25.0,233,6,11,1,9,134,1,13
0,2,25.0,233,6,18,2,10,22,3,13
0,0,3.0,334,3,21,0,7,137,1,27
0,0,3.0,334,3,13,0,16,50,1,27
0,0,3.0,334,3,22,1,4,75,4,27
0,0,3.0,334,3,4,0,12,61,4,27
0,0,10.0,129,3,11,0,2,3,4,4
0,0,10.0,129,3,2,1,13,28,1,4
0,0,10.0,129,3,22,0,6,14,3,4
0,6,23.0,84,5,10,3,9,57,0,17
0,0,10.0,129,3,18,0,10,22,2,4
0,0,10.0,129,3,2,1,14,107,4,4
0,0,10.0,129,3,19,2,8,41,3,4
0,0,25.0,281,0,17,0,8,27,1,13
0,0,25.0,281,0,6,0,8,65,4,13
0,0,25.0,281,0,16,0,3,44,4,13
0,10,1.0,208,6,17,0,1,16,4,7
0,2,16.0,220,4,4,0,13,29,2,2
0,2,16.0,220,4,19,0,1,105,4,2
0,6,12.0,162,0,9,2,3,30,0,28
0,6,19.0,291,0,1,0,0,64,3,10
0,6,20.0,215,1,13,1,1,1,1,29
0,6,21.0,193,2,6,0,15,46,3,21
0,5,28.0,259,3,20,1,6,91,4,18
0,5,28.0,259,3,8,1,8,27,1,18
0,5,28.0,259,3,19,1,0,0,4,18
0,5,28.0,259,3,2,1,0,0,4,18
0,6,4.0,159,3,6,1,2,69,2,30
0,6,4.0,159,3,8,0,0,64,3,30
0,6,11.0,355,3,0,0,0,77,1,9
0,6,11.0,355,3,22,0,16,50,1,9
0,6,11.0,355,3,18,3,0,12,3,9
0,6,12.0,162,0,8,0,5,0,2,28
0,6,12.0,162,0,2,2,1,16,3,28
0,6,12.0,162,0,14,2,13,38,3,28
0,6,12.0,162,0,18,0,9,134,1,28
0,6,19.0,291,0,6,0,11,98,3,10
0,6,19.0,291,0,0,2,10,52,3,10
0,6,19.0,291,0,9,1,8,41,0,10
0,6,20.0,215,1,3,0,6,89,0,29
0,6,21.0,193,2,0,0,8,65,3,21
0,6,21.0,193,2,11,0,5,6,1,21
0,6,19.0,291,0,2,0,4,79,3,10
0,6,19.0,291,0,8,1,6,89,1,10
0,5,3.0,161,2,12,1,10,22,4,27
0,5,4.0,114,4,16,0,8,118,1,30
0,5,4.0,114,4,22,0,2,92,3,30
0,5,4.0,114,4,20,1,12,100,4,30
0,5,10.0,155,2,15,0,13,29,1,4
0,2,7.0,153,1,15,0,11,124,1,11
0,5,28.0,259,3,6,0,16,74,3,18
0,5,28.0,259,3,0,2,8,19,0,18
0,5,28.0,259,3,15,2,1,11,3,18
0,5,28.0,259,3,8,0,5,6,2,18
0,5,28.0,259,3,5,0,13,21,3,18
0,5,28.0,259,3,20,1,2,2,4,18
0,2,16.0,220,4,1,0,10,23,1,2
0,2,16.0,220,4,23,1,16,37,4,2
0,0,3.0,334,3,16,0,5,12,0,27
0,0,3.0,334,3,22,1,4,75,4,27
0,0,3.0,334,3,8,0,4,136,3,27
0,0,3.0,334,3,8,1,4,4,1,27
0,0,10.0,129,3,13,0,5,6,0,4
0,0,10.0,129,3,2,0,2,13,3,4
0,0,10.0,129,3,23,1,1,67,4,4
0,0,25.0,281,0,4,1,14,24,4,13
0,0,28.0,249,4,0,0,0,85,3,18
0,0,28.0,249,4,22,0,9,49,1,18
0,0,28.0,249,4,9,0,0,31,3,18
0,0,28.0,249,4,10,1,16,42,1,18
0,6,4.0,159,3,8,2,2,2,3,30
0,6,4.0,159,3,20,1,0,31,4,30
0,9,26.0,267,3,22,0,4,75,2,3
1,10,7.0,243,4,4,1,5,6,0,11
0,2,16.0,220,4,14,0,11,122,1,2
0,7,7.0,293,1,10,0,6,14,4,11
0,2,11.0,297,6,23,0,2,69,3,9
1,1,8.0,62,0,18,0,14,34,1,8
0,2,19.0,137,3,17,0,15,114,1,10
0,10,25.0,56,1,14,0,11,117,0,13
1,2,15.0,130,1,5,0,12,121,1,1
0,2,19.0,137,3,21,1,11,18,0,10
1,1,8.0,62,0,17,0,5,6,1,8
0,10,25.0,56,1,19,0,5,64,3,13
0,3,25.0,347,1,18,0,5,64,2,13
0,2,19.0,137,3,15,1,2,86,0,10
0,10,9.0,150,3,0,0,15,31,3,12
0,1,26.0,248,6,6,2,14,32,3,3
0,3,25.0,347,1,14,1,2,2,0,13
1,4,1.0,144,6,11,0,2,69,2,7
0,3,25.0,347,1,17,1,6,7,2,13
0,2,11.0,297,6,11,0,5,6,3,9
0,2,19.0,137,3,12,0,14,126,4,10
0,8,8.0,76,5,8,0,1,67,3,8
1,2,22.0,209,1,5,0,4,75,1,26
0,10,9.0,150,3,0,0,13,38,1,12
0,10,3.0,310,0,19,1,10,22,0,27
0,1,26.0,248,6,7,1,3,30,4,3
0,10,6.0,242,4,14,1,4,136,4,23
0,2,11.0,297,6,15,0,2,86,4,9
0,2,19.0,137,3,15,1,12,135,4,10
0,8,8.0,76,5,2,0,13,28,0,8
0,2,19.0,137,3,20,1,12,104,4,10
0,10,9.0,150,3,22,0,9,57,0,12
0,10,7.0,243,5,5,0,7,120,1,11
0,7,23.0,202,4,3,0,2,2,2,17
0,10,9.0,150,3,4,0,10,22,1,12
0,10,7.0,243,5,19,2,2,86,3,11
0,1,26.0,248,6,18,2,13,38,0,3
0,4,3.0,279,1,9,0,10,47,2,27
0,10,10.0,245,0,6,0,14,24,1,4
0,6,18.0,308,3,12,0,3,79,3,0
0,10,10.0,245,0,21,0,15,51,2,4
0,10,9.0,150,3,3,0,6,7,2,12
0,4,31.0,67,1,2,1,2,92,4,20
0,2,11.0,297,6,3,0,1,67,3,9
0,1,27.0,262,3,20,0,8,41,1,15
0,2,19.0,137,3,22,0,13,38,2,10
0,5,16.0,239,1,8,1,14,25,4,2
0,10,16.0,201,3,16,2,15,119,2,2
0,10,7.0,243,5,17,0,12,80,1,11
0,10,10.0,245,0,17,0,5,6,3,4
0,1,27.0,262,3,13,2,7,122,2,15
0,2,11.0,297,6,20,1,1,67,4,9
0,2,6.0,251,0,13,0,11,8,2,23
0,10,16.0,201,3,3,0,3,79,1,2
0,2,25.0,233,6,16,2,15,114,3,13
0,8,7.0,70,4,9,3,9,134,4,11
0,10,8.0,213,6,11,0,2,86,1,8
0,10,16.0,201,3,6,1,7,78,1,2
0,8,2.0,77,6,9,2,3,70,1,22
0,2,11.0,297,6,2,0,5,6,2,9
0,5,2.0,307,1,13,1,13,38,4,22
0,10,16.0,201,3,7,1,15,39,0,2
0,10,16.0,201,3,2,0,10,22,2,2
0,10,8.0,213,6,3,0,1,59,4,8
0,10,16.0,201,3,2,0,8,9,0,2
0,10,18.0,246,1,16,0,8,9,1,0
0,10,23.0,247,3,17,2,2,2,3,17
0,10,23.0,247,3,16,1,15,46,4,17
0,10,23.0,247,3,21,1,8,27,0,17
1,0,20.0,172,1,14,1,1,35,0,29
1,0,26.0,14,0,8,0,14,25,1,3
1,0,26.0,14,0,4,0,14,25,0,3
1,0,27.0,23,1,16,0,5,12,3,15
1,0,27.0,23,1,13,0,7,57,2,15
1,0,27.0,23,1,18,0,14,106,4,15
1,0,29.0,191,4,10,1,4,45,0,16
1,0,29.0,191,4,11,0,10,47,0,16
1,0,29.0,191,4,10,1,4,66,0,16
1,0,29.0,191,4,19,1,3,30,1,16
1,0,29.0,191,4,4,0,0,0,3,16
0,11,9.0,311,0,6,0,7,120,1,12
0,5,3.0,161,2,3,0,4,75,1,27
0,5,13.0,184,6,8,0,14,106,0,25
0,5,10.0,155,2,9,0,5,47,3,4
0,11,10.0,360,1,22,0,12,56,3,4
0,11,11.0,175,2,21,0,10,12,0,9
0,11,11.0,175,2,11,0,12,104,4,9
0,11,11.0,175,2,2,0,11,133,2,9
0,11,11.0,175,2,18,0,12,121,1,9
0,11,12.0,118,4,20,0,10,23,1,28
0,11,12.0,118,4,22,0,3,30,0,28
0,11,12.0,118,4,4,0,13,28,0,28
0,10,23.0,247,3,13,1,1,59,4,17
0,10,25.0,56,1,22,0,6,128,1,13
0,10,25.0,56,1,0,0,5,12,0,13
0,10,25.0,56,1,12,2,16,50,3,13
0,10,25.0,56,1,9,0,2,69,2,13
0,1,2.0,171,2,8,1,3,79,4,22
0,1,26.0,248,6,3,1,2,35,4,3
0,1,27.0,262,3,23,0,9,95,1,15
0,1,27.0,262,3,22,2,14,34,3,15
0,8,2.0,77,6,6,1,13,48,0,22
0,8,2.0,77,6,0,2,10,47,1,22
0,8,2.0,77,6,7,1,13,36,4,22
0,8,8.0,76,5,4,0,14,110,4,8
0,6,26.0,348,0,16,0,14,110,0,3
0,11,30.0,170,0,8,0,11,124,2,19
0,6,26.0,348,0,5,0,2,3,4,3
0,10,7.0,243,5,4,2,5,6,3,11
0,10,7.0,243,5,4,2,15,46,1,11
0,10,8.0,213,6,1,0,7,31,1,8
0,11,12.0,118,4,14,2,2,92,1,28
0,11,21.0,192,6,11,2,13,29,2,21
0,11,21.0,192,6,18,0,8,9,1,21
0,11,26.0,364,4,21,1,4,45,0,3
0,11,26.0,364,4,20,1,11,98,4,3
0,9,3.0,217,5,0,2,2,2,3,27
0,9,3.0,217,5,8,0,14,88,3,27
0,9,3.0,217,5,2,0,15,51,1,27
0,9,10.0,156,5,16,1,12,104,0,4
0,9,10.0,156,5,2,0,8,9,3,4
0,9,10.0,156,5,22,1,14,110,4,4
0,9,12.0,177,3,1,0,15,46,4,28
0,9,12.0,177,3,2,0,3,115,3,28
0,10,4.0,356,1,11,1,0,77,1,30
0,9,12.0,177,3,22,1,15,119,4,28
0,9,18.0,359,6,17,1,13,36,0,0
0,9,18.0,359,6,20,1,12,121,4,0
0,9,18.0,359,6,9,0,9,27,0,0
0,7,4.0,186,6,22,2,16,130,0,30
0,10,9.0,150,3,15,0,9,102,1,12
0,10,1.0,208,6,21,2,10,22,3,7
0,10,9.0,150,3,9,2,8,41,2,12
0,10,10.0,245,0,17,2,6,132,3,4
0,10,16.0,201,3,0,1,2,86,2,2
0,10,16.0,201,3,1,0,0,12,3,2
0,8,25.0,86,0,4,0,11,55,4,13
0,2,25.0,233,6,3,0,2,71,2,13
0,10,16.0,201,3,15,1,1,1,4,2
0,10,9.0,150,3,7,1,10,47,0,12
0,3,30.0,304,3,17,3,6,7,0,19
0,2,11.0,297,6,19,0,6,7,4,9
0,10,7.0,243,5,18,0,11,55,3,11
0,2,11.0,297,6,12,0,9,95,1,9
0,2,11.0,297,6,17,0,10,22,1,9
0,2,11.0,297,6,1,0,5,6,3,9
0,2,11.0,297,6,18,0,10,6,3,9
0,2,8.0,258,2,7,1,5,6,0,8
0,2,16.0,220,4,21,2,13,21,3,2
0,2,16.0,220,4,22,1,13,123,1,2
0,2,16.0,220,4,1,0,15,46,1,2
0,4,27.0,274,5,20,0,2,2,3,15
0,4,27.0,274,5,17,1,7,31,0,15
0,3,2.0,120,3,11,0,14,106,2,22
0,3,2.0,120,3,2,1,3,79,4,22
0,3,2.0,120,3,10,1,13,21,1,22
0,3,3.0,182,0,7,1,5,12,0,27
0,3,3.0,182,0,13,1,12,80,4,27
0,3,3.0,182,0,18,1,15,46,0,27
0,3,27.0,361,4,3,1,8,19,4,15
0,3,27.0,361,4,13,1,0,0,4,15
0,3,28.0,187,5,16,1,15,108,0,18
0,3,28.0,187,5,21,0,3,30,1,18
0,3,28.0,187,5,21,0,0,26,3,18
0,3,28.0,187,5,15,0,6,132,2,18
0,3,28.0,187,5,15,0,11,18,3,18
0,3,28.0,187,5,12,2,16,65,3,18
0,3,28.0,187,5,20,1,14,25,4,18
0,5,3.0,161,2,16,0,12,17,3,27
0,10,4.0,356,1,18,0,8,9,4,30
0,7,4.0,186,6,2,0,8,9,2,30
0,7,4.0,186,6,4,2,5,6,0,30
0,6,30.0,145,5,18,0,11,94,3,19
0,7,11.0,197,6,2,0,1,11,2,9
0,4,27.0,274,5,3,1,16,42,4,15
0,4,27.0,274,5,15,1,2,86,4,15
0,4,27.0,274,5,2,2,1,11,3,15
0,4,27.0,274,5,15,1,7,120,4,15
0,2,1.0,16,2,6,0,5,12,3,7
0,2,1.0,16,2,6,0,0,12,3,7
0,2,1.0,16,2,22,0,5,6,0,7
0,2,1.0,16,2,14,0,1,67,0,7
0,2,8.0,258,2,16,0,0,64,3,8
0,2,8.0,258,2,21,2,12,56,0,8
0,2,8.0,258,2,8,0,13,48,0,8
0,2,8.0,258,2,2,0,2,69,2,8
0,5,25.0,350,4,21,1,0,53,0,13
0,6,18.0,308,3,13,0,8,41,2,0
0,6,18.0,308,3,14,0,11,8,1,0
0,6,26.0,348,0,18,1,11,15,1,3
0,6,26.0,348,0,12,0,2,2,3,3
1,0,15.0,190,4,8,3,2,71,4,1
0,6,26.0,348,0,15,3,0,12,0,3
0,2,8.0,258,2,3,0,5,6,3,8
0,7,12.0,181,3,7,0,16,74,3,28
0,7,12.0,181,3,0,0,6,73,4,28
0,7,12.0,181,3,8,0,9,101,3,28
0,7,12.0,181,3,22,1,12,104,4,28
0,7,18.0,154,6,5,0,12,84,1,0
0,7,28.0,34,1,6,0,0,12,3,18
0,7,28.0,34,1,0,0,1,11,4,18
0,7,28.0,34,1,17,2,15,114,3,18
0,3,27.0,361,4,17,2,15,31,3,15
0,3,28.0,187,5,17,2,4,45,2,18
0,3,28.0,187,5,0,1,16,130,0,18
0,3,28.0,187,5,3,0,12,56,2,18
0,5,3.0,161,2,5,0,5,6,3,27
0,5,3.0,161,2,8,0,10,43,1,27
0,5,4.0,114,4,17,0,10,22,1,30
0,5,3.0,161,2,19,1,7,8,0,27
0,5,4.0,114,4,20,1,3,76,4,30
0,3,27.0,361,4,9,0,2,123,3,15
0,3,28.0,187,5,0,1,16,37,0,18
1,0,23.0,237,5,3,1,2,71,1,17
0,9,24.0,272,5,20,0,15,51,1,14
0,5,1.0,109,0,23,0,7,78,1,7
0,0,3.0,334,3,3,1,2,2,4,27
0,4,25.0,20,2,16,3,9,49,3,13
0,6,5.0,342,0,19,1,4,4,4,24
0,10,16.0,201,3,4,0,8,9,3,2
0,10,9.0,150,3,3,2,0,31,3,12
0,0,3.0,334,3,19,0,5,12,3,27
0,5,9.0,206,1,15,1,14,25,4,12
0,10,18.0,246,1,10,0,12,135,4,0
0,10,10.0,245,0,3,2,13,13,1,4
0,10,10.0,245,0,5,0,13,38,2,4
0,10,10.0,245,0,2,0,16,42,4,4
0,6,26.0,348,0,13,1,1,67,4,3
0,10,16.0,201,3,10,2,12,56,0,2
0,10,16.0,201,3,1,2,2,2,0,2
0,10,18.0,246,1,16,2,0,64,1,0
0,8,8.0,76,5,7,0,1,67,0,8
0,8,8.0,76,5,13,0,0,96,3,8
0,8,8.0,76,5,14,0,14,110,4,8
0,8,8.0,76,5,14,0,11,18,0,8
0,8,19.0,280,1,17,0,8,19,3,10
0,8,19.0,280,1,16,0,15,39,1,10
0,8,19.0,280,1,16,0,10,47,0,10
0,8,26.0,278,1,6,1,9,57,1,3
0,8,26.0,278,1,16,0,4,121,3,3
0,10,10.0,245,0,2,0,6,14,3,4
0,8,26.0,278,1,23,0,16,37,3,3
0,8,26.0,278,1,13,2,5,6,0,3
0,8,26.0,278,1,6,0,6,116,2,3
0,4,8.0,292,3,2,2,13,29,0,8
0,4,27.0,274,5,6,0,9,49,4,15
0,4,27.0,274,5,20,1,2,60,4,15
0,3,25.0,347,1,1,0,5,6,3,13
0,2,1.0,16,2,6,0,5,12,3,7
0,2,1.0,16,2,21,0,6,7,0,7
0,2,1.0,16,2,22,0,12,121,1,7
0,2,8.0,258,2,12,2,14,32,3,8
0,2,11.0,297,6,17,0,12,56,2,9
0,8,2.0,77,6,4,0,16,139,3,22
0,8,2.0,77,6,18,0,13,36,1,22
0,8,8.0,76,5,20,1,10,47,0,8
0,8,8.0,76,5,12,0,12,80,1,8
0,8,8.0,76,5,22,1,16,72,1,8
0,8,19.0,280,1,20,0,16,37,1,10
0,8,26.0,278,1,0,0,12,61,4,3
0,8,26.0,278,1,13,1,12,104,4,3
0,4,8.0,292,3,21,0,10,47,3,8
0,8,2.0,77,6,11,3,6,7,0,22
0,4,27.0,274,5,15,1,3,79,4,15
0,4,27.0,274,5,2,0,9,57,3,15
0,4,27.0,274,5,4,1,12,17,4,15
0,2,1.0,16,2,6,0,4,136,4,7
0,2,1.0,16,2,17,0,4,66,2,7
0,2,1.0,16,2,23,0,7,137,3,7
0,2,1.0,16,2,5,0,10,47,4,7
0,2,1.0,16,2,19,2,6,89,3,7
0,2,1.0,16,2,5,0,2,86,1,7
0,4,27.0,274,5,5,1,13,21,4,15
0,2,8.0,258,2,6,0,9,87,0,8
0,2,8.0,258,2,16,0,10,22,1,8
0,2,8.0,258,2,16,0,6,73,4,8
0,2,11.0,297,6,17,1,8,27,0,9
0,2,11.0,297,6,3,0,13,38,1,9
0,2,11.0,297,6,8,0,5,0,2,9
0,2,11.0,297,6,12,0,10,47,3,9
0,2,11.0,297,6,14,0,9,109,1,9
0,2,11.0,297,6,22,1,4,121,4,9
0,0,3.0,334,3,14,0,12,61,4,27
0,10,18.0,246,1,8,0,1,11,4,0
0,2,9.0,21,4,1,0,9,93,4,12
0,0,3.0,334,3,4,3,0,64,0,27
0,10,18.0,246,1,1,0,11,18,2,0
0,10,8.0,213,6,6,0,11,15,0,8
0,0,10.0,129,3,11,0,15,114,3,4
0,10,10.0,245,0,4,0,13,28,0,4
0,3,25.0,347,1,18,1,0,26,2,13
0,2,9.0,21,4,4,1,10,47,1,12
0,8,26.0,278,1,17,0,14,131,3,3
0,3,24.0,357,0,19,1,1,59,1,14
0,10,16.0,201,3,5,1,1,1,1,2
0,10,9.0,150,3,0,2,2,86,0,12
0,2,9.0,21,4,1,2,4,121,3,12
0,8,26.0,278,1,0,0,13,13,1,3
0,10,18.0,246,1,18,0,13,38,2,0
0,10,16.0,201,3,8,0,1,16,0,2
0,7,4.0,186,6,1,0,13,38,1,30
0,10,16.0,201,3,12,0,8,118,1,2
0,8,26.0,278,1,3,0,2,2,0,3
0,10,18.0,246,1,6,0,0,0,0,0
0,7,11.0,197,6,20,0,9,27,3,9
0,2,16.0,220,4,9,0,12,100,4,2
0,10,18.0,246,1,8,0,0,0,3,0
0,8,26.0,278,1,8,0,16,74,4,3
0,10,23.0,247,3,3,0,6,91,1,17
0,7,11.0,197,6,1,1,13,38,2,9
0,8,26.0,278,1,1,1,10,52,4,3
0,10,23.0,247,3,11,1,11,18,4,17
0,7,12.0,181,3,15,0,5,6,2,28
0,4,8.0,292,3,12,0,13,28,1,8
0,10,25.0,56,1,13,0,4,121,2,13
0,10,18.0,246,1,12,0,13,21,2,0
0,10,23.0,247,3,17,0,11,18,0,17
0,10,25.0,56,1,1,0,2,86,2,13
0,10,23.0,247,3,8,0,6,7,2,17
0,10,1.0,208,6,17,0,11,15,4,7
0,7,13.0,238,0,12,2,4,79,0,25
0,10,8.0,213,6,13,0,9,93,2,8
0,2,16.0,220,4,20,1,13,28,4,2
0,10,25.0,56,1,21,0,16,37,1,13
0,7,12.0,181,3,4,3,2,2,0,28
0,7,13.0,238,0,11,1,12,84,4,25
0,10,9.0,150,3,15,0,1,67,3,12
0,2,19.0,137,3,19,0,11,15,3,10
0,10,25.0,56,1,4,1,0,0,1,13
0,7,13.0,238,0,13,2,3,103,3,25
0,7,13.0,238,0,9,2,1,11,4,25
0,10,9.0,150,3,5,0,16,74,1,12
0,2,19.0,137,3,14,0,4,127,3,10
0,10,25.0,56,1,9,1,6,7,0,13
0,7,13.0,238,0,4,0,15,114,2,25
0,7,12.0,181,3,5,0,4,136,2,28
0,7,13.0,238,0,14,0,8,9,1,25
0,7,18.0,154,6,3,0,4,75,3,0
0,7,18.0,154,6,3,2,14,107,3,0
0,7,18.0,154,6,3,0,3,30,0,0
0,10,31.0,135,0,18,2,7,137,3,20
0,7,18.0,154,6,19,0,9,49,3,0
0,7,18.0,154,6,3,1,3,79,1,0
0,7,18.0,154,6,6,0,0,12,0,0
0,7,28.0,34,1,16,0,9,102,1,18
0,7,28.0,34,1,23,0,13,28,4,18
0,3,2.0,120,3,0,1,4,138,4,22
0,3,3.0,182,0,6,0,7,111,0,27
0,3,2.0,120,3,4,1,0,26,4,22
0,3,2.0,120,3,19,2,12,80,0,22
0,3,3.0,182,0,22,0,15,51,1,27
0,3,3.0,182,0,19,0,6,89,1,27
0,3,27.0,361,4,15,0,6,91,4,15
0,3,27.0,361,4,3,0,16,50,2,15
0,4,8.0,292,3,20,1,9,93,4,8
0,4,8.0,292,3,9,0,8,19,1,8
0,4,27.0,274,5,17,0,14,32,0,15
0,4,27.0,274,5,10,0,8,41,2,15
0,4,27.0,274,5,13,0,9,10,2,15
0,2,8.0,258,2,5,0,14,24,1,8
0,2,8.0,258,2,20,1,16,72,1,8
0,2,8.0,258,2,5,1,10,47,0,8
0,2,8.0,258,2,13,0,8,41,4,8
0,2,8.0,258,2,13,0,15,31,2,8
0,2,8.0,258,2,13,0,10,22,0,8
0,2,8.0,258,2,4,1,5,0,0,8
0,2,11.0,297,6,15,1,14,125,4,9
0,2,11.0,297,6,20,0,11,94,3,9
0,2,11.0,297,6,20,1,11,55,1,9
0,2,11.0,297,6,23,0,13,36,1,9
0,2,16.0,220,4,8,0,15,39,0,2
0,2,16.0,220,4,2,0,3,4,0,2
0,2,8.0,258,2,17,0,0,12,3,8
0,2,8.0,258,2,6,2,8,41,3,8
0,3,27.0,361,4,18,0,7,137,0,15
0,3,28.0,187,5,18,0,3,44,3,18
0,3,28.0,187,5,19,0,7,20,2,18
0,5,4.0,114,4,17,0,10,22,1,30
0,5,4.0,114,4,6,1,7,20,0,30
0,9,18.0,359,6,11,0,0,85,3,0
0,5,4.0,114,4,8,1,11,10,4,30
0,5,4.0,114,4,13,0,8,27,0,30
0,1,28.0,300,0,15,0,7,111,1,18
0,7,11.0,197,6,16,2,10,22,3,9
0,7,2.0,160,4,23,0,9,95,2,22
0,9,27.0,179,0,8,0,2,2,1,15
0,7,28.0,34,1,0,1,4,45,0,18
0,7,28.0,34,1,19,1,16,50,1,18
0,10,9.0,150,3,7,1,2,86,4,12
0,2,19.0,137,3,18,0,13,123,4,10
0,7,11.0,197,6,8,2,2,2,0,9
0,10,9.0,150,3,2,0,11,90,3,12
0,10,25.0,56,1,20,3,2,2,4,13
0,10,16.0,201,3,0,2,8,41,0,2
0,10,8.0,213,6,11,0,9,95,3,8
0,7,11.0,197,6,13,0,6,89,2,9
0,2,25.0,233,6,21,0,2,86,1,13
0,1,27.0,262,3,1,1,10,47,1,15
0,7,12.0,181,3,17,2,6,14,3,28
0,10,16.0,201,3,10,0,0,85,1,2
0,1,27.0,262,3,20,1,15,96,1,15
0,2,25.0,233,6,10,1,9,57,0,13
0,5,25.0,350,4,17,0,8,33,4,13
0,8,2.0,77,6,6,1,14,25,1,22
0,7,11.0,197,6,18,0,8,27,2,9
0,2,25.0,233,6,12,0,16,37,3,13
0,10,16.0,201,3,3,2,6,7,3,2
0,7,12.0,181,3,11,0,4,66,2,28
0,8,2.0,77,6,3,1,5,6,0,22
0,7,12.0,181,3,5,0,8,33,0,28
0,2,25.0,233,6,14,0,4,45,1,13
0,10,16.0,201,3,8,0,6,91,1,2
0,2,25.0,233,6,14,0,7,78,2,13
0,8,8.0,76,5,8,0,7,20,1,8
0,10,16.0,201,3,14,0,15,31,3,2
0,0,3.0,334,3,16,0,12,61,1,27
0,8,8.0,76,5,1,0,15,119,0,8
0,10,18.0,246,1,17,0,3,70,0,0
0,0,3.0,334,3,17,0,1,16,3,27
0,8,8.0,76,5,14,0,0,26,1,8
0,10,18.0,246,1,16,2,5,64,3,0
0,0,3.0,334,3,11,0,4,75,1,27
0,7,12.0,181,3,2,0,9,27,2,28
1,11,1.0,222,6,17,0,12,83,1,7
0,10,18.0,246,1,2,0,3,30,4,0
0,0,3.0,334,3,13,0,5,12,2,27
0,0,3.0,334,3,2,0,16,72,2,27
0,0,3.0,334,3,5,1,9,83,4,27
0,11,11.0,175,2,17,0,1,59,1,9
0,3,27.0,361,4,4,0,10,43,1,15
0,3,28.0,187,5,12,0,2,86,0,18
0,3,28.0,187,5,19,1,15,39,4,18
0,5,3.0,161,2,16,0,8,33,0,27
0,5,3.0,161,2,15,0,9,95,1,27
0,5,3.0,161,2,4,0,13,28,3,27
0,5,3.0,161,2,9,0,14,24,1,27
0,5,4.0,114,4,6,0,2,69,1,30
0,5,4.0,114,4,0,0,4,4,1,30
0,5,4.0,114,4,11,0,5,6,2,30
0,5,4.0,114,4,23,2,10,23,1,30
0,5,4.0,114,4,22,1,11,133,1,30
0,5,4.0,114,4,18,1,5,6,1,30
0,5,4.0,114,4,1,0,13,38,3,30
0,5,3.0,161,2,11,0,5,64,1,27
0,5,10.0,155,2,6,0,8,27,3,4
0,5,10.0,155,2,6,0,6,7,0,4
0,5,10.0,155,2,16,0,4,127,3,4
0,5,10.0,155,2,5,0,8,33,1,4
0,5,10.0,155,2,2,0,15,51,1,4
0,5,10.0,155,2,19,0,15,96,0,4
0,5,13.0,184,6,5,1,4,45,0,25
0,0,10.0,129,3,21,0,13,13,1,4
0,0,10.0,129,3,11,0,0,77,1,4
0,0,10.0,129,3,11,1,13,28,0,4
0,0,10.0,129,3,12,0,11,15,1,4
0,0,10.0,129,3,12,0,6,89,3,4
0,0,10.0,129,3,14,1,9,93,4,4
0,0,10.0,129,3,18,2,12,61,3,4
0,0,25.0,281,0,6,0,8,41,4,13
0,0,25.0,281,0,15,0,2,2,4,13
0,0,28.0,249,4,0,1,14,34,0,18
0,0,28.0,249,4,0,0,5,6,3,18
0,6,18.0,308,3,17,0,0,0,1,0
0,10,9.0,150,3,20,1,11,129,4,12
0,0,28.0,249,4,22,1,13,28,4,18
0,0,28.0,249,4,3,0,3,115,4,18
0,0,28.0,249,4,14,0,7,20,1,18
0,0,28.0,249,4,5,1,1,67,4,18
0,0,28.0,249,4,8,0,8,41,2,18
0,0,28.0,249,4,9,0,2,2,1,18
0,0,25.0,281,0,13,1,9,58,4,13
0,0,28.0,249,4,9,0,7,120,3,18
0,0,10.0,129,3,19,3,14,110,0,4
0,0,10.0,129,3,16,1,14,34,2,4
0,0,10.0,129,3,22,0,4,79,2,4
0,6,26.0,348,0,18,1,8,9,4,3
0,6,26.0,348,0,8,0,12,121,1,3
0,9,17.0,255,5,2,1,9,10,4,6
1,5,24.0,58,1,17,0,12,61,4,14
0,7,12.0,181,3,9,0,14,24,3,28
0,9,17.0,255,5,16,0,14,24,1,6
0,7,13.0,238,0,6,0,4,5,1,25
0,7,13.0,238,0,7,1,9,27,0,25
1,6,17.0,244,5,19,0,14,24,1,6
0,10,23.0,247,3,5,0,8,27,3,17
1,11,24.0,194,0,2,1,7,20,4,14
1,6,27.0,116,0,14,0,8,41,1,15
1,2,12.0,128,6,22,0,6,14,0,28
1,9,17.0,255,4,17,0,11,18,1,6
1,1,26.0,248,5,14,0,3,44,3,3
1,10,1.0,208,5,17,0,3,103,4,7
1,4,26.0,80,2,13,1,8,9,4,3
0,11,29.0,270,3,14,1,15,108,0,16
1,2,10.0,28,4,2,1,10,23,2,4
1,2,13.0,276,3,17,0,5,12,2,25
1,2,27.0,136,3,1,1,8,118,0,15
0,10,5.0,336,2,8,3,14,106,4,24
0,11,19.0,321,4,13,0,2,40,2,10
0,9,9.0,320,4,17,0,5,12,1,12
0,9,9.0,320,4,4,1,9,102,0,12
0,7,3.0,269,5,15,0,9,54,2,27
0,10,21.0,341,5,5,1,3,115,4,21
0,4,29.0,313,3,6,1,1,81,4,16
0,5,12.0,327,5,8,0,6,89,2,28
1,0,1.0,8,4,13,0,4,4,1,7
1,1,1.0,203,0,11,0,8,41,1,7
0,9,9.0,320,4,13,0,14,24,1,12
0,10,1.0,208,6,4,0,7,122,2,7
0,8,2.0,77,6,19,3,11,98,4,22
0,8,19.0,280,1,16,0,5,12,3,10
0,8,19.0,280,1,23,0,8,118,4,10
0,8,19.0,280,1,16,1,9,93,4,10
0,8,19.0,280,1,0,2,0,26,3,10
0,8,19.0,280,1,16,0,8,27,0,10
0,8,19.0,280,1,2,0,5,6,3,10
0,8,19.0,280,1,8,0,2,13,2,10
0,8,19.0,280,1,4,0,7,78,3,10
0,8,26.0,278,1,16,0,10,6,2,3
0,8,26.0,278,1,5,0,7,20,1,3
0,8,26.0,278,1,17,1,11,18,1,3
0,8,26.0,278,1,1,0,5,12,0,3
0,4,8.0,292,3,11,0,16,37,4,8
0,4,8.0,292,3,13,0,15,39,2,8
0,4,8.0,292,3,21,1,5,6,0,8
0,4,8.0,292,3,10,2,16,108,3,8
0,10,25.0,56,1,19,0,2,92,1,13
0,10,25.0,56,1,19,2,8,118,1,13
0,10,25.0,56,1,1,0,0,26,3,13
0,10,25.0,56,1,4,0,13,29,1,13
0,1,2.0,171,2,18,0,3,70,1,22
0,6,18.0,308,3,2,0,3,30,2,0
0,1,26.0,248,6,17,2,11,133,3,3
0,1,26.0,248,6,11,2,15,51,3,3
0,1,26.0,248,6,15,0,10,23,1,3
0,1,26.0,248,6,3,0,0,12,1,3
0,1,26.0,248,6,1,2,8,65,0,3
0,1,27.0,262,3,0,0,1,105,0,15
0,8,2.0,77,6,23,0,14,25,1,22
0,10,23.0,247,3,12,0,2,2,4,17
0,10,23.0,247,3,11,1,2,2,1,17
0,10,25.0,56,1,6,0,11,18,1,13
1,9,9.0,320,2,18,0,14,32,1,12
0,10,25.0,56,1,8,1,9,95,4,13
0,1,2.0,171,2,6,0,8,41,3,22
0,1,2.0,171,2,13,0,2,2,3,22
0,1,2.0,171,2,22,0,9,87,1,22
0,1,26.0,248,6,13,3,3,30,1,3
0,1,26.0,248,6,2,0,13,28,0,3
0,1,26.0,248,6,12,0,13,29,2,3
0,1,26.0,248,6,12,0,11,18,1,3
0,1,26.0,248,6,8,1,13,36,1,3
0,1,27.0,262,3,20,1,6,7,1,15
0,1,27.0,262,3,20,0,5,64,0,15
1,2,21.0,108,0,13,1,14,32,4,21
1,1,20.0,151,6,9,0,13,69,4,29
1,2,26.0,3,6,8,3,14,25,0,3
1,2,26.0,3,6,14,0,10,47,1,3
1,2,26.0,3,6,14,0,8,9,0,3
1,2,26.0,3,6,4,0,3,70,3,3
1,2,28.0,257,0,6,2,10,22,3,18
1,2,28.0,257,0,3,0,0,53,0,18
1,2,28.0,257,0,4,0,0,0,1,18
0,11,26.0,364,4,13,0,13,69,2,3
0,9,21.0,362,1,2,1,13,69,0,21
1,2,28.0,257,0,20,1,2,92,1,18
1,0,2.0,47,5,21,1,13,28,0,22
1,0,12.0,113,0,4,0,2,92,0,28
1,0,12.0,113,0,4,0,16,39,0,28
1,0,12.0,113,0,18,0,10,23,2,28
1,0,12.0,113,0,19,0,2,60,1,28
1,0,20.0,172,1,15,0,6,14,4,29
1,0,20.0,172,1,2,0,1,67,0,29
1,0,20.0,172,1,2,1,4,5,1,29
0,1,27.0,262,3,2,0,11,117,3,15
0,1,27.0,262,3,1,2,16,108,3,15
0,8,2.0,77,6,3,0,12,61,3,22
1,7,17.0,95,4,1,0,14,131,1,6
1,7,24.0,68,4,22,0,10,22,0,14
1,7,27.0,53,3,10,0,2,13,4,15
1,10,20.0,223,2,22,1,11,15,0,29
1,6,19.0,291,3,8,1,12,84,0,10
1,10,25.0,56,0,12,1,2,123,1,13
1,10,25.0,56,0,13,1,2,2,1,13
1,8,26.0,278,0,18,0,5,6,3,3
1,8,12.0,284,0,11,1,6,91,4,28
1,0,13.0,198,1,16,0,0,53,3,25
1,0,13.0,198,1,1,1,2,3,4,25
1,1,11.0,111,4,14,1,4,4,0,9
1,8,2.0,77,5,17,0,16,50,3,22
1,6,20.0,215,0,11,3,10,22,4,29
1,4,27.0,274,4,12,1,5,6,0,15
1,4,27.0,274,4,5,1,2,2,2,15
0,11,2.0,265,0,13,1,16,74,1,22
1,6,17.0,244,5,4,1,9,58,4,6
1,6,17.0,244,5,11,0,7,20,1,6
1,6,17.0,244,5,12,0,12,80,1,6
1,6,17.0,244,5,20,0,14,25,1,6
1,10,1.0,208,5,13,0,9,54,2,7
1,10,27.0,302,2,7,1,1,1,0,15
1,2,13.0,276,3,1,1,12,61,1,25
1,2,19.0,137,6,13,1,2,2,0,10
1,2,27.0,136,3,19,3,1,67,3,15
1,8,9.0,124,5,12,1,6,7,0,12
1,4,10.0,79,0,14,0,10,22,1,4
0,11,29.0,270,3,18,1,6,14,0,16
1,8,9.0,124,5,3,3,10,47,0,12
1,2,19.0,137,6,5,1,9,101,4,10
1,8,9.0,124,5,13,3,14,25,2,12
1,11,1.0,222,6,6,0,12,104,1,7
1,2,27.0,136,3,3,1,4,136,1,15
0,3,4.0,285,1,0,0,0,64,3,30
1,2,12.0,128,6,13,3,4,82,1,28
1,0,28.0,249,2,13,1,3,30,1,18
1,0,10.0,129,6,11,0,9,9,0,4
1,8,2.0,77,5,22,0,2,2,1,22
1,4,17.0,19,0,2,0,5,12,1,6
1,2,3.0,282,4,11,0,8,27,2,27
1,2,3.0,282,4,2,0,2,2,1,27
1,2,1.0,16,1,21,0,10,47,3,7
0,7,20.0,266,0,13,0,4,75,1,29
1,4,1.0,144,6,20,0,14,32,1,7
0,9,1.0,126,2,17,0,15,51,0,7
0,6,5.0,342,0,8,0,2,69,0,24
0,5,19.0,146,5,22,0,12,61,1,10
0,10,3.0,310,0,9,0,11,98,2,27
0,10,3.0,310,0,19,2,4,45,3,27
1,2,1.0,16,1,6,0,5,6,0,7
0,11,1.0,222,3,16,0,9,95,2,7
0,6,10.0,149,6,22,1,15,119,4,4
0,5,19.0,146,5,2,3,9,87,3,10
0,10,2.0,358,3,6,0,13,13,0,22
0,7,20.0,266,0,9,0,8,27,0,29
0,10,3.0,310,0,1,2,10,47,3,27
1,2,1.0,16,1,17,0,0,0,0,7
0,11,1.0,222,3,16,0,0,0,0,7
0,10,13.0,346,4,0,0,16,37,1,25
0,5,20.0,214,6,10,0,8,118,3,29
0,10,13.0,346,4,19,0,9,102,4,25
0,7,20.0,266,0,13,1,2,2,1,29
1,2,1.0,16,1,21,0,10,43,1,7
0,10,2.0,358,3,9,2,8,118,3,22
0,6,3.0,99,6,19,2,16,72,2,27
0,10,13.0,346,4,6,1,3,30,2,25
1,2,29.0,140,1,12,1,13,48,0,16
0,10,3.0,310,0,6,0,0,53,4,27
0,1,12.0,353,6,7,0,10,47,3,28
0,3,11.0,337,1,0,0,9,87,4,9
1,4,29.0,313,6,4,0,4,4,1,16
0,10,3.0,310,0,19,0,10,47,3,27
0,11,1.0,222,3,21,0,7,62,4,7
0,9,9.0,320,4,17,0,8,33,3,12
0,9,9.0,320,4,22,0,10,22,1,12
0,9,9.0,320,4,2,0,2,3,2,12
0,9,9.0,320,4,4,0,14,25,0,12
1,5,18.0,195,2,19,0,13,21,3,0
1,5,17.0,212,1,5,0,5,12,0,6
1,5,24.0,58,1,2,0,2,69,0,14
1,5,24.0,58,1,9,1,12,17,4,14
1,6,17.0,244,5,17,1,10,6,0,6
1,6,17.0,244,5,20,0,2,3,3,6
1,6,17.0,244,5,5,1,10,6,0,6
1,6,17.0,244,5,2,0,0,26,2,6
1,6,17.0,244,5,14,2,16,72,3,6
1,6,25.0,39,6,16,2,14,126,3,13
1,6,25.0,39,6,5,0,10,43,1,13
1,6,25.0,39,6,18,1,13,48,2,13
1,6,25.0,39,6,9,0,13,29,2,13
1,6,27.0,116,0,8,2,2,2,0,15
1,6,27.0,116,0,8,0,9,9,3,15
1,10,1.0,208,5,17,0,13,21,0,7
1,10,1.0,208,5,6,1,10,47,0,7
1,7,21.0,81,0,12,1,11,90,2,21
1,11,14.0,147,5,18,3,14,126,4,5
1,11,31.0,227,0,12,0,8,27,1,20
1,6,13.0,317,0,12,0,1,11,4,25
1,10,4.0,356,0,19,3,13,48,0,30
1,11,31.0,227,0,22,2,1,59,4,20
1,7,3.0,269,4,0,0,7,78,3,27
1,3,6.0,303,2,13,2,8,118,2,23
1,3,6.0,303,2,19,1,4,136,4,23
1,11,14.0,147,5,12,2,10,23,2,5
1,5,29.0,24,3,5,1,0,26,0,16
1,9,23.0,167,2,12,0,9,93,4,17
0,11,1.0,222,3,23,0,0,26,1,7
0,11,2.0,265,0,22,0,0,77,3,22
0,11,2.0,265,0,4,1,9,10,1,22
0,11,3.0,288,1,11,0,13,38,2,27
0,11,3.0,288,1,14,2,16,74,3,27
0,11,4.0,275,2,11,0,15,39,4,30
0,11,4.0,275,2,22,0,1,105,1,30
0,11,4.0,275,2,8,0,13,48,1,30
0,11,2.0,265,0,17,1,14,32,1,22
0,11,20.0,340,5,17,0,9,134,0,29
0,11,20.0,340,5,4,0,10,47,0,29
0,3,30.0,304,3,13,0,6,89,2,19
0,5,19.0,146,5,19,0,0,64,3,10
0,5,20.0,214,6,8,0,14,34,3,29
0,5,20.0,214,6,12,0,0,26,3,29
0,5,20.0,214,6,20,1,12,104,4,29
0,5,21.0,351,3,5,0,0,77,1,21
0,5,21.0,351,3,3,0,14,25,3,21
0,5,22.0,163,0,16,0,11,15,1,26
0,5,30.0,294,1,0,0,7,62,1,19
0,5,30.0,294,1,13,0,2,86,1,19
1,10,1.0,208,5,21,0,13,99,3,7
1,10,1.0,208,5,23,0,8,33,3,7
1,4,19.0,142,2,2,0,14,25,3,10
1,3,17.0,54,3,22,0,3,30,1,6
1,1,1.0,203,0,17,0,11,18,1,7
1,10,1.0,208,5,0,1,5,6,0,7
1,10,1.0,208,5,3,0,8,41,4,7
1,10,1.0,208,5,4,1,14,32,4,7
1,10,10.0,245,3,20,0,6,7,2,4
1,1,1.0,203,0,10,3,14,25,0,7
1,1,1.0,203,0,8,0,5,64,1,7
1,1,2.0,171,1,9,0,16,50,3,22
1,1,3.0,188,2,14,0,13,48,0,27
1,1,3.0,188,2,9,2,2,69,3,27
1,1,17.0,63,2,17,0,9,63,1,6
1,1,17.0,63,2,3,0,12,80,3,6
1,1,17.0,63,2,15,0,7,137,1,6
1,1,19.0,29,5,0,0,2,92,1,10
1,1,19.0,29,5,19,0,4,66,0,10
0,5,30.0,294,1,22,0,6,89,1,19
0,5,22.0,163,0,15,1,10,47,0,26
0,5,20.0,214,6,13,0,16,42,2,29
1,2,1.0,16,1,18,0,13,29,2,7
0,1,12.0,353,6,15,1,13,38,4,28
0,3,11.0,337,1,4,0,14,107,1,9
0,10,13.0,346,4,21,1,10,47,0,25
0,10,13.0,346,4,12,0,3,79,1,25
0,6,3.0,99,6,11,0,12,83,2,27
0,5,20.0,214,6,14,0,12,84,1,29
1,4,3.0,279,0,5,1,14,97,4,27
0,1,13.0,207,3,22,0,5,12,0,25
0,3,11.0,337,1,5,0,9,87,0,9
0,10,2.0,358,3,9,2,13,21,3,22
0,1,12.0,353,6,6,0,13,38,0,28
0,10,13.0,346,4,14,0,6,128,3,25
0,5,21.0,351,3,2,2,5,47,2,21
1,2,1.0,16,1,0,0,5,12,3,7
0,3,11.0,337,1,14,0,0,31,1,9
0,10,3.0,310,0,1,0,0,85,1,27
0,1,12.0,353,6,3,0,7,8,2,28
0,1,12.0,353,6,16,0,1,35,3,28
0,6,5.0,342,0,0,0,13,28,1,24
0,6,5.0,342,0,21,0,14,24,2,24
1,2,1.0,16,1,2,3,5,6,0,7
0,6,5.0,342,0,2,0,0,77,1,24
0,6,5.0,342,0,2,0,10,43,1,24
0,6,5.0,342,0,18,0,8,27,1,24
0,6,10.0,149,6,16,0,12,80,3,4
0,6,10.0,149,6,21,1,4,45,4,4
1,2,29.0,140,1,12,0,15,31,0,16
0,3,30.0,304,3,15,0,3,30,2,19
0,5,19.0,146,5,17,0,10,23,1,10
0,5,19.0,146,5,9,0,9,102,1,10
0,5,19.0,146,5,16,0,0,12,3,10
0,5,19.0,146,5,1,2,0,26,3,10
0,5,20.0,214,6,14,0,10,47,3,29
0,5,21.0,351,3,6,0,5,6,0,21
1,1,26.0,248,5,8,0,11,18,0,3
1,1,26.0,248,5,19,0,1,11,4,3
1,1,26.0,248,5,4,3,5,12,3,3
1,1,26.0,248,5,14,0,13,21,2,3
1,8,4.0,299,3,0,0,13,21,1,30
1,8,4.0,299,3,20,1,0,68,2,30
1,8,11.0,306,3,13,0,9,101,1,9
1,8,11.0,306,3,12,0,5,6,0,9
1,8,11.0,306,3,19,0,12,17,0,9
1,8,11.0,306,3,8,1,4,121,4,9
1,8,19.0,280,0,15,1,14,88,4,10
1,2,12.0,128,6,13,2,10,22,3,28
1,2,12.0,128,6,3,1,13,21,1,28
1,2,12.0,128,6,20,1,0,31,4,28
1,2,13.0,276,3,1,2,13,29,3,25
1,2,19.0,137,6,20,1,0,64,4,10
1,10,27.0,302,2,16,1,8,19,0,15
1,2,27.0,136,3,22,0,13,28,0,15
1,2,27.0,136,3,19,0,0,64,1,15
1,0,1.0,8,4,12,1,9,102,4,7
1,0,28.0,249,2,13,0,10,52,1,18
0,11,18.0,332,2,17,1,8,27,4,0
0,11,19.0,321,4,15,1,9,49,1,10
0,5,21.0,351,3,13,0,1,59,4,21
0,5,19.0,146,5,11,2,10,47,1,10
0,5,21.0,351,3,1,1,13,48,4,21
0,5,30.0,294,1,6,0,12,61,3,19
0,5,30.0,294,1,9,0,8,33,1,19
0,6,2.0,352,5,23,0,0,68,3,22
0,5,2.0,307,1,13,0,13,13,4,22
0,6,2.0,352,5,8,0,11,133,0,22
0,6,3.0,99,6,12,0,6,7,3,27
0,6,3.0,99,6,12,0,16,50,1,27
0,6,5.0,342,0,23,1,2,2,0,24
0,6,5.0,342,0,3,1,10,23,1,24
0,6,5.0,342,0,1,0,8,41,1,24
0,6,10.0,149,6,2,0,15,108,1,4
0,5,22.0,163,0,14,0,0,26,0,26
0,5,21.0,351,3,4,0,12,56,1,21
0,5,30.0,294,1,21,0,14,107,3,19
0,6,2.0,352,5,2,0,5,6,0,22
0,6,3.0,99,6,3,2,3,30,3,27
0,6,3.0,99,6,2,2,16,50,0,27
0,11,19.0,321,4,3,1,14,126,1,10
0,11,27.0,322,5,6,0,5,12,1,15
0,5,29.0,24,0,8,1,0,85,1,16
0,5,29.0,24,0,9,0,10,23,3,16
0,6,29.0,335,4,10,1,14,125,4,16
0,10,12.0,333,2,6,0,9,9,1,28
0,1,5.0,219,6,14,0,6,7,0,24
0,1,19.0,29,6,22,0,4,127,1,10
0,11,27.0,322,5,22,0,2,86,1,15
0,11,29.0,270,3,10,0,15,51,1,16
0,11,29.0,270,3,22,0,1,67,2,16
0,11,28.0,123,6,13,0,5,12,3,18
0,9,9.0,320,4,10,3,8,41,1,12
0,9,9.0,320,4,12,0,7,20,0,12
1,8,19.0,280,0,12,0,8,41,4,10
1,8,20.0,319,1,16,0,16,130,3,29
1,8,20.0,319,1,21,1,0,64,0,29
1,8,20.0,319,1,18,0,8,19,4,29
1,8,27.0,78,1,16,2,4,75,3,15
1,8,27.0,78,1,12,0,0,64,3,15
1,8,27.0,78,1,12,1,0,26,1,15
1,8,28.0,224,2,22,1,9,10,4,18
1,8,28.0,224,2,18,2,10,47,0,18
0,6,3.0,99,6,18,0,5,12,3,27
0,6,5.0,342,0,20,1,9,54,4,24
0,6,5.0,342,0,18,0,3,115,3,24
0,6,5.0,342,0,22,1,2,13,1,24
0,10,3.0,310,0,18,2,0,77,3,27
1,2,1.0,16,1,19,1,13,29,1,7
0,3,11.0,337,1,14,1,2,123,0,9
0,1,12.0,353,6,8,1,8,27,1,28
0,5,22.0,163,0,11,0,1,59,1,26
0,1,13.0,207,3,6,0,11,15,1,25
0,5,21.0,351,3,22,0,5,6,2,21
0,1,13.0,207,3,10,1,16,50,4,25
0,10,13.0,346,4,16,0,5,12,0,25
0,3,11.0,337,1,18,1,4,75,4,9
1,2,3.0,282,4,6,1,11,94,0,27
0,1,13.0,207,3,20,1,9,63,4,25
0,1,12.0,353,6,13,1,13,13,1,28
0,5,22.0,163,0,8,0,4,79,2,26
0,1,13.0,207,3,3,1,8,65,4,25
0,3,13.0,210,4,15,3,12,80,1,25
1,2,3.0,282,4,12,3,3,70,4,27
0,1,21.0,45,0,8,1,14,24,1,21
0,3,4.0,285,1,3,0,1,1,3,30
0,5,30.0,294,1,2,2,2,92,3,19
0,10,13.0,346,4,0,0,4,121,3,25
0,1,21.0,45,0,12,2,6,89,3,21
0,3,13.0,210,4,22,0,9,134,2,25
0,3,18.0,165,1,20,0,14,32,2,0
0,3,18.0,165,1,13,0,15,114,3,0
0,3,18.0,165,1,8,0,10,47,0,0
0,3,18.0,165,1,14,1,13,99,0,0
0,3,20.0,105,4,3,1,9,95,1,29
0,3,20.0,105,4,20,1,4,45,4,29
0,3,21.0,338,5,3,0,9,93,1,21
0,3,12.0,104,2,6,0,5,12,3,28
0,3,21.0,338,5,9,0,12,84,3,21
0,3,30.0,304,3,10,0,1,67,1,19
0,5,1.0,109,0,19,2,8,118,3,7
0,5,1.0,109,0,20,0,8,9,2,7
0,9,6.0,51,0,2,2,16,42,3,23
1,9,13.0,91,3,1,0,1,67,4,25
1,9,13.0,91,3,2,2,14,25,3,25
1,7,4.0,186,5,8,0,13,38,2,30
1,7,14.0,125,0,1,3,6,7,2,5
0,11,19.0,321,4,14,0,16,65,0,10
0,11,27.0,322,5,15,2,10,52,3,15
0,11,27.0,322,5,13,0,13,48,1,15
0,11,27.0,322,5,8,0,5,12,0,15
0,11,27.0,322,5,3,1,9,83,1,15
0,11,27.0,322,5,20,0,11,117,2,15
0,11,27.0,322,5,19,1,1,1,4,15
0,11,27.0,322,5,18,1,8,118,0,15
0,11,28.0,123,6,4,2,16,108,3,18
0,11,28.0,123,6,14,2,8,27,3,18
0,11,28.0,123,6,0,1,0,12,0,18
0,11,29.0,270,3,15,0,1,11,4,16
0,11,29.0,270,3,18,2,4,103,3,16
0,9,2.0,323,4,4,0,6,7,3,22
0,9,2.0,323,4,1,2,13,13,0,22
0,9,2.0,323,4,1,0,13,29,0,22
1,0,18.0,0,3,3,3,13,99,0,0
0,3,30.0,304,3,13,1,9,134,1,19
1,2,1.0,16,1,19,0,3,115,4,7
0,5,2.0,307,1,17,0,5,12,0,22
0,5,2.0,307,1,11,0,9,134,4,22
0,5,2.0,307,1,7,1,16,50,1,22
1,2,1.0,16,1,6,0,11,133,2,7
1,2,29.0,140,1,0,0,15,46,2,16
1,2,29.0,140,1,5,2,9,102,3,16
1,2,29.0,140,1,1,0,0,53,2,16
1,0,3.0,334,6,2,0,16,74,3,27
1,0,4.0,229,3,15,1,12,84,1,30
1,0,4.0,229,3,12,1,14,107,4,30
1,0,10.0,129,6,3,3,15,39,0,4
1,0,11.0,10,3,9,0,0,64,2,9
1,0,11.0,10,3,1,0,5,6,0,9
1,0,13.0,198,1,19,0,6,89,1,25
1,0,18.0,0,3,23,0,2,2,1,0
1,0,18.0,0,3,22,1,12,56,1,0
1,0,18.0,0,3,15,1,15,119,4,0
1,0,18.0,0,3,9,0,2,86,0,0
1,0,18.0,0,3,9,0,16,139,2,0
1,0,21.0,287,2,17,0,4,127,1,21
1,0,21.0,287,2,17,1,11,94,2,21
1,0,21.0,287,2,21,0,9,27,1,21
1,0,21.0,287,2,6,0,1,81,1,21
1,0,21.0,287,2,14,0,6,89,0,21
1,0,21.0,287,2,8,1,7,57,2,21
1,0,21.0,287,2,9,0,13,48,3,21
1,0,21.0,287,2,9,0,7,20,4,21
1,0,30.0,228,5,17,0,12,80,1,19
1,0,30.0,228,5,6,0,16,50,1,19
1,0,30.0,228,5,8,0,3,30,0,19
1,0,30.0,228,5,5,1,11,10,4,19
1,0,30.0,228,5,1,0,8,118,3,19
0,1,21.0,45,0,9,0,13,69,4,21
0,3,4.0,285,1,11,2,5,6,0,30
0,6,2.0,352,5,3,0,10,23,1,22
0,1,22.0,164,1,8,0,11,18,0,26
0,10,13.0,346,4,3,2,10,43,3,25
0,3,4.0,285,1,8,2,16,50,1,30
0,1,21.0,45,0,18,1,0,68,0,21
0,6,2.0,352,5,19,0,3,79,1,22
0,3,20.0,105,4,17,1,14,25,0,29
0,7,29.0,268,2,22,0,7,137,3,16
0,3,4.0,285,1,14,0,13,28,3,30
0,10,13.0,346,4,1,0,4,138,4,25
0,1,21.0,45,0,18,0,15,112,1,21
0,6,2.0,352,5,1,2,3,30,3,22
0,3,20.0,105,4,22,2,4,75,0,29
0,3,1.0,180,6,3,2,15,51,3,7
0,3,5.0,324,2,9,0,2,2,1,24
0,1,12.0,353,6,3,0,0,12,0,28
0,1,30.0,100,2,3,0,2,2,0,19
0,6,3.0,99,6,20,1,9,95,4,27
0,3,5.0,324,2,17,1,1,67,0,24
1,0,18.0,0,3,20,1,1,35,4,0
0,3,5.0,324,2,1,0,13,38,1,24
0,1,30.0,100,2,23,1,11,133,0,19
0,5,20.0,214,6,18,0,8,41,2,29
0,1,12.0,353,6,0,1,11,18,0,28
0,6,5.0,342,0,14,0,2,86,4,24
1,0,21.0,287,2,17,1,13,28,0,21
0,3,20.0,105,4,1,0,12,80,3,29
0,3,5.0,324,2,9,1,15,46,1,24
0,1,30.0,100,2,13,0,3,103,3,19
0,3,4.0,285,1,3,0,9,95,2,30
0,6,10.0,149,6,11,0,9,93,0,4
0,6,10.0,149,6,22,0,2,40,1,4
0,3,21.0,338,5,16,0,8,9,1,21
0,11,18.0,332,2,6,0,14,25,3,0
0,11,29.0,270,3,2,1,4,45,1,16
0,3,10.0,4,0,3,0,13,13,1,4
0,6,10.0,149,6,2,0,8,27,4,4
1,0,22.0,241,4,11,1,5,64,1,26
1,0,21.0,287,2,20,0,5,6,3,21
0,11,28.0,123,6,2,0,1,11,3,18
0,6,10.0,149,6,9,0,13,38,3,4
0,9,2.0,323,4,0,1,15,119,0,22
0,5,1.0,109,0,12,1,16,108,1,7
0,7,26.0,316,3,17,0,5,12,0,3
0,6,10.0,149,6,20,1,1,105,4,4
1,0,21.0,287,2,5,0,1,11,1,21
0,9,9.0,320,4,6,0,9,134,1,12
1,4,2.0,141,3,8,0,8,19,2,22
0,9,2.0,323,4,10,1,0,26,0,22
0,5,9.0,206,1,4,1,0,12,0,12
0,7,26.0,316,3,15,0,5,6,0,3
0,5,12.0,327,5,20,0,13,38,0,28
0,7,1.0,98,2,0,2,13,29,4,7
1,9,4.0,295,5,8,1,14,25,4,30
1,4,4.0,178,1,17,0,10,47,0,30
0,9,2.0,323,4,13,0,11,90,1,22
0,7,27.0,53,0,21,1,9,83,1,15
0,7,1.0,98,2,13,2,11,133,0,7
1,11,4.0,275,1,11,0,8,33,1,30
1,4,4.0,178,1,13,0,11,90,3,30
0,7,1.0,98,2,4,0,10,52,3,7
1,4,4.0,178,1,8,1,16,65,4,30
1,6,15.0,49,2,18,0,15,39,1,1
0,9,2.0,323,4,22,0,6,128,1,22
0,5,29.0,24,0,8,0,9,95,2,16
0,7,27.0,53,0,13,1,12,17,4,15
1,0,21.0,287,2,16,0,0,12,3,21
0,7,1.0,98,2,14,2,1,16,3,7
1,4,4.0,178,1,18,0,5,6,3,30
1,8,15.0,72,4,5,0,8,41,1,1
0,9,2.0,323,4,8,0,7,20,2,22
1,2,12.0,128,6,13,1,14,131,1,28
0,7,27.0,53,0,8,0,9,95,1,15
0,10,11.0,298,1,1,0,13,21,3,9
1,1,1.0,203,0,17,0,13,21,1,7
1,5,14.0,36,6,13,1,13,48,0,5
1,1,24.0,64,2,21,0,12,61,1,14
1,4,6.0,176,4,19,3,12,104,0,23
1,2,9.0,21,2,4,2,1,16,3,12
1,2,9.0,21,2,19,0,5,6,3,12
1,2,10.0,28,4,17,0,0,53,3,4
1,2,10.0,28,4,15,0,2,92,1,4
1,2,10.0,28,4,8,0,5,6,3,4
0,3,19.0,138,2,9,0,2,2,1,10
1,2,9.0,21,2,9,0,10,12,0,12
1,2,12.0,128,6,13,0,2,71,4,28
1,2,12.0,128,6,1,2,8,118,4,28
1,2,13.0,276,3,7,2,14,88,4,25
1,2,13.0,276,3,8,0,14,25,2,25
1,2,13.0,276,3,13,1,2,123,4,25
1,2,13.0,276,3,15,1,11,18,1,25
1,2,13.0,276,3,1,0,4,66,2,25
1,2,19.0,137,6,17,0,6,128,1,10
1,2,12.0,128,6,13,0,13,99,2,28
1,2,19.0,137,6,0,0,10,47,1,10
1,2,19.0,137,6,15,0,8,41,1,10
1,2,19.0,137,6,3,0,8,9,3,10
1,2,19.0,137,6,15,1,4,82,1,10
1,2,27.0,136,3,11,0,12,83,3,15
0,3,20.0,105,4,14,1,14,97,4,29
0,3,21.0,338,5,13,0,10,12,2,21
0,3,30.0,304,3,5,0,12,100,4,19
0,3,30.0,304,3,9,1,12,17,0,19
0,5,2.0,307,1,16,0,7,120,0,22
0,5,19.0,146,5,4,0,8,41,1,10
0,5,20.0,214,6,2,0,9,93,3,29
0,5,20.0,214,6,14,0,5,6,2,29
0,5,21.0,351,3,16,0,10,47,0,21
0,5,21.0,351,3,21,0,9,57,2,21
0,5,22.0,163,0,12,0,8,19,3,26
0,5,22.0,163,0,2,0,0,68,0,26
0,5,30.0,294,1,6,0,8,118,4,19
0,5,30.0,294,1,16,0,0,26,1,19
0,5,30.0,294,1,2,0,8,118,0,19
0,5,30.0,294,1,14,2,1,67,4,19
0,6,2.0,352,5,0,1,11,18,0,22
0,6,2.0,352,5,2,0,7,57,0,22
0,6,2.0,352,5,1,0,10,23,1,22
0,6,2.0,352,5,9,1,0,0,1,22
0,5,2.0,307,1,14,0,11,90,1,22
0,5,2.0,307,1,12,0,16,37,4,22
1,2,27.0,136,3,12,1,15,51,1,15
1,0,1.0,8,4,17,0,2,40,4,7
1,0,1.0,8,4,11,1,13,38,4,7
1,2,19.0,137,6,15,1,4,138,4,10
1,0,28.0,249,2,22,1,6,89,1,18
0,11,18.0,332,2,6,0,2,86,4,0
0,11,18.0,332,2,16,0,10,22,1,0
0,5,18.0,195,4,9,1,14,88,1,0
0,5,18.0,195,4,19,1,14,25,0,0
0,11,18.0,332,2,23,1,14,131,0,0
0,11,18.0,332,2,12,0,3,44,3,0
0,11,19.0,321,4,16,0,16,139,1,10
0,11,19.0,321,4,0,1,0,53,0,10
0,11,19.0,321,4,15,0,6,89,4,10
0,11,19.0,321,4,12,1,4,75,0,10
0,11,19.0,321,4,15,1,9,49,1,10
0,11,27.0,322,5,15,0,12,17,4,15
0,11,27.0,322,5,5,0,14,106,2,15
0,11,27.0,322,5,2,2,3,76,0,15
0,11,28.0,123,6,4,0,2,2,0,18
0,11,19.0,321,4,15,0,1,11,2,10
0,3,19.0,138,2,16,1,0,12,1,10
0,3,19.0,138,2,16,0,7,57,2,10
0,5,18.0,195,4,19,1,7,137,0,0
1,2,13.0,276,3,17,0,11,90,1,25
0,7,3.0,269,5,22,0,12,104,2,27
1,4,9.0,18,3,14,0,11,98,4,12
0,9,2.0,323,4,2,0,2,86,3,22
0,7,27.0,53,0,8,0,13,28,0,15
1,2,12.0,128,6,11,1,1,67,4,28
0,9,2.0,323,4,8,2,0,96,3,22
0,7,10.0,329,5,5,0,14,106,2,4
1,4,9.0,18,3,4,1,1,67,4,12
1,2,13.0,276,3,19,1,7,137,4,25
0,7,27.0,53,0,6,1,9,87,4,15
1,4,11.0,121,1,0,0,0,15,1,9
1,2,12.0,128,6,4,1,2,86,1,28
0,7,27.0,53,0,4,0,13,28,2,15
0,1,19.0,29,6,13,1,12,84,0,10
0,7,10.0,329,5,4,0,11,133,3,4
0,7,19.0,330,3,17,0,0,53,2,10
0,7,19.0,330,3,15,0,0,96,2,10
0,7,19.0,330,3,3,0,9,49,1,10
0,7,19.0,330,3,4,0,4,82,1,10
0,7,19.0,330,3,9,0,1,35,4,10
0,7,19.0,330,3,12,0,4,103,3,10
0,7,19.0,330,3,16,2,4,45,0,10
0,1,22.0,164,1,2,2,4,79,3,26
0,1,22.0,164,1,2,2,8,41,1,26
0,1,22.0,164,1,14,0,7,111,3,26
0,1,30.0,100,2,16,0,6,89,4,19
0,1,30.0,100,2,10,1,9,27,0,19
0,1,30.0,100,2,14,0,8,27,4,19
0,1,31.0,305,4,13,0,9,55,3,20
0,1,31.0,305,4,5,0,3,115,3,20
0,1,31.0,305,4,6,0,10,47,1,20
0,1,21.0,45,0,18,0,13,36,4,21
0,1,31.0,305,4,3,0,10,43,3,20
0,1,31.0,305,4,19,0,8,41,4,20
0,11,1.0,222,3,17,0,15,46,0,7
0,1,31.0,305,4,18,1,14,25,0,20
0,1,31.0,305,4,1,1,0,12,1,20
0,8,5.0,101,1,6,0,0,0,3,24
0,8,5.0,101,1,0,1,14,25,0,24
0,8,5.0,101,1,9,0,12,80,1,24
0,8,6.0,87,2,16,0,5,12,0,23
0,8,6.0,87,2,20,0,14,106,3,23
0,8,6.0,87,2,2,0,7,62,3,23
0,8,6.0,87,2,14,0,8,9,4,23
0,7,19.0,330,3,19,0,8,27,0,10
1,1,1.0,203,0,17,0,13,29,1,7
0,7,21.0,81,1,22,0,5,64,4,21
0,7,26.0,316,3,17,0,11,133,2,3
0,7,26.0,316,3,6,1,0,68,0,3
0,7,21.0,81,1,23,0,3,115,4,21
0,7,21.0,81,1,2,0,9,87,3,21
0,7,21.0,81,1,17,0,9,49,1,21
0,7,26.0,316,3,17,0,0,26,1,3
0,7,26.0,316,3,3,1,13,29,4,3
0,7,26.0,316,3,18,0,7,31,0,3
0,7,27.0,53,0,12,1,4,45,1,15
0,7,27.0,53,0,4,0,0,26,4,15
0,7,27.0,53,0,9,1,1,67,4,15
0,7,29.0,268,2,15,1,9,49,1,16
0,7,29.0,268,2,8,0,2,40,1,16
0,7,29.0,268,2,6,0,5,12,0,16
0,8,20.0,319,2,3,0,16,42,1,29
0,8,22.0,354,5,19,1,12,56,0,26
0,3,1.0,180,6,16,0,11,8,1,7
0,3,1.0,180,6,0,0,5,6,3,7
0,3,1.0,180,6,19,2,8,19,3,7
0,3,1.0,180,6,15,1,2,2,1,7
0,8,11.0,306,0,3,0,13,99,4,9
0,8,11.0,306,0,19,0,12,84,1,9
0,8,11.0,306,0,1,0,8,9,1,9
0,8,11.0,306,0,18,0,6,73,3,9
0,8,12.0,284,1,18,0,0,85,0,28
0,8,14.0,296,4,6,0,16,50,1,5
0,8,14.0,296,4,11,0,1,35,0,5
0,8,14.0,296,4,4,0,16,37,4,5
0,8,14.0,296,4,14,0,2,13,1,5
0,6,10.0,149,6,14,2,4,82,3,4
0,10,2.0,358,3,21,1,13,36,0,22
0,10,2.0,358,3,3,0,1,105,0,22
0,10,2.0,358,3,2,0,7,111,1,22
0,10,2.0,358,3,18,0,0,26,1,22
1,4,10.0,79,0,22,1,2,92,1,4
1,2,13.0,276,3,14,2,12,61,3,25
0,9,2.0,323,4,12,0,3,70,2,22
0,9,9.0,320,4,22,0,1,11,4,12
0,7,27.0,53,0,8,2,1,67,3,15
1,4,11.0,121,1,21,0,8,33,1,9
1,2,13.0,276,3,13,0,2,69,3,25
0,9,11.0,52,6,6,0,16,37,4,9
0,7,27.0,53,0,19,1,11,18,1,15
1,4,11.0,121,1,16,2,2,86,3,9
1,2,19.0,137,6,12,2,7,129,3,10
0,7,1.0,98,2,2,0,2,92,1,7
0,3,1.0,180,6,17,0,2,3,4,7
1,4,11.0,121,1,16,0,8,33,1,9
1,2,19.0,137,6,15,1,4,82,1,10
0,7,1.0,98,2,14,2,1,16,3,7
0,3,1.0,180,6,3,2,2,40,2,7
1,2,27.0,136,3,3,1,10,23,1,15
0,7,3.0,269,5,11,0,13,48,1,27
0,7,3.0,269,5,5,1,1,1,4,27
0,7,3.0,269,5,1,0,14,106,3,27
0,7,10.0,329,5,22,0,1,35,0,4
0,7,10.0,329,5,1,0,7,137,1,4
0,7,19.0,330,3,0,0,7,111,1,10
0,7,21.0,81,1,0,0,0,64,3,21
0,9,1.0,126,2,16,0,13,13,0,7
0,9,26.0,267,3,23,3,11,18,0,3
0,11,20.0,340,5,1,0,16,74,3,29
0,9,1.0,126,2,6,0,5,12,3,7
0,9,1.0,126,2,6,0,5,12,3,7
1,10,25.0,56,0,19,1,7,31,4,13
1,1,25.0,65,4,19,1,4,75,1,13
1,8,18.0,75,3,9,0,5,64,3,0
1,8,18.0,75,3,17,1,0,12,1,0
1,8,26.0,278,0,1,1,1,35,4,3
1,8,26.0,278,0,22,0,13,29,0,3
0,9,1.0,126,2,10,1,0,77,0,7
0,9,1.0,126,2,14,0,14,24,1,7
0,9,1.0,126,2,9,2,14,25,3,7
0,9,4.0,295,6,20,0,6,128,1,30
0,9,4.0,295,6,5,0,16,50,0,30
0,9,26.0,267,3,20,1,2,92,0,3
0,9,28.0,315,1,17,0,9,93,3,18
0,9,28.0,315,1,16,0,5,12,3,18
0,9,28.0,315,1,8,2,6,89,2,18
0,9,28.0,315,1,2,0,13,38,0,18
0,7,20.0,266,0,8,0,16,108,4,29
0,11,19.0,321,4,15,1,1,59,1,10
0,11,19.0,321,4,15,1,12,135,4,10
0,9,2.0,323,4,23,0,4,75,0,22
0,9,2.0,323,4,23,2,4,75,1,22
0,5,29.0,24,0,17,0,9,54,1,16
0,7,1.0,98,2,17,0,14,25,1,7
0,9,9.0,320,4,17,1,4,75,0,12
0,9,9.0,320,4,14,0,12,100,4,12
0,9,11.0,52,6,20,0,12,121,1,9
0,7,1.0,98,2,11,0,14,107,1,7
0,7,1.0,98,2,2,0,8,27,0,7
0,7,3.0,269,5,6,0,15,108,1,27
0,11,29.0,270,3,17,1,10,47,2,16
0,7,1.0,98,2,21,0,6,89,0,7
0,7,10.0,329,5,21,1,3,115,4,4
0,7,10.0,329,5,15,0,3,76,4,4
0,7,10.0,329,5,23,1,12,83,4,4
0,7,21.0,81,1,19,0,6,89,1,21
0,7,21.0,81,1,9,0,11,55,1,21
0,7,27.0,53,0,23,1,6,91,4,15
0,7,20.0,266,0,15,1,13,36,4,29
0,7,20.0,266,0,19,0,0,68,3,29
0,7,20.0,266,0,10,2,7,137,1,29
0,3,11.0,337,1,6,1,3,30,0,9
0,3,11.0,337,1,16,0,13,48,1,9
0,6,2.0,352,5,13,3,5,64,3,22
1,2,3.0,282,4,3,3,10,47,0,27
0,6,5.0,342,0,8,1,9,54,4,24
0,6,5.0,342,0,2,0,10,47,3,24
0,10,2.0,358,3,0,1,8,33,1,22
0,10,2.0,358,3,1,0,14,24,0,22
0,10,2.0,358,3,8,3,5,12,0,22
0,3,4.0,285,1,6,0,10,6,3,30
1,4,11.0,121,1,1,0,3,30,1,9
1,4,21.0,339,5,12,0,14,106,4,21
1,0,1.0,8,4,22,0,13,48,0,7
0,3,4.0,285,1,17,0,4,79,3,30
1,2,9.0,21,2,17,1,6,7,0,12
1,0,1.0,8,4,11,1,1,59,1,7
0,3,4.0,285,1,16,1,11,90,0,30
1,2,9.0,21,2,21,0,5,6,0,12
1,0,1.0,8,4,3,0,11,15,2,7
0,1,21.0,45,0,15,1,0,26,1,21
1,0,28.0,249,2,17,0,0,85,0,18
0,1,22.0,164,1,15,0,15,46,4,26
1,2,12.0,128,6,15,2,3,30,3,28
1,0,28.0,249,2,16,0,0,68,0,18
0,1,22.0,164,1,3,1,3,30,4,26
1,2,13.0,276,3,13,1,12,61,1,25
0,1,22.0,164,1,14,0,9,101,3,26
1,2,12.0,128,6,12,1,9,27,0,28
1,0,28.0,249,2,8,0,14,25,0,18
0,11,18.0,332,2,3,0,15,96,4,0
0,11,18.0,332,2,3,0,7,120,1,0
0,11,19.0,321,4,6,1,14,131,0,10
1,2,19.0,137,6,20,0,12,61,1,10
0,6,10.0,149,6,14,3,13,69,0,4
0,3,20.0,105,4,4,0,6,89,1,29
0,3,21.0,338,5,6,2,15,96,1,21
0,3,20.0,105,4,12,1,11,18,4,29
0,3,21.0,338,5,14,0,5,12,2,21
0,3,21.0,338,5,3,1,12,135,4,21
0,3,30.0,304,3,7,0,16,42,1,19
0,3,30.0,304,3,22,2,14,24,3,19
0,3,30.0,304,3,22,2,8,41,3,19
0,3,30.0,304,3,4,0,15,46,0,19
0,3,30.0,304,3,4,2,0,15,2,19
0,5,2.0,307,1,16,0,0,64,0,22
0,5,2.0,307,1,4,0,9,95,1,22
0,5,20.0,214,6,13,0,4,5,0,29
0,5,20.0,214,6,13,0,13,38,3,29
0,5,21.0,351,3,23,0,13,21,4,21
0,5,21.0,351,3,6,1,10,22,2,21
1,8,26.0,278,0,22,0,13,29,0,3
0,5,21.0,351,3,1,0,1,11,4,21
0,5,21.0,351,3,9,0,16,50,1,21
1,2,19.0,137,6,15,1,8,9,4,10
1,2,19.0,137,6,2,0,14,125,2,10
1,2,27.0,136,3,3,0,1,16,0,15
1,0,1.0,8,4,12,0,15,114,1,7
1,0,28.0,249,2,6,0,15,96,3,18
1,0,28.0,249,2,21,0,12,80,3,18
1,0,28.0,249,2,18,2,10,12,3,18
0,5,29.0,24,0,13,0,1,67,1,16
0,5,29.0,24,0,11,1,10,22,1,16
0,5,27.0,328,6,2,0,6,7,2,15
0,11,18.0,332,2,6,0,10,52,0,0
0,11,18.0,332,2,6,0,0,26,3,0
0,11,18.0,332,2,23,0,8,9,2,0
0,11,18.0,332,2,15,0,0,64,3,0
0,11,18.0,332,2,13,0,1,105,4,0
0,11,18.0,332,2,19,1,15,39,4,0
0,11,18.0,332,2,14,0,0,64,1,0
0,11,19.0,321,4,6,0,8,9,1,10
0,11,18.0,332,2,9,0,16,72,1,0
0,5,22.0,163,0,6,0,9,102,3,26
0,5,20.0,214,6,20,1,13,38,4,29
0,5,22.0,163,0,2,0,16,42,0,26
0,5,22.0,163,0,12,0,10,22,0,26
0,11,1.0,222,3,20,0,0,96,1,7
1,2,19.0,137,6,10,1,10,22,0,10
0,1,22.0,164,1,18,2,14,106,3,26
1,2,19.0,137,6,3,0,7,57,4,10
0,10,2.0,358,3,18,0,6,128,1,22
0,1,13.0,207,3,0,0,14,107,3,25
0,10,13.0,346,4,19,0,8,65,4,25
0,1,30.0,100,2,8,0,3,79,1,19
0,10,13.0,346,4,16,1,1,35,4,25
0,1,31.0,305,4,5,0,0,53,3,20
0,10,13.0,346,4,12,0,5,6,0,25
0,1,30.0,100,2,9,0,9,58,2,19
0,10,13.0,346,4,4,0,2,13,3,25
0,7,20.0,266,0,5,0,5,6,2,29
0,1,31.0,305,4,4,0,15,96,3,20
0,8,5.0,101,1,6,0,1,11,3,24
0,8,5.0,101,1,18,2,5,64,3,24
0,1,12.0,353,6,5,1,13,48,4,28
0,1,12.0,353,6,1,0,13,99,1,28
0,1,13.0,207,3,15,1,9,93,4,25
0,1,13.0,207,3,9,0,1,105,0,25
0,1,13.0,207,3,20,1,9,49,1,25
0,1,21.0,45,0,16,1,11,8,1,21
0,1,21.0,45,0,16,2,11,15,3,21
0,1,21.0,45,0,21,1,9,95,0,21
0,3,4.0,285,1,18,0,15,39,1,30
0,3,4.0,285,1,5,1,9,93,1,30
0,3,5.0,324,2,0,0,5,12,3,24
0,3,5.0,324,2,21,1,3,76,0,24
0,3,5.0,324,2,10,1,5,6,0,24
0,3,5.0,324,2,23,1,7,137,4,24
0,3,5.0,324,2,10,1,13,38,0,24
0,3,5.0,324,2,17,0,6,7,0,24
0,3,5.0,324,2,9,0,6,128,1,24
0,3,5.0,324,2,4,3,10,47,3,24
0,7,1.0,98,2,3,2,10,23,3,7
0,7,3.0,269,5,6,0,2,86,1,27
0,7,3.0,269,5,4,0,8,118,3,27
0,7,3.0,269,5,4,0,2,2,1,27
0,7,19.0,330,3,17,0,9,93,3,10
0,7,19.0,330,3,23,0,6,89,1,10
0,8,20.0,319,2,4,0,8,27,3,29
0,7,21.0,81,1,19,0,2,2,1,21
0,1,21.0,45,0,14,2,11,94,2,21
0,1,22.0,164,1,13,1,9,63,4,26
0,1,22.0,164,1,4,2,2,35,3,26
0,1,22.0,164,1,1,2,9,10,3,26
0,1,30.0,100,2,21,1,0,0,2,19
0,1,30.0,100,2,0,0,13,38,4,19
0,1,31.0,305,4,16,0,3,30,3,20
0,1,31.0,305,4,15,0,8,27,0,20
0,1,30.0,100,2,2,0,3,103,3,19
0,7,20.0,266,0,18,0,14,32,4,29
0,1,31.0,305,4,8,0,9,27,3,20
0,1,31.0,305,4,19,0,16,130,2,20
0,8,5.0,101,1,0,1,11,15,1,24
0,8,5.0,101,1,8,2,9,83,0,24
1,4,1.0,144,6,19,0,13,21,1,7
0,11,1.0,222,3,17,0,11,117,1,7
0,11,1.0,222,3,17,0,0,12,0,7
0,10,13.0,346,4,23,1,12,61,1,25
0,1,12.0,353,6,23,0,0,77,3,28
0,1,12.0,353,6,20,1,14,88,1,28
0,1,13.0,207,3,6,1,15,85,1,25
0,1,13.0,207,3,15,0,13,38,0,25
0,1,13.0,207,3,15,0,15,46,3,25
0,1,21.0,45,0,7,1,9,57,0,21
0,1,21.0,45,0,1,0,4,136,4,21
0,1,21.0,45,0,19,2,1,16,2,21
0,1,21.0,45,0,9,0,10,22,1,21
0,1,13.0,207,3,13,0,8,19,1,25
0,1,21.0,45,0,18,0,6,91,3,21
0,1,22.0,164,1,17,1,14,24,2,26
0,1,21.0,45,0,19,0,8,19,1,21
0,1,30.0,100,2,23,0,0,77,1,19
0,1,31.0,305,4,0,0,2,13,4,20
0,1,31.0,305,4,6,0,11,133,0,20
1,2,19.0,137,6,12,1,9,93,4,10
1,2,9.0,21,2,16,0,0,12,0,12
1,2,27.0,136,3,5,0,10,47,3,15
0,5,27.0,328,6,1,1,5,6,0,15
0,10,12.0,333,2,18,0,9,109,0,28
1,2,27.0,136,3,10,1,12,61,1,15
1,11,1.0,222,6,17,3,11,122,0,7
1,0,1.0,8,4,14,0,6,7,0,7
1,2,27.0,136,3,3,0,2,86,2,15
0,11,18.0,332,2,17,1,15,51,0,0
0,11,19.0,321,4,22,0,0,77,1,10
0,11,28.0,123,6,13,0,15,46,2,18
0,11,29.0,270,3,16,0,0,26,1,16
0,11,29.0,270,3,14,0,9,93,1,16
0,9,9.0,320,4,19,0,10,47,0,12
0,9,9.0,320,4,13,0,9,57,2,12
0,9,11.0,52,6,14,0,15,119,0,9
0,11,29.0,270,3,8,0,0,77,2,16
0,11,28.0,123,6,1,0,12,80,1,18
0,6,10.0,149,6,18,2,8,118,3,4
0,5,21.0,351,3,3,1,10,47,0,21
0,10,2.0,358,3,19,0,15,46,3,22
0,11,1.0,222,3,14,1,16,50,0,7
0,10,2.0,358,3,14,0,11,94,2,22
0,10,3.0,310,0,22,0,4,70,3,27
0,11,2.0,265,0,21,0,1,11,4,22
0,11,2.0,265,0,5,3,12,80,0,22
0,11,4.0,275,2,11,0,2,86,0,30
0,11,4.0,275,2,7,0,4,121,1,30
0,11,20.0,340,5,12,2,10,52,1,29
0,9,1.0,126,2,21,1,9,27,0,7
0,11,19.0,321,4,14,0,2,2,1,10
0,3,29.0,325,6,23,2,2,86,1,16
1,2,9.0,21,2,7,0,3,115,2,12
1,2,9.0,21,2,21,0,4,5,1,12
1,2,9.0,21,2,19,0,14,110,1,12
1,2,9.0,21,2,14,0,8,41,2,12
1,2,10.0,28,4,21,1,0,15,0,4
1,2,10.0,28,4,14,0,10,47,3,4
1,2,12.0,128,6,3,0,0,68,0,28
1,2,12.0,128,6,22,0,8,9,3,28
1,2,13.0,276,3,15,0,16,139,1,25
1,4,2.0,141,3,4,0,11,98,3,22
1,4,2.0,141,3,1,0,7,20,3,22
1,4,4.0,178,1,19,0,1,35,3,30
1,4,9.0,18,3,3,0,10,6,3,12
1,4,9.0,18,3,2,0,13,48,2,12
1,4,9.0,18,3,22,3,9,57,0,12
1,4,9.0,18,3,15,1,13,38,1,12
1,4,10.0,79,0,16,0,0,53,3,4
1,4,11.0,121,1,17,0,13,21,4,9
1,4,11.0,121,1,21,1,6,14,0,9
1,4,11.0,121,1,1,1,10,52,2,9
1,4,11.0,121,1,14,0,15,51,1,9
0,9,1.0,126,2,8,0,8,118,1,7
0,9,4.0,295,6,3,0,7,137,4,30
0,9,4.0,295,6,13,0,9,49,3,30
0,9,4.0,295,6,18,0,4,45,3,30
0,9,26.0,267,3,2,0,1,81,0,3
0,9,28.0,315,1,6,0,5,64,0,18
0,9,26.0,267,3,1,0,9,87,2,3
0,7,20.0,266,0,18,0,4,75,1,29
0,7,20.0,266,0,20,3,10,12,3,29
0,3,11.0,337,1,14,1,14,34,4,9
0,3,12.0,104,2,16,0,0,77,1,28
0,3,12.0,104,2,1,2,13,36,3,28
0,3,11.0,337,1,15,3,6,7,3,9
1,4,3.0,279,0,13,0,9,55,3,27
1,4,17.0,19,0,16,2,16,74,3,6
1,4,17.0,19,0,11,0,13,121,3,6
1,6,16.0,38,4,16,0,9,93,0,2
1,4,17.0,19,0,5,1,7,62,4,6
1,4,17.0,19,0,8,2,6,132,3,6
1,4,11.0,121,1,9,2,8,9,3,9
1,4,19.0,142,2,0,1,6,116,4,10
1,8,27.0,78,1,22,0,9,134,3,15
1,4,19.0,142,2,1,0,16,37,1,10
1,4,19.0,142,2,18,0,9,95,3,10
0,11,19.0,321,4,8,0,13,99,3,10
1,4,21.0,339,5,1,0,0,53,3,21
1,4,9.0,18,3,22,0,9,101,2,12
1,4,26.0,80,2,9,0,14,32,1,3
1,2,9.0,21,2,11,1,3,76,4,12
1,2,9.0,21,2,8,0,14,88,3,12
1,4,21.0,339,5,14,2,7,20,3,21
1,4,4.0,178,1,17,0,13,28,3,30
1,4,26.0,80,2,16,0,5,12,0,3
1,4,26.0,80,2,12,1,2,86,1,3
1,8,28.0,224,2,8,0,13,29,2,18
1,2,9.0,21,2,0,0,2,2,0,12
1,4,17.0,19,0,20,1,3,115,4,6
1,4,17.0,19,0,5,1,15,114,4,6
1,4,27.0,274,4,20,1,6,128,1,15
1,4,27.0,274,4,13,2,9,95,3,15
1,4,27.0,274,4,11,1,1,59,1,15
1,4,27.0,274,4,19,0,2,2,3,15
1,4,29.0,313,6,0,1,8,9,1,16
1,4,29.0,313,6,3,1,8,27,4,16
1,2,14.0,231,0,2,0,1,16,3,5
1,2,14.0,231,0,12,0,6,7,0,5
1,2,14.0,231,0,4,2,13,99,0,5
1,2,14.0,231,0,4,2,4,5,3,5
1,4,5.0,235,2,7,0,6,7,2,24
1,4,5.0,235,2,10,1,11,15,0,24
1,4,5.0,235,2,13,0,1,59,1,24
1,4,5.0,235,2,0,1,2,92,4,24
1,1,20.0,151,6,4,2,16,37,0,29
1,4,5.0,235,2,12,0,14,107,3,24
1,3,22.0,166,5,11,1,12,104,4,26
1,4,5.0,235,2,9,0,13,75,3,24
1,8,6.0,87,1,19,0,0,12,1,23
1,4,6.0,176,4,9,0,0,64,4,23
1,4,24.0,27,0,17,1,8,27,0,14
1,4,24.0,27,0,0,0,3,30,4,14
1,0,17.0,12,6,21,0,4,127,4,6
1,4,24.0,27,0,23,0,15,51,3,14
1,4,24.0,27,0,5,1,14,25,4,14
1,4,24.0,27,0,4,0,13,28,0,14
1,2,5.0,127,6,16,1,2,69,0,24
1,2,5.0,127,6,22,1,2,86,1,24
1,2,5.0,127,6,1,0,6,7,2,24
1,2,5.0,127,6,19,2,15,108,3,24
1,1,9.0,50,1,16,1,11,15,2,12
1,2,5.0,127,6,15,1,16,74,4,24
1,2,5.0,127,6,18,0,10,22,2,24
1,10,24.0,261,3,22,0,1,67,4,14
1,2,5.0,127,6,15,1,8,41,1,24
1,2,5.0,127,6,20,1,15,112,4,24
1,2,14.0,231,0,6,0,14,25,3,5
1,2,14.0,231,0,5,0,11,133,2,5
1,2,14.0,231,0,19,1,9,10,4,5
1,2,22.0,209,1,15,1,10,52,1,26
1,2,22.0,209,1,1,0,14,32,1,26
1,1,29.0,112,0,20,3,16,50,1,16
1,8,8.0,76,4,22,1,1,11,4,8
1,8,15.0,72,4,4,0,0,77,1,1
1,8,15.0,72,4,4,1,0,64,4,1
1,8,23.0,102,5,5,1,1,67,4,17
1,8,23.0,102,5,4,0,8,41,2,17
1,6,10.0,149,5,2,1,7,111,1,4
1,1,8.0,62,0,11,0,12,80,2,8
1,4,5.0,235,2,16,0,15,31,0,24
1,4,5.0,235,2,21,0,13,28,1,24
1,4,5.0,235,2,14,0,14,24,3,24
1,4,6.0,176,4,17,0,11,117,3,23
1,4,5.0,235,2,22,0,14,32,1,24
1,4,6.0,176,4,10,0,3,115,1,23
1,6,21.0,193,1,18,0,2,92,3,21
1,6,21.0,193,1,8,1,4,66,1,21
1,10,23.0,247,6,12,0,9,87,1,17
1,4,24.0,27,0,6,0,10,22,1,14
1,1,5.0,219,5,9,1,10,23,1,24
1,4,24.0,27,0,21,2,13,99,3,14
1,2,5.0,127,6,20,0,13,38,0,24
1,2,5.0,127,6,23,0,4,82,1,24
1,2,22.0,209,1,3,2,2,69,2,26
1,4,24.0,27,0,15,0,8,118,2,14
1,1,20.0,151,6,12,0,2,69,2,29
1,8,10.0,71,6,17,0,1,11,1,4
1,4,12.0,134,2,11,2,0,12,3,28
0,11,10.0,360,1,2,1,4,5,4,4
1,5,28.0,259,6,2,0,12,135,2,18
1,5,28.0,259,6,14,3,8,9,3,18
1,1,29.0,112,0,4,0,8,118,0,16
1,2,4.0,254,5,2,1,3,44,4,30
1,6,28.0,309,1,7,0,12,121,1,18
1,10,3.0,310,3,12,1,5,6,0,27
1,10,8.0,213,5,17,0,14,25,2,8
1,10,8.0,213,5,3,0,8,9,2,8
1,10,11.0,298,0,15,0,4,75,1,9
1,1,12.0,353,5,7,0,10,22,1,28
1,1,12.0,353,5,22,0,13,99,3,28
1,1,18.0,82,4,7,0,3,79,1,0
1,1,20.0,151,6,1,0,6,128,3,29
1,8,1.0,66,4,3,0,2,2,1,7
1,8,10.0,71,6,15,0,2,86,2,4
1,8,10.0,71,6,8,0,5,0,2,4
1,4,18.0,26,1,6,0,16,37,2,0
1,4,20.0,115,4,6,2,10,22,3,29
1,10,28.0,216,4,1,0,5,64,3,18
1,1,9.0,50,1,0,1,5,12,0,12
1,1,9.0,50,1,4,0,15,77,3,12
1,1,10.0,17,2,6,0,0,12,0,4
1,1,12.0,353,5,10,0,6,132,1,28
1,1,12.0,353,5,21,1,3,30,1,28
1,1,12.0,353,5,5,0,6,128,1,28
1,1,12.0,353,5,2,0,9,134,3,28
1,1,12.0,353,5,4,0,2,92,3,28
1,1,12.0,353,5,1,0,10,30,0,28
1,1,18.0,82,4,6,0,5,6,3,0
1,1,18.0,82,4,7,0,7,120,4,0
1,1,18.0,82,4,14,1,14,97,4,0
1,1,18.0,82,4,9,0,4,75,1,0
1,2,26.0,3,6,19,3,1,67,3,3
1,1,20.0,151,6,6,0,3,76,1,29
1,1,18.0,82,4,10,2,1,59,3,0
1,0,17.0,12,6,14,1,10,23,0,6
1,8,6.0,87,1,18,0,10,22,4,23
1,3,22.0,166,5,12,1,3,103,4,26
1,1,29.0,112,0,12,0,5,6,3,16
1,6,10.0,149,5,9,1,16,42,2,4
1,4,30.0,139,3,4,1,9,57,0,19
1,0,24.0,55,6,15,0,14,25,1,14
1,3,28.0,187,4,22,0,13,29,3,18
1,6,26.0,348,3,14,0,16,74,0,3
1,1,31.0,305,2,2,0,8,41,3,20
1,3,28.0,187,4,5,0,1,59,3,18
1,3,4.0,285,0,18,0,5,12,3,30
1,0,24.0,55,6,20,1,11,117,1,14
0,11,3.0,288,1,6,3,5,12,1,27
1,3,28.0,187,4,22,0,0,12,3,18
1,10,8.0,213,5,19,1,7,54,1,8
1,1,31.0,305,2,1,0,10,23,1,20
1,5,5.0,96,4,5,2,1,16,3,24
1,7,3.0,269,4,9,0,12,104,4,27
1,0,25.0,281,3,0,1,14,25,0,13
1,8,29.0,301,4,2,3,11,55,1,16
1,3,28.0,187,4,8,1,6,91,4,18
1,3,28.0,187,4,4,0,4,75,0,18
1,3,28.0,187,4,4,0,14,34,3,18
1,3,28.0,187,4,18,0,9,109,4,18
1,5,15.0,200,3,0,1,11,124,0,1
1,5,15.0,200,3,18,0,9,9,0,1
1,5,15.0,200,3,23,0,16,113,1,1
1,6,24.0,31,5,12,0,12,84,3,14
1,6,24.0,31,5,18,0,5,12,0,14
1,6,24.0,31,5,9,0,13,29,2,14
1,6,29.0,335,2,16,3,12,61,4,16
1,6,29.0,335,2,8,0,6,91,1,16
1,2,8.0,258,1,13,1,0,53,4,8
1,6,29.0,335,2,4,1,16,72,2,16
1,10,4.0,356,0,17,0,15,31,1,30
1,10,4.0,356,0,17,1,10,22,1,30
1,10,4.0,356,0,14,1,5,12,2,30
1,10,4.0,356,0,14,0,13,48,1,30
1,10,12.0,333,1,16,0,0,0,3,28
1,10,12.0,333,1,9,0,1,35,1,28
1,0,18.0,0,3,17,0,1,16,4,0
1,2,3.0,282,4,3,1,4,138,1,27
1,6,11.0,355,6,5,0,11,8,1,9
1,4,11.0,121,1,14,0,5,12,0,9
1,0,1.0,8,4,15,0,11,98,2,7
1,11,1.0,222,6,17,0,15,112,1,7
1,4,11.0,121,1,17,2,5,6,3,9
1,6,17.0,244,5,3,0,1,59,2,6
1,3,1.0,180,5,17,0,1,35,4,7
1,2,13.0,276,3,3,0,11,94,2,25
1,2,10.0,28,4,19,3,0,53,0,4
1,7,2.0,160,2,6,0,1,59,4,22
1,9,17.0,255,4,20,1,9,49,1,6
1,9,1.0,126,1,17,0,10,52,1,7
1,3,25.0,347,0,3,1,7,20,1,13
1,5,18.0,195,2,1,1,9,93,4,0
1,6,27.0,116,0,7,1,4,4,1,15
1,11,1.0,222,6,18,0,13,29,1,7
1,5,17.0,212,1,10,0,3,79,1,6
1,4,31.0,67,0,18,0,5,0,2,20
1,2,6.0,251,3,22,1,6,7,4,23
1,2,6.0,251,3,7,1,8,33,1,23
1,2,17.0,6,4,16,1,9,101,0,6
1,2,17.0,6,4,4,1,12,104,4,6
1,2,23.0,230,2,13,2,10,47,1,17
1,2,23.0,230,2,3,0,3,44,4,17
1,2,23.0,230,2,22,0,11,133,3,17
1,2,23.0,230,2,12,0,3,103,3,17
1,2,24.0,22,4,4,0,3,115,1,14
1,2,24.0,22,4,20,1,4,82,1,14
1,2,24.0,22,4,20,1,3,103,4,14
1,2,24.0,22,4,12,3,9,57,0,14
1,0,6.0,260,1,0,0,2,2,4,23
1,0,5.0,122,0,14,1,10,47,0,24
1,0,6.0,260,1,9,2,13,29,3,23
1,0,8.0,9,4,17,0,15,46,1,8
1,0,8.0,9,4,11,0,9,95,2,8
1,0,6.0,260,1,4,0,9,102,2,23
1,0,5.0,122,0,18,1,14,97,4,24
1,3,21.0,338,4,12,0,14,97,1,21
1,8,8.0,76,4,20,0,0,12,2,8
1,1,8.0,62,0,19,1,6,89,1,8
1,10,13.0,346,2,5,0,8,27,4,25
1,2,5.0,127,6,3,1,4,82,1,24
1,2,22.0,209,1,9,1,13,48,4,26
1,3,3.0,182,3,14,1,9,54,1,27
1,5,13.0,184,5,12,0,8,27,4,25
1,4,5.0,235,2,12,1,10,23,1,24
1,4,5.0,235,2,12,0,10,6,3,24
1,4,5.0,235,2,4,0,2,60,1,24
1,4,5.0,235,2,15,0,4,79,0,24
1,4,6.0,176,4,10,0,14,24,3,23
1,4,6.0,176,4,15,1,5,6,0,23
1,4,6.0,176,4,22,0,8,41,0,23
1,4,24.0,27,0,23,2,2,2,3,14
1,4,24.0,27,0,2,0,1,59,1,14
1,4,24.0,27,0,15,1,12,61,1,14
1,2,5.0,127,6,11,0,7,57,3,24
1,2,5.0,127,6,3,1,15,119,4,24
1,2,5.0,127,6,20,1,2,123,4,24
1,6,12.0,162,3,11,1,10,22,4,28
1,6,21.0,193,1,23,0,0,64,1,21
1,6,20.0,215,0,12,1,12,84,0,29
1,0,11.0,10,3,13,0,11,15,3,9
1,0,3.0,334,6,11,3,3,79,3,27
1,8,2.0,77,5,11,0,4,4,2,22
1,2,22.0,209,1,9,0,5,6,0,26
0,9,24.0,272,5,12,1,5,0,1,14
1,2,5.0,127,6,12,0,4,75,1,24
1,2,5.0,127,6,1,0,2,69,2,24
1,2,2.0,143,2,22,0,13,21,4,22
1,10,8.0,213,5,1,0,2,86,4,8
1,1,31.0,305,2,4,2,13,36,3,20
1,10,9.0,150,6,6,2,6,132,4,12
1,5,5.0,96,4,22,0,9,87,0,24
1,4,3.0,279,0,17,1,12,17,4,27
1,0,25.0,281,3,1,0,10,22,1,13
1,1,18.0,82,4,18,0,15,39,3,0
1,3,14.0,33,4,17,2,4,75,3,5
1,10,8.0,213,5,17,1,15,51,4,8
1,1,20.0,151,6,13,1,13,38,0,29
1,0,31.0,290,6,3,0,16,50,2,20
1,4,27.0,274,4,1,2,16,130,3,15
1,1,31.0,305,2,18,0,9,54,1,20
1,5,5.0,96,4,11,1,1,35,4,24
1,10,9.0,150,6,5,1,11,133,1,12
1,5,5.0,96,4,12,2,8,27,3,24
1,8,1.0,66,4,14,0,13,38,3,7
1,0,31.0,290,6,1,0,8,41,2,20
1,2,1.0,16,1,12,1,11,15,4,7
1,8,6.0,87,1,0,0,5,12,3,23
1,5,5.0,96,4,14,0,13,38,4,24
1,10,11.0,298,0,23,0,13,38,1,9
1,10,11.0,298,0,20,0,2,2,4,9
1,10,11.0,298,0,5,0,0,64,3,9
1,10,11.0,298,0,15,3,13,38,3,9
1,10,8.0,213,5,12,1,14,24,1,8
1,1,9.0,50,1,17,0,8,118,4,12
1,1,9.0,50,1,6,0,5,12,0,12
1,1,9.0,50,1,14,0,16,130,4,12
1,1,9.0,50,1,18,0,0,0,3,12
1,1,9.0,50,1,15,0,14,24,1,12
1,6,28.0,309,1,13,3,14,107,0,18
1,8,1.0,66,4,13,0,8,118,0,7
1,4,12.0,134,2,13,0,2,2,1,28
1,6,18.0,308,6,22,0,13,38,2,0
1,1,20.0,151,6,1,0,12,17,3,29
1,3,2.0,120,6,15,3,0,0,0,22
1,3,11.0,337,0,9,1,0,12,0,9
1,8,3.0,363,6,19,0,8,118,3,27
1,6,26.0,348,3,18,2,14,34,1,3
1,6,26.0,348,3,3,1,13,36,1,3
1,6,28.0,309,1,0,0,0,26,3,18
1,6,28.0,309,1,22,0,9,102,4,18
1,6,28.0,309,1,8,0,1,59,0,18
1,6,28.0,309,1,23,0,11,133,1,18
1,6,28.0,309,1,19,3,15,39,0,18
1,10,3.0,310,3,3,1,1,81,4,27
1,10,8.0,213,5,15,0,3,44,1,8
1,3,30.0,304,6,11,3,12,135,4,19
1,1,8.0,62,0,1,0,6,14,1,8
1,1,8.0,62,0,19,1,11,55,4,8
1,1,6.0,97,6,5,0,15,46,2,23
1,7,14.0,125,0,20,3,12,58,2,5
1,7,31.0,43,4,13,0,6,14,2,20
1,3,23.0,57,6,16,1,1,81,0,17
1,1,31.0,305,2,2,1,4,75,1,20
1,1,31.0,305,2,4,1,5,6,0,20
1,1,24.0,64,2,15,1,9,83,1,14
1,8,6.0,87,1,16,0,0,26,3,23
1,8,15.0,72,4,15,1,4,66,4,1
1,8,15.0,72,4,8,2,9,95,3,1
1,8,15.0,72,4,5,0,10,47,2,1
1,8,23.0,102,5,15,0,9,87,3,17
1,8,23.0,102,5,3,1,12,61,1,17
1,8,23.0,102,5,14,0,8,9,1,17
1,10,8.0,213,5,4,0,7,57,3,8
1,10,9.0,150,6,0,0,10,23,1,12
1,10,9.0,150,6,8,2,13,21,3,12
1,10,9.0,150,6,12,0,1,11,3,12
1,10,9.0,150,6,18,2,1,35,2,12
1,6,28.0,309,1,12,0,11,15,3,18
1,6,28.0,309,1,18,0,15,119,4,18
1,6,28.0,309,1,18,0,11,18,0,18
1,10,3.0,310,3,17,0,10,43,2,27
1,10,3.0,310,3,17,0,2,40,1,27
1,10,3.0,310,3,16,2,10,12,0,27
1,5,28.0,259,6,12,0,3,30,4,18
1,5,28.0,259,6,8,0,2,86,3,18
1,5,28.0,259,6,4,0,4,136,4,18
1,9,10.0,156,4,5,0,2,40,2,4
1,6,3.0,99,5,14,0,9,49,2,27
1,8,2.0,77,5,8,2,2,86,3,22
1,0,13.0,198,1,17,0,1,16,4,25
1,0,13.0,198,1,18,1,4,82,1,25
1,6,20.0,215,0,13,1,11,133,4,29
1,7,18.0,154,5,11,1,6,128,1,0
1,1,20.0,151,6,4,1,13,28,0,29
1,8,1.0,66,4,17,0,15,39,4,7
1,10,8.0,213,5,17,1,12,56,2,8
1,6,10.0,149,5,14,0,2,92,1,4
1,6,10.0,149,5,14,0,13,38,2,4
1,6,9.0,236,4,19,0,12,80,1,12
1,6,18.0,308,6,4,0,10,22,3,0
1,6,26.0,348,3,6,0,7,120,0,3
1,6,26.0,348,3,9,0,0,77,1,3
1,6,26.0,348,3,14,0,1,105,0,3
1,6,28.0,309,1,17,2,13,69,3,18
1,6,28.0,309,1,9,0,2,86,3,18
1,6,28.0,309,1,18,0,2,123,1,18
1,10,3.0,310,3,5,1,0,0,1,27
1,10,8.0,213,5,10,0,13,38,2,8
1,3,20.0,105,2,12,0,7,57,3,29
1,2,2.0,143,2,3,0,1,1,0,22
1,5,5.0,96,4,5,1,1,35,4,24
1,2,2.0,143,2,9,0,8,27,1,22
0,11,13.0,312,5,13,2,16,42,3,25
1,5,5.0,96,4,4,0,7,78,1,24
1,2,4.0,254,5,16,0,15,39,0,30
1,4,27.0,274,4,11,1,7,137,4,15
1,8,8.0,76,4,18,2,7,62,0,8
1,5,15.0,200,3,6,0,10,47,0,1
1,8,1.0,66,4,19,0,7,62,3,7
1,10,20.0,223,2,3,1,9,93,4,29
0,11,15.0,331,3,5,0,2,2,1,1
1,8,15.0,72,4,4,0,0,26,0,1
1,5,15.0,200,3,3,1,9,87,4,1
1,8,3.0,363,6,1,0,2,60,0,27
1,8,4.0,299,3,18,0,9,102,4,30
0,11,15.0,331,3,15,1,15,112,4,1
1,5,15.0,200,3,7,0,4,138,1,1
1,2,11.0,297,5,11,0,8,9,2,9
1,8,28.0,224,2,16,0,3,115,0,18
0,11,15.0,331,3,1,2,1,16,3,1
1,8,15.0,72,4,1,2,5,6,2,1
1,5,15.0,200,3,9,0,9,49,4,1
1,3,16.0,263,6,22,0,9,10,2,2
1,2,12.0,128,6,2,0,2,40,1,28
0,11,15.0,331,3,14,2,12,104,2,1
1,8,23.0,102,5,15,0,16,130,2,17
1,5,15.0,200,3,9,1,8,19,0,1
1,6,4.0,159,6,0,1,6,7,0,30
1,6,4.0,159,6,13,0,9,63,3,30
1,1,31.0,305,2,1,0,6,7,3,20
1,8,6.0,87,1,16,0,5,64,3,23
1,8,6.0,87,1,7,0,3,76,2,23
1,1,31.0,305,2,16,0,7,62,4,20
1,8,8.0,76,4,5,1,1,35,4,8
1,8,15.0,72,4,17,0,6,89,4,1
1,2,30.0,131,2,1,0,13,99,3,19
1,10,7.0,243,4,17,0,10,23,2,11
1,7,14.0,125,0,12,3,13,69,3,5
1,1,31.0,305,2,18,0,5,64,3,20
1,0,22.0,241,4,4,2,10,23,1,26
1,0,23.0,237,5,22,0,5,12,2,17
1,6,5.0,342,3,4,3,6,7,3,24
1,3,23.0,57,6,17,0,8,27,1,17
1,6,12.0,162,3,22,0,8,41,2,28
1,6,21.0,193,1,15,2,13,48,0,21
1,8,23.0,102,5,22,0,16,50,4,17
1,8,23.0,102,5,2,2,8,27,2,17
1,3,2.0,120,6,2,1,11,124,0,22
1,3,2.0,120,6,22,0,2,86,0,22
1,10,8.0,213,5,17,1,9,63,4,8
1,11,27.0,322,4,23,0,3,44,2,15
1,5,19.0,146,4,20,0,11,117,4,10
1,1,20.0,151,6,19,0,8,27,2,29
1,2,20.0,264,3,19,1,14,131,4,29
1,2,21.0,108,0,8,0,2,60,3,21
1,8,1.0,66,4,17,0,4,5,1,7
1,6,9.0,236,4,2,0,13,99,1,12
1,6,9.0,236,4,1,0,4,82,4,12
1,6,10.0,149,5,21,1,4,82,0,4
1,6,10.0,149,5,22,1,4,45,1,4
1,6,10.0,149,5,22,2,1,11,1,4
1,8,28.0,224,2,18,0,2,3,4,18
1,4,11.0,121,1,19,0,5,12,3,9
1,4,21.0,339,5,19,1,11,8,4,21
1,8,19.0,280,0,11,0,2,69,4,10
1,10,10.0,245,3,9,2,4,82,3,4
1,10,10.0,245,3,11,1,13,48,0,4
1,10,27.0,302,2,19,0,1,16,4,15
1,1,3.0,188,2,21,3,10,30,2,27
1,1,17.0,63,2,18,1,5,64,1,6
1,5,3.0,161,1,13,3,5,6,0,27
1,1,1.0,203,0,17,0,8,33,4,7
1,8,4.0,299,3,8,2,2,2,0,30
1,10,1.0,208,5,17,0,14,24,1,7
1,8,9.0,124,5,8,0,13,38,2,12
1,4,11.0,121,1,14,1,13,99,0,9
1,6,4.0,159,6,13,3,3,30,0,30
1,8,7.0,70,2,12,1,0,12,0,11
1,4,16.0,25,3,1,0,9,57,0,2
1,0,16.0,11,5,23,1,9,87,2,2
1,6,4.0,159,6,18,0,11,117,3,30
1,6,6.0,83,0,23,1,11,90,1,23
1,6,6.0,83,0,9,0,8,27,2,23
1,6,13.0,317,0,13,0,9,95,1,25
1,6,13.0,317,0,22,1,13,38,4,25
1,8,3.0,363,6,8,2,12,17,3,27
1,6,13.0,317,0,1,0,6,7,0,25
1,6,14.0,173,1,21,0,13,29,1,5
1,6,13.0,317,0,17,1,6,7,0,25
1,6,14.0,173,1,5,2,13,123,0,5
1,6,14.0,173,1,19,0,2,2,4,5
1,6,14.0,173,1,19,0,0,77,1,5
1,6,14.0,173,1,19,0,9,54,1,5
1,6,22.0,185,2,6,1,15,37,0,26
1,6,22.0,185,2,0,1,10,22,0,26
1,3,14.0,33,4,1,0,13,21,1,5
1,3,20.0,105,2,6,1,4,5,2,29
1,3,20.0,105,2,13,1,7,78,0,29
1,3,20.0,105,2,4,0,14,25,2,29
1,3,20.0,105,2,12,0,13,28,1,29
1,6,9.0,236,4,18,1,2,69,0,12
1,9,24.0,272,4,5,0,10,23,1,14
1,7,18.0,154,5,3,0,2,40,1,0
1,6,8.0,59,2,14,0,14,97,4,8
1,6,10.0,149,5,21,1,4,82,0,4
1,5,15.0,200,3,22,1,15,119,4,1
1,5,27.0,328,5,5,0,8,27,2,15
0,11,16.0,225,0,8,0,13,38,3,2
1,4,5.0,235,2,14,0,4,103,3,24
1,5,15.0,200,3,18,2,10,47,3,1
1,9,1.0,126,1,2,0,9,95,3,7
0,11,16.0,225,0,22,0,2,2,3,2
0,11,16.0,225,0,2,1,7,57,2,2
0,11,30.0,170,0,17,0,14,34,4,19
0,11,30.0,170,0,12,0,2,86,1,19
0,11,30.0,170,0,19,0,16,130,4,19
0,11,30.0,170,0,14,0,13,69,4,19
1,0,25.0,281,3,17,0,10,47,2,13
1,11,1.0,222,6,13,0,4,82,1,7
1,8,20.0,319,1,2,0,4,75,1,29
1,4,21.0,339,5,2,1,1,35,0,21
1,4,21.0,339,5,13,1,0,68,4,21
1,9,1.0,126,1,17,0,12,61,1,7
1,3,1.0,180,5,17,0,1,59,4,7
1,10,27.0,302,2,13,3,11,55,3,15
1,1,17.0,63,2,12,1,15,39,1,6
1,4,4.0,178,1,13,1,7,8,4,30
1,4,2.0,141,3,5,0,11,18,1,22
1,2,10.0,28,4,19,0,0,68,1,4
1,2,10.0,28,4,9,3,7,31,3,4
1,5,5.0,96,4,12,0,11,117,0,24
1,5,5.0,96,4,4,0,0,26,1,24
1,5,15.0,200,3,5,0,3,115,2,1
1,8,22.0,354,4,5,0,7,120,4,26
1,8,22.0,354,4,1,1,10,47,0,26
1,5,15.0,200,3,5,1,1,11,4,1
1,5,29.0,24,3,18,0,5,12,0,16
1,5,29.0,24,3,2,0,5,6,2,16
1,5,29.0,24,3,23,1,6,7,4,16
1,6,4.0,159,6,3,1,14,107,1,30
1,6,6.0,83,0,3,1,2,2,4,23
1,6,6.0,83,0,19,0,3,103,4,23
1,6,6.0,83,0,19,0,15,108,4,23
1,6,6.0,83,0,9,0,7,111,1,23
1,6,6.0,83,0,9,1,14,125,4,23
1,6,13.0,317,0,15,0,8,27,2,25
1,6,13.0,317,0,16,1,0,15,0,25
1,6,14.0,173,1,21,0,0,53,3,5
1,6,13.0,317,0,16,0,9,93,1,25
1,6,14.0,173,1,14,0,12,56,1,5
1,5,28.0,259,6,20,0,1,59,4,18
1,1,20.0,151,6,23,0,4,136,2,29
1,1,10.0,17,2,2,3,5,12,3,4
1,1,20.0,151,6,2,0,1,1,1,29
1,1,20.0,151,6,3,1,10,23,1,29
1,8,3.0,363,6,12,0,14,25,3,27
1,1,20.0,151,6,12,0,14,24,2,29
1,8,1.0,66,4,17,1,8,9,4,7
1,8,1.0,66,4,14,0,2,2,4,7
1,8,3.0,363,6,8,0,3,44,3,27
1,8,3.0,363,6,4,0,3,115,3,27
1,8,3.0,363,6,9,0,4,79,0,27
1,8,10.0,71,6,15,1,2,71,4,4
1,4,12.0,134,2,16,0,2,123,3,28
1,4,12.0,134,2,23,1,7,111,0,28
1,4,12.0,134,2,17,1,10,52,4,28
1,4,12.0,134,2,2,0,10,22,3,28
1,4,18.0,26,1,0,2,16,37,3,0
1,1,9.0,50,1,6,2,7,20,3,12
1,1,10.0,17,2,19,0,10,6,2,4
1,1,10.0,17,2,12,1,11,10,4,4
1,1,12.0,353,5,6,1,14,24,0,28
1,1,12.0,353,5,2,0,6,132,4,28
1,1,12.0,353,5,3,0,9,83,1,28
1,1,18.0,82,4,7,0,14,25,2,0
1,1,18.0,82,4,21,0,13,21,3,0
1,1,18.0,82,4,21,0,3,76,1,0
1,1,18.0,82,4,22,0,12,58,4,0
1,1,20.0,151,6,6,0,9,102,3,29
1,1,20.0,151,6,11,0,8,118,1,29
1,1,20.0,151,6,15,0,13,38,0,29
1,1,20.0,151,6,8,1,1,67,1,29
1,8,1.0,66,4,19,0,5,6,3,7
1,8,1.0,66,4,2,0,10,23,1,7
1,8,3.0,363,6,3,0,13,38,2,27
1,8,3.0,363,6,2,0,5,6,3,27
1,8,3.0,363,6,19,0,9,95,3,27
1,10,28.0,216,4,13,1,15,108,2,18
1,1,9.0,50,1,0,0,5,6,0,12
1,1,9.0,50,1,4,0,0,77,3,12
1,1,9.0,50,1,18,2,9,83,3,12
1,1,12.0,353,5,0,1,0,64,4,28
1,5,15.0,200,3,9,2,16,72,0,1
1,8,14.0,296,2,5,0,10,52,3,5
1,5,15.0,200,3,1,3,7,137,4,1
1,3,17.0,54,3,8,0,6,132,2,6
1,5,25.0,350,2,5,0,12,84,1,13
1,8,21.0,46,2,21,1,1,11,0,21
1,8,24.0,85,6,6,1,10,47,2,14
1,8,24.0,85,6,9,2,14,25,1,14
1,8,25.0,86,3,21,2,1,59,0,13
1,8,25.0,86,3,21,2,9,10,4,13
1,8,25.0,86,3,3,0,10,22,0,13
1,8,30.0,103,5,3,2,5,6,3,19
1,8,30.0,103,5,2,0,3,44,4,19
1,4,13.0,221,4,2,2,0,0,3,25
1,4,13.0,221,4,8,0,8,41,2,25
1,4,15.0,132,6,11,0,5,6,2,1
1,4,22.0,152,6,2,2,5,12,0,26
1,4,22.0,152,6,8,2,6,91,3,26
1,4,22.0,152,6,14,1,1,16,4,26
1,4,22.0,152,6,9,0,4,75,1,26
1,4,31.0,67,0,7,0,16,42,1,20
1,4,31.0,67,0,15,0,1,105,0,20
1,7,22.0,211,1,14,1,9,134,4,26
1,3,4.0,285,0,22,3,6,73,0,30
1,3,4.0,285,0,18,0,5,12,3,30
1,8,7.0,70,2,9,1,10,12,2,11
1,8,13.0,189,1,1,0,2,13,2,25
1,2,8.0,258,1,18,0,10,12,0,8
1,3,6.0,303,2,22,0,12,56,1,23
1,3,6.0,303,2,1,2,8,9,3,23
1,3,6.0,303,2,14,0,8,41,1,23
1,3,14.0,33,4,0,1,6,7,0,5
1,3,14.0,33,4,14,2,10,47,0,5
1,3,20.0,105,2,16,0,0,12,0,29
1,3,14.0,33,4,8,0,5,12,1,5
1,3,20.0,105,2,19,0,8,118,1,29
1,3,22.0,166,5,23,0,8,118,1,26
1,3,22.0,166,5,11,0,2,86,1,26
1,3,22.0,166,5,20,1,13,28,4,26
1,3,28.0,187,4,16,0,13,38,3,18
1,3,28.0,187,4,6,0,9,93,4,18
1,3,28.0,187,4,11,0,14,32,3,18
1,6,27.0,116,0,8,1,3,79,4,15
1,10,27.0,302,2,3,1,11,94,4,15
1,1,17.0,63,2,0,0,6,14,3,6
1,1,17.0,63,2,1,0,6,73,4,6
1,1,19.0,29,5,18,0,16,108,3,10
1,4,21.0,339,5,19,1,15,31,1,21
1,4,21.0,339,5,1,3,13,121,3,21
1,4,19.0,142,2,1,0,14,24,1,10
1,4,21.0,339,5,13,0,13,99,2,21
1,1,1.0,203,0,13,0,10,12,1,7
1,10,10.0,245,3,7,3,14,97,3,4
1,1,19.0,29,5,14,1,14,88,4,10
1,8,9.0,124,5,8,0,0,0,2,12
1,4,11.0,121,1,18,0,4,75,4,9
1,6,5.0,342,3,13,0,13,29,3,24
1,6,12.0,162,3,23,1,0,0,4,28
1,4,5.0,235,2,4,1,1,35,4,24
1,4,6.0,176,4,12,0,4,75,4,23
1,4,6.0,176,4,2,0,6,89,1,23
1,1,21.0,45,3,1,1,10,52,4,21
1,1,21.0,45,3,8,1,12,135,4,21
1,1,21.0,45,3,9,1,7,57,4,21
1,1,22.0,164,0,6,2,7,8,2,26
1,1,22.0,164,0,0,2,0,53,3,26
1,1,21.0,45,3,13,2,3,30,2,21
1,1,21.0,45,3,9,1,5,64,1,21
1,1,24.0,64,2,3,1,2,2,0,14
1,1,29.0,112,0,16,0,13,99,0,16
1,1,29.0,112,0,6,0,8,9,1,16
1,1,29.0,112,0,15,0,2,69,1,16
1,1,29.0,112,0,19,1,10,22,1,16
1,1,29.0,112,0,4,0,16,113,3,16
1,1,29.0,112,0,22,0,1,81,4,16
1,8,3.0,363,6,18,0,3,30,2,27
1,3,1.0,180,5,17,0,1,16,4,7
1,8,19.0,280,0,8,0,2,86,2,10
1,8,20.0,319,1,8,1,0,26,2,29
1,1,19.0,29,5,2,1,9,93,2,10
1,6,9.0,236,4,13,1,2,2,2,12
1,2,19.0,137,6,1,1,2,60,1,10
1,0,1.0,8,4,17,0,2,2,1,7
1,0,1.0,8,4,10,0,11,94,1,7
1,0,1.0,8,4,2,0,4,79,4,7
1,1,18.0,82,4,1,1,4,75,1,0
1,8,1.0,66,4,21,0,12,84,3,7
1,10,11.0,298,0,12,0,9,101,2,9
1,8,1.0,66,4,10,0,3,115,0,7
1,8,1.0,66,4,8,0,2,86,4,7
1,8,1.0,66,4,1,0,1,16,4,7
1,8,3.0,363,6,4,0,9,10,3,27
1,8,10.0,71,6,20,0,0,77,3,4
1,8,10.0,71,6,8,0,0,64,0,4
1,8,10.0,71,6,23,1,6,91,4,4
1,2,20.0,264,3,23,1,6,91,4,29
1,0,29.0,191,4,4,1,4,138,4,16
1,8,10.0,71,6,9,0,6,132,4,4
1,8,3.0,363,6,12,1,0,12,0,27
1,4,12.0,134,2,3,0,13,38,1,28
1,4,12.0,134,2,1,0,0,53,3,28
1,8,1.0,66,4,20,0,16,37,4,7
1,4,18.0,26,1,16,2,8,27,3,0
1,8,1.0,66,4,17,0,8,9,1,7
1,0,27.0,23,1,17,1,10,43,2,15
1,4,18.0,26,1,8,0,4,75,1,0
1,4,20.0,115,4,17,1,0,15,0,29
1,4,20.0,115,4,22,0,6,89,0,29
1,4,28.0,218,5,5,2,15,37,0,18
1,4,28.0,218,5,9,2,3,44,0,18
1,2,2.0,143,2,18,0,9,102,0,22
1,2,4.0,254,5,14,0,13,38,1,30
1,4,18.0,26,1,13,0,15,31,0,0
1,4,18.0,26,1,8,2,1,59,3,0
1,4,18.0,26,1,14,2,2,2,0,0
1,2,4.0,254,5,12,1,11,133,0,30
1,2,4.0,254,5,11,1,6,7,2,30
1,8,3.0,363,6,12,0,14,32,4,27
1,2,4.0,254,5,1,1,0,26,1,30
1,4,18.0,26,1,17,1,10,52,1,0
1,10,12.0,333,1,11,0,0,64,3,28
1,10,30.0,157,6,17,0,8,118,3,19
1,10,30.0,157,6,21,2,3,30,0,19
1,10,31.0,135,3,11,0,6,7,1,20
1,10,31.0,135,3,6,1,8,27,0,20
1,10,31.0,135,3,15,1,14,97,4,20
1,10,31.0,135,3,14,0,13,28,0,20
1,1,4.0,286,4,4,0,7,111,1,30
1,1,4.0,286,4,14,0,10,23,3,30
1,6,13.0,317,0,18,2,3,103,3,25
1,6,22.0,185,2,0,2,5,64,3,26
1,6,23.0,84,4,10,1,14,34,0,17
1,6,23.0,84,4,7,1,3,44,1,17
1,6,23.0,84,4,8,1,0,26,1,17
1,6,23.0,84,4,9,0,11,98,3,17
1,6,23.0,84,4,18,0,13,48,1,17
1,6,24.0,31,5,16,2,0,31,3,14
1,6,24.0,31,5,5,0,3,70,1,14
1,6,22.0,185,2,15,3,13,48,3,26
1,8,13.0,189,1,2,1,2,2,4,25
1,4,23.0,30,3,12,0,4,66,2,17
1,4,20.0,115,4,8,2,14,32,3,29
1,4,28.0,218,5,15,0,0,77,3,18
1,4,28.0,218,5,22,1,13,38,1,18
1,4,28.0,218,5,13,1,16,37,4,18
1,4,28.0,218,5,11,3,9,87,1,18
1,2,2.0,143,2,6,0,0,12,3,22
1,2,2.0,143,2,21,0,5,12,0,22
1,8,3.0,363,6,9,0,9,134,1,27
1,8,10.0,71,6,0,1,14,97,4,4
1,8,10.0,71,6,3,0,12,61,2,4
1,4,12.0,134,2,16,0,0,26,3,28
1,11,26.0,364,2,13,0,9,134,1,3
1,2,1.0,16,1,8,0,0,85,1,7
1,0,4.0,229,3,12,3,8,9,1,30
1,0,10.0,129,6,22,3,16,72,2,4
1,4,3.0,279,0,19,1,0,68,0,27
1,2,3.0,282,4,18,0,5,6,1,27
1,2,3.0,282,4,19,1,6,7,0,27
1,6,11.0,355,6,12,1,7,129,4,9
0,9,15.0,226,2,6,0,13,13,1,1
0,9,15.0,226,2,16,0,15,96,3,1
0,9,15.0,226,2,5,1,13,38,0,1
0,9,17.0,255,5,5,0,2,2,4,6
0,9,17.0,255,5,5,0,3,44,4,6
0,9,17.0,255,5,8,0,7,20,2,6
0,9,17.0,255,5,23,1,9,49,4,6
0,9,17.0,255,5,2,1,15,51,1,6
0,9,23.0,167,4,6,0,8,118,1,17
0,9,23.0,167,4,23,0,15,77,3,17
0,9,17.0,255,5,8,0,7,20,2,6
0,9,23.0,167,4,19,0,3,44,4,17
0,9,23.0,167,4,3,1,13,28,1,17
0,9,25.0,344,6,16,0,5,6,0,13
1,8,5.0,101,0,11,2,10,47,3,24
1,8,5.0,101,0,14,0,0,64,1,24
1,6,13.0,317,0,18,1,0,26,0,25
1,6,22.0,185,2,15,1,3,44,4,26
1,6,22.0,185,2,21,2,0,64,3,26
1,9,23.0,167,2,13,0,9,83,1,17
1,9,28.0,315,0,19,0,4,75,4,18
1,9,28.0,315,0,18,0,12,93,3,18
1,7,3.0,269,4,22,0,11,94,3,27
1,7,3.0,269,4,8,1,6,89,1,27
1,7,5.0,204,6,5,0,14,126,4,24
1,7,5.0,204,6,8,0,4,45,0,24
1,7,5.0,204,6,18,0,1,81,0,24
1,7,20.0,266,3,17,1,3,30,1,29
1,7,20.0,266,3,15,1,9,95,4,29
1,7,20.0,266,3,8,1,1,1,4,29
1,7,20.0,266,3,19,0,1,67,1,29
1,7,20.0,266,3,18,0,1,105,0,29
1,7,21.0,81,0,5,1,16,42,0,21
1,7,21.0,81,0,9,0,10,52,3,21
1,7,22.0,211,1,16,0,8,27,1,26
1,7,22.0,211,1,5,0,0,53,4,26
1,7,21.0,81,0,19,1,1,105,0,21
1,7,22.0,211,1,22,0,15,96,0,26
1,1,11.0,111,4,9,0,10,22,3,9
1,3,19.0,138,1,17,1,14,24,1,10
1,6,11.0,355,6,11,3,4,79,2,9
1,0,13.0,198,1,18,0,5,6,3,25
1,0,13.0,198,1,4,1,10,22,0,25
1,0,30.0,228,5,19,3,12,104,4,19
1,4,4.0,178,1,17,0,4,127,2,30
1,2,19.0,137,6,18,0,6,89,1,10
1,4,4.0,178,1,22,2,13,29,0,30
1,3,17.0,54,3,11,0,16,139,2,6
1,5,16.0,239,0,11,1,11,18,1,2
1,3,1.0,180,5,14,3,1,59,4,7
1,1,1.0,203,0,20,0,1,35,1,7
1,8,19.0,280,0,19,3,11,18,3,10
1,8,20.0,319,1,15,1,13,38,4,29
1,7,16.0,40,2,3,0,3,76,1,2
1,4,5.0,235,2,0,0,11,15,2,24
1,4,5.0,235,2,13,0,14,25,4,24
1,1,21.0,45,3,8,2,3,30,3,21
1,1,24.0,64,2,7,0,9,93,1,14
1,1,24.0,64,2,12,0,5,12,3,14
1,1,29.0,112,0,3,1,6,91,4,16
1,8,3.0,363,6,4,0,8,118,3,27
1,8,10.0,71,6,3,0,5,6,2,4
1,4,12.0,134,2,6,0,13,13,0,28
1,4,12.0,134,2,11,0,4,121,0,28
1,4,12.0,134,2,13,0,14,32,3,28
1,4,12.0,134,2,2,0,10,22,1,28
1,4,18.0,26,1,21,0,7,122,4,0
1,4,18.0,26,1,21,1,7,137,4,0
1,1,13.0,207,6,13,0,5,6,1,25
1,10,4.0,356,0,16,2,5,12,3,30
1,10,4.0,356,0,12,2,13,13,1,30
1,10,12.0,333,1,17,2,16,50,3,28
1,10,12.0,333,1,14,0,10,43,3,28
1,1,4.0,286,4,3,0,12,104,3,30
1,1,4.0,286,4,8,0,5,6,0,30
1,1,5.0,219,5,17,0,15,46,1,24
1,1,5.0,219,5,21,0,5,6,0,24
1,1,5.0,219,5,2,0,0,31,4,24
1,1,13.0,207,6,17,0,10,6,3,25
1,1,13.0,207,6,9,0,0,26,3,25
1,6,24.0,31,5,16,0,4,70,3,14
1,6,24.0,31,5,11,0,10,47,3,14
1,6,24.0,31,5,19,0,2,13,2,14
1,6,24.0,31,5,22,1,11,18,4,14
1,6,13.0,317,0,19,0,4,4,1,25
1,6,29.0,335,2,6,0,5,12,0,16
1,4,18.0,26,1,3,0,3,103,4,0
1,4,18.0,26,1,13,0,3,70,3,0
1,6,1.0,158,2,17,3,13,48,3,7
1,2,4.0,254,5,12,0,3,30,3,30
1,4,18.0,26,1,3,0,6,132,1,0
1,4,18.0,26,1,14,0,15,46,1,0
1,4,18.0,26,1,14,2,1,81,3,0
1,4,20.0,115,4,6,2,0,53,3,29
1,4,20.0,115,4,15,1,15,51,1,29
1,4,20.0,115,4,19,0,7,20,3,29
1,4,28.0,218,5,21,1,1,105,0,18
1,4,28.0,218,5,19,0,14,24,0,18
1,4,28.0,218,5,9,0,11,124,0,18
1,2,2.0,143,2,6,0,5,12,3,22
1,2,2.0,143,2,0,0,13,38,1,22
1,2,2.0,143,2,5,1,9,102,4,22
1,2,2.0,143,2,1,1,7,111,4,22
1,2,4.0,254,5,16,0,3,44,3,30
1,2,4.0,254,5,23,0,16,72,1,30
1,2,4.0,254,5,13,0,11,94,4,30
1,2,4.0,254,5,13,0,14,126,2,30
1,2,4.0,254,5,2,1,13,99,4,30
1,8,1.0,66,4,17,3,2,2,1,7
1,4,1.0,144,6,20,0,1,35,4,7
1,4,1.0,144,6,11,0,13,48,2,7
1,1,28.0,300,3,13,3,9,101,1,18
1,2,3.0,282,4,10,0,2,92,1,27
1,4,1.0,144,6,2,0,14,24,4,7
1,0,9.0,48,5,8,0,14,32,2,12
1,0,14.0,5,2,0,0,3,79,1,5
1,0,14.0,5,2,22,0,14,110,1,5
1,0,15.0,190,4,0,1,3,30,0,1
1,0,15.0,190,4,3,1,6,7,4,1
1,0,14.0,5,2,12,1,13,38,4,5
1,0,17.0,12,6,7,0,13,21,1,6
1,0,17.0,12,6,3,1,6,7,4,6
1,0,17.0,12,6,2,0,9,134,2,6
1,0,14.0,5,2,5,0,15,85,0,5
1,0,24.0,55,6,0,1,10,47,0,14
1,0,24.0,55,6,17,0,10,22,1,14
1,0,24.0,55,6,19,0,10,23,1,14
1,0,24.0,55,6,20,1,13,29,4,14
1,0,25.0,281,3,16,0,15,46,3,13
1,0,25.0,281,3,3,0,16,39,3,13
1,0,25.0,281,3,18,0,4,5,3,13
1,0,31.0,290,6,2,2,8,41,3,20
1,10,15.0,60,5,5,1,13,21,0,1
1,2,19.0,137,6,8,2,0,15,3,10
1,2,19.0,137,6,5,3,8,27,2,10
1,2,27.0,136,3,1,1,13,48,0,15
1,10,1.0,208,5,13,3,7,111,1,7
1,2,14.0,231,0,11,1,10,22,0,5
1,5,29.0,24,3,18,1,14,97,4,16
1,6,6.0,83,0,3,1,11,90,1,23
1,6,6.0,83,0,13,1,11,15,1,23
1,6,6.0,83,0,14,3,9,27,0,23
1,6,14.0,173,1,11,0,2,40,2,5
1,6,13.0,317,0,9,0,3,44,0,25
1,6,22.0,185,2,1,0,4,82,1,26
1,6,22.0,185,2,5,0,5,6,2,26
1,6,22.0,185,2,12,0,6,132,3,26
1,6,23.0,84,4,6,0,11,94,2,17
1,10,8.0,213,5,3,0,12,61,1,8
1,10,8.0,213,5,20,1,14,131,1,8
1,10,8.0,213,5,4,0,8,19,4,8
1,10,9.0,150,6,19,0,10,43,3,12
1,10,9.0,150,6,18,0,9,134,4,12
1,10,11.0,298,0,6,0,10,47,0,9
1,10,11.0,298,0,21,1,14,125,4,9
1,10,11.0,298,0,1,1,9,10,4,9
1,10,28.0,216,4,0,0,5,12,1,18
1,10,28.0,216,4,0,0,8,9,0,18
1,10,28.0,216,4,0,1,16,50,0,18
1,10,11.0,298,0,2,0,2,92,1,9
1,10,11.0,298,0,23,1,6,7,4,9
1,1,9.0,50,1,16,2,13,61,3,12
1,1,9.0,50,1,6,1,7,122,0,12
1,1,10.0,17,2,15,0,0,85,4,4
1,1,10.0,17,2,19,0,2,2,3,4
1,1,12.0,353,5,13,0,8,27,0,28
1,1,12.0,353,5,2,0,1,16,1,28
1,1,12.0,353,5,12,2,6,89,3,28
1,0,9.0,48,5,19,0,4,66,0,12
1,0,9.0,48,5,4,0,11,117,0,12
1,0,7.0,15,2,12,0,1,11,0,11
1,0,14.0,5,2,19,0,14,88,4,5
1,0,15.0,190,4,0,1,6,132,0,1
1,0,15.0,190,4,15,1,14,25,1,1
1,0,15.0,190,4,1,0,3,76,3,1
1,0,17.0,12,6,13,2,16,74,0,6
1,0,15.0,190,4,18,0,0,53,3,1
1,0,17.0,12,6,1,2,16,50,1,6
1,0,24.0,55,6,6,0,14,25,3,14
1,0,14.0,5,2,7,1,13,29,1,5
1,0,14.0,5,2,7,1,3,79,0,5
1,0,14.0,5,2,20,1,9,63,0,5
1,0,14.0,5,2,16,0,7,120,0,5
1,10,5.0,336,1,20,0,6,73,4,24
1,5,31.0,196,1,12,0,9,49,3,20
1,0,15.0,190,4,3,1,11,18,0,1
1,0,15.0,190,4,22,1,14,32,4,1
1,0,15.0,190,4,11,1,14,25,1,1
1,7,19.0,330,6,18,0,10,47,0,10
1,3,19.0,138,1,8,1,3,44,4,10
1,3,10.0,4,3,15,0,10,47,2,4
1,3,26.0,343,1,22,3,14,110,0,3
1,5,2.0,307,0,2,0,13,48,1,22
1,4,1.0,144,6,17,0,3,115,2,7
1,6,3.0,99,5,3,2,2,2,4,27
1,8,17.0,74,6,13,0,15,119,2,6
1,4,3.0,279,0,3,1,13,29,0,27
1,2,3.0,282,4,11,0,13,38,2,27
1,8,2.0,77,5,19,1,13,21,4,22
1,2,1.0,16,1,8,1,4,82,4,7
1,2,1.0,16,1,0,0,0,26,0,7
1,6,22.0,185,2,18,0,15,108,1,26
1,6,22.0,185,2,19,0,1,59,4,26
1,6,23.0,84,4,20,0,5,64,2,17
1,6,23.0,84,4,22,0,10,6,3,17
1,8,13.0,189,1,16,0,0,64,3,25
1,6,23.0,84,4,2,0,2,3,4,17
1,6,23.0,84,4,4,0,14,24,3,17
1,6,23.0,84,4,14,0,10,47,3,17
1,6,23.0,84,4,4,2,5,64,3,17
1,6,24.0,31,5,11,1,3,70,1,14
1,6,22.0,185,2,4,1,7,111,2,26
1,6,29.0,335,2,11,1,13,29,1,16
1,6,29.0,335,2,15,0,4,127,4,16
1,6,29.0,335,2,1,0,1,16,3,16
1,6,29.0,335,2,9,0,14,110,4,16
1,0,15.0,190,4,23,1,14,24,1,1
0,8,21.0,46,4,3,0,9,95,2,21
0,2,3.0,282,5,14,0,10,47,1,27
0,4,27.0,274,5,18,0,2,2,3,15
0,2,4.0,254,6,20,1,15,51,1,30
1,1,14.0,183,3,17,0,12,121,3,5
0,2,4.0,254,6,22,0,15,39,3,30
1,0,24.0,55,6,2,1,9,95,4,14
1,9,1.0,126,1,12,0,13,38,4,7
1,2,15.0,130,1,13,0,9,54,1,1
0,0,7.0,15,4,14,0,1,59,4,11
0,2,15.0,130,2,3,1,4,5,4,1
0,11,15.0,331,3,11,1,10,52,1,1
0,8,20.0,319,2,0,2,13,21,3,29
0,10,22.0,314,6,10,1,14,24,0,26
0,4,6.0,176,5,1,0,7,78,2,23
0,2,15.0,130,2,5,0,0,26,1,1
0,2,22.0,209,2,5,0,5,64,1,26
0,2,22.0,209,2,0,0,10,47,1,26
0,2,22.0,209,2,12,2,8,9,3,26
0,2,22.0,209,2,14,1,4,136,4,26
0,2,23.0,230,4,8,0,10,43,1,17
0,2,23.0,230,4,4,3,9,57,0,17
0,2,28.0,257,1,10,0,14,32,1,18
0,2,28.0,257,1,4,0,1,81,4,18
0,2,29.0,140,2,0,0,13,28,0,16
0,5,5.0,96,5,14,0,11,15,1,24
0,2,28.0,257,1,12,0,0,77,2,18
0,2,29.0,140,2,3,0,7,129,1,16
0,2,29.0,140,2,3,0,6,132,1,16
0,8,30.0,103,6,22,0,13,29,2,19
0,4,28.0,218,6,19,1,4,82,1,18
0,2,21.0,108,1,18,0,10,47,2,21
0,2,21.0,108,1,14,0,7,20,0,21
0,2,29.0,140,2,12,0,10,22,3,16
0,2,4.0,254,6,19,1,11,98,1,30
0,2,30.0,131,4,11,0,7,62,3,19
0,0,6.0,260,2,16,0,4,82,1,23
1,0,29.0,191,4,8,0,4,136,1,16
0,0,20.0,172,2,4,0,10,47,1,29
0,0,6.0,260,2,16,0,11,18,2,23
0,0,6.0,260,2,11,0,0,12,1,23
0,0,6.0,260,2,13,0,7,120,2,23
0,0,6.0,260,2,15,1,5,12,1,23
0,0,14.0,5,4,22,0,0,64,1,5
0,0,14.0,5,4,13,0,13,48,0,5
0,0,14.0,5,4,5,1,14,107,4,5
0,4,30.0,139,0,10,1,10,23,1,19
0,2,4.0,254,6,13,1,16,130,4,30
0,2,3.0,282,5,0,1,3,115,4,27
0,4,14.0,345,6,1,0,14,24,4,5
0,4,15.0,132,3,13,0,4,82,2,1
0,4,21.0,339,6,4,0,9,87,4,21
0,4,28.0,218,6,15,0,1,59,2,18
0,4,28.0,218,6,14,1,10,23,4,18
0,4,31.0,67,1,13,0,11,15,3,20
0,4,31.0,67,1,22,1,2,13,4,20
0,4,31.0,67,1,9,0,10,23,1,20
0,2,5.0,127,3,2,1,7,54,4,24
0,2,5.0,127,3,15,0,4,5,1,24
0,2,6.0,251,0,4,2,8,27,3,23
0,2,12.0,128,3,11,2,1,1,3,28
0,2,13.0,276,0,17,1,14,25,0,25
0,2,13.0,276,0,20,1,13,28,0,25
0,2,12.0,128,3,9,0,15,119,3,28
0,2,13.0,276,0,19,0,13,13,1,25
0,2,21.0,108,1,14,1,13,38,2,21
0,2,6.0,251,0,20,0,11,133,2,23
0,0,4.0,229,0,0,0,13,13,0,30
0,0,4.0,229,0,19,0,10,47,3,30
0,0,6.0,260,2,8,1,0,53,4,23
0,10,14.0,174,5,0,2,10,47,3,5
0,10,14.0,174,5,15,0,13,29,3,5
0,10,20.0,223,4,23,1,7,54,4,29
0,10,20.0,223,4,11,1,11,18,1,29
0,10,21.0,341,5,4,0,8,9,1,21
0,10,22.0,314,6,16,0,10,23,2,26
0,10,22.0,314,6,10,1,14,25,0,26
0,10,22.0,314,6,21,1,13,36,0,26
0,10,22.0,314,6,15,2,8,41,3,26
0,10,21.0,341,5,2,1,14,24,4,21
0,10,22.0,314,6,11,1,4,5,1,26
0,10,21.0,341,5,8,0,9,57,0,21
0,10,28.0,216,5,3,1,12,104,4,18
0,10,28.0,216,5,5,1,12,56,4,18
0,10,29.0,318,6,4,0,5,64,3,16
0,10,29.0,318,6,14,0,0,26,3,16
0,1,5.0,219,6,5,1,1,11,4,24
0,1,5.0,219,6,14,0,12,80,3,24
0,1,6.0,97,3,15,1,9,63,4,23
0,2,28.0,257,1,12,2,2,71,3,18
0,0,7.0,15,4,2,0,2,92,3,11
0,0,7.0,15,4,2,1,2,2,1,11
0,0,7.0,15,4,9,0,16,130,4,11
0,0,20.0,172,2,16,0,5,12,0,29
0,0,20.0,172,2,3,0,4,4,1,29
0,0,23.0,237,6,18,0,4,82,1,17
0,0,24.0,55,3,6,0,0,53,0,14
0,0,24.0,55,3,16,0,13,29,1,14
0,0,24.0,55,3,20,0,1,67,4,14
0,0,31.0,290,3,23,1,11,117,2,20
0,8,21.0,46,4,8,0,12,56,3,21
1,0,14.0,5,2,16,0,0,64,3,5
0,2,15.0,130,2,2,1,9,63,4,1
0,0,31.0,290,3,3,1,11,58,4,20
0,5,12.0,327,5,18,1,15,114,1,28
0,4,12.0,134,4,16,0,2,86,3,28
0,10,21.0,341,5,19,1,11,124,0,21
0,4,5.0,235,4,2,1,7,57,4,24
0,0,20.0,172,2,12,1,4,4,0,29
0,2,22.0,209,2,21,0,13,38,0,26
0,0,31.0,290,3,22,1,12,58,4,20
1,7,18.0,154,5,13,2,15,51,2,0
0,4,12.0,134,4,8,0,11,15,1,28
0,8,20.0,319,2,22,0,9,87,3,29
1,8,5.0,101,0,5,1,12,104,1,24
0,10,22.0,314,6,22,1,2,86,4,26
0,0,23.0,237,6,6,0,10,12,3,17
0,4,13.0,221,5,7,1,6,7,2,25
0,10,21.0,341,5,20,1,10,47,0,21
1,5,1.0,109,3,14,1,9,93,4,7
0,7,20.0,266,0,20,0,8,65,1,29
0,5,18.0,195,4,17,0,13,48,3,0
0,8,20.0,319,2,8,0,12,80,1,29
0,8,22.0,354,5,20,0,6,7,4,26
0,8,22.0,354,5,17,1,1,105,4,26
0,8,22.0,354,5,15,0,9,54,1,26
0,8,22.0,354,5,9,1,13,21,4,26
0,8,28.0,224,4,16,0,8,118,1,18
0,4,6.0,176,5,16,0,1,1,1,23
0,4,6.0,176,5,5,1,8,41,1,23
0,4,6.0,176,5,3,0,14,24,2,23
0,4,6.0,176,5,2,2,9,95,3,23
0,4,6.0,176,5,14,0,9,49,1,23
0,4,6.0,176,5,18,0,1,1,4,23
0,0,31.0,290,3,4,0,4,82,3,20
0,0,31.0,290,3,18,0,4,121,1,20
0,0,31.0,290,3,22,1,2,60,4,20
0,2,12.0,128,3,19,1,15,96,4,28
0,2,21.0,108,1,2,0,13,38,4,21
0,0,4.0,229,0,0,1,1,1,1,30
0,0,4.0,229,0,5,0,12,61,1,30
0,0,4.0,229,0,3,1,13,69,4,30
0,0,4.0,229,0,12,1,9,83,4,30
0,0,7.0,15,4,17,0,10,22,3,11
0,0,7.0,15,4,13,0,14,131,1,11
0,4,12.0,134,4,14,0,4,5,1,28
0,4,23.0,30,0,15,2,10,22,3,17
0,4,23.0,30,0,22,0,8,33,3,17
0,4,23.0,30,0,19,0,7,20,4,17
0,4,23.0,30,0,9,0,15,46,3,17
0,4,29.0,313,3,6,3,14,125,2,16
0,4,29.0,313,3,7,0,10,47,1,16
0,4,29.0,313,3,8,0,8,33,4,16
0,8,20.0,319,2,1,0,8,118,1,29
0,8,20.0,319,2,18,0,3,30,3,29
0,8,22.0,354,5,3,0,6,89,1,26
0,8,22.0,354,5,16,0,7,20,4,26
0,8,28.0,224,4,16,0,0,12,0,18
0,8,28.0,224,4,23,0,5,6,3,18
0,8,28.0,224,4,16,1,14,126,1,18
0,8,28.0,224,4,14,2,2,71,3,18
0,8,28.0,224,4,1,0,5,0,2,18
0,8,28.0,224,4,13,1,4,45,4,18
1,9,21.0,362,0,21,3,6,7,3,21
1,9,14.0,106,0,19,0,8,118,1,5
1,3,5.0,324,1,18,0,15,108,1,24
1,5,7.0,349,6,14,0,13,28,4,11
1,8,16.0,73,5,22,1,13,99,1,2
1,8,30.0,103,5,9,0,3,30,1,19
1,8,30.0,103,5,14,0,12,80,1,19
1,4,31.0,67,0,22,1,9,93,4,20
1,0,17.0,12,6,9,1,15,39,0,6
1,9,6.0,51,3,8,3,8,9,1,23
1,5,7.0,349,6,20,0,8,118,2,11
1,1,30.0,100,1,20,3,7,31,1,19
1,8,30.0,103,5,18,1,12,56,0,19
1,8,30.0,103,5,2,0,12,80,3,19
1,5,23.0,168,0,17,0,10,12,1,17
1,6,30.0,145,4,8,0,0,77,3,19
0,0,20.0,172,2,17,0,6,7,4,29
0,0,20.0,172,2,23,0,14,110,4,29
0,0,20.0,172,2,5,3,1,67,4,29
0,0,23.0,237,6,0,2,13,69,3,17
0,0,23.0,237,6,1,0,0,64,2,17
0,0,23.0,237,6,18,0,1,105,0,17
0,0,24.0,55,3,11,0,13,28,1,14
0,0,31.0,290,3,15,0,0,77,1,20
0,0,31.0,290,3,3,0,2,86,1,20
0,0,24.0,55,3,19,1,0,77,0,14
0,0,31.0,290,3,2,0,6,7,0,20
0,0,31.0,290,3,1,0,5,6,3,20
0,8,12.0,284,1,4,3,1,81,0,28
0,1,22.0,164,1,19,0,5,12,2,26
1,2,2.0,143,2,12,2,6,89,3,22
1,2,18.0,7,5,1,0,7,120,3,0
1,10,9.0,150,6,1,1,13,29,1,12
1,0,2.0,47,5,14,0,4,82,1,22
1,0,12.0,113,0,8,0,4,136,4,28
1,0,20.0,172,1,2,0,3,79,1,29
1,0,20.0,172,1,4,1,16,74,0,29
1,1,12.0,353,5,19,1,0,64,4,28
0,0,23.0,237,6,23,1,0,0,0,17
1,8,16.0,73,5,20,0,16,113,2,2
1,6,18.0,308,6,9,1,3,79,4,0
1,0,11.0,10,3,17,0,14,107,1,9
0,5,18.0,195,4,21,2,5,64,3,0
0,10,22.0,314,6,15,0,12,17,1,26
0,4,13.0,221,5,16,0,12,17,1,25
0,10,22.0,314,6,13,1,12,121,4,26
0,0,23.0,237,6,18,1,9,10,4,17
0,5,15.0,200,0,18,1,9,93,4,1
1,6,18.0,308,6,5,2,4,82,3,0
0,4,14.0,345,6,2,2,5,6,0,5
0,10,22.0,314,6,12,0,8,118,1,26
0,4,12.0,134,4,22,0,1,11,4,28
0,10,22.0,314,6,9,0,11,117,1,26
0,0,24.0,55,3,21,0,3,79,1,14
1,2,15.0,130,1,12,0,12,104,4,1
1,6,18.0,308,6,8,0,12,61,2,0
0,4,5.0,235,4,9,1,11,117,1,24
0,3,30.0,304,3,17,0,12,135,4,19
0,10,22.0,314,6,9,0,12,61,2,26
0,10,28.0,216,5,0,0,1,105,4,18
0,10,28.0,216,5,14,2,6,89,3,18
0,10,28.0,216,5,9,2,12,121,2,18
0,10,29.0,318,6,8,0,0,64,0,16
0,1,5.0,219,6,22,2,16,130,0,24
0,1,5.0,219,6,2,2,13,29,3,24
0,1,6.0,97,3,2,1,1,35,4,23
0,1,5.0,219,6,20,1,2,2,4,24
0,1,19.0,29,6,20,0,1,35,0,10
0,1,19.0,29,6,22,1,10,22,1,10
0,1,19.0,29,6,9,2,8,19,3,10
0,1,19.0,29,6,22,1,12,80,4,10
0,1,20.0,151,3,12,0,3,44,3,29
0,8,20.0,319,2,0,1,11,15,0,29
0,8,20.0,319,2,12,0,6,7,3,29
0,9,11.0,52,6,19,0,2,92,1,9
0,1,12.0,353,6,22,1,10,22,4,28
0,1,12.0,353,6,11,1,13,99,4,28
0,1,13.0,207,3,22,0,8,27,1,25
0,9,26.0,267,3,19,0,0,26,2,3
0,9,28.0,315,1,20,0,16,50,1,18
0,1,13.0,207,3,14,0,3,44,1,25
0,1,21.0,45,0,16,0,5,12,1,21
0,1,21.0,45,0,10,2,8,41,3,21
0,1,21.0,45,0,3,1,0,12,4,21
0,1,21.0,45,0,9,0,14,25,1,21
0,1,22.0,164,1,16,0,0,77,3,26
0,1,22.0,164,1,12,0,5,6,1,26
0,1,30.0,100,2,21,0,1,11,4,19
0,1,30.0,100,2,3,2,2,92,1,19
0,1,31.0,305,4,11,0,0,26,3,20
0,1,31.0,305,4,15,1,1,105,4,20
0,1,31.0,305,4,19,0,2,92,1,20
0,1,31.0,305,4,1,0,9,93,0,20
0,8,5.0,101,1,10,0,16,130,4,24
0,8,5.0,101,1,13,1,2,92,1,24
0,8,5.0,101,1,13,0,1,105,4,24
0,8,5.0,101,1,13,1,0,15,1,24
0,8,11.0,306,0,8,0,1,16,0,9
0,7,1.0,98,2,17,2,1,1,1,7
0,7,1.0,98,2,3,0,0,64,1,7
0,7,1.0,98,2,11,0,13,38,2,7
0,7,1.0,98,2,16,0,12,17,1,7
0,7,1.0,98,2,18,0,13,123,4,7
0,7,3.0,269,5,15,0,10,23,0,27
0,7,3.0,269,5,14,1,2,86,0,27
0,7,10.0,329,5,21,0,2,92,1,4
0,7,3.0,269,5,13,0,4,138,2,27
0,7,10.0,329,5,19,0,6,7,4,4
0,7,10.0,329,5,4,0,1,35,4,4
0,7,10.0,329,5,2,0,7,31,1,4
0,7,19.0,330,3,16,2,2,92,0,10
0,7,19.0,330,3,12,0,10,47,3,10
0,7,19.0,330,3,19,2,13,36,0,10
0,7,19.0,330,3,9,0,10,22,3,10
0,7,19.0,330,3,4,0,8,9,3,10
0,7,21.0,81,1,11,0,13,28,3,21
0,7,21.0,81,1,4,2,13,29,3,21
0,7,21.0,81,1,9,0,14,126,1,21
0,7,21.0,81,1,12,0,2,123,3,21
0,7,26.0,316,3,6,0,7,57,0,3
0,10,21.0,341,5,21,0,10,47,0,21
0,10,20.0,223,4,1,3,0,53,3,29
0,10,21.0,341,5,0,1,2,2,0,21
0,10,20.0,223,4,8,1,0,77,1,29
0,10,20.0,223,4,12,1,13,99,4,29
0,10,22.0,314,6,17,0,10,52,3,26
0,10,21.0,341,5,11,1,12,104,4,21
0,10,21.0,341,5,9,0,1,16,0,21
0,10,14.0,174,5,4,1,14,125,4,5
0,10,22.0,314,6,8,1,4,4,4,26
0,10,28.0,216,5,10,0,14,34,1,18
0,10,28.0,216,5,19,0,9,134,3,18
0,10,28.0,216,5,14,0,11,117,3,18
0,10,28.0,216,5,3,1,1,105,4,18
0,10,28.0,216,5,14,1,16,37,1,18
0,10,28.0,216,5,11,0,4,82,2,18
0,10,20.0,223,4,17,1,3,30,4,29
0,10,29.0,318,6,20,1,12,61,4,16
0,1,5.0,219,6,5,1,1,1,4,24
0,1,5.0,219,6,18,0,14,131,1,24
0,1,6.0,97,3,23,0,6,14,3,23
0,1,6.0,97,3,10,1,16,50,1,23
0,8,11.0,306,0,18,0,13,38,0,9
0,8,11.0,306,0,19,2,2,69,3,9
0,5,29.0,24,0,15,0,3,76,1,16
0,0,24.0,55,3,6,2,12,104,3,14
0,5,29.0,24,0,3,1,6,91,1,16
1,3,16.0,263,6,4,1,11,133,4,2
1,3,5.0,324,1,13,0,0,26,1,24
1,9,20.0,119,3,3,3,5,12,0,29
0,10,25.0,56,1,5,0,13,36,1,13
0,4,5.0,235,4,18,0,10,12,1,24
0,0,24.0,55,3,12,0,6,89,4,14
0,5,29.0,24,0,19,0,3,76,0,16
0,8,19.0,280,1,15,0,5,12,3,10
1,1,14.0,183,3,15,0,11,122,4,5
0,10,21.0,341,5,5,0,13,69,1,21
0,8,28.0,224,4,18,3,14,25,1,18
0,0,24.0,55,3,18,0,12,56,1,14
0,0,4.0,229,0,19,1,9,54,4,30
0,5,27.0,328,6,1,0,10,22,3,15
0,4,8.0,292,3,8,0,1,16,3,8
1,8,21.0,46,2,17,2,0,64,3,21
0,10,28.0,216,5,7,1,9,109,0,18
0,4,6.0,176,5,16,2,16,74,0,23
0,2,30.0,131,4,3,1,6,116,4,19
0,6,13.0,317,1,0,0,11,15,1,25
0,6,13.0,317,1,15,0,5,64,1,25
0,6,14.0,173,2,3,0,15,114,3,5
0,6,28.0,309,2,16,0,2,86,3,18
0,6,28.0,309,2,7,1,14,32,1,18
0,6,28.0,309,2,10,1,3,103,0,18
0,6,28.0,309,2,2,0,13,48,0,18
0,6,28.0,309,2,2,0,16,37,4,18
0,6,28.0,309,2,18,0,13,21,3,18
0,6,29.0,335,4,18,0,8,118,1,16
0,10,5.0,336,2,19,0,5,6,2,24
0,10,5.0,336,2,9,0,0,26,1,24
0,8,21.0,46,4,1,1,6,91,4,21
0,11,1.0,222,3,17,0,1,16,1,7
0,4,28.0,218,6,19,0,8,41,2,18
0,4,21.0,339,6,16,0,9,102,3,21
0,4,31.0,67,1,17,0,13,29,4,20
0,2,21.0,108,1,9,0,1,59,4,21
0,10,11.0,298,1,16,0,14,25,0,9
0,10,11.0,298,1,0,0,13,28,3,9
0,4,30.0,139,0,22,1,13,69,4,19
0,4,30.0,139,0,14,1,11,10,4,19
0,4,30.0,139,0,14,2,1,81,3,19
0,2,3.0,282,5,0,1,0,53,4,27
0,2,3.0,282,5,16,1,10,47,2,27
0,2,3.0,282,5,8,0,10,52,3,27
0,2,4.0,254,6,1,0,7,111,4,30
0,2,4.0,254,6,1,0,0,77,1,30
0,2,15.0,130,2,15,0,2,2,4,1
0,2,22.0,209,2,5,0,6,89,4,26
0,2,22.0,209,2,8,3,1,105,3,26
0,2,22.0,209,2,19,1,6,7,4,26
0,2,22.0,209,2,2,0,13,99,4,26
0,2,15.0,130,2,11,0,2,40,2,1
0,2,22.0,209,2,4,1,6,7,0,26
0,2,23.0,230,4,13,0,9,109,3,17
0,2,23.0,230,4,15,1,13,13,1,17
0,2,23.0,230,4,4,2,10,22,3,17
0,2,23.0,230,4,1,0,3,79,1,17
0,2,28.0,257,1,11,0,11,117,0,18
0,2,28.0,257,1,9,0,1,35,4,18
0,2,29.0,140,2,4,0,2,13,1,16
0,2,30.0,131,4,6,0,6,132,1,19
0,2,29.0,140,2,13,0,3,30,3,16
0,4,29.0,313,3,9,0,13,13,1,16
0,2,4.0,254,6,6,0,15,119,1,30
0,2,4.0,254,6,17,0,2,69,1,30
0,2,4.0,254,6,22,1,15,46,4,30
0,2,4.0,254,6,12,2,11,15,0,30
0,2,15.0,130,2,6,0,10,22,1,1
0,2,15.0,130,2,6,0,11,15,0,1
0,2,15.0,130,2,2,1,9,102,4,1
0,2,22.0,209,2,6,0,0,77,1,26
0,2,22.0,209,2,16,0,0,0,3,26
0,2,22.0,209,2,12,0,9,102,3,26
0,2,23.0,230,4,5,1,2,3,4,17
0,2,23.0,230,4,11,0,9,49,1,17
0,2,28.0,257,1,21,2,14,131,0,18
0,2,28.0,257,1,0,0,0,26,0,18
0,2,28.0,257,1,2,0,8,27,1,18
0,2,28.0,257,1,1,0,5,12,2,18
0,2,29.0,140,2,9,0,13,38,3,16
0,2,30.0,131,4,0,2,2,40,4,19
0,2,30.0,131,4,22,1,7,8,4,19
0,0,6.0,260,2,6,0,13,36,3,23
0,0,14.0,5,4,3,0,1,16,4,5
0,0,14.0,5,4,6,1,0,0,4,5
0,10,11.0,298,1,8,0,6,89,1,9
0,10,12.0,333,2,15,0,13,21,1,28
0,10,14.0,174,5,0,0,15,46,3,5
0,10,14.0,174,5,20,0,4,5,3,5
0,10,14.0,174,5,23,1,8,41,1,5
0,10,20.0,223,4,6,0,9,102,0,29
0,10,20.0,223,4,22,0,12,80,2,29
0,10,20.0,223,4,11,0,7,20,2,29
0,10,21.0,341,5,13,2,2,40,2,21
0,10,21.0,341,5,22,0,13,28,0,21
0,10,21.0,341,5,12,1,14,125,4,21
0,10,21.0,341,5,9,0,6,132,1,21
0,10,21.0,341,5,18,2,1,81,3,21
0,9,25.0,344,6,19,0,1,1,1,13
0,6,26.0,348,0,11,1,15,114,4,3
0,10,28.0,216,5,20,0,5,12,0,18
0,4,6.0,176,5,5,1,1,81,1,23
0,0,6.0,260,2,7,2,10,47,3,23
0,0,24.0,55,3,4,2,6,91,3,14
1,2,24.0,22,4,9,3,8,118,0,14
0,10,9.0,150,3,14,2,10,22,3,12
0,10,29.0,318,6,1,0,13,48,1,16
0,4,12.0,134,4,3,0,13,21,1,28
0,5,17.0,212,2,8,3,10,22,0,6
1,1,13.0,207,6,4,0,10,23,3,25
0,0,6.0,260,2,7,0,8,19,0,23
0,10,10.0,245,0,9,1,7,78,1,4
0,4,12.0,134,4,9,0,3,76,4,28
0,5,15.0,200,0,8,1,14,88,2,1
0,0,6.0,260,2,21,1,10,47,0,23
0,10,10.0,245,0,11,1,13,48,4,4
0,10,29.0,318,6,4,2,1,59,3,16
1,0,31.0,290,6,11,3,11,133,1,20
1,1,15.0,1,0,8,2,10,43,1,1
0,0,14.0,5,4,5,1,1,35,4,5
0,8,26.0,278,1,18,0,8,27,0,3
0,10,29.0,318,6,4,0,16,39,3,16
0,4,23.0,30,0,0,1,12,83,0,17
0,4,23.0,30,0,1,0,1,1,0,17
0,4,29.0,313,3,6,0,5,6,3,16
0,4,30.0,139,0,9,0,4,82,1,19
0,4,30.0,139,0,15,1,2,13,1,19
0,2,4.0,254,6,5,1,11,133,4,30
0,2,15.0,130,2,17,0,5,12,3,1
0,7,27.0,53,0,20,1,3,79,0,15
0,7,27.0,53,0,13,1,16,108,4,15
0,7,29.0,268,2,16,0,5,12,3,16
0,7,29.0,268,2,16,1,9,27,0,16
0,7,29.0,268,2,3,0,9,49,0,16
0,7,29.0,268,2,8,1,10,52,2,16
0,3,1.0,180,6,3,1,13,38,1,7
0,3,4.0,285,1,17,2,0,68,1,30
0,3,4.0,285,1,10,0,2,2,1,30
0,7,21.0,81,1,19,3,11,117,1,21
0,8,22.0,354,5,12,0,3,79,3,26
0,3,5.0,324,2,6,0,5,12,3,24
0,3,5.0,324,2,6,1,1,59,4,24
0,3,5.0,324,2,6,0,10,47,0,24
0,3,10.0,4,0,2,0,2,2,4,4
0,3,10.0,4,0,14,0,2,71,4,4
0,3,10.0,4,0,9,0,4,66,4,4
0,3,19.0,138,2,0,0,15,46,3,10
0,3,19.0,138,2,3,0,3,70,3,10
0,3,19.0,138,2,2,1,6,91,0,10
0,3,29.0,325,6,13,0,0,96,4,16
0,3,29.0,325,6,1,0,12,84,1,16
0,3,29.0,325,6,23,1,2,71,4,16
0,4,6.0,176,5,3,1,1,35,4,23
0,4,6.0,176,5,18,0,5,64,2,23
0,4,12.0,134,4,21,0,8,41,4,28
0,4,12.0,134,4,15,1,16,130,1,28
0,4,12.0,134,4,11,1,13,21,0,28
0,4,12.0,134,4,19,0,3,115,4,28
0,4,12.0,134,4,16,0,0,85,0,28
0,4,12.0,134,4,13,1,16,37,1,28
0,8,11.0,306,0,20,1,12,61,1,9
0,7,20.0,266,0,18,0,3,103,0,29
0,8,11.0,306,0,0,0,13,36,3,9
0,8,12.0,284,1,4,0,9,95,3,28
0,8,14.0,296,4,10,1,9,27,0,5
0,8,12.0,284,1,3,0,2,86,1,28
0,8,11.0,306,0,2,1,16,50,2,9
0,8,21.0,46,4,7,1,15,85,0,21
0,8,21.0,46,4,5,1,0,15,1,21
0,8,21.0,46,4,8,0,8,118,3,21
0,8,21.0,46,4,1,0,10,22,3,21
0,8,30.0,103,6,0,1,10,47,0,19
0,8,30.0,103,6,12,0,13,48,0,19
0,8,30.0,103,6,18,0,12,56,1,19
0,4,3.0,279,1,17,0,0,64,0,27
0,4,5.0,235,4,20,0,4,4,1,24
0,4,5.0,235,4,5,0,13,28,1,24
0,4,5.0,235,4,13,0,5,64,0,24
0,4,5.0,235,4,12,0,6,7,2,24
0,4,5.0,235,4,5,1,11,15,1,24
0,4,5.0,235,4,15,1,13,38,4,24
0,4,23.0,30,0,15,2,10,22,3,17
0,4,23.0,30,0,18,1,14,32,4,17
0,4,29.0,313,3,10,2,7,20,3,16
0,4,29.0,313,3,11,1,5,12,0,16
0,4,29.0,313,3,13,1,0,77,1,16
0,4,29.0,313,3,13,0,6,7,2,16
0,4,30.0,139,0,9,0,13,38,0,19
0,4,30.0,139,0,9,0,8,118,3,19
0,2,3.0,282,5,19,0,3,30,3,27
0,2,3.0,282,5,14,0,6,7,0,27
0,2,3.0,282,5,19,1,15,51,0,27
0,2,4.0,254,6,12,2,12,80,0,30
0,2,3.0,282,5,19,0,11,133,3,27
0,2,15.0,130,2,16,0,9,49,3,1
0,2,22.0,209,2,7,0,8,118,0,26
0,2,23.0,230,4,12,0,4,75,1,17
0,2,23.0,230,4,1,0,0,77,2,17
0,2,15.0,130,2,21,2,5,12,3,1
0,11,31.0,227,1,8,1,14,107,4,20
0,2,11.0,297,6,13,1,2,2,4,9
0,10,1.0,208,6,14,0,4,45,3,7
0,0,14.0,5,4,22,1,9,134,4,5
0,5,11.0,326,4,6,0,7,57,2,9
0,11,31.0,227,1,14,1,14,34,4,20
0,1,5.0,219,6,8,0,5,6,3,24
0,10,8.0,213,6,5,1,0,26,1,8
0,10,10.0,245,0,4,0,9,134,2,4
0,0,6.0,260,2,3,0,0,77,1,23
0,3,9.0,44,3,22,0,6,128,2,12
0,8,26.0,278,1,13,1,5,6,0,3
0,1,5.0,219,6,9,0,10,22,0,24
0,0,6.0,260,2,22,2,2,13,0,23
0,3,15.0,35,6,13,1,5,64,1,1
0,7,14.0,125,1,5,0,0,15,2,5
0,4,24.0,27,1,0,1,2,13,1,14
0,1,6.0,97,3,6,1,1,105,0,23
0,0,6.0,260,2,2,1,4,45,4,23
0,11,7.0,253,6,17,0,2,40,4,11
0,7,14.0,125,1,11,0,16,50,0,5
0,2,10.0,28,5,16,1,12,17,4,4
0,1,5.0,219,6,22,1,1,59,4,24
0,0,6.0,260,2,1,0,16,37,4,23
1,4,25.0,20,1,18,2,0,26,1,13
0,0,3.0,334,3,5,3,8,19,3,27
0,5,26.0,37,5,9,3,5,64,3,3
0,1,6.0,97,3,3,0,13,21,3,23
0,0,14.0,5,4,13,0,7,62,0,5
0,10,8.0,213,6,19,0,5,47,2,8
0,10,10.0,245,0,0,3,10,23,1,4
0,10,18.0,246,1,13,0,6,91,4,0
0,10,18.0,246,1,9,0,13,29,2,0
0,8,19.0,280,1,15,0,9,49,1,10
1,3,5.0,324,1,0,1,10,47,0,24
1,6,30.0,145,4,1,0,10,52,4,19
0,2,22.0,209,2,9,0,3,30,1,26
0,2,23.0,230,4,20,1,13,48,4,17
0,2,23.0,230,4,5,0,14,25,1,17
0,2,23.0,230,4,13,0,1,59,3,17
0,2,23.0,230,4,1,0,1,59,3,17
0,2,28.0,257,1,6,2,3,115,3,18
0,2,28.0,257,1,19,0,0,77,3,18
0,2,28.0,257,1,1,1,2,69,0,18
0,2,29.0,140,2,0,0,3,70,1,16
0,2,29.0,140,2,21,0,1,35,4,16
0,2,29.0,140,2,0,0,5,12,0,16
0,2,29.0,140,2,9,0,7,111,1,16
0,2,29.0,140,2,18,0,0,26,1,16
0,0,6.0,260,2,17,0,1,35,3,23
0,0,6.0,260,2,16,0,13,29,1,23
0,5,5.0,96,5,20,1,12,80,4,24
0,4,28.0,218,6,19,1,7,122,1,18
0,4,28.0,218,6,19,0,2,2,2,18
0,4,28.0,218,6,2,1,0,85,0,18
0,2,18.0,7,6,19,1,5,12,0,0
1,8,7.0,70,2,0,3,0,26,3,11
1,4,14.0,345,5,22,1,0,53,2,5
1,6,24.0,31,5,9,0,5,12,3,14
1,0,16.0,11,5,11,0,8,41,2,2
1,10,12.0,333,1,6,0,10,6,0,28
1,4,25.0,20,1,1,2,2,86,3,13
1,4,25.0,20,1,22,1,0,15,2,13
0,3,9.0,44,3,8,3,14,25,0,12
0,11,24.0,194,1,19,3,8,19,3,14
0,1,17.0,63,4,9,1,5,12,0,6
0,1,25.0,65,5,23,1,12,56,1,13
0,1,25.0,65,5,1,3,9,83,4,13
0,7,25.0,41,6,5,1,16,50,1,13
0,7,31.0,43,5,8,0,1,11,1,20
0,7,31.0,43,5,3,0,8,33,2,20
0,7,30.0,42,4,19,1,9,102,4,19
0,7,31.0,43,5,6,0,3,30,4,20
0,3,9.0,44,3,14,0,13,21,3,12
1,10,14.0,174,4,2,0,5,64,3,5
1,10,16.0,201,6,13,1,9,95,4,2
1,9,14.0,106,0,2,2,13,48,3,5
1,6,30.0,145,4,8,3,12,100,4,19
1,1,23.0,69,1,13,1,9,27,0,17
1,3,15.0,35,5,9,3,0,64,3,1
1,8,16.0,73,5,11,0,16,37,2,2
1,8,21.0,46,2,5,0,9,49,1,21
1,5,23.0,168,0,22,1,0,0,4,17
1,4,31.0,67,0,12,1,11,94,0,20
1,0,31.0,290,6,12,1,16,65,0,20
0,3,17.0,54,0,18,2,11,90,3,6
0,3,17.0,54,0,12,1,10,23,1,6
0,5,15.0,200,0,18,1,10,23,1,1
0,5,8.0,199,0,14,3,8,9,0,8
0,5,7.0,349,3,15,3,6,7,0,11
0,10,1.0,208,6,8,0,15,39,0,7
0,10,10.0,245,0,18,0,9,49,1,4
0,6,6.0,83,1,14,0,13,36,3,23
0,3,17.0,54,0,12,1,9,101,0,6
1,2,8.0,258,1,18,2,7,20,4,8
0,0,14.0,5,4,13,3,9,134,3,5
0,6,25.0,39,3,17,0,14,24,1,13
0,1,19.0,29,6,2,0,15,39,1,10
1,2,8.0,258,1,13,1,6,7,0,8
0,3,17.0,54,0,20,1,13,99,4,6
0,1,19.0,29,6,13,1,11,117,1,10
0,1,8.0,62,1,4,0,9,54,1,8
0,6,8.0,59,4,14,0,2,86,4,8
0,3,17.0,54,0,5,1,11,58,1,6
0,1,20.0,151,3,16,1,0,53,2,29
1,3,22.0,166,5,9,1,8,41,1,26
0,1,8.0,62,1,18,1,11,55,4,8
1,10,6.0,242,2,5,0,13,28,3,23
1,4,31.0,67,0,19,0,5,6,0,20
0,5,15.0,200,0,8,0,9,102,2,1
0,11,16.0,225,0,9,1,1,105,0,2
0,10,10.0,245,0,14,1,10,12,1,4
0,7,14.0,125,1,13,0,7,57,1,5
0,8,19.0,280,1,20,3,8,33,0,10
0,8,2.0,77,6,13,0,0,68,3,22
0,2,19.0,137,3,15,1,14,110,4,10
0,10,18.0,246,1,11,0,2,92,1,0
0,10,23.0,247,3,11,3,12,58,4,17
0,8,26.0,278,1,12,0,3,44,1,3
0,4,27.0,274,5,19,1,0,12,0,15
0,2,25.0,233,6,8,0,0,0,2,13
0,0,10.0,129,3,13,2,6,89,2,4
0,4,28.0,218,6,19,0,13,99,2,18
0,4,14.0,345,6,17,1,9,93,4,5
0,4,23.0,30,0,16,0,8,27,0,17
0,4,23.0,30,0,13,0,14,107,0,17
0,4,29.0,313,3,1,0,4,121,1,16
0,4,30.0,139,0,17,0,1,59,1,19
0,4,29.0,313,3,20,1,3,103,1,16
0,4,29.0,313,3,22,0,9,54,2,16
0,4,30.0,139,0,3,0,1,1,1,19
0,2,3.0,282,5,17,1,2,71,0,27
0,2,3.0,282,5,11,1,1,1,1,27
0,2,4.0,254,6,15,1,9,109,4,30
0,2,4.0,254,6,14,0,9,49,0,30
0,2,15.0,130,2,13,1,9,63,4,1
0,2,22.0,209,2,16,0,7,120,3,26
0,2,22.0,209,2,1,0,12,17,4,26
0,2,28.0,257,1,1,1,14,131,0,18
0,2,29.0,140,2,2,0,6,89,2,16
0,2,29.0,140,2,2,0,8,118,3,16
0,2,30.0,131,4,3,1,14,106,4,19
0,2,30.0,131,4,3,1,14,97,4,19
0,0,6.0,260,2,1,0,2,86,1,23
1,5,28.0,259,6,2,0,7,78,3,18
1,1,9.0,50,1,3,0,14,25,1,12
1,5,10.0,155,1,1,0,14,110,0,4
1,6,18.0,308,6,14,1,0,64,1,0
1,6,28.0,309,1,13,1,12,17,4,18
1,4,28.0,218,5,18,0,16,108,1,18
1,6,9.0,236,4,13,0,10,52,0,12
1,0,20.0,172,1,18,0,11,15,0,29
1,0,26.0,14,0,9,0,10,22,2,3
1,6,28.0,309,1,11,0,10,47,1,18
1,4,18.0,26,1,18,1,15,51,0,0
0,9,27.0,179,0,4,0,0,77,2,15
0,3,2.0,120,3,2,1,12,80,1,22
1,2,26.0,3,6,4,0,3,76,0,3
1,0,27.0,23,1,1,1,13,21,2,15
0,11,17.0,110,1,18,1,2,92,0,6
1,11,27.0,322,4,9,0,9,27,0,15
0,11,26.0,364,4,15,0,1,11,1,3
0,6,4.0,159,3,22,0,1,35,3,30
0,1,11.0,111,5,12,0,6,7,0,9
1,6,1.0,158,2,15,1,1,16,4,7
0,0,6.0,260,2,14,0,9,102,3,23
0,0,14.0,5,4,15,0,4,79,2,5
0,0,14.0,5,4,2,0,2,2,4,5
0,11,22.0,250,3,20,1,5,12,1,26
0,5,1.0,109,0,13,1,13,13,1,7
0,6,9.0,236,5,9,0,8,41,3,12
0,1,15.0,1,1,1,1,13,21,4,1
0,6,7.0,169,2,4,2,4,66,3,11
0,7,5.0,204,3,9,0,5,12,1,24
0,3,8.0,148,6,17,1,6,91,4,8
0,8,24.0,85,3,18,3,5,6,3,14
0,5,9.0,206,1,8,3,8,19,3,12
0,2,9.0,21,4,7,0,16,50,1,12
0,11,24.0,194,1,8,0,13,38,0,14
0,1,20.0,151,3,20,0,0,77,2,29
0,1,20.0,151,3,17,1,0,15,4,29
1,11,13.0,312,4,4,0,10,52,1,25
0,9,8.0,90,2,19,1,5,6,1,8
0,1,19.0,29,6,17,0,6,7,1,10
1,6,14.0,173,1,2,2,11,117,3,5
0,7,31.0,43,5,18,1,14,32,0,20
1,1,10.0,17,2,16,2,10,22,3,4
1,11,31.0,227,0,14,0,2,123,3,20
0,3,9.0,44,3,12,0,1,59,4,12
1,5,10.0,155,1,1,1,1,11,0,4
1,3,14.0,33,4,18,2,14,32,2,5
0,4,10.0,79,1,11,1,13,28,1,4
1,2,2.0,143,2,1,0,2,2,4,22
1,6,23.0,84,4,19,1,10,22,0,17
0,3,14.0,33,5,10,0,2,40,1,5
1,2,2.0,143,2,17,1,13,99,4,22
1,2,28.0,257,0,18,0,9,95,1,18
1,0,2.0,47,5,14,0,5,6,3,22
1,0,2.0,47,5,4,0,12,83,4,22
1,0,2.0,47,5,8,0,1,1,3,22
1,0,27.0,23,1,1,0,5,6,0,15
1,10,28.0,216,4,13,1,14,32,4,18
1,1,18.0,82,4,18,2,5,6,3,0
1,1,18.0,82,4,3,0,12,100,4,0
1,8,10.0,71,6,14,1,14,126,4,4
1,8,10.0,71,6,11,1,13,99,1,4
1,4,18.0,26,1,22,1,10,22,2,0
1,2,11.0,297,5,18,1,7,137,0,9
1,2,26.0,3,6,16,1,0,12,1,3
1,7,25.0,41,5,18,2,16,39,0,13
1,5,9.0,206,0,19,1,9,63,4,12
1,5,28.0,259,6,23,1,1,67,2,18
1,5,26.0,37,4,13,0,8,118,1,3
1,6,26.0,348,3,2,1,11,55,4,3
0,4,28.0,218,6,13,0,13,38,4,18
0,8,11.0,306,0,8,3,13,28,0,9
0,4,31.0,67,1,2,0,13,99,4,20
0,2,21.0,108,1,12,1,11,18,0,21
1,1,21.0,45,3,13,0,12,121,4,21
1,1,29.0,112,0,17,0,4,127,2,16
0,3,7.0,289,5,16,1,14,97,4,11
0,5,6.0,277,6,17,3,12,56,0,23
0,6,9.0,236,5,12,0,7,20,4,12
0,5,23.0,168,1,14,0,9,54,4,17
0,8,10.0,71,3,9,2,3,103,3,4
0,8,10.0,71,3,1,1,5,6,0,4
0,8,18.0,75,0,12,1,10,47,0,0
0,4,2.0,141,0,13,2,13,29,0,22
0,8,16.0,73,6,13,1,0,68,1,2
0,7,24.0,68,5,4,0,9,57,0,14
0,10,24.0,261,0,12,1,2,2,1,14
1,0,22.0,241,4,11,1,7,54,4,26
1,1,29.0,112,0,8,0,12,121,0,16
1,1,29.0,112,0,11,1,6,89,4,16
1,4,6.0,176,4,17,0,8,9,1,23
0,7,5.0,204,3,11,3,3,103,0,24
0,3,16.0,263,3,2,1,13,48,0,2
0,5,1.0,109,0,17,0,2,86,1,7
0,1,20.0,151,3,22,0,2,2,0,29
0,1,20.0,151,3,19,0,11,15,1,29
0,1,19.0,29,6,19,0,12,104,1,10
0,8,20.0,319,2,17,0,0,64,2,29
0,8,20.0,319,2,0,0,10,47,1,29
0,8,20.0,319,2,11,0,8,9,3,29
0,8,20.0,319,2,1,0,3,79,4,29
0,8,20.0,319,2,19,0,16,50,3,29
0,8,22.0,354,5,5,0,8,41,4,26
0,8,22.0,354,5,12,0,4,79,3,26
0,8,22.0,354,5,1,1,5,64,2,26
0,8,22.0,354,5,19,2,9,87,3,26
0,8,28.0,224,4,5,0,8,9,4,18
0,8,28.0,224,4,22,2,14,125,3,18
0,8,28.0,224,4,1,2,6,7,3,18
0,4,12.0,134,4,0,1,6,132,0,28
0,4,23.0,30,0,2,1,13,123,1,17
0,4,29.0,313,3,0,1,7,20,4,16
0,4,30.0,139,0,8,2,13,48,3,19
0,4,30.0,139,0,9,0,4,45,0,19
0,2,3.0,282,5,13,0,14,125,3,27
0,0,19.0,13,1,12,3,6,128,3,10
0,1,18.0,82,5,4,2,2,2,1,0
1,1,15.0,1,0,2,1,11,133,4,1
1,7,21.0,81,0,5,0,11,133,1,21
1,4,16.0,25,3,13,1,13,38,2,2
0,10,21.0,341,5,14,1,3,30,4,21
0,11,8.0,283,3,17,0,15,85,4,8
0,1,19.0,29,6,14,0,16,37,1,10
1,2,7.0,153,0,21,1,14,24,1,11
0,8,20.0,319,2,19,1,15,108,1,29
1,6,22.0,185,2,16,0,15,96,1,26
0,8,20.0,319,2,1,2,7,111,0,29
0,6,8.0,59,4,13,0,15,114,3,8
0,8,28.0,224,4,17,1,1,105,0,18
0,10,15.0,60,6,20,0,12,61,1,1
0,8,28.0,224,4,8,3,12,56,0,18
0,11,14.0,147,6,19,1,13,29,0,5
0,4,6.0,176,5,6,0,8,41,4,23
0,11,24.0,194,1,2,0,0,31,4,14
0,8,1.0,66,5,9,1,13,36,1,7
0,7,6.0,93,0,17,1,14,24,1,23
0,7,31.0,43,5,3,3,8,118,3,20
0,2,28.0,257,1,14,2,9,49,3,18
0,2,29.0,140,2,16,0,2,86,4,16
0,2,29.0,140,2,4,0,8,9,2,16
0,2,29.0,140,2,2,0,0,68,4,16
0,2,30.0,131,4,14,2,15,77,3,19
0,2,30.0,131,4,7,1,13,48,4,19
0,0,6.0,260,2,17,0,9,93,1,23
0,0,6.0,260,2,0,0,4,75,1,23
0,0,6.0,260,2,6,0,5,12,0,23
0,0,14.0,5,4,17,0,8,9,1,5
0,0,14.0,5,4,23,1,13,38,4,5
0,1,6.0,97,3,3,2,2,69,3,23
0,1,6.0,97,3,2,0,10,6,3,23
0,1,6.0,97,3,2,2,10,23,0,23
0,1,6.0,97,3,18,0,5,12,3,23
0,1,19.0,29,6,15,1,7,120,1,10
0,1,20.0,151,3,11,1,4,79,0,29
0,1,20.0,151,3,4,0,8,118,3,29
0,8,20.0,319,2,10,0,6,7,1,29
0,8,20.0,319,2,0,0,8,65,4,29
0,8,20.0,319,2,1,0,13,38,3,29
0,8,22.0,354,5,15,0,10,12,0,26
0,8,22.0,354,5,2,0,5,6,0,26
0,8,28.0,224,4,11,0,12,56,0,18
0,8,28.0,224,4,12,0,15,114,2,18
0,8,28.0,224,4,9,2,6,89,3,18
0,4,6.0,176,5,21,1,12,135,4,23
0,4,6.0,176,5,5,0,6,7,4,23
0,2,1.0,16,2,7,3,7,57,0,7
0,3,17.0,54,0,18,1,14,97,1,6
1,8,25.0,86,3,23,0,2,123,2,13
0,11,16.0,225,0,8,1,0,68,1,2
0,5,31.0,196,2,2,0,14,25,1,20
0,5,31.0,196,2,22,1,3,44,2,20
0,6,6.0,83,1,21,1,2,92,2,23
0,10,10.0,245,0,13,3,0,26,0,4
0,6,26.0,348,0,6,3,6,89,3,3
0,3,17.0,54,0,12,1,10,43,1,6
0,10,1.0,208,6,17,3,0,77,1,7
0,10,18.0,246,1,14,1,5,6,0,0
0,5,8.0,199,0,17,1,11,8,1,8
0,10,16.0,201,3,2,3,1,105,0,2
0,8,19.0,280,1,14,0,6,89,3,10
0,8,14.0,296,4,9,3,10,22,0,5
0,2,21.0,108,1,9,1,10,23,2,21
0,4,6.0,176,5,5,0,4,136,2,23
0,4,6.0,176,5,19,0,3,30,2,23
0,4,6.0,176,5,4,0,13,28,1,23
0,4,12.0,134,4,14,0,1,35,4,28
0,4,12.0,134,4,1,0,16,50,0,28
0,4,23.0,30,0,6,1,14,34,1,17
0,4,23.0,30,0,6,0,7,20,1,17
0,4,23.0,30,0,13,2,15,119,4,17
0,4,23.0,30,0,2,2,2,2,3,17
0,4,29.0,313,3,5,0,11,18,1,16
0,0,7.0,15,4,5,0,2,71,4,11
0,0,4.0,229,0,5,0,16,42,2,30
0,0,23.0,237,6,4,0,0,15,2,17
0,0,23.0,237,6,2,0,4,79,2,17
0,10,3.0,310,0,9,2,0,77,3,27
0,0,24.0,55,3,12,0,16,65,1,14
0,0,24.0,55,3,14,0,5,12,0,14
0,0,31.0,290,3,6,0,4,79,1,20
1,3,6.0,303,2,3,1,9,10,4,23
1,3,6.0,303,2,3,1,10,52,2,23
1,11,14.0,147,5,2,3,15,114,4,5
1,9,28.0,315,0,14,1,14,24,0,18
1,4,30.0,139,3,14,0,16,50,1,19
1,10,31.0,135,3,19,0,10,22,1,20
1,10,31.0,135,3,1,1,4,4,1,20
1,4,25.0,20,1,9,0,10,12,1,13
0,11,31.0,227,1,19,0,7,57,1,20
0,1,25.0,65,5,19,0,0,15,2,13
0,9,5.0,89,3,3,0,13,28,2,24
0,9,8.0,90,2,17,1,0,77,0,8
0,7,25.0,41,6,18,2,3,44,3,13
0,7,25.0,41,6,19,3,3,30,0,13
0,4,7.0,133,6,5,0,2,60,2,11
0,5,26.0,37,5,12,3,8,19,0,3
0,5,26.0,37,5,14,0,13,21,1,3
0,2,10.0,28,5,17,3,9,10,2,4
0,0,19.0,13,1,18,0,9,27,0,10
0,4,29.0,313,3,11,3,6,7,0,16
0,4,29.0,313,3,8,2,10,47,0,16
0,4,29.0,313,3,13,0,1,1,0,16
0,4,29.0,313,3,9,1,0,64,1,16
0,4,30.0,139,0,5,0,2,2,2,19
0,4,30.0,139,0,22,0,11,133,0,19
0,1,19.0,29,6,6,1,5,12,0,10
0,1,19.0,29,6,18,0,6,14,3,10
1,6,1.0,158,2,4,0,2,86,1,7
1,6,1.0,158,2,1,0,13,38,1,7
1,6,8.0,59,2,6,0,5,12,0,8
1,6,8.0,59,2,17,1,14,88,4,8
1,6,8.0,59,2,19,0,2,86,1,8
1,6,8.0,59,2,9,0,8,118,3,8
1,6,8.0,59,2,14,0,15,112,0,8
1,3,28.0,187,4,6,0,9,93,4,18
1,3,28.0,187,4,0,0,5,64,3,18
1,0,6.0,260,1,13,0,13,38,4,23
1,1,31.0,305,2,7,0,8,41,1,20
1,3,2.0,120,6,8,0,2,86,2,22
1,7,2.0,160,2,5,0,13,38,2,22
1,3,28.0,187,4,8,0,8,41,1,18
1,3,28.0,187,4,4,0,3,79,1,18
1,3,28.0,187,4,4,0,7,111,1,18
1,3,28.0,187,4,14,0,8,9,1,18
1,3,28.0,187,4,4,0,14,125,1,18
1,5,5.0,96,4,17,2,15,114,3,24
1,5,5.0,96,4,15,2,9,95,3,24
1,9,28.0,315,0,16,2,8,9,0,18
1,7,3.0,269,4,13,0,2,2,3,27
1,7,5.0,204,6,23,1,14,106,0,24
1,7,5.0,204,6,22,0,5,6,1,24
1,7,20.0,266,3,21,1,10,22,4,29
1,7,20.0,266,3,3,0,10,43,2,29
1,7,20.0,266,3,3,0,16,72,1,29
1,7,22.0,211,1,6,0,8,65,1,26
1,7,22.0,211,1,10,0,0,64,2,26
1,0,7.0,15,2,2,0,15,31,4,11
1,0,8.0,9,4,9,0,1,35,2,8
1,2,17.0,6,4,12,0,14,25,2,6
1,0,8.0,9,4,7,1,0,26,1,8
1,0,8.0,9,4,22,1,0,15,4,8
1,0,9.0,48,5,0,1,11,98,0,12
1,0,9.0,48,5,8,0,0,68,3,12
1,0,9.0,48,5,9,2,8,41,0,12
1,11,11.0,175,1,13,0,8,9,0,9
1,3,5.0,324,1,9,0,5,12,3,24
1,8,5.0,101,0,14,1,0,53,2,24
1,2,17.0,6,4,2,0,3,30,1,6
1,2,23.0,230,2,0,0,2,92,1,17
1,10,9.0,150,6,13,1,11,15,0,12
1,2,23.0,230,2,0,1,7,8,0,17
1,2,23.0,230,2,16,0,10,12,0,17
1,2,23.0,230,2,2,0,8,41,4,17
1,2,23.0,230,2,15,1,14,24,1,17
1,0,5.0,122,0,12,0,7,78,0,24
1,8,6.0,87,1,15,0,6,89,1,23
1,8,8.0,76,4,23,0,2,60,3,8
1,8,15.0,72,4,13,3,11,15,0,1
1,7,3.0,269,4,12,2,16,130,3,27
1,4,24.0,27,0,3,0,2,2,4,14
1,4,24.0,27,0,14,0,2,86,3,14
1,4,24.0,27,0,20,1,13,38,4,14
1,2,5.0,127,6,10,2,15,31,2,24
1,2,5.0,127,6,15,0,5,12,1,24
1,1,30.0,100,1,16,0,14,107,3,19
1,2,5.0,127,6,3,1,4,82,1,24
1,2,5.0,127,6,18,0,2,3,2,24
1,2,5.0,127,6,13,0,16,37,2,24
1,1,31.0,305,2,11,1,5,12,1,20
1,1,8.0,62,0,22,1,4,136,4,8
1,1,8.0,62,0,8,1,9,58,4,8
1,1,21.0,45,3,8,0,12,104,3,21
1,1,21.0,45,3,15,1,0,31,4,21
1,1,21.0,45,3,20,1,13,13,1,21
1,1,22.0,164,0,22,0,0,31,2,26
1,1,22.0,164,0,8,1,1,59,4,26
1,3,27.0,361,2,20,0,15,46,4,15
1,5,2.0,307,0,1,0,12,84,1,22
1,1,11.0,111,4,17,3,7,129,4,9
1,3,27.0,361,2,13,2,15,96,0,15
1,1,11.0,111,4,11,0,6,7,2,9
1,4,1.0,144,6,17,0,15,39,4,7
1,8,4.0,299,3,12,0,11,8,2,30
1,8,20.0,319,1,4,1,3,79,0,29
1,1,2.0,171,1,16,1,0,26,0,22
1,8,20.0,319,1,22,0,16,50,1,29
1,11,8.0,283,6,13,3,16,37,1,8
1,6,27.0,116,0,18,1,14,24,0,15
1,3,24.0,357,3,4,3,9,57,0,14
1,6,27.0,116,0,16,3,0,26,4,15
1,10,27.0,302,2,18,0,16,72,1,15
1,1,17.0,63,2,4,0,10,22,1,6
1,3,17.0,54,3,1,1,5,64,1,6
1,3,24.0,357,3,2,1,11,124,0,14
1,6,17.0,244,5,6,1,15,51,4,6
1,7,2.0,160,2,23,2,10,22,1,22
1,7,2.0,160,2,20,1,12,17,4,22
1,1,30.0,100,1,16,1,14,106,0,19
1,0,7.0,15,2,2,1,12,61,4,11
1,11,10.0,360,0,17,1,9,10,1,4
1,2,17.0,6,4,18,1,10,47,1,6
1,7,3.0,269,4,19,0,8,27,1,27
1,10,11.0,298,0,4,3,6,7,3,9
1,1,30.0,100,1,12,2,9,87,0,19
1,8,5.0,101,0,15,1,12,61,4,24
1,8,5.0,101,0,4,0,10,6,0,24
1,8,14.0,296,2,16,0,6,7,3,5
1,8,14.0,296,2,1,0,4,136,4,5
1,10,5.0,336,1,0,3,10,47,2,24
1,10,14.0,174,4,13,1,2,2,1,5
1,8,14.0,296,2,15,1,13,38,1,5
1,8,24.0,85,6,19,0,5,6,0,14
1,8,25.0,86,3,2,0,10,30,3,13
1,8,30.0,103,5,15,0,12,56,2,19
1,4,15.0,132,6,3,1,1,16,4,1
1,4,15.0,132,6,11,1,1,35,4,1
1,8,30.0,103,5,19,0,10,47,2,19
1,4,31.0,67,0,6,0,10,22,3,20
1,4,31.0,67,0,14,2,6,91,3,20
1,4,31.0,67,0,14,2,2,69,3,20
1,5,27.0,328,5,13,1,10,47,0,15
1,5,28.0,259,6,6,2,10,22,3,18
1,5,27.0,328,5,9,0,16,42,1,15
1,5,28.0,259,6,5,0,8,27,0,18
1,5,28.0,259,6,4,1,10,22,1,18
1,6,1.0,158,2,21,0,10,22,1,7
1,5,25.0,350,2,8,3,5,6,0,13
1,6,8.0,59,2,11,0,16,130,1,8
1,6,8.0,59,2,19,0,0,77,1,8
1,6,8.0,59,2,14,0,7,111,0,8
1,6,9.0,236,4,16,0,0,12,3,12
1,6,9.0,236,4,17,0,11,90,3,12
1,6,9.0,236,4,8,0,2,40,0,12
1,6,9.0,236,4,12,0,13,38,4,12
1,6,9.0,236,4,14,0,8,19,3,12
1,5,19.0,146,4,1,0,10,47,3,10
1,5,19.0,146,4,11,0,13,38,2,10
1,3,16.0,263,6,12,0,12,80,1,2
1,5,1.0,109,3,20,0,4,4,1,7
1,4,31.0,67,0,9,0,0,26,0,20
1,2,6.0,251,3,2,1,4,136,1,23
1,2,6.0,251,3,5,1,12,83,4,23
1,2,6.0,251,3,2,0,2,13,0,23
1,2,6.0,251,3,22,1,12,80,1,23
1,2,15.0,130,1,12,1,9,10,4,1
1,2,15.0,130,1,9,0,8,118,1,1
1,2,15.0,130,1,18,2,13,38,0,1
1,10,15.0,60,5,16,1,15,51,1,1
1,10,16.0,201,6,1,0,5,0,1,2
1,10,16.0,201,6,9,1,9,93,0,2
1,11,11.0,175,1,8,0,9,95,0,9
1,10,21.0,341,4,22,0,8,9,3,21
1,10,21.0,341,4,22,0,16,72,0,21
1,10,21.0,341,4,9,1,7,8,1,21
1,10,21.0,341,4,9,2,2,71,3,21
1,10,22.0,314,5,6,0,11,15,3,26
1,6,25.0,39,6,9,0,13,29,2,13
1,8,20.0,319,1,1,1,14,24,1,29
1,6,14.0,173,1,18,1,10,22,2,5
1,6,13.0,317,0,18,0,14,24,1,25
1,9,23.0,167,2,3,2,10,22,1,17
1,11,13.0,312,4,8,3,12,83,3,25
1,11,14.0,147,5,17,0,15,31,3,5
1,11,14.0,147,5,12,2,13,69,3,5
1,11,14.0,147,5,14,0,8,118,1,5
1,11,30.0,170,3,17,0,10,47,2,19
1,11,30.0,170,3,12,0,8,9,3,19
1,11,31.0,227,0,17,0,5,12,3,20
1,11,31.0,227,0,2,1,11,55,4,20
1,11,31.0,227,0,13,0,3,115,4,20
1,11,31.0,227,0,2,0,6,89,4,20
1,11,31.0,227,0,14,0,7,78,4,20
1,9,11.0,52,5,0,1,14,106,0,9
1,9,11.0,52,5,12,1,1,16,4,9
1,9,11.0,52,5,4,0,15,114,0,9
1,1,13.0,207,6,3,0,0,31,3,25
1,11,24.0,194,0,16,0,0,0,0,14
1,9,18.0,359,5,2,1,16,113,4,0
1,8,12.0,284,0,14,1,16,37,2,28
1,8,4.0,299,3,13,0,2,86,2,30
1,11,1.0,222,6,17,3,5,12,1,7
1,9,27.0,179,3,5,0,7,137,2,15
1,4,10.0,79,0,11,0,2,86,2,4
1,10,10.0,245,3,14,0,14,25,0,4
1,1,1.0,203,0,5,1,0,68,1,7
1,1,17.0,63,2,5,1,12,84,1,6
1,10,21.0,341,4,20,1,0,15,4,21
1,1,14.0,183,3,11,0,0,77,1,5
1,1,23.0,69,1,21,0,11,94,1,17
1,1,23.0,69,1,17,0,0,15,2,17
1,1,23.0,69,1,12,0,13,48,0,17
1,1,23.0,69,1,12,0,10,6,3,17
1,2,22.0,209,1,19,1,14,32,0,26
1,10,28.0,216,4,13,1,13,99,1,18
1,7,3.0,269,4,4,2,15,31,2,27
1,1,30.0,100,1,8,2,1,1,1,19
1,0,8.0,9,4,3,1,0,53,0,8
1,1,2.0,171,1,12,1,13,38,2,22
1,2,23.0,230,2,6,1,14,25,0,17
1,9,10.0,156,4,12,1,9,109,2,4
1,2,22.0,209,1,19,1,0,0,0,26
1,7,3.0,269,4,4,0,1,67,2,27
1,8,5.0,101,0,6,2,5,12,3,24
1,0,8.0,9,4,22,0,1,59,0,8
1,2,23.0,230,2,21,1,11,133,4,17
1,1,2.0,171,1,6,1,14,107,1,22
1,6,1.0,158,2,2,2,12,17,3,7
1,1,24.0,64,2,2,0,10,23,3,14
1,6,21.0,193,1,18,2,10,22,3,21
1,8,14.0,296,2,5,0,1,105,3,5
1,10,5.0,336,1,4,1,8,118,0,24
1,9,22.0,92,1,18,0,10,47,1,26
1,8,14.0,296,2,12,0,13,29,1,5
1,8,14.0,296,2,2,0,1,1,0,5
1,8,16.0,73,5,6,1,0,0,0,2
1,8,16.0,73,5,1,0,16,37,1,2
1,8,21.0,46,2,6,0,1,16,1,21
1,8,21.0,46,2,21,0,3,70,1,21
1,8,24.0,85,6,10,1,15,119,0,14
1,8,24.0,85,6,13,2,3,30,3,14
1,8,24.0,85,6,6,1,9,95,1,14
1,8,25.0,86,3,11,0,7,20,1,13
1,8,13.0,189,1,12,1,14,24,0,25
1,6,14.0,173,1,9,1,9,83,4,5
1,10,4.0,356,0,20,0,0,68,3,30
1,10,12.0,333,1,5,0,8,41,0,28
1,9,19.0,234,6,15,0,1,67,2,10
1,9,11.0,52,5,11,1,10,47,1,9
1,9,19.0,234,6,9,2,11,15,3,10
1,9,23.0,167,2,7,0,16,50,1,17
1,9,23.0,167,2,3,0,12,100,4,17
1,11,31.0,227,0,3,0,7,111,0,20
1,11,30.0,170,3,15,1,12,135,4,19
1,11,31.0,227,0,9,0,14,106,1,20
1,11,31.0,227,0,7,1,1,67,4,20
1,9,11.0,52,5,2,1,11,133,4,9
1,9,11.0,52,5,19,0,1,16,3,9
1,9,11.0,52,5,3,1,11,133,4,9
1,9,19.0,234,6,7,0,2,2,4,10
1,9,19.0,234,6,1,0,0,26,0,10
1,9,19.0,234,6,4,1,10,22,0,10
1,9,19.0,234,6,3,1,9,49,1,10
1,9,23.0,167,2,17,0,4,82,1,17
1,9,23.0,167,2,0,0,4,82,1,17
1,6,5.0,342,3,1,0,10,22,3,24
1,6,12.0,162,3,0,1,9,27,0,28
1,6,12.0,162,3,20,1,3,30,4,28
1,6,12.0,162,3,1,0,10,22,3,28
1,6,12.0,162,3,19,0,13,38,3,28
1,1,22.0,164,0,13,0,1,35,3,26
1,1,21.0,45,3,17,0,4,82,1,21
1,6,15.0,49,2,21,1,16,72,1,1
1,6,15.0,49,2,21,1,8,27,0,1
1,6,15.0,49,2,3,1,3,76,4,1
1,6,15.0,49,2,9,0,6,89,4,1
1,6,15.0,49,2,1,0,1,105,4,1
1,6,15.0,49,2,9,0,8,41,1,1
1,6,21.0,193,1,16,0,2,40,3,21
1,6,21.0,193,1,9,2,12,80,2,21
1,6,21.0,193,1,19,1,11,129,4,21
1,8,25.0,86,3,20,0,14,107,1,13
1,8,5.0,101,0,23,0,6,7,2,24
1,8,25.0,86,3,18,2,5,6,0,13
1,8,30.0,103,5,5,0,2,2,3,19
1,8,30.0,103,5,15,0,8,9,3,19
1,4,15.0,132,6,17,0,11,8,1,1
1,4,15.0,132,6,0,0,15,96,3,1
1,4,15.0,132,6,8,0,2,92,0,1
1,4,15.0,132,6,2,0,16,108,1,1
1,10,22.0,314,5,1,1,14,88,2,26
1,10,21.0,341,4,3,0,3,30,4,21
1,10,21.0,341,4,13,0,9,49,1,21
1,4,15.0,132,6,18,0,13,99,0,1
1,4,22.0,152,6,7,0,0,26,1,26
1,4,22.0,152,6,15,0,6,128,2,26
1,4,22.0,152,6,15,1,1,105,4,26
1,4,22.0,152,6,8,2,2,2,1,26
1,10,12.0,333,1,3,1,15,51,2,28
1,1,13.0,207,6,3,0,14,107,1,25
1,10,4.0,356,0,3,3,14,25,0,30
1,1,4.0,286,4,11,1,10,43,1,30
1,4,14.0,345,5,17,0,2,13,0,5
1,9,23.0,167,2,1,0,2,92,1,17
1,9,23.0,167,2,18,3,15,96,2,17
1,9,23.0,167,2,4,2,2,3,0,17
1,9,28.0,315,0,16,0,15,31,1,18
1,7,3.0,269,4,16,2,10,22,3,27
1,9,28.0,315,0,20,0,13,29,3,18
1,9,23.0,167,2,17,1,12,56,0,17
1,9,23.0,167,2,1,1,15,39,0,17
1,9,28.0,315,0,3,0,0,26,1,18
1,9,28.0,315,0,8,2,2,2,3,18
1,9,28.0,315,0,15,1,13,28,4,18
1,2,23.0,230,2,15,0,7,20,4,17
1,3,11.0,337,0,14,3,11,55,0,9
1,6,8.0,59,2,18,2,9,93,3,8
1,6,21.0,193,1,22,1,11,8,4,21
1,2,24.0,22,4,7,0,0,12,0,14
1,5,19.0,146,4,9,1,6,7,1,10
1,0,8.0,9,4,9,1,11,133,4,8
1,6,9.0,236,4,19,1,15,39,4,12
1,6,10.0,149,5,18,1,10,52,0,4
1,1,24.0,64,2,12,0,14,126,0,14
1,6,21.0,193,1,4,0,9,57,0,21
1,5,19.0,146,4,1,2,14,106,3,10
1,0,9.0,48,5,12,1,9,93,4,12
1,6,9.0,236,4,14,0,3,30,3,12
1,5,19.0,146,4,15,0,10,22,2,10
1,1,24.0,64,2,1,2,10,23,3,14
1,2,24.0,22,4,3,2,3,30,2,14
1,10,7.0,243,4,20,0,13,99,4,11
1,10,7.0,243,4,3,0,3,79,1,11
1,10,7.0,243,4,1,0,10,22,1,11
1,10,7.0,243,4,20,1,3,30,4,11
1,10,13.0,346,2,2,0,16,72,3,25
1,10,13.0,346,2,19,0,3,44,3,25
1,10,13.0,346,2,14,0,12,121,1,25
1,10,13.0,346,2,16,0,5,12,3,25
1,10,23.0,247,6,6,0,8,41,1,17
1,8,15.0,72,4,14,1,7,57,0,1
1,8,23.0,102,5,20,0,10,47,3,17
1,1,8.0,62,0,15,0,0,15,1,8
1,10,23.0,247,6,17,1,0,26,2,17
1,10,23.0,247,6,5,0,9,27,2,17
1,10,24.0,261,3,3,1,6,7,4,14
1,10,24.0,261,3,12,2,10,47,3,14
1,10,24.0,261,3,1,0,2,2,4,14
1,1,6.0,97,6,17,0,4,66,1,23
1,1,6.0,97,6,21,1,10,22,0,23
1,1,6.0,97,6,2,0,12,61,1,23
1,4,22.0,152,6,20,1,15,114,1,26
1,4,22.0,152,6,22,1,12,80,1,26
1,4,31.0,67,0,11,0,10,22,1,20
1,4,31.0,67,0,2,2,0,68,3,20
1,4,31.0,67,0,12,1,9,93,4,20
1,4,31.0,67,0,9,2,10,22,3,20
1,2,6.0,251,3,2,0,2,86,4,23
1,2,6.0,251,3,3,1,1,1,4,23
1,2,6.0,251,3,23,0,12,56,3,23
1,2,6.0,251,3,15,1,7,129,4,23
1,2,15.0,130,1,17,0,10,22,2,1
1,2,15.0,130,1,0,0,13,38,4,1
1,2,15.0,130,1,6,2,4,75,3,1
1,1,23.0,69,1,19,1,14,106,0,17
1,1,30.0,100,1,9,1,1,11,0,19
1,8,14.0,296,2,14,1,10,23,2,5
1,2,15.0,130,1,20,0,0,31,3,1
1,2,15.0,130,1,13,0,15,114,1,1
1,7,3.0,269,4,20,1,11,124,4,27
1,7,5.0,204,6,10,1,14,24,0,24
1,7,5.0,204,6,20,0,9,63,4,24
1,4,14.0,345,5,22,1,5,12,2,5
1,4,14.0,345,5,3,0,9,57,0,5
1,7,5.0,204,6,8,2,0,96,0,24
1,7,5.0,204,6,2,0,13,69,1,24
1,7,5.0,204,6,12,1,14,97,4,24
1,7,21.0,81,0,15,0,13,99,2,21
1,7,21.0,81,0,19,0,16,113,1,21
1,7,21.0,81,0,20,1,14,106,4,21
1,7,21.0,81,0,1,1,13,38,4,21
1,7,21.0,81,0,8,1,3,30,4,21
1,7,5.0,204,6,22,0,6,7,0,24
1,7,5.0,204,6,22,1,0,26,4,24
1,7,20.0,266,3,23,0,0,68,1,29
1,7,20.0,266,3,11,0,4,103,3,29
1,7,20.0,266,3,3,1,1,1,4,29
1,7,21.0,81,0,11,1,9,87,1,21
1,3,4.0,285,0,18,0,5,12,0,30
1,3,6.0,303,2,22,0,10,12,0,23
1,1,6.0,97,6,9,0,13,48,1,23
1,1,7.0,32,3,17,0,13,99,1,11
1,1,7.0,32,3,5,1,5,64,1,11
1,1,7.0,32,3,1,0,6,89,1,11
1,1,7.0,32,3,1,1,2,3,4,11
1,1,8.0,62,0,13,0,8,27,4,8
1,1,8.0,62,0,4,0,3,79,1,8
1,1,21.0,45,3,1,2,2,2,4,21
1,1,21.0,45,3,3,1,0,15,4,21
1,1,22.0,164,0,11,0,13,29,1,26
1,2,5.0,127,6,14,0,14,25,0,24
1,7,4.0,186,5,19,1,0,12,0,30
1,3,3.0,182,3,11,1,4,66,0,27
1,3,13.0,210,2,2,2,9,134,3,25
1,1,22.0,164,0,5,1,2,2,1,26
1,1,22.0,164,0,12,3,3,4,0,26
1,1,21.0,45,3,9,0,11,15,1,21
1,1,22.0,164,0,9,1,9,93,4,26
1,1,24.0,64,2,22,3,4,4,4,14
1,1,24.0,64,2,22,0,12,104,4,14
1,0,9.0,48,5,12,2,2,60,3,12
1,6,28.0,309,1,18,1,0,15,1,18
1,6,10.0,149,5,3,1,2,13,0,4
1,5,27.0,328,5,12,3,11,122,4,15
1,1,22.0,164,0,3,0,8,9,4,26
1,2,24.0,22,4,8,1,16,50,1,14
1,1,12.0,353,5,8,1,2,40,4,28
1,0,9.0,48,5,4,2,8,118,3,12
1,6,10.0,149,5,4,0,11,117,3,4
1,5,1.0,109,3,23,0,12,80,1,7
1,1,29.0,112,0,17,1,12,100,1,16
1,6,8.0,59,2,13,0,13,99,3,8
1,2,24.0,22,4,4,0,6,132,1,14
1,0,14.0,5,2,0,0,12,61,1,5
1,5,1.0,109,3,22,0,0,31,1,7
1,1,29.0,112,0,6,0,0,12,0,16
1,6,9.0,236,4,13,0,16,50,1,12
1,2,24.0,22,4,4,0,13,99,1,14
1,0,14.0,5,2,22,0,8,41,1,5
1,5,9.0,206,0,18,1,7,129,4,12
1,1,29.0,112,0,5,0,4,66,3,16
1,2,24.0,22,4,13,1,16,50,1,14
1,0,5.0,122,0,21,2,0,53,0,24
1,0,5.0,122,0,19,1,2,2,4,24
1,0,6.0,260,1,6,2,5,64,3,23
1,0,6.0,260,1,10,0,7,78,1,23
1,0,6.0,260,1,11,0,13,38,1,23
1,0,5.0,122,0,12,1,1,35,4,24
1,0,6.0,260,1,1,0,0,31,1,23
1,2,17.0,6,4,4,0,0,77,1,6
1,2,15.0,130,1,11,1,4,127,1,1
1,2,23.0,230,2,8,0,1,11,4,17
1,5,1.0,109,3,15,0,9,27,2,7
1,5,1.0,109,3,2,0,8,118,1,7
1,5,1.0,109,3,13,0,13,38,2,7
1,5,9.0,206,0,17,1,3,103,2,12
1,5,9.0,206,0,20,1,13,21,1,12
1,5,10.0,155,1,19,0,0,77,1,4
1,5,19.0,146,4,0,1,14,32,2,10
1,5,19.0,146,4,21,0,5,12,0,10
1,5,19.0,146,4,12,0,13,29,1,10
1,5,19.0,146,4,9,2,14,106,3,10
1,5,25.0,350,2,6,0,15,31,4,13
1,5,25.0,350,2,17,0,14,24,3,13
1,5,26.0,37,4,21,1,15,51,0,3
1,5,26.0,37,4,19,0,9,95,4,3
1,5,26.0,37,4,19,0,1,1,3,3
1,5,27.0,328,5,17,0,2,86,1,15
1,5,27.0,328,5,19,0,10,43,1,15
1,5,25.0,350,2,16,0,0,26,3,13
1,5,28.0,259,6,0,2,7,20,3,18
1,5,28.0,259,6,3,0,2,92,1,18
1,3,11.0,337,0,9,0,6,128,1,9
1,5,28.0,259,6,3,3,2,69,0,18
1,5,26.0,37,4,12,0,3,79,1,3
0,6,20.0,215,1,18,1,10,47,0,29
1,11,26.0,364,2,13,0,2,2,1,3
1,5,9.0,206,0,8,0,2,86,3,12
1,5,9.0,206,0,11,1,15,39,4,12
1,5,10.0,155,1,6,1,2,86,2,4
1,5,10.0,155,1,16,0,14,32,1,4
1,5,10.0,155,1,10,0,0,68,0,4
1,5,10.0,155,1,14,0,15,31,1,4
1,5,10.0,155,1,1,2,0,68,0,4
1,5,19.0,146,4,7,0,10,6,3,10
1,5,19.0,146,4,11,0,9,102,3,10
1,5,25.0,350,2,0,1,11,122,0,13
1,5,25.0,350,2,16,0,5,6,3,13
1,5,25.0,350,2,4,0,2,86,3,13
1,5,26.0,37,4,6,1,11,133,0,3
1,5,26.0,37,4,2,2,11,117,3,3
1,5,26.0,37,4,14,0,13,36,4,3
1,5,26.0,37,4,8,0,14,131,2,3
1,5,27.0,328,5,15,0,10,23,3,15
1,5,27.0,328,5,2,0,10,47,2,15
1,5,27.0,328,5,9,2,3,30,3,15
1,3,6.0,303,2,12,0,11,90,3,23
1,3,14.0,33,4,22,0,7,129,2,5
1,3,20.0,105,2,22,0,2,123,3,29
1,3,28.0,187,4,1,0,3,115,4,18
1,5,5.0,96,4,20,2,9,49,3,24
1,5,5.0,96,4,12,2,1,59,3,24
1,5,5.0,96,4,13,1,4,4,1,24
1,5,5.0,96,4,4,0,8,118,1,24
1,5,15.0,200,3,12,0,11,18,1,1
1,5,29.0,24,3,16,0,14,24,1,16
1,6,4.0,159,6,7,1,0,12,0,30
1,6,4.0,159,6,5,1,12,80,4,30
1,6,4.0,159,6,8,0,2,2,1,30
1,3,28.0,187,4,12,0,5,6,3,18
1,6,6.0,83,0,7,1,3,103,0,23
1,6,4.0,159,6,15,0,11,94,3,30
1,6,6.0,83,0,13,1,11,15,1,23
1,6,14.0,173,1,8,2,5,6,3,5
1,7,5.0,204,6,16,1,5,64,1,24
1,7,5.0,204,6,15,0,1,1,0,24
1,7,5.0,204,6,1,2,2,92,4,24
1,1,24.0,64,2,14,0,10,6,3,14
1,1,29.0,112,0,0,2,9,101,3,16
1,1,29.0,112,0,7,1,10,52,4,16
1,1,29.0,112,0,10,1,0,0,0,16
1,1,29.0,112,0,15,1,12,84,1,16
1,1,31.0,305,2,0,0,13,13,0,20
1,0,14.0,5,2,1,2,2,3,4,5
1,5,10.0,155,1,19,0,10,47,0,4
1,1,31.0,305,2,16,1,11,98,4,20
1,6,9.0,236,4,1,0,9,49,3,12
1,6,10.0,149,5,13,1,0,0,1,4
1,0,14.0,5,2,1,2,9,10,3,5
1,6,10.0,149,5,2,0,2,2,1,4
1,5,10.0,155,1,12,0,13,36,1,4
1,1,31.0,305,2,0,0,7,62,1,20
1,6,18.0,308,6,5,0,12,56,1,0
1,0,15.0,190,4,8,0,11,94,0,1
1,6,18.0,308,6,13,0,9,54,2,0
1,5,10.0,155,1,19,1,14,88,4,4
1,1,31.0,305,2,1,0,4,5,0,20
1,6,10.0,149,5,9,0,14,34,1,4
1,0,17.0,12,6,0,3,9,57,0,6
1,6,26.0,348,3,11,0,7,78,2,3
1,5,19.0,146,4,13,1,5,6,1,10
1,1,31.0,305,2,15,1,14,107,1,20
1,6,8.0,59,2,23,0,16,50,2,8
1,0,17.0,12,6,18,2,13,29,0,6
1,6,26.0,348,3,1,0,0,77,1,3
1,5,19.0,146,4,8,2,16,50,0,10
1,6,18.0,308,6,22,0,12,17,3,0
1,4,13.0,221,4,0,2,13,21,3,25
1,6,26.0,348,3,22,2,7,20,1,3
1,5,25.0,350,2,17,2,4,75,3,13
1,6,22.0,185,2,3,0,10,47,3,26
1,6,22.0,185,2,1,0,1,35,3,26
1,6,22.0,185,2,14,1,6,7,0,26
1,6,23.0,84,4,20,0,16,72,1,17
1,6,23.0,84,4,1,0,5,12,0,17
1,6,23.0,84,4,9,0,2,2,3,17
1,0,16.0,11,5,2,3,1,105,0,2
1,6,24.0,31,5,0,2,12,104,1,14
1,3,4.0,285,0,22,1,8,41,4,30
1,3,6.0,303,2,6,0,4,79,2,23
1,3,6.0,303,2,19,0,11,98,4,23
1,3,6.0,303,2,2,1,10,43,2,23
1,3,14.0,33,4,1,0,9,93,1,5
1,3,20.0,105,2,9,2,3,44,3,29
1,3,22.0,166,5,18,0,16,42,1,26
1,3,22.0,166,5,19,0,8,41,1,26
1,3,22.0,166,5,18,2,6,126,3,26
1,3,3.0,182,3,14,1,6,7,0,27
1,1,8.0,62,0,22,1,4,127,4,8
1,5,14.0,36,6,14,1,11,94,0,5
1,5,13.0,184,5,22,0,2,86,2,25
1,1,6.0,97,6,13,0,6,7,3,23
1,1,6.0,97,6,11,1,12,104,4,23
1,1,7.0,32,3,1,0,0,26,0,11
1,1,8.0,62,0,13,1,7,54,4,8
1,1,21.0,45,3,17,0,5,6,0,21
1,1,21.0,45,3,13,0,6,89,4,21
1,1,21.0,45,3,13,3,9,93,3,21
1,1,21.0,45,3,12,2,8,27,1,21
1,7,13.0,238,3,18,0,6,7,0,25
1,2,22.0,209,1,23,3,16,108,4,26
1,6,5.0,342,3,19,1,15,96,1,24
1,6,21.0,193,1,13,0,8,118,1,21
1,1,31.0,305,2,6,0,2,86,4,20
1,1,31.0,305,2,4,2,14,34,3,20
1,8,6.0,87,1,17,0,14,25,1,23
1,8,6.0,87,1,21,1,16,74,1,23
1,3,21.0,338,4,18,0,2,86,4,21
1,11,3.0,288,0,4,1,0,85,2,27
1,8,14.0,296,2,11,1,10,52,0,5
1,6,30.0,145,4,18,0,3,76,4,19
1,2,15.0,130,1,15,1,12,56,1,1
1,2,24.0,22,4,12,0,7,111,4,14
1,2,24.0,22,4,2,2,4,4,1,14
1,0,5.0,122,0,15,0,8,27,3,24
1,0,5.0,122,0,12,0,4,127,2,24
1,0,5.0,122,0,1,1,11,15,2,24
1,0,5.0,122,0,14,0,6,116,1,24
1,0,5.0,122,0,18,0,6,91,1,24
1,0,5.0,122,0,9,0,13,28,2,24
1,0,6.0,260,1,15,0,12,121,1,23
1,0,5.0,122,0,8,1,10,43,1,24
1,0,6.0,260,1,19,0,8,118,1,23
1,0,7.0,15,2,16,0,6,7,3,11
1,3,19.0,138,1,4,1,2,13,1,10
1,10,2.0,358,6,4,0,8,27,2,22
1,11,18.0,332,1,22,3,9,57,0,0
1,6,16.0,38,4,19,2,10,6,0,2
1,5,25.0,350,2,18,1,0,0,0,13
1,5,26.0,37,4,11,1,13,21,4,3
1,5,28.0,259,6,11,0,14,110,2,18
1,5,28.0,259,6,15,2,15,51,3,18
1,6,1.0,158,2,21,1,15,96,1,7
1,6,8.0,59,2,20,1,6,128,0,8
1,6,8.0,59,2,1,0,0,26,1,8
1,6,9.0,236,4,18,1,2,69,0,12
1,6,18.0,308,6,22,2,7,78,3,0
1,5,27.0,328,5,17,1,15,114,1,15
1,5,28.0,259,6,23,2,2,123,0,18
1,6,18.0,308,6,6,1,4,127,1,0
1,3,1.0,180,5,23,0,13,13,1,7
1,5,16.0,239,0,11,1,3,79,4,2
1,6,1.0,158,2,3,0,5,12,3,7
1,6,26.0,348,3,5,0,3,44,3,3
1,5,24.0,58,1,9,3,2,123,4,14
1,3,2.0,120,6,12,1,9,49,1,22
1,7,18.0,154,5,20,1,3,30,4,0
1,6,26.0,348,3,5,0,13,69,2,3
1,5,24.0,58,1,11,0,14,25,2,14
1,9,27.0,179,3,13,3,13,29,4,15
1,5,3.0,161,1,9,1,2,69,0,27
1,5,16.0,239,0,2,1,13,38,2,2
1,11,10.0,360,0,9,1,7,62,1,4
1,3,22.0,166,5,19,0,4,82,3,26
1,3,28.0,187,4,11,3,5,6,0,18
1,3,28.0,187,4,8,0,10,47,0,18
1,3,28.0,187,4,1,0,15,85,3,18
1,5,5.0,96,4,10,0,0,77,1,24
1,5,15.0,200,3,21,1,9,93,0,1
1,5,15.0,200,3,2,0,7,20,0,1
1,5,29.0,24,3,23,0,8,118,1,16
1,5,29.0,24,3,13,2,14,106,3,16
1,5,29.0,24,3,13,0,4,4,3,16
1,5,29.0,24,3,19,1,5,6,1,16
1,5,29.0,24,3,3,0,13,38,2,16
1,6,4.0,159,6,8,0,0,0,2,30
1,6,6.0,83,0,17,0,6,7,4,23
1,6,6.0,83,0,17,0,4,79,2,23
1,6,13.0,317,0,17,0,11,15,0,25
1,6,14.0,173,1,0,0,13,21,1,5
1,6,14.0,173,1,19,0,15,46,1,5
1,6,14.0,173,1,1,0,1,35,4,5
1,6,13.0,317,0,14,0,0,96,4,25
1,6,14.0,173,1,18,0,10,47,0,5
1,4,13.0,221,4,20,1,4,138,4,25
1,4,13.0,221,4,19,0,13,29,1,25
1,4,13.0,221,4,19,0,2,69,4,25
1,8,5.0,101,0,1,0,7,122,2,24
1,4,15.0,132,6,5,1,12,80,4,1
1,4,15.0,132,6,2,2,7,120,3,1
1,4,22.0,152,6,9,0,4,136,1,26
1,4,31.0,67,0,16,0,0,68,3,20
1,4,31.0,67,0,15,0,12,83,3,20
1,4,31.0,67,0,4,2,11,133,2,20
1,2,6.0,251,3,19,0,7,120,0,23
1,2,6.0,251,3,9,1,11,133,4,23
1,2,15.0,130,1,17,0,9,101,3,1
1,9,14.0,106,0,13,2,9,54,2,5
1,3,5.0,324,1,18,1,11,55,4,24
1,2,15.0,130,1,7,1,12,100,4,1
1,2,15.0,130,1,3,0,11,15,1,1
1,2,17.0,6,4,17,1,0,64,0,6
1,2,17.0,6,4,8,2,16,39,3,6
1,2,17.0,6,4,1,0,8,33,1,6
1,2,17.0,6,4,18,0,12,100,4,6
1,2,23.0,230,2,17,1,13,38,4,17
1,2,23.0,230,2,13,0,13,28,4,17
1,2,23.0,230,2,8,0,6,89,3,17
1,2,23.0,230,2,17,1,11,124,4,17
1,2,23.0,230,2,4,1,0,15,4,17
1,2,24.0,22,4,8,3,7,31,1,14
1,2,24.0,22,4,11,1,14,32,4,14
1,0,5.0,122,0,11,0,4,75,1,24
1,0,5.0,122,0,9,1,9,109,2,24
1,0,6.0,260,1,11,0,12,56,3,23
1,0,6.0,260,1,9,0,8,118,1,23
1,0,7.0,15,2,16,0,0,68,3,11
1,0,7.0,15,2,16,2,13,48,0,11
1,0,8.0,9,4,0,2,14,106,3,8
1,0,6.0,260,1,18,1,8,19,0,23
1,0,9.0,48,5,6,0,15,46,1,12
1,0,8.0,9,4,5,2,2,86,2,8
1,0,5.0,122,0,22,1,3,70,1,24
1,0,14.0,5,2,6,0,13,99,4,5
1,6,8.0,59,2,0,0,0,26,3,8
1,7,25.0,41,5,12,1,5,0,2,13
1,5,19.0,146,4,13,3,6,7,0,10
1,6,26.0,348,3,13,1,11,55,4,3
1,7,25.0,41,5,13,0,4,79,0,13
1,6,26.0,348,3,20,1,10,22,4,3
1,11,27.0,322,4,4,0,13,48,1,15
1,6,1.0,158,2,4,0,6,14,2,7
1,7,25.0,41,5,1,0,4,127,4,13
1,6,28.0,309,1,10,0,13,99,3,18
1,3,11.0,337,0,4,0,15,108,1,9
1,6,28.0,309,1,23,0,5,6,2,18
1,3,16.0,263,6,12,0,6,89,1,2
1,6,8.0,59,2,5,0,14,25,1,8
1,6,28.0,309,1,6,0,1,35,1,18
1,5,1.0,109,3,11,0,6,128,1,7
1,0,5.0,122,0,18,0,13,29,3,24
1,0,5.0,122,0,12,0,9,102,4,24
1,0,5.0,122,0,2,1,13,21,1,24
1,0,6.0,260,1,6,0,0,12,0,23
1,0,6.0,260,1,5,0,12,56,2,23
1,0,7.0,15,2,6,0,5,12,0,11
1,0,7.0,15,2,4,0,14,34,1,11
1,0,7.0,15,2,9,0,2,92,1,11
1,0,7.0,15,2,15,0,5,6,3,11
1,0,5.0,122,0,12,1,6,7,0,24
1,0,9.0,48,5,11,1,2,2,1,12
1,0,7.0,15,2,11,1,1,59,4,11
1,0,6.0,260,1,14,2,10,23,0,23
1,0,7.0,15,2,14,0,7,137,1,11
1,0,7.0,15,2,8,1,13,48,1,11
1,3,21.0,338,4,9,3,11,55,4,21
1,5,4.0,114,2,9,1,12,80,4,30
1,5,4.0,114,2,5,1,16,130,4,30
1,0,5.0,122,0,4,0,3,115,4,24
1,0,8.0,9,4,2,0,8,27,1,8
1,6,8.0,59,2,13,1,12,104,4,8
1,6,9.0,236,4,16,2,6,7,3,12
1,6,10.0,149,5,22,0,12,56,4,4
1,6,10.0,149,5,15,0,14,24,1,4
1,6,9.0,236,4,12,1,0,31,4,12
1,6,10.0,149,5,18,0,15,114,2,4
1,6,26.0,348,3,17,0,9,54,3,3
1,6,26.0,348,3,16,1,0,53,0,3
1,6,26.0,348,3,8,0,2,92,1,3
1,6,28.0,309,1,6,0,8,27,2,18
1,10,3.0,310,3,2,0,13,48,0,27
1,10,8.0,213,5,19,0,7,62,2,8
1,10,11.0,298,0,16,0,13,38,3,9
1,10,11.0,298,0,12,0,6,89,3,9
1,10,11.0,298,0,6,1,9,27,0,9
1,10,11.0,298,0,8,0,12,80,3,9
1,10,28.0,216,4,17,2,4,66,3,18
1,5,19.0,146,4,2,1,14,97,4,10
1,0,4.0,229,3,12,1,15,39,0,30
1,0,4.0,229,3,16,1,12,84,0,30
1,4,17.0,19,0,5,1,1,81,4,6
1,4,17.0,19,0,18,3,8,19,1,6
1,4,1.0,144,6,4,0,2,92,1,7
1,2,1.0,16,1,10,2,14,131,1,7
1,1,24.0,64,2,6,2,15,46,3,14
1,1,24.0,64,2,5,1,10,52,1,14
1,1,24.0,64,2,14,1,14,24,4,14
1,1,29.0,112,0,6,0,14,88,4,16
1,6,7.0,169,1,19,1,12,56,2,11
1,10,7.0,243,4,9,0,3,115,3,11
1,10,7.0,243,4,4,1,5,6,0,11
1,1,8.0,62,0,18,0,9,27,3,8
1,1,31.0,305,2,1,1,6,7,4,20
1,3,3.0,182,3,20,0,13,38,2,27
1,1,29.0,112,0,15,0,16,42,4,16
1,1,29.0,112,0,16,1,9,95,1,16
1,1,31.0,305,2,17,0,8,27,2,20
1,1,31.0,305,2,17,0,15,39,1,20
1,1,31.0,305,2,16,0,4,5,0,20
1,1,31.0,305,2,22,0,2,69,4,20
1,8,6.0,87,1,19,2,2,71,0,23
1,8,8.0,76,4,17,0,15,114,1,8
1,1,31.0,305,2,8,0,15,114,3,20
1,1,31.0,305,2,22,0,14,25,3,20
1,1,31.0,305,2,19,0,5,0,3,20
1,3,4.0,285,0,0,2,11,18,0,30
1,5,19.0,146,4,21,1,5,6,0,10
1,5,1.0,109,3,15,1,13,69,4,7
1,5,19.0,146,4,12,0,0,96,1,10
1,5,25.0,350,2,16,0,0,12,0,13
1,5,1.0,109,3,9,0,10,22,3,7
1,5,25.0,350,2,6,0,12,121,4,13
1,5,9.0,206,0,0,1,11,98,0,12
1,5,25.0,350,2,4,0,2,92,1,13
1,5,9.0,206,0,12,0,3,4,0,12
1,5,26.0,37,4,22,0,1,11,3,3
1,5,9.0,206,0,9,0,10,23,1,12
1,5,27.0,328,5,17,0,13,29,1,15
1,5,26.0,37,4,9,0,13,123,2,3
1,5,9.0,206,0,13,1,7,120,1,12
1,5,27.0,328,5,20,1,11,55,1,15
1,5,10.0,155,1,11,1,11,133,0,4
1,5,27.0,328,5,1,0,6,128,1,15
1,5,10.0,155,1,15,3,5,64,3,4
1,5,28.0,259,6,14,0,14,97,3,18
1,5,19.0,146,4,3,0,0,26,1,10
1,6,1.0,158,2,9,0,0,64,3,7
1,5,26.0,37,4,17,1,14,97,4,3
1,6,8.0,59,2,17,0,13,48,3,8
1,9,10.0,156,4,13,0,8,9,1,4
1,6,1.0,158,2,17,0,9,49,1,7
1,10,20.0,223,2,19,0,11,15,3,29
1,10,20.0,223,2,18,1,7,62,4,29
1,1,28.0,300,3,17,1,12,61,1,18
1,6,20.0,215,0,2,2,16,139,4,29
1,8,12.0,284,0,14,0,1,11,3,28
1,7,5.0,204,6,4,1,7,57,4,24
1,7,5.0,204,6,4,0,5,6,3,24
1,7,20.0,266,3,17,0,12,121,4,29
1,7,20.0,266,3,11,0,15,114,1,29
1,7,20.0,266,3,4,0,16,108,4,29
1,7,20.0,266,3,14,1,12,58,4,29
1,7,20.0,266,3,9,0,2,13,1,29
1,7,21.0,81,0,13,0,6,7,2,21
1,7,21.0,81,0,9,1,6,7,4,21
1,7,21.0,81,0,22,1,11,98,4,21
1,7,22.0,211,1,6,0,15,112,3,26
1,7,21.0,81,0,9,0,11,15,0,21
1,7,22.0,211,1,14,0,1,67,4,26
1,3,4.0,285,0,0,0,0,26,2,30
1,3,4.0,285,0,20,1,2,92,4,30
1,1,16.0,2,1,21,1,14,25,0,2
1,8,7.0,70,2,3,1,9,49,4,11
1,10,4.0,356,0,12,0,9,102,1,30
1,7,21.0,81,0,12,1,9,83,4,21
1,7,22.0,211,1,12,0,3,30,1,26
1,7,3.0,269,4,20,3,7,111,4,27
1,3,4.0,285,0,16,1,14,110,4,30
1,3,4.0,285,0,3,1,9,93,4,30
1,3,4.0,285,0,3,0,6,91,3,30
1,3,4.0,285,0,19,0,13,48,1,30
1,3,6.0,303,2,21,0,2,2,4,23
1,3,14.0,33,4,10,0,5,6,0,5
1,3,14.0,33,4,22,0,13,48,0,5
1,3,14.0,33,4,13,0,2,86,2,5
1,7,20.0,266,3,1,0,5,12,2,29
1,8,7.0,70,2,2,3,5,6,0,11
1,8,13.0,189,1,13,0,7,54,1,25
1,2,16.0,220,2,8,1,10,12,0,2
1,3,14.0,33,4,15,1,7,78,4,5
1,3,20.0,105,2,19,0,4,79,2,29
1,3,22.0,166,5,13,1,13,28,4,26
1,3,22.0,166,5,14,1,9,87,4,26
1,3,28.0,187,4,12,2,13,38,0,18
1,3,28.0,187,4,4,0,1,16,2,18
1,3,28.0,187,4,22,1,15,51,1,18
1,2,3.0,282,4,1,0,3,76,4,27
1,11,7.0,253,5,11,2,12,61,3,11
1,0,4.0,229,3,2,1,2,2,1,30
1,7,19.0,330,6,14,1,4,136,4,10
1,7,19.0,330,6,12,1,4,136,4,10
1,1,28.0,300,3,4,1,11,15,0,18
1,6,1.0,158,2,3,0,7,78,3,7
1,6,1.0,158,2,2,0,6,89,1,7
1,6,3.0,99,5,13,3,8,27,0,27
1,5,5.0,96,4,3,0,12,17,4,24
1,5,5.0,96,4,8,0,4,66,3,24
1,3,4.0,285,0,22,0,15,96,0,30
1,3,4.0,285,0,8,0,2,13,3,30
1,3,6.0,303,2,8,0,10,52,1,23
1,3,4.0,285,0,5,0,3,44,4,30
1,1,16.0,2,1,11,1,13,38,0,2
1,1,15.0,1,0,13,1,15,31,1,1
1,1,13.0,207,6,17,1,6,91,1,25
1,1,16.0,2,1,6,0,6,7,0,2
1,3,14.0,33,4,0,0,9,95,4,5
1,3,14.0,33,4,22,0,2,86,2,5
1,3,14.0,33,4,2,2,9,87,3,5
1,3,20.0,105,2,20,0,0,77,1,29
1,3,20.0,105,2,2,0,15,108,1,29
1,3,22.0,166,5,3,0,6,89,1,26
1,3,22.0,166,5,22,2,0,12,0,26
1,10,24.0,261,3,9,0,11,133,2,14
1,8,6.0,87,1,12,0,12,17,3,23
1,8,6.0,87,1,1,0,3,30,2,23
1,8,6.0,87,1,18,0,0,53,4,23
1,8,6.0,87,1,9,2,10,47,3,23
1,8,8.0,76,4,3,0,0,0,0,8
1,8,15.0,72,4,15,1,4,45,4,1
1,6,15.0,49,2,22,0,6,89,1,1
1,6,21.0,193,1,15,0,15,108,4,21
1,6,21.0,193,1,15,0,10,23,1,21
1,6,21.0,193,1,3,0,15,37,0,21
1,6,21.0,193,1,14,1,12,17,4,21
1,10,7.0,243,4,23,0,13,29,0,11
1,10,7.0,243,4,12,0,14,106,2,11
1,10,13.0,346,2,7,1,13,99,1,25
1,10,13.0,346,2,9,0,6,116,4,25
1,10,23.0,247,6,16,1,10,22,0,17
1,10,24.0,261,3,16,1,11,133,1,14
1,10,2.0,358,6,1,1,3,30,2,22
1,8,2.0,77,5,18,0,16,130,0,22
1,8,2.0,77,5,2,0,7,20,3,22
1,0,4.0,229,3,3,3,6,7,3,30
1,11,23.0,232,3,20,0,8,118,0,17
1,2,23.0,230,2,3,2,1,11,0,17
1,0,5.0,122,0,22,0,11,18,3,24
1,0,6.0,260,1,23,0,2,123,3,23
1,0,6.0,260,1,13,0,5,12,2,23
1,2,21.0,108,0,15,0,9,95,3,21
1,2,21.0,108,0,3,1,14,32,4,21
1,1,9.0,50,1,4,0,3,79,1,12
1,2,21.0,108,0,10,1,16,39,4,21
1,2,21.0,108,0,10,1,7,78,4,21
1,1,10.0,17,2,17,1,7,8,4,4
1,8,16.0,73,5,12,0,9,87,1,2
1,2,1.0,16,1,11,0,6,7,0,7
1,0,24.0,55,6,9,0,15,108,4,14
1,9,4.0,295,5,3,0,4,82,2,30
1,0,6.0,260,1,19,1,15,46,0,23
0,5,25.0,350,4,15,2,2,35,0,13
1,2,26.0,3,6,21,0,11,55,3,3
1,1,9.0,50,1,1,1,10,47,0,12
1,0,4.0,229,3,12,1,11,55,0,30
0,7,14.0,125,1,21,0,6,7,2,5
1,0,8.0,9,4,14,0,8,41,4,8
1,7,11.0,197,5,3,0,2,40,0,9
1,8,16.0,73,5,14,2,6,89,3,2
1,2,4.0,254,5,20,0,8,41,2,30
0,11,16.0,225,0,20,2,10,47,3,2
1,0,25.0,281,3,17,0,16,37,1,13
1,0,25.0,281,3,6,0,12,135,1,13
1,0,24.0,55,6,18,0,4,75,1,14
1,0,9.0,48,5,6,2,2,2,0,12
1,0,9.0,48,5,12,2,12,17,0,12
1,0,9.0,48,5,14,0,13,38,0,12
1,0,9.0,48,5,8,0,4,138,2,12
1,0,14.0,5,2,20,0,0,68,3,5
1,0,14.0,5,2,1,0,16,50,4,5
1,0,14.0,5,2,18,2,1,1,3,5
1,0,14.0,5,2,1,0,5,6,1,5
1,0,15.0,190,4,13,0,15,119,2,1
1,0,15.0,190,4,2,0,10,12,0,1
1,0,15.0,190,4,22,1,15,39,4,1
1,0,15.0,190,4,18,0,16,50,3,1
1,0,15.0,190,4,15,1,14,126,4,1
1,0,17.0,12,6,20,1,10,47,0,6
1,0,5.0,122,0,0,3,1,105,3,24
1,0,24.0,55,6,22,1,2,86,4,14
1,0,24.0,55,6,5,2,13,48,0,14
1,0,25.0,281,3,10,1,2,2,0,13
1,0,25.0,281,3,3,1,7,8,4,13
1,0,31.0,290,6,20,0,13,28,1,20
1,0,31.0,290,6,7,0,15,39,0,20
1,0,31.0,290,6,11,2,10,22,1,20
1,0,31.0,290,6,9,0,14,110,1,20
1,0,31.0,290,6,15,1,16,42,1,20
0,11,13.0,312,5,17,0,1,11,0,25
1,0,14.0,5,2,22,0,1,1,1,5
1,0,15.0,190,4,17,0,0,85,4,1
1,0,15.0,190,4,12,0,10,47,2,1
1,0,15.0,190,4,19,1,12,56,4,1
1,0,17.0,12,6,17,0,0,12,3,6
1,0,17.0,12,6,0,0,11,117,1,6
1,0,17.0,12,6,11,0,14,24,2,6
1,4,15.0,132,6,13,0,15,46,2,1
1,0,17.0,12,6,7,0,13,21,1,6
1,0,17.0,12,6,12,2,3,79,3,6
1,0,24.0,55,6,17,0,16,37,3,14
1,0,24.0,55,6,5,0,9,87,0,14
1,0,25.0,281,3,16,1,10,47,0,13
1,0,31.0,290,6,10,0,5,6,3,20
1,0,31.0,290,6,16,1,9,87,4,20
1,0,31.0,290,6,12,0,10,43,1,20
0,11,13.0,312,5,6,2,6,89,1,25
0,11,13.0,312,5,2,0,10,6,3,25
0,11,15.0,331,3,14,2,6,73,1,1
1,6,10.0,149,5,6,0,10,43,1,4
1,6,10.0,149,5,20,2,5,6,3,4
1,6,10.0,149,5,3,0,4,103,3,4
1,6,10.0,149,5,15,2,9,95,2,4
1,6,10.0,149,5,3,2,1,1,3,4
1,6,10.0,149,5,8,0,0,53,2,4
1,6,10.0,149,5,18,2,7,57,3,4
1,6,18.0,308,6,13,0,4,66,0,0
1,6,18.0,308,6,2,0,4,4,3,0
1,6,18.0,308,6,17,1,4,4,2,0
1,6,26.0,348,3,15,0,8,41,0,3
1,6,28.0,309,1,17,0,15,46,3,18
1,10,3.0,310,3,17,1,1,67,0,27
1,10,3.0,310,3,14,0,1,11,2,27
1,10,9.0,150,6,6,1,3,44,0,12
1,10,9.0,150,6,18,0,7,137,1,12
1,10,11.0,298,0,17,2,10,22,3,9
1,10,11.0,298,0,19,0,11,129,3,9
1,10,11.0,298,0,18,0,9,49,0,9
1,10,28.0,216,4,1,2,6,7,3,18
1,1,9.0,50,1,17,0,11,18,0,12
1,1,9.0,50,1,15,0,10,23,3,12
1,2,21.0,108,0,9,0,4,79,3,21
1,5,2.0,307,0,5,0,2,86,1,22
1,7,17.0,95,4,8,2,16,113,2,6
1,10,20.0,223,2,18,2,5,6,3,29
1,10,20.0,223,2,1,0,12,17,2,29
1,10,20.0,223,2,5,0,16,50,1,29
1,10,25.0,56,0,22,3,12,56,0,13
1,1,11.0,111,4,18,1,5,6,0,9
1,4,27.0,274,4,12,0,13,38,0,15
1,0,4.0,229,3,4,3,1,11,3,30
1,4,17.0,19,0,4,0,14,24,2,6
1,0,19.0,13,0,13,1,10,23,0,10
1,0,18.0,0,3,23,1,5,6,0,0
1,11,16.0,225,3,12,1,9,93,1,2
1,11,23.0,232,3,8,3,12,17,4,17
1,7,27.0,53,3,2,0,1,67,1,15
1,7,17.0,95,4,11,3,7,78,4,6
1,10,18.0,246,0,18,1,0,96,4,0
1,4,29.0,313,6,4,0,9,10,1,16
1,10,26.0,61,1,8,1,14,25,0,3
1,10,26.0,61,1,9,0,9,93,3,3
0,7,14.0,125,1,15,0,2,29,3,5
0,11,15.0,331,3,8,0,5,6,3,1
1,8,21.0,46,2,16,0,4,75,1,21
1,10,13.0,346,2,17,1,10,12,1,25
1,1,8.0,62,0,17,0,4,75,1,8
0,5,25.0,350,4,22,0,5,6,0,13
1,0,9.0,48,5,17,0,3,30,1,12
0,11,16.0,225,0,15,0,5,6,2,2
1,6,13.0,317,0,23,0,1,67,1,25
1,1,10.0,17,2,3,1,3,79,4,4
0,5,25.0,350,4,8,0,15,108,4,13
0,7,14.0,125,1,12,0,16,37,1,5
1,0,9.0,48,5,0,0,8,27,3,12
1,0,6.0,260,1,13,3,2,86,0,23
1,8,13.0,189,1,21,1,12,104,0,25
1,4,30.0,139,3,15,0,1,35,2,19
1,4,30.0,139,3,8,0,0,12,3,19
1,10,4.0,356,0,14,0,7,120,0,30
1,6,6.0,83,0,13,0,15,46,2,23
1,1,16.0,2,1,2,0,16,50,1,2
1,1,16.0,2,1,13,1,7,8,4,2
0,11,14.0,147,6,8,1,14,106,0,5
0,11,14.0,147,6,18,1,9,93,2,5
0,11,14.0,147,6,1,1,10,43,2,5
0,9,14.0,106,1,19,1,11,98,4,5
0,9,16.0,107,4,8,1,14,24,4,2
1,7,22.0,211,1,15,0,2,92,1,26
1,3,4.0,285,0,1,0,16,50,4,30
1,3,14.0,33,4,11,0,13,48,0,5
1,5,5.0,96,4,18,0,0,31,1,24
1,5,15.0,200,3,21,1,5,12,0,1
1,5,15.0,200,3,0,3,5,64,3,1
1,5,29.0,24,3,12,2,10,43,3,16
1,4,28.0,218,5,15,3,11,94,2,18
1,5,5.0,96,4,23,1,1,11,4,24
1,8,21.0,46,2,0,0,13,13,3,21
1,8,25.0,86,3,15,0,9,95,1,13
1,8,25.0,86,3,6,2,11,15,3,13
1,8,25.0,86,3,13,0,11,98,3,13
1,8,25.0,86,3,22,1,10,52,4,13
1,5,31.0,196,1,12,0,4,121,1,20
1,8,25.0,86,3,23,1,1,105,4,13
1,8,30.0,103,5,16,1,10,23,0,19
1,8,30.0,103,5,6,0,12,104,1,19
1,8,30.0,103,5,20,0,4,5,1,19
1,8,30.0,103,5,17,1,14,32,4,19
1,8,30.0,103,5,1,2,14,106,3,19
1,4,15.0,132,6,10,2,6,7,3,1
1,4,15.0,132,6,20,2,6,14,3,1
1,4,15.0,132,6,3,0,5,6,0,1
1,4,15.0,132,6,12,2,2,69,3,1
1,4,22.0,152,6,5,0,0,77,3,26
1,4,22.0,152,6,15,1,1,105,4,26
1,4,22.0,152,6,13,1,1,59,1,26
1,4,22.0,152,6,18,1,9,87,4,26
1,4,31.0,67,0,11,0,11,133,3,20
1,8,10.0,71,6,15,1,16,65,4,4
1,4,12.0,134,2,16,0,5,6,3,28
1,5,19.0,146,4,14,0,8,118,1,10
1,5,19.0,146,4,18,0,4,75,4,10
1,5,25.0,350,2,6,0,2,3,3,13
1,5,25.0,350,2,6,0,13,99,1,13
1,5,25.0,350,2,21,0,4,75,4,13
1,5,25.0,350,2,6,0,3,76,4,13
1,5,25.0,350,2,10,0,8,27,1,13
1,5,25.0,350,2,6,0,13,21,0,13
1,5,25.0,350,2,20,0,0,26,2,13
1,5,25.0,350,2,2,0,11,124,3,13
1,5,25.0,350,2,4,0,13,38,0,13
1,5,25.0,350,2,18,0,1,59,1,13
1,5,25.0,350,2,0,0,5,12,3,13
1,5,26.0,37,4,15,0,13,38,0,3
1,5,25.0,350,2,12,1,13,21,4,13
1,5,26.0,37,4,20,1,11,15,4,3
1,5,27.0,328,5,5,2,13,29,3,15
1,10,28.0,216,4,14,1,13,123,0,18
1,4,31.0,67,0,20,1,13,21,4,20
1,2,6.0,251,3,5,0,1,59,4,23
1,2,6.0,251,3,20,0,4,82,1,23
1,2,6.0,251,3,11,1,12,80,1,23
1,2,15.0,130,1,11,2,4,82,3,1
1,2,15.0,130,1,13,0,15,114,2,1
1,2,15.0,130,1,8,0,2,86,1,1
1,2,15.0,130,1,14,0,10,23,3,1
1,2,15.0,130,1,9,0,16,37,3,1
1,2,17.0,6,4,20,1,6,14,4,6
1,2,17.0,6,4,4,2,12,80,2,6
1,2,17.0,6,4,22,1,12,61,1,6
1,2,23.0,230,2,18,0,5,6,1,17
1,2,24.0,22,4,17,0,10,47,0,14
1,2,23.0,230,2,14,2,1,59,1,17
1,2,24.0,22,4,13,0,5,6,2,14
1,2,24.0,22,4,13,1,9,49,1,14
1,2,24.0,22,4,22,1,7,8,4,14
1,0,5.0,122,0,7,0,13,36,2,24
1,0,5.0,122,0,15,0,11,15,3,24
1,0,5.0,122,0,15,1,10,22,0,24
1,11,4.0,275,1,12,0,9,54,1,30
0,7,14.0,125,1,19,0,5,12,2,5
1,1,10.0,17,2,5,3,2,2,4,4
1,0,14.0,5,2,1,0,0,26,1,5
1,1,29.0,112,0,18,1,1,67,2,16
0,7,14.0,125,1,4,0,15,114,0,5
1,1,12.0,353,5,21,1,14,25,4,28
1,6,7.0,169,1,22,3,16,37,0,11
1,0,14.0,5,2,1,0,8,9,3,5
0,7,14.0,125,1,4,0,9,54,3,5
0,5,25.0,350,4,12,0,13,21,0,13
1,1,12.0,353,5,17,1,9,57,0,28
1,0,7.0,15,2,9,0,14,24,1,11
1,8,15.0,72,4,12,1,12,83,0,1
0,7,22.0,211,2,6,0,0,26,0,26
0,5,31.0,196,2,5,0,8,27,2,20
1,1,12.0,353,5,19,0,4,138,1,28
0,7,22.0,211,2,17,0,0,15,2,26
1,0,9.0,48,5,4,0,14,125,4,12
1,11,29.0,270,6,1,3,10,22,3,16
1,2,17.0,6,4,6,1,1,59,4,6
1,0,14.0,5,2,19,0,16,50,1,5
1,0,5.0,122,0,14,0,8,27,2,24
0,5,31.0,196,2,8,0,10,47,2,20
1,3,10.0,4,3,18,2,0,64,3,4
1,0,15.0,190,4,11,1,10,22,4,1
1,2,17.0,6,4,18,3,0,26,1,6
1,0,7.0,15,2,20,1,12,56,0,11
1,2,4.0,254,5,15,0,8,9,2,30
0,5,31.0,196,2,3,3,9,57,0,20
1,10,15.0,60,5,22,3,15,114,1,1
1,0,15.0,190,4,11,0,13,48,4,1
1,1,12.0,353,5,4,0,2,2,4,28
1,7,1.0,98,1,17,0,5,64,1,7
0,5,31.0,196,2,0,0,0,77,3,20
1,2,4.0,254,5,22,1,4,82,0,30
1,0,5.0,122,0,13,0,4,121,2,24
1,0,17.0,12,6,2,0,8,9,0,6
0,3,17.0,54,0,2,0,10,52,1,6
1,0,15.0,190,4,15,2,15,31,0,1
1,8,29.0,301,4,14,1,11,94,0,16
0,6,6.0,83,1,12,2,4,127,3,23
1,2,4.0,254,5,2,1,6,89,4,30
1,4,17.0,19,0,4,0,15,114,3,6
0,6,6.0,83,1,19,0,7,111,0,23
1,0,17.0,12,6,12,0,6,128,2,6
1,1,12.0,353,5,3,1,14,126,1,28
0,3,17.0,54,0,1,0,8,19,4,6
1,0,15.0,190,4,8,1,10,23,1,1
1,2,4.0,254,5,4,0,16,74,4,30
1,0,8.0,9,4,20,1,8,9,4,8
1,10,25.0,56,0,14,1,13,38,0,13
0,6,17.0,244,6,5,2,16,37,3,6
1,0,24.0,55,6,0,1,12,83,0,14
1,1,18.0,82,4,6,1,6,7,0,0
1,1,18.0,82,4,7,0,15,31,3,0
1,1,18.0,82,4,11,1,12,61,4,0
1,1,20.0,151,6,17,0,16,50,1,29
1,1,20.0,151,6,20,1,13,99,1,29
1,1,20.0,151,6,14,0,3,44,0,29
1,1,20.0,151,6,15,1,6,7,4,29
1,6,18.0,308,6,2,0,1,1,3,0
1,8,1.0,66,4,0,0,16,50,1,7
1,8,1.0,66,4,16,0,13,21,0,7
1,8,1.0,66,4,7,0,15,112,1,7
1,8,1.0,66,4,20,0,12,17,3,7
1,8,1.0,66,4,0,1,1,11,0,7
1,8,1.0,66,4,8,0,8,118,1,7
1,8,1.0,66,4,19,2,4,4,3,7
1,8,1.0,66,4,18,0,4,75,1,7
1,2,21.0,108,0,8,0,12,17,1,21
1,8,3.0,363,6,0,0,5,6,0,27
1,6,1.0,158,2,17,0,3,30,1,7
1,8,3.0,363,6,0,2,12,80,0,27
1,8,3.0,363,6,22,0,0,77,3,27
1,8,3.0,363,6,22,3,0,85,1,27
1,8,3.0,363,6,2,2,16,130,2,27
1,8,3.0,363,6,9,2,12,80,3,27
1,8,3.0,363,6,9,0,12,84,1,27
1,8,3.0,363,6,15,1,14,126,4,27
1,8,10.0,71,6,21,0,3,70,3,4
1,8,10.0,71,6,15,1,1,81,4,4
1,8,10.0,71,6,11,1,10,52,4,4
1,10,28.0,216,4,20,3,10,12,1,18
1,8,10.0,71,6,18,0,4,75,1,4
1,6,16.0,38,4,11,0,9,87,2,2
1,6,16.0,38,4,12,1,13,69,0,2
1,3,27.0,361,2,17,0,14,24,2,15
1,10,2.0,358,6,17,3,0,26,1,22
1,10,25.0,56,0,0,3,14,125,2,13
1,2,3.0,282,4,8,0,8,41,3,27
1,9,7.0,271,0,2,1,11,58,4,11
1,7,17.0,95,4,18,0,5,12,1,6
1,7,7.0,293,0,14,0,7,20,0,11
1,3,1.0,180,5,12,1,11,18,2,7
1,5,3.0,161,1,18,1,15,46,0,27
1,5,16.0,239,0,22,0,16,130,2,2
1,5,3.0,161,1,19,0,8,118,3,27
1,5,18.0,195,2,9,1,9,63,0,0
1,5,8.0,199,3,19,0,0,64,1,8
1,3,1.0,180,5,23,1,13,29,4,7
1,5,15.0,200,3,2,0,16,50,3,1
1,10,12.0,333,1,2,1,14,24,0,28
1,1,5.0,219,5,4,0,9,9,0,24
1,6,29.0,335,2,9,0,10,43,3,16
1,10,4.0,356,0,19,0,8,33,3,30
1,4,30.0,139,3,12,1,13,69,4,19
1,10,4.0,356,0,9,3,9,27,3,30
1,9,11.0,52,5,12,3,14,25,3,9
1,7,22.0,211,1,19,1,1,67,0,26
1,3,20.0,105,2,18,0,10,23,1,29
1,3,20.0,105,2,5,1,6,7,2,29
1,10,4.0,356,0,16,0,2,2,0,30
1,10,12.0,333,1,9,0,4,4,1,28
1,10,12.0,333,1,8,1,4,138,4,28
1,10,12.0,333,1,4,0,8,27,1,28
1,6,4.0,159,6,3,0,8,41,2,30
1,2,23.0,230,2,14,0,2,86,1,17
1,2,24.0,22,4,10,0,16,130,4,14
1,2,24.0,22,4,17,0,10,43,1,14
1,2,24.0,22,4,23,2,2,2,1,14
1,2,24.0,22,4,13,0,2,40,2,14
1,2,23.0,230,2,9,1,1,105,0,17
1,2,24.0,22,4,4,1,13,48,4,14
1,0,5.0,122,0,21,0,16,50,1,24
1,0,5.0,122,0,19,0,6,73,1,24
1,0,6.0,260,1,13,1,6,116,1,23
1,0,7.0,15,2,17,2,13,29,3,11
1,0,7.0,15,2,16,0,13,13,1,11
1,0,7.0,15,2,16,1,5,12,0,11
1,0,7.0,15,2,15,1,10,22,0,11
1,0,8.0,9,4,10,2,9,63,0,8
1,0,7.0,15,2,4,1,8,19,0,11
1,5,6.0,277,5,20,0,0,26,1,23
1,7,1.0,98,1,17,0,9,93,1,7
1,0,24.0,55,6,4,0,2,3,4,14
1,2,11.0,297,5,3,0,11,94,2,9
0,3,17.0,54,0,14,0,8,41,3,6
0,9,17.0,255,5,13,0,1,11,4,6
0,3,24.0,357,0,0,0,15,114,1,14
0,7,22.0,211,2,14,2,8,27,3,26
1,2,4.0,254,5,17,0,8,41,2,30
1,0,13.0,198,1,1,1,4,45,0,25
1,8,3.0,363,6,19,0,6,89,0,27
0,3,24.0,357,0,13,0,8,118,2,14
0,6,18.0,308,3,4,1,16,65,4,0
1,0,24.0,55,6,15,1,13,29,4,14
1,5,6.0,277,5,15,0,10,47,2,23
1,0,25.0,281,3,5,0,0,0,0,13
0,3,6.0,303,4,10,0,13,38,1,23
0,6,23.0,84,5,13,1,3,76,4,17
1,0,30.0,228,5,1,3,8,19,3,19
1,5,6.0,277,5,5,0,4,138,2,23
1,8,3.0,363,6,15,0,15,119,2,27
1,0,31.0,290,6,21,1,16,37,0,20
0,3,17.0,54,0,6,0,0,12,0,6
0,3,24.0,357,0,19,0,2,69,4,14
1,0,30.0,228,5,14,1,9,54,2,19
1,5,6.0,277,5,8,0,9,57,0,23
1,8,10.0,71,6,15,0,8,27,0,4
0,9,25.0,344,6,5,0,13,123,3,13
0,9,23.0,167,4,8,0,9,54,1,17
0,7,7.0,293,1,7,0,6,128,1,11
0,7,7.0,293,1,12,0,8,27,2,11
0,7,14.0,125,1,6,2,0,64,3,5
0,7,14.0,125,1,16,2,10,6,0,5
0,7,22.0,211,2,0,1,3,70,4,26
0,7,22.0,211,2,17,1,3,115,4,26
0,7,22.0,211,2,8,2,13,29,0,26
0,7,22.0,211,2,11,1,2,86,1,26
0,3,17.0,54,0,23,1,13,123,4,6
0,3,24.0,357,0,6,0,15,39,1,14
0,3,24.0,357,0,11,0,8,27,2,14
0,3,24.0,357,0,1,1,13,38,4,14
0,3,24.0,357,0,9,2,0,96,3,14
0,3,25.0,347,1,17,1,13,38,4,13
0,3,24.0,357,0,9,2,0,96,3,14
0,3,25.0,347,1,13,0,3,44,0,13
0,3,25.0,347,1,5,0,9,101,0,13
0,3,25.0,347,1,19,2,13,29,4,13
0,3,25.0,347,1,9,0,13,48,0,13
0,3,25.0,347,1,18,0,11,117,1,13
0,3,26.0,343,2,16,0,5,12,3,3
0,3,24.0,357,0,23,1,3,30,1,14
0,5,7.0,349,3,6,0,0,31,4,11
0,5,7.0,349,3,6,2,2,123,1,11
0,5,7.0,349,3,20,0,11,133,0,11
0,5,7.0,349,3,13,0,7,31,4,11
0,5,8.0,199,0,17,0,1,67,4,8
0,5,7.0,349,3,4,2,5,6,1,11
0,11,30.0,170,0,14,0,1,59,1,19
0,9,15.0,226,2,11,0,1,35,4,1
0,9,15.0,226,2,3,2,6,7,3,1
0,9,17.0,255,5,14,3,13,48,3,6
0,9,23.0,167,4,5,0,9,109,1,17
0,9,23.0,167,4,22,1,7,137,1,17
0,9,25.0,344,6,4,0,1,16,4,13
0,7,7.0,293,1,17,0,10,47,1,11
0,7,7.0,293,1,23,1,13,21,4,11
0,7,7.0,293,1,5,2,10,47,3,11
0,7,7.0,293,1,21,0,0,12,1,11
0,7,14.0,125,1,16,0,0,26,3,5
1,8,10.0,71,6,19,2,16,37,0,4
1,4,12.0,134,2,6,0,0,12,0,28
1,4,20.0,115,4,19,0,8,9,0,29
1,4,20.0,115,4,19,2,6,89,3,29
1,4,28.0,218,5,3,1,9,134,4,18
1,4,28.0,218,5,1,2,6,14,0,18
1,2,2.0,143,2,16,0,13,38,1,22
1,2,2.0,143,2,15,0,8,41,3,22
1,2,2.0,143,2,13,2,5,6,0,22
1,2,2.0,143,2,22,0,8,118,1,22
1,2,2.0,143,2,4,3,2,123,0,22
1,2,4.0,254,5,15,0,6,7,1,30
1,2,4.0,254,5,15,0,13,29,1,30
1,4,28.0,218,5,3,0,15,31,2,18
1,2,11.0,297,5,17,2,9,93,3,9
1,2,11.0,297,5,17,1,16,50,2,9
1,2,11.0,297,5,1,0,9,10,0,9
1,2,11.0,297,5,17,0,2,40,4,9
1,2,18.0,7,5,17,0,15,114,1,0
1,2,18.0,7,5,3,1,13,29,4,0
1,2,18.0,7,5,12,3,5,6,2,0
1,2,18.0,7,5,14,2,9,49,3,0
0,9,12.0,177,3,3,1,4,5,4,28
0,9,21.0,362,1,22,1,9,58,4,21
0,9,3.0,217,5,6,0,13,69,1,27
1,2,20.0,264,3,6,1,6,128,0,29
1,2,18.0,7,5,5,0,9,27,2,0
1,2,20.0,264,3,11,0,7,62,0,29
1,2,20.0,264,3,2,0,12,61,1,29
1,2,20.0,264,3,22,0,15,114,1,29
1,2,20.0,264,3,15,1,6,116,4,29
1,2,21.0,108,0,6,1,4,136,1,21
1,2,21.0,108,0,20,0,8,27,1,21
1,2,21.0,108,0,19,0,2,13,4,21
1,2,21.0,108,0,15,1,15,46,4,21
1,0,15.0,190,4,22,1,14,32,4,1
1,0,31.0,290,6,13,2,14,125,0,20
1,11,9.0,311,3,17,3,12,56,4,12
0,3,17.0,54,0,11,0,12,121,1,6
1,0,15.0,190,4,9,0,1,35,4,1
1,5,7.0,349,6,6,0,0,26,1,11
1,0,31.0,290,6,22,1,5,64,0,20
0,3,24.0,357,0,13,1,9,95,4,14
0,3,17.0,54,0,3,1,12,100,4,6
1,11,18.0,332,1,17,1,11,55,4,0
0,11,13.0,312,5,4,0,2,40,3,25
1,0,12.0,113,0,19,1,11,133,0,28
0,3,25.0,347,1,15,0,14,125,0,13
1,0,5.0,122,0,5,0,0,64,3,24
1,5,7.0,349,6,21,1,10,22,4,11
0,11,13.0,312,5,14,2,1,105,3,25
1,1,9.0,50,1,5,1,1,105,4,12
0,3,25.0,347,1,18,0,8,9,0,13
1,0,5.0,122,0,8,2,1,11,2,24
1,0,17.0,12,6,0,0,3,30,1,6
1,5,6.0,277,5,3,1,12,80,1,23
0,11,13.0,312,5,15,0,2,2,2,25
0,11,15.0,331,3,13,2,11,55,0,1
0,11,15.0,331,3,13,0,15,39,1,1
0,11,15.0,331,3,8,0,8,9,2,1
0,11,15.0,331,3,14,0,8,19,0,1
0,11,15.0,331,3,9,1,0,85,0,1
0,11,16.0,225,0,14,0,16,72,1,2
1,4,13.0,221,4,19,3,1,11,4,25
0,11,30.0,170,0,1,0,2,92,4,19
0,11,30.0,170,0,3,0,13,69,1,19
1,0,25.0,281,3,0,2,10,22,3,13
1,0,24.0,55,6,11,0,8,65,4,14
1,0,25.0,281,3,3,0,8,118,1,13
1,0,31.0,290,6,2,0,7,78,4,20
0,11,13.0,312,5,6,1,9,87,1,25
0,11,13.0,312,5,13,0,13,48,1,25
0,11,13.0,312,5,1,2,13,13,0,25
0,11,13.0,312,5,13,1,1,16,1,25
0,11,13.0,312,5,9,2,2,2,3,25
0,11,15.0,331,3,22,0,1,16,2,1
1,0,24.0,55,6,13,0,0,31,2,14
0,9,15.0,226,2,6,2,6,89,3,1
0,9,15.0,226,2,2,0,9,102,1,1
0,9,15.0,226,2,4,0,13,29,2,1
0,9,17.0,255,5,4,0,2,13,0,6
0,9,23.0,167,4,19,0,0,77,1,17
0,9,23.0,167,4,8,1,16,108,4,17
0,9,25.0,344,6,5,0,10,47,3,13
0,7,7.0,293,1,8,2,2,2,3,11
0,7,14.0,125,1,20,2,13,29,4,5
1,0,14.0,5,2,17,0,5,64,2,5
1,0,14.0,5,2,11,0,16,130,1,5
1,0,14.0,5,2,5,0,4,82,1,5
1,0,14.0,5,2,22,0,12,104,1,5
1,0,14.0,5,2,7,0,13,21,1,5
1,0,14.0,5,2,4,0,11,18,3,5
1,0,14.0,5,2,8,0,11,15,0,5
1,0,14.0,5,2,14,2,14,25,3,5
1,0,15.0,190,4,3,1,14,32,4,1
1,0,9.0,48,5,6,2,2,92,0,12
1,0,14.0,5,2,9,1,11,133,4,5
1,0,24.0,55,6,5,0,9,102,4,14
1,0,24.0,55,6,10,2,10,43,1,14
1,0,24.0,55,6,22,2,14,25,0,14
1,0,24.0,55,6,9,0,10,43,3,14
1,0,25.0,281,3,0,0,10,22,0,13
1,0,25.0,281,3,6,0,10,12,0,13
1,0,31.0,290,6,6,0,4,138,3,20
1,0,31.0,290,6,0,0,4,127,1,20
1,0,31.0,290,6,11,1,15,31,0,20
1,0,6.0,260,1,6,0,7,57,2,23
1,0,6.0,260,1,8,0,3,30,0,23
1,0,6.0,260,1,22,0,5,6,0,23
1,0,6.0,260,1,12,0,10,52,3,23
1,0,7.0,15,2,7,0,13,28,1,11
1,0,7.0,15,2,10,0,7,111,2,11
1,0,7.0,15,2,21,2,13,48,0,11
1,0,7.0,15,2,5,0,16,37,1,11
1,0,7.0,15,2,18,0,7,122,4,11
1,0,7.0,15,2,1,2,5,64,3,11
0,3,26.0,343,2,11,0,15,108,3,3
1,0,5.0,122,0,2,1,9,63,4,24
1,5,6.0,277,5,13,3,3,44,4,23
1,1,10.0,17,2,16,0,16,130,2,4
1,1,10.0,17,2,7,1,11,15,0,4
1,0,17.0,12,6,21,2,0,64,3,6
1,0,7.0,15,2,20,0,13,38,1,11
1,5,7.0,349,6,4,2,16,113,3,11
1,1,10.0,17,2,8,0,15,96,4,4
0,3,26.0,343,2,18,1,13,28,0,3
1,0,7.0,15,2,23,0,9,9,4,11
1,5,6.0,277,5,20,1,13,38,4,23
1,1,10.0,17,2,6,1,2,40,4,4
1,0,17.0,12,6,17,1,10,22,0,6
1,0,17.0,12,6,22,0,2,29,0,6
1,0,17.0,12,6,19,0,2,13,3,6
1,0,17.0,12,6,4,0,10,6,3,6
1,0,25.0,281,3,17,2,4,79,2,13
1,0,25.0,281,3,22,0,2,71,0,13
0,11,13.0,312,5,16,1,6,89,1,25
0,11,15.0,331,3,16,1,2,86,0,1
0,11,15.0,331,3,2,0,6,89,1,1
0,11,15.0,331,3,19,2,7,20,0,1
0,11,15.0,331,3,11,1,3,30,4,1
1,8,1.0,66,4,19,2,1,67,4,7
1,8,1.0,66,4,1,0,9,102,1,7
1,2,18.0,7,5,15,1,1,105,0,0
1,0,2.0,47,5,8,3,8,41,0,22
1,0,12.0,113,0,8,2,13,69,3,28
1,2,18.0,7,5,2,0,5,6,0,0
1,8,3.0,363,6,6,0,8,27,1,27
1,8,10.0,71,6,17,2,10,47,3,4
1,8,10.0,71,6,0,1,5,12,0,4
1,8,10.0,71,6,2,1,12,61,1,4
1,8,10.0,71,6,4,0,12,121,1,4
1,4,12.0,134,2,17,2,5,6,3,28
1,4,12.0,134,2,15,0,0,68,1,28
1,4,18.0,26,1,17,1,10,52,1,0
1,4,18.0,26,1,3,2,0,64,3,0
1,4,20.0,115,4,4,2,0,64,3,29
1,4,20.0,115,4,1,0,4,4,0,29
1,4,12.0,134,2,21,0,8,9,1,28
1,4,12.0,134,2,10,1,7,62,0,28
1,4,12.0,134,2,0,0,5,12,3,28
1,9,2.0,323,2,10,0,12,61,1,22
1,5,1.0,109,3,17,0,2,40,4,7
1,4,18.0,26,1,17,2,7,78,0,0
0,11,15.0,331,3,19,0,6,116,3,1
0,11,15.0,331,3,1,0,10,43,1,1
0,11,13.0,312,5,14,0,13,29,1,25
0,11,13.0,312,5,18,0,8,9,0,25
0,11,15.0,331,3,21,0,2,86,1,1
0,11,15.0,331,3,5,0,3,44,3,1
0,11,16.0,225,0,8,2,13,28,3,2
0,11,16.0,225,0,11,1,12,121,4,2
0,11,30.0,170,0,17,0,12,17,1,19
0,9,15.0,226,2,12,0,13,28,0,1
0,9,15.0,226,2,5,0,13,36,4,1
0,9,15.0,226,2,4,0,2,69,2,1
0,9,17.0,255,5,22,0,8,41,4,6
0,9,17.0,255,5,3,1,8,118,4,6
0,9,17.0,255,5,20,1,0,96,1,6
0,9,17.0,255,5,9,1,9,57,0,6
0,9,23.0,167,4,16,1,10,22,0,17
0,9,23.0,167,4,21,1,9,27,0,17
0,9,25.0,344,6,7,1,10,43,1,13
1,4,18.0,26,1,16,1,0,68,0,0
1,4,18.0,26,1,8,0,13,99,2,0
1,4,18.0,26,1,20,2,10,47,3,0
1,4,20.0,115,4,7,1,10,12,0,29
1,4,20.0,115,4,9,0,8,41,4,29
1,8,1.0,66,4,14,3,10,47,0,7
1,4,28.0,218,5,15,1,1,16,4,18
1,4,28.0,218,5,8,3,0,26,3,18
1,2,2.0,143,2,16,0,0,53,3,22
1,2,2.0,143,2,9,0,14,110,0,22
1,2,2.0,143,2,19,1,9,83,1,22
1,2,2.0,143,2,14,0,12,121,1,22
1,2,4.0,254,5,16,1,9,95,0,30
1,2,4.0,254,5,22,0,6,89,2,30
1,0,7.0,15,2,8,0,10,22,1,11
0,5,7.0,349,3,6,1,5,6,0,11
1,1,18.0,82,4,21,1,3,79,2,0
1,5,7.0,349,6,8,0,9,57,0,11
1,0,7.0,15,2,19,0,2,92,1,11
0,5,7.0,349,3,7,0,5,64,3,11
1,1,18.0,82,4,12,1,9,95,1,0
1,5,20.0,214,5,13,0,6,91,3,29
1,0,7.0,15,2,1,2,13,29,2,11
0,5,7.0,349,3,8,0,6,128,1,11
1,1,20.0,151,6,18,0,4,136,1,29
1,5,20.0,214,5,14,2,13,99,1,29
0,5,7.0,349,3,12,2,13,21,2,11
1,0,7.0,15,2,9,0,2,13,1,11
1,5,20.0,214,5,1,0,2,2,1,29
1,5,31.0,196,1,7,0,6,116,4,20
1,5,31.0,196,1,22,0,6,7,3,20
1,5,31.0,196,1,1,1,9,83,4,20
1,6,30.0,145,4,17,2,16,50,0,19
1,10,5.0,336,1,8,0,13,21,1,24
1,10,6.0,242,2,9,0,2,13,2,23
1,10,14.0,174,4,22,0,0,26,3,5
1,10,14.0,174,4,16,1,2,86,0,5
1,10,14.0,174,4,1,2,2,123,0,5
1,10,15.0,60,5,12,1,13,99,4,1
1,10,15.0,60,5,19,0,4,115,3,1
1,10,6.0,242,2,12,0,3,115,2,23
1,10,16.0,201,6,3,0,12,80,0,2
1,10,16.0,201,6,4,0,4,75,0,2
1,10,16.0,201,6,12,1,2,86,2,2
1,10,16.0,201,6,9,0,15,108,1,2
1,10,21.0,341,4,20,0,10,47,3,21
1,10,21.0,341,4,11,0,5,6,3,21
1,10,21.0,341,4,15,2,11,117,3,21
1,10,21.0,341,4,22,1,11,58,4,21
1,10,22.0,314,5,11,0,8,9,3,26
1,10,22.0,314,5,8,0,16,139,1,26
1,10,22.0,314,5,12,0,9,102,3,26
1,10,22.0,314,5,4,0,0,31,2,26
1,10,22.0,314,5,4,0,10,12,0,26
1,10,22.0,314,5,4,0,13,29,2,26
1,10,29.0,318,5,12,2,5,64,3,16
1,10,29.0,318,5,19,0,13,21,2,16
1,10,29.0,318,5,1,0,14,126,1,16
1,10,21.0,341,4,18,1,3,115,1,21
1,1,23.0,69,1,21,0,0,53,1,17
1,1,23.0,69,1,0,0,3,30,3,17
1,1,23.0,69,1,5,2,14,32,0,17
1,1,23.0,69,1,15,0,10,23,1,17
1,1,23.0,69,1,3,0,16,50,3,17
1,4,31.0,67,0,9,2,14,125,2,20
1,2,6.0,251,3,21,0,0,64,2,23
1,2,17.0,6,4,0,1,6,7,0,6
1,2,17.0,6,4,8,0,6,132,3,6
1,2,17.0,6,4,8,1,3,79,4,6
1,2,23.0,230,2,16,0,5,12,0,17
1,2,24.0,22,4,22,0,13,28,1,14
1,5,31.0,196,1,3,0,9,63,4,20
1,2,24.0,22,4,22,1,11,15,4,14
1,2,24.0,22,4,5,1,14,25,4,14
1,0,5.0,122,0,0,0,8,19,0,24
1,0,5.0,122,0,22,0,1,1,1,24
1,0,6.0,260,1,7,1,10,12,1,23
1,0,6.0,260,1,1,0,3,79,1,23
1,0,6.0,260,1,14,0,0,77,0,23
1,0,8.0,9,4,17,0,4,103,3,8
1,0,5.0,122,0,3,0,5,6,2,24
1,2,23.0,230,2,0,3,0,26,3,17
1,0,9.0,48,5,21,0,0,26,1,12
1,0,9.0,48,5,21,2,6,7,0,12
1,0,9.0,48,5,19,0,9,57,0,12
1,0,9.0,48,5,10,1,12,56,0,12
1,0,9.0,48,5,21,1,2,123,0,12
1,1,23.0,69,1,13,0,16,74,1,17
1,1,30.0,100,1,6,1,3,115,1,19
1,1,30.0,100,1,9,0,12,56,1,19
1,8,5.0,101,0,0,0,11,15,0,24
1,8,5.0,101,0,7,1,4,45,4,24
1,8,5.0,101,0,2,1,2,2,1,24
1,8,5.0,101,0,9,0,7,122,2,24
1,8,14.0,296,2,0,2,3,30,3,5
1,8,14.0,296,2,1,1,14,25,0,5
1,8,16.0,73,5,6,0,6,89,3,2
1,8,16.0,73,5,13,0,13,48,3,2
1,8,16.0,73,5,11,1,3,76,4,2
1,8,16.0,73,5,8,1,7,62,1,2
1,2,15.0,130,1,17,0,0,85,3,1
0,5,7.0,349,3,5,0,10,47,2,11
1,5,28.0,259,6,10,1,2,2,4,18
1,0,8.0,9,4,8,0,8,27,1,8
0,5,7.0,349,3,23,1,12,56,1,11
1,6,1.0,158,2,8,0,8,33,3,7
0,5,8.0,199,0,1,2,5,12,0,8
1,5,19.0,146,4,5,0,12,61,1,10
0,5,7.0,349,3,5,0,11,8,1,11
1,6,8.0,59,2,19,0,1,81,0,8
1,6,9.0,236,4,12,0,13,38,4,12
1,6,9.0,236,4,12,0,16,50,2,12
1,10,9.0,150,6,11,0,13,38,4,12
1,10,11.0,298,0,23,2,8,33,3,9
1,10,28.0,216,4,8,0,8,33,1,18
1,10,28.0,216,4,1,0,16,50,0,18
1,1,9.0,50,1,3,1,13,38,1,12
1,1,9.0,50,1,1,0,15,85,3,12
1,1,10.0,17,2,15,0,5,6,3,4
0,3,24.0,357,0,13,1,14,106,4,14
0,3,25.0,347,1,6,2,11,133,2,13
0,3,25.0,347,1,16,2,16,39,0,13
0,3,25.0,347,1,16,0,0,12,0,13
0,3,25.0,347,1,13,0,2,86,4,13
0,3,25.0,347,1,3,1,5,12,0,13
0,3,26.0,343,2,16,0,0,26,3,3
0,3,25.0,347,1,9,0,9,57,4,13
0,3,26.0,343,2,8,0,13,38,0,3
0,3,25.0,347,1,6,0,7,20,3,13
0,3,26.0,343,2,3,0,9,9,0,3
0,5,7.0,349,3,6,0,10,22,1,11
0,5,7.0,349,3,8,0,11,122,3,11
0,5,7.0,349,3,19,0,1,81,3,11
0,5,8.0,199,0,11,1,8,19,4,8
0,5,8.0,199,0,19,0,8,9,3,8
1,4,31.0,67,0,18,0,14,32,4,20
1,0,24.0,55,6,5,3,8,19,0,14
1,1,10.0,17,2,17,0,8,41,0,4
1,1,12.0,353,5,16,1,15,51,4,28
1,1,12.0,353,5,2,0,4,75,3,28
1,2,26.0,3,6,13,1,13,38,4,3
1,1,12.0,353,5,22,1,1,81,4,28
1,1,12.0,353,5,9,0,8,9,1,28
1,1,18.0,82,4,21,1,5,64,0,0
1,1,20.0,151,6,11,0,11,94,2,29
1,1,20.0,151,6,15,0,10,23,1,29
1,1,20.0,151,6,20,1,9,10,4,29
1,1,20.0,151,6,9,0,8,118,1,29
1,8,1.0,66,4,7,0,13,48,0,7
1,10,28.0,216,4,10,0,4,79,2,18
1,1,10.0,17,2,4,0,10,47,3,4
1,1,10.0,17,2,2,0,9,134,2,4
1,1,10.0,17,2,3,1,15,114,1,4
1,1,12.0,353,5,3,2,0,15,0,28
1,1,12.0,353,5,0,1,4,82,1,28
1,1,12.0,353,5,9,1,16,50,0,28
1,1,18.0,82,4,4,0,1,1,1,0
1,1,18.0,82,4,3,2,8,27,3,0
1,10,28.0,216,4,13,0,5,6,2,18
1,8,1.0,66,4,16,2,2,71,3,7
0,3,24.0,357,0,13,3,0,26,1,14
0,5,15.0,200,0,22,0,13,29,2,1
0,5,17.0,212,2,21,0,7,20,3,6
0,5,17.0,212,2,5,0,6,89,4,6
0,5,7.0,349,3,14,0,14,24,3,11
0,5,25.0,350,4,6,0,2,86,3,13
0,5,25.0,350,4,5,0,16,50,1,13
0,5,15.0,200,0,17,2,1,67,0,1
1,0,9.0,48,5,3,0,6,91,2,12
1,0,9.0,48,5,14,2,10,22,1,12
1,0,7.0,15,2,1,0,9,93,4,11
1,0,7.0,15,2,18,2,8,27,0,11
1,0,8.0,9,4,22,1,11,18,1,8
1,0,6.0,260,1,8,0,12,100,1,23
1,1,20.0,151,6,1,1,13,21,2,29
1,5,27.0,328,5,2,0,0,68,4,15
1,5,27.0,328,5,20,1,11,55,1,15
1,5,27.0,328,5,9,0,6,128,3,15
1,5,27.0,328,5,20,1,11,15,4,15
1,5,28.0,259,6,6,0,2,2,1,18
1,5,28.0,259,6,16,0,13,21,4,18
1,5,28.0,259,6,0,1,10,47,0,18
1,5,25.0,350,2,6,3,7,57,0,13
1,5,28.0,259,6,12,0,15,51,2,18
1,5,28.0,259,6,14,0,13,69,3,18
1,5,28.0,259,6,1,0,12,17,4,18
1,5,28.0,259,6,1,0,10,43,1,18
1,5,28.0,259,6,9,0,10,52,1,18
1,6,1.0,158,2,0,0,5,6,3,7
1,6,1.0,158,2,0,0,7,120,4,7
1,6,1.0,158,2,12,0,15,46,3,7
1,6,1.0,158,2,18,1,7,137,1,7
1,6,8.0,59,2,13,0,16,37,1,8
1,6,8.0,59,2,13,0,7,111,3,8
1,6,8.0,59,2,6,1,8,118,0,8
1,7,11.0,197,5,16,0,10,22,3,9
1,7,28.0,34,0,18,2,16,113,1,18
1,7,28.0,34,0,14,1,1,105,0,18
1,5,14.0,36,6,11,1,5,12,2,5
1,5,22.0,163,3,4,0,3,115,4,26
1,5,21.0,351,6,14,0,9,109,3,21
1,1,29.0,112,0,18,0,0,68,1,16
1,5,22.0,163,3,11,3,6,7,0,26
1,8,15.0,72,4,12,1,12,83,0,1
1,2,22.0,209,1,11,1,14,131,4,26
1,5,30.0,294,0,22,0,11,117,1,19
1,6,7.0,169,1,19,1,9,109,0,11
1,1,8.0,62,0,9,0,5,47,3,8
0,9,24.0,272,5,9,0,14,34,1,14
1,2,25.0,233,5,2,3,6,7,0,13
1,0,8.0,9,4,14,0,16,139,1,8
1,0,8.0,9,4,12,2,14,88,0,8
1,0,6.0,260,1,8,1,15,114,1,23
1,0,9.0,48,5,2,3,3,30,4,12
1,0,9.0,48,5,14,0,3,30,0,12
1,0,14.0,5,2,13,0,15,85,3,5
1,0,15.0,190,4,10,1,15,46,0,1
1,0,15.0,190,4,0,2,13,123,1,1
1,0,17.0,12,6,2,0,2,86,0,6
1,0,17.0,12,6,4,0,13,38,0,6
1,0,24.0,55,6,21,1,3,44,0,14
1,0,14.0,5,2,17,1,2,86,1,5
1,0,24.0,55,6,19,3,12,61,1,14
0,5,17.0,212,2,15,1,6,7,0,6
0,5,17.0,212,2,4,0,14,97,3,6
0,5,17.0,212,2,1,0,15,114,1,6
0,11,16.0,225,0,11,1,1,105,4,2
0,11,30.0,170,0,8,2,3,30,3,19
0,9,15.0,226,2,15,0,15,114,1,1
0,9,15.0,226,2,4,0,12,61,1,1
0,9,17.0,255,5,20,0,2,2,1,6
0,9,23.0,167,4,9,0,10,43,1,17
1,2,26.0,3,6,3,0,16,39,3,3
1,2,26.0,3,6,10,1,12,61,1,3
1,2,26.0,3,6,19,2,0,31,0,3
1,2,26.0,3,6,17,0,2,2,1,3
1,4,20.0,115,4,13,1,6,132,4,29
1,4,20.0,115,4,1,1,14,107,0,29
1,4,28.0,218,5,13,1,7,120,4,18
1,2,2.0,143,2,5,1,7,57,4,22
1,2,2.0,143,2,19,0,7,111,1,22
1,2,2.0,143,2,18,0,14,24,1,22
1,2,4.0,254,5,20,1,4,136,4,30
1,2,11.0,297,5,5,0,4,75,0,9
0,7,13.0,238,0,2,1,9,58,4,25
1,2,11.0,297,5,22,0,2,2,1,9
1,2,11.0,297,5,13,1,6,132,1,9
1,2,11.0,297,5,2,0,0,68,0,9
1,2,11.0,297,5,14,2,1,16,3,9
1,2,18.0,7,5,2,0,15,31,1,0
1,2,18.0,7,5,20,0,10,47,2,0
1,2,20.0,264,3,21,1,1,1,0,29
1,2,20.0,264,3,11,0,1,81,2,29
1,2,20.0,264,3,14,0,5,12,0,29
1,2,26.0,3,6,6,0,0,12,3,3
1,2,26.0,3,6,3,0,13,48,4,3
1,2,26.0,3,6,2,0,15,119,3,3
1,2,28.0,257,0,3,0,9,57,0,18
1,2,28.0,257,0,18,0,9,95,1,18
1,2,28.0,257,0,10,1,2,40,1,18
1,2,28.0,257,0,18,0,10,22,2,18
1,0,2.0,47,5,12,0,6,89,1,22
1,2,11.0,297,5,13,0,6,128,1,9
1,2,18.0,7,5,13,1,4,127,1,0
1,2,18.0,7,5,4,1,9,83,4,0
1,2,18.0,7,5,19,1,14,88,4,0
1,2,20.0,264,3,11,1,1,59,1,29
1,2,20.0,264,3,15,1,1,59,1,29
1,2,20.0,264,3,23,1,6,91,4,29
1,2,28.0,257,0,6,0,11,18,1,18
1,2,28.0,257,0,3,1,13,21,4,18
1,2,28.0,257,0,19,0,8,9,3,18
1,2,21.0,108,0,13,0,8,65,2,21
1,0,2.0,47,5,13,0,1,16,4,22
1,0,2.0,47,5,14,1,0,15,2,22
1,0,2.0,47,5,4,0,6,14,2,22
0,11,12.0,118,4,2,0,4,121,0,28
0,6,12.0,162,0,17,3,1,67,3,28
0,11,12.0,118,4,13,0,14,106,2,28
1,0,20.0,172,1,17,0,10,47,2,29
1,0,26.0,14,0,17,1,15,119,0,3
1,0,26.0,14,0,3,1,2,86,4,3
0,2,1.0,16,2,6,1,1,59,4,7
0,2,1.0,16,2,22,0,5,6,1,7
1,0,27.0,23,1,9,1,0,31,0,15
0,7,4.0,186,6,15,0,2,13,1,30
0,8,8.0,76,5,5,1,15,46,1,8
0,10,1.0,208,6,17,1,11,133,4,7
0,2,1.0,16,2,17,1,2,86,1,7
0,2,11.0,297,6,20,0,11,18,1,9
0,2,1.0,16,2,13,0,8,9,1,7
0,4,27.0,274,5,14,1,1,11,4,15
0,2,1.0,16,2,6,0,15,39,3,7
0,2,1.0,16,2,3,0,7,20,4,7
0,2,8.0,258,2,0,1,1,105,4,8
0,2,8.0,258,2,2,0,16,37,1,8
0,2,11.0,297,6,22,0,13,48,0,9
0,4,27.0,274,5,13,0,0,64,0,15
0,2,1.0,16,2,6,0,16,37,1,7
0,2,1.0,16,2,11,0,13,69,1,7
0,2,1.0,16,2,22,0,1,67,1,7
0,2,1.0,16,2,6,2,15,119,3,7
0,2,8.0,258,2,6,0,5,12,3,8
0,2,8.0,258,2,0,2,0,53,3,8
0,2,8.0,258,2,22,0,0,31,3,8
0,2,11.0,297,6,0,1,16,50,2,9
0,2,2.0,143,4,15,1,8,9,4,22
0,7,12.0,181,3,15,0,1,11,4,28
0,2,9.0,21,4,20,0,15,31,3,12
0,2,9.0,21,4,22,0,10,22,1,12
0,2,9.0,21,4,5,0,12,17,2,12
0,2,19.0,137,3,22,0,11,124,3,10
0,2,9.0,21,4,12,0,14,32,3,12
0,2,9.0,21,4,3,0,13,29,0,12
0,2,9.0,21,4,15,0,11,133,3,12
0,1,16.0,2,2,19,2,4,127,0,2
0,1,16.0,2,2,18,0,0,77,1,2
0,1,23.0,69,2,15,0,9,63,3,17
0,8,7.0,70,4,17,3,0,64,1,11
0,8,7.0,70,4,0,1,3,30,0,11
0,8,10.0,71,3,22,0,8,41,4,4
0,8,16.0,73,6,23,0,0,26,1,2
0,3,9.0,44,3,19,1,2,13,0,12
0,3,14.0,33,5,12,0,2,40,1,5
0,11,25.0,88,2,4,0,2,69,4,13
0,11,25.0,88,2,12,1,13,38,0,13
0,11,25.0,88,2,12,1,9,57,0,13
0,8,9.0,124,6,18,0,16,37,4,12
0,5,3.0,161,2,3,0,9,102,2,27
0,1,25.0,65,5,14,1,9,10,4,13
0,4,18.0,26,2,15,2,8,33,3,0
0,4,10.0,79,1,5,1,0,12,0,4
0,4,26.0,80,4,22,0,7,78,2,3
0,2,10.0,28,5,12,0,9,54,1,4
0,2,10.0,28,5,1,0,0,68,4,4
0,2,18.0,7,6,22,0,10,12,2,0
0,3,14.0,33,5,12,2,13,123,3,5
0,3,14.0,33,5,19,0,1,59,1,5
0,7,31.0,43,5,22,3,1,105,0,20
0,7,31.0,43,5,1,0,10,22,0,20
0,3,9.0,44,3,11,0,8,27,1,12
0,3,9.0,44,3,18,0,7,62,0,12
0,3,9.0,44,3,20,1,11,15,1,12
0,3,14.0,33,5,12,0,7,120,3,5
0,3,14.0,33,5,20,1,6,89,4,5
0,3,15.0,35,6,20,1,14,106,4,1
0,7,17.0,95,5,19,0,12,104,2,6
0,3,14.0,33,5,1,0,10,22,1,5
0,3,23.0,57,3,17,0,4,79,0,17
0,4,7.0,133,6,18,0,15,46,1,11
0,4,7.0,133,6,11,1,5,6,0,11
0,8,27.0,78,2,8,1,10,47,2,15
0,2,10.0,28,5,4,1,14,25,0,4
0,7,8.0,94,2,11,0,16,37,1,8
0,4,16.0,25,0,4,0,2,92,1,2
0,4,18.0,26,2,8,0,13,48,1,0
0,8,16.0,73,6,4,1,10,47,2,2
0,3,23.0,57,3,4,0,16,108,3,17
0,3,23.0,57,3,4,0,9,54,1,17
0,3,23.0,57,3,14,1,8,33,0,17
0,5,14.0,36,3,20,0,6,132,3,5
0,5,14.0,36,3,17,1,2,60,1,5
1,0,27.0,23,1,6,0,4,127,4,15
0,11,9.0,311,0,5,1,8,19,4,12
0,7,4.0,186,6,8,2,14,88,3,30
0,8,8.0,76,5,1,0,1,1,3,8
0,2,16.0,220,4,5,2,14,88,0,2
0,5,3.0,161,2,8,0,8,41,1,27
0,2,19.0,137,3,22,0,2,92,4,10
0,8,17.0,74,3,3,3,8,27,4,6
0,8,17.0,74,3,18,0,9,10,4,6
0,7,11.0,197,6,17,0,0,85,1,9
0,11,9.0,311,0,8,0,11,18,3,12
0,2,16.0,220,4,3,0,2,69,4,2
0,8,8.0,76,5,4,0,7,78,3,8
0,2,19.0,137,3,5,1,14,97,4,10
0,7,4.0,186,6,1,0,13,29,0,30
0,5,3.0,161,2,18,0,2,2,3,27
0,8,17.0,74,3,19,0,1,11,1,6
0,11,9.0,311,0,15,1,2,2,1,12
0,7,28.0,34,1,8,3,9,95,0,18
0,2,16.0,220,4,3,2,5,6,0,2
0,8,19.0,280,1,16,0,10,52,1,10
0,2,19.0,137,3,3,1,3,30,1,10
0,7,11.0,197,6,4,0,14,34,3,9
0,2,2.0,143,4,1,0,3,30,4,22
0,8,16.0,73,6,8,0,4,82,2,2
1,6,28.0,309,1,18,0,14,25,3,18
0,11,21.0,192,6,9,0,6,128,3,21
0,2,19.0,137,3,12,0,14,25,2,10
0,8,19.0,280,1,21,1,6,7,0,10
0,8,19.0,280,1,19,1,0,85,4,10
0,8,26.0,278,1,21,0,16,74,1,3
0,8,26.0,278,1,1,0,15,119,3,3
0,4,8.0,292,3,16,0,10,22,1,8
0,4,8.0,292,3,1,0,2,86,3,8
0,4,27.0,274,5,5,0,14,107,1,15
0,4,27.0,274,5,5,0,14,34,2,15
0,4,27.0,274,5,8,0,13,29,1,15
0,4,27.0,274,5,13,1,13,48,4,15
0,2,1.0,16,2,17,2,6,91,3,7
0,2,1.0,16,2,16,0,0,77,0,7
0,1,21.0,45,0,9,1,10,23,1,21
0,3,12.0,104,2,20,0,16,72,1,28
0,7,4.0,186,6,3,0,11,15,2,30
0,3,3.0,182,0,19,1,3,79,4,27
0,3,3.0,182,0,17,1,11,133,4,27
0,3,2.0,120,3,11,0,2,2,2,22
0,5,28.0,259,3,11,1,1,35,4,18
0,5,4.0,114,4,6,0,2,92,3,30
1,0,27.0,23,1,17,0,14,106,1,15
0,11,10.0,360,1,16,0,8,27,4,4
0,11,11.0,175,2,18,1,13,38,1,9
1,5,25.0,350,2,11,0,9,87,2,13
1,1,9.0,50,1,17,0,9,101,1,12
1,6,10.0,149,5,4,3,2,13,0,4
1,5,27.0,328,5,18,0,13,48,1,15
0,8,9.0,124,6,3,1,13,38,4,12
0,10,15.0,60,6,9,3,13,28,3,1
0,8,1.0,66,5,8,0,13,48,3,7
0,8,1.0,66,5,9,3,9,134,4,7
0,7,6.0,93,0,17,0,15,39,1,23
0,7,6.0,93,0,15,1,1,16,4,23
0,7,6.0,93,0,11,1,1,35,1,23
0,7,6.0,93,0,11,1,14,131,1,23
0,7,6.0,93,0,3,0,15,31,1,23
0,7,16.0,40,4,8,0,6,7,0,2
0,7,8.0,94,2,9,0,4,4,3,8
0,7,25.0,41,6,17,1,7,57,0,13
0,7,30.0,42,4,16,1,3,76,4,19
0,7,30.0,42,4,2,0,13,38,2,19
0,7,31.0,43,5,0,0,5,64,0,20
0,7,31.0,43,5,12,0,2,40,4,20
0,3,9.0,44,3,15,2,8,33,3,12
0,3,9.0,44,3,23,0,5,6,3,12
0,3,9.0,44,3,12,0,13,38,4,12
0,3,9.0,44,3,2,0,11,117,3,12
0,7,13.0,238,0,20,1,16,74,1,25
0,11,12.0,118,4,3,0,9,101,3,28
0,11,17.0,110,1,21,2,3,76,1,6
0,11,17.0,110,1,16,0,5,64,0,6
0,11,17.0,110,1,7,1,10,47,2,6
0,11,17.0,110,1,1,0,16,74,1,6
0,11,17.0,110,1,1,0,2,13,4,6
0,11,17.0,110,1,1,2,9,49,3,6
0,11,21.0,192,6,13,3,11,94,4,21
0,11,21.0,192,6,9,0,5,64,1,21
0,11,21.0,192,6,18,2,14,106,0,21
0,11,21.0,192,6,18,1,5,6,0,21
0,11,26.0,364,4,11,0,14,25,1,3
0,11,26.0,364,4,12,0,8,9,1,3
0,11,26.0,364,4,20,1,11,98,4,3
0,11,26.0,364,4,22,0,4,45,2,3
0,11,9.0,311,0,5,1,11,55,1,12
0,11,10.0,360,1,17,1,1,67,4,4
0,11,10.0,360,1,0,1,2,86,1,4
0,11,9.0,311,0,15,2,16,113,2,12
0,11,10.0,360,1,12,0,2,69,0,4
0,11,10.0,360,1,18,0,16,37,1,4
0,11,12.0,118,4,5,0,9,93,3,28
0,11,11.0,175,2,16,0,0,12,0,9
0,11,12.0,118,4,10,1,4,82,1,28
0,3,3.0,182,0,22,0,14,34,1,27
0,3,28.0,187,5,1,0,1,67,0,18
0,5,4.0,114,4,12,0,12,17,2,30
1,4,18.0,26,1,20,3,16,42,4,0
0,6,30.0,145,5,3,1,14,106,4,19
1,0,12.0,113,0,12,1,10,22,0,28
1,5,1.0,109,3,17,0,13,69,4,7
0,2,25.0,233,6,17,2,3,44,1,13
0,7,11.0,197,6,9,0,6,116,1,9
0,8,18.0,75,0,9,2,6,89,3,0
1,6,28.0,309,1,18,0,8,19,3,18
0,8,7.0,70,4,5,0,4,79,2,11
0,2,19.0,137,3,13,0,11,18,3,10
0,7,12.0,181,3,0,0,6,132,1,28
0,11,26.0,364,4,0,0,7,20,4,3
0,0,3.0,334,3,11,0,16,50,1,27
0,8,18.0,75,0,13,1,13,48,4,0
0,8,7.0,70,4,1,2,3,79,3,11
0,2,25.0,233,6,4,0,7,137,1,13
0,7,12.0,181,3,20,0,8,33,1,28
0,11,26.0,364,4,3,1,13,38,1,3
0,0,3.0,334,3,3,1,9,57,4,27
1,6,28.0,309,1,4,1,14,25,0,18
0,1,1.0,203,1,18,3,5,0,2,7
0,8,10.0,71,3,20,0,13,69,4,4
0,0,3.0,334,3,16,0,5,6,0,27
0,7,12.0,181,3,5,0,8,27,2,28
0,11,26.0,364,4,4,1,9,109,4,3
0,0,3.0,334,3,3,1,9,93,4,27
0,0,3.0,334,3,13,1,8,41,1,27
0,0,3.0,334,3,9,1,15,108,4,27
0,0,10.0,129,3,17,0,1,81,1,4
0,0,10.0,129,3,11,1,13,38,4,4
0,0,25.0,281,0,0,0,7,120,3,13
0,0,25.0,281,0,23,1,10,23,1,13
0,0,28.0,249,4,16,0,1,11,4,18
0,6,19.0,291,0,8,0,14,106,2,10
0,5,10.0,155,2,17,1,7,111,4,4
0,6,21.0,193,2,15,1,5,6,0,21
0,1,14.0,183,0,12,1,2,2,0,5
0,9,12.0,177,3,2,0,5,6,2,28
0,6,30.0,145,5,19,0,9,101,3,19
0,9,18.0,359,6,13,1,14,126,4,0
0,9,21.0,362,1,19,0,10,47,1,21
0,11,26.0,364,4,9,2,10,6,0,3
0,9,3.0,217,5,3,0,8,19,0,27
0,9,3.0,217,5,19,1,14,24,1,27
0,9,3.0,217,5,3,1,12,135,1,27
0,9,10.0,156,5,11,1,1,81,4,4
0,9,12.0,177,3,8,0,16,50,1,28
0,9,12.0,177,3,1,0,5,12,2,28
0,9,12.0,177,3,14,2,6,128,0,28
1,0,12.0,113,0,17,1,0,26,0,28
0,6,22.0,185,4,15,1,0,53,1,26
0,6,30.0,145,5,14,0,10,47,1,19
0,1,11.0,111,5,15,1,14,34,1,9
0,7,11.0,197,6,6,0,13,36,4,9
0,8,4.0,299,0,12,1,1,35,4,30
0,8,13.0,189,2,3,0,13,36,1,25
0,8,13.0,189,2,9,0,0,77,1,25
0,9,21.0,362,1,10,0,4,136,4,21
0,11,12.0,118,4,23,0,8,27,4,28
0,11,21.0,192,6,2,0,10,47,2,21
0,11,26.0,364,4,19,0,2,13,4,3
0,11,26.0,364,4,10,1,3,103,4,3
0,9,3.0,217,5,22,1,9,49,1,27
0,9,10.0,156,5,15,1,1,81,4,4
0,9,10.0,156,5,14,0,0,77,1,4
0,9,10.0,156,5,10,1,2,71,4,4
0,9,12.0,177,3,7,0,13,29,4,28
0,9,12.0,177,3,22,0,14,25,2,28
0,9,12.0,177,3,1,0,4,75,1,28
0,7,27.0,53,0,19,1,13,48,0,15
1,11,1.0,222,6,3,0,8,27,4,7
0,8,22.0,354,5,15,2,15,46,0,26
0,7,29.0,268,2,8,1,9,109,4,16
0,8,16.0,73,6,15,1,2,71,4,2
0,8,16.0,73,6,19,1,12,56,4,2
0,8,16.0,73,6,1,0,5,6,3,2
0,8,17.0,74,3,16,2,5,6,3,6
0,8,15.0,72,5,23,1,11,55,4,1
0,8,16.0,73,6,13,1,4,4,1,2
0,8,18.0,75,0,0,1,5,6,0,0
0,8,24.0,85,3,6,0,13,29,1,14
0,8,24.0,85,3,15,0,11,98,2,14
0,8,25.0,86,0,14,1,9,10,4,13
0,4,25.0,20,2,1,0,9,134,2,13
0,9,24.0,272,5,1,0,7,120,4,14
0,7,9.0,273,4,7,1,10,23,1,12
0,7,9.0,273,4,11,1,12,56,4,12
0,4,17.0,19,1,20,3,4,75,0,6
0,4,17.0,19,1,18,0,2,2,4,6
0,4,19.0,142,4,15,0,14,25,1,10
0,4,19.0,142,4,13,0,14,126,1,10
0,4,25.0,20,2,6,0,14,34,1,13
0,4,1.0,144,3,13,2,0,26,1,7
0,0,28.0,249,4,11,0,4,136,4,18
0,8,19.0,280,1,19,0,5,6,1,10
0,8,26.0,278,1,11,1,3,79,1,3
0,8,26.0,278,1,19,0,4,4,1,3
0,8,26.0,278,1,14,0,15,85,1,3
0,4,8.0,292,3,22,1,1,35,4,8
0,4,8.0,292,3,13,0,11,15,0,8
0,4,27.0,274,5,23,0,10,52,1,15
0,4,27.0,274,5,15,1,2,123,0,15
0,2,1.0,16,2,0,0,12,80,0,7
0,2,1.0,16,2,12,0,2,40,3,7
1,0,6.0,260,1,4,0,16,42,1,23
0,3,26.0,343,2,9,1,14,125,4,3
0,8,17.0,74,3,15,0,3,115,4,6
0,8,10.0,71,3,7,1,5,6,0,4
0,9,21.0,362,1,8,2,10,47,0,21
0,8,7.0,70,4,9,3,13,123,3,11
0,8,5.0,101,1,19,3,6,7,3,24
0,7,12.0,181,3,13,2,0,77,3,28
0,8,18.0,75,0,4,1,5,12,1,0
0,9,27.0,179,0,19,2,6,89,1,15
0,8,10.0,71,3,15,0,10,47,2,4
0,8,23.0,102,6,19,1,11,55,1,17
0,7,11.0,197,6,15,0,15,119,2,9
0,8,18.0,75,0,14,1,7,122,4,0
0,3,2.0,120,3,21,1,0,12,0,22
0,8,10.0,71,3,14,0,6,91,1,4
0,8,30.0,103,6,12,2,8,27,3,19
0,7,13.0,238,0,19,0,15,37,0,25
0,8,25.0,86,0,6,0,10,47,2,13
0,3,2.0,120,3,11,0,2,60,2,22
0,8,15.0,72,5,11,1,16,42,1,1
0,8,30.0,103,6,9,0,8,118,1,19
0,7,13.0,238,0,14,0,8,9,1,25
0,5,23.0,168,1,17,0,7,78,3,17
1,4,28.0,218,5,3,0,9,95,2,18
0,10,4.0,356,1,17,0,5,6,0,30
0,5,4.0,114,4,5,2,10,6,3,30
0,5,13.0,184,6,8,0,0,77,3,25
0,6,12.0,162,0,14,0,13,38,2,28
1,2,2.0,143,2,13,1,0,77,1,22
0,9,12.0,177,3,2,0,1,35,2,28
0,1,14.0,183,0,8,1,4,79,0,5
0,1,14.0,183,0,13,1,13,48,1,5
0,11,10.0,360,1,12,0,2,86,1,4
0,2,11.0,297,6,1,0,1,11,4,9
0,5,7.0,349,3,4,0,16,139,2,11
0,2,16.0,220,4,16,1,14,32,0,2
0,2,16.0,220,4,7,0,15,39,1,2
0,2,16.0,220,4,2,0,8,118,0,2
0,2,19.0,137,3,4,0,13,28,3,10
0,2,19.0,137,3,1,0,2,69,3,10
0,2,19.0,137,3,8,2,13,69,2,10
0,2,16.0,220,4,2,1,16,50,4,2
0,0,3.0,334,3,23,1,10,43,1,27
0,0,10.0,129,3,17,0,8,41,1,4
0,0,10.0,129,3,23,0,14,34,1,4
0,0,10.0,129,3,2,1,4,4,1,4
0,0,25.0,281,0,18,0,8,27,1,13
0,9,3.0,217,5,13,2,2,92,3,27
0,0,28.0,249,4,21,0,5,12,3,18
0,0,28.0,249,4,17,1,1,67,0,18
0,2,11.0,297,6,2,0,2,2,1,9
0,2,16.0,220,4,21,1,14,32,0,2
0,2,16.0,220,4,11,0,10,52,1,2
0,2,16.0,220,4,8,2,4,82,3,2
0,2,16.0,220,4,19,0,2,69,0,2
0,2,16.0,220,4,14,0,10,22,1,2
0,2,23.0,230,4,9,1,8,27,0,17
0,2,23.0,230,4,2,0,6,89,2,17
1,0,1.0,8,4,9,0,14,126,1,7
0,3,1.0,180,6,1,0,2,86,1,7
0,3,1.0,180,6,8,0,11,15,2,7
0,8,16.0,73,6,15,0,12,17,1,2
0,8,16.0,73,6,8,0,5,6,2,2
0,8,17.0,74,3,17,2,10,47,3,6
0,8,17.0,74,3,7,0,10,22,3,6
0,8,17.0,74,3,13,1,16,72,1,6
0,8,18.0,75,0,8,0,5,12,3,0
0,8,18.0,75,0,7,1,12,56,0,0
0,8,18.0,75,0,2,0,8,41,3,0
0,1,1.0,203,1,1,0,10,47,0,7
0,8,7.0,70,4,14,3,16,65,4,11
0,4,19.0,142,4,3,1,16,72,4,10
0,7,24.0,68,5,5,1,16,50,1,14
0,8,18.0,75,0,4,0,8,9,0,0
0,8,10.0,71,3,8,0,7,57,3,4
0,2,24.0,22,5,17,0,13,28,1,14
0,3,16.0,263,3,3,0,0,26,1,2
0,5,23.0,168,1,1,1,14,25,1,17
0,5,9.0,206,1,14,1,14,25,1,12
0,0,9.0,48,6,17,1,9,54,2,12
0,2,24.0,22,5,8,2,8,33,3,14
0,2,26.0,3,3,11,0,2,2,3,3
0,2,26.0,3,3,13,0,6,128,1,3
0,2,26.0,3,3,1,2,7,120,3,3
0,7,13.0,238,0,2,1,14,24,0,25
0,11,21.0,192,6,23,0,10,12,3,21
0,11,21.0,192,6,11,0,8,33,2,21
0,11,21.0,192,6,14,0,2,40,1,21
0,11,21.0,192,6,9,2,6,73,0,21
0,11,26.0,364,4,15,1,2,86,1,3
0,11,26.0,364,4,13,1,0,26,1,3
0,11,26.0,364,4,9,1,8,27,0,3
0,9,10.0,156,5,13,1,9,63,2,4
0,9,12.0,177,3,13,0,1,11,4,28
0,9,18.0,359,6,23,0,11,15,1,0
0,9,18.0,359,6,5,2,6,128,0,0
0,9,19.0,234,3,10,1,11,133,0,10
0,9,21.0,362,1,12,0,0,26,0,21
0,9,20.0,119,0,0,1,3,70,0,29
0,9,20.0,119,0,8,1,12,100,4,29
0,9,19.0,234,3,20,1,15,39,1,10
0,9,21.0,362,1,14,0,2,2,1,21
0,9,18.0,359,6,15,2,1,59,3,0
0,6,21.0,193,2,15,1,5,6,0,21
0,8,4.0,299,0,22,1,9,10,4,30
0,11,12.0,118,4,8,1,2,69,4,28
0,8,15.0,72,5,22,0,1,11,2,1
0,4,31.0,67,1,5,2,14,25,2,20
0,7,13.0,238,0,9,2,5,6,0,25
0,8,25.0,86,0,13,0,2,60,2,13
0,9,10.0,156,5,10,1,0,31,1,4
0,8,15.0,72,5,13,1,1,1,4,1
0,8,15.0,72,5,12,0,11,117,1,1
0,8,16.0,73,6,10,1,0,12,0,2
0,8,17.0,74,3,13,0,9,87,3,6
0,8,16.0,73,6,8,3,12,83,0,2
0,8,17.0,74,3,13,1,14,131,1,6
0,8,17.0,74,3,19,0,11,8,1,6
0,8,18.0,75,0,16,0,16,74,3,0
0,8,18.0,75,0,17,0,0,0,0,0
0,0,3.0,334,3,14,0,2,2,1,27
0,0,10.0,129,3,20,0,2,3,3,4
0,0,10.0,129,3,11,0,2,86,0,4
0,0,10.0,129,3,22,0,1,1,1,4
0,10,25.0,56,1,12,0,13,69,2,13
0,10,25.0,56,1,4,0,9,49,4,13
0,1,2.0,171,2,6,0,7,137,1,22
0,8,18.0,75,0,3,2,6,7,3,0
1,0,24.0,55,6,17,0,13,48,4,14
0,1,2.0,171,2,0,0,5,12,3,22
0,1,2.0,171,2,13,0,3,79,3,22
0,1,2.0,171,2,5,1,10,23,1,22
0,1,26.0,248,6,17,0,14,107,1,3
0,1,26.0,248,6,16,1,5,64,0,3
0,1,27.0,262,3,3,1,0,31,4,15
0,5,17.0,212,2,17,2,15,51,1,6
0,9,17.0,255,5,9,1,2,60,2,6
0,8,8.0,76,5,16,2,10,47,3,8
0,8,8.0,76,5,3,0,10,12,0,8
0,8,8.0,76,5,0,0,4,75,1,8
0,8,17.0,74,3,19,1,10,22,0,6
0,8,17.0,74,3,19,1,14,34,0,6
0,8,17.0,74,3,9,0,1,105,0,6
0,8,18.0,75,0,5,1,13,38,1,0
0,9,7.0,271,1,15,0,4,75,1,11
0,4,25.0,20,2,15,0,9,102,1,13
0,4,25.0,20,2,2,3,11,15,0,13
0,2,2.0,143,4,6,1,9,27,0,22
0,2,2.0,143,4,22,2,2,2,1,22
0,2,2.0,143,4,1,0,5,12,1,22
0,2,9.0,21,4,22,1,11,18,1,12
0,2,9.0,21,4,13,0,4,82,2,12
0,2,9.0,21,4,20,1,12,135,4,12
0,2,9.0,21,4,19,1,12,56,4,12
0,2,9.0,21,4,9,2,6,14,3,12
0,2,24.0,22,5,3,1,2,2,4,14
0,2,24.0,22,5,15,1,3,79,4,14
0,2,24.0,22,5,15,0,4,45,3,14
0,2,24.0,22,5,19,2,13,38,2,14
0,2,26.0,3,3,0,0,16,39,1,3
0,2,26.0,3,3,11,0,9,54,1,3
0,7,27.0,53,0,12,2,8,118,0,15
0,5,12.0,327,5,15,1,10,47,1,28
0,5,12.0,327,5,15,1,9,9,4,28
0,5,27.0,328,6,17,1,12,80,0,15
0,6,29.0,335,4,14,1,3,44,4,16
0,6,29.0,335,4,19,0,6,7,4,16
0,3,23.0,57,3,3,1,16,74,4,17
0,5,14.0,36,3,11,0,12,61,3,5
0,5,14.0,36,3,20,0,2,69,1,5
0,0,1.0,8,5,11,0,16,50,2,7
0,0,1.0,8,5,9,1,1,67,0,7
0,0,17.0,12,3,9,1,14,126,4,6
0,6,8.0,59,4,10,0,4,79,2,8
0,6,8.0,59,4,1,0,1,16,2,8
0,7,25.0,41,6,17,2,13,36,3,13
0,7,25.0,41,6,8,0,5,64,1,13
0,7,25.0,41,6,20,1,10,43,0,13
0,7,30.0,42,4,17,1,5,12,0,19
0,7,30.0,42,4,7,0,4,75,1,19
0,7,31.0,43,5,6,0,4,5,3,20
0,7,31.0,43,5,17,0,2,86,3,20
0,7,31.0,43,5,17,1,13,29,0,20
0,7,31.0,43,5,5,0,1,1,2,20
0,7,31.0,43,5,5,2,13,29,3,20
0,3,9.0,44,3,2,0,4,4,1,12
0,3,9.0,44,3,8,0,8,9,1,12
0,9,10.0,156,5,10,0,10,22,2,4
0,8,25.0,86,0,22,0,3,30,0,13
0,7,18.0,154,6,19,0,15,112,1,0
0,11,1.0,222,3,17,0,13,36,1,7
0,2,13.0,276,0,4,1,13,28,0,25
0,2,13.0,276,0,8,1,2,60,2,25
0,8,30.0,103,6,17,1,6,89,1,19
0,0,20.0,172,2,8,1,16,50,2,29
0,8,9.0,124,6,18,0,10,23,2,12
0,10,15.0,60,6,17,3,3,79,0,1
0,8,1.0,66,5,17,1,7,137,4,7
0,4,26.0,80,4,13,0,7,20,2,3
0,4,26.0,80,4,19,0,1,11,1,3
0,4,24.0,27,1,8,1,6,7,0,14
0,7,30.0,42,4,5,0,15,46,2,19
0,7,30.0,42,4,3,0,2,86,2,19
0,7,31.0,43,5,3,0,2,2,0,20
0,7,31.0,43,5,9,0,4,5,1,20
0,7,31.0,43,5,13,1,1,105,4,20
0,7,31.0,43,5,14,1,4,4,1,20
0,3,9.0,44,3,17,0,6,89,4,12
0,3,9.0,44,3,9,0,2,86,4,12
0,3,14.0,33,5,0,0,1,59,3,5
0,3,14.0,33,5,9,2,13,48,3,5
0,3,15.0,35,6,6,2,2,40,1,1
0,3,15.0,35,6,15,0,9,102,2,1
0,3,15.0,35,6,12,0,2,2,4,1
0,3,15.0,35,6,19,2,15,114,3,1
0,3,15.0,35,6,14,0,5,12,0,1
0,3,15.0,35,6,19,0,15,46,3,1
0,3,23.0,57,3,7,0,2,13,4,17
0,4,2.0,141,0,11,0,10,23,1,22
0,4,2.0,141,0,20,0,15,31,1,22
0,4,9.0,18,0,3,2,13,69,2,12
0,4,9.0,18,0,3,1,2,3,4,12
0,4,17.0,19,1,14,0,10,12,1,6
0,4,17.0,19,1,4,0,9,102,1,6
0,4,19.0,142,4,19,0,10,12,0,10
0,4,19.0,142,4,14,2,9,49,3,10
0,4,25.0,20,2,16,0,1,11,4,13
0,4,25.0,20,2,21,2,14,106,4,13
0,4,25.0,20,2,7,1,6,7,0,13
0,2,2.0,143,4,5,0,5,64,3,22
0,8,18.0,75,0,8,2,8,9,3,0
0,2,2.0,143,4,15,0,4,5,0,22
0,2,2.0,143,4,14,0,10,22,3,22
0,7,5.0,204,3,2,2,2,2,3,24
0,0,2.0,47,6,9,1,2,2,2,22
0,0,9.0,48,6,12,1,12,84,2,12
0,0,9.0,48,6,1,0,2,2,1,12
0,7,18.0,154,6,15,3,10,47,3,0
0,6,12.0,162,0,18,0,14,131,1,28
0,1,4.0,286,5,12,3,9,10,0,30
0,6,27.0,116,1,20,3,12,56,1,15
0,9,20.0,119,0,19,0,7,111,1,29
0,9,21.0,362,1,1,0,13,29,1,21
0,10,19.0,117,2,13,0,7,20,1,10
0,1,29.0,112,1,13,0,10,22,1,16
0,2,7.0,153,1,16,1,12,135,4,11
0,9,12.0,177,3,18,2,16,50,3,28
0,9,18.0,359,6,12,0,8,41,1,0
0,9,18.0,359,6,4,0,2,2,1,0
0,9,19.0,234,3,0,1,2,92,0,10
0,9,20.0,119,0,14,0,11,98,3,29
0,9,20.0,119,0,0,1,3,70,0,29
0,9,20.0,119,0,2,2,3,30,0,29
0,9,21.0,362,1,13,0,10,22,0,21
0,9,19.0,234,3,19,1,14,107,4,10
0,9,20.0,119,0,15,0,10,52,1,29
0,9,21.0,362,1,22,0,16,42,1,21
0,9,21.0,362,1,7,2,12,84,3,21
0,8,3.0,363,3,2,1,13,28,1,27
0,10,31.0,135,0,19,0,5,6,1,20
0,1,14.0,183,0,8,0,0,15,4,5
0,9,21.0,362,1,20,0,10,52,0,21
0,9,27.0,179,0,2,2,3,30,0,15
0,9,27.0,179,0,1,0,8,19,4,15
0,7,2.0,160,4,13,2,10,47,0,22
0,7,2.0,160,4,21,1,4,4,0,22
0,9,18.0,359,6,1,1,6,128,1,0
0,7,2.0,160,4,4,0,15,51,1,22
0,9,10.0,156,5,9,0,13,38,3,4
0,4,1.0,144,3,20,0,5,12,3,7
0,2,16.0,220,4,18,0,8,9,1,2
0,2,19.0,137,3,7,0,2,40,1,10
0,4,1.0,144,3,12,0,15,119,3,7
0,4,1.0,144,3,11,0,6,14,4,7
0,7,18.0,154,6,2,0,6,7,3,0
0,8,7.0,70,4,12,0,11,133,2,11
0,2,19.0,137,3,5,0,0,68,1,10
0,7,18.0,154,6,9,2,0,68,3,0
0,8,7.0,70,4,9,0,0,53,3,11
0,2,19.0,137,3,19,0,10,52,3,10
0,7,28.0,34,1,6,0,11,47,3,18
0,8,15.0,72,5,5,0,6,7,2,1
0,2,19.0,137,3,13,1,11,18,0,10
0,3,26.0,343,2,1,1,9,109,4,3
0,2,25.0,233,6,7,1,0,53,0,13
0,2,25.0,233,6,10,1,10,22,0,13
0,2,25.0,233,6,8,2,0,0,0,13
0,0,3.0,334,3,8,0,2,2,1,27
0,0,3.0,334,3,14,0,13,48,1,27
0,0,10.0,129,3,12,1,2,40,1,4
0,0,3.0,334,3,19,0,14,107,1,27
0,0,25.0,281,0,10,0,10,43,4,13
0,0,25.0,281,0,12,0,3,103,1,13
0,0,25.0,281,0,22,1,14,24,4,13
0,10,9.0,150,3,18,0,3,70,3,12
0,10,10.0,245,0,18,2,15,46,3,4
0,10,16.0,201,3,23,0,10,22,3,2
0,10,16.0,201,3,9,2,2,2,3,2
0,2,26.0,3,3,16,0,5,64,2,3
0,0,2.0,47,6,15,2,1,59,3,22
0,0,2.0,47,6,15,1,15,114,1,22
0,0,2.0,47,6,2,1,4,138,4,22
0,0,2.0,47,6,6,1,0,68,0,22
0,0,2.0,47,6,9,0,15,46,4,22
0,0,9.0,48,6,6,1,9,27,0,12
0,0,9.0,48,6,21,0,6,89,3,12
0,0,9.0,48,6,12,0,4,79,1,12
0,0,18.0,0,0,0,1,5,6,0,0
0,0,18.0,0,0,22,0,13,48,3,0
0,8,10.0,71,3,21,1,9,27,0,4
0,8,15.0,72,5,1,0,7,20,4,1
0,8,15.0,72,5,23,1,4,66,4,1
0,8,15.0,72,5,18,0,8,118,1,1
0,8,15.0,72,5,18,1,14,25,1,1
0,8,15.0,72,5,18,1,1,105,0,1
0,8,16.0,73,6,4,0,3,115,1,2
0,7,16.0,40,4,22,0,13,13,3,2
0,7,16.0,40,4,3,0,2,86,0,2
0,7,16.0,40,4,14,2,12,121,3,2
0,7,16.0,40,4,4,0,13,28,3,2
0,7,16.0,40,4,14,2,14,34,0,2
0,7,16.0,40,4,11,1,12,80,4,2
0,7,16.0,40,4,8,0,3,76,1,2
0,7,17.0,95,5,9,2,9,93,3,6
0,7,25.0,41,6,15,1,12,84,4,13
0,11,23.0,232,0,12,3,12,121,0,17
0,6,25.0,39,3,8,1,11,98,4,13
0,10,15.0,60,6,23,1,12,121,0,1
0,8,1.0,66,5,3,0,2,40,1,7
0,8,1.0,66,5,1,0,10,47,2,7
0,4,16.0,25,0,11,1,12,56,4,2
0,7,25.0,41,6,5,1,12,80,4,13
0,7,25.0,41,6,3,0,9,54,3,13
0,7,30.0,42,4,11,1,6,73,1,19
0,7,30.0,42,4,12,0,2,2,1,19
0,9,12.0,177,3,20,0,16,72,0,28
0,9,12.0,177,3,22,0,0,77,1,28
0,9,18.0,359,6,16,0,0,64,1,0
0,9,18.0,359,6,0,0,2,92,1,0
0,9,18.0,359,6,15,0,5,6,0,0
1,0,29.0,191,4,5,0,13,38,0,16
1,0,29.0,191,4,2,0,9,95,2,16
1,0,29.0,191,4,12,3,9,10,4,16
1,0,29.0,191,4,20,1,12,61,4,16
0,11,9.0,311,0,13,1,7,20,2,12
0,11,9.0,311,0,1,0,2,123,4,12
0,11,10.0,360,1,7,1,14,25,0,4
0,11,10.0,360,1,5,0,9,63,4,4
0,11,12.0,118,4,23,1,6,132,1,28
0,11,21.0,192,6,18,1,5,6,0,21
0,9,3.0,217,5,8,2,1,11,3,27
0,9,3.0,217,5,19,0,9,57,0,27
0,9,3.0,217,5,1,0,5,12,0,27
0,8,16.0,73,6,2,1,9,63,1,2
0,8,15.0,72,5,2,2,4,70,3,1
0,8,16.0,73,6,13,0,1,59,4,2
0,7,28.0,34,1,2,0,13,99,3,18
0,3,1.0,180,6,17,2,2,92,0,7
0,3,2.0,120,3,20,1,13,21,1,22
0,7,19.0,330,3,11,1,7,137,4,10
0,7,4.0,186,6,19,0,16,50,0,30
0,7,29.0,268,2,20,0,12,104,1,16
1,11,1.0,222,6,17,0,9,63,4,7
0,5,12.0,327,5,12,0,8,41,2,28
0,5,12.0,327,5,18,2,12,100,3,28
0,5,12.0,327,5,4,3,4,45,3,28
0,5,11.0,326,4,13,0,7,120,2,9
0,5,12.0,327,5,8,2,12,61,3,28
0,10,13.0,346,4,19,2,2,69,0,25
0,8,23.0,102,6,18,1,13,38,4,17
0,8,23.0,102,6,9,0,2,92,3,17
0,8,30.0,103,6,17,0,1,16,2,19
0,8,6.0,87,2,9,0,11,98,4,23
0,4,5.0,235,4,13,2,8,9,0,24
0,10,18.0,246,1,17,0,14,34,4,0
0,10,18.0,246,1,23,0,12,61,4,0
0,10,18.0,246,1,3,0,2,69,2,0
0,10,23.0,247,3,5,0,0,85,3,17
0,10,23.0,247,3,14,0,16,72,3,17
0,10,25.0,56,1,5,0,15,119,3,13
0,10,25.0,56,1,16,2,10,22,3,13
0,10,25.0,56,1,18,2,6,7,3,13
0,1,2.0,171,2,16,0,3,30,0,22
0,1,2.0,171,2,11,0,8,118,1,22
0,1,2.0,171,2,12,2,13,29,4,22
0,1,27.0,262,3,15,0,7,111,2,15
0,1,27.0,262,3,3,3,6,7,0,15
0,1,27.0,262,3,15,0,13,99,3,15
0,1,27.0,262,3,9,0,1,59,1,15
0,8,2.0,77,6,1,0,9,9,1,22
0,8,8.0,76,5,3,1,1,105,4,8
0,8,19.0,280,1,21,2,5,12,3,10
0,2,11.0,297,6,0,1,0,26,1,9
0,7,31.0,43,5,17,0,7,78,4,20
0,7,6.0,93,0,16,0,14,107,0,23
0,7,6.0,93,0,23,0,2,13,1,23
0,7,6.0,93,0,1,0,9,101,1,23
0,7,8.0,94,2,2,0,7,78,1,8
0,7,8.0,94,2,14,1,4,127,4,8
0,7,8.0,94,2,8,0,14,32,3,8
0,7,16.0,40,4,17,0,6,7,3,2
0,7,16.0,40,4,2,2,10,47,3,2
0,7,16.0,40,4,12,1,3,70,4,2
0,7,17.0,95,5,5,0,5,6,3,6
0,7,17.0,95,5,5,0,0,96,1,6
0,7,17.0,95,5,2,0,8,41,4,6
0,7,17.0,95,5,9,0,14,131,1,6
0,7,17.0,95,5,11,1,12,121,4,6
0,7,25.0,41,6,8,1,13,36,1,13
0,1,25.0,65,5,13,1,2,71,4,13
0,8,1.0,66,5,9,1,13,99,1,7
0,10,5.0,336,2,13,0,0,77,2,24
0,7,3.0,269,5,1,1,1,81,4,27
0,7,29.0,268,2,3,0,15,46,3,16
0,8,22.0,354,5,17,1,10,47,0,26
0,2,15.0,130,2,9,2,3,30,1,1
0,7,10.0,329,5,2,0,13,13,4,4
0,9,17.0,255,5,19,0,0,26,4,6
0,2,16.0,220,4,5,0,14,106,4,2
0,2,16.0,220,4,20,0,2,2,3,2
0,2,16.0,220,4,13,1,1,105,4,2
0,2,16.0,220,4,13,1,13,123,1,2
0,2,16.0,220,4,7,1,0,12,0,2
0,2,16.0,220,4,1,0,2,2,1,2
0,2,19.0,137,3,16,0,5,6,2,10
0,2,19.0,137,3,22,1,2,2,1,10
0,8,18.0,75,0,9,0,1,1,3,0
0,3,3.0,182,0,6,0,11,122,1,27
0,3,2.0,120,3,14,1,0,85,2,22
0,3,3.0,182,0,8,1,3,103,0,27
0,3,3.0,182,0,3,1,0,0,1,27
0,3,3.0,182,0,9,0,8,19,4,27
0,3,2.0,120,3,18,0,0,15,2,22
0,3,27.0,361,4,6,1,5,64,0,15
0,3,27.0,361,4,3,0,5,12,3,15
0,9,18.0,359,6,13,0,12,80,2,0
0,9,19.0,234,3,2,2,16,50,3,10
0,9,27.0,179,0,22,0,11,133,2,15
0,9,27.0,179,0,19,2,4,4,3,15
0,7,2.0,160,4,11,0,1,16,4,22
0,7,2.0,160,4,22,0,14,25,1,22
0,7,2.0,160,4,1,0,1,11,3,22
0,7,2.0,160,4,15,1,2,13,4,22
0,7,11.0,197,6,8,0,3,70,3,9
0,7,11.0,197,6,12,1,10,47,0,9
0,7,13.0,238,0,22,0,16,37,1,25
0,7,18.0,154,6,7,1,9,95,2,0
0,7,28.0,34,1,6,0,5,12,3,18
0,7,28.0,34,1,16,0,10,47,0,18
0,3,2.0,120,3,16,1,1,35,0,22
0,3,2.0,120,3,3,1,6,116,1,22
0,3,2.0,120,3,13,0,2,60,2,22
0,3,2.0,120,3,12,1,13,99,4,22
0,3,2.0,120,3,18,0,6,126,1,22
0,3,3.0,182,0,6,2,11,133,2,27
0,3,3.0,182,0,3,0,1,59,1,27
0,3,3.0,182,0,14,0,8,27,1,27
0,8,29.0,301,5,17,0,8,9,1,16
0,3,27.0,361,4,19,0,5,6,0,15
0,11,10.0,360,1,2,1,4,66,1,4
0,11,11.0,175,2,21,0,8,27,4,9
0,11,12.0,118,4,22,0,8,41,3,28
0,8,18.0,75,0,19,1,10,23,0,0
0,11,12.0,118,4,22,2,13,28,3,28
0,11,12.0,118,4,4,2,13,69,0,28
0,11,11.0,175,2,17,0,8,9,1,9
0,11,12.0,118,4,18,0,4,79,2,28
0,11,17.0,110,1,0,0,12,84,1,6
0,11,17.0,110,1,12,0,2,40,1,6
0,9,3.0,217,5,10,0,7,57,2,27
0,9,3.0,217,5,12,0,2,86,1,27
0,9,3.0,217,5,20,1,8,33,1,27
0,9,10.0,156,5,1,0,6,73,1,4
0,9,12.0,177,3,20,0,4,75,3,28
0,9,18.0,359,6,18,0,4,75,1,0
0,9,12.0,177,3,12,0,8,41,1,28
0,9,18.0,359,6,6,0,2,40,1,0
0,8,4.0,299,0,9,3,15,31,3,30
0,9,21.0,362,1,6,0,5,12,0,21
0,9,27.0,179,0,4,0,16,50,1,15
0,3,27.0,361,4,22,0,4,5,3,15
0,3,28.0,187,5,17,0,6,132,4,18
0,3,28.0,187,5,5,1,1,16,4,18
0,3,28.0,187,5,8,1,13,28,4,18
0,3,28.0,187,5,4,0,6,89,4,18
0,3,28.0,187,5,13,0,16,50,2,18
1,8,1.0,66,4,17,0,15,112,4,7
0,5,3.0,161,2,6,0,2,86,4,27
0,8,24.0,85,3,7,0,10,22,3,14
0,8,24.0,85,3,5,2,0,68,3,14
0,8,24.0,85,3,20,2,0,68,3,14
0,1,1.0,203,1,9,0,11,117,3,7
0,8,18.0,75,0,2,0,10,47,3,0
0,8,18.0,75,0,18,1,4,5,1,0
0,1,22.0,164,1,17,0,12,17,1,26
1,2,1.0,16,1,17,0,10,12,2,7
1,8,12.0,284,0,11,1,9,109,4,28
0,10,2.0,358,3,12,1,14,125,4,22
0,5,22.0,163,0,2,1,13,38,4,26
0,6,10.0,149,6,19,3,13,48,0,4
0,11,20.0,340,5,12,1,10,52,1,29
0,8,5.0,101,1,8,1,15,46,1,24
0,8,11.0,306,0,14,1,5,6,2,9
0,10,23.0,247,3,7,0,1,1,1,17
0,10,23.0,247,3,9,0,14,32,3,17
0,10,23.0,247,3,1,0,0,26,0,17
0,10,25.0,56,1,5,0,10,22,3,13
0,10,18.0,246,1,17,0,4,79,0,0
0,10,18.0,246,1,21,1,15,119,0,0
0,10,18.0,246,1,10,2,2,2,3,0
0,10,18.0,246,1,15,1,2,60,4,0
0,10,18.0,246,1,14,1,10,23,1,0
0,10,23.0,247,3,0,1,9,87,0,17
0,10,23.0,247,3,22,3,11,133,0,17
0,10,25.0,56,1,17,0,16,72,1,13
0,10,25.0,56,1,11,0,9,95,2,13
0,1,2.0,171,2,20,0,9,102,1,22
0,1,2.0,171,2,0,0,5,12,0,22
0,8,2.0,77,6,14,0,4,79,2,22
0,8,8.0,76,5,18,0,14,131,1,8
0,8,8.0,76,5,12,0,1,105,4,8
0,8,19.0,280,1,1,0,13,21,3,10
0,4,8.0,292,3,23,0,5,6,0,8
0,8,25.0,86,0,9,2,0,68,3,13
0,9,6.0,51,0,14,1,0,12,0,23
0,8,24.0,85,3,20,2,16,113,3,14
0,8,24.0,85,3,18,2,10,47,2,14
0,8,24.0,85,3,19,1,9,109,0,14
0,1,1.0,203,1,13,0,12,61,1,7
0,4,1.0,144,3,2,1,13,38,1,7
0,4,2.0,141,0,1,0,9,49,1,22
0,8,17.0,74,3,22,1,10,47,1,6
0,4,9.0,18,0,5,0,10,47,1,12
0,4,17.0,19,1,17,0,3,30,3,6
0,4,17.0,19,1,21,1,2,86,0,6
0,4,17.0,19,1,5,0,15,51,1,6
0,8,16.0,73,6,11,2,9,54,1,2
0,8,25.0,86,0,19,1,15,119,0,13
0,4,17.0,19,1,5,0,15,51,1,6
0,4,19.0,142,4,21,2,10,52,3,10
0,4,19.0,142,4,2,0,13,36,1,10
0,4,19.0,142,4,8,0,8,41,0,10
0,4,25.0,20,2,0,0,0,12,0,13
0,4,25.0,20,2,3,0,2,2,1,13
0,2,2.0,143,4,13,0,6,73,0,22
0,4,8.0,292,3,23,0,13,99,4,8
0,4,8.0,292,3,4,0,8,41,3,8
0,4,27.0,274,5,17,0,4,121,1,15
0,4,27.0,274,5,3,1,16,42,4,15
0,4,27.0,274,5,23,1,16,139,4,15
0,10,25.0,56,1,13,2,7,120,0,13
0,10,25.0,56,1,0,1,13,28,0,13
0,10,25.0,56,1,8,0,1,11,1,13
0,1,2.0,171,2,7,0,11,15,1,22
0,1,2.0,171,2,12,0,5,12,3,22
0,1,2.0,171,2,19,0,1,11,4,22
0,1,2.0,171,2,12,0,15,46,3,22
0,1,2.0,171,2,13,3,10,12,0,22
0,1,2.0,171,2,13,0,2,2,3,22
0,1,26.0,248,6,16,1,5,64,0,3
0,1,26.0,248,6,23,1,2,2,4,3
0,1,27.0,262,3,1,3,2,2,3,15
0,8,2.0,77,6,14,0,8,9,0,22
0,8,19.0,280,1,23,3,14,88,4,10
1,8,28.0,224,2,8,0,12,104,3,18
0,8,8.0,76,5,8,0,7,122,2,8
0,4,8.0,292,3,12,1,6,132,0,8
0,8,8.0,76,5,8,2,12,121,3,8
0,3,17.0,54,0,0,0,7,20,3,6
0,3,17.0,54,0,9,0,2,35,3,6
0,10,7.0,243,5,3,3,5,6,0,11
0,6,7.0,169,2,5,1,13,21,0,11
1,2,11.0,297,5,23,0,13,121,3,9
0,6,17.0,244,6,14,0,13,28,0,6
1,4,14.0,345,5,14,2,16,130,3,5
0,7,10.0,329,5,11,3,11,18,1,4
0,3,24.0,357,0,20,0,9,95,4,14
1,2,15.0,130,1,11,3,12,83,4,1
0,3,24.0,357,0,17,1,11,15,0,14
0,3,24.0,357,0,14,0,6,73,4,14
0,3,24.0,357,0,19,0,15,39,4,14
0,3,25.0,347,1,6,0,10,22,1,13
0,3,25.0,347,1,17,2,11,94,3,13
0,3,25.0,347,1,15,0,2,86,4,13
0,3,25.0,347,1,4,0,1,11,4,13
0,3,26.0,343,2,17,1,0,68,0,3
0,3,26.0,343,2,7,1,0,15,0,3
0,3,26.0,343,2,3,1,11,15,0,3
0,3,26.0,343,2,21,1,1,105,0,3
1,4,22.0,152,6,12,3,5,6,0,26
1,4,22.0,152,6,19,1,9,57,0,26
0,3,6.0,303,4,19,1,9,10,4,23
1,10,1.0,208,5,13,3,5,12,0,7
0,7,21.0,81,1,19,1,2,86,4,21
1,8,11.0,306,3,11,3,7,111,0,9
1,4,26.0,80,2,17,0,5,12,0,3
0,3,5.0,324,2,8,0,10,23,0,24
0,9,9.0,320,4,9,0,9,101,2,12
0,9,9.0,320,4,2,1,0,12,0,12
1,4,1.0,144,6,13,0,15,114,1,7
1,0,10.0,129,6,19,3,14,34,4,4
0,5,22.0,163,0,23,3,12,83,4,26
0,10,2.0,358,3,4,1,15,46,4,22
1,2,1.0,16,1,13,0,8,9,3,7
0,5,30.0,294,1,17,1,3,115,4,19
1,4,1.0,144,6,17,0,9,54,1,7
0,7,20.0,266,0,13,0,1,35,4,29
0,5,9.0,206,1,14,0,14,25,3,12
0,5,9.0,206,1,18,0,16,50,1,12
0,5,9.0,206,1,1,3,10,22,3,12
0,5,16.0,239,1,9,0,1,1,3,2
0,5,23.0,168,1,7,1,14,25,0,17
0,5,23.0,168,1,12,0,0,64,4,17
0,5,23.0,168,1,3,0,10,23,1,17
0,6,1.0,158,4,9,0,12,121,3,7
0,6,7.0,169,2,10,0,9,49,1,11
0,6,7.0,169,2,22,0,1,59,4,11
0,6,7.0,169,2,8,0,13,29,3,11
0,11,22.0,250,3,15,0,5,12,0,26
0,11,22.0,250,3,11,1,9,134,4,26
0,9,6.0,51,0,5,0,10,22,2,23
0,9,6.0,51,0,6,0,10,47,3,23
0,9,6.0,51,0,19,0,10,47,3,23
0,9,7.0,271,1,6,1,1,67,0,11
0,9,6.0,51,0,18,1,2,2,0,23
0,9,7.0,271,1,13,0,10,22,1,11
1,0,23.0,237,5,8,1,14,25,0,17
1,4,23.0,30,3,22,0,10,22,3,17
1,4,25.0,20,1,10,0,13,28,2,13
1,4,25.0,20,1,19,0,5,6,1,13
1,4,30.0,139,3,16,2,0,0,3,19
1,4,30.0,139,3,19,0,16,74,1,19
0,9,22.0,92,2,1,1,12,61,1,26
0,7,8.0,94,2,12,1,3,115,4,8
1,10,12.0,333,1,2,3,12,80,4,28
0,9,14.0,106,1,21,0,0,12,1,5
1,4,30.0,139,3,1,0,3,30,1,19
1,4,30.0,139,3,5,1,13,69,1,19
1,2,7.0,153,0,5,1,1,81,4,11
1,2,7.0,153,0,8,0,13,48,0,11
1,2,7.0,153,0,4,1,9,58,4,11
1,2,8.0,258,1,21,0,13,48,3,8
1,2,8.0,258,1,10,2,9,101,3,8
1,2,8.0,258,1,2,2,12,17,3,8
1,2,8.0,258,1,14,1,14,125,4,8
1,2,16.0,220,2,6,1,10,22,1,2
0,5,12.0,327,5,22,1,9,54,1,28
0,7,19.0,330,3,12,1,3,103,4,10
1,4,10.0,79,0,12,3,2,13,0,4
0,6,13.0,317,1,1,1,5,64,0,25
0,9,11.0,52,6,3,2,9,134,1,9
0,9,11.0,52,6,18,0,0,53,1,9
0,1,6.0,97,3,8,1,4,5,1,23
0,3,26.0,343,2,12,0,6,7,1,3
0,5,7.0,349,3,6,2,2,29,3,11
0,5,7.0,349,3,22,0,10,43,1,11
0,5,7.0,349,3,12,0,5,64,3,11
0,5,7.0,349,3,1,2,6,89,3,11
0,5,7.0,349,3,1,0,10,22,3,11
0,5,7.0,349,3,11,1,0,31,1,11
0,5,7.0,349,3,23,1,1,59,4,11
0,5,8.0,199,0,7,1,14,25,0,8
0,5,8.0,199,0,18,0,14,25,2,8
0,5,15.0,200,0,7,0,7,78,3,1
0,5,15.0,200,0,20,0,8,118,4,1
0,6,7.0,169,2,2,0,13,36,0,11
0,5,15.0,200,0,1,0,12,80,4,1
0,11,6.0,252,5,20,1,9,83,1,23
0,6,18.0,308,3,21,0,8,9,1,0
0,10,7.0,243,5,13,1,16,139,4,11
1,8,12.0,284,0,23,1,3,44,1,28
0,6,9.0,236,5,15,0,7,20,3,12
1,6,28.0,309,1,18,1,0,15,4,18
0,11,31.0,227,1,15,1,13,28,0,20
0,10,7.0,243,5,14,0,2,40,1,11
0,5,15.0,200,0,12,1,7,78,1,1
0,6,18.0,308,3,3,1,7,20,0,0
1,10,4.0,356,0,9,0,11,15,1,30
0,6,9.0,236,5,5,1,9,49,1,12
1,10,11.0,298,0,18,0,2,2,3,9
0,9,13.0,91,0,9,3,0,12,0,25
0,10,8.0,213,6,17,1,3,103,0,8
0,5,17.0,212,2,2,1,6,116,4,6
0,6,18.0,308,3,22,0,13,99,0,0
1,10,12.0,333,1,16,2,14,107,3,28
1,10,12.0,333,1,6,2,12,61,3,28
1,10,12.0,333,1,12,0,10,6,3,28
1,10,12.0,333,1,12,1,9,101,1,28
1,10,30.0,157,6,16,2,15,37,3,19
1,10,30.0,157,6,20,1,10,22,4,19
1,10,31.0,135,3,11,2,11,90,0,20
1,10,31.0,135,3,20,1,13,29,1,20
1,10,31.0,135,3,1,0,1,59,1,20
1,1,4.0,286,4,0,0,0,64,3,30
1,1,15.0,1,0,3,0,6,7,3,1
1,1,15.0,1,0,9,0,3,76,4,1
1,1,15.0,1,0,14,1,7,129,4,1
1,1,16.0,2,1,15,0,10,47,2,2
1,1,16.0,2,1,12,0,10,22,3,2
1,8,7.0,70,2,17,0,16,50,0,11
1,8,7.0,70,2,21,0,7,78,1,11
1,0,30.0,228,5,9,1,10,52,1,19
0,3,11.0,337,1,13,0,9,134,4,9
0,3,11.0,337,1,9,1,5,64,1,9
0,3,11.0,337,1,4,2,9,93,3,9
0,3,21.0,338,5,13,3,16,37,2,21
1,4,1.0,144,6,10,0,4,4,4,7
1,4,29.0,313,6,4,1,6,7,0,16
1,4,29.0,313,6,19,1,13,13,0,16
1,0,11.0,10,3,18,1,5,12,1,9
1,0,19.0,13,0,17,0,15,96,1,10
1,0,18.0,0,3,1,1,8,27,1,0
0,11,4.0,275,2,15,0,14,24,2,30
0,3,21.0,338,5,5,3,13,38,0,21
1,0,28.0,249,2,10,1,12,56,1,18
1,2,27.0,136,3,11,0,11,10,4,15
1,0,1.0,8,4,3,1,9,102,4,7
1,0,1.0,8,4,8,0,16,72,1,7
1,0,28.0,249,2,9,0,13,99,1,18
1,1,2.0,171,1,8,3,14,126,4,22
1,10,1.0,208,5,1,0,2,86,4,7
0,3,19.0,138,2,14,1,2,35,1,10
0,3,29.0,325,6,22,0,4,4,1,16
1,8,19.0,280,0,17,1,14,25,1,10
1,9,1.0,126,1,19,0,15,114,1,7
1,8,7.0,70,2,5,1,10,52,1,11
1,8,7.0,70,2,0,0,2,86,3,11
0,11,8.0,283,3,6,2,10,47,1,8
0,9,22.0,92,2,2,2,2,2,0,26
0,7,16.0,40,4,5,1,1,59,4,2
0,7,8.0,94,2,1,0,7,57,1,8
1,8,13.0,189,1,16,0,13,21,3,25
1,8,13.0,189,1,19,0,0,26,0,25
1,4,7.0,133,5,17,0,13,36,1,11
1,4,7.0,133,5,3,0,5,6,0,11
1,4,7.0,133,5,2,2,13,13,3,11
1,4,7.0,133,5,16,0,4,4,0,11
1,4,7.0,133,5,14,0,14,88,0,11
1,4,8.0,292,6,15,1,1,35,4,8
1,4,8.0,292,6,22,0,15,114,0,8
1,4,14.0,345,5,20,0,9,134,4,5
1,4,14.0,345,5,22,0,8,19,4,5
1,4,8.0,292,6,20,1,12,121,4,8
1,4,8.0,292,6,3,1,13,28,1,8
1,4,14.0,345,5,12,0,10,47,2,5
1,4,14.0,345,5,12,0,15,46,1,5
0,9,17.0,255,5,17,0,13,29,1,6
0,9,23.0,167,4,17,0,8,118,1,17
0,9,23.0,167,4,12,2,11,18,3,17
0,9,23.0,167,4,14,2,8,27,0,17
0,9,23.0,167,4,10,1,14,106,4,17
0,9,25.0,344,6,8,0,14,107,1,13
0,9,25.0,344,6,13,0,13,29,2,13
1,8,25.0,86,3,22,1,10,22,1,13
1,2,23.0,230,2,0,0,0,53,1,17
1,10,29.0,318,5,21,2,1,59,3,16
1,2,17.0,6,4,8,3,16,72,3,6
1,2,24.0,22,4,8,1,9,27,0,14
0,9,25.0,344,6,19,0,13,99,2,13
0,9,25.0,344,6,22,1,1,105,4,13
0,9,25.0,344,6,9,0,0,15,2,13
0,7,7.0,293,1,16,0,5,12,0,11
1,4,14.0,345,5,9,0,0,64,3,5
1,4,14.0,345,5,14,2,14,97,0,5
1,4,14.0,345,5,4,2,2,86,3,5
0,6,15.0,49,4,16,0,13,48,3,1
1,10,11.0,298,0,22,0,3,115,1,9
0,3,15.0,35,6,19,1,7,8,4,1
0,10,8.0,213,6,0,1,9,10,4,8
0,5,17.0,212,2,12,3,8,33,3,6
0,6,15.0,49,4,11,1,1,1,4,1
0,6,18.0,308,3,12,2,2,13,3,0
1,2,21.0,108,0,20,1,14,88,4,21
0,3,15.0,35,6,2,0,4,121,1,1
0,10,7.0,243,5,1,1,9,27,0,11
0,5,25.0,350,4,4,0,3,44,3,13
0,6,24.0,31,6,0,0,0,53,4,14
0,6,23.0,84,5,0,0,10,43,3,17
1,2,26.0,3,6,20,0,2,69,3,3
0,10,8.0,213,6,15,0,15,51,3,8
0,5,25.0,350,4,22,0,10,43,2,13
0,6,24.0,31,6,0,0,0,26,1,14
0,6,23.0,84,5,15,0,8,41,2,17
1,2,7.0,153,0,4,2,13,29,2,11
1,2,26.0,3,6,13,3,9,95,4,3
1,2,28.0,257,0,5,0,2,71,2,18
1,0,2.0,47,5,5,1,12,84,1,22
1,2,4.0,254,5,19,3,0,26,3,30
1,0,23.0,237,5,2,1,15,108,1,17
1,0,23.0,237,5,9,0,2,92,3,17
0,11,5.0,240,4,21,0,2,2,4,24
0,11,5.0,240,4,12,0,14,25,2,24
1,0,22.0,241,4,6,1,9,134,1,26
1,0,23.0,237,5,8,1,11,94,0,17
0,3,8.0,148,6,20,1,1,11,1,8
0,3,8.0,148,6,12,0,16,72,1,8
0,3,16.0,263,3,11,1,1,11,4,2
0,3,22.0,166,6,4,0,7,20,4,26
0,3,22.0,166,6,9,0,1,11,3,26
1,4,24.0,27,0,17,1,16,65,1,14
0,5,1.0,109,0,8,2,13,21,2,7
0,5,1.0,109,0,5,1,16,50,1,7
0,5,6.0,277,6,23,1,6,128,1,23
0,5,6.0,277,6,15,1,6,128,1,23
0,5,6.0,277,6,23,0,6,7,2,23
0,5,9.0,206,1,0,2,9,102,3,12
0,5,30.0,294,1,19,1,1,1,4,19
1,0,11.0,10,3,19,1,5,12,0,9
0,11,2.0,265,0,11,1,0,26,2,22
1,8,18.0,75,3,4,1,3,30,1,0
0,3,20.0,105,4,1,1,7,54,4,29
0,5,29.0,24,0,8,3,11,15,0,16
1,8,20.0,319,1,13,0,9,93,2,29
1,1,1.0,203,0,17,0,6,73,4,7
1,1,1.0,203,0,17,0,4,82,1,7
1,10,1.0,208,5,20,0,12,83,4,7
1,10,1.0,208,5,17,3,2,86,0,7
1,2,19.0,137,6,8,3,13,99,0,10
1,1,16.0,2,1,15,0,6,7,4,2
1,1,16.0,2,1,3,0,12,135,4,2
1,1,16.0,2,1,18,0,0,64,2,2
1,8,13.0,189,1,15,0,16,50,1,25
1,8,13.0,189,1,4,0,10,12,3,25
1,8,22.0,354,4,5,1,9,87,4,26
1,4,7.0,133,5,7,0,15,39,1,11
1,4,7.0,133,5,22,0,14,131,2,11
1,4,7.0,133,5,14,2,13,69,0,11
1,4,7.0,133,5,22,1,12,61,1,11
1,4,25.0,20,1,1,0,5,6,3,13
1,4,25.0,20,1,4,1,9,134,4,13
1,4,25.0,20,1,4,2,7,78,0,13
1,4,30.0,139,3,8,0,0,68,3,19
1,4,30.0,139,3,22,0,15,114,2,19
1,4,30.0,139,3,3,0,4,45,1,19
1,2,7.0,153,0,13,1,3,30,4,11
1,2,8.0,258,1,0,0,16,113,2,8
1,4,27.0,274,4,18,0,6,128,4,15
0,3,20.0,105,4,1,1,13,99,1,29
0,3,30.0,304,3,15,1,0,64,0,19
0,3,30.0,304,3,22,1,4,66,1,19
0,5,2.0,307,1,3,3,4,45,3,22
1,2,12.0,128,6,20,3,0,12,0,28
1,1,1.0,203,0,12,0,0,53,4,7
1,2,8.0,258,1,20,0,16,37,3,8
1,2,8.0,258,1,9,1,3,115,4,8
1,2,16.0,220,2,17,0,3,103,3,2
1,2,16.0,220,2,0,1,3,76,0,2
0,5,24.0,58,2,18,1,6,89,1,14
0,6,16.0,38,5,9,1,9,57,0,2
1,2,16.0,220,2,22,0,2,60,4,2
1,2,16.0,220,2,8,0,2,3,4,2
1,0,16.0,11,5,17,1,8,9,0,2
1,0,16.0,11,5,5,1,7,57,4,2
1,4,8.0,292,6,19,0,2,86,0,8
1,4,8.0,292,6,11,1,1,105,4,8
1,4,14.0,345,5,23,0,16,37,1,5
1,4,14.0,345,5,14,0,8,19,0,5
1,4,23.0,30,3,3,0,5,6,3,17
0,3,6.0,303,4,22,0,2,40,3,23
0,3,6.0,303,4,2,0,8,9,0,23
0,3,18.0,165,1,11,0,13,48,1,0
0,5,31.0,196,2,6,0,5,64,3,20
0,7,23.0,202,4,12,1,14,88,4,17
0,3,25.0,347,1,13,1,15,31,1,13
0,7,23.0,202,4,11,1,1,16,4,17
0,3,23.0,57,3,3,2,1,105,3,17
0,3,11.0,337,1,17,0,14,107,1,9
0,7,23.0,202,4,4,3,12,83,3,17
0,5,7.0,349,3,14,1,11,124,4,11
0,3,30.0,304,3,5,2,14,24,3,19
0,5,14.0,36,3,15,0,4,75,2,5
0,7,24.0,68,5,2,0,9,49,1,14
0,5,8.0,199,0,12,0,8,118,4,8
0,5,31.0,196,2,16,0,5,12,3,20
0,11,1.0,222,3,17,0,1,11,4,7
0,7,25.0,41,6,20,3,2,123,4,13
0,11,25.0,88,2,0,0,13,13,1,13
0,6,2.0,352,5,9,0,3,30,3,22
1,4,8.0,292,6,8,2,7,111,0,8
0,5,8.0,199,0,3,0,5,6,3,8
1,2,8.0,258,1,6,0,15,31,1,8
0,5,31.0,196,2,8,0,2,2,0,20
0,6,6.0,83,1,20,1,0,77,1,23
0,3,16.0,263,3,4,1,9,102,4,2
1,4,6.0,176,4,20,0,11,98,3,23
1,1,6.0,97,6,12,1,11,129,0,23
1,4,24.0,27,0,8,2,8,33,3,14
0,11,22.0,250,3,2,0,9,109,2,26
0,7,5.0,204,3,6,0,16,74,3,24
0,7,5.0,204,3,2,0,15,31,4,24
0,7,9.0,273,4,14,2,8,41,0,12
0,7,23.0,202,4,10,0,2,86,1,17
0,7,23.0,202,4,22,2,16,42,0,17
0,7,23.0,202,4,1,0,15,39,4,17
0,5,16.0,239,1,23,0,10,47,2,2
0,5,16.0,239,1,5,0,5,6,2,2
0,5,16.0,239,1,14,0,13,38,1,2
0,5,16.0,239,1,22,1,9,49,1,2
1,4,24.0,27,0,18,2,14,25,3,14
0,1,7.0,32,0,23,1,2,71,4,11
0,5,9.0,206,1,13,0,5,6,2,12
0,5,23.0,168,1,3,2,1,11,3,17
0,6,15.0,49,4,22,2,6,89,3,1
1,2,16.0,220,2,7,0,8,9,4,2
1,2,16.0,220,2,2,0,2,71,0,2
1,0,16.0,11,5,17,0,9,93,1,2
1,0,16.0,11,5,10,0,9,101,1,2
0,11,6.0,252,5,21,1,0,68,0,23
0,11,6.0,252,5,17,1,13,28,1,23
0,7,25.0,41,6,6,1,2,2,4,13
0,5,24.0,58,2,17,1,3,79,4,14
0,11,7.0,253,6,1,1,13,21,1,11
0,11,7.0,253,6,22,1,5,6,0,11
0,11,7.0,253,6,18,1,15,46,0,11
0,11,8.0,283,3,3,2,13,38,0,8
0,11,8.0,283,3,4,0,5,12,0,8
1,10,31.0,135,3,17,3,3,30,2,20
0,11,23.0,232,0,16,1,13,29,0,17
0,11,23.0,232,0,2,0,5,64,2,17
0,11,23.0,232,0,9,0,10,47,3,17
0,11,24.0,194,1,0,0,14,25,3,14
0,11,24.0,194,1,0,1,0,85,0,14
0,11,24.0,194,1,21,0,15,114,1,14
0,11,25.0,88,2,17,1,10,52,1,13
0,6,2.0,352,5,6,2,10,47,0,22
0,11,1.0,222,3,20,0,12,61,4,7
0,6,6.0,83,1,19,0,10,22,0,23
0,6,6.0,83,1,19,0,10,47,3,23
0,6,17.0,244,6,14,0,5,12,3,6
0,6,17.0,244,6,20,1,9,87,1,6
0,5,31.0,196,2,3,1,0,53,4,20
1,2,6.0,251,3,12,0,4,75,4,23
1,0,9.0,48,5,3,1,9,87,4,12
0,6,17.0,244,6,5,1,15,46,4,6
0,6,23.0,84,5,17,1,9,27,0,17
0,6,26.0,348,0,17,1,5,64,1,3
0,6,26.0,348,0,17,0,12,61,1,3
0,6,26.0,348,0,5,0,3,103,3,3
0,6,26.0,348,0,23,1,0,68,1,3
0,6,26.0,348,0,12,0,1,1,4,3
0,6,26.0,348,0,2,1,15,114,4,3
0,10,1.0,208,6,16,0,5,12,0,7
0,10,1.0,208,6,9,0,5,64,3,7
0,10,6.0,242,4,16,1,8,33,0,23
0,10,6.0,242,4,1,0,6,7,1,23
0,10,6.0,242,4,18,0,4,127,4,23
1,2,6.0,251,3,13,1,4,4,1,23
1,2,6.0,251,3,15,1,8,33,1,23
1,0,23.0,237,5,9,2,4,4,3,17
1,11,4.0,275,1,6,1,7,62,0,30
0,6,1.0,158,4,17,0,14,34,3,7
0,6,1.0,158,4,0,1,9,10,4,7
0,6,1.0,158,4,3,0,5,6,3,7
0,6,1.0,158,4,11,0,15,46,1,7
0,6,1.0,158,4,2,0,0,31,3,7
0,6,1.0,158,4,14,0,0,0,2,7
0,3,1.0,180,6,22,0,9,109,2,7
1,4,29.0,313,6,19,1,10,52,0,16
0,5,7.0,349,3,14,1,8,27,0,11
0,7,3.0,269,5,2,0,5,12,2,27
1,2,7.0,153,0,12,0,6,7,4,11
0,5,6.0,277,6,13,2,1,105,3,23
0,5,9.0,206,1,2,0,0,85,1,12
0,5,9.0,206,1,13,0,6,128,2,12
0,5,16.0,239,1,21,0,6,89,1,2
0,5,16.0,239,1,7,0,1,59,2,2
0,5,16.0,239,1,11,0,7,62,1,2
0,5,16.0,239,1,5,2,2,2,3,2
0,5,16.0,239,1,8,0,11,122,1,2
0,5,16.0,239,1,4,0,13,99,0,2
0,5,23.0,168,1,5,1,13,28,4,17
0,6,1.0,158,4,23,0,1,11,3,7
1,2,5.0,127,6,3,0,9,102,4,24
0,6,15.0,49,4,9,3,9,87,4,1
0,11,22.0,250,3,14,1,13,21,0,26
0,6,7.0,169,2,2,0,13,123,4,11
0,6,9.0,236,5,21,0,3,79,1,12
0,6,9.0,236,5,5,0,10,43,2,12
0,6,9.0,236,5,14,0,7,20,3,12
0,6,9.0,236,5,4,2,9,93,2,12
0,11,23.0,232,0,18,0,10,12,1,17
0,11,24.0,194,1,0,0,14,107,1,14
0,1,7.0,32,0,5,1,13,36,4,11
0,11,24.0,194,1,15,0,11,117,1,14
0,9,14.0,106,1,15,1,11,122,1,5
0,9,14.0,106,1,18,0,4,4,4,5
0,9,22.0,92,2,10,0,8,65,4,26
0,9,22.0,92,2,6,0,1,1,3,26
0,9,22.0,92,2,15,0,7,111,1,26
0,9,22.0,92,2,6,2,5,12,3,26
0,7,6.0,93,0,11,0,14,25,2,23
0,9,22.0,92,2,22,0,0,0,0,26
0,7,8.0,94,2,0,0,13,28,0,8
0,7,8.0,94,2,7,1,13,48,0,8
0,7,8.0,94,2,2,2,9,83,0,8
0,7,8.0,94,2,18,0,9,54,3,8
0,7,16.0,40,4,19,0,12,17,1,2
0,7,16.0,40,4,9,0,13,29,2,2
0,7,16.0,40,4,9,0,2,86,1,2
0,10,8.0,213,6,19,0,8,41,1,8
0,10,6.0,242,4,18,0,8,41,1,23
0,10,6.0,242,4,1,2,1,105,3,23
0,10,7.0,243,5,11,1,2,123,1,11
0,10,7.0,243,5,15,1,6,89,1,11
0,10,7.0,243,5,4,0,12,17,2,11
0,10,7.0,243,5,1,0,11,6,2,11
0,10,7.0,243,5,18,2,0,12,3,11
0,10,8.0,213,6,14,0,4,138,3,8
0,10,9.0,150,3,14,0,0,53,0,12
0,6,6.0,83,1,19,1,12,56,4,23
0,10,23.0,247,3,18,2,1,16,0,17
0,10,10.0,245,0,5,0,5,6,2,4
0,10,10.0,245,0,16,0,0,77,1,4
0,10,10.0,245,0,9,0,7,120,1,4
0,10,9.0,150,3,14,1,2,2,2,12
0,10,16.0,201,3,17,2,4,66,3,2
0,10,16.0,201,3,10,0,9,49,1,2
0,10,18.0,246,1,17,0,7,20,0,0
0,10,18.0,246,1,1,0,3,70,3,0
0,10,23.0,247,3,1,0,5,12,3,17
0,10,25.0,56,1,0,0,0,53,3,13
0,10,25.0,56,1,15,2,12,56,0,13
1,1,27.0,262,6,11,1,0,12,1,15
0,6,5.0,342,0,8,2,13,38,3,24
0,6,9.0,236,5,12,0,13,121,2,12
0,6,15.0,49,4,16,1,2,13,0,1
0,6,15.0,49,4,5,1,0,15,1,1
0,6,24.0,31,6,7,0,0,26,2,14
0,6,24.0,31,6,13,1,13,13,1,14
0,10,17.0,256,0,3,0,16,37,1,6
0,10,17.0,256,0,2,2,13,21,4,6
0,10,17.0,256,0,4,0,5,6,3,6
0,10,24.0,261,0,2,0,8,27,0,14
0,10,24.0,261,0,1,0,12,80,1,14
0,10,24.0,261,0,18,0,5,12,0,14
0,10,24.0,261,0,4,0,0,64,0,14
0,1,1.0,203,1,6,0,0,68,3,7
0,1,1.0,203,1,23,0,1,81,1,7
0,1,1.0,203,1,14,0,9,93,1,7
0,1,7.0,32,0,12,2,1,11,3,11
0,11,25.0,88,2,3,0,12,135,1,13
0,5,5.0,96,5,22,3,1,81,3,24
0,5,8.0,199,0,1,2,8,27,3,8
0,11,25.0,88,2,8,2,12,100,3,13
1,2,8.0,258,1,0,0,5,12,1,8
0,5,5.0,96,5,22,0,7,111,1,24
0,11,31.0,227,1,7,1,9,27,0,20
0,3,26.0,343,2,18,0,5,0,1,3
1,2,8.0,258,1,9,0,9,57,3,8
0,5,15.0,200,0,20,1,1,35,0,1
0,11,31.0,227,1,8,0,2,123,0,20
1,2,16.0,220,2,6,0,7,31,4,2
0,11,31.0,227,1,0,0,7,20,1,20
0,5,15.0,200,0,22,1,11,94,2,1
0,7,7.0,293,1,9,3,5,64,0,11
0,10,1.0,208,6,6,0,10,6,3,7
0,9,5.0,89,3,8,0,15,46,2,24
0,5,15.0,200,0,15,1,13,99,4,1
0,9,25.0,344,6,14,0,10,47,2,13
0,7,14.0,125,1,17,0,5,6,0,5
0,7,14.0,125,1,17,0,6,7,0,5
0,7,14.0,125,1,8,0,0,68,2,5
0,7,22.0,211,2,15,0,14,34,1,26
0,7,22.0,211,2,17,0,0,15,2,26
0,3,24.0,357,0,17,0,6,128,1,14
1,0,25.0,281,3,19,1,8,41,1,13
0,9,17.0,255,5,9,2,13,29,0,6
0,3,24.0,357,0,11,1,9,54,1,14
0,3,24.0,357,0,9,0,9,95,3,14
0,3,24.0,357,0,3,1,1,81,4,14
0,3,26.0,343,2,4,0,3,30,2,3
0,5,7.0,349,3,12,0,0,53,3,11
0,5,7.0,349,3,20,1,8,27,1,11
0,5,8.0,199,0,10,0,3,30,4,8
0,5,7.0,349,3,3,0,16,37,4,11
0,5,7.0,349,3,13,3,4,5,4,11
0,5,8.0,199,0,18,0,13,48,4,8
1,2,6.0,251,3,5,2,9,54,3,23
1,4,8.0,292,6,12,2,10,22,3,8
1,4,8.0,292,6,8,1,13,28,1,8
1,4,8.0,292,6,9,2,1,59,3,8
0,1,9.0,50,2,15,3,9,109,4,12
1,4,8.0,292,6,9,0,5,12,3,8
1,4,14.0,345,5,14,2,7,20,3,5
1,4,14.0,345,5,12,0,11,98,4,5
1,4,14.0,345,5,23,1,12,80,1,5
1,4,16.0,25,3,17,0,2,86,1,2
1,4,16.0,25,3,6,1,10,47,1,2
1,4,16.0,25,3,13,0,2,3,4,2
1,4,16.0,25,3,8,0,1,35,3,2
1,4,23.0,30,3,17,0,9,95,3,17
1,4,23.0,30,3,16,0,10,23,0,17
1,4,23.0,30,3,19,0,15,46,1,17
1,4,23.0,30,3,2,0,12,56,3,17
0,3,23.0,57,3,5,1,2,3,4,17
0,3,15.0,35,6,13,1,14,34,4,1
1,4,23.0,30,3,4,0,4,75,1,17
1,4,23.0,30,3,4,0,9,49,1,17
1,4,25.0,20,1,17,2,0,77,3,13
0,5,15.0,200,0,19,0,0,77,1,1
0,5,15.0,200,0,22,0,8,27,2,1
0,5,25.0,350,4,0,0,2,86,1,13
0,5,25.0,350,4,23,0,14,24,1,13
0,5,25.0,350,4,19,1,14,126,4,13
0,5,25.0,350,4,9,2,10,47,1,13
0,5,31.0,196,2,16,0,10,23,1,20
0,5,31.0,196,2,15,1,12,61,1,20
0,5,31.0,196,2,12,0,5,64,0,20
0,5,31.0,196,2,1,0,15,119,2,20
0,6,6.0,83,1,22,0,2,86,4,23
0,6,17.0,244,6,6,0,4,82,1,6
0,6,17.0,244,6,16,0,15,31,1,6
0,6,18.0,308,3,15,0,6,7,0,0
0,6,6.0,83,1,15,1,0,85,1,23
0,6,18.0,308,3,2,0,9,101,0,0
0,6,17.0,244,6,23,1,0,96,1,6
0,6,23.0,84,5,8,0,13,99,1,17
0,6,23.0,84,5,14,0,11,94,2,17
0,6,26.0,348,0,5,2,1,1,1,3
1,4,25.0,20,1,15,0,2,2,1,13
1,4,25.0,20,1,21,1,0,15,0,13
0,5,24.0,58,2,12,1,10,22,0,14
1,4,16.0,25,3,16,0,2,40,0,2
1,4,16.0,25,3,20,0,1,59,4,2
1,4,16.0,25,3,9,0,14,126,4,2
1,4,14.0,345,5,11,0,2,13,0,5
1,4,23.0,30,3,23,1,10,22,0,17
1,4,25.0,20,1,23,0,7,111,3,13
1,4,25.0,20,1,11,0,10,22,2,13
1,4,25.0,20,1,3,0,11,15,2,13
1,4,25.0,20,1,1,1,13,48,0,13
1,4,30.0,139,3,15,0,15,108,3,19
1,2,7.0,153,0,15,0,5,6,0,11
0,5,25.0,350,4,5,0,6,132,1,13
0,5,25.0,350,4,2,0,12,56,3,13
0,5,15.0,200,0,9,2,3,70,3,1
0,9,5.0,89,3,13,0,9,95,3,24
0,5,25.0,350,4,12,2,2,40,3,13
0,5,17.0,212,2,14,0,6,128,3,6
0,9,5.0,89,3,22,0,13,21,3,24
0,9,8.0,90,2,6,1,16,37,2,8
0,9,8.0,90,2,13,0,1,11,4,8
0,9,8.0,90,2,9,0,0,15,0,8
0,9,14.0,106,1,17,0,1,105,0,5
0,9,13.0,91,0,8,1,15,51,1,25
0,9,13.0,91,0,23,1,11,18,1,25
0,9,13.0,91,0,1,2,6,7,3,25
0,9,14.0,106,1,16,0,10,22,2,5
1,0,21.0,287,2,8,1,7,78,4,21
1,0,30.0,228,5,11,3,5,6,2,19
1,0,4.0,229,3,8,0,12,84,3,30
0,5,22.0,163,0,9,1,6,7,4,26
0,5,19.0,146,5,3,1,0,12,0,10
0,7,24.0,68,5,20,1,11,18,1,14
0,7,24.0,68,5,20,1,2,35,4,14
0,3,7.0,289,5,16,1,9,95,1,11
0,3,7.0,289,5,15,0,2,13,1,11
0,3,8.0,148,6,20,1,16,74,4,8
0,3,8.0,148,6,19,3,0,26,0,8
0,3,8.0,148,6,8,0,13,28,0,8
0,3,16.0,263,3,17,0,0,53,3,2
0,3,16.0,263,3,21,0,0,64,2,2
0,3,16.0,263,3,15,0,0,53,1,2
0,3,16.0,263,3,8,0,2,2,3,2
0,11,5.0,240,4,20,1,8,9,0,24
0,3,22.0,166,6,23,1,10,22,0,26
0,3,22.0,166,6,12,0,5,6,3,26
0,3,22.0,166,6,14,0,2,2,0,26
0,5,1.0,109,0,4,0,0,53,3,7
0,5,1.0,109,0,18,0,10,47,0,7
0,5,6.0,277,6,0,1,5,6,0,23
0,9,14.0,106,1,16,1,3,30,0,5
0,9,14.0,106,1,15,0,13,28,0,5
1,4,23.0,30,3,5,1,14,88,1,17
1,4,30.0,139,3,17,2,8,27,3,19
1,4,30.0,139,3,12,2,10,22,3,19
1,4,30.0,139,3,14,1,9,27,0,19
1,4,30.0,139,3,14,1,13,69,1,19
1,2,7.0,153,0,17,1,12,56,0,11
1,2,7.0,153,0,4,0,14,131,2,11
1,0,16.0,11,5,0,0,0,12,0,2
1,0,16.0,11,5,13,0,9,27,0,2
0,11,6.0,252,5,6,2,13,69,0,23
0,11,6.0,252,5,16,1,6,132,0,23
0,11,6.0,252,5,21,0,2,86,1,23
0,11,7.0,253,6,20,2,10,23,0,11
0,11,7.0,253,6,23,1,1,11,4,11
0,11,8.0,283,3,15,2,14,25,0,8
0,11,8.0,283,3,22,1,8,33,1,8
0,11,8.0,283,3,13,1,12,80,4,8
0,6,23.0,84,5,12,0,9,95,2,17
0,10,23.0,247,3,6,1,5,6,1,17
0,6,23.0,84,5,4,0,13,21,4,17
0,6,26.0,348,0,22,0,15,31,0,3
0,6,26.0,348,0,3,2,6,7,3,3
0,6,26.0,348,0,15,1,9,49,1,3
0,6,26.0,348,0,14,0,8,65,3,3
0,6,26.0,348,0,1,0,6,7,0,3
0,10,1.0,208,6,2,0,15,108,3,7
0,10,6.0,242,4,1,0,6,132,4,23
0,10,7.0,243,5,6,0,7,78,4,11
0,10,7.0,243,5,10,1,14,126,4,11
0,10,7.0,243,5,20,0,2,2,1,11
0,10,7.0,243,5,15,0,14,34,3,11
0,1,9.0,50,2,8,0,12,61,1,12
0,5,31.0,196,2,17,0,13,29,2,20
0,5,25.0,350,4,22,1,3,79,4,13
0,5,31.0,196,2,21,0,2,86,4,20
1,2,20.0,264,3,4,1,13,28,0,29
0,5,31.0,196,2,11,0,13,38,2,20
1,2,20.0,264,3,22,0,5,6,3,29
1,2,21.0,108,0,14,0,13,99,1,21
0,5,31.0,196,2,22,0,0,53,3,20
1,2,21.0,108,0,2,1,10,23,1,21
1,2,26.0,3,6,5,0,9,54,1,3
0,6,6.0,83,1,21,1,10,22,0,23
1,2,26.0,3,6,15,0,3,79,0,3
0,6,6.0,83,1,12,0,14,24,3,23
1,2,26.0,3,6,14,0,1,105,4,3
1,2,26.0,3,6,9,0,1,35,4,3
1,2,28.0,257,0,0,1,0,64,1,18
1,2,28.0,257,0,19,0,1,16,1,18
1,0,2.0,47,5,6,1,4,75,1,22
1,0,2.0,47,5,3,0,4,45,2,22
1,8,1.0,66,4,5,0,0,64,3,7
1,8,1.0,66,4,0,0,4,75,1,7
1,8,3.0,363,6,11,0,12,61,1,27
1,8,3.0,363,6,3,1,9,134,4,27
1,8,3.0,363,6,8,0,13,48,3,27
1,8,10.0,71,6,6,2,1,35,3,4
1,8,10.0,71,6,22,0,14,25,2,4
1,4,12.0,134,2,20,1,7,120,0,28
1,4,12.0,134,2,22,0,9,87,1,28
1,4,20.0,115,4,8,0,10,6,3,29
1,4,20.0,115,4,2,0,13,21,1,29
1,4,28.0,218,5,17,1,12,84,0,18
0,5,25.0,350,4,8,2,13,36,1,13
0,5,31.0,196,2,11,0,2,40,4,20
0,5,31.0,196,2,21,1,2,3,2,20
0,6,6.0,83,1,21,0,8,9,1,23
0,6,6.0,83,1,13,0,12,80,3,23
0,6,6.0,83,1,19,1,0,96,4,23
0,5,25.0,350,4,17,3,7,129,4,13
0,6,18.0,308,3,0,0,11,18,3,0
0,6,18.0,308,3,12,0,8,19,0,0
0,6,18.0,308,3,12,0,16,37,3,0
0,6,23.0,84,5,5,0,14,34,3,17
0,6,23.0,84,5,8,0,6,128,1,17
1,0,6.0,260,1,19,0,5,0,2,23
1,0,24.0,55,6,13,1,4,4,4,14
1,8,21.0,46,2,16,1,1,11,2,21
0,7,14.0,125,1,4,0,2,92,1,5
0,7,22.0,211,2,16,0,0,68,3,26
0,7,22.0,211,2,21,2,8,27,3,26
0,7,22.0,211,2,3,0,10,47,3,26
0,7,22.0,211,2,14,0,7,62,1,26
0,7,22.0,211,2,12,2,14,24,3,26
0,5,24.0,58,2,19,0,9,54,1,14
1,4,16.0,25,3,23,0,4,82,1,2
1,8,7.0,70,2,15,0,10,22,1,11
1,4,23.0,30,3,10,0,8,9,3,17
1,4,23.0,30,3,15,1,14,131,1,17
1,4,23.0,30,3,12,0,2,86,0,17
1,4,23.0,30,3,18,3,5,47,3,17
1,4,25.0,20,1,15,3,12,80,4,13
1,1,4.0,286,4,11,0,1,59,4,30
1,1,4.0,286,4,18,0,10,23,1,30
1,1,5.0,219,5,13,1,9,95,1,24
1,1,13.0,207,6,16,2,10,23,3,25
1,1,13.0,207,6,15,0,13,13,0,25
1,1,13.0,207,6,15,1,2,35,4,25
1,1,15.0,1,0,21,1,11,98,4,1
1,1,15.0,1,0,23,1,6,116,4,1
1,1,15.0,1,0,18,0,16,72,3,1
1,2,2.0,143,2,4,0,13,36,0,22
1,2,4.0,254,5,17,1,14,32,0,30
1,2,4.0,254,5,10,1,14,25,4,30
1,2,2.0,143,2,3,0,10,23,1,22
1,2,4.0,254,5,8,2,0,15,3,30
0,11,12.0,118,4,22,0,1,11,0,28
0,11,9.0,311,0,12,0,3,79,3,12
0,11,10.0,360,1,1,1,6,91,4,4
0,11,12.0,118,4,14,3,5,64,2,28
0,9,18.0,359,6,22,0,9,95,2,0
0,6,18.0,308,3,3,0,4,75,2,0
0,6,18.0,308,3,12,2,8,118,3,0
0,6,23.0,84,5,7,0,2,40,1,17
0,6,23.0,84,5,13,2,7,137,4,17
0,6,23.0,84,5,12,2,1,105,3,17
0,6,23.0,84,5,11,1,2,2,4,17
0,6,23.0,84,5,1,2,2,60,3,17
0,6,26.0,348,0,23,0,2,60,1,3
1,2,16.0,220,2,0,1,11,55,4,2
1,2,16.0,220,2,16,0,14,24,0,2
1,2,16.0,220,2,21,0,2,92,1,2
1,2,16.0,220,2,19,0,3,115,3,2
1,8,13.0,189,1,4,1,9,93,4,25
1,8,22.0,354,4,22,1,14,126,4,26
1,4,7.0,133,5,6,0,1,1,1,11
1,4,7.0,133,5,20,1,9,49,1,11
0,3,15.0,35,6,13,3,3,79,1,1
0,3,23.0,57,3,8,3,10,12,1,17
0,3,23.0,57,3,20,0,13,38,2,17
0,5,14.0,36,3,3,1,11,18,1,5
0,5,14.0,36,3,13,3,7,57,4,5
0,7,8.0,94,2,17,0,8,41,4,8
0,6,25.0,39,3,0,0,8,41,2,13
1,4,7.0,133,5,20,0,0,26,1,11
1,4,7.0,133,5,14,1,9,10,0,11
1,4,8.0,292,6,11,1,6,73,1,8
1,4,14.0,345,5,13,1,7,137,4,5
1,4,14.0,345,5,2,0,1,1,3,5
0,6,26.0,348,0,20,0,3,30,3,3
0,6,26.0,348,0,8,0,3,79,4,3
0,6,26.0,348,0,8,0,15,39,3,3
0,6,26.0,348,0,14,0,1,11,4,3
1,4,22.0,152,6,18,1,13,99,4,26
1,2,15.0,130,1,2,1,3,79,2,1
0,7,7.0,293,1,16,1,13,38,0,11
0,7,7.0,293,1,3,0,12,17,4,11
0,7,14.0,125,1,9,2,2,86,0,5
0,3,6.0,303,4,2,2,5,6,0,23
0,3,6.0,303,4,4,1,14,107,1,23
0,5,7.0,349,3,6,0,4,79,1,11
0,5,7.0,349,3,15,0,4,5,3,11
0,5,15.0,200,0,0,0,0,64,3,1
0,5,25.0,350,4,14,0,3,79,1,13
0,5,25.0,350,4,8,0,13,48,0,13
0,7,22.0,211,2,4,3,10,22,3,26
0,7,22.0,211,2,9,1,14,25,0,26
0,3,6.0,303,4,20,1,12,56,1,23
1,4,13.0,221,4,12,1,2,92,4,25
1,4,22.0,152,6,9,1,9,87,0,26
0,5,25.0,350,4,2,0,11,15,1,13
0,5,15.0,200,0,9,1,11,133,4,1
1,4,14.0,345,5,10,1,4,75,1,5
1,4,16.0,25,3,5,0,7,122,2,2
1,4,16.0,25,3,13,1,10,23,1,2
1,4,23.0,30,3,14,0,1,81,4,17
1,4,23.0,30,3,1,0,4,4,1,17
1,1,5.0,219,5,9,0,5,12,0,24
1,8,13.0,189,1,20,0,7,111,3,25
1,8,22.0,354,4,16,1,16,50,1,26
1,8,22.0,354,4,15,1,2,2,1,26
1,8,22.0,354,4,22,1,1,11,4,26
1,8,22.0,354,4,8,0,13,28,3,26
1,4,8.0,292,6,3,1,14,97,4,8
1,4,8.0,292,6,20,1,11,117,1,8
1,4,14.0,345,5,15,2,12,83,0,5
1,4,14.0,345,5,20,1,11,90,4,5
1,4,14.0,345,5,20,1,12,80,1,5
0,7,17.0,95,5,5,1,9,49,1,6
0,3,15.0,35,6,5,0,14,88,2,1
0,11,25.0,88,2,9,1,15,39,0,13
0,5,31.0,196,2,13,3,5,64,3,20
0,6,6.0,83,1,15,2,14,125,0,23
0,7,17.0,95,5,21,0,2,2,1,6
0,7,17.0,95,5,5,3,4,75,1,6
0,7,17.0,95,5,2,1,2,86,4,6
0,7,17.0,95,5,1,2,2,2,1,6
0,7,17.0,95,5,4,0,9,83,1,6
1,0,16.0,11,5,18,0,13,38,0,2
0,11,6.0,252,5,13,0,10,22,1,23
0,11,6.0,252,5,22,2,1,59,0,23
0,11,7.0,253,6,5,0,2,86,4,11
0,11,7.0,253,6,14,0,6,128,4,11
0,11,7.0,253,6,14,0,2,71,2,11
0,11,7.0,253,6,20,1,12,135,1,11
0,11,8.0,283,3,16,2,0,53,3,8
0,11,7.0,253,6,9,0,16,37,1,11
0,11,7.0,253,6,22,1,0,26,1,11
0,11,14.0,147,6,14,0,13,21,2,5
0,11,14.0,147,6,9,0,2,92,1,5
0,11,23.0,232,0,9,0,9,93,1,17
0,11,4.0,275,2,23,0,1,59,2,30
1,0,30.0,228,5,3,1,5,12,2,19
0,11,1.0,222,3,13,0,13,36,4,7
0,9,4.0,295,6,23,1,9,49,1,30
0,9,7.0,271,1,19,1,8,19,4,11
0,1,9.0,50,2,14,0,0,64,3,12
0,1,10.0,17,4,16,0,11,10,4,4
0,3,7.0,289,5,13,1,3,30,4,11
0,3,7.0,289,5,15,1,2,86,4,11
0,3,7.0,289,5,11,1,3,30,4,11
0,3,8.0,148,6,0,2,2,92,3,8
0,3,8.0,148,6,18,1,11,124,0,8
0,3,16.0,263,3,6,1,13,38,0,2
0,3,16.0,263,3,19,0,14,107,4,2
0,3,22.0,166,6,20,1,12,121,1,26
0,3,22.0,166,6,19,1,6,73,4,26
0,5,1.0,109,0,5,0,16,108,1,7
0,5,1.0,109,0,4,1,3,30,4,7
0,5,1.0,109,0,18,0,7,78,0,7
0,5,6.0,277,6,17,0,10,22,2,23
0,5,6.0,277,6,13,0,10,47,3,23
0,5,6.0,277,6,9,0,4,4,3,23
0,5,9.0,206,1,17,1,1,67,2,12
0,5,9.0,206,1,1,2,11,94,3,12
0,5,16.0,239,1,16,0,8,27,1,2
0,5,16.0,239,1,15,0,5,6,2,2
0,5,16.0,239,1,19,2,16,130,3,2
0,5,23.0,168,1,7,1,5,64,0,17
1,4,21.0,339,5,8,0,12,61,2,21
0,6,14.0,173,2,16,2,0,0,3,5
0,1,6.0,97,3,1,0,16,130,3,23
0,10,25.0,56,1,3,0,15,46,4,13
0,5,15.0,200,0,8,2,13,29,3,1
0,5,15.0,200,0,12,2,4,4,1,1
0,5,17.0,212,2,21,1,6,14,0,6
0,5,17.0,212,2,14,0,15,51,1,6
0,5,25.0,350,4,12,0,6,128,0,13
0,5,25.0,350,4,1,0,10,47,3,13
0,5,31.0,196,2,17,0,0,26,0,20
0,5,31.0,196,2,16,0,1,35,3,20
0,6,6.0,83,1,2,0,0,64,3,23
0,6,6.0,83,1,1,0,9,102,1,23
0,6,17.0,244,6,11,0,0,12,1,6
0,6,23.0,84,5,17,2,10,22,3,17
0,7,7.0,293,1,18,0,0,26,1,11
0,7,14.0,125,1,4,1,13,21,1,5
0,10,1.0,208,6,5,0,7,62,1,7
0,11,24.0,194,1,17,0,0,53,0,14
0,11,24.0,194,1,0,1,10,52,4,14
0,11,24.0,194,1,0,0,0,0,3,14
0,11,23.0,232,0,20,2,0,96,3,17
0,11,25.0,88,2,17,2,9,93,1,13
0,11,31.0,227,1,6,1,11,90,0,20
0,11,31.0,227,1,6,0,0,0,3,20
0,11,31.0,227,1,15,2,9,27,0,20
0,11,31.0,227,1,12,0,8,33,3,20
0,11,31.0,227,1,1,0,4,121,1,20
0,11,24.0,194,1,3,0,13,38,3,14
0,11,24.0,194,1,12,0,9,49,1,14
0,11,31.0,227,1,17,0,13,28,4,20
0,11,31.0,227,1,0,0,16,50,1,20
0,11,31.0,227,1,2,0,8,9,2,20
0,9,5.0,89,3,3,1,1,59,4,24
0,9,8.0,90,2,17,1,13,28,0,8
0,5,23.0,168,1,13,0,9,57,4,17
0,5,23.0,168,1,15,0,11,124,4,17
1,4,5.0,235,2,18,1,13,28,0,24
1,4,5.0,235,2,9,1,0,26,0,24
1,4,6.0,176,4,13,0,13,48,0,23
1,4,5.0,235,2,14,0,8,9,1,24
1,4,6.0,176,4,12,0,9,109,2,23
1,4,6.0,176,4,19,0,13,99,3,23
0,5,23.0,168,1,17,0,13,36,1,17
1,2,5.0,127,6,17,0,11,18,1,24
1,2,5.0,127,6,0,0,12,61,2,24
1,2,5.0,127,6,3,1,4,45,4,24
0,5,23.0,168,1,16,0,3,30,1,17
1,2,5.0,127,6,2,0,7,120,3,24
0,5,23.0,168,1,12,0,1,67,3,17
1,2,5.0,127,6,8,0,14,32,2,24
0,1,9.0,50,2,18,0,6,128,1,12
0,4,17.0,19,1,17,0,0,26,3,6
0,3,16.0,263,3,9,0,9,57,1,2
0,4,2.0,141,0,20,0,4,82,3,22
0,1,1.0,203,1,6,0,3,76,1,7
0,5,23.0,168,1,4,0,12,58,3,17
0,5,23.0,168,1,4,0,13,21,3,17
0,5,23.0,168,1,22,1,13,99,4,17
0,6,1.0,158,4,5,1,1,105,4,7
0,6,7.0,169,2,6,0,6,7,0,11
0,6,7.0,169,2,23,0,12,61,4,11
0,6,7.0,169,2,13,0,2,86,1,11
0,6,7.0,169,2,13,0,3,103,3,11
0,6,9.0,236,5,15,1,12,61,1,12
0,6,9.0,236,5,8,2,11,18,3,12
0,5,1.0,109,0,12,0,13,38,4,7
0,6,24.0,31,6,11,1,0,15,1,14
0,6,24.0,31,6,3,1,8,27,1,14
0,10,17.0,256,0,16,0,12,135,1,6
0,10,17.0,256,0,22,1,14,131,1,6
0,10,24.0,261,0,4,0,4,103,3,14
0,10,24.0,261,0,19,0,16,50,3,14
0,1,1.0,203,1,22,0,4,82,1,7
0,1,1.0,203,1,12,0,0,0,0,7
0,1,1.0,203,1,9,0,11,133,1,7
0,1,7.0,32,0,10,1,1,59,4,11
0,3,15.0,35,6,3,1,8,118,1,1
0,1,7.0,32,0,10,1,0,12,0,11
0,3,22.0,166,6,22,0,5,6,0,26
0,3,22.0,166,6,8,2,3,115,3,26
0,5,1.0,109,0,17,0,13,38,3,7
0,5,1.0,109,0,9,0,14,25,3,7
0,5,6.0,277,6,3,0,2,2,1,23
0,5,6.0,277,6,9,2,3,30,3,23
0,5,16.0,239,1,6,0,15,77,3,2
0,5,16.0,239,1,13,1,12,56,1,2
0,5,23.0,168,1,23,0,1,11,4,17
0,6,1.0,158,4,2,0,13,28,4,7
0,6,1.0,158,4,10,1,5,12,1,7
0,6,7.0,169,2,0,1,11,15,0,11
0,5,16.0,239,1,14,0,16,130,1,2
0,6,9.0,236,5,17,0,15,114,1,12
0,6,9.0,236,5,22,2,13,29,0,12
0,6,9.0,236,5,3,1,1,16,4,12
0,6,24.0,31,6,17,0,10,6,3,14
0,6,24.0,31,6,22,0,15,96,3,14
1,2,22.0,209,1,2,2,0,26,3,26
1,2,22.0,209,1,17,0,5,6,1,26
1,2,30.0,131,2,16,0,13,28,0,19
1,2,30.0,131,2,0,0,10,6,3,19
1,2,30.0,131,2,22,0,2,2,2,19
1,0,22.0,241,4,16,0,13,13,0,26
1,0,22.0,241,4,9,0,5,12,0,26
1,0,23.0,237,5,5,1,16,42,1,17
1,0,23.0,237,5,13,2,10,22,1,17
0,11,5.0,240,4,7,1,0,77,0,24
0,11,5.0,240,4,10,0,9,54,1,24
0,11,5.0,240,4,10,1,8,9,0,24
0,11,5.0,240,4,7,1,16,39,0,24
0,11,5.0,240,4,2,0,3,30,3,24
0,11,22.0,250,3,17,2,10,22,3,26
0,11,22.0,250,3,5,0,11,15,0,26
0,11,22.0,250,3,7,1,13,21,0,26
0,9,6.0,51,0,13,3,0,26,1,23
0,9,6.0,51,0,3,0,5,6,2,23
0,11,14.0,147,6,13,0,6,132,2,5
0,9,5.0,89,3,19,0,11,15,1,24
0,6,8.0,59,4,14,0,9,109,3,8
0,9,6.0,51,0,20,1,4,45,4,23
0,9,6.0,51,0,12,2,9,57,3,23
0,9,7.0,271,1,21,0,8,118,4,11
0,9,6.0,51,0,22,0,8,118,0,23
0,9,7.0,271,1,6,0,10,47,0,11
0,9,24.0,272,5,6,0,10,47,0,14
0,6,24.0,31,6,12,0,10,22,0,14
0,6,24.0,31,6,23,1,15,114,4,14
0,6,24.0,31,6,1,0,5,12,3,14
0,10,17.0,256,0,6,0,5,6,0,6
0,10,17.0,256,0,21,0,7,111,1,6
0,10,17.0,256,0,17,1,12,104,0,6
0,10,17.0,256,0,1,0,10,22,2,6
0,10,24.0,261,0,0,0,13,61,0,14
0,10,24.0,261,0,12,0,13,48,3,14
0,10,24.0,261,0,9,0,15,114,1,14
1,2,14.0,231,0,17,0,9,134,3,5
0,3,22.0,166,6,14,0,16,50,3,26
0,1,1.0,203,1,0,0,13,28,3,7
0,4,17.0,19,1,6,0,5,12,1,6
0,4,17.0,19,1,17,0,11,18,1,6
0,1,15.0,1,1,22,0,2,2,0,1
1,4,23.0,30,3,9,1,11,133,4,17
0,7,8.0,94,2,8,0,0,12,1,8
0,4,2.0,141,0,17,1,13,69,1,22
0,1,1.0,203,1,17,2,0,53,3,7
1,4,23.0,30,3,1,0,16,130,4,17
1,2,14.0,231,0,13,0,2,86,1,5
0,4,17.0,19,1,16,0,0,12,0,6
0,4,1.0,144,3,11,1,16,72,1,7
0,1,1.0,203,1,1,2,15,31,3,7
0,1,15.0,1,1,3,1,10,22,2,1
0,5,1.0,109,0,18,0,11,55,3,7
0,3,22.0,166,6,14,0,2,86,1,26
1,2,14.0,231,0,11,1,11,8,4,5
0,4,9.0,18,0,17,0,16,113,1,12
0,4,9.0,18,0,3,2,13,69,2,12
0,1,7.0,32,0,17,0,8,9,1,11
0,1,15.0,1,1,9,1,9,93,4,1
0,5,1.0,109,0,23,1,15,114,1,7
0,11,5.0,240,4,5,0,0,85,1,24
1,2,14.0,231,0,1,1,2,35,0,5
0,11,5.0,240,4,15,1,14,25,4,24
0,8,15.0,72,5,17,2,14,24,3,1
0,4,17.0,19,1,17,0,13,36,2,6
0,1,1.0,203,1,13,0,1,59,3,7
0,1,15.0,1,1,18,0,14,24,3,1
0,5,1.0,109,0,19,1,14,106,0,7
1,2,22.0,209,1,21,1,16,37,4,26
0,11,22.0,250,3,0,1,3,44,0,26
0,8,16.0,73,6,12,0,2,86,3,2
0,1,7.0,32,0,15,2,10,22,3,11
0,1,16.0,2,2,17,0,9,57,1,2
0,5,1.0,109,0,14,2,9,54,3,7
1,2,22.0,209,1,2,0,12,104,4,26
1,2,22.0,209,1,22,0,6,128,1,26
1,2,22.0,209,1,19,0,14,32,3,26
0,7,15.0,205,2,19,2,2,69,0,1
0,7,15.0,205,2,14,2,12,100,1,1
0,7,23.0,202,4,3,1,1,16,4,17
0,7,24.0,68,5,16,0,2,40,1,14
0,7,23.0,202,4,1,0,6,7,4,17
0,7,24.0,68,5,23,1,2,35,4,14
0,7,9.0,273,4,13,0,13,99,2,12
0,3,7.0,289,5,2,3,9,87,2,11
0,3,8.0,148,6,3,0,16,74,1,8
0,9,22.0,92,2,15,0,13,21,1,26
0,3,16.0,263,3,17,0,2,86,1,2
0,3,16.0,263,3,23,0,4,121,2,2
0,3,16.0,263,3,12,0,8,118,1,2
0,3,22.0,166,6,4,0,0,26,3,26
0,3,22.0,166,6,3,1,1,81,4,26
0,5,1.0,109,0,7,1,8,9,4,7
0,5,6.0,277,6,17,0,13,38,0,23
0,5,6.0,277,6,16,1,13,48,0,23
0,5,6.0,277,6,8,2,13,29,3,23
0,5,6.0,277,6,12,0,2,92,3,23
0,5,6.0,277,6,8,0,9,27,0,23
0,5,1.0,109,0,6,1,3,30,1,7
0,5,9.0,206,1,11,0,6,7,4,12
0,5,9.0,206,1,3,0,0,96,3,12
0,5,9.0,206,1,2,0,3,30,3,12
0,5,16.0,239,1,7,0,14,34,1,2
0,5,16.0,239,1,22,0,0,77,1,2
0,5,16.0,239,1,1,2,3,30,3,2
0,5,23.0,168,1,16,0,12,104,0,17
0,5,23.0,168,1,20,0,0,64,3,17
0,5,23.0,168,1,11,0,2,13,1,17
0,5,23.0,168,1,20,0,1,1,4,17
0,5,23.0,168,1,14,0,3,30,4,17
0,5,23.0,168,1,18,0,2,40,4,17
0,6,1.0,158,4,17,0,11,94,3,7
0,6,1.0,158,4,20,0,0,12,1,7
0,6,1.0,158,4,16,1,14,97,4,7
0,6,1.0,158,4,22,0,13,21,2,7
0,6,1.0,158,4,8,0,13,48,1,7
0,6,1.0,158,4,2,3,3,115,4,7
0,6,7.0,169,2,15,0,16,37,1,11
0,6,7.0,169,2,12,1,10,22,1,11
0,6,15.0,49,4,20,0,2,123,1,1
0,6,15.0,49,4,19,0,12,58,4,1
0,6,15.0,49,4,20,1,2,2,1,1
0,6,24.0,31,6,21,0,6,128,0,14
0,5,1.0,109,0,6,2,9,93,3,7
0,5,1.0,109,0,21,0,11,94,2,7
0,5,1.0,109,0,20,0,2,13,1,7
0,5,1.0,109,0,13,0,1,11,1,7
0,5,1.0,109,0,22,0,1,67,2,7
0,5,1.0,109,0,12,0,3,44,3,7
0,5,1.0,109,0,11,0,5,6,0,7
0,5,6.0,277,6,0,1,2,3,0,23
0,5,6.0,277,6,21,1,4,45,0,23
0,5,6.0,277,6,3,1,6,91,4,23
0,5,6.0,277,6,3,0,14,34,2,23
0,5,6.0,277,6,5,2,2,86,1,23
0,5,6.0,277,6,19,0,9,54,1,23
0,5,9.0,206,1,0,0,0,77,3,12
0,5,9.0,206,1,16,0,0,68,0,12
0,5,9.0,206,1,6,0,5,6,1,12
0,5,16.0,239,1,17,2,3,103,3,2
0,5,16.0,239,1,16,0,6,7,4,2
0,11,22.0,250,3,8,0,3,44,2,26
0,8,16.0,73,6,14,1,16,72,0,2
0,4,19.0,142,4,1,0,10,47,0,10
0,11,22.0,250,3,17,0,2,13,2,26
0,1,7.0,32,0,1,0,7,31,4,11
0,1,16.0,2,2,21,0,13,13,3,2
0,4,19.0,142,4,22,1,12,135,4,10
0,5,6.0,277,6,21,1,4,45,0,23
0,11,22.0,250,3,4,2,3,30,2,26
0,1,16.0,2,2,19,2,4,136,0,2
0,4,19.0,142,4,3,1,4,136,4,10
0,5,6.0,277,6,3,0,11,15,2,23
0,3,15.0,35,6,18,1,15,46,1,1
0,7,5.0,204,3,23,1,1,81,4,24
0,9,6.0,51,0,3,0,16,72,3,23
0,1,23.0,69,2,0,2,14,25,3,17
0,1,23.0,69,2,8,0,0,85,1,17
0,8,7.0,70,4,4,0,5,12,0,11
0,3,30.0,304,3,18,1,6,128,4,19
0,8,23.0,102,6,3,1,1,105,4,17
0,1,21.0,45,0,4,0,3,76,4,21
0,4,15.0,132,3,20,1,3,30,4,1
0,4,31.0,67,1,16,0,12,61,1,20
0,11,1.0,222,3,13,0,6,7,1,7
0,2,5.0,127,3,1,0,9,57,2,24
0,2,13.0,276,0,5,1,3,79,2,25
1,10,19.0,117,1,18,0,13,99,4,10
0,8,10.0,71,3,8,0,4,4,4,4
0,8,10.0,71,3,15,1,4,4,4,4
0,8,15.0,72,5,15,0,3,115,2,1
0,8,15.0,72,5,19,0,6,7,4,1
0,8,17.0,74,3,6,0,8,9,1,6
0,8,17.0,74,3,10,1,16,72,1,6
0,8,18.0,75,0,20,0,5,6,1,0
0,8,18.0,75,0,5,2,8,41,0,0
0,8,17.0,74,3,22,1,1,105,0,6
0,4,1.0,144,3,18,2,15,31,3,7
0,4,2.0,141,0,21,2,16,72,3,22
0,4,2.0,141,0,21,1,4,121,0,22
0,4,2.0,141,0,13,1,6,7,1,22
0,4,2.0,141,0,8,2,2,2,2,22
0,4,2.0,141,0,14,1,4,66,2,22
0,4,2.0,141,0,13,1,4,75,0,22
0,4,17.0,19,1,21,1,15,51,0,6
0,4,17.0,19,1,23,0,7,78,2,6
0,4,17.0,19,1,23,2,10,47,0,6
0,4,17.0,19,1,13,0,8,118,4,6
0,4,17.0,19,1,22,0,8,33,4,6
0,5,12.0,327,5,2,1,16,113,4,28
0,5,29.0,24,0,4,0,14,25,1,16
0,11,28.0,123,6,20,0,1,11,4,18
0,10,14.0,174,5,17,0,12,80,1,5
0,10,29.0,318,6,9,0,3,79,1,16
0,3,4.0,285,1,18,3,6,116,1,30
1,7,2.0,160,2,5,0,4,75,4,22
0,2,30.0,131,4,18,2,5,64,3,19
0,8,28.0,224,4,14,1,2,123,4,18
1,5,8.0,199,3,13,2,15,114,2,8
1,10,17.0,256,3,2,1,10,47,1,6
1,1,1.0,203,0,12,1,3,103,4,7
0,4,17.0,19,1,14,0,6,7,0,6
0,4,19.0,142,4,7,1,9,134,0,10
0,4,19.0,142,4,15,0,5,12,3,10
0,4,19.0,142,4,7,1,9,134,0,10
0,4,19.0,142,4,7,1,9,134,0,10
0,4,25.0,20,2,5,0,4,138,3,13
0,8,25.0,86,0,15,0,2,69,0,13
0,4,25.0,20,2,8,0,8,9,3,13
0,2,2.0,143,4,6,0,1,59,1,22
0,2,2.0,143,4,0,0,5,12,3,22
0,4,1.0,144,3,9,2,15,46,3,7
0,4,2.0,141,0,17,0,3,103,0,22
0,4,1.0,144,3,22,2,2,69,0,7
0,4,9.0,18,0,17,0,13,29,1,12
0,4,9.0,18,0,8,0,1,67,3,12
0,4,17.0,19,1,6,2,10,47,0,6
0,4,17.0,19,1,0,0,3,30,3,6
0,4,17.0,19,1,15,0,8,118,1,6
0,4,17.0,19,1,15,0,10,47,0,6
0,4,19.0,142,4,17,1,13,99,0,10
0,1,1.0,203,1,11,0,2,71,1,7
0,4,19.0,142,4,11,1,13,13,1,10
0,4,19.0,142,4,15,1,1,1,4,10
0,4,19.0,142,4,9,0,3,115,3,10
0,4,25.0,20,2,12,0,0,26,1,13
0,4,25.0,20,2,19,0,7,111,1,13
0,2,2.0,143,4,21,1,15,114,4,22
0,2,2.0,143,4,2,0,2,92,2,22
0,2,2.0,143,4,22,0,1,11,4,22
0,2,2.0,143,4,20,0,6,14,1,22
0,8,25.0,86,0,13,1,15,114,2,13
0,4,1.0,144,3,21,1,9,87,0,7
0,8,10.0,71,3,3,1,0,64,1,4
0,5,9.0,206,1,11,0,15,114,3,12
0,7,9.0,273,4,13,0,12,17,3,12
0,9,6.0,51,0,20,1,1,59,4,23
0,6,8.0,59,4,11,1,1,35,0,8
0,4,25.0,20,2,11,1,16,37,4,13
0,9,6.0,51,0,14,0,0,64,1,23
0,5,9.0,206,1,6,0,0,64,3,12
0,7,9.0,273,4,19,1,3,115,4,12
0,8,17.0,74,3,2,1,14,25,4,6
0,6,1.0,158,4,17,1,14,32,4,7
0,9,7.0,271,1,6,0,3,103,1,11
0,3,8.0,148,6,19,0,0,15,2,8
0,7,15.0,205,2,7,1,2,2,0,1
0,8,18.0,75,0,13,1,13,28,1,0
0,2,9.0,21,4,15,0,11,94,3,12
0,9,7.0,271,1,3,3,5,64,3,11
0,5,9.0,206,1,22,0,8,27,1,12
0,7,23.0,202,4,21,0,6,128,1,17
0,8,18.0,75,0,1,0,3,76,3,0
0,9,7.0,271,1,1,2,6,89,1,11
0,5,9.0,206,1,2,0,16,108,0,12
0,5,9.0,206,1,14,0,5,6,0,12
0,7,23.0,202,4,3,0,3,44,3,17
0,8,18.0,75,0,4,1,9,87,4,0
0,2,9.0,21,4,8,2,8,27,3,12
0,8,24.0,85,3,0,0,2,86,1,14
0,5,9.0,206,1,18,0,14,107,3,12
0,2,9.0,21,4,14,1,5,6,0,12
0,8,24.0,85,3,0,0,9,95,1,14
0,3,16.0,263,3,16,0,6,7,4,2
0,9,7.0,271,1,14,0,11,15,2,11
0,2,24.0,22,5,6,0,11,8,1,14
0,7,23.0,202,4,4,0,16,72,1,17
0,3,15.0,35,6,2,1,0,96,4,1
0,2,24.0,22,5,8,0,5,12,2,14
0,7,24.0,68,5,4,0,16,113,0,14
0,8,24.0,85,3,17,1,0,85,0,14
0,8,24.0,85,3,2,1,5,12,1,14
0,8,24.0,85,3,4,0,5,6,0,14
0,8,24.0,85,3,17,0,12,135,1,14
0,8,24.0,85,3,18,0,1,35,4,14
0,8,25.0,86,0,21,0,0,64,3,13
0,8,25.0,86,0,11,1,12,80,1,13
0,4,1.0,144,3,17,0,5,12,0,7
0,4,1.0,144,3,16,0,14,24,1,7
0,8,10.0,71,3,17,0,12,80,1,4
0,4,1.0,144,3,4,1,0,68,4,7
0,4,1.0,144,3,19,2,7,62,3,7
1,6,24.0,31,5,17,0,9,134,4,14
0,1,8.0,62,1,14,1,6,7,2,8
0,1,7.0,32,0,20,0,5,64,3,11
0,1,7.0,32,0,16,0,0,12,3,11
0,1,7.0,32,0,4,0,16,42,3,11
0,1,7.0,32,0,20,1,4,66,1,11
0,1,10.0,17,4,8,0,15,39,0,4
0,1,10.0,17,4,3,0,0,53,3,4
0,1,9.0,50,2,16,0,0,12,3,12
0,1,15.0,1,1,22,2,9,101,2,1
0,1,15.0,1,1,14,2,2,2,1,1
0,1,16.0,2,2,6,0,5,12,0,2
0,1,23.0,69,2,6,0,10,47,3,17
0,1,23.0,69,2,17,2,4,136,2,17
0,1,23.0,69,2,4,0,8,9,0,17
0,8,7.0,70,4,16,2,6,7,3,11
0,8,7.0,70,4,19,2,6,7,3,11
0,8,7.0,70,4,4,0,3,76,1,11
0,8,10.0,71,3,0,2,0,26,3,4
0,8,10.0,71,3,6,1,15,114,0,4
0,8,10.0,71,3,1,0,14,107,0,4
0,8,10.0,71,3,11,1,10,23,1,4
0,8,15.0,72,5,21,0,8,33,3,1
0,8,15.0,72,5,15,2,2,86,1,1
0,8,15.0,72,5,20,1,6,14,0,1
0,8,15.0,72,5,8,0,2,2,2,1
0,8,15.0,72,5,8,2,13,21,3,1
0,8,15.0,72,5,4,0,2,86,3,1
0,8,15.0,72,5,18,1,0,64,0,1
0,8,16.0,73,6,19,2,13,29,0,2
0,8,17.0,74,3,9,0,0,26,3,6
0,8,18.0,75,0,15,1,2,2,4,0
0,8,18.0,75,0,19,2,0,64,1,0
0,8,18.0,75,0,20,1,15,114,1,0
0,10,24.0,261,0,11,3,12,56,0,14
0,8,7.0,70,4,11,3,9,63,4,11
0,8,24.0,85,3,21,0,5,6,3,14
0,8,24.0,85,3,15,0,9,102,4,14
0,5,22.0,163,0,14,0,4,82,0,26
0,9,1.0,126,2,17,0,16,72,1,7
0,1,22.0,164,1,18,1,13,69,0,26
0,8,14.0,296,4,18,1,14,88,4,5
0,1,31.0,305,4,11,3,8,9,4,20
0,8,11.0,306,0,15,0,13,99,2,9
1,6,20.0,215,0,4,1,14,126,4,29
1,10,25.0,56,0,13,1,15,51,2,13
1,2,29.0,140,1,15,0,3,44,4,16
1,0,21.0,287,2,6,0,6,7,0,21
0,11,4.0,275,2,5,0,9,102,1,30
0,9,4.0,295,6,15,0,13,21,1,30
0,8,9.0,124,6,8,0,12,56,2,12
0,8,9.0,124,6,15,0,9,63,2,12
0,8,25.0,86,0,17,0,1,81,4,13
0,8,25.0,86,0,12,0,2,2,3,13
0,8,25.0,86,0,1,2,6,89,3,13
0,4,1.0,144,3,8,0,7,20,2,7
0,7,5.0,204,3,22,0,14,24,1,24
0,7,24.0,68,5,14,0,13,29,2,14
0,7,24.0,68,5,1,1,16,113,1,14
0,7,9.0,273,4,16,0,3,70,0,12
0,5,16.0,239,1,6,2,5,6,3,2
0,3,7.0,289,5,20,0,13,123,4,11
0,2,26.0,3,3,0,1,7,57,0,3
0,10,17.0,256,0,20,0,14,32,4,6
0,10,17.0,256,0,10,1,5,6,0,6
0,10,17.0,256,0,12,0,0,26,3,6
1,1,11.0,111,4,19,3,5,12,3,9
1,8,12.0,284,0,8,1,0,12,0,28
1,4,3.0,279,0,13,2,14,88,3,27
1,2,29.0,140,1,9,1,12,17,0,16
0,3,30.0,304,3,4,0,3,79,3,19
0,1,13.0,207,3,14,0,10,52,3,25
0,1,22.0,164,1,18,0,0,26,3,26
0,1,30.0,100,2,4,1,10,47,1,19
0,8,11.0,306,0,8,0,1,16,3,9
0,1,31.0,305,4,19,1,11,18,0,20
0,1,31.0,305,4,8,0,0,31,4,20
0,1,31.0,305,4,3,1,15,108,1,20
1,10,1.0,208,5,11,0,2,71,2,7
1,3,1.0,180,5,19,0,1,11,0,7
1,4,4.0,178,1,2,1,0,53,0,30
1,1,1.0,203,0,5,0,5,6,1,7
0,3,10.0,4,0,6,1,2,35,4,4
0,5,5.0,96,5,0,0,0,68,2,24
0,3,1.0,180,6,17,0,11,124,1,7
0,10,12.0,333,2,13,0,15,96,4,28
0,7,1.0,98,2,18,1,1,67,4,7
0,7,26.0,316,3,2,1,10,47,0,3
0,10,17.0,256,0,2,1,9,87,4,6
0,10,17.0,256,0,19,2,12,80,3,6
0,10,17.0,256,0,18,2,8,27,3,6
0,10,17.0,256,0,21,1,8,41,4,6
0,10,24.0,261,0,16,0,16,108,3,14
0,10,24.0,261,0,0,0,13,21,4,14
0,10,24.0,261,0,22,2,0,96,3,14
0,10,24.0,261,0,19,0,8,41,1,14
0,10,24.0,261,0,18,0,14,25,4,14
0,1,1.0,203,1,21,0,5,6,0,7
0,1,1.0,203,1,20,0,3,76,2,7
0,1,1.0,203,1,22,0,6,128,1,7
0,1,1.0,203,1,3,0,3,76,3,7
0,7,21.0,81,1,4,0,14,88,2,21
0,10,12.0,333,2,1,0,8,118,1,28
0,4,12.0,134,4,12,0,5,12,1,28
1,7,9.0,273,2,11,0,14,34,1,12
1,5,11.0,326,2,4,0,15,31,1,9
1,1,19.0,29,5,14,0,16,72,0,10
1,2,13.0,276,3,4,1,2,2,2,25
1,10,1.0,208,5,17,0,4,4,2,7
1,0,28.0,249,2,13,0,1,1,4,18
0,5,5.0,96,5,22,0,0,77,1,24
1,1,1.0,203,0,2,1,3,103,4,7
0,1,1.0,203,1,4,0,11,133,0,7
0,1,1.0,203,1,12,0,10,23,1,7
0,1,7.0,32,0,15,0,16,113,2,11
0,1,7.0,32,0,18,0,10,47,0,11
0,1,7.0,32,0,4,2,1,35,3,11
0,1,7.0,32,0,14,0,3,79,1,11
0,1,9.0,50,2,6,0,4,70,3,12
0,1,10.0,17,4,0,1,6,89,0,4
0,1,10.0,17,4,21,1,9,87,0,4
0,1,15.0,1,1,13,0,0,77,1,1
0,1,15.0,1,1,19,0,2,92,0,1
0,1,15.0,1,1,4,0,5,64,1,1
0,1,16.0,2,2,5,0,4,75,4,2
0,7,9.0,273,4,22,0,2,2,1,12
0,7,9.0,273,4,12,1,15,46,1,12
0,5,16.0,239,1,10,1,3,30,2,2
0,7,15.0,205,2,15,0,0,77,3,1
0,5,16.0,239,1,15,0,10,22,1,2
0,11,31.0,227,1,20,1,14,25,4,20
0,7,15.0,205,2,15,0,13,69,4,1
0,5,16.0,239,1,1,0,1,11,4,2
0,3,8.0,148,6,6,0,2,2,3,8
1,5,20.0,214,5,2,1,13,38,4,29
0,5,16.0,239,1,12,0,7,120,3,2
0,5,23.0,168,1,0,0,2,69,4,17
0,5,23.0,168,1,23,0,11,133,1,17
0,5,23.0,168,1,12,0,10,47,2,17
0,5,23.0,168,1,14,0,6,89,3,17
0,5,23.0,168,1,12,1,13,99,4,17
0,6,1.0,158,4,5,0,10,22,1,7
0,6,1.0,158,4,14,0,11,117,3,7
0,6,1.0,158,4,22,0,12,80,3,7
0,6,7.0,169,2,17,1,5,6,0,11
0,6,7.0,169,2,16,0,12,61,1,11
0,6,7.0,169,2,15,0,10,47,3,11
0,6,7.0,169,2,1,0,16,74,1,11
0,6,7.0,169,2,18,2,10,47,0,11
0,11,22.0,250,3,20,0,1,1,1,26
0,9,6.0,51,0,17,0,7,120,1,23
0,9,6.0,51,0,14,0,15,108,1,23
0,9,6.0,51,0,20,1,4,127,4,23
0,9,7.0,271,1,16,0,8,9,4,11
0,9,7.0,271,1,7,0,13,99,1,11
0,9,24.0,272,5,8,1,2,69,1,14
0,7,9.0,273,4,3,1,1,81,4,12
0,7,9.0,273,4,8,2,5,12,0,12
0,7,9.0,273,4,4,0,11,124,4,12
0,7,15.0,205,2,4,0,8,27,1,1
0,7,9.0,273,4,17,0,2,13,1,12
0,6,5.0,342,0,12,1,2,2,1,24
1,2,3.0,282,4,12,2,8,27,2,27
1,0,21.0,287,2,18,1,11,117,0,21
1,4,1.0,144,6,17,0,10,52,2,7
0,3,30.0,304,3,8,0,6,7,3,19
0,5,22.0,163,0,19,0,6,89,1,26
0,10,13.0,346,4,1,0,4,79,3,25
1,10,17.0,256,3,2,0,9,63,1,6
0,3,5.0,324,2,4,3,5,6,3,24
1,10,27.0,302,2,17,3,10,47,1,15
1,8,4.0,299,3,16,0,1,59,4,30
1,8,11.0,306,3,1,0,1,11,1,9
1,8,20.0,319,1,6,0,7,62,0,29
1,8,28.0,224,2,12,1,0,26,1,18
1,4,4.0,178,1,13,1,6,7,0,30
0,7,21.0,81,1,14,0,9,93,1,21
0,3,29.0,325,6,14,0,9,101,2,16
0,5,5.0,96,5,8,0,12,56,2,24
0,7,23.0,202,4,18,3,14,25,3,17
0,7,5.0,204,3,22,0,10,22,1,24
0,3,7.0,289,5,13,0,0,26,2,11
0,3,8.0,148,6,18,0,12,83,2,8
0,5,1.0,109,0,2,3,2,123,0,7
0,5,6.0,277,6,16,0,15,108,3,23
0,5,6.0,277,6,13,0,7,62,4,23
0,5,6.0,277,6,8,1,13,48,4,23
0,5,9.0,206,1,17,0,5,6,3,12
0,5,23.0,168,1,22,0,0,53,1,17
0,5,23.0,168,1,18,0,10,47,3,17
0,6,7.0,169,2,16,0,5,12,3,11
0,6,9.0,236,5,17,0,11,15,3,12
0,6,9.0,236,5,16,0,3,103,3,12
0,6,9.0,236,5,19,0,0,53,4,12
0,6,15.0,49,4,22,1,0,0,4,1
0,6,24.0,31,6,0,2,2,86,3,14
0,6,24.0,31,6,2,0,0,12,3,14
1,4,17.0,19,0,13,2,2,3,3,6
1,5,23.0,168,0,4,3,1,67,3,17
1,10,6.0,242,2,1,0,2,2,4,23
1,10,6.0,242,2,15,1,2,92,4,23
0,3,8.0,148,6,22,0,3,70,3,8
1,10,16.0,201,6,13,0,10,43,1,2
0,2,25.0,233,6,15,0,4,121,2,13
0,2,1.0,16,2,11,0,13,48,4,7
1,0,15.0,190,4,5,3,9,101,0,1
0,3,8.0,148,6,19,2,8,27,1,8
0,0,25.0,281,0,18,0,8,41,1,13
1,1,23.0,69,1,5,0,3,30,1,17
0,7,15.0,205,2,22,2,2,69,3,1
0,7,15.0,205,2,12,0,7,20,4,1
1,2,25.0,233,5,21,1,6,91,0,13
1,2,25.0,233,5,15,2,15,39,3,13
1,0,22.0,241,4,18,0,4,75,4,26
1,0,22.0,241,4,9,2,0,64,3,26
1,0,23.0,237,5,6,1,8,19,0,17
1,0,23.0,237,5,19,0,0,53,0,17
1,0,23.0,237,5,4,2,16,130,3,17
0,11,5.0,240,4,21,0,9,101,1,24
0,11,5.0,240,4,11,1,6,14,4,24
1,11,5.0,240,2,15,2,13,29,2,24
0,11,5.0,240,4,19,1,10,22,4,24
0,11,5.0,240,4,2,2,7,62,3,24
0,11,22.0,250,3,16,2,10,22,3,26
0,11,22.0,250,3,8,1,11,55,4,26
0,9,6.0,51,0,12,1,2,123,4,23
0,9,6.0,51,0,20,1,7,120,4,23
0,9,7.0,271,1,11,0,0,12,1,11
1,1,19.0,29,5,3,0,10,22,2,10
1,1,26.0,248,5,20,0,4,4,1,3
1,4,11.0,121,1,11,0,2,2,4,9
0,7,21.0,81,1,12,0,1,81,1,21
0,5,27.0,328,6,8,1,2,13,1,15
0,7,1.0,98,2,17,0,13,21,1,7
0,5,12.0,327,5,5,0,10,47,3,28
1,7,8.0,94,1,1,1,2,69,0,8
1,9,27.0,179,3,11,1,14,32,4,15
0,9,24.0,272,5,4,0,13,21,1,14
0,7,9.0,273,4,6,0,8,33,1,12
0,7,15.0,205,2,5,0,16,50,1,1
0,7,15.0,205,2,1,0,2,92,3,1
0,7,15.0,205,2,18,0,0,77,1,1
0,7,23.0,202,4,17,2,0,64,3,17
0,7,23.0,202,4,16,0,14,25,2,17
0,7,23.0,202,4,1,0,11,124,0,17
0,7,24.0,68,5,0,1,9,27,0,14
0,7,24.0,68,5,4,2,2,3,3,14
0,3,7.0,289,5,6,2,5,47,3,11
0,3,7.0,289,5,4,0,6,89,3,11
0,3,8.0,148,6,23,0,10,47,4,8
0,3,22.0,166,6,3,0,1,1,0,26
0,9,5.0,89,3,4,1,9,9,0,24
0,11,6.0,252,5,13,1,2,86,1,23
0,7,16.0,40,4,20,1,14,125,4,2
0,3,22.0,166,6,8,0,2,40,1,26
0,5,1.0,109,0,23,0,11,133,0,7
0,5,1.0,109,0,5,0,8,41,2,7
0,5,1.0,109,0,4,0,13,29,0,7
0,5,6.0,277,6,10,0,5,6,3,23
0,5,6.0,277,6,12,2,4,4,3,23
0,5,6.0,277,6,23,0,6,7,2,23
0,5,16.0,239,1,14,0,13,29,0,2
0,3,8.0,148,6,2,0,4,82,1,8
0,3,16.0,263,3,13,2,16,37,3,2
0,6,1.0,158,4,16,0,0,12,0,7
0,6,1.0,158,4,20,1,0,0,4,7
0,6,1.0,158,4,9,0,16,50,3,7
0,6,1.0,158,4,13,0,1,11,4,7
0,6,7.0,169,2,5,2,4,45,0,11
0,6,7.0,169,2,13,1,14,24,4,11
0,6,15.0,49,4,21,1,11,94,0,1
0,6,24.0,31,6,6,1,8,9,4,14
0,3,2.0,120,3,2,0,8,19,4,22
1,9,10.0,156,4,17,0,2,2,4,4
0,1,14.0,183,0,17,3,13,28,3,5
1,11,27.0,322,4,2,1,10,47,1,15
1,9,2.0,323,2,7,1,0,12,2,22
1,9,24.0,272,4,23,1,16,113,1,14
1,11,25.0,88,1,9,0,3,44,4,13
1,3,2.0,120,6,12,0,6,89,1,22
1,3,2.0,120,6,13,1,9,109,4,22
0,0,15.0,190,5,12,1,0,53,1,1
1,3,11.0,337,0,4,0,9,10,1,9
0,0,22.0,241,5,17,0,5,12,1,26
1,5,19.0,146,4,5,0,6,7,0,10
1,6,10.0,149,5,22,0,8,27,2,4
1,6,18.0,308,6,18,1,14,97,4,0
1,2,28.0,257,0,11,0,13,99,4,18
1,7,1.0,98,1,17,0,11,18,1,7
0,0,23.0,237,6,5,3,9,95,0,17
1,6,11.0,355,6,1,1,14,25,0,9
1,8,29.0,301,4,17,0,1,67,3,16
1,8,29.0,301,4,19,1,0,26,1,16
1,1,25.0,65,4,1,0,5,12,0,13
0,11,4.0,275,2,13,1,7,54,4,30
1,0,19.0,13,0,8,1,9,49,4,10
0,9,4.0,295,6,23,0,12,17,4,30
0,3,20.0,105,4,13,1,14,88,4,29
0,3,30.0,304,3,2,2,3,76,3,19
0,6,15.0,49,4,20,0,6,116,2,1
0,6,24.0,31,6,15,1,0,31,4,14
0,6,24.0,31,6,2,0,0,12,3,14
0,10,17.0,256,0,13,3,5,6,0,6
0,10,17.0,256,0,2,1,12,56,1,6
0,10,24.0,261,0,16,2,12,80,0,14
0,10,24.0,261,0,12,0,9,95,3,14
0,10,24.0,261,0,3,0,11,124,2,14
0,10,24.0,261,0,20,1,10,23,1,14
0,1,1.0,203,1,14,0,13,99,3,7
0,1,1.0,203,1,1,0,7,120,3,7
0,1,1.0,203,1,14,1,10,52,4,7
0,1,9.0,50,2,0,0,9,54,1,12
0,1,1.0,203,1,0,0,13,21,1,7
0,1,9.0,50,2,13,2,4,45,3,12
0,3,16.0,263,3,2,0,10,22,1,2
0,3,16.0,263,3,3,1,1,105,4,2
0,3,16.0,263,3,3,1,1,105,4,2
0,3,22.0,166,6,16,1,1,35,0,26
0,3,22.0,166,6,3,2,14,125,0,26
0,3,22.0,166,6,0,1,10,22,1,26
0,5,1.0,109,0,17,0,6,132,1,7
0,5,1.0,109,0,5,0,2,86,3,7
0,5,1.0,109,0,22,0,8,9,2,7
0,8,10.0,71,3,1,0,0,31,4,4
0,8,10.0,71,3,9,0,15,46,0,4
0,8,10.0,71,3,1,2,8,27,3,4
0,8,10.0,71,3,19,0,1,81,0,4
0,8,10.0,71,3,22,1,9,49,1,4
0,2,16.0,220,4,1,0,8,65,1,2
0,0,10.0,129,3,18,3,13,28,0,4
1,3,21.0,338,4,4,0,8,41,1,21
1,5,20.0,214,5,10,0,13,48,0,29
1,7,6.0,93,3,20,0,12,84,1,23
1,10,6.0,242,2,19,2,10,6,3,23
1,1,23.0,69,1,17,1,1,81,4,17
1,8,5.0,101,0,15,1,14,88,4,24
0,5,8.0,199,0,7,1,14,126,1,8
0,5,31.0,196,2,13,3,16,12,4,20
0,10,16.0,201,3,14,1,13,36,0,2
0,10,18.0,246,1,11,1,13,21,0,0
1,1,30.0,100,1,5,0,12,61,1,19
0,8,15.0,72,5,6,2,2,40,3,1
0,8,15.0,72,5,15,0,11,133,4,1
0,8,15.0,72,5,9,1,2,86,1,1
0,8,16.0,73,6,17,1,9,93,2,2
0,8,16.0,73,6,13,1,11,55,1,2
0,8,16.0,73,6,22,0,12,17,0,2
0,8,16.0,73,6,15,1,0,68,1,2
0,8,17.0,74,3,5,0,5,12,1,6
0,8,17.0,74,3,22,0,6,14,2,6
0,8,17.0,74,3,17,2,10,12,1,6
0,8,17.0,74,3,12,0,4,75,3,6
0,8,17.0,74,3,4,0,13,13,3,6
0,8,18.0,75,0,13,1,12,80,4,0
0,1,10.0,17,4,17,1,0,15,0,4
0,1,10.0,17,4,5,1,1,59,4,4
0,1,10.0,17,4,3,1,13,48,4,4
0,1,15.0,1,1,7,0,16,42,1,1
0,1,15.0,1,1,16,1,9,93,4,1
0,1,16.0,2,2,21,0,10,22,3,2
0,1,16.0,2,2,15,1,0,64,0,2
0,1,16.0,2,2,5,0,13,38,1,2
0,1,15.0,1,1,22,2,1,11,3,1
0,1,16.0,2,2,2,0,0,68,0,2
0,1,15.0,1,1,4,0,6,73,3,1
0,1,7.0,32,0,8,1,4,121,0,11
0,1,23.0,69,2,6,0,5,12,3,17
0,1,23.0,69,2,17,1,16,74,0,17
0,1,23.0,69,2,11,0,12,80,4,17
0,1,23.0,69,2,5,0,9,27,3,17
0,1,23.0,69,2,8,0,6,14,4,17
0,8,7.0,70,4,2,1,15,114,1,11
0,8,10.0,71,3,5,0,5,12,3,4
0,8,10.0,71,3,19,0,9,134,4,4
0,8,15.0,72,5,1,0,7,20,0,1
0,8,15.0,72,5,18,2,15,112,1,1
0,8,16.0,73,6,21,1,1,105,0,2
0,8,17.0,74,3,17,0,7,57,3,6
0,8,18.0,75,0,20,1,2,92,1,0
0,8,18.0,75,0,8,0,2,40,1,0
0,8,18.0,75,0,18,0,0,12,3,0
0,8,18.0,75,0,1,0,16,50,0,0
0,8,18.0,75,0,19,0,11,133,0,0
1,2,23.0,230,2,0,0,5,12,0,17
0,7,14.0,125,1,1,1,3,30,0,5
0,7,14.0,125,1,9,0,0,96,4,5
0,3,6.0,303,4,18,0,10,12,1,23
0,5,8.0,199,0,18,0,8,9,0,8
0,5,8.0,199,0,13,0,0,96,0,8
0,5,15.0,200,0,12,1,9,109,0,1
0,5,15.0,200,0,9,0,8,41,1,1
0,6,6.0,83,1,4,1,13,28,0,23
0,6,6.0,83,1,17,0,2,2,1,23
0,6,23.0,84,5,8,0,8,9,3,17
0,1,2.0,171,2,17,0,14,25,1,22
0,1,2.0,171,2,23,1,9,10,4,22
0,8,8.0,76,5,19,1,10,47,0,8
0,8,8.0,76,5,17,0,3,70,4,8
0,4,8.0,292,3,9,0,0,26,1,8
0,6,8.0,59,4,18,2,10,22,3,8
0,10,15.0,60,6,0,3,1,105,3,1
0,8,18.0,75,0,11,1,7,62,4,0
0,8,18.0,75,0,22,2,16,65,3,0
0,8,24.0,85,3,1,0,5,64,1,14
0,8,24.0,85,3,18,0,12,61,3,14
0,8,25.0,86,0,6,0,13,99,3,13
0,8,25.0,86,0,16,2,10,47,0,13
0,8,25.0,86,0,0,2,14,34,3,13
0,4,1.0,144,3,20,0,12,84,1,7
0,4,1.0,144,3,19,0,9,93,1,7
0,4,9.0,18,0,21,0,2,2,1,12
0,4,9.0,18,0,8,0,5,12,0,12
0,4,9.0,18,0,4,0,15,31,0,12
0,4,9.0,18,0,14,0,15,114,1,12
1,2,3.0,282,4,18,0,1,11,4,27
1,2,29.0,140,1,17,3,0,31,4,16
1,0,21.0,287,2,1,0,6,7,1,21
0,11,4.0,275,2,8,3,14,32,0,30
0,11,1.0,222,3,11,0,1,16,1,7
0,7,20.0,266,0,12,1,5,64,0,29
0,3,30.0,304,3,12,0,14,107,4,19
0,5,22.0,163,0,18,0,2,2,2,26
0,5,22.0,163,0,4,1,12,104,0,26
0,6,24.0,31,6,9,0,6,7,1,14
0,6,24.0,31,6,18,0,1,105,3,14
0,10,17.0,256,0,17,0,1,16,3,6
0,10,17.0,256,0,5,1,8,9,4,6
0,10,17.0,256,0,23,0,0,77,3,6
0,6,9.0,236,5,5,1,1,1,4,12
0,6,9.0,236,5,3,0,10,47,1,12
0,6,9.0,236,5,15,0,9,9,2,12
0,6,15.0,49,4,21,3,13,99,3,1
0,6,15.0,49,4,13,0,15,31,2,1
0,6,15.0,49,4,9,0,13,99,3,1
0,6,24.0,31,6,17,1,6,14,0,14
0,6,24.0,31,6,0,1,15,46,4,14
0,6,24.0,31,6,23,1,13,28,1,14
0,10,17.0,256,0,6,0,16,50,0,6
0,10,17.0,256,0,4,2,0,0,3,6
0,10,24.0,261,0,15,2,3,79,0,14
0,10,24.0,261,0,9,1,7,111,4,14
0,1,1.0,203,1,15,0,9,102,1,7
0,5,1.0,109,0,17,0,13,21,0,7
0,1,7.0,32,0,8,0,9,83,1,11
0,1,9.0,50,2,17,1,3,76,1,12
0,6,8.0,59,4,8,1,1,11,4,8
1,4,13.0,221,4,11,1,9,101,4,25
0,9,23.0,167,4,14,0,6,89,1,17
0,7,14.0,125,1,14,1,1,59,1,5
0,3,6.0,303,4,18,0,2,86,1,23
0,3,6.0,303,4,19,0,10,6,3,23
0,6,6.0,83,1,3,1,9,93,4,23
0,6,23.0,84,5,15,0,1,105,2,17
0,6,23.0,84,5,22,1,3,30,2,17
0,10,23.0,247,3,0,1,14,126,4,17
0,2,16.0,220,4,3,0,14,97,2,2
0,0,10.0,129,3,0,0,2,2,2,4
0,10,1.0,208,6,11,0,4,82,2,7
1,5,4.0,114,2,9,0,2,3,4,30
0,1,9.0,50,2,13,0,5,12,1,12
0,1,9.0,50,2,16,0,7,120,3,12
0,1,9.0,50,2,15,1,15,85,4,12
0,1,9.0,50,2,8,0,8,9,0,12
0,1,7.0,32,0,18,2,10,23,2,11
0,1,7.0,32,0,9,1,11,18,1,11
0,1,9.0,50,2,21,0,3,103,0,12
0,1,9.0,50,2,20,1,6,7,0,12
0,1,10.0,17,4,13,0,0,77,2,4
0,1,10.0,17,4,4,0,5,12,3,4
0,1,15.0,1,1,7,0,0,26,3,1
0,1,15.0,1,1,20,0,13,48,3,1
0,1,15.0,1,1,4,0,14,24,1,1
0,1,15.0,1,1,9,2,13,21,3,1
1,11,19.0,321,2,17,1,9,54,1,10
0,7,7.0,293,1,22,1,7,20,4,11
0,7,22.0,211,2,8,3,16,113,0,26
0,7,22.0,211,2,16,0,0,96,1,26
0,3,6.0,303,4,8,1,13,99,1,23
0,5,31.0,196,2,8,0,13,29,3,20
0,6,23.0,84,5,18,1,6,91,0,17
0,10,16.0,201,3,19,1,6,7,0,2
0,6,6.0,83,1,17,1,9,87,1,23
0,6,6.0,83,1,4,3,6,7,0,23
0,10,25.0,56,1,12,0,7,62,2,13
1,9,12.0,177,6,5,1,3,79,1,28
0,8,8.0,76,5,19,0,1,67,3,8
0,1,16.0,2,2,0,0,10,30,3,2
0,1,16.0,2,2,6,0,14,25,3,2
0,1,16.0,2,2,14,0,7,120,4,2
0,1,16.0,2,2,4,0,11,18,1,2
0,1,16.0,2,2,18,0,1,1,4,2
0,1,23.0,69,2,6,0,5,12,3,17
0,1,23.0,69,2,7,2,2,86,3,17
0,8,7.0,70,4,16,1,3,30,0,11
0,8,7.0,70,4,3,0,2,13,3,11
0,8,7.0,70,4,12,0,3,30,3,11
0,8,7.0,70,4,18,0,8,33,4,11
0,8,10.0,71,3,21,1,8,27,0,4
0,8,10.0,71,3,14,0,13,28,3,4
1,1,8.0,62,0,12,2,5,12,3,8
1,1,8.0,62,0,6,0,14,131,1,8
1,8,15.0,72,4,6,0,16,50,1,1
1,8,15.0,72,4,13,0,9,109,4,1
1,8,15.0,72,4,14,1,12,83,0,1
1,8,15.0,72,4,13,1,9,93,4,1
1,8,6.0,87,1,17,1,13,99,1,23
1,8,23.0,102,5,20,0,6,7,2,17
1,6,15.0,49,2,17,1,13,48,4,1
1,10,7.0,243,4,4,0,2,2,4,11
1,10,7.0,243,4,12,1,11,133,0,11
0,9,15.0,226,2,18,0,8,41,1,1
1,0,2.0,47,5,1,0,8,27,3,22
1,10,7.0,243,4,8,1,11,90,1,11
1,10,24.0,261,3,13,1,9,109,4,14
1,2,5.0,127,6,12,1,15,112,0,24
1,2,14.0,231,0,2,1,8,9,0,5
1,1,8.0,62,0,2,3,8,19,3,8
1,2,22.0,209,1,5,0,3,30,1,26
0,11,26.0,364,4,6,1,0,85,0,3
1,10,24.0,261,3,18,1,0,77,4,14
0,3,16.0,263,3,5,1,9,49,1,2
0,5,6.0,277,6,14,1,12,56,1,23
0,5,6.0,277,6,15,3,16,108,4,23
0,5,16.0,239,1,8,1,9,134,4,2
1,7,11.0,197,5,17,0,9,102,1,9
0,6,6.0,83,1,8,0,0,77,1,23
0,6,6.0,83,1,22,0,6,7,0,23
0,6,17.0,244,6,11,0,8,9,1,6
1,2,5.0,127,6,18,0,2,35,4,24
0,6,17.0,244,6,22,0,8,27,0,6
0,7,7.0,293,1,12,2,5,64,0,11
0,9,15.0,226,2,17,3,5,6,4,1
0,7,14.0,125,1,18,0,12,121,1,5
0,7,22.0,211,2,15,0,0,68,1,26
0,7,22.0,211,2,12,0,14,24,1,26
0,3,6.0,303,4,17,0,2,40,1,23
0,3,6.0,303,4,17,1,2,40,4,23
0,3,6.0,303,4,2,0,0,26,1,23
1,2,17.0,6,4,14,1,14,106,4,6
1,0,9.0,48,5,14,0,12,61,2,12
0,3,6.0,303,4,12,0,7,57,3,23
0,3,6.0,303,4,11,1,11,18,1,23
0,3,6.0,303,4,20,1,11,18,1,23
0,3,6.0,303,4,3,0,9,9,2,23
0,3,17.0,54,0,17,0,15,51,2,6
0,3,17.0,54,0,22,2,1,11,3,6
0,3,17.0,54,0,13,0,12,80,0,6
1,4,12.0,134,2,2,2,3,103,3,28
1,4,12.0,134,2,8,1,14,97,4,28
1,4,12.0,134,2,1,0,4,5,3,28
1,4,18.0,26,1,17,2,9,87,3,0
1,4,18.0,26,1,15,0,1,11,0,0
1,4,18.0,26,1,22,0,13,38,2,0
1,4,18.0,26,1,4,2,8,27,2,0
0,9,20.0,119,0,2,0,1,105,3,29
1,0,12.0,113,0,4,3,0,12,0,28
1,0,26.0,14,0,4,1,9,102,4,3
1,4,20.0,115,4,16,0,8,9,4,29
1,4,20.0,115,4,6,1,11,15,0,29
1,4,20.0,115,4,15,1,16,65,4,29
1,4,20.0,115,4,14,0,0,26,1,29
0,5,7.0,349,3,17,0,14,24,0,11
1,4,28.0,218,5,20,0,12,121,1,18
1,4,28.0,218,5,5,0,3,70,1,18
0,9,3.0,217,5,16,0,16,37,1,27
0,9,3.0,217,5,15,2,8,9,0,27
1,0,28.0,249,2,9,1,3,103,0,18
1,8,1.0,66,4,22,0,10,47,2,7
0,6,21.0,193,2,0,2,5,6,3,21
0,9,10.0,156,5,6,2,14,24,1,4
0,9,18.0,359,6,3,0,8,27,4,0
0,9,18.0,359,6,22,0,1,11,2,0
0,9,18.0,359,6,12,0,5,12,1,0
0,9,3.0,217,5,2,2,14,25,2,27
0,9,18.0,359,6,1,1,6,128,1,0
0,9,19.0,234,3,6,1,4,79,0,10
0,9,21.0,362,1,13,1,9,49,1,21
0,9,19.0,234,3,2,0,2,86,2,10
0,9,21.0,362,1,16,0,5,12,0,21
0,9,20.0,119,0,2,2,0,96,3,29
0,9,21.0,362,1,17,0,7,120,3,21
0,9,19.0,234,3,12,1,1,35,0,10
0,9,27.0,179,0,17,1,16,39,4,15
0,9,27.0,179,0,1,2,15,51,1,15
0,7,2.0,160,4,23,0,2,13,4,22
0,7,2.0,160,4,3,0,0,85,4,22
0,7,2.0,160,4,5,1,2,2,4,22
0,7,2.0,160,4,12,0,14,88,3,22
0,3,17.0,54,0,8,0,13,38,2,6
0,3,24.0,357,0,17,0,13,29,1,14
0,3,25.0,347,1,12,0,2,40,3,13
0,3,26.0,343,2,21,0,8,27,1,3
0,3,26.0,343,2,8,2,10,22,0,3
1,1,8.0,62,0,19,1,0,15,4,8
0,9,15.0,226,2,18,1,4,121,0,1
1,8,8.0,76,4,18,0,6,7,1,8
0,11,26.0,364,4,12,2,0,31,0,3
1,0,12.0,113,0,17,0,8,27,0,28
0,9,19.0,234,3,8,0,1,67,1,10
0,9,9.0,320,4,9,1,3,79,2,12
0,9,17.0,255,5,22,2,6,7,3,6
1,0,12.0,113,0,19,0,2,86,1,28
0,9,20.0,119,0,2,1,14,107,1,29
1,2,14.0,231,0,1,0,2,71,4,5
0,5,7.0,349,3,22,0,3,115,2,11
0,9,3.0,217,5,19,0,4,127,1,27
0,9,9.0,320,4,2,1,8,19,4,12
0,9,19.0,234,3,15,1,3,30,4,10
0,9,17.0,255,5,11,1,9,95,4,6
1,0,20.0,172,1,20,0,2,86,1,29
0,11,26.0,364,4,18,0,7,57,3,3
0,5,6.0,277,6,11,2,2,86,3,23
0,9,3.0,217,5,4,0,8,9,1,27
0,9,9.0,320,4,8,0,2,92,2,12
0,5,8.0,199,0,21,3,10,22,3,8
0,9,21.0,362,1,22,0,4,82,1,21
0,9,17.0,255,5,20,1,15,114,1,6
1,0,20.0,172,1,9,2,6,89,1,29
0,11,10.0,360,1,22,0,2,2,1,4
0,5,16.0,239,1,22,1,9,49,1,2
0,9,17.0,255,5,5,0,11,94,0,6
0,11,30.0,170,0,16,0,8,9,3,19
0,9,17.0,255,5,2,0,6,89,1,6
0,7,7.0,293,1,0,0,6,89,4,11
0,7,22.0,211,2,17,2,2,86,1,26
0,3,6.0,303,4,14,2,6,128,3,23
0,3,24.0,357,0,6,0,13,99,1,14
0,3,25.0,347,1,18,0,14,34,3,13
0,3,25.0,347,1,11,1,1,59,1,13
0,5,7.0,349,3,6,0,16,50,1,11
0,5,7.0,349,3,0,0,13,29,3,11
0,5,7.0,349,3,11,0,2,86,3,11
1,0,8.0,9,4,5,0,9,95,2,8
1,0,25.0,281,3,7,1,10,47,0,13
0,5,25.0,350,4,16,0,15,112,4,13
0,5,25.0,350,4,19,1,6,128,1,13
0,5,25.0,350,4,4,0,15,112,3,13
0,5,31.0,196,2,6,2,7,78,0,20
0,5,31.0,196,2,8,1,3,103,4,20
0,6,6.0,83,1,6,2,12,80,3,23
0,6,6.0,83,1,22,0,5,6,0,23
0,6,17.0,244,6,9,2,1,1,3,6
0,6,23.0,84,5,17,1,16,42,2,17
0,6,18.0,308,3,15,0,13,38,2,0
0,6,23.0,84,5,1,0,1,11,3,17
0,6,23.0,84,5,13,0,12,84,1,17
0,6,26.0,348,0,2,0,10,47,1,3
0,10,1.0,208,6,12,0,6,7,4,7
0,10,6.0,242,4,6,0,6,14,4,23
0,10,6.0,242,4,8,0,10,52,1,23
0,10,6.0,242,4,12,0,3,115,3,23
0,9,25.0,344,6,23,0,8,27,1,13
0,10,7.0,243,5,16,0,8,118,3,11
0,10,7.0,243,5,18,0,7,137,1,11
1,0,24.0,55,6,3,1,10,47,1,14
0,5,7.0,349,3,2,0,12,61,1,11
0,5,8.0,199,0,23,0,14,24,2,8
0,5,8.0,199,0,8,0,9,49,0,8
0,5,8.0,199,0,18,0,8,33,1,8
0,5,15.0,200,0,3,0,5,6,3,1
0,5,17.0,212,2,16,0,4,82,1,6
0,5,15.0,200,0,15,0,3,79,3,1
0,5,25.0,350,4,3,1,3,76,4,13
0,5,31.0,196,2,21,0,5,6,0,20
0,5,31.0,196,2,21,2,13,38,3,20
0,5,31.0,196,2,19,2,10,22,3,20
0,5,31.0,196,2,14,0,13,99,0,20
0,6,6.0,83,1,6,1,0,15,4,23
0,6,6.0,83,1,9,0,10,12,3,23
0,6,17.0,244,6,17,0,13,69,0,6
0,6,17.0,244,6,21,0,15,51,1,6
0,6,17.0,244,6,14,0,12,135,4,6
0,6,17.0,244,6,9,2,10,47,3,6
0,6,18.0,308,3,7,1,13,69,0,0
0,6,18.0,308,3,10,0,14,32,0,0
0,6,18.0,308,3,5,0,5,6,0,0
0,6,18.0,308,3,19,0,6,89,4,0
0,6,18.0,308,3,19,0,6,73,3,0
0,6,18.0,308,3,2,2,13,75,3,0
0,6,23.0,84,5,11,2,0,31,3,17
0,6,23.0,84,5,20,0,3,44,3,17
0,6,23.0,84,5,23,1,6,128,1,17
0,6,26.0,348,0,8,0,2,69,4,3
0,6,26.0,348,0,2,2,2,71,4,3
0,6,26.0,348,0,15,1,9,49,1,3
0,6,26.0,348,0,6,1,0,68,1,3
0,6,26.0,348,0,18,0,2,40,4,3
0,6,26.0,348,0,4,0,10,52,3,3
0,6,26.0,348,0,4,2,2,2,3,3
0,6,26.0,348,0,1,0,1,35,4,3
0,6,26.0,348,0,19,1,9,10,1,3
0,11,15.0,331,3,11,1,14,107,1,1
0,11,16.0,225,0,1,0,6,7,0,2
0,10,1.0,208,6,6,2,7,8,1,7
0,10,1.0,208,6,18,0,7,78,3,7
0,10,6.0,242,4,6,0,2,60,3,23
0,10,6.0,242,4,0,0,10,47,3,23
0,10,6.0,242,4,0,0,11,18,3,23
0,10,6.0,242,4,22,0,8,9,1,23
0,9,21.0,362,1,16,2,2,86,1,21
0,9,25.0,344,6,22,0,10,47,1,13
0,6,18.0,308,3,8,1,3,115,4,0
0,11,10.0,360,1,4,1,13,21,4,4
1,0,26.0,14,0,10,0,5,64,3,3
1,8,1.0,66,4,1,2,4,4,3,7
0,11,17.0,110,1,22,0,13,36,2,6
0,9,25.0,344,6,1,0,16,72,1,13
1,8,3.0,363,6,15,0,4,45,0,27
1,0,27.0,23,1,8,1,0,15,0,15
0,11,11.0,175,2,6,0,8,19,4,9
0,9,3.0,217,5,6,1,14,97,0,27
0,6,18.0,308,3,2,2,6,89,3,0
0,9,25.0,344,6,23,1,11,133,1,13
0,7,27.0,53,0,4,1,1,105,4,15
1,8,3.0,363,6,20,0,14,24,2,27
1,0,27.0,23,1,11,1,2,60,4,15
1,0,2.0,47,5,7,1,10,23,1,22
0,11,11.0,175,2,16,0,7,57,4,9
0,9,3.0,217,5,15,0,13,123,4,27
0,6,18.0,308,3,4,0,13,99,0,0
0,9,25.0,344,6,18,0,15,114,1,13
1,5,8.0,199,3,8,1,2,92,2,8
1,0,29.0,191,4,4,0,10,47,3,16
1,0,12.0,113,0,13,0,10,52,3,28
1,0,12.0,113,0,22,0,5,12,0,28
0,3,28.0,187,5,13,0,13,48,1,18
1,0,12.0,113,0,2,0,1,1,3,28
1,0,20.0,172,1,16,0,0,77,3,29
1,0,20.0,172,1,3,0,3,44,3,29
1,0,20.0,172,1,2,0,14,24,1,29
1,0,20.0,172,1,19,0,8,9,0,29
1,0,26.0,14,0,17,1,7,62,0,3
1,0,26.0,14,0,11,1,10,43,0,3
1,0,26.0,14,0,22,2,8,41,3,3
1,0,26.0,14,0,9,0,0,26,2,3
1,0,27.0,23,1,16,0,14,107,1,15
1,0,27.0,23,1,16,0,13,13,0,15
1,0,27.0,23,1,0,0,5,12,3,15
1,0,27.0,23,1,1,0,1,11,1,15
1,0,27.0,23,1,19,0,16,50,3,15
1,0,29.0,191,4,22,2,2,3,0,16
1,0,29.0,191,4,7,1,12,17,0,16
0,11,9.0,311,0,0,0,9,93,1,12
0,11,9.0,311,0,20,0,9,63,3,12
0,11,9.0,311,0,1,0,16,74,2,12
0,11,10.0,360,1,3,1,14,107,4,4
0,11,11.0,175,2,6,0,10,47,3,9
0,9,20.0,119,0,23,0,10,22,2,29
0,9,21.0,362,1,3,0,15,31,2,21
0,9,18.0,359,6,21,1,9,54,1,0
0,9,21.0,362,1,14,0,6,91,1,21
0,9,19.0,234,3,4,2,1,59,0,10
0,9,27.0,179,0,2,0,12,83,1,15
0,9,27.0,179,0,19,0,2,86,2,15
0,9,27.0,179,0,12,0,16,130,1,15
0,9,19.0,234,3,20,3,8,41,0,10
0,11,26.0,364,4,10,0,4,45,2,3
0,7,2.0,160,4,20,0,13,38,4,22
0,7,2.0,160,4,14,0,8,118,1,22
0,7,4.0,186,6,16,0,1,35,1,30
0,7,11.0,197,6,6,0,14,125,2,9
0,7,11.0,197,6,20,0,5,0,2,9
0,7,11.0,197,6,22,0,16,130,3,9
0,7,11.0,197,6,22,1,12,56,4,9
0,7,11.0,197,6,4,2,10,6,3,9
0,9,21.0,362,1,13,0,0,0,1,21
0,9,27.0,179,0,17,0,5,6,3,15
0,9,27.0,179,0,6,0,13,28,0,15
0,10,4.0,356,1,12,1,11,55,0,30
0,9,27.0,179,0,16,0,0,53,3,15
0,11,17.0,110,1,12,0,9,87,2,6
0,9,27.0,179,0,13,0,6,128,4,15
0,9,27.0,179,0,4,2,6,14,0,15
0,7,2.0,160,4,6,0,10,23,1,22
0,9,27.0,179,0,15,0,12,61,2,15
0,9,27.0,179,0,14,3,14,24,2,15
0,7,2.0,160,4,2,0,10,47,1,22
0,7,2.0,160,4,20,0,1,59,1,22
0,9,27.0,179,0,18,3,14,25,3,15
0,7,2.0,160,4,13,1,2,69,4,22
0,7,4.0,186,6,11,2,3,76,2,30
0,7,4.0,186,6,15,0,5,64,2,30
0,7,4.0,186,6,3,2,0,96,3,30
0,7,4.0,186,6,3,0,9,134,4,30
0,7,11.0,197,6,23,1,1,35,0,9
0,7,11.0,197,6,8,1,9,10,4,9
0,7,11.0,197,6,19,0,10,47,2,9
0,7,11.0,197,6,3,0,4,127,1,9
0,7,12.0,181,3,22,1,1,35,4,28
0,11,11.0,175,2,14,0,15,108,3,9
0,11,11.0,175,2,4,0,3,44,0,9
0,11,11.0,175,2,12,0,11,18,1,9
0,11,11.0,175,2,18,0,7,137,1,9
0,11,12.0,118,4,0,1,13,21,0,28
0,11,11.0,175,2,4,0,10,22,1,9
0,11,17.0,110,1,17,1,14,25,4,6
0,11,17.0,110,1,6,2,6,89,1,6
0,11,17.0,110,1,11,0,0,12,1,6
0,11,17.0,110,1,6,0,0,53,3,6
0,11,17.0,110,1,4,2,10,47,3,6
0,9,3.0,217,5,15,0,0,15,0,27
0,11,11.0,175,2,7,0,0,0,1,9
1,5,8.0,199,3,22,2,13,13,3,8
1,0,29.0,191,4,9,0,5,6,2,16
0,9,17.0,255,5,6,0,10,47,2,6
1,0,29.0,191,4,19,0,12,84,3,16
0,9,3.0,217,5,11,1,4,127,4,27
1,5,16.0,239,0,18,1,15,31,4,2
0,6,23.0,84,5,16,0,5,6,3,17
1,0,29.0,191,4,9,1,7,57,0,16
1,11,1.0,222,6,16,0,0,26,0,7
0,9,10.0,156,5,8,0,8,118,2,4
0,7,7.0,293,1,8,0,0,64,0,11
1,8,20.0,319,1,14,0,6,128,1,29
0,6,23.0,84,5,15,0,7,54,1,17
0,11,12.0,118,4,9,1,5,12,0,28
0,11,9.0,311,0,2,0,12,80,2,12
1,5,3.0,161,1,13,0,2,60,4,27
1,5,17.0,212,1,6,0,9,93,1,6
0,6,23.0,84,5,4,0,2,86,1,17
0,11,12.0,118,4,19,2,14,25,3,28
0,11,10.0,360,1,14,0,6,89,1,4
0,11,12.0,118,4,18,0,10,22,2,28
0,11,9.0,311,0,4,1,7,20,1,12
1,8,3.0,363,6,4,0,1,105,4,27
1,8,3.0,363,6,9,2,15,85,3,27
1,8,10.0,71,6,7,1,7,62,0,4
1,8,10.0,71,6,11,3,8,27,0,4
1,8,10.0,71,6,8,1,1,105,4,4
1,4,12.0,134,2,5,0,5,6,0,28
1,4,12.0,134,2,2,0,4,82,2,28
1,4,12.0,134,2,4,0,3,30,1,28
1,4,18.0,26,1,0,2,11,18,3,0
1,4,18.0,26,1,2,0,13,48,2,0
1,4,20.0,115,4,23,0,1,81,4,29
1,4,20.0,115,4,19,0,14,25,3,29
1,4,28.0,218,5,21,1,1,105,0,18
1,2,2.0,143,2,16,1,10,52,4,22
1,2,2.0,143,2,11,0,2,2,2,22
0,11,12.0,118,4,1,0,11,15,1,28
0,6,20.0,215,1,18,1,16,50,0,29
0,11,17.0,110,1,0,0,9,101,1,6
0,11,17.0,110,1,6,0,1,59,1,6
0,11,17.0,110,1,22,0,8,33,1,6
0,11,17.0,110,1,19,1,9,134,4,6
0,11,17.0,110,1,2,2,2,69,0,6
0,11,21.0,192,6,21,1,8,19,0,21
1,0,4.0,229,3,4,1,16,50,0,30
1,0,4.0,229,3,8,1,1,1,1,30
1,0,3.0,334,6,8,0,2,2,2,27
1,2,1.0,16,1,17,0,11,18,4,7
1,1,11.0,111,4,14,0,6,132,3,9
1,1,11.0,111,4,18,1,3,115,1,9
1,4,1.0,144,6,17,0,10,22,1,7
1,2,1.0,16,1,20,1,16,50,1,7
1,0,10.0,129,6,5,0,1,67,2,4
1,4,29.0,313,6,20,0,13,38,4,16
0,6,3.0,99,6,17,1,0,26,2,27
1,0,21.0,287,2,17,0,1,35,4,21
1,9,7.0,271,0,13,0,15,46,3,11
1,9,8.0,90,1,12,1,11,94,1,8
1,11,7.0,253,5,2,3,15,96,0,11
1,3,19.0,138,1,1,0,12,61,1,10
1,3,18.0,165,0,22,1,0,15,4,0
0,10,1.0,208,6,14,0,0,77,3,7
0,10,1.0,208,6,9,1,12,17,4,7
0,10,6.0,242,4,0,0,3,70,4,23
0,10,6.0,242,4,6,0,10,43,3,23
0,10,6.0,242,4,5,0,10,47,3,23
0,6,6.0,83,1,13,1,2,86,4,23
0,10,6.0,242,4,11,0,13,38,1,23
0,10,6.0,242,4,8,0,16,50,1,23
0,10,6.0,242,4,2,0,9,9,3,23
0,10,6.0,242,4,4,1,9,102,4,23
0,10,7.0,243,5,3,0,8,33,4,11
0,5,15.0,200,0,8,1,11,15,1,1
0,5,15.0,200,0,9,0,9,134,1,1
0,5,17.0,212,2,6,0,14,97,3,6
0,5,17.0,212,2,6,2,10,47,3,6
0,5,25.0,350,4,16,0,0,77,1,13
0,5,25.0,350,4,0,2,13,99,0,13
0,11,15.0,331,3,9,2,13,28,2,1
0,5,25.0,350,4,8,2,4,4,1,13
0,5,25.0,350,4,9,0,4,75,4,13
0,6,6.0,83,1,3,0,13,48,3,23
0,6,17.0,244,6,6,0,0,12,1,6
0,6,17.0,244,6,11,1,2,2,4,6
0,11,21.0,192,6,0,1,16,37,0,21
0,11,21.0,192,6,15,0,4,75,1,21
0,11,26.0,364,4,15,0,6,128,1,3
0,11,26.0,364,4,1,0,2,71,4,3
0,11,11.0,175,2,2,0,9,101,4,9
0,9,3.0,217,5,15,0,10,47,2,27
0,9,3.0,217,5,3,0,14,110,4,27
0,9,10.0,156,5,16,2,8,27,3,4
0,9,10.0,156,5,12,0,1,1,2,4
0,9,10.0,156,5,4,1,9,49,4,4
0,9,12.0,177,3,18,0,15,51,0,28
0,9,18.0,359,6,6,0,2,2,1,0
0,11,10.0,360,1,17,1,6,14,0,4
0,5,31.0,196,2,0,0,10,43,1,20
0,7,18.0,154,6,1,0,9,49,1,0
1,5,18.0,195,2,12,3,3,103,3,0
1,5,8.0,199,3,10,0,11,15,1,8
1,5,8.0,199,3,9,2,8,27,2,8
1,11,1.0,222,6,17,0,11,129,2,7
1,3,1.0,180,5,12,0,9,49,1,7
1,0,1.0,8,4,11,0,8,27,2,7
1,2,27.0,136,3,5,3,9,27,0,15
1,1,19.0,29,5,3,0,10,52,0,10
0,11,29.0,270,3,14,1,1,105,0,16
1,9,17.0,255,4,13,3,13,48,0,6
1,8,20.0,319,1,1,0,13,13,3,29
1,1,1.0,203,0,17,0,3,103,2,7
1,6,17.0,244,5,13,0,1,67,2,6
1,6,27.0,116,0,14,0,13,21,1,15
1,6,25.0,39,6,19,0,12,84,1,13
0,11,11.0,175,2,17,1,5,0,2,9
0,11,11.0,175,2,4,0,13,29,2,9
0,11,11.0,175,2,9,0,8,41,4,9
0,11,11.0,175,2,18,0,14,24,1,9
0,11,12.0,118,4,3,0,1,11,0,28
0,11,12.0,118,4,2,0,2,2,4,28
0,11,12.0,118,4,3,1,15,46,1,28
0,11,12.0,118,4,1,0,2,40,4,28
0,11,17.0,110,1,16,1,14,107,0,6
0,11,17.0,110,1,19,0,10,43,1,6
0,11,21.0,192,6,8,0,16,50,1,21
0,11,21.0,192,6,19,0,7,62,1,21
0,11,21.0,192,6,18,1,5,6,0,21
0,11,26.0,364,4,15,2,0,15,3,3
0,9,3.0,217,5,5,0,8,33,4,27
0,9,3.0,217,5,15,2,16,37,2,27
0,9,3.0,217,5,5,1,3,115,0,27
0,9,10.0,156,5,1,0,7,120,4,4
1,2,2.0,143,2,22,1,4,66,4,22
1,2,11.0,297,5,12,2,12,61,2,9
1,2,18.0,7,5,17,0,7,111,1,0
1,2,18.0,7,5,13,2,6,89,4,0
0,9,19.0,234,3,13,0,4,82,2,10
1,2,18.0,7,5,18,0,10,22,0,0
1,2,20.0,264,3,13,0,2,92,0,29
1,2,20.0,264,3,17,3,16,72,0,29
1,2,20.0,264,3,13,1,1,59,1,29
1,2,20.0,264,3,18,0,6,7,4,29
1,2,20.0,264,3,11,1,6,7,4,29
1,2,21.0,108,0,20,0,5,12,3,21
1,2,21.0,108,0,20,0,4,5,1,21
1,2,21.0,108,0,22,1,14,32,4,21
1,2,21.0,108,0,22,0,13,38,3,21
1,2,21.0,108,0,7,0,15,46,2,21
1,2,21.0,108,0,4,0,10,22,3,21
1,2,21.0,108,0,23,1,15,119,4,21
1,2,26.0,3,6,8,0,0,26,2,3
1,2,26.0,3,6,1,0,4,5,4,3
1,2,28.0,257,0,23,0,1,59,4,18
1,2,28.0,257,0,4,0,5,6,2,18
1,0,2.0,47,5,8,3,9,57,3,22
0,9,10.0,156,5,19,0,0,68,4,4
0,9,10.0,156,5,22,0,7,120,4,4
0,9,10.0,156,5,9,0,2,86,3,4
0,9,10.0,156,5,22,1,6,91,4,4
0,6,22.0,185,4,8,1,7,62,1,26
0,9,10.0,156,5,8,1,11,117,1,4
0,9,12.0,177,3,18,0,3,30,0,28
0,9,12.0,177,3,19,0,9,63,1,28
0,9,12.0,177,3,23,1,4,66,1,28
0,9,18.0,359,6,17,0,6,7,3,0
0,9,18.0,359,6,22,0,10,6,3,0
0,9,18.0,359,6,2,2,3,115,2,0
0,9,21.0,362,1,4,0,10,22,1,21
0,9,21.0,362,1,21,2,10,22,3,21
0,9,20.0,119,0,4,0,6,89,2,29
0,9,19.0,234,3,12,0,11,133,2,10
0,9,21.0,362,1,7,0,14,110,0,21
0,9,20.0,119,0,4,0,6,7,4,29
0,5,31.0,196,2,4,0,11,137,3,20
0,7,28.0,34,1,6,2,12,61,1,18
0,6,18.0,308,3,1,1,7,137,4,0
0,9,10.0,156,5,22,0,6,89,1,4
0,11,9.0,311,0,11,0,2,92,1,12
1,8,1.0,66,4,16,0,4,127,4,7
1,8,1.0,66,4,23,0,9,54,1,7
1,8,1.0,66,4,18,0,4,75,1,7
1,8,1.0,66,4,1,1,2,69,0,7
1,8,3.0,363,6,0,1,15,96,1,27
1,8,10.0,71,6,16,0,2,92,0,4
1,4,18.0,26,1,6,0,4,121,1,0
1,2,28.0,257,0,13,0,0,96,1,18
1,4,18.0,26,1,16,0,13,38,1,0
1,4,18.0,26,1,8,0,2,2,1,0
1,4,20.0,115,4,3,0,10,47,2,29
1,4,20.0,115,4,4,0,4,45,2,29
1,2,17.0,6,4,18,1,15,46,1,6
1,0,17.0,12,6,8,1,3,79,4,6
0,9,25.0,344,6,8,2,5,6,0,13
0,9,25.0,344,6,23,1,14,32,1,13
0,7,7.0,293,1,6,0,4,82,1,11
0,7,14.0,125,1,13,0,6,7,0,5
0,7,22.0,211,2,17,0,14,25,3,26
0,3,6.0,303,4,13,1,2,35,4,23
0,3,17.0,54,0,6,0,7,122,2,6
0,3,24.0,357,0,21,2,0,26,3,14
0,3,24.0,357,0,2,0,14,25,2,14
0,3,25.0,347,1,5,0,13,28,2,13
0,5,7.0,349,3,22,1,11,55,4,11
0,5,8.0,199,0,17,2,12,100,3,8
0,5,15.0,200,0,2,0,14,32,3,1
0,5,25.0,350,4,6,1,10,22,4,13
0,5,25.0,350,4,17,0,0,26,3,13
0,5,25.0,350,4,19,0,10,22,3,13
0,3,26.0,343,2,17,0,8,27,1,3
0,5,31.0,196,2,17,0,6,73,1,20
0,11,15.0,331,3,23,1,15,112,4,1
0,11,16.0,225,0,20,0,1,16,4,2
0,11,15.0,331,3,13,1,5,6,0,1
0,11,16.0,225,0,3,2,4,103,3,2
1,0,24.0,55,6,17,1,6,7,0,14
1,1,16.0,2,1,3,0,2,86,4,2
1,10,12.0,333,1,17,0,13,28,1,28
1,8,7.0,70,2,11,0,4,5,2,11
1,8,22.0,354,4,19,0,8,27,1,26
1,4,14.0,345,5,4,1,10,22,0,5
1,1,15.0,1,0,19,1,14,126,4,1
1,1,16.0,2,1,22,1,16,50,2,2
1,8,7.0,70,2,11,1,14,25,0,11
1,0,16.0,11,5,1,0,11,90,1,2
1,4,30.0,139,3,8,0,9,95,2,19
0,9,8.0,90,2,5,0,3,30,1,8
0,9,22.0,92,2,12,1,11,15,0,26
0,9,22.0,92,2,1,3,1,67,0,26
0,7,6.0,93,0,4,0,3,79,3,23
1,2,16.0,220,2,12,1,3,70,4,2
1,4,20.0,115,4,9,2,7,20,0,29
1,4,28.0,218,5,5,1,1,105,4,18
1,2,4.0,254,5,8,2,2,2,1,30
1,2,4.0,254,5,22,0,11,122,2,30
1,2,11.0,297,5,22,1,8,33,1,9
1,2,20.0,264,3,12,3,12,104,3,29
1,2,26.0,3,6,8,0,0,77,0,3
1,0,2.0,47,5,17,1,10,52,4,22
1,0,2.0,47,5,22,0,13,38,2,22
1,0,2.0,47,5,9,0,13,29,0,22
1,0,12.0,113,0,9,0,14,97,4,28
1,0,20.0,172,1,13,0,2,71,4,29
1,0,27.0,23,1,6,0,5,12,3,15
1,0,27.0,23,1,6,0,11,15,3,15
1,0,27.0,23,1,21,0,14,106,1,15
1,0,27.0,23,1,3,0,4,82,1,15
1,0,26.0,14,0,13,1,5,6,2,3
1,0,27.0,23,1,8,0,9,93,0,15
1,0,27.0,23,1,1,0,5,12,0,15
1,0,27.0,23,1,19,1,9,63,4,15
0,11,10.0,360,1,0,0,7,137,1,4
0,11,9.0,311,0,12,1,6,73,0,12
0,11,11.0,175,2,21,2,9,93,3,9
0,11,11.0,175,2,3,0,4,75,2,9
0,11,16.0,225,0,9,0,14,25,1,2
0,11,16.0,225,0,13,0,8,118,2,2
0,11,30.0,170,0,0,0,12,61,3,19
0,11,30.0,170,0,20,1,3,70,4,19
0,11,30.0,170,0,13,0,12,84,0,19
0,9,15.0,226,2,0,0,4,115,0,1
0,9,15.0,226,2,15,0,5,12,1,1
0,9,15.0,226,2,14,2,1,81,3,1
0,9,10.0,156,5,12,0,0,15,0,4
0,3,2.0,120,3,17,0,10,23,1,22
0,6,26.0,348,0,14,0,4,75,3,3
0,3,2.0,120,3,23,0,16,130,3,22
0,10,1.0,208,6,0,0,0,0,3,7
0,11,12.0,118,4,10,0,8,41,1,28
0,11,12.0,118,4,20,0,13,29,1,28
0,11,12.0,118,4,15,1,8,9,4,28
0,11,12.0,118,4,4,1,14,107,4,28
0,11,17.0,110,1,6,0,5,12,0,6
0,11,17.0,110,1,21,0,10,23,1,6
0,11,17.0,110,1,5,2,9,109,0,6
0,11,17.0,110,1,3,0,11,94,3,6
0,11,17.0,110,1,4,1,11,8,4,6
0,11,21.0,192,6,16,0,1,67,3,21
0,11,21.0,192,6,12,0,6,128,1,21
0,11,21.0,192,6,14,1,10,47,0,21
0,11,26.0,364,4,5,1,7,120,1,3
0,11,26.0,364,4,13,1,7,120,1,3
1,1,9.0,50,1,17,0,9,95,1,12
1,8,10.0,71,6,13,0,6,91,1,4
1,8,10.0,71,6,3,0,2,86,1,4
1,8,10.0,71,6,22,0,13,36,1,4
1,4,12.0,134,2,7,0,5,12,0,28
1,4,12.0,134,2,13,0,13,29,1,28
0,9,10.0,156,5,12,0,14,25,1,4
0,5,31.0,196,2,22,1,3,103,4,20
0,6,6.0,83,1,18,2,10,12,3,23
0,6,17.0,244,6,9,0,2,86,2,6
0,6,17.0,244,6,18,0,10,6,3,6
1,0,24.0,55,6,13,2,3,79,3,14
0,9,17.0,255,5,5,0,2,123,2,6
0,6,18.0,308,3,17,0,12,100,1,0
0,6,18.0,308,3,11,0,1,59,1,0
0,6,18.0,308,3,2,0,2,2,1,0
0,6,18.0,308,3,3,1,9,93,4,0
0,6,23.0,84,5,2,0,1,105,0,17
0,6,23.0,84,5,13,0,13,38,2,17
0,6,26.0,348,0,3,0,3,30,4,3
0,10,1.0,208,6,18,2,15,46,3,7
0,10,6.0,242,4,19,0,4,82,4,23
0,10,7.0,243,5,10,0,0,53,2,11
0,10,8.0,213,6,6,2,12,100,3,8
0,10,8.0,213,6,1,0,4,75,4,8
1,9,4.0,295,5,2,0,4,82,1,30
1,7,11.0,197,5,14,1,13,38,4,9
1,7,28.0,34,0,1,1,12,80,0,18
1,3,30.0,304,6,17,0,6,7,2,19
1,6,7.0,169,1,20,0,1,67,3,11
1,6,7.0,169,1,18,1,1,67,0,11
1,1,24.0,64,2,21,0,0,77,1,14
1,2,25.0,233,5,19,0,1,1,1,13
1,1,22.0,164,0,13,0,16,50,1,26
0,11,5.0,240,4,14,1,5,64,1,24
1,5,22.0,163,3,17,1,16,65,4,26
1,7,15.0,205,1,17,0,6,132,1,1
0,5,8.0,199,0,2,0,11,15,1,8
0,5,8.0,199,0,14,0,8,41,0,8
0,5,8.0,199,0,1,0,10,12,3,8
0,5,15.0,200,0,16,0,2,92,1,1
0,5,7.0,349,3,0,1,12,56,1,11
0,5,15.0,200,0,21,1,11,15,0,1
0,5,15.0,200,0,12,1,12,56,4,1
0,5,15.0,200,0,15,0,13,48,2,1
0,5,17.0,212,2,3,0,6,128,3,6
0,5,17.0,212,2,3,0,7,20,0,6
0,5,15.0,200,0,11,2,16,113,3,1
0,5,25.0,350,4,3,0,9,57,3,13
0,5,31.0,196,2,6,0,1,35,0,20
0,5,31.0,196,2,21,0,2,86,1,20
0,5,31.0,196,2,16,0,2,86,4,20
1,8,21.0,46,2,11,3,9,58,4,21
1,0,24.0,55,6,20,1,4,138,2,14
0,5,31.0,196,2,19,0,11,15,1,20
0,6,6.0,83,1,3,0,6,128,1,23
0,6,6.0,83,1,8,2,10,12,0,23
0,3,2.0,120,3,3,0,5,64,3,22
0,5,4.0,114,4,13,0,7,57,4,30
0,3,2.0,120,3,2,2,8,41,3,22
0,10,1.0,208,6,5,0,13,21,1,7
0,6,20.0,215,1,21,1,0,0,1,29
0,3,2.0,120,3,15,0,14,24,3,22
0,10,1.0,208,6,4,0,2,86,4,7
0,6,20.0,215,1,6,0,0,12,0,29
0,6,21.0,193,2,6,2,2,2,3,21
0,6,30.0,145,5,9,3,6,7,3,19
0,9,10.0,156,5,3,1,12,121,1,4
0,9,12.0,177,3,2,0,13,48,1,28
0,9,12.0,177,3,22,0,0,15,2,28
0,9,12.0,177,3,12,1,14,107,4,28
0,9,18.0,359,6,15,2,4,66,0,0
0,9,18.0,359,6,15,2,1,59,3,0
0,9,18.0,359,6,12,0,5,12,2,0
0,9,12.0,177,3,2,0,4,127,2,28
0,9,20.0,119,0,13,0,2,86,2,29
0,9,20.0,119,0,20,1,13,99,4,29
0,9,19.0,234,3,1,0,14,25,1,10
0,9,21.0,362,1,6,1,0,15,0,21
0,7,2.0,160,4,12,0,14,25,1,22
0,7,4.0,186,6,4,0,0,53,1,30
0,7,4.0,186,6,4,2,1,35,3,30
0,7,4.0,186,6,2,0,9,93,3,30
0,7,4.0,186,6,9,2,16,108,3,30
0,7,4.0,186,6,20,0,11,15,1,30
0,7,12.0,181,3,19,0,2,3,2,28
0,7,11.0,197,6,19,0,12,61,1,9
0,7,12.0,181,3,20,1,9,101,4,28
0,7,13.0,238,0,13,0,16,72,2,25
0,7,18.0,154,6,16,0,15,31,0,0
1,10,18.0,246,0,8,2,1,59,3,0
1,3,18.0,165,0,22,1,13,48,0,0
1,10,2.0,358,6,1,1,2,2,4,22
1,8,18.0,75,3,15,0,5,6,2,0
1,10,25.0,56,0,13,0,12,121,1,13
1,0,4.0,229,3,4,3,0,26,3,30
1,10,26.0,61,1,12,0,6,7,2,3
1,1,11.0,111,4,5,1,0,53,4,9
1,1,27.0,262,6,18,0,2,3,0,15
1,0,13.0,198,1,18,0,14,24,1,25
1,0,13.0,198,1,0,0,2,86,4,25
1,0,21.0,287,2,20,1,11,18,0,21
1,2,1.0,16,1,6,0,10,47,0,7
1,2,3.0,282,4,9,1,3,79,1,27
1,0,10.0,129,6,19,1,12,56,4,4
0,5,21.0,351,3,14,1,9,49,1,21
1,0,30.0,228,5,19,0,16,42,1,19
0,9,26.0,267,3,17,0,12,121,1,3
1,11,24.0,194,0,2,1,11,124,4,14
1,11,24.0,194,0,2,1,0,12,0,14
1,9,19.0,234,6,12,1,13,38,4,10
1,7,5.0,204,6,8,0,11,98,3,24
1,3,14.0,33,4,22,1,10,12,1,5
1,3,20.0,105,2,18,1,16,39,0,29
1,10,12.0,333,1,4,1,0,85,1,28
1,10,30.0,157,6,17,1,13,99,4,19
1,4,8.0,292,6,9,3,13,29,0,8
0,11,14.0,147,6,15,1,13,38,0,5
0,9,14.0,106,1,18,0,2,86,4,5
0,11,8.0,283,3,4,0,14,24,2,8
0,6,16.0,38,5,3,0,10,12,2,2
0,11,25.0,88,2,0,1,7,62,0,13
0,11,25.0,88,2,11,1,6,73,1,13
0,9,8.0,90,2,19,0,9,95,2,8
0,6,16.0,38,5,4,0,4,75,3,2
1,11,2.0,265,3,5,1,12,61,1,22
1,11,2.0,265,3,9,0,12,100,0,22
1,9,1.0,126,1,23,0,2,40,1,7
1,6,27.0,116,0,15,1,5,64,1,15
1,11,1.0,222,6,17,0,2,86,1,7
1,10,10.0,245,3,12,0,5,6,1,4
1,1,17.0,63,2,2,0,2,86,3,6
1,8,4.0,299,3,20,2,9,49,3,30
1,4,11.0,121,1,9,0,7,137,2,9
1,4,11.0,121,1,8,1,5,64,0,9
1,4,10.0,79,0,1,1,13,69,4,4
1,4,10.0,79,0,8,3,14,24,0,4
1,2,27.0,136,3,1,1,8,27,0,15
0,3,2.0,120,3,20,1,13,21,1,22
0,3,2.0,120,3,12,0,10,22,1,22
0,3,2.0,120,3,12,0,12,61,1,22
0,9,17.0,255,5,6,1,11,18,0,6
0,3,3.0,182,0,6,0,15,108,0,27
0,9,15.0,226,2,20,0,8,9,1,1
0,7,2.0,160,4,1,1,16,42,1,22
0,3,3.0,182,0,0,0,10,47,3,27
0,3,3.0,182,0,6,2,13,121,3,27
0,3,3.0,182,0,11,0,14,106,1,27
0,3,3.0,182,0,12,0,13,48,3,27
0,3,3.0,182,0,19,0,14,24,2,27
0,3,27.0,361,4,13,0,13,38,0,15
0,3,27.0,361,4,20,1,1,105,4,15
0,3,27.0,361,4,13,2,16,130,2,15
1,4,28.0,218,5,2,1,12,56,0,18
1,4,28.0,218,5,23,1,15,112,4,18
1,2,4.0,254,5,10,1,13,48,0,30
1,4,28.0,218,5,12,0,13,48,1,18
1,2,4.0,254,5,15,1,4,45,4,30
1,2,4.0,254,5,1,0,11,133,0,30
1,2,4.0,254,5,8,0,13,38,2,30
1,2,11.0,297,5,17,0,14,34,3,9
1,2,11.0,297,5,4,0,3,115,1,9
1,2,11.0,297,5,23,1,12,84,1,9
1,2,18.0,7,5,5,0,8,41,1,0
1,2,18.0,7,5,15,2,8,27,3,0
1,2,18.0,7,5,5,1,14,106,4,0
1,2,18.0,7,5,12,0,0,64,0,0
1,2,18.0,7,5,1,2,3,76,0,0
1,2,20.0,264,3,3,2,13,99,4,29
1,2,20.0,264,3,14,2,8,9,0,29
1,2,21.0,108,0,21,1,9,57,0,21
1,2,21.0,108,0,15,0,12,80,2,21
1,2,21.0,108,0,13,0,1,59,1,21
1,2,11.0,297,5,12,0,13,29,2,9
1,2,21.0,108,0,15,1,14,88,4,21
0,6,17.0,244,6,16,1,13,38,1,6
0,6,18.0,308,3,6,1,2,13,0,0
0,6,18.0,308,3,15,0,9,27,2,0
0,6,18.0,308,3,8,0,13,29,2,0
0,6,18.0,308,3,18,0,8,41,3,0
0,6,23.0,84,5,16,0,11,15,1,17
0,6,23.0,84,5,3,0,9,95,0,17
0,6,23.0,84,5,4,0,4,136,1,17
0,6,23.0,84,5,4,0,3,115,1,17
0,6,26.0,348,0,10,1,0,77,1,3
0,6,6.0,83,1,13,0,3,70,1,23
1,0,31.0,290,6,12,1,14,25,4,20
1,0,31.0,290,6,4,0,5,12,1,20
0,11,13.0,312,5,17,1,3,44,0,25
0,11,15.0,331,3,1,2,1,59,3,1
0,11,16.0,225,0,19,2,6,89,0,2
0,9,15.0,226,2,6,0,10,23,1,1
0,9,15.0,226,2,21,0,14,25,3,1
0,9,15.0,226,2,11,0,14,25,4,1
0,9,17.0,255,5,16,0,12,84,1,6
0,6,15.0,49,4,17,0,16,72,1,1
1,7,15.0,205,1,12,1,16,37,0,1
1,3,30.0,304,6,11,0,10,47,2,19
1,7,11.0,197,5,14,0,6,7,2,9
1,6,15.0,49,2,17,0,0,77,3,1
1,1,22.0,164,0,9,0,16,72,1,26
1,8,15.0,72,4,14,0,8,27,2,1
1,8,15.0,72,4,13,0,8,33,2,1
1,8,23.0,102,5,19,1,13,13,0,17
1,2,5.0,127,6,22,0,13,48,0,24
1,2,26.0,3,6,18,3,2,69,3,3
1,2,28.0,257,0,19,0,14,34,1,18
1,0,2.0,47,5,10,1,5,6,0,22
1,0,2.0,47,5,13,0,10,12,1,22
1,0,2.0,47,5,8,0,15,119,2,22
1,0,2.0,47,5,8,3,5,12,3,22
0,7,12.0,181,3,20,1,4,66,1,28
0,7,13.0,238,0,18,1,11,90,1,25
0,3,28.0,187,5,17,1,1,11,4,18
0,5,13.0,184,6,4,1,0,26,0,25
1,0,20.0,172,1,2,0,0,64,3,29
1,0,20.0,172,1,9,0,5,6,3,29
1,0,20.0,172,1,9,2,14,97,3,29
1,0,26.0,14,0,10,0,13,48,1,3
1,0,26.0,14,0,13,0,9,57,0,3
1,0,27.0,23,1,10,1,8,9,0,15
1,0,27.0,23,1,0,1,9,57,0,15
1,0,27.0,23,1,13,1,2,86,4,15
1,0,29.0,191,4,8,1,4,75,1,16
1,0,29.0,191,4,15,1,15,46,4,16
1,0,29.0,191,4,13,0,0,26,2,16
0,11,9.0,311,0,18,0,10,6,2,12
0,11,10.0,360,1,13,0,4,4,1,4
0,11,10.0,360,1,1,0,12,17,1,4
0,11,11.0,175,2,8,1,16,113,2,9
0,11,11.0,175,2,12,0,14,25,3,9
1,0,12.0,113,0,13,2,6,7,0,28
1,0,12.0,113,0,14,0,15,39,4,28
1,0,12.0,113,0,9,0,7,137,1,28
1,0,12.0,113,0,18,2,6,106,3,28
1,0,20.0,172,1,17,0,5,12,1,29
1,0,20.0,172,1,16,0,10,47,3,29
1,0,20.0,172,1,3,0,12,61,0,29
1,0,20.0,172,1,12,0,1,11,4,29
1,0,26.0,14,0,16,0,16,72,3,3
1,0,26.0,14,0,6,1,11,94,0,3
1,0,26.0,14,0,8,0,16,74,3,3
1,0,26.0,14,0,8,0,16,74,3,3
1,0,27.0,23,1,8,0,11,15,0,15
1,0,26.0,14,0,0,0,10,22,3,3
1,0,29.0,191,4,13,0,5,6,0,16
0,11,9.0,311,0,13,1,2,2,1,12
0,11,9.0,311,0,9,1,8,9,0,12
0,11,10.0,360,1,11,0,1,1,1,4
0,11,10.0,360,1,1,2,5,6,2,4
0,11,11.0,175,2,21,0,8,118,1,9
0,11,11.0,175,2,5,1,4,75,0,9
0,11,11.0,175,2,1,0,5,6,3,9
0,11,12.0,118,4,6,0,8,33,3,28
0,11,11.0,175,2,19,1,1,67,0,9
0,11,11.0,175,2,1,1,5,64,0,9
0,11,9.0,311,0,8,1,7,54,2,12
0,11,12.0,118,4,8,2,16,130,3,28
0,11,10.0,360,1,23,1,4,75,1,4
0,11,11.0,175,2,18,0,14,106,3,9
0,11,11.0,175,2,1,2,6,132,3,9
0,11,9.0,311,0,12,1,9,101,2,12
0,11,12.0,118,4,3,0,10,22,3,28
0,11,12.0,118,4,22,0,16,74,1,28
0,11,12.0,118,4,1,0,14,106,0,28
0,11,17.0,110,1,13,0,5,6,1,6
0,11,17.0,110,1,2,0,1,59,4,6
0,11,17.0,110,1,14,0,14,106,2,6
0,11,21.0,192,6,15,0,1,67,0,21
0,11,21.0,192,6,8,0,15,108,4,21
0,11,21.0,192,6,19,0,13,38,2,21
0,11,21.0,192,6,12,0,10,47,2,21
0,11,21.0,192,6,6,1,4,127,0,21
0,11,21.0,192,6,1,2,6,89,3,21
0,11,26.0,364,4,0,1,1,105,0,3
0,11,26.0,364,4,14,0,8,27,1,3
1,11,25.0,88,1,1,1,11,55,4,13
1,11,25.0,88,1,8,1,11,55,4,13
1,11,26.0,364,2,17,0,14,131,1,3
1,5,31.0,196,1,15,2,16,65,3,20
1,3,16.0,263,6,1,0,7,31,4,2
1,11,26.0,364,2,23,2,4,4,0,3
1,11,26.0,364,2,22,2,2,2,2,3
1,11,26.0,364,2,13,0,4,66,2,3
1,6,5.0,342,3,23,1,7,20,1,24
1,5,1.0,109,3,7,0,2,86,1,7
1,6,30.0,145,4,4,0,14,24,1,19
1,11,26.0,364,2,19,0,0,26,2,3
1,7,11.0,197,5,16,2,10,22,3,9
1,5,1.0,109,3,13,0,6,89,3,7
1,6,30.0,145,4,12,0,4,4,1,19
1,11,26.0,364,2,9,0,11,8,1,3
1,7,11.0,197,5,12,0,12,80,1,9
1,9,16.0,107,2,13,0,8,9,1,2
1,7,14.0,125,0,1,0,0,26,1,5
1,7,11.0,197,5,9,0,7,137,3,9
1,9,1.0,126,1,16,0,3,79,0,7
1,6,30.0,145,4,2,0,0,64,0,19
1,7,28.0,34,0,3,1,13,48,4,18
1,5,12.0,327,4,17,0,10,47,0,28
1,9,13.0,91,3,16,0,4,45,4,25
1,11,25.0,88,1,18,1,9,101,4,13
1,11,2.0,265,3,4,2,1,11,3,22
1,7,28.0,34,0,22,0,2,92,0,18
1,7,14.0,125,0,18,2,11,0,3,5
1,7,15.0,205,1,13,0,8,118,2,1
1,7,15.0,205,1,5,1,10,22,4,1
1,7,28.0,34,0,3,1,14,25,4,18
1,7,31.0,43,4,17,0,0,68,0,20
1,7,31.0,43,4,22,0,2,86,2,20
1,3,3.0,182,3,14,2,16,72,3,27
1,3,13.0,210,2,3,0,12,61,1,25
1,3,23.0,57,6,12,1,2,3,4,17
1,9,13.0,91,3,9,0,13,48,4,25
1,9,13.0,91,3,2,1,12,83,4,25
1,9,13.0,91,3,9,2,1,1,3,25
1,9,13.0,91,3,1,2,14,107,0,25
1,7,4.0,186,5,5,1,9,95,1,30
1,7,11.0,197,5,6,0,5,6,0,9
1,7,11.0,197,5,15,0,12,80,1,9
1,7,11.0,197,5,22,0,5,6,3,9
0,0,4.0,229,0,3,0,13,48,4,30
0,0,4.0,229,0,14,2,12,100,3,30
0,0,7.0,15,4,6,0,12,84,1,11
1,5,2.0,307,0,21,1,3,70,1,22
1,5,6.0,277,5,3,1,1,11,4,23
1,5,6.0,277,5,18,0,8,19,3,23
1,5,7.0,349,6,8,0,9,54,1,11
1,5,4.0,114,2,6,0,0,26,0,30
1,5,6.0,277,5,17,0,4,138,0,23
1,5,6.0,277,5,4,0,14,107,3,23
1,5,6.0,277,5,3,1,1,11,4,23
1,5,4.0,114,2,15,0,10,23,1,30
1,5,7.0,349,6,23,1,6,128,1,11
1,5,7.0,349,6,5,3,14,110,0,11
1,5,4.0,114,2,21,1,6,89,0,30
1,5,20.0,214,5,16,1,10,47,0,29
1,5,20.0,214,5,8,0,8,41,3,29
1,5,23.0,168,0,21,1,10,47,0,17
1,5,23.0,168,0,11,0,1,11,4,17
1,5,23.0,168,0,1,0,6,7,4,17
1,5,31.0,196,1,16,0,4,70,3,20
1,5,31.0,196,1,6,1,13,28,0,20
1,5,31.0,196,1,1,0,2,2,1,20
1,6,30.0,145,4,0,1,16,113,1,19
1,6,30.0,145,4,11,0,6,128,1,19
1,7,11.0,197,5,8,0,12,17,1,9
1,7,11.0,197,5,2,0,10,22,1,9
1,7,11.0,197,5,14,1,7,120,1,9
1,7,11.0,197,5,9,1,9,10,4,9
1,7,13.0,238,3,8,0,8,118,1,25
1,7,13.0,238,3,2,0,13,123,4,25
1,7,14.0,125,0,16,2,8,118,3,5
1,7,14.0,125,0,13,0,0,26,1,5
1,6,7.0,169,1,13,0,13,38,4,11
1,6,5.0,342,3,5,0,13,38,2,24
1,7,14.0,125,0,11,0,5,6,2,5
1,7,14.0,125,0,5,1,9,57,0,5
1,7,15.0,205,1,6,2,5,64,3,1
1,7,14.0,125,0,14,1,10,43,0,5
1,7,15.0,205,1,11,1,2,86,0,1
1,7,15.0,205,1,22,1,9,54,1,1
1,7,28.0,34,0,0,1,8,19,0,18
1,7,28.0,34,0,13,0,4,82,2,18
1,7,28.0,34,0,13,1,11,98,4,18
1,7,28.0,34,0,22,0,14,25,0,18
1,11,31.0,227,0,19,0,2,92,1,20
1,11,31.0,227,0,8,0,11,133,2,20
1,3,4.0,285,0,18,1,0,68,2,30
1,3,4.0,285,0,18,0,4,4,1,30
1,3,4.0,285,0,2,1,11,133,2,30
1,3,14.0,33,4,12,0,8,9,4,5
1,9,28.0,315,0,23,1,4,75,4,18
1,3,22.0,166,5,11,1,9,87,4,26
1,3,22.0,166,5,12,1,9,58,2,26
1,3,22.0,166,5,12,0,3,30,4,26
1,3,28.0,187,4,1,0,9,95,2,18
1,3,28.0,187,4,2,0,13,69,2,18
1,5,5.0,96,4,11,0,13,123,1,24
1,6,24.0,31,5,17,1,9,54,1,14
1,7,28.0,34,0,13,1,9,95,4,18
1,7,28.0,34,0,11,1,13,48,4,18
1,3,12.0,104,1,8,2,15,39,3,28
1,9,1.0,126,1,17,0,16,50,1,7
1,11,6.0,252,4,11,0,12,80,3,23
1,11,26.0,364,2,17,1,8,9,4,3
1,3,3.0,182,3,10,1,10,12,0,27
1,5,12.0,327,4,17,0,6,73,1,28
1,9,13.0,91,3,0,0,13,69,4,25
1,7,13.0,238,3,2,0,10,22,2,25
1,10,5.0,336,1,17,1,8,9,0,24
1,3,12.0,104,1,4,0,12,135,4,28
1,3,12.0,104,1,9,2,6,91,3,28
1,3,15.0,35,5,15,1,7,20,4,1
1,3,15.0,35,5,22,0,7,78,3,1
1,3,21.0,338,4,13,1,8,9,4,21
1,5,4.0,114,2,5,0,4,45,2,30
1,5,4.0,114,2,19,0,2,2,4,30
1,7,23.0,202,2,13,1,1,81,4,17
1,7,29.0,268,1,6,0,10,47,0,16
1,7,30.0,42,2,0,1,12,104,0,19
1,3,5.0,324,1,5,1,14,126,4,24
1,3,12.0,104,1,3,0,4,75,1,28
1,3,15.0,35,5,13,0,11,94,2,1
1,3,15.0,35,5,15,1,13,99,4,1
1,5,6.0,277,5,4,0,8,41,4,23
1,5,6.0,277,5,14,0,14,106,2,23
1,7,12.0,181,6,19,1,7,62,0,28
1,3,12.0,104,1,19,2,7,78,3,28
1,5,6.0,277,5,4,0,15,39,3,23
1,5,6.0,277,5,19,0,6,89,1,23
1,5,7.0,349,6,17,1,1,67,0,11
1,5,7.0,349,6,8,0,0,64,3,11
1,5,20.0,214,5,17,0,15,108,4,29
1,5,20.0,214,5,23,1,13,28,0,29
1,5,20.0,214,5,15,0,0,15,3,29
1,5,20.0,214,5,5,1,6,7,4,29
1,5,23.0,168,0,15,0,5,6,0,17
1,5,23.0,168,0,9,2,6,89,0,17
1,5,31.0,196,1,17,0,16,65,0,20
1,5,31.0,196,1,6,2,7,120,1,20
1,5,31.0,196,1,9,0,8,118,1,20
1,6,30.0,145,4,13,0,4,103,3,19
1,10,6.0,242,2,17,0,8,65,4,23
1,11,27.0,322,4,5,1,8,27,1,15
1,9,2.0,323,2,17,1,8,19,0,22
1,9,2.0,323,2,21,0,13,99,4,22
1,3,20.0,105,2,17,1,14,106,4,29
1,7,3.0,269,4,14,0,1,35,4,27
1,11,31.0,227,0,3,1,10,12,1,20
1,6,29.0,335,2,9,2,9,49,3,16
1,6,29.0,335,2,9,1,14,25,0,16
1,11,2.0,265,3,9,1,10,23,0,22
1,11,13.0,312,4,11,1,5,12,1,25
0,8,7.0,70,4,5,0,9,93,0,11
0,8,18.0,75,0,9,0,10,23,1,0
0,4,2.0,141,0,1,0,2,92,1,22
1,9,3.0,217,4,15,1,1,35,1,27
1,9,5.0,89,6,8,0,5,6,2,24
1,9,5.0,89,6,19,0,15,112,3,24
1,9,13.0,91,3,23,0,13,38,4,25
1,9,13.0,91,3,5,1,4,82,1,25
1,9,13.0,91,3,8,3,7,111,0,25
1,7,11.0,197,5,15,0,8,118,1,9
1,7,13.0,238,3,17,2,4,45,2,25
1,7,13.0,238,3,6,2,6,14,3,25
1,7,13.0,238,3,2,0,0,31,4,25
1,7,13.0,238,3,12,1,14,125,4,25
1,7,14.0,125,0,17,0,14,34,3,5
1,7,14.0,125,0,6,2,11,15,3,5
1,7,13.0,238,3,22,1,0,26,1,25
1,7,14.0,125,0,5,3,9,27,3,5
1,7,14.0,125,0,4,0,0,53,2,5
1,9,21.0,362,0,2,2,15,31,1,21
1,9,22.0,92,1,7,1,10,22,1,26
1,9,22.0,92,1,15,0,6,128,1,26
1,7,6.0,93,3,11,1,3,70,4,23
1,7,6.0,93,3,9,2,13,48,0,23
1,7,12.0,181,6,2,0,9,95,2,28
1,7,23.0,202,2,10,1,9,9,0,17
1,7,23.0,202,2,8,3,0,77,3,17
1,7,29.0,268,1,17,1,12,100,4,16
1,7,30.0,42,2,15,0,2,40,1,19
1,3,5.0,324,1,10,1,10,47,0,24
1,3,12.0,104,1,7,0,11,54,1,28
1,3,12.0,104,1,15,0,13,36,4,28
1,3,12.0,104,1,18,2,3,44,3,28
1,3,15.0,35,5,9,0,7,20,3,1
1,3,21.0,338,4,17,0,14,34,3,21
1,3,21.0,338,4,19,2,3,76,3,21
1,5,4.0,114,2,20,0,11,8,0,30
1,10,9.0,150,6,4,0,0,31,4,12
1,11,25.0,88,1,11,0,6,14,2,13
1,11,25.0,88,1,10,0,2,86,1,13
1,11,25.0,88,1,7,2,0,26,0,13
1,11,25.0,88,1,14,0,2,69,1,13
1,3,3.0,182,3,3,0,5,12,0,27
1,7,13.0,238,3,9,0,15,119,2,25
1,10,5.0,336,1,12,0,0,31,0,24
1,11,26.0,364,2,16,0,1,67,1,3
1,11,1.0,222,6,8,1,9,134,4,7
1,5,12.0,327,4,8,0,0,26,1,28
1,11,6.0,252,4,9,0,1,11,1,23
1,11,6.0,252,4,13,1,14,107,4,23
1,7,14.0,125,0,17,0,2,86,1,5
1,11,26.0,364,2,14,2,11,55,0,3
1,5,21.0,351,6,19,1,2,86,4,21
1,10,5.0,336,1,20,1,13,48,0,24
1,9,13.0,91,3,22,2,12,100,3,25
1,3,3.0,182,3,2,0,10,47,0,27
1,7,14.0,125,0,8,0,6,7,4,5
1,1,26.0,248,5,16,0,14,32,3,3
1,8,4.0,299,3,12,0,8,118,1,30
0,7,10.0,329,5,19,0,16,42,2,4
0,3,1.0,180,6,8,0,13,28,4,7
0,3,1.0,180,6,11,1,2,2,4,7
0,3,29.0,325,6,15,1,14,126,1,16
0,1,5.0,219,6,14,0,10,12,0,24
0,1,20.0,151,3,18,0,6,73,3,29
0,8,20.0,319,2,4,2,13,99,0,29
0,8,20.0,319,2,16,1,7,31,2,29
0,8,22.0,354,5,19,1,1,59,1,26
0,2,3.0,282,5,19,2,0,53,3,27
0,2,3.0,282,5,9,0,13,21,0,27
0,2,4.0,254,6,13,1,10,12,0,30
0,2,30.0,131,4,0,0,10,23,1,19
1,7,10.0,329,4,13,1,4,75,4,4
1,7,27.0,53,3,3,0,8,27,2,15
0,4,31.0,67,1,17,2,2,92,0,20
0,4,31.0,67,1,21,0,7,120,1,20
0,4,15.0,132,3,23,3,2,2,4,1
0,2,5.0,127,3,20,1,2,13,1,24
0,2,5.0,127,3,14,2,11,133,2,24
0,2,6.0,251,0,7,2,2,2,3,23
0,2,5.0,127,3,16,1,11,94,0,24
0,2,13.0,276,0,13,0,2,86,2,25
0,2,13.0,276,0,5,0,7,120,3,25
0,0,4.0,229,0,4,0,11,117,1,30
0,0,7.0,15,4,20,2,13,28,3,11
0,0,20.0,172,2,16,0,11,18,3,29
0,0,23.0,237,6,7,0,2,71,4,17
0,0,23.0,237,6,20,0,0,96,1,17
0,0,23.0,237,6,14,0,14,34,1,17
0,3,10.0,4,0,8,1,9,9,0,4
0,10,11.0,298,1,6,1,1,105,0,9
0,1,5.0,219,6,15,0,9,95,3,24
1,7,23.0,202,2,10,1,6,73,0,17
1,7,23.0,202,2,10,1,9,9,0,17
1,7,23.0,202,2,9,0,6,89,1,17
1,7,23.0,202,2,18,2,1,35,3,17
1,7,29.0,268,1,7,2,10,22,1,16
1,7,30.0,42,2,6,0,13,123,1,19
1,7,30.0,42,2,10,0,10,43,3,19
1,7,30.0,42,2,13,0,13,28,0,19
1,7,30.0,42,2,9,0,15,96,4,19
1,7,30.0,42,2,7,0,14,24,3,19
1,7,30.0,42,2,18,0,12,80,1,19
1,3,5.0,324,1,17,0,4,5,4,24
1,3,5.0,324,1,16,0,12,84,1,24
1,3,5.0,324,1,10,0,5,64,2,24
1,3,5.0,324,1,19,0,12,104,2,24
1,3,5.0,324,1,19,3,5,6,3,24
1,7,29.0,268,1,12,0,10,47,2,16
1,3,12.0,104,1,16,0,0,12,3,28
1,3,12.0,104,1,14,2,0,31,3,28
0,2,11.0,297,6,13,0,9,102,3,9
0,2,11.0,297,6,4,0,13,99,4,9
1,11,18.0,332,1,9,2,11,94,2,0
1,11,16.0,225,3,5,2,8,41,2,2
1,9,18.0,359,5,17,0,16,37,1,0
1,3,10.0,4,3,15,0,10,52,3,4
1,11,24.0,194,0,2,1,10,22,1,14
1,9,18.0,359,5,21,1,9,95,0,0
1,9,7.0,271,0,12,1,10,22,0,11
1,7,1.0,98,1,13,0,11,117,3,7
1,7,10.0,329,4,8,3,11,15,0,4
0,1,21.0,45,0,1,0,12,80,4,21
1,11,4.0,275,1,16,0,1,67,4,30
1,11,4.0,275,1,13,0,9,57,0,30
1,11,4.0,275,1,14,0,5,6,0,30
1,11,5.0,240,2,16,0,0,0,3,24
1,11,4.0,275,1,4,1,11,15,4,30
1,11,5.0,240,2,0,2,11,94,3,24
1,11,5.0,240,2,19,0,15,51,1,24
1,11,28.0,123,5,10,2,10,22,3,18
1,11,28.0,123,5,12,2,15,46,3,18
1,11,28.0,123,5,22,0,2,13,1,18
1,11,29.0,270,6,13,1,16,72,4,16
1,11,29.0,270,6,8,0,1,11,4,16
1,9,3.0,217,4,11,1,14,24,1,27
1,9,3.0,217,4,19,1,2,71,4,27
1,9,3.0,217,4,23,1,9,87,1,27
1,9,3.0,217,4,13,1,8,27,4,27
1,5,24.0,58,1,18,0,11,90,3,14
1,11,25.0,88,1,14,0,1,11,4,13
1,5,21.0,351,6,1,0,8,27,3,21
1,3,21.0,338,4,22,0,7,54,3,21
1,3,3.0,182,3,13,1,4,136,1,27
1,9,13.0,91,3,15,1,15,96,4,25
1,7,15.0,205,1,16,0,5,12,3,1
1,5,21.0,351,6,4,0,8,9,4,21
1,5,5.0,96,4,14,1,2,69,1,24
1,7,11.0,197,5,8,0,14,25,2,9
1,3,3.0,182,3,15,1,1,59,4,27
0,3,1.0,180,6,20,0,10,52,2,7
1,11,27.0,322,4,22,0,2,40,2,15
1,5,21.0,351,6,9,0,7,78,4,21
1,3,28.0,187,4,23,0,12,61,1,18
1,3,3.0,182,3,22,0,2,40,2,27
1,9,27.0,179,3,8,1,1,1,1,15
1,11,27.0,322,4,2,2,9,93,0,15
1,5,22.0,163,3,22,0,13,69,2,26
1,5,22.0,163,3,15,0,8,33,1,26
1,5,22.0,163,3,19,0,12,84,1,26
1,5,30.0,294,0,22,1,2,86,4,19
1,7,15.0,205,1,7,0,8,41,1,1
1,7,15.0,205,1,1,0,2,86,1,1
1,7,15.0,205,1,9,0,14,25,0,1
1,7,28.0,34,0,0,1,8,19,0,18
1,7,28.0,34,0,10,1,10,22,0,18
1,7,28.0,34,0,23,0,16,37,1,18
1,7,28.0,34,0,12,0,0,77,1,18
1,7,28.0,34,0,3,1,3,44,4,18
1,7,31.0,43,4,3,2,16,72,3,20
1,3,3.0,182,3,21,0,10,47,2,27
1,3,3.0,182,3,16,1,15,96,1,27
1,3,3.0,182,3,13,0,14,34,2,27
1,3,3.0,182,3,8,1,13,29,4,27
1,3,13.0,210,2,15,0,10,47,1,25
1,3,13.0,210,2,15,1,14,88,4,25
1,11,2.0,265,3,2,1,4,82,1,22
1,11,6.0,252,4,20,2,13,99,1,23
1,11,6.0,252,4,15,1,1,1,4,23
1,11,12.0,118,2,8,0,9,63,3,28
1,11,13.0,312,4,15,1,9,101,4,25
1,5,1.0,109,3,23,0,10,47,0,7
1,5,1.0,109,3,5,3,10,47,0,7
1,5,1.0,109,3,19,0,10,47,0,7
1,5,1.0,109,3,18,1,0,0,2,7
1,5,1.0,109,3,1,1,8,41,1,7
1,5,9.0,206,0,9,0,2,69,3,12
1,9,10.0,156,4,6,1,3,76,4,4
1,9,10.0,156,4,10,1,12,56,0,4
1,9,24.0,272,4,19,0,0,68,1,14
1,9,24.0,272,4,8,2,13,38,3,14
1,9,24.0,272,4,9,1,3,44,1,14
1,9,25.0,344,5,2,0,8,33,3,13
1,7,18.0,154,5,23,1,13,48,4,0
1,7,18.0,154,5,2,3,9,109,0,0
1,7,25.0,41,5,15,1,7,8,4,13
1,7,25.0,41,5,11,1,4,45,4,13
1,7,25.0,41,5,15,0,8,33,2,13
1,3,11.0,337,0,2,0,1,11,2,9
1,3,11.0,337,0,23,1,13,21,1,9
1,3,11.0,337,0,20,1,7,62,4,9
1,3,16.0,263,6,16,0,6,7,0,2
1,3,2.0,120,6,17,1,6,7,0,22
1,11,27.0,322,4,19,0,14,34,1,15
1,11,27.0,322,4,22,3,6,7,2,15
1,5,1.0,109,3,17,1,6,7,4,7
1,5,9.0,206,0,8,2,0,15,0,12
1,5,10.0,155,1,6,0,3,115,1,4
1,5,9.0,206,0,4,1,0,15,4,12
1,5,10.0,155,1,0,1,3,103,4,4
1,5,10.0,155,1,2,0,13,99,2,4
1,5,9.0,206,0,15,0,0,53,1,12
1,5,19.0,146,4,4,0,2,86,4,10
0,10,19.0,117,2,14,1,7,78,4,10
0,4,11.0,121,2,12,0,13,38,1,9
0,4,11.0,121,2,3,1,13,99,1,9
0,4,11.0,121,2,11,1,4,75,1,9
1,0,12.0,113,0,1,0,14,24,2,28
0,2,20.0,264,0,13,0,16,37,2,29
1,5,22.0,163,3,23,1,7,78,4,26
1,5,30.0,294,0,4,3,6,7,3,19
1,3,13.0,210,2,14,0,9,63,1,25
1,3,23.0,57,6,8,2,0,68,3,17
1,3,29.0,325,5,11,0,0,77,2,16
1,3,29.0,325,5,14,2,0,64,3,16
1,3,29.0,325,5,3,1,9,54,1,16
1,3,30.0,304,6,22,1,12,84,1,19
1,3,30.0,304,6,16,0,10,23,1,19
1,3,30.0,304,6,19,2,14,25,3,19
1,11,28.0,123,5,14,0,4,4,2,18
1,11,28.0,123,5,14,0,13,21,4,18
1,11,29.0,270,6,2,2,10,6,3,16
1,11,29.0,270,6,8,0,2,86,0,16
1,9,3.0,217,4,8,0,11,15,2,27
1,9,3.0,217,4,11,1,3,30,1,27
1,9,3.0,217,4,5,0,1,11,2,27
1,3,3.0,182,3,3,1,13,36,4,27
1,9,2.0,323,2,21,0,12,121,1,22
1,7,15.0,205,1,6,1,16,130,0,1
0,8,28.0,224,4,18,0,0,53,1,18
1,3,20.0,105,2,22,0,9,134,3,29
1,3,13.0,210,2,16,0,9,49,1,25
0,4,14.0,345,6,5,1,2,92,4,5
1,11,21.0,192,5,14,2,0,31,3,21
1,9,10.0,156,4,6,0,14,25,1,4
0,2,4.0,254,6,23,1,16,65,4,30
1,5,29.0,24,3,1,3,0,96,3,16
1,3,13.0,210,2,16,0,7,62,1,25
1,3,10.0,4,3,3,0,12,135,2,4
1,9,6.0,51,3,2,1,2,2,1,23
1,9,10.0,156,4,15,1,15,46,1,4
1,3,17.0,54,3,14,1,11,90,2,6
1,6,6.0,83,0,2,3,1,105,3,23
1,3,13.0,210,2,10,0,5,12,3,25
0,0,24.0,55,3,23,2,10,22,3,14
1,9,6.0,51,3,13,1,11,117,1,23
1,7,15.0,205,1,19,1,9,87,4,1
1,5,24.0,58,1,2,1,13,28,0,14
1,5,2.0,307,0,8,0,1,11,1,22
1,3,13.0,210,2,4,0,5,6,0,25
1,7,24.0,68,4,17,0,13,21,1,14
1,5,2.0,307,0,11,3,9,58,1,22
1,5,2.0,307,0,2,3,1,59,3,22
1,7,10.0,329,4,18,0,13,36,1,4
1,7,10.0,329,4,3,0,1,35,4,4
1,7,7.0,293,0,3,1,11,55,4,11
1,7,24.0,68,4,16,0,16,39,1,14
1,9,14.0,106,0,19,0,2,86,3,5
1,9,20.0,119,3,13,1,1,59,1,29
1,9,20.0,119,3,14,0,16,72,4,29
1,9,20.0,119,3,21,1,16,65,4,29
1,9,20.0,119,3,14,0,8,9,0,29
1,9,20.0,119,3,14,0,9,9,2,29
1,9,21.0,362,0,6,1,16,74,2,21
1,9,21.0,362,0,11,1,0,12,0,21
1,9,21.0,362,0,19,1,3,79,4,21
1,9,6.0,51,3,1,0,10,12,0,23
1,9,12.0,177,6,6,2,8,118,3,28
1,9,12.0,177,6,15,0,5,6,2,28
1,9,12.0,177,6,19,0,2,40,1,28
1,9,12.0,177,6,20,1,12,135,4,28
1,9,12.0,177,6,18,0,3,115,0,28
1,9,14.0,106,0,20,0,12,17,1,5
1,9,14.0,106,0,5,3,6,7,0,5
1,9,14.0,106,0,19,0,4,79,2,5
1,9,14.0,106,0,4,2,8,19,3,5
1,9,14.0,106,0,2,1,8,9,4,5
1,11,22.0,250,6,17,0,11,15,2,26
1,9,20.0,119,3,13,1,13,29,4,29
1,9,21.0,362,0,8,2,10,47,2,21
1,9,22.0,92,1,10,1,2,2,0,26
1,9,22.0,92,1,22,0,3,79,1,26
1,11,3.0,288,0,12,1,10,47,0,27
1,11,3.0,288,0,14,0,9,49,1,27
1,7,6.0,93,3,13,0,16,42,1,23
1,7,6.0,93,3,3,1,13,38,4,23
1,7,6.0,93,3,19,1,10,47,0,23
1,7,12.0,181,6,16,1,1,105,0,28
1,7,12.0,181,6,13,2,15,96,0,28
1,7,23.0,202,2,21,0,10,47,0,17
1,7,23.0,202,2,21,0,8,33,1,17
1,7,6.0,93,3,1,1,10,22,2,23
1,7,12.0,181,6,13,1,1,105,0,28
1,7,12.0,181,6,19,0,4,66,2,28
1,7,12.0,181,6,18,0,10,12,1,28
1,9,12.0,177,6,5,1,13,38,4,28
1,9,12.0,177,6,2,2,1,1,3,28
1,7,30.0,42,2,6,1,6,89,1,19
1,7,23.0,202,2,10,1,9,9,0,17
1,7,30.0,42,2,10,0,5,12,1,19
1,7,29.0,268,1,15,1,10,43,1,16
1,3,12.0,104,1,16,0,5,12,3,28
1,3,12.0,104,1,5,0,5,64,3,28
1,3,12.0,104,1,4,1,9,10,4,28
1,3,15.0,35,5,5,1,12,80,4,1
1,3,21.0,338,4,6,0,13,36,0,21
1,5,4.0,114,2,2,0,2,92,0,30
1,5,6.0,277,5,3,1,1,11,4,23
1,5,7.0,349,6,17,0,15,114,0,11
1,3,21.0,338,4,3,0,13,28,0,21
1,5,6.0,277,5,8,0,2,86,1,23
1,5,20.0,214,5,19,2,1,48,3,29
1,5,23.0,168,0,17,0,14,107,1,17
1,5,23.0,168,0,0,0,11,15,1,17
1,5,7.0,349,6,1,0,10,47,3,11
1,3,12.0,104,1,19,1,14,126,4,28
1,3,15.0,35,5,5,0,7,120,4,1
1,3,15.0,35,5,15,2,3,30,3,1
1,3,15.0,35,5,11,0,6,132,4,1
1,3,15.0,35,5,23,1,3,115,4,1
1,3,15.0,35,5,12,0,5,12,3,1
1,3,15.0,35,5,2,0,1,81,3,1
1,11,25.0,88,1,17,0,5,12,0,13
1,9,21.0,362,0,11,0,12,17,2,21
1,7,15.0,205,1,19,1,1,16,4,1
1,11,28.0,123,5,15,0,1,59,1,18
1,7,28.0,34,0,16,1,10,47,1,18
1,7,19.0,330,6,17,1,10,47,1,10
1,7,28.0,34,0,8,1,4,66,1,18
1,3,13.0,210,2,22,2,1,59,4,25
1,7,28.0,34,0,19,0,15,112,1,18
1,7,9.0,273,2,1,1,9,134,4,12
1,3,19.0,138,1,17,0,10,47,3,10
1,11,31.0,227,0,4,1,11,98,4,20
1,0,9.0,48,5,4,1,15,46,0,12
1,7,28.0,34,0,14,1,13,38,4,18
1,3,23.0,57,6,6,1,16,50,0,17
1,7,1.0,98,1,15,0,14,106,3,7
1,9,23.0,167,2,10,0,12,17,2,17
0,11,30.0,170,0,17,0,9,10,1,19
1,7,28.0,34,0,4,1,13,36,4,18
1,3,23.0,57,6,5,1,9,10,4,17
1,10,18.0,246,0,12,0,13,29,3,0
0,7,17.0,95,5,6,0,6,91,3,6
0,11,16.0,225,0,8,1,15,77,1,2
1,7,31.0,43,4,17,0,4,45,4,20
1,3,23.0,57,6,19,0,16,72,0,17
1,11,5.0,240,2,15,0,9,49,1,24
1,9,19.0,234,6,15,1,9,49,1,10
0,3,17.0,54,0,19,0,15,46,1,6
1,11,4.0,275,1,4,1,9,93,4,30
1,11,2.0,265,3,18,1,10,23,0,22
1,11,14.0,147,5,13,3,16,113,0,5
0,1,18.0,82,5,11,0,3,79,2,0
0,5,24.0,58,2,17,1,14,24,1,14
0,1,8.0,62,1,20,1,5,6,0,8
1,7,3.0,269,4,12,0,16,108,0,27
0,4,24.0,27,1,14,0,11,18,0,14
1,3,14.0,33,4,8,2,0,96,3,5
1,3,20.0,105,2,1,0,9,63,1,29
1,5,15.0,200,3,2,2,12,61,3,1
1,3,23.0,57,6,19,0,3,30,0,17
1,3,29.0,325,5,21,0,14,24,1,16
1,3,29.0,325,5,8,0,16,42,1,16
1,3,29.0,325,5,14,0,14,24,1,16
1,3,29.0,325,5,4,2,10,22,1,16
1,3,29.0,325,5,9,0,13,29,4,16
1,3,30.0,304,6,21,2,16,139,3,19
1,7,31.0,43,4,20,0,13,38,2,20
1,3,30.0,304,6,19,0,14,32,3,19
1,3,30.0,304,6,8,1,13,99,4,19
1,3,29.0,325,5,18,1,14,24,0,16
1,5,12.0,327,4,15,0,16,130,4,28
1,5,12.0,327,4,6,1,0,31,0,28
1,5,12.0,327,4,12,2,2,92,3,28
1,5,12.0,327,4,14,2,8,33,2,28
1,5,13.0,184,5,13,0,14,88,2,25
1,5,13.0,184,5,2,0,1,11,3,25
1,11,26.0,364,2,9,0,1,16,4,3
1,11,27.0,322,4,2,2,11,18,2,15
1,11,27.0,322,4,1,2,6,14,0,15
1,2,11.0,297,5,3,0,10,43,2,9
1,11,27.0,322,4,1,0,12,17,2,15
1,9,2.0,323,2,6,0,5,12,1,22
1,9,2.0,323,2,0,2,0,53,3,22
1,9,2.0,323,2,22,0,15,39,4,22
1,9,10.0,156,4,20,0,1,16,2,4
1,9,10.0,156,4,20,0,16,65,2,4
1,9,10.0,156,4,9,0,7,20,4,4
1,9,24.0,272,4,17,0,4,4,1,14
1,9,24.0,272,4,16,0,0,85,1,14
1,9,24.0,272,4,22,0,10,22,3,14
1,9,24.0,272,4,2,2,4,45,2,14
1,9,24.0,272,4,1,0,2,40,4,14
1,9,25.0,344,5,8,0,3,30,1,13
1,9,25.0,344,5,13,1,12,84,1,13
1,9,25.0,344,5,9,0,14,107,1,13
1,7,18.0,154,5,16,0,15,96,3,0
1,7,18.0,154,5,12,0,2,40,2,0
1,7,18.0,154,5,20,1,13,21,4,0
1,9,25.0,344,5,6,0,12,61,4,13
1,2,26.0,3,6,19,3,14,25,4,3
1,9,24.0,272,4,12,0,9,49,1,14
1,9,25.0,344,5,2,0,12,61,3,13
1,7,18.0,154,5,21,2,13,48,3,0
1,7,18.0,154,5,21,2,13,21,0,0
1,7,18.0,154,5,18,0,15,31,3,0
1,7,25.0,41,5,6,0,8,41,4,13
1,7,25.0,41,5,3,0,14,110,0,13
1,3,2.0,120,6,13,0,11,15,3,22
1,3,11.0,337,0,5,1,2,92,4,9
1,3,11.0,337,0,4,1,9,93,4,9
1,3,16.0,263,6,20,0,6,128,1,2
1,3,16.0,263,6,22,1,6,7,4,2
1,11,5.0,240,2,22,0,3,76,3,24
1,11,14.0,147,5,17,3,7,78,4,5
1,11,4.0,275,1,4,0,2,13,1,30
0,3,17.0,54,0,16,0,5,64,1,6
1,11,5.0,240,2,4,0,1,35,4,24
1,5,14.0,36,6,19,1,3,30,2,5
1,7,5.0,204,6,14,1,14,125,4,24
0,5,15.0,200,0,22,0,13,29,2,1
1,5,22.0,163,3,1,3,12,121,3,26
1,11,31.0,227,0,2,0,14,88,2,20
0,10,1.0,208,6,3,1,0,12,1,7
1,11,28.0,123,5,12,0,1,105,0,18
1,11,28.0,123,5,22,0,11,94,0,18
1,11,29.0,270,6,18,0,9,54,2,16
1,9,3.0,217,4,14,2,12,80,3,27
1,9,4.0,295,5,6,0,15,31,4,30
1,9,4.0,295,5,11,0,6,89,3,30
1,9,4.0,295,5,12,0,5,12,0,30
1,9,4.0,295,5,22,0,13,29,2,30
1,9,13.0,91,3,9,0,2,86,1,25
1,7,4.0,186,5,11,0,4,75,2,30
1,7,4.0,186,5,12,1,4,75,4,30
0,8,10.0,71,3,18,0,16,50,1,4
1,3,15.0,35,5,9,0,1,67,4,1
1,3,21.0,338,4,16,2,14,110,0,21
1,3,21.0,338,4,5,0,16,72,4,21
1,3,21.0,338,4,22,0,7,57,2,21
1,5,4.0,114,2,16,0,0,0,3,30
1,5,4.0,114,2,14,2,2,123,3,30
1,5,4.0,114,2,4,0,11,15,0,30
1,5,4.0,114,2,12,3,2,2,3,30
1,5,4.0,114,2,12,1,11,124,4,30
1,5,6.0,277,5,11,1,12,84,1,23
1,5,23.0,168,0,12,1,5,12,0,17
1,7,6.0,93,3,5,0,7,62,2,23
1,5,6.0,277,5,4,1,13,99,0,23
1,5,7.0,349,6,20,0,7,137,3,11
1,5,7.0,349,6,5,0,9,49,1,11
1,7,23.0,202,2,10,0,10,12,3,17
1,7,23.0,202,2,19,0,15,108,1,17
1,7,23.0,202,2,8,0,2,92,0,17
1,7,23.0,202,2,8,1,6,14,0,17
1,7,29.0,268,1,2,2,5,6,0,16
1,11,6.0,252,4,18,1,10,6,0,23
1,11,13.0,312,4,15,0,1,35,4,25
1,7,5.0,204,6,16,0,13,28,1,24
1,4,25.0,20,1,7,0,14,25,1,13
1,9,23.0,167,2,2,0,15,85,4,17
1,7,20.0,266,3,11,0,1,1,2,29
1,9,11.0,52,5,12,2,1,67,3,9
1,11,14.0,147,5,17,0,0,12,1,5
1,7,22.0,211,1,14,1,8,9,0,26
1,7,22.0,211,1,2,0,4,4,1,26
1,3,10.0,4,3,1,0,8,27,1,4
0,4,14.0,345,6,3,2,6,14,0,5
0,4,14.0,345,6,19,2,13,38,2,5
0,4,14.0,345,6,16,0,6,14,4,5
0,4,28.0,218,6,20,1,2,123,4,18
0,4,31.0,67,1,0,0,8,118,4,20
0,4,31.0,67,1,14,2,6,7,3,20
0,2,12.0,128,3,14,0,8,9,1,28
0,2,13.0,276,0,20,0,6,128,3,25
0,2,13.0,276,0,16,1,12,104,4,25
0,2,21.0,108,1,6,0,0,77,3,21
0,2,21.0,108,1,7,0,4,4,1,21
0,2,21.0,108,1,9,1,2,71,4,21
1,7,29.0,268,1,12,0,2,35,4,16
1,7,30.0,42,2,6,0,14,24,1,19
1,7,30.0,42,2,21,1,2,86,0,19
1,9,12.0,177,6,12,0,2,2,2,28
1,7,29.0,268,1,19,1,1,105,0,16
1,7,29.0,268,1,19,1,4,66,0,16
1,7,30.0,42,2,2,0,15,31,3,19
1,7,30.0,42,2,16,1,9,102,4,19
1,3,12.0,104,1,15,0,15,108,2,28
1,3,12.0,104,1,13,0,6,89,3,28
1,3,12.0,104,1,19,0,2,40,4,28
1,7,31.0,43,4,9,0,5,6,0,20
1,7,5.0,204,6,22,0,2,13,2,24
1,7,31.0,43,4,9,0,4,45,1,20
1,3,4.0,285,0,18,1,1,1,4,30
1,3,3.0,182,3,2,1,2,123,4,27
0,0,1.0,8,5,12,0,5,6,0,7
1,3,3.0,182,3,22,1,1,105,4,27
1,3,3.0,182,3,12,1,2,123,4,27
0,10,10.0,245,0,8,1,5,6,2,4
1,3,14.0,33,4,11,0,14,97,2,5
1,3,13.0,210,2,8,2,14,24,1,25
1,9,12.0,177,6,5,1,12,80,4,28
1,5,5.0,96,4,4,0,16,42,0,24
1,3,13.0,210,2,1,0,8,27,1,25
1,9,12.0,177,6,18,2,9,57,3,28
1,6,29.0,335,2,19,1,11,55,4,16
1,10,4.0,356,0,14,0,13,48,1,30
1,5,1.0,109,3,20,0,6,128,1,7
1,8,1.0,66,4,17,0,13,48,0,7
1,2,2.0,143,2,4,1,13,69,0,22
1,5,1.0,109,3,9,2,7,111,3,7
1,1,10.0,17,2,18,2,13,38,3,4
1,8,3.0,363,6,17,0,7,78,1,27
0,5,28.0,259,3,9,0,14,125,4,18
0,6,12.0,162,0,18,1,13,36,0,28
1,7,25.0,41,5,2,1,0,26,4,13
1,3,2.0,120,6,17,0,2,123,3,22
1,3,2.0,120,6,21,0,10,47,0,22
1,3,2.0,120,6,13,0,14,25,1,22
1,3,11.0,337,0,12,2,6,7,3,9
1,3,11.0,337,0,9,2,10,23,3,9
1,3,16.0,263,6,17,0,2,92,0,2
1,3,16.0,263,6,17,2,10,47,3,2
1,3,16.0,263,6,16,1,4,82,1,2
1,3,16.0,263,6,11,0,3,30,1,2
1,7,27.0,53,3,19,1,8,19,0,15
1,7,27.0,53,3,14,0,14,106,3,15
1,7,27.0,53,3,19,1,8,19,0,15
1,4,7.0,133,5,1,0,10,23,3,11
1,4,16.0,25,3,9,0,4,75,1,2
1,4,16.0,25,3,1,1,10,22,0,2
1,9,19.0,234,6,4,1,7,20,4,10
1,3,4.0,285,0,13,1,11,133,4,30
1,3,28.0,187,4,14,1,1,59,2,18
1,9,23.0,167,2,22,0,5,64,2,17
1,7,21.0,81,0,9,0,3,30,3,21
1,3,20.0,105,2,9,0,6,7,4,29
1,9,4.0,295,5,8,0,3,70,2,30
0,5,1.0,109,0,13,0,13,21,1,7
1,11,4.0,275,1,17,1,5,6,1,30
1,11,4.0,275,1,22,0,2,13,1,30
1,11,4.0,275,1,8,0,2,71,4,30
1,11,4.0,275,1,1,2,0,26,0,30
1,10,5.0,336,1,16,0,6,7,4,24
1,10,5.0,336,1,2,0,16,50,1,24
1,10,5.0,336,1,8,0,4,82,3,24
1,10,5.0,336,1,18,0,0,26,3,24
1,10,14.0,174,4,6,1,13,48,0,5
1,5,7.0,349,6,4,1,4,45,4,11
1,5,7.0,349,6,14,1,11,10,2,11
1,5,20.0,214,5,13,0,0,77,1,29
1,5,20.0,214,5,12,2,15,51,3,29
1,5,23.0,168,0,14,0,5,6,3,17
1,5,31.0,196,1,5,0,0,77,1,20
1,5,31.0,196,1,15,0,9,134,2,20
1,3,23.0,57,6,20,2,8,41,2,17
1,9,14.0,106,0,16,0,10,47,3,5
1,3,23.0,57,6,11,2,6,89,3,17
1,11,21.0,192,5,15,0,13,38,2,21
1,3,23.0,57,6,8,0,15,39,4,17
1,9,14.0,106,0,13,2,6,89,0,5
1,3,29.0,325,5,14,0,8,27,3,16
1,9,20.0,119,3,15,3,1,59,0,29
1,3,29.0,325,5,19,1,12,17,2,16
1,9,21.0,362,0,0,0,5,64,1,21
1,3,30.0,304,6,23,0,3,30,3,19
1,11,9.0,311,3,16,0,8,65,4,12
1,3,30.0,304,6,23,0,6,91,0,19
1,9,9.0,320,2,4,0,8,118,3,12
1,3,30.0,304,6,3,0,13,29,0,19
1,7,27.0,53,3,12,0,13,29,0,15
1,10,5.0,336,1,19,0,1,59,4,24
1,10,6.0,242,2,14,0,6,7,3,23
1,10,6.0,242,2,21,1,7,137,1,23
1,10,14.0,174,4,1,0,10,22,1,5
1,10,14.0,174,4,12,0,2,69,0,5
1,10,15.0,60,5,2,0,16,113,2,1
1,10,16.0,201,6,6,0,5,47,3,2
1,10,16.0,201,6,16,1,10,30,0,2
1,11,3.0,288,0,16,1,3,79,4,27
1,11,3.0,288,0,22,1,1,11,4,27
1,11,11.0,175,1,2,3,12,80,3,9
1,11,19.0,321,2,6,0,9,54,0,10
1,11,20.0,340,4,20,0,13,29,1,29
1,11,21.0,192,5,5,0,8,9,2,21
1,11,21.0,192,5,14,1,2,123,4,21
1,11,22.0,250,6,10,1,1,105,0,26
1,11,22.0,250,6,10,1,1,67,0,26
1,11,21.0,192,5,22,2,14,25,3,21
1,11,22.0,250,6,23,1,7,78,4,26
1,9,6.0,51,3,0,0,15,46,4,23
1,9,6.0,51,3,22,0,15,51,1,23
1,11,6.0,252,4,4,0,15,112,1,23
1,11,6.0,252,4,9,0,12,61,1,23
1,11,6.0,252,4,4,2,0,77,3,23
1,11,6.0,252,4,9,0,11,18,1,23
1,11,12.0,118,2,6,1,4,75,0,28
1,11,12.0,118,2,10,0,5,6,2,28
1,11,12.0,118,2,5,0,6,7,2,28
1,11,12.0,118,2,19,0,5,0,2,28
1,11,12.0,118,2,1,0,10,12,3,28
1,3,30.0,304,6,22,0,12,135,2,19
1,5,12.0,327,4,13,3,5,6,0,28
1,10,13.0,346,2,4,0,8,19,0,25
1,5,14.0,36,6,17,1,3,103,4,5
1,5,12.0,327,4,6,1,2,86,1,28
1,5,13.0,184,5,11,0,1,11,3,25
1,5,13.0,184,5,2,2,13,21,1,25
1,5,13.0,184,5,2,2,2,2,3,25
1,5,13.0,184,5,1,1,3,115,4,25
1,5,14.0,36,6,11,0,15,51,1,5
1,5,13.0,184,5,12,0,16,37,3,25
1,5,12.0,327,4,8,0,10,47,2,28
1,5,14.0,36,6,13,2,0,68,0,5
1,5,14.0,36,6,19,0,5,6,2,5
1,5,14.0,36,6,2,0,6,7,0,5
1,11,2.0,265,3,6,1,0,77,0,22
0,1,22.0,164,1,6,0,14,25,2,26
0,1,30.0,100,2,16,0,9,54,0,19
0,1,30.0,100,2,23,1,13,48,0,19
0,1,31.0,305,4,8,0,10,22,3,20
0,8,5.0,101,1,19,0,13,29,3,24
0,8,5.0,101,1,18,2,16,139,3,24
0,8,11.0,306,0,8,0,12,17,4,9
0,8,12.0,284,1,0,2,0,0,3,28
0,8,5.0,101,1,14,1,0,26,1,24
0,8,21.0,46,4,20,1,16,130,4,21
0,8,23.0,102,6,0,1,13,38,0,17
0,8,23.0,102,6,19,0,15,51,0,17
0,4,3.0,279,1,18,2,9,57,3,27
0,4,13.0,221,5,10,2,3,79,1,25
0,4,13.0,221,5,4,0,6,89,4,25
0,4,14.0,345,6,23,0,13,69,1,5
1,9,22.0,92,1,3,1,14,25,4,26
1,9,21.0,362,0,18,1,9,49,1,21
1,7,6.0,93,3,8,1,10,22,1,23
1,7,12.0,181,6,23,0,5,64,2,28
1,7,12.0,181,6,4,0,16,74,4,28
1,7,23.0,202,2,6,0,0,31,4,17
1,11,19.0,321,2,14,2,6,7,3,10
1,11,19.0,321,2,9,1,1,35,0,10
1,11,20.0,340,4,3,0,4,45,2,29
1,11,20.0,340,4,2,2,10,52,3,29
1,11,20.0,340,4,3,1,9,49,1,29
1,11,20.0,340,4,9,0,8,118,1,29
1,11,21.0,192,5,19,1,2,123,1,21
1,11,22.0,250,6,13,0,11,18,0,26
1,9,6.0,51,3,8,1,1,59,4,23
1,7,23.0,202,2,17,0,8,41,4,17
1,9,6.0,51,3,2,0,6,89,2,23
1,9,6.0,51,3,4,0,5,64,2,23
1,9,6.0,51,3,8,2,16,74,3,23
1,9,6.0,51,3,19,0,7,31,4,23
1,9,12.0,177,6,12,0,3,44,0,28
1,9,14.0,106,0,17,0,0,64,1,5
1,11,25.0,88,1,4,0,11,90,3,13
1,11,27.0,322,4,5,1,3,30,4,15
1,7,18.0,154,5,18,1,8,19,0,0
1,5,28.0,259,6,11,0,0,15,2,18
1,9,10.0,156,4,1,2,6,126,3,4
1,9,10.0,156,4,9,2,9,54,3,4
1,9,24.0,272,4,4,0,1,105,3,14
1,9,24.0,272,4,8,0,5,64,2,14
1,7,18.0,154,5,13,0,4,75,2,0
1,7,18.0,154,5,8,0,7,78,2,0
1,7,18.0,154,5,11,1,13,38,4,0
1,7,18.0,154,5,2,0,5,6,0,0
1,5,12.0,327,4,7,1,5,6,0,28
1,7,13.0,238,3,6,0,4,5,1,25
1,7,13.0,238,3,16,0,15,39,1,25
1,7,11.0,197,5,4,3,5,6,0,9
1,7,14.0,125,0,2,1,1,11,1,5
1,9,5.0,89,6,4,2,10,22,0,24
1,9,5.0,89,6,15,1,12,104,4,24
1,9,13.0,91,3,20,0,2,2,4,25
1,7,4.0,186,5,9,0,5,6,0,30
0,0,12.0,113,1,16,2,8,27,3,28
1,9,27.0,179,3,11,4,2,92,1,15
1,9,27.0,179,3,6,4,9,63,4,15
1,9,27.0,179,3,20,4,2,35,3,15
1,9,27.0,179,3,20,4,6,7,4,15
0,0,21.0,287,4,6,0,2,3,4,21
1,9,27.0,179,3,3,4,14,25,3,15
1,9,27.0,179,3,15,4,8,33,3,15
0,0,21.0,287,4,16,1,7,137,4,21
1,7,2.0,160,2,1,4,0,0,3,22
0,0,21.0,287,4,18,0,9,49,3,21
0,0,22.0,241,5,20,0,0,77,1,26
1,7,2.0,160,2,22,4,15,31,3,22
0,0,22.0,241,5,19,2,12,61,3,26
0,2,5.0,127,3,8,0,4,4,4,24
1,5,16.0,239,0,17,4,14,88,4,2
0,0,13.0,198,2,0,0,10,47,1,25
1,11,15.0,331,6,17,4,9,63,4,1
0,0,20.0,172,2,5,0,15,31,3,29
1,7,23.0,202,2,22,4,14,24,3,17
1,7,29.0,268,1,14,4,14,25,0,16
1,11,31.0,227,0,17,4,6,14,3,20
1,11,31.0,227,0,14,4,1,81,4,20
1,11,31.0,227,0,9,4,13,28,3,20
1,11,31.0,227,0,14,4,9,63,4,20
1,11,31.0,227,0,10,4,0,77,3,20
1,11,8.0,283,6,2,4,14,126,3,8
1,11,31.0,227,0,20,4,12,17,2,20
1,11,31.0,227,0,18,4,6,91,3,20
1,11,31.0,227,0,12,4,16,50,3,20
1,7,30.0,42,2,12,4,6,89,3,19
1,11,31.0,227,0,23,4,12,17,3,20
1,9,11.0,52,5,18,4,8,33,3,9
1,9,11.0,52,5,22,4,15,46,2,9
1,9,11.0,52,5,20,4,15,108,3,9
1,9,11.0,52,5,15,4,14,34,3,9
1,9,11.0,52,5,19,4,12,121,3,9
1,9,11.0,52,5,6,4,1,105,0,9
1,9,11.0,52,5,5,4,6,14,4,9
1,9,11.0,52,5,5,4,13,38,0,9
1,9,19.0,234,6,8,4,15,51,3,10
1,9,19.0,234,6,13,4,9,57,3,10
1,9,19.0,234,6,22,4,9,54,3,10
1,9,19.0,234,6,9,4,2,40,4,10
1,9,19.0,234,6,22,4,8,41,1,10
1,9,23.0,167,2,9,4,10,22,3,17
1,9,23.0,167,2,14,4,6,91,3,17
1,9,23.0,167,2,14,4,11,55,4,17
1,9,23.0,167,2,6,4,8,9,3,17
1,9,23.0,167,2,5,4,14,97,3,17
1,9,23.0,167,2,22,4,6,89,3,17
1,9,23.0,167,2,14,4,1,11,3,17
1,9,23.0,167,2,17,4,13,21,3,17
1,9,23.0,167,2,4,4,13,21,3,17
1,9,23.0,167,2,22,4,8,19,3,17
1,9,28.0,315,0,0,4,2,2,3,18
1,9,28.0,315,0,5,4,5,12,3,18
1,7,2.0,160,2,13,4,8,33,3,22
1,7,2.0,160,2,14,4,13,28,4,22
1,7,8.0,94,1,11,4,4,75,3,8
1,7,8.0,94,1,1,4,16,113,3,8
1,7,8.0,94,1,14,4,9,27,0,8
1,7,9.0,273,2,22,4,11,55,4,12
1,7,9.0,273,2,22,4,8,9,3,12
1,7,3.0,269,4,8,4,1,105,3,27
1,7,3.0,269,4,9,4,16,37,3,27
1,7,3.0,269,4,22,4,15,46,3,27
1,7,3.0,269,4,14,4,8,27,3,27
1,7,3.0,269,4,18,4,8,9,3,27
1,7,3.0,269,4,8,4,6,7,3,27
1,7,3.0,269,4,15,4,14,126,3,27
1,7,3.0,269,4,9,4,1,16,4,27
1,7,3.0,269,4,14,4,16,139,3,27
1,7,3.0,269,4,10,4,8,41,3,27
1,7,3.0,269,4,15,4,13,21,3,27
1,7,5.0,204,6,9,4,6,7,0,24
1,7,5.0,204,6,16,4,14,131,3,24
1,7,5.0,204,6,4,4,1,11,3,24
1,7,16.0,40,2,19,4,13,29,3,2
1,7,16.0,40,2,22,4,15,108,3,2
1,11,15.0,331,6,23,4,6,7,3,1
1,11,15.0,331,6,1,4,6,91,1,1
1,11,15.0,331,6,18,4,8,27,3,1
1,11,15.0,331,6,12,4,1,105,4,1
1,11,15.0,331,6,19,4,8,41,2,1
1,3,1.0,180,5,13,4,5,6,3,7
1,3,1.0,180,5,19,4,9,87,4,7
1,3,1.0,180,5,18,4,16,74,3,7
1,3,1.0,180,5,20,4,6,7,0,7
1,3,1.0,180,5,18,4,16,74,3,7
1,3,1.0,180,5,23,4,12,135,3,7
1,3,1.0,180,5,14,4,6,7,3,7
1,3,1.0,180,5,3,4,2,69,3,7
1,11,17.0,110,0,19,4,6,91,3,6
1,3,8.0,148,5,19,4,16,50,3,8
1,11,17.0,110,0,16,4,7,120,4,6
1,11,17.0,110,0,18,4,8,19,3,6
1,7,5.0,204,6,1,4,6,7,0,24
1,7,5.0,204,6,20,4,6,7,3,24
1,7,5.0,204,6,4,4,12,56,4,24
1,7,20.0,266,3,19,4,7,57,0,29
1,7,20.0,266,3,20,4,11,58,3,29
1,7,21.0,81,0,14,4,8,27,3,21
1,7,21.0,81,0,19,4,8,27,3,21
1,7,21.0,81,0,17,4,14,125,4,21
1,7,21.0,81,0,1,4,6,116,3,21
1,7,22.0,211,1,11,4,14,24,4,26
1,7,22.0,211,1,23,4,6,7,3,26
1,5,25.0,350,2,4,4,15,119,3,13
1,7,30.0,42,2,1,4,1,81,4,19
0,0,22.0,241,5,14,2,11,98,3,26
1,5,16.0,239,0,17,4,14,32,4,2
0,6,11.0,355,3,18,1,13,99,1,9
1,11,8.0,283,6,16,4,14,25,3,8
1,9,16.0,107,2,13,4,12,80,3,2
1,5,25.0,350,2,13,4,16,74,3,13
1,7,30.0,42,2,6,4,1,105,4,19
0,0,29.0,191,5,12,0,4,5,3,16
1,5,16.0,239,0,3,4,14,125,3,2
0,0,12.0,113,1,9,2,1,59,3,28
1,11,30.0,170,3,2,0,3,70,3,19
1,11,8.0,283,6,9,4,8,19,0,8
1,11,10.0,360,0,13,4,5,64,0,4
1,5,25.0,350,2,9,4,11,10,2,13
1,3,5.0,324,1,19,4,6,7,3,24
0,0,29.0,191,5,2,0,5,6,0,16
0,0,4.0,229,0,12,0,11,133,0,30
1,5,16.0,239,0,6,4,1,11,4,2
1,5,17.0,212,1,18,4,14,126,4,6
1,5,17.0,212,1,9,4,14,125,4,6
1,5,17.0,212,1,9,4,9,63,4,6
1,5,17.0,212,1,14,4,10,23,3,6
1,5,17.0,212,1,1,4,1,67,4,6
1,5,18.0,195,2,11,4,13,48,3,0
1,3,22.0,166,5,9,4,1,1,4,26
1,3,22.0,166,5,19,4,6,128,3,26
1,3,22.0,166,5,18,4,6,128,1,26
1,3,22.0,166,5,4,4,15,112,4,26
1,7,13.0,238,3,3,4,14,107,3,25
1,7,13.0,238,3,18,4,15,112,4,25
1,7,13.0,238,3,14,4,8,27,3,25
1,9,5.0,89,6,5,4,8,9,3,24
1,7,13.0,238,3,4,4,14,24,1,25
1,9,5.0,89,6,9,4,8,9,3,24
1,7,14.0,125,0,2,4,5,12,3,5
1,11,29.0,270,6,19,4,6,7,2,16
1,9,5.0,89,6,6,4,11,117,3,24
1,9,5.0,89,6,8,4,0,26,0,24
1,9,5.0,89,6,4,4,1,16,3,24
1,9,5.0,89,6,21,4,10,23,3,24
1,9,5.0,89,6,17,4,12,83,4,24
1,7,15.0,205,1,22,4,8,9,3,1
1,9,13.0,91,3,20,4,15,119,3,25
1,7,15.0,205,1,20,4,9,87,3,1
1,7,15.0,205,1,9,4,8,65,4,1
1,7,15.0,205,1,4,4,9,83,3,1
1,7,15.0,205,1,1,4,6,7,3,1
1,7,28.0,34,0,13,4,6,7,0,18
1,7,28.0,34,0,1,4,13,38,3,18
1,7,28.0,34,0,11,4,1,59,3,18
1,9,13.0,91,3,11,4,14,125,4,25
1,7,28.0,34,0,19,4,2,92,3,18
1,7,28.0,34,0,17,4,6,7,3,18
1,7,28.0,34,0,18,4,11,94,3,18
1,7,28.0,34,0,0,4,8,27,3,18
1,7,28.0,34,0,9,4,8,118,3,18
1,7,31.0,43,4,23,4,12,121,3,20
1,7,31.0,43,4,4,4,12,17,4,20
1,7,31.0,43,4,15,4,9,57,0,20
1,7,31.0,43,4,14,4,12,84,3,20
1,7,31.0,43,4,19,4,6,7,3,20
1,7,31.0,43,4,13,4,13,28,3,20
1,3,3.0,182,3,9,4,11,122,4,27
1,3,3.0,182,3,13,4,7,20,3,27
1,11,5.0,240,2,18,4,9,10,3,24
1,3,3.0,182,3,20,4,6,7,3,27
1,3,3.0,182,3,18,4,3,103,3,27
1,11,5.0,240,2,0,4,16,42,3,24
1,3,3.0,182,3,9,4,15,51,3,27
1,3,3.0,182,3,6,4,7,20,3,27
1,3,3.0,182,3,18,4,9,87,4,27
1,3,3.0,182,3,13,4,9,27,3,27
1,3,3.0,182,3,19,4,6,89,3,27
1,5,5.0,96,4,3,4,7,111,3,24
1,5,5.0,96,4,17,4,8,9,0,24
1,5,5.0,96,4,11,4,7,120,3,24
1,5,15.0,200,3,9,4,14,32,4,1
1,5,15.0,200,3,14,4,8,19,4,1
1,5,15.0,200,3,19,4,2,123,4,1
1,5,15.0,200,3,12,4,9,27,3,1
1,5,15.0,200,3,1,4,6,7,3,1
1,5,15.0,200,3,19,4,6,7,3,1
1,5,29.0,24,3,1,4,8,27,3,16
1,5,29.0,24,3,18,4,11,15,3,16
1,5,29.0,24,3,9,4,14,88,4,16
1,5,29.0,24,3,18,4,4,45,3,16
1,3,3.0,182,3,2,4,16,130,3,27
1,3,13.0,210,2,16,4,6,128,1,25
1,3,13.0,210,2,11,4,6,7,3,25
1,3,13.0,210,2,9,4,12,61,4,25
1,3,13.0,210,2,18,4,4,127,4,25
1,3,13.0,210,2,13,4,4,75,1,25
1,3,13.0,210,2,1,4,6,89,3,25
1,3,13.0,210,2,20,4,6,7,3,25
1,3,13.0,210,2,18,4,16,37,3,25
1,3,13.0,210,2,16,4,5,64,3,25
1,3,13.0,210,2,6,4,11,58,4,25
1,3,13.0,210,2,19,4,8,9,4,25
1,3,13.0,210,2,10,4,8,19,3,25
1,3,13.0,210,2,1,4,10,6,3,25
1,3,13.0,210,2,17,4,13,28,3,25
1,3,23.0,57,6,22,4,7,20,3,17
1,3,23.0,57,6,0,4,2,60,3,17
1,3,23.0,57,6,6,4,11,10,4,17
1,3,23.0,57,6,2,4,6,91,4,17
1,3,23.0,57,6,9,4,9,101,4,17
1,3,23.0,57,6,1,4,6,7,4,17
1,11,5.0,240,2,17,4,9,57,0,24
1,11,31.0,227,0,16,2,12,84,0,20
1,9,16.0,107,2,4,4,6,116,0,2
1,11,10.0,360,0,5,4,12,83,3,4
1,5,25.0,350,2,16,4,5,64,3,13
0,4,31.0,67,1,18,2,9,102,3,20
0,2,14.0,231,1,3,0,8,27,0,5
0,2,14.0,231,1,9,2,6,128,4,5
1,3,5.0,324,1,4,4,1,81,4,24
1,9,19.0,234,6,2,0,15,108,2,10
1,11,15.0,331,6,5,4,13,38,3,1
1,11,8.0,283,6,8,4,1,35,3,8
0,0,17.0,12,3,8,1,16,50,4,6
1,3,2.0,120,6,2,4,9,87,3,22
0,4,31.0,67,1,18,2,7,120,4,20
0,2,20.0,264,0,7,1,0,0,0,29
1,9,28.0,315,0,13,0,16,42,1,18
1,9,1.0,126,1,17,4,15,39,0,7
1,11,10.0,360,0,4,4,14,32,3,4
1,9,17.0,255,4,4,4,14,106,4,6
0,0,17.0,12,3,23,1,8,33,1,6
1,5,25.0,350,2,12,4,3,79,4,13
0,8,30.0,103,6,17,3,9,101,4,19
0,0,17.0,12,3,2,1,8,9,1,6
1,5,25.0,350,2,8,4,16,37,4,13
0,2,20.0,264,0,10,1,13,123,2,29
1,9,15.0,226,1,1,4,7,57,3,1
1,11,10.0,360,0,23,4,6,7,3,4
1,9,17.0,255,4,14,4,2,92,3,6
0,8,21.0,46,4,5,1,11,18,1,21
0,0,19.0,13,1,16,0,11,94,3,10
1,3,2.0,120,6,4,4,6,7,3,22
0,2,20.0,264,0,13,0,3,115,2,29
1,7,21.0,81,0,3,0,13,29,1,21
1,3,8.0,148,5,20,4,6,7,3,8
1,11,17.0,110,0,14,4,6,116,3,6
1,11,17.0,110,0,10,4,14,25,2,6
1,11,10.0,360,0,6,4,13,48,3,4
1,11,17.0,110,0,11,4,13,28,0,6
1,11,17.0,110,0,14,4,14,106,4,6
1,11,17.0,110,0,5,4,15,112,4,6
1,9,1.0,126,1,5,4,9,49,2,7
1,11,10.0,360,0,15,4,4,75,3,4
1,9,1.0,126,1,21,4,1,1,3,7
1,9,1.0,126,1,11,4,9,87,3,7
1,9,1.0,126,1,18,4,14,32,4,7
1,9,1.0,126,1,3,4,12,80,3,7
1,3,2.0,120,6,6,4,2,71,4,22
1,3,2.0,120,6,1,4,6,128,3,22
1,7,25.0,41,5,15,4,8,118,3,13
1,7,25.0,41,5,1,4,14,106,4,13
1,7,25.0,41,5,16,4,13,29,2,13
1,7,25.0,41,5,19,4,11,98,0,13
1,7,25.0,41,5,4,4,14,32,2,13
1,7,25.0,41,5,9,4,6,128,4,13
1,7,25.0,41,5,17,4,2,92,3,13
1,7,18.0,154,5,9,4,1,35,1,0
1,3,11.0,337,0,18,4,9,10,4,9
1,3,11.0,337,0,1,4,15,119,4,9
1,3,11.0,337,0,11,4,12,84,3,9
1,3,11.0,337,0,14,4,10,22,3,9
1,7,18.0,154,5,5,4,8,27,3,0
1,7,18.0,154,5,9,4,14,126,1,0
1,3,11.0,337,0,12,4,7,111,3,9
1,7,18.0,154,5,9,4,6,14,3,0
1,3,11.0,337,0,11,4,7,120,4,9
1,3,11.0,337,0,14,4,9,109,4,9
1,7,18.0,154,5,0,4,7,20,3,0
1,3,16.0,263,6,9,4,14,125,4,2
1,11,7.0,253,5,16,4,10,52,3,11
1,11,7.0,253,5,18,4,13,28,3,11
1,11,7.0,253,5,4,4,13,28,3,11
1,11,7.0,253,5,6,4,6,128,1,11
1,11,9.0,311,3,6,4,14,107,4,12
1,11,9.0,311,3,10,4,1,67,1,12
1,11,9.0,311,3,20,4,9,134,4,12
1,11,9.0,311,3,19,4,8,33,0,12
1,11,3.0,288,0,20,4,8,19,0,27
1,11,21.0,192,5,9,4,1,81,4,21
1,11,21.0,192,5,18,4,10,23,3,21
1,11,21.0,192,5,6,4,8,9,4,21
1,11,21.0,192,5,1,4,14,32,4,21
1,11,21.0,192,5,4,4,14,25,3,21
1,11,22.0,250,6,17,4,6,89,3,26
1,11,22.0,250,6,10,4,6,7,3,26
1,9,6.0,51,3,12,4,9,95,3,23
1,9,6.0,51,3,9,4,9,95,3,23
1,9,6.0,51,3,4,4,8,9,3,23
1,9,3.0,217,4,19,4,3,30,3,27
1,11,29.0,270,6,23,4,6,7,4,16
1,9,3.0,217,4,11,4,2,86,3,27
1,9,3.0,217,4,11,4,6,7,3,27
1,11,29.0,270,6,1,4,9,27,3,16
1,9,3.0,217,4,9,4,16,74,3,27
1,9,3.0,217,4,16,4,9,109,4,27
1,11,29.0,270,6,12,4,16,50,1,16
1,11,29.0,270,6,19,4,15,108,3,16
1,9,4.0,295,5,15,4,7,120,3,30
1,9,4.0,295,5,23,4,9,63,3,30
1,9,4.0,295,5,8,4,8,27,3,30
1,9,5.0,89,6,1,4,6,128,3,24
1,11,29.0,270,6,9,4,8,9,3,16
1,11,29.0,270,6,22,4,9,57,0,16
1,11,29.0,270,6,11,4,6,7,3,16
1,11,28.0,123,5,8,4,9,83,3,18
1,11,28.0,123,5,1,4,1,11,4,18
1,9,5.0,89,6,19,4,16,37,0,24
1,11,28.0,123,5,20,4,1,67,3,18
1,11,28.0,123,5,4,4,8,27,3,18
1,11,10.0,360,0,22,4,0,53,3,4
1,9,1.0,126,1,22,4,2,123,3,7
1,9,1.0,126,1,19,4,2,86,3,7
1,11,10.0,360,0,9,4,10,133,3,4
1,11,10.0,360,0,7,4,8,27,2,4
1,11,10.0,360,0,18,4,8,65,3,4
1,11,8.0,283,6,1,4,1,81,0,8
1,11,8.0,283,6,13,4,6,7,0,8
1,11,8.0,283,6,11,4,12,135,3,8
1,9,15.0,226,1,5,4,9,9,3,1
1,11,8.0,283,6,18,4,6,128,4,8
1,9,15.0,226,1,12,4,8,41,3,1
1,9,15.0,226,1,18,4,16,65,4,1
1,9,15.0,226,1,9,4,6,7,0,1
0,0,19.0,13,1,17,0,0,26,0,10
1,9,6.0,51,3,18,4,0,68,3,23
0,4,31.0,67,1,9,1,9,27,0,20
1,3,2.0,120,6,22,4,13,21,3,22
1,3,28.0,187,4,9,2,5,64,3,18
0,0,5.0,122,1,11,0,1,35,4,24
1,9,6.0,51,3,23,4,14,32,3,23
1,9,15.0,226,1,5,4,7,57,3,1
0,0,19.0,13,1,5,0,4,79,0,10
0,3,20.0,105,4,2,1,10,22,2,29
0,0,5.0,122,1,15,1,13,38,4,24
1,3,2.0,120,6,9,4,16,65,3,22
1,4,8.0,292,6,19,0,3,76,4,8
1,9,6.0,51,3,11,4,12,80,3,23
1,9,15.0,226,1,0,4,14,126,4,1
0,1,13.0,207,3,4,1,5,6,0,25
0,0,5.0,122,1,22,0,13,99,2,24
1,3,2.0,120,6,20,4,6,7,3,22
1,5,29.0,24,3,14,4,15,39,0,16
1,5,29.0,24,3,19,4,8,27,3,16
1,5,29.0,24,3,13,4,6,7,3,16
1,5,29.0,24,3,1,4,13,28,3,16
1,5,29.0,24,3,20,4,2,35,2,16
1,5,29.0,24,3,23,4,2,35,3,16
1,5,29.0,24,3,1,4,1,35,4,16
1,5,29.0,24,3,19,4,14,110,0,16
1,5,29.0,24,3,18,4,7,54,4,16
1,5,29.0,24,3,23,4,9,87,3,16
1,5,29.0,24,3,14,4,1,35,3,16
1,6,4.0,159,6,14,4,9,87,4,30
1,5,18.0,195,2,14,4,14,125,4,0
1,5,18.0,195,2,14,4,14,25,3,0
1,5,18.0,195,2,8,4,1,105,3,0
1,5,18.0,195,2,19,4,2,40,3,0
1,5,18.0,195,2,4,4,12,17,3,0
1,5,24.0,58,1,9,4,9,109,4,14
1,5,24.0,58,1,12,4,0,64,3,14
1,5,24.0,58,1,20,4,9,9,3,14
1,6,17.0,244,5,11,4,9,95,3,6
1,6,17.0,244,5,9,4,14,88,4,6
1,6,17.0,244,5,9,4,9,93,4,6
1,6,17.0,244,5,19,4,9,49,3,6
1,7,2.0,160,2,22,4,8,33,4,22
1,7,2.0,160,2,11,4,6,7,3,22
1,7,2.0,160,2,22,4,16,37,3,22
1,6,4.0,159,6,2,4,8,118,3,30
1,6,4.0,159,6,17,4,14,25,0,30
1,11,31.0,227,0,17,4,0,26,3,20
1,6,13.0,317,0,5,4,8,27,0,25
1,9,11.0,52,5,12,4,13,48,3,9
1,9,11.0,52,5,17,4,5,12,0,9
1,9,19.0,234,6,10,4,13,38,4,10
1,9,19.0,234,6,17,4,14,106,4,10
1,9,19.0,234,6,3,4,0,26,1,10
1,7,2.0,160,2,4,4,6,89,3,22
1,7,8.0,94,1,13,4,9,134,3,8
1,7,8.0,94,1,10,4,8,41,3,8
1,7,8.0,94,1,12,4,0,77,3,8
1,7,8.0,94,1,19,4,1,1,3,8
1,7,8.0,94,1,13,4,9,87,2,8
1,7,8.0,94,1,1,4,2,2,0,8
1,7,9.0,273,2,12,4,9,109,4,12
1,7,9.0,273,2,18,4,9,87,4,12
1,7,9.0,273,2,12,4,9,109,4,12
1,7,9.0,273,2,18,4,6,7,3,12
1,10,10.0,245,3,4,4,3,115,3,4
1,3,2.0,120,6,14,4,8,9,4,22
1,3,11.0,337,0,20,4,12,17,2,9
1,3,11.0,337,0,17,4,1,59,4,9
1,3,11.0,337,0,6,4,13,123,4,9
1,3,11.0,337,0,17,4,14,131,4,9
1,5,27.0,328,5,9,4,9,54,4,15
1,5,27.0,328,5,1,4,9,10,3,15
1,3,11.0,337,0,4,4,1,105,3,9
1,3,16.0,263,6,11,4,9,95,3,2
1,5,27.0,328,5,9,4,8,9,4,15
1,3,16.0,263,6,17,4,16,50,3,2
1,3,16.0,263,6,21,4,6,132,4,2
1,3,16.0,263,6,23,4,2,69,3,2
1,3,16.0,263,6,4,4,6,7,3,2
1,3,16.0,263,6,21,4,6,132,3,2
1,3,16.0,263,6,19,4,16,113,3,2
1,5,1.0,109,3,13,4,6,7,3,7
1,5,28.0,259,6,6,4,9,54,4,18
1,5,28.0,259,6,12,4,11,55,4,18
1,5,28.0,259,6,2,4,8,27,3,18
1,5,28.0,259,6,17,4,8,27,3,18
1,5,28.0,259,6,11,4,9,87,3,18
1,5,1.0,109,3,11,4,8,19,3,7
1,9,25.0,344,5,19,4,8,118,1,13
1,6,1.0,158,2,2,4,1,67,0,7
1,9,25.0,344,5,0,4,16,130,3,13
1,9,25.0,344,5,0,4,6,7,3,13
1,9,25.0,344,5,19,4,16,72,4,13
1,9,25.0,344,5,19,4,7,57,3,13
1,6,8.0,59,2,9,4,3,76,3,8
1,6,8.0,59,2,9,4,8,118,3,8
1,6,8.0,59,2,12,4,16,130,3,8
1,6,8.0,59,2,18,4,2,2,3,8
1,9,25.0,344,5,20,4,6,7,0,13
1,6,8.0,59,2,2,4,13,48,3,8
1,9,25.0,344,5,1,4,6,7,3,13
1,6,8.0,59,2,16,4,16,50,3,8
1,9,25.0,344,5,1,4,15,39,3,13
1,9,6.0,51,3,9,4,9,10,4,23
0,1,31.0,305,4,11,0,9,93,4,20
0,0,5.0,122,1,9,0,3,30,1,24
1,9,15.0,226,1,4,4,4,66,3,1
0,0,12.0,113,1,16,0,3,103,4,28
1,9,6.0,51,3,1,4,15,31,3,23
1,9,15.0,226,1,3,4,0,85,3,1
1,4,8.0,292,6,12,2,2,13,3,8
0,1,22.0,164,1,14,1,5,6,0,26
0,0,12.0,113,1,8,0,14,25,0,28
0,0,19.0,13,1,2,0,3,30,3,10
1,9,6.0,51,3,13,4,2,40,3,23
1,9,15.0,226,1,2,4,14,25,3,1
0,1,31.0,305,4,1,2,1,16,3,20
0,0,12.0,113,1,8,0,13,36,1,28
0,0,19.0,13,1,14,0,12,61,1,10
1,9,12.0,177,6,1,4,6,7,3,28
1,3,17.0,54,3,22,4,6,7,3,6
0,2,19.0,137,3,19,2,8,19,3,10
0,0,12.0,113,1,18,2,1,1,3,28
0,0,13.0,198,2,20,1,11,90,1,25
0,0,12.0,113,1,9,1,3,44,0,28
0,0,13.0,198,2,12,0,3,76,1,25
0,0,15.0,190,5,22,0,16,42,1,1
0,0,15.0,190,5,11,1,14,34,1,1
0,0,15.0,190,5,11,1,14,32,4,1
0,0,15.0,190,5,4,0,8,41,1,1
0,0,15.0,190,5,11,1,11,133,4,1
0,0,12.0,113,1,11,0,15,39,1,28
0,0,12.0,113,1,22,0,9,134,2,28
0,0,12.0,113,1,14,0,16,37,1,28
0,0,13.0,198,2,21,1,14,126,4,25
0,0,13.0,198,2,19,0,9,87,3,25
0,0,13.0,198,2,17,1,1,105,4,25
0,0,15.0,190,5,6,1,13,28,0,1
0,0,21.0,287,4,16,1,8,33,4,21
0,0,21.0,287,4,3,1,1,1,4,21
0,0,21.0,287,4,13,1,4,75,1,21
0,0,29.0,191,5,2,0,10,47,3,16
0,0,29.0,191,5,9,0,3,115,4,16
0,0,30.0,228,6,10,2,3,76,3,19
0,0,30.0,228,6,23,2,6,89,0,19
0,0,30.0,228,6,19,0,9,63,1,19
0,0,29.0,191,5,22,1,16,72,1,16
0,0,30.0,228,6,2,2,16,130,0,19
0,1,4.0,286,5,4,0,5,6,2,30
0,10,31.0,135,0,14,3,13,48,0,20
0,1,11.0,111,5,21,1,13,38,0,9
0,1,14.0,183,0,22,0,14,25,4,5
0,1,14.0,183,0,13,1,2,2,1,5
0,1,14.0,183,0,7,1,4,4,0,5
0,1,28.0,300,0,4,0,13,69,1,18
0,1,28.0,300,0,3,1,1,81,4,18
0,1,28.0,300,0,15,1,8,9,4,18
0,1,29.0,112,1,9,0,2,92,1,16
0,8,3.0,363,3,13,0,15,108,1,27
0,8,3.0,363,3,19,0,2,2,1,27
0,8,4.0,299,0,17,0,11,15,4,30
0,8,3.0,363,3,4,1,5,6,0,27
0,8,4.0,299,0,15,1,11,133,4,30
0,4,4.0,178,2,17,2,4,5,3,30
0,4,4.0,178,2,19,0,6,91,1,30
0,4,11.0,121,2,13,0,12,100,4,9
0,4,20.0,115,5,11,2,2,123,0,29
0,1,29.0,112,1,18,0,13,123,2,16
0,8,3.0,363,3,21,0,3,115,4,27
0,8,3.0,363,3,12,2,0,77,0,27
0,8,4.0,299,0,17,1,10,22,2,30
0,8,4.0,299,0,13,0,5,12,3,30
0,8,4.0,299,0,3,2,15,119,0,30
0,8,4.0,299,0,1,0,0,26,0,30
0,8,13.0,189,2,0,0,14,34,1,25
0,4,4.0,178,2,17,0,1,105,0,30
0,4,4.0,178,2,8,3,9,57,0,30
0,4,11.0,121,2,0,0,14,25,1,9
0,4,11.0,121,2,19,0,5,6,0,9
0,4,11.0,121,2,4,0,1,35,4,9
0,8,29.0,301,5,17,1,12,80,1,16
0,4,20.0,115,5,15,0,2,86,1,29
0,4,22.0,152,3,7,0,4,127,2,26
0,4,22.0,152,3,1,0,0,77,3,26
0,2,7.0,153,1,16,0,3,30,3,11
0,2,7.0,153,1,6,0,6,7,3,11
0,2,14.0,231,1,0,0,15,31,1,5
0,2,14.0,231,1,19,0,12,80,4,5
0,2,20.0,264,0,0,1,10,23,1,29
0,2,20.0,264,0,8,0,16,42,3,29
0,0,12.0,113,1,17,0,7,57,3,28
0,0,12.0,113,1,16,0,0,64,3,28
0,0,12.0,113,1,19,0,11,94,2,28
0,0,12.0,113,1,1,0,10,52,3,28
0,0,12.0,113,1,18,0,5,6,3,28
0,0,12.0,113,1,9,0,15,51,3,28
0,0,1.0,8,5,17,0,13,28,3,7
1,9,12.0,177,6,21,4,7,120,3,28
0,2,29.0,140,2,6,0,4,79,0,16
0,0,26.0,14,1,0,2,9,101,3,3
1,9,12.0,177,6,23,4,12,17,3,28
1,9,12.0,177,6,19,4,15,51,3,28
1,9,12.0,177,6,1,4,9,49,3,28
1,9,14.0,106,0,14,4,12,135,4,5
1,9,14.0,106,0,7,4,15,46,3,5
1,9,14.0,106,0,14,4,15,51,3,5
1,9,14.0,106,0,4,4,16,50,3,5
1,9,14.0,106,0,2,4,6,7,3,5
1,11,13.0,312,4,20,4,1,67,3,25
1,11,13.0,312,4,9,4,7,31,3,25
1,11,13.0,312,4,8,4,13,21,1,25
1,11,13.0,312,4,16,4,5,12,3,25
1,11,13.0,312,4,23,4,1,67,2,25
1,11,12.0,118,2,3,4,9,57,0,28
1,11,13.0,312,4,18,4,9,57,3,25
1,11,14.0,147,5,3,4,2,123,3,5
1,11,12.0,118,2,20,4,8,41,3,28
1,11,14.0,147,5,1,4,8,41,3,5
1,11,14.0,147,5,4,4,12,104,3,5
1,11,30.0,170,3,23,4,6,7,4,19
1,11,30.0,170,3,22,4,2,123,3,19
1,11,30.0,170,3,5,4,11,8,1,19
1,11,30.0,170,3,20,4,8,27,3,19
1,11,12.0,118,2,9,4,6,89,4,28
1,11,12.0,118,2,8,4,10,43,3,28
1,11,12.0,118,2,18,4,1,67,3,28
1,11,12.0,118,2,0,4,16,72,3,28
1,11,6.0,252,4,11,4,12,80,3,23
1,9,14.0,106,0,1,4,8,19,3,5
1,9,14.0,106,0,13,4,6,91,4,5
1,9,14.0,106,0,4,4,14,126,3,5
1,9,14.0,106,0,19,4,0,53,3,5
1,9,20.0,119,3,11,4,7,31,3,29
1,9,22.0,92,1,19,4,6,91,3,26
1,7,18.0,154,5,17,4,12,80,1,0
1,7,18.0,154,5,4,4,7,78,3,0
1,3,16.0,263,6,14,4,14,126,4,2
1,7,18.0,154,5,4,4,13,28,3,0
1,7,18.0,154,5,1,4,14,32,4,0
1,7,18.0,154,5,17,4,8,118,3,0
1,5,1.0,109,3,9,4,8,9,4,7
1,7,18.0,154,5,12,4,14,107,3,0
1,7,18.0,154,5,19,4,3,103,3,0
1,5,1.0,109,3,4,4,10,43,3,7
1,7,18.0,154,5,16,4,12,83,3,0
1,11,27.0,322,4,20,4,7,122,3,15
1,5,1.0,109,3,14,4,2,71,4,7
1,11,27.0,322,4,23,4,16,37,4,15
1,11,27.0,322,4,11,4,5,64,3,15
1,5,9.0,206,0,9,4,9,63,4,12
1,11,26.0,364,2,6,4,13,48,3,3
1,5,9.0,206,0,18,4,14,106,4,12
1,11,26.0,364,2,17,4,11,117,3,3
1,5,9.0,206,0,22,4,12,61,3,12
1,5,9.0,206,0,5,4,0,26,1,12
1,9,22.0,92,1,14,4,3,79,3,26
1,9,22.0,92,1,19,4,4,103,3,26
1,9,22.0,92,1,12,4,2,3,3,26
1,9,22.0,92,1,8,4,16,74,3,26
1,5,9.0,206,0,20,4,6,7,3,12
1,5,9.0,206,0,9,4,15,31,3,12
1,5,9.0,206,0,3,4,16,113,3,12
1,5,9.0,206,0,20,4,9,10,3,12
1,5,9.0,206,0,19,4,8,33,3,12
1,5,9.0,206,0,22,4,13,28,3,12
1,5,9.0,206,0,4,4,11,94,3,12
1,5,9.0,206,0,0,4,5,12,3,12
1,5,9.0,206,0,4,4,9,27,3,12
1,11,26.0,364,2,4,4,1,59,4,3
1,5,10.0,155,1,17,4,16,50,4,4
1,5,10.0,155,1,7,4,8,41,4,4
1,5,10.0,155,1,13,4,10,47,3,4
1,5,10.0,155,1,3,4,9,95,3,4
1,5,10.0,155,1,22,4,6,89,4,4
1,9,17.0,255,4,13,4,16,72,3,6
1,9,17.0,255,4,4,4,15,108,3,6
1,9,17.0,255,4,18,4,15,31,4,6
1,9,17.0,255,4,17,4,8,9,3,6
1,9,27.0,179,3,7,4,11,55,2,15
1,4,14.0,345,5,5,1,7,137,4,5
1,9,16.0,107,2,4,4,13,28,3,2
0,3,1.0,180,6,10,3,3,115,4,7
1,4,14.0,345,5,14,0,6,14,1,5
0,0,26.0,14,1,11,0,13,28,1,3
0,2,29.0,140,2,17,0,2,86,4,16
1,4,16.0,25,3,17,0,13,123,4,2
0,0,26.0,14,1,4,0,2,2,3,3
0,0,19.0,13,1,22,1,9,95,4,10
1,4,16.0,25,3,20,1,15,114,4,2
1,3,17.0,54,3,1,4,12,56,4,6
0,8,7.0,70,4,1,0,4,4,1,11
1,4,16.0,25,3,8,2,7,111,3,2
1,3,17.0,54,3,6,4,8,41,3,6
0,0,26.0,14,1,9,0,9,102,1,3
0,4,15.0,132,3,18,1,11,133,1,1
1,10,12.0,333,1,17,0,12,84,1,28
1,3,17.0,54,3,8,4,13,29,3,6
0,0,26.0,14,1,14,2,9,101,3,3
0,0,24.0,55,3,2,1,15,85,4,14
1,4,25.0,20,1,4,2,8,41,3,13
1,9,16.0,107,2,18,4,8,41,3,2
0,0,26.0,14,1,18,2,1,11,4,3
0,2,13.0,276,0,11,1,6,89,1,25
0,2,6.0,251,0,14,1,5,0,2,23
0,4,31.0,67,1,5,1,15,114,1,20
0,0,7.0,15,4,13,1,1,59,4,11
0,4,21.0,339,6,19,1,14,25,0,21
0,4,21.0,339,6,8,2,15,119,2,21
0,2,6.0,251,0,22,0,9,134,2,23
0,2,6.0,251,0,4,1,14,126,4,23
0,0,24.0,55,3,12,1,0,77,0,14
0,6,3.0,99,6,14,0,10,22,0,27
0,6,10.0,149,6,11,0,7,20,2,4
0,5,30.0,294,1,17,3,5,12,0,19
0,10,3.0,310,0,18,0,2,69,2,27
1,0,13.0,198,1,18,0,14,106,0,25
0,0,10.0,129,3,20,1,2,13,1,4
0,0,21.0,287,4,3,0,3,70,4,21
0,0,21.0,287,4,12,1,12,83,4,21
0,0,21.0,287,4,9,2,8,118,3,21
0,0,22.0,241,5,22,1,0,77,0,26
0,0,22.0,241,5,14,1,6,116,4,26
0,0,29.0,191,5,8,0,14,110,4,16
0,0,29.0,191,5,14,0,4,82,3,16
0,0,29.0,191,5,19,0,9,102,3,16
0,0,29.0,191,5,5,0,5,12,3,16
0,0,29.0,191,5,4,0,5,47,2,16
0,0,30.0,228,6,8,2,14,25,0,19
0,0,29.0,191,5,1,0,4,75,1,16
0,0,30.0,228,6,1,0,7,111,1,19
0,4,20.0,115,5,18,0,0,96,1,29
0,4,22.0,152,3,17,1,4,4,4,26
0,4,22.0,152,3,4,0,11,10,4,26
0,4,22.0,152,3,19,0,13,99,2,26
0,4,22.0,152,3,14,0,10,12,0,26
0,4,22.0,152,3,20,0,8,118,1,26
0,2,7.0,153,1,19,0,1,105,4,11
0,2,14.0,231,1,17,1,13,21,0,5
0,2,14.0,231,1,14,0,0,68,1,5
0,2,20.0,264,0,19,0,14,126,1,29
0,2,20.0,264,0,4,1,13,21,4,29
0,0,12.0,113,1,6,0,5,12,0,28
0,0,12.0,113,1,8,0,9,9,3,28
0,0,13.0,198,2,21,0,14,106,1,25
0,0,15.0,190,5,3,0,4,75,4,1
0,0,15.0,190,5,22,0,0,64,4,1
0,0,29.0,191,5,8,0,13,69,4,16
0,0,29.0,191,5,12,0,9,54,1,16
0,0,30.0,228,6,12,0,9,63,0,19
0,0,15.0,190,5,4,0,5,6,3,1
0,0,15.0,190,5,5,1,0,31,2,1
0,0,15.0,190,5,23,0,4,5,1,1
0,0,21.0,287,4,14,0,1,35,3,21
0,0,22.0,241,5,11,2,13,99,3,26
0,0,22.0,241,5,8,0,2,2,4,26
0,0,22.0,241,5,19,0,4,103,3,26
0,0,29.0,191,5,11,1,13,48,0,16
0,0,29.0,191,5,15,1,16,74,1,16
0,0,29.0,191,5,12,2,13,48,4,16
0,0,30.0,228,6,12,0,8,41,4,19
0,0,29.0,191,5,1,0,0,26,0,16
0,0,29.0,191,5,2,0,16,72,3,16
0,0,30.0,228,6,17,0,14,25,1,19
0,0,30.0,228,6,15,0,10,43,1,19
0,1,13.0,207,3,19,1,5,12,0,25
0,9,1.0,126,2,11,3,9,27,0,7
0,11,1.0,222,3,17,1,13,21,1,7
0,1,30.0,100,2,3,0,3,30,1,19
0,2,6.0,251,0,7,0,16,37,1,23
0,2,13.0,276,0,14,1,0,12,0,25
0,0,24.0,55,3,19,0,9,54,3,14
0,0,14.0,5,4,3,1,6,7,4,5
0,0,27.0,23,2,10,0,8,27,1,15
1,9,17.0,255,4,19,4,1,35,3,6
1,2,8.0,258,1,17,0,13,36,1,8
0,0,27.0,23,2,15,1,10,43,1,15
1,2,16.0,220,2,16,0,13,29,0,2
0,0,27.0,23,2,8,0,13,28,4,15
1,3,24.0,357,3,1,4,6,73,3,14
1,2,16.0,220,2,15,1,1,81,4,2
0,0,27.0,23,2,9,0,10,23,1,15
1,3,25.0,347,0,13,4,1,105,3,13
1,0,16.0,11,5,17,1,9,27,0,2
1,0,16.0,11,5,0,2,10,23,3,2
1,0,16.0,11,5,15,0,1,105,3,2
0,5,26.0,37,5,20,0,10,22,3,3
0,6,16.0,38,5,13,0,0,53,2,2
0,6,16.0,38,5,4,0,11,117,1,2
0,6,16.0,38,5,13,1,11,117,1,2
0,6,25.0,39,3,5,0,12,56,3,13
0,1,24.0,64,4,22,0,12,61,1,14
0,5,26.0,37,5,19,3,12,61,4,3
0,8,9.0,124,6,19,0,3,115,3,12
0,8,27.0,78,2,7,1,9,27,0,15
0,8,27.0,78,2,1,1,7,122,4,15
0,4,7.0,133,6,15,0,6,7,4,11
0,4,7.0,133,6,4,0,12,104,4,11
0,0,16.0,11,6,13,0,14,106,4,2
0,0,17.0,12,3,1,0,2,86,4,6
0,0,26.0,14,1,17,0,10,52,1,3
0,0,16.0,11,6,12,2,0,77,1,2
0,0,26.0,14,1,12,1,5,6,0,3
1,11,13.0,312,4,1,3,5,64,3,25
1,3,22.0,166,5,5,0,3,76,3,26
1,5,29.0,24,3,15,1,15,37,0,16
1,5,29.0,24,3,14,0,2,13,1,16
0,1,18.0,82,5,8,1,15,96,4,0
0,4,26.0,80,4,6,3,1,35,4,3
1,9,18.0,359,5,1,2,10,47,3,0
1,4,29.0,313,6,14,0,13,99,2,16
0,1,21.0,45,0,19,1,13,99,4,21
0,0,7.0,15,4,1,1,0,77,0,11
0,1,16.0,2,2,6,0,3,70,3,2
1,0,22.0,241,4,19,3,14,24,1,26
0,6,15.0,49,4,21,1,15,96,0,1
1,4,15.0,132,6,1,1,11,133,4,1
1,2,6.0,251,3,1,1,9,63,0,23
0,8,26.0,278,1,9,1,13,48,4,3
1,10,9.0,150,6,2,0,9,102,0,12
0,4,4.0,178,2,0,0,0,12,3,30
1,11,7.0,253,5,9,4,3,30,3,11
1,11,7.0,253,5,21,4,14,126,4,11
1,11,7.0,253,5,1,4,2,69,3,11
1,11,7.0,253,5,17,4,2,13,3,11
1,11,7.0,253,5,8,4,10,52,3,11
1,11,11.0,175,1,2,4,10,23,3,9
1,11,11.0,175,1,14,4,2,3,4,9
1,11,11.0,175,1,18,4,2,2,3,9
1,11,11.0,175,1,9,4,1,1,3,9
1,11,11.0,175,1,3,4,6,7,3,9
1,11,11.0,175,1,2,4,16,37,3,9
1,11,11.0,175,1,12,4,11,10,3,9
1,11,3.0,288,0,17,4,8,19,0,27
1,11,19.0,321,2,12,4,14,32,3,10
1,11,19.0,321,2,6,4,0,12,3,10
1,11,19.0,321,2,9,4,2,71,4,10
1,11,19.0,321,2,16,4,8,27,3,10
1,11,19.0,321,2,3,4,15,51,3,10
1,11,19.0,321,2,12,4,6,7,3,10
1,11,20.0,340,4,4,4,8,19,3,29
1,11,3.0,288,0,12,4,2,69,3,27
1,11,3.0,288,0,13,4,8,27,3,27
1,11,3.0,288,0,15,4,11,117,3,27
1,11,20.0,340,4,15,4,14,32,0,29
1,11,3.0,288,0,12,4,2,69,3,27
1,11,3.0,288,0,4,4,12,56,3,27
1,11,20.0,340,4,18,4,6,7,4,29
1,11,15.0,331,6,2,4,14,32,3,1
1,11,15.0,331,6,16,4,16,50,2,1
0,2,20.0,264,0,20,0,11,15,0,29
1,11,1.0,222,6,8,4,6,89,3,7
0,0,5.0,122,1,1,2,10,6,3,24
1,11,1.0,222,6,8,4,2,123,3,7
0,0,12.0,113,1,12,0,12,84,1,28
1,11,1.0,222,6,4,4,6,126,3,7
1,7,22.0,211,1,17,4,8,118,3,26
0,0,12.0,113,1,14,0,16,113,3,28
1,7,22.0,211,1,12,4,13,48,4,26
1,7,22.0,211,1,19,4,16,37,3,26
0,0,13.0,198,2,16,0,8,27,1,25
0,0,13.0,198,2,13,0,6,7,1,25
0,0,13.0,198,2,8,0,14,24,1,25
0,0,12.0,113,1,1,0,15,31,1,28
0,0,13.0,198,2,19,0,6,91,1,25
0,0,15.0,190,5,7,0,10,22,1,1
0,0,15.0,190,5,15,1,4,127,4,1
0,0,13.0,198,2,23,0,8,41,1,25
0,0,13.0,198,2,20,0,12,56,3,25
0,3,13.0,210,4,9,1,14,97,4,25
0,3,30.0,304,3,8,0,3,79,3,19
0,6,10.0,149,6,15,0,1,35,2,4
0,10,3.0,310,0,18,1,15,31,4,27
0,10,13.0,346,4,14,3,13,123,3,25
0,1,12.0,353,6,6,1,5,6,0,28
0,1,12.0,353,6,5,1,13,13,1,28
0,1,31.0,305,4,13,1,1,105,4,20
0,4,15.0,132,3,5,1,12,17,4,1
0,0,4.0,229,0,19,1,13,38,1,30
0,10,14.0,174,5,2,0,7,54,4,5
0,4,6.0,176,5,3,3,0,53,4,23
0,4,12.0,134,4,20,0,14,25,2,28
0,10,14.0,174,5,4,1,15,31,1,5
0,1,6.0,97,3,18,1,16,74,0,23
1,9,1.0,126,1,17,0,1,35,4,7
0,10,14.0,174,5,14,2,2,60,0,5
0,4,6.0,176,5,19,1,1,105,0,23
0,2,22.0,209,2,13,0,10,22,1,26
0,4,30.0,139,0,14,0,8,41,4,19
0,4,30.0,139,0,17,3,13,38,0,19
0,2,19.0,137,3,22,1,9,54,4,10
0,4,23.0,30,0,5,0,2,69,0,17
0,4,30.0,139,0,15,0,7,62,0,19
0,0,14.0,5,4,12,0,14,32,1,5
0,2,30.0,131,4,8,0,6,7,2,19
0,2,24.0,22,5,11,1,14,126,1,14
0,0,27.0,23,2,2,3,11,133,4,15
0,0,28.0,249,4,3,0,11,18,0,18
0,0,28.0,249,4,23,3,3,30,3,18
0,0,1.0,8,5,5,1,14,25,1,7
0,0,16.0,11,6,17,1,9,134,4,2
0,0,13.0,198,2,1,0,6,7,0,25
0,0,21.0,287,4,17,1,16,37,1,21
0,0,21.0,287,4,0,0,5,12,0,21
0,0,21.0,287,4,8,1,1,67,4,21
0,0,22.0,241,5,0,0,10,22,3,26
0,0,22.0,241,5,13,2,6,89,3,26
0,0,22.0,241,5,9,0,14,34,1,26
0,0,22.0,241,5,3,1,9,49,1,26
0,0,7.0,15,4,18,0,9,54,1,11
1,7,22.0,211,1,12,4,11,122,3,26
1,3,4.0,285,0,18,4,3,70,3,30
1,3,4.0,285,0,9,4,2,40,4,30
1,11,13.0,312,4,18,4,7,8,4,25
1,11,13.0,312,4,9,4,7,137,3,25
1,11,14.0,147,5,20,4,10,6,3,5
1,11,30.0,170,3,9,4,13,29,3,19
1,11,30.0,170,3,11,4,12,121,0,19
1,11,31.0,227,0,4,4,11,8,4,20
1,3,6.0,303,2,2,4,16,50,4,23
1,11,31.0,227,0,23,4,16,37,3,20
1,3,25.0,347,0,20,4,12,17,3,13
1,5,3.0,161,1,16,4,16,37,3,27
1,5,8.0,199,3,14,4,6,132,4,8
1,5,8.0,199,3,19,4,2,2,3,8
1,9,17.0,255,4,14,4,14,24,3,6
1,5,11.0,326,2,7,4,8,19,0,9
1,5,11.0,326,2,0,4,11,117,0,9
1,5,11.0,326,2,17,4,7,120,3,9
1,9,27.0,179,3,12,4,9,49,3,15
1,9,27.0,179,3,1,4,10,47,3,15
1,11,6.0,252,4,20,4,16,130,4,23
1,11,31.0,227,0,9,4,9,95,4,20
1,3,6.0,303,2,4,4,9,27,3,23
1,11,6.0,252,4,11,4,4,75,4,23
1,3,14.0,33,4,14,4,4,127,3,5
1,3,14.0,33,4,8,4,2,2,4,5
1,11,2.0,265,3,6,4,1,16,4,22
1,3,14.0,33,4,9,4,8,33,2,5
1,3,14.0,33,4,17,4,13,99,3,5
1,11,2.0,265,3,18,4,8,41,3,22
1,11,2.0,265,3,11,4,4,136,3,22
1,11,2.0,265,3,14,4,8,41,3,22
1,3,20.0,105,2,0,4,10,12,3,29
1,3,20.0,105,2,6,4,3,30,2,29
1,3,20.0,105,2,1,4,8,9,4,29
1,11,2.0,265,3,19,4,4,75,1,22
1,3,20.0,105,2,4,4,8,9,3,29
1,3,20.0,105,2,4,4,3,44,3,29
1,3,20.0,105,2,4,4,14,25,3,29
1,3,20.0,105,2,14,4,9,49,3,29
1,3,22.0,166,5,22,4,6,132,3,26
1,9,5.0,89,6,9,4,8,27,3,24
1,11,28.0,123,5,14,4,6,7,3,18
1,9,13.0,91,3,10,4,6,7,3,25
1,11,5.0,240,2,17,4,13,29,0,24
1,9,13.0,91,3,3,4,0,53,4,25
1,7,4.0,186,5,6,4,16,37,3,30
1,7,4.0,186,5,16,4,3,30,0,30
1,7,4.0,186,5,11,4,11,94,2,30
1,9,3.0,217,4,14,4,0,53,3,27
1,9,3.0,217,4,4,4,7,137,3,27
1,9,3.0,217,4,19,4,0,96,4,27
1,9,4.0,295,5,9,4,12,121,3,30
1,7,11.0,197,5,4,4,14,88,3,9
1,7,11.0,197,5,7,4,9,101,3,9
1,9,5.0,89,6,8,4,1,35,3,24
1,7,13.0,238,3,2,4,12,56,3,25
1,9,27.0,179,3,12,4,13,38,3,15
1,5,11.0,326,2,22,4,8,118,3,9
1,5,11.0,326,2,2,4,9,109,3,9
0,6,22.0,185,4,17,3,11,98,4,26
0,0,27.0,23,2,16,0,5,12,3,15
0,4,16.0,25,0,14,0,11,15,0,2
0,6,30.0,145,5,11,0,9,27,0,19
0,6,20.0,215,1,13,0,2,2,3,29
0,1,29.0,112,1,15,0,10,47,2,16
0,6,30.0,145,5,18,2,11,98,3,19
0,10,27.0,302,4,11,1,7,129,4,15
0,10,27.0,302,4,8,3,9,10,3,15
0,10,27.0,302,4,8,1,13,28,4,15
0,10,27.0,302,4,14,0,16,139,4,15
0,10,27.0,302,4,19,2,5,6,1,15
0,10,27.0,302,4,9,1,14,107,1,15
0,10,30.0,157,3,21,1,9,93,4,19
0,6,19.0,291,0,17,0,6,128,3,10
0,10,30.0,157,3,21,0,11,15,3,19
0,10,30.0,157,3,3,0,1,11,4,19
0,10,30.0,157,3,4,0,5,6,3,19
0,10,30.0,157,3,8,0,1,11,1,19
0,10,31.0,135,0,16,0,9,102,0,20
0,10,30.0,157,3,5,1,2,13,1,19
0,10,31.0,135,0,13,0,13,69,0,20
0,1,4.0,286,5,6,0,1,11,1,30
0,1,4.0,286,5,5,2,5,64,0,30
0,1,4.0,286,5,5,1,2,92,4,30
0,1,3.0,188,4,8,1,3,79,1,27
0,10,31.0,135,0,3,1,11,18,2,20
0,1,3.0,188,4,19,0,0,85,1,27
0,1,4.0,286,5,4,0,5,64,3,30
0,1,14.0,183,0,15,1,2,2,1,5
0,1,14.0,183,0,5,1,6,89,1,5
0,1,28.0,300,0,3,1,8,9,1,18
0,1,28.0,300,0,5,0,16,50,1,18
0,1,28.0,300,0,18,0,5,12,0,18
0,1,29.0,112,1,1,0,2,86,4,16
0,8,3.0,363,3,22,0,13,29,1,27
0,8,3.0,363,3,12,2,6,128,3,27
0,8,4.0,299,0,15,1,13,29,4,30
0,8,4.0,299,0,22,1,15,114,4,30
0,8,4.0,299,0,11,0,8,19,4,30
0,8,4.0,299,0,22,0,13,29,3,30
0,8,4.0,299,0,14,1,1,105,4,30
0,1,29.0,112,1,1,0,10,47,2,16
0,8,13.0,189,2,7,1,0,64,1,25
0,8,13.0,189,2,20,0,2,86,4,25
0,8,13.0,189,2,2,2,8,118,3,25
0,8,13.0,189,2,2,0,11,58,1,25
0,8,13.0,189,2,9,0,6,116,1,25
0,8,29.0,301,5,17,1,6,7,4,16
0,4,4.0,178,2,6,0,4,75,3,30
0,3,27.0,361,4,11,0,2,92,2,15
0,3,27.0,361,4,14,0,8,118,4,15
0,5,3.0,161,2,6,1,8,33,1,27
0,5,3.0,161,2,17,1,7,78,1,27
0,5,4.0,114,4,15,0,4,45,2,30
0,5,10.0,155,2,0,1,16,65,0,4
0,5,10.0,155,2,0,1,10,22,1,4
0,5,10.0,155,2,4,0,4,75,1,4
0,5,13.0,184,6,11,1,10,47,1,25
0,5,13.0,184,6,6,1,3,115,4,25
0,5,13.0,184,6,2,0,2,123,3,25
0,5,28.0,259,3,6,0,6,7,4,18
0,5,28.0,259,3,13,1,14,125,4,18
0,6,4.0,159,3,22,0,10,22,3,30
0,6,4.0,159,3,2,0,9,93,1,30
0,6,4.0,159,3,14,0,13,28,3,30
0,6,11.0,355,3,16,0,8,9,0,9
0,6,11.0,355,3,15,1,1,16,4,9
0,6,12.0,162,0,16,0,10,47,3,28
0,6,19.0,291,0,22,1,15,112,4,10
0,6,20.0,215,1,16,1,7,62,1,29
0,6,11.0,355,3,18,3,5,64,3,9
0,8,1.0,66,5,17,0,1,81,4,7
0,2,17.0,6,5,5,1,8,19,1,6
0,2,17.0,6,5,18,0,0,26,3,6
0,2,18.0,7,6,12,0,1,105,4,0
0,5,24.0,58,2,4,0,15,39,3,14
0,5,26.0,37,5,4,0,6,14,4,3
0,5,26.0,37,5,9,0,7,78,1,3
0,6,8.0,59,4,19,0,14,25,3,8
0,6,8.0,59,4,13,1,2,2,4,8
0,3,14.0,33,5,13,0,8,41,0,5
0,6,16.0,38,5,13,0,6,7,4,2
0,10,15.0,60,6,19,0,0,12,1,1
0,10,15.0,60,6,18,0,16,37,3,1
0,7,17.0,95,5,5,3,0,12,3,6
0,7,31.0,43,5,18,1,8,27,0,20
0,2,10.0,28,5,9,0,15,119,3,4
0,0,27.0,23,2,0,0,10,47,3,15
0,6,8.0,59,4,13,1,9,83,4,8
0,0,27.0,23,2,18,0,2,86,4,15
0,2,27.0,136,0,19,2,2,123,3,15
0,4,24.0,27,1,15,0,0,26,0,14
0,10,26.0,61,2,19,0,10,12,1,3
0,4,24.0,27,1,2,1,11,58,1,14
0,0,27.0,23,2,16,0,0,12,0,15
0,4,16.0,25,0,22,3,8,19,0,2
0,0,17.0,12,3,20,1,8,19,1,6
0,0,17.0,12,3,22,0,14,107,3,6
0,0,17.0,12,3,5,0,10,47,3,6
0,0,17.0,12,3,12,0,9,95,3,6
0,0,17.0,12,3,8,1,0,77,1,6
0,0,17.0,12,3,3,1,12,83,4,6
0,0,17.0,12,3,5,1,14,25,0,6
0,0,19.0,13,1,5,0,12,104,1,10
0,0,19.0,13,1,9,0,1,11,4,10
0,0,26.0,14,1,3,0,8,41,1,3
0,0,27.0,23,2,0,2,0,0,3,15
0,0,27.0,23,2,4,0,9,102,1,15
0,2,7.0,153,1,17,0,2,86,1,11
0,2,7.0,153,1,20,0,14,131,1,11
0,2,7.0,153,1,5,0,1,35,2,11
0,2,14.0,231,1,16,0,1,11,0,5
0,2,14.0,231,1,0,1,14,24,0,5
0,2,14.0,231,1,16,0,0,0,3,5
0,10,19.0,117,2,18,0,5,12,1,10
0,10,30.0,157,3,14,0,8,9,0,19
0,10,31.0,135,0,5,2,7,31,0,20
0,10,31.0,135,0,21,1,9,63,0,20
0,10,31.0,135,0,9,0,5,6,0,20
0,1,3.0,188,4,14,2,8,9,3,27
0,1,4.0,286,5,14,2,15,119,0,30
0,1,4.0,286,5,1,2,4,66,0,30
0,1,4.0,286,5,19,1,10,47,1,30
0,1,11.0,111,5,11,0,8,27,1,9
0,1,11.0,111,5,15,1,14,25,1,9
0,1,11.0,111,5,8,1,6,116,1,9
0,1,3.0,188,4,13,1,10,47,0,27
0,1,14.0,183,0,17,0,10,47,0,5
0,1,14.0,183,0,6,1,15,39,0,5
0,0,11.0,10,0,18,0,9,49,1,9
0,0,11.0,10,0,8,1,14,126,4,9
0,1,28.0,300,0,5,0,16,130,1,18
0,1,29.0,112,1,4,0,2,35,4,16
0,1,29.0,112,1,4,0,14,107,3,16
0,4,4.0,178,2,12,0,5,64,3,30
0,4,11.0,121,2,16,0,0,53,3,9
0,4,11.0,121,2,15,0,14,24,3,9
0,4,11.0,121,2,2,0,9,102,3,9
0,4,11.0,121,2,14,1,13,38,4,9
0,4,11.0,121,2,18,0,14,32,4,9
0,4,20.0,115,5,16,0,3,30,1,29
0,4,20.0,115,5,1,0,6,89,1,29
0,4,20.0,115,5,12,1,14,25,1,29
0,4,20.0,115,5,0,1,16,37,1,29
0,4,20.0,115,5,9,0,9,95,1,29
0,4,22.0,152,3,11,0,14,131,1,26
0,4,22.0,152,3,2,0,0,77,0,26
0,2,7.0,153,1,21,0,4,82,1,11
0,2,7.0,153,1,11,0,9,9,2,11
0,2,7.0,153,1,2,0,15,31,4,11
0,2,7.0,153,1,8,0,1,59,3,11
0,2,7.0,153,1,14,0,8,118,4,11
0,2,14.0,231,1,20,1,12,104,2,5
0,2,14.0,231,1,3,0,4,82,0,5
0,4,22.0,152,3,13,2,2,13,3,26
0,8,13.0,189,2,9,0,8,9,3,25
0,4,4.0,178,2,7,0,2,123,3,30
0,4,4.0,178,2,7,0,16,42,0,30
0,4,4.0,178,2,9,0,5,6,3,30
0,4,11.0,121,2,1,2,2,2,1,9
0,4,20.0,115,5,6,0,7,20,3,29
0,4,20.0,115,5,20,0,16,74,1,29
0,4,20.0,115,5,22,0,0,64,0,29
0,4,22.0,152,3,0,0,15,46,3,26
0,4,22.0,152,3,23,0,13,13,1,26
0,4,22.0,152,3,13,2,8,27,3,26
0,4,22.0,152,3,4,0,9,109,4,26
0,4,22.0,152,3,9,2,8,19,3,26
0,2,7.0,153,1,20,1,10,47,1,11
0,2,7.0,153,1,13,0,1,67,3,11
0,2,7.0,153,1,19,2,3,30,3,11
0,2,14.0,231,1,9,2,6,7,3,5
0,2,17.0,6,5,8,3,6,7,0,6
0,10,26.0,61,2,21,0,6,7,0,3
0,3,14.0,33,5,0,1,15,96,0,5
0,10,26.0,61,2,5,3,5,6,3,3
0,3,14.0,33,5,13,0,13,36,1,5
0,10,26.0,61,2,22,0,13,29,3,3
0,3,23.0,57,3,7,1,2,86,0,17
0,10,26.0,61,2,4,2,3,115,3,3
0,3,23.0,57,3,23,2,11,94,3,17
0,10,26.0,61,2,1,0,9,9,2,3
0,1,8.0,62,1,16,0,10,6,3,8
0,1,8.0,62,1,9,0,12,17,3,8
0,7,30.0,42,4,13,3,9,109,0,19
0,1,8.0,62,1,18,0,15,31,4,8
0,1,8.0,62,1,12,0,5,64,1,8
0,7,31.0,43,5,4,0,3,30,1,20
0,6,21.0,193,2,16,1,10,6,0,21
0,2,26.0,3,3,8,0,4,79,2,3
0,0,17.0,12,3,23,0,2,40,1,6
0,4,18.0,26,2,8,0,14,125,3,0
0,10,17.0,256,0,23,3,16,50,0,6
0,2,20.0,264,0,17,0,13,21,2,29
0,1,8.0,62,1,19,0,2,2,3,8
0,3,23.0,57,3,13,1,12,121,1,17
0,1,17.0,63,4,16,1,0,31,0,6
0,6,22.0,185,4,20,0,7,120,0,26
0,4,19.0,142,4,14,1,1,35,0,10
0,2,20.0,264,0,19,0,6,128,4,29
0,2,2.0,143,4,5,1,3,115,4,22
0,4,24.0,27,1,16,0,2,92,1,14
0,2,17.0,6,5,14,2,14,126,4,6
0,3,23.0,57,3,9,0,16,74,1,17
0,1,17.0,63,4,7,1,12,104,2,6
0,6,22.0,185,4,11,0,3,30,2,26
0,2,2.0,143,4,16,0,6,89,3,22
0,6,6.0,83,1,0,0,5,12,0,23
0,6,17.0,244,6,2,0,10,47,3,6
0,6,23.0,84,5,12,1,15,114,4,17
0,10,16.0,201,3,17,1,9,101,4,2
0,1,26.0,248,6,12,1,6,7,0,3
0,4,8.0,292,3,10,1,6,91,4,8
0,0,25.0,281,0,18,0,8,9,1,13
1,0,17.0,12,6,20,3,9,10,0,6
0,2,16.0,220,4,1,1,7,62,1,2
0,8,26.0,278,1,20,2,0,26,3,3
0,0,10.0,129,3,2,3,3,115,3,4
0,10,4.0,356,1,18,2,8,118,3,30
0,10,19.0,117,2,6,0,5,12,3,10
0,10,19.0,117,2,21,1,8,27,0,10
0,10,19.0,117,2,0,0,15,39,4,10
0,10,27.0,302,4,6,0,0,12,0,15
0,10,27.0,302,4,17,0,8,118,1,15
0,10,27.0,302,4,1,2,4,4,3,15
0,10,30.0,157,3,5,0,8,27,1,19
0,10,31.0,135,0,22,0,14,24,1,20
0,10,31.0,135,0,1,0,0,77,4,20
0,10,31.0,135,0,1,2,4,138,0,20
0,1,3.0,188,4,0,1,11,90,0,27
0,10,31.0,135,0,2,0,2,86,1,20
0,1,4.0,286,5,17,1,10,47,0,30
0,1,4.0,286,5,13,0,13,69,3,30
0,1,4.0,286,5,11,1,12,121,1,30
0,1,14.0,183,0,16,0,0,15,1,5
0,8,3.0,363,3,4,0,0,15,1,27
0,8,3.0,363,3,11,0,16,139,4,27
0,8,4.0,299,0,4,0,0,77,3,30
0,4,22.0,152,3,19,3,5,6,0,26
0,0,5.0,122,1,6,0,5,64,3,24
0,5,28.0,259,3,17,0,4,82,1,18
0,1,14.0,183,0,8,0,16,72,0,5
0,1,14.0,183,0,4,0,3,70,0,5
0,1,14.0,183,0,4,2,8,41,1,5
0,1,14.0,183,0,14,0,6,89,3,5
0,1,14.0,183,0,13,0,10,22,1,5
0,1,28.0,300,0,0,0,14,32,3,18
0,1,28.0,300,0,12,0,6,7,0,18
0,1,14.0,183,0,1,1,10,12,0,5
0,1,14.0,183,0,19,0,4,5,4,5
1,5,1.0,109,3,23,0,11,8,1,7
0,1,28.0,300,0,1,0,6,89,1,18
0,8,3.0,363,3,0,0,2,60,3,27
0,8,4.0,299,0,5,0,3,30,3,30
0,8,13.0,189,2,6,0,7,111,4,25
0,8,13.0,189,2,3,0,6,89,1,25
0,8,13.0,189,2,1,2,4,4,3,25
0,8,29.0,301,5,16,0,5,6,3,16
0,8,29.0,301,5,0,0,6,128,3,16
0,0,19.0,13,1,3,1,8,9,1,10
0,1,17.0,63,4,2,0,6,89,3,6
0,1,17.0,63,4,22,3,0,68,3,6
0,1,17.0,63,4,18,0,2,86,1,6
0,1,18.0,82,5,16,2,7,111,1,0
0,1,18.0,82,5,23,0,12,61,3,0
0,1,24.0,64,4,17,1,14,25,0,14
0,10,26.0,61,2,12,0,5,6,0,3
0,1,24.0,64,4,4,3,12,84,3,14
0,1,24.0,64,4,7,0,13,29,2,14
0,1,24.0,64,4,4,1,9,87,0,14
0,8,1.0,66,5,11,1,6,116,1,7
0,1,25.0,65,5,19,1,0,15,0,13
0,8,9.0,124,6,17,1,12,84,0,12
0,8,9.0,124,6,15,1,8,41,1,12
0,8,9.0,124,6,1,0,8,118,4,12
0,8,9.0,124,6,9,0,2,40,3,12
0,8,27.0,78,2,10,1,3,79,0,15
0,8,27.0,78,2,14,0,10,52,1,15
0,8,27.0,78,2,4,2,14,110,3,15
0,1,15.0,1,1,4,0,0,64,3,1
0,4,9.0,18,0,17,0,2,2,4,12
0,8,27.0,78,2,4,0,13,28,1,15
0,8,27.0,78,2,11,1,1,16,4,15
0,4,7.0,133,6,8,0,8,65,1,11
0,4,7.0,133,6,4,0,10,52,2,11
0,4,7.0,133,6,18,0,1,59,1,11
0,4,10.0,79,1,6,2,15,114,3,4
0,4,10.0,79,1,0,2,11,98,3,4
0,4,10.0,79,1,21,0,12,121,1,4
0,4,10.0,79,1,10,0,5,6,0,4
0,4,10.0,79,1,22,0,1,16,0,4
0,4,10.0,79,1,1,0,13,48,2,4
0,4,10.0,79,1,9,1,14,25,0,4
0,4,16.0,25,0,3,1,2,123,4,2
0,4,16.0,25,0,19,0,6,116,3,2
0,4,16.0,25,0,14,0,13,121,3,2
0,4,18.0,26,2,16,0,5,12,3,0
0,0,16.0,11,6,19,0,9,9,2,2
0,4,26.0,80,4,0,1,11,117,1,3
0,2,17.0,6,5,2,1,13,38,4,6
0,5,14.0,36,3,17,0,14,32,4,5
0,6,22.0,185,4,6,1,13,21,2,26
0,2,20.0,264,0,9,0,8,9,1,29
0,0,11.0,10,0,15,1,10,12,0,9
0,2,18.0,7,6,13,0,5,64,2,0
0,5,14.0,36,3,9,0,10,22,0,5
0,6,22.0,185,4,19,1,16,12,1,26
0,0,5.0,122,1,6,0,16,74,1,24
0,0,17.0,12,3,8,2,8,33,3,6
0,4,26.0,80,4,2,0,13,38,0,3
0,2,18.0,7,6,14,2,6,73,3,0
0,2,27.0,136,0,17,0,0,96,1,15
0,2,27.0,136,0,20,0,6,73,2,15
0,2,27.0,136,0,13,2,8,27,3,15
0,2,27.0,136,0,10,1,16,72,1,15
0,0,1.0,8,5,6,0,4,82,1,7
0,0,1.0,8,5,17,1,14,125,4,7
0,0,1.0,8,5,1,0,4,4,1,7
0,0,8.0,9,5,19,0,0,26,1,8
0,0,11.0,10,0,0,0,5,12,1,9
0,0,11.0,10,0,15,0,12,104,2,9
0,0,11.0,10,0,9,2,10,23,3,9
0,1,23.0,69,2,8,0,3,44,2,17
0,10,24.0,261,0,17,0,11,18,1,14
0,4,8.0,292,3,4,0,13,48,2,8
0,4,16.0,25,0,13,1,16,37,4,2
0,4,16.0,25,0,14,2,16,50,1,2
0,4,18.0,26,2,22,0,1,11,2,0
0,4,18.0,26,2,12,2,13,38,2,0
0,4,16.0,25,0,13,1,11,122,1,2
0,4,24.0,27,1,13,0,10,22,1,14
0,4,24.0,27,1,18,0,10,12,1,14
0,4,26.0,80,4,22,0,10,47,1,3
0,4,26.0,80,4,4,0,1,59,3,3
0,4,26.0,80,4,18,1,0,85,2,3
0,2,10.0,28,5,6,0,5,6,0,4
0,2,10.0,28,5,21,0,13,69,4,4
0,4,9.0,18,0,19,1,2,92,0,12
0,4,17.0,19,1,5,1,14,126,4,6
0,2,9.0,21,4,1,0,8,41,4,12
0,2,9.0,21,4,12,3,9,102,0,12
0,0,10.0,129,3,12,0,9,10,4,4
0,4,7.0,133,6,13,1,1,1,4,11
0,4,10.0,79,1,16,1,0,31,1,4
0,4,10.0,79,1,5,2,10,22,3,4
0,4,10.0,79,1,15,0,12,104,1,4
0,4,16.0,25,0,14,0,16,37,1,2
0,4,16.0,25,0,7,1,7,120,4,2
0,4,18.0,26,2,3,2,2,2,3,0
0,4,18.0,26,2,14,2,6,89,3,0
0,4,24.0,27,1,6,0,5,64,3,14
0,4,24.0,27,1,11,0,5,64,1,14
0,4,24.0,27,1,19,0,8,9,0,14
0,4,24.0,27,1,2,3,10,47,0,14
0,4,26.0,80,4,11,1,14,25,4,3
0,2,10.0,28,5,3,2,12,61,3,4
0,2,17.0,6,5,11,0,4,82,1,6
0,2,17.0,6,5,6,1,7,78,1,6
0,2,17.0,6,5,11,0,2,86,2,6
0,6,9.0,236,5,17,0,8,9,1,12
0,6,1.0,158,4,13,1,0,12,1,7
1,5,12.0,327,4,22,0,2,86,3,28
0,10,1.0,208,6,17,0,13,36,1,7
0,1,10.0,17,4,1,3,2,13,3,4
0,1,23.0,69,2,19,0,13,29,2,17
0,6,1.0,158,4,17,0,6,73,4,7
0,4,1.0,144,3,3,1,11,133,1,7
0,4,9.0,18,0,3,0,11,18,3,12
0,4,17.0,19,1,21,0,2,86,0,6
0,8,8.0,76,5,14,1,0,26,2,8
0,8,26.0,278,1,1,3,0,26,0,3
0,8,8.0,76,5,10,0,5,12,2,8
0,6,20.0,215,1,6,0,2,86,1,29
0,6,19.0,291,0,9,0,15,108,4,10
0,6,19.0,291,0,5,1,9,49,1,10
0,6,20.0,215,1,15,0,11,98,3,29
0,6,20.0,215,1,2,0,13,48,0,29
0,5,14.0,36,3,22,0,8,41,2,5
0,0,5.0,122,1,0,0,6,7,1,24
0,4,17.0,19,1,4,0,3,30,1,6
0,0,17.0,12,3,2,0,3,103,4,6
0,6,27.0,116,1,15,1,5,6,0,15
0,4,7.0,133,6,17,0,9,95,1,11
0,0,17.0,12,3,18,0,13,28,0,6
0,0,5.0,122,1,10,0,9,102,1,24
0,4,25.0,20,2,1,0,8,19,3,13
0,6,30.0,145,5,1,0,14,34,1,19
0,0,5.0,122,1,15,1,3,70,4,24
0,8,27.0,78,2,15,1,9,10,4,15
0,10,19.0,117,2,4,0,16,130,4,10
0,2,27.0,136,0,17,0,5,6,0,15
0,0,19.0,13,1,3,0,12,17,4,10
0,0,19.0,13,1,19,0,16,50,1,10
0,0,19.0,13,1,1,0,14,25,1,10
0,0,19.0,13,1,19,0,14,25,2,10
0,0,19.0,13,1,8,1,3,79,4,10
0,0,17.0,12,3,4,0,11,117,1,6
0,0,26.0,14,1,0,0,15,46,4,3
0,0,26.0,14,1,2,0,13,29,2,3
0,0,26.0,14,1,16,2,10,22,3,3
0,0,27.0,23,2,22,0,8,41,1,15
0,2,10.0,28,5,11,0,2,92,0,4
0,2,10.0,28,5,20,1,9,87,4,4
0,2,10.0,28,5,7,1,15,31,1,4
0,2,17.0,6,5,17,2,5,64,3,6
0,2,17.0,6,5,7,0,5,6,0,6
0,2,17.0,6,5,5,1,9,102,4,6
0,2,17.0,6,5,23,1,1,105,4,6
0,2,27.0,136,0,6,0,7,62,2,15
0,2,27.0,136,0,6,0,3,44,1,15
0,2,27.0,136,0,11,0,2,86,4,15
0,0,1.0,8,5,22,0,1,105,3,7
0,0,1.0,8,5,12,0,6,128,3,7
0,0,1.0,8,5,11,1,16,37,4,7
0,0,1.0,8,5,13,0,13,99,2,7
0,0,8.0,9,5,10,0,8,27,4,8
0,0,8.0,9,5,2,0,8,118,1,8
0,0,11.0,10,0,15,1,11,117,1,9
0,0,16.0,11,6,9,0,8,19,3,2
0,0,16.0,11,6,9,0,5,12,1,2
0,0,17.0,12,3,3,0,4,66,1,6
0,8,1.0,66,5,19,0,2,2,0,7
0,4,10.0,79,1,12,0,4,82,1,4
0,4,10.0,79,1,19,0,16,113,1,4
0,4,10.0,79,1,9,0,5,6,1,4
0,2,9.0,21,4,4,2,8,27,3,12
0,2,26.0,3,3,2,1,6,73,1,3
0,2,26.0,3,3,4,0,16,72,1,3
0,4,16.0,25,0,13,0,5,64,3,2
0,4,18.0,26,2,16,0,3,79,4,0
0,4,18.0,26,2,6,2,8,118,3,0
0,4,24.0,27,1,4,0,14,24,1,14
0,4,26.0,80,4,9,0,4,127,3,3
0,2,10.0,28,5,12,0,0,26,2,4
0,2,17.0,6,5,5,1,13,28,1,6
0,2,17.0,6,5,22,0,8,33,2,6
0,2,18.0,7,6,3,1,14,25,4,0
0,2,27.0,136,0,21,2,15,46,3,15
0,2,27.0,136,0,20,1,2,2,1,15
0,2,27.0,136,0,19,1,12,58,4,15
0,2,17.0,6,5,18,0,8,41,0,6
0,0,8.0,9,5,7,1,2,123,0,8
0,0,8.0,9,5,8,0,12,80,0,8
0,0,11.0,10,0,13,1,13,38,4,9
0,0,11.0,10,0,20,1,2,2,1,9
0,0,11.0,10,0,22,1,1,35,4,9
0,0,16.0,11,6,8,0,8,19,3,2
0,0,16.0,11,6,9,0,5,6,3,2
0,0,16.0,11,6,6,1,13,38,4,2
0,0,16.0,11,6,20,1,16,74,4,2
0,0,17.0,12,3,23,1,3,103,4,6
0,6,21.0,193,2,9,0,16,37,3,21
0,6,21.0,193,2,1,2,8,19,2,21
0,6,22.0,185,4,7,0,15,46,3,26
0,6,22.0,185,4,5,1,0,64,0,26
0,6,22.0,185,4,13,0,5,0,2,26
0,6,27.0,116,1,11,0,9,58,3,15
0,6,27.0,116,1,9,0,10,47,0,15
0,6,30.0,145,5,16,1,2,35,2,19
0,6,30.0,145,5,10,0,0,77,1,19
0,6,30.0,145,5,13,0,8,9,1,19
0,6,30.0,145,5,12,0,6,116,3,19
0,10,4.0,356,1,5,1,0,15,4,30
0,10,4.0,356,1,11,1,0,15,4,30
0,10,4.0,356,1,22,0,2,2,0,30
0,10,4.0,356,1,12,0,14,24,1,30
0,10,4.0,356,1,14,0,1,59,3,30
0,10,4.0,356,1,9,2,12,80,3,30
0,10,19.0,117,2,10,1,9,63,0,10
0,10,19.0,117,2,13,1,9,10,4,10
0,10,19.0,117,2,16,1,9,95,1,10
0,10,19.0,117,2,14,2,15,96,0,10
0,10,4.0,356,1,12,0,7,111,1,30
0,10,4.0,356,1,19,0,13,29,3,30
0,1,15.0,1,1,6,1,9,27,2,1
0,0,10.0,129,3,11,1,14,107,4,4
0,0,10.0,129,3,21,0,6,73,1,4
0,1,3.0,188,4,5,1,6,14,4,27
0,10,27.0,302,4,23,0,8,27,1,15
0,8,27.0,78,2,17,1,7,122,4,15
0,8,29.0,301,5,4,0,0,64,3,16
0,4,7.0,133,6,11,1,0,96,4,11
0,2,27.0,136,0,20,1,14,131,4,15
0,10,27.0,302,4,5,0,6,7,4,15
0,4,7.0,133,6,2,0,5,6,2,11
0,1,14.0,183,0,12,1,12,84,0,5
0,8,29.0,301,5,19,0,12,56,1,16
0,2,27.0,136,0,22,2,15,46,0,15
0,10,27.0,302,4,12,0,13,36,2,15
0,1,14.0,183,0,6,0,10,47,3,5
0,4,4.0,178,2,0,0,10,47,3,30
0,4,7.0,133,6,2,1,16,72,4,11
0,10,27.0,302,4,20,0,7,137,2,15
0,4,4.0,178,2,22,0,13,4,3,30
0,2,27.0,136,0,23,1,1,67,4,15
0,10,27.0,302,4,11,1,9,134,4,15
0,4,16.0,25,0,2,0,2,40,1,2
0,10,27.0,302,4,17,1,12,83,4,15
0,4,22.0,152,3,18,1,0,12,1,26
0,2,7.0,153,1,15,0,5,12,0,11
0,4,4.0,178,2,6,0,9,102,3,30
0,4,11.0,121,2,17,2,2,69,0,9
0,4,11.0,121,2,13,0,2,2,3,9
0,4,11.0,121,2,1,0,13,21,1,9
0,4,20.0,115,5,10,0,4,66,1,29
0,4,20.0,115,5,2,0,1,100,3,29
0,4,20.0,115,5,14,1,1,1,4,29
0,4,22.0,152,3,17,0,11,23,3,26
0,4,22.0,152,3,15,1,13,123,1,26
0,4,22.0,152,3,2,0,0,64,1,26
0,0,25.0,281,0,12,1,5,64,2,13
0,0,25.0,281,0,12,0,1,1,4,13
0,0,23.0,237,6,19,1,15,51,4,17
0,10,3.0,310,0,1,0,5,12,0,27
0,1,13.0,207,3,9,0,16,139,4,25
0,1,31.0,305,4,1,0,12,61,1,20
0,1,30.0,100,2,1,1,5,6,0,19
0,6,10.0,149,6,4,0,2,86,1,4
0,2,6.0,251,0,4,2,8,27,3,23
0,2,12.0,128,3,12,0,10,22,3,28
0,2,13.0,276,0,1,3,6,7,3,25
0,0,7.0,15,4,19,1,4,4,2,11
0,0,7.0,15,4,2,0,1,67,3,11
0,1,31.0,305,4,11,3,11,124,4,20
0,4,15.0,132,3,17,3,8,33,3,1
0,4,26.0,80,4,16,1,5,6,0,3
0,4,26.0,80,4,11,1,4,127,4,3
0,2,10.0,28,5,19,0,10,22,1,4
0,2,10.0,28,5,1,0,11,133,1,4
0,2,10.0,28,5,12,2,13,29,3,4
0,2,17.0,6,5,22,1,2,86,1,6
0,2,17.0,6,5,22,1,9,93,4,6
0,2,17.0,6,5,9,0,15,51,1,6
0,2,17.0,6,5,18,0,15,31,1,6
0,2,18.0,7,6,16,0,10,47,0,0
0,2,18.0,7,6,13,1,12,135,4,0
0,2,18.0,7,6,5,1,5,6,2,0
0,2,27.0,136,0,14,2,8,27,0,15
0,0,1.0,8,5,20,1,1,59,4,7
0,0,1.0,8,5,18,0,3,70,1,7
0,0,1.0,8,5,14,1,12,104,1,7
0,0,8.0,9,5,11,0,5,6,3,8
0,0,8.0,9,5,11,1,1,35,4,8
0,0,11.0,10,0,16,3,1,105,0,9
0,0,16.0,11,6,0,2,6,7,4,2
0,0,16.0,11,6,15,0,16,42,1,2
0,0,16.0,11,6,3,1,11,122,1,2
0,1,27.0,262,3,3,3,9,93,0,15
0,0,16.0,11,6,3,0,3,115,1,2
0,0,16.0,11,6,22,0,14,34,3,2
0,0,16.0,11,6,11,1,9,58,4,2
0,0,16.0,11,6,9,0,0,77,0,2
0,0,16.0,11,6,9,0,3,44,1,2
0,0,17.0,12,3,16,0,10,47,3,6
0,0,17.0,12,3,20,0,7,57,3,6
0,0,17.0,12,3,10,0,14,25,3,6
0,0,26.0,14,1,4,2,2,69,0,3
0,0,26.0,14,1,21,0,15,112,1,3
0,0,26.0,14,1,18,1,4,82,2,3
0,2,16.0,220,4,14,0,12,56,1,2
0,0,10.0,129,3,12,1,1,105,0,4
0,0,10.0,129,3,12,1,11,122,0,4
0,0,10.0,129,3,19,0,4,82,1,4
0,0,19.0,13,1,13,1,4,66,1,10
0,0,27.0,23,2,19,0,11,18,1,15
0,0,27.0,23,2,9,0,4,82,4,15
0,0,16.0,11,6,1,0,15,31,2,2
0,0,26.0,14,1,17,0,8,65,3,3
0,0,26.0,14,1,16,1,9,63,0,3
0,0,26.0,14,1,3,0,11,117,1,3
0,2,27.0,136,0,13,0,7,62,3,15
0,10,27.0,302,4,8,1,13,28,4,15
0,4,16.0,25,0,19,0,13,38,1,2
0,4,16.0,25,0,19,1,2,2,4,2
0,10,30.0,157,3,16,1,11,124,0,19
0,0,8.0,9,5,0,0,15,108,1,8
0,10,27.0,302,4,19,0,4,79,3,15
0,4,24.0,27,1,16,0,6,7,0,14
0,2,15.0,130,2,14,0,8,41,4,1
0,0,8.0,9,5,11,0,2,123,4,8
0,10,27.0,302,4,18,0,14,25,1,15
0,4,24.0,27,1,3,0,0,77,1,14
0,0,8.0,9,5,14,2,7,111,0,8
0,10,30.0,157,3,2,0,14,125,0,19
0,1,5.0,219,6,2,0,16,42,1,24
0,2,4.0,254,6,13,0,11,18,2,30
0,0,11.0,10,0,12,1,2,40,1,9
0,4,6.0,176,5,19,0,8,118,4,23
0,0,11.0,10,0,16,2,0,12,0,9
0,1,1.0,203,1,16,2,13,38,3,7
0,7,21.0,81,1,2,1,3,103,4,21
0,10,11.0,298,1,16,3,0,31,0,9
0,0,11.0,10,0,19,0,16,130,3,9
0,0,11.0,10,0,13,1,13,48,4,9
0,4,10.0,79,1,17,0,15,46,1,4
0,4,2.0,141,0,22,1,4,75,0,22
0,2,9.0,21,4,1,3,5,6,3,12
0,2,2.0,143,4,5,0,14,126,1,22
0,2,26.0,3,3,1,0,0,77,1,3
0,4,1.0,144,3,17,0,5,64,1,7
0,0,18.0,0,0,19,2,15,108,3,0
0,8,14.0,296,4,1,1,5,6,0,5
0,8,14.0,296,4,13,0,15,119,2,5
0,8,11.0,306,0,3,0,5,0,2,9
0,8,5.0,101,1,13,0,11,117,1,24
0,8,6.0,87,2,19,1,1,105,0,23
0,4,31.0,67,1,23,1,13,29,1,20
0,8,23.0,102,6,4,0,0,64,1,17
0,6,10.0,149,6,18,1,9,9,0,4
0,6,10.0,149,6,18,0,6,7,3,4
0,3,11.0,337,1,5,1,8,9,4,9
0,1,13.0,207,3,12,1,11,18,2,25
0,8,12.0,284,1,11,0,0,15,4,28
0,4,15.0,132,3,8,3,8,19,0,1
0,0,4.0,229,0,13,0,12,17,4,30
0,0,16.0,11,6,13,1,2,2,4,2
0,0,16.0,11,6,3,0,5,6,3,2
0,0,17.0,12,3,20,0,8,19,3,6
0,0,17.0,12,3,14,0,12,104,1,6
0,0,17.0,12,3,4,0,8,118,3,6
0,0,17.0,12,3,4,1,12,58,4,6
0,0,17.0,12,3,8,0,2,60,1,6
0,2,18.0,7,6,15,0,14,97,1,0
0,2,18.0,7,6,13,0,14,24,3,0
0,2,18.0,7,6,1,2,0,64,3,0
0,2,27.0,136,0,20,0,3,115,0,15
0,2,27.0,136,0,5,2,7,137,0,15
0,2,27.0,136,0,22,0,9,57,0,15
0,2,27.0,136,0,4,0,5,6,3,15
0,0,1.0,8,5,5,0,11,94,1,7
0,0,11.0,10,0,23,0,10,47,0,9
0,0,11.0,10,0,23,0,12,80,3,9
0,0,11.0,10,0,12,0,14,131,1,9
0,0,11.0,10,0,9,3,1,16,3,9
0,10,26.0,61,2,6,0,8,27,2,3
0,0,16.0,11,6,6,1,0,77,0,2
0,0,16.0,11,6,9,0,14,106,4,2
0,0,17.0,12,3,5,0,7,111,1,6
0,0,16.0,11,6,14,0,16,50,3,2
0,0,16.0,11,6,17,0,15,114,4,2
0,0,16.0,11,6,4,1,6,7,0,2
0,0,17.0,12,3,5,0,4,5,1,6
0,0,19.0,13,1,0,0,12,56,1,10
0,0,19.0,13,1,20,0,6,14,1,10
0,0,19.0,13,1,9,2,2,2,0,10
0,0,26.0,14,1,3,0,14,107,1,3
0,0,26.0,14,1,14,0,9,49,4,3
0,0,11.0,10,0,18,0,16,50,3,9
0,0,16.0,11,6,6,1,13,28,4,2
0,0,16.0,11,6,7,0,6,128,1,2
0,0,16.0,11,6,11,0,8,33,2,2
0,0,16.0,11,6,13,0,10,52,3,2
0,0,16.0,11,6,13,1,4,5,4,2
0,0,16.0,11,6,18,0,4,121,1,2
0,2,9.0,21,4,12,0,7,54,3,12
0,10,29.0,318,6,6,0,0,15,2,16
0,6,1.0,158,4,13,3,0,53,0,7
0,2,9.0,21,4,15,2,13,29,0,12
0,7,1.0,98,2,17,3,7,62,2,7
0,2,9.0,21,4,1,1,9,57,0,12
0,1,1.0,203,1,3,2,3,103,4,7
0,1,6.0,97,3,17,3,1,105,4,23
0,2,24.0,22,5,13,0,3,115,3,14
0,1,16.0,2,2,6,1,5,6,0,2
0,4,6.0,176,5,18,0,13,28,3,23
0,2,26.0,3,3,14,0,1,59,2,3
0,1,15.0,1,1,13,2,10,23,3,1
0,4,23.0,30,0,18,2,5,47,3,17
0,2,26.0,3,3,12,2,16,50,3,3
0,1,23.0,69,2,13,0,6,7,0,17
0,10,30.0,157,3,2,0,7,111,3,19
0,2,26.0,3,3,19,2,16,37,1,3
0,4,9.0,18,0,20,1,12,56,4,12
0,10,30.0,157,3,22,2,7,137,1,19
0,10,31.0,135,0,5,0,5,6,2,20
0,10,31.0,135,0,4,0,14,34,0,20
0,10,31.0,135,0,9,0,10,47,3,20
0,1,3.0,188,4,6,0,1,35,4,27
0,1,3.0,188,4,5,0,6,7,0,27
0,1,3.0,188,4,1,0,4,82,1,27
0,1,4.0,286,5,3,0,14,34,0,30
0,1,4.0,286,5,10,1,12,61,1,30
0,1,11.0,111,5,9,0,8,33,4,9
0,1,14.0,183,0,16,0,5,12,0,5
0,1,14.0,183,0,5,1,13,99,4,5
0,1,11.0,111,5,9,3,9,27,3,9
0,1,14.0,183,0,4,0,13,29,1,5
0,1,14.0,183,0,4,0,13,48,0,5
0,1,28.0,300,0,21,1,7,57,2,18
0,1,28.0,300,0,17,1,11,15,0,18
0,0,11.0,10,0,12,1,15,46,0,9
0,0,11.0,10,0,12,0,7,20,1,9
0,0,19.0,13,1,12,3,6,7,3,10
0,0,27.0,23,2,2,1,3,30,4,15
0,0,27.0,23,2,9,1,2,71,0,15
0,2,23.0,230,4,17,1,1,1,4,17
0,8,28.0,224,4,1,0,9,49,1,18
0,2,30.0,131,4,13,0,10,47,3,19
0,0,14.0,5,4,18,1,14,107,0,5
1,5,15.0,200,3,13,0,12,80,4,1
0,1,28.0,300,0,14,0,13,36,1,18
0,1,29.0,112,1,23,0,0,12,3,16
0,1,29.0,112,1,2,0,10,47,3,16
0,1,29.0,112,1,14,0,0,12,0,16
0,8,3.0,363,3,0,0,8,27,1,27
0,8,3.0,363,3,8,0,9,49,0,27
0,8,4.0,299,0,11,0,4,75,1,30
0,8,13.0,189,2,16,0,0,12,0,25
0,8,13.0,189,2,23,0,16,74,1,25
0,8,13.0,189,2,22,0,14,25,3,25
0,8,29.0,301,5,19,0,16,113,0,16
0,4,4.0,178,2,21,0,0,64,3,30
0,4,4.0,178,2,13,0,6,89,4,30
0,4,4.0,178,2,13,2,13,29,3,30
0,4,4.0,178,2,2,0,12,100,4,30
0,8,13.0,189,2,12,1,8,19,0,25
0,4,4.0,178,2,1,0,11,15,1,30
0,4,11.0,121,2,21,1,10,12,0,9
0,0,15.0,190,5,19,2,8,33,0,1
0,4,11.0,121,2,6,1,12,135,4,9
0,4,11.0,121,2,19,0,2,86,1,9
0,4,20.0,115,5,3,1,13,48,4,29
0,4,20.0,115,5,4,0,13,38,3,29
0,4,22.0,152,3,14,0,5,12,3,26
0,4,22.0,152,3,13,1,13,29,4,26
0,4,22.0,152,3,4,0,8,41,4,26
0,4,22.0,152,3,12,1,3,103,4,26
0,2,7.0,153,1,7,0,0,0,0,11
0,2,7.0,153,1,12,0,10,52,3,11
0,2,20.0,264,0,2,0,10,22,2,29
0,0,5.0,122,1,23,1,7,129,1,24
0,0,5.0,122,1,2,0,4,75,3,24
0,0,5.0,122,1,9,0,7,78,1,24
0,0,5.0,122,1,14,0,6,89,2,24
0,0,5.0,122,1,4,1,3,70,4,24
0,0,5.0,122,1,4,0,14,34,1,24
0,0,12.0,113,1,4,2,2,2,3,28
0,10,30.0,157,3,12,0,2,69,4,19
0,10,27.0,302,4,22,0,0,68,4,15
0,0,2.0,47,6,6,0,13,38,1,22
0,0,2.0,47,6,8,2,10,6,3,22
0,10,31.0,135,0,6,0,2,2,1,20
0,0,2.0,47,6,19,2,1,81,3,22
0,10,31.0,135,0,0,0,0,12,3,20
0,0,2.0,47,6,5,2,1,59,3,22
0,10,31.0,135,0,21,0,6,89,4,20
0,5,1.0,109,0,12,2,8,27,2,7
0,10,30.0,157,3,19,1,5,6,0,19
0,10,31.0,135,0,0,1,9,27,0,20
0,10,31.0,135,0,2,0,12,17,3,20
0,10,31.0,135,0,9,2,2,2,3,20
0,1,3.0,188,4,16,2,16,42,0,27
0,1,3.0,188,4,8,2,12,135,3,27
0,1,3.0,188,4,4,0,8,9,3,27
0,1,3.0,188,4,22,0,12,56,0,27
0,1,4.0,286,5,0,1,11,94,0,30
0,1,3.0,188,4,1,2,1,84,3,27
0,1,4.0,286,5,12,2,6,89,3,30
0,1,4.0,286,5,21,0,12,61,3,30
0,10,31.0,135,0,2,1,10,47,0,20
0,1,11.0,111,5,10,1,14,24,0,9
0,1,11.0,111,5,19,0,8,19,0,9
0,1,14.0,183,0,0,1,11,18,0,5
0,7,12.0,181,3,22,0,6,7,0,28
0,7,13.0,238,0,0,1,1,35,4,25
0,7,12.0,181,3,13,0,2,86,2,28
0,7,11.0,197,6,11,3,9,95,3,9
0,7,13.0,238,0,2,2,5,64,0,25
0,7,13.0,238,0,22,1,13,69,4,25
0,7,12.0,181,3,5,1,11,55,4,28
0,7,18.0,154,6,6,0,0,26,1,0
0,7,18.0,154,6,16,0,16,50,3,0
0,7,18.0,154,6,7,0,5,12,1,0
0,7,18.0,154,6,20,1,4,45,0,0
0,7,18.0,154,6,22,1,11,55,4,0
0,7,13.0,238,0,2,0,5,6,2,25
0,7,28.0,34,1,8,0,10,47,0,18
0,3,2.0,120,3,12,2,8,19,3,22
0,3,2.0,120,3,2,0,3,103,0,22
0,3,3.0,182,0,13,0,1,11,0,27
0,3,3.0,182,0,14,0,8,27,1,27
0,3,3.0,182,0,18,0,16,139,3,27
0,10,6.0,242,4,11,1,8,19,0,23
0,2,1.0,16,2,14,3,9,102,3,7
0,2,20.0,264,0,16,0,1,67,3,29
0,8,13.0,189,2,6,1,3,30,0,25
0,3,27.0,361,4,20,1,11,94,1,15
0,6,12.0,162,0,13,1,1,105,4,28
0,6,12.0,162,0,15,1,0,53,4,28
0,6,19.0,291,0,17,0,2,86,1,10
0,6,19.0,291,0,19,0,16,130,3,10
0,6,19.0,291,0,14,2,1,11,4,10
0,6,20.0,215,1,0,0,10,23,1,29
0,6,20.0,215,1,5,1,12,61,0,29
0,6,20.0,215,1,16,0,0,53,3,29
0,6,20.0,215,1,1,0,14,131,1,29
0,6,21.0,193,2,1,1,14,97,1,21
0,6,19.0,291,0,12,1,13,99,0,10
0,6,22.0,185,4,22,1,3,103,4,26
0,6,22.0,185,4,12,0,14,25,1,26
0,6,21.0,193,2,2,0,6,89,3,21
0,6,22.0,185,4,14,0,7,78,4,26
0,6,27.0,116,1,0,0,4,75,3,15
0,6,27.0,116,1,1,0,16,37,1,15
0,0,9.0,48,6,6,2,11,18,0,12
0,0,9.0,48,6,8,0,9,63,3,12
0,0,18.0,0,0,16,0,4,75,1,0
0,0,18.0,0,0,11,0,0,53,1,0
0,0,18.0,0,0,22,0,15,96,0,0
0,0,18.0,0,0,4,0,10,6,3,0
0,0,18.0,0,0,19,1,2,123,4,0
0,0,18.0,0,0,4,1,1,59,4,0
0,4,24.0,27,1,13,0,0,31,1,14
0,4,24.0,27,1,6,1,4,66,4,14
0,4,26.0,80,4,13,0,13,69,1,3
0,4,26.0,80,4,2,0,14,125,2,3
0,2,10.0,28,5,0,0,10,23,3,4
0,2,10.0,28,5,13,0,7,54,2,4
0,2,10.0,28,5,4,1,12,121,4,4
0,2,17.0,6,5,13,0,2,86,2,6
0,2,17.0,6,5,14,0,14,25,0,6
0,2,17.0,6,5,1,0,8,118,3,6
0,2,17.0,6,5,2,1,13,38,4,6
0,2,18.0,7,6,10,2,13,21,0,0
0,4,26.0,80,4,4,0,9,27,0,3
0,2,10.0,28,5,23,0,8,41,1,4
0,2,10.0,28,5,11,0,9,87,0,4
0,2,17.0,6,5,20,0,4,5,3,6
0,2,17.0,6,5,20,0,4,4,1,6
0,2,17.0,6,5,15,0,1,67,2,6
0,2,17.0,6,5,1,0,9,102,2,6
0,0,10.0,129,3,22,1,1,1,1,4
0,0,25.0,281,0,13,0,9,93,1,13
0,0,28.0,249,4,7,0,0,12,3,18
0,0,28.0,249,4,15,0,5,6,0,18
0,8,2.0,77,6,12,3,7,54,4,22
0,3,24.0,357,0,15,1,10,23,1,14
0,0,28.0,249,4,14,2,15,96,0,18
0,0,28.0,249,4,8,1,7,129,4,18
0,9,26.0,267,3,12,1,7,8,0,3
0,9,26.0,267,3,3,0,0,64,2,3
0,8,23.0,102,6,8,0,13,99,0,17
0,8,23.0,102,6,19,0,9,93,1,17
0,4,28.0,218,6,20,0,2,86,2,18
0,6,3.0,99,6,18,0,11,117,3,27
0,6,3.0,99,6,3,0,4,82,2,27
0,3,22.0,166,6,18,1,13,69,0,26
0,6,7.0,169,2,1,1,3,79,0,11
0,6,15.0,49,4,1,1,8,33,0,1
0,10,24.0,261,0,19,0,1,11,3,14
0,1,16.0,2,2,16,1,5,6,0,2
0,10,17.0,256,0,12,1,9,27,0,6
0,11,5.0,240,4,13,0,13,48,0,24
0,11,22.0,250,3,15,0,11,117,1,26
1,8,15.0,72,4,17,0,15,51,1,1
1,8,15.0,72,4,5,0,0,85,3,1
1,8,15.0,72,4,17,3,14,32,4,1
0,8,27.0,78,2,2,0,10,47,0,15
0,11,22.0,250,3,20,1,11,133,4,26
1,10,13.0,346,2,17,2,10,47,3,25
1,8,23.0,102,5,11,0,5,6,2,17
0,11,22.0,250,3,3,1,9,49,4,26
1,6,15.0,49,2,4,0,2,13,1,1
1,8,23.0,102,5,4,1,3,70,4,17
0,9,6.0,51,0,11,0,9,102,3,23
1,10,13.0,346,2,3,2,13,21,2,25
1,6,15.0,49,2,12,1,9,9,0,1
1,4,5.0,235,2,16,0,2,69,1,24
0,9,6.0,51,0,3,0,10,12,3,23
1,1,31.0,305,2,12,1,10,52,4,20
1,5,22.0,163,3,2,0,10,22,1,26
0,0,17.0,12,3,2,2,1,16,3,6
1,9,12.0,177,6,9,0,10,47,1,28
1,6,15.0,49,2,8,1,3,76,4,1
1,6,21.0,193,1,23,0,3,30,3,21
1,6,21.0,193,1,2,2,2,2,3,21
1,6,21.0,193,1,19,0,1,11,1,21
1,6,21.0,193,1,14,0,15,96,0,21
1,10,13.0,346,2,0,2,2,92,0,25
1,10,13.0,346,2,0,0,8,9,3,25
1,10,13.0,346,2,17,1,1,81,0,25
1,10,13.0,346,2,2,2,3,115,3,25
1,10,13.0,346,2,9,0,0,96,4,25
1,10,13.0,346,2,18,2,2,92,1,25
1,10,13.0,346,2,8,0,14,25,1,25
1,10,23.0,247,6,0,0,0,53,1,17
1,10,23.0,247,6,3,3,5,6,0,17
1,10,23.0,247,6,1,0,15,31,3,17
1,10,24.0,261,3,21,0,2,86,1,14
1,10,23.0,247,6,19,1,8,19,0,17
1,10,24.0,261,3,4,0,9,93,1,14
0,4,10.0,79,1,17,0,9,134,4,4
0,4,10.0,79,1,0,0,11,117,1,4
1,5,29.0,24,3,20,1,0,68,1,16
1,6,6.0,83,0,6,1,8,27,4,23
1,6,14.0,173,1,9,1,15,51,4,5
1,1,6.0,97,6,5,0,6,73,2,23
1,1,6.0,97,6,3,0,5,12,3,23
1,1,6.0,97,6,13,0,12,61,1,23
1,1,6.0,97,6,4,1,8,41,4,23
1,1,6.0,97,6,2,1,7,111,0,23
1,1,7.0,32,3,22,0,10,47,3,11
1,1,7.0,32,3,13,1,13,36,1,11
1,1,7.0,32,3,11,1,16,74,1,11
1,1,7.0,32,3,19,0,4,5,3,11
1,1,7.0,32,3,18,0,6,7,3,11
1,1,8.0,62,0,12,0,2,69,3,8
1,1,7.0,32,3,4,2,8,9,2,11
1,1,7.0,32,3,0,0,0,64,1,11
1,1,8.0,62,0,16,0,14,25,4,8
1,1,21.0,45,3,9,0,9,93,0,21
1,1,21.0,45,3,2,1,1,59,4,21
1,1,21.0,45,3,12,1,7,62,4,21
1,1,22.0,164,0,17,1,15,85,4,26
1,1,22.0,164,0,22,0,11,98,0,26
1,1,24.0,64,2,17,0,1,35,4,14
1,1,24.0,64,2,6,2,13,29,3,14
1,1,5.0,219,5,11,0,14,106,1,24
1,1,29.0,112,0,14,0,3,79,0,16
1,1,29.0,112,0,13,1,1,81,4,16
1,1,31.0,305,2,8,2,16,37,1,20
1,1,31.0,305,2,22,1,12,58,4,20
1,1,31.0,305,2,14,0,13,21,1,20
1,1,31.0,305,2,4,0,8,41,2,20
1,1,31.0,305,2,9,0,10,43,1,20
1,8,6.0,87,1,0,0,6,88,3,23
1,8,6.0,87,1,13,0,8,41,1,23
1,1,7.0,32,3,18,2,10,47,3,11
1,1,21.0,45,3,17,2,8,27,3,21
1,1,21.0,45,3,7,0,9,27,3,21
1,1,21.0,45,3,14,0,6,7,2,21
1,1,22.0,164,0,17,1,13,29,0,26
1,1,22.0,164,0,20,0,10,52,3,26
1,2,22.0,209,1,16,2,9,95,0,26
1,1,22.0,164,0,1,0,14,25,3,26
1,1,22.0,164,0,13,1,10,23,1,26
1,1,22.0,164,0,1,0,13,48,0,26
1,4,5.0,235,2,19,0,6,73,4,24
0,3,13.0,210,4,5,0,14,24,2,25
0,5,20.0,214,6,2,0,4,5,4,29
0,1,12.0,353,6,13,3,5,6,2,28
0,1,21.0,45,0,4,0,14,25,1,21
0,1,22.0,164,1,9,0,15,85,3,26
0,4,15.0,132,3,13,3,2,86,0,1
1,7,10.0,329,4,2,0,1,59,4,4
0,0,7.0,15,4,7,1,11,15,0,11
0,2,21.0,108,1,5,3,13,36,0,21
1,3,27.0,361,2,2,1,15,39,1,15
1,4,29.0,313,6,20,1,14,106,4,16
1,4,1.0,144,6,20,3,4,75,1,7
0,9,4.0,295,6,4,0,1,35,4,30
1,1,24.0,64,2,12,0,5,6,3,14
1,1,29.0,112,0,6,1,1,105,0,16
1,1,29.0,112,0,16,2,13,36,3,16
1,1,29.0,112,0,21,0,5,12,3,16
1,1,29.0,112,0,13,1,10,22,4,16
1,1,29.0,112,0,14,0,5,6,0,16
1,1,31.0,305,2,13,0,10,43,1,20
1,1,31.0,305,2,0,1,11,129,4,20
1,1,31.0,305,2,15,1,13,48,0,20
1,4,5.0,235,2,0,0,10,47,0,24
1,5,30.0,294,0,17,0,0,64,1,19
0,0,19.0,13,1,17,1,6,14,4,10
1,1,31.0,305,2,14,0,16,37,1,20
1,10,13.0,346,2,4,0,16,130,3,25
1,2,25.0,233,5,8,0,9,54,0,13
0,0,19.0,13,1,13,0,9,49,1,10
0,1,7.0,32,0,8,1,2,40,1,11
0,2,16.0,220,4,8,0,2,3,3,2
1,4,5.0,235,2,0,2,2,13,3,24
1,5,30.0,294,0,14,0,14,25,3,19
1,10,13.0,346,2,21,1,12,104,0,25
1,2,25.0,233,5,20,1,14,25,0,13
0,9,6.0,51,0,20,1,0,96,1,23
0,1,16.0,2,2,14,1,6,7,0,2
0,0,25.0,281,0,3,1,2,40,4,13
1,6,5.0,342,3,15,0,9,87,2,24
1,6,5.0,342,3,22,0,13,21,1,24
1,6,5.0,342,3,19,0,6,7,3,24
1,6,5.0,342,3,20,0,12,17,2,24
1,6,7.0,169,1,6,0,11,18,1,11
1,6,5.0,342,3,18,0,13,36,1,24
1,6,7.0,169,1,17,0,0,77,3,11
1,6,7.0,169,1,21,1,15,46,4,11
1,6,12.0,162,3,3,1,13,38,4,28
1,6,15.0,49,2,16,1,4,127,0,1
1,6,21.0,193,1,19,0,0,12,3,21
1,5,22.0,163,3,19,0,15,31,0,26
1,5,22.0,163,3,23,1,9,93,4,26
1,5,22.0,163,3,22,2,13,48,3,26
1,5,30.0,294,0,16,2,16,72,0,19
1,5,30.0,294,0,11,0,1,67,1,19
1,5,30.0,294,0,3,0,10,52,0,19
1,6,5.0,342,3,17,2,9,54,0,24
1,6,5.0,342,3,2,0,6,89,3,24
1,6,7.0,169,1,13,0,14,25,0,11
1,6,7.0,169,1,6,1,14,24,1,11
1,6,7.0,169,1,2,0,0,64,0,11
1,6,7.0,169,1,18,0,13,38,1,11
1,6,12.0,162,3,0,0,10,12,1,28
1,5,29.0,24,3,6,0,12,80,1,16
1,6,4.0,159,6,17,1,14,107,4,30
1,6,12.0,162,3,1,0,10,12,1,28
1,6,12.0,162,3,18,0,14,97,1,28
1,6,12.0,162,3,8,0,0,26,2,28
1,6,12.0,162,3,17,1,9,101,2,28
1,6,15.0,49,2,0,0,5,12,3,1
1,6,15.0,49,2,5,0,2,2,1,1
1,5,22.0,163,3,3,0,10,6,3,26
1,5,22.0,163,3,13,0,1,11,1,26
1,5,21.0,351,6,12,1,10,23,1,21
1,5,30.0,294,0,1,0,1,67,2,19
1,5,30.0,294,0,19,0,6,7,2,19
1,6,7.0,169,1,17,1,14,24,4,11
1,6,7.0,169,1,20,0,0,53,4,11
1,6,7.0,169,1,14,0,0,64,3,11
1,6,7.0,169,1,18,0,14,24,1,11
1,6,12.0,162,3,8,2,1,105,3,28
1,6,21.0,193,1,0,0,10,43,3,21
0,10,14.0,174,5,4,0,11,15,4,5
0,1,6.0,97,3,1,0,14,106,3,23
1,0,1.0,8,4,14,0,2,69,1,7
1,6,4.0,159,6,1,0,12,61,3,30
1,6,21.0,193,1,11,0,9,54,1,21
1,6,21.0,193,1,21,1,5,6,0,21
1,6,21.0,193,1,14,0,0,77,1,21
1,6,21.0,193,1,22,0,3,76,3,21
1,10,7.0,243,4,11,1,11,90,1,11
1,10,7.0,243,4,18,0,16,74,1,11
1,10,23.0,247,6,19,0,11,94,0,17
1,6,15.0,49,2,18,0,13,38,4,1
1,6,21.0,193,1,9,1,11,133,4,21
1,6,15.0,49,2,12,0,13,36,2,1
1,10,7.0,243,4,21,1,2,86,4,11
1,10,13.0,346,2,6,0,5,12,0,25
1,10,13.0,346,2,9,0,1,35,4,25
1,10,23.0,247,6,17,0,5,12,1,17
1,10,23.0,247,6,11,1,4,127,4,17
1,10,23.0,247,6,20,3,10,12,0,17
1,1,7.0,32,3,15,1,0,15,1,11
1,1,7.0,32,3,9,2,5,12,3,11
1,1,7.0,32,3,9,0,2,40,1,11
0,7,7.0,293,1,4,1,2,92,0,11
0,5,8.0,199,0,17,1,2,13,1,8
1,8,30.0,103,5,8,3,9,9,4,19
0,8,26.0,278,1,4,2,2,71,3,3
0,4,8.0,292,3,3,1,0,26,0,8
0,2,8.0,258,2,9,1,14,25,0,8
0,11,13.0,312,5,23,1,0,53,0,25
0,11,30.0,170,0,20,0,15,51,1,19
0,9,15.0,226,2,18,0,5,64,3,1
0,7,7.0,293,1,2,1,12,61,4,11
0,5,17.0,212,2,1,3,6,7,3,6
0,10,25.0,56,1,0,1,14,32,4,13
0,8,8.0,76,5,1,2,2,13,0,8
1,10,13.0,346,2,18,0,8,19,3,25
1,2,25.0,233,5,1,0,13,38,2,13
0,9,7.0,271,1,0,0,4,66,0,11
0,1,23.0,69,2,19,1,5,6,2,17
1,1,22.0,164,0,3,1,0,53,0,26
1,3,21.0,338,4,2,0,6,89,2,21
1,1,24.0,64,2,4,0,11,133,2,14
1,3,21.0,338,4,1,0,8,33,4,21
1,1,22.0,164,0,17,0,12,84,0,26
0,9,7.0,271,1,20,0,7,111,1,11
1,10,23.0,247,6,17,2,0,64,3,17
1,1,22.0,164,0,19,3,5,64,3,26
1,1,22.0,164,0,18,0,5,12,3,26
1,1,22.0,164,0,12,2,14,25,0,26
0,4,17.0,19,1,18,3,4,45,3,6
0,9,7.0,271,1,17,0,10,22,3,11
1,2,30.0,131,2,17,1,3,115,4,19
1,10,24.0,261,3,17,2,7,120,3,14
0,9,24.0,272,5,20,0,2,13,2,14
1,1,29.0,112,0,3,0,5,6,0,16
1,1,21.0,45,3,4,0,0,26,3,21
0,9,13.0,91,0,13,1,11,55,4,25
1,1,22.0,164,0,4,0,16,37,0,26
0,3,21.0,338,5,5,0,15,114,2,21
1,2,30.0,131,2,6,0,0,68,3,19
0,9,24.0,272,5,4,0,11,55,4,14
1,1,24.0,64,2,17,0,16,50,0,14
1,1,29.0,112,0,9,0,12,61,1,16
0,9,14.0,106,1,8,2,11,15,0,5
1,1,22.0,164,0,12,2,8,9,3,26
1,10,24.0,261,3,21,3,10,52,3,14
1,1,24.0,64,2,6,2,4,79,3,14
0,10,2.0,358,3,20,3,1,1,0,22
0,9,24.0,272,5,5,0,2,86,2,14
0,9,16.0,107,4,19,0,6,128,1,2
1,1,31.0,305,2,15,0,5,12,3,20
1,10,24.0,261,3,13,1,0,0,4,14
1,1,24.0,64,2,0,0,9,10,3,14
1,1,29.0,112,0,19,0,2,2,1,16
1,1,29.0,112,0,4,1,10,22,1,16
1,1,22.0,164,0,22,3,0,26,2,26
1,1,31.0,305,2,0,0,5,6,3,20
1,1,31.0,305,2,15,0,16,72,4,20
1,1,31.0,305,2,21,0,11,117,1,20
1,8,22.0,354,4,22,0,16,74,1,26
1,8,7.0,70,2,8,0,10,52,2,11
1,8,22.0,354,4,12,1,7,54,4,26
1,8,22.0,354,4,5,3,8,19,0,26
1,1,31.0,305,2,13,0,11,15,0,20
1,1,31.0,305,2,22,2,1,1,3,20
1,8,6.0,87,1,6,1,0,0,0,23
1,8,6.0,87,1,11,0,11,55,1,23
1,8,6.0,87,1,10,2,2,2,3,23
1,8,6.0,87,1,3,0,2,92,3,23
1,8,6.0,87,1,4,0,5,64,0,23
1,8,8.0,76,4,22,1,9,83,4,8
1,8,15.0,72,4,12,0,14,88,3,1
1,8,23.0,102,5,22,0,9,63,0,17
1,8,23.0,102,5,19,0,5,64,0,17
1,8,23.0,102,5,1,0,15,46,1,17
1,2,5.0,127,6,5,1,0,15,0,24
1,2,5.0,127,6,13,1,13,29,4,24
1,2,5.0,127,6,13,0,8,41,2,24
1,2,5.0,127,6,1,0,4,45,0,24
1,2,5.0,127,6,22,0,0,53,0,24
1,2,5.0,127,6,8,0,8,9,3,24
1,2,14.0,231,0,16,0,0,0,0,5
1,2,14.0,231,0,13,0,16,50,0,5
1,2,14.0,231,0,5,0,3,76,1,5
1,2,14.0,231,0,22,1,2,13,1,5
1,2,14.0,231,0,8,0,1,67,4,5
1,2,14.0,231,0,11,1,0,0,4,5
1,2,22.0,209,1,17,0,8,118,3,26
1,2,22.0,209,1,5,0,12,80,1,26
1,2,22.0,209,1,19,0,3,44,3,26
1,2,22.0,209,1,9,0,1,11,4,26
1,2,25.0,233,5,10,0,13,29,1,13
1,2,22.0,209,1,2,3,16,130,3,26
1,2,25.0,233,5,22,0,4,82,2,13
1,2,30.0,131,2,17,0,6,7,0,19
1,2,30.0,131,2,3,2,10,47,3,19
1,2,30.0,131,2,3,0,7,120,2,19
1,8,6.0,87,1,8,0,8,27,1,23
1,8,8.0,76,4,16,0,9,95,1,8
1,8,8.0,76,4,3,1,3,70,4,8
1,8,15.0,72,4,17,0,15,96,3,1
1,8,15.0,72,4,0,2,10,22,0,1
1,8,15.0,72,4,23,1,10,22,0,1
1,8,15.0,72,4,4,0,2,86,1,1
1,8,23.0,102,5,0,1,14,32,0,17
1,8,23.0,102,5,1,2,7,20,3,17
1,4,5.0,235,2,15,0,14,110,4,24
1,2,5.0,127,6,13,0,3,70,2,24
1,2,14.0,231,0,17,0,13,36,1,5
1,2,14.0,231,0,3,0,9,134,1,5
1,2,14.0,231,0,4,0,15,31,4,5
1,2,14.0,231,0,12,3,10,47,0,5
1,2,14.0,231,0,15,0,5,6,0,5
1,2,22.0,209,1,23,0,6,14,1,26
1,4,5.0,235,2,4,2,8,27,3,24
1,4,6.0,176,4,13,0,5,6,0,23
1,4,6.0,176,4,8,1,1,81,4,23
1,4,24.0,27,0,13,0,2,3,2,14
1,8,7.0,70,2,6,0,2,2,4,11
1,2,5.0,127,6,22,2,14,88,3,24
1,2,5.0,127,6,5,0,10,22,3,24
1,2,5.0,127,6,2,0,1,1,0,24
1,2,5.0,127,6,9,0,12,17,0,24
1,2,5.0,127,6,13,1,11,8,1,24
1,2,14.0,231,0,13,3,5,6,0,5
1,2,14.0,231,0,23,1,11,10,4,5
1,2,22.0,209,1,16,0,0,68,3,26
1,2,22.0,209,1,17,2,9,102,1,26
1,2,22.0,209,1,0,1,6,14,0,26
1,2,22.0,209,1,11,0,4,75,4,26
1,2,25.0,233,5,17,0,4,4,1,13
0,7,5.0,204,3,20,0,5,6,1,24
1,8,6.0,87,1,3,0,6,7,0,23
0,1,22.0,164,1,16,1,5,6,1,26
1,1,6.0,97,6,9,0,13,28,3,23
0,9,22.0,92,2,6,0,8,27,1,26
1,1,24.0,64,2,13,0,3,79,3,14
1,2,30.0,131,2,6,0,11,18,1,19
1,8,8.0,76,4,11,2,2,60,3,8
0,9,22.0,92,2,12,0,5,6,2,26
0,8,6.0,87,2,13,1,5,0,1,23
1,1,24.0,64,2,12,0,1,59,1,14
1,1,7.0,32,3,3,0,5,6,2,11
0,7,5.0,204,3,15,0,5,64,2,24
1,2,30.0,131,2,6,0,3,44,3,19
1,8,23.0,102,5,13,0,10,43,2,17
0,4,5.0,235,4,23,1,10,23,1,24
0,7,9.0,273,4,16,0,13,4,3,12
1,2,30.0,131,2,16,1,13,48,0,19
1,8,23.0,102,5,6,1,2,2,4,17
0,9,22.0,92,2,0,0,5,12,0,26
0,4,15.0,132,3,13,1,8,19,4,1
1,11,24.0,194,0,8,1,13,28,4,14
0,2,12.0,128,3,3,0,6,89,2,28
1,6,19.0,291,3,8,0,9,54,0,10
1,10,26.0,61,1,7,0,11,15,1,3
1,1,27.0,262,6,11,1,2,13,1,15
1,1,25.0,65,4,11,1,14,106,4,13
1,8,18.0,75,3,22,0,8,9,2,0
1,6,6.0,83,0,1,3,3,44,4,23
1,10,4.0,356,0,17,0,0,26,1,30
1,10,12.0,333,1,1,1,5,6,0,28
1,11,4.0,275,1,13,0,5,6,0,30
1,11,4.0,275,1,9,0,14,25,0,30
1,11,4.0,275,1,0,0,0,85,3,30
1,11,4.0,275,1,4,1,9,83,4,30
1,11,5.0,240,2,17,0,2,86,1,24
1,11,5.0,240,2,0,0,13,21,2,24
1,11,5.0,240,2,19,0,13,36,0,24
1,11,28.0,123,5,13,1,1,105,4,18
1,11,28.0,123,5,8,0,0,64,0,18
1,11,29.0,270,6,23,1,2,86,4,16
1,9,3.0,217,4,13,1,11,133,2,27
1,9,3.0,217,4,3,1,11,133,2,27
1,9,4.0,295,5,15,0,13,38,1,30
1,9,5.0,89,6,13,1,11,133,4,24
1,11,29.0,270,6,17,1,0,26,2,16
1,9,13.0,91,3,17,0,16,37,1,25
1,7,4.0,186,5,3,1,4,82,1,30
1,7,11.0,197,5,16,1,11,133,4,9
1,7,11.0,197,5,8,0,12,104,1,9
0,3,21.0,338,5,20,0,14,110,3,21
1,11,24.0,194,0,12,1,11,94,4,14
0,6,2.0,352,5,3,0,8,41,1,22
0,1,31.0,305,4,5,0,4,76,3,20
1,11,24.0,194,0,11,3,6,91,4,14
0,2,6.0,251,0,13,0,13,123,2,23
0,0,7.0,15,4,22,0,1,59,2,11
1,6,3.0,99,5,21,0,2,86,1,27
1,6,11.0,355,6,12,1,10,52,2,9
1,6,20.0,215,0,2,1,0,0,1,29
1,10,18.0,246,0,22,1,0,85,2,0
1,8,12.0,284,0,12,0,5,12,3,28
1,8,12.0,284,0,19,1,3,79,1,28
1,4,3.0,279,0,19,1,0,68,0,27
1,7,11.0,197,5,1,2,2,71,3,9
1,7,13.0,238,3,3,1,3,115,1,25
1,7,13.0,238,3,14,0,12,61,4,25
1,7,14.0,125,0,2,0,5,6,0,5
1,7,14.0,125,0,8,2,1,16,4,5
1,7,14.0,125,0,9,0,0,64,1,5
1,7,14.0,125,0,23,1,7,20,4,5
1,7,15.0,205,1,16,0,3,30,3,1
1,7,11.0,197,5,9,1,1,59,1,9
1,7,14.0,125,0,19,0,8,27,2,5
1,7,15.0,205,1,22,1,2,2,4,1
1,7,15.0,205,1,9,0,9,134,2,1
1,7,28.0,34,0,22,0,2,40,1,18
1,7,28.0,34,0,9,1,1,67,0,18
1,7,31.0,43,4,21,1,10,22,0,20
1,7,31.0,43,4,9,1,6,14,1,20
1,3,3.0,182,3,12,1,2,123,4,27
1,3,3.0,182,3,2,0,13,29,2,27
1,3,13.0,210,2,9,0,0,64,1,25
1,3,23.0,57,6,0,0,1,67,3,17
1,1,31.0,305,2,4,0,2,2,1,20
1,8,6.0,87,1,0,0,5,12,0,23
1,8,6.0,87,1,10,0,2,2,3,23
1,8,6.0,87,1,2,2,4,79,3,23
1,8,6.0,87,1,2,0,11,58,3,23
1,8,6.0,87,1,19,0,2,86,4,23
1,8,6.0,87,1,1,0,0,26,3,23
1,8,8.0,76,4,12,0,12,61,3,8
1,8,8.0,76,4,4,0,10,6,2,8
1,8,8.0,76,4,22,1,10,23,1,8
1,8,8.0,76,4,11,1,12,135,4,8
1,1,24.0,64,2,19,0,5,12,0,14
1,2,30.0,131,2,7,0,8,9,3,19
1,4,5.0,235,2,16,0,6,7,0,24
0,9,22.0,92,2,21,2,10,22,3,26
1,1,7.0,32,3,12,0,2,69,3,11
0,7,9.0,273,4,16,1,4,4,0,12
1,2,30.0,131,2,5,1,15,108,0,19
1,4,5.0,235,2,5,0,10,47,2,24
1,1,8.0,62,0,10,0,6,89,4,8
0,7,6.0,93,0,9,0,9,93,0,23
0,7,9.0,273,4,18,0,2,2,1,12
1,0,22.0,241,4,17,0,16,65,4,26
1,4,23.0,30,3,14,0,14,25,2,17
1,4,5.0,235,2,6,0,9,93,1,24
0,7,8.0,94,2,4,0,14,88,4,8
1,1,7.0,32,3,1,0,1,1,2,11
1,0,22.0,241,4,5,2,5,6,3,26
1,4,5.0,235,2,1,0,14,24,1,24
0,7,8.0,94,2,14,0,4,75,1,8
1,1,8.0,62,0,6,1,7,31,0,8
1,0,22.0,241,4,6,1,11,15,0,26
1,1,13.0,207,6,17,3,12,83,4,25
1,4,6.0,176,4,3,1,8,118,4,23
1,4,6.0,176,4,11,1,13,69,4,23
1,4,24.0,27,0,22,0,12,80,2,14
1,4,24.0,27,0,11,1,9,87,4,14
1,4,24.0,27,0,1,2,10,43,3,14
1,4,24.0,27,0,1,0,14,25,2,14
1,2,5.0,127,6,21,1,8,9,0,24
1,2,5.0,127,6,3,0,9,10,1,24
1,2,5.0,127,6,14,0,0,26,1,24
1,2,14.0,231,0,11,0,0,26,0,5
1,2,14.0,231,0,11,1,3,76,4,5
0,0,17.0,12,3,4,0,9,57,0,6
0,0,19.0,13,1,16,0,5,12,0,10
0,0,26.0,14,1,17,0,3,103,1,3
0,0,27.0,23,2,18,0,0,26,2,15
1,5,5.0,96,4,17,3,10,23,0,24
1,5,29.0,24,3,8,0,4,127,2,16
1,6,4.0,159,6,15,0,9,54,2,30
1,4,18.0,26,1,18,0,14,34,0,0
1,2,4.0,254,5,13,0,1,16,2,30
0,11,21.0,192,6,11,0,0,31,2,21
0,7,28.0,34,1,18,2,5,12,0,18
0,7,13.0,238,0,15,3,9,49,1,25
0,6,21.0,193,2,5,0,4,75,1,21
0,1,14.0,183,0,2,3,14,34,0,5
0,8,4.0,299,0,2,0,8,118,1,30
1,4,20.0,115,4,12,0,8,9,1,29
0,8,13.0,189,2,17,1,12,61,1,25
0,2,14.0,231,1,19,1,3,30,0,5
0,0,15.0,190,5,4,0,9,134,2,1
1,6,26.0,348,3,1,0,12,83,4,3
1,5,1.0,109,3,2,0,14,107,1,7
1,8,3.0,363,6,13,0,13,29,2,27
1,2,4.0,254,5,18,1,1,59,0,30
1,4,28.0,218,5,11,0,14,24,2,18
0,9,12.0,177,3,3,1,6,91,4,28
0,7,4.0,186,6,2,0,9,93,1,30
1,2,25.0,233,5,10,0,3,70,2,13
1,2,25.0,233,5,5,0,12,121,4,13
1,2,25.0,233,5,12,0,3,79,1,13
1,2,25.0,233,5,9,0,2,86,3,13
1,2,30.0,131,2,1,1,10,22,1,19
1,0,22.0,241,4,3,3,5,64,3,26
1,0,22.0,241,4,14,0,8,9,1,26
1,0,22.0,241,4,18,0,13,99,1,26
1,0,23.0,237,5,12,0,1,11,0,17
1,8,23.0,102,5,18,0,12,17,1,17
1,4,5.0,235,2,15,0,14,25,0,24
1,4,5.0,235,2,8,0,11,94,0,24
1,4,6.0,176,4,8,0,6,89,1,23
1,4,24.0,27,0,22,1,11,55,4,14
1,4,24.0,27,0,8,0,4,5,3,14
1,2,14.0,231,0,11,0,9,83,4,5
1,2,22.0,209,1,5,2,10,43,3,26
1,10,4.0,356,0,12,1,14,25,0,30
1,6,23.0,84,4,2,0,7,62,2,17
1,10,12.0,333,1,14,0,16,37,2,28
1,2,22.0,209,1,22,2,1,59,0,26
1,2,22.0,209,1,12,1,9,83,4,26
1,2,30.0,131,2,6,0,5,6,3,19
1,2,30.0,131,2,1,0,12,61,1,19
1,0,22.0,241,4,7,1,11,15,0,26
1,0,22.0,241,4,1,0,14,24,3,26
1,0,22.0,241,4,1,0,8,19,4,26
1,0,23.0,237,5,6,0,0,12,0,17
1,0,23.0,237,5,17,0,14,106,1,17
1,0,23.0,237,5,5,0,9,95,3,17
1,0,23.0,237,5,13,2,13,99,1,17
1,0,22.0,241,4,8,0,16,72,1,26
1,0,23.0,237,5,14,2,6,91,3,17
0,11,5.0,240,4,15,0,6,89,1,24
1,2,30.0,131,2,12,0,5,12,2,19
1,2,30.0,131,2,1,0,0,77,1,19
1,0,22.0,241,4,22,0,4,4,3,26
1,0,22.0,241,4,19,1,3,30,4,26
1,0,22.0,241,4,1,1,7,54,2,26
1,0,23.0,237,5,15,1,4,138,4,17
1,0,23.0,237,5,16,0,2,92,1,17
0,7,16.0,40,4,12,0,13,99,3,2
0,9,5.0,89,3,12,0,2,123,2,24
1,1,8.0,62,0,1,0,16,74,3,8
1,0,22.0,241,4,4,0,1,1,4,26
1,0,22.0,241,4,16,0,16,65,0,26
1,1,29.0,112,0,6,0,0,77,0,16
0,7,16.0,40,4,1,0,8,41,3,2
1,0,23.0,237,5,17,0,10,23,1,17
1,1,29.0,112,0,15,0,3,103,4,16
1,1,31.0,305,2,19,0,2,2,1,20
1,1,8.0,62,0,18,2,2,3,3,8
0,7,17.0,95,5,17,1,1,105,2,6
1,0,23.0,237,5,17,0,10,22,0,17
0,7,17.0,95,5,6,1,0,64,0,6
1,1,31.0,305,2,1,2,2,71,3,20
1,0,23.0,237,5,23,1,13,99,4,17
1,1,8.0,62,0,8,2,8,118,2,8
0,7,17.0,95,5,2,0,0,0,0,6
1,1,31.0,305,2,8,1,0,15,4,20
0,7,9.0,273,4,20,1,13,28,4,12
0,7,15.0,205,2,19,0,3,4,0,1
0,7,23.0,202,4,13,1,9,49,1,17
0,7,23.0,202,4,18,0,4,127,4,17
0,7,24.0,68,5,8,0,14,24,3,14
0,3,7.0,289,5,12,0,6,89,1,11
0,3,7.0,289,5,4,1,1,1,4,11
0,3,7.0,289,5,1,0,10,22,1,11
0,3,8.0,148,6,0,0,2,86,1,8
0,3,8.0,148,6,13,0,5,6,2,8
0,3,8.0,148,6,3,0,15,96,0,8
0,3,8.0,148,6,3,0,12,135,2,8
0,3,8.0,148,6,19,0,11,15,1,8
0,3,8.0,148,6,12,0,16,130,2,8
0,3,16.0,263,3,3,0,4,4,1,2
0,3,16.0,263,3,22,2,3,4,3,2
1,0,23.0,237,5,1,0,9,87,1,17
1,7,9.0,273,2,14,0,10,22,0,12
1,5,11.0,326,2,15,0,1,35,2,9
1,5,11.0,326,2,16,1,12,121,1,9
1,3,25.0,347,0,3,0,11,133,2,13
1,3,24.0,357,3,8,1,8,9,1,14
1,6,27.0,116,0,14,0,8,33,1,15
0,7,29.0,268,2,5,1,5,6,0,16
0,6,14.0,173,2,19,0,2,69,1,5
0,5,5.0,96,5,10,0,3,76,1,24
0,4,6.0,176,5,18,1,4,138,1,23
0,2,15.0,130,2,4,0,12,56,1,1
0,2,28.0,257,1,9,0,8,41,1,18
1,3,17.0,54,3,19,0,4,138,1,6
1,5,11.0,326,2,18,0,13,28,0,9
1,3,1.0,180,5,23,0,16,37,4,7
1,10,27.0,302,2,17,0,5,64,1,15
0,9,5.0,89,3,13,0,12,84,0,24
0,7,6.0,93,0,19,1,11,94,0,23
0,7,6.0,93,0,2,1,1,59,4,23
0,11,5.0,240,4,15,1,12,83,4,24
0,11,22.0,250,3,11,0,0,31,4,26
0,11,22.0,250,3,6,1,1,16,0,26
0,11,22.0,250,3,2,2,9,49,3,26
0,9,7.0,271,1,17,0,16,65,4,11
0,9,7.0,271,1,6,0,14,32,3,11
0,9,6.0,51,0,18,0,10,22,1,23
0,9,7.0,271,1,14,0,15,46,1,11
0,9,24.0,272,5,3,1,1,16,4,14
0,7,5.0,204,3,11,0,12,135,2,24
0,7,9.0,273,4,0,3,14,131,3,12
0,7,9.0,273,4,2,0,10,47,3,12
0,7,9.0,273,4,8,0,8,27,2,12
0,7,15.0,205,2,3,0,13,48,2,1
0,7,23.0,202,4,16,0,14,25,3,17
0,7,23.0,202,4,8,2,3,79,3,17
0,7,24.0,68,5,4,0,1,59,4,14
0,3,7.0,289,5,11,2,7,120,0,11
0,3,8.0,148,6,22,0,8,118,0,8
0,3,16.0,263,3,18,2,6,7,3,2
1,0,23.0,237,5,9,0,1,1,4,17
1,1,21.0,45,3,1,0,1,1,2,21
0,7,17.0,95,5,2,1,3,30,4,6
0,7,17.0,95,5,14,0,11,94,3,6
1,8,6.0,87,1,9,2,4,79,2,23
1,1,22.0,164,0,6,0,2,13,3,26
0,7,17.0,95,5,5,1,10,23,1,6
1,1,21.0,45,3,1,0,5,6,1,21
1,0,23.0,237,5,18,0,15,31,0,17
0,7,25.0,41,6,2,0,9,134,2,13
1,8,8.0,76,4,15,0,9,10,0,8
1,1,22.0,164,0,16,1,1,11,2,26
1,4,23.0,30,3,8,0,2,71,2,17
1,1,8.0,62,0,2,0,10,22,3,8
1,8,15.0,72,4,5,2,13,36,0,1
1,1,22.0,164,0,23,0,16,74,3,26
1,4,23.0,30,3,19,0,0,77,1,17
1,8,15.0,72,4,13,0,4,75,1,1
1,10,24.0,261,3,22,0,9,54,1,14
1,5,25.0,350,2,17,0,8,27,4,13
1,1,8.0,62,0,4,0,8,9,3,8
1,1,8.0,62,0,3,1,2,69,4,8
1,1,21.0,45,3,6,1,8,19,0,21
1,1,21.0,45,3,12,0,16,42,4,21
1,1,21.0,45,3,9,0,10,52,3,21
1,1,22.0,164,0,7,0,10,12,3,26
1,1,21.0,45,3,4,0,1,35,1,21
1,1,22.0,164,0,22,1,6,7,4,26
1,7,15.0,205,1,17,0,9,10,4,1
1,5,14.0,36,6,11,0,2,2,2,5
1,5,14.0,36,6,14,0,10,22,2,5
1,5,14.0,36,6,14,0,0,64,1,5
1,5,21.0,351,6,0,1,14,32,1,21
1,5,21.0,351,6,12,0,10,22,0,21
1,5,21.0,351,6,12,0,2,86,3,21
1,5,22.0,163,3,14,0,15,77,3,26
1,5,22.0,163,3,18,0,0,26,3,26
1,5,30.0,294,0,23,0,7,137,2,19
0,7,30.0,42,4,17,2,13,21,3,19
0,7,31.0,43,5,16,1,16,37,0,20
0,7,31.0,43,5,5,1,14,88,4,20
0,7,25.0,41,6,4,0,11,117,1,13
0,3,15.0,35,6,6,0,4,70,3,1
0,3,23.0,57,3,13,1,2,71,4,17
0,5,14.0,36,3,15,0,15,31,3,5
1,5,30.0,294,0,10,0,0,64,3,19
1,5,30.0,294,0,8,2,6,7,3,19
1,6,5.0,342,3,5,0,6,91,1,24
1,6,5.0,342,3,3,0,9,93,3,24
1,6,5.0,342,3,13,0,15,46,3,24
1,6,5.0,342,3,12,0,8,118,1,24
1,6,5.0,342,3,19,0,10,22,2,24
1,6,5.0,342,3,2,2,13,29,3,24
1,6,7.0,169,1,17,0,7,62,1,11
1,6,7.0,169,1,6,1,13,21,4,11
1,6,12.0,162,3,4,0,10,43,1,28
1,6,15.0,49,2,16,1,4,75,0,1
1,6,15.0,49,2,16,1,11,129,4,1
1,6,7.0,169,1,13,1,14,125,4,11
1,6,21.0,193,1,0,0,8,41,3,21
1,6,21.0,193,1,11,0,14,32,1,21
1,6,21.0,193,1,22,0,13,48,0,21
1,6,21.0,193,1,19,0,10,30,0,21
1,10,7.0,243,4,3,0,9,93,0,11
1,10,7.0,243,4,13,3,10,47,2,11
1,10,7.0,243,4,20,1,11,90,1,11
1,10,13.0,346,2,3,1,4,75,4,25
1,10,13.0,346,2,22,0,0,26,3,25
1,10,13.0,346,2,19,0,4,136,3,25
1,10,23.0,247,6,17,0,2,86,2,17
1,10,24.0,261,3,13,2,16,42,3,14
1,3,30.0,304,6,20,1,6,132,1,19
1,1,7.0,32,3,21,1,14,97,4,11
1,1,7.0,32,3,8,3,7,120,3,11
1,1,7.0,32,3,1,0,8,118,1,11
1,1,7.0,32,3,14,0,13,99,0,11
1,1,8.0,62,0,16,0,6,89,0,8
1,1,7.0,32,3,18,2,10,47,3,11
1,1,8.0,62,0,23,1,11,15,0,8
1,1,7.0,32,3,19,0,3,44,4,11
1,8,15.0,72,4,22,0,11,98,4,1
1,1,5.0,219,5,19,1,8,9,0,24
1,10,24.0,261,3,14,0,16,65,3,14
1,6,28.0,309,1,22,0,3,30,4,18
1,1,6.0,97,6,16,0,10,22,3,23
1,10,3.0,310,3,1,1,12,83,2,27
1,8,15.0,72,4,19,2,5,64,3,1
1,1,6.0,97,6,8,0,12,56,1,23
1,5,28.0,259,6,1,1,12,56,0,18
1,8,23.0,102,5,23,0,10,22,2,17
1,1,7.0,32,3,2,0,4,70,0,11
1,5,28.0,259,6,18,1,6,7,0,18
1,4,5.0,235,2,0,1,15,51,1,24
1,1,8.0,62,0,3,1,13,36,4,8
1,10,3.0,310,3,5,0,1,11,4,27
1,4,5.0,235,2,13,0,12,80,3,24
1,1,6.0,97,6,2,3,9,57,0,23
1,10,3.0,310,3,20,0,6,7,2,27
1,4,5.0,235,2,10,1,11,15,0,24
1,1,21.0,45,3,21,1,13,28,0,21
1,6,28.0,309,1,19,0,2,71,4,18
1,10,11.0,298,0,18,0,14,107,3,9
1,9,10.0,156,4,15,1,2,92,1,4
0,11,5.0,240,4,0,0,10,23,3,24
0,11,5.0,240,4,10,1,9,109,0,24
1,3,23.0,57,6,4,0,10,43,3,17
1,3,29.0,325,5,15,1,12,80,4,16
1,3,29.0,325,5,22,1,0,53,1,16
1,5,12.0,327,4,16,0,10,47,0,28
1,5,12.0,327,4,14,0,13,38,4,28
1,5,13.0,184,5,16,0,6,7,0,25
1,5,13.0,184,5,18,0,1,11,3,25
1,5,14.0,36,6,9,2,12,80,3,5
1,5,21.0,351,6,3,1,10,22,1,21
1,5,21.0,351,6,4,0,6,89,2,21
1,5,22.0,163,3,16,1,5,64,1,26
1,5,22.0,163,3,12,0,1,11,3,26
1,5,30.0,294,0,16,1,0,53,0,19
1,6,7.0,169,1,21,0,2,92,1,11
1,6,7.0,169,1,21,1,4,66,0,11
1,6,7.0,169,1,2,0,0,15,2,11
1,6,7.0,169,1,18,2,6,7,0,11
1,6,7.0,169,1,18,1,9,101,4,11
1,6,5.0,342,3,2,1,0,53,1,24
1,6,12.0,162,3,12,0,15,37,0,28
1,6,12.0,162,3,2,0,13,48,2,28
1,5,26.0,37,4,17,0,4,127,2,3
1,5,28.0,259,6,15,0,12,100,2,18
1,6,10.0,149,5,18,0,12,84,1,4
1,10,11.0,298,0,1,0,0,77,0,9
1,2,28.0,257,0,2,0,1,11,4,18
0,11,17.0,110,1,23,0,10,47,2,6
0,9,10.0,156,5,18,3,8,33,4,4
1,6,15.0,49,2,16,0,14,25,1,1
1,6,15.0,49,2,21,0,3,115,3,1
1,6,12.0,162,3,12,3,2,86,1,28
1,6,21.0,193,1,17,2,14,32,3,21
1,6,21.0,193,1,16,0,4,75,0,21
1,6,21.0,193,1,2,0,2,40,4,21
1,6,21.0,193,1,18,0,5,12,2,21
1,10,7.0,243,4,20,1,1,59,4,11
1,10,7.0,243,4,18,2,1,59,3,11
1,10,13.0,346,2,14,0,13,21,0,25
1,10,23.0,247,6,17,0,15,39,1,17
1,10,23.0,247,6,3,0,8,9,0,17
1,10,24.0,261,3,19,1,8,41,1,14
1,1,7.0,32,3,5,0,2,2,3,11
1,1,7.0,32,3,9,2,13,123,3,11
1,1,22.0,164,0,3,1,9,9,4,26
1,1,22.0,164,0,1,0,11,90,1,26
1,9,10.0,156,4,5,1,4,136,4,4
1,5,10.0,155,1,20,0,9,101,4,4
0,5,13.0,184,6,9,2,8,33,3,25
0,1,4.0,286,5,15,0,2,2,2,30
1,3,2.0,120,6,9,1,9,9,0,22
1,1,9.0,50,1,8,0,2,2,0,12
1,8,3.0,363,6,11,0,13,48,3,27
1,10,11.0,298,0,19,3,10,47,0,9
0,0,16.0,11,6,14,1,3,70,4,2
0,0,17.0,12,3,2,0,15,96,4,6
1,1,21.0,45,3,19,0,3,79,4,21
1,4,5.0,235,2,19,2,1,59,2,24
1,4,5.0,235,2,1,1,9,93,4,24
1,1,21.0,45,3,23,1,1,11,1,21
1,1,22.0,164,0,7,1,5,0,1,26
1,1,22.0,164,0,2,0,8,9,1,26
1,1,22.0,164,0,9,0,5,6,3,26
1,1,22.0,164,0,12,0,5,6,1,26
1,1,24.0,64,2,2,0,8,19,3,14
1,1,29.0,112,0,19,0,1,67,0,16
1,1,31.0,305,2,6,0,5,12,0,20
1,1,31.0,305,2,16,0,1,11,0,20
1,1,31.0,305,2,10,0,14,32,2,20
1,1,31.0,305,2,12,0,5,6,2,20
1,1,31.0,305,2,14,0,8,118,3,20
1,8,6.0,87,1,16,0,0,31,0,23
1,6,6.0,83,0,12,1,6,116,0,23
0,5,26.0,37,5,15,0,10,22,1,3
0,5,26.0,37,5,5,0,6,7,4,3
1,5,22.0,163,3,19,0,10,22,1,26
1,5,22.0,163,3,9,1,15,51,1,26
1,5,22.0,163,3,4,2,2,13,3,26
1,5,30.0,294,0,21,0,10,47,3,19
1,5,30.0,294,0,8,1,2,69,4,19
1,5,30.0,294,0,8,2,6,7,3,19
1,6,5.0,342,3,12,0,8,19,0,24
1,6,5.0,342,3,5,1,14,32,4,24
1,6,5.0,342,3,9,0,5,6,0,24
1,6,7.0,169,1,15,0,1,105,1,11
1,6,7.0,169,1,16,2,2,2,3,11
1,6,7.0,169,1,4,0,13,48,0,11
1,6,7.0,169,1,19,0,12,17,2,11
1,6,7.0,169,1,19,0,3,115,1,11
1,6,15.0,49,2,17,0,4,45,3,1
1,6,15.0,49,2,12,2,13,13,3,1
1,6,15.0,49,2,2,1,2,86,4,1
0,6,8.0,59,4,17,1,3,79,0,8
0,6,8.0,59,4,5,1,13,29,1,8
0,6,16.0,38,5,13,1,11,117,1,2
0,6,16.0,38,5,11,1,16,72,1,2
0,6,25.0,39,3,18,0,6,89,3,13
0,10,15.0,60,6,13,0,13,69,4,1
0,10,15.0,60,6,8,1,8,27,1,1
0,10,26.0,61,2,16,0,7,78,3,3
0,10,26.0,61,2,0,1,5,6,0,3
0,10,26.0,61,2,9,0,8,27,3,3
0,1,8.0,62,1,6,0,10,47,0,8
0,1,17.0,63,4,5,0,8,9,1,6
0,1,17.0,63,4,15,0,9,101,2,6
0,1,18.0,82,5,3,0,10,22,3,0
0,1,18.0,82,5,4,0,11,124,3,0
0,1,24.0,64,4,0,1,9,49,4,14
0,1,24.0,64,4,23,1,13,69,1,14
0,1,25.0,65,5,20,1,9,93,1,13
0,1,24.0,64,4,14,0,8,9,3,14
0,8,9.0,124,6,2,0,7,111,0,12
0,8,27.0,78,2,3,0,14,110,1,15
1,4,5.0,235,2,4,1,15,108,1,24
1,4,6.0,176,4,6,0,4,4,3,23
1,4,6.0,176,4,11,0,5,64,1,23
1,4,6.0,176,4,12,0,15,31,3,23
1,4,6.0,176,4,19,0,13,99,1,23
0,4,10.0,79,1,2,0,10,52,3,4
0,4,10.0,79,1,9,0,5,6,3,4
0,4,10.0,79,1,14,2,0,26,3,4
0,4,16.0,25,0,0,0,14,34,3,2
0,4,16.0,25,0,0,1,10,6,0,2
0,4,24.0,27,1,16,0,13,21,1,14
0,4,24.0,27,1,2,1,16,37,4,14
0,4,24.0,27,1,4,1,4,82,2,14
0,4,24.0,27,1,20,1,4,138,4,14
1,9,23.0,167,2,8,0,4,136,4,17
1,3,22.0,166,5,2,0,5,12,1,26
1,3,22.0,166,5,2,0,5,6,0,26
0,1,8.0,62,1,6,0,10,30,3,8
0,2,17.0,6,5,22,1,2,86,4,6
0,2,18.0,7,6,17,2,10,47,3,0
0,2,18.0,7,6,10,0,0,0,3,0
0,2,27.0,136,0,17,1,1,105,0,15
1,4,6.0,176,4,8,0,11,18,3,23
1,4,6.0,176,4,10,1,7,78,4,23
1,4,6.0,176,4,1,1,9,49,4,23
1,4,6.0,176,4,3,1,2,2,2,23
1,4,24.0,27,0,17,0,2,86,2,14
1,2,5.0,127,6,16,0,0,77,1,24
1,8,6.0,87,1,8,0,14,110,4,23
1,8,6.0,87,1,8,1,13,48,1,23
1,8,6.0,87,1,1,0,5,6,0,23
1,8,6.0,87,1,9,2,4,79,3,23
1,8,8.0,76,4,6,0,16,74,3,8
1,8,8.0,76,4,14,0,10,23,1,8
1,8,8.0,76,4,14,2,13,29,3,8
1,8,15.0,72,4,21,0,2,2,1,1
1,8,15.0,72,4,8,0,8,27,2,1
1,8,15.0,72,4,2,0,2,2,2,1
0,2,27.0,136,0,8,1,14,126,4,15
0,2,27.0,136,0,1,1,11,15,2,15
0,2,27.0,136,0,1,0,8,33,2,15
0,0,11.0,10,0,22,0,13,29,1,9
0,0,11.0,10,0,19,0,10,22,1,9
0,0,11.0,10,0,14,0,5,6,0,9
1,8,15.0,72,4,13,0,12,17,0,1
1,8,23.0,102,5,23,0,13,36,1,17
1,8,23.0,102,5,9,0,10,22,3,17
1,8,23.0,102,5,3,0,8,33,2,17
1,4,5.0,235,2,17,0,8,27,1,24
1,11,20.0,340,4,3,0,14,88,2,29
1,11,19.0,321,2,6,0,11,15,0,10
1,11,22.0,250,6,13,0,1,59,4,26
1,2,9.0,21,2,21,0,8,9,3,12
1,11,19.0,321,2,1,1,11,55,4,10
1,11,22.0,250,6,20,1,1,81,4,26
1,11,19.0,321,2,1,1,1,67,0,10
1,9,14.0,106,0,12,2,4,121,1,5
1,11,20.0,340,4,2,3,8,9,3,29
0,10,2.0,358,3,11,1,0,31,1,22
0,2,9.0,21,4,20,1,9,10,4,12
1,11,21.0,192,5,12,0,4,4,1,21
1,10,27.0,302,2,0,2,14,107,0,15
1,9,21.0,362,0,15,1,4,75,1,21
0,10,2.0,358,3,1,1,11,94,0,22
1,2,9.0,21,2,14,2,7,57,3,12
0,0,18.0,0,0,23,1,14,24,4,0
1,11,21.0,192,5,18,0,5,6,0,21
1,2,9.0,21,2,6,2,12,104,3,12
1,9,22.0,92,1,21,0,8,33,1,26
0,3,3.0,182,0,19,1,5,6,0,27
0,4,27.0,274,5,8,3,1,67,3,15
0,10,19.0,117,2,9,1,11,98,0,10
0,10,3.0,310,0,19,0,13,38,3,27
0,10,13.0,346,4,0,0,3,103,3,25
0,1,12.0,353,6,14,0,1,59,4,28
0,1,13.0,207,3,17,0,5,12,3,25
0,1,13.0,207,3,15,0,12,56,4,25
0,1,22.0,164,1,2,0,6,7,1,26
0,1,22.0,164,1,12,0,2,71,4,26
0,1,31.0,305,4,16,0,16,72,1,20
0,1,31.0,305,4,19,0,8,41,3,20
0,8,6.0,87,2,23,0,0,64,2,23
0,8,6.0,87,2,3,0,6,7,4,23
0,8,6.0,87,2,15,0,9,54,4,23
0,8,6.0,87,2,9,2,3,103,3,23
1,11,4.0,275,1,0,0,1,67,1,30
1,11,4.0,275,1,8,0,15,114,0,30
1,11,5.0,240,2,11,2,16,108,3,24
1,11,28.0,123,5,17,2,8,27,0,18
1,11,28.0,123,5,22,1,12,56,1,18
1,11,29.0,270,6,14,0,14,25,1,16
1,9,5.0,89,6,8,1,15,39,4,24
1,9,3.0,217,4,13,0,1,1,1,27
1,9,3.0,217,4,4,0,10,22,3,27
1,9,4.0,295,5,19,0,7,20,3,30
1,9,5.0,89,6,8,0,10,47,0,24
1,9,5.0,89,6,8,1,9,49,4,24
1,9,5.0,89,6,13,1,13,36,4,24
1,9,13.0,91,3,5,0,5,12,0,25
1,7,28.0,34,0,9,0,0,15,2,18
1,7,31.0,43,4,6,1,13,28,0,20
1,9,20.0,119,3,17,0,9,93,1,29
1,9,20.0,119,3,20,0,13,28,3,29
1,9,20.0,119,3,11,0,2,2,2,29
1,9,20.0,119,3,13,0,1,67,3,29
1,9,20.0,119,3,13,1,10,47,1,29
1,9,20.0,119,3,4,0,14,25,0,29
1,9,20.0,119,3,4,0,2,92,1,29
1,9,20.0,119,3,14,1,5,6,0,29
1,9,21.0,362,0,14,1,15,31,1,21
1,9,22.0,92,1,6,0,0,12,0,26
1,9,22.0,92,1,13,0,13,36,3,26
1,7,6.0,93,3,20,0,0,26,1,23
1,7,6.0,93,3,22,2,1,11,0,23
1,7,6.0,93,3,1,0,7,62,0,23
1,2,23.0,230,2,17,0,2,2,2,17
1,0,6.0,260,1,3,1,13,99,2,23
0,5,17.0,212,2,12,1,1,59,4,6
1,9,12.0,177,6,18,0,3,76,0,28
1,7,12.0,181,6,7,1,13,69,0,28
1,7,12.0,181,6,11,1,11,98,4,28
1,7,12.0,181,6,14,0,6,7,1,28
1,7,23.0,202,2,0,0,14,25,1,17
0,8,12.0,284,1,6,0,5,6,1,28
0,8,12.0,284,1,21,1,3,79,1,28
0,8,5.0,101,1,6,0,0,0,0,24
0,8,11.0,306,0,20,1,9,54,1,9
0,8,14.0,296,4,15,0,4,127,3,5
0,8,14.0,296,4,23,1,15,51,1,5
0,8,30.0,103,6,7,0,15,31,1,19
0,8,30.0,103,6,13,0,6,7,2,19
0,4,3.0,279,1,19,0,4,5,3,27
0,4,5.0,235,4,17,0,0,53,1,24
0,4,5.0,235,4,5,0,0,31,1,24
0,4,5.0,235,4,19,0,9,95,2,24
0,4,5.0,235,4,9,0,11,18,1,24
0,4,13.0,221,5,20,0,13,38,3,25
0,4,21.0,339,6,16,2,14,25,0,21
0,4,5.0,235,4,8,0,3,103,2,24
0,4,21.0,339,6,22,0,0,77,2,21
0,4,21.0,339,6,9,0,4,82,1,21
0,4,28.0,218,6,18,1,3,30,1,18
1,5,22.0,163,3,14,0,5,64,0,26
1,5,30.0,294,0,15,1,6,7,1,19
1,7,31.0,43,4,2,0,12,80,2,20
1,3,3.0,182,3,23,1,13,48,4,27
1,7,31.0,43,4,5,0,11,124,4,20
1,3,3.0,182,3,8,2,3,76,3,27
1,3,13.0,210,2,21,1,5,6,0,25
1,3,13.0,210,2,8,0,8,9,2,25
1,7,13.0,238,3,4,0,4,5,1,25
1,3,13.0,210,2,15,0,1,11,4,25
1,3,13.0,210,2,12,0,7,120,0,25
1,3,23.0,57,6,13,0,13,29,4,17
1,3,23.0,57,6,5,0,10,23,1,17
1,3,29.0,325,5,17,1,7,111,4,16
1,3,29.0,325,5,19,0,13,29,1,16
1,3,30.0,304,6,5,3,6,89,0,19
1,10,26.0,61,1,12,2,2,86,0,3
0,1,16.0,2,2,23,1,16,72,0,2
1,10,26.0,61,1,3,3,5,6,3,3
0,10,27.0,302,4,18,0,15,108,1,15
0,4,20.0,115,5,11,0,11,124,1,29
0,2,8.0,258,2,13,1,3,44,4,8
1,11,11.0,175,1,4,0,15,114,0,9
1,11,22.0,250,6,7,1,0,53,0,26
1,2,10.0,28,4,17,1,2,92,0,4
0,2,2.0,143,4,22,0,11,133,2,22
1,2,10.0,28,4,8,1,3,30,4,4
0,10,31.0,135,0,8,1,9,9,2,20
1,1,11.0,111,4,17,0,8,118,3,9
0,2,16.0,220,4,14,0,0,68,3,2
1,7,6.0,93,3,8,0,6,128,1,23
0,6,26.0,348,0,8,3,6,7,0,3
1,11,19.0,321,2,19,1,10,43,2,10
1,2,27.0,136,3,7,0,10,52,1,15
0,4,19.0,142,4,15,0,13,29,2,10
0,1,3.0,188,4,1,0,9,95,3,27
1,4,17.0,19,0,22,3,8,19,0,6
1,7,6.0,93,3,22,1,12,61,4,23
1,4,15.0,132,6,17,0,2,2,1,1
1,11,22.0,250,6,15,0,14,25,3,26
1,11,22.0,250,6,5,1,12,80,4,26
1,2,27.0,136,3,4,2,1,16,3,15
0,5,4.0,114,4,12,1,5,12,0,30
1,11,11.0,175,1,6,0,0,68,1,9
1,5,28.0,259,6,13,0,10,22,1,18
0,1,28.0,300,0,17,3,12,135,1,18
1,2,12.0,128,6,0,0,5,12,1,28
0,2,2.0,143,4,4,2,11,117,3,22
1,9,1.0,126,1,19,1,9,10,4,7
0,5,5.0,96,5,6,0,8,118,1,24
1,9,1.0,126,1,20,1,11,133,4,7
0,6,27.0,116,1,20,0,2,71,3,15
1,11,11.0,175,1,18,1,2,2,2,9
0,5,29.0,24,0,17,0,15,96,1,16
1,9,22.0,92,1,12,0,0,68,1,26
0,2,20.0,264,0,9,0,13,29,4,29
1,1,3.0,188,2,3,0,8,27,4,27
1,11,18.0,332,1,1,1,12,80,0,0
1,11,19.0,321,2,0,0,9,27,1,10
0,6,28.0,309,2,2,0,10,47,3,18
0,0,5.0,122,1,12,0,4,75,1,24
1,1,3.0,188,2,1,0,12,17,1,27
1,11,19.0,321,2,12,0,0,12,1,10
1,11,17.0,110,0,17,1,10,12,1,6
0,0,21.0,287,4,2,0,5,6,0,21
1,1,17.0,63,2,22,0,7,78,3,6
1,9,18.0,359,5,18,0,16,74,3,0
1,11,19.0,321,2,12,0,2,2,0,10
1,8,9.0,124,5,13,1,14,32,4,12
1,8,26.0,278,0,2,0,11,18,0,3
0,6,27.0,116,1,22,3,1,1,0,15
0,6,27.0,116,1,18,1,9,93,4,15
1,4,18.0,26,1,9,1,10,43,1,0
1,4,20.0,115,4,9,1,16,130,4,29
0,7,18.0,154,6,22,1,12,61,1,0
1,2,11.0,297,5,4,1,10,47,1,9
1,2,18.0,7,5,9,0,0,77,1,0
0,5,28.0,259,3,8,0,4,82,2,18
0,1,11.0,111,5,20,0,6,126,4,9
0,1,29.0,112,1,18,0,5,6,0,16
1,2,21.0,108,0,8,3,8,27,0,21
0,11,21.0,192,6,9,0,0,12,1,21
0,7,2.0,160,4,4,1,15,39,0,22
0,8,4.0,299,0,9,3,10,30,3,30
0,3,28.0,187,5,18,0,14,107,4,18
0,8,17.0,74,3,20,0,13,29,2,6
0,2,2.0,143,4,13,1,8,118,1,22
0,2,26.0,3,3,17,1,5,12,0,3
0,8,29.0,301,5,13,2,15,114,3,16
0,4,4.0,178,2,8,0,5,64,1,30
0,4,11.0,121,2,13,0,1,100,2,9
0,4,20.0,115,5,13,0,4,82,2,29
0,4,20.0,115,5,3,3,14,88,4,29
0,5,28.0,259,3,14,1,8,27,4,18
0,5,10.0,155,2,20,0,9,87,4,4
0,6,27.0,116,1,14,0,14,107,0,15
0,6,27.0,116,1,3,1,13,69,4,15
0,10,4.0,356,1,1,0,12,80,4,30
0,4,20.0,115,5,17,1,0,26,0,29
0,2,20.0,264,0,1,2,1,59,3,29
0,0,22.0,241,5,17,0,2,86,4,26
1,7,25.0,41,5,18,0,1,59,4,13
1,7,25.0,41,5,16,0,1,1,1,13
1,6,9.0,236,4,2,2,1,59,3,12
1,5,9.0,206,0,19,0,7,78,0,12
1,6,18.0,308,6,8,1,0,77,1,0
1,6,18.0,308,6,22,3,0,77,0,0
1,1,9.0,50,1,4,0,0,53,4,12
1,0,2.0,47,5,14,3,6,128,0,22
1,0,29.0,191,4,1,1,2,13,1,16
1,0,29.0,191,4,10,1,3,103,0,16
1,10,9.0,150,6,1,1,6,7,0,12
1,10,9.0,150,6,1,1,6,7,0,12
1,10,9.0,150,6,20,0,0,77,1,12
1,10,8.0,213,5,3,0,1,11,1,8
1,4,18.0,26,1,13,1,6,91,1,0
0,9,27.0,179,0,1,0,12,56,0,15
0,3,27.0,361,4,14,2,2,2,0,15
1,2,26.0,3,6,14,0,0,26,2,3
1,2,26.0,3,6,5,0,1,11,2,3
0,11,17.0,110,1,13,1,10,52,1,6
0,11,26.0,364,4,4,2,9,93,1,3
0,1,29.0,112,1,4,1,13,48,0,16
0,8,4.0,299,0,18,1,5,6,0,30
0,8,4.0,299,0,18,1,5,6,0,30
0,7,18.0,154,6,14,3,2,2,3,0
0,8,29.0,301,5,2,1,11,15,0,16
0,3,3.0,182,0,17,3,14,25,0,27
0,8,29.0,301,5,9,0,14,131,1,16
0,3,27.0,361,4,23,0,5,12,3,15
0,8,29.0,301,5,8,0,12,61,2,16
0,8,29.0,301,5,4,0,8,19,0,16
1,0,27.0,23,1,17,0,1,11,1,15
0,5,10.0,155,2,22,0,13,48,1,4
0,6,27.0,116,1,13,1,12,83,0,15
0,10,27.0,302,4,19,1,11,15,0,15
0,10,27.0,302,4,18,0,13,13,3,15
0,10,27.0,302,4,14,3,11,133,0,15
0,0,15.0,190,5,15,1,10,12,0,1
0,1,4.0,286,5,1,3,6,91,3,30
0,2,14.0,231,1,6,0,0,68,0,5
0,2,20.0,264,0,8,1,12,56,1,29
0,5,4.0,114,4,17,3,9,10,0,30
0,5,10.0,155,2,13,1,1,59,0,4
0,4,20.0,115,5,19,1,0,85,0,29
0,2,20.0,264,0,12,3,9,27,3,29
0,6,12.0,162,0,13,1,10,23,1,28
0,8,13.0,189,2,12,3,5,64,0,25
0,4,11.0,121,2,14,1,0,0,2,9
0,2,14.0,231,1,18,1,1,67,0,5
0,0,5.0,122,1,18,2,10,22,3,24
0,10,19.0,117,2,19,1,11,98,0,10
0,10,27.0,302,4,18,0,3,30,1,15
0,1,4.0,286,5,22,3,8,27,4,30
0,4,4.0,178,2,9,1,16,72,2,30
0,11,1.0,222,3,13,0,1,11,4,7
1,11,20.0,340,4,22,0,13,38,1,29
1,11,8.0,283,6,13,3,11,98,4,8
0,4,5.0,235,4,8,0,14,106,2,24
1,0,11.0,10,3,18,0,13,99,1,9
1,8,26.0,278,0,18,1,8,27,4,3
1,1,25.0,65,4,8,0,6,89,1,13
1,0,13.0,198,1,16,0,0,12,1,25
1,1,19.0,29,5,16,1,10,23,0,10
1,7,24.0,68,4,14,1,6,128,0,14
1,0,13.0,198,1,0,0,2,3,4,25
1,1,19.0,29,5,12,1,13,69,4,10
1,7,24.0,68,4,18,3,5,6,0,14
1,0,30.0,228,5,16,1,3,79,4,19
1,1,19.0,29,5,18,0,2,123,1,10
1,7,24.0,68,4,4,0,8,118,3,14
1,1,25.0,65,4,10,1,8,27,1,13
0,11,1.0,222,3,16,0,5,12,0,7
1,8,4.0,299,3,21,0,13,38,3,30
1,3,26.0,343,1,13,0,2,86,2,3
1,7,1.0,98,1,8,2,8,19,1,7
1,8,2.0,77,5,22,0,10,47,3,22
1,8,12.0,284,0,22,0,9,54,4,28
1,8,12.0,284,0,1,0,16,65,4,28
1,8,18.0,75,3,7,0,0,26,1,0
1,11,29.0,270,6,14,1,4,4,4,16
1,8,18.0,75,3,20,1,14,88,4,0
1,8,29.0,301,4,21,2,5,6,1,16
1,8,29.0,301,4,12,0,16,50,3,16
1,8,29.0,301,4,22,0,0,53,3,16
1,8,29.0,301,4,13,1,11,133,4,16
1,4,1.0,144,6,0,1,11,15,0,7
1,4,1.0,144,6,18,2,9,93,3,7
1,4,1.0,144,6,11,0,13,69,2,7
1,10,26.0,61,1,2,0,5,64,2,3
1,4,3.0,279,0,6,0,2,92,4,27
1,4,3.0,279,0,3,0,13,29,3,27
1,4,29.0,313,6,0,1,4,127,4,16
1,1,27.0,262,6,2,0,9,49,3,15
1,0,10.0,129,6,13,0,2,92,3,4
1,0,10.0,129,6,13,1,2,71,4,4
1,0,4.0,229,3,2,3,14,110,2,30
1,0,10.0,129,6,5,1,14,107,4,4
0,11,1.0,222,3,11,1,10,47,0,7
0,11,4.0,275,2,16,0,9,93,3,30
0,11,4.0,275,2,8,1,5,6,1,30
1,9,5.0,89,6,12,1,16,139,4,24
1,9,5.0,89,6,16,1,11,124,0,24
1,7,11.0,197,5,12,0,16,50,4,9
1,1,24.0,64,2,18,1,8,9,4,14
1,2,14.0,231,0,13,0,14,25,3,5
1,2,25.0,233,5,23,0,5,64,3,13
0,9,24.0,272,5,13,0,3,103,2,14
0,6,9.0,236,5,11,1,10,47,1,12
0,1,7.0,32,0,19,0,9,9,2,11
0,9,4.0,295,6,5,0,3,76,3,30
0,7,20.0,266,0,7,0,9,9,1,29
0,7,20.0,266,0,13,0,11,133,0,29
0,7,20.0,266,0,1,0,10,47,0,29
0,7,20.0,266,0,13,1,2,2,1,29
0,3,11.0,337,1,0,0,5,64,2,9
0,3,11.0,337,1,18,0,2,71,4,9
0,3,12.0,104,2,16,2,5,12,3,28
0,3,12.0,104,2,7,0,5,12,1,28
0,3,20.0,105,4,8,0,11,117,3,29
0,3,21.0,338,5,13,1,1,1,4,21
0,3,21.0,338,5,23,1,12,80,4,21
0,3,30.0,304,3,19,1,4,4,4,19
0,5,19.0,146,5,13,1,0,64,0,10
0,5,21.0,351,3,3,1,1,11,4,21
0,5,22.0,163,0,18,0,14,24,1,26
0,6,2.0,352,5,17,0,1,105,4,22
0,6,5.0,342,0,1,2,2,2,3,24
0,6,10.0,149,6,11,0,0,26,1,4
0,6,10.0,149,6,1,0,15,51,1,4
0,10,2.0,358,3,17,0,4,79,3,22
0,10,2.0,358,3,13,1,16,50,4,22
1,11,25.0,88,1,10,2,5,6,3,13
1,9,2.0,323,2,8,0,16,72,0,22
1,9,10.0,156,4,8,1,13,28,0,4
1,9,24.0,272,4,0,0,0,12,0,14
1,9,24.0,272,4,2,1,7,111,1,14
1,6,17.0,244,5,14,2,0,31,0,6
1,6,27.0,116,0,8,1,11,133,4,15
1,10,10.0,245,3,10,0,0,64,1,4
1,11,8.0,283,6,3,0,12,135,2,8
1,7,9.0,273,2,20,1,11,129,2,12
1,7,16.0,40,2,4,1,15,112,0,2
1,8,11.0,306,3,2,0,12,80,1,9
1,10,17.0,256,3,7,0,2,86,1,6
1,10,17.0,256,3,18,0,0,77,0,6
1,1,27.0,262,6,19,3,14,25,3,15
1,8,4.0,299,3,21,1,0,12,1,30
1,8,9.0,124,5,23,1,9,87,1,12
1,1,27.0,262,6,18,2,6,89,3,15
0,11,3.0,288,1,17,0,13,29,1,27
1,8,20.0,319,1,21,0,8,9,0,29
1,1,28.0,300,3,6,1,6,7,0,18
1,11,18.0,332,1,19,0,12,80,1,0
1,8,17.0,74,6,1,1,16,65,4,6
1,8,29.0,301,4,13,0,8,27,1,16
1,8,26.0,278,0,2,1,1,105,0,3
1,4,3.0,279,0,17,0,12,56,4,27
1,11,3.0,288,0,17,1,16,139,4,27
1,11,3.0,288,0,10,1,11,15,0,27
1,11,3.0,288,0,14,0,15,51,1,27
1,11,5.0,240,2,22,0,5,47,2,24
1,11,5.0,240,2,4,1,2,86,4,24
1,11,28.0,123,5,6,0,10,22,1,18
1,11,28.0,123,5,14,0,11,133,4,18
1,11,28.0,123,5,4,1,16,37,1,18
1,11,29.0,270,6,16,1,1,35,0,16
1,11,29.0,270,6,16,0,10,47,1,16
1,9,3.0,217,4,3,1,1,105,4,27
1,9,3.0,217,4,22,1,11,133,1,27
1,9,3.0,217,4,18,0,13,38,4,27
1,9,4.0,295,5,8,0,5,6,3,30
1,11,5.0,240,2,16,0,5,6,0,24
1,11,5.0,240,2,13,0,12,121,3,24
1,9,5.0,89,6,8,0,11,98,2,24
1,11,17.0,110,0,1,1,13,29,1,6
1,11,17.0,110,0,12,1,9,58,4,6
1,5,8.0,199,3,14,1,13,28,0,8
0,10,5.0,336,2,19,1,15,119,4,24
0,10,20.0,223,4,16,2,6,7,0,29
0,10,20.0,223,4,5,0,2,123,0,29
0,10,20.0,223,4,8,0,16,139,3,29
0,10,20.0,223,4,16,1,10,23,1,29
0,10,21.0,341,5,16,1,8,118,0,21
0,10,21.0,341,5,1,0,5,6,3,21
0,10,22.0,314,6,17,1,10,47,0,26
0,10,21.0,341,5,2,0,1,59,2,21
0,10,29.0,318,6,3,2,15,112,0,16
0,10,29.0,318,6,4,2,1,59,0,16
0,1,5.0,219,6,22,0,2,2,3,24
0,1,5.0,219,6,3,0,13,28,3,24
0,8,28.0,224,4,21,0,10,22,1,18
0,8,28.0,224,4,3,1,3,103,4,18
0,4,23.0,30,0,18,0,13,123,0,17
0,4,29.0,313,3,11,0,13,121,2,16
0,4,29.0,313,3,2,1,4,75,4,16
1,11,1.0,222,6,13,1,12,84,1,7
1,8,29.0,301,4,5,1,14,25,0,16
1,4,3.0,279,0,3,0,4,82,2,27
1,4,3.0,279,0,9,3,15,108,2,27
1,4,17.0,19,0,13,1,9,109,4,6
1,4,27.0,274,4,16,0,0,68,3,15
1,4,1.0,144,6,17,1,11,18,0,7
1,4,29.0,313,6,7,1,12,100,4,16
1,2,1.0,16,1,6,0,5,12,3,7
1,2,1.0,16,1,4,0,4,138,0,7
1,2,1.0,16,1,14,0,15,31,1,7
1,2,3.0,282,4,16,0,14,24,3,27
1,9,18.0,359,5,1,0,9,134,3,0
1,4,29.0,313,6,8,2,2,86,3,16
1,2,3.0,282,4,11,1,12,56,4,27
1,2,29.0,140,1,19,0,3,4,0,16
1,0,3.0,334,6,23,0,5,6,2,27
1,0,10.0,129,6,10,1,15,46,0,4
1,11,3.0,288,0,0,1,15,119,0,27
1,11,11.0,175,1,13,0,4,45,2,9
1,11,11.0,175,1,8,0,13,48,1,9
1,6,11.0,355,6,8,0,13,36,1,9
1,6,19.0,291,3,2,2,2,2,3,10
1,6,20.0,215,0,0,2,2,13,3,29
1,10,18.0,246,0,3,0,9,57,0,0
0,11,4.0,275,2,16,0,4,79,0,30
1,0,30.0,228,5,5,1,10,23,1,19
0,3,30.0,304,3,4,0,4,127,1,19
0,5,2.0,307,1,1,0,0,0,2,22
0,5,19.0,146,5,16,1,9,27,0,10
0,5,19.0,146,5,14,0,5,64,3,10
0,5,19.0,146,5,11,0,13,69,2,10
0,5,20.0,214,6,18,0,10,12,1,29
0,5,22.0,163,0,6,0,0,12,1,26
1,8,11.0,306,3,12,1,9,27,0,9
1,9,17.0,255,4,12,0,16,130,4,6
1,0,28.0,249,2,17,1,5,12,1,18
0,7,19.0,330,3,19,1,13,38,0,10
0,4,30.0,139,0,20,0,0,26,1,19
0,2,22.0,209,2,17,0,3,30,2,26
0,2,22.0,209,2,22,0,15,31,3,26
0,2,23.0,230,4,7,0,0,26,2,17
0,0,6.0,260,2,6,0,11,15,2,23
0,0,14.0,5,4,15,0,13,38,4,5
0,0,14.0,5,4,8,3,8,27,0,5
1,7,11.0,197,5,12,1,1,105,0,9
1,11,28.0,123,5,8,0,11,117,1,18
1,11,28.0,123,5,4,0,4,127,4,18
1,11,29.0,270,6,22,1,14,106,4,16
1,11,29.0,270,6,22,0,0,77,2,16
1,11,28.0,123,5,11,1,11,117,1,18
1,9,3.0,217,4,12,2,13,21,3,27
1,9,5.0,89,6,13,2,5,12,0,24
1,9,13.0,91,3,16,0,11,15,1,25
1,9,13.0,91,3,20,0,13,36,1,25
1,9,13.0,91,3,20,2,16,72,3,25
1,9,13.0,91,3,2,0,0,26,0,25
1,7,4.0,186,5,16,0,8,27,4,30
1,7,14.0,125,0,0,0,13,28,3,5
1,7,15.0,205,1,12,0,15,31,3,1
1,7,15.0,205,1,2,0,16,42,1,1
1,7,28.0,34,0,8,2,9,93,3,18
1,7,28.0,34,0,3,1,13,48,4,18
1,11,22.0,250,6,15,2,4,138,3,26
1,11,22.0,250,6,10,1,1,67,0,26
1,11,22.0,250,6,2,0,2,13,1,26
1,11,22.0,250,6,9,2,8,118,3,26
1,9,6.0,51,3,20,0,13,48,2,23
1,9,6.0,51,3,19,0,9,93,0,23
1,9,6.0,51,3,4,2,12,80,3,23
1,9,12.0,177,6,21,0,13,28,1,28
1,9,12.0,177,6,15,0,8,41,2,28
1,9,12.0,177,6,19,1,1,1,4,28
1,7,30.0,42,2,1,2,13,38,0,19
1,5,7.0,349,6,18,2,10,47,1,11
0,10,10.0,245,0,9,0,14,24,1,4
0,10,10.0,245,0,19,1,3,30,0,4
0,10,10.0,245,0,5,0,16,130,3,4
1,8,16.0,73,5,9,0,10,47,3,2
1,9,12.0,177,6,18,2,3,44,3,28
1,9,14.0,106,0,6,0,16,130,1,5
1,9,14.0,106,0,19,0,10,47,2,5
1,9,14.0,106,0,2,0,0,12,1,5
1,9,14.0,106,0,18,0,9,101,1,5
0,5,22.0,163,0,21,3,6,7,3,26
0,5,22.0,163,0,22,0,11,133,0,26
0,5,22.0,163,0,13,0,6,89,3,26
0,6,3.0,99,6,4,1,15,114,1,27
0,6,10.0,149,6,13,0,8,33,3,4
0,4,22.0,152,3,9,0,3,30,3,26
1,10,18.0,246,0,3,0,10,52,2,0
0,0,5.0,122,1,8,3,14,25,0,24
1,6,1.0,158,2,3,1,0,31,4,7
1,2,13.0,276,3,10,0,9,49,0,25
0,3,16.0,263,3,12,3,4,121,0,2
1,10,18.0,246,0,18,1,8,118,1,0
0,6,27.0,116,1,16,0,16,113,0,15
1,6,1.0,158,2,4,3,7,111,4,7
1,9,1.0,126,1,4,1,13,38,4,7
0,5,16.0,239,1,17,1,11,15,1,2
1,10,25.0,56,0,16,0,2,60,0,13
0,6,27.0,116,1,2,2,0,12,3,15
1,6,9.0,236,4,3,0,5,64,2,12
1,11,25.0,88,1,16,0,11,18,1,13
0,7,9.0,273,4,23,1,12,61,1,12
1,10,25.0,56,0,13,0,13,38,3,13
0,10,27.0,302,4,3,1,1,81,1,15
1,6,9.0,236,4,17,3,12,84,2,12
1,11,25.0,88,1,10,1,2,92,0,13
0,7,9.0,273,4,3,0,8,41,3,12
0,8,10.0,71,3,17,1,15,114,1,4
0,8,17.0,74,3,16,0,6,91,2,6
0,8,18.0,75,0,1,0,0,26,0,0
0,5,1.0,109,0,9,0,5,12,0,7
0,1,16.0,2,2,3,0,8,27,0,2
0,8,17.0,74,3,17,1,9,49,4,6
0,8,18.0,75,0,23,1,4,4,1,0
0,4,19.0,142,4,14,0,2,69,1,10
1,2,30.0,131,2,14,1,0,85,1,19
0,7,9.0,273,4,9,2,2,40,3,12
0,8,18.0,75,0,9,1,12,17,2,0
0,7,23.0,202,4,15,0,3,79,1,17
0,4,2.0,141,0,16,1,15,31,1,22
0,4,2.0,141,0,7,0,6,126,1,22
0,5,6.0,277,6,1,2,2,2,1,23
0,7,5.0,204,3,20,3,15,96,0,24
0,8,17.0,74,3,22,1,9,83,4,6
0,2,2.0,143,4,18,1,13,48,0,22
0,6,9.0,236,5,23,1,12,56,1,12
0,8,10.0,71,3,14,1,10,12,0,4
0,6,1.0,158,4,13,0,2,35,4,7
0,8,16.0,73,6,4,0,13,38,2,2
0,8,17.0,74,3,14,2,0,64,3,6
0,1,16.0,2,2,13,3,13,48,0,2
0,4,2.0,141,0,9,1,14,88,4,22
0,4,9.0,18,0,12,1,13,48,0,12
0,4,9.0,18,0,13,0,9,102,2,12
0,6,9.0,236,5,17,1,4,4,1,12
0,6,15.0,49,4,13,0,0,77,1,1
0,8,18.0,75,0,11,1,14,34,1,0
0,8,25.0,86,0,2,1,10,47,0,13
0,2,2.0,143,4,7,1,1,81,4,22
0,2,2.0,143,4,19,0,8,41,1,22
0,2,24.0,22,5,13,2,1,11,4,14
0,0,1.0,8,5,19,0,12,135,1,7
0,10,26.0,61,2,17,0,1,105,4,3
0,10,15.0,60,6,10,1,11,98,4,1
0,2,27.0,136,0,18,2,4,75,3,15
0,8,9.0,124,6,22,0,4,45,2,12
0,1,8.0,62,1,22,3,9,49,0,8
0,8,1.0,66,5,13,0,8,41,1,7
0,8,27.0,78,2,18,0,7,31,3,15
0,8,27.0,78,2,1,1,4,127,0,15
0,4,26.0,80,4,13,0,8,41,3,3
0,8,15.0,72,5,20,0,3,30,4,1
0,8,25.0,86,0,20,3,6,7,0,13
0,2,28.0,257,1,2,2,8,27,0,18
0,3,9.0,44,3,8,0,16,130,3,12
0,4,26.0,80,4,22,3,6,89,1,3
0,5,24.0,58,2,17,0,0,12,0,14
0,4,10.0,79,1,2,1,4,4,4,4
0,2,18.0,7,6,20,0,13,38,2,0
0,8,9.0,124,6,22,0,4,45,2,12
1,8,25.0,86,3,14,1,3,30,0,13
1,4,31.0,67,0,8,1,14,32,0,20
1,10,16.0,201,6,19,1,11,15,0,2
1,0,9.0,48,5,19,1,3,76,2,12
1,0,17.0,12,6,1,0,8,118,1,6
1,0,24.0,55,6,17,1,15,31,1,14
1,0,24.0,55,6,17,1,3,30,4,14
1,8,30.0,103,5,13,1,12,80,1,19
0,5,25.0,350,4,17,0,0,64,0,13
0,6,6.0,83,1,12,0,3,30,1,23
0,10,1.0,208,6,12,0,10,23,3,7
0,4,27.0,274,5,8,0,5,6,2,15
0,4,27.0,274,5,4,1,8,9,0,15
0,4,27.0,274,5,20,2,8,41,3,15
0,3,26.0,343,2,17,0,1,11,1,3
0,5,17.0,212,2,22,2,8,9,0,6
0,10,6.0,242,4,13,0,2,86,1,23
0,10,7.0,243,5,15,1,10,47,1,11
0,4,27.0,274,5,23,0,14,24,2,15
1,1,25.0,65,4,1,0,6,89,3,13
0,10,27.0,302,4,14,0,9,87,3,15
1,10,28.0,216,4,17,0,15,51,1,18
1,11,25.0,88,1,19,0,12,104,1,13
1,8,1.0,66,4,1,0,13,99,3,7
0,0,13.0,198,2,9,1,5,6,0,25
1,1,28.0,300,3,9,0,10,12,3,18
1,11,26.0,364,2,23,1,15,51,0,3
1,2,2.0,143,2,14,1,0,53,4,22
0,6,27.0,116,1,17,0,1,11,4,15
1,11,26.0,364,2,8,0,7,62,2,3
1,10,9.0,150,6,12,1,4,45,4,12
0,2,20.0,264,0,13,0,15,114,2,29
1,11,9.0,311,3,13,0,10,43,0,12
1,11,27.0,322,4,7,0,10,22,2,15
1,2,28.0,257,0,18,0,4,79,3,18
0,10,19.0,117,2,12,1,11,117,0,10
1,11,23.0,232,3,8,0,13,28,2,17
1,9,2.0,323,2,6,0,12,56,4,22
1,10,8.0,213,5,11,0,7,120,1,8
0,8,29.0,301,5,16,0,11,133,3,16
1,11,24.0,194,0,6,0,14,110,0,14
1,9,2.0,323,2,5,0,4,136,1,22
1,9,2.0,323,2,4,2,7,120,0,22
1,9,2.0,323,2,1,0,14,32,3,22
1,9,10.0,156,4,7,1,12,56,0,4
1,9,10.0,156,4,13,0,4,82,3,4
1,9,10.0,156,4,15,1,8,9,1,4
1,9,24.0,272,4,13,0,1,11,2,14
1,9,25.0,344,5,9,0,10,22,1,13
1,9,25.0,344,5,3,1,11,18,1,13
1,11,4.0,275,1,22,1,14,126,4,30
1,11,4.0,275,1,9,0,8,118,1,30
1,8,8.0,76,4,17,0,2,40,4,8
1,6,15.0,49,2,11,3,5,6,1,1
0,6,9.0,236,5,6,0,2,2,1,12
1,3,24.0,357,3,7,1,11,133,0,14
1,2,13.0,276,3,19,0,0,26,2,25
1,2,10.0,28,4,8,0,13,38,2,4
1,3,1.0,180,5,15,0,6,128,1,7
0,9,11.0,52,6,8,0,9,93,0,9
0,5,5.0,96,5,19,0,2,123,3,24
1,11,1.0,222,6,17,3,9,95,4,7
0,5,11.0,326,4,13,0,2,2,4,9
0,5,12.0,327,5,0,1,6,7,0,28
0,5,5.0,96,5,13,0,15,96,2,24
0,5,18.0,195,4,9,1,3,79,4,0
0,5,27.0,328,6,12,0,14,106,3,15
0,5,27.0,328,6,14,0,11,117,1,15
0,6,13.0,317,1,15,1,6,73,1,25
0,6,28.0,309,2,17,0,13,13,0,18
0,6,28.0,309,2,2,1,2,2,2,18
0,6,29.0,335,4,23,0,9,95,4,16
0,6,29.0,335,4,10,0,3,30,1,16
0,6,29.0,335,4,2,1,2,69,2,16
0,10,3.0,310,0,23,1,9,49,1,27
0,10,13.0,346,4,4,0,14,110,3,25
1,7,24.0,68,4,9,1,1,105,0,14
1,3,26.0,343,1,19,0,1,35,1,3
1,3,26.0,343,1,8,0,12,135,3,3
1,3,27.0,361,2,16,0,5,64,1,15
1,3,27.0,361,2,10,1,14,110,0,15
1,3,10.0,4,3,17,1,11,94,2,4
1,5,2.0,307,0,2,2,1,1,3,22
1,5,2.0,307,0,17,2,5,6,0,22
1,5,2.0,307,0,3,2,14,25,2,22
1,6,3.0,99,5,1,0,0,53,3,27
1,6,11.0,355,6,15,0,0,77,1,9
1,6,11.0,355,6,4,0,2,71,4,9
1,6,11.0,355,6,18,0,14,24,0,9
1,6,16.0,38,4,5,0,4,79,2,2
1,6,20.0,215,0,6,1,0,0,4,29
1,10,26.0,61,1,16,2,10,47,3,3
1,10,26.0,61,1,3,0,6,128,2,3
1,11,19.0,321,2,8,2,14,25,0,10
1,11,19.0,321,2,14,2,5,64,3,10
1,11,19.0,321,2,4,2,10,47,3,10
1,11,20.0,340,4,20,0,5,6,0,29
1,11,20.0,340,4,2,0,11,15,2,29
1,11,20.0,340,4,20,1,1,67,4,29
1,11,21.0,192,5,11,1,11,98,1,21
1,11,22.0,250,6,22,0,5,6,0,26
1,11,21.0,192,5,22,0,13,28,2,21
1,9,6.0,51,3,17,0,5,12,3,23
1,11,4.0,275,1,3,0,2,123,4,30
1,11,5.0,240,2,17,0,12,104,4,24
1,11,5.0,240,2,20,0,14,24,2,24
0,10,17.0,256,0,12,1,5,64,0,6
1,8,15.0,72,4,22,1,3,79,1,1
1,9,5.0,89,6,8,1,9,87,0,24
0,5,23.0,168,1,4,2,16,50,3,17
0,0,1.0,8,5,17,1,9,58,4,7
1,1,18.0,82,4,9,0,1,11,1,0
1,11,24.0,194,0,13,1,9,49,1,14
1,1,18.0,82,4,23,1,12,17,4,0
1,9,8.0,90,1,3,0,12,100,4,8
1,1,18.0,82,4,18,1,6,128,0,0
0,0,1.0,8,5,17,1,15,112,4,7
1,9,8.0,90,1,14,1,12,17,4,8
0,5,24.0,58,2,2,0,14,24,1,14
1,1,18.0,82,4,4,0,9,102,2,0
0,8,1.0,66,5,17,0,5,0,1,7
1,9,9.0,320,2,0,0,3,79,1,12
1,8,3.0,363,6,18,1,14,106,4,27
1,11,7.0,253,5,19,2,13,38,3,11
1,7,1.0,98,1,5,0,1,59,1,7
1,11,7.0,253,5,11,1,8,27,1,11
1,7,1.0,98,1,4,0,8,65,2,7
1,4,20.0,115,4,8,0,2,60,2,29
1,5,1.0,109,3,17,0,16,74,4,7
1,2,11.0,297,5,13,0,5,64,2,9
0,6,27.0,116,1,17,1,4,5,1,15
0,1,14.0,183,0,6,3,13,69,3,5
0,9,10.0,156,5,1,1,11,10,4,4
0,7,11.0,197,6,5,0,0,15,3,9
0,8,13.0,189,2,17,0,6,89,1,25
1,10,11.0,298,0,8,2,0,96,3,9
1,2,28.0,257,0,14,1,1,11,0,18
1,2,26.0,3,6,9,3,5,0,2,3
1,0,12.0,113,0,8,0,12,61,3,28
1,0,20.0,172,1,19,0,11,55,2,29
1,8,3.0,363,6,15,0,6,7,2,27
1,11,27.0,322,4,13,0,13,21,1,15
1,8,10.0,71,6,8,1,0,53,4,4
1,1,18.0,82,4,13,1,0,77,1,0
1,4,18.0,26,1,4,1,12,17,4,0
1,4,20.0,115,4,14,1,7,111,0,29
1,4,20.0,115,4,19,1,2,123,0,29
0,6,4.0,159,3,4,0,1,1,3,30
1,0,27.0,23,1,9,0,16,108,1,15
0,11,17.0,110,1,14,1,15,119,0,6
0,6,4.0,159,3,4,0,12,56,4,30
0,5,28.0,259,3,13,0,15,31,2,18
0,8,4.0,299,0,15,2,11,117,3,30
0,8,13.0,189,2,9,0,6,128,1,25
0,8,3.0,363,3,8,3,10,12,0,27
0,4,4.0,178,2,13,0,2,123,3,30
0,4,20.0,115,5,18,1,13,48,0,29
0,5,4.0,114,4,2,3,9,102,0,30
0,5,10.0,155,2,9,1,0,12,1,4
0,5,10.0,155,2,4,1,0,53,2,4
0,6,27.0,116,1,1,1,8,27,0,15
1,2,28.0,257,0,8,0,4,136,4,18
0,3,28.0,187,5,13,1,6,91,1,18
0,11,26.0,364,4,20,0,10,22,2,3
0,11,21.0,192,6,8,0,5,6,1,21
0,11,10.0,360,1,22,1,10,52,1,4
0,9,27.0,179,0,11,3,14,25,3,15
1,0,12.0,113,0,13,3,3,79,4,28
0,7,2.0,160,4,12,0,12,104,2,22
0,7,18.0,154,6,1,0,2,40,2,0
0,1,28.0,300,0,11,1,11,18,1,18
0,3,3.0,182,0,18,0,5,64,1,27
0,3,3.0,182,0,10,1,5,6,0,27
0,3,3.0,182,0,11,1,9,63,1,27
0,4,20.0,115,5,19,1,6,132,4,29
0,4,20.0,115,5,21,1,6,7,0,29
0,3,28.0,187,5,8,2,6,89,0,18
0,5,4.0,114,4,18,0,6,7,3,30
0,5,28.0,259,3,22,0,3,30,3,18
0,5,28.0,259,3,14,0,2,2,1,18
0,6,12.0,162,0,8,0,6,7,2,28
0,6,12.0,162,0,18,1,7,8,4,28
0,6,12.0,162,0,4,0,4,82,1,28
0,6,27.0,116,1,14,3,5,6,1,15
0,6,27.0,116,1,2,1,4,4,4,15
0,2,20.0,264,0,18,0,2,2,0,29
0,0,5.0,122,1,16,0,16,37,3,24
0,1,29.0,112,1,1,0,8,33,3,16
0,8,4.0,299,0,5,1,11,133,1,30
0,9,12.0,177,3,17,3,10,47,1,28
0,9,18.0,359,6,13,0,11,15,4,0
0,7,12.0,181,3,13,0,2,40,2,28
0,7,18.0,154,6,11,3,16,42,4,0
0,8,13.0,189,2,9,0,10,23,1,25
0,8,13.0,189,2,14,1,5,6,2,25
0,8,29.0,301,5,18,0,15,51,1,16
0,7,28.0,34,1,17,1,6,132,1,18
0,3,3.0,182,0,5,0,16,130,1,27
0,3,3.0,182,0,1,1,14,25,4,27
0,3,3.0,182,0,5,1,6,73,4,27
1,11,23.0,232,3,2,0,10,43,3,17
1,7,24.0,68,4,0,1,8,19,0,14
1,11,23.0,232,3,0,0,6,89,3,17
1,9,7.0,271,0,3,1,1,16,4,11
1,11,3.0,288,0,5,1,6,7,0,27
1,11,24.0,194,0,8,1,11,18,0,14
1,11,3.0,288,0,16,0,0,26,3,27
1,9,18.0,359,5,5,0,15,51,1,0
1,11,11.0,175,1,0,0,4,121,1,9
1,9,18.0,359,5,21,1,9,95,0,0
1,11,11.0,175,1,0,0,0,26,1,9
1,9,26.0,267,6,6,0,5,12,0,3
1,11,11.0,175,1,6,0,13,38,4,9
1,11,11.0,175,1,23,1,9,9,0,9
1,11,11.0,175,1,10,1,10,47,1,9
1,11,11.0,175,1,1,3,0,26,1,9
1,11,19.0,321,2,22,0,11,117,0,10
1,11,4.0,275,1,14,0,10,22,2,30
1,7,14.0,125,0,18,0,0,26,1,5
1,11,29.0,270,6,13,1,13,21,1,16
1,7,24.0,68,4,10,1,6,7,1,14
1,7,27.0,53,3,23,1,13,28,2,15
1,7,27.0,53,3,22,0,15,51,1,15
1,7,27.0,53,3,5,1,1,81,4,15
1,7,27.0,53,3,18,0,10,47,1,15
1,3,7.0,289,4,13,1,10,23,1,11
1,3,9.0,44,6,15,0,10,22,1,12
1,3,10.0,4,3,16,0,0,12,0,4
1,3,10.0,4,3,0,1,10,43,4,4
1,3,10.0,4,3,18,3,0,12,1,4
1,8,18.0,75,3,19,1,1,81,1,0
1,4,17.0,19,0,8,1,9,87,0,6
1,9,9.0,320,2,23,0,9,95,1,12
1,7,24.0,68,4,17,1,14,25,0,14
1,8,19.0,280,0,2,0,2,13,0,10
1,8,20.0,319,1,19,0,13,38,1,29
1,8,27.0,78,1,14,2,15,119,2,15
1,8,27.0,78,1,12,1,7,62,4,15
1,4,9.0,18,3,11,0,10,47,1,12
1,4,10.0,79,0,14,0,2,69,0,4
1,4,21.0,339,5,19,0,5,6,2,21
1,4,21.0,339,5,3,1,7,57,4,21
1,7,2.0,160,2,21,1,10,22,0,22
1,9,17.0,255,4,1,0,8,19,3,6
1,1,17.0,63,2,13,1,4,75,1,6
1,8,4.0,299,3,22,3,7,54,4,30
1,8,27.0,78,1,21,0,13,38,0,15
1,8,28.0,224,2,8,0,8,9,3,18
1,4,10.0,79,0,10,0,8,27,1,4
1,4,11.0,121,1,17,0,0,77,1,9
1,9,26.0,267,6,19,1,6,7,4,3
1,7,1.0,98,1,3,0,8,9,0,7
1,7,10.0,329,4,1,0,8,118,4,4
1,7,24.0,68,4,7,1,6,7,0,14
1,7,27.0,53,3,17,0,16,65,0,15
1,7,27.0,53,3,15,1,9,83,1,15
1,7,27.0,53,3,9,0,4,82,1,15
1,3,9.0,44,6,0,1,13,48,0,12
1,11,16.0,225,3,20,1,12,80,1,2
1,3,23.0,57,6,20,1,6,128,1,17
1,7,21.0,81,0,11,1,7,78,4,21
1,7,22.0,211,1,8,0,8,27,1,26
1,5,15.0,200,3,5,1,9,87,4,1
1,10,31.0,135,3,22,1,14,25,4,20
1,10,4.0,356,0,9,3,1,11,0,30
1,3,26.0,343,1,1,0,0,77,3,3
1,3,9.0,44,6,19,0,10,47,2,12
1,3,10.0,4,3,14,0,16,37,1,4
1,3,18.0,165,0,6,0,15,96,0,0
1,3,19.0,138,1,18,1,2,71,2,10
1,3,27.0,361,2,13,0,10,22,0,15
1,3,26.0,343,1,6,0,0,64,3,3
1,5,2.0,307,0,11,0,9,101,4,22
1,5,2.0,307,0,22,2,0,0,0,22
1,6,2.0,352,4,23,1,14,131,1,22
1,6,2.0,352,4,11,1,11,98,4,22
1,6,11.0,355,6,13,0,13,29,1,9
1,11,18.0,332,1,14,0,3,79,1,0
1,9,21.0,362,0,2,3,8,41,0,21
1,9,21.0,362,0,13,0,0,68,0,21
1,11,1.0,222,6,17,0,11,117,0,7
1,11,1.0,222,6,20,1,9,95,4,7
1,11,10.0,360,0,22,0,8,41,4,4
1,11,15.0,331,6,23,0,14,24,3,1
1,11,15.0,331,6,16,0,8,19,0,1
1,11,15.0,331,6,21,0,12,61,1,1
1,9,15.0,226,1,15,0,4,5,3,1
1,9,15.0,226,1,11,0,10,22,1,1
1,9,16.0,107,2,18,1,11,55,4,2
1,9,27.0,179,3,2,0,13,29,1,15
1,7,8.0,94,1,21,0,7,120,0,8
1,7,8.0,94,1,13,1,2,2,2,8
1,3,1.0,180,5,12,0,9,63,1,7
1,3,17.0,54,3,13,0,13,21,2,6
1,3,17.0,54,3,15,1,7,120,4,6
1,3,24.0,357,3,15,1,2,71,4,14
1,3,24.0,357,3,16,1,11,94,0,14
1,3,25.0,347,0,19,2,9,95,3,13
1,5,8.0,199,3,4,0,11,133,0,8
1,5,8.0,199,3,15,1,15,114,4,8
1,5,11.0,326,2,1,2,2,2,3,9
1,10,27.0,302,2,19,0,13,36,0,15
1,10,27.0,302,2,19,0,13,38,3,15
1,1,1.0,203,0,21,1,6,7,0,7
1,1,1.0,203,0,11,1,8,27,1,7
1,1,2.0,171,1,11,0,5,6,3,22
1,11,19.0,321,2,12,0,14,25,2,10
1,1,2.0,171,1,2,0,0,77,3,22
1,11,3.0,288,0,13,3,11,117,0,27
1,11,3.0,288,0,12,0,7,137,1,27
1,11,19.0,321,2,6,0,8,9,3,10
1,11,19.0,321,2,0,0,5,12,0,10
1,11,19.0,321,2,16,0,4,5,3,10
0,7,30.0,42,4,18,4,12,56,3,19
0,7,31.0,43,5,1,4,14,25,3,20
0,7,31.0,43,5,14,4,2,2,3,20
0,7,31.0,43,5,1,4,14,131,4,20
0,7,31.0,43,5,23,4,2,35,3,20
0,7,31.0,43,5,2,4,2,71,4,20
0,7,31.0,43,5,9,4,8,9,0,20
0,7,31.0,43,5,22,4,15,114,4,20
0,3,9.0,44,3,17,4,9,95,3,12
0,3,9.0,44,3,14,4,10,30,3,12
0,5,13.0,184,6,5,4,1,1,1,25
0,3,9.0,44,3,1,4,14,125,4,12
0,1,8.0,62,1,6,4,8,118,3,8
0,5,12.0,327,5,8,4,0,68,3,28
0,5,12.0,327,5,2,4,1,67,3,28
0,1,8.0,62,1,13,4,14,88,4,8
0,5,13.0,184,6,2,4,9,9,3,25
0,6,24.0,31,6,4,4,6,89,3,14
0,11,18.0,332,2,17,4,8,9,3,0
0,4,24.0,27,1,19,4,6,91,3,14
0,5,13.0,184,6,19,4,6,7,0,25
0,6,24.0,31,6,13,4,6,89,3,14
0,3,6.0,303,4,1,4,10,23,3,23
0,5,8.0,199,0,18,4,6,7,3,8
0,9,28.0,315,1,14,4,16,50,4,18
1,2,6.0,251,3,23,4,3,30,3,23
0,11,18.0,332,2,1,4,0,31,3,0
0,5,18.0,195,4,13,4,1,11,3,0
0,5,18.0,195,4,18,4,6,7,0,0
0,11,18.0,332,2,5,4,9,57,3,0
0,5,18.0,195,4,14,4,6,116,4,0
0,5,18.0,195,4,18,4,16,139,4,0
0,5,18.0,195,4,12,4,16,72,3,0
0,11,19.0,321,4,5,4,6,91,3,10
0,5,27.0,328,6,6,4,15,112,4,15
0,5,27.0,328,6,18,4,8,9,4,15
0,11,27.0,322,5,4,4,8,118,3,15
0,11,27.0,322,5,19,4,13,36,4,15
0,5,27.0,328,6,1,4,2,86,3,15
0,11,27.0,322,5,9,4,16,108,3,15
0,5,29.0,24,0,18,4,0,53,3,16
0,5,29.0,24,0,20,4,5,12,3,16
0,5,29.0,24,0,11,4,1,16,0,16
0,11,27.0,322,5,13,4,9,9,3,15
0,11,27.0,322,5,14,4,0,26,3,15
0,11,28.0,123,6,19,4,6,7,3,18
1,2,24.0,22,4,9,4,1,35,4,14
1,2,24.0,22,4,12,4,9,57,3,14
1,2,24.0,22,4,0,4,9,54,4,14
1,2,24.0,22,4,19,4,7,57,1,14
1,2,24.0,22,4,11,4,12,58,3,14
1,2,24.0,22,4,9,4,1,35,4,14
1,0,5.0,122,0,0,4,11,133,3,24
1,0,5.0,122,0,13,4,8,9,3,24
1,0,5.0,122,0,7,4,7,57,0,24
1,0,5.0,122,0,14,4,8,41,0,24
1,0,5.0,122,0,3,4,9,87,4,24
1,0,6.0,260,1,6,4,6,7,0,23
1,0,6.0,260,1,7,4,13,48,3,23
1,0,6.0,260,1,21,4,3,30,3,23
1,0,7.0,15,2,14,4,13,48,0,11
1,0,7.0,15,2,17,4,13,38,3,11
1,0,8.0,9,4,20,4,9,95,3,8
1,0,8.0,9,4,22,4,6,89,3,8
1,0,8.0,9,4,23,4,8,33,3,8
1,0,9.0,48,5,9,4,6,7,3,12
1,2,29.0,140,1,12,4,5,12,3,16
1,0,3.0,334,6,2,4,8,9,3,27
1,0,3.0,334,6,23,4,9,87,3,27
1,0,3.0,334,6,12,4,1,67,3,27
1,0,3.0,334,6,1,4,14,106,4,27
1,0,3.0,334,6,11,4,6,7,2,27
1,0,3.0,334,6,18,4,15,108,3,27
1,0,3.0,334,6,17,4,6,7,3,27
1,0,3.0,334,6,4,4,14,32,3,27
1,0,3.0,334,6,10,4,6,89,4,27
1,0,3.0,334,6,13,4,9,27,3,27
1,0,3.0,334,6,11,4,3,79,1,27
1,0,3.0,334,6,17,4,2,71,4,27
1,0,3.0,334,6,12,4,8,9,3,27
1,0,4.0,229,3,10,4,0,12,3,30
1,0,4.0,229,3,13,4,10,22,3,30
1,0,4.0,229,3,8,4,12,61,3,30
1,0,4.0,229,3,8,4,6,7,3,30
1,0,4.0,229,3,22,4,8,27,3,30
1,0,10.0,129,6,4,4,1,35,0,4
1,0,10.0,129,6,17,4,14,34,3,4
1,0,10.0,129,6,18,4,6,7,4,4
1,0,9.0,48,5,9,4,8,9,1,12
1,0,9.0,48,5,18,4,16,65,4,12
1,0,14.0,5,2,18,4,6,116,4,5
1,0,14.0,5,2,8,4,8,118,3,5
1,0,14.0,5,2,18,4,8,19,3,5
1,0,15.0,190,4,2,4,16,50,4,1
1,0,15.0,190,4,5,4,2,13,0,1
1,0,15.0,190,4,15,4,14,25,3,1
1,0,15.0,190,4,13,4,1,16,3,1
1,0,17.0,12,6,23,4,9,54,2,6
1,0,17.0,12,6,13,4,13,99,3,6
1,0,17.0,12,6,6,4,9,95,4,6
1,0,17.0,12,6,19,4,5,12,3,6
1,0,17.0,12,6,14,4,13,99,3,6
1,0,24.0,55,6,17,4,6,7,0,14
1,0,24.0,55,6,13,4,16,74,3,14
1,0,25.0,281,3,17,4,6,126,3,13
1,0,25.0,281,3,5,4,9,57,3,13
1,0,25.0,281,3,1,4,6,91,4,13
1,0,25.0,281,3,18,4,2,2,3,13
1,0,25.0,281,3,4,4,8,118,3,13
1,0,25.0,281,3,18,4,0,85,3,13
0,9,15.0,226,2,19,4,0,85,3,1
0,6,24.0,31,6,12,4,0,77,3,14
0,5,13.0,184,6,14,4,2,40,4,25
0,1,8.0,62,1,17,4,9,57,3,8
0,9,15.0,226,2,10,4,16,72,3,1
0,6,24.0,31,6,2,4,16,50,3,14
0,9,28.0,315,1,19,4,16,37,3,18
0,5,8.0,199,0,9,4,8,41,3,8
0,5,8.0,199,0,9,4,6,89,4,8
0,3,6.0,303,4,1,4,9,93,3,23
0,5,13.0,184,6,9,4,0,77,3,25
1,2,6.0,251,3,23,4,9,83,3,23
0,4,24.0,27,1,2,4,2,86,0,14
0,9,15.0,226,2,13,4,13,38,0,1
0,9,28.0,315,1,17,4,8,27,3,18
1,2,14.0,231,0,23,4,12,17,3,5
0,5,15.0,200,0,8,4,2,92,1,1
0,3,6.0,303,4,9,4,11,55,4,23
0,7,12.0,181,3,9,4,6,7,3,28
1,2,15.0,130,1,4,4,11,94,3,1
0,1,8.0,62,1,12,4,6,7,3,8
0,9,15.0,226,2,5,4,9,87,4,1
0,9,28.0,315,1,1,4,1,35,3,18
0,7,23.0,202,4,7,4,2,3,3,17
0,5,15.0,200,0,17,4,13,36,3,1
0,5,15.0,200,0,12,4,3,44,3,1
0,5,15.0,200,0,14,4,2,71,3,1
0,6,25.0,39,3,23,4,6,89,3,13
0,6,25.0,39,3,18,4,12,104,4,13
0,4,10.0,79,1,3,4,9,57,3,4
0,4,10.0,79,1,13,4,13,48,3,4
0,4,10.0,79,1,19,4,11,124,3,4
0,6,25.0,39,3,2,4,0,26,3,13
0,10,15.0,60,6,20,4,9,54,4,1
0,10,15.0,60,6,14,4,0,31,3,1
0,4,16.0,25,0,8,4,2,69,0,2
0,10,15.0,60,6,1,4,12,104,4,1
0,10,15.0,60,6,5,4,14,25,0,1
0,10,26.0,61,2,14,4,2,86,3,3
0,4,16.0,25,0,17,4,8,118,4,2
0,4,16.0,25,0,14,4,7,31,1,2
0,4,18.0,26,2,0,4,6,7,0,0
0,4,18.0,26,2,22,4,13,28,3,0
0,10,26.0,61,2,23,4,8,33,4,3
0,4,18.0,26,2,13,4,15,31,3,0
0,4,18.0,26,2,2,4,9,10,3,0
0,10,26.0,61,2,22,4,5,12,3,3
0,4,18.0,26,2,3,4,9,95,0,0
0,4,18.0,26,2,22,4,6,128,0,0
0,11,1.0,222,3,17,4,1,11,0,7
0,11,1.0,222,3,13,4,8,118,3,7
0,11,1.0,222,3,17,4,1,105,0,7
0,11,1.0,222,3,2,4,16,130,4,7
0,11,1.0,222,3,16,4,1,11,3,7
0,11,1.0,222,3,8,4,1,35,4,7
0,11,2.0,265,0,2,4,5,6,3,22
0,11,2.0,265,0,2,4,6,73,3,22
0,7,18.0,154,6,1,4,15,31,3,0
0,11,2.0,265,0,19,4,2,2,3,22
0,11,2.0,265,0,14,4,0,26,1,22
0,11,2.0,265,0,19,4,14,32,3,22
0,11,2.0,265,0,12,4,0,26,3,22
0,11,3.0,288,1,19,4,2,40,3,27
0,11,3.0,288,1,17,4,2,92,3,27
0,11,3.0,288,1,10,4,6,128,3,27
0,11,4.0,275,2,8,4,12,80,3,30
0,11,4.0,275,2,18,4,2,2,3,30
0,11,4.0,275,2,5,4,11,117,3,30
0,11,20.0,340,5,1,4,13,28,4,29
0,11,20.0,340,5,20,4,16,37,4,29
0,9,1.0,126,2,11,4,6,7,3,7
0,1,23.0,69,2,1,4,4,138,4,17
0,3,8.0,148,6,19,4,1,105,3,8
0,3,8.0,148,6,18,4,6,7,0,8
0,3,8.0,148,6,22,4,12,84,3,8
0,1,23.0,69,2,18,4,13,48,0,17
0,1,23.0,69,2,11,4,8,118,3,17
0,1,23.0,69,2,14,4,15,119,3,17
0,1,23.0,69,2,2,4,5,12,3,17
0,3,8.0,148,6,4,4,12,56,4,8
0,8,7.0,70,4,17,4,16,50,3,11
0,3,16.0,263,3,3,4,8,118,3,2
0,3,16.0,263,3,4,4,3,44,3,2
0,3,16.0,263,3,1,4,15,114,4,2
0,11,22.0,250,3,5,4,3,4,0,26
0,3,16.0,263,3,1,4,8,19,3,2
0,3,16.0,263,3,4,4,0,68,4,2
0,3,16.0,263,3,21,4,5,12,4,2
0,3,22.0,166,6,15,4,9,10,3,26
0,3,22.0,166,6,14,4,14,97,4,26
0,8,10.0,71,3,5,4,13,99,3,4
0,3,22.0,166,6,18,4,9,95,4,26
0,5,15.0,200,0,4,4,12,61,4,1
0,5,15.0,200,0,9,4,8,9,3,1
0,5,15.0,200,0,9,4,6,7,3,1
0,5,17.0,212,2,1,4,9,93,3,6
0,5,17.0,212,2,9,4,1,16,4,6
0,5,17.0,212,2,17,4,6,128,4,6
0,5,17.0,212,2,2,4,12,61,0,6
0,5,17.0,212,2,16,4,0,31,3,6
0,5,17.0,212,2,19,4,8,27,3,6
0,5,25.0,350,4,1,4,12,100,4,13
0,5,25.0,350,4,5,4,10,47,3,13
0,5,25.0,350,4,5,4,7,62,3,13
0,5,25.0,350,4,4,4,14,107,3,13
0,5,25.0,350,4,2,4,10,12,3,13
0,5,25.0,350,4,4,4,7,8,3,13
0,5,25.0,350,4,1,4,4,4,4,13
0,5,25.0,350,4,19,4,15,114,3,13
0,5,25.0,350,4,20,4,9,95,3,13
0,5,31.0,196,2,12,4,0,12,3,20
0,5,31.0,196,2,17,4,2,3,3,20
0,5,31.0,196,2,22,4,13,21,0,20
0,6,6.0,83,1,9,4,0,53,3,23
0,10,26.0,61,2,1,4,6,7,3,3
0,10,26.0,61,2,14,4,14,88,3,3
0,3,17.0,54,0,4,4,9,10,3,6
1,2,15.0,130,1,0,4,16,42,4,1
0,5,13.0,184,6,12,4,9,57,3,25
0,9,28.0,315,1,1,4,6,7,3,18
0,1,8.0,62,1,3,4,8,41,3,8
0,1,8.0,62,1,9,4,15,114,3,8
0,9,15.0,226,2,17,4,6,7,3,1
0,3,17.0,54,0,2,4,2,69,4,6
0,5,28.0,259,3,1,4,8,27,3,18
0,4,24.0,27,1,3,4,9,87,3,14
0,9,28.0,315,1,9,4,8,27,3,18
1,2,15.0,130,1,18,4,8,33,0,1
0,3,17.0,54,0,14,4,16,50,3,6
0,6,11.0,355,3,2,4,13,29,3,9
0,1,8.0,62,1,5,4,14,24,3,8
0,1,8.0,62,1,7,4,6,7,3,8
0,1,8.0,62,1,8,4,13,28,0,8
0,1,17.0,63,4,9,4,9,63,4,6
0,1,17.0,63,4,18,4,13,36,4,6
0,1,17.0,63,4,6,4,1,59,4,6
0,1,17.0,63,4,9,4,9,10,4,6
0,1,17.0,63,4,1,4,9,49,1,6
0,1,17.0,63,4,4,4,11,98,3,6
0,1,17.0,63,4,17,4,1,59,4,6
0,7,26.0,316,3,18,4,7,57,4,3
0,10,21.0,341,5,17,4,6,89,3,21
0,10,21.0,341,5,17,4,11,94,4,21
0,7,26.0,316,3,6,4,14,25,4,3
0,7,26.0,316,3,4,4,4,127,4,3
0,7,26.0,316,3,9,4,1,59,4,3
0,7,26.0,316,3,9,4,9,49,3,3
0,7,26.0,316,3,20,4,12,80,3,3
0,7,26.0,316,3,4,4,6,116,4,3
0,10,22.0,314,6,0,4,11,55,1,26
0,7,26.0,316,3,8,4,7,57,3,3
0,9,17.0,255,5,18,4,13,28,4,6
0,7,27.0,53,0,20,4,12,17,3,15
0,7,27.0,53,0,17,4,8,19,0,15
0,10,22.0,314,6,17,4,4,138,4,26
0,7,27.0,53,0,20,4,9,87,3,15
0,7,27.0,53,0,12,4,14,110,3,15
0,7,27.0,53,0,12,4,5,6,3,15
0,7,27.0,53,0,5,4,12,135,3,15
1,4,26.0,80,2,4,4,0,64,3,3
0,7,29.0,268,2,18,4,12,80,4,16
1,2,9.0,21,2,18,4,10,23,1,12
1,2,9.0,21,2,14,4,16,37,3,12
0,10,28.0,216,5,13,4,13,28,0,18
0,3,22.0,166,6,1,4,2,3,4,26
0,3,22.0,166,6,18,4,7,54,4,26
0,8,10.0,71,3,13,4,3,44,3,4
0,8,10.0,71,3,9,4,11,55,4,4
0,9,6.0,51,0,17,4,13,79,3,23
0,8,10.0,71,3,14,4,3,44,3,4
0,5,1.0,109,0,14,4,8,27,3,7
0,9,6.0,51,0,22,4,16,72,0,23
0,5,1.0,109,0,4,4,2,69,3,7
0,9,6.0,51,0,23,4,9,9,3,23
0,5,1.0,109,0,1,4,13,48,0,7
0,5,1.0,109,0,7,4,6,7,3,7
0,5,1.0,109,0,9,4,6,128,3,7
0,9,7.0,271,1,9,4,3,70,0,11
0,9,7.0,271,1,4,4,15,119,3,11
0,9,7.0,271,1,14,4,9,134,4,11
0,9,7.0,271,1,14,4,5,64,3,11
0,8,16.0,73,6,8,4,13,38,2,2
0,9,7.0,271,1,19,4,8,33,3,11
0,9,7.0,271,1,2,4,5,12,3,11
0,9,7.0,271,1,13,4,8,9,3,11
0,9,7.0,271,1,19,4,6,128,3,11
0,6,6.0,83,1,18,4,10,22,3,23
0,6,17.0,244,6,6,4,15,112,4,6
0,6,17.0,244,6,18,4,8,41,4,6
0,6,17.0,244,6,16,4,1,67,4,6
0,6,17.0,244,6,19,4,9,95,3,6
0,6,18.0,308,3,14,4,1,105,4,0
0,6,18.0,308,3,16,4,1,105,4,0
0,6,18.0,308,3,18,4,12,135,4,0
0,6,18.0,308,3,18,4,9,83,4,0
0,6,23.0,84,5,1,4,8,9,3,17
0,6,23.0,84,5,1,4,9,58,4,17
0,6,23.0,84,5,18,4,6,89,4,17
0,6,23.0,84,5,14,4,14,25,3,17
0,6,26.0,348,0,9,4,11,133,4,3
0,6,26.0,348,0,2,4,9,10,4,3
0,6,26.0,348,0,13,4,1,35,3,3
0,6,26.0,348,0,17,4,16,108,3,3
0,6,26.0,348,0,5,4,7,120,3,3
0,6,26.0,348,0,18,4,0,64,3,3
0,6,26.0,348,0,5,4,8,9,3,3
0,6,26.0,348,0,16,4,1,81,4,3
0,9,1.0,126,2,1,4,8,118,3,7
0,9,1.0,126,2,17,4,8,27,3,7
0,9,1.0,126,2,3,4,13,29,3,7
0,9,1.0,126,2,12,4,8,118,3,7
0,9,4.0,295,6,2,4,6,7,0,30
0,9,4.0,295,6,18,4,16,72,4,30
0,9,4.0,295,6,15,4,12,17,3,30
0,9,26.0,267,3,23,4,6,91,4,3
0,9,26.0,267,3,9,4,0,68,3,3
0,9,26.0,267,3,21,4,6,7,0,3
0,9,26.0,267,3,10,4,2,123,3,3
0,9,28.0,315,1,22,4,0,53,3,18
0,9,28.0,315,1,23,4,9,9,3,18
1,2,15.0,130,1,14,4,9,93,3,1
0,7,23.0,202,4,19,4,11,98,3,17
0,3,17.0,54,0,12,4,14,126,3,6
1,2,15.0,130,1,1,4,16,50,3,1
0,7,12.0,181,3,17,4,9,93,3,28
0,6,11.0,355,3,13,4,9,49,3,9
0,7,23.0,202,4,20,4,14,88,4,17
0,9,28.0,315,1,10,4,16,39,3,18
0,3,24.0,357,0,17,4,12,80,4,14
1,4,15.0,132,6,23,4,7,129,4,1
0,3,10.0,4,0,11,4,10,22,3,4
0,9,25.0,344,6,6,4,1,84,0,13
0,9,17.0,255,5,19,4,7,129,3,6
0,7,23.0,202,4,2,4,13,36,4,17
0,9,28.0,315,1,5,4,0,0,3,18
0,3,24.0,357,0,10,4,6,73,4,14
1,4,13.0,221,4,9,4,2,86,3,25
0,3,10.0,4,0,1,4,6,7,3,4
0,9,25.0,344,6,14,4,0,0,3,13
0,9,23.0,167,4,14,4,2,92,3,17
0,7,23.0,202,4,9,4,1,35,4,17
0,10,17.0,256,0,12,4,8,41,3,6
0,7,23.0,202,4,17,4,16,42,4,17
0,7,23.0,202,4,4,4,11,124,3,17
0,7,23.0,202,4,11,4,6,128,2,17
0,10,17.0,256,0,16,4,3,76,3,6
0,7,24.0,68,5,18,4,14,32,4,14
0,10,24.0,261,0,9,4,4,136,3,14
0,7,24.0,68,5,8,4,6,7,3,14
0,10,24.0,261,0,22,4,1,1,3,14
0,10,24.0,261,0,1,4,9,87,3,14
0,10,24.0,261,0,22,4,16,72,3,14
1,0,31.0,290,6,1,4,14,32,3,20
1,0,31.0,290,6,14,4,0,26,3,20
1,0,31.0,290,6,23,4,7,111,1,20
0,11,13.0,312,5,10,4,12,80,3,25
0,11,13.0,312,5,11,4,6,7,3,25
0,11,13.0,312,5,4,4,0,68,3,25
0,11,15.0,331,3,9,4,6,7,0,1
0,11,15.0,331,3,1,4,6,7,3,1
0,11,15.0,331,3,10,4,14,25,4,1
0,11,15.0,331,3,16,4,8,19,4,1
0,11,15.0,331,3,4,4,2,86,4,1
0,11,15.0,331,3,23,4,6,116,4,1
0,11,15.0,331,3,20,4,2,86,3,1
0,11,15.0,331,3,4,4,15,39,0,1
0,11,15.0,331,3,20,4,16,139,3,1
0,11,15.0,331,3,23,4,6,116,4,1
0,11,15.0,331,3,23,4,14,25,3,1
0,11,15.0,331,3,4,4,3,44,3,1
0,11,16.0,225,0,4,4,5,12,3,2
0,11,16.0,225,0,18,4,12,100,4,2
0,3,9.0,44,3,0,4,10,22,3,12
0,3,9.0,44,3,15,4,9,57,3,12
0,1,25.0,65,5,19,4,7,20,3,13
0,3,9.0,44,3,14,4,13,48,3,12
0,8,1.0,66,5,23,4,14,25,4,7
0,3,14.0,33,5,18,4,3,30,4,5
0,3,14.0,33,5,12,4,12,61,4,5
0,3,23.0,57,3,10,4,8,118,3,17
0,3,23.0,57,3,1,4,16,130,4,17
0,3,23.0,57,3,18,4,12,84,3,17
0,5,14.0,36,3,12,4,1,1,3,5
0,5,14.0,36,3,13,4,16,113,0,5
0,8,9.0,124,6,1,4,11,98,4,12
0,5,14.0,36,3,5,4,0,64,3,5
0,8,9.0,124,6,14,4,9,93,3,12
0,5,14.0,36,3,20,4,6,128,3,5
0,5,24.0,58,2,6,4,0,68,3,14
0,5,24.0,58,2,14,4,14,32,4,14
0,5,24.0,58,2,11,4,4,121,0,14
0,5,24.0,58,2,16,4,8,33,4,14
0,5,24.0,58,2,17,4,16,108,3,14
0,5,24.0,58,2,19,4,6,89,3,14
1,0,10.0,129,6,13,4,9,27,3,4
1,0,11.0,10,3,1,4,8,33,4,9
1,0,11.0,10,3,3,4,9,93,3,9
1,0,11.0,10,3,20,4,12,121,3,9
1,0,11.0,10,3,19,4,14,88,4,9
1,0,11.0,10,3,2,4,14,24,0,9
1,0,11.0,10,3,12,4,16,50,3,9
1,0,11.0,10,3,20,4,9,49,3,9
1,0,13.0,198,1,1,4,16,50,3,25
1,0,13.0,198,1,19,4,9,27,3,25
1,0,13.0,198,1,5,4,0,53,3,25
1,0,13.0,198,1,19,4,6,89,3,25
1,0,13.0,198,1,11,4,7,111,3,25
1,0,13.0,198,1,5,4,5,12,3,25
1,0,13.0,198,1,9,4,16,139,4,25
1,0,13.0,198,1,19,4,13,38,0,25
1,0,13.0,198,1,11,4,1,16,0,25
1,0,13.0,198,1,18,4,0,53,3,25
1,0,18.0,0,3,9,4,9,95,3,0
1,0,18.0,0,3,19,4,14,126,3,0
1,0,18.0,0,3,9,4,9,54,4,0
0,11,16.0,225,0,18,4,16,37,3,2
0,11,16.0,225,0,4,4,8,19,3,2
0,11,16.0,225,0,4,4,6,7,3,2
0,11,30.0,170,0,9,4,2,2,4,19
0,11,30.0,170,0,1,4,0,26,3,19
0,11,30.0,170,0,4,4,10,22,3,19
0,11,30.0,170,0,13,4,1,11,3,19
0,9,15.0,226,2,6,4,6,116,3,1
0,9,15.0,226,2,16,4,1,1,4,1
0,9,15.0,226,2,12,4,8,41,3,1
0,3,24.0,357,0,14,4,14,107,3,14
1,4,22.0,152,6,1,4,6,7,3,26
0,9,25.0,344,6,20,4,1,11,3,13
0,9,28.0,315,1,8,4,1,59,3,18
0,3,10.0,4,0,1,4,6,7,3,4
0,3,24.0,357,0,17,4,9,54,2,14
0,9,23.0,167,4,5,4,9,49,0,17
0,3,10.0,4,0,11,4,16,37,3,4
1,2,15.0,130,1,12,4,4,121,0,1
0,9,25.0,344,6,13,4,6,7,0,13
0,1,17.0,63,4,13,4,13,48,3,6
0,3,24.0,357,0,8,4,9,109,4,14
0,9,25.0,344,6,12,4,1,67,4,13
0,3,10.0,4,0,20,4,15,114,2,4
1,2,15.0,130,1,2,4,9,57,3,1
0,7,7.0,293,1,22,4,14,24,0,11
0,4,26.0,80,4,1,4,14,106,4,3
0,3,24.0,357,0,14,4,1,1,3,14
0,9,25.0,344,6,23,4,14,32,4,13
0,3,10.0,4,0,20,4,13,48,3,4
1,2,15.0,130,1,4,4,2,69,3,1
1,2,15.0,130,1,1,4,2,92,3,1
1,2,15.0,130,1,8,4,2,2,3,1
1,2,15.0,130,1,21,4,2,86,1,1
1,2,15.0,130,1,15,4,10,22,3,1
1,2,15.0,130,1,14,4,16,74,3,1
1,2,15.0,130,1,17,4,8,27,3,1
1,2,17.0,6,4,20,4,0,77,3,6
0,6,9.0,236,5,10,4,6,14,4,12
0,6,9.0,236,5,2,4,8,27,4,12
0,6,9.0,236,5,9,4,6,116,4,12
0,6,9.0,236,5,13,4,11,117,3,12
0,6,9.0,236,5,18,4,9,102,4,12
0,6,9.0,236,5,9,4,14,25,0,12
0,6,9.0,236,5,10,4,10,22,3,12
0,6,9.0,236,5,1,4,5,64,3,12
0,7,15.0,205,2,17,4,8,27,3,1
0,6,15.0,49,4,4,4,8,9,3,1
0,6,15.0,49,4,2,4,14,106,4,1
0,6,15.0,49,4,20,4,9,95,3,1
0,7,15.0,205,2,19,4,6,7,3,1
0,6,15.0,49,4,12,4,11,98,3,1
0,6,15.0,49,4,1,4,1,67,4,1
0,6,15.0,49,4,18,4,10,22,3,1
0,7,15.0,205,2,5,4,3,103,3,1
0,6,15.0,49,4,9,4,6,73,1,1
0,6,15.0,49,4,14,4,8,27,4,1
0,7,15.0,205,2,1,4,14,34,3,1
0,6,15.0,49,4,9,4,11,94,3,1
0,7,23.0,202,4,17,4,9,49,4,17
0,6,15.0,49,4,9,4,6,116,3,1
1,0,16.0,11,5,9,4,13,48,4,2
1,0,16.0,11,5,18,4,11,117,3,2
1,0,16.0,11,5,5,4,6,7,3,2
1,0,16.0,11,5,19,4,9,57,0,2
0,9,22.0,92,2,8,4,4,4,4,26
0,1,8.0,62,1,19,4,15,85,3,8
1,0,16.0,11,5,14,4,9,49,3,2
1,0,16.0,11,5,9,4,16,72,3,2
1,0,16.0,11,5,2,4,0,96,3,2
0,7,6.0,93,0,4,4,8,9,3,23
0,7,6.0,93,0,18,4,16,50,3,23
0,7,6.0,93,0,18,4,8,9,4,23
0,7,6.0,93,0,5,4,1,67,2,23
0,7,6.0,93,0,18,4,6,89,3,23
0,7,8.0,94,2,21,4,12,61,3,8
0,7,16.0,40,4,12,4,6,89,3,2
0,7,16.0,40,4,4,4,14,32,3,2
0,7,17.0,95,5,18,4,1,1,4,6
0,7,17.0,95,5,10,4,12,80,0,6
0,7,17.0,95,5,1,4,6,132,3,6
1,2,17.0,6,4,20,4,8,19,3,6
1,2,17.0,6,4,14,4,0,77,3,6
1,2,17.0,6,4,20,4,16,72,1,6
1,2,17.0,6,4,18,4,1,35,4,6
1,2,17.0,6,4,19,4,15,108,3,6
1,2,17.0,6,4,0,4,7,78,3,6
1,2,23.0,230,2,17,4,4,75,3,17
1,2,23.0,230,2,12,4,14,24,3,17
1,2,23.0,230,2,4,4,1,1,4,17
1,2,23.0,230,2,16,4,16,130,3,17
1,2,23.0,230,2,22,4,9,87,3,17
1,2,23.0,230,2,18,4,13,29,3,17
1,2,23.0,230,2,6,4,16,130,3,17
1,2,23.0,230,2,12,4,9,93,3,17
1,2,23.0,230,2,17,4,15,85,3,17
1,2,23.0,230,2,14,4,14,88,4,17
1,2,24.0,22,4,14,4,10,47,3,14
0,1,18.0,82,5,23,4,6,7,3,0
0,1,18.0,82,5,3,4,8,118,3,0
0,7,17.0,95,5,21,4,14,25,3,6
0,1,18.0,82,5,16,4,14,106,3,0
0,1,18.0,82,5,9,4,11,98,4,0
0,7,17.0,95,5,17,4,6,7,3,6
0,7,17.0,95,5,1,4,7,111,4,6
0,7,17.0,95,5,4,4,16,42,3,6
0,7,25.0,41,6,19,4,15,39,1,13
0,7,25.0,41,6,9,4,1,105,4,13
0,7,25.0,41,6,13,4,14,110,3,13
0,7,25.0,41,6,20,4,9,58,3,13
0,1,17.0,63,4,13,4,1,105,0,6
0,3,24.0,357,0,13,4,16,130,0,14
0,9,25.0,344,6,3,4,8,9,3,13
0,3,10.0,4,0,8,4,8,27,3,4
0,7,7.0,293,1,20,4,16,130,3,11
0,1,17.0,63,4,7,4,14,106,3,6
1,0,18.0,0,3,23,4,11,98,4,0
0,3,24.0,357,0,17,4,6,91,4,14
0,3,10.0,4,0,17,4,11,55,4,4
0,1,18.0,82,5,19,4,15,31,3,0
0,7,7.0,293,1,22,4,6,7,0,11
1,0,18.0,0,3,9,4,9,87,4,0
0,3,24.0,357,0,4,4,6,91,4,14
0,3,10.0,4,0,12,4,13,48,3,4
0,1,18.0,82,5,8,4,6,7,0,0
0,7,14.0,125,1,18,4,1,16,4,5
1,0,18.0,0,3,12,4,0,12,3,0
0,3,25.0,347,1,6,4,16,50,4,13
0,3,10.0,4,0,6,4,9,9,3,4
0,1,18.0,82,5,19,4,5,12,3,0
0,7,14.0,125,1,15,4,3,103,3,5
1,0,18.0,0,3,4,4,12,80,3,0
1,0,21.0,287,2,9,4,4,4,4,21
1,0,21.0,287,2,17,4,6,89,2,21
1,0,21.0,287,2,13,4,3,115,3,21
1,0,21.0,287,2,9,4,0,53,3,21
1,0,21.0,287,2,5,4,15,108,2,21
1,0,30.0,228,5,20,4,12,100,3,19
1,0,30.0,228,5,17,4,0,26,3,19
1,0,30.0,228,5,4,4,9,9,4,19
1,0,30.0,228,5,1,4,8,27,0,19
1,0,30.0,228,5,2,4,6,7,3,19
1,0,30.0,228,5,10,4,16,37,4,19
1,0,30.0,228,5,17,4,6,7,3,19
1,0,30.0,228,5,22,4,4,75,3,19
1,0,30.0,228,5,13,4,13,13,4,19
1,0,30.0,228,5,14,4,13,48,3,19
1,0,30.0,228,5,10,4,14,126,4,19
1,0,30.0,228,5,9,4,9,101,4,19
1,0,30.0,228,5,4,4,8,27,3,19
1,0,30.0,228,5,4,4,15,119,4,19
0,7,1.0,98,2,18,4,7,111,3,7
0,10,12.0,333,2,2,4,0,12,3,28
0,10,14.0,174,5,3,4,9,63,3,5
0,10,14.0,174,5,1,4,8,9,4,5
0,10,14.0,174,5,2,4,16,74,3,5
0,10,14.0,174,5,1,4,15,114,3,5
0,7,3.0,269,5,11,4,15,39,3,27
0,10,14.0,174,5,9,4,9,54,4,5
0,10,14.0,174,5,20,4,4,5,3,5
0,10,14.0,174,5,2,4,6,132,3,5
0,10,14.0,174,5,19,4,14,25,3,5
0,7,3.0,269,5,4,4,9,63,3,27
0,7,3.0,269,5,12,4,8,41,4,27
0,7,3.0,269,5,14,4,8,27,4,27
0,10,20.0,223,4,16,4,0,31,3,29
0,7,3.0,269,5,6,4,7,62,3,27
0,7,3.0,269,5,23,4,7,111,3,27
0,7,3.0,269,5,23,4,1,105,4,27
0,7,10.0,329,5,22,4,14,25,3,4
0,7,21.0,81,1,19,4,3,79,3,21
0,7,21.0,81,1,13,4,8,9,3,21
0,7,21.0,81,1,18,4,16,37,4,21
0,1,10.0,17,4,14,4,12,17,3,4
0,3,8.0,148,6,3,4,6,128,3,8
0,1,15.0,1,1,19,4,1,35,3,1
0,1,15.0,1,1,22,4,16,108,3,1
0,1,15.0,1,1,3,4,2,69,3,1
0,3,8.0,148,6,14,4,3,115,3,8
0,1,15.0,1,1,9,4,10,6,3,1
0,1,15.0,1,1,13,4,14,24,3,1
0,1,15.0,1,1,17,4,2,92,3,1
0,1,15.0,1,1,18,4,13,99,4,1
0,1,16.0,2,2,21,4,2,86,1,2
0,3,8.0,148,6,12,4,14,25,0,8
0,3,8.0,148,6,16,4,12,104,4,8
0,1,16.0,2,2,13,4,6,7,0,2
0,1,16.0,2,2,5,4,14,32,3,2
0,1,16.0,2,2,17,4,8,33,3,2
0,1,16.0,2,2,14,4,12,84,4,2
0,3,8.0,148,6,19,4,6,132,3,8
0,1,16.0,2,2,18,4,6,7,4,2
0,1,16.0,2,2,18,4,6,116,3,2
0,1,16.0,2,2,1,4,16,72,3,2
0,3,25.0,347,1,21,4,13,48,3,13
0,3,26.0,343,2,6,4,1,81,4,3
0,3,26.0,343,2,6,4,3,44,4,3
0,3,26.0,343,2,1,4,16,108,4,3
0,3,26.0,343,2,16,4,8,33,3,3
0,5,7.0,349,3,8,4,15,51,3,11
0,5,7.0,349,3,12,4,6,128,4,11
0,5,7.0,349,3,5,4,10,23,3,11
0,5,7.0,349,3,4,4,6,116,4,11
0,5,7.0,349,3,23,4,12,84,3,11
0,5,7.0,349,3,23,4,6,7,3,11
0,5,8.0,199,0,18,4,4,127,3,8
0,5,8.0,199,0,18,4,1,35,4,8
0,5,8.0,199,0,15,4,14,25,3,8
0,5,8.0,199,0,9,4,7,54,4,8
1,0,18.0,0,3,2,4,4,45,4,0
0,7,14.0,125,1,6,4,9,101,4,5
0,3,10.0,4,0,18,4,15,39,3,4
0,1,18.0,82,5,20,4,6,132,4,0
0,7,14.0,125,1,9,4,16,139,4,5
1,0,18.0,0,3,19,4,16,72,3,0
0,7,14.0,125,1,12,4,12,83,3,5
0,11,18.0,332,2,11,4,1,11,4,0
0,1,24.0,64,4,15,4,6,7,0,14
0,11,18.0,332,2,13,4,14,25,3,0
1,0,18.0,0,3,17,4,6,7,0,0
0,7,22.0,211,2,9,4,6,128,4,26
0,1,24.0,64,4,17,4,8,9,4,14
0,3,19.0,138,2,16,4,0,68,3,10
1,0,18.0,0,3,18,4,9,54,4,0
0,7,22.0,211,2,19,4,8,9,3,26
0,2,10.0,28,5,7,4,5,6,0,4
0,11,18.0,332,2,3,4,16,37,3,0
1,0,19.0,13,0,16,4,7,57,3,10
0,7,22.0,211,2,17,4,0,77,3,26
0,1,24.0,64,4,3,4,16,72,3,14
0,11,18.0,332,2,9,4,4,66,4,0
1,0,19.0,13,0,21,4,13,21,4,10
0,7,22.0,211,2,5,4,8,9,3,26
0,1,24.0,64,4,23,4,9,102,4,14
0,1,24.0,64,4,19,4,8,9,3,14
0,1,25.0,65,5,14,4,7,31,3,13
0,7,25.0,41,6,15,4,14,125,4,13
0,1,25.0,65,5,3,4,13,28,0,13
0,1,25.0,65,5,17,4,6,128,3,13
0,1,25.0,65,5,12,4,7,20,3,13
0,1,25.0,65,5,23,4,5,12,1,13
0,9,7.0,271,1,12,4,6,7,3,11
0,9,7.0,271,1,8,4,8,41,3,11
0,8,16.0,73,6,14,4,9,109,3,2
0,8,17.0,74,3,20,4,0,85,3,6
0,9,24.0,272,5,9,4,6,128,3,14
0,9,24.0,272,5,7,4,0,77,3,14
0,8,17.0,74,3,16,4,14,131,3,6
0,8,17.0,74,3,22,4,1,105,0,6
0,8,17.0,74,3,19,4,1,11,3,6
0,8,17.0,74,3,4,4,16,37,3,6
0,9,24.0,272,5,17,4,16,50,3,14
0,5,6.0,277,6,2,4,6,7,3,23
0,8,17.0,74,3,1,4,7,137,4,6
0,8,17.0,74,3,2,4,6,128,3,6
0,8,17.0,74,3,4,4,15,108,3,6
0,5,9.0,206,1,19,4,13,48,3,12
0,5,9.0,206,1,9,4,14,88,4,12
0,5,9.0,206,1,12,4,14,110,3,12
0,5,9.0,206,1,17,4,8,65,4,12
0,8,18.0,75,0,14,4,6,89,3,0
0,8,18.0,75,0,18,4,13,48,3,0
1,2,9.0,21,2,14,4,1,59,4,12
0,10,28.0,216,5,6,4,16,65,4,18
0,10,29.0,318,6,9,4,6,89,3,16
0,10,29.0,318,6,8,4,11,55,4,16
0,10,29.0,318,6,18,4,14,126,4,16
0,10,29.0,318,6,18,4,9,27,3,16
0,10,29.0,318,6,19,4,13,28,0,16
0,10,29.0,318,6,12,4,8,118,3,16
1,2,9.0,21,2,13,4,0,53,3,12
0,10,29.0,318,6,4,4,1,59,3,16
0,10,29.0,318,6,20,4,1,67,4,16
0,10,29.0,318,6,12,4,1,67,3,16
0,3,1.0,180,6,14,4,6,89,3,7
0,10,29.0,318,6,9,4,12,80,3,16
0,1,5.0,219,6,9,4,11,117,3,24
0,1,5.0,219,6,9,4,9,101,4,24
1,2,9.0,21,2,1,4,9,87,4,12
1,2,9.0,21,2,18,4,10,47,3,12
1,2,9.0,21,2,14,4,1,35,4,12
1,2,9.0,21,2,9,4,14,32,4,12
1,2,9.0,21,2,1,4,1,81,4,12
0,6,6.0,83,1,4,4,12,56,4,23
0,6,6.0,83,1,5,4,3,76,3,23
0,6,6.0,83,1,9,4,2,69,3,23
0,6,6.0,83,1,10,4,10,47,0,23
0,10,1.0,208,6,4,4,5,47,3,7
0,10,1.0,208,6,5,4,9,95,3,7
0,10,1.0,208,6,2,4,15,112,3,7
0,10,1.0,208,6,18,4,14,32,4,7
0,10,1.0,208,6,4,4,14,125,4,7
0,6,6.0,83,1,7,4,7,57,4,23
0,5,31.0,196,2,13,4,8,9,1,20
0,5,31.0,196,2,22,4,4,5,3,20
0,5,31.0,196,2,17,4,3,44,4,20
0,10,6.0,242,4,19,4,13,28,0,23
0,5,31.0,196,2,19,4,13,38,3,20
0,5,31.0,196,2,14,4,8,118,3,20
0,5,17.0,212,2,4,4,14,107,3,6
0,5,17.0,212,2,14,4,10,22,3,6
0,10,6.0,242,4,9,4,1,11,3,23
0,10,6.0,242,4,5,4,8,9,0,23
0,10,6.0,242,4,20,4,16,72,0,23
0,5,17.0,212,2,14,4,6,7,3,6
0,9,28.0,315,1,4,4,8,118,4,18
0,7,20.0,266,0,2,4,3,44,4,29
1,0,19.0,13,0,1,4,0,26,3,10
0,7,22.0,211,2,17,4,6,14,4,26
0,3,29.0,325,6,9,4,14,88,4,16
0,7,22.0,211,2,5,4,8,9,3,26
1,0,19.0,13,0,12,4,13,48,3,10
0,7,22.0,211,2,1,4,16,72,3,26
0,11,18.0,332,2,21,4,8,19,0,0
1,0,19.0,13,0,16,4,6,116,3,10
0,3,6.0,303,4,22,4,6,132,3,23
0,3,6.0,303,4,17,4,6,7,3,23
0,3,6.0,303,4,13,4,1,105,0,23
0,3,6.0,303,4,22,4,15,46,3,23
0,1,7.0,32,0,11,4,6,7,3,11
0,1,7.0,32,0,12,4,1,16,4,11
0,1,9.0,50,2,9,4,8,27,3,12
0,1,9.0,50,2,9,4,14,106,3,12
0,1,9.0,50,2,12,4,14,25,0,12
0,3,8.0,148,6,19,4,14,106,4,8
0,1,9.0,50,2,15,4,9,9,2,12
0,1,9.0,50,2,18,4,6,7,0,12
0,1,9.0,50,2,18,4,5,12,2,12
0,1,9.0,50,2,17,4,5,12,3,12
0,1,9.0,50,2,13,4,14,24,3,12
0,1,9.0,50,2,8,4,6,7,3,12
0,1,9.0,50,2,17,4,0,53,3,12
0,1,9.0,50,2,9,4,8,118,4,12
0,1,10.0,17,4,16,4,16,65,4,4
0,1,10.0,17,4,14,4,12,135,4,4
0,1,10.0,17,4,1,4,11,55,4,4
0,1,10.0,17,4,8,4,6,7,0,4
0,5,24.0,58,2,1,4,12,61,2,14
0,5,26.0,37,5,17,4,7,8,3,3
0,5,26.0,37,5,16,4,0,26,0,3
0,5,26.0,37,5,12,4,13,13,3,3
0,6,8.0,59,4,9,4,9,134,4,8
0,6,8.0,59,4,9,4,4,75,3,8
0,6,8.0,59,4,5,4,3,30,3,8
0,6,8.0,59,4,0,4,13,69,3,8
0,6,8.0,59,4,9,4,14,97,1,8
0,6,8.0,59,4,7,4,6,89,2,8
0,6,16.0,38,5,18,4,9,10,4,2
0,6,16.0,38,5,22,4,12,80,4,2
0,4,7.0,133,6,10,4,6,73,3,11
0,4,7.0,133,6,4,4,9,101,4,11
0,6,16.0,38,5,20,4,11,98,3,2
0,4,10.0,79,1,9,4,9,57,3,4
0,6,25.0,39,3,9,4,12,56,4,13
0,6,25.0,39,3,19,4,7,57,0,13
0,6,25.0,39,3,2,4,13,69,3,13
0,6,25.0,39,3,17,4,6,89,4,13
0,6,25.0,39,3,1,4,12,56,4,13
0,4,10.0,79,1,22,4,9,57,0,4
0,9,9.0,320,4,15,4,13,48,0,12
0,6,29.0,335,4,21,4,9,93,4,16
0,6,29.0,335,4,19,4,14,106,3,16
0,6,29.0,335,4,1,4,14,106,4,16
0,6,29.0,335,4,14,4,14,126,4,16
0,9,11.0,52,6,0,4,7,120,4,9
0,9,11.0,52,6,9,4,5,12,3,9
0,9,11.0,52,6,17,4,9,101,1,9
0,7,1.0,98,2,10,4,10,43,0,7
0,7,1.0,98,2,9,4,14,131,3,7
0,7,1.0,98,2,18,4,6,7,4,7
0,7,1.0,98,2,12,4,13,28,0,7
0,7,1.0,98,2,9,4,0,68,4,7
0,7,1.0,98,2,19,4,9,63,4,7
0,10,12.0,333,2,21,4,10,47,3,28
0,7,1.0,98,2,5,4,14,97,3,7
0,7,1.0,98,2,17,4,14,25,0,7
0,7,1.0,98,2,7,4,6,91,1,7
0,10,12.0,333,2,9,4,4,138,4,28
0,10,12.0,333,2,4,4,14,25,3,28
0,10,12.0,333,2,1,4,3,44,4,28
0,3,6.0,303,4,14,4,16,37,3,23
0,3,6.0,303,4,4,4,11,98,3,23
0,3,6.0,303,4,3,4,14,24,3,23
0,3,6.0,303,4,18,4,14,131,3,23
0,3,6.0,303,4,14,4,14,131,3,23
0,3,6.0,303,4,18,4,15,119,3,23
1,0,19.0,13,0,22,4,6,7,3,10
0,3,29.0,325,6,16,4,9,109,3,16
1,0,19.0,13,0,8,4,12,61,3,10
1,0,19.0,13,0,13,4,6,7,0,10
0,3,29.0,325,6,23,4,1,16,3,16
1,0,19.0,13,0,6,4,11,98,4,10
0,3,29.0,325,6,2,4,8,27,3,16
1,0,19.0,13,0,12,4,6,128,3,10
1,0,19.0,13,0,23,4,13,29,3,10
1,0,21.0,287,2,8,4,2,69,3,21
1,0,21.0,287,2,5,4,6,91,1,21
1,0,21.0,287,2,14,4,6,89,3,21
0,11,28.0,123,6,5,4,8,118,0,18
0,11,28.0,123,6,9,4,14,24,4,18
0,11,29.0,270,3,18,4,6,7,3,16
0,11,29.0,270,3,9,4,2,40,3,16
0,9,2.0,323,4,17,4,12,61,4,22
0,9,2.0,323,4,13,4,8,118,3,22
0,9,2.0,323,4,9,4,12,83,3,22
0,6,13.0,317,1,19,4,15,39,3,25
0,6,14.0,173,2,14,4,14,106,4,5
0,6,14.0,173,2,0,4,10,47,3,5
0,6,14.0,173,2,2,4,14,34,3,5
0,6,14.0,173,2,12,4,10,22,1,5
0,9,2.0,323,4,2,4,9,101,4,22
0,6,14.0,173,2,4,4,9,102,4,5
0,6,14.0,173,2,6,4,8,33,4,5
0,6,14.0,173,2,14,4,3,79,3,5
0,6,14.0,173,2,18,4,12,80,4,5
0,6,14.0,173,2,18,4,9,134,4,5
0,9,2.0,323,4,13,4,6,7,3,22
0,9,2.0,323,4,9,4,8,118,1,22
0,6,28.0,309,2,1,4,16,65,4,18
0,9,9.0,320,4,1,4,13,21,0,12
0,6,29.0,335,4,19,4,14,25,0,16
0,7,24.0,68,5,20,4,12,100,3,14
0,7,24.0,68,5,10,4,9,9,3,14
0,10,24.0,261,0,1,4,9,83,3,14
0,7,24.0,68,5,5,4,9,49,3,14
0,7,24.0,68,5,14,4,1,16,3,14
0,3,7.0,289,5,12,4,4,79,3,11
0,3,7.0,289,5,12,4,10,52,3,11
0,1,1.0,203,1,19,4,15,39,3,7
0,3,7.0,289,5,17,4,2,92,3,11
0,3,7.0,289,5,2,4,8,27,3,11
0,3,7.0,289,5,20,4,14,25,3,11
0,3,7.0,289,5,18,4,15,31,3,11
0,1,7.0,32,0,22,4,16,139,3,11
0,3,7.0,289,5,13,4,14,25,3,11
0,1,7.0,32,0,1,4,8,118,3,11
0,3,7.0,289,5,1,4,6,7,3,11
0,1,7.0,32,0,0,4,9,27,2,11
0,3,7.0,289,5,1,4,9,87,4,11
0,3,7.0,289,5,17,4,6,7,3,11
0,3,8.0,148,6,1,4,9,57,4,8
0,3,8.0,148,6,22,4,6,128,3,8
0,3,8.0,148,6,14,4,14,34,3,8
0,3,8.0,148,6,0,4,16,72,3,8
0,5,28.0,259,3,11,4,2,35,3,18
0,5,28.0,259,3,6,4,8,27,4,18
0,5,28.0,259,3,8,4,13,48,3,18
0,7,12.0,181,3,1,4,6,89,4,28
0,5,28.0,259,3,14,4,11,133,4,18
0,6,4.0,159,3,17,4,16,39,3,30
0,7,12.0,181,3,11,4,9,49,3,28
0,6,4.0,159,3,15,4,0,77,3,30
0,7,13.0,238,0,15,4,4,75,3,25
0,7,13.0,238,0,7,4,6,73,1,25
0,7,13.0,238,0,9,4,12,104,4,25
0,6,4.0,159,3,23,4,6,7,3,30
0,7,13.0,238,0,20,4,13,48,3,25
0,7,13.0,238,0,4,4,6,7,3,25
0,7,18.0,154,6,9,4,13,38,3,0
0,6,4.0,159,3,18,4,9,101,4,30
0,6,4.0,159,3,1,4,15,119,3,30
0,7,18.0,154,6,4,4,16,37,3,0
0,6,4.0,159,3,19,4,13,38,4,30
0,3,29.0,325,6,4,4,3,44,3,16
0,5,23.0,168,1,11,4,14,25,3,17
0,5,23.0,168,1,14,4,4,5,3,17
0,7,5.0,204,3,9,4,6,128,4,24
0,7,9.0,273,4,21,4,6,7,3,12
0,7,9.0,273,4,11,4,10,22,3,12
0,7,9.0,273,4,16,4,9,102,4,12
0,7,9.0,273,4,14,4,13,48,3,12
0,7,9.0,273,4,23,4,6,91,4,12
0,7,9.0,273,4,16,4,8,65,4,12
0,7,9.0,273,4,9,4,1,11,4,12
0,7,9.0,273,4,3,4,10,47,3,12
0,7,9.0,273,4,9,4,8,9,3,12
0,6,7.0,169,2,3,4,6,7,3,11
0,7,15.0,205,2,14,4,6,7,0,1
0,6,7.0,169,2,19,4,2,69,3,11
0,6,7.0,169,2,19,4,1,35,3,11
0,6,7.0,169,2,19,4,6,89,3,11
0,7,15.0,205,2,17,4,12,104,0,1
0,6,7.0,169,2,9,4,6,89,3,11
0,6,9.0,236,5,17,4,1,81,4,12
1,2,3.0,282,4,19,4,9,63,4,27
1,2,3.0,282,4,9,4,9,95,3,27
1,2,3.0,282,4,18,4,7,57,4,27
1,2,3.0,282,4,4,4,10,47,3,27
1,2,3.0,282,4,9,4,2,40,4,27
1,2,3.0,282,4,17,4,6,7,3,27
1,2,3.0,282,4,12,4,16,37,4,27
1,2,3.0,282,4,14,4,13,28,3,27
1,2,3.0,282,4,8,4,13,99,4,27
1,2,3.0,282,4,1,4,6,7,3,27
1,2,3.0,282,4,8,4,3,115,3,27
1,2,3.0,282,4,23,4,3,76,3,27
1,2,3.0,282,4,19,4,6,91,4,27
1,2,3.0,282,4,19,4,2,71,4,27
1,2,3.0,282,4,13,4,15,39,3,27
1,2,3.0,282,4,1,4,14,88,4,27
1,2,29.0,140,1,7,4,6,91,4,16
1,2,29.0,140,1,9,4,2,69,3,16
1,2,29.0,140,1,1,4,6,7,3,16
1,2,29.0,140,1,17,4,16,50,4,16
0,5,5.0,96,5,9,4,6,89,3,24
0,5,5.0,96,5,18,4,4,66,4,24
0,5,5.0,96,5,19,4,9,63,3,24
0,5,5.0,96,5,11,4,16,65,4,24
0,5,5.0,96,5,4,4,8,41,4,24
0,5,5.0,96,5,1,4,2,35,4,24
0,5,5.0,96,5,10,4,16,37,3,24
0,5,5.0,96,5,14,4,9,63,3,24
0,5,5.0,96,5,17,4,1,16,3,24
0,5,11.0,326,4,13,4,8,27,0,9
0,11,18.0,332,2,3,4,6,7,3,0
0,5,11.0,326,4,22,4,9,49,3,9
0,5,11.0,326,4,9,4,3,76,3,9
0,5,11.0,326,4,14,4,5,12,3,9
0,5,11.0,326,4,16,4,1,81,4,9
0,5,11.0,326,4,10,4,6,128,3,9
0,5,12.0,327,5,17,4,13,28,3,28
0,5,12.0,327,5,1,4,14,32,4,28
0,5,12.0,327,5,14,4,6,7,3,28
0,11,18.0,332,2,16,4,7,57,4,0
0,5,12.0,327,5,14,4,14,32,4,28
0,5,12.0,327,5,18,4,9,95,4,28
1,2,6.0,251,3,9,4,2,92,3,23
0,1,19.0,29,6,1,4,13,69,4,10
0,2,6.0,251,0,16,4,8,9,3,23
0,1,19.0,29,6,12,4,16,139,3,10
0,1,28.0,300,0,14,4,13,38,0,18
0,2,12.0,128,3,14,4,3,44,3,28
0,1,20.0,151,3,19,4,11,10,4,29
0,1,28.0,300,0,7,4,16,72,1,18
0,4,12.0,134,4,21,4,0,85,3,28
0,4,14.0,345,6,9,4,9,49,4,5
0,2,22.0,209,2,6,4,9,57,4,26
0,2,12.0,128,3,23,4,6,7,3,28
0,2,12.0,128,3,17,4,11,133,4,28
0,2,12.0,128,3,2,4,13,99,4,28
0,1,5.0,219,6,22,4,14,25,3,24
0,1,5.0,219,6,19,4,2,3,3,24
0,2,12.0,128,3,15,4,16,72,3,28
0,2,12.0,128,3,13,4,7,20,4,28
0,2,13.0,276,0,22,4,8,33,3,25
0,2,13.0,276,0,4,4,1,35,3,25
0,2,13.0,276,0,23,4,14,88,4,25
0,2,13.0,276,0,15,4,1,67,3,25
0,2,13.0,276,0,19,4,8,33,3,25
0,2,13.0,276,0,13,4,1,67,0,25
0,2,13.0,276,0,13,4,10,22,3,25
0,2,13.0,276,0,23,4,9,87,3,25
0,2,13.0,276,0,9,4,11,129,4,25
0,2,13.0,276,0,9,4,16,37,0,25
0,1,13.0,207,3,22,4,15,39,3,25
0,2,13.0,276,0,2,4,6,7,3,25
0,2,21.0,108,1,18,4,9,10,4,21
0,2,21.0,108,1,12,4,16,130,3,21
0,2,21.0,108,1,1,4,2,69,3,21
0,2,21.0,108,1,13,4,6,89,3,21
0,0,4.0,229,0,2,4,14,97,3,30
0,0,4.0,229,0,16,4,8,41,3,30
0,0,4.0,229,0,23,4,0,26,3,30
0,1,6.0,97,3,14,4,8,19,4,23
0,0,4.0,229,0,18,4,12,80,3,30
0,0,7.0,15,4,9,4,6,91,3,11
0,0,7.0,15,4,22,4,5,12,0,11
0,0,7.0,15,4,1,4,8,41,4,11
0,0,7.0,15,4,17,4,6,7,4,11
0,0,7.0,15,4,13,4,10,47,3,11
0,0,7.0,15,4,15,4,16,37,3,11
0,0,7.0,15,4,12,4,8,19,3,11
0,0,7.0,15,4,20,4,11,55,4,11
0,0,7.0,15,4,4,4,14,25,3,11
0,0,7.0,15,4,18,4,8,41,0,11
0,0,20.0,172,2,19,4,0,53,3,29
0,0,20.0,172,2,12,4,3,115,3,29
0,0,20.0,172,2,11,4,10,22,0,29
0,0,20.0,172,2,13,4,5,12,3,29
0,0,23.0,237,6,18,4,8,41,3,17
0,0,23.0,237,6,9,4,1,35,3,17
0,0,23.0,237,6,19,4,13,69,3,17
0,0,23.0,237,6,21,4,9,87,3,17
0,0,23.0,237,6,12,4,8,118,3,17
0,0,23.0,237,6,18,4,4,75,3,17
0,0,23.0,237,6,9,4,8,27,4,17
0,0,23.0,237,6,15,4,6,7,0,17
0,0,24.0,55,3,9,4,1,67,3,14
0,0,24.0,55,3,19,4,7,57,3,14
0,0,24.0,55,3,12,4,13,28,3,14
0,0,24.0,55,3,15,4,8,9,3,14
0,0,31.0,290,3,10,4,6,89,3,20
0,0,31.0,290,3,15,4,15,46,3,20
0,0,31.0,290,3,2,4,6,128,3,20
0,0,31.0,290,3,17,4,16,139,4,20
0,1,6.0,97,3,16,4,6,128,4,23
0,3,1.0,180,6,13,4,9,27,0,7
0,1,19.0,29,6,12,4,14,25,3,10
0,1,19.0,29,6,14,4,8,33,4,10
0,2,25.0,233,6,8,4,8,9,3,13
0,0,27.0,23,2,2,4,8,65,3,15
0,7,28.0,34,1,23,4,9,109,3,18
0,10,27.0,302,4,14,4,3,79,3,15
0,10,30.0,157,3,13,4,9,54,4,19
0,10,30.0,157,3,12,4,9,95,3,19
0,7,28.0,34,1,7,4,8,41,3,18
0,10,30.0,157,3,9,4,7,20,4,19
0,3,2.0,120,3,12,4,1,105,3,22
0,10,30.0,157,3,9,4,14,32,4,19
0,10,31.0,135,0,12,4,0,12,3,20
0,10,31.0,135,0,20,4,8,65,2,20
0,3,2.0,120,3,4,4,13,29,0,22
0,10,31.0,135,0,18,4,14,126,4,20
0,10,31.0,135,0,2,4,13,38,1,20
0,10,31.0,135,0,6,4,6,91,2,20
0,10,31.0,135,0,7,4,9,101,4,20
0,3,2.0,120,3,14,4,8,41,3,22
0,10,31.0,135,0,3,4,7,57,3,20
0,3,3.0,182,0,18,4,14,88,4,27
0,3,3.0,182,0,16,4,5,6,3,27
0,3,3.0,182,0,6,4,15,46,4,27
0,10,31.0,135,0,1,4,13,99,4,20
0,10,31.0,135,0,12,4,14,34,3,20
0,0,24.0,55,3,14,4,1,105,4,14
0,0,24.0,55,3,18,4,3,30,3,14
0,0,23.0,237,6,17,4,14,106,4,17
0,0,20.0,172,2,8,4,13,13,3,29
0,3,28.0,187,5,20,4,14,25,3,18
0,0,19.0,13,1,1,4,16,74,3,10
0,4,14.0,345,6,22,4,10,22,3,5
0,5,3.0,161,2,14,4,1,35,3,27
0,1,28.0,300,0,17,4,0,26,0,18
0,2,22.0,209,2,17,4,6,89,4,26
0,4,24.0,27,1,11,4,13,28,3,14
0,4,23.0,30,0,0,4,7,120,3,17
0,6,19.0,291,0,13,4,1,105,0,10
0,4,14.0,345,6,23,4,12,61,4,5
0,1,13.0,207,3,9,4,9,83,3,25
0,1,28.0,300,0,3,4,8,19,3,18
0,1,28.0,300,0,1,4,9,10,4,18
0,1,28.0,300,0,18,4,11,133,3,18
0,1,28.0,300,0,12,4,9,102,4,18
0,1,28.0,300,0,4,4,11,133,4,18
0,1,28.0,300,0,13,4,13,28,4,18
0,1,29.0,112,1,12,4,15,85,3,16
0,1,29.0,112,1,10,4,5,0,3,16
0,1,29.0,112,1,1,4,16,37,4,16
0,1,29.0,112,1,5,4,8,9,3,16
0,1,29.0,112,1,8,4,11,133,3,16
0,1,29.0,112,1,13,4,1,1,3,16
0,8,3.0,363,3,1,4,2,2,4,27
0,8,3.0,363,3,12,4,11,55,4,27
0,8,3.0,363,3,13,4,11,55,4,27
0,8,3.0,363,3,1,4,11,15,4,27
0,8,3.0,363,3,10,4,6,128,0,27
0,0,4.0,229,0,2,4,8,9,3,30
0,8,3.0,363,3,14,4,11,15,3,27
0,8,3.0,363,3,23,4,8,9,4,27
0,8,3.0,363,3,18,4,2,2,3,27
0,8,4.0,299,0,9,4,6,89,4,30
0,8,4.0,299,0,4,4,9,63,4,30
0,8,4.0,299,0,19,4,11,133,2,30
0,8,4.0,299,0,1,4,6,7,4,30
0,8,4.0,299,0,14,4,9,87,0,30
0,8,4.0,299,0,2,4,15,96,3,30
0,8,4.0,299,0,19,4,16,37,3,30
0,8,4.0,299,0,14,4,7,57,0,30
0,8,4.0,299,0,21,4,13,69,4,30
0,8,13.0,189,2,14,4,16,50,0,25
0,8,13.0,189,2,11,4,6,128,3,25
0,8,13.0,189,2,1,4,14,25,3,25
0,8,29.0,301,5,8,4,0,26,3,16
0,8,29.0,301,5,10,4,2,69,3,16
0,8,29.0,301,5,10,4,8,118,0,16
0,8,29.0,301,5,9,4,8,19,4,16
0,8,29.0,301,5,18,4,3,30,4,16
0,8,29.0,301,5,2,4,16,50,3,16
0,8,29.0,301,5,2,4,14,107,3,16
0,8,29.0,301,5,8,4,11,98,3,16
0,8,29.0,301,5,1,4,14,107,3,16
0,8,29.0,301,5,16,4,14,110,4,16
0,4,4.0,178,2,1,4,8,9,3,30
0,4,4.0,178,2,19,4,14,131,3,30
0,4,4.0,178,2,18,4,2,2,4,30
0,4,4.0,178,2,13,4,6,128,3,30
0,4,4.0,178,2,14,4,11,55,4,30
0,4,4.0,178,2,17,4,6,89,3,30
0,4,11.0,121,2,17,4,0,12,3,9
0,4,11.0,121,2,22,4,7,111,3,9
0,4,11.0,121,2,20,4,10,22,3,9
0,4,11.0,121,2,7,4,4,82,3,9
0,4,20.0,115,5,11,4,2,13,3,29
0,4,20.0,115,5,20,4,8,9,3,29
0,4,20.0,115,5,12,4,16,37,1,29
0,4,20.0,115,5,4,4,9,27,3,29
0,4,20.0,115,5,4,4,8,19,0,29
0,4,20.0,115,5,23,4,13,13,3,29
0,4,20.0,115,5,20,4,8,9,3,29
0,4,22.0,152,3,3,4,1,67,0,26
0,4,22.0,152,3,9,4,9,87,4,26
0,4,22.0,152,3,1,4,9,87,4,26
0,4,22.0,152,3,17,4,3,115,3,26
0,4,22.0,152,3,4,4,14,106,4,26
0,4,22.0,152,3,3,4,6,7,3,26
0,2,7.0,153,1,17,4,13,36,3,11
0,2,7.0,153,1,6,4,8,41,4,11
0,2,7.0,153,1,14,4,7,120,4,11
0,2,7.0,153,1,4,4,9,63,4,11
0,2,7.0,153,1,19,4,6,91,3,11
0,2,7.0,153,1,17,4,0,53,3,11
0,2,7.0,153,1,3,4,8,9,3,11
0,2,7.0,153,1,15,4,8,9,3,11
0,2,7.0,153,1,13,4,8,118,3,11
0,2,7.0,153,1,3,4,2,13,3,11
0,2,7.0,153,1,22,4,14,25,3,11
0,2,14.0,231,1,0,4,8,9,3,5
0,2,14.0,231,1,3,4,6,7,3,5
0,2,14.0,231,1,0,4,7,129,4,5
0,2,14.0,231,1,22,4,6,7,3,5
0,2,14.0,231,1,1,4,1,16,3,5
0,2,14.0,231,1,18,4,7,57,3,5
0,2,14.0,231,1,3,4,14,25,0,5
0,2,20.0,264,0,10,4,10,47,3,29
0,2,20.0,264,0,17,4,13,28,3,29
0,2,20.0,264,0,9,4,9,63,4,29
0,2,20.0,264,0,1,4,9,93,3,29
0,2,20.0,264,0,15,4,9,54,4,29
0,2,20.0,264,0,1,4,0,53,3,29
0,2,20.0,264,0,19,4,6,7,3,29
0,0,19.0,13,1,12,4,10,47,3,10
0,4,14.0,345,6,10,4,6,7,0,5
0,9,10.0,156,5,2,4,4,66,3,4
0,6,19.0,291,0,14,4,14,24,3,10
0,6,22.0,185,4,14,4,2,40,0,26
0,2,22.0,209,2,17,4,6,7,3,26
0,1,13.0,207,3,10,4,16,65,4,25
0,0,26.0,14,1,2,4,4,82,3,3
0,4,14.0,345,6,8,4,6,91,4,5
0,9,10.0,156,5,14,4,6,7,3,4
0,6,19.0,291,0,19,4,1,1,3,10
0,6,22.0,185,4,6,4,16,37,3,26
0,2,22.0,209,2,16,4,9,83,4,26
0,0,4.0,229,0,4,4,11,18,3,30
0,1,13.0,207,3,2,4,9,109,3,25
0,1,13.0,207,3,15,4,12,84,3,25
0,1,21.0,45,0,9,4,6,14,4,21
0,1,21.0,45,0,19,4,16,113,3,21
0,1,21.0,45,0,18,4,0,12,3,21
0,1,21.0,45,0,21,4,9,109,3,21
1,0,5.0,122,0,2,4,16,50,4,24
1,0,5.0,122,0,17,4,8,118,3,24
0,10,1.0,208,6,18,4,11,18,4,7
0,6,26.0,348,0,14,4,6,7,3,3
0,6,26.0,348,0,14,4,0,0,3,3
0,6,26.0,348,0,1,4,3,76,4,3
0,6,26.0,348,0,18,4,0,26,3,3
0,6,26.0,348,0,3,4,6,7,3,3
0,6,23.0,84,5,22,4,6,7,3,17
0,6,23.0,84,5,23,4,9,10,4,17
0,6,23.0,84,5,17,4,13,48,3,17
0,6,18.0,308,3,3,4,4,103,3,0
0,6,18.0,308,3,19,4,12,80,3,0
0,6,18.0,308,3,1,4,9,27,0,0
0,6,18.0,308,3,22,4,16,39,3,0
0,6,18.0,308,3,19,4,14,25,3,0
0,6,18.0,308,3,23,4,9,95,2,0
0,7,18.0,154,6,9,4,14,88,3,0
0,6,11.0,355,3,9,4,9,101,4,9
0,6,11.0,355,3,12,4,13,36,3,9
0,6,11.0,355,3,6,4,12,135,4,9
0,6,11.0,355,3,6,4,6,128,3,9
0,6,11.0,355,3,22,4,6,126,3,9
0,6,11.0,355,3,14,4,6,7,3,9
0,6,11.0,355,3,12,4,9,54,3,9
0,6,12.0,162,0,11,4,11,117,3,28
0,6,12.0,162,0,1,4,14,125,4,28
0,6,12.0,162,0,18,4,8,27,3,28
0,6,12.0,162,0,20,4,2,35,3,28
0,6,12.0,162,0,1,4,14,25,3,28
0,6,12.0,162,0,10,4,8,118,3,28
0,6,12.0,162,0,21,4,6,7,4,28
0,6,12.0,162,0,1,4,12,56,3,28
0,6,12.0,162,0,13,4,13,38,3,28
0,6,12.0,162,0,6,4,15,119,4,28
0,7,28.0,34,1,1,4,6,7,3,18
0,6,19.0,291,0,19,4,16,74,3,10
0,6,19.0,291,0,0,4,6,7,0,10
0,1,21.0,45,0,17,4,9,109,4,21
0,1,21.0,45,0,3,4,1,35,4,21
0,1,21.0,45,0,9,4,14,32,0,21
0,1,21.0,45,0,1,4,14,24,4,21
0,1,21.0,45,0,19,4,14,24,0,21
0,1,21.0,45,0,13,4,15,31,3,21
0,1,21.0,45,0,12,4,12,61,1,21
0,1,21.0,45,0,12,4,14,25,3,21
0,1,21.0,45,0,12,4,13,69,4,21
0,1,22.0,164,1,18,4,14,106,3,26
0,1,22.0,164,1,17,4,4,45,3,26
0,1,22.0,164,1,18,4,6,7,3,26
0,1,22.0,164,1,8,4,8,33,3,26
0,1,22.0,164,1,13,4,4,45,3,26
0,1,22.0,164,1,3,4,13,123,3,26
0,1,22.0,164,1,9,4,1,59,3,26
0,1,22.0,164,1,15,4,6,7,3,26
0,4,1.0,144,3,9,4,11,124,3,7
0,4,1.0,144,3,19,4,9,27,3,7
0,4,1.0,144,3,14,4,8,118,3,7
0,6,15.0,49,4,17,4,14,97,4,1
0,4,1.0,144,3,1,4,11,55,4,7
0,4,1.0,144,3,9,4,11,8,4,7
0,4,1.0,144,3,13,4,13,69,4,7
0,4,1.0,144,3,1,4,14,110,3,7
0,4,1.0,144,3,19,4,0,26,3,7
0,4,2.0,141,0,9,4,14,32,4,22
0,4,2.0,141,0,22,4,9,27,3,22
0,10,22.0,314,6,20,4,14,24,3,26
0,10,22.0,314,6,14,4,7,57,3,26
0,10,22.0,314,6,1,4,7,111,4,26
0,10,22.0,314,6,2,4,9,101,4,26
0,10,22.0,314,6,19,4,13,21,3,26
0,10,22.0,314,6,4,4,16,50,3,26
0,10,28.0,216,5,1,4,3,76,3,18
0,10,28.0,216,5,1,4,6,89,4,18
0,10,28.0,216,5,14,4,14,25,3,18
0,10,28.0,216,5,11,4,2,2,3,18
0,10,28.0,216,5,14,4,6,14,4,18
0,3,1.0,180,6,23,4,1,11,4,7
0,6,19.0,291,0,4,4,12,83,4,10
0,9,10.0,156,5,14,4,14,107,4,4
0,2,23.0,230,4,4,4,6,7,3,17
0,6,19.0,291,0,17,4,6,7,3,10
0,8,23.0,102,6,13,4,6,7,3,17
0,6,22.0,185,4,19,4,6,89,4,26
0,4,15.0,132,3,14,4,6,128,3,1
0,9,10.0,156,5,17,4,1,35,4,4
0,2,23.0,230,4,1,4,15,46,3,17
0,7,28.0,34,1,13,4,8,27,3,18
0,8,23.0,102,6,18,4,9,10,4,17
0,8,23.0,102,6,14,4,3,103,3,17
0,8,23.0,102,6,18,4,9,10,4,17
0,8,23.0,102,6,4,4,3,115,4,17
0,8,23.0,102,6,18,4,9,95,4,17
0,8,23.0,102,6,18,4,14,125,4,17
0,8,23.0,102,6,8,4,6,73,3,17
0,8,23.0,102,6,4,4,9,10,4,17
0,8,23.0,102,6,4,4,12,61,3,17
0,8,30.0,103,6,4,4,5,6,3,19
0,8,30.0,103,6,3,4,12,17,3,19
0,8,30.0,103,6,14,4,0,77,3,19
0,4,3.0,279,1,5,4,14,88,3,27
0,4,3.0,279,1,8,4,6,89,3,27
0,4,3.0,279,1,8,4,1,105,0,27
0,4,3.0,279,1,19,4,14,110,4,27
0,4,3.0,279,1,6,4,6,128,3,27
0,4,3.0,279,1,23,4,16,65,0,27
0,4,3.0,279,1,19,4,16,113,3,27
0,4,3.0,279,1,13,4,6,116,4,27
0,4,3.0,279,1,11,4,14,25,2,27
0,8,2.0,77,6,18,4,9,109,3,22
0,8,8.0,76,5,13,4,6,7,4,8
0,8,19.0,280,1,3,4,2,86,3,10
0,8,26.0,278,1,19,4,2,69,3,3
0,2,1.0,16,2,17,4,6,7,0,7
0,2,1.0,16,2,17,4,9,63,3,7
0,2,1.0,16,2,14,4,14,24,3,7
0,2,1.0,16,2,14,4,6,7,3,7
0,2,8.0,258,2,8,4,6,7,3,8
0,2,11.0,297,6,12,4,12,61,3,9
0,0,6.0,260,2,3,4,6,116,3,23
0,0,6.0,260,2,13,4,14,88,3,23
0,4,3.0,279,1,18,4,7,111,4,27
0,4,3.0,279,1,12,4,8,41,4,27
0,4,3.0,279,1,19,4,15,77,3,27
0,4,5.0,235,4,2,4,6,7,4,24
0,4,5.0,235,4,9,4,9,10,4,24
0,4,5.0,235,4,18,4,9,95,3,24
0,4,5.0,235,4,13,4,0,26,3,24
0,4,5.0,235,4,6,4,4,103,3,24
0,4,5.0,235,4,14,4,1,59,4,24
0,4,5.0,235,4,4,4,6,7,4,24
0,4,5.0,235,4,19,4,1,105,4,24
0,4,5.0,235,4,2,4,8,19,3,24
0,4,5.0,235,4,1,4,16,65,4,24
0,4,5.0,235,4,1,4,1,105,0,24
0,4,5.0,235,4,1,4,9,10,4,24
0,4,5.0,235,4,18,4,16,139,3,24
0,4,5.0,235,4,22,4,5,6,3,24
0,4,13.0,221,5,7,4,6,128,0,25
0,4,13.0,221,5,10,4,8,9,3,25
0,4,13.0,221,5,6,4,6,116,4,25
0,4,13.0,221,5,22,4,8,118,3,25
0,2,24.0,22,5,9,4,6,7,4,14
0,2,24.0,22,5,1,4,11,55,4,14
0,2,24.0,22,5,18,4,12,80,4,14
0,2,24.0,22,5,9,4,6,7,4,14
0,2,24.0,22,5,14,4,9,109,4,14
0,2,24.0,22,5,13,4,13,99,3,14
0,2,26.0,3,3,11,4,6,7,3,3
0,2,26.0,3,3,5,4,9,27,0,3
0,2,26.0,3,3,3,4,14,25,3,3
0,2,26.0,3,3,1,4,3,30,4,3
0,2,26.0,3,3,22,4,5,64,3,3
0,0,2.0,47,6,3,4,13,48,3,22
0,0,26.0,14,1,4,4,6,7,3,3
0,0,26.0,14,1,13,4,11,117,3,3
0,0,27.0,23,2,0,4,14,110,3,15
0,0,27.0,23,2,18,4,7,20,4,15
0,0,27.0,23,2,19,4,14,25,3,15
0,0,27.0,23,2,2,4,13,48,3,15
0,2,11.0,297,6,20,4,16,113,3,9
0,2,11.0,297,6,4,4,12,83,4,9
0,2,11.0,297,6,1,4,0,77,3,9
0,2,11.0,297,6,1,4,0,77,3,9
0,2,11.0,297,6,1,4,8,41,4,9
0,2,11.0,297,6,3,4,9,57,3,9
0,2,11.0,297,6,1,4,15,46,3,9
0,2,19.0,137,3,12,4,6,89,1,10
0,2,19.0,137,3,14,4,8,19,3,10
0,0,25.0,281,0,14,4,6,89,3,13
0,0,25.0,281,0,14,4,15,108,3,13
0,0,28.0,249,4,3,4,12,61,3,18
0,0,28.0,249,4,9,4,9,49,3,18
0,4,26.0,80,4,17,4,16,130,3,3
0,4,13.0,221,5,1,4,8,41,4,25
0,4,13.0,221,5,4,4,9,95,3,25
0,4,14.0,345,6,1,4,11,98,3,5
0,4,14.0,345,6,12,4,6,128,3,5
0,4,14.0,345,6,9,4,13,36,3,5
0,4,15.0,132,3,17,4,9,57,0,1
0,9,10.0,156,5,11,4,6,7,3,4
0,6,22.0,185,4,6,4,9,109,3,26
0,2,21.0,108,1,14,4,3,70,1,21
0,7,28.0,34,1,11,4,9,87,3,18
0,6,20.0,215,1,8,4,10,22,3,29
0,9,10.0,156,5,4,4,2,92,3,4
0,2,28.0,257,1,9,4,13,48,4,18
0,4,15.0,132,3,6,4,9,102,3,1
0,6,22.0,185,4,2,4,6,7,3,26
0,7,28.0,34,1,11,4,9,134,3,18
0,2,12.0,128,3,12,4,10,43,3,28
0,9,10.0,156,5,18,4,14,25,0,4
0,2,28.0,257,1,18,4,0,53,3,18
0,4,15.0,132,3,19,4,11,133,0,1
0,6,22.0,185,4,14,4,12,135,4,26
0,6,20.0,215,1,8,4,7,57,3,29
0,2,6.0,251,0,9,4,2,69,3,23
0,6,22.0,185,4,9,4,9,10,4,26
0,7,28.0,34,1,15,4,5,64,3,18
0,9,10.0,156,5,1,4,8,65,4,4
0,2,28.0,257,1,3,4,13,28,0,18
0,4,15.0,132,3,14,4,7,62,4,1
0,2,6.0,251,0,1,4,0,15,3,23
0,6,27.0,116,1,14,4,8,41,3,15
0,6,20.0,215,1,16,4,1,81,4,29
0,9,12.0,177,3,5,4,6,7,3,28
0,9,12.0,177,3,1,4,2,3,4,28
0,4,15.0,132,3,10,4,16,72,3,1
0,2,6.0,251,0,14,4,7,57,4,23
0,6,20.0,215,1,6,4,9,93,3,29
0,6,27.0,116,1,9,4,1,35,4,15
0,2,29.0,140,2,9,4,8,9,0,16
0,9,18.0,359,6,19,4,8,41,3,0
0,4,15.0,132,3,6,4,7,57,3,1
0,2,6.0,251,0,22,4,6,7,3,23
0,6,20.0,215,1,17,4,10,22,3,29
0,6,27.0,116,1,16,4,6,89,4,15
0,2,29.0,140,2,22,4,5,64,2,16
0,9,18.0,359,6,18,4,6,7,0,0
0,4,15.0,132,3,8,4,9,102,0,1
0,2,6.0,251,0,2,4,0,53,3,23
0,2,6.0,251,0,22,4,1,35,3,23
0,2,6.0,251,0,14,4,11,98,4,23
0,2,5.0,127,3,7,4,6,7,4,24
0,2,5.0,127,3,0,4,6,7,4,24
0,2,5.0,127,3,9,4,1,59,3,24
0,4,28.0,218,6,9,4,9,101,4,18
0,4,21.0,339,6,19,4,13,29,4,21
0,4,21.0,339,6,5,4,6,132,3,21
0,4,15.0,132,3,6,4,1,81,4,1
0,4,15.0,132,3,19,4,6,7,3,1
0,4,14.0,345,6,12,4,14,25,3,5
0,4,14.0,345,6,19,4,16,72,0,5
0,4,14.0,345,6,17,4,14,125,4,5
0,4,14.0,345,6,1,4,6,14,2,5
0,4,14.0,345,6,13,4,14,107,3,5
0,4,14.0,345,6,14,4,4,5,3,5
0,4,13.0,221,5,5,4,13,38,3,25
0,4,13.0,221,5,1,4,11,133,4,25
0,8,30.0,103,6,23,4,6,7,3,19
0,8,30.0,103,6,19,4,4,75,4,19
0,8,30.0,103,6,9,4,1,105,3,19
0,8,21.0,46,4,20,4,1,16,2,21
0,8,14.0,296,4,9,4,1,67,3,5
0,8,14.0,296,4,19,4,9,63,4,5
0,8,14.0,296,4,3,4,8,9,3,5
0,8,14.0,296,4,19,4,8,118,3,5
0,8,12.0,284,1,0,4,13,48,3,28
0,8,12.0,284,1,4,4,2,69,0,28
0,8,12.0,284,1,9,4,9,57,3,28
0,10,31.0,135,0,14,4,14,125,4,20
0,10,31.0,135,0,18,4,5,12,3,20
0,3,3.0,182,0,4,4,6,7,3,27
0,1,3.0,188,4,18,4,2,123,4,27
0,1,3.0,188,4,1,4,9,87,4,27
0,1,3.0,188,4,18,4,14,25,3,27
0,3,3.0,182,0,1,4,1,105,4,27
0,1,4.0,286,5,14,4,6,7,4,30
0,3,3.0,182,0,2,4,10,23,3,27
0,3,3.0,182,0,12,4,6,89,3,27
0,3,3.0,182,0,4,4,0,64,3,27
0,1,4.0,286,5,9,4,1,1,4,30
0,1,4.0,286,5,4,4,1,105,3,30
0,1,11.0,111,5,23,4,9,109,3,9
0,1,11.0,111,5,21,4,9,134,4,9
0,1,11.0,111,5,2,4,14,25,0,9
0,1,11.0,111,5,9,4,14,25,4,9
0,1,11.0,111,5,13,4,2,86,3,9
0,1,11.0,111,5,14,4,14,25,4,9
0,1,11.0,111,5,2,4,12,121,4,9
0,1,11.0,111,5,13,4,1,1,3,9
0,1,11.0,111,5,1,4,14,97,4,9
0,1,11.0,111,5,12,4,15,114,3,9
0,1,14.0,183,0,6,4,0,12,3,5
0,1,14.0,183,0,1,4,0,53,3,5
0,1,14.0,183,0,9,4,11,133,3,5
0,1,14.0,183,0,6,4,14,24,4,5
0,1,14.0,183,0,10,4,14,32,2,5
0,1,14.0,183,0,5,4,9,109,3,5
0,1,14.0,183,0,16,4,14,24,4,5
0,1,14.0,183,0,14,4,1,11,4,5
0,1,14.0,183,0,14,4,2,69,3,5
0,1,14.0,183,0,16,4,6,7,3,5
0,1,14.0,183,0,18,4,11,133,4,5
0,3,27.0,361,4,0,4,6,128,4,15
0,3,27.0,361,4,5,4,1,67,0,15
0,3,27.0,361,4,9,4,16,72,2,15
0,3,27.0,361,4,3,4,14,25,3,15
0,3,27.0,361,4,15,4,1,67,3,15
0,3,27.0,361,4,1,4,12,83,4,15
0,3,27.0,361,4,9,4,8,19,4,15
0,3,28.0,187,5,19,4,13,123,3,18
0,3,28.0,187,5,15,4,12,80,3,18
0,3,28.0,187,5,14,4,7,111,0,18
0,3,28.0,187,5,2,4,14,24,3,18
0,2,29.0,140,2,17,4,14,97,3,16
0,9,19.0,234,3,23,4,6,7,3,10
0,6,27.0,116,1,12,4,8,9,3,15
0,0,19.0,13,1,11,4,3,103,4,10
0,4,21.0,339,6,1,4,6,7,3,21
0,0,19.0,13,1,10,4,6,89,2,10
0,7,28.0,34,1,1,4,3,76,4,18
0,6,27.0,116,1,14,4,11,15,3,15
0,9,20.0,119,0,2,4,3,115,3,29
0,4,21.0,339,6,14,4,16,37,3,21
0,0,19.0,13,1,12,4,8,9,3,10
0,6,20.0,215,1,17,4,0,53,4,29
0,6,27.0,116,1,17,4,8,41,4,15
0,9,20.0,119,0,10,4,9,49,2,29
0,2,17.0,6,5,9,4,8,41,4,6
0,4,24.0,27,1,18,4,6,7,3,14
0,6,21.0,193,2,1,4,13,36,4,21
0,6,27.0,116,1,4,4,16,50,3,15
0,9,20.0,119,0,9,4,8,9,3,29
0,2,17.0,6,5,16,4,7,111,0,6
0,4,24.0,27,1,1,4,6,7,3,14
0,6,21.0,193,2,4,4,8,33,4,21
0,6,21.0,193,2,8,4,6,89,3,21
0,6,21.0,193,2,8,4,8,9,3,21
0,7,28.0,34,1,16,4,1,1,3,18
0,6,21.0,193,2,12,4,1,105,3,21
0,7,28.0,34,1,16,4,12,56,1,18
0,0,8.0,9,5,2,4,6,7,3,8
0,0,8.0,9,5,18,4,16,39,3,8
0,0,8.0,9,5,12,4,12,121,3,8
0,0,8.0,9,5,14,4,2,2,4,8
0,0,8.0,9,5,4,4,1,1,4,8
0,0,11.0,10,0,0,4,13,69,3,9
0,0,11.0,10,0,4,4,11,94,3,9
0,0,11.0,10,0,1,4,1,11,3,9
0,6,17.0,244,6,12,4,10,12,1,6
0,6,17.0,244,6,2,4,6,128,4,6
0,6,17.0,244,6,2,4,11,55,4,6
0,6,17.0,244,6,22,4,16,50,3,6
0,6,17.0,244,6,14,4,16,130,3,6
0,10,1.0,208,6,9,4,9,54,3,7
0,10,1.0,208,6,13,4,2,2,3,7
0,10,1.0,208,6,16,4,9,10,4,7
0,10,1.0,208,6,17,4,1,81,4,7
0,10,1.0,208,6,11,4,14,25,0,7
0,10,6.0,242,4,1,4,9,93,4,23
0,10,6.0,242,4,4,4,15,39,3,23
0,10,6.0,242,4,3,4,13,28,0,23
0,1,20.0,151,3,4,4,1,59,4,29
0,8,20.0,319,2,15,4,9,93,3,29
0,8,20.0,319,2,8,4,10,23,3,29
0,8,20.0,319,2,9,4,6,89,3,29
0,8,20.0,319,2,10,4,11,58,4,29
0,8,22.0,354,5,2,4,6,7,3,26
0,8,22.0,354,5,19,4,13,48,3,26
0,8,22.0,354,5,19,4,13,48,4,26
0,8,28.0,224,4,12,4,14,32,3,18
0,8,28.0,224,4,17,4,6,73,3,18
0,8,28.0,224,4,4,4,6,73,3,18
0,0,11.0,10,0,8,4,2,13,3,9
0,0,11.0,10,0,18,4,14,106,3,9
0,0,11.0,10,0,4,4,1,105,2,9
0,0,16.0,11,6,14,4,14,32,3,2
0,0,16.0,11,6,12,4,14,32,4,2
0,0,16.0,11,6,1,4,9,63,1,2
0,0,16.0,11,6,14,4,6,7,3,2
0,0,16.0,11,6,2,4,6,7,3,2
0,0,16.0,11,6,19,4,10,43,3,2
0,10,17.0,256,0,4,4,5,6,3,6
0,4,2.0,141,0,1,4,8,9,0,22
0,4,2.0,141,0,14,4,11,133,3,22
0,10,17.0,256,0,3,4,12,56,3,6
0,4,2.0,141,0,20,4,8,9,3,22
0,4,2.0,141,0,20,4,1,105,4,22
0,4,2.0,141,0,19,4,3,30,3,22
0,4,2.0,141,0,5,4,5,12,3,22
0,4,2.0,141,0,22,4,13,29,3,22
0,4,2.0,141,0,9,4,13,28,3,22
0,4,9.0,18,0,9,4,8,27,3,12
0,4,9.0,18,0,20,4,12,61,3,12
0,4,9.0,18,0,14,4,6,7,3,12
0,4,9.0,18,0,19,4,0,64,3,12
0,0,16.0,11,6,8,4,10,47,3,2
0,0,16.0,11,6,9,4,2,40,4,2
0,0,16.0,11,6,10,4,14,126,4,2
0,0,16.0,11,6,6,4,6,7,4,2
0,0,17.0,12,3,8,4,16,42,3,6
0,0,17.0,12,3,12,4,6,7,3,6
0,8,28.0,224,4,1,4,6,7,0,18
0,8,28.0,224,4,14,4,11,129,4,18
0,4,12.0,134,4,9,4,1,1,4,28
0,4,12.0,134,4,9,4,5,64,3,28
0,4,12.0,134,4,17,4,6,91,3,28
0,4,12.0,134,4,14,4,6,14,4,28
0,4,12.0,134,4,12,4,15,31,3,28
0,4,12.0,134,4,19,4,0,53,3,28
0,9,20.0,119,0,17,4,7,122,3,29
0,2,17.0,6,5,21,4,6,73,3,6
0,1,31.0,305,4,14,4,14,125,4,20
0,1,31.0,305,4,19,4,2,69,4,20
0,6,27.0,116,1,18,4,10,47,3,15
0,9,21.0,362,1,23,4,9,83,3,21
0,2,18.0,7,6,1,4,8,19,4,0
0,1,31.0,305,4,14,4,1,11,3,20
0,7,28.0,34,1,9,4,14,24,4,18
0,9,21.0,362,1,2,4,6,128,3,21
0,6,30.0,145,5,12,4,7,57,3,19
0,2,18.0,7,6,7,4,6,73,4,0
0,8,5.0,101,1,22,4,15,108,4,24
0,9,21.0,362,1,15,4,13,123,4,21
0,2,18.0,7,6,12,4,7,57,4,0
0,8,5.0,101,1,18,4,1,16,4,24
0,9,21.0,362,1,16,4,8,118,3,21
0,6,30.0,145,5,17,4,14,25,3,19
0,2,18.0,7,6,9,4,1,67,4,0
0,8,5.0,101,1,12,4,8,19,3,24
0,9,21.0,362,1,4,4,9,27,0,21
0,6,30.0,145,5,8,4,14,24,4,19
0,2,18.0,7,6,14,4,14,107,3,0
0,8,5.0,101,1,21,4,0,85,4,24
0,9,21.0,362,1,1,4,3,30,3,21
0,6,30.0,145,5,9,4,1,67,4,19
0,2,27.0,136,0,18,4,1,105,3,15
0,2,27.0,136,0,19,4,15,39,0,15
0,4,21.0,339,6,18,4,4,75,3,21
0,4,21.0,339,6,13,4,0,68,3,21
0,4,21.0,339,6,13,4,16,74,3,21
0,4,21.0,339,6,8,4,8,33,3,21
0,4,21.0,339,6,18,4,4,75,4,21
0,4,28.0,218,6,1,4,14,88,4,18
0,4,28.0,218,6,9,4,9,87,4,18
0,4,28.0,218,6,4,4,14,126,4,18
0,4,28.0,218,6,2,4,14,25,3,18
0,4,28.0,218,6,14,4,14,125,4,18
0,4,28.0,218,6,3,4,0,85,3,18
0,4,28.0,218,6,9,4,9,109,4,18
0,4,28.0,218,6,1,4,6,7,0,18
0,4,31.0,67,1,4,4,14,34,3,20
0,4,31.0,67,1,12,4,14,24,3,20
0,4,31.0,67,1,9,4,7,62,3,20
0,4,31.0,67,1,1,4,14,131,4,20
0,4,31.0,67,1,14,4,15,96,3,20
0,0,2.0,47,6,2,4,14,24,3,22
0,0,9.0,48,6,22,4,16,50,3,12
0,8,16.0,73,6,13,4,10,12,3,2
0,8,17.0,74,3,15,4,12,17,3,6
0,2,27.0,136,0,8,4,1,105,3,15
0,2,27.0,136,0,14,4,14,131,3,15
0,2,27.0,136,0,12,4,14,25,3,15
0,10,4.0,356,1,16,4,1,59,3,30
0,10,4.0,356,1,21,4,16,65,4,30
0,10,4.0,356,1,1,4,13,48,3,30
0,10,4.0,356,1,18,4,0,26,3,30
0,10,4.0,356,1,15,4,2,35,4,30
0,10,4.0,356,1,5,4,13,28,0,30
0,10,4.0,356,1,9,4,7,57,3,30
0,10,4.0,356,1,16,4,5,6,3,30
0,10,19.0,117,2,19,4,10,43,3,10
0,10,19.0,117,2,16,4,6,89,3,10
0,10,19.0,117,2,16,4,6,73,1,10
0,10,19.0,117,2,6,4,4,5,3,10
0,10,19.0,117,2,14,4,12,135,4,10
0,10,27.0,302,4,10,4,6,7,3,15
0,10,27.0,302,4,19,4,10,47,3,15
0,7,28.0,34,1,14,4,8,41,3,18
0,10,27.0,302,4,17,4,1,35,4,15
0,10,27.0,302,4,11,4,13,99,3,15
0,7,28.0,34,1,4,4,1,16,4,18
0,10,27.0,302,4,16,4,16,39,0,15
0,7,28.0,34,1,12,4,8,9,3,18
0,10,29.0,318,6,19,4,8,27,3,16
0,10,29.0,318,6,10,4,7,78,3,16
0,1,5.0,219,6,1,4,16,50,4,24
0,4,31.0,67,1,18,4,10,22,3,20
0,4,31.0,67,1,18,4,7,78,3,20
0,4,31.0,67,1,19,4,8,9,3,20
0,4,31.0,67,1,13,4,4,136,3,20
0,2,5.0,127,3,9,4,9,87,4,24
0,2,5.0,127,3,1,4,2,71,4,24
0,2,5.0,127,3,19,4,12,80,3,24
0,2,5.0,127,3,11,4,14,97,2,24
0,2,5.0,127,3,22,4,14,24,4,24
0,2,5.0,127,3,18,4,9,87,4,24
0,2,5.0,127,3,18,4,2,13,3,24
0,2,5.0,127,3,12,4,13,48,3,24
0,2,5.0,127,3,15,4,10,43,3,24
0,2,5.0,127,3,6,4,8,27,3,24
0,2,6.0,251,0,21,4,0,77,3,23
0,2,6.0,251,0,7,4,9,95,3,23
0,8,5.0,101,1,14,4,8,27,3,24
0,9,27.0,179,0,18,4,6,91,4,15
0,6,30.0,145,5,9,4,0,77,3,19
0,8,5.0,101,1,3,4,9,9,3,24
0,9,27.0,179,0,17,4,4,82,1,15
0,1,22.0,164,1,1,4,3,103,3,26
0,8,5.0,101,1,17,4,14,106,3,24
0,9,27.0,179,0,1,4,8,27,3,15
0,1,22.0,164,1,12,4,9,27,3,26
0,8,5.0,101,1,8,4,16,72,2,24
0,9,27.0,179,0,2,4,1,105,3,15
0,9,27.0,179,0,18,4,8,27,3,15
0,7,2.0,160,4,5,4,11,10,4,22
0,7,2.0,160,4,1,4,15,51,3,22
0,5,4.0,114,4,23,4,11,94,3,30
0,5,10.0,155,2,11,4,11,55,3,4
0,5,10.0,155,2,13,4,0,53,3,4
0,5,10.0,155,2,14,4,0,12,0,4
0,5,13.0,184,6,15,4,13,36,3,25
0,5,13.0,184,6,18,4,9,63,4,25
0,5,28.0,259,3,9,4,7,137,3,18
0,6,4.0,159,3,21,4,2,123,1,30
0,6,4.0,159,3,1,4,15,119,4,30
0,6,4.0,159,3,1,4,9,95,3,30
0,6,4.0,159,3,7,4,2,92,2,30
0,6,4.0,159,3,14,4,9,102,4,30
0,6,4.0,159,3,9,4,8,19,4,30
0,6,4.0,159,3,13,4,2,92,3,30
0,6,11.0,355,3,6,4,4,115,3,9
0,6,11.0,355,3,9,4,8,41,4,9
0,6,19.0,291,0,20,4,6,7,3,10
0,6,20.0,215,1,5,4,12,61,3,29
0,6,20.0,215,1,18,4,4,82,3,29
0,6,20.0,215,1,12,4,5,6,3,29
0,6,20.0,215,1,2,4,12,56,4,29
0,6,20.0,215,1,1,4,0,53,3,29
0,6,21.0,193,2,16,4,6,7,4,21
0,6,30.0,145,5,15,4,13,28,0,19
0,10,27.0,302,4,1,4,6,7,3,15
0,10,27.0,302,4,1,4,0,31,3,15
0,10,27.0,302,4,9,4,8,27,3,15
0,10,30.0,157,3,4,4,14,126,4,19
0,10,30.0,157,3,8,4,5,6,3,19
0,10,31.0,135,0,23,4,16,50,0,20
0,10,31.0,135,0,8,4,12,61,3,20
0,10,31.0,135,0,12,4,14,25,3,20
0,10,31.0,135,0,2,4,7,54,3,20
0,10,31.0,135,0,15,4,9,63,3,20
0,10,31.0,135,0,21,4,1,81,4,20
0,1,3.0,188,4,4,4,8,118,3,27
0,1,3.0,188,4,19,4,12,61,3,27
0,1,4.0,286,5,17,4,0,15,3,30
0,1,4.0,286,5,1,4,14,106,4,30
0,1,4.0,286,5,13,4,9,93,1,30
0,5,3.0,161,2,1,4,12,61,4,27
0,5,3.0,161,2,14,4,4,75,3,27
0,5,3.0,161,2,14,4,14,131,3,27
0,5,3.0,161,2,14,4,1,59,3,27
0,5,3.0,161,2,11,4,10,52,4,27
0,5,4.0,114,4,1,4,8,9,3,30
0,5,4.0,114,4,14,4,13,28,0,30
0,5,4.0,114,4,9,4,8,27,3,30
0,5,4.0,114,4,5,4,6,7,3,30
0,5,4.0,114,4,12,4,14,25,1,30
0,5,4.0,114,4,9,4,14,88,4,30
0,5,4.0,114,4,11,4,13,38,3,30
0,5,4.0,114,4,18,4,6,7,3,30
0,5,4.0,114,4,9,4,8,27,2,30
0,1,14.0,183,0,18,4,7,8,3,5
0,1,28.0,300,0,9,4,9,49,3,18
0,1,28.0,300,0,1,4,8,19,0,18
0,1,28.0,300,0,18,4,16,50,3,18
0,1,28.0,300,0,2,4,8,27,3,18
0,1,28.0,300,0,9,4,6,7,3,18
0,1,28.0,300,0,2,4,3,30,3,18
0,1,28.0,300,0,9,4,8,19,3,18
0,1,28.0,300,0,11,4,8,33,0,18
0,1,22.0,164,1,0,4,15,114,3,26
0,1,22.0,164,1,18,4,4,136,3,26
0,8,6.0,87,2,6,4,9,93,3,23
0,1,22.0,164,1,19,4,8,19,4,26
0,8,6.0,87,2,1,4,13,99,3,23
0,8,6.0,87,2,12,4,16,130,3,23
0,8,6.0,87,2,18,4,16,72,3,23
0,1,30.0,100,2,18,4,13,38,3,19
0,8,6.0,87,2,6,4,14,25,0,23
0,1,30.0,100,2,7,4,15,85,3,19
0,8,11.0,306,0,19,4,6,89,4,9
0,1,30.0,100,2,6,4,14,25,3,19
0,8,11.0,306,0,9,4,3,76,3,9
0,8,11.0,306,0,19,4,8,9,3,9
0,8,11.0,306,0,14,4,10,22,3,9
0,8,11.0,306,0,14,4,9,93,3,9
0,8,11.0,306,0,12,4,11,23,3,9
0,10,23.0,247,3,4,4,9,101,4,17
0,10,25.0,56,1,2,4,1,35,4,13
0,10,25.0,56,1,19,4,10,22,3,13
0,10,25.0,56,1,18,4,14,25,3,13
0,10,25.0,56,1,4,4,14,25,4,13
0,10,25.0,56,1,1,4,8,65,1,13
0,1,2.0,171,2,2,4,9,87,3,22
0,1,26.0,248,6,19,4,6,7,3,3
0,1,26.0,248,6,4,4,2,69,3,3
0,1,27.0,262,3,3,4,12,56,3,15
0,1,27.0,262,3,10,4,6,116,3,15
0,8,2.0,77,6,8,4,6,89,3,22
0,8,2.0,77,6,12,4,2,69,3,22
0,8,2.0,77,6,19,4,3,76,3,22
0,8,11.0,306,0,12,4,8,9,3,9
0,8,11.0,306,0,12,4,8,33,4,9
0,8,11.0,306,0,17,4,12,80,4,9
0,8,12.0,284,1,13,4,15,31,3,28
0,8,12.0,284,1,9,4,4,136,2,28
0,8,12.0,284,1,9,4,4,66,3,28
0,8,12.0,284,1,9,4,5,6,3,28
0,8,12.0,284,1,13,4,13,29,3,28
0,8,12.0,284,1,17,4,14,32,4,28
0,8,12.0,284,1,19,4,8,19,4,28
0,8,14.0,296,4,17,4,14,88,4,5
0,8,14.0,296,4,23,4,13,99,1,5
0,8,21.0,46,4,11,4,9,57,0,21
0,8,21.0,46,4,13,4,7,62,3,21
0,8,21.0,46,4,9,4,8,118,3,21
0,8,21.0,46,4,12,4,8,9,3,21
0,8,21.0,46,4,15,4,2,71,0,21
0,8,21.0,46,4,17,4,14,34,4,21
0,2,2.0,143,4,1,4,6,7,4,22
0,2,2.0,143,4,21,4,12,56,4,22
0,2,2.0,143,4,8,4,9,27,0,22
0,2,2.0,143,4,1,4,16,37,3,22
0,2,2.0,143,4,7,4,14,110,3,22
0,2,9.0,21,4,12,4,1,59,3,12
0,2,9.0,21,4,13,4,6,7,0,12
0,2,9.0,21,4,20,4,3,79,3,12
0,2,9.0,21,4,10,4,12,121,3,12
0,2,9.0,21,4,3,4,14,25,3,12
0,2,9.0,21,4,16,4,11,129,4,12
0,2,9.0,21,4,11,4,13,38,2,12
0,2,9.0,21,4,1,4,12,80,3,12
0,2,24.0,22,5,6,4,14,106,4,14
0,2,24.0,22,5,2,4,5,6,3,14
0,2,29.0,140,2,14,4,8,118,4,16
0,2,30.0,131,4,20,4,9,9,3,19
0,2,30.0,131,4,17,4,1,11,4,19
0,2,30.0,131,4,1,4,6,7,3,19
0,0,6.0,260,2,14,4,1,11,3,23
0,0,6.0,260,2,2,4,13,123,3,23
0,0,6.0,260,2,5,4,13,48,4,23
0,1,30.0,100,2,10,4,1,105,3,19
0,1,30.0,100,2,17,4,1,11,3,19
0,1,30.0,100,2,17,4,16,74,3,19
0,1,30.0,100,2,18,4,1,59,4,19
0,1,31.0,305,4,8,4,14,25,3,20
0,1,31.0,305,4,3,4,0,15,3,20
0,1,31.0,305,4,18,4,1,105,3,20
0,1,31.0,305,4,2,4,1,16,4,20
0,1,31.0,305,4,4,4,14,125,4,20
0,0,17.0,12,3,5,4,0,26,3,6
0,0,17.0,12,3,14,4,4,75,4,6
0,0,17.0,12,3,10,4,7,62,3,6
0,0,17.0,12,3,3,4,10,12,3,6
0,0,17.0,12,3,4,4,14,107,3,6
0,0,17.0,12,3,14,4,2,69,3,6
0,0,17.0,12,3,12,4,14,24,4,6
0,0,17.0,12,3,10,4,8,9,3,6
0,0,17.0,12,3,22,4,12,121,3,6
0,0,17.0,12,3,18,4,1,59,3,6
0,0,17.0,12,3,20,4,14,97,3,6
0,0,19.0,13,1,3,4,2,69,3,10
0,10,6.0,242,4,18,4,6,91,4,23
0,10,6.0,242,4,18,4,9,93,4,23
0,10,6.0,242,4,13,4,13,99,3,23
0,10,6.0,242,4,4,4,13,38,3,23
0,10,7.0,243,5,22,4,0,68,3,11
0,10,7.0,243,5,17,4,11,117,3,11
0,10,7.0,243,5,6,4,1,16,4,11
0,10,8.0,213,6,18,4,2,35,4,8
0,10,8.0,213,6,1,4,3,30,3,8
0,10,8.0,213,6,1,4,8,9,3,8
0,10,8.0,213,6,3,4,3,115,3,8
0,10,10.0,245,0,12,4,8,27,0,4
0,10,18.0,246,1,16,4,14,97,3,0
0,10,23.0,247,3,11,4,10,23,3,17
0,4,23.0,30,0,17,4,13,28,2,17
0,4,30.0,139,0,1,4,7,120,3,19
0,4,30.0,139,0,2,4,10,52,3,19
0,2,4.0,254,6,19,4,8,27,4,30
0,2,4.0,254,6,17,4,1,105,4,30
0,2,4.0,254,6,13,4,2,2,3,30
0,6,13.0,317,1,19,4,15,46,3,25
0,2,4.0,254,6,9,4,8,19,4,30
0,2,4.0,254,6,4,4,8,27,3,30
0,2,4.0,254,6,9,4,9,49,4,30
0,2,4.0,254,6,4,4,6,7,3,30
0,4,9.0,18,0,22,4,7,20,3,12
0,1,1.0,203,1,13,4,8,27,3,7
0,4,17.0,19,1,4,4,7,57,1,6
0,4,17.0,19,1,22,4,6,7,3,6
0,4,17.0,19,1,13,4,6,7,3,6
0,4,19.0,142,4,20,4,6,7,3,10
0,4,19.0,142,4,14,4,9,101,4,10
0,4,19.0,142,4,12,4,6,7,3,10
0,4,25.0,20,2,12,4,8,27,3,13
0,4,25.0,20,2,18,4,8,41,3,13
0,2,2.0,143,4,17,4,8,9,3,22
0,2,4.0,254,6,18,4,16,50,4,30
0,2,15.0,130,2,16,4,12,61,3,1
0,2,15.0,130,2,17,4,0,68,3,1
0,3,23.0,57,3,6,0,10,22,1,17
0,4,16.0,25,0,1,0,16,50,3,2
0,6,25.0,39,3,17,2,8,118,3,13
0,6,19.0,291,0,19,1,10,43,0,10
0,3,9.0,44,3,12,0,5,6,3,12
0,5,14.0,36,3,13,3,11,133,3,5
0,10,16.0,201,3,6,0,4,82,1,2
0,3,23.0,57,3,23,1,9,49,1,17
0,5,14.0,36,3,6,0,13,28,0,5
0,5,14.0,36,3,16,0,0,53,4,5
0,5,14.0,36,3,8,2,7,62,3,5
0,5,14.0,36,3,8,1,7,8,4,5
0,5,24.0,58,2,3,0,8,118,0,14
0,8,6.0,87,2,17,3,0,53,4,23
0,5,26.0,37,5,9,0,13,29,2,3
0,5,26.0,37,5,20,1,6,132,1,3
0,5,26.0,37,5,19,3,14,25,0,3
0,6,8.0,59,4,19,0,1,11,3,8
0,0,1.0,8,5,2,0,13,48,3,7
0,0,8.0,9,5,19,3,13,48,3,8
0,4,25.0,20,2,6,0,0,64,3,13
0,4,25.0,20,2,14,2,8,118,0,13
0,2,2.0,143,4,11,1,2,60,4,22
0,2,9.0,21,4,12,0,5,64,4,12
0,2,9.0,21,4,18,0,4,82,1,12
0,2,26.0,3,3,17,0,2,2,1,3
0,2,26.0,3,3,9,0,0,77,1,3
0,2,26.0,3,3,13,1,3,79,4,3
0,0,9.0,48,6,6,0,12,104,0,12
0,0,18.0,0,0,6,0,8,27,1,0
0,1,8.0,62,1,14,0,2,40,4,8
0,3,22.0,166,6,14,1,5,6,0,26
0,6,15.0,49,4,9,2,11,15,3,1
0,10,24.0,261,0,10,1,12,83,4,14
0,1,16.0,2,2,4,0,13,48,3,2
0,1,16.0,2,2,5,3,8,27,3,2
0,2,4.0,254,6,13,0,2,60,2,30
0,5,12.0,327,5,4,0,13,123,3,28
0,5,27.0,328,6,8,0,15,46,3,15
0,5,12.0,327,5,2,3,4,136,1,28
0,6,9.0,236,5,2,0,8,19,1,12
0,6,9.0,236,5,10,1,2,13,1,12
0,5,1.0,109,0,17,0,8,118,2,7
0,1,15.0,1,1,16,0,1,67,0,1
0,0,2.0,47,6,13,0,7,129,0,22
0,0,9.0,48,6,21,1,1,67,4,12
0,0,9.0,48,6,6,1,8,27,1,12
0,6,1.0,158,4,13,3,1,1,4,7
0,6,4.0,159,3,5,0,8,27,4,30
0,6,11.0,355,3,15,0,15,114,2,9
0,6,11.0,355,3,21,1,16,113,2,9
0,6,12.0,162,0,13,0,1,59,1,28
0,6,12.0,162,0,8,0,0,26,0,28
0,6,11.0,355,3,2,1,7,129,2,9
0,6,12.0,162,0,11,1,11,18,1,28
0,6,12.0,162,0,11,1,1,1,1,28
0,6,19.0,291,0,6,2,0,26,3,10
0,6,19.0,291,0,0,3,6,7,3,10
0,6,19.0,291,0,21,1,11,15,4,10
0,8,3.0,363,3,17,3,8,27,4,27
0,9,19.0,234,3,19,0,2,86,0,10
0,9,27.0,179,0,14,2,1,59,3,15
1,5,1.0,109,3,17,3,1,59,4,7
0,7,2.0,160,4,16,0,13,36,0,22
0,7,11.0,197,6,19,0,5,64,3,9
0,7,11.0,197,6,18,0,0,77,1,9
0,7,12.0,181,3,11,1,9,101,4,28
0,7,18.0,154,6,6,0,11,90,1,0
0,7,18.0,154,6,4,0,5,6,0,0
0,7,28.0,34,1,11,0,7,20,1,18
0,7,28.0,34,1,22,0,0,53,3,18
0,7,28.0,34,1,12,0,15,46,3,18
0,3,2.0,120,3,2,1,1,81,4,22
0,3,2.0,120,3,8,0,13,38,2,22
0,3,2.0,120,3,22,0,5,12,1,22
0,3,3.0,182,0,3,0,16,130,1,27
0,3,2.0,120,3,19,1,9,10,4,22
0,3,3.0,182,0,2,1,11,122,4,27
0,3,3.0,182,0,8,1,2,71,4,27
0,3,27.0,361,4,3,1,16,113,4,15
0,3,27.0,361,4,1,0,4,4,1,15
0,3,28.0,187,5,17,2,4,121,0,18
0,3,28.0,187,5,1,1,0,31,4,18
0,3,28.0,187,5,23,1,4,66,1,18
0,5,3.0,161,2,6,0,8,27,0,27
0,5,3.0,161,2,2,0,13,61,3,27
0,5,3.0,161,2,4,0,1,1,4,27
0,5,4.0,114,4,14,0,10,47,3,30
0,5,10.0,155,2,16,0,10,47,0,4
1,8,11.0,306,3,4,0,14,24,2,9
1,4,11.0,121,1,12,3,12,83,0,9
1,4,21.0,339,5,8,3,5,6,0,21
1,4,10.0,79,0,4,1,7,62,2,4
0,10,5.0,336,2,2,1,15,114,1,24
1,1,1.0,203,0,17,0,6,132,1,7
0,11,19.0,321,4,2,0,4,75,2,10
0,10,29.0,318,6,17,1,11,18,1,16
0,3,1.0,180,6,3,0,2,3,4,7
1,8,28.0,224,2,8,0,12,104,3,18
0,10,22.0,314,6,3,1,2,2,1,26
0,5,24.0,58,2,2,2,2,92,3,14
0,2,26.0,3,3,8,0,2,2,3,3
0,4,27.0,274,5,4,0,1,11,3,15
0,2,5.0,127,3,6,1,7,62,4,24
0,6,19.0,291,0,11,1,13,38,4,10
0,10,15.0,60,6,13,0,0,53,2,1
0,10,22.0,314,6,8,1,12,61,1,26
0,1,17.0,63,4,17,1,5,6,0,6
0,5,24.0,58,2,15,0,0,64,1,14
0,2,26.0,3,3,18,2,13,29,0,3
0,2,1.0,16,2,6,1,10,47,0,7
0,8,23.0,102,6,13,1,12,56,1,17
0,6,22.0,185,4,1,0,8,41,4,26
0,10,15.0,60,6,19,0,0,0,1,1
1,1,2.0,171,1,17,0,0,53,2,22
0,1,17.0,63,4,15,1,12,104,4,6
0,5,26.0,37,5,23,1,4,45,1,3
0,7,24.0,68,5,13,0,2,60,2,14
0,2,1.0,16,2,17,0,13,13,0,7
0,9,1.0,126,2,9,1,4,45,0,7
0,6,22.0,185,4,9,0,5,6,3,26
0,6,22.0,185,4,4,1,0,31,4,26
0,6,21.0,193,2,2,0,11,117,1,21
0,6,20.0,215,1,1,2,2,123,3,29
0,6,27.0,116,1,16,0,5,12,3,15
0,3,27.0,361,4,3,1,13,99,4,15
0,8,24.0,85,3,17,0,1,105,3,14
0,8,24.0,85,3,8,2,14,25,3,14
0,8,24.0,85,3,10,1,11,124,0,14
0,8,25.0,86,0,2,0,1,16,4,13
0,8,25.0,86,0,8,2,8,41,3,13
0,4,1.0,144,3,5,1,2,2,1,7
0,4,2.0,141,0,17,0,15,31,3,22
0,4,2.0,141,0,13,0,11,133,0,22
0,4,2.0,141,0,7,0,6,128,1,22
0,4,2.0,141,0,19,0,9,134,2,22
0,4,9.0,18,0,6,0,0,26,0,12
0,4,9.0,18,0,11,1,0,85,4,12
0,4,9.0,18,0,20,1,4,66,1,12
0,4,9.0,18,0,19,1,12,56,4,12
0,4,17.0,19,1,4,0,2,123,4,6
0,4,19.0,142,4,10,0,10,22,1,10
0,4,19.0,142,4,10,1,9,10,0,10
0,4,19.0,142,4,7,1,9,134,0,10
0,4,19.0,142,4,3,1,4,45,4,10
0,4,19.0,142,4,3,1,1,1,4,10
0,10,26.0,61,2,1,1,8,118,0,3
0,7,30.0,42,4,15,1,13,99,4,19
0,7,31.0,43,5,13,1,13,36,4,20
0,7,31.0,43,5,8,0,5,6,0,20
0,7,31.0,43,5,12,0,7,20,2,20
0,7,31.0,43,5,14,0,0,64,0,20
0,3,14.0,33,5,20,0,11,47,3,5
0,3,14.0,33,5,12,0,0,68,4,5
0,3,14.0,33,5,9,0,12,84,1,5
0,3,14.0,33,5,7,0,6,7,3,5
0,3,14.0,33,5,14,0,15,77,3,5
0,3,15.0,35,6,13,1,14,25,1,1
0,3,15.0,35,6,3,0,6,89,3,1
0,3,15.0,35,6,9,0,9,83,1,1
0,3,9.0,44,3,7,1,0,15,1,12
0,3,23.0,57,3,20,3,8,33,2,17
0,5,24.0,58,2,21,1,9,134,4,14
0,5,24.0,58,2,16,1,9,87,2,14
0,5,24.0,58,2,15,1,5,64,1,14
0,5,24.0,58,2,6,2,5,12,0,14
0,8,8.0,76,5,8,0,0,12,3,8
0,8,19.0,280,1,2,2,7,78,3,10
0,8,19.0,280,1,0,0,9,93,4,10
0,8,19.0,280,1,14,1,9,101,4,10
0,8,26.0,278,1,15,0,9,10,1,3
0,8,26.0,278,1,18,2,2,71,2,3
0,4,8.0,292,3,23,0,16,50,1,8
0,4,8.0,292,3,14,0,3,79,4,8
0,4,27.0,274,5,8,1,4,4,1,15
0,2,1.0,16,2,6,0,5,12,0,7
0,2,1.0,16,2,7,0,5,6,1,7
0,2,1.0,16,2,15,1,3,44,0,7
0,2,8.0,258,2,16,0,10,22,0,8
0,2,8.0,258,2,10,0,5,12,1,8
0,2,8.0,258,2,20,0,0,31,3,8
0,2,8.0,258,2,23,2,5,6,0,8
0,2,8.0,258,2,1,0,2,2,1,8
0,2,8.0,258,2,12,0,1,16,4,8
0,2,11.0,297,6,13,0,8,41,2,9
0,2,11.0,297,6,8,2,8,33,3,9
0,2,16.0,220,4,21,0,0,53,0,2
0,2,16.0,220,4,3,2,15,96,0,2
0,2,16.0,220,4,22,1,4,45,1,2
0,2,16.0,220,4,17,1,3,44,1,2
0,2,19.0,137,3,11,0,10,47,2,10
0,2,25.0,233,6,20,0,13,28,0,13
0,2,25.0,233,6,22,1,9,49,4,13
0,0,10.0,129,3,9,0,10,47,2,4
0,0,25.0,281,0,15,0,0,68,1,13
0,0,25.0,281,0,14,2,1,81,3,13
0,0,28.0,249,4,13,0,0,77,3,18
0,0,25.0,281,0,1,0,16,37,1,13
0,6,18.0,308,3,13,0,10,22,4,0
0,6,26.0,348,0,19,1,9,27,0,3
0,7,1.0,98,2,0,0,0,26,1,7
0,10,15.0,60,6,23,1,12,80,1,1
0,5,26.0,37,5,13,0,16,65,0,3
0,6,29.0,335,4,3,0,6,7,4,16
0,2,1.0,16,2,17,0,11,15,4,7
0,9,26.0,267,3,10,2,7,120,3,3
0,2,8.0,258,2,16,0,5,12,3,8
0,3,20.0,105,4,17,0,6,91,2,29
0,2,11.0,297,6,5,0,6,73,1,9
0,3,8.0,148,6,9,1,14,25,0,8
0,10,15.0,60,6,23,1,13,28,2,1
0,2,16.0,220,4,17,2,4,45,3,2
0,5,23.0,168,1,1,0,14,24,3,17
0,10,15.0,60,6,15,3,5,64,3,1
0,10,25.0,56,1,1,0,11,18,1,13
0,3,30.0,304,3,2,1,6,89,1,19
0,6,3.0,99,6,13,0,3,70,1,27
0,9,28.0,315,1,18,0,10,22,3,18
0,11,1.0,222,3,17,0,16,72,1,7
1,0,3.0,334,6,17,0,1,67,1,27
0,6,3.0,99,6,4,0,9,27,1,27
0,1,8.0,62,1,8,0,11,18,1,8
0,1,8.0,62,1,12,1,3,30,2,8
0,1,17.0,63,4,6,0,10,47,3,6
0,1,18.0,82,5,16,0,0,53,3,0
0,1,18.0,82,5,10,0,6,7,0,0
0,1,18.0,82,5,4,0,2,13,0,0
0,1,18.0,82,5,17,0,14,131,4,0
0,1,24.0,64,4,2,0,2,13,4,14
0,1,25.0,65,5,15,0,8,41,1,13
0,1,25.0,65,5,8,0,9,49,0,13
0,8,1.0,66,5,17,0,2,69,2,7
0,8,1.0,66,5,3,0,9,93,3,7
0,8,1.0,66,5,3,0,5,6,2,7
0,8,1.0,66,5,4,2,13,69,3,7
0,8,1.0,66,5,9,2,0,31,3,7
0,8,9.0,124,6,23,1,9,95,4,12
0,8,9.0,124,6,22,1,7,78,0,12
0,1,17.0,63,4,1,2,3,79,3,6
0,8,9.0,124,6,13,1,1,11,4,12
0,8,9.0,124,6,3,3,11,90,1,12
0,8,9.0,124,6,9,0,9,54,3,12
0,8,27.0,78,2,13,0,14,25,0,15
0,1,27.0,262,3,12,1,13,21,1,15
0,1,26.0,248,6,19,3,9,27,3,3
0,1,27.0,262,3,3,1,4,4,2,15
0,8,26.0,278,1,18,1,13,48,4,3
0,8,26.0,278,1,18,1,13,38,4,3
0,8,1.0,66,5,15,0,2,86,3,7
0,8,1.0,66,5,22,0,16,113,3,7
0,8,1.0,66,5,12,0,14,131,1,7
0,1,25.0,65,5,21,1,1,1,4,13
0,8,1.0,66,5,5,1,14,34,1,7
0,8,9.0,124,6,19,0,8,27,3,12
0,8,9.0,124,6,5,1,16,72,1,12
0,4,7.0,133,6,6,1,10,23,1,11
0,4,7.0,133,6,3,0,6,7,0,11
0,4,10.0,79,1,13,0,4,5,1,4
0,4,10.0,79,1,4,3,10,23,0,4
0,4,16.0,25,0,9,2,5,0,3,2
0,4,18.0,26,2,17,0,2,92,0,0
0,4,18.0,26,2,8,0,2,69,0,0
0,4,16.0,25,0,8,0,4,66,3,2
0,4,24.0,27,1,5,0,8,41,4,14
0,4,24.0,27,1,18,0,7,111,0,14
0,4,24.0,27,1,12,1,16,39,4,14
0,4,24.0,27,1,4,1,4,82,2,14
0,4,26.0,80,4,8,0,3,30,2,3
0,10,15.0,60,6,0,1,7,54,4,1
0,10,15.0,60,6,6,1,11,117,0,1
0,10,15.0,60,6,5,0,5,12,0,1
0,10,15.0,60,6,12,0,12,100,1,1
0,10,15.0,60,6,4,0,5,6,0,1
0,10,26.0,61,2,21,0,5,64,3,3
0,10,26.0,61,2,16,2,15,39,3,3
0,1,8.0,62,1,13,3,16,72,4,8
0,1,17.0,63,4,10,1,8,27,2,6
0,1,18.0,82,5,6,1,14,88,4,0
0,1,18.0,82,5,1,1,5,6,0,0
0,1,24.0,64,4,0,1,6,7,2,14
0,1,24.0,64,4,15,0,0,85,3,14
0,1,24.0,64,4,8,0,13,99,0,14
0,1,25.0,65,5,13,2,15,108,0,13
0,1,25.0,65,5,3,0,10,47,3,13
0,8,1.0,66,5,23,1,10,22,0,7
0,8,1.0,66,5,22,0,7,111,1,7
0,8,1.0,66,5,19,0,13,21,3,7
0,8,27.0,78,2,21,1,14,34,0,15
0,8,27.0,78,2,16,0,2,2,0,15
0,8,27.0,78,2,21,1,8,19,0,15
0,4,7.0,133,6,7,0,3,103,3,11
0,4,7.0,133,6,6,0,16,42,1,11
0,4,7.0,133,6,8,2,2,71,0,11
0,4,10.0,79,1,21,0,16,37,4,4
0,4,10.0,79,1,10,1,7,62,2,4
0,4,10.0,79,1,20,1,2,2,0,4
0,4,16.0,25,0,15,0,13,29,1,2
0,4,16.0,25,0,21,1,7,120,1,2
0,4,16.0,25,0,1,0,2,40,1,2
0,2,16.0,220,4,8,0,14,125,0,2
0,7,12.0,181,3,5,0,9,49,1,28
0,2,15.0,130,2,9,0,9,9,0,1
0,5,26.0,37,5,19,0,6,89,4,3
0,0,28.0,249,4,12,1,0,26,0,18
0,10,11.0,298,1,1,3,0,26,0,9
0,6,8.0,59,4,15,1,1,35,1,8
0,8,25.0,86,0,11,1,7,20,1,13
0,7,11.0,197,6,19,1,4,127,0,9
0,11,15.0,331,3,11,0,7,137,2,1
0,5,25.0,350,4,5,0,9,95,2,13
0,10,29.0,318,6,9,1,6,91,0,16
0,6,16.0,38,5,14,0,0,53,3,2
0,8,25.0,86,0,1,0,1,1,3,13
0,6,27.0,116,1,21,2,14,24,3,15
0,9,17.0,255,5,2,0,3,70,1,6
0,5,31.0,196,2,3,3,11,15,0,20
0,10,22.0,314,6,11,1,2,71,4,26
0,5,10.0,155,2,16,0,12,61,1,4
0,5,10.0,155,2,18,0,8,9,1,4
0,5,13.0,184,6,13,0,9,101,1,25
0,5,13.0,184,6,9,0,9,57,3,25
0,5,28.0,259,3,1,0,2,3,3,18
0,6,4.0,159,3,7,1,14,25,1,30
0,6,11.0,355,3,0,0,0,53,0,9
0,6,11.0,355,3,7,1,13,48,0,9
0,6,11.0,355,3,18,0,9,102,1,9
0,6,12.0,162,0,10,0,7,111,1,28
0,9,18.0,359,6,6,0,8,9,1,0
0,9,18.0,359,6,8,0,16,42,1,0
0,9,18.0,359,6,15,1,1,59,4,0
0,9,18.0,359,6,15,0,7,122,4,0
0,9,18.0,359,6,2,0,7,137,1,0
0,9,18.0,359,6,8,0,13,38,0,0
0,0,9.0,48,6,8,0,16,108,4,12
0,0,9.0,48,6,4,0,7,137,2,12
0,0,18.0,0,0,15,0,2,40,1,0
0,0,18.0,0,0,22,1,13,48,4,0
0,0,18.0,0,0,3,1,2,2,4,0
0,1,1.0,203,1,5,1,9,134,4,7
0,2,2.0,143,4,8,1,3,103,1,22
0,2,9.0,21,4,15,0,16,130,1,12
0,2,9.0,21,4,18,0,10,47,0,12
0,2,24.0,22,5,8,0,7,57,3,14
0,2,24.0,22,5,4,0,13,38,1,14
0,2,24.0,22,5,12,1,1,81,4,14
0,2,24.0,22,5,13,1,9,83,4,14
0,2,26.0,3,3,19,0,9,10,1,3
0,0,2.0,47,6,0,0,2,13,4,22
0,0,2.0,47,6,5,0,0,12,3,22
0,0,9.0,48,6,14,0,3,79,0,12
0,0,9.0,48,6,20,1,14,88,1,12
0,0,9.0,48,6,13,1,3,70,4,12
0,0,18.0,0,0,20,1,9,109,4,0
0,0,18.0,0,0,1,0,1,59,1,0
0,7,15.0,205,2,17,3,5,6,1,1
0,5,1.0,109,0,11,3,7,129,4,7
0,6,9.0,236,5,14,0,12,17,2,12
0,9,19.0,234,3,17,0,5,12,0,10
0,9,20.0,119,0,15,0,5,0,2,29
0,11,11.0,175,2,14,0,6,128,2,9
0,9,20.0,119,0,18,1,6,89,1,29
0,9,20.0,119,0,23,3,15,96,0,29
0,7,2.0,160,4,5,0,2,92,1,22
0,7,2.0,160,4,20,0,3,103,1,22
0,7,2.0,160,4,1,2,2,2,1,22
0,7,4.0,186,6,11,0,9,49,0,30
0,7,4.0,186,6,19,0,8,9,1,30
0,7,12.0,181,3,22,0,1,59,2,28
0,7,12.0,181,3,8,1,1,81,4,28
0,7,12.0,181,3,18,0,2,86,1,28
0,7,11.0,197,6,2,0,16,130,2,9
0,7,13.0,238,0,1,1,10,52,1,25
0,7,28.0,34,1,0,0,13,28,1,18
0,3,2.0,120,3,16,0,13,29,1,22
0,3,3.0,182,0,1,0,0,26,0,27
0,5,13.0,184,6,21,0,9,134,0,25
0,6,12.0,162,0,17,1,9,109,4,28
0,3,27.0,361,4,23,0,7,120,4,15
0,6,19.0,291,0,21,0,14,24,1,10
0,6,19.0,291,0,13,1,15,96,4,10
0,6,19.0,291,0,1,0,6,7,2,10
0,6,19.0,291,0,22,1,15,31,4,10
0,6,19.0,291,0,20,1,0,15,4,10
0,6,19.0,291,0,20,1,3,70,4,10
0,6,19.0,291,0,12,1,10,22,2,10
0,6,19.0,291,0,3,1,12,56,1,10
0,6,20.0,215,1,8,2,8,9,3,29
0,6,20.0,215,1,2,0,8,19,3,29
0,6,20.0,215,1,18,2,0,31,3,29
0,6,21.0,193,2,17,2,13,48,3,21
0,6,21.0,193,2,18,0,13,36,4,21
0,10,26.0,61,2,4,0,16,74,1,3
0,6,27.0,116,1,21,0,4,75,1,15
0,8,25.0,86,0,7,1,16,113,4,13
0,5,3.0,161,2,15,0,13,48,3,27
0,3,26.0,343,2,3,0,2,86,0,3
0,6,18.0,308,3,18,0,8,27,1,0
0,10,26.0,61,2,4,0,0,26,3,3
0,3,25.0,347,1,16,0,0,31,1,13
0,8,25.0,86,0,19,0,12,61,2,13
0,5,4.0,114,4,17,0,1,35,4,30
0,6,18.0,308,3,5,1,8,19,0,0
0,10,26.0,61,2,18,0,2,86,4,3
0,5,7.0,349,3,17,0,14,24,1,11
0,6,27.0,116,1,3,0,15,46,3,15
0,5,4.0,114,4,5,0,11,15,1,30
0,6,17.0,244,6,12,0,3,115,1,6
0,2,8.0,258,2,9,3,6,89,0,8
0,6,27.0,116,1,11,1,1,11,4,15
0,4,2.0,141,0,3,0,13,21,0,22
0,5,10.0,155,2,6,1,14,107,1,4
0,6,26.0,348,0,6,0,14,34,3,3
0,1,8.0,62,1,6,0,5,12,3,8
0,6,6.0,83,1,19,0,11,117,2,23
0,10,25.0,56,1,19,1,1,35,0,13
0,10,16.0,201,3,13,1,14,131,1,2
0,10,23.0,247,3,2,1,9,93,4,17
0,2,16.0,220,4,19,0,13,48,1,2
0,2,16.0,220,4,1,0,6,7,1,2
0,2,16.0,220,4,4,2,8,27,3,2
0,2,19.0,137,3,13,1,6,128,1,10
0,2,25.0,233,6,19,2,5,6,0,13
0,6,18.0,308,3,20,0,1,67,4,0
0,6,26.0,348,0,18,0,13,29,1,3
0,1,2.0,171,2,9,1,11,18,1,22
0,3,28.0,187,5,6,0,6,132,1,18
0,3,28.0,187,5,12,0,4,136,1,18
0,3,28.0,187,5,14,1,12,17,0,18
0,5,3.0,161,2,8,0,5,64,1,27
0,5,4.0,114,4,19,2,1,59,0,30
0,5,3.0,161,2,14,0,8,19,0,27
0,5,4.0,114,4,18,2,1,81,3,30
0,3,28.0,187,5,22,0,5,6,3,18
0,5,10.0,155,2,6,1,9,109,4,4
0,5,13.0,184,6,2,0,12,80,1,25
0,5,13.0,184,6,12,0,10,23,1,25
0,5,28.0,259,3,22,2,2,60,0,18
1,5,28.0,259,6,16,0,2,69,4,18
0,6,4.0,159,3,6,1,10,47,0,30
0,6,4.0,159,3,15,2,13,28,0,30
0,6,4.0,159,3,1,0,0,0,3,30
0,6,12.0,162,0,16,0,2,60,0,28
0,6,12.0,162,0,20,1,0,68,0,28
0,6,12.0,162,0,3,1,7,137,4,28
0,6,11.0,355,3,14,3,9,27,3,9
0,6,19.0,291,0,0,2,7,111,3,10
0,6,19.0,291,0,2,0,3,30,3,10
0,6,20.0,215,1,7,0,15,51,1,29
0,9,20.0,119,0,18,0,11,122,4,29
0,9,19.0,234,3,13,1,1,81,4,10
0,9,19.0,234,3,2,0,2,86,1,10
0,9,20.0,119,0,15,1,4,66,1,29
0,9,21.0,362,1,21,1,1,105,0,21
0,9,21.0,362,1,15,0,10,52,0,21
0,9,21.0,362,1,12,1,10,12,0,21
0,9,27.0,179,0,15,1,1,16,4,15
0,7,2.0,160,4,23,0,13,36,1,22
0,7,2.0,160,4,8,0,4,82,2,22
0,7,2.0,160,4,12,0,10,12,1,22
0,7,2.0,160,4,18,0,4,4,1,22
0,7,4.0,186,6,8,0,3,115,2,30
0,7,11.0,197,6,15,0,11,98,2,9
0,7,11.0,197,6,12,0,12,121,1,9
0,1,29.0,112,1,4,2,0,12,3,16
1,8,1.0,66,4,17,1,13,38,1,7
0,8,18.0,75,0,19,0,2,2,1,0
0,8,18.0,75,0,19,0,5,6,0,0
0,2,9.0,21,4,4,1,5,64,0,12
0,10,25.0,56,1,16,0,16,42,3,13
0,10,1.0,208,6,17,0,14,24,1,7
0,5,26.0,37,5,5,0,1,67,0,3
0,6,8.0,59,4,4,0,13,36,4,8
0,6,16.0,38,5,18,0,13,99,3,2
0,6,25.0,39,3,17,1,7,111,4,13
0,6,25.0,39,3,15,0,3,115,3,13
0,3,15.0,35,6,17,1,9,87,0,1
0,10,15.0,60,6,6,0,4,5,1,1
0,10,15.0,60,6,11,0,8,19,4,1
0,10,15.0,60,6,8,0,6,116,2,1
0,10,15.0,60,6,1,3,8,9,1,1
0,10,26.0,61,2,17,1,14,25,1,3
0,10,26.0,61,2,0,1,1,11,0,3
0,1,8.0,62,1,17,0,2,2,1,8
0,1,8.0,62,1,16,0,0,53,3,8
0,1,8.0,62,1,12,0,13,48,4,8
0,5,10.0,155,2,12,0,1,1,1,4
0,4,9.0,18,0,0,0,16,74,1,12
0,10,18.0,246,1,9,0,3,79,0,0
0,5,24.0,58,2,14,0,2,86,3,14
0,6,27.0,116,1,3,0,13,69,3,15
0,5,24.0,58,2,11,1,10,23,1,14
0,5,13.0,184,6,22,1,4,82,1,25
0,10,26.0,61,2,0,0,8,9,0,3
0,6,22.0,185,4,13,1,6,128,4,26
0,5,26.0,37,5,6,1,9,57,0,3
0,4,9.0,18,0,11,0,6,7,0,12
0,4,9.0,18,0,9,0,4,75,1,12
0,8,15.0,72,5,13,0,6,91,2,1
0,4,17.0,19,1,2,1,14,126,4,6
0,4,17.0,19,1,14,0,13,28,0,6
0,4,17.0,19,1,18,0,5,6,1,6
0,4,25.0,20,2,18,3,3,76,0,13
0,10,22.0,314,6,9,0,6,89,1,26
0,10,22.0,314,6,22,1,10,22,2,26
0,11,29.0,270,3,12,0,8,9,0,16
0,7,3.0,269,5,19,0,4,5,1,27
0,8,22.0,354,5,9,0,11,117,0,26
0,3,9.0,44,3,12,0,0,77,1,12
0,3,14.0,33,5,17,0,8,118,4,5
0,1,24.0,64,4,6,2,6,89,2,14
0,9,13.0,91,0,17,3,9,83,4,25
0,9,16.0,107,4,14,1,0,12,0,2
0,7,6.0,93,0,18,0,2,69,2,23
0,4,7.0,133,6,3,0,4,79,4,11
0,8,1.0,66,5,18,2,5,6,1,7
0,4,7.0,133,6,2,1,5,12,0,11
0,4,16.0,25,0,17,0,11,117,1,2
0,7,17.0,95,5,14,0,6,128,1,6
0,7,30.0,42,4,2,2,9,54,3,19
0,7,30.0,42,4,1,2,8,9,0,19
0,3,9.0,44,3,11,2,5,6,0,12
0,3,9.0,44,3,20,1,1,59,4,12
0,3,14.0,33,5,23,0,10,52,2,5
0,3,14.0,33,5,11,0,5,6,1,5
0,6,25.0,39,3,8,2,2,2,2,13
0,10,15.0,60,6,21,1,2,2,0,1
0,2,2.0,143,4,0,0,0,12,3,22
0,2,2.0,143,4,13,0,6,91,2,22
0,2,9.0,21,4,15,0,16,113,2,12
0,0,2.0,47,6,8,1,15,112,4,22
0,0,9.0,48,6,13,0,12,56,2,12
0,0,9.0,48,6,18,0,1,1,1,12
0,2,24.0,22,5,15,0,7,57,3,14
0,2,24.0,22,5,1,0,12,100,4,14
0,2,26.0,3,3,2,2,2,71,4,3
0,2,26.0,3,3,22,3,14,25,0,3
0,0,9.0,48,6,6,2,2,2,1,12
0,0,9.0,48,6,6,3,13,48,3,12
0,0,9.0,48,6,8,0,8,41,1,12
0,0,9.0,48,6,9,0,15,112,1,12
0,0,9.0,48,6,14,0,6,89,1,12
0,0,18.0,0,0,13,0,1,1,2,0
0,0,18.0,0,0,3,2,4,4,3,0
0,0,18.0,0,0,3,1,9,58,4,0
0,0,18.0,0,0,14,0,13,28,4,0
0,3,10.0,4,0,15,0,8,41,2,4
0,3,29.0,325,6,5,0,2,86,2,16
0,7,31.0,43,5,17,0,13,69,1,20
0,4,16.0,25,0,23,0,5,6,0,2
0,4,24.0,27,1,15,0,0,12,0,14
0,2,18.0,7,6,18,2,7,111,0,0
0,2,10.0,28,5,20,1,4,79,1,4
0,6,8.0,59,4,1,1,10,52,1,8
0,6,8.0,59,4,1,1,10,52,0,8
0,6,25.0,39,3,5,1,11,15,4,13
0,3,15.0,35,6,15,0,16,72,3,1
0,3,15.0,35,6,15,0,13,29,1,1
0,3,15.0,35,6,12,0,16,39,4,1
0,3,22.0,166,6,18,1,14,126,4,26
0,3,22.0,166,6,9,0,16,130,4,26
0,8,24.0,85,3,19,1,11,124,0,14
0,8,25.0,86,0,19,0,7,20,0,13
0,4,1.0,144,3,11,0,15,12,3,7
0,4,1.0,144,3,18,2,4,82,3,7
0,4,9.0,18,0,20,0,9,101,0,12
0,4,9.0,18,0,12,2,12,61,3,12
0,4,17.0,19,1,8,0,6,14,3,6
0,4,17.0,19,1,1,0,15,85,1,6
0,4,9.0,18,0,22,0,4,79,2,12
0,4,19.0,142,4,7,1,9,134,0,10
0,3,23.0,57,3,3,0,2,71,4,17
0,3,23.0,57,3,12,1,1,67,4,17
0,3,23.0,57,3,8,1,1,16,4,17
0,5,14.0,36,3,14,0,9,57,1,5
0,5,13.0,184,6,5,1,10,23,1,25
0,6,30.0,145,5,3,1,14,106,4,19
0,6,8.0,59,4,10,0,9,49,1,8
0,10,4.0,356,1,21,1,15,112,4,30
0,5,28.0,259,3,13,0,14,34,1,18
0,6,4.0,159,3,2,2,2,71,0,30
1,1,17.0,63,2,15,0,8,118,3,6
0,10,4.0,356,1,10,1,13,99,0,30
0,6,4.0,159,3,14,0,2,2,3,30
0,6,29.0,335,4,19,0,0,26,1,16
0,6,11.0,355,3,11,0,2,92,1,9
0,10,4.0,356,1,22,0,8,41,4,30
0,6,8.0,59,4,15,0,0,68,3,8
0,6,11.0,355,3,8,0,7,78,3,9
0,6,8.0,59,4,11,2,6,132,0,8
0,6,8.0,59,4,12,0,13,48,1,8
0,6,8.0,59,4,12,0,3,30,1,8
0,6,16.0,38,5,16,0,0,12,3,2
0,6,16.0,38,5,12,0,16,65,0,2
0,6,16.0,38,5,19,1,10,22,4,2
0,6,16.0,38,5,18,2,11,18,3,2
0,6,25.0,39,3,8,0,5,12,0,13
0,10,15.0,60,6,0,1,1,1,4,1
0,10,15.0,60,6,7,1,3,76,1,1
0,10,15.0,60,6,11,2,6,128,3,1
0,10,15.0,60,6,18,2,13,38,3,1
0,10,15.0,60,6,18,1,6,7,0,1
0,10,26.0,61,2,17,1,14,34,0,3
0,10,26.0,61,2,7,0,9,93,4,3
0,10,26.0,61,2,5,0,3,76,3,3
0,10,26.0,61,2,19,2,16,72,2,3
0,5,14.0,36,3,19,0,15,39,2,5
0,5,14.0,36,3,19,0,12,61,1,5
0,5,14.0,36,3,19,2,4,4,3,5
0,5,14.0,36,3,12,2,4,4,1,5
0,5,14.0,36,3,14,0,14,32,3,5
0,5,24.0,58,2,0,0,5,6,0,14
0,5,24.0,58,2,20,1,5,12,2,14
0,5,24.0,58,2,4,0,4,66,3,14
0,5,24.0,58,2,3,0,5,6,3,14
0,5,24.0,58,2,14,0,2,86,2,14
0,5,26.0,37,5,16,1,7,111,0,3
0,5,26.0,37,5,3,0,15,96,0,3
0,5,26.0,37,5,8,0,2,13,0,3
0,5,26.0,37,5,12,0,13,48,3,3
0,6,8.0,59,4,0,0,6,116,3,8
0,6,16.0,38,5,21,1,15,119,0,2
0,6,16.0,38,5,22,0,0,77,4,2
0,6,16.0,38,5,5,2,12,56,2,2
0,6,25.0,39,3,17,0,2,40,3,13
0,6,25.0,39,3,2,2,4,4,3,13
0,5,4.0,114,4,6,0,5,12,3,30
0,5,3.0,161,2,1,0,16,50,1,27
0,5,4.0,114,4,14,0,5,6,2,30
0,5,4.0,114,4,14,0,12,104,3,30
0,5,10.0,155,2,21,0,10,47,3,4
0,5,10.0,155,2,5,0,14,24,0,4
0,5,10.0,155,2,8,0,8,41,1,4
0,5,10.0,155,2,12,0,7,78,1,4
0,5,10.0,155,2,4,0,1,11,3,4
0,5,13.0,184,6,22,0,5,64,2,25
0,5,13.0,184,6,11,1,12,61,1,25
0,5,28.0,259,3,21,1,10,52,1,18
0,5,28.0,259,3,23,0,2,86,1,18
0,5,28.0,259,3,4,0,6,7,4,18
0,5,28.0,259,3,16,1,10,52,4,18
0,5,28.0,259,3,19,1,0,0,4,18
0,5,28.0,259,3,14,1,14,32,4,18
0,10,15.0,60,6,22,0,10,22,1,1
0,3,14.0,33,5,14,0,15,114,1,5
0,3,14.0,33,5,9,0,6,132,4,5
0,3,14.0,33,5,9,0,7,20,4,5
0,3,14.0,33,5,11,0,15,114,2,5
0,3,14.0,33,5,2,0,9,9,3,5
0,3,15.0,35,6,1,0,6,89,3,1
0,10,26.0,61,2,22,1,6,116,4,3
0,6,11.0,355,3,4,0,6,7,4,9
0,10,26.0,61,2,6,0,8,9,1,3
0,1,8.0,62,1,20,0,12,61,1,8
0,6,11.0,355,3,6,0,16,139,1,9
0,10,15.0,60,6,19,0,3,115,3,1
0,6,11.0,355,3,1,0,10,22,3,9
0,10,4.0,356,1,12,0,1,11,0,30
0,1,8.0,62,1,4,0,0,77,3,8
0,6,12.0,162,0,19,0,8,118,4,28
0,10,19.0,117,2,16,0,10,6,0,10
0,1,17.0,63,4,6,0,5,6,1,6
0,6,12.0,162,0,14,0,4,136,4,28
0,1,17.0,63,4,9,0,6,89,1,6
0,6,11.0,355,3,8,0,0,0,2,9
0,5,13.0,184,6,14,0,3,79,3,25
0,5,13.0,184,6,20,1,12,100,4,25
0,5,28.0,259,3,13,0,8,33,0,18
0,6,12.0,162,0,5,0,10,47,2,28
0,6,19.0,291,0,12,0,2,2,1,10
0,6,20.0,215,1,18,0,5,12,0,29
0,6,20.0,215,1,1,3,14,25,0,29
0,6,21.0,193,2,4,0,0,53,0,21
0,6,22.0,185,4,4,0,3,44,4,26
0,6,27.0,116,1,23,0,9,54,1,15
0,10,19.0,117,2,17,0,3,30,1,10
0,10,19.0,117,2,14,0,12,61,4,10
0,10,27.0,302,4,11,0,0,64,1,15
0,10,27.0,302,4,22,0,5,12,1,15
0,10,30.0,157,3,8,2,14,25,3,19
0,10,30.0,157,3,15,1,6,7,1,19
0,1,3.0,188,4,0,3,5,12,1,27
0,1,3.0,188,4,9,0,16,42,3,27
0,1,4.0,286,5,16,0,1,105,4,30
0,1,4.0,286,5,16,0,6,7,4,30
0,1,4.0,286,5,10,0,5,12,3,30
0,6,12.0,162,0,11,1,16,42,1,28
0,6,19.0,291,0,0,1,0,15,1,10
0,6,19.0,291,0,21,2,7,111,3,10
0,10,16.0,201,3,8,0,9,10,3,2
0,8,26.0,278,1,3,1,8,27,1,3
0,0,3.0,334,3,7,0,14,24,3,27
0,0,3.0,334,3,15,0,6,7,2,27
0,0,3.0,334,3,1,0,1,59,4,27
0,0,10.0,129,3,22,0,13,48,0,4
0,0,10.0,129,3,5,0,1,11,4,4
0,0,10.0,129,3,22,1,12,80,4,4
0,2,6.0,251,0,17,0,0,31,1,23
0,2,12.0,128,3,13,0,9,83,0,28
0,3,18.0,165,1,2,0,4,4,1,0
0,4,28.0,218,6,13,0,10,47,1,18
1,7,1.0,98,1,11,0,13,29,1,7
0,0,24.0,55,3,20,0,10,22,1,14
0,10,3.0,310,0,17,0,9,134,4,27
0,11,1.0,222,3,13,0,16,72,4,7
0,1,12.0,353,6,22,3,6,14,0,28
0,8,30.0,103,6,1,0,3,79,1,19
0,4,14.0,345,6,18,0,0,96,3,5
0,6,9.0,236,5,7,0,12,100,1,12
0,2,24.0,22,5,11,1,10,47,1,14
0,1,10.0,17,4,19,0,11,90,1,4
0,8,7.0,70,4,20,1,13,38,1,11
0,8,25.0,86,0,12,1,0,0,1,13
0,4,19.0,142,4,22,1,13,21,4,10
0,4,25.0,20,2,21,0,5,12,3,13
0,4,25.0,20,2,13,0,8,41,4,13
0,4,25.0,20,2,3,0,10,43,1,13
0,4,25.0,20,2,12,0,2,2,1,13
0,4,25.0,20,2,2,0,0,64,1,13
0,4,25.0,20,2,13,1,3,103,4,13
0,4,25.0,20,2,1,0,8,41,3,13
0,2,2.0,143,4,21,1,11,129,0,22
0,2,9.0,21,4,23,0,13,69,4,12
0,2,9.0,21,4,3,0,4,79,3,12
0,1,17.0,63,4,1,0,2,86,0,6
0,1,18.0,82,5,17,0,10,52,1,0
0,1,18.0,82,5,17,2,5,0,3,0
0,10,19.0,117,2,16,0,9,95,1,10
0,1,18.0,82,5,20,0,16,42,1,0
0,10,19.0,117,2,16,2,10,22,3,10
0,1,18.0,82,5,3,0,10,23,1,0
0,10,19.0,117,2,23,0,7,137,1,10
0,5,4.0,114,4,6,1,6,7,0,30
0,10,19.0,117,2,21,1,8,27,0,10
0,5,4.0,114,4,4,0,12,121,3,30
0,10,19.0,117,2,16,1,14,25,0,10
0,5,10.0,155,2,21,0,8,41,1,4
0,10,27.0,302,4,21,1,2,2,0,15
0,5,10.0,155,2,22,0,10,43,3,4
0,5,10.0,155,2,9,0,12,80,2,4
0,1,28.0,300,0,13,1,12,56,1,18
0,4,20.0,115,5,8,0,4,75,4,29
0,6,11.0,355,3,1,0,1,16,3,9
1,4,28.0,218,5,13,0,7,120,0,18
0,5,10.0,155,2,5,0,4,66,3,4
0,3,27.0,361,4,17,1,12,61,0,15
0,3,28.0,187,5,17,0,13,21,4,18
0,3,28.0,187,5,3,0,10,22,0,18
0,3,28.0,187,5,3,1,11,133,4,18
0,10,29.0,318,6,18,0,6,89,1,16
0,1,19.0,29,6,19,1,14,25,4,10
0,10,20.0,223,4,8,0,13,21,3,29
0,8,28.0,224,4,23,1,3,70,4,18
0,4,6.0,176,5,20,1,0,12,1,23
0,7,10.0,329,5,20,1,8,118,1,4
0,7,27.0,53,0,4,1,5,6,2,15
0,1,18.0,82,5,11,1,5,12,0,0
0,1,18.0,82,5,18,0,6,89,1,0
0,1,18.0,82,5,2,0,2,2,1,0
0,1,18.0,82,5,1,0,2,71,1,0
0,1,17.0,63,4,4,1,14,110,0,6
0,1,25.0,65,5,18,0,16,37,3,13
0,1,18.0,82,5,22,1,11,117,1,0
0,8,1.0,66,5,10,0,8,9,0,7
0,8,1.0,66,5,20,0,10,43,1,7
0,8,1.0,66,5,2,0,14,25,1,7
0,8,1.0,66,5,12,0,16,42,1,7
0,8,1.0,66,5,2,2,7,20,3,7
0,4,7.0,133,6,11,1,16,50,4,11
0,4,10.0,79,1,6,0,16,74,4,4
0,10,26.0,61,2,1,2,1,67,0,3
0,1,8.0,62,1,2,0,12,61,4,8
0,1,8.0,62,1,10,1,8,118,1,8
0,1,8.0,62,1,9,0,15,114,4,8
0,1,17.0,63,4,12,0,8,41,1,6
0,1,18.0,82,5,16,0,15,39,3,0
0,10,25.0,56,1,9,1,0,0,4,13
0,10,25.0,56,1,12,1,15,31,1,13
0,1,26.0,248,6,8,0,9,49,1,3
0,4,8.0,292,3,15,0,11,58,2,8
0,0,27.0,23,2,9,1,9,93,1,15
0,1,24.0,64,4,17,3,12,61,3,14
0,1,25.0,65,5,14,0,13,38,0,13
0,1,25.0,65,5,1,1,11,58,4,13
0,8,1.0,66,5,12,0,16,72,2,7
0,8,9.0,124,6,0,1,11,15,4,12
0,8,9.0,124,6,13,0,14,32,1,12
0,8,9.0,124,6,4,0,2,2,3,12
0,8,27.0,78,2,0,0,4,4,1,15
0,4,7.0,133,6,8,0,8,27,2,11
0,4,7.0,133,6,3,1,11,122,1,11
0,1,8.0,62,1,16,2,10,43,1,8
0,1,8.0,62,1,16,0,13,38,3,8
0,1,8.0,62,1,8,0,7,20,0,8
0,1,13.0,207,3,17,1,2,71,4,25
0,10,27.0,302,4,5,2,11,98,0,15
0,10,27.0,302,4,16,1,9,10,0,15
0,6,20.0,215,1,6,1,14,131,4,29
0,6,19.0,291,0,4,1,14,24,1,10
0,6,19.0,291,0,15,1,5,6,2,10
0,6,21.0,193,2,17,0,6,132,1,21
0,6,21.0,193,2,4,0,5,6,1,21
0,6,21.0,193,2,14,0,1,59,2,21
0,6,21.0,193,2,17,3,12,84,3,21
0,6,22.0,185,4,19,0,1,67,0,26
0,6,21.0,193,2,14,1,16,50,2,21
0,6,27.0,116,1,0,0,5,12,3,15
0,6,27.0,116,1,16,0,15,39,1,15
0,6,27.0,116,1,21,1,6,7,0,15
0,6,27.0,116,1,19,0,12,56,1,15
0,6,27.0,116,1,1,0,5,64,3,15
0,6,30.0,145,5,21,1,4,66,0,19
0,6,30.0,145,5,3,0,13,48,4,19
0,1,16.0,2,2,3,1,9,54,1,2
0,1,16.0,2,2,17,0,9,49,1,2
0,0,3.0,334,3,11,2,6,128,0,27
0,0,28.0,249,4,6,0,2,71,1,18
0,0,28.0,249,4,22,0,0,64,0,18
0,10,18.0,246,1,13,1,13,38,1,0
0,1,2.0,171,2,16,0,0,26,0,22
0,1,27.0,262,3,8,1,0,53,1,15
0,8,2.0,77,6,15,1,3,30,1,22
0,6,30.0,145,5,22,2,9,27,3,19
0,6,30.0,145,5,22,0,9,54,3,19
0,6,30.0,145,5,11,0,14,25,0,19
0,10,4.0,356,1,10,0,16,74,2,30
0,6,30.0,145,5,19,1,14,126,4,19
0,0,12.0,113,1,16,0,6,7,2,28
0,10,4.0,356,1,4,0,16,37,1,30
0,10,4.0,356,1,19,0,1,105,3,30
0,10,4.0,356,1,1,0,0,0,3,30
0,9,27.0,179,0,9,1,16,50,1,15
0,7,2.0,160,4,5,3,13,48,1,22
0,7,12.0,181,3,18,2,0,31,3,28
0,7,18.0,154,6,2,0,9,95,1,0
0,7,18.0,154,6,20,1,11,98,4,0
0,3,2.0,120,3,22,1,3,30,4,22
0,3,2.0,120,3,3,1,12,80,1,22
0,3,3.0,182,0,19,0,3,115,4,27
0,3,27.0,361,4,1,0,10,43,1,15
0,3,28.0,187,5,3,2,2,86,3,18
0,5,4.0,114,4,0,0,7,20,3,30
0,1,17.0,63,4,12,0,6,89,4,6
0,1,17.0,63,4,14,0,7,78,2,6
0,1,8.0,62,1,13,1,14,126,1,8
0,1,17.0,63,4,9,0,8,9,1,6
0,1,24.0,64,4,5,0,1,1,3,14
0,1,24.0,64,4,19,0,11,15,3,14
0,1,25.0,65,5,6,2,1,105,3,13
0,1,25.0,65,5,12,0,12,17,3,13
0,1,25.0,65,5,20,1,9,93,1,13
0,8,1.0,66,5,11,0,2,2,3,7
0,6,8.0,59,4,18,0,9,83,3,8
0,6,8.0,59,4,13,1,6,7,2,8
0,11,14.0,147,6,13,3,2,69,1,5
2,4,1.0,141,1,0,2,16,108,1,7
2,8,27.0,224,5,9,2,8,9,1,15
3,2,23.0,230,3,2,0,6,116,1,17
2,1,27.0,300,1,9,0,0,26,0,15
2,4,1.0,141,1,0,1,2,40,2,7
3,3,28.0,187,0,14,1,11,18,1,18
2,8,28.0,301,6,4,0,1,1,0,18
2,4,1.0,141,1,20,0,6,89,1,7
2,4,1.0,141,1,13,0,1,11,4,7
3,2,23.0,230,3,14,1,13,29,1,17
3,5,30.0,294,5,4,1,15,51,4,19
2,8,29.0,103,3,14,0,8,9,0,16
2,6,18.0,291,1,6,0,1,11,4,0
3,9,10.0,156,0,4,0,0,26,1,4
2,4,5.0,176,6,12,0,7,62,3,24
2,8,10.0,306,1,1,2,5,12,1,4
2,6,15.0,38,6,6,1,4,138,4,1
3,7,12.0,181,2,8,0,16,50,1,28
3,0,8.0,9,0,15,1,6,132,4,8
3,2,23.0,230,3,3,0,14,24,2,17
3,0,23.0,237,1,6,1,1,105,0,17
3,0,23.0,237,1,15,1,0,12,1,17
2,7,18.0,330,0,17,1,0,0,2,0
2,3,1.0,120,0,19,1,3,76,4,7
2,3,8.0,44,0,14,0,2,86,3,8
2,11,5.0,240,5,13,1,9,63,4,24
3,2,19.0,137,2,18,1,7,111,0,10
3,0,10.0,129,2,1,1,15,31,0,4
0,0,30.0,228,6,1,1,16,37,0,19
2,4,25.0,80,5,9,1,3,79,0,13
2,11,7.0,253,3,19,0,7,78,2,11
2,11,24.0,194,2,10,0,8,41,1,14
2,9,8.0,90,4,0,0,9,134,0,8
2,9,8.0,90,4,21,1,9,87,4,8
2,3,27.0,187,6,4,0,0,26,3,15
2,5,17.0,195,5,1,0,6,132,1,6
2,5,17.0,195,5,15,0,4,136,2,6
2,2,2.0,282,6,19,0,4,138,4,22
2,9,16.0,107,5,3,0,4,82,1,2
2,11,24.0,194,2,21,0,4,82,1,14
2,7,2.0,269,6,1,0,7,20,1,22
2,7,9.0,329,6,20,1,4,75,4,12
2,7,9.0,329,6,4,2,2,2,3,12
2,9,24.0,272,6,8,0,5,6,2,14
2,3,3.0,285,2,6,2,8,19,3,27
2,3,18.0,138,4,9,0,2,86,2,0
2,3,26.0,361,5,13,0,10,22,1,3
2,3,26.0,361,5,3,2,14,106,3,3
2,3,26.0,361,5,4,0,13,123,4,3
2,5,3.0,114,5,16,2,8,27,3,27
2,8,4.0,101,2,19,1,13,99,0,30
2,8,10.0,306,1,10,0,11,15,2,4
2,8,10.0,306,1,22,0,14,34,1,4
2,8,10.0,306,1,3,0,10,22,1,4
2,8,10.0,306,1,4,1,7,57,4,4
2,8,11.0,284,2,16,0,10,22,1,9
2,8,11.0,284,2,9,2,10,22,3,9
2,7,12.0,238,1,17,1,12,83,4,28
2,7,1.0,160,5,3,0,14,106,1,7
2,7,3.0,186,3,6,0,10,52,1,27
3,10,21.0,341,0,11,1,10,47,1,21
3,2,5.0,127,2,18,1,15,51,0,24
2,11,16.0,225,1,18,1,3,44,0,2
2,7,28.0,268,4,6,0,2,69,4,18
2,5,8.0,206,2,11,0,0,15,2,8
2,5,27.0,259,0,19,1,16,65,0,15
2,7,10.0,197,3,23,0,10,47,0,4
2,7,10.0,197,3,3,1,4,45,4,4
2,3,19.0,105,5,20,1,13,38,0,10
2,3,25.0,343,4,20,1,13,123,0,13
2,3,25.0,343,4,8,1,9,54,4,13
2,5,8.0,206,2,13,0,2,86,1,8
2,5,8.0,206,2,12,2,8,41,3,8
2,5,18.0,146,6,0,0,10,23,1,0
2,5,18.0,146,6,12,0,8,33,3,0
2,5,25.0,37,6,17,0,5,6,0,13
2,5,25.0,37,6,13,0,15,114,2,13
2,5,27.0,259,0,16,1,3,44,1,15
2,5,18.0,146,6,16,0,15,114,2,0
2,6,10.0,355,0,22,2,8,33,3,4
2,6,18.0,291,1,19,0,5,6,3,0
2,5,8.0,206,2,17,0,9,58,4,8
2,5,18.0,146,6,4,1,0,12,0,0
2,8,3.0,299,1,9,1,8,19,0,27
2,8,12.0,189,4,3,0,6,7,2,28
2,6,18.0,291,1,1,0,2,69,3,0
2,6,29.0,145,6,16,0,10,22,3,16
2,6,29.0,145,6,20,0,1,59,3,16
2,10,1.0,358,0,17,1,3,115,1,7
2,10,1.0,358,0,1,1,5,12,0,7
2,10,2.0,310,1,9,1,6,7,0,22
3,10,7.0,243,0,12,1,14,34,0,11
3,11,6.0,252,0,18,0,15,46,1,23
2,0,31.0,365,1,4,0,5,12,2,20
3,11,8.0,283,2,19,1,9,58,4,8
3,11,16.0,225,4,18,2,15,51,0,2
3,11,6.0,252,0,8,1,8,41,1,23
3,9,26.0,267,2,13,0,12,61,4,3
2,0,31.0,365,1,21,1,9,49,4,20
2,8,30.0,144,0,17,0,1,11,4,19
2,11,30.0,170,1,13,1,5,6,2,19
3,6,17.0,244,1,10,0,4,82,3,6
3,1,17.0,63,3,3,1,9,93,4,6
2,7,15.0,40,5,8,3,10,47,2,1
2,7,15.0,40,5,1,0,2,86,1,1
2,5,16.0,212,4,19,1,14,88,4,2
2,5,15.0,239,2,14,0,2,86,4,1
3,0,7.0,15,3,17,2,8,27,2,11
2,6,18.0,291,1,12,0,0,53,3,0
3,9,17.0,255,0,13,1,2,92,1,6
2,3,25.0,343,4,1,3,9,102,0,13
2,6,18.0,291,1,2,2,16,130,1,0
3,5,5.0,96,0,8,0,11,94,3,24
2,1,29.0,100,4,12,0,2,86,2,16
3,9,11.0,52,1,13,1,10,52,0,9
2,4,5.0,176,6,12,2,5,12,3,24
3,5,1.0,109,4,22,1,10,22,1,7
0,4,1.0,144,3,17,0,2,13,1,7
2,6,1.0,352,6,16,0,2,86,1,7
2,4,1.0,141,1,23,0,0,64,2,7
2,8,1.0,77,3,15,0,4,136,1,7
2,8,11.0,284,2,17,2,9,101,2,9
2,8,11.0,284,2,16,0,10,47,1,9
3,7,12.0,181,2,9,0,7,137,1,28
2,4,5.0,176,6,1,2,3,103,3,24
3,9,12.0,177,2,0,0,3,76,4,28
2,7,13.0,125,2,9,1,7,62,4,25
2,8,1.0,77,3,8,0,1,11,1,7
3,3,5.0,324,6,4,0,2,40,4,24
2,4,12.0,221,6,3,1,13,99,4,28
3,9,19.0,234,2,5,0,10,47,2,10
2,3,14.0,35,3,18,0,4,5,1,5
2,5,2.0,161,4,9,3,0,15,0,22
2,8,2.0,363,0,3,0,14,25,1,22
2,6,2.0,99,3,6,0,14,25,2,22
2,8,2.0,363,0,9,1,9,10,4,22
2,10,2.0,310,1,16,0,15,31,0,22
2,0,22.0,237,3,22,1,16,113,2,26
2,8,11.0,284,2,14,2,3,103,3,9
2,10,27.0,216,6,17,1,4,138,4,15
3,9,19.0,234,2,2,2,13,38,2,10
2,5,8.0,206,2,12,0,14,126,1,8
2,1,27.0,300,1,3,1,10,22,0,15
2,1,27.0,300,1,12,0,0,77,0,15
2,4,3.0,178,4,0,1,10,47,1,27
2,1,4.0,219,3,20,0,2,60,3,30
3,9,21.0,362,5,13,2,3,30,2,21
2,1,2.0,188,5,3,0,5,12,3,22
2,5,18.0,146,6,19,3,11,58,0,0
2,6,1.0,352,6,5,1,12,80,4,7
2,0,3.0,229,1,0,0,5,12,0,27
2,10,2.0,310,1,1,0,16,50,1,22
2,8,1.0,77,3,7,0,5,6,0,7
2,10,12.0,346,5,10,0,6,89,1,28
2,4,11.0,134,5,17,2,2,2,3,9
2,1,10.0,111,6,17,2,0,53,3,4
3,9,21.0,362,5,6,1,13,38,0,21
2,3,18.0,138,4,15,0,14,25,2,0
2,1,4.0,219,3,11,0,5,6,0,30
2,10,27.0,216,6,19,1,12,83,4,15
2,10,14.0,60,3,17,1,3,103,4,5
2,10,19.0,223,5,10,2,6,128,0,10
2,4,20.0,339,3,3,0,8,9,1,29
2,1,10.0,111,6,12,0,13,99,3,4
2,0,3.0,229,1,12,0,8,33,4,27
2,0,19.0,172,4,7,0,8,27,1,10
2,3,18.0,138,4,22,0,13,99,2,0
2,1,12.0,207,0,15,0,13,48,0,28
2,10,27.0,216,6,12,1,11,94,1,15
2,9,7.0,271,2,2,0,0,26,3,11
2,4,1.0,141,1,18,0,1,11,4,7
2,4,20.0,339,3,11,1,12,17,1,29
2,1,12.0,207,0,21,0,10,22,3,28
2,7,18.0,330,0,9,1,14,25,0,0
2,10,10.0,298,2,4,0,5,12,0,4
3,7,10.0,329,0,11,0,1,11,4,4
2,9,7.0,271,2,6,1,0,77,0,11
2,1,21.0,164,2,6,0,5,12,3,21
2,4,1.0,141,1,16,0,9,134,4,7
2,10,20.0,341,6,10,1,10,22,0,29
2,10,10.0,298,2,4,2,7,137,3,4
2,6,2.0,99,3,12,0,2,71,4,22
2,1,12.0,207,0,5,2,1,16,3,28
2,6,20.0,193,4,17,3,0,26,0,29
3,7,10.0,329,0,14,1,9,58,4,4
2,9,15.0,226,4,2,1,9,27,0,1
2,10,20.0,341,6,3,2,1,11,4,29
2,10,26.0,302,5,3,1,13,13,4,3
2,6,2.0,99,3,18,0,10,47,0,22
2,1,12.0,207,0,20,1,10,23,1,28
2,1,3.0,286,6,9,2,4,82,3,27
3,7,12.0,181,2,5,0,5,6,0,28
3,7,10.0,329,0,11,0,9,87,2,4
3,7,20.0,266,4,1,0,11,15,1,29
3,3,5.0,324,6,23,0,9,49,1,24
3,3,5.0,324,6,19,0,8,27,4,24
3,3,5.0,324,6,9,0,14,25,1,24
3,3,10.0,4,4,5,0,6,7,2,4
3,3,12.0,104,6,18,2,6,89,2,28
3,3,30.0,304,2,15,0,2,92,0,19
3,3,30.0,304,2,21,1,8,27,1,19
3,3,30.0,304,2,2,2,10,43,3,19
3,3,30.0,304,2,4,1,0,53,0,19
3,5,2.0,307,5,1,0,10,22,0,22
3,5,12.0,327,0,15,2,15,114,2,28
3,5,12.0,327,0,12,0,1,105,4,28
3,5,14.0,36,2,12,0,11,15,1,5
3,5,19.0,146,0,18,1,0,26,1,10
2,10,8.0,150,0,17,0,9,10,1,8
3,5,20.0,214,1,18,0,10,47,3,29
3,5,21.0,351,2,8,0,2,2,4,21
3,5,21.0,351,2,4,2,2,123,0,21
3,5,28.0,259,2,6,0,1,35,4,18
3,5,28.0,259,2,16,0,0,26,3,18
3,5,28.0,259,2,4,0,12,56,1,18
2,10,28.0,318,3,6,1,13,13,0,18
2,10,28.0,318,3,15,0,8,33,4,18
2,1,9.0,17,5,7,1,4,45,1,12
2,1,9.0,17,5,22,1,5,64,1,12
2,1,20.0,45,1,21,1,13,38,0,29
2,1,20.0,45,1,1,0,10,30,0,29
2,1,28.0,112,2,5,0,9,101,2,18
2,1,28.0,112,2,4,0,1,11,2,18
2,8,4.0,101,2,6,0,13,13,2,30
2,8,10.0,306,1,0,2,14,97,3,4
2,8,10.0,306,1,1,0,16,37,1,4
2,8,11.0,284,2,19,0,10,23,1,9
2,8,11.0,284,2,14,0,11,117,1,9
2,8,13.0,296,5,5,1,9,134,4,25
2,4,2.0,279,2,22,0,11,98,2,22
2,4,2.0,279,2,2,1,10,22,4,22
2,1,1.0,171,4,8,0,0,53,0,7
2,1,2.0,188,5,13,0,10,12,1,22
2,1,2.0,188,5,5,1,1,67,4,22
2,1,4.0,219,3,9,0,2,69,3,30
2,1,10.0,111,6,15,0,2,13,0,4
2,1,10.0,111,6,19,0,0,77,1,4
2,1,10.0,111,6,9,0,0,26,0,4
2,1,12.0,207,0,17,2,7,78,3,28
2,1,12.0,207,0,12,3,14,25,0,28
2,1,19.0,151,0,2,0,10,22,1,10
2,1,21.0,164,2,1,0,0,26,3,21
2,1,27.0,300,1,11,0,15,51,1,15
2,10,26.0,302,5,9,0,13,28,1,3
2,10,27.0,216,6,22,0,13,13,3,15
2,10,27.0,216,6,9,0,2,86,1,15
2,1,1.0,171,4,2,0,16,74,4,7
2,1,1.0,171,4,3,2,6,89,3,7
2,6,24.0,39,0,13,1,14,25,0,14
2,9,20.0,119,1,12,0,8,118,4,29
2,9,28.0,315,2,18,0,8,9,0,18
2,7,5.0,93,1,20,0,1,81,1,24
2,1,2.0,188,5,17,0,5,12,0,22
2,1,12.0,207,0,13,0,14,32,1,28
2,1,12.0,207,0,1,2,6,7,3,28
2,1,19.0,151,0,8,2,10,6,0,10
2,1,21.0,164,2,8,0,2,71,4,21
2,1,21.0,164,2,18,2,2,86,3,21
2,1,27.0,300,1,2,1,9,93,4,15
2,1,27.0,300,1,10,0,4,82,3,15
2,1,27.0,300,1,18,0,5,6,3,15
2,2,18.0,137,0,19,3,0,12,3,0
2,2,20.0,108,2,9,0,1,1,3,29
3,7,19.0,330,2,4,0,4,127,4,10
2,1,21.0,164,2,11,1,15,114,4,21
2,0,3.0,229,1,14,0,0,53,4,27
2,9,23.0,167,5,1,1,14,97,0,17
2,4,29.0,139,1,9,1,16,130,0,16
2,6,3.0,159,0,6,2,3,115,3,27
2,10,20.0,341,6,8,2,2,2,1,29
2,1,12.0,207,0,9,0,16,74,3,28
2,1,27.0,300,1,17,0,6,91,4,15
2,1,27.0,300,1,18,0,5,64,0,15
3,11,11.0,175,6,19,0,1,35,2,9
2,8,1.0,77,3,5,1,6,126,1,7
2,8,9.0,71,0,18,0,2,86,4,12
2,8,12.0,189,4,11,1,14,106,4,28
3,5,11.0,326,3,17,1,13,48,1,9
3,5,13.0,184,1,12,1,0,77,4,25
2,8,20.0,46,5,13,0,4,103,1,29
2,5,1.0,307,2,6,1,5,12,0,7
2,2,27.0,257,2,9,0,8,19,3,15
3,11,26.0,364,3,12,1,9,10,4,3
3,9,20.0,119,4,9,0,9,49,1,29
3,10,3.0,310,4,7,0,0,12,3,27
3,1,3.0,188,3,9,0,6,91,1,27
3,1,22.0,164,5,16,0,10,47,0,26
3,8,5.0,101,5,22,1,7,20,1,24
3,8,21.0,46,3,17,1,13,38,0,21
3,8,21.0,46,3,7,1,10,52,1,21
3,8,22.0,354,0,6,2,7,20,0,26
3,8,22.0,354,0,13,0,3,70,4,26
3,4,14.0,345,1,16,0,0,12,0,5
3,4,14.0,345,1,2,1,13,28,4,5
3,4,14.0,345,1,9,1,9,109,0,5
3,4,21.0,339,1,9,0,4,66,3,21
3,4,24.0,27,5,3,0,10,47,3,14
3,2,12.0,128,2,0,1,9,109,0,28
3,2,15.0,130,6,13,2,10,22,3,1
3,0,6.0,260,6,6,0,9,83,0,23
3,0,6.0,260,6,16,1,5,6,0,23
3,6,23.0,84,0,14,2,2,69,0,17
3,11,31.0,227,5,5,1,0,12,1,20
3,7,9.0,273,3,11,1,9,49,1,12
2,10,31.0,203,2,17,3,13,21,1,20
3,9,8.0,90,6,22,0,12,61,2,8
3,7,9.0,273,3,19,1,11,8,1,12
2,8,26.0,78,4,2,0,7,62,1,3
2,8,26.0,78,4,20,1,2,13,4,3
2,8,28.0,301,6,3,0,15,96,3,18
2,4,1.0,141,1,7,0,1,105,4,7
2,4,1.0,141,1,2,0,1,67,1,7
2,4,18.0,142,5,12,0,0,64,4,0
2,8,2.0,363,0,2,0,3,115,2,22
2,4,29.0,139,1,16,0,10,47,3,16
2,4,29.0,139,1,7,0,15,108,3,16
2,4,29.0,139,1,15,0,2,3,1,16
2,2,5.0,251,1,9,0,1,59,4,24
2,2,11.0,128,0,11,0,1,1,1,9
2,2,18.0,137,0,9,0,5,0,3,0
2,2,20.0,108,2,6,0,7,62,2,29
2,2,29.0,131,5,15,0,6,89,0,16
2,2,29.0,131,5,13,0,4,75,3,16
2,8,26.0,78,4,4,0,3,30,0,3
2,2,29.0,131,5,19,2,4,127,3,16
2,2,29.0,131,5,4,1,9,9,4,16
2,0,2.0,334,0,7,1,13,28,0,22
3,10,11.0,298,5,21,1,5,6,0,9
3,1,4.0,286,0,5,1,12,135,4,30
2,4,27.0,218,3,1,1,7,54,4,15
2,2,12.0,276,1,3,1,13,99,4,28
2,2,28.0,140,4,13,0,10,43,0,18
3,8,5.0,101,5,18,0,13,28,2,24
3,8,14.0,296,3,15,1,10,23,1,5
3,8,14.0,296,3,1,0,3,30,3,5
3,8,14.0,296,3,19,1,14,106,4,5
3,8,22.0,354,0,2,0,10,12,1,26
3,4,14.0,345,1,6,1,10,47,0,5
3,4,14.0,345,1,21,1,8,19,0,5
3,4,14.0,345,1,3,0,6,73,0,5
3,4,14.0,345,1,2,0,0,77,0,5
3,4,21.0,339,1,14,1,9,134,4,21
3,4,24.0,27,5,12,0,16,50,3,14
3,0,6.0,260,6,12,0,5,12,0,23
2,2,4.0,127,0,6,0,16,130,1,30
2,4,1.0,141,1,14,0,1,11,4,7
2,10,20.0,341,6,18,0,5,64,3,29
2,6,17.0,308,0,14,0,8,41,1,6
2,0,5.0,260,4,3,2,16,113,3,24
2,3,24.0,347,2,15,1,16,37,2,14
2,1,12.0,207,0,5,1,16,72,4,28
2,0,5.0,260,4,4,2,5,6,0,24
2,0,30.0,290,0,14,1,9,102,1,19
3,11,11.0,175,6,17,1,13,21,4,9
3,11,13.0,312,0,15,2,3,4,0,25
3,11,21.0,192,1,21,1,2,69,0,21
3,11,21.0,192,1,12,0,14,24,1,21
3,7,4.0,186,1,22,1,3,76,4,30
3,7,27.0,53,4,18,0,10,22,1,15
3,3,19.0,138,6,2,0,8,118,3,10
3,3,28.0,187,0,2,0,6,7,2,18
2,8,28.0,301,6,7,1,3,70,0,18
2,4,1.0,141,1,11,0,14,107,4,7
2,4,5.0,176,6,9,0,10,6,3,24
2,4,5.0,176,6,18,0,4,4,3,24
2,4,28.0,313,0,10,0,12,61,1,18
2,2,9.0,28,6,14,1,12,80,2,12
2,4,28.0,313,0,11,0,10,47,3,18
2,4,29.0,139,1,10,0,15,85,1,16
2,4,29.0,139,1,2,0,12,121,4,16
2,2,5.0,251,1,17,0,2,86,4,24
2,2,5.0,251,1,7,0,15,51,1,24
2,2,11.0,128,0,12,0,8,41,1,9
2,2,13.0,231,2,19,0,5,0,2,25
2,2,18.0,137,0,16,0,7,78,3,0
2,2,18.0,137,0,12,0,7,20,4,0
2,2,20.0,108,2,16,0,4,79,4,29
2,0,2.0,334,0,12,1,2,40,4,22
2,0,3.0,229,1,22,1,1,11,2,27
3,11,21.0,192,1,15,0,14,25,0,21
3,11,29.0,270,2,1,2,0,68,0,16
3,7,4.0,186,1,14,2,7,111,0,30
2,8,29.0,103,3,2,0,6,89,2,16
2,4,1.0,141,1,19,2,9,95,1,7
2,4,5.0,176,6,5,1,1,1,4,24
2,3,23.0,357,1,8,1,6,7,0,17
2,0,16.0,12,0,2,0,4,75,2,2
0,8,21.0,46,4,17,3,8,27,2,21
2,1,23.0,64,5,5,1,2,35,4,17
2,3,4.0,324,4,12,3,9,27,0,30
2,5,23.0,58,4,20,1,10,47,1,17
2,5,31.0,158,5,10,0,0,15,1,20
2,4,12.0,221,6,16,1,9,87,0,28
2,4,18.0,142,5,11,0,2,40,2,0
2,4,18.0,142,5,2,0,15,108,3,0
2,4,29.0,139,1,0,1,1,11,0,16
2,2,5.0,251,1,16,0,15,96,0,24
2,2,5.0,251,1,3,0,13,28,0,24
2,2,11.0,128,0,18,0,1,105,3,9
2,2,13.0,231,2,18,2,14,24,1,25
2,2,18.0,137,0,19,0,12,56,3,0
2,2,18.0,137,0,12,0,8,9,3,0
2,2,20.0,108,2,1,0,10,52,4,29
2,0,3.0,229,1,13,2,6,91,1,27
2,0,3.0,229,1,8,0,0,85,3,27
2,0,5.0,260,4,7,1,5,6,0,24
2,0,21.0,241,6,21,0,5,12,1,21
2,8,28.0,301,6,8,2,16,74,3,18
3,11,2.0,265,4,17,0,6,132,1,22
2,10,30.0,135,1,18,0,13,28,0,19
2,10,31.0,203,2,18,0,10,47,2,20
2,8,24.0,86,1,13,1,0,31,2,14
2,2,11.0,128,0,0,1,15,31,0,9
2,2,18.0,137,0,20,0,13,48,4,0
2,2,18.0,137,0,14,0,0,31,2,0
2,2,18.0,137,0,18,0,14,110,1,0
2,2,29.0,131,5,19,1,1,59,1,16
2,0,3.0,229,1,3,0,8,118,3,27
2,2,4.0,127,0,15,1,7,129,1,30
2,10,19.0,223,5,11,0,6,128,3,10
2,6,17.0,308,0,19,0,1,11,3,6
2,1,19.0,151,0,13,1,13,29,4,10
2,10,19.0,223,5,3,0,2,86,1,10
2,10,26.0,302,5,13,0,6,89,3,3
2,2,12.0,276,1,2,1,12,61,1,28
2,6,20.0,193,4,13,1,16,50,4,29
2,1,21.0,164,2,0,2,8,33,3,21
2,3,21.0,166,3,4,1,14,25,0,21
2,6,20.0,193,4,1,0,0,96,3,29
2,10,19.0,223,5,11,1,11,124,4,10
2,10,27.0,216,6,22,1,13,99,4,15
2,2,12.0,276,1,9,0,14,32,1,28
2,1,21.0,164,2,16,0,4,75,1,21
2,5,24.0,350,5,14,2,11,94,3,14
2,6,26.0,116,2,8,0,16,65,1,3
2,10,19.0,223,5,12,1,11,18,4,10
2,10,27.0,216,6,7,1,16,37,4,15
2,1,21.0,164,2,22,3,14,25,0,21
2,4,3.0,178,4,1,0,0,12,0,27
2,10,4.0,336,4,16,2,10,23,3,30
2,10,20.0,341,6,15,0,12,17,1,29
2,6,26.0,116,2,8,0,7,120,4,3
2,10,10.0,298,2,16,0,0,96,3,4
2,1,29.0,100,4,19,0,13,29,0,16
2,4,20.0,339,3,10,0,4,45,1,29
2,10,18.0,117,4,21,0,16,50,3,0
2,10,20.0,341,6,3,2,1,59,0,29
3,3,5.0,324,6,12,0,6,7,0,24
2,6,26.0,116,2,8,0,12,100,0,3
3,3,10.0,4,4,19,0,12,100,1,4
2,4,21.0,152,0,6,0,15,31,2,21
2,10,18.0,117,4,13,0,3,30,3,0
2,10,26.0,302,5,12,0,10,22,3,3
3,3,10.0,4,4,20,1,12,61,4,4
2,1,29.0,100,4,9,2,8,9,3,16
2,4,20.0,339,3,2,0,12,104,3,29
2,10,4.0,336,4,8,2,15,31,0,30
3,3,30.0,304,2,2,0,0,12,1,19
2,8,2.0,363,0,23,0,11,58,2,22
2,4,21.0,152,0,5,0,12,84,1,21
2,4,26.0,274,6,14,1,14,126,4,3
2,4,27.0,218,3,23,1,7,57,0,15
2,4,30.0,67,2,16,0,5,12,3,19
2,2,4.0,127,0,19,1,14,126,4,30
2,2,10.0,297,3,17,0,7,62,1,4
3,11,18.0,332,6,19,2,13,38,2,0
3,11,28.0,123,1,16,2,1,67,3,18
3,11,28.0,123,1,23,0,1,35,4,18
3,11,28.0,123,1,1,0,5,6,3,18
3,9,12.0,177,2,13,0,2,92,0,28
2,1,9.0,17,5,2,0,12,100,3,12
3,9,19.0,234,2,7,1,14,32,4,10
3,7,2.0,160,3,5,1,1,81,4,22
3,7,10.0,329,0,16,0,16,50,1,4
3,7,10.0,329,0,6,1,10,22,1,4
3,7,10.0,329,0,6,1,15,31,0,4
2,8,1.0,77,3,4,0,11,133,0,7
2,8,3.0,299,1,10,1,2,35,4,27
2,8,9.0,71,0,0,0,1,67,0,12
2,8,12.0,189,4,6,0,8,33,1,28
2,8,19.0,319,4,5,0,3,30,2,10
2,8,26.0,78,4,4,0,14,34,0,3
2,8,28.0,301,6,5,0,15,31,1,18
2,8,28.0,301,6,18,2,16,65,3,18
2,8,28.0,301,6,15,0,10,22,3,18
2,4,1.0,141,1,13,0,7,57,2,7
2,4,5.0,176,6,21,0,9,54,3,24
2,4,12.0,221,6,11,0,13,36,1,28
2,4,12.0,221,6,22,0,15,119,2,28
2,4,18.0,142,5,20,0,7,20,2,0
2,4,18.0,142,5,14,0,4,66,2,0
2,4,28.0,313,0,22,0,13,99,3,18
2,4,28.0,313,0,10,1,2,71,4,18
2,4,28.0,313,0,6,1,11,117,0,18
2,4,29.0,139,1,6,0,11,15,3,16
2,4,29.0,139,1,4,1,12,56,4,16
2,2,5.0,251,1,4,0,13,21,1,24
3,7,12.0,181,2,5,1,14,126,4,28
3,3,5.0,324,6,19,2,13,79,3,24
3,3,10.0,4,4,2,1,9,83,4,4
3,3,30.0,304,2,14,0,0,31,2,19
3,3,30.0,304,2,14,1,1,59,4,19
3,5,19.0,146,0,8,2,2,123,3,10
3,5,31.0,196,6,17,2,6,7,3,20
3,1,12.0,353,1,0,0,8,9,4,28
3,8,5.0,101,5,5,0,16,113,3,24
3,8,5.0,101,5,15,2,15,114,3,24
3,8,12.0,284,5,15,1,1,105,4,28
2,2,10.0,297,3,13,2,0,68,2,4
2,2,10.0,297,3,11,1,6,128,1,4
2,2,10.0,297,3,4,0,5,64,1,4
2,2,10.0,297,3,14,0,13,29,1,4
2,2,19.0,264,1,7,1,10,23,1,10
2,2,19.0,264,1,12,0,6,91,2,10
2,2,19.0,264,1,19,1,9,83,1,10
2,8,3.0,299,1,18,1,2,86,1,27
2,8,3.0,299,1,9,0,8,33,3,27
2,8,9.0,71,0,1,0,9,63,4,12
2,8,26.0,78,4,0,0,5,64,0,3
2,8,26.0,78,4,12,0,6,7,0,3
2,8,27.0,224,5,20,1,11,98,0,15
2,8,27.0,224,5,12,0,5,6,3,15
2,8,28.0,301,6,21,1,11,133,4,18
2,8,28.0,301,6,7,2,8,33,3,18
2,8,28.0,301,6,22,0,6,128,1,18
2,8,28.0,301,6,22,0,9,134,2,18
2,8,29.0,103,3,3,2,16,37,3,16
2,10,18.0,117,4,2,0,15,51,1,0
2,10,4.0,336,4,14,0,6,73,4,30
2,8,12.0,189,4,3,2,4,75,0,28
3,5,14.0,36,2,16,0,0,53,3,5
2,8,12.0,189,4,2,0,9,10,4,28
2,10,9.0,245,1,17,0,0,12,0,12
3,5,14.0,36,2,14,0,10,43,2,5
2,10,18.0,117,4,12,0,15,46,0,0
2,2,21.0,209,4,3,0,15,39,3,21
2,10,11.0,333,4,1,0,4,66,4,9
3,5,19.0,146,0,11,1,9,54,4,10
3,5,21.0,351,2,10,0,4,4,1,21
3,5,21.0,351,2,8,0,6,7,4,21
3,5,29.0,24,4,20,0,7,111,2,16
3,5,29.0,24,4,20,0,3,70,3,16
3,5,29.0,24,4,13,0,1,35,4,16
3,5,31.0,196,6,6,0,10,43,3,20
3,5,31.0,196,6,0,2,1,1,3,20
2,4,2.0,279,2,12,0,10,22,3,22
2,3,15.0,263,0,18,0,0,15,2,1
2,3,15.0,263,0,8,0,5,6,3,1
2,3,22.0,57,0,15,0,1,11,0,26
2,3,23.0,357,1,12,1,3,70,4,17
0,8,14.0,296,4,5,3,0,64,2,5
2,10,14.0,60,3,19,0,5,47,2,5
2,4,11.0,134,5,3,0,13,38,1,9
2,4,20.0,339,3,8,2,7,54,3,29
2,2,4.0,127,0,2,1,11,55,4,30
2,2,10.0,297,3,12,2,14,25,0,4
2,2,12.0,276,1,22,0,0,12,2,28
2,2,19.0,264,1,16,1,13,38,4,10
2,2,22.0,230,5,5,0,13,38,2,26
2,2,28.0,140,4,19,0,10,47,3,18
2,2,30.0,8,6,14,0,0,64,0,19
2,0,4.0,122,2,16,0,5,12,3,30
2,0,4.0,122,2,1,1,14,34,0,30
2,2,19.0,264,1,18,0,10,47,2,10
2,0,19.0,172,4,19,0,6,14,4,10
2,0,20.0,287,5,8,0,16,37,3,29
2,0,20.0,287,5,2,0,12,84,1,29
3,11,10.0,360,5,14,2,15,119,3,4
2,6,1.0,352,6,10,0,13,29,1,7
2,10,11.0,333,4,1,0,11,18,0,9
2,2,30.0,8,6,1,1,13,29,4,19
2,2,28.0,140,4,15,0,13,99,2,18
2,0,4.0,122,2,2,0,15,51,1,30
2,0,28.0,191,6,20,1,15,39,1,18
3,11,18.0,332,6,7,1,9,101,0,0
3,11,19.0,321,3,1,0,1,1,4,10
3,9,11.0,52,1,18,0,13,21,3,9
3,9,11.0,52,1,4,1,13,48,4,9
3,9,12.0,177,2,9,0,11,18,1,28
3,9,18.0,359,1,2,0,13,21,2,0
3,9,19.0,234,2,6,0,2,2,1,10
3,9,18.0,359,1,1,1,4,45,0,0
3,9,21.0,362,5,13,0,6,128,4,21
3,7,20.0,266,4,4,0,5,6,0,29
3,3,5.0,324,6,4,1,16,50,1,24
3,5,2.0,307,5,7,1,16,72,0,22
3,5,14.0,36,2,16,2,10,23,1,5
3,5,14.0,36,2,5,1,15,31,0,5
3,5,14.0,36,2,1,1,13,99,1,5
2,2,21.0,209,4,2,2,14,34,3,21
2,2,21.0,209,4,18,0,10,47,0,21
2,2,22.0,230,5,13,2,9,109,0,26
2,2,21.0,209,4,19,0,4,127,4,21
2,0,10.0,10,1,22,2,15,96,3,4
2,0,11.0,113,2,16,0,6,7,0,9
2,0,20.0,287,5,20,0,10,47,3,29
2,0,19.0,172,4,22,0,9,54,2,10
2,0,20.0,287,5,5,0,6,7,0,29
2,0,20.0,287,5,19,0,3,70,0,29
2,0,28.0,191,6,16,0,1,11,3,18
3,11,18.0,332,6,8,0,16,72,3,0
3,11,18.0,332,6,14,0,0,64,4,0
2,3,25.0,343,4,1,0,6,14,1,13
2,1,3.0,286,6,5,0,13,99,4,27
2,1,3.0,286,6,14,0,1,59,4,27
2,2,21.0,209,4,18,1,9,57,0,21
2,5,11.0,327,6,12,0,10,47,0,9
2,2,22.0,230,5,3,0,10,22,2,26
2,5,25.0,37,6,4,0,8,41,4,13
2,8,10.0,306,1,17,0,15,46,1,4
2,10,18.0,117,4,12,0,10,22,3,0
2,2,22.0,230,5,14,0,13,38,2,26
2,4,2.0,279,2,12,0,6,91,3,22
2,10,18.0,117,4,14,0,16,72,3,0
2,10,18.0,117,4,9,0,15,39,2,0
2,1,3.0,286,6,1,0,0,15,0,27
2,1,20.0,45,1,0,0,9,87,1,29
2,1,20.0,45,1,3,0,6,89,2,29
2,1,20.0,45,1,2,1,4,136,4,29
2,8,4.0,101,2,19,0,2,86,0,30
2,8,4.0,101,2,4,0,0,31,1,30
2,8,11.0,284,2,16,0,8,65,3,9
2,8,13.0,296,5,17,0,8,118,1,25
2,8,13.0,296,5,5,2,10,23,1,25
2,8,13.0,296,5,2,0,5,6,2,25
2,6,2.0,99,3,18,0,3,115,2,22
2,4,2.0,279,2,19,2,9,54,3,22
2,4,2.0,279,2,1,0,8,118,1,22
2,4,3.0,178,4,16,1,13,123,0,27
2,4,2.0,279,2,4,1,9,109,0,22
2,4,3.0,178,4,2,0,11,94,3,27
2,4,3.0,178,4,13,0,16,72,1,27
2,4,3.0,178,4,1,0,9,134,2,27
2,4,20.0,339,3,19,0,1,11,4,29
2,4,27.0,218,3,7,0,0,12,1,15
2,4,27.0,218,3,1,0,0,77,1,15
2,4,27.0,218,3,4,2,11,15,0,15
2,4,27.0,218,3,1,0,8,41,4,15
2,4,30.0,67,2,0,0,1,35,2,19
2,7,7.0,94,4,13,0,10,47,2,11
2,6,29.0,145,6,1,2,6,7,3,16
2,10,1.0,358,0,22,0,3,30,3,7
2,10,2.0,310,1,17,0,1,35,1,22
2,10,2.0,310,1,22,0,10,43,1,22
2,10,12.0,346,5,7,0,0,64,3,28
2,10,20.0,341,6,4,2,13,69,3,29
2,10,20.0,341,6,11,1,1,105,4,29
2,10,26.0,302,5,2,0,13,28,0,3
2,10,26.0,302,5,1,1,14,25,0,3
2,10,27.0,216,6,17,2,8,41,3,15
2,1,1.0,171,4,12,0,7,120,3,7
2,6,18.0,291,1,17,0,0,53,3,0
2,6,18.0,291,1,21,0,5,12,3,0
2,6,18.0,291,1,5,0,14,24,3,0
2,6,18.0,291,1,19,2,6,73,3,0
2,6,29.0,145,6,6,0,12,58,3,16
2,6,29.0,145,6,4,0,11,18,0,16
0,4,1.0,144,3,17,0,5,64,1,7
2,10,1.0,358,0,11,0,15,46,1,7
2,10,1.0,358,0,6,1,14,24,4,7
2,4,30.0,67,2,16,1,9,87,0,19
2,2,4.0,127,0,1,2,8,27,3,30
2,2,10.0,297,3,4,0,2,2,3,4
2,2,10.0,297,3,14,0,16,50,1,4
2,2,4.0,127,0,18,1,4,4,1,30
2,2,10.0,297,3,13,1,1,81,1,4
2,2,12.0,276,1,20,0,3,115,2,28
2,2,12.0,276,1,12,0,13,48,0,28
2,2,22.0,230,5,20,0,2,2,2,26
2,2,28.0,140,4,2,0,15,96,3,18
3,9,21.0,362,5,22,0,11,124,3,21
3,9,21.0,362,5,18,0,5,6,3,21
3,7,2.0,160,3,15,1,0,31,4,22
3,7,10.0,329,0,5,0,13,48,0,4
2,2,28.0,140,4,18,0,4,79,0,18
2,6,9.0,149,3,4,1,8,27,1,12
2,6,10.0,355,0,12,1,3,44,0,4
2,4,2.0,279,2,2,0,14,25,0,22
2,2,30.0,8,6,13,0,9,54,2,19
2,6,18.0,291,1,16,0,3,30,3,0
2,4,3.0,178,4,6,0,2,2,0,27
2,0,4.0,122,2,17,0,13,69,4,30
2,6,29.0,145,6,18,0,14,25,1,16
2,4,3.0,178,4,0,1,13,69,0,27
2,0,4.0,122,2,14,0,13,29,1,30
2,10,1.0,358,0,18,2,10,6,3,7
2,4,11.0,134,5,15,2,10,47,0,9
2,0,10.0,10,1,0,0,15,46,3,4
2,10,2.0,310,1,1,0,2,86,1,22
2,4,20.0,339,3,6,0,2,40,1,29
2,0,10.0,10,1,8,0,13,38,3,4
2,10,12.0,346,5,19,3,6,7,3,28
2,4,20.0,339,3,20,0,0,26,3,29
2,0,10.0,10,1,14,1,16,37,4,4
2,4,20.0,339,3,4,0,12,61,3,29
2,10,17.0,246,2,14,0,5,6,0,6
2,0,11.0,113,2,18,0,8,118,1,9
2,4,20.0,339,3,9,0,0,31,3,29
2,0,19.0,172,4,17,0,8,9,0,10
2,10,19.0,223,5,14,0,13,99,3,10
2,0,20.0,287,5,18,0,6,7,1,29
2,4,18.0,142,5,15,0,13,48,2,0
2,4,21.0,152,0,21,0,2,13,0,21
3,11,10.0,360,5,23,1,5,12,0,4
2,10,8.0,150,0,2,1,16,37,0,8
3,11,18.0,332,6,12,0,0,77,1,0
2,5,7.0,199,1,18,1,3,79,4,11
2,4,30.0,67,2,19,0,6,89,1,19
2,0,20.0,287,5,6,1,13,48,0,29
2,8,13.0,296,5,16,1,3,44,4,25
2,2,4.0,127,0,8,0,8,41,2,30
2,0,19.0,172,4,5,0,8,9,0,10
2,0,19.0,172,4,15,0,1,59,2,10
3,11,10.0,360,5,14,2,8,27,3,4
3,9,10.0,156,0,19,0,5,64,2,4
3,9,10.0,156,0,1,0,12,56,3,4
2,4,19.0,115,6,23,1,15,114,1,10
2,2,2.0,282,6,22,0,13,36,4,22
2,2,3.0,254,3,2,2,13,48,2,27
2,8,19.0,319,4,16,2,12,80,0,10
2,8,27.0,224,5,2,0,10,52,3,15
2,8,27.0,224,5,9,0,9,49,3,15
2,1,29.0,100,4,7,1,1,1,4,16
2,1,29.0,100,4,9,0,4,103,3,16
2,10,12.0,346,5,13,2,2,2,3,28
2,8,1.0,77,3,12,2,8,118,1,7
2,8,3.0,299,1,15,2,5,6,3,27
2,8,2.0,363,0,4,0,12,100,4,22
2,8,12.0,189,4,1,1,2,2,1,28
2,8,19.0,319,4,11,1,1,35,1,10
2,8,19.0,319,4,9,1,12,56,1,10
2,8,26.0,78,4,6,0,3,115,1,3
2,8,26.0,78,4,16,0,0,96,4,3
2,8,26.0,78,4,17,1,8,19,0,3
2,8,26.0,78,4,11,0,9,57,3,3
2,8,27.0,224,5,6,2,10,47,3,15
3,9,10.0,156,0,20,0,14,24,2,4
3,9,19.0,234,2,7,1,2,71,0,10
3,9,21.0,362,5,5,1,14,97,4,21
3,9,21.0,362,5,9,0,7,20,0,21
3,9,21.0,362,5,9,1,15,96,4,21
3,11,28.0,123,1,19,0,14,24,2,18
3,7,2.0,160,3,14,1,9,134,4,22
3,7,10.0,329,0,21,1,6,7,0,4
3,7,12.0,181,2,4,1,10,47,1,28
3,7,12.0,181,2,18,2,14,24,3,28
3,7,20.0,266,4,23,0,13,38,4,29
3,3,5.0,324,6,17,1,6,73,2,24
3,3,10.0,4,4,3,1,11,10,4,4
3,5,2.0,307,5,2,2,10,22,2,22
3,5,12.0,327,0,18,2,11,133,3,28
3,5,14.0,36,2,4,2,10,23,1,5
3,5,20.0,214,1,18,2,14,125,2,29
3,5,29.0,24,4,22,2,13,69,3,16
2,4,2.0,279,2,8,0,0,77,3,22
2,4,2.0,279,2,18,0,2,71,2,22
2,2,4.0,127,0,13,0,12,61,2,30
2,4,3.0,178,4,12,0,2,2,1,27
2,2,10.0,297,3,11,0,16,37,3,4
2,4,2.0,279,2,18,0,11,133,2,22
2,10,18.0,117,4,22,0,2,2,2,0
2,4,11.0,134,5,9,0,8,27,1,9
2,1,9.0,17,5,9,1,14,32,4,12
2,4,20.0,339,3,12,0,15,108,1,29
2,2,19.0,264,1,0,0,8,27,3,10
2,4,20.0,339,3,9,0,3,4,3,29
2,2,19.0,264,1,5,0,9,93,1,10
2,2,22.0,230,5,21,0,10,47,1,26
2,2,22.0,230,5,1,1,2,2,4,26
2,2,22.0,230,5,1,0,9,27,3,26
2,0,11.0,113,2,22,0,10,6,0,9
2,0,19.0,172,4,2,0,9,49,1,10
2,0,28.0,191,6,5,2,0,68,3,18
3,11,18.0,332,6,2,0,6,91,2,0
3,9,10.0,156,0,2,0,12,17,4,4
3,9,11.0,52,1,4,1,9,93,4,9
3,9,12.0,177,2,1,0,2,2,3,28
2,8,18.0,280,2,5,1,3,76,4,0
3,9,18.0,359,1,6,0,3,103,3,0
3,9,18.0,359,1,19,0,16,50,1,0
3,9,19.0,234,2,0,0,14,107,4,10
3,9,21.0,362,5,15,1,10,12,1,21
2,4,26.0,274,6,20,1,3,103,1,3
2,4,26.0,274,6,18,1,10,47,0,3
2,4,30.0,67,2,16,0,5,12,3,19
2,2,4.0,127,0,9,0,2,40,2,30
2,2,10.0,297,3,7,0,8,41,2,4
2,2,10.0,297,3,11,0,16,50,1,4
2,2,10.0,297,3,19,1,15,112,4,4
2,2,19.0,264,1,0,2,10,22,3,10
2,2,19.0,264,1,4,0,2,86,4,10
2,2,19.0,264,1,9,0,12,17,4,10
2,2,21.0,209,4,15,1,2,3,4,21
2,3,3.0,285,2,12,0,12,80,0,27
2,2,19.0,264,1,9,0,13,48,4,10
2,2,22.0,230,5,22,2,9,95,3,26
2,2,22.0,230,5,2,0,8,65,2,26
2,0,4.0,122,2,22,1,7,122,0,30
2,0,4.0,122,2,5,0,7,20,1,30
2,0,11.0,113,2,0,0,0,26,1,9
2,0,11.0,113,2,21,1,16,50,0,9
2,4,30.0,67,2,20,1,1,1,1,19
2,0,19.0,172,4,12,0,2,2,0,10
2,1,20.0,45,1,1,0,5,12,3,29
2,8,11.0,284,2,12,0,6,89,4,9
2,8,10.0,306,1,16,1,5,12,0,4
2,0,19.0,172,4,18,2,4,82,3,10
2,8,10.0,306,1,6,1,3,30,0,4
2,8,10.0,306,1,8,0,10,52,0,4
2,8,10.0,306,1,1,0,9,87,3,4
2,4,20.0,339,3,2,2,6,89,3,29
2,4,26.0,274,6,1,0,6,89,1,3
2,4,27.0,218,3,11,0,11,90,1,15
2,4,30.0,67,2,17,0,14,24,1,19
2,4,30.0,67,2,16,0,0,64,3,19
2,4,30.0,67,2,23,0,9,27,1,19
2,3,18.0,138,4,9,2,9,93,3,0
2,5,19.0,214,3,3,1,12,61,4,10
2,5,20.0,351,0,12,0,11,90,3,29
2,5,28.0,24,1,10,0,7,137,1,18
2,5,28.0,24,1,1,0,4,75,0,18
2,10,26.0,302,5,14,0,0,12,0,3
2,10,27.0,216,6,9,0,13,48,3,15
2,6,29.0,145,6,23,2,10,22,2,16
2,10,2.0,310,1,18,0,5,6,1,22
2,10,12.0,346,5,4,0,13,99,1,28
2,10,19.0,223,5,16,1,3,79,0,10
2,10,20.0,341,6,20,0,1,1,4,29
2,10,20.0,341,6,11,0,9,54,2,29
2,10,20.0,341,6,19,2,16,37,3,29
2,10,26.0,302,5,19,0,5,12,0,3
2,10,26.0,302,5,20,1,12,80,1,3
2,10,27.0,216,6,12,1,3,76,4,15
2,1,1.0,171,4,10,1,9,57,1,7
2,1,1.0,171,4,20,0,3,79,1,7
2,1,1.0,171,4,6,2,5,12,3,7
2,1,1.0,171,4,2,0,13,99,3,7
2,1,2.0,188,5,8,0,0,64,3,22
2,7,1.0,160,5,11,0,9,95,1,7
2,1,19.0,151,0,7,1,7,57,0,10
2,2,18.0,137,0,18,0,9,63,1,0
2,0,3.0,229,1,13,1,1,11,4,27
2,1,19.0,151,0,8,0,0,77,1,10
2,1,21.0,164,2,20,2,6,91,3,21
2,1,21.0,164,2,5,0,4,75,3,21
2,1,21.0,164,2,9,1,0,77,0,21
2,1,27.0,300,1,16,0,5,12,3,15
2,1,27.0,300,1,1,2,16,37,0,15
2,5,27.0,259,0,22,2,1,35,3,15
2,5,27.0,259,0,3,0,9,49,0,15
2,5,27.0,259,0,4,0,13,29,3,15
2,6,10.0,355,0,2,0,13,29,1,4
2,10,26.0,302,5,21,1,5,0,2,3
0,6,5.0,342,0,16,4,15,119,3,24
0,6,5.0,342,0,18,4,11,133,3,24
0,6,5.0,342,0,2,4,12,100,4,24
0,6,5.0,342,0,17,4,6,7,3,24
0,6,5.0,342,0,1,4,11,133,4,24
0,6,5.0,342,0,1,4,11,133,3,24
0,3,21.0,338,5,2,4,0,26,3,21
0,4,27.0,274,5,18,4,16,37,3,15
0,3,13.0,210,4,23,4,13,38,3,25
0,6,10.0,149,6,13,4,14,25,0,4
0,6,10.0,149,6,1,4,14,106,4,4
0,6,10.0,149,6,14,4,11,94,4,4
0,6,10.0,149,6,4,4,8,9,3,4
0,6,10.0,149,6,1,4,2,2,4,4
0,6,10.0,149,6,22,4,15,112,3,4
0,6,10.0,149,6,13,4,10,47,3,4
0,6,10.0,149,6,2,4,6,7,3,4
0,6,10.0,149,6,21,4,9,102,2,4
0,10,2.0,358,3,14,4,10,22,3,22
0,10,2.0,358,3,18,4,14,32,4,22
0,10,2.0,358,3,22,4,4,4,3,22
0,10,2.0,358,3,17,4,1,35,3,22
0,10,2.0,358,3,9,4,3,115,3,22
0,10,2.0,358,3,10,4,8,19,3,22
0,10,2.0,358,3,17,4,11,15,4,22
0,4,26.0,80,4,11,4,0,96,4,3
0,2,10.0,28,5,2,4,16,37,3,4
0,2,10.0,28,5,14,4,2,13,3,4
0,2,10.0,28,5,18,4,9,102,4,4
0,2,10.0,28,5,12,4,10,43,3,4
0,2,10.0,28,5,14,4,9,93,3,4
0,0,18.0,0,0,9,4,1,81,3,0
0,2,10.0,28,5,19,4,7,57,3,4
0,2,10.0,28,5,8,4,8,9,3,4
0,2,10.0,28,5,4,4,14,25,4,4
0,2,10.0,28,5,23,4,8,19,0,4
0,2,10.0,28,5,18,4,9,101,4,4
0,2,10.0,28,5,2,4,8,27,3,4
0,2,10.0,28,5,14,4,6,89,4,4
0,2,17.0,6,5,14,4,6,7,3,6
0,2,30.0,131,4,4,4,14,106,4,19
0,0,6.0,260,2,14,4,9,10,4,23
0,10,12.0,333,2,14,4,3,44,3,28
0,0,6.0,260,2,1,4,9,9,4,23
0,0,6.0,260,2,8,4,16,139,4,23
0,10,14.0,174,5,6,4,1,67,4,5
0,0,6.0,260,2,12,4,1,35,3,23
0,10,14.0,174,5,16,4,1,67,4,5
0,0,6.0,260,2,4,4,1,16,3,23
0,10,20.0,223,4,9,4,8,33,4,29
0,0,6.0,260,2,18,4,9,95,4,23
0,10,20.0,223,4,0,4,12,80,4,29
0,0,14.0,5,4,4,4,8,41,3,5
0,0,14.0,5,4,19,4,6,14,4,5
0,0,14.0,5,4,20,4,1,67,3,5
0,0,14.0,5,4,9,4,12,83,3,5
0,0,14.0,5,4,10,4,8,27,3,5
0,0,14.0,5,4,2,4,3,30,3,5
0,10,20.0,223,4,14,4,11,8,4,29
0,10,20.0,223,4,3,4,15,39,1,29
0,10,20.0,223,4,8,4,8,41,4,29
1,0,8.0,9,4,1,4,9,10,4,8
0,0,3.0,334,3,1,4,6,7,3,27
0,0,3.0,334,3,12,4,14,107,3,27
0,0,3.0,334,3,3,4,9,102,3,27
0,0,10.0,129,3,8,4,15,108,3,4
0,0,10.0,129,3,8,4,2,69,0,4
0,0,10.0,129,3,11,4,6,7,0,4
0,0,10.0,129,3,23,4,12,84,2,4
0,0,10.0,129,3,6,4,13,28,3,4
0,0,10.0,129,3,2,4,9,83,3,4
0,0,10.0,129,3,9,4,16,72,3,4
0,0,10.0,129,3,23,4,2,13,3,4
0,0,25.0,281,0,17,4,6,116,4,13
1,0,7.0,15,2,8,4,16,37,0,11
0,0,28.0,249,4,14,4,14,25,3,18
0,0,28.0,249,4,21,4,1,67,3,18
1,0,7.0,15,2,1,4,4,45,3,11
0,0,28.0,249,4,13,4,1,105,3,18
0,0,28.0,249,4,17,4,12,80,4,18
1,0,7.0,15,2,2,4,15,119,4,11
0,0,2.0,47,6,12,4,7,20,4,22
0,0,2.0,47,6,9,4,8,41,4,22
0,0,2.0,47,6,0,4,8,27,4,22
0,0,2.0,47,6,0,4,6,89,4,22
0,0,2.0,47,6,17,4,1,16,4,22
0,0,2.0,47,6,4,4,8,41,3,22
0,0,2.0,47,6,14,4,0,68,3,22
0,0,2.0,47,6,5,4,9,93,0,22
0,0,2.0,47,6,22,4,9,27,0,22
0,0,9.0,48,6,9,4,14,106,4,12
0,0,9.0,48,6,11,4,11,98,3,12
0,0,9.0,48,6,4,4,1,11,4,12
0,0,9.0,48,6,18,4,8,27,3,12
0,8,16.0,73,6,9,4,6,7,3,2
0,0,9.0,48,6,18,4,16,65,4,12
0,0,9.0,48,6,18,4,14,97,4,12
0,0,9.0,48,6,1,4,12,61,3,12
0,0,18.0,0,0,18,4,16,72,3,0
0,0,18.0,0,0,23,4,10,43,3,0
0,0,18.0,0,0,9,4,6,116,4,0
0,4,23.0,30,0,1,4,1,11,3,17
0,11,2.0,265,0,2,4,5,6,3,22
0,3,4.0,285,1,15,4,9,87,3,30
0,5,22.0,163,0,22,4,10,52,0,26
0,3,20.0,105,4,18,4,12,56,4,29
0,4,23.0,30,0,18,4,6,7,3,17
0,5,22.0,163,0,1,4,4,4,3,26
0,11,2.0,265,0,4,4,15,31,3,22
0,1,20.0,151,3,14,4,1,59,4,29
0,3,18.0,165,1,14,4,4,5,4,0
0,4,27.0,274,5,0,4,8,33,3,15
0,10,2.0,358,3,14,4,14,126,4,22
0,1,7.0,32,0,20,4,6,14,3,11
0,3,18.0,165,1,11,4,9,27,3,0
0,5,22.0,163,0,12,4,8,9,4,26
0,3,4.0,285,1,4,4,8,9,3,30
0,11,2.0,265,0,18,4,6,91,4,22
0,3,18.0,165,1,12,4,6,7,3,0
0,7,20.0,266,0,14,4,6,7,3,29
0,4,27.0,274,5,22,4,6,116,3,15
0,4,27.0,274,5,18,4,6,91,3,15
0,4,27.0,274,5,1,4,13,28,4,15
0,4,27.0,274,5,17,4,1,59,4,15
1,0,17.0,12,6,1,4,0,68,4,6
0,2,1.0,16,2,12,4,0,53,0,7
1,0,17.0,12,6,13,4,2,86,3,6
0,2,1.0,16,2,4,4,6,73,3,7
0,2,1.0,16,2,17,4,7,20,3,7
0,4,23.0,30,0,8,4,16,72,3,17
0,4,23.0,30,0,10,4,14,88,2,17
0,4,23.0,30,0,4,4,8,27,4,17
0,4,23.0,30,0,7,4,13,38,4,17
0,4,23.0,30,0,5,4,8,19,0,17
0,4,23.0,30,0,4,4,10,47,3,17
0,4,23.0,30,0,2,4,16,37,3,17
0,4,29.0,313,3,15,4,4,66,3,16
0,4,29.0,313,3,4,4,6,128,3,16
0,4,29.0,313,3,9,4,14,107,4,16
0,4,29.0,313,3,6,4,8,41,4,16
0,4,29.0,313,3,19,4,6,7,3,16
0,4,29.0,313,3,17,4,6,7,3,16
0,4,29.0,313,3,7,4,9,101,4,16
0,4,29.0,313,3,2,4,6,7,3,16
0,4,30.0,139,0,6,4,8,27,0,19
0,5,29.0,24,0,9,4,1,35,3,16
0,4,30.0,139,0,1,4,6,7,0,19
0,6,13.0,317,1,17,4,9,49,4,25
0,4,30.0,139,0,17,4,2,2,2,19
0,4,30.0,139,0,20,4,13,29,3,19
0,4,30.0,139,0,8,4,6,7,4,19
0,1,16.0,2,2,18,4,9,57,3,2
0,1,16.0,2,2,8,4,13,38,3,2
0,1,23.0,69,2,6,4,14,32,4,17
0,1,23.0,69,2,21,4,8,33,3,17
0,2,2.0,143,4,12,4,6,7,3,22
0,8,7.0,70,4,11,4,13,36,4,11
0,2,9.0,21,4,9,4,7,111,3,12
0,8,7.0,70,4,14,4,8,118,3,11
0,8,7.0,70,4,12,4,15,46,3,11
0,8,7.0,70,4,2,4,6,7,3,11
0,8,10.0,71,3,2,4,0,12,3,4
0,8,10.0,71,3,9,4,14,25,4,4
0,8,10.0,71,3,9,4,11,10,3,4
0,8,10.0,71,3,14,4,11,55,3,4
0,8,10.0,71,3,19,4,6,7,4,4
0,8,10.0,71,3,8,4,7,111,2,4
0,8,15.0,72,5,1,4,11,94,4,1
0,8,15.0,72,5,2,4,16,72,3,1
0,4,7.0,133,6,3,4,14,25,3,11
0,0,11.0,10,0,4,4,13,28,4,9
0,4,7.0,133,6,20,4,6,7,3,11
0,4,7.0,133,6,18,4,9,95,2,11
0,4,7.0,133,6,19,4,11,55,3,11
0,4,7.0,133,6,14,4,1,11,4,11
0,4,7.0,133,6,18,4,13,99,4,11
0,4,10.0,79,1,4,4,2,92,3,4
0,4,10.0,79,1,14,4,10,22,3,4
0,4,10.0,79,1,17,4,6,7,4,4
0,4,10.0,79,1,23,4,14,106,2,4
0,4,10.0,79,1,19,4,13,69,3,4
0,4,10.0,79,1,9,4,9,87,3,4
0,4,16.0,25,0,4,4,16,74,3,2
0,4,16.0,25,0,10,4,12,61,3,2
0,4,16.0,25,0,4,4,4,127,4,2
0,4,16.0,25,0,23,4,9,83,2,2
0,4,16.0,25,0,12,4,8,27,3,2
0,2,1.0,16,2,4,4,6,7,3,7
0,2,1.0,16,2,17,4,6,91,4,7
0,2,1.0,16,2,6,4,0,31,3,7
0,2,1.0,16,2,4,4,13,28,3,7
1,0,15.0,190,4,9,4,16,72,3,1
0,2,1.0,16,2,10,4,14,24,3,7
0,2,1.0,16,2,17,4,9,63,0,7
0,2,1.0,16,2,18,4,9,49,4,7
1,0,15.0,190,4,20,4,14,110,2,1
0,2,1.0,16,2,0,4,0,31,4,7
0,2,1.0,16,2,18,4,12,100,3,7
0,2,8.0,258,2,1,4,10,47,3,8
1,0,14.0,5,2,16,4,13,38,3,5
0,2,8.0,258,2,14,4,6,91,4,8
0,2,8.0,258,2,9,4,11,10,4,8
0,2,8.0,258,2,14,4,7,57,3,8
1,0,14.0,5,2,2,4,8,19,3,5
1,0,14.0,5,2,12,4,13,29,3,5
1,0,14.0,5,2,16,4,11,98,3,5
1,0,14.0,5,2,5,4,12,84,3,5
1,0,14.0,5,2,17,4,2,2,3,5
0,3,18.0,165,1,4,4,12,80,3,0
0,10,2.0,358,3,1,4,9,93,4,22
0,5,22.0,163,0,19,4,13,69,0,26
0,8,20.0,319,2,5,4,9,27,0,29
0,3,13.0,210,4,12,4,11,55,3,25
0,6,3.0,99,6,12,4,9,63,3,27
0,7,20.0,266,0,19,4,3,44,3,29
0,10,2.0,358,3,2,4,1,11,3,22
0,5,22.0,163,0,12,4,13,48,4,26
0,4,19.0,142,4,14,4,16,50,3,10
0,4,19.0,142,4,14,4,8,27,3,10
0,3,13.0,210,4,17,4,10,23,1,25
0,3,18.0,165,1,21,4,9,54,3,0
0,8,20.0,319,2,6,4,8,9,3,29
0,3,18.0,165,1,4,4,2,86,3,0
0,6,5.0,342,0,11,4,1,67,2,24
0,4,19.0,142,4,4,4,5,6,3,10
0,7,20.0,266,0,8,4,12,80,3,29
0,10,2.0,358,3,19,4,1,59,4,22
0,3,13.0,210,4,19,4,16,50,3,25
0,5,30.0,294,1,5,4,9,83,3,19
0,3,4.0,285,1,9,4,6,7,3,30
0,3,18.0,165,1,1,4,7,57,3,0
0,6,5.0,342,0,11,4,5,12,0,24
0,4,19.0,142,4,17,4,14,88,3,10
0,7,20.0,266,0,6,4,14,24,3,29
0,10,2.0,358,3,20,4,6,91,3,22
0,3,12.0,104,2,0,4,6,7,3,28
0,5,30.0,294,1,15,4,15,96,3,19
0,3,5.0,324,2,4,4,15,46,4,24
0,3,18.0,165,1,9,4,0,85,3,0
0,3,18.0,165,1,3,4,12,17,3,0
0,3,20.0,105,4,1,4,8,118,3,29
0,3,20.0,105,4,4,4,16,72,3,29
0,3,21.0,338,5,16,4,16,37,3,21
0,3,21.0,338,5,1,4,1,35,4,21
0,3,21.0,338,5,17,4,8,41,3,21
0,3,30.0,304,3,4,4,2,69,3,19
0,3,30.0,304,3,23,4,2,35,3,19
0,3,30.0,304,3,9,4,6,116,4,19
0,3,30.0,304,3,6,4,16,113,3,19
0,3,30.0,304,3,17,4,9,49,3,19
0,5,2.0,307,1,1,4,9,10,0,22
0,5,2.0,307,1,13,4,4,66,3,22
0,5,2.0,307,1,9,4,14,110,3,22
0,5,2.0,307,1,0,4,10,22,3,22
0,5,2.0,307,1,3,4,9,87,3,22
0,10,17.0,256,0,9,4,16,37,3,6
0,10,17.0,256,0,4,4,1,16,3,6
0,10,17.0,256,0,4,4,6,7,3,6
0,4,2.0,141,0,18,4,6,73,0,22
0,10,17.0,256,0,6,4,9,83,4,6
0,10,17.0,256,0,14,4,8,27,3,6
0,10,17.0,256,0,1,4,15,108,4,6
0,10,24.0,261,0,14,4,9,54,4,14
0,10,24.0,261,0,14,4,2,69,4,14
0,10,24.0,261,0,5,4,2,71,3,14
0,10,24.0,261,0,15,4,6,7,3,14
0,10,24.0,261,0,19,4,9,83,3,14
0,7,24.0,68,5,18,4,5,6,0,14
0,4,2.0,141,0,14,4,10,6,3,22
0,4,2.0,141,0,14,4,0,31,4,22
0,1,1.0,203,1,18,4,6,7,0,7
0,4,2.0,141,0,2,4,10,52,3,22
0,1,1.0,203,1,3,4,0,77,3,7
0,1,1.0,203,1,17,4,8,33,4,7
0,1,25.0,65,5,8,4,9,27,0,13
0,2,18.0,7,6,14,4,1,1,4,0
0,1,25.0,65,5,21,4,13,28,3,13
0,1,25.0,65,5,17,4,14,24,3,13
0,1,25.0,65,5,1,4,4,121,4,13
0,3,14.0,33,5,5,4,9,57,3,5
0,3,15.0,35,6,18,4,14,110,4,1
0,3,15.0,35,6,12,4,13,48,3,1
0,3,15.0,35,6,9,4,12,121,3,1
0,3,15.0,35,6,19,4,0,53,3,1
0,3,15.0,35,6,19,4,8,9,2,1
0,3,15.0,35,6,19,4,9,10,4,1
0,3,23.0,57,3,1,4,2,40,4,17
0,8,1.0,66,5,19,4,9,10,4,7
0,8,1.0,66,5,11,4,4,127,3,7
0,8,1.0,66,5,13,4,7,62,3,7
0,8,9.0,124,6,13,4,8,19,0,12
0,8,9.0,124,6,17,4,6,7,3,12
0,0,1.0,8,5,14,4,13,21,3,7
0,8,9.0,124,6,7,4,6,7,3,12
0,8,27.0,78,2,16,4,2,92,3,15
0,8,27.0,78,2,16,4,14,110,4,15
0,10,25.0,56,1,11,4,8,33,3,13
0,1,2.0,171,2,9,4,3,115,3,22
0,1,2.0,171,2,2,4,15,51,3,22
0,1,2.0,171,2,22,4,9,87,2,22
0,9,17.0,255,5,18,4,16,37,3,6
0,9,17.0,255,5,14,4,7,78,3,6
0,1,2.0,171,2,18,4,6,128,4,22
0,1,2.0,171,2,19,4,2,3,4,22
0,1,2.0,171,2,14,4,6,7,3,22
0,1,2.0,171,2,14,4,1,16,4,22
0,1,26.0,248,6,20,4,2,2,3,3
0,1,26.0,248,6,2,4,1,11,0,3
0,9,17.0,255,5,14,4,6,89,3,6
0,1,26.0,248,6,21,4,8,27,3,3
0,1,26.0,248,6,18,4,8,41,3,3
0,1,26.0,248,6,18,4,16,139,4,3
0,9,17.0,255,5,12,4,1,11,4,6
0,1,27.0,262,3,12,4,5,12,3,15
0,1,27.0,262,3,2,4,3,79,3,15
0,1,27.0,262,3,17,4,13,28,0,15
0,9,17.0,255,5,1,4,2,92,3,6
0,5,19.0,146,5,2,4,15,108,3,10
0,5,20.0,214,6,8,4,8,27,3,29
0,5,20.0,214,6,1,4,1,11,4,29
0,5,21.0,351,3,14,4,8,19,3,21
0,5,21.0,351,3,14,4,12,80,4,21
0,5,21.0,351,3,14,4,14,106,3,21
0,5,21.0,351,3,9,4,13,38,4,21
0,5,21.0,351,3,20,4,1,105,3,21
0,5,22.0,163,0,8,4,12,121,3,26
0,7,20.0,266,0,2,4,1,67,0,29
0,6,5.0,342,0,14,4,2,86,3,24
0,4,19.0,142,4,1,4,11,18,3,10
0,5,30.0,294,1,17,4,14,126,4,19
0,3,12.0,104,2,8,4,0,64,3,28
0,10,3.0,310,0,2,4,1,105,0,27
0,7,20.0,266,0,0,4,2,40,4,29
0,6,5.0,342,0,16,4,1,81,4,24
0,10,3.0,310,0,19,4,2,69,3,27
0,4,19.0,142,4,1,4,9,83,4,10
0,5,30.0,294,1,16,4,16,139,3,19
0,3,12.0,104,2,14,4,13,13,3,28
0,3,5.0,324,2,6,4,1,59,4,24
0,7,20.0,266,0,1,4,3,44,3,29
0,6,5.0,342,0,19,4,0,96,4,24
0,10,3.0,310,0,22,4,8,33,4,27
0,4,25.0,20,2,17,4,16,50,3,13
0,5,30.0,294,1,18,4,2,35,4,19
0,3,12.0,104,2,13,4,9,9,3,28
0,3,12.0,104,2,11,4,9,95,3,28
0,3,12.0,104,2,19,4,8,9,3,28
0,3,12.0,104,2,9,4,9,54,4,28
0,3,11.0,337,1,18,4,14,34,3,9
0,3,11.0,337,1,18,4,14,25,3,9
0,3,11.0,337,1,8,4,2,69,3,9
0,3,11.0,337,1,3,4,12,84,3,9
0,3,11.0,337,1,2,4,2,71,4,9
0,7,20.0,266,0,16,4,9,63,4,29
0,7,20.0,266,0,17,4,12,61,3,29
0,9,26.0,267,3,0,4,6,91,3,3
0,9,26.0,267,3,1,4,1,105,4,3
0,4,30.0,139,0,9,4,14,25,3,19
0,4,30.0,139,0,21,4,14,32,3,19
0,2,3.0,282,5,12,4,6,7,3,27
0,2,3.0,282,5,9,4,9,10,4,27
0,2,3.0,282,5,9,4,9,10,4,27
0,2,3.0,282,5,11,4,8,9,3,27
0,2,3.0,282,5,4,4,2,71,4,27
0,2,3.0,282,5,4,4,8,9,0,27
0,2,3.0,282,5,19,4,1,11,3,27
0,6,13.0,317,1,19,4,0,15,3,25
0,6,13.0,317,1,8,4,3,79,3,25
0,2,4.0,254,6,16,4,16,72,4,30
0,6,13.0,317,1,1,4,14,32,3,25
0,6,13.0,317,1,18,4,12,104,4,25
0,6,13.0,317,1,18,4,1,105,4,25
0,2,4.0,254,6,11,4,6,91,3,30
0,2,4.0,254,6,2,4,13,48,3,30
0,2,15.0,130,2,18,4,0,64,3,1
0,2,15.0,130,2,14,4,2,123,4,1
0,2,15.0,130,2,1,4,0,53,3,1
0,4,18.0,26,2,16,4,0,64,3,0
0,0,17.0,12,3,4,4,12,83,4,6
0,0,17.0,12,3,18,4,13,99,4,6
0,4,18.0,26,2,14,4,11,133,4,0
0,4,24.0,27,1,2,4,10,12,3,14
0,4,24.0,27,1,9,4,6,7,0,14
0,4,24.0,27,1,18,4,6,7,3,14
0,4,24.0,27,1,1,4,6,7,3,14
0,1,8.0,62,1,18,4,9,63,4,8
0,4,24.0,27,1,22,4,13,38,3,14
0,4,24.0,27,1,19,4,14,126,3,14
0,4,24.0,27,1,23,4,16,65,0,14
0,4,26.0,80,4,18,4,6,91,4,3
0,4,26.0,80,4,12,4,13,28,4,3
0,4,26.0,80,4,17,4,6,7,4,3
0,4,26.0,80,4,19,4,11,15,3,3
0,4,26.0,80,4,21,4,3,115,3,3
0,2,15.0,130,2,12,4,0,64,3,1
0,2,15.0,130,2,2,4,3,79,3,1
0,6,28.0,309,2,1,4,7,129,4,18
0,2,22.0,209,2,19,4,8,27,3,26
0,6,29.0,335,4,9,4,9,87,4,16
0,2,22.0,209,2,18,4,9,93,4,26
0,2,22.0,209,2,1,4,9,10,2,26
0,2,22.0,209,2,9,4,8,27,4,26
0,6,29.0,335,4,14,4,14,126,4,16
0,2,22.0,209,2,14,4,4,66,3,26
0,2,22.0,209,2,9,4,14,126,4,26
0,2,22.0,209,2,9,4,9,134,4,26
0,10,5.0,336,2,21,4,12,135,4,24
0,2,23.0,230,4,17,4,15,46,3,17
0,2,23.0,230,4,17,4,2,71,4,17
0,2,23.0,230,4,14,4,1,35,4,17
0,10,5.0,336,2,7,4,6,7,3,24
0,2,23.0,230,4,21,4,16,65,3,17
0,2,23.0,230,4,22,4,2,92,3,17
0,10,5.0,336,2,12,4,2,13,0,24
0,2,28.0,257,1,17,4,5,64,3,18
0,9,26.0,267,3,2,4,9,102,3,3
0,9,26.0,267,3,4,4,8,41,0,3
0,9,26.0,267,3,15,4,8,9,3,3
0,11,20.0,340,5,4,4,13,69,3,29
0,11,4.0,275,2,10,4,16,65,3,30
0,11,3.0,288,1,8,4,8,118,3,27
0,11,3.0,288,1,17,4,14,126,3,27
0,11,3.0,288,1,6,4,1,59,3,27
0,11,3.0,288,1,4,4,7,62,3,27
0,11,3.0,288,1,6,4,1,35,3,27
0,11,3.0,288,1,1,4,7,57,4,27
0,3,5.0,324,2,9,4,3,79,3,24
0,5,30.0,294,1,17,4,0,26,0,19
0,4,25.0,20,2,12,4,8,41,3,13
0,10,3.0,310,0,8,4,14,97,3,27
0,6,5.0,342,0,16,4,14,126,4,24
0,7,20.0,266,0,1,4,16,72,3,29
0,10,9.0,150,3,14,4,4,75,4,12
0,4,9.0,18,0,0,4,12,121,4,12
0,10,13.0,346,4,9,4,9,93,3,25
0,4,25.0,20,2,5,4,8,19,3,13
0,6,5.0,342,0,19,4,6,128,3,24
0,3,11.0,337,1,15,4,12,61,1,9
0,10,9.0,150,3,23,4,15,31,0,12
0,4,9.0,18,0,13,4,13,48,3,12
0,10,13.0,346,4,2,4,12,56,3,25
0,4,25.0,20,2,18,4,6,7,4,13
1,0,14.0,5,2,12,4,10,52,3,5
0,3,11.0,337,1,5,4,13,38,3,9
0,10,9.0,150,3,14,4,1,35,4,12
0,4,9.0,18,0,9,4,6,116,1,12
0,1,1.0,203,1,15,4,16,74,0,7
0,4,9.0,18,0,9,4,16,50,4,12
0,1,1.0,203,1,14,4,6,89,3,7
0,4,9.0,18,0,17,4,1,81,4,12
0,4,9.0,18,0,1,4,6,7,3,12
0,4,9.0,18,0,12,4,0,64,3,12
0,4,9.0,18,0,19,4,13,69,3,12
0,1,7.0,32,0,10,4,0,12,0,11
0,4,17.0,19,1,14,4,3,70,3,6
0,4,17.0,19,1,19,4,14,131,4,6
0,4,17.0,19,1,17,4,6,7,3,6
0,1,7.0,32,0,6,4,11,15,3,11
0,4,17.0,19,1,14,4,16,37,4,6
0,4,17.0,19,1,6,4,12,61,4,6
0,1,7.0,32,0,20,4,11,8,4,11
0,1,7.0,32,0,7,4,6,128,0,11
0,1,7.0,32,0,17,4,8,118,3,11
0,9,17.0,255,5,5,4,8,27,4,6
0,1,27.0,262,3,9,4,15,31,3,15
0,1,27.0,262,3,17,4,0,26,3,15
0,9,17.0,255,5,3,4,8,27,0,6
0,9,15.0,226,2,10,4,6,7,3,1
0,8,2.0,77,6,7,4,9,10,4,22
0,8,2.0,77,6,23,4,2,2,3,22
0,8,2.0,77,6,13,4,14,24,3,22
0,8,2.0,77,6,9,4,3,115,3,22
0,11,15.0,331,3,19,4,9,10,4,1
0,8,8.0,76,5,1,4,9,102,4,8
0,8,8.0,76,5,1,4,15,119,3,8
0,8,8.0,76,5,4,4,6,89,4,8
0,8,8.0,76,5,2,4,16,72,3,8
0,11,13.0,312,5,20,4,10,47,3,25
0,8,8.0,76,5,10,4,6,128,0,8
0,8,19.0,280,1,5,4,2,40,3,10
0,8,19.0,280,1,4,4,13,28,2,10
0,5,30.0,294,1,4,4,14,25,3,19
0,6,2.0,352,5,11,4,9,95,3,22
0,6,2.0,352,5,1,4,9,109,4,22
0,6,2.0,352,5,19,4,6,7,3,22
0,6,2.0,352,5,2,4,9,27,3,22
0,6,2.0,352,5,14,4,8,19,3,22
0,6,2.0,352,5,13,4,14,131,3,22
0,6,2.0,352,5,2,4,5,12,0,22
0,6,2.0,352,5,11,4,6,7,3,22
0,6,2.0,352,5,19,4,1,105,3,22
0,6,2.0,352,5,19,4,8,9,3,22
0,6,2.0,352,5,1,4,15,114,4,22
0,6,2.0,352,5,18,4,9,109,4,22
0,6,2.0,352,5,6,4,0,77,3,22
0,6,3.0,99,6,2,4,16,50,4,27
0,6,3.0,99,6,3,4,12,80,0,27
0,6,3.0,99,6,9,4,8,27,4,27
0,5,22.0,163,0,9,4,6,7,0,26
0,5,21.0,351,3,6,4,6,91,4,21
0,5,21.0,351,3,9,4,3,30,4,21
0,5,21.0,351,3,5,4,16,42,3,21
0,4,6.0,176,5,17,4,6,14,4,23
0,4,6.0,176,5,19,4,15,46,3,23
0,4,6.0,176,5,22,4,7,129,3,23
0,4,6.0,176,5,18,4,0,53,4,23
0,4,6.0,176,5,14,4,3,103,3,23
0,4,6.0,176,5,17,4,11,55,4,23
0,5,12.0,327,5,23,4,12,17,3,28
0,4,12.0,134,4,2,4,13,48,3,28
0,5,18.0,195,4,4,4,1,1,4,0
0,5,18.0,195,4,19,4,16,42,3,0
0,5,18.0,195,4,4,4,1,16,4,0
0,4,12.0,134,4,6,4,13,28,3,28
0,5,18.0,195,4,19,4,13,28,0,0
0,5,27.0,328,6,9,4,9,93,4,15
0,5,27.0,328,6,18,4,14,126,4,15
0,4,12.0,134,4,12,4,11,90,3,28
0,5,29.0,24,0,18,4,14,126,4,16
0,4,23.0,30,0,12,4,10,47,3,17
0,4,23.0,30,0,14,4,12,83,4,17
0,4,23.0,30,0,13,4,13,99,3,17
0,10,13.0,346,4,17,4,7,20,3,25
1,0,9.0,48,5,11,4,9,49,2,12
0,10,9.0,150,3,13,4,8,19,4,12
0,4,25.0,20,2,9,4,7,8,3,13
0,3,11.0,337,1,2,4,8,27,3,9
0,10,13.0,346,4,14,4,6,89,3,25
0,10,10.0,245,0,11,4,8,27,3,4
0,4,25.0,20,2,1,4,8,41,3,13
0,2,11.0,297,6,9,4,2,40,4,9
0,3,11.0,337,1,18,4,14,25,0,9
0,10,13.0,346,4,1,4,12,104,4,25
0,10,10.0,245,0,2,4,2,13,3,4
0,4,25.0,20,2,10,4,7,62,3,13
0,3,11.0,337,1,17,4,12,80,3,9
0,1,12.0,353,6,13,4,6,7,3,28
0,7,14.0,125,1,9,4,10,47,3,5
0,4,25.0,20,2,6,4,6,7,3,13
0,2,16.0,220,4,4,4,14,107,4,2
0,3,11.0,337,1,14,4,5,64,3,9
0,1,12.0,353,6,18,4,6,7,3,28
0,10,10.0,245,0,22,4,6,7,3,4
0,10,10.0,245,0,8,4,16,37,3,4
0,10,10.0,245,0,12,4,13,123,3,4
0,10,10.0,245,0,17,4,8,118,1,4
0,10,10.0,245,0,17,4,2,13,0,4
0,10,10.0,245,0,7,4,1,67,2,4
0,10,10.0,245,0,14,4,8,33,3,4
0,10,10.0,245,0,17,4,13,28,0,4
0,10,10.0,245,0,6,4,8,33,3,4
0,10,16.0,201,3,14,4,2,2,3,2
0,10,16.0,201,3,1,4,3,30,3,2
0,10,16.0,201,3,7,4,1,67,4,2
0,10,16.0,201,3,8,4,6,7,3,2
0,10,16.0,201,3,1,4,8,27,3,2
0,10,18.0,246,1,5,4,6,128,3,0
0,8,24.0,85,3,20,4,1,81,3,14
0,6,1.0,158,4,0,4,8,27,4,7
0,8,25.0,86,0,19,4,9,109,4,13
0,6,1.0,158,4,14,4,7,8,4,7
0,6,1.0,158,4,18,4,15,108,4,7
0,6,1.0,158,4,22,4,10,12,3,7
0,8,25.0,86,0,12,4,15,46,3,13
0,6,1.0,158,4,13,4,9,27,3,7
0,6,1.0,158,4,12,4,9,101,4,7
0,6,1.0,158,4,14,4,9,101,4,7
0,6,1.0,158,4,2,4,1,105,3,7
0,6,7.0,169,2,1,4,6,91,3,11
0,6,7.0,169,2,2,4,12,17,3,11
0,6,9.0,236,5,1,4,7,54,4,12
0,4,1.0,144,3,22,4,16,72,3,7
0,6,15.0,49,4,16,4,12,100,4,1
0,6,15.0,49,4,0,4,14,110,3,1
0,6,24.0,31,6,9,4,16,65,4,14
0,3,5.0,324,2,14,4,7,8,4,24
0,8,22.0,354,5,14,4,0,26,1,26
0,8,22.0,354,5,10,4,1,16,2,26
0,8,22.0,354,5,5,4,6,7,2,26
0,8,22.0,354,5,0,4,5,6,3,26
0,8,22.0,354,5,5,4,6,128,4,26
0,3,5.0,324,2,17,4,6,14,3,24
0,3,19.0,138,2,9,4,14,88,4,10
0,8,22.0,354,5,12,4,13,21,0,26
0,3,19.0,138,2,8,4,1,35,0,10
0,3,19.0,138,2,9,4,1,11,4,10
0,3,19.0,138,2,3,4,13,13,3,10
0,3,29.0,325,6,18,4,13,48,4,16
0,8,28.0,224,4,17,4,14,25,4,18
0,8,28.0,224,4,14,4,1,11,3,18
0,5,5.0,96,5,22,4,13,29,0,24
0,5,11.0,326,4,8,4,13,28,0,9
0,8,28.0,224,4,13,4,9,57,3,18
0,8,28.0,224,4,10,4,0,26,3,18
0,10,18.0,246,1,6,4,16,65,4,0
0,7,7.0,293,1,13,4,9,57,3,11
0,10,18.0,246,1,9,4,8,118,4,0
0,10,18.0,246,1,2,4,7,20,3,0
0,7,7.0,293,1,13,4,0,64,3,11
0,7,7.0,293,1,12,4,16,139,3,11
0,10,23.0,247,3,13,4,11,117,3,17
0,10,23.0,247,3,17,4,14,24,3,17
0,10,23.0,247,3,6,4,11,117,3,17
0,10,25.0,56,1,17,4,9,27,0,13
0,7,7.0,293,1,19,4,3,44,3,11
0,10,25.0,56,1,21,4,9,101,4,13
0,10,25.0,56,1,18,4,1,11,4,13
0,7,7.0,293,1,20,4,9,87,3,11
0,7,7.0,293,1,19,4,13,38,3,11
0,7,7.0,293,1,23,4,9,87,3,11
0,10,25.0,56,1,4,4,14,110,3,13
0,9,17.0,255,5,19,4,9,87,3,6
0,10,25.0,56,1,5,4,13,99,3,13
0,10,25.0,56,1,6,4,4,138,3,13
0,10,25.0,56,1,15,4,4,75,3,13
0,4,25.0,20,2,5,4,8,118,3,13
0,3,11.0,337,1,12,4,6,7,3,9
0,2,16.0,220,4,17,4,10,43,3,2
0,1,12.0,353,6,8,4,16,72,0,28
0,1,9.0,50,2,13,4,6,128,3,12
0,4,25.0,20,2,8,4,1,105,3,13
0,1,15.0,1,1,18,4,1,59,4,1
0,4,25.0,20,2,19,4,0,96,3,13
0,1,15.0,1,1,22,4,15,114,3,1
0,0,1.0,8,5,4,4,8,41,4,7
0,0,1.0,8,5,12,4,14,106,2,7
0,8,27.0,78,2,4,4,14,126,3,15
0,0,1.0,8,5,1,4,6,7,3,7
0,0,1.0,8,5,4,4,8,33,3,7
0,0,1.0,8,5,12,4,2,35,4,7
0,0,1.0,8,5,11,4,0,68,3,7
0,8,27.0,78,2,17,4,6,7,3,15
0,8,27.0,78,2,13,4,6,7,3,15
0,8,27.0,78,2,14,4,13,69,3,15
0,8,27.0,78,2,18,4,11,10,0,15
0,0,8.0,9,5,23,4,6,128,3,8
0,8,27.0,78,2,9,4,6,91,3,15
0,0,8.0,9,5,14,4,8,9,3,8
0,0,8.0,9,5,22,4,6,7,0,8
0,0,8.0,9,5,9,4,4,45,3,8
0,4,7.0,133,6,19,4,8,27,0,11
0,4,7.0,133,6,9,4,9,54,4,11
0,4,7.0,133,6,14,4,1,1,4,11
0,0,11.0,10,0,23,4,13,38,4,9
0,8,19.0,280,1,12,4,3,79,3,10
0,8,19.0,280,1,8,4,16,130,0,10
0,8,19.0,280,1,22,4,3,103,3,10
0,8,19.0,280,1,19,4,16,50,3,10
0,8,26.0,278,1,17,4,16,50,3,3
0,8,26.0,278,1,3,4,3,30,3,3
0,8,26.0,278,1,18,4,7,122,3,3
0,8,26.0,278,1,19,4,12,56,3,3
0,8,26.0,278,1,3,4,6,7,3,3
0,8,26.0,278,1,4,4,0,64,3,3
0,8,26.0,278,1,18,4,13,21,3,3
0,8,26.0,278,1,19,4,16,42,4,3
0,8,26.0,278,1,4,4,7,62,3,3
0,8,26.0,278,1,2,4,3,30,3,3
0,8,26.0,278,1,9,4,4,4,3,3
0,4,8.0,292,3,11,4,14,24,3,8
0,4,8.0,292,3,12,4,14,126,4,8
0,4,8.0,292,3,4,4,12,61,4,8
0,4,8.0,292,3,16,4,9,101,4,8
0,4,8.0,292,3,9,4,3,44,3,8
0,4,8.0,292,3,9,4,8,33,3,8
0,5,21.0,351,3,8,4,13,48,3,21
0,5,20.0,214,6,19,4,8,33,3,29
0,5,20.0,214,6,1,4,8,41,3,29
0,5,20.0,214,6,20,4,6,89,3,29
0,5,20.0,214,6,2,4,6,7,3,29
0,5,20.0,214,6,17,4,8,27,4,29
0,5,19.0,146,5,9,4,8,27,4,10
0,5,19.0,146,5,1,4,16,139,4,10
0,5,19.0,146,5,11,4,12,83,0,10
0,5,19.0,146,5,9,4,6,7,3,10
0,5,19.0,146,5,9,4,2,35,4,10
0,5,19.0,146,5,4,4,1,16,3,10
0,5,19.0,146,5,9,4,8,27,4,10
0,5,2.0,307,1,9,4,13,99,4,22
0,5,2.0,307,1,13,4,9,9,3,22
0,3,30.0,304,3,12,4,13,28,3,19
0,3,30.0,304,3,9,4,15,46,3,19
0,3,30.0,304,3,4,4,8,118,3,19
0,3,30.0,304,3,1,4,14,34,3,19
0,3,21.0,338,5,17,4,15,46,3,21
0,3,21.0,338,5,18,4,8,41,3,21
0,3,21.0,338,5,17,4,8,27,3,21
0,4,8.0,292,3,16,4,6,7,0,8
0,4,8.0,292,3,18,4,13,28,3,8
0,4,8.0,292,3,9,4,8,27,3,8
0,4,27.0,274,5,12,4,7,137,3,15
0,4,27.0,274,5,20,4,5,6,3,15
0,4,27.0,274,5,9,4,9,63,4,15
0,4,27.0,274,5,18,4,9,102,4,15
0,4,27.0,274,5,15,4,16,42,4,15
0,4,27.0,274,5,13,4,9,57,3,15
0,2,16.0,220,4,4,4,13,29,3,2
0,2,16.0,220,4,18,4,9,101,4,2
0,2,16.0,220,4,23,4,16,72,2,2
0,2,16.0,220,4,2,4,11,133,2,2
0,2,19.0,137,3,1,4,6,7,3,10
0,2,19.0,137,3,3,4,4,45,3,10
0,2,19.0,137,3,17,4,8,33,0,10
0,2,19.0,137,3,2,4,0,0,3,10
0,2,19.0,137,3,7,4,6,7,0,10
1,0,8.0,9,4,14,4,12,83,4,8
0,2,19.0,137,3,5,4,10,47,3,10
1,0,8.0,9,4,18,4,9,95,4,8
0,2,19.0,137,3,23,4,6,7,3,10
0,2,19.0,137,3,7,4,6,7,0,10
0,2,19.0,137,3,7,4,6,7,0,10
0,10,5.0,336,2,6,4,9,63,4,24
0,10,11.0,298,1,22,4,2,71,2,9
0,2,28.0,257,1,6,4,2,40,4,18
0,10,11.0,298,1,20,4,0,12,3,9
0,2,29.0,140,2,15,4,12,80,3,16
0,10,11.0,298,1,16,4,4,75,3,9
0,2,29.0,140,2,16,4,9,10,4,16
0,2,29.0,140,2,21,4,9,10,4,16
0,2,29.0,140,2,16,4,1,81,4,16
0,10,11.0,298,1,10,4,11,15,3,9
0,10,11.0,298,1,19,4,12,56,3,9
0,10,11.0,298,1,19,4,16,42,3,9
0,2,30.0,131,4,9,4,8,27,3,19
0,2,30.0,131,4,19,4,16,72,3,19
0,10,11.0,298,1,17,4,2,40,4,9
0,2,30.0,131,4,7,4,9,27,3,19
0,10,12.0,333,2,14,4,14,25,3,28
0,10,12.0,333,2,16,4,8,118,3,28
0,2,30.0,131,4,14,4,3,76,3,19
0,10,12.0,333,2,6,4,16,130,4,28
0,2,30.0,131,4,20,4,7,137,2,19
0,8,15.0,72,5,9,4,11,94,4,1
0,2,24.0,22,5,12,4,10,30,3,14
0,2,24.0,22,5,18,4,8,27,3,14
0,8,15.0,72,5,12,4,13,48,3,1
0,2,24.0,22,5,14,4,8,118,4,14
0,2,24.0,22,5,18,4,6,128,4,14
0,8,15.0,72,5,9,4,0,26,3,1
0,8,15.0,72,5,4,4,15,37,3,1
0,8,15.0,72,5,14,4,9,95,4,1
0,8,15.0,72,5,14,4,11,117,1,1
0,2,26.0,3,3,13,4,9,57,0,3
0,2,26.0,3,3,15,4,16,139,3,3
0,2,26.0,3,3,10,4,16,72,4,3
0,2,26.0,3,3,20,4,6,91,3,3
0,2,26.0,3,3,9,4,8,41,4,3
0,2,26.0,3,3,9,4,9,54,3,3
0,0,2.0,47,6,23,4,14,125,4,22
0,5,6.0,277,6,1,4,9,9,3,23
0,2,19.0,137,3,17,4,9,87,4,10
0,2,25.0,233,6,17,4,6,7,2,13
0,2,25.0,233,6,20,4,1,67,3,13
0,2,25.0,233,6,1,4,7,111,4,13
0,2,25.0,233,6,8,4,6,7,0,13
0,2,25.0,233,6,1,4,9,63,4,13
0,2,25.0,233,6,8,4,1,35,3,13
0,2,25.0,233,6,20,4,6,7,4,13
0,2,25.0,233,6,20,4,6,7,3,13
0,2,25.0,233,6,9,4,4,75,3,13
0,2,25.0,233,6,9,4,8,9,3,13
1,0,8.0,9,4,1,4,16,72,3,8
0,2,25.0,233,6,8,4,2,2,3,13
0,2,25.0,233,6,13,4,9,57,3,13
1,0,8.0,9,4,9,4,3,115,3,8
0,2,25.0,233,6,14,4,14,24,4,13
0,2,25.0,233,6,9,4,9,109,3,13
0,2,25.0,233,6,17,4,11,58,4,13
0,2,25.0,233,6,14,4,14,25,3,13
0,0,3.0,334,3,9,4,9,87,4,27
0,6,5.0,342,0,1,4,11,133,3,24
0,1,12.0,353,6,16,4,14,25,0,28
0,3,13.0,210,4,14,4,14,34,3,25
0,1,12.0,353,6,20,4,3,76,3,28
0,1,12.0,353,6,6,4,14,131,3,28
0,1,12.0,353,6,8,4,6,7,3,28
0,0,18.0,0,0,2,4,5,12,3,0
0,0,18.0,0,0,14,4,3,79,3,0
0,8,16.0,73,6,9,4,2,13,3,2
0,8,16.0,73,6,14,4,0,77,3,2
0,8,16.0,73,6,14,4,6,7,4,2
0,5,6.0,277,6,19,4,8,118,3,23
0,8,16.0,73,6,4,4,2,2,3,2
0,5,6.0,277,6,3,4,2,69,3,23
0,5,6.0,277,6,7,4,1,35,3,23
0,8,24.0,85,3,9,4,2,123,0,14
0,8,24.0,85,3,18,4,7,120,4,14
0,0,28.0,249,4,18,4,6,73,3,18
0,0,28.0,249,4,8,4,6,7,3,18
1,0,7.0,15,2,16,4,8,19,0,11
1,0,7.0,15,2,18,4,10,47,3,11
1,0,7.0,15,2,2,4,4,127,3,11
1,0,7.0,15,2,19,4,9,63,3,11
1,0,6.0,260,1,23,4,6,7,0,23
1,0,6.0,260,1,14,4,8,41,3,23
1,0,6.0,260,1,19,4,2,71,4,23
1,0,6.0,260,1,18,4,0,53,3,23
1,0,6.0,260,1,19,4,7,111,3,23
1,0,6.0,260,1,6,4,0,26,3,23
1,0,6.0,260,1,2,4,15,96,3,23
1,0,6.0,260,1,7,4,8,118,3,23
1,0,6.0,260,1,9,4,5,12,3,23
1,0,5.0,122,0,15,4,14,125,4,24
0,10,20.0,223,4,4,4,13,38,3,29
0,10,20.0,223,4,4,4,11,55,4,29
0,10,20.0,223,4,19,4,6,132,3,29
0,10,20.0,223,4,9,4,9,9,4,29
0,10,21.0,341,5,18,4,2,86,4,21
0,10,21.0,341,5,20,4,2,2,1,21
0,2,17.0,6,5,1,4,14,32,4,6
0,2,17.0,6,5,0,4,1,1,4,6
0,2,17.0,6,5,12,4,11,55,4,6
0,2,18.0,7,6,23,4,8,9,3,0
0,2,18.0,7,6,21,4,14,32,0,0
0,8,1.0,66,5,17,4,1,11,0,7
0,8,1.0,66,5,13,4,14,25,4,7
0,8,1.0,66,5,1,4,9,57,3,7
0,0,1.0,8,5,1,4,14,131,3,7
0,0,1.0,8,5,4,4,8,41,4,7
0,0,1.0,8,5,12,4,14,24,3,7
0,0,1.0,8,5,15,4,14,88,3,7
0,0,1.0,8,5,14,4,8,118,3,7
0,0,1.0,8,5,6,4,4,103,3,7
0,0,1.0,8,5,13,4,9,58,3,7
0,8,24.0,85,3,14,4,14,25,0,14
0,8,24.0,85,3,4,4,13,99,3,14
0,8,24.0,85,3,19,4,6,116,3,14
0,8,25.0,86,0,14,4,6,7,3,13
0,8,25.0,86,0,3,4,8,19,3,13
0,8,25.0,86,0,10,4,3,30,3,13
0,8,25.0,86,0,12,4,15,114,3,13
0,8,25.0,86,0,14,4,12,61,3,13
0,8,25.0,86,0,14,4,8,9,3,13
0,8,25.0,86,0,9,4,16,65,4,13
0,8,25.0,86,0,18,4,9,10,4,13
0,8,25.0,86,0,18,4,9,109,4,13
0,1,12.0,353,6,11,4,15,77,3,28
0,1,13.0,207,3,18,4,9,83,3,25
0,1,13.0,207,3,18,4,8,41,3,25
0,1,13.0,207,3,4,4,0,26,3,25
0,1,13.0,207,3,15,4,16,108,3,25
0,1,13.0,207,3,20,4,8,9,3,25
0,1,13.0,207,3,4,4,3,30,3,25
0,1,13.0,207,3,9,4,9,109,4,25
0,1,13.0,207,3,0,4,7,57,4,25
0,3,13.0,210,4,1,4,6,73,3,25
0,3,13.0,210,4,19,4,16,72,3,25
0,3,13.0,210,4,12,4,6,14,3,25
0,3,13.0,210,4,6,4,12,61,3,25
1,2,9.0,21,2,12,4,6,132,3,12
0,1,5.0,219,6,6,4,0,26,3,24
1,2,9.0,21,2,19,4,6,7,0,12
0,1,5.0,219,6,11,4,1,1,3,24
1,2,10.0,28,4,10,4,8,9,3,4
1,2,10.0,28,4,9,4,14,106,4,4
1,2,10.0,28,4,0,4,2,13,3,4
0,1,6.0,97,3,22,4,13,48,0,23
0,1,6.0,97,3,19,4,14,25,3,23
0,1,6.0,97,3,2,4,16,108,3,23
1,2,12.0,128,6,14,4,15,39,3,28
0,1,19.0,29,6,3,4,3,44,3,10
1,2,13.0,276,3,4,4,16,50,3,25
0,1,19.0,29,6,12,4,0,77,3,10
1,2,13.0,276,3,14,4,6,7,4,25
0,1,19.0,29,6,17,4,1,35,3,10
0,1,19.0,29,6,17,4,11,98,4,10
0,1,19.0,29,6,9,4,11,18,3,10
0,3,1.0,180,6,17,4,6,7,0,7
0,1,19.0,29,6,2,4,16,37,3,10
0,3,4.0,285,1,18,4,12,61,3,30
0,8,18.0,75,0,4,4,9,49,3,0
0,8,18.0,75,0,18,4,8,41,4,0
0,8,18.0,75,0,9,4,12,61,3,0
0,8,18.0,75,0,14,4,9,57,3,0
0,8,18.0,75,0,14,4,8,118,0,0
0,5,9.0,206,1,7,4,4,82,3,12
0,8,18.0,75,0,12,4,13,99,3,0
0,8,18.0,75,0,18,4,0,77,3,0
0,8,18.0,75,0,11,4,8,27,3,0
0,8,24.0,85,3,1,4,8,41,3,14
0,5,9.0,206,1,14,4,6,7,3,12
0,5,9.0,206,1,16,4,14,25,3,12
0,5,9.0,206,1,0,4,0,12,3,12
0,5,9.0,206,1,0,4,16,50,4,12
0,5,16.0,239,1,18,4,8,65,4,2
0,8,24.0,85,3,14,4,8,27,3,14
0,5,16.0,239,1,6,4,7,78,3,2
0,8,24.0,85,3,18,4,16,50,3,14
0,6,1.0,158,4,20,4,4,127,3,7
0,6,1.0,158,4,14,4,2,35,4,7
0,10,6.0,242,4,19,4,11,133,0,23
0,5,7.0,349,3,16,4,1,105,4,11
0,3,26.0,343,2,14,4,16,74,3,3
0,3,26.0,343,2,21,4,6,116,4,3
0,10,7.0,243,5,19,4,13,21,3,11
0,10,7.0,243,5,0,4,6,7,0,11
0,10,7.0,243,5,2,4,7,57,3,11
0,3,26.0,343,2,6,4,8,9,3,3
0,10,7.0,243,5,19,4,8,27,3,11
0,10,7.0,243,5,11,4,1,16,4,11
0,3,26.0,343,2,16,4,9,57,4,3
0,3,25.0,347,1,14,4,11,122,4,13
0,3,24.0,357,0,12,4,8,27,3,14
0,10,8.0,213,6,3,4,2,69,3,8
0,3,6.0,303,4,21,4,6,7,3,23
0,7,14.0,125,1,9,4,14,34,3,5
0,10,8.0,213,6,6,4,1,16,4,8
0,7,14.0,125,1,4,4,12,104,4,5
0,7,14.0,125,1,18,4,16,37,4,5
0,10,9.0,150,3,12,4,6,128,3,12
0,1,19.0,29,6,16,4,6,91,4,10
0,1,19.0,29,6,17,4,7,129,4,10
0,1,19.0,29,6,17,4,7,129,4,10
0,3,4.0,285,1,8,4,16,72,3,30
0,1,19.0,29,6,21,4,13,48,0,10
0,1,20.0,151,3,12,4,14,25,3,29
0,1,20.0,151,3,1,4,14,107,4,29
0,1,20.0,151,3,4,4,8,118,3,29
0,3,4.0,285,1,18,4,11,98,4,30
0,1,20.0,151,3,9,4,3,44,3,29
0,1,20.0,151,3,22,4,8,27,3,29
2,7,10.0,197,3,9,0,4,138,0,4
2,3,16.0,54,1,6,2,10,22,1,2
2,3,16.0,54,1,19,0,8,9,3,2
2,3,19.0,105,5,6,1,3,70,0,10
2,3,19.0,105,5,3,1,8,33,4,10
2,10,2.0,310,1,2,0,13,69,3,22
2,7,8.0,273,5,22,0,2,40,2,8
2,1,20.0,45,1,9,2,12,61,3,29
3,11,1.0,222,2,21,1,11,15,0,7
2,4,5.0,176,6,19,1,0,64,1,24
2,3,25.0,343,4,3,0,8,65,3,13
2,3,25.0,343,4,4,0,10,23,1,13
2,11,8.0,283,0,11,1,12,135,4,8
2,3,25.0,343,4,19,0,16,50,1,13
2,3,25.0,343,4,11,1,9,54,4,13
3,1,18.0,82,0,12,1,14,25,0,0
3,2,6.0,251,4,22,2,6,89,2,23
3,2,3.0,282,0,7,1,11,18,1,27
2,7,3.0,186,3,12,2,1,105,3,27
2,11,2.0,265,1,3,0,5,6,0,22
2,11,2.0,265,1,9,2,14,106,0,22
2,11,7.0,253,3,13,1,1,59,4,11
2,11,24.0,194,2,16,0,11,18,1,14
0,0,1.0,8,5,15,1,14,25,1,7
2,9,8.0,90,4,10,0,8,19,1,8
2,9,8.0,90,4,20,1,8,118,1,8
2,9,16.0,107,5,3,0,10,22,3,2
2,9,16.0,107,5,8,1,3,76,2,2
2,9,19.0,234,0,3,1,7,78,4,10
2,9,26.0,267,0,16,0,15,46,3,3
2,9,26.0,267,0,2,0,16,130,1,3
2,9,26.0,267,0,12,0,9,101,2,3
2,9,26.0,267,0,4,1,4,138,4,3
2,9,18.0,359,3,2,0,0,15,2,0
2,7,9.0,329,6,3,0,10,12,3,12
2,7,9.0,329,6,14,0,13,28,0,12
2,5,2.0,161,4,20,1,14,25,4,22
2,5,8.0,206,2,17,0,9,109,3,8
2,3,19.0,105,5,1,0,8,41,1,10
2,3,19.0,105,5,12,0,9,10,3,10
2,3,25.0,343,4,9,2,2,69,0,13
2,9,1.0,126,4,8,0,2,3,3,7
2,5,2.0,161,4,17,2,14,106,3,22
2,5,2.0,161,4,6,0,10,22,0,22
2,5,8.0,206,2,19,0,12,56,1,8
2,5,18.0,146,6,23,0,10,47,0,0
2,5,18.0,146,6,12,0,10,47,3,0
2,5,18.0,146,6,12,0,13,21,4,0
2,5,18.0,146,6,14,0,13,38,4,0
2,5,25.0,37,6,5,1,16,130,0,13
2,5,25.0,37,6,7,1,3,115,1,13
2,6,17.0,308,0,22,0,16,37,4,6
2,5,25.0,37,6,16,1,9,27,0,13
2,5,25.0,37,6,6,1,15,46,4,13
2,5,25.0,37,6,9,0,6,7,0,13
2,5,27.0,259,0,16,1,5,6,0,15
2,9,12.0,177,0,4,1,3,70,2,28
2,7,17.0,154,3,6,1,1,67,0,6
2,7,17.0,154,3,3,1,1,67,0,6
2,7,17.0,154,3,18,2,2,86,3,6
2,7,19.0,266,1,1,0,2,2,1,10
2,7,26.0,53,1,21,0,4,138,4,3
2,7,26.0,53,1,15,0,10,22,1,3
2,7,26.0,53,1,15,0,3,76,4,3
2,7,27.0,34,2,13,2,6,73,0,15
2,7,27.0,34,2,13,0,12,80,1,15
2,7,27.0,34,2,9,2,6,89,3,15
2,5,27.0,259,0,14,3,7,120,3,15
2,6,9.0,149,3,13,0,10,52,2,12
2,6,9.0,149,3,1,0,5,6,0,12
2,6,10.0,355,0,6,1,1,67,0,4
2,6,10.0,355,0,0,0,4,5,3,4
2,9,25.0,344,3,11,0,4,4,3,13
2,9,25.0,344,3,8,0,16,37,1,13
3,10,21.0,341,0,0,0,10,47,3,21
3,10,31.0,135,4,22,3,1,67,3,20
2,11,2.0,265,1,18,0,15,112,4,22
2,11,7.0,253,3,19,2,2,69,2,11
2,11,17.0,110,2,3,0,13,123,1,6
2,11,24.0,194,2,5,3,4,79,0,14
2,11,24.0,194,2,2,0,13,38,1,14
2,11,24.0,194,2,8,0,6,91,0,14
2,11,7.0,253,3,9,0,9,54,1,11
2,11,7.0,253,3,22,0,2,2,0,11
0,0,27.0,23,2,13,3,13,48,0,15
2,11,8.0,283,0,3,1,10,22,1,8
2,11,8.0,283,0,16,0,10,22,2,8
2,11,17.0,110,2,15,1,15,51,0,6
2,11,17.0,110,2,1,0,6,89,4,6
2,9,27.0,179,1,19,0,4,75,1,15
2,9,25.0,344,3,14,0,13,29,3,13
2,3,18.0,138,4,9,2,9,10,2,0
3,4,4.0,178,6,1,0,5,6,0,30
2,7,10.0,197,3,1,0,6,7,0,4
3,11,1.0,222,2,22,0,8,41,3,7
2,11,17.0,110,2,3,1,1,35,1,6
3,7,10.0,329,0,2,1,11,129,4,4
2,6,20.0,193,4,17,0,2,2,0,29
2,3,26.0,361,5,5,1,1,59,1,3
3,4,29.0,313,2,11,1,10,47,1,16
2,10,12.0,346,5,0,1,10,23,0,28
3,11,3.0,288,5,23,0,2,71,3,27
3,3,10.0,4,4,5,0,10,12,0,4
2,11,24.0,194,2,1,0,1,105,4,14
2,3,28.0,325,3,22,0,16,72,3,18
2,6,20.0,193,4,1,2,8,9,3,29
2,11,16.0,225,1,6,0,5,12,3,2
2,10,17.0,246,2,17,0,5,6,3,6
3,11,3.0,288,5,11,0,0,64,0,27
2,3,16.0,54,1,16,0,13,38,3,2
3,3,12.0,104,6,4,0,9,134,2,28
2,11,24.0,194,2,17,1,0,77,1,14
2,11,16.0,225,1,14,2,1,35,3,2
2,10,17.0,246,2,22,0,7,120,1,6
3,11,4.0,275,6,17,1,4,75,1,30
3,11,4.0,275,6,11,0,9,102,2,30
3,11,12.0,118,3,0,1,12,17,0,28
2,11,26.0,364,5,19,1,6,116,0,3
3,11,26.0,364,3,2,1,5,6,0,3
3,11,27.0,322,0,4,2,16,65,0,15
3,11,30.0,170,4,11,0,8,118,2,19
3,9,2.0,323,3,16,0,3,70,1,22
3,9,2.0,323,3,14,0,15,31,3,22
3,8,20.0,319,6,4,1,6,14,4,29
3,5,22.0,163,4,18,1,2,123,2,26
3,5,22.0,163,4,4,1,6,7,0,26
3,8,22.0,354,0,9,0,5,6,3,26
3,8,22.0,354,0,8,1,4,66,4,26
3,11,18.0,332,6,22,0,1,11,2,0
3,9,11.0,52,1,5,0,8,27,4,9
3,0,7.0,15,3,9,0,14,106,0,11
3,2,7.0,153,5,11,1,11,90,1,11
3,2,12.0,128,2,14,0,0,26,1,28
3,11,18.0,332,6,7,0,12,121,3,0
3,9,13.0,91,4,18,0,5,0,2,25
3,9,20.0,119,4,16,0,13,29,1,29
3,9,20.0,119,4,1,0,5,6,0,29
3,9,27.0,179,4,9,0,1,11,3,15
3,9,27.0,179,4,1,0,9,57,0,15
3,7,5.0,204,2,7,1,2,86,0,24
3,7,11.0,197,1,16,0,13,38,1,9
3,7,21.0,81,5,3,0,8,27,1,21
3,7,21.0,81,5,16,2,2,92,3,21
3,7,22.0,211,6,9,0,3,70,1,26
3,3,3.0,182,4,15,1,4,127,4,27
3,3,11.0,337,5,22,2,2,123,3,9
3,3,11.0,337,5,22,0,6,73,3,9
3,3,13.0,210,3,17,1,2,60,4,25
3,3,13.0,210,3,19,0,8,33,3,25
3,3,14.0,33,0,21,0,1,35,4,5
3,3,14.0,33,0,12,0,2,86,3,5
3,5,11.0,326,3,7,0,3,30,1,9
3,9,1.0,126,6,15,0,11,15,3,7
3,1,24.0,64,3,17,1,5,12,1,14
3,4,27.0,274,0,9,0,4,127,2,15
3,10,22.0,314,1,16,0,8,9,0,26
3,1,14.0,183,4,15,1,16,74,0,5
3,4,15.0,132,2,1,2,3,44,3,1
3,2,30.0,131,3,1,1,8,33,0,19
3,3,19.0,138,6,17,0,5,0,2,10
2,11,5.0,240,5,2,1,10,52,2,24
2,6,15.0,38,6,14,0,8,41,4,1
2,7,30.0,43,6,13,0,1,67,2,19
2,6,5.0,83,2,1,1,13,69,4,24
3,9,9.0,320,3,8,1,7,129,1,12
3,9,24.0,272,0,17,1,10,22,2,14
3,7,25.0,41,1,18,1,6,128,4,13
2,11,21.0,192,3,8,1,15,39,2,21
2,1,22.0,69,4,16,2,12,121,3,26
2,8,8.0,124,3,13,1,8,118,1,8
2,5,4.0,96,6,22,3,11,117,1,30
3,5,10.0,155,6,2,1,14,24,0,4
0,2,15.0,130,2,8,1,10,47,2,1
3,2,27.0,136,4,22,2,4,70,3,15
3,2,27.0,136,4,23,1,16,50,4,15
3,0,1.0,8,0,23,1,8,65,4,7
3,1,1.0,203,5,14,2,11,15,3,7
3,1,18.0,82,0,1,1,4,136,4,0
3,1,27.0,262,2,7,2,6,7,0,15
3,8,1.0,66,0,0,1,12,56,4,7
3,8,2.0,77,1,0,1,3,30,0,22
3,8,3.0,363,2,2,2,8,9,3,27
3,8,3.0,363,2,13,1,11,15,0,27
3,8,16.0,73,1,6,1,3,30,1,2
3,8,16.0,73,1,6,2,5,6,3,2
3,8,16.0,73,1,9,2,14,25,3,2
3,4,1.0,144,2,22,2,2,92,3,7
3,4,1.0,144,2,14,0,16,50,3,7
3,6,4.0,159,2,20,1,10,12,1,30
3,6,4.0,159,2,12,0,12,61,1,30
3,6,6.0,83,5,13,0,5,64,0,23
3,6,11.0,355,2,19,0,2,13,1,9
3,6,29.0,335,3,13,0,10,22,1,16
3,6,11.0,355,2,22,1,10,52,1,9
3,6,22.0,185,3,6,2,10,6,3,26
3,6,30.0,145,0,22,0,5,6,0,19
3,10,13.0,346,3,3,1,1,59,4,25
3,1,13.0,207,2,16,2,15,114,0,25
3,1,31.0,305,3,17,1,0,15,2,20
3,4,5.0,235,3,2,1,9,95,4,24
3,4,13.0,221,0,4,0,3,79,0,25
3,2,4.0,254,1,3,0,9,93,0,30
3,2,4.0,254,1,19,0,1,59,3,30
2,8,4.0,101,2,16,0,16,74,1,30
3,2,16.0,220,3,5,1,9,134,4,2
2,8,4.0,101,2,11,0,10,12,0,30
2,10,17.0,246,2,1,0,8,9,3,6
2,9,8.0,90,4,21,1,14,110,0,8
0,1,16.0,2,2,8,0,14,25,4,2
2,3,28.0,325,3,1,0,6,89,4,18
2,9,11.0,52,3,8,0,8,19,2,9
2,9,25.0,344,3,19,1,7,54,0,13
3,2,16.0,220,3,22,2,15,114,0,2
2,6,26.0,116,2,1,0,16,37,4,3
2,7,7.0,94,4,9,3,4,82,3,11
2,9,8.0,90,4,20,1,14,126,4,8
2,9,27.0,179,1,16,0,16,50,1,15
2,5,3.0,114,5,13,0,14,125,2,27
2,3,16.0,54,1,3,1,13,21,4,2
3,2,23.0,230,3,2,1,7,57,4,17
2,10,3.0,356,2,2,1,14,107,4,27
2,9,16.0,107,5,10,1,10,43,1,2
3,11,14.0,147,1,13,1,5,64,1,5
2,9,27.0,179,1,3,0,2,2,1,15
2,5,3.0,114,5,3,1,3,76,4,27
2,3,16.0,54,1,4,0,2,69,0,2
2,3,19.0,105,5,9,0,15,96,0,10
2,3,25.0,343,4,15,0,13,48,0,13
2,5,8.0,206,2,0,0,4,70,3,8
2,9,24.0,272,6,19,1,7,111,0,14
3,2,9.0,21,3,8,1,10,52,0,12
2,11,6.0,252,6,9,1,10,23,0,23
2,7,23.0,68,6,18,1,6,7,0,17
2,9,8.0,90,4,20,0,10,22,2,8
2,9,16.0,107,5,14,1,9,102,4,2
2,9,18.0,359,3,11,0,4,79,2,0
2,9,18.0,359,3,19,2,4,79,2,0
2,9,19.0,234,0,23,0,12,61,1,10
2,9,18.0,359,3,5,0,3,79,2,0
2,9,24.0,272,6,13,0,0,68,0,14
2,7,9.0,329,6,13,0,13,38,2,12
2,7,9.0,329,6,22,0,1,35,2,12
2,7,9.0,329,6,9,0,4,66,3,12
2,7,16.0,95,6,8,1,9,63,4,2
2,7,16.0,95,6,9,0,6,132,3,2
2,7,17.0,154,3,6,0,1,105,3,6
2,7,19.0,266,1,0,1,13,29,1,10
2,7,26.0,53,1,17,0,9,49,2,3
2,7,26.0,53,1,14,1,1,35,4,3
2,9,17.0,255,6,14,1,11,18,0,6
2,3,17.0,165,2,22,3,11,15,0,6
2,5,1.0,307,2,18,0,15,46,4,7
2,6,19.0,215,2,16,1,3,30,2,10
2,7,16.0,95,6,14,0,1,1,0,2
2,3,3.0,285,2,16,0,0,64,0,27
2,3,3.0,285,2,21,0,13,99,1,27
2,3,9.0,4,1,16,0,0,77,1,12
2,3,9.0,4,1,1,1,3,79,0,12
2,3,18.0,138,4,22,1,16,72,4,0
2,9,19.0,234,0,4,0,4,66,3,10
2,9,19.0,234,0,14,2,14,131,1,10
2,9,24.0,272,6,4,0,13,38,1,14
2,9,19.0,234,0,12,0,13,29,1,10
2,7,9.0,329,6,17,0,12,61,1,12
2,9,26.0,267,0,17,1,14,32,4,3
2,7,16.0,95,6,21,2,8,9,0,2
2,7,16.0,95,6,4,1,0,53,0,2
2,7,19.0,266,1,9,1,14,24,0,10
2,7,26.0,53,1,18,0,2,123,2,3
2,7,26.0,53,1,9,0,9,93,0,3
2,7,27.0,34,2,16,0,5,12,0,15
2,7,27.0,34,2,22,2,6,89,3,15
2,3,3.0,285,2,11,0,10,47,0,27
2,3,9.0,4,1,19,0,14,25,1,12
2,3,18.0,138,4,1,0,13,48,0,0
2,3,18.0,138,4,8,3,5,6,0,0
2,3,26.0,361,5,18,2,13,29,2,3
2,3,28.0,325,3,4,0,8,9,0,18
2,5,3.0,114,5,20,1,0,15,4,27
2,5,19.0,214,3,2,0,13,28,1,10
2,5,10.0,326,5,12,0,14,126,1,4
2,7,26.0,53,1,8,2,6,88,3,3
2,7,27.0,34,2,16,0,14,25,1,15
2,7,27.0,34,2,0,2,13,29,3,15
2,7,27.0,34,2,15,2,10,22,0,15
2,7,26.0,53,1,22,1,5,64,1,3
2,3,9.0,4,1,6,0,14,24,1,12
2,3,9.0,4,1,16,1,3,44,4,12
0,0,17.0,12,3,18,3,9,83,4,6
2,3,26.0,361,5,6,1,11,117,0,3
2,3,28.0,325,3,20,1,9,95,1,18
2,5,3.0,114,5,5,0,13,69,2,27
2,5,10.0,326,5,17,0,10,47,2,4
2,5,10.0,326,5,19,0,15,114,1,4
2,6,1.0,352,6,17,0,8,19,4,7
2,6,1.0,352,6,2,0,2,86,4,7
2,6,1.0,352,6,6,1,0,53,1,7
2,6,3.0,159,0,12,0,14,25,0,27
2,6,3.0,159,0,19,0,5,12,1,27
2,6,17.0,308,0,16,0,4,121,1,6
2,3,18.0,138,4,4,0,3,115,3,0
2,9,16.0,107,5,1,2,0,53,1,2
3,2,23.0,230,3,13,1,15,51,1,17
2,10,25.0,61,4,19,0,1,105,0,13
2,5,3.0,114,5,1,2,16,72,3,27
3,1,21.0,45,4,14,0,5,6,0,21
2,9,18.0,359,3,18,1,6,7,0,0
2,10,4.0,336,4,6,2,10,47,3,30
3,4,4.0,178,6,8,0,13,69,3,30
3,2,23.0,230,3,9,1,0,64,0,17
2,1,31.0,66,6,17,0,15,96,0,20
2,9,19.0,234,0,21,1,2,2,2,10
2,10,9.0,245,1,17,2,14,25,3,12
2,7,16.0,95,6,21,1,9,93,4,2
3,0,8.0,9,0,2,1,1,11,4,8
2,1,22.0,69,4,9,1,13,29,2,26
2,5,19.0,214,3,7,0,15,31,1,10
2,7,1.0,160,5,20,1,1,81,4,7
3,1,10.0,17,3,3,1,1,35,4,4
2,10,9.0,245,1,16,0,13,21,1,12
2,7,17.0,154,3,7,0,5,12,3,6
3,0,21.0,287,3,1,0,7,62,3,21
2,4,6.0,133,3,2,0,13,36,1,23
2,5,19.0,214,3,10,2,9,87,0,10
2,5,19.0,214,3,4,0,2,40,3,10
2,5,20.0,351,0,13,3,5,12,0,29
2,5,20.0,351,0,14,0,8,9,3,29
2,5,28.0,24,1,7,0,2,2,1,18
2,5,28.0,24,1,13,0,8,9,2,18
2,5,28.0,24,1,12,0,1,1,1,18
2,6,1.0,352,6,16,1,1,16,0,7
2,6,1.0,352,6,2,0,8,9,0,7
2,6,1.0,352,6,9,2,6,116,0,7
2,6,2.0,99,3,13,0,1,11,4,22
2,5,19.0,214,3,18,1,0,64,0,10
2,3,28.0,325,3,20,0,2,13,1,18
2,3,28.0,325,3,17,1,10,12,0,18
2,3,28.0,325,3,13,0,14,25,1,18
0,4,16.0,25,0,13,3,16,37,1,2
0,3,15.0,35,6,8,0,15,119,4,1
2,5,10.0,326,5,20,1,10,23,0,4
2,5,10.0,326,5,5,1,11,15,1,4
2,5,10.0,326,5,8,0,14,125,2,4
2,5,10.0,326,5,14,0,1,11,1,4
2,5,19.0,214,3,17,0,10,52,1,10
2,5,20.0,351,0,2,0,8,118,1,29
2,5,20.0,351,0,14,2,9,54,3,29
2,5,19.0,214,3,14,0,8,41,4,10
2,5,28.0,24,1,22,2,1,1,3,18
2,5,28.0,24,1,14,0,2,86,3,18
2,6,1.0,352,6,11,0,3,30,4,7
2,6,2.0,99,3,4,0,10,47,0,22
2,6,3.0,159,0,22,0,2,13,4,27
2,6,17.0,308,0,20,0,11,117,1,6
2,6,17.0,308,0,7,1,7,122,4,6
2,6,17.0,308,0,19,1,14,34,2,6
2,6,20.0,193,4,3,0,14,32,1,29
2,6,26.0,116,2,0,0,11,15,1,3
2,5,20.0,351,0,15,0,3,76,2,29
2,5,20.0,351,0,3,2,6,7,2,29
2,5,20.0,351,0,13,0,12,56,1,29
2,6,1.0,352,6,17,1,2,86,1,7
2,6,1.0,352,6,8,2,10,52,2,7
2,6,1.0,352,6,14,0,10,22,2,7
2,6,1.0,352,6,9,2,16,65,0,7
2,6,2.0,99,3,13,0,9,95,4,22
2,6,2.0,99,3,4,2,9,95,0,22
2,6,2.0,99,3,12,2,16,37,3,22
2,6,3.0,159,0,6,1,11,15,0,27
2,6,1.0,352,6,17,0,9,49,1,7
2,6,20.0,193,4,8,2,6,7,3,29
2,6,26.0,116,2,0,0,0,53,0,3
2,6,26.0,116,2,18,0,13,28,1,3
2,10,3.0,356,2,4,0,5,6,2,27
2,10,3.0,356,2,2,1,8,9,4,27
2,10,4.0,336,4,21,1,16,50,0,30
2,10,4.0,336,4,8,0,0,77,1,30
2,10,9.0,245,1,2,0,13,38,3,12
2,10,10.0,298,2,18,1,0,12,1,4
2,6,17.0,308,0,14,0,12,61,1,6
2,6,20.0,193,4,14,0,14,25,3,29
2,6,20.0,193,4,20,1,11,133,4,29
2,10,3.0,356,2,22,0,14,107,1,27
2,10,4.0,336,4,11,0,10,22,2,30
2,10,3.0,356,2,2,0,6,7,0,27
2,10,9.0,245,1,2,1,15,31,1,12
2,10,11.0,333,4,6,0,0,26,1,9
2,10,18.0,117,4,17,2,6,128,0,0
2,10,18.0,117,4,19,0,13,38,0,0
2,10,18.0,117,4,1,0,4,82,3,0
2,10,18.0,117,4,9,0,10,47,3,0
2,10,28.0,318,3,5,1,0,31,4,18
2,10,28.0,318,3,17,1,5,0,1,18
2,1,20.0,45,1,17,0,15,51,4,29
2,7,10.0,197,3,0,1,13,21,0,4
2,10,10.0,298,2,9,0,4,75,3,4
2,7,17.0,154,3,17,1,1,11,0,6
2,4,16.0,19,2,16,0,6,116,3,2
2,10,10.0,298,2,9,1,1,105,4,4
3,2,1.0,16,6,2,2,10,22,3,7
2,7,19.0,266,1,23,0,10,22,1,10
3,3,10.0,4,4,17,1,0,26,4,4
3,6,21.0,193,6,15,2,13,123,2,21
3,10,3.0,310,4,21,1,11,133,4,27
3,2,8.0,258,6,8,1,14,25,4,8
3,2,8.0,258,6,15,2,1,59,0,8
3,2,11.0,297,1,17,0,0,53,3,9
3,2,11.0,297,1,0,1,10,47,0,9
3,2,17.0,6,0,4,1,9,83,4,6
3,2,18.0,7,1,16,0,10,43,1,0
3,2,18.0,7,1,16,2,16,50,3,0
3,2,18.0,7,1,3,0,8,41,3,0
3,2,26.0,3,2,15,1,8,19,1,3
3,2,26.0,3,2,14,2,1,67,0,3
3,2,18.0,7,1,20,2,16,50,3,0
3,2,17.0,6,0,11,1,10,22,1,6
3,2,27.0,136,4,0,1,13,38,0,15
3,2,26.0,3,2,18,1,11,15,0,3
3,0,12.0,113,5,3,0,2,2,0,28
3,0,12.0,113,5,1,0,12,61,3,28
2,7,10.0,197,3,1,2,8,41,3,4
3,9,14.0,106,5,19,1,9,134,4,5
3,4,27.0,274,0,9,2,16,72,3,15
3,6,9.0,236,0,9,0,2,92,3,12
3,10,2.0,358,2,16,0,5,64,3,22
3,10,2.0,358,2,16,0,10,22,1,22
3,10,9.0,150,2,1,1,3,4,0,12
3,10,10.0,245,4,17,2,10,47,3,4
3,4,12.0,134,3,11,0,6,132,2,28
3,4,13.0,221,0,14,1,9,95,4,25
3,4,30.0,139,4,16,0,0,12,0,19
3,2,4.0,254,1,15,0,10,22,3,30
3,4,12.0,134,3,13,1,9,10,4,28
3,2,6.0,251,4,22,0,16,50,1,23
3,2,13.0,276,4,4,0,1,11,1,25
3,10,10.0,245,4,5,0,10,12,3,4
3,10,18.0,246,5,10,0,8,19,4,0
3,10,27.0,302,3,17,0,10,22,3,15
3,10,27.0,302,3,12,0,9,49,3,15
3,1,1.0,203,5,22,0,14,24,2,7
3,8,1.0,66,0,6,2,2,86,1,7
3,8,9.0,124,1,8,2,2,2,3,12
3,8,16.0,73,1,6,0,5,6,3,2
3,4,1.0,144,2,21,1,4,75,0,7
3,4,16.0,25,4,1,3,9,27,3,2
3,4,19.0,142,3,8,0,5,64,0,10
3,2,3.0,282,0,8,0,5,6,3,27
3,2,9.0,21,3,5,0,11,15,3,12
3,2,17.0,6,0,19,1,16,113,1,6
3,2,27.0,136,4,11,2,16,50,3,15
3,0,12.0,113,5,19,1,9,102,4,28
2,11,8.0,283,0,20,0,9,10,3,8
2,11,2.0,265,1,0,2,8,27,0,22
3,2,13.0,276,4,13,1,14,88,4,25
3,2,16.0,220,3,23,1,4,5,4,2
3,2,23.0,230,3,8,2,16,113,3,17
3,2,23.0,230,3,1,2,6,132,1,17
3,2,23.0,230,3,14,1,9,49,4,17
3,2,24.0,22,0,3,0,5,6,1,14
3,1,13.0,207,2,1,0,4,70,3,25
3,1,23.0,69,6,21,1,4,75,0,17
3,1,31.0,305,3,15,1,12,104,4,20
3,8,23.0,102,1,10,2,0,0,0,17
3,4,5.0,235,3,13,0,2,86,3,24
3,3,1.0,180,1,1,0,6,89,1,7
3,6,10.0,149,1,18,1,12,17,4,4
3,2,11.0,297,1,8,1,14,25,0,9
3,2,18.0,7,1,12,1,3,70,1,0
3,8,27.0,78,6,2,1,1,59,4,15
3,4,27.0,274,0,2,1,9,93,2,15
2,11,2.0,265,1,9,0,1,59,1,22
2,11,8.0,283,0,6,0,14,25,1,8
2,11,8.0,283,0,8,0,13,69,0,8
2,11,8.0,283,0,20,1,13,13,1,8
2,10,10.0,298,2,17,1,0,53,4,4
3,9,17.0,255,0,8,0,4,138,2,6
3,0,7.0,15,3,4,2,10,47,3,11
3,4,7.0,133,1,22,2,9,49,0,11
2,10,11.0,333,4,12,0,16,50,1,9
3,10,24.0,261,4,7,1,8,118,4,14
2,3,16.0,54,1,0,0,5,6,0,2
0,0,26.0,14,1,5,1,9,83,4,3
3,4,7.0,133,1,1,1,2,92,4,11
2,10,11.0,333,4,1,0,3,44,3,9
3,9,24.0,272,0,4,0,14,32,0,14
2,3,19.0,105,5,14,0,3,115,4,10
2,11,7.0,253,3,16,0,5,64,2,11
3,4,12.0,134,3,23,1,8,19,4,28
2,10,18.0,117,4,17,0,12,83,0,0
2,7,12.0,238,1,18,2,13,38,2,28
2,9,5.0,89,0,22,0,9,134,3,24
2,11,7.0,253,3,17,0,0,53,3,11
3,4,12.0,134,3,10,1,8,65,4,28
2,10,18.0,117,4,12,2,6,128,3,0
2,11,28.0,123,3,6,0,12,17,1,18
2,11,7.0,253,3,8,0,8,27,2,11
3,4,13.0,221,0,21,2,13,29,1,25
2,11,5.0,240,5,2,1,3,115,0,24
3,4,13.0,221,0,8,0,9,93,4,25
2,11,8.0,283,0,16,0,11,15,3,8
2,10,28.0,318,3,3,0,0,53,2,18
2,11,24.0,194,2,14,1,1,11,4,14
2,10,22.0,247,0,1,1,1,1,4,26
2,1,3.0,286,6,0,0,14,110,4,27
3,4,30.0,139,4,12,1,11,15,1,19
2,5,16.0,212,4,2,1,0,77,1,2
2,11,7.0,253,3,11,3,9,95,4,11
2,1,3.0,286,6,23,1,12,80,4,27
2,11,24.0,194,2,18,0,8,41,0,14
2,0,15.0,11,3,11,1,1,67,0,1
2,11,8.0,283,0,1,0,9,134,2,8
3,11,31.0,227,5,4,1,1,59,0,20
3,4,30.0,139,4,22,1,13,99,4,19
3,2,6.0,251,4,13,1,15,39,1,23
3,2,13.0,276,4,21,1,4,121,0,25
3,2,24.0,22,0,16,0,15,114,0,14
3,2,18.0,7,1,9,1,0,26,0,0
3,2,18.0,7,1,2,1,16,50,4,0
3,0,2.0,47,1,4,0,6,7,3,22
3,0,12.0,113,5,9,2,16,72,0,28
2,3,15.0,263,0,15,1,8,27,4,1
2,9,7.0,271,2,9,1,9,87,2,11
2,9,15.0,226,4,18,0,10,22,1,1
2,9,23.0,167,5,14,1,9,109,4,17
2,9,17.0,255,6,13,0,9,49,1,6
2,3,27.0,187,6,22,0,16,130,1,15
3,3,1.0,180,1,18,0,9,102,3,7
3,5,10.0,155,6,13,2,5,6,3,4
2,11,18.0,332,4,9,0,0,77,1,0
2,9,1.0,126,4,21,0,1,11,3,7
2,9,2.0,323,5,23,2,1,59,3,22
2,9,9.0,320,5,22,1,4,66,4,12
2,9,9.0,320,5,14,0,1,1,0,12
2,9,11.0,52,3,20,1,13,48,4,9
2,9,25.0,344,3,20,1,4,127,4,13
2,9,25.0,344,3,1,0,5,64,1,13
2,7,1.0,160,5,20,0,9,57,2,7
2,7,10.0,197,3,20,0,3,30,3,4
2,7,10.0,197,3,13,0,10,22,0,4
2,9,11.0,52,3,19,0,13,48,4,9
2,7,28.0,268,4,6,0,15,31,0,18
2,7,28.0,268,4,15,0,2,2,1,18
2,7,28.0,268,4,22,2,6,7,3,18
2,3,16.0,54,1,21,0,1,35,3,2
2,3,16.0,54,1,22,0,10,47,0,2
2,3,19.0,105,5,4,0,11,133,2,10
2,11,1.0,222,0,17,0,5,12,0,7
2,11,1.0,222,0,16,2,13,29,3,7
2,11,9.0,311,1,0,0,14,24,0,12
3,10,30.0,157,2,17,1,0,26,0,19
2,9,5.0,89,0,1,1,6,128,0,24
2,11,8.0,283,0,15,0,14,25,0,8
2,11,8.0,283,0,13,0,15,39,0,8
2,11,17.0,110,2,12,2,7,54,3,6
2,11,24.0,194,2,21,0,9,134,1,14
2,9,26.0,267,0,18,0,10,52,1,3
2,7,2.0,269,6,11,1,13,29,4,22
2,7,27.0,34,2,9,1,14,110,0,15
2,3,18.0,138,4,9,2,9,102,3,0
2,9,16.0,107,5,14,0,9,10,4,2
2,9,16.0,107,5,14,1,10,43,4,2
2,9,18.0,359,3,15,1,9,63,4,0
2,9,18.0,359,3,1,0,6,128,1,0
2,9,24.0,272,6,7,2,9,10,2,14
2,9,16.0,107,5,11,0,6,89,2,2
2,7,2.0,269,6,15,0,10,47,2,22
2,7,2.0,269,6,16,1,0,12,0,22
2,7,2.0,269,6,4,0,14,32,1,22
2,7,9.0,329,6,13,0,0,68,2,12
2,11,22.0,250,0,12,0,14,32,1,26
2,9,21.0,362,2,19,1,3,115,0,21
2,9,23.0,167,5,13,1,16,74,1,17
2,3,23.0,357,1,8,0,0,77,1,17
2,5,22.0,168,2,17,0,14,131,1,26
3,2,24.0,22,0,18,0,13,29,4,14
3,0,8.0,9,0,19,0,1,59,4,8
3,0,21.0,287,3,4,1,11,58,4,21
3,0,23.0,237,1,1,2,4,75,1,17
3,10,15.0,60,1,4,1,10,47,1,1
2,11,17.0,110,2,6,0,9,95,4,6
2,6,7.0,59,5,8,0,6,132,2,11
2,11,17.0,110,2,0,0,1,11,0,6
3,4,25.0,20,6,11,1,9,49,1,13
2,9,8.0,90,4,18,1,3,44,1,8
2,5,16.0,212,4,8,0,10,47,3,2
2,9,8.0,90,4,2,0,7,31,3,8
2,1,17.0,82,6,18,1,13,28,0,6
2,9,24.0,272,6,20,0,11,124,2,14
3,7,25.0,41,1,9,1,0,96,1,13
2,9,8.0,90,4,22,1,2,13,1,8
2,8,30.0,144,0,2,0,1,11,2,19
2,0,31.0,365,1,18,0,0,53,0,20
3,11,16.0,225,4,4,2,9,49,0,2
3,10,26.0,61,6,18,0,7,111,3,3
3,8,11.0,306,4,9,1,8,9,0,9
3,8,28.0,224,3,5,1,15,51,4,18
2,9,29.0,98,4,11,0,3,70,2,16
2,9,5.0,89,0,8,0,13,99,2,24
2,9,5.0,89,0,2,1,15,114,0,24
2,9,28.0,315,2,5,1,11,18,1,18
2,9,20.0,119,1,9,0,7,129,0,29
2,6,8.0,236,6,18,1,1,11,1,8
2,10,16.0,256,1,12,1,4,45,4,2
0,2,1.0,16,2,17,0,13,29,4,7
2,9,17.0,255,6,13,3,5,6,0,6
2,5,9.0,155,4,4,0,13,48,0,12
2,7,25.0,316,0,18,0,14,131,1,13
2,3,2.0,182,1,9,0,9,9,2,22
2,3,2.0,182,1,2,0,9,57,0,22
2,3,2.0,182,1,1,1,9,95,0,22
2,3,8.0,44,0,10,1,6,7,4,8
2,5,1.0,307,2,13,1,9,134,4,7
2,5,1.0,307,2,18,0,13,38,4,7
2,5,1.0,307,2,18,1,3,79,0,7
2,6,3.0,159,0,12,0,15,51,3,27
2,6,26.0,116,2,16,0,8,27,2,3
2,6,26.0,116,2,18,0,13,38,3,3
2,10,4.0,336,4,9,2,15,46,3,30
2,10,10.0,298,2,6,0,1,59,1,4
2,10,10.0,298,2,15,1,0,0,2,4
2,10,18.0,117,4,21,0,14,24,1,0
2,10,28.0,318,3,17,0,15,108,1,18
2,10,28.0,318,3,2,0,7,111,3,18
2,1,20.0,45,1,1,0,9,93,4,29
2,1,20.0,45,1,14,0,10,22,1,29
2,1,28.0,112,2,15,0,6,128,1,18
2,1,28.0,112,2,19,0,10,52,3,18
2,8,4.0,101,2,16,0,9,102,3,30
2,8,10.0,306,1,11,0,2,3,4,4
2,8,11.0,284,2,16,0,8,118,1,9
2,8,13.0,296,5,4,2,4,82,3,25
2,8,13.0,296,5,21,1,0,77,1,25
2,4,2.0,279,2,17,0,4,66,2,22
2,3,3.0,285,2,6,0,5,12,3,27
2,3,3.0,285,2,2,0,1,11,3,27
2,3,18.0,138,4,12,0,15,51,1,0
2,3,26.0,361,5,16,1,9,10,0,3
2,3,26.0,361,5,22,0,14,25,0,3
2,3,28.0,325,3,17,0,13,13,0,18
2,5,3.0,114,5,19,0,1,105,4,27
2,5,10.0,326,5,22,0,14,126,3,4
2,5,10.0,326,5,15,1,4,45,4,4
2,5,10.0,326,5,20,3,3,79,4,4
2,6,17.0,308,0,20,1,4,121,4,6
2,5,19.0,214,3,17,0,5,6,3,10
2,5,19.0,214,3,16,2,0,26,3,10
2,5,19.0,214,3,6,1,1,35,0,10
2,5,19.0,214,3,1,0,9,83,3,10
2,5,28.0,24,1,13,0,1,1,4,18
2,6,1.0,352,6,16,1,9,27,0,7
2,6,1.0,352,6,12,0,4,127,3,7
2,6,3.0,159,0,15,2,2,13,0,27
2,9,26.0,267,0,14,0,5,6,3,3
3,5,8.0,199,4,14,1,2,86,1,8
2,6,5.0,83,2,17,0,16,139,4,24
2,9,18.0,359,3,17,1,10,22,0,0
2,7,9.0,329,6,2,0,1,59,3,12
3,10,15.0,60,1,3,0,1,35,3,1
2,9,19.0,234,0,12,0,6,14,4,10
2,7,27.0,34,2,21,3,2,92,1,15
3,9,24.0,272,0,12,1,5,6,2,14
2,9,19.0,234,0,2,2,1,59,3,10
2,11,17.0,110,2,4,0,12,104,1,6
3,9,26.0,267,2,4,2,9,101,0,3
2,11,29.0,270,0,9,2,10,43,3,16
2,9,26.0,267,0,0,0,1,105,0,3
2,10,22.0,247,0,18,1,12,80,0,26
2,9,29.0,98,4,18,0,7,62,3,16
2,9,26.0,267,0,9,0,4,66,2,3
0,8,1.0,66,5,11,3,12,83,4,7
2,7,27.0,34,2,17,1,4,4,4,15
2,5,10.0,326,5,9,0,16,72,1,4
2,9,26.0,267,0,1,2,15,119,3,3
2,7,2.0,269,6,17,0,2,40,1,22
2,7,2.0,269,6,20,0,5,6,3,22
2,7,2.0,269,6,18,0,6,91,3,22
2,7,2.0,269,6,9,0,8,33,1,22
2,7,2.0,269,6,3,1,7,111,4,22
3,4,13.0,221,0,11,1,3,44,4,25
3,4,22.0,152,2,3,1,13,13,1,26
3,4,30.0,139,4,16,1,10,47,0,19
3,2,13.0,276,4,1,2,12,80,0,25
3,2,16.0,220,3,4,2,3,76,3,2
2,3,25.0,343,4,17,1,13,36,0,13
2,3,25.0,343,4,11,0,0,77,1,13
2,5,2.0,161,4,0,0,13,13,3,22
2,5,2.0,161,4,8,0,13,28,3,22
2,5,8.0,206,2,21,1,9,27,0,8
2,5,8.0,206,2,11,1,9,57,4,8
2,5,8.0,206,2,22,0,10,47,3,8
2,5,11.0,327,6,2,2,8,33,3,9
2,5,11.0,327,6,4,0,2,2,3,9
2,5,25.0,37,6,8,3,13,69,0,13
2,5,2.0,161,4,11,0,6,91,2,22
2,5,8.0,206,2,5,1,3,103,0,8
2,5,11.0,327,6,6,0,5,6,2,9
2,5,11.0,327,6,12,1,5,12,1,9
2,5,18.0,146,6,8,0,11,15,3,0
2,5,18.0,146,6,12,0,4,4,1,0
2,5,27.0,259,0,17,0,13,48,0,15
2,5,25.0,37,6,22,0,5,0,0,13
2,6,9.0,149,3,13,0,16,50,2,12
2,6,10.0,355,0,11,0,11,133,3,4
2,7,2.0,269,6,20,0,4,66,3,22
2,7,9.0,329,6,0,1,3,103,0,12
2,7,9.0,329,6,7,2,1,11,3,12
2,7,9.0,329,6,20,0,5,6,3,12
2,7,9.0,329,6,12,0,6,128,4,12
2,7,9.0,329,6,9,0,3,115,3,12
2,7,16.0,95,6,23,2,9,27,0,2
2,7,19.0,266,1,12,0,15,108,3,10
2,7,26.0,53,1,10,1,11,15,0,3
2,7,27.0,34,2,19,2,6,91,3,15
2,3,3.0,285,2,19,0,2,86,1,27
2,3,9.0,4,1,17,1,8,9,4,12
2,3,9.0,4,1,0,0,2,92,1,12
2,3,9.0,4,1,4,2,15,112,4,12
2,3,9.0,4,1,1,0,12,61,4,12
2,3,18.0,138,4,5,0,8,9,0,0
2,3,18.0,138,4,8,0,1,11,0,0
2,6,10.0,355,0,0,1,5,12,0,4
2,6,10.0,355,0,9,2,6,7,3,4
2,6,18.0,291,1,9,0,12,135,4,0
2,10,1.0,358,0,7,0,15,112,1,7
2,1,17.0,82,6,22,1,13,38,0,6
0,4,31.0,67,1,20,0,14,25,3,20
3,11,6.0,252,0,1,0,8,118,1,23
3,11,6.0,252,0,15,2,14,25,3,23
2,3,15.0,263,0,2,1,13,28,0,1
2,3,22.0,57,0,2,1,13,69,2,26
2,0,31.0,365,1,19,0,1,35,4,20
2,3,24.0,347,2,17,1,14,32,2,14
2,11,12.0,118,5,3,0,13,48,2,28
2,9,23.0,167,5,4,0,3,76,0,17
2,11,28.0,123,3,8,1,3,44,2,18
2,9,1.0,126,4,19,2,16,37,0,7
0,0,15.0,190,5,15,0,14,125,2,1
2,9,2.0,323,5,16,0,0,64,0,22
3,2,28.0,257,5,7,1,14,107,4,18
2,9,2.0,323,5,5,1,6,91,4,22
3,8,28.0,224,3,5,1,1,1,4,18
2,9,9.0,320,5,2,0,6,91,1,12
2,9,10.0,156,6,23,0,5,6,3,4
2,9,9.0,320,5,22,0,16,37,1,12
2,9,10.0,156,6,3,0,10,47,2,4
2,9,10.0,156,6,12,0,13,99,1,4
0,6,1.0,158,4,17,0,7,54,1,7
2,9,25.0,344,3,16,0,10,23,3,13
2,9,27.0,179,1,21,0,9,63,4,15
2,9,27.0,179,1,21,0,15,39,1,15
2,7,1.0,160,5,21,1,0,31,1,7
2,7,28.0,268,4,22,0,10,47,3,18
2,3,16.0,54,1,8,0,12,17,1,2
2,3,25.0,343,4,2,0,2,2,3,13
2,3,25.0,343,4,1,0,0,68,1,13
2,5,2.0,161,4,6,0,14,32,3,22
0,8,15.0,72,5,17,1,4,121,1,1
2,5,2.0,161,4,16,2,10,47,3,22
2,11,18.0,332,4,4,0,4,136,3,0
2,11,17.0,110,2,19,0,1,105,0,6
2,11,17.0,110,2,4,0,8,65,4,6
2,11,24.0,194,2,6,0,5,12,0,14
3,10,2.0,358,2,0,1,9,101,0,22
3,10,10.0,245,4,20,1,4,79,4,4
3,1,27.0,262,2,8,1,5,64,0,15
3,0,1.0,8,0,1,0,10,47,3,7
3,6,29.0,335,3,13,1,2,86,2,16
3,6,29.0,335,3,4,1,1,59,4,16
3,10,4.0,356,5,17,1,7,20,1,30
3,10,23.0,247,2,21,0,2,123,1,17
3,10,23.0,247,2,7,1,10,52,0,17
3,10,23.0,247,2,13,0,0,64,2,17
3,1,20.0,151,2,0,1,1,105,0,29
3,1,20.0,151,2,17,0,2,86,1,29
3,1,23.0,69,6,21,0,15,31,1,17
3,1,28.0,300,4,20,0,10,23,1,18
3,1,28.0,300,4,3,0,15,31,0,18
3,8,20.0,319,6,14,2,6,132,3,29
3,8,20.0,319,6,15,1,9,49,1,29
3,4,5.0,235,3,3,0,7,111,0,24
3,4,6.0,176,0,13,1,13,48,4,23
3,4,6.0,176,0,14,2,10,22,1,23
3,4,7.0,133,1,1,0,16,37,1,11
3,4,12.0,134,3,22,0,9,101,4,28
3,4,12.0,134,3,1,0,8,41,3,28
2,9,2.0,323,5,18,0,8,27,1,22
2,9,2.0,323,5,20,1,9,102,4,22
2,9,9.0,320,5,9,2,6,7,3,12
2,9,10.0,156,6,16,0,4,4,1,4
2,9,25.0,344,3,7,1,10,47,0,13
2,9,27.0,179,1,20,0,10,47,0,15
2,9,27.0,179,1,22,0,13,99,1,15
2,7,1.0,160,5,6,0,1,11,4,7
3,2,2.0,143,3,8,0,9,95,2,22
2,6,15.0,38,6,2,1,13,99,1,1
2,7,22.0,202,5,17,1,11,10,2,26
2,1,30.0,305,5,16,1,5,64,1,19
3,11,8.0,283,2,19,2,5,6,1,8
2,0,31.0,365,1,2,1,13,38,2,20
3,9,24.0,272,0,12,0,2,92,1,14
3,6,7.0,169,6,7,1,16,50,0,11
3,4,11.0,121,6,20,1,7,120,4,9
3,6,9.0,236,0,11,1,3,79,1,12
2,1,9.0,17,5,22,0,16,39,0,12
2,1,20.0,45,1,0,0,10,47,1,29
2,1,20.0,45,1,8,0,16,72,1,29
2,8,4.0,101,2,21,0,15,46,1,30
2,8,4.0,101,2,13,2,1,84,3,30
2,7,24.0,41,3,12,1,11,15,0,14
2,6,8.0,236,6,18,2,0,64,3,8
2,10,21.0,314,3,23,0,0,26,2,21
2,4,9.0,79,2,23,3,9,102,2,12
2,5,2.0,161,4,9,0,0,96,1,22
2,5,11.0,327,6,4,1,13,28,1,9
2,5,18.0,146,6,11,2,6,7,3,0
2,5,18.0,146,6,19,1,0,68,0,0
2,5,18.0,146,6,20,0,6,14,3,0
2,5,18.0,146,6,9,0,0,68,0,0
2,5,18.0,146,6,14,2,10,22,3,0
2,5,25.0,37,6,21,1,6,7,2,13
2,5,25.0,37,6,3,0,11,133,2,13
2,5,27.0,259,0,0,1,6,7,0,15
2,6,9.0,149,3,6,1,9,93,4,12
2,6,10.0,355,0,14,0,4,45,0,4
2,11,9.0,311,1,2,1,13,99,4,12
2,11,18.0,332,4,8,0,10,22,0,0
2,11,18.0,332,4,19,2,8,118,0,0
2,9,10.0,156,6,13,1,8,118,1,4
2,11,23.0,232,1,14,0,9,63,0,17
2,7,31.0,180,3,11,1,0,77,0,20
2,5,29.0,294,2,5,0,10,47,2,16
2,9,28.0,315,2,4,0,5,64,0,18
2,5,30.0,196,4,13,3,13,48,1,19
2,10,16.0,256,1,22,0,7,78,3,2
2,5,26.0,328,3,14,1,3,44,1,3
1,11,22.0,250,6,18,4,9,10,4,26
1,3,3.0,182,3,1,4,6,7,4,27
1,10,14.0,174,4,12,4,2,86,0,5
1,2,5.0,127,6,1,4,8,9,4,24
1,4,19.0,142,2,6,4,16,130,3,10
1,11,22.0,250,6,20,4,12,80,3,26
1,3,10.0,4,3,2,4,3,70,3,4
1,2,5.0,127,6,19,4,0,96,3,24
1,4,21.0,339,5,19,4,14,25,0,21
1,10,14.0,174,4,14,4,13,29,3,5
1,2,5.0,127,6,23,4,6,7,0,24
1,10,2.0,358,6,11,4,12,17,3,22
1,9,22.0,92,1,8,4,14,25,3,26
1,2,25.0,233,5,19,4,6,7,4,13
1,10,1.0,208,5,17,4,13,48,4,7
1,10,14.0,174,4,4,4,9,95,3,5
1,10,14.0,174,4,17,4,1,59,3,5
1,10,14.0,174,4,6,4,3,44,4,5
1,11,22.0,250,6,13,4,14,32,3,26
1,10,14.0,174,4,14,4,4,82,3,5
1,11,22.0,250,6,9,4,9,49,4,26
1,10,15.0,60,5,1,4,6,7,3,1
1,10,15.0,60,5,2,4,8,9,3,1
1,10,15.0,60,5,9,4,7,120,4,1
1,10,15.0,60,5,18,4,16,50,0,1
1,10,15.0,60,5,5,4,6,89,3,1
1,10,15.0,60,5,16,4,13,99,3,1
1,10,15.0,60,5,4,4,13,38,3,1
1,10,15.0,60,5,23,4,12,135,3,1
1,10,15.0,60,5,11,4,14,24,3,1
1,10,15.0,60,5,18,4,6,128,3,1
1,10,15.0,60,5,20,4,12,80,3,1
1,10,15.0,60,5,17,4,15,31,3,1
1,10,15.0,60,5,14,4,16,65,4,1
1,10,15.0,60,5,20,4,9,87,3,1
1,10,15.0,60,5,9,4,7,111,3,1
1,10,15.0,60,5,13,4,6,7,3,1
1,10,15.0,60,5,2,4,13,48,3,1
1,10,15.0,60,5,10,4,9,87,3,1
1,11,22.0,250,6,4,4,6,7,4,26
1,11,22.0,250,6,14,4,0,26,3,26
1,11,22.0,250,6,4,4,1,81,4,26
1,9,6.0,51,3,19,4,5,12,3,23
1,9,12.0,177,6,7,4,6,7,4,28
1,10,16.0,201,6,17,4,11,124,4,2
1,9,12.0,177,6,1,4,2,40,3,28
1,10,16.0,201,6,14,4,9,109,3,2
1,10,16.0,201,6,14,4,7,78,3,2
1,9,12.0,177,6,19,4,9,54,3,28
1,9,12.0,177,6,5,4,4,82,3,28
1,10,21.0,341,4,17,4,4,136,4,21
1,10,21.0,341,4,7,4,10,47,3,21
1,10,21.0,341,4,18,4,3,103,4,21
1,10,21.0,341,4,12,4,6,128,3,21
1,10,21.0,341,4,17,4,1,16,3,21
1,10,21.0,341,4,6,4,13,29,3,21
1,9,12.0,177,6,9,4,6,128,4,28
1,10,21.0,341,4,13,4,10,30,3,21
1,9,20.0,119,3,18,4,1,59,4,29
1,10,21.0,341,4,23,4,1,105,3,21
1,9,20.0,119,3,23,4,6,89,3,29
1,10,21.0,341,4,19,4,12,56,3,21
1,9,20.0,119,3,5,4,3,30,3,29
1,9,20.0,119,3,17,4,11,55,4,29
1,9,20.0,119,3,5,4,0,31,4,29
1,10,22.0,314,5,9,4,7,137,4,26
1,9,20.0,119,3,14,4,9,49,3,29
1,10,22.0,314,5,1,4,16,74,3,26
1,10,22.0,314,5,4,4,15,46,3,26
1,10,22.0,314,5,17,4,16,72,3,26
1,10,22.0,314,5,13,4,6,7,0,26
1,10,22.0,314,5,4,4,2,2,3,26
1,10,22.0,314,5,6,4,2,71,4,26
1,10,22.0,314,5,19,4,8,118,3,26
1,10,22.0,314,5,2,4,13,28,0,26
1,10,22.0,314,5,19,4,4,79,3,26
1,10,22.0,314,5,18,4,0,15,3,26
1,10,22.0,314,5,11,4,2,3,3,26
1,10,29.0,318,5,8,4,3,30,3,16
1,10,29.0,318,5,2,4,6,116,4,16
1,10,29.0,318,5,3,4,16,37,3,16
1,10,29.0,318,5,2,4,12,80,3,16
1,10,29.0,318,5,18,4,7,78,0,16
1,10,29.0,318,5,18,4,13,29,3,16
1,10,29.0,318,5,23,4,12,17,3,16
1,10,29.0,318,5,11,4,8,9,3,16
1,10,29.0,318,5,17,4,1,81,3,16
1,10,29.0,318,5,23,4,16,39,3,16
1,1,14.0,183,3,4,4,6,7,0,5
1,1,14.0,183,3,5,4,10,23,3,5
1,1,14.0,183,3,9,4,1,67,4,5
1,1,14.0,183,3,14,4,3,115,3,5
1,1,14.0,183,3,10,4,8,19,3,5
1,1,14.0,183,3,14,4,2,86,3,5
1,1,14.0,183,3,14,4,3,30,3,5
1,1,14.0,183,3,23,4,12,17,3,5
1,9,20.0,119,3,5,4,6,7,3,29
1,9,21.0,362,0,9,4,0,12,3,21
1,9,21.0,362,0,12,4,0,15,3,21
1,9,21.0,362,0,14,4,6,73,1,21
1,9,21.0,362,0,9,4,14,106,4,21
1,9,21.0,362,0,12,4,1,11,3,21
1,9,21.0,362,0,10,4,4,121,0,21
1,9,21.0,362,0,8,4,12,80,3,21
1,9,21.0,362,0,8,4,6,128,3,21
1,9,22.0,92,1,20,4,9,102,3,26
1,9,22.0,92,1,6,4,6,7,0,26
1,9,22.0,92,1,18,4,7,57,4,26
1,3,27.0,361,2,1,4,14,126,4,15
1,4,23.0,30,3,14,4,8,41,3,17
1,3,27.0,361,2,9,4,1,59,4,15
1,4,21.0,339,5,9,4,2,35,4,21
1,10,18.0,246,0,18,4,5,6,3,0
1,10,2.0,358,6,9,4,1,35,4,22
1,2,12.0,128,6,23,4,6,89,4,28
1,7,29.0,268,1,17,4,14,126,4,16
1,9,22.0,92,1,14,4,13,38,3,26
1,3,10.0,4,3,4,4,9,109,4,4
1,5,2.0,307,0,22,4,6,7,3,22
1,5,12.0,327,4,4,4,12,80,4,28
1,4,21.0,339,5,1,4,6,89,4,21
1,3,10.0,4,3,23,4,9,10,3,4
1,10,2.0,358,6,2,4,8,19,3,22
1,2,12.0,128,6,9,4,12,100,4,28
1,10,18.0,246,0,12,4,4,4,3,0
1,9,22.0,92,1,11,4,16,42,4,26
1,10,18.0,246,0,13,4,6,91,4,0
1,7,30.0,42,2,2,4,14,106,4,19
1,5,2.0,307,0,22,4,2,2,3,22
1,5,12.0,327,4,9,4,6,91,4,28
1,4,21.0,339,5,19,4,1,67,3,21
1,3,10.0,4,3,11,4,13,21,3,4
1,10,2.0,358,6,18,4,9,10,3,22
1,2,13.0,276,3,10,4,6,128,3,25
1,10,18.0,246,0,17,4,9,93,3,0
1,7,6.0,93,3,15,4,12,84,3,23
1,7,30.0,42,2,2,4,14,25,3,19
1,5,2.0,307,0,12,4,15,31,0,22
1,3,10.0,4,3,4,4,15,96,4,4
1,5,12.0,327,4,9,4,6,126,3,28
1,4,21.0,339,5,18,4,14,32,4,21
1,1,19.0,29,5,4,4,13,28,0,10
1,10,2.0,358,6,9,4,15,114,4,22
1,2,13.0,276,3,7,4,15,39,4,25
1,7,6.0,93,3,8,4,8,9,3,23
1,7,30.0,42,2,18,4,7,78,3,19
1,5,2.0,307,0,20,4,7,137,3,22
1,3,10.0,4,3,8,4,14,25,3,4
1,5,13.0,184,5,5,4,0,26,3,25
1,4,21.0,339,5,13,4,12,104,4,21
1,10,2.0,358,6,9,4,10,43,4,22
1,1,19.0,29,5,19,4,2,86,4,10
1,10,18.0,246,0,16,4,15,31,4,0
1,7,6.0,93,3,15,4,2,69,3,23
1,7,30.0,42,2,9,4,12,104,4,19
1,5,2.0,307,0,18,4,1,11,4,22
1,3,10.0,4,3,9,4,10,12,3,4
1,5,14.0,36,6,23,4,2,35,3,5
1,4,21.0,339,5,23,4,6,7,3,21
1,10,2.0,358,6,20,4,2,2,3,22
1,1,19.0,29,5,20,4,14,25,3,10
1,10,18.0,246,0,15,4,1,67,3,0
1,1,26.0,248,5,9,4,14,25,3,3
1,7,6.0,93,3,12,4,12,80,3,23
1,5,2.0,307,0,18,4,9,93,3,22
1,3,10.0,4,3,4,4,9,10,4,4
1,7,30.0,42,2,11,4,2,2,3,19
1,4,21.0,339,5,23,4,13,123,3,21
1,10,2.0,358,6,14,4,9,87,4,22
1,5,21.0,351,6,1,4,9,10,4,21
1,10,19.0,117,1,10,4,9,9,3,10
1,1,26.0,248,5,19,4,12,80,4,3
1,10,19.0,117,1,23,4,8,9,3,10
1,5,2.0,307,0,20,4,2,123,2,22
1,10,18.0,246,0,23,4,12,17,3,0
1,7,30.0,42,2,2,4,14,106,3,19
1,3,10.0,4,3,1,4,5,12,3,4
1,4,21.0,339,5,14,4,16,72,4,21
1,5,22.0,163,3,1,4,16,113,3,26
1,1,26.0,248,5,9,4,4,45,3,3
1,10,19.0,117,1,6,4,5,6,3,10
1,5,2.0,307,0,11,4,2,92,3,22
1,5,2.0,307,0,14,4,6,7,3,22
1,5,2.0,307,0,9,4,13,48,3,22
1,5,2.0,307,0,3,4,5,6,0,22
1,6,2.0,352,4,19,4,12,61,1,22
1,4,10.0,79,0,1,4,8,9,3,4
1,4,10.0,79,0,13,4,6,128,3,4
1,4,10.0,79,0,11,4,16,37,3,4
1,4,10.0,79,0,14,4,14,25,2,4
1,4,10.0,79,0,2,4,8,41,3,4
1,4,10.0,79,0,14,4,8,9,3,4
1,4,10.0,79,0,20,4,10,43,0,4
1,4,10.0,79,0,9,4,8,65,3,4
1,10,1.0,208,5,19,4,8,33,3,7
1,4,11.0,121,1,21,4,13,38,4,9
1,7,8.0,94,1,14,4,8,27,3,8
1,4,11.0,121,1,0,4,16,74,4,9
1,4,11.0,121,1,5,4,12,84,3,9
1,4,11.0,121,1,13,4,9,57,3,9
1,7,8.0,94,1,11,4,16,50,4,8
1,4,19.0,142,2,1,4,8,118,3,10
1,4,19.0,142,2,9,4,13,21,3,10
1,4,19.0,142,2,19,4,4,75,3,10
1,4,19.0,142,2,9,4,0,77,3,10
1,4,19.0,142,2,2,4,8,27,3,10
1,4,19.0,142,2,9,4,16,74,3,10
1,8,8.0,76,4,18,4,0,0,3,8
1,7,11.0,197,5,9,4,8,19,4,9
1,7,11.0,197,5,1,4,7,120,4,9
1,8,15.0,72,4,16,4,8,9,3,1
1,7,11.0,197,5,18,4,6,89,3,9
1,8,15.0,72,4,6,4,16,37,4,1
1,8,15.0,72,4,19,4,8,33,3,1
1,8,15.0,72,4,1,4,16,50,3,1
1,8,15.0,72,4,18,4,16,65,4,1
1,7,11.0,197,5,14,4,0,31,3,9
1,8,23.0,102,5,13,4,11,117,3,17
1,7,13.0,238,3,19,4,1,1,3,25
1,7,13.0,238,3,14,4,14,32,4,25
1,7,14.0,125,0,4,4,16,108,3,5
1,8,23.0,102,5,1,4,2,69,3,17
1,8,23.0,102,5,18,4,7,120,1,17
1,4,5.0,235,2,4,4,12,17,4,24
1,4,5.0,235,2,14,4,6,91,3,24
1,4,5.0,235,2,14,4,9,63,4,24
1,4,5.0,235,2,8,4,9,134,3,24
1,8,7.0,70,2,1,4,1,67,0,11
1,8,7.0,70,2,9,4,10,12,3,11
1,8,7.0,70,2,4,4,10,12,0,11
1,8,7.0,70,2,19,4,16,65,3,11
1,8,7.0,70,2,9,4,14,126,2,11
1,8,7.0,70,2,11,4,14,25,3,11
1,8,7.0,70,2,13,4,2,92,3,11
1,8,7.0,70,2,9,4,12,61,4,11
1,8,7.0,70,2,3,4,6,14,4,11
1,8,13.0,189,1,11,4,7,137,4,25
1,8,13.0,189,1,1,4,5,12,3,25
1,8,13.0,189,1,1,4,6,89,1,25
1,8,13.0,189,1,16,4,12,61,3,25
1,8,13.0,189,1,11,4,16,72,4,25
1,8,13.0,189,1,1,4,6,128,3,25
1,8,13.0,189,1,4,4,8,33,3,25
1,8,13.0,189,1,5,4,13,29,3,25
1,8,13.0,189,1,22,4,2,86,4,25
1,8,13.0,189,1,9,4,6,89,3,25
1,4,5.0,235,2,16,4,13,99,4,24
1,4,5.0,235,2,18,4,6,7,4,24
1,7,14.0,125,0,18,4,8,27,3,5
1,4,6.0,176,4,6,4,6,7,4,23
1,4,6.0,176,4,4,4,15,108,3,23
1,4,6.0,176,4,5,4,6,7,3,23
1,4,6.0,176,4,13,4,12,17,3,23
1,4,6.0,176,4,11,4,5,6,3,23
1,7,14.0,125,0,12,4,8,9,3,5
1,4,6.0,176,4,4,4,13,38,3,23
1,4,6.0,176,4,17,4,3,30,3,23
1,4,6.0,176,4,8,4,14,25,3,23
1,7,14.0,125,0,12,4,6,128,3,5
1,7,14.0,125,0,18,4,8,33,3,5
1,7,14.0,125,0,2,4,2,69,3,5
1,7,15.0,205,1,15,4,6,89,4,1
1,7,28.0,34,0,12,4,6,7,3,18
1,4,24.0,27,0,2,4,14,25,3,14
1,3,3.0,182,3,13,4,4,121,0,27
1,7,30.0,42,2,4,4,1,105,3,19
1,6,29.0,335,2,9,4,9,95,3,16
1,10,18.0,246,0,19,4,11,15,3,0
1,7,8.0,94,1,9,4,13,48,3,8
1,5,22.0,163,3,9,4,16,72,3,26
1,1,26.0,248,5,15,4,11,117,3,3
1,10,19.0,117,1,14,4,12,56,3,10
1,7,30.0,42,2,15,4,2,69,3,19
1,3,10.0,4,3,4,4,10,12,3,4
1,7,22.0,211,1,14,4,15,112,3,26
1,10,18.0,246,0,5,4,9,109,4,0
1,10,19.0,117,1,5,4,9,87,3,10
1,10,1.0,208,5,9,4,1,35,3,7
1,6,7.0,169,1,13,4,15,39,3,11
1,1,26.0,248,5,14,4,6,91,4,3
1,7,30.0,42,2,19,4,1,1,3,19
1,3,18.0,165,0,17,4,9,95,0,0
1,10,4.0,356,0,15,4,6,91,1,30
1,10,18.0,246,0,20,4,12,135,2,0
1,10,19.0,117,1,18,4,8,33,3,10
1,4,21.0,339,5,9,4,14,34,4,21
1,4,21.0,339,5,20,4,6,132,4,21
1,10,1.0,208,5,17,4,2,3,0,7
1,4,26.0,80,2,1,4,6,7,3,3
1,7,9.0,273,2,20,4,6,116,3,12
1,10,1.0,208,5,18,4,9,10,4,7
1,10,1.0,208,5,23,4,10,43,3,7
1,10,10.0,245,3,17,4,2,40,3,4
1,10,10.0,245,3,9,4,9,102,0,4
1,2,28.0,257,0,14,4,8,9,4,18
1,8,1.0,66,4,14,4,7,20,4,7
1,2,28.0,257,0,12,4,12,80,3,18
1,8,3.0,363,6,19,4,9,54,4,27
1,8,3.0,363,6,18,4,12,61,3,27
1,8,3.0,363,6,2,4,10,47,1,27
1,8,3.0,363,6,15,4,13,48,3,27
1,8,3.0,363,6,12,4,2,86,3,27
1,0,2.0,47,5,9,4,9,101,4,22
1,0,2.0,47,5,3,4,12,135,2,22
1,8,3.0,363,6,14,4,13,123,3,27
1,0,2.0,47,5,14,4,6,7,2,22
1,0,2.0,47,5,12,4,14,25,3,22
1,0,2.0,47,5,14,4,9,83,3,22
1,0,2.0,47,5,13,4,6,89,2,22
1,8,3.0,363,6,16,4,1,16,4,27
1,8,3.0,363,6,21,4,2,71,4,27
1,8,10.0,71,6,11,4,15,112,0,4
1,8,10.0,71,6,1,4,1,67,4,4
1,8,10.0,71,6,9,4,6,7,0,4
1,0,12.0,113,0,17,4,14,25,0,28
1,8,10.0,71,6,1,4,1,35,3,4
1,8,13.0,189,1,15,4,14,25,2,25
1,8,13.0,189,1,17,4,9,109,4,25
1,8,13.0,189,1,14,4,8,19,0,25
1,8,22.0,354,4,5,4,9,27,3,26
1,8,22.0,354,4,9,4,10,22,4,26
1,8,22.0,354,4,5,4,5,6,3,26
1,8,22.0,354,4,6,4,2,71,4,26
1,8,22.0,354,4,10,4,10,22,3,26
1,8,22.0,354,4,18,4,8,9,4,26
1,8,22.0,354,4,14,4,8,41,3,26
1,8,22.0,354,4,18,4,0,12,3,26
1,8,22.0,354,4,9,4,8,41,4,26
1,8,22.0,354,4,15,4,16,74,3,26
1,8,22.0,354,4,18,4,13,69,4,26
1,8,22.0,354,4,18,4,7,20,4,26
1,8,22.0,354,4,17,4,14,88,4,26
1,4,7.0,133,5,19,4,16,50,3,11
1,4,7.0,133,5,14,4,6,91,3,11
1,4,7.0,133,5,22,4,1,81,3,11
1,4,7.0,133,5,19,4,15,112,3,11
1,10,10.0,245,3,1,4,5,12,3,4
1,4,26.0,80,2,8,4,3,44,3,3
1,4,26.0,80,2,19,4,8,9,3,3
1,10,10.0,245,3,2,4,1,105,3,4
1,10,17.0,256,3,19,4,0,68,3,6
1,7,16.0,40,2,18,4,2,2,4,2
1,10,17.0,256,3,1,4,14,88,4,6
1,7,16.0,40,2,4,4,8,19,3,2
1,10,27.0,302,2,6,4,16,72,3,15
1,1,1.0,203,0,14,4,14,24,3,7
1,1,1.0,203,0,8,4,15,46,4,7
1,2,9.0,21,2,18,4,12,100,4,12
1,1,1.0,203,0,14,4,6,7,0,7
1,2,9.0,21,2,19,4,2,86,3,12
1,1,1.0,203,0,8,4,10,47,3,7
1,1,1.0,203,0,9,4,8,118,4,7
1,2,10.0,28,4,15,4,9,57,3,4
1,2,10.0,28,4,9,4,8,9,3,4
1,2,10.0,28,4,13,4,14,25,0,4
1,3,29.0,325,5,19,4,11,98,2,16
1,3,29.0,325,5,1,4,6,128,3,16
1,3,29.0,325,5,8,4,13,21,3,16
1,3,30.0,304,6,11,4,14,24,0,19
1,4,24.0,27,0,17,4,9,87,4,14
1,3,30.0,304,6,4,4,10,12,3,19
1,4,24.0,27,0,13,4,14,25,3,14
1,2,5.0,127,6,22,4,13,28,3,24
1,2,5.0,127,6,9,4,12,104,3,24
1,5,12.0,327,4,13,4,8,27,1,28
1,2,5.0,127,6,9,4,16,37,4,24
1,2,13.0,276,3,12,4,1,59,3,25
1,2,10.0,28,4,1,4,6,7,3,4
1,4,7.0,133,5,9,4,8,33,3,11
1,10,4.0,356,0,13,4,4,121,0,30
1,10,19.0,117,1,17,4,6,128,4,10
1,7,30.0,42,2,1,4,8,65,4,19
1,2,13.0,276,3,10,4,6,128,3,25
1,3,5.0,324,1,0,4,1,35,3,24
1,4,7.0,133,5,3,4,8,118,3,11
1,2,10.0,28,4,20,4,9,63,3,4
1,1,13.0,207,6,1,4,9,10,4,25
1,3,18.0,165,0,18,4,7,8,4,0
1,3,5.0,324,1,16,4,10,22,3,24
1,2,10.0,28,4,13,4,6,116,3,4
1,1,13.0,207,6,0,4,10,47,3,25
1,3,18.0,165,0,12,4,8,118,3,0
1,2,19.0,137,6,20,4,15,114,3,10
1,4,7.0,133,5,17,4,9,10,0,11
1,2,10.0,28,4,2,4,8,9,1,4
1,1,1.0,203,0,18,4,15,119,4,7
1,2,10.0,28,4,4,4,14,106,3,4
1,2,10.0,28,4,2,4,2,71,4,4
1,2,10.0,28,4,1,4,16,74,3,4
1,2,10.0,28,4,13,4,8,19,3,4
1,2,10.0,28,4,18,4,16,65,4,4
1,1,1.0,203,0,1,4,6,7,3,7
1,2,10.0,28,4,14,4,7,57,3,4
1,2,10.0,28,4,19,4,16,50,3,4
1,2,12.0,128,6,1,4,6,89,3,28
1,2,12.0,128,6,9,4,4,127,4,28
1,1,2.0,171,1,1,4,6,89,3,22
1,2,12.0,128,6,5,4,12,84,3,28
1,2,12.0,128,6,3,4,8,27,0,28
1,1,2.0,171,1,8,4,14,32,4,22
1,2,12.0,128,6,17,4,7,62,3,28
1,2,12.0,128,6,17,4,3,79,3,28
1,6,2.0,352,4,18,4,9,87,2,22
1,6,2.0,352,4,1,4,14,126,4,22
1,6,2.0,352,4,23,4,2,35,2,22
1,6,2.0,352,4,5,4,8,19,3,22
1,6,2.0,352,4,1,4,8,33,3,22
1,6,2.0,352,4,9,4,9,101,4,22
1,6,2.0,352,4,17,4,1,11,4,22
1,6,3.0,99,5,16,4,14,126,4,27
1,6,3.0,99,5,22,4,15,112,3,27
1,6,3.0,99,5,9,4,16,72,4,27
1,6,3.0,99,5,18,4,9,54,3,27
1,6,3.0,99,5,10,4,12,80,3,27
1,6,11.0,355,6,1,4,14,25,3,9
1,6,11.0,355,6,9,4,7,8,4,9
1,6,11.0,355,6,12,4,8,41,3,9
1,6,11.0,355,6,18,4,9,87,4,9
1,6,11.0,355,6,6,4,6,7,3,9
1,6,11.0,355,6,18,4,9,102,3,9
1,6,11.0,355,6,14,4,6,73,3,9
1,6,11.0,355,6,2,4,6,7,0,9
1,6,11.0,355,6,17,4,12,100,4,9
1,6,16.0,38,4,9,4,12,80,4,2
1,6,16.0,38,4,1,4,6,7,3,2
1,8,10.0,71,6,1,4,12,100,4,4
1,8,10.0,71,6,7,4,14,25,3,4
1,8,10.0,71,6,18,4,9,49,3,4
1,8,10.0,71,6,5,4,2,69,3,4
1,8,10.0,71,6,9,4,16,74,3,4
1,4,12.0,134,2,18,4,13,48,4,28
1,4,12.0,134,2,14,4,16,130,3,28
1,4,12.0,134,2,14,4,8,27,4,28
1,4,12.0,134,2,2,4,14,97,4,28
1,4,18.0,26,1,18,4,0,68,3,0
1,4,18.0,26,1,4,4,1,1,4,0
1,4,18.0,26,1,9,4,16,72,3,0
1,4,18.0,26,1,1,4,14,32,3,0
1,4,18.0,26,1,22,4,5,6,3,0
1,4,18.0,26,1,12,4,8,27,3,0
1,4,18.0,26,1,20,4,8,9,4,0
1,4,20.0,115,4,9,4,9,93,4,29
1,4,20.0,115,4,12,4,8,9,3,29
1,4,28.0,218,5,13,4,13,21,3,18
1,4,28.0,218,5,2,4,9,109,3,18
1,4,28.0,218,5,14,4,14,110,4,18
1,6,12.0,162,3,5,4,14,34,3,28
1,6,15.0,49,2,18,4,1,81,4,1
1,6,15.0,49,2,17,4,7,20,3,1
1,6,21.0,193,1,16,4,1,35,4,21
1,6,21.0,193,1,17,4,8,19,3,21
1,6,21.0,193,1,20,4,6,7,3,21
1,6,21.0,193,1,13,4,12,80,3,21
1,6,21.0,193,1,6,4,13,38,4,21
1,10,7.0,243,4,19,4,6,14,3,11
1,2,22.0,209,1,14,4,4,5,3,26
1,10,7.0,243,4,3,4,6,7,3,11
1,10,7.0,243,4,13,4,13,28,0,11
1,2,22.0,209,1,11,4,4,75,3,26
1,2,22.0,209,1,17,4,16,74,3,26
1,10,13.0,346,2,6,4,10,22,3,25
1,10,13.0,346,2,16,4,0,85,3,25
1,2,22.0,209,1,16,4,6,89,1,26
1,2,22.0,209,1,4,4,9,109,3,26
1,2,25.0,233,5,1,4,6,7,3,13
1,10,13.0,346,2,12,4,2,69,3,25
1,10,13.0,346,2,23,4,9,93,1,25
1,1,13.0,207,6,9,4,16,72,3,25
1,10,19.0,117,1,13,4,4,121,3,10
1,3,5.0,324,1,2,4,16,37,3,24
1,3,18.0,165,0,16,4,1,35,4,0
1,4,7.0,133,5,4,4,11,133,3,11
1,4,7.0,133,5,9,4,1,105,3,11
1,2,19.0,137,6,4,4,14,131,3,10
1,10,19.0,117,1,18,4,15,39,4,10
1,3,5.0,324,1,8,4,6,7,0,24
1,3,19.0,138,1,19,4,0,85,3,10
1,4,8.0,292,6,9,4,12,80,4,8
1,2,19.0,137,6,18,4,8,33,4,10
1,10,20.0,223,2,4,4,8,118,4,29
1,3,5.0,324,1,14,4,9,87,3,24
1,3,19.0,138,1,18,4,10,12,3,10
1,4,8.0,292,6,12,4,14,88,3,8
1,2,19.0,137,6,2,4,8,27,3,10
1,10,20.0,223,2,9,4,14,32,4,29
1,3,5.0,324,1,16,4,6,7,0,24
1,5,3.0,161,1,12,4,6,7,3,27
1,4,8.0,292,6,5,4,7,20,3,8
1,2,19.0,137,6,19,4,10,22,3,10
1,10,20.0,223,2,22,4,8,9,3,29
1,3,5.0,324,1,22,4,9,87,3,24
1,5,8.0,199,3,18,4,12,84,4,8
1,4,8.0,292,6,19,4,8,27,3,8
1,2,19.0,137,6,18,4,2,92,3,10
1,2,19.0,137,6,20,4,9,134,4,10
1,6,16.0,38,4,14,4,12,84,3,2
1,6,16.0,38,4,21,4,15,108,3,2
1,6,16.0,38,4,17,4,6,7,3,2
1,6,16.0,38,4,14,4,12,80,3,2
1,6,16.0,38,4,1,4,14,25,3,2
1,6,16.0,38,4,19,4,12,61,3,2
1,6,19.0,291,3,2,4,6,89,3,10
1,6,19.0,291,3,18,4,12,61,3,10
1,6,19.0,291,3,3,4,8,118,4,10
1,6,19.0,291,3,23,4,9,57,3,10
1,6,19.0,291,3,12,4,13,38,3,10
1,6,19.0,291,3,13,4,2,69,3,10
1,6,19.0,291,3,1,4,1,16,4,10
1,6,19.0,291,3,1,4,4,127,3,10
1,6,19.0,291,3,23,4,13,28,3,10
1,6,19.0,291,3,12,4,0,77,3,10
1,6,19.0,291,3,1,4,1,35,4,10
1,1,13.0,207,6,12,4,5,12,3,25
1,6,19.0,291,3,19,4,8,19,3,10
1,6,19.0,291,3,9,4,14,97,4,10
1,6,19.0,291,3,11,4,1,81,3,10
1,6,20.0,215,0,21,4,9,87,4,29
1,2,27.0,136,3,15,4,16,72,4,15
1,1,26.0,248,5,4,4,9,57,3,3
1,2,27.0,136,3,2,4,1,11,3,15
1,2,27.0,136,3,10,4,14,24,3,15
1,2,27.0,136,3,18,4,15,31,3,15
1,2,27.0,136,3,9,4,6,91,4,15
1,2,27.0,136,3,1,4,11,129,4,15
1,2,27.0,136,3,1,4,6,7,3,15
1,2,27.0,136,3,9,4,7,78,3,15
1,8,4.0,299,3,13,4,6,7,3,30
1,8,4.0,299,3,19,4,13,28,3,30
1,0,1.0,8,4,17,4,8,118,4,7
1,0,1.0,8,4,12,4,1,11,4,7
1,8,9.0,124,5,20,4,4,138,4,12
1,0,1.0,8,4,4,4,13,48,3,7
1,0,1.0,8,4,5,4,11,98,3,7
1,0,1.0,8,4,19,4,10,23,3,7
1,8,9.0,124,5,2,4,6,128,3,12
1,0,28.0,249,2,23,4,11,133,3,18
1,0,28.0,249,2,2,4,6,7,3,18
1,0,28.0,249,2,9,4,13,28,3,18
1,2,25.0,233,5,14,4,6,7,4,13
1,10,23.0,247,6,1,4,9,87,4,17
1,2,30.0,131,2,2,4,1,59,4,19
1,10,23.0,247,6,18,4,13,48,3,17
1,10,24.0,261,3,4,4,9,10,2,14
1,2,30.0,131,2,19,4,8,19,0,19
1,10,24.0,261,3,23,4,6,7,3,14
1,10,24.0,261,3,1,4,6,91,4,14
1,1,6.0,97,6,20,4,9,27,3,23
1,1,6.0,97,6,10,4,14,25,2,23
1,1,6.0,97,6,11,4,10,47,3,23
1,1,6.0,97,6,19,4,6,7,0,23
1,1,6.0,97,6,17,4,1,105,4,23
1,1,7.0,32,3,9,4,14,34,4,11
1,0,22.0,241,4,13,4,2,13,0,26
1,0,22.0,241,4,19,4,3,115,4,26
1,0,22.0,241,4,3,4,8,27,3,26
1,1,8.0,62,0,23,4,12,17,3,8
1,0,22.0,241,4,4,4,9,134,4,26
1,0,22.0,241,4,16,4,16,72,4,26
1,6,20.0,215,0,20,4,12,80,3,29
1,6,20.0,215,0,18,4,8,19,3,29
1,6,20.0,215,0,1,4,1,105,4,29
1,6,20.0,215,0,11,4,6,7,3,29
1,6,20.0,215,0,18,4,6,7,3,29
1,6,20.0,215,0,18,4,12,61,3,29
1,6,20.0,215,0,2,4,0,64,3,29
1,10,2.0,358,6,1,4,16,74,4,22
1,10,2.0,358,6,11,4,1,67,3,22
1,5,8.0,199,3,18,4,15,119,3,8
1,4,8.0,292,6,1,4,6,7,3,8
1,10,20.0,223,2,6,4,7,120,3,29
1,4,8.0,292,6,18,4,5,12,1,8
1,4,8.0,292,6,1,4,15,39,3,8
1,3,5.0,324,1,1,4,6,7,3,24
1,8,20.0,319,1,11,4,14,25,3,29
1,10,20.0,223,2,4,4,6,7,3,29
1,1,15.0,1,0,11,4,12,17,3,1
1,5,8.0,199,3,7,4,9,87,4,8
1,10,20.0,223,2,7,4,6,7,3,29
1,5,8.0,199,3,14,4,6,128,4,8
1,1,15.0,1,0,4,4,16,50,0,1
1,4,28.0,218,5,18,4,7,54,4,18
1,3,5.0,324,1,11,4,14,25,3,24
1,4,8.0,292,6,14,4,9,10,3,8
1,1,15.0,1,0,0,4,13,48,4,1
1,1,15.0,1,0,0,4,11,98,4,1
1,1,15.0,1,0,16,4,6,7,3,1
1,1,15.0,1,0,8,4,4,75,3,1
1,1,15.0,1,0,9,4,2,71,4,1
1,1,15.0,1,0,18,4,14,131,3,1
1,1,15.0,1,0,23,4,2,35,3,1
1,1,15.0,1,0,5,4,3,115,3,1
1,1,15.0,1,0,9,4,6,7,3,1
1,1,15.0,1,0,23,4,12,17,3,1
1,1,15.0,1,0,14,4,0,12,3,1
1,3,8.0,148,5,19,4,15,37,3,8
1,3,8.0,148,5,11,4,14,32,3,8
1,3,8.0,148,5,23,4,11,94,3,8
1,3,8.0,148,5,4,4,16,37,3,8
1,1,26.0,248,5,9,4,15,46,4,3
1,1,26.0,248,5,9,4,9,63,4,3
1,1,26.0,248,5,8,4,8,118,3,3
1,3,8.0,148,5,2,4,8,19,4,8
1,8,4.0,299,3,3,4,9,102,3,30
1,8,4.0,299,3,17,4,0,26,3,30
1,8,4.0,299,3,3,4,3,103,3,30
1,8,4.0,299,3,12,4,9,57,3,30
1,8,4.0,299,3,9,4,12,104,4,30
1,8,4.0,299,3,7,4,6,7,3,30
1,3,8.0,148,5,15,4,2,69,3,8
1,3,8.0,148,5,13,4,7,111,3,8
1,3,17.0,54,3,4,4,12,84,3,6
1,3,17.0,54,3,5,4,6,128,3,6
1,3,17.0,54,3,19,4,8,33,4,6
1,3,17.0,54,3,2,4,8,19,3,6
1,1,16.0,2,1,22,4,9,95,3,2
1,1,16.0,2,1,14,4,6,7,3,2
1,1,16.0,2,1,8,4,6,89,4,2
1,1,16.0,2,1,22,4,9,9,3,2
1,1,16.0,2,1,3,4,9,87,3,2
1,1,16.0,2,1,18,4,10,47,3,2
1,1,16.0,2,1,1,4,1,35,3,2
1,1,16.0,2,1,8,4,7,20,3,2
1,1,16.0,2,1,18,4,14,126,4,2
1,1,16.0,2,1,23,4,10,47,3,2
1,1,16.0,2,1,18,4,6,7,3,2
1,1,16.0,2,1,6,4,13,38,3,2
1,8,7.0,70,2,5,4,16,74,3,11
1,8,7.0,70,2,9,4,15,46,2,11
1,8,7.0,70,2,11,4,11,133,3,11
1,8,7.0,70,2,17,4,16,65,3,11
1,8,7.0,70,2,22,4,8,9,3,11
1,8,7.0,70,2,4,4,10,12,3,11
1,8,7.0,70,2,11,4,0,68,3,11
1,8,7.0,70,2,17,4,6,116,3,11
1,8,7.0,70,2,17,4,14,110,3,11
1,8,7.0,70,2,18,4,8,65,4,11
1,8,9.0,124,5,5,4,6,7,3,12
1,3,17.0,54,3,8,4,16,39,3,6
1,8,9.0,124,5,1,4,7,57,3,12
1,3,24.0,357,3,19,4,2,71,4,14
1,8,11.0,306,3,2,4,8,9,0,9
1,8,11.0,306,3,9,4,6,128,4,9
1,8,11.0,306,3,19,4,8,9,3,9
1,8,19.0,280,0,15,4,15,46,3,10
1,8,19.0,280,0,8,4,11,94,3,10
1,8,19.0,280,0,3,4,7,20,3,10
1,3,25.0,347,0,18,4,14,126,4,13
1,3,25.0,347,0,14,4,14,25,4,13
1,8,19.0,280,0,9,4,13,13,0,10
1,3,25.0,347,0,4,4,6,128,3,13
1,8,19.0,280,0,3,4,15,119,3,10
1,8,19.0,280,0,6,4,12,56,3,10
1,3,25.0,347,0,2,4,8,9,3,13
1,3,25.0,347,0,5,4,14,25,0,13
1,8,20.0,319,1,17,4,6,7,3,29
1,5,3.0,161,1,19,4,6,128,3,27
1,5,3.0,161,1,9,4,2,71,4,27
1,3,10.0,4,3,14,4,10,23,3,4
1,3,10.0,4,3,19,4,8,9,3,4
1,3,10.0,4,3,2,4,6,128,3,4
1,3,10.0,4,3,13,4,15,46,3,4
1,3,10.0,4,3,18,4,13,99,4,4
1,3,5.0,324,1,16,4,0,26,3,24
1,8,20.0,319,1,14,4,16,113,3,29
1,4,28.0,218,5,16,4,10,23,1,18
1,4,8.0,292,6,9,4,0,96,3,8
1,1,12.0,353,5,9,4,11,117,3,28
1,2,21.0,108,0,17,4,12,83,0,21
1,1,12.0,353,5,17,4,1,67,3,28
1,2,26.0,3,6,6,4,16,72,3,3
1,1,12.0,353,5,23,4,9,87,3,28
1,1,12.0,353,5,12,4,6,7,3,28
1,1,18.0,82,4,11,4,9,95,2,0
1,1,18.0,82,4,23,4,6,7,3,0
1,1,18.0,82,4,20,4,9,57,3,0
1,1,18.0,82,4,23,4,14,24,2,0
1,1,18.0,82,4,19,4,10,23,1,0
1,1,18.0,82,4,9,4,6,7,4,0
1,1,20.0,151,6,12,4,6,7,3,29
1,1,20.0,151,6,13,4,12,17,4,29
1,2,26.0,3,6,3,4,6,7,3,3
1,2,26.0,3,6,17,4,16,72,3,3
1,1,20.0,151,6,11,4,12,80,3,29
1,5,25.0,350,2,16,4,14,107,3,13
1,1,20.0,151,6,14,4,9,63,3,29
1,1,20.0,151,6,13,4,13,48,4,29
1,2,28.0,257,0,16,4,6,116,4,18
1,2,28.0,257,0,1,4,6,116,3,18
1,3,19.0,138,1,8,4,9,87,2,10
1,3,19.0,138,1,23,4,10,12,3,10
1,3,19.0,138,1,17,4,1,67,3,10
1,3,19.0,138,1,18,4,9,49,3,10
1,3,19.0,138,1,9,4,4,103,3,10
1,3,26.0,343,1,18,4,12,83,3,3
1,3,26.0,343,1,12,4,6,7,0,3
1,3,26.0,343,1,6,4,0,77,3,3
1,3,26.0,343,1,13,4,6,7,3,3
1,3,26.0,343,1,15,4,9,9,3,3
1,3,26.0,343,1,1,4,13,48,0,3
1,3,26.0,343,1,23,4,14,25,3,3
1,3,26.0,343,1,4,4,2,86,3,3
1,3,26.0,343,1,2,4,14,24,3,3
1,3,26.0,343,1,22,4,9,57,3,3
1,3,26.0,343,1,13,4,14,24,2,3
1,3,26.0,343,1,14,4,9,95,4,3
1,3,26.0,343,1,12,4,9,63,4,3
1,3,26.0,343,1,13,4,9,87,2,3
1,3,26.0,343,1,9,4,8,118,3,3
1,3,26.0,343,1,3,4,9,95,2,3
1,3,27.0,361,2,8,4,11,18,1,15
1,10,1.0,208,5,11,4,13,48,0,7
1,10,1.0,208,5,7,4,9,95,3,7
1,10,1.0,208,5,17,4,10,22,3,7
1,4,4.0,178,1,1,4,1,16,4,30
1,4,4.0,178,1,17,4,12,80,0,30
1,4,4.0,178,1,9,4,6,128,3,30
1,10,1.0,208,5,8,4,10,47,3,7
1,4,9.0,18,3,22,4,16,50,3,12
1,4,9.0,18,3,19,4,6,7,3,12
1,4,9.0,18,3,9,4,8,27,3,12
1,4,9.0,18,3,10,4,10,23,3,12
1,4,9.0,18,3,22,4,11,55,3,12
1,7,8.0,94,1,18,4,1,105,4,8
1,4,9.0,18,3,9,4,16,74,4,12
1,4,9.0,18,3,20,4,14,25,3,12
1,4,9.0,18,3,1,4,14,88,4,12
1,4,9.0,18,3,18,4,6,7,4,12
1,4,9.0,18,3,18,4,1,81,4,12
1,4,9.0,18,3,18,4,14,131,4,12
1,4,9.0,18,3,13,4,2,3,0,12
1,3,27.0,361,2,1,4,13,36,3,15
1,3,27.0,361,2,9,4,11,55,4,15
1,3,27.0,361,2,9,4,6,14,4,15
1,3,27.0,361,2,1,4,1,11,4,15
1,3,27.0,361,2,22,4,3,44,3,15
1,3,27.0,361,2,0,4,6,14,4,15
1,3,27.0,361,2,9,4,2,92,3,15
1,3,27.0,361,2,9,4,1,67,3,15
1,3,27.0,361,2,18,4,15,96,3,15
1,5,11.0,326,2,19,4,11,133,3,9
1,4,28.0,218,5,4,4,3,79,3,18
1,5,11.0,326,2,23,4,1,1,3,9
1,5,11.0,326,2,8,4,1,105,3,9
1,4,28.0,218,5,14,4,15,119,3,18
1,4,14.0,345,5,1,4,2,92,3,5
0,11,9.0,311,0,1,4,2,69,3,12
1,4,14.0,345,5,11,4,2,2,3,5
1,5,16.0,239,0,18,4,6,91,3,2
1,4,14.0,345,5,7,4,3,115,2,5
1,5,16.0,239,0,15,4,14,126,3,2
1,4,14.0,345,5,1,4,14,126,3,5
1,5,16.0,239,0,5,4,0,12,3,2
1,4,14.0,345,5,19,4,15,31,3,5
1,5,17.0,212,1,17,4,3,79,3,6
1,0,28.0,249,2,8,4,11,122,2,18
1,5,17.0,212,1,17,4,6,7,3,6
1,0,28.0,249,2,19,4,6,132,4,18
1,5,17.0,212,1,16,4,6,7,4,6
1,5,18.0,195,2,15,4,16,74,3,0
1,5,24.0,58,1,20,4,11,90,3,14
1,5,24.0,58,1,17,4,2,69,3,14
1,5,24.0,58,1,17,4,6,7,3,14
1,1,31.0,305,2,14,4,11,10,4,20
1,1,31.0,305,2,4,4,14,25,3,20
1,8,6.0,87,1,9,4,1,35,4,23
1,8,6.0,87,1,6,4,16,42,4,23
1,8,6.0,87,1,9,4,1,1,4,23
1,8,6.0,87,1,4,4,13,38,0,23
1,8,8.0,76,4,10,4,10,23,3,8
1,8,8.0,76,4,12,4,13,48,3,8
1,8,8.0,76,4,1,4,9,87,4,8
1,8,8.0,76,4,1,4,2,29,3,8
1,8,8.0,76,4,3,4,9,95,2,8
1,8,8.0,76,4,16,4,5,12,3,8
1,7,6.0,93,3,4,4,8,41,3,23
1,2,2.0,143,2,17,4,16,72,3,22
1,7,6.0,93,3,12,4,9,87,3,23
1,7,6.0,93,3,9,4,6,116,4,23
1,7,12.0,181,6,1,4,14,34,3,28
1,7,12.0,181,6,12,4,9,49,3,28
1,7,12.0,181,6,10,4,7,111,3,28
1,7,12.0,181,6,12,4,9,95,3,28
1,7,12.0,181,6,17,4,16,50,4,28
1,7,12.0,181,6,6,4,8,27,3,28
1,7,12.0,181,6,20,4,8,33,4,28
1,7,12.0,181,6,2,4,6,7,0,28
1,7,12.0,181,6,11,4,5,6,3,28
1,7,23.0,202,2,18,4,0,26,3,17
1,7,23.0,202,2,4,4,9,49,3,17
1,7,23.0,202,2,1,4,9,95,4,17
1,7,23.0,202,2,11,4,8,19,4,17
1,7,29.0,268,1,1,4,6,7,3,16
1,7,29.0,268,1,5,4,9,9,3,16
1,7,29.0,268,1,4,4,14,25,3,16
1,7,29.0,268,1,9,4,10,47,3,16
1,7,29.0,268,1,1,4,10,47,3,16
1,7,29.0,268,1,13,4,6,7,3,16
1,6,17.0,244,5,4,4,6,7,3,6
1,6,25.0,39,6,13,4,13,28,0,13
1,6,25.0,39,6,11,4,14,32,4,13
1,8,28.0,224,2,20,4,9,109,3,18
1,6,27.0,116,0,23,4,1,67,2,15
1,6,27.0,116,0,5,4,7,57,3,15
1,6,27.0,116,0,12,4,13,48,3,15
1,4,2.0,141,3,9,4,6,7,4,22
1,6,27.0,116,0,23,4,6,7,3,15
1,6,27.0,116,0,18,4,2,2,4,15
1,4,2.0,141,3,14,4,9,134,4,22
1,6,27.0,116,0,8,4,16,130,3,15
1,4,2.0,141,3,4,4,14,106,4,22
1,4,2.0,141,3,1,4,2,40,4,22
1,6,27.0,116,0,14,4,15,77,3,15
1,4,2.0,141,3,23,4,1,67,3,22
1,4,2.0,141,3,9,4,6,89,4,22
1,10,1.0,208,5,8,4,9,93,3,7
1,10,1.0,208,5,5,4,9,87,4,7
1,4,4.0,178,1,12,4,10,22,3,30
1,10,1.0,208,5,11,4,4,75,3,7
1,8,9.0,124,5,23,4,9,87,3,12
0,11,10.0,360,1,15,4,6,7,3,4
1,8,9.0,124,5,18,4,11,10,4,12
1,2,2.0,143,2,19,4,1,35,4,22
1,8,9.0,124,5,6,4,6,128,4,12
0,11,10.0,360,1,11,4,9,87,3,4
1,8,9.0,124,5,12,4,9,95,3,12
1,2,2.0,143,2,17,4,14,25,3,22
1,8,9.0,124,5,18,4,7,8,4,12
0,11,11.0,175,2,9,4,2,40,4,9
1,8,9.0,124,5,4,4,12,61,3,12
1,8,11.0,306,3,9,4,6,128,4,9
1,2,2.0,143,2,12,4,8,118,3,22
1,8,19.0,280,0,2,4,6,126,3,10
0,11,11.0,175,2,4,4,15,39,3,9
1,8,19.0,280,0,18,4,13,29,3,10
0,11,11.0,175,2,6,4,7,111,4,9
1,8,19.0,280,0,14,4,8,27,3,10
1,2,2.0,143,2,2,4,8,118,3,22
1,8,19.0,280,0,2,4,1,67,4,10
0,11,11.0,175,2,6,4,16,139,4,9
1,2,2.0,143,2,13,4,0,64,3,22
1,2,2.0,143,2,16,4,16,50,4,22
1,2,2.0,143,2,18,4,0,53,0,22
0,11,12.0,118,4,4,4,14,25,3,28
1,4,25.0,20,1,9,4,6,91,3,13
1,4,25.0,20,1,17,4,7,54,4,13
1,4,25.0,20,1,4,4,3,44,3,13
1,4,25.0,20,1,1,4,16,42,1,13
1,4,25.0,20,1,1,4,8,33,3,13
1,4,25.0,20,1,6,4,8,118,3,13
1,4,25.0,20,1,12,4,14,25,3,13
1,4,30.0,139,3,10,4,13,21,3,19
1,4,30.0,139,3,1,4,2,71,4,19
1,4,30.0,139,3,1,4,12,17,3,19
1,4,30.0,139,3,12,4,8,19,0,19
1,4,30.0,139,3,12,4,15,46,3,19
1,4,30.0,139,3,13,4,9,57,3,19
1,2,7.0,153,0,17,4,13,69,4,11
1,2,7.0,153,0,14,4,5,64,3,11
1,2,7.0,153,0,18,4,6,89,3,11
1,2,7.0,153,0,20,4,2,13,4,11
1,2,7.0,153,0,19,4,0,68,4,11
1,2,7.0,153,0,3,4,6,7,4,11
1,2,7.0,153,0,18,4,14,106,4,11
1,1,22.0,164,0,14,4,8,9,3,26
1,1,22.0,164,0,19,4,6,7,3,26
1,1,22.0,164,0,15,4,13,69,0,26
1,1,24.0,64,2,10,4,7,111,4,14
1,1,24.0,64,2,10,4,1,35,4,14
1,1,29.0,112,0,11,4,12,80,3,16
1,1,29.0,112,0,12,4,6,7,3,16
1,1,29.0,112,0,19,4,6,128,4,16
1,1,29.0,112,0,8,4,13,38,3,16
1,1,29.0,112,0,21,4,14,97,1,16
1,1,29.0,112,0,12,4,14,24,3,16
1,1,29.0,112,0,13,4,1,105,3,16
1,1,29.0,112,0,13,4,8,65,4,16
1,1,31.0,305,2,12,4,0,26,3,20
1,1,31.0,305,2,1,4,8,19,3,20
1,1,31.0,305,2,3,4,15,108,3,20
1,1,31.0,305,2,1,4,16,108,3,20
1,1,31.0,305,2,1,4,2,2,4,20
1,8,6.0,87,1,11,4,13,38,0,23
1,8,6.0,87,1,17,4,15,119,3,23
1,8,6.0,87,1,14,4,2,86,4,23
1,7,4.0,186,5,11,4,1,81,3,30
1,10,25.0,56,0,2,4,6,7,3,13
1,10,25.0,56,0,17,4,6,132,3,13
1,10,25.0,56,0,19,4,13,28,4,13
1,10,25.0,56,0,9,4,14,25,3,13
1,10,25.0,56,0,7,4,2,40,3,13
1,10,25.0,56,0,23,4,8,9,3,13
1,10,25.0,56,0,14,4,7,62,3,13
1,10,25.0,56,0,14,4,14,25,3,13
1,8,19.0,280,0,19,4,5,6,3,10
1,8,20.0,319,1,20,4,13,29,0,29
1,8,20.0,319,1,1,4,6,116,4,29
1,8,20.0,319,1,18,4,15,77,3,29
1,8,20.0,319,1,11,4,12,84,0,29
1,8,20.0,319,1,12,4,6,7,3,29
1,8,20.0,319,1,19,4,14,25,3,29
1,8,20.0,319,1,8,4,6,128,3,29
1,0,22.0,241,4,9,4,12,61,4,26
1,0,23.0,237,5,23,4,8,19,3,17
1,1,8.0,62,0,12,4,13,123,3,8
1,1,8.0,62,0,11,4,7,31,3,8
1,1,8.0,62,0,13,4,9,63,3,8
1,0,23.0,237,5,1,4,8,9,3,17
1,1,8.0,62,0,20,4,2,2,3,8
1,0,23.0,237,5,0,4,6,7,3,17
1,0,23.0,237,5,2,4,6,7,3,17
1,0,23.0,237,5,18,4,6,7,4,17
1,0,23.0,237,5,20,4,0,0,3,17
1,0,23.0,237,5,2,4,6,89,0,17
1,1,8.0,62,0,3,4,9,57,3,8
1,0,23.0,237,5,15,4,1,105,4,17
1,1,21.0,45,3,4,4,8,9,3,21
1,1,22.0,164,0,18,4,16,50,3,26
0,11,5.0,240,4,7,4,6,7,3,24
0,11,5.0,240,4,17,4,2,2,4,24
0,11,5.0,240,4,11,4,16,74,1,24
1,1,22.0,164,0,12,4,6,7,3,26
1,1,22.0,164,0,12,4,6,128,4,26
1,4,14.0,345,5,3,4,6,7,3,5
1,4,14.0,345,5,2,4,1,67,4,5
1,4,14.0,345,5,17,4,13,48,3,5
1,4,14.0,345,5,1,4,2,69,3,5
1,4,14.0,345,5,3,4,9,10,3,5
1,4,14.0,345,5,12,4,9,63,3,5
1,4,14.0,345,5,19,4,16,65,4,5
1,4,16.0,25,3,9,4,8,33,1,2
1,4,16.0,25,3,1,4,16,113,4,2
1,4,16.0,25,3,4,4,8,33,3,2
1,4,16.0,25,3,2,4,9,63,0,2
1,4,16.0,25,3,1,4,8,33,4,2
1,4,16.0,25,3,15,4,2,123,3,2
1,4,23.0,30,3,18,4,2,2,3,17
1,4,23.0,30,3,14,4,13,38,3,17
1,4,23.0,30,3,17,4,7,57,4,17
1,4,23.0,30,3,10,4,16,50,3,17
1,4,23.0,30,3,16,4,14,25,3,17
1,4,23.0,30,3,13,4,9,57,3,17
1,4,23.0,30,3,12,4,16,39,3,17
1,4,23.0,30,3,1,4,14,32,3,17
1,2,11.0,297,5,1,4,16,139,4,9
1,10,25.0,56,0,18,4,13,28,3,13
1,8,17.0,74,6,15,4,6,89,3,6
1,10,25.0,56,0,21,4,14,25,2,13
0,9,9.0,320,4,19,4,13,21,3,12
1,8,18.0,75,3,21,4,9,63,4,0
1,10,25.0,56,0,7,4,9,83,3,13
1,8,28.0,224,2,9,4,8,9,4,18
0,6,8.0,59,4,4,4,6,7,4,8
1,8,18.0,75,3,9,4,11,94,3,0
1,10,25.0,56,0,17,4,0,26,3,13
1,8,28.0,224,2,1,4,9,49,3,18
0,9,5.0,89,3,9,4,13,69,3,24
1,8,18.0,75,3,20,4,9,58,3,0
1,10,25.0,56,0,22,4,9,10,3,13
0,9,11.0,52,6,18,4,6,91,3,9
0,6,8.0,59,4,9,4,14,125,4,8
1,8,18.0,75,3,12,4,13,13,3,0
0,3,28.0,187,5,19,4,1,16,3,18
1,10,6.0,242,2,17,4,6,128,3,23
1,4,27.0,274,4,12,4,9,101,3,15
0,7,31.0,43,5,19,4,2,2,0,20
1,10,25.0,56,0,13,4,6,7,3,13
1,10,26.0,61,1,6,4,16,37,3,3
1,10,26.0,61,1,13,4,16,72,1,3
1,10,26.0,61,1,15,4,9,95,3,3
1,10,26.0,61,1,5,4,9,9,3,3
1,10,26.0,61,1,11,4,9,57,3,3
1,8,6.0,87,1,12,4,13,13,3,23
1,8,6.0,87,1,12,4,8,27,3,23
1,8,6.0,87,1,13,4,6,7,0,23
1,8,15.0,72,4,2,4,6,89,3,1
0,9,24.0,272,5,5,4,6,89,3,14
1,7,11.0,197,5,8,4,4,70,3,9
1,7,11.0,197,5,13,4,12,80,3,9
1,8,15.0,72,4,19,4,4,79,3,1
1,8,23.0,102,5,8,4,6,7,3,17
1,5,4.0,114,2,2,4,8,9,3,30
0,9,24.0,272,5,4,4,14,34,3,14
1,8,23.0,102,5,15,4,10,22,3,17
1,8,23.0,102,5,23,4,9,10,4,17
0,9,24.0,272,5,17,4,6,116,3,14
1,8,23.0,102,5,17,4,6,14,3,17
1,4,6.0,176,4,18,4,9,63,4,23
0,9,24.0,272,5,14,4,14,32,3,14
1,4,6.0,176,4,5,4,13,28,0,23
1,4,24.0,27,0,16,4,9,9,3,14
1,4,24.0,27,0,17,4,9,87,4,14
1,4,24.0,27,0,1,4,6,116,3,14
1,4,24.0,27,0,14,4,8,27,3,14
1,2,7.0,153,0,18,4,9,54,4,11
1,2,8.0,258,1,16,4,9,101,4,8
1,2,8.0,258,1,22,4,2,69,3,8
1,2,16.0,220,2,16,4,0,0,3,2
1,2,16.0,220,2,14,4,8,19,3,2
1,2,16.0,220,2,17,4,8,118,3,2
1,2,16.0,220,2,17,4,8,41,3,2
1,2,16.0,220,2,23,4,13,28,3,2
0,11,6.0,252,5,2,4,8,27,3,23
0,11,6.0,252,5,19,4,13,38,3,23
0,11,6.0,252,5,10,4,6,7,3,23
0,11,6.0,252,5,19,4,1,67,4,23
0,11,6.0,252,5,19,4,1,16,3,23
0,11,7.0,253,6,20,4,6,91,4,11
0,11,7.0,253,6,13,4,6,128,3,11
0,11,14.0,147,6,17,4,1,35,3,5
0,11,14.0,147,6,21,4,6,7,3,5
1,8,20.0,319,1,14,4,9,134,4,29
1,8,20.0,319,1,15,4,8,9,3,29
1,8,20.0,319,1,4,4,6,128,0,29
1,8,20.0,319,1,14,4,2,2,3,29
1,8,27.0,78,1,3,4,2,69,3,15
1,8,27.0,78,1,14,4,1,1,3,15
0,11,29.0,270,3,15,4,14,25,3,16
0,11,29.0,270,3,3,4,2,35,3,16
1,8,27.0,78,1,14,4,8,9,3,15
0,11,29.0,270,3,13,4,0,64,4,16
0,11,29.0,270,3,21,4,6,7,3,16
0,11,29.0,270,3,9,4,9,93,4,16
0,9,2.0,323,4,9,4,16,37,4,22
1,8,27.0,78,1,19,4,9,10,3,15
1,8,27.0,78,1,0,4,1,11,3,15
1,8,27.0,78,1,14,4,9,54,3,15
1,8,27.0,78,1,19,4,10,23,3,15
0,9,2.0,323,4,2,4,8,19,3,22
0,9,2.0,323,4,5,4,13,48,0,22
1,8,28.0,224,2,4,4,1,67,3,18
1,8,28.0,224,2,15,4,2,2,3,18
1,2,2.0,143,2,9,4,2,2,3,22
1,2,4.0,254,5,5,4,14,32,0,30
1,2,4.0,254,5,9,4,0,31,3,30
0,11,17.0,110,1,14,4,12,121,4,6
1,2,4.0,254,5,23,4,7,111,3,30
1,2,4.0,254,5,3,4,14,25,0,30
1,2,4.0,254,5,9,4,14,107,4,30
0,11,21.0,192,6,15,4,8,19,3,21
0,11,21.0,192,6,23,4,12,17,3,21
0,11,21.0,192,6,10,4,5,12,3,21
0,11,21.0,192,6,9,4,10,47,1,21
1,2,11.0,297,5,15,4,13,48,3,9
0,11,26.0,364,4,17,4,13,48,3,3
1,2,11.0,297,5,17,4,15,108,3,9
1,2,11.0,297,5,18,4,16,37,4,9
1,2,11.0,297,5,14,4,1,105,3,9
1,2,11.0,297,5,19,4,7,62,3,9
0,9,3.0,217,5,18,4,14,88,4,27
1,2,11.0,297,5,20,4,14,32,4,9
1,2,11.0,297,5,1,4,8,9,3,9
1,2,11.0,297,5,18,4,1,35,4,9
0,3,28.0,187,5,18,4,1,16,3,18
1,10,14.0,174,4,7,4,14,24,0,5
1,4,27.0,274,4,9,4,8,9,4,15
1,1,28.0,300,3,9,4,15,46,4,18
0,11,31.0,227,1,18,4,3,30,3,20
1,8,28.0,224,2,14,4,14,126,3,18
1,5,20.0,214,5,14,4,13,48,3,29
1,4,25.0,20,1,12,4,6,7,3,13
1,4,23.0,30,3,11,4,9,27,0,17
0,3,28.0,187,5,1,4,1,16,3,18
1,8,18.0,75,3,6,4,3,30,3,0
1,4,27.0,274,4,23,4,8,27,3,15
0,3,9.0,44,3,9,4,11,55,4,12
1,10,14.0,174,4,23,4,6,7,2,5
1,1,28.0,300,3,9,4,6,128,4,18
0,11,31.0,227,1,4,4,8,27,3,20
0,9,11.0,52,6,19,4,6,7,3,9
1,5,20.0,214,5,18,4,12,61,4,29
0,9,10.0,156,5,17,4,16,50,3,4
1,8,18.0,75,3,14,4,2,86,0,0
1,4,27.0,274,4,13,4,13,29,0,15
0,3,9.0,44,3,4,4,11,8,4,12
1,10,14.0,174,4,5,4,8,41,3,5
1,1,28.0,300,3,14,4,2,71,4,18
0,11,25.0,88,2,19,4,7,137,3,13
0,9,11.0,52,6,15,4,6,89,3,9
1,5,20.0,214,5,1,4,9,101,4,29
0,9,10.0,156,5,13,4,7,120,3,4
1,8,18.0,75,3,6,4,16,74,3,0
1,8,26.0,278,0,9,4,9,57,3,3
1,8,26.0,278,0,8,4,12,80,3,3
1,2,30.0,131,2,18,4,16,113,3,19
1,2,30.0,131,2,0,4,0,64,3,19
1,2,30.0,131,2,14,4,1,59,4,19
1,2,30.0,131,2,12,4,9,10,4,19
1,2,30.0,131,2,22,4,2,69,3,19
1,2,30.0,131,2,22,4,10,47,3,19
1,0,22.0,241,4,5,4,8,27,3,26
1,0,22.0,241,4,11,4,6,7,0,26
1,0,23.0,237,5,19,4,6,7,4,17
1,0,23.0,237,5,8,4,8,41,0,17
1,0,23.0,237,5,13,4,14,24,0,17
1,0,23.0,237,5,22,4,5,6,3,17
1,0,23.0,237,5,20,4,6,7,3,17
0,11,5.0,240,4,4,4,0,77,3,24
0,11,5.0,240,4,23,4,3,44,3,24
0,11,5.0,240,4,10,4,0,31,3,24
1,1,22.0,164,0,2,4,15,31,0,26
0,3,16.0,263,3,8,4,8,9,3,2
0,11,22.0,250,3,1,4,2,2,0,26
0,11,22.0,250,3,9,4,8,19,3,26
0,11,22.0,250,3,18,4,8,19,3,26
1,4,16.0,25,3,2,4,6,7,4,2
0,3,14.0,33,5,9,4,14,25,4,5
0,3,14.0,33,5,12,4,3,115,3,5
1,4,16.0,25,3,14,4,16,113,3,2
1,4,16.0,25,3,14,4,16,50,4,2
0,3,15.0,35,6,23,4,4,5,3,1
1,4,14.0,345,5,11,4,16,130,3,5
1,4,14.0,345,5,9,4,9,63,4,5
1,4,14.0,345,5,6,4,6,128,4,5
1,4,14.0,345,5,17,4,14,25,3,5
0,9,14.0,106,1,13,4,7,62,3,5
0,9,14.0,106,1,6,4,6,7,0,5
0,9,14.0,106,1,2,4,16,42,3,5
0,9,14.0,106,1,1,4,7,62,3,5
0,9,14.0,106,1,0,4,12,61,3,5
0,5,14.0,36,3,1,4,2,35,3,5
0,5,14.0,36,3,9,4,4,136,3,5
0,5,14.0,36,3,15,4,14,25,3,5
0,5,14.0,36,3,11,4,3,115,2,5
1,8,16.0,73,5,11,4,6,7,3,2
1,8,21.0,46,2,12,4,8,118,3,21
1,8,21.0,46,2,1,4,7,20,3,21
1,8,21.0,46,2,4,4,2,13,2,21
1,8,21.0,46,2,11,4,10,23,0,21
1,8,21.0,46,2,2,4,1,59,4,21
1,8,21.0,46,2,4,4,16,139,4,21
1,8,21.0,46,2,19,4,15,108,3,21
1,8,21.0,46,2,1,4,9,57,3,21
1,8,24.0,85,6,8,4,9,57,3,14
1,8,24.0,85,6,19,4,5,12,3,14
1,8,24.0,85,6,6,4,8,9,3,14
1,8,24.0,85,6,1,4,10,22,3,14
1,8,25.0,86,3,17,4,4,75,4,13
1,8,25.0,86,3,22,4,10,47,3,13
1,8,30.0,103,5,14,4,14,107,4,19
1,8,30.0,103,5,22,4,8,9,3,19
1,8,30.0,103,5,10,4,16,50,3,19
1,8,30.0,103,5,1,4,12,61,3,19
1,4,13.0,221,4,4,4,14,25,4,25
1,8,26.0,278,0,5,4,13,38,3,3
1,8,26.0,278,0,23,4,14,88,4,3
1,8,26.0,278,0,4,4,15,96,3,3
1,8,26.0,278,0,3,4,6,7,3,3
1,8,26.0,278,0,12,4,3,79,3,3
1,8,26.0,278,0,14,4,9,63,4,3
1,8,26.0,278,0,9,4,8,19,3,3
1,8,26.0,278,0,12,4,7,57,3,3
1,8,29.0,301,4,20,4,2,35,2,16
1,8,29.0,301,4,6,4,1,16,3,16
1,8,29.0,301,4,19,4,9,63,4,16
1,8,29.0,301,4,6,4,6,89,4,16
1,8,29.0,301,4,4,4,15,51,3,16
1,8,29.0,301,4,1,4,2,69,3,16
1,8,29.0,301,4,1,4,2,2,3,16
1,8,29.0,301,4,5,4,0,77,3,16
1,8,29.0,301,4,22,4,16,65,3,16
1,8,29.0,301,4,11,4,14,24,3,16
1,8,29.0,301,4,4,4,8,27,3,16
1,8,29.0,301,4,14,4,2,13,3,16
1,8,29.0,301,4,22,4,2,86,3,16
1,8,29.0,301,4,2,4,0,12,3,16
0,9,3.0,217,5,20,4,6,91,4,27
0,9,3.0,217,5,19,4,6,14,3,27
1,4,23.0,30,3,5,4,14,24,4,17
1,1,28.0,300,3,5,4,10,22,3,18
1,10,16.0,201,6,8,4,1,35,3,2
1,4,27.0,274,4,2,4,14,24,3,15
0,9,11.0,52,6,1,4,6,7,0,9
0,9,19.0,234,3,22,4,6,7,0,10
0,11,25.0,88,2,4,4,6,128,3,13
1,2,20.0,264,3,17,4,15,31,0,29
1,5,20.0,214,5,9,4,15,114,3,29
0,3,9.0,44,3,2,4,12,84,3,12
1,2,26.0,3,6,17,4,12,61,4,3
1,1,28.0,300,3,12,4,4,66,3,18
0,11,25.0,88,2,17,4,15,85,3,13
1,10,16.0,201,6,15,4,15,108,3,2
1,4,29.0,313,6,1,4,14,24,3,16
1,8,28.0,224,2,22,4,9,93,3,18
1,5,20.0,214,5,14,4,0,85,3,29
0,3,9.0,44,3,1,4,11,55,4,12
1,4,23.0,30,3,15,4,11,18,3,17
0,3,9.0,44,3,1,4,13,48,3,12
0,3,9.0,44,3,1,4,11,8,4,12
1,4,23.0,30,3,22,4,0,0,3,17
0,3,9.0,44,3,2,4,14,25,3,12
0,3,9.0,44,3,1,4,14,106,4,12
0,3,9.0,44,3,18,4,11,55,4,12
0,3,9.0,44,3,20,4,11,8,3,12
0,3,9.0,44,3,17,4,14,32,4,12
1,4,16.0,25,3,2,4,9,95,3,2
0,3,9.0,44,3,1,4,13,48,3,12
1,4,16.0,25,3,19,4,9,63,4,2
1,8,5.0,101,0,18,4,1,81,4,24
1,8,5.0,101,0,1,4,9,63,3,24
1,8,5.0,101,0,14,4,12,135,3,24
1,8,5.0,101,0,9,4,6,132,3,24
1,8,5.0,101,0,18,4,13,21,3,24
1,8,5.0,101,0,0,4,5,12,3,24
1,8,5.0,101,0,19,4,13,28,0,24
1,8,5.0,101,0,14,4,14,110,3,24
1,8,5.0,101,0,4,4,15,46,3,24
1,8,5.0,101,0,18,4,9,49,4,24
1,8,14.0,296,2,12,4,2,86,3,5
1,8,14.0,296,2,5,4,14,25,3,5
1,8,14.0,296,2,18,4,0,12,1,5
1,8,14.0,296,2,4,4,8,9,4,5
1,8,14.0,296,2,3,4,15,112,3,5
1,8,14.0,296,2,6,4,2,69,4,5
1,8,14.0,296,2,6,4,13,28,3,5
1,8,14.0,296,2,22,4,8,19,3,5
1,8,16.0,73,5,4,4,12,56,3,2
1,8,16.0,73,5,2,4,12,84,3,2
1,8,16.0,73,5,13,4,13,69,1,2
1,8,16.0,73,5,4,4,8,27,3,2
1,8,2.0,77,5,19,4,1,67,4,22
1,8,2.0,77,5,17,4,7,78,4,22
1,8,2.0,77,5,18,4,1,1,4,22
1,8,2.0,77,5,2,4,2,2,3,22
1,8,2.0,77,5,19,4,13,36,3,22
1,8,2.0,77,5,12,4,0,64,3,22
1,8,2.0,77,5,14,4,6,91,3,22
1,8,2.0,77,5,22,4,5,0,3,22
1,8,2.0,77,5,11,4,12,17,3,22
1,8,2.0,77,5,14,4,3,79,3,22
1,8,12.0,284,0,18,4,8,9,4,28
1,8,12.0,284,0,13,4,14,25,3,28
1,8,12.0,284,0,11,4,8,19,3,28
1,8,12.0,284,0,1,4,9,87,0,28
1,8,12.0,284,0,17,4,6,91,4,28
1,8,12.0,284,0,9,4,9,49,4,28
1,8,12.0,284,0,18,4,1,11,3,28
1,8,12.0,284,0,1,4,2,92,3,28
0,3,3.0,182,0,3,4,9,9,3,27
1,0,29.0,191,4,11,4,12,121,4,16
0,11,9.0,311,0,7,4,1,11,3,12
0,11,9.0,311,0,20,4,16,139,4,12
0,11,10.0,360,1,16,4,1,35,4,4
0,11,10.0,360,1,9,4,12,56,4,4
0,11,11.0,175,2,19,4,16,42,0,9
0,11,11.0,175,2,19,4,2,86,3,9
0,3,3.0,182,0,1,4,2,40,3,27
0,11,12.0,118,4,12,4,16,74,3,28
0,11,12.0,118,4,13,4,6,89,2,28
0,11,12.0,118,4,20,4,13,29,4,28
0,11,17.0,110,1,17,4,7,137,4,6
0,11,17.0,110,1,14,4,15,51,3,6
0,11,17.0,110,1,19,4,16,50,3,6
0,11,17.0,110,1,8,4,14,25,3,6
0,11,17.0,110,1,5,4,8,41,0,6
0,11,21.0,192,6,20,4,12,61,4,21
0,11,21.0,192,6,6,4,6,7,3,21
0,11,26.0,364,4,13,4,8,9,4,3
0,9,3.0,217,5,15,4,16,37,3,27
0,9,3.0,217,5,18,4,6,7,3,27
1,8,12.0,284,0,9,4,8,9,3,28
1,8,12.0,284,0,9,4,13,28,3,28
1,8,12.0,284,0,11,4,13,48,3,28
1,8,17.0,74,6,12,4,12,56,3,6
1,8,17.0,74,6,14,4,14,32,3,6
1,8,17.0,74,6,12,4,16,50,3,6
1,8,17.0,74,6,14,4,14,25,0,6
1,8,17.0,74,6,14,4,15,51,3,6
1,8,17.0,74,6,14,4,2,86,3,6
1,8,17.0,74,6,11,4,7,137,3,6
1,1,28.0,300,3,2,4,4,79,3,18
1,2,26.0,3,6,12,4,6,89,1,3
1,5,20.0,214,5,18,4,9,101,4,29
1,4,29.0,313,6,23,4,7,54,3,16
1,8,28.0,224,2,22,4,13,79,3,18
0,6,16.0,38,5,18,4,14,25,3,2
1,8,28.0,224,2,14,4,14,88,4,18
1,10,16.0,201,6,8,4,3,44,3,2
1,1,28.0,300,3,9,4,7,20,3,18
0,11,25.0,88,2,15,4,4,127,3,13
1,2,26.0,3,6,14,4,6,7,4,3
1,5,20.0,214,5,12,4,9,27,3,29
1,4,29.0,313,6,17,4,6,7,3,16
1,8,28.0,224,2,1,4,16,139,3,18
1,1,28.0,300,3,20,4,11,94,3,18
1,10,16.0,201,6,12,4,9,102,3,2
0,6,16.0,38,5,19,4,8,41,3,2
1,2,26.0,3,6,4,4,6,91,3,3
1,5,20.0,214,5,12,4,8,9,3,29
0,5,14.0,36,3,9,4,1,1,4,5
1,8,28.0,224,2,18,4,1,105,4,18
0,7,19.0,330,3,6,4,3,103,3,10
1,10,16.0,201,6,23,4,12,17,3,2
1,2,26.0,3,6,18,4,9,87,4,3
0,7,19.0,330,3,9,4,6,73,3,10
1,2,20.0,264,3,20,4,15,119,1,29
0,6,16.0,38,5,14,4,6,7,3,2
1,10,16.0,201,6,4,4,6,7,3,2
1,2,26.0,3,6,8,4,14,131,3,3
0,7,19.0,330,3,0,4,2,2,3,10
1,2,20.0,264,3,19,4,7,57,3,29
0,7,19.0,330,3,14,4,0,12,3,10
0,9,14.0,106,1,18,4,16,39,0,5
1,8,28.0,224,2,1,4,8,41,3,18
1,10,16.0,201,6,14,4,2,2,3,2
0,6,16.0,38,5,17,4,1,81,3,2
1,1,9.0,50,1,17,4,6,7,0,12
0,7,19.0,330,3,14,4,12,104,4,10
0,5,14.0,36,3,1,4,15,112,4,5
1,8,28.0,224,2,17,4,6,128,4,18
1,10,21.0,341,4,10,4,14,25,3,21
0,11,24.0,194,1,19,4,14,126,3,14
1,2,26.0,3,6,2,4,6,7,4,3
1,2,20.0,264,3,19,4,7,54,3,29
0,7,19.0,330,3,20,4,8,9,4,10
0,9,14.0,106,1,13,4,16,50,3,5
1,4,2.0,141,3,17,4,1,16,1,22
0,7,1.0,98,2,22,4,13,28,3,7
1,4,2.0,141,3,5,4,1,67,3,22
1,4,2.0,141,3,2,4,8,9,3,22
1,4,2.0,141,3,8,4,8,27,3,22
0,11,14.0,147,6,4,4,8,9,3,5
0,11,23.0,232,0,4,4,9,49,1,17
0,11,23.0,232,0,14,4,11,117,3,17
0,11,23.0,232,0,14,4,2,92,3,17
0,11,23.0,232,0,22,4,13,21,0,17
0,11,23.0,232,0,14,4,2,86,1,17
0,11,23.0,232,0,19,4,6,7,3,17
0,11,25.0,88,2,9,4,16,72,3,13
0,11,31.0,227,1,19,4,8,9,3,20
0,11,31.0,227,1,14,4,13,69,4,20
0,11,31.0,227,1,11,4,13,21,3,20
0,9,5.0,89,3,18,4,16,72,3,24
0,9,5.0,89,3,15,4,4,70,3,24
0,9,5.0,89,3,9,4,6,132,3,24
0,9,5.0,89,3,23,4,6,7,3,24
0,9,5.0,89,3,12,4,8,9,3,24
0,9,5.0,89,3,1,4,1,35,2,24
0,9,5.0,89,3,3,4,9,95,3,24
0,9,5.0,89,3,18,4,6,7,3,24
0,9,8.0,90,2,19,4,16,37,4,8
0,9,8.0,90,2,4,4,14,32,3,8
0,11,7.0,253,6,2,4,9,27,0,11
1,2,11.0,297,5,19,4,9,93,1,9
1,2,11.0,297,5,2,4,5,6,3,9
1,2,18.0,7,5,16,4,2,40,4,0
1,2,18.0,7,5,12,4,2,92,3,0
1,2,18.0,7,5,20,4,9,49,3,0
1,2,18.0,7,5,4,4,16,108,3,0
1,2,18.0,7,5,14,4,15,114,3,0
0,9,12.0,177,3,14,4,6,7,0,28
0,9,12.0,177,3,14,4,8,9,3,28
1,2,18.0,7,5,2,4,2,2,4,0
1,2,18.0,7,5,14,4,2,92,3,0
0,9,12.0,177,3,17,4,14,25,0,28
0,9,18.0,359,6,9,4,12,17,3,0
0,9,18.0,359,6,19,4,16,72,3,0
0,9,18.0,359,6,9,4,14,126,4,0
1,2,18.0,7,5,4,4,16,42,4,0
0,9,18.0,359,6,1,4,8,33,3,0
1,2,18.0,7,5,11,4,8,118,3,0
0,9,18.0,359,6,12,4,6,128,3,0
0,9,19.0,234,3,13,4,12,56,3,10
1,2,20.0,264,3,18,4,2,92,3,29
0,9,19.0,234,3,13,4,8,27,3,10
1,10,26.0,61,1,3,4,9,95,3,3
1,10,26.0,61,1,18,4,6,91,4,3
1,10,26.0,61,1,17,4,6,7,3,3
1,10,26.0,61,1,21,4,1,59,1,3
1,10,26.0,61,1,15,4,13,28,3,3
1,10,26.0,61,1,11,4,6,89,3,3
1,10,26.0,61,1,4,4,16,65,0,3
1,10,26.0,61,1,2,4,14,25,3,3
1,10,26.0,61,1,15,4,9,9,3,3
1,1,11.0,111,4,14,4,2,2,3,9
1,1,11.0,111,4,9,4,6,91,4,9
1,1,11.0,111,4,9,4,6,91,4,9
1,1,11.0,111,4,21,4,0,68,3,9
1,1,11.0,111,4,9,4,6,7,3,9
1,1,11.0,111,4,9,4,6,7,3,9
1,1,11.0,111,4,6,4,13,38,4,9
1,1,11.0,111,4,13,4,5,6,3,9
1,1,11.0,111,4,10,4,14,131,4,9
1,1,11.0,111,4,18,4,13,99,4,9
1,1,11.0,111,4,20,4,6,7,3,9
1,1,25.0,65,4,14,4,16,72,3,13
1,1,25.0,65,4,4,4,7,8,4,13
1,3,5.0,324,1,8,4,11,98,0,24
1,3,5.0,324,1,22,4,1,11,3,24
1,3,5.0,324,1,13,4,16,37,3,24
1,3,12.0,104,1,4,4,11,117,3,28
1,3,12.0,104,1,14,4,6,7,3,28
1,3,12.0,104,1,2,4,14,125,4,28
1,3,12.0,104,1,8,4,8,19,3,28
1,3,15.0,35,5,12,4,5,64,3,1
1,3,15.0,35,5,19,4,14,25,3,1
0,6,16.0,38,5,6,4,5,12,3,2
1,10,21.0,341,4,15,4,13,69,4,21
1,2,20.0,264,3,13,4,9,49,3,29
0,7,19.0,330,3,23,4,9,83,3,10
0,9,14.0,106,1,12,4,15,46,3,5
1,2,28.0,257,0,17,4,13,48,0,18
0,11,24.0,194,1,5,4,16,37,3,14
0,11,24.0,194,1,9,4,6,128,3,14
0,11,24.0,194,1,17,4,12,100,3,14
0,11,24.0,194,1,14,4,12,121,3,14
0,3,1.0,180,6,9,4,9,93,4,7
0,3,1.0,180,6,4,4,8,33,3,7
0,3,1.0,180,6,19,4,16,130,3,7
1,2,13.0,276,3,9,4,14,106,4,25
0,3,4.0,285,1,16,4,6,91,4,30
1,2,13.0,276,3,2,4,8,9,3,25
1,2,13.0,276,3,12,4,8,9,3,25
0,3,4.0,285,1,20,4,3,44,4,30
1,2,13.0,276,3,3,4,8,27,3,25
0,3,4.0,285,1,22,4,7,129,4,30
1,2,27.0,136,3,18,4,6,7,3,15
1,0,1.0,8,4,23,4,6,7,2,7
1,0,1.0,8,4,17,4,2,123,1,7
0,3,4.0,285,1,3,4,12,84,3,30
1,0,1.0,8,4,0,4,11,10,4,7
0,3,5.0,324,2,13,4,6,89,3,24
0,3,5.0,324,2,15,4,8,41,4,24
1,0,28.0,249,2,18,4,9,93,4,18
0,11,18.0,332,2,6,4,15,51,3,0
0,11,18.0,332,2,17,4,8,9,4,0
0,11,18.0,332,2,17,4,6,7,3,0
0,3,5.0,324,2,19,4,13,38,3,24
1,4,29.0,313,6,14,4,6,91,4,16
1,4,29.0,313,6,17,4,8,9,3,16
1,4,29.0,313,6,11,4,2,2,3,16
1,4,29.0,313,6,6,4,6,126,3,16
1,4,29.0,313,6,1,4,8,33,4,16
1,4,29.0,313,6,4,4,8,27,4,16
1,4,29.0,313,6,18,4,14,125,4,16
1,4,29.0,313,6,23,4,6,7,3,16
1,2,1.0,16,1,4,4,14,25,3,7
1,2,1.0,16,1,8,4,6,116,3,7
1,2,1.0,16,1,5,4,8,9,3,7
1,2,1.0,16,1,9,4,8,27,0,7
1,2,1.0,16,1,18,4,5,12,3,7
1,2,1.0,16,1,14,4,1,67,3,7
1,2,3.0,282,4,1,4,16,65,3,27
1,2,3.0,282,4,14,4,14,24,3,27
1,2,3.0,282,4,8,4,10,47,3,27
0,11,24.0,194,1,1,4,6,89,3,14
0,11,24.0,194,1,1,4,6,7,3,14
0,11,24.0,194,1,6,4,16,37,4,14
0,11,23.0,232,0,2,4,0,15,3,17
0,10,15.0,60,6,14,4,16,139,3,1
0,11,23.0,232,0,1,4,1,81,4,17
0,10,15.0,60,6,23,4,2,71,4,1
0,11,23.0,232,0,17,4,0,12,3,17
0,10,15.0,60,6,12,4,2,123,4,1
0,11,14.0,147,6,5,4,15,31,3,5
0,11,14.0,147,6,5,4,6,89,3,5
0,11,14.0,147,6,4,4,10,22,0,5
0,11,8.0,283,3,21,4,14,24,1,8
0,11,8.0,283,3,20,4,9,27,3,8
0,11,8.0,283,3,23,4,14,25,4,8
0,11,8.0,283,3,19,4,14,24,3,8
0,9,16.0,107,4,4,4,6,7,3,2
0,11,7.0,253,6,18,4,1,105,4,11
0,11,7.0,253,6,4,4,8,9,4,11
0,9,22.0,92,2,8,4,4,4,4,26
0,9,22.0,92,2,9,4,13,69,3,26
0,7,11.0,197,6,6,4,13,48,4,9
0,7,11.0,197,6,4,4,11,90,3,9
0,5,10.0,155,2,16,4,14,88,4,4
0,5,10.0,155,2,13,4,10,23,0,4
0,5,10.0,155,2,22,4,6,7,0,4
0,5,10.0,155,2,17,4,14,126,4,4
0,5,10.0,155,2,19,4,1,105,4,4
0,5,10.0,155,2,12,4,3,44,3,4
0,7,11.0,197,6,23,4,6,7,3,9
0,7,11.0,197,6,18,4,14,34,4,9
0,7,11.0,197,6,22,4,9,93,0,9
0,5,13.0,184,6,8,4,2,92,3,25
0,5,13.0,184,6,19,4,3,30,3,25
1,2,20.0,264,3,4,4,8,19,3,29
1,2,28.0,257,0,20,4,6,7,4,18
1,10,21.0,341,4,9,4,9,10,4,21
0,9,14.0,106,1,20,4,16,37,3,5
0,7,21.0,81,1,13,4,14,25,3,21
1,10,21.0,341,4,11,4,4,4,0,21
1,2,21.0,108,0,17,4,12,80,3,21
1,1,20.0,151,6,22,4,13,21,0,29
0,9,13.0,91,0,13,4,13,29,3,25
0,7,21.0,81,1,17,4,11,98,4,21
1,10,21.0,341,4,18,4,6,89,3,21
1,2,21.0,108,0,2,4,1,16,3,21
1,2,28.0,257,0,7,4,4,75,3,18
0,9,13.0,91,0,1,4,7,78,4,25
1,4,9.0,18,3,8,4,8,9,3,12
1,10,21.0,341,4,2,4,0,64,3,21
1,2,21.0,108,0,19,4,4,45,3,21
0,7,2.0,160,4,1,4,9,54,4,22
0,9,13.0,91,0,19,4,13,48,3,25
1,10,22.0,314,5,12,4,0,15,2,26
1,2,21.0,108,0,14,4,7,20,3,21
0,3,16.0,263,3,23,4,6,7,2,2
0,9,13.0,91,0,5,4,7,120,4,25
0,9,13.0,91,0,14,4,16,42,3,25
0,9,13.0,91,0,8,4,6,7,0,25
0,9,13.0,91,0,1,4,4,82,3,25
0,9,13.0,91,0,18,4,10,23,3,25
0,5,26.0,37,5,4,4,1,105,3,3
0,5,26.0,37,5,23,4,12,17,2,3
0,5,26.0,37,5,22,4,2,69,3,3
0,5,26.0,37,5,1,4,3,44,3,3
0,9,13.0,91,0,4,4,14,25,3,25
0,5,26.0,37,5,3,4,7,137,3,3
0,9,13.0,91,0,14,4,0,31,3,25
0,9,13.0,91,0,17,4,14,107,4,25
0,9,7.0,271,1,22,4,6,7,3,11
0,9,7.0,271,1,17,4,6,128,3,11
1,8,15.0,72,4,11,4,8,65,4,1
1,8,15.0,72,4,15,4,15,46,3,1
0,9,24.0,272,5,19,4,6,7,2,14
0,5,6.0,277,6,1,4,13,28,3,23
0,9,24.0,272,5,17,4,6,7,3,14
0,9,24.0,272,5,4,4,6,7,3,14
0,9,24.0,272,5,17,4,7,20,3,14
0,9,24.0,272,5,1,4,13,38,3,14
0,9,24.0,272,5,14,4,16,50,3,14
0,7,5.0,204,3,22,4,4,127,4,24
0,7,5.0,204,3,19,4,9,49,3,24
0,7,5.0,204,3,6,4,6,7,3,24
0,7,5.0,204,3,15,4,2,2,0,24
0,7,5.0,204,3,1,4,16,42,0,24
0,7,5.0,204,3,4,4,6,128,4,24
0,7,5.0,204,3,9,4,16,42,3,24
0,5,23.0,168,1,3,4,7,62,3,17
0,5,23.0,168,1,14,4,4,121,3,17
1,4,22.0,152,6,14,4,12,100,4,26
1,4,22.0,152,6,23,4,14,131,3,26
1,4,22.0,152,6,22,4,6,7,3,26
1,4,31.0,67,0,5,4,5,12,3,20
1,4,31.0,67,0,22,4,6,89,3,20
1,4,31.0,67,0,9,4,3,103,3,20
1,4,31.0,67,0,11,4,9,87,3,20
1,4,31.0,67,0,14,4,14,106,3,20
1,4,31.0,67,0,18,4,5,64,3,20
1,4,31.0,67,0,19,4,4,75,0,20
1,4,31.0,67,0,13,4,9,57,3,20
1,4,31.0,67,0,17,4,6,7,3,20
1,4,31.0,67,0,14,4,13,38,3,20
1,4,31.0,67,0,18,4,5,12,3,20
1,4,31.0,67,0,18,4,6,7,3,20
1,4,31.0,67,0,9,4,13,28,0,20
1,2,6.0,251,3,11,4,16,37,4,23
1,2,6.0,251,3,4,4,15,46,4,23
1,2,6.0,251,3,18,4,12,83,4,23
1,2,6.0,251,3,9,4,12,56,3,23
1,2,6.0,251,3,11,4,13,21,0,23
1,4,26.0,80,2,19,4,16,74,3,3
1,4,26.0,80,2,14,4,14,25,3,3
0,7,27.0,53,0,17,4,6,14,4,15
0,7,29.0,268,2,2,4,8,9,3,16
1,10,17.0,256,3,19,4,1,11,3,6
0,7,29.0,268,2,14,4,16,42,3,16
0,3,1.0,180,6,9,4,16,37,4,7
0,3,1.0,180,6,18,4,9,54,4,7
0,3,1.0,180,6,9,4,6,7,3,7
1,1,1.0,203,0,17,4,8,33,0,7
0,3,1.0,180,6,4,4,15,112,3,7
0,3,1.0,180,6,4,4,0,53,3,7
1,2,13.0,276,3,1,4,2,71,4,25
1,2,13.0,276,3,0,4,16,72,3,25
0,3,1.0,180,6,9,4,16,50,4,7
0,3,1.0,180,6,4,4,14,32,3,7
0,6,8.0,59,4,20,4,6,91,3,8
0,9,8.0,90,2,14,4,12,56,3,8
0,9,5.0,89,3,10,4,6,7,3,24
1,2,21.0,108,0,23,4,10,22,3,21
1,10,22.0,314,5,11,4,9,57,3,26
1,10,22.0,314,5,17,4,7,57,4,26
1,4,9.0,18,3,1,4,4,4,3,12
1,2,21.0,108,0,12,4,6,7,3,21
0,7,21.0,81,1,3,4,6,7,3,21
0,3,16.0,263,3,15,4,14,25,3,2
1,5,7.0,349,6,9,4,9,49,3,11
0,11,22.0,250,3,1,4,14,107,3,26
1,4,24.0,27,0,4,4,5,64,3,14
1,4,9.0,18,3,19,4,9,57,3,12
1,2,26.0,3,6,8,4,2,92,3,3
0,3,16.0,263,3,18,4,6,7,4,2
1,4,24.0,27,0,4,4,10,22,3,14
1,2,26.0,3,6,17,4,6,7,4,3
0,3,22.0,166,6,2,4,9,57,3,26
1,4,24.0,27,0,8,4,8,27,3,14
1,4,11.0,121,1,14,4,15,114,2,9
1,2,26.0,3,6,13,4,2,13,0,3
0,11,22.0,250,3,1,4,14,106,1,26
1,4,24.0,27,0,11,4,9,27,3,14
1,4,21.0,339,5,10,4,14,24,3,21
1,4,21.0,339,5,22,4,6,7,3,21
0,7,26.0,316,3,17,4,16,74,3,3
1,4,26.0,80,2,13,4,6,7,3,3
1,4,26.0,80,2,0,4,9,93,4,3
1,4,26.0,80,2,19,4,12,121,3,3
1,2,7.0,153,0,12,4,14,25,3,11
0,7,17.0,95,5,2,4,0,64,3,6
1,2,7.0,153,0,1,4,6,91,3,11
1,2,7.0,153,0,7,4,14,106,4,11
1,4,30.0,139,3,12,4,13,69,3,19
1,4,30.0,139,3,4,4,15,39,3,19
1,4,30.0,139,3,13,4,12,135,4,19
1,4,30.0,139,3,18,4,8,118,3,19
1,4,30.0,139,3,14,4,13,28,3,19
0,7,30.0,42,4,4,4,6,7,3,19
0,7,30.0,42,4,22,4,7,62,3,19
0,7,30.0,42,4,3,4,14,25,3,19
1,4,30.0,139,3,9,4,14,106,4,19
1,4,30.0,139,3,2,4,13,69,3,19
1,4,25.0,20,1,1,4,6,7,3,13
1,0,26.0,14,0,5,4,9,63,4,3
1,0,26.0,14,0,17,4,16,37,3,3
1,0,26.0,14,0,18,4,6,89,3,3
1,0,26.0,14,0,14,4,14,106,4,3
1,0,26.0,14,0,18,4,1,11,3,3
0,7,28.0,34,1,17,4,12,61,3,18
0,7,28.0,34,1,17,4,6,7,3,18
1,0,26.0,14,0,17,4,12,80,4,3
1,0,26.0,14,0,17,4,6,7,3,3
1,0,26.0,14,0,21,4,8,9,1,3
0,7,28.0,34,1,23,4,0,85,2,18
0,3,2.0,120,3,11,4,9,54,3,22
0,3,2.0,120,3,9,4,8,65,3,22
1,0,27.0,23,1,4,4,14,88,3,15
0,3,2.0,120,3,4,4,13,69,3,22
1,0,27.0,23,1,12,4,16,108,3,15
0,3,2.0,120,3,4,4,14,32,1,22
1,0,27.0,23,1,6,4,7,120,3,15
0,3,2.0,120,3,4,4,0,68,4,22
0,3,2.0,120,3,9,4,16,130,3,22
1,0,27.0,23,1,7,4,6,7,3,15
1,1,14.0,183,3,12,4,6,7,3,5
1,1,23.0,69,1,0,4,1,67,0,17
1,1,23.0,69,1,9,4,0,26,3,17
1,1,23.0,69,1,4,4,6,128,3,17
1,1,23.0,69,1,18,4,5,12,3,17
1,1,23.0,69,1,15,4,9,9,3,17
1,1,23.0,69,1,3,4,6,7,3,17
1,1,23.0,69,1,22,4,7,20,3,17
1,1,23.0,69,1,13,4,9,87,3,17
1,1,30.0,100,1,15,4,9,10,3,19
1,1,30.0,100,1,12,4,6,7,0,19
1,1,30.0,100,1,14,4,9,87,3,19
1,1,30.0,100,1,20,4,9,95,0,19
1,1,30.0,100,1,4,4,14,25,3,19
1,1,30.0,100,1,16,4,0,96,3,19
1,1,30.0,100,1,8,4,7,137,4,19
1,1,30.0,100,1,3,4,9,95,3,19
1,1,30.0,100,1,4,4,16,130,3,19
1,8,5.0,101,0,15,4,14,34,3,24
1,8,5.0,101,0,9,4,9,54,4,24
1,8,5.0,101,0,17,4,8,41,4,24
1,8,5.0,101,0,12,4,9,57,4,24
1,4,25.0,20,1,14,4,16,72,4,13
1,4,25.0,20,1,9,4,12,100,3,13
1,2,28.0,257,0,9,4,8,9,3,18
1,2,28.0,257,0,4,4,6,91,4,18
0,11,22.0,250,3,13,4,8,41,3,26
0,7,2.0,160,4,12,4,15,39,3,22
1,4,24.0,27,0,14,4,2,40,4,14
0,3,22.0,166,6,12,4,8,27,1,26
0,7,2.0,160,4,18,4,7,57,3,22
1,4,24.0,27,0,3,4,0,31,3,14
0,3,22.0,166,6,12,4,16,50,3,26
0,7,2.0,160,4,17,4,6,128,3,22
1,4,24.0,27,0,1,4,8,27,3,14
0,3,22.0,166,6,20,4,6,7,2,26
0,9,6.0,51,0,9,4,13,36,4,23
0,9,6.0,51,0,23,4,12,80,3,23
0,9,6.0,51,0,4,4,13,21,0,23
0,9,6.0,51,0,19,4,9,49,3,23
0,5,1.0,109,0,13,4,10,52,3,7
0,9,6.0,51,0,1,4,15,119,3,23
0,9,6.0,51,0,4,4,13,21,0,23
0,9,6.0,51,0,14,4,6,89,3,23
0,9,6.0,51,0,18,4,9,49,4,23
0,5,1.0,109,0,20,4,8,9,3,7
1,4,1.0,144,6,9,4,2,40,4,7
1,4,1.0,144,6,12,4,8,118,3,7
1,4,1.0,144,6,14,4,1,59,4,7
1,4,1.0,144,6,23,4,1,16,2,7
1,4,1.0,144,6,12,4,2,2,3,7
1,4,1.0,144,6,20,4,6,7,3,7
1,4,1.0,144,6,11,4,12,84,3,7
1,4,1.0,144,6,13,4,4,79,4,7
1,4,1.0,144,6,13,4,16,42,3,7
1,4,1.0,144,6,9,4,6,91,4,7
1,4,3.0,279,0,22,4,1,67,3,27
1,4,3.0,279,0,1,4,14,25,4,27
1,4,3.0,279,0,18,4,16,74,3,27
1,4,3.0,279,0,14,4,4,103,3,27
1,4,3.0,279,0,6,4,6,7,0,27
1,4,3.0,279,0,18,4,14,88,4,27
1,4,3.0,279,0,6,4,16,50,3,27
1,4,3.0,279,0,18,4,6,7,3,27
1,4,3.0,279,0,20,4,16,113,3,27
1,4,3.0,279,0,8,4,14,25,3,27
1,4,3.0,279,0,14,4,6,89,1,27
1,4,17.0,19,0,12,4,16,37,3,6
1,4,13.0,221,4,14,4,0,15,3,25
1,4,13.0,221,4,17,4,6,73,3,25
1,4,13.0,221,4,17,4,13,99,4,25
1,4,13.0,221,4,16,4,0,24,3,25
1,4,13.0,221,4,14,4,6,7,0,25
1,4,15.0,132,6,1,4,16,72,3,1
1,4,15.0,132,6,23,4,3,76,4,1
1,4,15.0,132,6,8,4,12,56,3,1
1,4,15.0,132,6,22,4,6,132,3,1
1,4,15.0,132,6,22,4,2,69,3,1
1,4,15.0,132,6,2,4,4,45,3,1
1,4,15.0,132,6,23,4,13,28,3,1
1,4,15.0,132,6,22,4,11,10,3,1
1,4,15.0,132,6,10,4,13,48,2,1
1,4,15.0,132,6,18,4,8,41,3,1
1,4,15.0,132,6,1,4,0,64,3,1
1,4,22.0,152,6,9,4,1,35,4,26
1,4,22.0,152,6,8,4,10,47,3,26
1,4,22.0,152,6,2,4,1,67,3,26
1,4,22.0,152,6,22,4,5,6,3,26
1,4,22.0,152,6,6,4,1,16,4,26
1,4,17.0,19,0,8,4,11,124,3,6
1,4,17.0,19,0,4,4,12,84,3,6
1,4,17.0,19,0,20,4,3,76,2,6
1,4,17.0,19,0,3,4,9,57,3,6
1,4,17.0,19,0,18,4,6,7,3,6
1,4,17.0,19,0,22,4,0,26,3,6
1,4,17.0,19,0,9,4,11,55,4,6
1,4,17.0,19,0,20,4,9,57,3,6
1,4,17.0,19,0,18,4,9,63,4,6
1,4,17.0,19,0,17,4,14,106,4,6
1,4,27.0,274,4,19,4,0,26,3,15
1,4,27.0,274,4,8,4,8,33,3,15
1,4,27.0,274,4,2,4,8,118,3,15
1,4,24.0,27,0,12,4,16,37,3,14
0,7,2.0,160,4,19,4,15,96,4,22
0,11,7.0,253,6,14,4,12,84,3,11
0,11,6.0,252,5,13,4,6,7,3,23
1,2,14.0,231,0,23,4,12,17,3,5
0,9,22.0,92,2,19,4,15,119,3,26
1,2,14.0,231,0,19,4,6,7,3,5
1,0,16.0,11,5,15,4,7,111,3,2
1,2,14.0,231,0,20,4,1,105,3,5
1,0,16.0,11,5,10,4,12,56,4,2
1,2,14.0,231,0,1,4,9,109,4,5
1,0,16.0,11,5,2,4,15,119,3,2
1,2,14.0,231,0,15,4,2,35,3,5
1,2,14.0,231,0,19,4,8,41,3,5
1,2,14.0,231,0,8,4,15,85,3,5
1,2,14.0,231,0,7,4,6,7,0,5
1,2,14.0,231,0,1,4,6,7,3,5
1,6,7.0,169,1,18,4,6,7,3,11
1,2,14.0,231,0,18,4,13,28,3,5
0,7,23.0,202,4,6,4,13,13,4,17
1,4,2.0,141,3,14,4,16,130,3,22
1,4,2.0,141,3,11,4,10,47,3,22
1,4,4.0,178,1,22,4,3,30,3,30
1,4,4.0,178,1,23,4,6,7,3,30
1,4,4.0,178,1,1,4,1,105,4,30
1,4,4.0,178,1,9,4,8,118,3,30
1,4,4.0,178,1,5,4,6,89,3,30
1,4,4.0,178,1,1,4,14,25,2,30
0,7,3.0,269,5,17,4,12,80,3,27
0,7,10.0,329,5,19,4,12,104,4,4
0,7,10.0,329,5,4,4,8,27,3,4
1,4,4.0,178,1,19,4,8,27,1,30
0,7,10.0,329,5,4,4,3,44,3,4
0,7,10.0,329,5,12,4,0,15,4,4
0,7,10.0,329,5,23,4,6,91,4,4
0,7,10.0,329,5,17,4,12,61,3,4
0,7,19.0,330,3,15,4,2,35,3,10
0,7,19.0,330,3,13,4,14,125,3,10
0,7,19.0,330,3,20,4,12,17,0,10
0,7,19.0,330,3,9,4,16,42,4,10
0,7,19.0,330,3,20,4,16,113,3,10
1,2,14.0,231,0,18,4,1,11,0,5
0,7,23.0,202,4,8,4,9,54,3,17
1,2,14.0,231,0,14,4,9,10,4,5
1,2,14.0,231,0,22,4,6,7,3,5
1,2,14.0,231,0,18,4,0,68,3,5
1,2,14.0,231,0,2,4,0,26,3,5
1,2,22.0,209,1,3,4,8,118,1,26
1,2,22.0,209,1,12,4,2,92,3,26
1,2,22.0,209,1,14,4,1,35,4,26
1,10,7.0,243,4,17,4,4,121,3,11
1,2,22.0,209,1,9,4,16,139,4,26
0,7,24.0,68,5,16,4,16,50,3,14
1,2,22.0,209,1,12,4,11,133,4,26
1,2,25.0,233,5,4,4,6,89,3,13
1,2,25.0,233,5,6,4,16,50,3,13
1,2,30.0,131,2,18,4,11,8,4,19
1,2,30.0,131,2,4,4,9,95,4,19
1,2,30.0,131,2,0,4,16,50,3,19
1,2,30.0,131,2,2,4,2,2,3,19
1,2,30.0,131,2,1,4,12,61,4,19
1,2,30.0,131,2,13,4,8,41,3,19
1,1,25.0,65,4,18,4,11,124,3,13
1,1,25.0,65,4,1,4,9,63,4,13
1,1,25.0,65,4,8,4,13,38,0,13
1,1,25.0,65,4,17,4,9,93,4,13
1,1,27.0,262,6,18,4,13,48,3,15
1,1,27.0,262,6,1,4,6,91,4,15
1,1,27.0,262,6,4,4,16,37,3,15
1,1,27.0,262,6,14,4,12,121,1,15
1,1,27.0,262,6,20,4,9,95,3,15
1,1,27.0,262,6,1,4,14,131,3,15
1,1,27.0,262,6,1,4,16,139,4,15
1,1,27.0,262,6,3,4,1,67,3,15
1,1,27.0,262,6,14,4,6,73,0,15
1,0,16.0,11,5,9,4,9,95,3,2
1,2,16.0,220,2,14,4,11,55,4,2
1,2,16.0,220,2,18,4,12,100,4,2
1,2,16.0,220,2,22,4,8,118,3,2
0,7,6.0,93,0,18,4,2,2,3,23
0,7,8.0,94,2,9,4,3,115,3,8
0,7,8.0,94,2,1,4,9,95,4,8
0,7,8.0,94,2,22,4,7,57,4,8
0,7,8.0,94,2,9,4,16,130,4,8
0,7,8.0,94,2,19,4,6,132,3,8
1,2,8.0,258,1,18,4,9,93,3,8
1,2,8.0,258,1,19,4,14,106,3,8
1,2,8.0,258,1,13,4,6,7,0,8
1,2,8.0,258,1,12,4,14,25,3,8
0,7,16.0,40,4,17,4,2,2,3,2
0,7,2.0,160,4,9,4,15,112,4,22
0,7,2.0,160,4,19,4,16,74,4,22
0,7,2.0,160,4,1,4,9,54,4,22
0,7,2.0,160,4,13,4,4,82,3,22
0,7,4.0,186,6,11,4,9,95,3,30
0,7,4.0,186,6,9,4,5,0,3,30
0,7,4.0,186,6,20,4,8,33,3,30
0,7,4.0,186,6,1,4,7,111,4,30
0,7,4.0,186,6,16,4,16,37,4,30
0,7,11.0,197,6,1,4,7,31,3,9
0,7,11.0,197,6,17,4,12,80,4,9
1,2,28.0,257,0,5,4,8,65,3,18
1,2,28.0,257,0,4,4,16,50,3,18
1,0,2.0,47,5,1,4,9,10,4,22
0,7,11.0,197,6,23,4,1,35,4,9
1,0,2.0,47,5,7,4,16,50,4,22
1,0,2.0,47,5,11,4,7,108,3,22
1,0,2.0,47,5,1,4,16,50,3,22
0,7,11.0,197,6,4,4,7,120,3,9
0,7,12.0,181,3,19,4,7,54,3,28
1,0,2.0,47,5,22,4,6,7,2,22
0,7,12.0,181,3,1,4,16,113,3,28
1,0,2.0,47,5,22,4,8,9,3,22
1,0,2.0,47,5,15,4,8,19,0,22
1,0,12.0,113,0,14,4,9,63,3,28
1,0,12.0,113,0,13,4,15,119,3,28
1,0,12.0,113,0,22,4,12,17,3,28
0,7,13.0,238,0,10,4,14,131,2,25
0,7,13.0,238,0,14,4,2,86,0,25
1,0,12.0,113,0,11,4,6,7,0,28
1,0,20.0,172,1,6,4,6,7,3,29
1,0,20.0,172,1,1,4,6,7,3,29
1,0,20.0,172,1,16,4,2,86,3,29
0,7,13.0,238,0,11,4,1,105,4,25
1,0,20.0,172,1,9,4,15,39,3,29
0,7,18.0,154,6,4,4,8,19,3,0
1,0,20.0,172,1,19,4,6,7,3,29
0,7,18.0,154,6,2,4,12,17,3,0
1,0,20.0,172,1,0,4,8,41,3,29
1,0,20.0,172,1,1,4,2,92,3,29
1,0,20.0,172,1,13,4,4,121,3,29
1,0,20.0,172,1,8,4,16,37,3,29
0,7,28.0,34,1,14,4,15,114,3,18
1,0,20.0,172,1,17,4,9,54,3,29
1,0,20.0,172,1,17,4,15,108,1,29
1,5,20.0,214,5,13,4,8,33,4,29
1,10,5.0,336,1,13,4,9,87,3,24
0,9,13.0,91,0,4,0,15,108,1,25
0,1,1.0,203,1,5,0,1,35,4,7
0,9,14.0,106,1,6,0,12,80,3,5
0,1,1.0,203,1,22,0,9,49,4,7
0,10,24.0,261,0,0,0,13,38,2,14
0,11,17.0,110,1,0,0,1,1,3,6
1,0,29.0,191,4,4,2,4,79,0,16
0,9,13.0,91,0,5,1,4,82,1,25
0,9,14.0,106,1,6,1,0,85,0,5
0,9,16.0,107,4,16,1,16,74,0,2
0,9,22.0,92,2,1,0,1,59,1,26
0,7,6.0,93,0,16,0,10,47,0,23
0,7,6.0,93,0,3,0,7,78,1,23
0,7,6.0,93,0,12,0,4,75,3,23
0,7,8.0,94,2,23,0,14,25,0,8
0,7,8.0,94,2,13,0,15,114,2,8
0,6,25.0,39,3,13,0,9,102,2,13
0,7,8.0,94,2,1,0,1,11,4,8
0,3,13.0,210,4,12,1,3,30,4,25
0,10,2.0,358,3,13,1,2,123,4,22
0,10,16.0,201,3,21,1,15,31,0,2
0,10,16.0,201,3,13,1,1,16,4,2
0,10,18.0,246,1,11,1,13,48,1,0
0,10,18.0,246,1,18,0,10,22,3,0
0,10,18.0,246,1,18,0,9,49,1,0
0,10,23.0,247,3,13,0,5,12,3,17
0,10,25.0,56,1,0,2,0,85,3,13
0,1,7.0,32,0,12,1,5,6,0,11
0,1,23.0,69,2,12,0,6,89,1,17
0,10,25.0,56,1,10,1,3,103,0,13
0,10,25.0,56,1,7,1,13,29,0,13
0,10,25.0,56,1,13,0,8,65,2,13
0,1,2.0,171,2,17,1,9,93,4,22
0,1,2.0,171,2,5,2,15,31,0,22
0,1,2.0,171,2,1,0,9,87,2,22
0,8,2.0,77,6,7,0,0,53,4,22
0,8,2.0,77,6,20,0,12,56,4,22
0,8,2.0,77,6,8,1,15,114,1,22
0,8,8.0,76,5,2,1,2,123,1,8
0,8,8.0,76,5,4,0,9,63,3,8
0,8,8.0,76,5,1,0,7,62,4,8
0,8,19.0,280,1,12,1,7,137,4,10
0,8,19.0,280,1,16,0,0,77,3,10
0,1,9.0,50,2,22,0,9,54,2,12
0,1,9.0,50,2,17,1,6,132,0,12
0,1,9.0,50,2,8,0,8,9,1,12
0,1,9.0,50,2,19,0,13,36,3,12
0,1,9.0,50,2,19,2,6,7,0,12
0,1,1.0,203,1,13,1,16,50,1,7
0,1,10.0,17,4,16,0,10,22,3,4
0,1,10.0,17,4,14,0,2,69,0,4
0,1,15.0,1,1,17,0,11,18,1,1
0,1,15.0,1,1,6,0,0,31,0,1
0,1,15.0,1,1,0,0,0,12,3,1
0,1,15.0,1,1,0,0,12,84,3,1
0,1,7.0,32,0,23,1,2,2,1,11
0,1,9.0,50,2,0,1,10,22,1,12
0,1,9.0,50,2,22,1,9,54,1,12
0,1,10.0,17,4,16,0,4,103,1,4
0,1,10.0,17,4,11,0,5,6,3,4
0,1,10.0,17,4,23,1,10,47,0,4
0,1,10.0,17,4,19,0,1,16,4,4
0,1,15.0,1,1,18,2,14,70,1,1
0,1,16.0,2,2,7,0,1,16,4,2
0,1,5.0,219,6,22,1,8,41,1,24
0,1,6.0,97,3,15,1,5,12,0,23
0,1,6.0,97,3,18,0,13,38,2,23
0,1,16.0,2,2,6,1,14,34,0,2
0,1,16.0,2,2,22,0,10,47,0,2
0,3,8.0,148,6,15,0,8,41,2,8
0,1,16.0,2,2,1,0,9,57,3,2
0,1,23.0,69,2,3,0,8,118,1,17
0,1,23.0,69,2,15,0,1,16,4,17
0,1,23.0,69,2,4,0,16,74,3,17
0,1,23.0,69,2,4,0,0,68,3,17
0,8,7.0,70,4,8,0,2,86,2,11
0,8,7.0,70,4,1,2,5,12,3,11
0,8,10.0,71,3,2,0,7,120,3,4
0,1,7.0,32,0,6,0,2,60,3,11
0,1,9.0,50,2,6,0,10,52,1,12
0,1,9.0,50,2,8,0,13,29,0,12
0,1,9.0,50,2,2,1,5,12,0,12
0,1,7.0,32,0,1,1,10,22,1,11
1,2,28.0,257,0,1,2,6,7,3,18
1,2,28.0,257,0,4,0,2,123,1,18
1,0,12.0,113,0,13,0,14,25,0,28
1,0,12.0,113,0,1,0,14,25,1,28
0,9,12.0,177,3,8,0,15,51,2,28
1,0,20.0,172,1,12,0,1,11,4,29
1,0,26.0,14,0,6,0,13,28,0,3
1,0,26.0,14,0,3,1,2,86,4,3
1,0,27.0,23,1,3,0,6,91,1,15
1,0,29.0,191,4,11,0,5,6,0,16
0,7,16.0,40,4,20,1,10,23,0,2
0,7,24.0,68,5,6,1,14,131,4,14
1,4,25.0,20,1,10,1,9,27,0,13
0,11,17.0,110,1,1,2,2,86,0,6
0,3,22.0,166,6,11,0,7,62,0,26
0,6,24.0,31,6,21,1,8,9,4,14
0,10,24.0,261,0,6,0,0,12,0,14
0,7,15.0,205,2,3,1,11,98,0,1
1,0,29.0,191,4,14,0,2,69,4,16
1,4,25.0,20,1,4,0,13,13,1,13
0,1,1.0,203,1,6,1,16,139,4,7
0,11,21.0,192,6,14,2,2,86,1,21
0,10,17.0,256,0,16,0,5,6,3,6
0,3,22.0,166,6,15,0,14,24,2,26
0,10,24.0,261,0,20,1,6,116,4,14
0,11,9.0,311,0,23,0,14,24,4,12
1,4,25.0,20,1,4,2,2,86,3,13
0,7,23.0,202,4,18,0,10,52,0,17
0,1,7.0,32,0,6,1,14,97,4,11
0,10,17.0,256,0,0,0,5,12,3,6
0,6,9.0,236,5,2,0,0,15,2,12
0,10,17.0,256,0,11,0,2,71,2,6
0,10,17.0,256,0,4,0,8,41,3,6
0,10,17.0,256,0,18,1,14,24,0,6
0,10,24.0,261,0,0,0,14,25,3,14
0,10,24.0,261,0,12,2,13,36,1,14
0,1,1.0,203,1,0,1,8,19,0,7
0,1,1.0,203,1,9,1,9,10,4,7
0,1,7.0,32,0,13,0,5,64,3,11
0,1,7.0,32,0,13,2,0,53,3,11
0,1,7.0,32,0,8,0,10,47,2,11
0,1,9.0,50,2,5,1,13,99,4,12
0,1,9.0,50,2,15,0,8,118,4,12
0,1,9.0,50,2,22,0,13,99,1,12
0,9,11.0,52,6,18,3,6,7,0,9
1,5,8.0,199,3,17,0,5,6,1,8
1,4,11.0,121,1,2,3,9,101,4,9
0,3,1.0,180,6,10,0,2,86,4,7
0,6,13.0,317,1,9,0,8,41,1,25
0,5,18.0,195,4,17,0,0,26,1,0
0,9,2.0,323,4,17,0,14,106,1,22
0,10,1.0,208,6,15,0,12,58,4,7
0,10,6.0,242,4,16,1,8,33,0,23
0,10,6.0,242,4,15,0,3,115,4,23
0,10,6.0,242,4,22,3,3,30,4,23
0,10,6.0,242,4,11,0,0,26,2,23
0,10,6.0,242,4,1,0,4,82,3,23
0,10,6.0,242,4,12,1,14,88,4,23
1,0,15.0,190,4,23,1,14,24,1,1
1,0,5.0,122,0,22,1,5,12,0,24
1,8,30.0,103,5,14,0,1,35,4,19
0,5,31.0,196,2,9,1,6,128,4,20
0,10,8.0,213,6,19,0,5,47,2,8
1,2,15.0,130,1,17,0,13,99,1,1
0,11,30.0,170,0,13,0,9,58,3,19
0,11,30.0,170,0,17,0,8,9,1,19
0,10,23.0,247,3,9,1,1,16,0,17
0,11,16.0,225,0,18,2,1,11,3,2
0,11,16.0,225,0,3,0,16,113,2,2
0,9,17.0,255,5,12,0,2,2,1,6
0,7,16.0,40,4,22,1,9,93,4,2
0,7,17.0,95,5,17,1,13,99,0,6
0,7,17.0,95,5,10,1,8,9,1,6
0,11,31.0,227,1,18,0,5,12,1,20
0,9,5.0,89,3,9,0,4,82,3,24
0,9,8.0,90,2,11,0,10,47,2,8
0,9,8.0,90,2,13,1,3,30,4,8
0,9,8.0,90,2,19,2,1,1,1,8
0,9,13.0,91,0,19,0,0,26,2,25
0,9,13.0,91,0,9,0,10,52,0,25
0,9,13.0,91,0,9,1,0,12,0,25
0,10,15.0,60,6,3,3,14,88,0,1
0,9,14.0,106,1,6,1,0,53,0,5
0,9,16.0,107,4,23,0,12,84,1,2
0,9,13.0,91,0,13,1,8,27,1,25
0,9,22.0,92,2,20,0,9,87,1,26
0,7,6.0,93,0,0,0,0,31,1,23
0,7,6.0,93,0,11,0,10,23,2,23
0,7,6.0,93,0,20,2,2,86,1,23
1,10,28.0,216,4,14,1,3,76,4,18
1,1,12.0,353,5,14,3,1,105,0,28
1,6,10.0,149,5,14,0,2,13,1,4
0,11,17.0,110,1,2,1,14,25,0,6
0,11,21.0,192,6,14,2,13,28,0,21
0,7,13.0,238,0,17,0,2,2,1,25
0,7,13.0,238,0,2,1,11,133,0,25
1,0,12.0,113,0,4,0,1,59,1,28
1,0,20.0,172,1,2,1,11,55,4,29
1,0,20.0,172,1,12,2,14,34,3,29
1,0,27.0,23,1,17,0,13,121,3,15
1,0,26.0,14,0,19,1,9,57,0,3
1,0,27.0,23,1,13,0,11,0,3,15
1,2,26.0,3,6,13,1,12,56,1,3
1,0,29.0,191,4,17,0,10,47,2,16
1,2,28.0,257,0,6,0,5,64,3,18
1,2,28.0,257,0,10,0,16,113,1,18
1,2,28.0,257,0,19,0,12,100,4,18
0,7,6.0,93,0,18,0,2,123,1,23
0,7,8.0,94,2,10,0,7,57,1,8
0,7,8.0,94,2,8,0,9,101,1,8
0,7,8.0,94,2,18,0,2,40,1,8
0,11,9.0,311,0,3,0,4,75,0,12
0,10,24.0,261,0,14,1,9,63,1,14
0,1,7.0,32,0,15,2,5,64,3,11
0,7,13.0,238,0,5,0,0,26,3,25
0,8,7.0,70,4,16,1,5,12,0,11
0,3,3.0,182,0,0,1,0,26,2,27
0,1,10.0,17,4,0,1,1,35,0,4
1,4,25.0,20,1,16,0,0,26,0,13
0,11,9.0,311,0,12,0,0,85,0,12
0,10,24.0,261,0,1,0,13,29,2,14
0,1,7.0,32,0,1,0,16,50,3,11
1,9,27.0,179,3,17,0,2,86,1,15
0,1,15.0,1,1,17,0,8,118,1,1
1,4,30.0,139,3,11,1,1,105,4,19
0,11,9.0,311,0,12,0,7,78,4,12
0,1,1.0,203,1,6,0,2,92,3,7
0,1,9.0,50,2,0,0,0,26,3,12
0,3,22.0,166,6,3,1,14,24,1,26
0,1,15.0,1,1,16,0,13,28,4,1
0,1,15.0,1,1,14,0,8,41,1,1
0,1,16.0,2,2,21,0,6,73,1,2
0,1,16.0,2,2,18,2,10,22,3,2
0,1,23.0,69,2,17,0,4,82,1,17
0,7,5.0,204,3,4,1,12,17,4,24
0,7,23.0,202,4,4,1,7,57,2,17
0,10,17.0,256,0,12,0,5,6,2,6
0,6,15.0,49,4,17,3,11,94,4,1
0,10,24.0,261,0,13,0,2,86,2,14
0,11,7.0,253,6,16,1,3,30,0,11
0,11,8.0,283,3,6,1,9,63,0,8
0,11,8.0,283,3,10,0,13,38,3,8
0,11,8.0,283,3,8,0,15,46,2,8
0,11,8.0,283,3,2,0,9,102,2,8
0,11,8.0,283,3,1,0,2,86,1,8
0,11,23.0,232,0,16,0,9,27,0,17
0,11,23.0,232,0,1,1,14,24,2,17
0,11,24.0,194,1,16,0,0,53,3,14
0,11,23.0,232,0,10,0,13,28,2,17
0,11,24.0,194,1,18,0,13,99,4,14
0,11,31.0,227,1,0,0,13,29,3,20
0,11,31.0,227,1,4,0,11,15,1,20
0,11,31.0,227,1,14,1,12,61,1,20
0,9,5.0,89,3,5,0,2,40,4,24
0,9,5.0,89,3,8,2,11,94,0,24
0,9,5.0,89,3,19,0,15,31,0,24
0,7,21.0,81,1,20,1,16,72,4,21
0,7,21.0,81,1,6,1,11,15,0,21
0,3,1.0,180,6,16,3,6,7,0,7
1,0,1.0,8,4,17,1,2,2,2,7
1,4,9.0,18,3,13,1,13,48,2,12
1,4,21.0,339,5,13,0,10,12,2,21
0,5,5.0,96,5,20,0,12,56,1,24
1,11,1.0,222,6,19,0,2,2,4,7
0,10,18.0,246,1,9,0,15,108,1,0
0,10,18.0,246,1,5,0,16,50,3,0
0,10,18.0,246,1,18,0,16,72,1,0
0,10,23.0,247,3,14,0,8,9,1,17
0,10,23.0,247,3,23,1,8,41,1,17
0,10,23.0,247,3,23,1,16,113,1,17
0,1,27.0,262,3,3,0,6,89,0,15
0,8,2.0,77,6,6,1,8,33,1,22
0,8,8.0,76,5,9,2,1,67,1,8
0,4,8.0,292,3,17,2,9,9,0,8
0,10,8.0,213,6,1,0,16,50,0,8
0,10,9.0,150,3,11,0,10,6,3,12
0,10,9.0,150,3,7,1,2,86,4,12
0,10,10.0,245,0,7,1,15,39,0,4
0,10,7.0,243,5,2,0,1,59,2,11
0,10,16.0,201,3,17,2,12,80,3,2
0,1,23.0,69,2,6,0,0,77,3,17
0,8,7.0,70,4,17,1,14,32,4,11
0,8,7.0,70,4,13,1,2,69,4,11
0,8,7.0,70,4,17,0,2,86,0,11
0,8,7.0,70,4,4,0,5,6,3,11
0,8,10.0,71,3,11,0,2,35,2,4
0,8,7.0,70,4,3,0,14,131,1,11
0,8,10.0,71,3,14,1,8,9,1,4
0,6,1.0,158,4,11,3,13,38,0,7
0,1,1.0,203,1,1,0,8,9,3,7
0,1,1.0,203,1,4,0,0,26,3,7
0,11,22.0,250,3,2,1,9,101,4,26
0,1,7.0,32,0,19,0,8,41,1,11
0,1,7.0,32,0,14,0,8,27,1,11
0,1,9.0,50,2,17,0,10,47,3,12
0,1,9.0,50,2,17,0,4,45,0,12
0,1,9.0,50,2,0,0,8,9,0,12
0,9,5.0,89,3,18,0,1,11,4,24
0,9,8.0,90,2,6,0,4,138,0,8
0,9,8.0,90,2,21,0,1,67,0,8
0,9,8.0,90,2,15,0,6,128,1,8
0,9,8.0,90,2,22,0,12,135,4,8
0,9,13.0,91,0,16,1,3,44,0,25
0,9,8.0,90,2,21,0,3,30,1,8
0,9,8.0,90,2,3,0,5,6,0,8
1,2,7.0,153,0,10,1,6,7,0,11
0,1,1.0,203,1,0,0,10,43,1,7
0,5,6.0,277,6,4,0,2,86,3,23
0,10,5.0,336,2,1,0,10,30,0,24
0,11,9.0,311,0,10,1,13,13,4,12
1,2,8.0,258,1,12,0,8,118,1,8
1,4,6.0,176,4,14,2,13,69,3,23
0,1,1.0,203,1,22,2,10,43,1,7
0,1,9.0,50,2,16,1,9,27,0,12
1,6,28.0,309,1,12,0,13,21,0,18
0,6,14.0,173,2,2,1,0,26,1,5
1,2,16.0,220,2,2,2,10,23,1,2
0,5,6.0,277,6,1,0,3,76,0,23
0,5,16.0,239,1,16,2,10,23,1,2
0,1,9.0,50,2,0,1,11,94,0,12
1,6,28.0,309,1,13,0,7,54,0,18
0,1,6.0,97,3,19,1,0,26,1,23
1,0,16.0,11,5,22,0,12,17,2,2
0,5,6.0,277,6,3,1,15,46,1,23
0,5,16.0,239,1,19,0,13,38,1,2
0,1,9.0,50,2,1,0,15,31,2,12
0,1,9.0,50,2,4,1,3,70,2,12
0,1,10.0,17,4,6,0,3,76,1,4
0,1,9.0,50,2,1,1,14,25,4,12
0,1,10.0,17,4,14,1,11,117,0,4
0,1,15.0,1,1,19,0,14,25,1,1
0,11,22.0,250,3,5,0,14,106,2,26
0,1,15.0,1,1,1,0,3,30,1,1
0,1,16.0,2,2,14,2,13,99,3,2
0,1,15.0,1,1,16,0,8,33,0,1
1,0,2.0,47,5,12,0,6,89,1,22
1,0,12.0,113,0,7,1,0,15,0,28
1,0,12.0,113,0,15,0,6,73,1,28
1,2,28.0,257,0,12,0,8,27,1,18
0,9,3.0,217,5,13,0,9,87,3,27
1,0,20.0,172,1,16,0,7,78,3,29
1,0,20.0,172,1,7,0,5,6,2,29
1,0,20.0,172,1,9,0,8,9,0,29
1,0,26.0,14,0,18,0,15,112,3,3
0,9,8.0,90,2,14,0,2,60,4,8
1,0,26.0,14,0,14,1,5,64,4,3
1,0,26.0,14,0,12,1,16,108,4,3
1,0,27.0,23,1,8,0,5,64,3,15
1,0,27.0,23,1,12,0,16,50,1,15
1,0,26.0,14,0,9,0,9,10,1,3
0,10,1.0,208,6,16,2,16,50,1,7
0,10,1.0,208,6,5,0,6,14,2,7
0,10,1.0,208,6,12,0,13,13,1,7
0,10,6.0,242,4,5,1,14,32,0,23
0,10,8.0,213,6,23,0,7,111,1,8
0,10,8.0,213,6,0,0,11,133,3,8
0,10,9.0,150,3,21,1,11,117,0,12
0,10,9.0,150,3,6,1,4,45,2,12
0,10,9.0,150,3,22,0,6,89,3,12
0,10,9.0,150,3,1,3,16,39,1,12
0,10,9.0,150,3,14,2,2,86,1,12
1,0,14.0,5,2,11,1,10,12,1,5
0,11,13.0,312,5,11,0,11,117,2,25
0,11,16.0,225,0,18,0,15,51,1,2
1,0,24.0,55,6,17,0,15,51,4,14
0,9,17.0,255,5,4,1,9,134,0,6
0,9,17.0,255,5,12,1,0,26,0,6
0,10,8.0,213,6,1,0,16,130,3,8
0,10,9.0,150,3,13,0,15,46,2,12
0,10,16.0,201,3,13,1,13,48,4,2
0,10,16.0,201,3,8,0,8,33,4,2
0,1,15.0,1,1,22,0,1,59,3,1
0,1,16.0,2,2,6,0,2,60,3,2
0,7,24.0,68,5,18,1,14,34,0,14
0,7,23.0,202,4,9,0,0,26,1,17
0,7,24.0,68,5,0,0,10,22,2,14
0,1,16.0,2,2,7,0,15,46,1,2
0,1,16.0,2,2,20,0,10,23,2,2
0,1,16.0,2,2,22,0,10,22,3,2
0,1,16.0,2,2,22,0,13,99,4,2
0,1,23.0,69,2,17,0,9,57,3,17
0,8,7.0,70,4,16,0,10,47,3,11
0,8,7.0,70,4,18,1,9,10,4,11
0,8,10.0,71,3,13,0,2,13,2,4
0,8,10.0,71,3,9,0,2,86,3,4
0,8,15.0,72,5,11,1,6,116,1,1
0,8,15.0,72,5,14,1,13,99,2,1
0,8,16.0,73,6,10,0,10,47,1,2
0,8,16.0,73,6,15,1,2,40,4,2
1,0,27.0,23,1,18,0,9,10,2,15
1,0,29.0,191,4,17,2,10,22,1,16
1,0,29.0,191,4,3,0,6,7,0,16
1,0,29.0,191,4,12,0,9,95,3,16
0,11,9.0,311,0,17,1,6,89,1,12
0,11,10.0,360,1,19,0,8,9,4,4
0,11,11.0,175,2,22,0,15,108,1,9
0,11,10.0,360,1,11,1,7,20,1,4
0,11,12.0,118,4,15,1,11,94,4,28
0,11,17.0,110,1,17,0,5,6,1,6
0,11,17.0,110,1,16,0,4,45,1,6
0,11,17.0,110,1,0,0,12,135,1,6
0,11,17.0,110,1,6,0,8,41,4,6
0,11,17.0,110,1,16,0,15,119,3,6
0,11,17.0,110,1,7,0,0,12,3,6
1,10,3.0,310,3,14,2,10,47,3,27
0,10,5.0,336,2,23,0,6,128,3,24
1,0,16.0,11,5,4,0,11,18,3,2
0,5,9.0,206,1,19,0,13,123,3,12
0,5,14.0,36,3,5,1,5,6,0,5
0,10,15.0,60,6,4,0,14,25,0,1
1,0,16.0,11,5,19,2,8,41,3,2
0,11,6.0,252,5,2,2,4,45,0,23
0,11,6.0,252,5,9,0,1,35,4,23
0,1,9.0,50,2,1,2,1,11,3,12
0,1,10.0,17,4,11,0,5,6,2,4
0,1,10.0,17,4,12,1,4,45,4,4
0,1,10.0,17,4,21,1,9,87,0,4
0,1,10.0,17,4,20,1,13,21,0,4
0,1,10.0,17,4,12,1,15,77,4,4
0,1,10.0,17,4,21,1,9,87,0,4
0,1,9.0,50,2,8,0,11,15,2,12
0,1,15.0,1,1,21,1,10,22,0,1
0,1,15.0,1,1,15,0,13,48,0,1
0,1,16.0,2,2,6,0,14,24,4,2
0,1,16.0,2,2,0,1,3,70,1,2
0,1,16.0,2,2,6,0,8,9,0,2
0,1,16.0,2,2,8,0,16,42,3,2
0,1,16.0,2,2,19,0,4,82,1,2
0,1,16.0,2,2,2,1,9,93,4,2
0,1,16.0,2,2,4,0,4,75,1,2
0,1,16.0,2,2,4,0,10,23,3,2
0,1,15.0,1,1,18,0,6,89,4,1
0,1,16.0,2,2,9,0,1,11,4,2
0,1,23.0,69,2,17,0,15,51,1,17
0,1,23.0,69,2,19,2,14,24,0,17
0,5,30.0,294,1,17,0,0,64,4,19
0,11,2.0,265,0,6,1,0,31,0,22
0,10,1.0,208,6,18,0,10,12,3,7
0,10,1.0,208,6,9,0,16,50,2,7
0,10,6.0,242,4,9,0,5,12,1,23
0,10,6.0,242,4,18,0,11,117,1,23
0,10,7.0,243,5,8,0,14,34,1,11
0,10,7.0,243,5,23,1,12,80,1,11
0,10,8.0,213,6,14,2,9,83,0,8
0,10,9.0,150,3,1,0,0,0,0,12
0,5,8.0,199,0,14,0,12,61,3,8
0,5,31.0,196,2,4,1,4,136,4,20
0,6,23.0,84,5,18,0,10,47,3,17
1,2,23.0,230,2,19,0,11,18,1,17
0,11,15.0,331,3,12,1,12,100,1,1
0,7,7.0,293,1,6,0,5,12,0,11
0,10,1.0,208,6,6,1,9,102,0,7
0,10,1.0,208,6,0,0,4,75,3,7
0,10,1.0,208,6,0,0,5,12,0,7
0,10,1.0,208,6,21,0,7,20,3,7
0,10,1.0,208,6,1,1,3,30,4,7
0,10,1.0,208,6,12,0,6,128,1,7
0,10,6.0,242,4,7,0,5,6,0,23
0,10,6.0,242,4,4,0,8,118,3,23
0,10,7.0,243,5,0,0,5,0,3,11
0,10,6.0,242,4,3,3,9,134,3,23
0,10,7.0,243,5,20,0,7,20,4,11
0,10,7.0,243,5,8,2,5,6,3,11
0,6,23.0,84,5,1,0,9,101,2,17
0,10,8.0,213,6,2,0,1,11,1,8
0,10,7.0,243,5,21,1,7,57,4,11
0,10,7.0,243,5,15,1,2,92,1,11
0,10,6.0,242,4,4,1,14,24,1,23
0,10,8.0,213,6,9,0,8,41,3,8
0,10,9.0,150,3,16,0,13,38,1,12
0,10,9.0,150,3,4,0,16,108,4,12
0,10,9.0,150,3,18,0,8,27,3,12
0,10,10.0,245,0,5,0,8,41,1,4
0,10,7.0,243,5,13,0,14,32,1,11
0,10,18.0,246,1,15,0,4,45,2,0
0,9,26.0,267,3,11,0,11,55,2,3
0,11,20.0,340,5,12,1,9,109,0,29
0,10,2.0,358,3,12,1,14,34,2,22
0,10,3.0,310,0,8,0,15,46,2,27
0,1,12.0,353,6,6,1,16,139,4,28
0,1,22.0,164,1,18,1,9,93,4,26
0,1,23.0,69,2,8,2,8,27,1,17
0,7,29.0,268,2,8,0,9,27,1,16
1,10,3.0,310,3,1,1,4,75,1,27
0,5,1.0,109,0,13,1,1,81,4,7
1,5,1.0,109,3,17,0,8,9,1,7
1,1,12.0,353,5,18,0,0,12,1,28
0,9,20.0,119,0,2,0,8,9,4,29
0,9,20.0,119,0,14,0,9,134,2,29
0,7,11.0,197,6,3,0,1,16,3,9
1,8,10.0,71,6,20,1,5,6,0,4
1,0,27.0,23,1,1,0,5,12,3,15
1,0,27.0,23,1,9,2,16,39,0,15
1,0,27.0,23,1,5,1,6,7,4,15
0,11,9.0,311,0,15,0,1,105,0,12
0,11,9.0,311,0,8,0,8,9,3,12
0,11,9.0,311,0,4,0,10,22,1,12
0,11,9.0,311,0,19,1,9,93,4,12
0,11,10.0,360,1,1,0,8,9,1,4
0,11,10.0,360,1,18,0,4,4,1,4
0,11,10.0,360,1,3,0,7,31,3,4
0,1,15.0,1,1,8,0,13,48,4,1
0,1,15.0,1,1,8,0,9,54,1,1
0,1,15.0,1,1,4,0,14,25,4,1
0,1,15.0,1,1,12,0,10,47,3,1
0,1,15.0,1,1,3,1,2,69,4,1
0,1,16.0,2,2,12,2,3,4,0,2
0,1,16.0,2,2,1,1,1,11,0,2
0,1,16.0,2,2,9,0,13,123,3,2
1,6,21.0,193,1,17,0,4,79,0,21
0,1,1.0,203,1,18,0,6,88,3,7
0,1,23.0,69,2,23,1,3,79,1,17
0,1,1.0,203,1,17,0,8,65,1,7
0,1,23.0,69,2,1,0,12,84,1,17
0,1,1.0,203,1,5,1,10,12,0,7
0,8,7.0,70,4,6,0,0,64,3,11
0,10,24.0,261,0,22,0,4,75,1,14
0,10,24.0,261,0,11,0,0,15,1,14
0,11,11.0,175,2,14,2,9,93,3,9
0,11,12.0,118,4,7,1,14,25,0,28
0,11,12.0,118,4,5,0,0,77,3,28
0,11,12.0,118,4,2,2,1,1,0,28
1,2,11.0,297,5,4,0,13,21,0,9
1,2,18.0,7,5,13,0,9,63,2,0
1,2,18.0,7,5,5,1,13,99,4,0
1,2,18.0,7,5,23,1,2,86,1,0
1,2,18.0,7,5,17,2,12,56,3,0
1,2,20.0,264,3,3,3,6,7,0,29
1,2,21.0,108,0,6,1,11,15,0,21
1,2,21.0,108,0,7,0,2,40,3,21
1,6,1.0,158,2,5,0,13,28,1,7
1,2,26.0,3,6,10,0,4,75,1,3
1,2,26.0,3,6,20,1,12,61,1,3
1,2,26.0,3,6,5,1,12,61,1,3
1,2,28.0,257,0,17,0,5,12,3,18
1,2,28.0,257,0,13,3,9,57,3,18
1,2,28.0,257,0,1,0,11,133,2,18
1,0,2.0,47,5,3,0,12,61,3,22
1,0,2.0,47,5,13,2,6,89,3,22
0,8,26.0,278,1,16,0,5,64,0,3
0,8,26.0,278,1,16,0,11,98,4,3
0,8,26.0,278,1,23,0,13,21,1,3
0,8,26.0,278,1,13,0,11,94,3,3
0,8,26.0,278,1,8,0,5,12,3,3
0,4,8.0,292,3,22,0,10,22,1,8
0,4,8.0,292,3,2,0,9,27,0,8
0,4,8.0,292,3,19,0,5,6,2,8
0,4,27.0,274,5,5,0,4,82,1,15
0,2,1.0,16,2,16,0,8,19,3,7
0,2,1.0,16,2,5,0,12,135,2,7
0,2,1.0,16,2,8,0,1,1,1,7
0,2,8.0,258,2,20,2,16,50,1,8
0,2,8.0,258,2,2,0,8,41,4,8
0,2,8.0,258,2,14,0,16,130,4,8
0,2,8.0,258,2,9,0,0,15,0,8
0,2,8.0,258,2,13,0,10,43,3,8
0,2,11.0,297,6,20,1,2,60,4,9
0,6,23.0,84,5,9,0,8,27,1,17
0,5,6.0,277,6,13,1,8,33,4,23
0,6,10.0,149,6,13,0,10,12,2,4
0,9,5.0,89,3,6,1,5,12,0,24
0,5,1.0,109,0,3,0,14,25,0,7
0,5,9.0,206,1,19,0,2,92,1,12
0,5,9.0,206,1,1,0,13,99,1,12
0,5,9.0,206,1,9,0,11,18,1,12
0,5,16.0,239,1,6,0,4,82,3,2
0,5,16.0,239,1,13,0,2,2,4,2
0,5,16.0,239,1,5,0,2,40,1,2
0,11,23.0,232,0,22,0,0,68,0,17
0,11,23.0,232,0,8,2,3,76,2,17
0,11,23.0,232,0,16,1,14,107,1,17
0,11,24.0,194,1,21,0,16,37,4,14
0,11,24.0,194,1,14,1,9,49,4,14
0,11,24.0,194,1,19,3,2,86,3,14
0,11,24.0,194,1,22,0,16,72,1,14
0,11,24.0,194,1,1,1,6,7,0,14
0,11,25.0,88,2,12,0,1,11,4,13
0,11,31.0,227,1,17,0,15,114,1,20
0,11,31.0,227,1,5,0,10,22,1,20
0,11,31.0,227,1,11,0,12,80,2,20
0,9,5.0,89,3,4,1,3,70,1,24
0,9,5.0,89,3,11,1,11,98,4,24
0,9,8.0,90,2,22,0,0,64,3,8
0,9,13.0,91,0,15,0,5,6,0,25
1,2,16.0,220,2,19,0,11,124,1,2
1,4,24.0,27,0,8,1,14,106,4,14
0,5,23.0,168,1,7,1,2,40,0,17
0,5,23.0,168,1,12,1,13,99,4,17
0,6,1.0,158,4,14,0,16,139,4,7
0,6,7.0,169,2,5,0,14,24,2,11
0,6,7.0,169,2,9,0,6,89,2,11
0,6,7.0,169,2,1,0,4,121,4,11
0,6,7.0,169,2,4,0,13,28,4,11
0,6,7.0,169,2,19,0,10,30,3,11
0,6,7.0,169,2,9,0,9,87,1,11
0,6,9.0,236,5,20,0,12,80,3,12
0,6,9.0,236,5,19,0,16,139,1,12
0,6,9.0,236,5,9,0,9,54,4,12
0,6,24.0,31,6,22,0,10,47,3,14
0,1,8.0,62,1,9,1,9,10,4,8
0,6,24.0,31,6,8,0,8,27,3,14
0,6,9.0,236,5,19,0,5,6,3,12
0,6,9.0,236,5,15,1,3,70,4,12
0,6,9.0,236,5,22,3,1,67,4,12
0,6,15.0,49,4,10,1,6,91,1,1
0,6,15.0,49,4,9,0,12,135,4,1
0,6,15.0,49,4,9,1,12,61,1,1
0,6,15.0,49,4,13,1,0,53,4,1
0,6,24.0,31,6,16,0,14,24,3,14
1,2,16.0,220,2,21,2,0,0,3,2
1,0,16.0,11,5,21,1,11,55,4,2
1,0,16.0,11,5,13,0,2,86,3,2
1,0,16.0,11,5,22,0,4,136,4,2
0,11,7.0,253,6,6,0,11,117,1,11
0,11,8.0,283,3,0,0,0,0,0,8
0,11,8.0,283,3,17,1,9,87,0,8
0,11,8.0,283,3,9,0,3,79,1,8
0,11,14.0,147,6,13,1,9,58,4,5
0,11,14.0,147,6,4,2,2,71,3,5
0,11,14.0,147,6,19,2,1,1,3,5
0,11,23.0,232,0,9,2,6,91,3,17
0,11,24.0,194,1,21,0,4,75,4,14
0,11,23.0,232,0,19,1,1,1,4,17
0,11,24.0,194,1,19,0,8,33,1,14
0,11,25.0,88,2,5,1,6,7,0,13
0,11,25.0,88,2,5,0,13,28,2,13
0,11,31.0,227,1,0,1,7,8,0,20
0,11,31.0,227,1,3,0,10,22,3,20
0,6,24.0,31,6,21,1,8,9,4,14
0,6,24.0,31,6,15,0,15,51,0,14
0,6,24.0,31,6,11,0,16,108,4,14
0,6,24.0,31,6,1,0,9,57,0,14
0,6,24.0,31,6,8,0,1,35,2,14
0,6,1.0,158,4,4,1,0,26,0,7
0,10,17.0,256,0,20,0,10,22,3,6
0,10,17.0,256,0,11,0,9,57,3,6
0,10,17.0,256,0,3,0,10,47,3,6
0,10,17.0,256,0,2,0,1,84,0,6
0,9,8.0,90,2,6,0,5,12,0,8
0,7,16.0,40,4,0,2,8,118,3,2
0,10,15.0,60,6,20,0,12,80,2,1
0,7,16.0,40,4,20,1,9,49,1,2
0,9,8.0,90,2,16,0,6,7,1,8
0,7,16.0,40,4,1,0,13,48,3,2
0,7,17.0,95,5,16,1,5,6,1,6
0,7,16.0,40,4,14,1,9,134,4,2
0,7,17.0,95,5,19,0,8,118,4,6
0,7,25.0,41,6,19,0,13,99,1,13
0,7,25.0,41,6,18,0,9,57,2,13
0,7,30.0,42,4,2,0,10,22,1,19
0,7,30.0,42,4,8,1,9,87,4,19
0,7,31.0,43,5,20,0,5,6,3,20
0,7,31.0,43,5,4,0,6,89,3,20
0,7,31.0,43,5,18,0,5,12,1,20
0,7,30.0,42,4,11,1,9,93,4,19
0,7,30.0,42,4,12,1,14,88,4,19
0,3,9.0,44,3,0,2,16,39,3,12
0,9,14.0,106,1,16,0,13,29,3,5
0,9,14.0,106,1,22,0,13,36,0,5
0,9,16.0,107,4,16,2,4,82,3,2
1,4,25.0,20,1,17,0,13,28,0,13
0,9,16.0,107,4,8,0,13,28,4,2
0,9,16.0,107,4,18,0,5,6,0,2
0,11,23.0,232,0,9,0,9,87,0,17
0,8,16.0,73,6,1,0,6,89,1,2
0,8,16.0,73,6,8,1,0,15,1,2
0,8,16.0,73,6,20,1,5,6,0,2
0,8,16.0,73,6,18,0,9,95,4,2
0,8,17.0,74,3,1,0,13,123,2,6
0,8,16.0,73,6,18,2,2,86,0,2
0,8,17.0,74,3,18,0,0,12,0,6
0,1,1.0,203,1,14,1,2,92,1,7
0,1,1.0,203,1,19,0,16,50,3,7
0,8,18.0,75,0,20,0,15,119,2,0
0,8,18.0,75,0,11,0,12,61,1,0
0,8,17.0,74,3,15,0,13,48,0,6
0,8,16.0,73,6,19,0,9,102,3,2
0,8,18.0,75,0,8,2,1,35,3,0
0,8,24.0,85,3,0,0,15,46,3,14
0,8,24.0,85,3,10,0,14,24,1,14
0,8,24.0,85,3,3,0,10,22,2,14
0,8,24.0,85,3,22,0,15,108,3,14
0,8,24.0,85,3,8,0,6,7,0,14
0,10,8.0,213,6,4,0,10,43,3,8
0,10,9.0,150,3,16,0,0,12,3,12
0,10,9.0,150,3,3,0,15,114,1,12
0,10,9.0,150,3,1,0,2,86,1,12
0,10,10.0,245,0,17,2,2,86,0,4
0,10,16.0,201,3,0,1,1,59,0,2
0,10,16.0,201,3,8,0,5,6,3,2
0,10,16.0,201,3,8,0,10,12,3,2
1,10,16.0,201,6,11,0,1,59,4,2
0,10,16.0,201,3,1,0,9,93,1,2
0,6,26.0,348,0,11,0,14,25,1,3
0,10,16.0,201,3,5,1,6,91,4,2
0,10,18.0,246,1,7,0,10,47,3,0
0,9,9.0,320,4,1,1,3,30,0,12
0,9,11.0,52,6,18,0,0,64,3,9
1,0,1.0,8,4,19,0,0,31,4,7
0,4,30.0,139,0,14,1,15,46,1,19
0,3,1.0,180,6,9,2,8,9,0,7
0,8,20.0,319,2,12,0,3,79,4,29
0,2,23.0,230,4,9,0,1,105,4,17
0,8,24.0,85,3,18,2,7,31,3,14
0,8,15.0,72,5,15,0,13,99,2,1
0,8,17.0,74,3,1,0,5,12,3,6
0,4,1.0,144,3,5,0,10,22,0,7
0,8,15.0,72,5,16,0,11,124,2,1
0,8,16.0,73,6,0,0,7,57,2,2
0,8,16.0,73,6,5,0,9,93,1,2
0,8,16.0,73,6,23,1,4,4,4,2
0,8,17.0,74,3,17,2,13,21,3,6
0,5,22.0,163,0,1,0,13,48,1,26
0,9,8.0,90,2,15,2,8,118,3,8
0,9,8.0,90,2,3,0,1,11,4,8
0,9,8.0,90,2,12,1,3,76,4,8
0,9,13.0,91,0,0,0,3,70,1,25
0,9,16.0,107,4,8,1,13,28,4,2
0,9,22.0,92,2,17,0,12,80,3,26
0,7,6.0,93,0,22,2,14,97,0,23
0,7,8.0,94,2,0,0,10,43,1,8
0,7,8.0,94,2,0,0,4,138,3,8
0,7,6.0,93,0,14,0,13,38,0,23
0,7,16.0,40,4,3,0,12,61,3,2
0,5,16.0,239,1,1,0,15,51,3,2
0,5,23.0,168,1,16,0,5,12,3,17
0,6,1.0,158,4,17,0,7,111,4,7
0,6,1.0,158,4,15,2,10,47,1,7
0,6,7.0,169,2,3,0,15,96,0,11
0,6,9.0,236,5,21,1,13,36,0,12
0,6,9.0,236,5,12,2,10,47,0,12
0,6,7.0,169,2,9,1,9,9,4,11
0,6,15.0,49,4,8,0,5,6,3,1
0,6,24.0,31,6,3,0,0,64,1,14
0,6,24.0,31,6,22,0,5,6,2,14
0,6,24.0,31,6,15,0,8,19,3,14
0,11,5.0,240,4,18,0,10,47,1,24
0,11,5.0,240,4,4,0,8,118,1,24
0,9,7.0,271,1,1,1,12,17,4,11
0,6,24.0,31,6,20,1,12,83,4,14
0,10,17.0,256,0,7,0,10,47,3,6
0,10,17.0,256,0,18,0,10,47,2,6
0,10,24.0,261,0,15,2,3,30,0,14
0,6,24.0,31,6,19,0,2,2,2,14
0,6,24.0,31,6,9,0,5,12,3,14
0,10,17.0,256,0,7,0,15,39,3,6
0,10,17.0,256,0,19,0,15,31,1,6
0,10,24.0,261,0,7,0,11,122,4,14
0,10,24.0,261,0,5,0,13,48,1,14
0,11,5.0,240,4,2,1,16,130,0,24
0,11,22.0,250,3,12,0,4,66,2,26
0,10,24.0,261,0,15,0,9,57,0,14
0,10,24.0,261,0,3,0,8,27,3,14
0,1,1.0,203,1,11,1,12,17,4,7
0,1,7.0,32,0,6,0,13,48,3,11
0,1,7.0,32,0,0,0,15,39,1,11
0,1,7.0,32,0,22,0,2,69,3,11
0,1,7.0,32,0,14,2,8,9,0,11
0,1,7.0,32,0,18,0,0,77,1,11
1,1,12.0,353,5,4,1,8,27,2,28
0,9,3.0,217,5,4,0,10,47,0,27
0,9,21.0,362,1,9,2,13,75,3,21
0,7,4.0,186,6,22,0,2,69,0,30
0,9,19.0,234,3,17,3,0,12,2,10
1,0,2.0,47,5,1,0,2,2,4,22
1,4,12.0,134,2,5,0,13,28,1,28
1,0,12.0,113,0,2,0,13,29,0,28
1,0,27.0,23,1,21,0,14,25,2,15
1,0,26.0,14,0,16,0,9,109,1,3
1,0,27.0,23,1,14,1,11,8,4,15
1,0,29.0,191,4,15,0,14,24,2,16
1,0,29.0,191,4,20,0,14,24,2,16
1,0,29.0,191,4,14,2,12,80,3,16
0,11,9.0,311,0,7,1,14,25,0,12
0,11,9.0,311,0,22,0,8,33,2,12
0,11,10.0,360,1,16,1,5,12,0,4
0,11,10.0,360,1,4,0,13,38,1,4
1,0,2.0,47,5,4,0,8,41,1,22
1,0,2.0,47,5,4,0,9,87,4,22
1,0,2.0,47,5,2,0,14,24,1,22
1,0,2.0,47,5,8,1,9,102,4,22
1,0,12.0,113,0,6,1,4,75,4,28
1,0,12.0,113,0,17,0,14,24,4,28
0,1,6.0,97,3,19,0,2,2,4,23
0,1,6.0,97,3,20,1,10,22,2,23
1,4,24.0,27,0,18,1,12,61,0,14
0,5,23.0,168,1,7,1,14,25,0,17
0,5,23.0,168,1,9,0,4,66,1,17
0,6,1.0,158,4,4,0,1,67,4,7
0,6,1.0,158,4,18,1,2,69,4,7
0,6,7.0,169,2,2,2,1,11,0,11
0,6,9.0,236,5,5,0,2,13,0,12
0,6,9.0,236,5,7,1,2,2,4,12
0,6,9.0,236,5,2,0,13,69,4,12
0,6,9.0,236,5,12,0,15,39,2,12
0,6,15.0,49,4,16,1,12,104,0,1
0,6,15.0,49,4,1,1,7,20,1,1
0,6,15.0,49,4,11,1,15,46,1,1
0,6,24.0,31,6,17,1,6,14,0,14
0,6,24.0,31,6,2,0,14,25,0,14
0,6,24.0,31,6,8,0,13,28,3,14
0,6,24.0,31,6,2,0,13,29,3,14
0,6,24.0,31,6,12,0,6,89,3,14
0,10,17.0,256,0,0,1,5,12,0,6
0,10,17.0,256,0,6,1,1,105,0,6
0,10,17.0,256,0,19,0,12,61,1,6
0,10,17.0,256,0,12,0,1,105,3,6
0,1,8.0,62,1,18,0,2,69,2,8
0,9,13.0,91,0,0,1,3,30,2,25
0,9,13.0,91,0,2,0,9,109,4,25
0,9,14.0,106,1,4,0,2,69,4,5
0,9,14.0,106,1,19,3,1,59,1,5
0,9,16.0,107,4,21,1,16,50,0,2
0,9,16.0,107,4,22,1,1,11,1,2
0,9,22.0,92,2,23,0,15,46,4,26
0,9,22.0,92,2,8,0,9,57,0,26
1,4,16.0,25,3,15,0,13,48,3,2
1,4,23.0,30,3,2,2,1,35,3,17
1,4,25.0,20,1,6,1,6,14,0,13
1,4,25.0,20,1,10,1,9,27,0,13
1,4,30.0,139,3,6,1,16,130,4,19
1,4,30.0,139,3,23,0,10,47,2,19
1,2,7.0,153,0,17,0,12,17,1,11
0,10,17.0,256,0,1,1,10,47,0,6
0,10,24.0,261,0,0,0,13,21,3,14
0,10,24.0,261,0,11,1,7,129,4,14
0,10,24.0,261,0,19,0,10,47,2,14
0,10,24.0,261,0,19,0,6,89,4,14
0,10,24.0,261,0,4,0,13,69,4,14
0,1,1.0,203,1,14,0,0,26,3,7
0,1,1.0,203,1,9,0,9,134,2,7
0,11,22.0,250,3,3,1,12,104,4,26
1,7,14.0,125,0,11,3,6,7,0,5
0,11,22.0,250,3,4,2,14,125,0,26
0,11,22.0,250,3,1,0,15,51,1,26
0,11,22.0,250,3,14,0,5,12,3,26
0,11,22.0,250,3,20,1,3,30,4,26
0,9,6.0,51,0,13,1,16,42,4,23
0,9,6.0,51,0,1,1,12,56,0,23
0,9,7.0,271,1,6,0,16,37,1,11
0,9,7.0,271,1,7,1,8,9,0,11
0,7,5.0,204,3,0,0,0,64,0,24
0,7,5.0,204,3,3,1,3,76,4,24
0,7,9.0,273,4,19,0,4,45,0,12
0,5,24.0,58,2,13,1,0,53,2,14
0,6,8.0,59,4,3,0,0,64,2,8
1,2,7.0,153,0,21,1,10,47,0,11
1,2,7.0,153,0,3,1,1,1,2,11
1,2,7.0,153,0,22,1,13,99,4,11
1,2,7.0,153,0,3,1,16,65,4,11
1,2,7.0,153,0,8,0,15,77,3,11
1,2,8.0,258,1,17,1,14,32,0,8
1,2,8.0,258,1,22,2,6,73,1,8
1,2,8.0,258,1,14,1,10,47,1,8
1,2,16.0,220,2,16,0,13,99,4,2
1,2,16.0,220,2,22,1,15,112,1,2
1,2,16.0,220,2,19,2,4,82,3,2
1,0,16.0,11,5,13,0,12,61,2,2
0,11,7.0,253,6,12,2,0,31,3,11
0,11,8.0,283,3,12,0,5,64,0,8
0,11,7.0,253,6,8,0,11,133,0,11
0,11,14.0,147,6,17,0,2,86,1,5
0,11,14.0,147,6,6,0,0,26,1,5
0,11,14.0,147,6,8,0,8,118,2,5
0,7,23.0,202,4,16,0,8,27,3,17
0,7,23.0,202,4,19,0,7,122,3,17
1,2,14.0,231,0,5,0,7,54,4,5
1,2,14.0,231,0,19,0,2,69,0,5
1,8,21.0,46,2,19,1,12,100,4,21
1,2,14.0,231,0,4,0,13,21,0,5
1,2,22.0,209,1,20,0,5,6,3,26
1,0,8.0,9,4,23,3,10,6,0,8
1,2,22.0,209,1,17,1,9,58,2,26
0,7,7.0,293,1,11,1,13,28,0,11
1,2,22.0,209,1,8,0,10,52,1,26
1,0,17.0,12,6,18,2,9,49,3,6
1,2,28.0,257,0,16,0,2,123,1,18
1,2,22.0,209,1,19,0,4,4,1,26
1,2,25.0,233,5,3,0,5,6,3,13
1,2,25.0,233,5,1,2,8,9,1,13
1,2,30.0,131,2,2,0,8,118,0,19
1,0,22.0,241,4,2,0,4,79,3,26
1,0,22.0,241,4,14,0,7,137,3,26
1,0,22.0,241,4,9,0,13,99,3,26
1,0,22.0,241,4,19,1,4,75,4,26
1,0,22.0,241,4,5,1,4,75,4,26
1,0,23.0,237,5,3,0,15,31,1,17
1,0,23.0,237,5,13,3,2,69,3,17
0,11,5.0,240,4,17,0,2,40,1,24
1,1,22.0,164,0,13,1,0,26,2,26
1,8,6.0,87,1,18,0,11,98,3,23
1,0,13.0,198,1,18,2,0,68,3,25
1,0,3.0,334,6,17,1,1,105,0,27
1,2,29.0,140,1,11,3,12,61,1,16
1,0,11.0,10,3,8,0,0,77,2,9
1,0,30.0,228,5,9,0,14,106,4,19
1,8,2.0,77,5,5,0,5,6,2,22
1,8,2.0,77,5,12,1,9,87,0,22
1,4,27.0,274,4,14,1,16,37,4,15
1,6,3.0,99,5,5,0,16,74,2,27
1,6,3.0,99,5,14,0,8,19,1,27
1,6,3.0,99,5,12,1,11,117,0,27
1,6,20.0,215,0,19,1,3,30,0,29
1,6,19.0,291,3,11,0,1,11,1,10
1,10,2.0,358,6,2,2,10,47,3,22
1,2,4.0,254,5,5,1,10,47,0,30
1,2,11.0,297,5,17,0,5,0,2,9
1,2,11.0,297,5,15,0,6,89,2,9
1,2,11.0,297,5,2,0,14,25,3,9
1,2,11.0,297,5,14,2,15,77,3,9
0,11,26.0,364,4,4,0,1,35,1,3
0,9,20.0,119,0,5,0,15,46,2,29
0,9,20.0,119,0,13,1,14,97,4,29
1,2,18.0,7,5,16,1,12,61,4,0
1,2,18.0,7,5,20,0,14,32,3,0
1,2,18.0,7,5,2,1,9,10,4,0
1,2,20.0,264,3,10,0,2,86,1,29
1,2,20.0,264,3,3,1,15,96,1,29
1,2,21.0,108,0,12,0,10,23,0,21
1,4,12.0,134,2,19,0,12,135,2,28
1,4,12.0,134,2,1,1,13,38,0,28
1,4,12.0,134,2,1,0,10,12,3,28
1,4,18.0,26,1,0,1,0,53,1,0
1,6,24.0,31,5,5,1,14,88,4,14
1,6,29.0,335,2,4,0,4,127,1,16
1,10,4.0,356,0,5,0,9,87,3,30
1,10,4.0,356,0,11,0,9,102,4,30
1,10,4.0,356,0,14,2,4,45,2,30
1,10,12.0,333,1,22,0,11,90,1,28
1,10,31.0,135,3,16,0,5,64,3,20
1,2,8.0,258,1,2,0,9,87,0,8
1,10,31.0,135,3,7,1,8,19,0,20
1,10,31.0,135,3,21,1,3,44,4,20
1,10,31.0,135,3,14,0,1,16,4,20
1,1,4.0,286,4,1,0,0,26,3,30
1,1,4.0,286,4,2,0,14,24,3,30
1,1,5.0,219,5,13,1,1,1,4,24
1,6,4.0,159,6,17,0,11,15,4,30
1,6,4.0,159,6,22,0,6,7,4,30
1,6,4.0,159,6,9,0,8,9,1,30
1,6,6.0,83,0,22,0,11,18,1,23
1,6,6.0,83,0,15,1,4,45,4,23
1,6,13.0,317,0,17,0,2,86,1,25
1,6,13.0,317,0,16,1,11,117,0,25
1,6,13.0,317,0,10,1,7,111,1,25
1,6,13.0,317,0,3,0,11,124,3,25
1,6,14.0,173,1,16,0,5,6,0,5
1,6,14.0,173,1,5,0,5,64,1,5
1,6,14.0,173,1,8,2,3,30,3,5
1,6,14.0,173,1,9,0,16,50,3,5
1,6,14.0,173,1,9,1,14,125,4,5
1,6,14.0,173,1,12,0,12,84,3,5
1,6,14.0,173,1,2,1,4,66,1,5
1,6,22.0,185,2,17,2,14,32,3,26
1,6,22.0,185,2,8,0,15,108,0,26
1,6,22.0,185,2,19,0,16,72,1,26
1,6,22.0,185,2,22,1,10,23,1,26
1,6,23.0,84,4,22,0,3,76,2,17
1,6,23.0,84,4,2,0,11,15,3,17
0,11,30.0,170,0,19,0,9,95,1,19
1,4,24.0,27,0,13,1,2,60,4,14
0,3,6.0,303,4,22,2,10,22,1,23
1,0,22.0,241,4,12,1,6,91,4,26
0,7,15.0,205,2,2,0,5,64,2,1
1,2,5.0,127,6,6,1,13,38,0,24
1,0,31.0,290,6,18,0,5,12,3,20
1,1,5.0,219,5,16,0,16,50,1,24
1,0,25.0,281,3,6,0,7,137,1,13
1,5,12.0,327,4,8,0,6,132,2,28
0,7,15.0,205,2,9,0,4,127,2,1
1,2,5.0,127,6,2,0,15,31,0,24
1,1,5.0,219,5,7,2,13,21,1,24
1,0,2.0,47,5,15,0,3,70,1,22
0,11,13.0,312,5,13,0,0,77,0,25
0,5,16.0,239,1,18,0,16,37,1,2
0,7,23.0,202,4,21,0,4,4,1,17
0,3,6.0,303,4,2,0,8,9,0,23
1,0,21.0,287,2,2,1,2,40,4,21
1,0,2.0,47,5,8,2,0,15,3,22
1,7,12.0,181,6,17,0,9,93,1,28
0,9,15.0,226,2,0,0,0,77,1,1
1,8,8.0,76,4,20,0,9,49,2,8
0,7,23.0,202,4,12,0,2,86,1,17
0,7,23.0,202,4,14,0,7,20,2,17
0,3,16.0,263,3,23,1,14,34,2,2
0,7,24.0,68,5,6,0,9,93,1,14
0,7,24.0,68,5,15,0,12,17,2,14
0,7,24.0,68,5,5,0,8,33,1,14
0,7,24.0,68,5,14,0,8,9,3,14
1,2,28.0,257,0,2,2,12,80,0,18
1,0,2.0,47,5,4,0,15,112,4,22
1,0,12.0,113,0,17,0,11,124,1,28
1,0,12.0,113,0,6,0,9,83,2,28
1,0,12.0,113,0,1,2,10,6,0,28
1,0,12.0,113,0,9,0,2,69,0,28
1,10,11.0,298,0,9,1,11,129,4,9
1,2,4.0,254,5,9,2,16,50,3,30
1,2,4.0,254,5,12,0,7,78,3,30
1,2,4.0,254,5,8,1,13,48,1,30
1,2,11.0,297,5,13,0,2,86,2,9
1,2,18.0,7,5,19,0,2,40,2,0
1,2,18.0,7,5,19,0,10,12,1,0
1,2,20.0,264,3,20,0,1,16,4,29
1,2,20.0,264,3,21,1,1,1,4,29
0,3,17.0,54,0,19,1,1,67,4,6
0,3,24.0,357,0,2,2,1,35,0,14
0,3,24.0,357,0,13,1,15,46,4,14
0,3,25.0,347,1,6,0,10,47,3,13
0,3,25.0,347,1,0,2,13,99,3,13
0,3,25.0,347,1,6,0,11,15,4,13
0,3,25.0,347,1,2,0,13,29,3,13
0,3,26.0,343,2,22,0,9,87,0,3
0,3,26.0,343,2,22,2,10,47,0,3
0,5,7.0,349,3,17,2,10,22,2,11
0,11,30.0,170,0,4,1,12,56,0,19
1,8,24.0,85,6,10,0,6,89,4,14
0,7,22.0,211,2,16,0,8,9,0,26
0,7,22.0,211,2,14,0,1,81,4,26
0,3,6.0,303,4,17,1,0,96,1,23
0,11,16.0,225,0,17,1,1,67,0,2
0,11,16.0,225,0,22,2,13,38,3,2
0,11,16.0,225,0,4,0,10,43,3,2
0,11,15.0,331,3,1,0,5,6,0,1
0,11,30.0,170,0,11,0,12,135,1,19
0,9,15.0,226,2,4,1,9,27,2,1
1,8,22.0,354,4,2,1,14,125,1,26
1,8,22.0,354,4,20,1,12,100,4,26
1,4,7.0,133,5,13,0,9,87,4,11
1,4,7.0,133,5,20,0,9,93,2,11
0,9,5.0,89,3,19,1,5,6,2,24
0,11,14.0,147,6,18,1,1,35,0,5
0,11,7.0,253,6,17,3,6,128,0,11
1,4,7.0,133,5,13,0,8,9,0,11
1,4,7.0,133,5,13,0,0,12,1,11
1,4,7.0,133,5,11,1,6,7,4,11
1,4,7.0,133,5,10,1,6,91,4,11
1,4,7.0,133,5,1,2,3,76,3,11
1,4,7.0,133,5,8,0,16,50,3,11
0,11,14.0,147,6,1,1,5,64,0,5
0,11,14.0,147,6,12,0,1,67,3,5
1,6,23.0,84,4,9,0,7,120,3,17
1,6,23.0,84,4,10,3,10,52,3,17
1,6,24.0,31,5,11,1,10,52,4,14
1,6,29.0,335,2,17,0,8,9,3,16
1,6,29.0,335,2,22,0,8,9,1,16
1,6,29.0,335,2,19,0,6,7,4,16
1,6,29.0,335,2,4,0,13,38,2,16
1,10,4.0,356,0,2,0,2,92,1,30
0,3,7.0,289,5,8,0,14,106,1,11
0,3,8.0,148,6,5,0,12,17,3,8
0,3,22.0,166,6,19,2,3,103,3,26
1,0,23.0,237,5,16,1,9,87,0,17
0,3,22.0,166,6,3,1,1,81,4,26
0,5,1.0,109,0,14,0,11,94,2,7
0,5,1.0,109,0,1,0,0,77,0,7
1,2,22.0,209,1,8,0,8,27,1,26
1,6,21.0,193,1,18,1,0,85,4,21
1,2,14.0,231,0,15,0,3,115,2,5
1,2,25.0,233,5,2,3,14,110,0,13
1,2,25.0,233,5,11,0,1,1,2,13
1,2,25.0,233,5,15,0,0,53,2,13
1,2,25.0,233,5,11,1,8,9,4,13
1,2,25.0,233,5,12,0,0,64,3,13
1,2,25.0,233,5,9,2,8,9,1,13
1,2,30.0,131,2,16,0,5,12,3,19
1,2,30.0,131,2,0,0,5,0,3,19
1,2,30.0,131,2,14,0,8,19,1,19
1,0,22.0,241,4,8,0,2,86,2,26
1,0,23.0,237,5,0,1,0,53,4,17
0,3,5.0,324,2,20,1,6,7,0,24
1,2,1.0,16,1,18,1,0,68,2,7
0,3,6.0,303,4,2,0,0,26,1,23
1,10,6.0,242,2,1,1,0,12,0,23
1,0,12.0,113,0,15,0,8,41,3,28
0,9,15.0,226,2,0,1,9,109,0,1
0,7,9.0,273,4,22,1,2,123,4,12
1,6,16.0,38,4,14,1,15,39,0,2
1,2,5.0,127,6,5,1,4,136,4,24
1,2,17.0,6,4,19,3,6,116,4,6
1,0,12.0,113,0,20,1,6,7,4,28
0,9,24.0,272,5,11,0,0,15,2,14
0,9,15.0,226,2,3,0,2,86,1,1
1,2,14.0,231,0,11,0,2,2,1,5
1,6,11.0,355,6,11,3,16,50,4,9
0,3,17.0,54,0,9,2,5,6,0,6
1,4,22.0,152,6,22,0,9,87,2,26
0,7,15.0,205,2,16,0,9,87,2,1
0,9,17.0,255,5,7,0,7,78,1,6
1,2,14.0,231,0,2,0,13,21,1,5
1,0,1.0,8,4,18,1,8,19,0,7
1,8,14.0,296,2,17,0,1,1,1,5
0,3,24.0,357,0,9,0,15,39,1,14
1,0,23.0,237,5,8,0,12,61,1,17
0,7,15.0,205,2,7,1,2,2,0,1
0,9,17.0,255,5,12,0,1,67,0,6
1,0,17.0,12,6,22,0,12,61,1,6
1,2,13.0,276,3,18,0,1,1,1,25
0,11,5.0,240,4,8,0,7,20,1,24
0,7,15.0,205,2,21,0,5,12,1,1
0,3,25.0,347,1,17,2,5,6,3,13
1,1,1.0,203,0,20,3,8,27,0,7
1,0,23.0,237,5,13,0,6,7,1,17
0,11,5.0,240,4,15,1,9,63,4,24
1,0,17.0,12,6,9,0,0,64,3,6
0,9,23.0,167,4,20,0,11,18,0,17
0,7,3.0,269,5,2,1,11,58,4,27
0,7,15.0,205,2,8,0,12,80,4,1
0,3,24.0,357,0,11,1,5,12,0,14
1,1,2.0,171,1,11,1,14,97,4,22
1,0,23.0,237,5,4,2,16,50,1,17
0,11,22.0,250,3,22,1,13,48,0,26
0,11,22.0,250,3,11,1,9,101,1,26
0,9,24.0,272,5,11,0,14,24,2,14
0,9,24.0,272,5,12,0,8,41,4,14
0,9,24.0,272,5,12,2,12,56,1,14
1,2,25.0,233,5,6,2,13,123,4,13
1,2,25.0,233,5,5,1,2,60,4,13
1,2,30.0,131,2,0,0,9,101,3,19
1,0,22.0,241,4,17,2,14,24,2,26
1,0,22.0,241,4,13,0,3,30,1,26
1,0,22.0,241,4,8,0,5,6,1,26
1,0,23.0,237,5,1,0,14,25,1,17
1,2,22.0,209,1,5,1,7,111,1,26
1,8,20.0,319,1,9,3,14,25,0,29
1,1,2.0,171,1,1,1,3,44,4,22
0,11,19.0,321,4,13,0,13,29,1,10
1,2,12.0,128,6,10,1,0,26,1,28
0,3,5.0,324,2,11,1,16,37,2,24
1,10,31.0,135,3,6,0,10,43,3,20
1,10,31.0,135,3,16,2,6,14,1,20
1,10,31.0,135,3,7,1,8,19,0,20
1,1,4.0,286,4,0,1,4,5,1,30
1,1,4.0,286,4,17,0,7,20,3,30
1,1,4.0,286,4,5,0,5,6,1,30
1,4,23.0,30,3,2,0,14,24,4,17
1,6,24.0,31,5,13,0,12,121,3,14
1,6,24.0,31,5,19,0,8,27,2,14
1,6,29.0,335,2,16,0,10,22,3,16
1,6,29.0,335,2,0,0,0,53,2,16
1,6,29.0,335,2,16,2,13,13,0,16
1,6,29.0,335,2,9,0,10,23,1,16
1,10,4.0,356,0,22,1,6,7,4,30
1,10,12.0,333,1,16,0,0,12,3,28
1,10,31.0,135,3,22,0,15,51,3,20
1,1,4.0,286,4,2,2,6,7,3,30
1,2,23.0,230,2,14,1,14,25,0,17
1,0,25.0,281,3,19,1,16,42,1,13
1,6,30.0,145,4,8,3,9,57,0,19
0,11,13.0,312,5,8,0,1,11,0,25
0,11,16.0,225,0,17,0,5,12,3,2
0,11,16.0,225,0,16,1,13,28,0,2
0,11,16.0,225,0,22,1,7,20,4,2
0,11,16.0,225,0,22,1,13,21,4,2
0,11,16.0,225,0,14,0,9,54,0,2
0,11,30.0,170,0,22,0,12,56,1,19
0,11,30.0,170,0,12,1,1,16,4,19
0,11,16.0,225,0,8,0,0,31,3,2
0,9,17.0,255,5,13,0,8,9,4,6
0,9,17.0,255,5,18,0,3,30,4,6
0,9,17.0,255,5,5,1,16,65,4,6
0,9,23.0,167,4,2,0,8,9,1,17
1,0,14.0,5,2,22,0,7,122,3,5
1,0,14.0,5,2,4,2,2,71,3,5
1,0,15.0,190,4,16,0,0,12,0,1
1,0,15.0,190,4,13,1,15,46,4,1
1,0,15.0,190,4,3,1,14,32,4,1
1,0,23.0,237,5,4,1,12,83,4,17
1,0,23.0,237,5,5,0,1,105,0,17
0,11,5.0,240,4,17,0,4,82,1,24
0,11,5.0,240,4,3,0,10,23,1,24
0,11,5.0,240,4,3,0,16,108,4,24
0,11,22.0,250,3,10,1,9,101,1,26
0,9,6.0,51,0,21,0,2,86,1,23
0,9,6.0,51,0,0,2,13,28,0,23
0,9,6.0,51,0,23,0,8,9,1,23
0,9,7.0,271,1,9,0,5,6,0,11
0,9,24.0,272,5,0,1,10,12,0,14
1,4,6.0,176,4,14,0,14,25,1,23
1,4,6.0,176,4,4,0,16,42,3,23
1,4,6.0,176,4,2,0,3,44,3,23
1,4,24.0,27,0,15,0,13,69,2,14
1,4,24.0,27,0,20,1,16,65,4,14
0,9,25.0,344,6,20,1,11,55,4,13
1,1,2.0,171,1,1,1,13,38,0,22
0,7,23.0,202,4,8,0,9,109,2,17
0,3,25.0,347,1,8,1,9,87,4,13
0,11,5.0,240,4,21,1,10,47,1,24
0,7,19.0,330,3,23,0,3,115,4,10
0,7,7.0,293,1,16,0,15,114,3,11
1,0,24.0,55,6,8,0,3,30,3,14
1,4,11.0,121,1,14,0,12,104,1,9
1,8,13.0,189,1,16,0,0,12,0,25
0,7,23.0,202,4,22,3,7,57,3,17
0,3,26.0,343,2,11,0,13,21,1,3
0,7,14.0,125,1,23,0,2,86,4,5
1,0,24.0,55,6,22,1,2,86,4,14
1,4,19.0,142,2,4,0,5,6,1,10
1,1,5.0,219,5,14,0,2,2,4,24
0,7,23.0,202,4,23,1,13,99,4,17
0,7,29.0,268,2,5,0,9,9,0,16
1,1,13.0,207,6,6,3,8,9,2,25
0,3,25.0,347,1,4,1,1,59,0,13
1,0,25.0,281,3,6,0,7,137,1,13
0,7,24.0,68,5,2,0,8,118,4,14
0,9,9.0,320,4,18,3,5,6,3,12
1,1,15.0,1,0,11,1,1,81,4,1
0,7,14.0,125,1,5,0,10,47,2,5
1,6,12.0,162,3,16,0,0,53,0,28
0,3,26.0,343,2,1,0,13,28,1,3
1,0,24.0,55,6,1,2,1,105,3,14
0,7,24.0,68,5,11,1,10,23,1,14
1,8,19.0,280,0,12,1,10,52,0,10
1,1,15.0,1,0,10,1,2,92,1,1
0,7,14.0,125,1,8,0,15,31,3,5
0,7,14.0,125,1,18,0,13,29,1,5
0,7,14.0,125,1,9,0,5,12,0,5
0,7,22.0,211,2,17,0,2,71,1,26
0,7,22.0,211,2,6,0,5,12,3,26
1,10,9.0,150,6,5,0,6,7,2,12
1,10,8.0,213,5,8,0,6,7,0,8
1,10,9.0,150,6,4,0,8,9,1,12
1,10,11.0,298,0,17,2,11,15,3,9
1,10,11.0,298,0,15,3,10,47,4,9
1,10,11.0,298,0,0,1,15,51,2,9
1,10,28.0,216,4,7,1,7,129,0,18
1,10,28.0,216,4,22,0,0,31,1,18
1,10,28.0,216,4,22,0,5,12,2,18
1,1,9.0,50,1,16,0,13,28,2,12
1,1,9.0,50,1,13,0,1,1,4,12
1,1,9.0,50,1,9,1,11,98,4,12
1,1,10.0,17,2,2,2,6,89,0,4
1,1,10.0,17,2,14,0,1,81,4,4
1,1,12.0,353,5,3,1,11,129,4,28
1,1,18.0,82,4,10,0,2,40,2,0
1,1,20.0,151,6,17,0,8,41,1,29
1,1,20.0,151,6,6,2,3,115,3,29
1,1,20.0,151,6,4,0,15,119,3,29
1,2,26.0,3,6,2,2,13,48,0,3
1,0,29.0,191,4,16,2,10,47,3,16
1,8,1.0,66,4,16,0,7,137,1,7
1,8,1.0,66,4,16,0,5,12,0,7
1,4,10.0,79,0,17,0,12,80,1,4
1,2,27.0,136,3,14,1,0,77,0,15
1,2,10.0,28,4,17,3,1,67,0,4
1,0,1.0,8,4,17,0,9,102,1,7
1,0,1.0,8,4,2,0,4,82,3,7
1,1,1.0,203,0,19,1,13,28,0,7
1,1,2.0,171,1,13,1,12,83,2,22
1,10,1.0,208,5,13,3,9,87,4,7
0,11,29.0,270,3,19,0,14,131,1,16
1,9,1.0,126,1,17,0,13,29,1,7
1,8,11.0,306,3,2,0,16,50,3,9
1,6,17.0,244,5,20,0,7,20,1,6
1,2,11.0,297,5,16,1,6,91,0,9
1,2,11.0,297,5,5,0,0,77,0,9
1,2,11.0,297,5,5,0,16,37,2,9
1,2,11.0,297,5,5,0,13,48,3,9
1,2,11.0,297,5,0,1,5,6,0,9
1,2,11.0,297,5,5,1,4,127,4,9
1,2,18.0,7,5,0,1,13,69,0,0
1,2,18.0,7,5,16,1,14,131,4,0
1,2,18.0,7,5,22,0,5,6,0,0
1,10,3.0,310,3,19,0,10,47,3,27
1,10,11.0,298,0,19,1,6,7,0,9
1,2,4.0,254,5,2,3,1,67,0,30
1,4,18.0,26,1,13,3,9,93,2,0
1,2,18.0,7,5,20,1,2,69,4,0
1,2,18.0,7,5,18,0,13,123,2,0
1,2,18.0,7,5,20,1,13,48,4,0
1,2,21.0,108,0,16,0,9,93,1,21
1,2,21.0,108,0,22,0,16,113,1,21
1,2,21.0,108,0,20,1,14,32,4,21
1,2,26.0,3,6,8,1,12,17,1,3
1,2,26.0,3,6,1,2,8,27,2,3
1,2,4.0,254,5,2,1,10,47,1,30
1,2,18.0,7,5,13,0,5,6,0,0
1,2,18.0,7,5,5,0,13,38,2,0
1,2,18.0,7,5,16,2,8,33,0,0
1,2,18.0,7,5,14,1,12,83,4,0
1,2,18.0,7,5,5,1,13,48,4,0
1,2,20.0,264,3,0,1,9,57,0,29
1,2,20.0,264,3,15,1,8,65,4,29
1,2,20.0,264,3,10,1,6,14,4,29
1,2,20.0,264,3,20,1,8,65,4,29
1,2,21.0,108,0,1,0,5,12,2,21
1,2,21.0,108,0,1,2,10,52,3,21
1,2,26.0,3,6,6,1,9,63,0,3
1,2,26.0,3,6,3,0,8,118,1,3
1,0,25.0,281,3,13,0,13,38,4,13
0,5,7.0,349,3,13,2,13,38,3,11
1,8,23.0,102,5,5,0,10,43,2,17
1,8,19.0,280,0,23,0,9,93,2,10
0,3,7.0,289,5,13,1,16,74,1,11
1,1,15.0,1,0,2,0,13,99,2,1
1,0,25.0,281,3,19,0,2,86,1,13
0,11,19.0,321,4,13,0,9,83,2,10
1,4,11.0,121,1,15,3,12,104,0,9
1,4,10.0,79,0,2,3,16,50,0,4
1,4,9.0,18,3,15,0,13,38,4,12
1,0,12.0,113,0,4,1,4,75,1,28
1,0,26.0,14,0,17,0,10,22,1,3
1,0,26.0,14,0,13,1,3,44,4,3
1,0,26.0,14,0,22,0,0,64,0,3
1,0,26.0,14,0,18,0,14,110,0,3
1,4,20.0,115,4,4,1,9,101,4,29
1,4,28.0,218,5,6,0,5,6,3,18
1,4,28.0,218,5,3,0,2,69,2,18
1,2,4.0,254,5,22,0,1,105,0,30
1,2,11.0,297,5,3,0,14,32,3,9
1,2,18.0,7,5,9,0,12,61,1,0
1,2,21.0,108,0,19,2,4,79,3,21
1,2,20.0,264,3,11,3,10,47,1,29
1,2,20.0,264,3,23,1,6,128,4,29
1,2,21.0,108,0,11,0,2,92,0,21
1,2,21.0,108,0,14,0,10,47,0,21
1,2,21.0,108,0,18,0,16,130,4,21
1,2,26.0,3,6,8,0,4,75,1,3
1,8,30.0,103,5,12,0,8,27,3,19
1,0,24.0,55,6,18,0,13,48,4,14
0,7,22.0,211,2,23,0,2,2,1,26
0,7,22.0,211,2,8,0,13,29,4,26
0,3,6.0,303,4,17,0,10,47,3,23
0,11,16.0,225,0,5,1,12,121,4,2
0,11,16.0,225,0,6,0,0,0,0,2
0,11,16.0,225,0,22,1,4,66,4,2
0,11,15.0,331,3,12,0,14,25,0,1
0,11,30.0,170,0,1,2,6,91,1,19
0,9,15.0,226,2,0,0,8,41,1,1
0,9,15.0,226,2,17,3,14,131,3,1
0,9,17.0,255,5,15,2,15,114,2,6
0,9,17.0,255,5,12,0,1,59,2,6
0,9,17.0,255,5,1,0,12,80,1,6
0,9,17.0,255,5,19,0,5,6,0,6
0,9,23.0,167,4,5,0,12,84,0,17
0,7,7.0,293,1,13,0,0,64,2,11
0,7,7.0,293,1,4,0,4,66,1,11
0,7,14.0,125,1,13,0,10,43,1,5
0,7,14.0,125,1,8,0,4,136,4,5
0,7,22.0,211,2,13,0,10,47,1,26
1,4,15.0,132,6,14,0,16,37,1,1
1,1,5.0,219,5,17,0,6,7,0,24
1,1,5.0,219,5,21,1,8,27,0,24
1,1,5.0,219,5,13,1,9,95,1,24
1,1,15.0,1,0,16,0,0,26,3,1
1,1,15.0,1,0,11,0,10,47,3,1
1,1,16.0,2,1,9,0,0,26,3,2
1,1,16.0,2,1,14,0,10,47,0,2
1,8,7.0,70,2,16,0,0,68,1,11
1,8,7.0,70,2,15,0,11,117,1,11
1,1,4.0,286,4,9,0,0,0,3,30
1,1,5.0,219,5,11,0,13,36,1,24
1,1,4.0,286,4,16,2,10,30,0,30
1,1,4.0,286,4,8,1,12,100,0,30
1,1,5.0,219,5,9,0,14,25,0,24
1,1,13.0,207,6,0,1,11,15,0,25
1,1,13.0,207,6,1,1,12,80,1,25
1,10,31.0,135,3,5,0,1,16,4,20
1,1,15.0,1,0,1,1,11,133,4,1
1,1,16.0,2,1,3,2,1,1,0,2
1,8,7.0,70,2,18,0,14,25,0,11
1,8,13.0,189,1,21,0,13,48,1,25
1,8,13.0,189,1,10,1,15,51,2,25
1,8,13.0,189,1,12,0,7,120,4,25
1,2,29.0,140,1,18,0,5,6,1,16
1,0,4.0,229,3,15,0,4,75,0,30
1,0,11.0,10,3,13,0,15,114,2,9
1,8,18.0,75,3,22,0,14,88,2,0
1,4,3.0,279,0,4,1,9,101,4,27
0,7,22.0,211,2,18,0,15,31,4,26
1,8,23.0,102,5,2,1,1,59,4,17
0,3,8.0,148,6,8,0,16,72,1,8
1,4,5.0,235,2,23,0,10,43,2,24
0,3,8.0,148,6,5,0,11,18,1,8
1,1,5.0,219,5,17,3,4,75,3,24
1,0,25.0,281,3,9,0,10,22,2,13
0,5,7.0,349,3,15,1,13,99,4,11
1,1,15.0,1,0,19,0,16,108,2,1
1,4,5.0,235,2,0,2,5,6,3,24
0,3,8.0,148,6,13,0,5,6,0,8
1,4,5.0,235,2,3,1,1,35,0,24
0,5,7.0,349,3,11,1,14,25,1,11
0,11,13.0,312,5,17,1,3,30,1,25
0,3,16.0,263,3,0,0,13,29,3,2
1,4,6.0,176,4,21,1,6,7,0,23
0,5,8.0,199,0,4,2,7,111,3,8
0,11,13.0,312,5,20,0,3,30,3,25
0,11,15.0,331,3,14,0,16,113,3,1
0,11,16.0,225,0,22,2,6,91,3,2
1,2,24.0,22,4,2,1,16,37,2,14
1,2,23.0,230,2,1,0,4,5,4,17
0,11,16.0,225,0,12,0,2,2,1,2
0,7,7.0,293,1,19,0,9,63,3,11
0,7,14.0,125,1,17,1,9,93,4,5
0,7,14.0,125,1,7,1,10,22,0,5
1,4,20.0,115,4,11,1,6,91,4,29
1,4,20.0,115,4,20,1,16,50,4,29
1,4,20.0,115,4,12,2,5,6,0,29
1,4,28.0,218,5,21,1,14,106,4,18
1,4,28.0,218,5,14,0,5,6,3,18
1,2,2.0,143,2,0,1,5,6,0,22
1,2,2.0,143,2,22,0,6,7,0,22
1,5,1.0,109,3,1,0,10,47,0,7
1,2,4.0,254,5,12,1,10,47,0,30
1,2,11.0,297,5,17,0,16,42,3,9
1,1,16.0,2,1,13,0,1,11,1,2
1,2,11.0,297,5,22,1,3,30,1,9
1,8,1.0,66,4,17,0,2,86,3,7
1,4,12.0,134,2,3,0,1,105,3,28
1,2,4.0,254,5,18,1,1,59,0,30
1,2,4.0,254,5,12,0,1,81,3,30
1,10,8.0,213,5,20,1,0,68,4,8
1,10,9.0,150,6,22,1,10,47,0,12
1,10,9.0,150,6,13,1,1,35,4,12
0,7,14.0,125,1,11,2,13,38,0,5
0,7,14.0,125,1,19,0,3,44,4,5
0,7,22.0,211,2,21,0,2,2,1,26
0,7,22.0,211,2,16,0,0,0,3,26
0,7,22.0,211,2,21,0,6,128,1,26
0,7,22.0,211,2,3,2,13,13,3,26
0,7,22.0,211,2,3,0,10,47,3,26
0,3,6.0,303,4,21,1,13,38,4,23
0,3,6.0,303,4,8,1,4,4,1,23
0,3,17.0,54,0,13,0,13,99,0,6
0,3,17.0,54,0,2,0,10,22,0,6
0,3,17.0,54,0,9,2,2,2,3,6
0,3,24.0,357,0,13,0,0,96,0,14
0,3,24.0,357,0,3,1,1,11,4,14
0,3,24.0,357,0,4,0,0,77,1,14
0,3,25.0,347,1,16,0,4,75,1,13
0,3,25.0,347,1,15,2,10,47,0,13
1,0,24.0,55,6,7,0,0,15,3,14
1,0,25.0,281,3,6,0,8,118,4,13
1,0,31.0,290,6,22,0,3,30,4,20
1,0,31.0,290,6,22,0,2,71,3,20
1,0,31.0,290,6,2,0,2,69,0,20
1,0,15.0,190,4,15,0,9,54,3,1
1,0,17.0,12,6,17,3,15,96,4,6
1,0,31.0,290,6,8,0,13,99,4,20
0,9,17.0,255,5,5,0,13,28,2,6
0,11,13.0,312,5,17,1,5,12,0,25
0,11,13.0,312,5,22,0,0,26,3,25
1,0,24.0,55,6,11,0,12,135,1,14
0,11,15.0,331,3,8,2,12,80,3,1
0,11,15.0,331,3,14,0,13,38,0,1
0,11,16.0,225,0,0,0,0,64,1,2
0,11,13.0,312,5,14,1,5,6,0,25
0,11,16.0,225,0,4,1,12,56,4,2
0,5,8.0,199,0,18,2,1,11,3,8
0,3,16.0,263,3,5,1,3,44,4,2
1,4,6.0,176,4,15,0,14,25,0,23
1,2,14.0,231,0,2,1,5,6,1,5
0,5,8.0,199,0,15,1,12,61,1,8
1,4,6.0,176,4,8,0,13,48,0,23
0,5,8.0,199,0,8,2,12,84,3,8
1,2,14.0,231,0,4,2,13,21,0,5
1,4,6.0,176,4,19,2,2,69,3,23
0,5,8.0,199,0,9,0,7,62,4,8
0,5,15.0,200,0,16,0,15,31,2,1
1,2,22.0,209,1,6,2,8,33,3,26
1,2,22.0,209,1,13,0,2,123,2,26
0,5,15.0,200,0,2,1,9,95,4,1
1,2,5.0,127,6,20,1,13,28,2,24
1,2,25.0,233,5,23,0,5,64,2,13
0,5,17.0,212,2,16,0,2,92,0,6
1,2,5.0,127,6,8,0,10,12,2,24
1,2,25.0,233,5,15,0,3,70,4,13
0,5,17.0,212,2,21,1,15,31,0,6
1,2,5.0,127,6,8,1,2,2,4,24
0,9,24.0,272,5,2,0,8,41,1,14
0,5,25.0,350,4,13,0,1,11,4,13
1,2,5.0,127,6,14,1,14,106,4,24
1,4,6.0,176,4,3,1,9,95,4,23
1,4,6.0,176,4,14,0,14,34,4,23
0,7,14.0,125,1,16,0,5,64,0,5
1,2,14.0,231,0,15,0,9,95,1,5
1,4,5.0,235,2,13,0,9,95,1,24
0,3,6.0,303,4,23,1,11,133,4,23
0,3,6.0,303,4,18,0,1,59,2,23
0,3,17.0,54,0,21,0,4,70,3,6
0,3,17.0,54,0,22,0,8,118,1,6
0,3,17.0,54,0,4,2,3,76,1,6
0,3,17.0,54,0,18,2,5,12,3,6
0,3,16.0,263,3,1,0,2,3,2,2
0,3,16.0,263,3,1,0,4,79,1,2
0,3,22.0,166,6,5,1,10,22,4,26
0,3,16.0,263,3,8,0,13,29,3,2
0,3,22.0,166,6,15,1,1,81,4,26
0,3,22.0,166,6,3,0,12,80,2,26
0,3,22.0,166,6,1,0,2,69,0,26
0,5,1.0,109,0,6,0,9,57,0,7
0,5,1.0,109,0,17,0,0,0,1,7
0,5,1.0,109,0,5,1,12,84,4,7
0,5,1.0,109,0,15,0,12,84,2,7
0,5,1.0,109,0,16,0,4,127,2,7
0,5,1.0,109,0,13,1,2,2,4,7
0,5,9.0,206,1,16,0,8,33,0,12
0,5,9.0,206,1,6,0,0,0,3,12
0,5,9.0,206,1,5,0,9,57,3,12
0,5,9.0,206,1,12,0,8,9,4,12
0,5,9.0,206,1,19,2,14,125,3,12
0,5,9.0,206,1,18,0,4,45,2,12
0,5,6.0,277,6,19,1,14,126,1,23
0,5,16.0,239,1,7,1,2,2,0,2
1,0,23.0,237,5,15,0,13,48,4,17
1,8,7.0,70,2,6,2,11,98,3,11
1,0,23.0,237,5,19,0,0,53,1,17
0,11,5.0,240,4,23,0,3,79,2,24
0,11,22.0,250,3,11,0,16,50,3,26
0,11,22.0,250,3,1,0,9,102,1,26
1,2,25.0,233,5,22,0,12,17,4,13
0,9,7.0,271,1,0,0,5,12,3,11
0,9,6.0,51,0,1,0,13,99,1,23
0,9,7.0,271,1,13,0,14,131,0,11
0,9,6.0,51,0,2,0,9,87,2,23
0,7,5.0,204,3,11,0,7,111,1,24
0,7,5.0,204,3,2,0,15,31,2,24
0,7,9.0,273,4,21,1,15,39,0,12
0,7,9.0,273,4,13,2,15,85,0,12
0,7,9.0,273,4,1,2,5,6,2,12
0,7,9.0,273,4,18,0,1,81,4,12
0,7,15.0,205,2,0,0,0,26,3,1
0,7,23.0,202,4,22,0,1,11,4,17
0,7,23.0,202,4,20,1,3,44,4,17
0,7,24.0,68,5,22,0,3,115,3,14
0,7,24.0,68,5,15,1,15,51,4,14
0,7,5.0,204,3,9,0,11,18,2,24
0,7,5.0,204,3,14,2,2,2,1,24
0,7,9.0,273,4,0,1,0,15,1,12
0,7,9.0,273,4,23,0,8,118,1,12
0,7,9.0,273,4,8,1,11,133,1,12
0,7,9.0,273,4,3,1,13,28,1,12
0,7,15.0,205,2,8,0,5,6,0,1
1,2,14.0,231,0,11,1,11,10,4,5
1,2,30.0,131,2,15,0,0,15,2,19
1,2,14.0,231,0,20,1,1,11,4,5
1,2,14.0,231,0,1,2,0,0,3,5
1,2,30.0,131,2,19,0,14,24,1,19
0,11,13.0,312,5,22,0,9,93,3,25
1,2,30.0,131,2,1,1,13,69,0,19
1,0,31.0,290,6,14,1,5,12,0,20
0,11,13.0,312,5,13,1,12,121,1,25
0,9,24.0,272,5,15,1,4,45,4,14
0,11,13.0,312,5,11,0,10,23,1,25
0,9,24.0,272,5,9,0,5,6,0,14
0,11,13.0,312,5,1,1,15,46,1,25
0,9,24.0,272,5,13,0,13,69,0,14
0,7,5.0,204,3,6,0,0,77,1,24
1,0,17.0,12,6,23,0,3,44,0,6
0,7,5.0,204,3,16,1,6,7,0,24
0,7,5.0,204,3,12,0,5,6,0,24
1,0,25.0,281,3,21,1,4,75,0,13
1,0,25.0,281,3,12,3,5,6,3,13
0,7,5.0,204,3,1,0,13,21,1,24
1,10,2.0,358,6,15,1,1,105,4,22
1,7,10.0,329,4,16,0,1,67,4,4
0,11,4.0,275,2,9,0,13,48,1,30
0,3,21.0,338,5,12,0,2,3,2,21
0,7,9.0,273,4,13,3,13,29,3,12
0,7,9.0,273,4,11,1,11,15,1,12
0,7,9.0,273,4,5,1,1,16,4,12
0,7,9.0,273,4,4,2,5,64,0,12
0,7,9.0,273,4,9,0,10,43,1,12
1,0,23.0,237,5,17,1,13,29,4,17
0,11,5.0,240,4,1,0,4,75,2,24
0,11,5.0,240,4,11,0,8,118,2,24
0,3,16.0,263,3,20,1,9,83,1,2
0,7,24.0,68,5,11,1,2,92,1,14
0,7,15.0,205,2,0,0,7,20,4,1
0,7,23.0,202,4,20,0,7,78,3,17
0,7,23.0,202,4,2,0,14,107,1,17
0,3,7.0,289,5,15,0,4,5,3,11
0,3,7.0,289,5,19,0,2,92,1,11
0,3,7.0,289,5,14,0,16,65,0,11
0,9,7.0,271,1,0,2,11,15,3,11
0,9,7.0,271,1,0,1,9,57,0,11
0,9,7.0,271,1,11,0,6,89,3,11
0,9,24.0,272,5,12,0,2,69,4,14
0,9,24.0,272,5,2,1,13,69,4,14
0,9,24.0,272,5,1,0,16,50,0,14
0,7,22.0,211,2,22,1,13,69,0,26
0,7,22.0,211,2,1,3,4,136,4,26
0,3,6.0,303,4,19,1,12,61,0,23
0,3,6.0,303,4,2,0,8,41,1,23
0,3,6.0,303,4,17,1,7,137,4,23
0,3,6.0,303,4,10,0,12,121,1,23
0,3,6.0,303,4,8,0,14,34,2,23
0,3,17.0,54,0,20,3,6,128,0,6
0,3,25.0,347,1,4,2,10,22,3,13
0,3,25.0,347,1,1,0,10,52,0,13
0,3,26.0,343,2,6,0,16,42,0,3
0,3,26.0,343,2,0,0,10,47,2,3
0,3,25.0,347,1,11,3,10,22,3,13
0,5,7.0,349,3,15,0,10,52,3,11
0,5,7.0,349,3,23,1,10,52,1,11
0,5,7.0,349,3,15,0,11,58,0,11
0,5,7.0,349,3,3,0,2,13,1,11
0,5,7.0,349,3,14,1,15,114,4,11
0,5,7.0,349,3,4,1,14,25,0,11
0,5,8.0,199,0,15,1,12,104,4,8
1,8,2.0,77,5,5,0,11,98,2,22
0,11,3.0,288,1,3,3,12,17,0,27
0,7,5.0,204,3,6,0,5,64,1,24
0,7,5.0,204,3,22,0,14,25,3,24
1,8,7.0,70,2,16,0,8,19,1,11
1,2,24.0,22,4,2,2,11,15,3,14
1,2,23.0,230,2,13,0,2,86,4,17
1,8,21.0,46,2,7,1,10,22,0,21
1,4,13.0,221,4,16,1,10,43,0,25
1,0,31.0,290,6,12,1,14,25,4,20
0,11,30.0,170,0,8,0,9,54,4,19
0,9,15.0,226,2,12,0,11,117,1,1
0,9,15.0,226,2,4,0,3,44,4,1
0,9,15.0,226,2,4,0,15,77,3,1
0,9,15.0,226,2,12,0,5,12,0,1
1,1,5.0,219,5,2,0,13,28,1,24
1,1,5.0,219,5,12,2,1,11,4,24
1,1,13.0,207,6,17,0,11,18,0,25
1,1,15.0,1,0,0,1,11,94,0,1
1,1,15.0,1,0,1,2,4,4,3,1
1,1,15.0,1,0,14,0,0,64,2,1
1,1,13.0,207,6,13,0,8,27,3,25
1,8,7.0,70,2,6,0,10,22,1,11
1,8,7.0,70,2,0,1,13,38,4,11
1,8,7.0,70,2,0,2,0,26,3,11
1,8,7.0,70,2,16,1,4,66,0,11
1,8,7.0,70,2,4,0,10,47,2,11
1,8,7.0,70,2,3,0,5,6,2,11
1,1,13.0,207,6,22,0,5,6,0,25
1,5,18.0,195,2,11,3,0,64,4,0
1,1,1.0,203,0,17,0,8,33,1,7
0,11,29.0,270,3,18,0,13,13,1,16
1,2,22.0,209,1,6,0,0,96,3,26
1,2,14.0,231,0,18,0,13,48,1,5
1,2,14.0,231,0,20,1,13,36,1,5
1,2,22.0,209,1,21,0,5,12,3,26
1,2,22.0,209,1,13,0,4,127,4,26
1,2,22.0,209,1,1,0,6,128,1,26
1,2,22.0,209,1,14,0,4,82,1,26
1,2,22.0,209,1,19,0,0,15,1,26
1,2,25.0,233,5,15,1,1,16,4,13
1,2,25.0,233,5,12,2,2,69,2,13
1,2,30.0,131,2,17,0,0,15,1,19
1,2,30.0,131,2,12,2,1,59,3,19
1,0,22.0,241,4,16,1,6,7,0,26
1,0,22.0,241,4,22,0,5,6,3,26
1,6,5.0,342,3,21,1,2,92,1,24
1,0,22.0,241,4,4,0,13,21,4,26
1,8,13.0,189,1,6,2,6,116,3,25
1,8,13.0,189,1,9,2,12,104,4,25
1,8,13.0,189,1,9,0,2,86,4,25
1,8,22.0,354,4,0,0,0,77,1,26
1,8,22.0,354,4,23,1,10,47,1,26
1,8,22.0,354,4,12,1,12,83,4,26
1,8,22.0,354,4,1,2,0,77,0,26
1,4,7.0,133,5,6,2,6,89,3,11
1,4,7.0,133,5,0,1,7,20,0,11
0,9,17.0,255,5,22,0,9,101,2,6
0,9,17.0,255,5,2,1,6,89,4,6
0,9,17.0,255,5,12,2,9,93,0,6
0,9,17.0,255,5,2,0,6,73,3,6
0,9,17.0,255,5,14,0,8,41,3,6
0,9,23.0,167,4,16,1,2,123,0,17
0,9,25.0,344,6,11,1,12,83,4,13
0,9,25.0,344,6,15,0,12,84,0,13
0,9,25.0,344,6,5,0,13,29,1,13
0,9,25.0,344,6,21,0,3,44,1,13
0,9,25.0,344,6,1,1,5,12,0,13
0,9,23.0,167,4,14,0,2,40,4,17
0,7,7.0,293,1,6,0,10,23,1,11
0,7,7.0,293,1,6,1,6,7,0,11
0,7,7.0,293,1,6,0,13,29,4,11
0,7,7.0,293,1,11,0,0,77,1,11
1,2,6.0,251,3,12,0,9,109,1,23
1,2,23.0,230,2,3,1,2,86,1,17
1,2,24.0,22,4,13,0,2,2,2,14
0,11,5.0,240,4,11,1,10,47,1,24
0,11,5.0,240,4,13,1,14,25,0,24
0,11,22.0,250,3,13,0,6,73,1,26
0,11,22.0,250,3,9,1,10,43,4,26
0,9,6.0,51,0,7,0,11,117,1,23
1,2,22.0,209,1,4,0,2,2,3,26
1,2,25.0,233,5,4,0,6,7,3,13
1,2,25.0,233,5,13,1,9,95,4,13
1,2,25.0,233,5,14,2,0,0,2,13
1,2,30.0,131,2,16,0,6,7,0,19
1,2,30.0,131,2,14,0,11,8,1,19
1,2,30.0,131,2,18,0,10,22,1,19
1,0,22.0,241,4,0,2,9,102,1,26
1,0,22.0,241,4,15,0,14,24,1,26
1,0,22.0,241,4,2,1,12,56,1,26
1,0,22.0,241,4,4,2,7,111,0,26
1,8,6.0,87,1,4,0,2,86,3,23
1,0,23.0,237,5,15,0,13,28,4,17
1,0,22.0,241,4,13,3,8,19,3,26
1,0,23.0,237,5,8,0,6,7,1,17
1,2,10.0,28,4,2,3,14,106,4,4
1,10,27.0,302,2,10,0,8,65,1,15
1,4,7.0,133,5,13,0,2,2,4,11
1,4,7.0,133,5,22,0,2,2,1,11
1,4,8.0,292,6,6,0,9,87,2,8
1,10,4.0,356,0,2,2,15,51,1,30
1,10,4.0,356,0,22,1,13,21,0,30
1,10,12.0,333,1,23,0,12,135,1,28
1,10,12.0,333,1,7,0,1,59,1,28
1,10,12.0,333,1,16,0,13,36,0,28
1,10,12.0,333,1,19,0,13,29,0,28
1,10,12.0,333,1,12,1,14,126,1,28
1,10,12.0,333,1,14,0,2,69,1,28
1,10,30.0,157,6,21,1,14,24,4,19
1,10,30.0,157,6,17,1,3,103,2,19
1,5,15.0,200,3,11,0,5,6,2,1
1,2,8.0,258,1,20,1,2,13,1,8
1,2,8.0,258,1,4,0,1,35,4,8
1,2,23.0,230,2,1,0,5,6,3,17
1,1,14.0,183,3,18,3,1,67,0,5
1,10,22.0,314,5,20,3,2,2,4,26
1,1,14.0,183,3,20,1,2,2,1,5
1,1,30.0,100,1,12,0,0,12,1,19
2,5,23.0,58,4,10,1,15,108,1,17
0,2,20.0,264,0,11,4,14,88,4,29
2,3,22.0,57,0,9,2,5,64,3,26
2,6,13.0,173,4,18,0,7,20,3,25
2,10,7.0,213,3,0,1,6,116,4,11
2,3,22.0,57,0,2,1,14,32,1,26
0,2,20.0,264,0,12,4,12,121,3,29
2,5,23.0,58,4,19,1,3,44,4,17
2,10,14.0,60,3,14,0,6,89,4,5
2,3,24.0,347,2,6,2,8,27,4,14
0,0,5.0,122,1,12,4,16,37,3,24
2,5,24.0,350,5,18,0,7,20,1,14
2,10,15.0,201,0,18,0,10,6,3,1
0,0,5.0,122,1,0,4,16,72,4,24
2,5,31.0,158,5,3,2,10,23,3,20
2,11,22.0,250,0,18,0,14,34,1,26
2,3,21.0,166,3,17,0,3,44,4,21
0,0,5.0,122,1,19,4,3,30,3,24
2,9,12.0,177,0,2,2,3,79,2,28
2,9,5.0,89,0,15,1,6,132,4,24
2,1,7.0,62,2,19,0,4,79,2,11
2,1,8.0,50,4,0,1,1,67,0,8
2,1,8.0,50,4,7,1,15,114,1,8
2,1,13.0,183,1,21,2,0,12,1,25
2,7,18.0,330,0,16,1,3,30,0,0
2,7,25.0,316,0,6,0,15,108,4,13
2,7,25.0,316,0,15,0,10,47,2,13
2,3,1.0,120,0,16,0,0,64,3,7
2,3,1.0,120,0,12,2,13,13,3,7
2,3,1.0,120,0,1,0,14,24,2,7
2,3,2.0,182,1,12,0,10,47,3,22
2,3,2.0,182,1,18,0,0,12,0,22
2,3,2.0,182,1,4,1,1,16,4,22
2,5,17.0,195,5,19,0,13,99,3,6
2,6,12.0,317,2,4,0,10,30,0,28
2,11,19.0,321,5,13,0,3,70,2,10
2,1,13.0,183,1,5,0,10,47,2,25
2,1,13.0,183,1,4,0,16,42,1,25
2,1,7.0,62,2,18,2,2,86,3,11
2,1,16.0,63,5,22,0,10,6,3,2
2,1,16.0,63,5,15,0,7,20,3,2
2,1,16.0,63,5,12,2,2,86,3,2
2,1,23.0,64,5,17,2,12,104,3,17
2,1,23.0,64,5,9,0,3,76,0,17
2,1,16.0,63,5,1,0,2,69,0,2
2,1,13.0,183,1,2,0,2,69,3,25
2,7,4.0,204,0,19,3,14,25,3,30
2,7,4.0,204,0,15,0,9,95,2,30
2,5,6.0,349,0,13,1,7,122,4,23
2,9,15.0,226,4,4,2,12,100,3,1
2,1,23.0,64,5,8,0,11,18,3,17
2,1,24.0,65,6,11,0,3,79,1,14
2,8,7.0,76,6,5,0,14,34,4,11
2,8,14.0,72,6,2,2,14,32,3,5
2,4,15.0,25,1,7,0,3,76,1,1
2,3,20.0,338,6,12,3,10,12,3,29
2,6,11.0,162,1,12,1,2,71,2,9
2,11,26.0,364,5,12,0,2,92,0,3
2,7,8.0,273,5,16,0,0,15,0,8
2,3,17.0,165,2,19,1,13,13,4,6
2,3,27.0,187,6,6,2,6,89,1,15
2,5,1.0,307,2,6,0,15,119,0,7
2,5,1.0,307,2,15,0,13,99,4,7
2,3,20.0,338,6,3,3,5,6,3,29
2,5,1.0,307,2,5,0,7,62,2,7
2,6,19.0,215,2,15,3,5,12,3,10
2,4,15.0,25,1,21,0,8,41,1,1
2,4,15.0,25,1,1,1,12,56,4,1
2,4,17.0,26,4,6,1,15,51,0,6
2,4,17.0,26,4,10,0,9,54,1,6
2,4,15.0,25,1,8,0,1,11,4,1
2,4,17.0,26,4,20,0,14,25,1,6
2,2,6.0,153,2,3,0,11,15,3,23
2,2,14.0,130,4,2,0,3,115,2,5
2,2,15.0,220,5,17,0,14,32,4,1
2,2,14.0,130,4,20,0,8,118,1,5
2,2,17.0,7,3,12,0,9,101,3,6
2,7,13.0,125,2,0,0,5,12,3,25
2,7,13.0,125,2,6,2,6,7,3,25
2,7,13.0,125,2,21,1,13,38,4,25
2,7,13.0,125,2,4,0,5,6,2,25
2,7,13.0,125,2,1,0,5,0,2,25
2,3,4.0,324,4,0,1,10,47,0,30
2,3,14.0,35,3,3,0,5,6,0,5
2,3,15.0,263,0,19,0,11,94,2,1
2,3,22.0,57,0,19,0,0,26,2,26
2,3,24.0,347,2,11,0,1,11,1,14
2,3,24.0,347,2,19,2,15,96,3,14
2,3,30.0,109,1,19,0,13,29,1,19
2,5,6.0,349,0,2,0,4,82,3,23
2,5,6.0,349,0,1,0,15,77,3,23
2,5,23.0,58,4,1,1,12,61,0,17
2,5,24.0,350,5,13,0,0,26,1,14
2,5,23.0,58,4,17,1,3,30,1,17
2,5,31.0,158,5,15,0,0,12,3,20
2,10,5.0,242,5,1,0,15,51,1,24
2,10,7.0,213,3,2,0,11,133,0,11
2,10,7.0,213,3,2,0,10,43,3,11
2,9,4.0,295,3,20,0,6,7,1,30
2,9,4.0,295,3,9,0,7,120,0,30
2,9,7.0,271,2,13,0,16,130,2,11
2,9,7.0,271,2,3,3,5,6,3,11
2,9,13.0,91,1,2,0,4,66,2,25
2,9,14.0,106,2,2,1,2,60,4,5
2,9,15.0,226,4,17,2,8,33,3,1
2,9,21.0,362,2,16,0,15,114,1,21
2,6,12.0,317,2,12,1,13,69,0,28
2,11,4.0,275,4,0,1,13,48,4,30
2,7,4.0,204,0,10,2,9,54,3,30
2,3,30.0,109,1,1,2,11,98,3,19
0,0,5.0,122,1,2,4,13,38,3,24
2,7,4.0,204,0,11,1,0,68,4,30
2,11,8.0,283,0,17,3,5,6,1,8
2,5,1.0,307,2,17,3,10,12,0,7
2,11,4.0,275,4,19,0,8,118,0,30
2,6,13.0,173,4,15,0,1,11,4,25
2,9,12.0,177,0,14,2,8,33,0,28
2,11,15.0,331,0,0,0,0,15,1,1
2,9,12.0,177,0,9,0,9,63,0,28
2,6,13.0,173,4,6,0,14,126,1,25
2,5,1.0,307,2,6,3,13,29,4,7
0,0,5.0,122,1,4,4,0,64,3,24
0,0,19.0,13,1,17,1,0,85,1,10
2,7,4.0,204,0,7,0,4,82,1,30
2,9,20.0,119,1,0,1,11,117,1,29
2,6,13.0,173,4,13,2,1,35,3,25
2,5,6.0,349,0,10,0,6,89,4,23
2,5,9.0,155,4,14,0,6,132,4,12
2,5,9.0,155,4,18,0,9,95,4,12
2,5,9.0,155,4,18,0,13,38,1,12
2,5,12.0,184,3,6,0,10,52,1,28
2,5,12.0,184,3,11,2,7,111,3,28
2,5,12.0,184,3,4,0,0,26,1,28
2,5,12.0,184,3,8,0,9,93,2,28
2,6,19.0,215,2,5,1,14,126,1,10
2,6,25.0,348,1,8,0,1,11,4,13
2,6,25.0,348,1,9,2,13,28,3,13
2,6,27.0,309,4,8,0,12,56,1,15
2,6,27.0,309,4,14,0,3,79,1,15
2,10,29.0,157,0,21,1,6,73,0,16
2,10,29.0,157,0,3,2,1,11,3,16
2,10,29.0,157,0,1,0,1,59,1,16
2,5,9.0,155,4,6,0,7,78,4,12
2,5,9.0,155,4,6,0,14,126,1,12
3,11,4.0,275,6,14,0,4,4,1,30
2,5,12.0,184,3,3,0,0,53,0,28
2,5,12.0,184,3,5,1,1,81,4,28
2,5,17.0,195,5,9,0,10,47,2,6
2,5,17.0,195,5,20,1,1,16,4,6
2,6,11.0,162,1,17,2,10,52,3,9
2,6,11.0,162,1,16,2,10,47,3,9
2,6,11.0,162,1,23,1,5,64,2,9
2,6,12.0,317,2,22,2,1,35,0,28
2,6,19.0,215,2,23,1,14,25,0,10
2,6,25.0,348,1,4,2,13,69,3,13
2,6,25.0,348,1,18,0,8,9,1,13
2,6,27.0,309,4,11,0,16,139,1,15
2,6,27.0,309,4,9,0,6,7,1,15
2,6,28.0,335,5,20,0,8,27,1,18
2,6,27.0,309,4,9,0,13,69,4,15
2,10,29.0,157,0,18,0,2,35,2,16
2,10,29.0,157,0,9,0,1,1,4,16
2,1,11.0,353,3,5,0,9,95,2,9
2,7,8.0,273,5,12,0,0,68,1,8
2,7,18.0,330,0,16,0,0,53,3,0
2,7,18.0,330,0,4,0,15,39,1,0
2,9,20.0,119,1,14,2,4,75,3,29
2,5,13.0,36,0,15,0,15,31,2,25
2,1,5.0,97,0,2,0,8,9,0,24
2,7,24.0,41,3,17,1,9,63,0,14
2,7,24.0,41,3,23,0,4,4,1,14
2,7,24.0,41,3,12,0,10,52,1,14
2,7,24.0,41,3,22,1,4,138,4,14
2,7,24.0,41,3,1,0,15,114,1,14
2,7,29.0,42,5,10,1,9,49,0,16
2,7,29.0,42,5,4,1,12,100,4,16
2,5,29.0,294,2,17,0,11,15,0,16
2,10,6.0,243,6,12,1,3,76,1,23
2,7,31.0,180,3,12,1,12,17,1,20
2,7,25.0,316,0,2,0,16,72,0,13
2,7,25.0,316,0,1,0,8,41,1,13
2,3,2.0,182,1,2,0,2,86,3,22
2,3,8.0,44,0,18,0,13,48,4,8
2,3,11.0,104,4,7,1,3,103,0,9
2,3,11.0,104,4,12,0,9,63,4,9
2,3,17.0,165,2,19,1,5,12,0,6
2,3,20.0,338,6,2,3,8,19,4,29
2,3,27.0,187,6,7,0,13,21,0,15
2,3,27.0,187,6,2,0,13,13,0,15
2,5,1.0,307,2,0,2,9,9,2,7
0,8,8.0,76,5,13,0,5,6,4,8
2,5,12.0,184,3,14,0,9,54,4,28
2,5,12.0,184,3,3,1,1,81,4,28
2,5,17.0,195,5,15,2,10,22,3,6
2,5,26.0,328,3,15,3,10,47,0,3
2,6,11.0,162,1,12,0,13,21,0,9
2,6,12.0,317,2,16,0,5,64,3,28
2,6,19.0,215,2,12,1,3,30,2,10
2,6,25.0,348,1,22,1,9,54,4,13
2,6,27.0,309,4,0,2,10,47,3,15
2,7,31.0,180,3,5,1,2,71,4,20
2,7,31.0,180,3,14,0,13,28,0,20
2,3,5.0,303,5,22,2,11,94,3,24
2,3,6.0,289,6,14,0,12,100,1,23
2,3,6.0,289,6,13,1,7,111,1,23
2,3,6.0,289,6,20,1,8,65,4,23
2,3,7.0,148,3,16,0,16,65,3,11
2,3,6.0,289,6,20,1,7,54,4,23
2,3,7.0,148,3,13,1,9,49,1,11
2,3,12.0,210,5,22,0,3,30,0,28
2,9,20.0,119,1,18,2,3,44,3,29
0,0,5.0,122,1,2,4,6,116,3,24
2,7,19.0,266,1,17,1,13,36,1,10
2,7,4.0,204,0,3,1,14,110,4,30
2,6,13.0,173,4,19,0,3,30,1,25
2,9,20.0,119,1,19,1,15,96,2,29
2,11,15.0,331,0,13,0,9,27,0,1
2,11,15.0,331,0,11,1,4,4,1,1
0,0,12.0,113,1,5,4,6,7,3,28
2,10,4.0,336,4,7,1,0,53,2,30
2,3,14.0,35,3,9,0,10,22,1,5
2,7,5.0,93,1,17,0,1,16,4,24
2,6,13.0,173,4,1,1,3,30,0,25
2,9,20.0,119,1,1,0,5,64,2,29
2,9,3.0,217,6,16,0,16,108,1,27
2,9,13.0,91,1,0,2,4,76,3,25
0,0,12.0,113,1,17,4,3,115,4,28
2,9,19.0,234,0,4,1,13,21,4,10
2,3,6.0,289,6,4,0,8,118,2,23
2,10,5.0,242,5,12,0,14,106,1,24
2,9,20.0,119,1,9,0,0,64,3,29
2,9,3.0,217,6,19,2,1,105,3,27
2,9,13.0,91,1,19,0,0,77,4,25
2,9,15.0,226,4,14,0,9,102,1,1
2,9,15.0,226,4,14,0,8,41,1,1
2,9,13.0,91,1,18,0,9,83,3,25
2,9,21.0,362,2,11,1,2,60,4,21
2,9,23.0,167,5,13,2,2,86,0,17
2,7,6.0,293,2,6,1,3,70,1,23
2,3,20.0,338,6,13,0,3,103,1,29
2,7,31.0,180,3,20,1,14,110,3,20
2,7,31.0,180,3,3,0,10,22,0,20
2,7,31.0,180,3,6,2,2,69,3,20
2,3,5.0,303,5,14,2,12,80,3,24
2,3,5.0,303,5,9,0,10,43,0,24
2,3,6.0,289,6,9,2,13,99,3,23
2,3,7.0,148,3,8,0,2,2,2,11
2,3,7.0,148,3,1,0,13,99,3,11
0,10,29.0,318,6,3,0,10,47,2,16
2,7,6.0,293,2,12,0,5,6,2,23
2,9,15.0,226,4,15,0,1,67,4,1
2,7,13.0,125,2,4,2,15,31,2,25
2,3,4.0,324,4,10,1,10,43,1,30
2,3,4.0,324,4,2,2,16,74,3,30
2,3,15.0,263,0,6,0,8,41,1,1
2,3,15.0,263,0,4,1,13,13,1,1
2,3,21.0,166,3,16,0,5,6,3,21
2,3,22.0,57,0,21,1,12,61,1,26
2,3,22.0,57,0,11,2,6,7,2,26
2,3,21.0,166,3,19,0,6,89,3,21
2,3,23.0,357,1,18,2,14,88,3,17
2,3,24.0,347,2,4,0,14,34,2,14
2,11,10.0,360,2,17,0,7,111,0,4
2,11,25.0,88,4,3,0,13,29,1,13
2,11,10.0,360,2,3,2,10,23,0,4
0,0,1.0,8,5,13,3,11,58,1,7
2,11,7.0,253,3,9,0,10,47,3,11
2,9,24.0,272,6,11,0,8,27,2,14
2,7,2.0,269,6,11,1,11,15,4,22
2,11,24.0,194,2,4,1,5,6,1,14
0,1,25.0,65,5,10,0,11,133,2,13
2,7,2.0,269,6,5,0,13,69,2,22
2,7,17.0,154,3,2,1,12,56,2,6
0,8,1.0,66,5,13,0,14,107,1,7
2,11,6.0,252,6,20,0,5,64,3,23
2,11,11.0,175,4,6,1,14,25,0,9
2,11,13.0,312,6,17,1,10,47,0,25
2,11,13.0,312,6,11,2,14,25,3,25
2,11,13.0,312,6,14,3,0,12,0,25
2,11,20.0,340,6,14,0,15,46,4,29
2,5,29.0,294,2,9,0,11,15,1,16
2,9,5.0,89,0,20,1,4,4,4,24
2,9,5.0,89,0,13,1,16,37,1,24
2,9,5.0,89,0,14,1,14,25,2,24
2,3,7.0,148,3,6,0,11,15,2,11
2,3,7.0,148,3,14,0,9,63,4,11
0,2,30.0,131,4,13,3,13,61,0,19
2,3,7.0,148,3,3,0,0,0,0,11
2,3,7.0,148,3,8,0,13,21,1,11
2,5,29.0,294,2,18,2,8,27,3,16
2,5,21.0,163,1,14,1,14,25,0,21
2,5,21.0,163,1,13,1,8,33,1,21
2,9,5.0,89,0,19,0,2,69,0,24
2,9,27.0,179,1,14,1,9,134,4,15
2,9,27.0,179,1,18,2,7,78,3,15
2,7,3.0,186,3,12,0,0,85,1,27
2,7,3.0,186,3,13,0,14,32,3,27
2,10,2.0,310,1,0,0,4,75,4,22
2,1,12.0,207,0,18,0,3,103,1,28
2,9,15.0,226,4,13,0,7,137,3,1
2,5,6.0,349,0,15,0,10,22,1,23
2,5,6.0,349,0,6,0,2,69,3,23
2,3,23.0,357,1,22,0,1,1,1,17
2,3,23.0,357,1,5,0,2,40,1,17
2,5,6.0,349,0,18,0,10,22,4,23
2,5,22.0,168,2,6,2,2,69,2,26
2,11,10.0,360,2,14,0,8,19,0,4
2,11,19.0,321,5,11,0,3,76,2,10
2,11,19.0,321,5,13,2,9,83,0,10
2,11,25.0,88,4,0,0,0,64,2,13
2,11,25.0,88,4,14,0,15,31,1,13
2,11,25.0,88,4,14,0,1,105,4,13
2,11,26.0,364,5,15,1,1,81,4,3
2,7,25.0,316,0,13,1,0,0,2,13
2,11,19.0,321,5,19,1,11,15,0,10
2,11,19.0,321,5,0,0,15,39,1,10
2,11,10.0,360,2,18,1,8,41,1,4
2,11,24.0,194,2,19,0,0,12,1,14
2,3,15.0,263,0,11,0,15,46,3,1
0,0,12.0,113,1,9,4,7,129,4,28
2,10,5.0,242,5,18,0,10,6,3,24
2,6,3.0,159,0,12,1,15,114,4,27
2,9,28.0,315,2,0,0,12,80,0,18
2,9,28.0,315,2,9,0,9,93,3,18
2,9,4.0,295,3,5,0,16,74,1,30
2,3,14.0,35,3,12,0,11,133,2,5
2,9,29.0,98,4,11,0,15,114,2,16
0,0,12.0,113,1,12,4,13,21,3,28
2,1,7.0,62,2,11,0,12,61,1,11
2,10,18.0,117,4,12,0,2,3,4,0
2,9,10.0,156,6,22,1,1,81,4,4
2,3,10.0,337,2,6,1,9,87,2,4
2,3,21.0,166,3,11,0,4,75,1,21
2,7,21.0,211,4,22,0,2,2,0,21
2,1,13.0,183,1,17,0,9,93,1,25
2,7,3.0,186,3,11,1,13,36,1,27
2,3,10.0,337,2,7,1,1,11,0,4
2,3,30.0,109,1,10,0,3,76,1,19
2,7,20.0,81,2,18,0,13,99,2,29
2,1,24.0,65,6,13,0,15,31,3,14
0,0,13.0,198,2,20,4,2,86,1,25
2,4,13.0,345,3,2,0,15,108,2,25
2,3,11.0,104,4,7,1,2,2,0,9
2,3,8.0,44,0,23,0,13,36,4,8
2,3,11.0,104,4,8,0,2,2,1,9
2,3,10.0,337,2,19,1,12,83,1,4
2,3,10.0,337,2,18,1,1,105,4,4
2,3,17.0,165,2,1,2,5,64,3,6
2,3,20.0,338,6,20,0,2,92,4,29
2,3,27.0,187,6,6,1,2,86,4,15
2,5,1.0,307,2,0,0,0,31,3,7
2,5,12.0,184,3,2,0,2,86,3,28
2,5,17.0,195,5,9,2,6,128,3,6
2,5,26.0,328,3,0,0,5,12,3,3
2,5,26.0,328,3,21,0,10,43,1,3
2,5,26.0,328,3,14,0,9,9,0,3
2,6,12.0,317,2,8,1,15,96,1,28
2,6,25.0,348,1,8,0,5,6,0,13
2,6,25.0,348,1,18,0,2,92,1,13
2,6,27.0,309,4,11,0,2,92,1,15
2,6,28.0,335,5,17,0,11,55,1,18
2,11,6.0,252,6,10,1,10,52,1,23
2,11,6.0,252,6,14,0,13,38,3,23
2,11,13.0,312,6,20,1,14,107,1,25
2,9,28.0,315,2,6,0,13,61,0,18
2,9,28.0,315,2,12,0,6,128,1,18
2,9,28.0,315,2,6,1,4,127,0,18
2,9,28.0,315,2,14,0,9,93,4,18
2,7,20.0,81,2,1,0,10,22,3,29
2,7,23.0,68,6,13,2,13,99,3,17
2,7,23.0,68,6,7,1,7,62,0,17
2,7,23.0,68,6,1,0,1,11,4,17
2,3,4.0,324,4,8,0,12,56,2,30
2,3,14.0,35,3,10,0,5,6,2,5
2,3,14.0,35,3,22,0,4,45,1,5
2,3,15.0,263,0,12,0,0,26,3,1
2,3,15.0,263,0,9,3,1,35,0,1
2,3,22.0,57,0,5,1,10,47,0,26
2,3,22.0,57,0,15,2,15,114,2,26
2,11,22.0,250,0,18,2,7,54,3,26
2,11,15.0,331,0,17,0,16,74,2,1
2,11,22.0,250,0,9,0,13,29,1,26
2,5,6.0,349,0,12,0,8,19,0,23
2,3,22.0,57,0,14,0,16,50,1,26
2,3,24.0,347,2,5,0,4,82,1,14
2,1,24.0,65,6,21,1,13,38,0,14
2,8,7.0,76,6,15,0,14,106,0,11
2,4,14.0,132,0,19,0,0,53,0,5
2,4,15.0,25,1,6,0,0,12,1,1
2,4,15.0,25,1,17,0,14,110,3,1
2,7,24.0,41,3,6,2,15,51,1,14
2,7,24.0,41,3,9,1,14,110,0,14
2,7,29.0,42,5,5,1,5,6,2,16
2,7,29.0,42,5,23,1,9,95,4,16
2,7,31.0,180,3,17,1,9,54,1,20
2,3,12.0,210,5,2,0,1,11,0,28
2,3,13.0,33,6,0,0,9,101,0,25
2,3,13.0,33,6,14,0,9,57,3,25
2,5,7.0,199,1,4,2,2,86,1,11
2,5,7.0,199,1,9,2,14,88,3,11
2,5,13.0,36,0,0,0,5,12,3,25
2,5,13.0,36,0,18,1,1,35,4,25
2,5,21.0,163,1,20,0,8,118,3,21
2,5,29.0,294,2,7,0,6,89,0,16
2,9,12.0,177,0,23,0,16,113,1,28
2,7,5.0,93,1,9,0,4,75,1,24
2,11,11.0,175,4,11,0,2,86,2,9
2,8,6.0,70,5,17,1,14,32,0,23
2,2,16.0,6,6,18,0,9,93,3,2
2,3,7.0,148,3,2,1,1,59,4,11
2,3,12.0,210,5,17,0,8,9,1,28
2,3,6.0,289,6,11,0,10,47,1,23
2,3,12.0,210,5,3,1,9,95,4,28
2,3,12.0,210,5,9,0,1,105,4,28
2,3,13.0,33,6,15,0,1,11,1,25
2,4,17.0,26,4,7,0,10,47,3,6
2,2,6.0,153,2,19,0,8,9,1,23
0,8,23.0,102,6,20,0,11,15,2,17
2,7,6.0,293,2,6,0,1,11,0,23
2,2,6.0,153,2,12,0,10,22,3,23
2,2,7.0,258,4,20,0,9,49,2,11
2,2,6.0,153,2,17,1,1,59,4,23
2,2,7.0,258,4,3,0,5,6,0,11
2,7,21.0,211,4,19,1,0,12,1,21
2,6,12.0,317,2,4,0,1,105,4,28
2,1,24.0,65,6,4,0,13,99,1,14
0,0,13.0,198,2,2,4,16,72,3,25
0,0,13.0,198,2,4,4,3,79,4,25
0,0,13.0,198,2,2,4,2,13,4,25
0,0,13.0,198,2,10,4,13,21,3,25
0,0,13.0,198,2,14,4,16,50,3,25
0,0,13.0,198,2,12,4,2,2,4,25
0,0,13.0,198,2,6,4,11,129,4,25
0,0,13.0,198,2,14,4,1,105,3,25
0,0,15.0,190,5,5,4,14,34,3,1
0,0,15.0,190,5,4,4,14,110,3,1
0,0,15.0,190,5,2,4,10,23,3,1
0,0,15.0,190,5,18,4,4,136,3,1
0,0,15.0,190,5,17,4,14,25,3,1
0,0,15.0,190,5,4,4,6,116,3,1
0,0,15.0,190,5,12,4,6,7,3,1
0,0,15.0,190,5,17,4,14,25,3,1
0,0,15.0,190,5,17,4,14,25,4,1
0,0,15.0,190,5,2,4,0,31,3,1
0,0,15.0,190,5,16,4,6,7,3,1
0,0,15.0,190,5,18,4,11,55,3,1
0,0,15.0,190,5,9,4,8,9,4,1
0,0,15.0,190,5,18,4,6,116,4,1
0,0,21.0,287,4,4,4,3,30,1,21
0,0,21.0,287,4,15,4,12,17,3,21
0,0,21.0,287,4,11,4,0,96,4,21
0,0,21.0,287,4,22,4,16,130,3,21
0,0,21.0,287,4,8,4,6,128,3,21
0,0,21.0,287,4,19,4,8,27,3,21
0,0,22.0,241,5,12,4,8,19,1,26
0,0,22.0,241,5,12,4,6,7,3,26
0,0,22.0,241,5,7,4,1,11,4,26
0,0,22.0,241,5,1,4,0,64,3,26
0,0,29.0,191,5,0,4,13,13,3,16
0,0,29.0,191,5,16,4,14,110,3,16
0,0,29.0,191,5,1,4,11,124,3,16
0,0,29.0,191,5,18,4,13,99,4,16
0,0,30.0,228,6,16,4,11,15,3,19
0,0,30.0,228,6,3,4,0,77,3,19
0,0,30.0,228,6,4,4,7,62,0,19
0,0,30.0,228,6,2,4,6,7,3,19
0,1,1.0,203,1,17,0,8,19,1,7
2,11,18.0,332,4,6,3,4,79,3,0
0,2,19.0,137,3,13,1,12,121,1,10
2,7,1.0,160,5,13,3,9,57,0,7
2,11,3.0,288,2,14,2,2,13,0,27
2,11,3.0,288,2,3,1,9,83,2,27
2,7,11.0,181,0,8,1,9,109,4,9
2,3,1.0,120,0,8,1,6,7,0,7
2,11,11.0,175,4,10,1,13,21,0,9
2,11,19.0,321,5,13,0,8,118,2,10
2,11,15.0,331,0,15,1,15,51,4,1
2,11,22.0,250,0,3,1,1,1,4,26
2,9,4.0,295,3,16,0,9,95,4,30
2,9,6.0,51,1,17,0,11,55,3,23
2,9,6.0,51,1,22,0,9,93,1,23
2,9,6.0,51,1,22,2,12,61,3,23
2,9,7.0,271,2,11,2,5,6,3,11
2,9,13.0,91,1,5,0,4,4,1,25
2,9,13.0,91,1,14,2,7,78,0,25
2,9,13.0,91,1,15,0,9,10,3,25
2,9,15.0,226,4,21,0,8,19,3,1
2,11,3.0,288,2,6,0,0,12,0,27
2,11,3.0,288,2,3,3,1,1,0,27
2,9,20.0,119,1,9,3,5,64,3,29
2,11,4.0,275,4,21,3,3,115,4,30
2,11,15.0,331,0,8,0,6,128,3,1
2,11,15.0,331,0,12,1,6,89,1,1
2,9,3.0,217,6,13,2,4,75,3,27
2,9,3.0,217,6,3,1,0,15,1,27
2,9,3.0,217,6,20,1,2,123,4,27
2,9,3.0,217,6,14,0,13,21,3,27
2,9,4.0,295,3,20,1,13,69,4,30
2,9,6.0,51,1,16,0,0,77,3,23
2,9,6.0,51,1,0,0,15,112,3,23
2,9,4.0,295,3,4,1,5,6,1,30
2,9,6.0,51,1,22,2,1,105,0,23
2,9,13.0,91,1,6,1,15,114,1,25
2,9,13.0,91,1,3,2,15,46,0,25
2,9,13.0,91,1,0,0,14,24,1,25
2,9,12.0,177,0,6,2,0,64,4,28
2,9,20.0,119,1,1,1,0,31,0,29
2,9,21.0,362,2,19,0,8,9,3,21
2,9,21.0,362,2,13,0,6,132,1,21
2,9,23.0,167,5,5,0,3,30,2,17
2,3,20.0,338,6,14,1,0,15,1,29
2,3,2.0,182,1,22,0,13,38,4,22
2,7,23.0,68,6,11,1,3,79,4,17
2,9,4.0,295,3,2,2,16,42,3,30
2,5,19.0,214,3,8,1,9,49,1,10
2,5,22.0,168,2,16,0,7,120,0,26
2,5,23.0,58,4,17,1,4,127,1,17
2,5,24.0,350,5,22,0,8,41,1,14
2,6,13.0,173,4,11,0,8,27,4,25
2,6,16.0,244,3,22,0,12,56,3,2
2,6,21.0,185,5,18,1,3,115,4,21
2,6,21.0,185,5,5,0,9,93,4,21
2,10,5.0,242,5,12,0,5,12,0,24
2,10,7.0,213,3,17,0,15,112,3,11
2,10,7.0,213,3,16,0,11,18,3,11
2,10,7.0,213,3,8,1,12,80,1,11
2,10,15.0,201,0,18,2,6,89,0,1
2,1,13.0,183,1,0,1,8,27,4,25
2,1,16.0,63,5,15,2,14,107,3,2
2,11,3.0,288,2,11,2,13,28,3,27
2,11,3.0,288,2,15,1,13,21,0,27
2,11,15.0,331,0,6,0,4,79,3,1
2,11,15.0,331,0,0,0,5,0,2,1
2,9,26.0,267,0,5,0,5,6,0,3
2,3,9.0,4,1,22,3,10,47,0,12
2,9,26.0,267,0,19,1,4,127,2,3
2,9,18.0,359,3,13,3,1,1,4,0
2,11,7.0,253,3,11,1,2,60,4,11
2,5,20.0,351,0,12,1,0,15,0,29
2,10,4.0,336,4,18,1,3,115,2,30
2,11,22.0,250,0,4,2,6,7,3,26
2,9,3.0,217,6,22,2,10,22,3,27
2,9,3.0,217,6,22,1,4,127,4,27
2,9,3.0,217,6,18,0,3,30,2,27
2,9,4.0,295,3,4,1,16,113,1,30
2,9,6.0,51,1,7,1,15,85,1,23
2,9,13.0,91,1,3,2,8,9,0,25
2,9,13.0,91,1,12,2,10,47,0,25
2,9,15.0,226,4,4,1,13,48,4,1
2,9,21.0,362,2,2,0,15,31,3,21
2,9,23.0,167,5,23,1,9,54,0,17
2,9,23.0,167,5,16,1,14,125,0,17
2,9,23.0,167,5,4,1,3,70,4,17
2,7,4.0,204,0,3,0,13,38,2,30
2,7,4.0,204,0,8,0,13,38,4,30
2,5,6.0,349,0,1,0,11,55,3,23
0,0,20.0,172,2,0,0,8,27,0,29
2,1,16.0,63,5,21,1,1,67,0,2
2,1,8.0,50,4,10,0,7,122,2,8
2,9,27.0,179,1,16,0,14,25,2,15
2,9,1.0,126,4,17,3,12,17,1,7
2,3,16.0,54,1,1,1,9,109,4,2
2,3,6.0,289,6,17,1,0,15,0,23
2,3,12.0,210,5,3,1,9,93,4,28
2,3,12.0,210,5,8,1,1,16,4,28
2,3,12.0,210,5,2,0,5,6,3,28
2,3,12.0,210,5,12,0,9,54,3,28
2,3,13.0,33,6,3,1,1,35,1,25
2,3,13.0,33,6,14,0,1,11,0,25
2,3,13.0,33,6,15,1,12,100,4,25
2,3,12.0,210,5,14,0,10,22,1,28
2,5,7.0,199,1,0,0,11,122,1,11
2,5,7.0,199,1,22,0,14,25,3,11
2,5,7.0,199,1,4,0,11,94,0,11
2,5,13.0,36,0,6,1,9,58,0,25
2,5,13.0,36,0,13,0,14,24,4,25
2,5,14.0,200,1,0,0,16,42,1,5
2,5,13.0,36,0,13,0,10,43,1,25
2,5,21.0,163,1,22,0,13,38,0,21
2,5,21.0,163,1,19,0,10,23,1,21
2,5,30.0,196,4,3,0,4,138,2,19
2,6,4.0,342,1,14,0,5,64,0,30
2,1,12.0,207,0,4,1,13,28,4,28
2,1,12.0,207,0,12,1,3,76,4,28
2,1,13.0,183,1,15,0,13,38,0,25
2,1,13.0,183,1,13,0,4,82,1,25
2,1,7.0,62,2,13,0,2,2,0,11
2,1,7.0,62,2,18,0,3,30,1,11
2,1,7.0,62,2,19,0,12,17,3,11
2,5,22.0,168,2,18,0,1,59,3,26
2,3,24.0,347,2,18,0,15,119,3,14
2,11,10.0,360,2,13,0,0,64,2,4
2,3,20.0,338,6,16,0,10,47,2,29
2,7,31.0,180,3,1,0,8,118,1,20
2,11,2.0,265,1,1,1,14,106,2,22
0,2,1.0,16,2,8,0,2,86,1,7
2,3,5.0,303,5,0,1,2,86,0,24
2,10,4.0,336,4,13,0,12,56,1,30
2,11,19.0,321,5,1,0,8,41,1,10
2,3,5.0,303,5,23,0,1,100,2,24
2,7,19.0,266,1,10,0,5,6,1,10
2,9,5.0,89,0,1,0,1,11,3,24
2,11,19.0,321,5,19,0,9,57,2,10
2,3,5.0,303,5,23,0,14,131,1,24
2,9,8.0,90,4,23,3,9,95,1,8
2,11,6.0,252,6,8,1,1,35,4,23
2,11,11.0,175,4,0,1,7,57,0,9
2,11,11.0,175,4,14,0,9,102,2,9
2,11,20.0,340,6,17,2,9,54,3,29
2,11,20.0,340,6,3,1,16,74,1,29
2,11,23.0,232,1,17,2,12,100,3,17
2,11,23.0,232,1,0,1,13,21,0,17
2,11,31.0,227,2,16,1,15,46,4,20
2,11,31.0,227,2,2,0,13,48,4,20
2,7,3.0,186,3,13,3,9,93,4,27
2,3,19.0,105,5,14,0,3,115,1,10
2,9,11.0,52,3,8,0,10,47,3,9
2,9,27.0,179,1,12,2,16,37,1,15
2,7,28.0,268,4,18,0,2,92,1,18
2,9,5.0,89,0,9,2,9,102,3,24
2,9,12.0,177,0,0,0,2,86,1,28
2,9,12.0,177,0,2,1,11,8,4,28
2,9,20.0,119,1,16,0,2,86,0,29
2,9,28.0,315,2,3,0,8,27,1,18
2,9,20.0,119,1,4,2,15,46,3,29
2,9,29.0,98,4,11,2,10,47,0,16
2,7,5.0,93,1,9,1,4,127,0,24
2,7,21.0,211,4,4,1,12,84,0,21
2,11,13.0,312,6,6,0,13,28,1,25
2,11,20.0,340,6,3,0,5,6,0,29
2,11,20.0,340,6,2,2,12,84,0,29
2,11,23.0,232,1,22,1,14,107,4,17
2,11,29.0,270,0,16,0,0,26,3,16
2,9,12.0,177,0,12,1,9,109,4,28
2,9,29.0,98,4,12,0,3,79,1,16
2,7,5.0,93,1,7,1,8,33,0,24
2,7,20.0,81,2,13,0,1,59,0,29
2,7,21.0,211,4,11,3,1,35,0,21
2,7,23.0,68,6,7,1,5,6,0,17
2,7,29.0,42,5,10,0,8,27,1,16
2,7,29.0,42,5,11,0,11,98,3,16
2,7,29.0,42,5,1,1,4,4,1,16
2,3,5.0,303,5,2,0,14,110,4,24
2,9,29.0,98,4,1,2,10,22,3,16
2,7,23.0,68,6,15,1,3,79,4,17
2,7,23.0,68,6,10,1,0,12,0,17
0,7,21.0,81,1,19,0,0,64,1,21
2,7,24.0,41,3,5,0,4,66,2,14
2,7,23.0,68,6,14,0,1,35,3,17
2,7,29.0,42,5,23,0,15,51,1,16
2,7,29.0,42,5,8,0,13,99,3,16
2,7,31.0,180,3,16,1,9,10,0,20
2,7,31.0,180,3,0,2,15,96,0,20
2,7,31.0,180,3,21,0,4,45,0,20
2,7,31.0,180,3,23,0,6,89,4,20
2,9,6.0,51,1,4,2,10,22,3,23
2,9,7.0,271,2,17,0,5,12,3,11
2,9,7.0,271,2,6,0,5,6,3,11
2,9,7.0,271,2,21,0,9,10,4,11
2,9,6.0,51,1,5,1,6,116,4,23
2,9,6.0,51,1,1,1,13,38,0,23
2,9,13.0,91,1,14,1,4,45,1,25
2,9,15.0,226,4,0,0,11,98,1,1
2,9,14.0,106,2,4,1,0,68,0,5
2,7,4.0,204,0,4,0,2,2,3,30
2,7,4.0,204,0,18,0,6,116,3,30
2,7,6.0,293,2,13,0,16,74,3,23
2,7,6.0,293,2,9,0,7,57,1,23
2,7,6.0,293,2,16,0,0,12,0,23
2,3,14.0,35,3,20,1,9,87,4,5
2,3,15.0,263,0,5,0,8,41,1,1
2,3,15.0,263,0,8,0,12,104,3,1
2,3,21.0,166,3,13,2,7,20,0,21
2,3,21.0,166,3,22,0,6,89,1,21
2,3,21.0,166,3,9,0,13,36,1,21
2,3,21.0,166,3,11,1,15,46,4,21
2,11,19.0,321,5,20,1,13,48,4,10
2,11,23.0,232,1,15,3,13,21,3,17
2,3,5.0,303,5,22,0,3,79,0,24
2,3,23.0,357,1,0,0,0,12,1,17
2,11,25.0,88,4,11,0,7,122,2,13
2,3,21.0,166,3,14,0,13,36,1,21
2,11,25.0,88,4,13,0,1,35,4,13
2,3,5.0,303,5,20,1,9,95,1,24
2,3,21.0,166,3,3,1,1,105,4,21
2,11,26.0,364,5,12,1,14,97,4,3
2,11,27.0,322,6,8,0,0,26,2,15
2,11,26.0,364,5,13,1,13,28,1,3
2,9,17.0,255,6,15,0,11,122,2,6
2,9,17.0,255,6,13,1,11,15,4,6
2,7,8.0,273,5,3,1,7,31,4,8
2,7,8.0,273,5,4,0,9,95,1,8
2,7,8.0,273,5,9,0,10,47,0,8
2,7,18.0,330,0,6,0,2,123,3,0
2,7,18.0,330,0,8,2,6,89,3,0
2,7,25.0,316,0,6,2,4,82,2,13
2,11,26.0,364,5,19,2,6,89,3,3
2,5,10.0,326,5,22,0,2,60,2,4
2,7,23.0,68,6,14,0,14,131,1,17
2,7,31.0,180,3,9,0,13,21,1,20
2,3,7.0,148,3,4,1,0,68,4,11
2,3,7.0,148,3,20,1,9,134,1,11
2,3,12.0,210,5,22,0,16,37,3,28
2,3,12.0,210,5,1,1,11,15,0,28
2,3,13.0,33,6,17,2,1,105,3,25
2,3,12.0,210,5,19,0,2,2,4,28
2,3,13.0,33,6,9,0,4,75,1,25
2,3,12.0,210,5,16,1,3,79,1,28
2,5,7.0,199,1,2,0,13,48,2,11
2,5,14.0,200,1,5,0,15,114,2,5
2,5,13.0,36,0,19,0,6,116,1,25
2,5,14.0,200,1,0,1,4,127,1,5
2,5,21.0,163,1,16,0,9,102,3,21
2,5,21.0,163,1,16,0,10,47,1,21
2,5,29.0,294,2,0,0,5,64,2,16
2,5,29.0,294,2,19,0,1,59,1,16
2,5,29.0,294,2,18,0,13,29,2,16
2,5,30.0,196,4,3,0,14,24,1,19
2,5,30.0,196,4,19,2,9,9,3,19
2,6,4.0,342,1,21,0,0,53,3,30
2,6,4.0,342,1,7,0,1,59,4,30
2,6,4.0,342,1,15,0,6,89,3,30
2,5,2.0,161,4,17,0,8,118,3,22
2,3,19.0,105,5,1,1,3,30,4,10
2,2,11.0,128,0,12,0,0,12,1,9
2,7,28.0,268,4,13,1,8,19,0,18
0,4,1.0,144,3,13,0,2,2,1,7
2,5,8.0,206,2,12,0,10,22,1,8
2,3,25.0,343,4,17,0,2,86,1,13
2,6,10.0,355,0,8,0,13,48,4,4
2,6,29.0,145,6,13,0,1,11,3,16
2,1,1.0,171,4,10,2,3,70,1,7
2,11,27.0,322,6,4,0,1,11,4,15
2,9,17.0,255,6,14,1,3,44,0,6
2,7,8.0,273,5,17,1,1,105,0,8
2,3,2.0,182,1,14,2,10,23,1,22
2,7,11.0,181,0,3,0,7,62,3,9
2,7,11.0,181,0,12,0,13,99,3,9
2,7,11.0,181,0,9,0,8,118,1,9
2,7,11.0,181,0,18,2,15,114,3,9
2,7,18.0,330,0,0,1,8,19,0,0
2,7,18.0,330,0,19,0,8,41,3,0
2,7,25.0,316,0,22,2,8,19,0,13
2,3,2.0,182,1,17,0,12,56,1,22
2,3,8.0,44,0,3,0,2,40,4,8
2,3,8.0,44,0,14,2,15,85,3,8
2,3,10.0,337,2,16,0,14,24,1,4
2,3,10.0,337,2,11,0,2,86,1,4
2,3,10.0,337,2,8,0,9,57,3,4
2,3,10.0,337,2,4,2,15,96,0,4
2,6,4.0,342,1,13,2,1,35,3,30
2,6,4.0,342,1,9,0,10,22,3,30
2,3,6.0,289,6,9,0,10,23,2,23
2,3,21.0,166,3,22,0,9,102,1,21
2,3,7.0,148,3,12,0,10,47,3,11
2,11,3.0,288,2,16,2,13,38,4,27
2,11,6.0,252,6,12,0,1,1,3,23
2,11,6.0,252,6,13,0,12,80,1,23
2,11,3.0,288,2,17,0,11,98,4,27
2,11,3.0,288,2,16,1,0,77,0,27
2,11,4.0,275,4,3,0,6,14,2,30
2,11,11.0,175,4,14,0,13,48,3,9
2,11,4.0,275,4,9,2,11,15,3,30
2,11,11.0,175,4,19,2,8,118,1,9
2,11,6.0,252,6,9,2,10,22,3,23
2,3,11.0,104,4,1,3,2,2,0,9
2,3,20.0,338,6,15,0,6,7,3,29
2,6,11.0,162,1,4,1,3,70,4,9
2,11,1.0,222,0,12,1,2,86,4,7
2,11,15.0,331,0,22,1,1,1,1,1
2,11,22.0,250,0,22,1,1,1,4,26
2,9,13.0,91,1,2,0,7,57,3,25
2,9,14.0,106,2,16,1,1,67,0,5
2,9,14.0,106,2,14,1,9,134,4,5
2,9,21.0,362,2,0,0,12,121,3,21
2,9,21.0,362,2,23,0,8,41,1,21
2,9,21.0,362,2,10,1,5,6,0,21
2,9,21.0,362,2,1,0,14,24,2,21
2,9,23.0,167,5,23,1,9,102,2,17
2,7,6.0,293,2,8,0,16,113,1,23
2,3,4.0,324,4,21,2,1,11,4,30
2,11,4.0,275,4,12,1,16,39,0,30
2,3,4.0,324,4,15,0,5,6,3,30
2,3,4.0,324,4,19,2,16,42,3,30
2,3,22.0,57,0,3,1,12,80,1,26
2,3,22.0,57,0,19,0,12,17,1,26
2,3,24.0,347,2,15,0,5,6,0,14
2,3,30.0,109,1,5,0,7,20,4,19
0,0,25.0,281,0,17,3,1,16,1,13
2,11,11.0,175,4,17,0,13,99,1,9
2,11,11.0,175,4,12,1,13,28,4,9
2,11,13.0,312,6,15,0,7,62,0,25
2,11,13.0,312,6,16,0,8,41,3,25
2,11,20.0,340,6,2,1,16,74,1,29
2,11,20.0,340,6,8,1,0,15,4,29
2,11,23.0,232,1,3,0,10,43,3,17
2,11,29.0,270,0,6,2,10,47,3,16
2,11,29.0,270,0,13,0,9,27,2,16
2,11,29.0,270,0,12,1,2,35,4,16
2,11,29.0,270,0,4,1,14,126,4,16
2,11,31.0,227,2,12,0,2,86,3,20
2,11,31.0,227,2,1,0,1,81,1,20
2,11,31.0,227,2,18,0,15,51,1,20
2,9,12.0,177,0,23,0,13,28,3,28
2,9,12.0,177,0,17,3,0,12,0,28
2,9,20.0,119,1,6,0,13,21,0,29
2,9,20.0,119,1,16,0,15,108,4,29
2,9,28.0,315,2,16,0,0,26,1,18
2,11,18.0,332,4,8,0,16,37,3,0
2,9,9.0,320,5,10,1,13,28,0,12
2,9,27.0,179,1,1,1,3,115,0,15
2,11,3.0,288,2,13,2,14,110,0,27
2,11,15.0,331,0,0,0,10,47,3,1
2,9,29.0,98,4,11,0,16,50,1,16
2,9,20.0,119,1,19,1,0,26,1,29
2,7,5.0,93,1,0,0,0,85,1,24
2,7,20.0,81,2,1,0,6,7,3,29
2,7,20.0,81,2,14,1,15,51,0,29
2,11,15.0,331,0,12,0,12,100,4,1
2,3,14.0,35,3,11,0,10,6,3,5
2,7,13.0,125,2,9,1,14,25,0,25
2,7,13.0,125,2,4,0,8,27,0,25
2,7,13.0,125,2,19,0,10,22,2,25
2,7,13.0,125,2,16,0,11,133,3,25
2,9,6.0,51,1,2,1,0,26,4,23
2,9,7.0,271,2,15,0,3,30,0,11
2,11,3.0,288,2,0,1,2,71,0,27
2,11,13.0,312,6,19,1,9,10,4,25
2,11,29.0,270,0,7,0,10,22,3,16
2,11,29.0,270,0,8,1,9,9,0,16
2,11,31.0,227,2,21,1,10,52,0,20
2,11,31.0,227,2,19,0,12,100,4,20
2,11,31.0,227,2,22,0,2,2,1,20
2,9,5.0,89,0,18,0,1,11,4,24
2,9,20.0,119,1,10,0,10,22,1,29
2,9,20.0,119,1,11,0,16,42,3,29
2,3,10.0,337,2,9,1,1,67,0,4
2,3,11.0,104,4,9,0,2,86,1,9
2,11,10.0,360,2,2,0,9,95,3,4
2,11,10.0,360,2,4,0,10,12,1,4
2,11,10.0,360,2,14,1,14,24,4,4
2,11,26.0,364,5,6,0,4,82,0,3
2,11,27.0,322,6,11,1,6,7,4,15
2,9,17.0,255,6,13,1,15,119,4,6
2,9,17.0,255,6,9,1,15,108,4,6
2,7,11.0,181,0,11,0,5,6,2,9
2,7,18.0,330,0,6,0,5,6,1,0
2,7,18.0,330,0,22,0,8,41,1,0
2,7,18.0,330,0,14,0,9,49,0,0
2,7,25.0,316,0,23,2,10,47,0,13
2,3,8.0,44,0,21,1,7,62,0,8
2,3,8.0,44,0,13,0,6,7,3,8
2,3,10.0,337,2,0,0,8,9,3,4
2,3,11.0,104,4,17,2,13,21,3,9
2,3,11.0,104,4,8,0,0,0,2,9
2,3,20.0,338,6,23,1,2,92,0,29
2,3,20.0,338,6,20,1,3,76,4,29
2,3,20.0,338,6,18,0,3,30,1,29
2,3,27.0,187,6,4,3,9,93,1,15
2,5,1.0,307,2,7,0,0,77,3,7
2,11,19.0,321,5,13,0,6,91,2,10
2,3,2.0,182,1,18,0,1,105,0,22
2,11,27.0,322,6,20,0,14,107,4,15
2,11,27.0,322,6,10,1,13,36,4,15
2,7,8.0,273,5,6,0,6,132,3,8
2,11,10.0,360,2,12,0,0,77,3,4
2,11,25.0,88,4,20,0,2,86,2,13
2,11,26.0,364,5,13,1,9,63,4,3
2,11,26.0,364,5,14,1,4,66,4,3
2,11,27.0,322,6,15,0,0,15,3,15
2,11,27.0,322,6,19,1,1,1,4,15
2,11,27.0,322,6,12,0,15,51,1,15
2,7,8.0,273,5,19,0,3,76,0,8
2,7,11.0,181,0,8,1,9,109,4,9
2,8,7.0,76,6,11,0,9,102,1,11
2,8,14.0,72,6,14,2,5,12,3,5
2,4,14.0,132,0,8,0,2,92,3,5
2,4,17.0,26,4,3,0,1,35,2,6
2,5,6.0,349,0,18,0,10,47,3,23
2,5,22.0,168,2,20,0,6,89,1,26
2,5,22.0,168,2,17,2,13,29,0,26
2,5,22.0,168,2,14,0,3,30,4,26
2,5,23.0,58,4,17,1,0,15,4,17
2,5,24.0,350,5,7,1,10,22,0,14
2,5,24.0,350,5,17,0,13,38,0,14
2,6,13.0,173,4,18,0,0,0,3,25
3,6,28.0,309,6,6,0,0,64,3,18
3,9,14.0,106,5,16,0,2,86,1,5
1,0,25.0,281,3,17,0,15,114,1,13
3,6,28.0,309,6,3,0,13,13,4,18
3,10,29.0,318,1,9,0,4,82,1,16
2,4,10.0,121,4,1,1,10,47,1,4
3,9,14.0,106,5,18,0,10,52,1,5
3,9,14.0,106,5,5,1,8,9,4,5
3,9,17.0,255,0,21,0,5,6,1,6
3,9,17.0,255,0,23,0,4,138,3,6
3,9,17.0,255,0,4,0,3,4,0,6
3,9,22.0,92,6,1,0,14,106,1,26
3,2,26.0,3,2,13,0,12,80,0,3
2,1,16.0,63,5,14,0,11,133,0,2
3,2,26.0,3,2,1,0,0,26,3,3
3,2,27.0,136,4,10,1,16,50,0,15
3,2,26.0,3,2,5,0,16,50,1,3
3,2,18.0,7,1,13,0,12,80,3,0
3,11,28.0,123,1,9,0,2,86,1,18
3,0,1.0,8,0,18,0,5,6,3,7
3,0,2.0,47,1,16,1,1,105,0,22
3,0,1.0,8,0,14,1,0,31,4,7
3,0,12.0,113,5,4,2,3,79,0,28
3,2,11.0,297,1,19,0,10,47,3,9
3,2,17.0,6,0,2,1,15,39,0,6
3,10,28.0,216,0,2,0,9,93,2,18
3,10,28.0,216,0,1,0,6,7,3,18
3,10,29.0,318,1,17,2,15,119,3,16
3,10,29.0,318,1,4,0,1,16,4,16
3,7,30.0,42,3,3,2,8,118,0,19
3,3,19.0,138,6,11,0,10,22,2,10
3,3,19.0,138,6,9,0,13,28,4,10
3,3,20.0,105,3,17,0,8,118,3,29
3,3,20.0,105,3,13,0,2,86,4,29
3,3,20.0,105,3,22,0,2,35,2,29
3,3,22.0,166,1,16,1,12,121,0,26
3,3,22.0,166,1,14,0,10,12,0,26
3,3,27.0,361,3,14,0,4,75,1,15
3,3,27.0,361,3,8,2,4,4,1,15
3,3,27.0,361,3,14,0,0,68,0,15
3,3,28.0,187,0,2,2,1,11,0,18
3,3,28.0,187,0,9,0,0,53,3,18
3,3,29.0,325,1,17,1,2,86,1,16
3,3,28.0,187,0,20,0,3,70,1,18
3,5,3.0,161,6,19,0,14,34,0,27
3,5,3.0,161,6,8,0,9,109,1,27
3,9,22.0,92,6,20,2,3,79,3,26
3,9,25.0,344,1,23,1,9,87,4,13
3,9,25.0,344,1,1,0,2,86,0,13
3,7,6.0,93,4,8,3,9,27,0,23
3,9,22.0,92,6,20,0,3,79,3,26
3,9,14.0,106,5,3,1,4,121,1,5
3,7,14.0,125,5,10,0,0,96,3,5
3,7,14.0,125,5,20,0,1,11,3,5
3,7,14.0,125,5,15,0,14,25,0,5
3,7,15.0,205,6,16,0,10,30,0,1
3,7,15.0,205,6,4,2,6,89,4,1
3,7,15.0,205,6,1,2,13,21,0,1
3,7,15.0,205,6,1,2,6,73,0,1
3,7,16.0,40,3,12,0,6,128,1,2
3,7,24.0,68,0,16,0,15,31,0,14
3,7,24.0,68,0,23,0,13,38,0,14
2,8,14.0,72,6,17,1,3,30,1,5
2,8,14.0,72,6,22,3,1,67,0,5
2,8,14.0,72,6,4,0,4,75,4,5
3,2,26.0,3,2,0,0,0,53,1,3
3,2,26.0,3,2,0,0,5,12,3,3
3,2,26.0,3,2,4,0,10,47,1,3
3,2,26.0,3,2,2,0,7,20,1,3
3,2,27.0,136,4,15,0,11,122,1,15
3,2,8.0,258,6,12,0,4,66,2,8
3,0,1.0,8,0,1,2,8,41,3,7
3,0,2.0,47,1,7,2,6,7,0,22
3,0,2.0,47,1,18,2,6,7,3,22
3,0,12.0,113,5,11,0,13,21,1,28
3,0,12.0,113,5,5,0,2,71,1,28
3,0,12.0,113,5,1,0,6,89,1,28
3,5,4.0,114,3,12,0,14,24,1,30
3,5,4.0,114,3,15,0,9,54,2,30
3,5,6.0,277,1,18,2,6,132,3,23
3,2,30.0,131,3,2,1,14,88,4,19
3,5,6.0,277,1,13,3,10,47,1,23
3,5,30.0,294,5,4,0,6,7,3,19
3,10,22.0,314,1,21,0,1,59,1,26
3,10,22.0,314,1,16,3,11,10,4,26
3,10,22.0,314,1,13,0,13,48,2,26
3,10,22.0,314,1,0,1,15,31,1,26
3,10,22.0,314,1,14,0,4,82,3,26
3,10,28.0,216,0,0,0,5,64,1,18
3,10,28.0,216,0,20,0,10,47,0,18
3,10,28.0,216,0,13,2,15,51,0,18
2,9,1.0,126,4,10,0,7,54,4,7
3,10,28.0,216,0,4,0,4,82,3,18
3,10,28.0,216,0,18,3,1,35,4,18
3,10,29.0,318,1,15,0,5,64,1,16
3,4,28.0,218,1,14,1,12,83,4,18
3,4,28.0,218,1,20,0,12,80,1,18
2,1,11.0,353,3,2,2,5,6,2,9
3,4,28.0,218,1,18,2,5,6,0,18
3,6,23.0,84,0,1,1,11,55,4,17
2,1,16.0,63,5,14,2,6,89,3,2
2,0,26.0,23,4,3,0,5,6,0,3
3,4,28.0,218,1,3,1,4,5,4,18
2,4,13.0,345,3,14,3,11,90,4,25
3,10,29.0,318,1,6,0,4,79,0,16
2,4,10.0,121,4,13,1,7,129,1,4
2,1,18.0,29,3,1,1,13,38,0,0
3,10,6.0,242,3,4,1,7,137,1,23
3,3,14.0,33,0,22,0,4,121,2,5
3,2,3.0,282,0,12,1,12,83,4,27
3,10,30.0,157,2,23,0,3,30,1,19
2,1,23.0,64,5,19,0,2,40,1,17
3,1,4.0,286,0,2,1,14,106,0,30
2,1,26.0,262,0,4,1,2,69,4,3
3,10,6.0,242,3,14,0,2,86,2,23
3,3,2.0,120,2,4,0,1,67,4,22
3,3,14.0,33,0,9,0,5,6,1,5
3,3,21.0,338,0,3,0,6,14,2,21
3,5,13.0,184,1,11,1,15,51,4,25
3,5,22.0,163,4,3,0,0,26,2,26
3,11,1.0,222,2,14,0,8,33,1,7
2,0,29.0,228,3,22,0,13,69,3,16
3,11,12.0,118,3,19,1,15,51,0,28
3,7,28.0,34,5,17,1,2,86,2,18
3,0,8.0,9,0,12,1,6,7,0,8
2,1,7.0,62,2,16,1,11,15,4,11
2,1,7.0,62,2,0,2,1,11,0,11
2,1,8.0,50,4,21,1,16,50,0,8
2,1,7.0,62,2,12,1,0,26,4,11
2,5,23.0,58,4,22,0,13,69,3,17
2,5,24.0,350,5,6,1,14,24,0,14
2,5,24.0,350,5,3,2,15,114,3,14
2,5,24.0,350,5,18,0,0,77,1,14
2,5,22.0,168,2,16,0,6,89,0,26
2,5,31.0,158,5,20,0,2,86,2,20
2,5,31.0,158,5,12,0,2,2,1,20
2,0,26.0,23,4,4,0,2,69,0,3
2,10,6.0,243,6,4,1,10,12,0,23
2,6,16.0,244,3,17,0,14,25,3,2
2,6,16.0,244,3,23,0,5,12,3,2
2,6,16.0,244,3,11,1,10,23,1,2
2,10,5.0,242,5,15,1,3,30,4,24
2,10,7.0,213,3,6,2,13,99,3,11
2,10,14.0,60,3,6,0,15,46,0,5
2,10,14.0,60,3,6,0,16,37,1,5
2,10,14.0,60,3,20,0,3,44,0,5
3,2,1.0,16,6,16,0,15,31,1,7
3,2,10.0,28,0,17,1,10,22,2,4
3,3,16.0,263,2,15,1,9,95,4,2
2,4,13.0,345,3,3,0,16,113,2,25
2,2,3.0,254,3,13,0,6,73,2,27
3,10,5.0,336,6,16,1,10,47,0,24
3,10,13.0,346,3,18,0,0,26,1,25
3,10,13.0,346,3,9,1,1,67,0,25
2,10,29.0,157,0,19,1,3,30,0,16
2,1,11.0,353,3,12,0,14,25,3,9
2,1,26.0,262,0,9,1,4,5,2,3
2,8,18.0,280,2,18,0,5,12,0,0
2,8,18.0,280,2,18,1,14,125,2,0
2,4,10.0,121,4,17,3,0,68,0,4
3,11,26.0,364,3,17,3,14,131,0,3
3,7,22.0,211,6,20,0,9,134,3,26
2,0,29.0,228,3,11,0,15,108,3,16
2,0,29.0,228,3,15,1,5,12,0,16
3,5,22.0,163,4,13,1,7,137,4,26
3,5,22.0,163,4,12,2,16,50,3,26
3,6,3.0,99,1,12,0,13,36,3,27
3,6,3.0,99,1,1,0,14,25,0,27
3,6,3.0,99,1,2,0,5,12,0,27
3,6,5.0,342,4,10,0,0,96,3,24
3,6,14.0,173,6,6,0,14,97,4,5
3,6,14.0,173,6,5,0,10,23,1,5
3,6,14.0,173,6,13,0,8,9,3,5
3,6,13.0,317,5,4,1,1,105,0,25
3,6,14.0,173,6,9,0,3,4,0,5
3,6,19.0,291,4,0,1,3,115,1,10
3,6,19.0,291,4,8,0,12,80,1,10
3,6,19.0,291,4,2,0,2,2,1,10
3,6,19.0,291,4,2,0,2,71,3,10
3,6,19.0,291,4,17,0,13,48,1,10
3,6,19.0,291,4,18,1,0,15,0,10
3,6,20.0,215,5,6,2,15,46,3,29
3,6,19.0,291,4,10,1,0,31,0,10
3,6,19.0,291,4,4,3,9,109,4,10
3,6,20.0,215,5,19,0,14,88,3,29
3,6,20.0,215,5,8,1,7,20,4,29
3,6,28.0,309,6,17,0,13,28,1,18
3,3,26.0,343,6,18,0,9,57,3,3
2,10,14.0,60,3,12,2,12,80,3,5
2,10,14.0,60,3,19,0,9,83,2,5
2,10,15.0,201,0,17,0,10,23,1,1
2,10,15.0,201,0,8,3,14,25,0,1
2,10,15.0,201,0,12,0,13,38,3,1
2,10,15.0,201,0,4,2,1,11,3,1
2,10,15.0,201,0,12,0,4,4,4,1
2,1,7.0,62,2,6,0,9,87,1,11
2,1,7.0,62,2,0,1,13,38,0,11
2,1,7.0,62,2,21,2,5,6,0,11
2,1,8.0,50,4,22,0,6,89,3,8
2,1,13.0,183,1,6,0,10,47,1,25
2,1,13.0,183,1,22,1,2,92,1,25
2,1,13.0,183,1,1,1,3,115,1,25
2,1,16.0,63,5,6,2,1,11,3,2
2,1,16.0,63,5,4,0,0,77,3,2
3,2,8.0,258,6,13,0,6,7,1,8
3,10,30.0,157,2,5,0,13,36,1,19
3,7,3.0,269,0,19,2,10,22,1,27
2,1,26.0,262,0,12,1,9,27,0,3
3,10,14.0,174,0,13,1,7,129,1,5
3,2,8.0,258,6,22,1,0,15,4,8
3,6,10.0,149,1,15,0,6,89,2,4
3,10,20.0,223,3,1,0,5,47,2,29
2,11,10.0,360,2,6,0,2,71,4,4
3,2,8.0,258,6,12,0,5,6,2,8
3,8,16.0,73,1,16,0,5,12,3,2
2,5,20.0,351,0,8,1,10,47,1,29
3,10,30.0,157,2,22,0,9,9,2,19
3,10,21.0,341,0,17,2,0,53,0,21
2,4,10.0,121,4,13,1,0,12,0,4
3,2,11.0,297,1,17,0,7,120,4,9
3,8,16.0,73,1,10,0,11,18,3,2
2,5,10.0,326,5,20,3,9,57,0,4
3,10,30.0,157,2,3,0,8,118,1,19
3,11,5.0,240,3,16,1,0,0,0,24
3,10,21.0,341,0,16,2,13,29,3,21
3,2,3.0,282,0,8,0,2,3,4,27
2,5,28.0,24,1,18,2,3,44,3,18
3,5,2.0,307,5,1,2,8,9,1,22
3,5,2.0,307,5,12,0,13,69,2,22
3,2,7.0,153,5,12,1,0,15,1,11
2,8,13.0,296,5,9,0,0,15,1,25
3,5,29.0,24,4,22,1,11,18,1,16
3,8,9.0,124,1,17,1,13,69,4,12
3,8,9.0,124,1,0,0,8,27,0,12
3,8,9.0,124,1,4,0,2,2,1,12
3,8,9.0,124,1,4,0,16,113,4,12
3,8,16.0,73,1,6,0,10,43,3,2
3,8,16.0,73,1,11,0,6,128,1,2
3,8,16.0,73,1,3,0,12,56,1,2
3,8,16.0,73,1,14,0,8,9,1,2
3,8,18.0,75,4,13,0,0,96,3,0
3,8,18.0,75,4,2,0,2,123,4,0
3,8,18.0,75,4,9,0,0,15,0,0
3,8,18.0,75,4,4,2,13,69,3,0
3,8,18.0,75,4,1,2,8,41,1,0
3,2,17.0,6,0,21,1,5,12,1,6
3,10,30.0,157,2,17,0,13,29,4,19
3,10,30.0,157,2,16,1,13,29,0,19
3,10,29.0,318,1,15,1,14,97,4,16
3,10,30.0,157,2,12,0,3,4,0,19
3,10,30.0,157,2,4,2,6,89,3,19
3,10,31.0,135,4,23,1,5,6,2,20
3,10,31.0,135,4,4,0,13,99,2,20
3,1,5.0,219,1,21,0,1,11,4,24
3,1,5.0,219,1,4,0,13,99,0,24
3,6,3.0,99,1,1,0,12,100,4,27
3,6,5.0,342,4,8,0,3,4,0,24
3,6,5.0,342,4,8,0,4,75,2,24
3,6,5.0,342,4,12,0,4,127,2,24
3,6,5.0,342,4,3,2,2,123,3,24
3,6,13.0,317,5,5,2,11,117,0,25
3,6,13.0,317,5,20,1,0,77,1,25
3,6,13.0,317,5,12,0,10,22,4,25
3,6,19.0,291,4,3,0,9,54,1,10
3,6,19.0,291,4,5,0,0,26,1,10
3,6,19.0,291,4,15,0,1,59,2,10
3,6,20.0,215,5,8,0,14,25,0,29
3,6,20.0,215,5,10,0,8,19,1,29
2,6,13.0,173,4,14,1,11,10,4,25
2,6,16.0,244,3,5,1,6,7,4,2
2,6,16.0,244,3,14,0,5,6,3,2
2,6,13.0,173,4,20,1,6,89,1,25
2,6,16.0,244,3,18,1,10,23,1,2
2,6,21.0,185,5,8,0,10,12,3,21
2,6,13.0,173,4,17,0,11,18,2,25
2,10,7.0,213,3,6,1,14,32,4,11
2,6,13.0,173,4,13,0,10,23,0,25
2,10,7.0,213,3,19,0,14,25,0,11
2,10,7.0,213,3,4,1,7,57,1,11
2,10,7.0,213,3,9,2,7,120,0,11
2,10,14.0,60,3,16,0,2,2,3,5
2,10,14.0,60,3,4,2,5,12,0,5
2,10,15.0,201,0,6,1,8,27,0,1
2,10,15.0,201,0,22,0,2,2,1,1
2,10,15.0,201,0,19,2,6,91,0,1
2,10,15.0,201,0,1,0,12,84,3,1
2,10,5.0,242,5,19,3,13,38,3,24
2,1,7.0,62,2,19,1,6,132,0,11
2,1,8.0,50,4,5,0,10,22,0,8
2,10,7.0,213,3,2,0,9,9,2,11
2,10,7.0,213,3,1,0,10,12,2,11
3,2,18.0,7,1,16,0,8,41,1,0
3,2,26.0,3,2,4,0,6,89,3,3
3,2,27.0,136,4,12,0,11,18,3,15
3,2,27.0,136,4,2,0,9,83,1,15
3,2,27.0,136,4,22,1,1,1,4,15
3,0,1.0,8,0,17,1,10,47,2,7
3,0,2.0,47,1,6,0,10,52,1,22
3,0,2.0,47,1,0,0,1,35,4,22
3,0,2.0,47,1,17,0,0,12,3,22
3,0,2.0,47,1,5,0,14,131,1,22
3,0,2.0,47,1,19,0,13,48,4,22
2,1,14.0,1,2,17,0,1,11,1,5
2,4,8.0,18,1,3,0,9,102,3,8
3,5,25.0,350,3,14,0,12,61,1,13
3,2,17.0,6,0,20,1,0,53,2,6
3,10,31.0,135,4,0,0,16,65,3,20
3,10,21.0,341,0,7,1,10,47,0,21
3,10,30.0,157,2,10,0,3,44,3,19
3,9,5.0,89,2,4,0,14,34,1,24
3,2,17.0,6,0,22,2,13,36,0,6
3,8,16.0,73,1,18,0,9,134,3,2
3,10,21.0,341,0,5,2,16,130,0,21
3,10,31.0,135,4,7,0,9,57,2,20
3,5,22.0,163,4,9,1,3,76,1,26
3,7,1.0,98,6,8,3,9,93,1,7
3,8,18.0,75,4,16,0,0,12,0,0
3,10,21.0,341,0,1,2,2,2,3,21
3,2,3.0,282,0,4,1,5,6,0,27
3,11,5.0,240,3,2,0,5,6,2,24
3,3,18.0,165,5,12,3,12,104,2,0
3,9,2.0,323,3,13,0,15,46,2,22
3,8,18.0,75,4,16,0,13,99,3,0
3,10,22.0,314,1,0,2,2,69,0,26
3,10,30.0,157,2,9,0,0,64,3,19
2,6,23.0,31,3,5,1,16,42,1,17
3,11,5.0,240,3,12,3,3,30,4,24
3,9,28.0,315,5,19,0,1,1,3,18
3,8,18.0,75,4,5,0,5,6,3,0
2,0,2.0,334,0,15,1,5,12,1,22
3,10,31.0,135,4,15,0,11,98,4,20
3,10,31.0,135,4,3,1,6,116,4,20
3,10,31.0,135,4,12,0,7,78,1,20
3,10,28.0,216,0,22,0,10,52,4,18
3,7,30.0,42,3,12,0,3,44,3,19
3,3,19.0,138,6,12,0,10,47,2,10
3,3,19.0,138,6,4,0,12,17,3,10
3,3,20.0,105,3,23,0,13,28,4,29
3,3,20.0,105,3,13,0,3,30,2,29
0,1,1.0,203,1,11,0,9,49,1,7
2,5,25.0,37,6,17,3,14,125,0,13
3,8,6.0,87,6,17,0,16,74,1,23
3,1,21.0,45,4,6,1,10,22,1,21
3,8,13.0,189,6,11,0,13,38,3,25
3,0,5.0,122,5,10,1,13,99,4,24
3,3,22.0,166,1,12,0,15,31,3,26
3,3,22.0,166,1,9,0,12,83,4,26
3,3,27.0,361,3,4,0,4,138,4,15
2,8,14.0,72,6,4,0,12,56,0,5
2,8,14.0,72,6,9,1,3,70,0,5
2,4,14.0,132,0,11,0,0,26,3,5
2,4,14.0,132,0,11,1,3,70,1,5
3,2,8.0,258,6,0,0,9,101,0,8
2,4,14.0,132,0,11,2,0,64,3,5
2,4,15.0,25,1,10,2,7,78,3,1
2,4,15.0,25,1,15,0,13,13,1,1
2,4,15.0,25,1,2,0,7,62,2,1
2,4,17.0,26,4,12,2,0,53,3,6
2,4,15.0,25,1,14,0,0,26,3,1
2,2,6.0,153,2,6,1,10,47,2,23
2,2,6.0,153,2,11,1,15,31,4,23
3,2,25.0,233,1,18,1,13,21,0,13
3,0,11.0,10,4,9,1,10,22,0,9
3,6,26.0,348,4,17,0,9,58,4,3
3,6,25.0,39,2,11,1,4,127,4,13
2,2,7.0,258,4,6,0,14,88,1,11
2,2,6.0,153,2,6,0,8,27,0,23
2,2,14.0,130,4,6,0,3,70,1,5
2,2,14.0,130,4,4,0,2,86,3,5
3,3,27.0,361,3,22,1,12,56,4,15
3,3,27.0,361,3,9,0,7,20,1,15
3,3,28.0,187,0,21,0,8,19,1,18
3,3,28.0,187,0,3,0,12,56,1,18
3,3,29.0,325,1,7,0,2,71,4,16
3,3,29.0,325,1,0,1,9,93,0,16
3,3,29.0,325,1,9,0,3,76,2,16
3,3,28.0,187,0,15,0,13,99,2,18
3,5,5.0,96,0,17,2,8,41,3,24
3,5,5.0,96,0,13,0,13,28,0,24
3,5,5.0,96,0,8,0,14,97,2,24
3,5,30.0,294,5,17,0,10,22,2,19
3,8,15.0,72,0,3,0,3,30,4,1
3,8,15.0,72,0,2,2,2,2,3,1
3,8,7.0,70,3,1,0,0,12,2,11
3,8,29.0,301,0,10,1,5,64,0,16
3,8,29.0,301,0,2,0,14,107,3,16
3,8,29.0,301,0,12,2,10,47,3,16
3,8,30.0,103,1,3,0,13,28,0,19
3,8,30.0,103,1,2,0,0,26,1,19
3,8,30.0,103,1,14,0,2,69,2,19
2,1,8.0,50,4,23,0,10,22,3,8
2,1,8.0,50,4,18,0,9,95,1,8
2,1,13.0,183,1,1,0,0,26,3,25
2,1,16.0,63,5,17,0,8,27,0,2
2,1,16.0,63,5,0,1,6,128,0,2
3,3,26.0,343,6,19,1,13,21,4,3
3,0,11.0,10,4,1,1,2,40,1,9
3,5,1.0,109,4,2,0,16,50,1,7
3,5,18.0,195,3,22,3,1,35,0,0
3,6,27.0,116,5,18,0,1,105,4,15
2,1,16.0,63,5,12,0,9,95,4,2
2,1,23.0,64,5,6,0,8,118,3,17
2,8,7.0,76,6,3,0,8,9,3,11
2,8,7.0,76,6,22,1,11,55,4,11
2,8,14.0,72,6,11,3,5,64,1,5
2,8,14.0,72,6,15,0,6,128,2,5
2,8,7.0,76,6,8,1,9,63,4,11
2,8,14.0,72,6,12,0,8,118,1,5
2,4,14.0,132,0,15,3,14,106,2,5
2,4,14.0,132,0,15,0,15,114,3,5
3,8,30.0,103,1,9,0,1,59,1,19
3,4,4.0,178,6,15,0,7,20,3,30
3,11,5.0,240,3,19,0,1,11,4,24
2,1,5.0,97,0,6,1,3,44,4,24
2,0,8.0,48,3,8,0,14,32,1,8
3,8,18.0,75,4,13,0,10,47,2,0
2,0,16.0,12,0,16,1,9,57,0,2
3,11,11.0,175,6,4,0,9,57,1,9
3,11,5.0,240,3,1,0,0,15,1,24
3,11,13.0,312,0,2,0,1,11,0,25
2,0,16.0,12,0,5,0,6,128,2,2
3,2,18.0,7,1,2,1,16,113,1,0
3,8,16.0,73,1,22,3,14,24,1,2
3,11,21.0,192,1,17,0,12,84,0,21
3,11,22.0,250,2,6,1,16,74,4,26
2,0,23.0,55,0,11,0,8,9,0,17
3,11,21.0,192,1,16,0,15,31,1,21
3,11,22.0,250,2,21,1,10,22,0,26
3,4,1.0,144,2,0,0,8,33,1,7
2,0,23.0,55,0,8,0,0,15,2,17
3,2,3.0,282,0,12,0,6,7,4,27
3,11,21.0,192,1,0,1,2,13,4,21
3,0,12.0,113,5,13,0,10,22,0,28
2,0,24.0,281,1,17,0,10,22,1,14
3,2,8.0,258,6,12,1,8,41,4,8
3,2,26.0,3,2,6,0,10,47,0,3
2,2,25.0,3,0,10,0,9,102,3,13
2,2,25.0,3,0,15,2,10,47,3,13
2,2,25.0,3,0,18,0,7,111,1,13
2,2,7.0,258,4,0,1,11,15,0,11
2,2,14.0,130,4,15,0,15,51,1,5
2,2,14.0,130,4,8,0,8,9,4,5
3,1,19.0,29,1,6,0,1,67,0,10
2,2,15.0,220,5,9,2,0,68,3,1
2,2,17.0,7,3,15,0,8,33,0,6
2,2,17.0,7,3,4,0,6,89,4,6
2,2,23.0,22,6,9,0,6,7,1,17
2,2,15.0,220,5,14,0,2,69,0,1
2,2,25.0,3,0,12,0,12,84,1,13
2,2,25.0,3,0,4,0,7,20,0,13
2,0,6.0,15,5,13,0,5,6,3,23
2,0,6.0,15,5,9,0,9,83,0,23
2,0,6.0,15,5,4,0,10,47,2,23
2,0,6.0,15,5,18,1,7,137,0,23
2,0,8.0,48,3,21,1,3,44,1,8
2,0,8.0,48,3,22,1,7,137,4,8
2,2,11.0,128,0,3,1,1,11,4,9
2,0,2.0,334,0,11,1,4,75,4,22
2,0,21.0,241,6,8,2,1,67,3,21
3,1,30.0,100,6,14,0,8,41,3,19
3,1,30.0,100,6,9,0,1,67,1,19
3,8,4.0,299,4,10,1,0,26,0,30
3,6,13.0,317,5,17,0,10,22,1,25
3,8,7.0,70,3,13,1,14,32,4,11
3,8,6.0,87,6,8,0,13,48,2,23
3,8,13.0,189,6,0,2,10,6,3,25
3,8,13.0,189,6,23,1,7,8,2,25
3,8,13.0,189,6,19,0,15,108,1,25
3,8,15.0,72,0,6,0,12,84,1,1
3,8,15.0,72,0,15,0,6,91,3,1
3,8,15.0,72,0,11,0,8,41,2,1
3,8,15.0,72,0,23,1,1,81,4,1
3,8,29.0,301,0,20,1,10,22,1,16
3,8,30.0,103,1,20,0,9,95,2,19
3,1,5.0,219,1,1,1,16,50,0,24
2,0,3.0,229,1,2,1,9,93,4,27
3,1,14.0,183,4,21,1,13,48,4,5
3,1,14.0,183,4,4,0,6,89,2,5
3,2,27.0,136,4,2,1,1,105,1,15
3,2,27.0,136,4,19,2,6,7,3,15
3,0,2.0,47,1,6,0,5,12,3,22
3,0,2.0,47,1,9,0,14,126,1,22
3,0,12.0,113,5,6,0,13,29,4,28
2,5,30.0,196,4,1,0,10,12,1,19
3,8,9.0,124,1,15,0,14,24,2,12
3,4,1.0,144,2,9,2,12,104,3,7
3,4,2.0,141,4,2,0,13,21,1,22
3,4,2.0,141,4,14,0,1,1,3,22
3,4,16.0,25,4,17,0,13,38,4,2
3,4,16.0,25,4,0,1,7,78,4,2
3,4,16.0,25,4,14,0,2,40,1,2
3,4,16.0,25,4,14,0,15,96,1,2
3,4,16.0,25,4,12,1,11,133,4,2
3,4,19.0,142,3,20,0,5,12,3,10
3,4,28.0,218,1,6,0,8,9,4,18
3,2,3.0,282,0,1,2,9,87,0,27
3,2,8.0,258,6,22,0,2,69,2,8
3,2,8.0,258,6,9,2,2,92,0,8
3,6,6.0,83,5,12,3,14,24,0,23
3,11,30.0,170,4,7,0,10,22,0,19
3,10,4.0,356,5,13,3,8,27,4,30
2,9,17.0,255,6,23,0,6,73,1,6
2,6,12.0,317,2,19,0,13,38,2,28
3,2,16.0,220,3,1,1,5,6,0,2
2,10,29.0,157,0,14,3,0,26,1,16
3,3,4.0,285,5,14,3,7,122,2,30
3,11,1.0,222,2,13,0,8,19,2,7
3,5,3.0,161,6,18,0,8,19,0,27
3,11,21.0,192,1,21,1,2,69,0,21
3,11,29.0,270,2,6,0,3,44,4,16
3,10,12.0,333,6,17,0,6,128,3,28
2,0,24.0,281,1,16,0,9,95,0,14
3,11,29.0,270,2,16,0,5,12,0,16
3,5,3.0,161,6,4,3,5,6,3,27
3,10,12.0,333,6,14,0,13,69,1,28
3,9,3.0,217,0,0,1,15,46,0,27
2,4,17.0,26,4,7,2,2,86,3,6
3,5,5.0,96,0,12,0,3,30,4,24
3,9,3.0,217,0,5,0,16,37,3,27
3,2,11.0,297,1,0,0,0,15,0,9
3,10,14.0,174,0,9,0,15,114,2,5
1,7,17.0,95,4,9,0,11,122,4,6
3,2,11.0,297,1,14,0,3,70,0,9
3,10,6.0,242,3,13,3,11,94,2,23
2,4,17.0,26,4,6,1,16,72,2,6
2,10,14.0,60,3,9,0,2,86,1,5
3,5,5.0,96,0,1,0,13,69,2,24
3,2,11.0,297,1,1,0,9,95,2,9
3,10,6.0,242,3,15,0,9,49,0,23
2,4,17.0,26,4,14,0,10,47,3,6
3,5,6.0,277,1,8,0,11,133,0,23
3,5,23.0,168,5,23,0,8,41,2,17
2,4,14.0,132,0,1,0,9,109,1,5
2,4,14.0,132,0,9,2,10,47,3,5
2,4,14.0,132,0,14,0,1,1,0,5
2,4,15.0,25,1,6,0,0,64,3,1
2,4,15.0,25,1,0,0,9,63,1,1
2,4,15.0,25,1,21,2,16,37,0,1
2,4,15.0,25,1,2,0,12,56,4,1
2,4,17.0,26,4,12,1,12,104,2,6
2,4,17.0,26,4,4,0,10,22,3,6
2,4,17.0,26,4,14,0,14,24,1,6
2,4,17.0,26,4,8,0,16,37,1,6
2,4,14.0,132,0,13,0,12,61,1,5
2,4,17.0,26,4,20,0,7,120,2,6
2,2,6.0,153,2,21,1,3,30,1,23
2,2,6.0,153,2,12,0,9,10,4,23
2,10,14.0,60,3,12,2,8,41,3,5
3,4,27.0,274,0,4,1,9,87,4,15
3,3,26.0,343,6,18,3,3,44,4,3
2,10,15.0,201,0,3,0,15,39,3,1
2,10,15.0,201,0,16,3,0,12,1,1
2,10,15.0,201,0,2,0,4,4,3,1
2,1,7.0,62,2,3,0,2,86,1,11
2,1,7.0,62,2,19,0,16,130,3,11
3,1,1.0,203,5,17,0,13,99,1,7
3,8,8.0,76,0,22,0,8,41,1,8
3,8,9.0,124,1,16,2,16,50,0,12
3,8,9.0,124,1,17,3,0,53,0,12
3,10,31.0,135,4,12,0,16,74,3,20
3,10,31.0,135,4,12,3,11,15,0,20
3,1,5.0,219,1,6,0,0,12,0,24
3,1,5.0,219,1,21,0,2,69,3,24
3,1,5.0,219,1,12,1,15,51,1,24
3,1,5.0,219,1,1,0,7,120,3,24
3,10,20.0,223,3,13,0,12,104,1,29
2,1,12.0,207,0,15,0,12,80,1,28
2,1,12.0,207,0,18,1,12,83,4,28
3,10,20.0,223,3,22,0,10,47,1,29
3,10,21.0,341,0,17,0,10,47,2,21
3,10,21.0,341,0,8,0,8,41,3,21
3,10,21.0,341,0,12,0,10,52,1,21
3,10,21.0,341,0,4,0,11,18,2,21
3,10,21.0,341,0,4,0,2,13,3,21
3,10,22.0,314,1,0,0,0,12,3,26
3,10,22.0,314,1,4,0,5,6,3,26
3,10,28.0,216,0,8,0,4,79,0,18
3,10,29.0,318,1,17,0,3,44,3,16
3,10,29.0,318,1,17,0,3,44,3,16
3,10,29.0,318,1,14,0,2,86,1,16
3,10,28.0,216,0,8,0,8,27,2,18
3,10,29.0,318,1,9,0,3,76,4,16
2,1,7.0,62,2,1,2,2,2,0,11
2,1,8.0,50,4,5,1,10,43,1,8
2,1,23.0,64,5,13,1,16,72,0,17
2,8,14.0,72,6,13,0,0,12,1,5
2,8,14.0,72,6,15,1,9,10,4,5
2,4,14.0,132,0,12,0,15,39,1,5
2,4,14.0,132,0,1,0,5,12,1,5
2,4,15.0,25,1,16,0,16,65,1,1
2,4,15.0,25,1,15,2,10,47,0,1
2,4,15.0,25,1,18,2,10,22,3,1
2,4,17.0,26,4,20,0,6,132,0,6
2,2,6.0,153,2,6,0,12,56,1,23
2,2,6.0,153,2,6,0,8,27,0,23
2,2,6.0,153,2,2,0,2,86,1,23
2,5,22.0,168,2,21,3,10,52,1,26
2,5,31.0,158,5,15,1,1,35,4,20
2,6,13.0,173,4,1,0,8,9,0,25
2,6,13.0,173,4,14,1,9,49,1,25
2,6,13.0,173,4,8,0,10,47,0,25
3,5,12.0,327,0,4,0,9,9,4,28
3,7,3.0,269,0,2,0,1,16,4,27
3,1,12.0,353,1,12,0,9,95,2,28
2,3,28.0,325,3,19,1,15,114,1,18
2,5,3.0,114,5,4,0,5,47,2,27
2,11,2.0,265,1,8,0,15,31,2,22
3,5,20.0,214,1,16,1,10,47,1,29
3,5,20.0,214,1,9,0,6,7,0,29
2,9,19.0,234,0,13,3,0,77,1,10
3,11,10.0,360,5,2,1,1,11,0,4
2,2,6.0,153,2,5,0,13,48,4,23
2,2,7.0,258,4,11,1,2,123,4,11
3,10,6.0,242,3,4,0,5,6,0,23
2,2,7.0,258,4,13,0,12,61,3,11
2,2,7.0,258,4,4,0,9,49,1,11
2,2,6.0,153,2,23,1,0,26,0,23
2,2,14.0,130,4,2,0,7,20,1,5
2,2,15.0,220,5,13,0,5,6,0,1
2,2,14.0,130,4,1,1,3,79,1,5
2,2,7.0,258,4,12,3,12,80,0,11
2,2,17.0,7,3,11,0,16,113,3,6
3,2,9.0,21,3,13,1,13,29,4,12
3,2,11.0,297,1,21,1,13,28,0,9
3,2,11.0,297,1,14,0,12,17,1,9
3,2,11.0,297,1,19,1,7,54,4,9
3,2,17.0,6,0,7,1,2,2,0,6
3,2,17.0,6,0,19,0,11,94,3,6
3,2,18.0,7,1,17,1,4,136,4,0
3,2,18.0,7,1,21,1,1,1,0,0
3,1,14.0,183,4,11,1,9,87,4,5
3,1,14.0,183,4,18,2,12,121,1,5
3,1,21.0,45,4,4,2,1,11,3,21
3,1,29.0,112,5,14,0,5,12,3,16
3,1,30.0,100,6,16,0,14,125,2,19
3,1,29.0,112,5,11,1,6,91,4,16
3,8,4.0,299,4,18,0,16,50,3,30
3,8,4.0,299,4,21,0,16,50,1,30
3,8,4.0,299,4,14,0,10,30,0,30
3,8,6.0,87,6,8,0,10,22,1,23
3,8,6.0,87,6,18,0,10,12,0,23
3,8,7.0,70,3,0,1,14,25,0,11
3,8,7.0,70,3,20,0,10,47,3,11
3,8,7.0,70,3,14,0,5,64,2,11
3,8,7.0,70,3,22,0,14,24,2,11
3,8,13.0,189,6,6,0,8,9,1,25
3,8,13.0,189,6,23,1,7,54,1,25
3,8,13.0,189,6,1,0,8,41,1,25
3,8,15.0,72,0,6,0,15,39,1,1
3,5,3.0,161,6,13,0,8,9,1,27
2,3,1.0,120,0,23,0,1,59,1,7
3,4,13.0,221,0,8,3,14,25,3,25
3,2,6.0,251,4,4,0,5,6,0,23
2,6,19.0,215,2,8,1,2,2,4,10
3,11,20.0,340,0,13,3,13,69,4,29
3,5,13.0,184,1,17,3,6,7,2,25
2,6,11.0,162,1,14,0,10,12,1,9
2,5,12.0,184,3,12,0,7,20,1,28
3,3,21.0,338,0,18,2,10,23,1,21
2,0,27.0,249,5,3,0,9,95,2,15
3,2,6.0,251,4,8,0,11,117,1,23
3,4,22.0,152,2,3,0,6,91,1,26
2,2,17.0,7,3,11,0,10,47,2,6
2,2,14.0,130,4,13,0,8,33,1,5
2,2,17.0,7,3,5,0,14,24,2,6
2,2,23.0,22,6,16,3,13,48,0,17
2,2,17.0,7,3,10,1,12,83,4,6
2,2,25.0,3,0,16,0,5,6,1,13
2,2,25.0,3,0,8,1,14,25,1,13
2,0,16.0,12,0,4,1,3,76,1,2
2,0,16.0,12,0,11,1,15,114,1,2
2,0,24.0,281,1,0,0,14,34,3,14
2,0,24.0,281,1,14,2,13,13,3,14
3,8,27.0,78,6,8,0,10,23,2,15
2,0,25.0,14,2,16,1,5,6,0,13
2,10,15.0,201,0,6,0,10,47,0,1
3,5,6.0,277,1,8,1,2,86,2,23
3,10,14.0,174,0,21,2,0,53,3,5
3,5,6.0,277,1,8,0,7,78,3,23
3,10,14.0,174,0,11,1,0,68,1,5
2,10,15.0,201,0,13,2,11,98,0,1
3,5,30.0,294,5,0,0,0,31,3,19
3,10,14.0,174,0,18,0,8,41,1,5
2,1,7.0,62,2,3,0,6,7,2,11
3,5,30.0,294,5,17,1,2,92,0,19
2,2,5.0,251,1,18,0,13,28,1,24
3,7,26.0,316,2,6,2,16,37,0,3
3,5,30.0,294,5,3,0,10,22,3,19
3,5,30.0,294,5,2,1,12,56,1,19
2,2,11.0,128,0,2,1,0,85,0,9
3,8,26.0,278,5,1,0,5,6,2,3
3,6,3.0,99,1,17,0,5,12,1,27
2,2,11.0,128,0,12,1,9,27,0,9
3,2,20.0,264,4,2,1,10,23,4,29
3,6,3.0,99,1,17,2,9,10,1,27
3,10,20.0,223,3,22,0,0,64,3,29
2,0,24.0,281,1,13,0,1,35,4,14
3,6,5.0,342,4,23,0,12,56,4,24
3,10,20.0,223,3,9,0,15,39,0,29
3,6,27.0,116,5,17,0,10,22,3,15
3,6,5.0,342,4,7,0,9,93,1,24
3,10,20.0,223,3,14,0,11,117,3,29
2,1,8.0,50,4,18,0,12,80,3,8
2,8,12.0,189,4,12,1,6,91,4,28
3,10,21.0,341,0,16,2,0,85,0,21
2,1,7.0,62,2,6,3,5,64,3,11
3,6,5.0,342,4,15,0,10,47,1,24
3,10,22.0,314,1,3,2,13,29,1,26
2,1,13.0,183,1,16,0,13,69,0,25
3,6,5.0,342,4,15,0,14,24,2,24
3,10,22.0,314,1,22,0,16,37,4,26
3,10,22.0,314,1,18,0,8,9,4,26
3,10,28.0,216,0,21,1,13,99,2,18
3,10,30.0,157,2,16,0,10,52,0,19
3,10,30.0,157,2,2,0,6,89,1,19
2,1,24.0,65,6,16,2,2,2,3,14
2,1,24.0,65,6,14,0,2,69,0,14
2,1,24.0,65,6,1,0,5,6,0,14
2,8,7.0,76,6,21,1,2,92,1,11
2,8,7.0,76,6,13,0,13,21,2,11
2,8,7.0,76,6,22,0,2,69,3,11
2,8,7.0,76,6,3,1,13,21,4,11
2,3,15.0,263,0,11,1,16,108,4,1
2,3,22.0,57,0,16,0,10,47,4,26
2,3,22.0,57,0,21,1,2,123,0,26
2,3,21.0,166,3,22,0,8,41,4,21
2,3,22.0,57,0,15,0,15,96,1,26
2,3,15.0,263,0,13,1,3,115,4,1
2,3,22.0,57,0,12,0,1,11,3,26
2,3,23.0,357,1,4,1,10,47,0,17
2,3,24.0,347,2,5,0,8,19,4,14
2,3,30.0,109,1,16,0,5,12,0,19
2,3,30.0,109,1,19,0,2,92,2,19
3,4,1.0,144,2,5,1,0,0,2,7
3,4,2.0,141,4,2,0,13,21,1,22
3,4,2.0,141,4,22,0,0,26,3,22
3,4,2.0,141,4,21,1,3,79,2,22
3,4,2.0,141,4,13,0,9,95,2,22
3,4,16.0,25,4,16,0,7,120,3,2
3,4,16.0,25,4,22,1,9,63,4,2
3,4,16.0,25,4,4,1,9,109,4,2
3,4,19.0,142,3,10,0,14,25,1,10
3,4,19.0,142,3,5,0,4,75,1,10
3,4,19.0,142,3,15,0,13,69,2,10
2,5,6.0,349,0,16,2,10,47,3,23
2,5,6.0,349,0,11,0,14,106,4,23
2,5,6.0,349,0,5,1,9,83,4,23
2,5,22.0,168,2,6,2,5,12,3,26
2,5,22.0,168,2,13,1,10,22,1,26
2,5,22.0,168,2,8,0,13,48,4,26
2,5,23.0,58,4,12,0,2,92,1,17
2,5,23.0,58,4,1,1,9,54,4,17
2,5,23.0,58,4,18,1,16,113,0,17
2,5,24.0,350,5,18,0,2,71,3,14
2,1,13.0,183,1,22,0,16,50,0,25
2,1,13.0,183,1,14,0,8,9,0,25
2,1,16.0,63,5,13,1,1,11,4,2
2,1,16.0,63,5,3,0,13,29,4,2
2,1,23.0,64,5,0,2,12,80,0,17
2,1,23.0,64,5,10,0,8,27,4,17
2,1,23.0,64,5,23,0,8,27,4,17
3,3,26.0,343,6,8,1,3,30,1,3
2,10,15.0,201,0,19,0,5,12,3,1
2,8,7.0,76,6,16,0,16,37,3,11
2,8,14.0,72,6,13,0,4,45,3,5
2,4,14.0,132,0,6,0,13,99,1,5
3,4,28.0,218,1,6,0,13,36,1,18
3,4,28.0,218,1,7,0,0,68,3,18
2,1,16.0,63,5,12,1,13,29,4,2
2,8,14.0,72,6,8,0,8,118,2,5
2,4,14.0,132,0,4,0,5,64,3,5
2,4,14.0,132,0,9,2,2,2,3,5
2,4,14.0,132,0,9,0,9,9,0,5
2,4,15.0,25,1,3,3,2,69,0,1
2,4,15.0,25,1,19,0,8,19,0,1
3,9,3.0,217,0,13,0,4,127,2,27
3,9,4.0,295,1,11,0,16,72,3,30
3,9,4.0,295,1,6,0,0,0,0,30
3,9,4.0,295,1,2,0,11,15,1,30
3,7,4.0,186,1,15,0,5,6,3,30
3,7,4.0,186,1,3,0,12,61,1,30
3,7,4.0,186,1,16,0,0,77,0,30
3,7,4.0,186,1,6,0,0,85,1,30
3,7,4.0,186,1,1,0,11,0,3,30
3,7,27.0,53,4,17,1,1,67,0,15
3,10,12.0,333,6,5,3,6,7,1,28
3,8,30.0,103,1,17,1,5,6,0,19
3,8,29.0,301,0,2,1,11,15,0,16
3,4,15.0,132,2,19,1,4,82,2,1
2,1,12.0,207,0,14,1,13,28,0,28
3,1,5.0,219,1,18,3,11,10,2,24
3,1,6.0,97,2,3,1,14,32,4,23
3,1,14.0,183,4,8,0,14,32,1,5
3,1,14.0,183,4,18,0,8,27,3,5
3,1,14.0,183,4,14,0,14,131,3,5
3,10,29.0,318,1,9,0,10,43,1,16
3,1,21.0,45,4,4,0,6,128,2,21
3,1,21.0,45,4,22,1,12,56,4,21
2,6,30.0,208,3,5,0,12,84,3,19
2,6,30.0,208,3,17,0,12,17,1,19
2,1,17.0,82,6,22,0,3,30,4,6
2,2,7.0,258,4,12,0,9,57,0,11
2,2,7.0,258,4,14,2,13,21,0,11
2,2,7.0,258,4,2,0,3,79,1,11
2,2,7.0,258,4,22,1,3,79,1,11
2,2,14.0,130,4,11,0,15,31,1,5
2,2,7.0,258,4,2,3,8,41,4,11
2,2,15.0,220,5,11,0,3,79,1,1
2,2,17.0,7,3,17,0,9,54,4,6
2,2,17.0,7,3,16,0,15,51,1,6
2,2,17.0,7,3,17,1,9,57,0,6
2,2,17.0,7,3,0,1,3,30,1,6
2,2,7.0,258,4,11,0,0,53,2,11
3,6,13.0,317,5,15,0,16,139,1,25
2,2,17.0,7,3,22,1,13,36,1,6
2,2,17.0,7,3,2,2,7,20,0,6
2,2,17.0,7,3,19,0,11,15,2,6
2,2,23.0,22,6,5,0,8,41,1,17
2,2,23.0,22,6,11,0,0,15,1,17
2,2,23.0,22,6,8,0,11,15,3,17
3,4,2.0,141,4,3,0,5,6,1,22
3,4,2.0,141,4,1,2,2,69,3,22
3,4,16.0,25,4,20,1,1,11,4,2
3,11,22.0,250,2,8,1,9,95,4,26
3,11,22.0,250,2,18,2,9,95,3,26
3,9,1.0,126,6,6,1,12,61,1,7
3,9,1.0,126,6,20,0,5,6,0,7
3,9,1.0,126,6,4,2,8,9,3,7
3,9,1.0,126,6,8,0,12,84,1,7
3,9,1.0,126,6,3,0,1,35,4,7
3,9,14.0,106,5,13,0,1,105,4,5
3,9,14.0,106,5,14,0,10,47,3,5
3,9,14.0,106,5,14,0,10,22,2,5
3,9,15.0,226,6,1,0,2,2,0,1
3,9,15.0,226,6,1,0,15,108,1,1
2,0,23.0,55,0,3,0,14,125,4,17
2,2,25.0,3,0,17,3,11,18,1,13
2,0,23.0,55,0,4,2,3,30,0,17
2,0,24.0,281,1,17,0,1,35,4,14
2,0,23.0,55,0,4,1,1,81,4,17
2,0,24.0,281,1,2,0,9,54,1,14
2,0,24.0,281,1,22,0,4,121,1,14
2,0,24.0,281,1,4,0,5,6,3,14
2,0,24.0,281,1,9,2,11,15,1,14
3,2,18.0,7,1,3,0,15,119,4,0
3,2,18.0,7,1,13,0,16,72,1,0
3,2,26.0,3,2,17,1,9,9,1,3
3,2,26.0,3,2,0,1,14,24,1,3
3,6,13.0,317,5,2,0,2,86,1,25
3,6,14.0,173,6,3,0,5,64,1,5
3,6,14.0,173,6,22,0,1,16,3,5
3,6,14.0,173,6,23,1,1,67,4,5
3,6,19.0,291,4,17,1,1,35,0,10
3,6,19.0,291,4,12,0,13,13,1,10
3,6,19.0,291,4,2,0,3,79,0,10
3,6,20.0,215,5,17,1,1,59,4,29
3,6,28.0,309,6,23,3,5,12,0,18
3,10,14.0,174,0,12,0,4,4,3,5
3,10,14.0,174,0,22,0,8,41,3,5
3,10,14.0,174,0,9,0,9,102,3,5
3,10,20.0,223,3,0,1,12,61,1,29
3,10,20.0,223,3,2,0,14,25,3,29
3,10,21.0,341,0,4,0,12,61,1,21
3,10,22.0,314,1,6,0,4,136,1,26
3,10,22.0,314,1,7,1,14,25,0,26
3,10,22.0,314,1,20,0,1,11,1,26
3,10,22.0,314,1,19,0,4,75,1,26
3,10,20.0,223,3,16,0,2,69,0,29
3,10,22.0,314,1,16,0,10,30,0,26
3,10,28.0,216,0,23,0,6,128,1,18
3,11,5.0,240,3,21,0,9,93,1,24
3,11,5.0,240,3,22,0,3,30,3,24
3,11,5.0,240,3,2,0,1,81,3,24
3,11,5.0,240,3,22,3,15,51,0,24
3,11,15.0,331,2,6,0,4,136,1,1
3,11,15.0,331,2,7,1,1,81,0,1
3,11,22.0,250,2,15,0,15,51,1,26
3,11,22.0,250,2,16,0,0,12,3,26
3,9,1.0,126,6,15,2,4,82,1,7
3,9,1.0,126,6,13,0,0,12,0,7
3,9,1.0,126,6,1,2,3,70,3,7
3,9,14.0,106,5,17,0,11,122,1,5
3,9,14.0,106,5,6,2,10,47,3,5
3,9,14.0,106,5,13,0,5,6,0,5
2,11,31.0,227,2,23,2,10,6,3,20
2,11,31.0,227,2,0,0,1,11,3,20
2,11,31.0,227,2,15,1,8,41,1,20
2,9,5.0,89,0,8,0,5,6,0,24
2,9,12.0,177,0,18,0,13,28,4,28
2,11,11.0,175,4,23,1,7,120,1,9
2,11,11.0,175,4,21,1,12,84,1,9
2,11,11.0,175,4,13,0,8,41,3,9
2,11,11.0,175,4,2,0,11,15,2,9
2,11,11.0,175,4,18,1,12,58,4,9
2,11,13.0,312,6,6,1,12,61,1,25
2,11,13.0,312,6,13,0,4,66,4,25
2,11,13.0,312,6,3,1,13,29,4,25
2,11,20.0,340,6,3,1,4,136,4,29
2,11,20.0,340,6,2,0,12,80,3,29
2,11,20.0,340,6,19,0,7,20,0,29
2,11,29.0,270,0,21,1,0,85,0,16
2,9,11.0,52,3,22,1,9,54,4,9
2,7,10.0,197,3,3,0,14,106,2,4
2,7,10.0,197,3,11,1,4,127,4,4
2,3,16.0,54,1,15,2,7,8,0,2
2,3,16.0,54,1,17,0,8,41,4,2
2,11,1.0,222,0,21,0,13,36,3,7
2,11,1.0,222,0,22,1,7,8,0,7
2,11,1.0,222,0,9,0,1,105,4,7
2,11,9.0,311,1,0,0,8,27,1,12
2,11,9.0,311,1,20,0,0,77,1,12
2,11,16.0,225,1,11,0,16,74,4,2
2,11,18.0,332,4,22,0,1,67,0,0
2,11,18.0,332,4,18,0,1,11,4,0
2,9,1.0,126,4,7,0,2,86,1,7
2,9,1.0,126,4,2,0,5,6,0,7
2,9,2.0,323,5,17,0,14,106,3,22
2,9,2.0,323,5,13,0,5,6,0,22
2,9,2.0,323,5,22,1,10,22,1,22
2,11,29.0,270,0,15,0,10,47,3,16
2,11,29.0,270,0,13,1,3,115,4,16
2,11,29.0,270,0,1,0,3,79,1,16
2,11,29.0,270,0,8,0,4,121,2,16
2,11,31.0,227,2,15,0,16,50,1,20
2,7,24.0,41,3,12,1,10,47,0,14
2,7,23.0,68,6,17,3,3,103,4,17
2,9,5.0,89,0,14,0,0,12,1,24
2,9,20.0,119,1,0,0,7,62,1,29
2,9,20.0,119,1,7,1,11,55,0,29
2,9,28.0,315,2,3,0,15,46,3,18
2,9,28.0,315,2,6,0,7,20,3,18
2,9,28.0,315,2,2,0,4,79,2,18
2,7,5.0,93,1,6,0,14,24,3,24
2,7,5.0,93,1,3,0,16,50,3,24
2,7,20.0,81,2,21,0,9,134,4,29
2,7,20.0,81,2,16,2,7,111,3,29
2,7,21.0,211,4,15,0,13,13,0,21
2,7,21.0,211,4,5,0,14,34,3,21
2,7,21.0,211,4,10,1,8,19,0,21
2,7,21.0,211,4,22,0,2,92,1,21
2,9,2.0,323,5,8,0,2,86,3,22
2,9,2.0,323,5,12,2,6,128,1,22
2,9,2.0,323,5,2,1,16,72,1,22
2,9,10.0,156,6,10,0,2,86,1,4
2,9,10.0,156,6,11,2,10,47,1,4
2,9,10.0,156,6,19,0,0,31,0,4
2,9,10.0,156,6,18,3,4,136,0,4
2,9,11.0,52,3,13,2,15,51,0,9
2,7,1.0,160,5,12,0,12,17,2,7
2,7,1.0,160,5,8,1,6,89,4,7
2,7,3.0,186,3,7,0,5,6,0,27
2,7,10.0,197,3,18,2,6,132,0,4
2,7,28.0,268,4,17,1,2,92,2,18
2,3,16.0,54,1,21,0,9,95,1,2
2,3,16.0,54,1,9,2,12,83,3,2
2,3,19.0,105,5,6,1,14,97,0,10
2,3,19.0,105,5,20,1,3,103,4,10
2,9,11.0,52,3,9,1,9,57,0,9
2,3,25.0,343,4,15,0,13,99,2,13
2,3,25.0,343,4,10,0,2,86,1,13
2,3,25.0,343,4,3,0,1,11,2,13
2,5,2.0,161,4,11,0,11,133,3,22
2,7,23.0,68,6,3,0,12,61,1,17
2,7,24.0,41,3,11,0,12,121,0,14
2,7,20.0,81,2,0,1,11,58,4,29
2,7,29.0,42,5,2,0,14,24,2,16
2,7,31.0,180,3,3,0,10,12,2,20
2,7,31.0,180,3,2,0,9,63,1,20
2,7,29.0,42,5,5,0,6,88,1,16
2,7,31.0,180,3,1,2,10,22,3,20
2,3,5.0,303,5,18,2,2,2,3,24
2,3,5.0,303,5,12,0,7,57,2,24
2,3,6.0,289,6,22,1,0,12,0,23
2,7,29.0,42,5,7,1,8,27,1,16
2,10,1.0,358,0,18,0,11,94,4,7
2,3,6.0,289,6,1,0,1,59,4,23
2,10,1.0,358,0,14,0,12,121,1,7
2,3,6.0,289,6,23,1,12,80,1,23
2,11,16.0,225,1,16,2,16,72,3,2
2,5,13.0,36,0,2,0,2,69,2,25
2,10,2.0,310,1,13,0,10,22,0,22
2,7,10.0,197,3,18,1,16,37,4,4
2,11,23.0,232,1,8,0,11,133,2,17
2,6,9.0,149,3,12,0,6,132,0,12
2,5,11.0,327,6,18,0,4,75,3,9
2,9,5.0,89,0,14,3,3,115,0,24
2,9,5.0,89,0,18,0,9,102,1,24
2,9,12.0,177,0,3,1,13,28,4,28
2,9,20.0,119,1,11,0,2,86,1,29
2,9,20.0,119,1,7,1,11,18,0,29
2,9,20.0,119,1,4,0,3,30,1,29
2,9,28.0,315,2,18,0,4,136,1,18
2,9,28.0,315,2,18,2,6,7,3,18
2,9,29.0,98,4,5,0,2,69,0,16
2,9,29.0,98,4,1,0,3,30,4,16
2,7,5.0,93,1,21,2,2,86,3,24
2,7,5.0,93,1,17,2,7,62,3,24
2,7,5.0,93,1,1,0,7,111,4,24
2,7,21.0,211,4,18,0,7,137,4,21
2,7,23.0,68,6,6,1,7,54,0,17
2,7,23.0,68,6,11,0,11,98,3,17
2,3,7.0,148,3,6,1,2,123,0,11
2,3,7.0,148,3,21,0,8,118,0,11
2,3,7.0,148,3,10,0,14,131,1,11
2,6,8.0,236,6,8,0,11,94,3,8
2,3,7.0,148,3,13,0,2,40,2,11
2,6,22.0,84,6,9,1,6,91,4,26
2,3,7.0,148,3,18,0,14,88,3,11
2,3,12.0,210,5,16,3,16,113,4,28
2,3,12.0,210,5,4,2,8,118,1,28
2,7,29.0,42,5,17,1,6,91,1,16
2,9,5.0,89,0,15,0,13,21,3,24
2,9,20.0,119,1,16,0,2,86,0,29
2,9,20.0,119,1,23,2,14,25,0,29
2,3,15.0,263,0,17,0,11,15,0,1
2,11,22.0,250,0,12,0,13,21,1,26
2,3,24.0,347,2,14,0,10,30,3,14
2,5,24.0,350,5,2,1,13,69,4,14
2,3,15.0,263,0,4,0,10,43,1,1
2,9,21.0,362,2,8,0,11,94,0,21
2,3,30.0,109,1,14,2,16,50,3,19
2,5,24.0,350,5,9,2,15,31,0,14
2,5,6.0,349,0,18,0,5,64,1,23
2,5,2.0,161,4,13,2,6,89,3,22
2,5,2.0,161,4,14,0,11,117,3,22
2,3,25.0,343,4,18,0,2,3,4,13
2,5,8.0,206,2,3,0,0,64,3,8
2,5,8.0,206,2,19,0,12,80,1,8
2,5,11.0,327,6,0,1,3,76,1,9
2,5,11.0,327,6,4,2,12,104,3,9
2,5,11.0,327,6,14,0,13,29,3,9
2,5,18.0,146,6,14,0,9,95,0,0
2,5,25.0,37,6,20,0,12,84,3,13
2,9,25.0,344,3,23,1,2,2,4,13
2,9,27.0,179,1,17,0,8,27,1,15
2,9,27.0,179,1,15,0,2,13,1,15
2,7,1.0,160,5,8,0,2,2,3,7
2,7,1.0,160,5,1,0,14,32,4,7
2,7,3.0,186,3,3,1,8,41,0,27
2,7,1.0,160,5,9,0,12,135,4,7
2,7,3.0,186,3,4,2,7,57,3,27
2,7,10.0,197,3,0,0,8,27,1,4
0,0,20.0,172,2,17,0,13,48,4,29
2,11,4.0,275,4,11,1,3,30,2,30
2,5,24.0,350,5,17,1,15,46,1,14
2,5,24.0,350,5,18,1,0,68,0,14
2,9,20.0,119,1,3,0,13,99,1,29
2,9,20.0,119,1,22,0,9,49,2,29
2,9,20.0,119,1,2,0,10,22,1,29
2,5,7.0,199,1,17,0,3,30,0,11
2,5,7.0,199,1,1,2,14,88,3,11
2,5,7.0,199,1,18,1,14,32,4,11
2,6,6.0,169,4,4,0,11,117,0,23
2,9,28.0,315,2,22,0,12,121,0,18
2,9,28.0,315,2,4,0,2,69,0,18
2,7,5.0,93,1,17,2,15,51,3,24
2,7,5.0,93,1,0,0,1,11,3,24
2,7,5.0,93,1,23,1,9,109,0,24
2,7,5.0,93,1,6,0,14,24,3,24
2,7,20.0,81,2,8,1,2,92,4,29
2,7,20.0,81,2,1,0,8,41,4,29
2,7,21.0,211,4,17,2,10,22,3,21
2,7,23.0,68,6,2,0,15,46,0,17
2,7,23.0,68,6,9,0,9,57,3,17
2,7,24.0,41,3,14,1,14,110,0,14
2,7,29.0,42,5,6,1,5,6,0,16
2,7,24.0,41,3,3,2,14,88,2,14
2,7,10.0,197,3,13,0,15,114,2,4
2,7,10.0,197,3,12,0,13,48,4,4
2,7,10.0,197,3,4,0,5,64,3,4
2,7,10.0,197,3,8,3,14,25,1,4
2,7,10.0,197,3,12,0,13,28,0,4
2,7,28.0,268,4,0,0,15,31,1,18
2,11,16.0,225,1,12,0,2,2,1,2
2,10,2.0,310,1,13,0,0,12,1,22
2,11,23.0,232,1,12,0,8,33,1,17
2,5,27.0,259,0,3,0,13,38,2,15
2,6,8.0,236,6,19,1,11,58,4,8
2,10,2.0,310,1,3,0,2,86,3,22
2,5,18.0,146,6,11,0,9,9,3,0
2,11,18.0,332,4,3,1,13,69,4,0
2,7,28.0,268,4,8,0,13,123,3,18
2,11,23.0,232,1,11,1,11,55,1,17
2,6,18.0,291,1,17,0,16,50,1,0
2,6,24.0,39,0,1,0,10,47,1,14
2,5,8.0,206,2,22,0,8,9,4,8
2,7,28.0,268,4,2,0,8,41,0,18
2,6,8.0,236,6,1,1,10,22,0,8
2,10,2.0,310,1,4,2,13,21,3,22
2,6,18.0,291,1,15,0,3,76,1,0
2,11,18.0,332,4,15,1,13,69,4,0
2,6,23.0,31,3,13,0,13,29,0,17
2,11,23.0,232,1,4,0,8,9,3,17
2,5,25.0,37,6,22,1,0,15,4,13
2,3,16.0,54,1,6,0,2,86,0,2
2,7,29.0,42,5,3,0,5,12,2,16
2,7,31.0,180,3,14,0,3,30,3,20
1,11,1.0,222,6,13,0,15,46,1,7
2,7,24.0,41,3,5,0,11,55,2,14
2,3,6.0,289,6,1,0,1,1,3,23
2,5,11.0,327,6,4,1,7,120,1,9
2,5,11.0,327,6,18,0,3,70,4,9
2,5,11.0,327,6,9,0,13,99,2,9
2,5,18.0,146,6,2,0,0,26,1,0
2,5,18.0,146,6,8,1,0,77,0,0
2,5,18.0,146,6,19,0,6,128,3,0
2,5,18.0,146,6,12,1,1,35,4,0
2,5,18.0,146,6,17,1,0,68,4,0
2,5,18.0,146,6,12,0,9,9,2,0
2,7,28.0,268,4,19,0,13,99,4,18
2,5,11.0,327,6,8,0,0,77,2,9
2,5,25.0,37,6,13,1,11,18,1,13
2,5,27.0,259,0,17,2,6,91,3,15
2,5,27.0,259,0,17,1,5,6,0,15
2,11,1.0,222,0,13,3,9,49,1,7
2,5,27.0,259,0,4,2,13,48,3,15
2,5,25.0,37,6,8,0,1,81,3,13
2,6,9.0,149,3,3,1,9,63,4,12
2,6,9.0,149,3,14,0,1,59,4,12
2,6,10.0,355,0,2,1,9,10,4,4
2,6,18.0,291,1,10,2,4,4,1,0
2,6,18.0,291,1,3,0,0,12,1,0
2,6,29.0,145,6,16,0,11,94,0,16
2,3,12.0,210,5,2,2,16,37,3,28
2,3,13.0,33,6,7,0,2,2,1,25
2,3,13.0,33,6,8,0,6,7,1,25
2,3,13.0,33,6,4,0,11,15,1,25
2,5,7.0,199,1,8,0,7,31,1,11
2,5,13.0,36,0,5,2,7,8,0,25
2,5,14.0,200,1,16,0,14,25,3,5
2,11,13.0,312,6,20,3,9,93,3,25
2,11,20.0,340,6,15,0,5,6,3,29
2,11,20.0,340,6,15,0,5,64,1,29
2,11,20.0,340,6,3,0,11,133,0,29
2,11,23.0,232,1,16,0,0,12,1,17
2,11,23.0,232,1,6,2,9,93,2,17
2,11,23.0,232,1,17,0,8,33,0,17
2,11,31.0,227,2,21,0,1,59,4,20
2,9,5.0,89,0,14,2,14,88,0,24
2,9,12.0,177,0,13,0,9,134,2,28
2,9,20.0,119,1,17,0,13,29,1,29
2,9,20.0,119,1,16,0,6,7,1,29
2,9,20.0,119,1,18,0,11,98,1,29
0,2,25.0,233,6,4,1,0,12,1,13
2,3,8.0,44,0,4,0,7,78,1,8
2,3,17.0,165,2,4,0,1,105,4,6
2,5,24.0,350,5,1,0,12,84,3,14
2,5,31.0,158,5,9,3,1,11,3,20
0,0,31.0,290,3,2,0,9,87,1,20
2,3,30.0,109,1,2,0,7,20,3,19
2,6,16.0,244,3,15,0,0,31,1,2
2,5,31.0,158,5,10,1,10,47,1,20
2,7,18.0,330,0,21,2,10,52,3,0
2,5,12.0,184,3,9,3,0,12,1,28
2,5,26.0,328,3,9,0,16,130,1,3
2,3,2.0,182,1,22,1,11,18,0,22
2,6,28.0,335,5,7,2,5,12,1,18
2,3,20.0,338,6,3,1,0,77,1,29
2,3,10.0,337,2,13,3,2,69,4,4
2,11,25.0,88,4,9,2,14,110,3,13
2,6,21.0,185,5,11,1,13,99,1,21
2,11,1.0,222,0,16,0,2,3,3,7
2,11,1.0,222,0,0,0,9,93,3,7
2,11,1.0,222,0,10,0,10,23,1,7
2,11,9.0,311,1,16,2,3,103,3,12
2,11,9.0,311,1,8,0,10,47,3,12
2,7,28.0,268,4,19,0,1,11,2,18
2,3,16.0,54,1,22,0,8,41,3,2
2,3,16.0,54,1,9,2,15,39,3,2
2,3,19.0,105,5,6,0,8,9,1,10
2,3,19.0,105,5,0,0,13,29,4,10
2,3,19.0,105,5,14,1,12,100,4,10
2,3,25.0,343,4,0,1,10,52,0,13
2,3,25.0,343,4,1,0,12,61,1,13
2,5,8.0,206,2,16,0,0,85,4,8
2,5,8.0,206,2,15,0,1,11,4,8
2,5,8.0,206,2,0,1,3,103,0,8
2,5,8.0,206,2,8,0,2,92,1,8
2,5,11.0,327,6,21,3,15,46,1,9
2,5,11.0,327,6,14,0,6,91,3,9
2,10,12.0,346,5,17,0,13,123,4,28
2,9,2.0,323,5,11,0,2,86,4,22
2,11,29.0,270,0,13,0,10,52,2,16
2,3,16.0,54,1,6,0,5,6,0,2
2,6,18.0,291,1,4,2,4,79,2,0
2,6,24.0,39,0,9,2,1,11,3,14
2,5,25.0,37,6,1,0,5,12,3,13
2,10,12.0,346,5,23,0,2,13,1,28
2,10,6.0,243,6,5,0,5,6,0,23
2,9,9.0,320,5,16,1,11,15,0,12
2,3,16.0,54,1,10,0,5,6,3,2
2,11,29.0,270,0,23,1,16,108,4,16
2,5,27.0,259,0,7,1,16,108,4,15
2,10,17.0,246,2,0,0,5,12,2,6
2,10,16.0,256,1,20,0,8,27,1,2
2,5,29.0,294,2,10,0,2,40,1,16
2,6,4.0,342,1,21,0,0,53,3,30
2,3,16.0,54,1,5,1,8,118,1,2
2,11,29.0,270,0,9,2,2,2,0,16
2,9,28.0,315,2,0,0,16,37,1,18
2,10,1.0,358,0,17,0,7,20,1,7
2,10,21.0,314,3,18,0,9,102,3,21
2,5,29.0,294,2,21,0,16,65,0,16
2,9,11.0,52,3,11,1,4,138,4,9
2,9,11.0,52,3,19,2,1,67,0,9
2,9,25.0,344,3,8,0,4,82,0,13
2,9,25.0,344,3,4,0,5,6,3,13
2,9,25.0,344,3,14,0,8,27,0,13
2,9,27.0,179,1,6,0,9,101,0,15
2,9,27.0,179,1,8,0,8,65,4,15
2,9,27.0,179,1,12,1,15,51,1,15
2,11,6.0,252,6,23,0,8,9,1,23
2,11,6.0,252,6,12,0,2,40,1,23
2,11,11.0,175,4,12,0,8,118,1,9
2,11,20.0,340,6,13,0,16,50,3,29
2,11,20.0,340,6,3,1,4,136,4,29
2,11,29.0,270,0,5,0,2,40,1,16
2,9,5.0,89,0,16,0,0,12,0,24
0,7,1.0,98,2,17,0,14,131,1,7
2,9,28.0,315,2,13,0,7,20,1,18
2,9,5.0,89,0,2,0,0,26,1,24
2,9,12.0,177,0,17,0,13,48,4,28
2,9,12.0,177,0,3,1,1,16,4,28
2,9,20.0,119,1,12,0,9,49,3,29
2,9,28.0,315,2,20,0,5,0,3,18
2,9,29.0,98,4,15,0,8,27,4,16
2,9,29.0,98,4,8,0,15,114,2,16
2,9,29.0,98,4,2,0,13,69,3,16
2,7,20.0,81,2,3,0,6,89,1,29
2,7,21.0,211,4,6,0,5,12,3,21
2,7,21.0,211,4,13,0,12,17,2,21
2,7,21.0,211,4,8,1,3,76,4,21
0,0,18.0,0,0,8,0,4,127,2,0
2,9,27.0,179,1,19,2,4,5,3,15
2,9,27.0,179,1,17,0,8,27,1,15
2,7,3.0,186,3,16,0,5,12,3,27
2,7,3.0,186,3,1,0,13,48,4,27
2,7,28.0,268,4,19,0,16,74,4,18
2,7,28.0,268,4,14,0,8,118,1,18
2,3,16.0,54,1,17,0,2,86,0,2
2,3,16.0,54,1,21,2,0,64,0,2
2,3,16.0,54,1,18,0,13,38,1,2
2,3,19.0,105,5,17,1,13,38,0,10
2,3,19.0,105,5,3,0,9,95,1,10
2,3,19.0,105,5,3,0,5,6,0,10
2,5,23.0,58,4,18,0,0,26,1,17
2,3,4.0,324,4,14,0,12,100,4,30
2,5,24.0,350,5,12,1,13,36,4,14
2,7,21.0,211,4,4,1,6,73,1,21
2,7,23.0,68,6,12,0,13,69,1,17
2,3,19.0,105,5,12,0,7,20,3,10
2,3,19.0,105,5,23,0,15,114,2,10
2,3,25.0,343,4,13,0,6,89,2,13
2,3,25.0,343,4,22,0,13,38,0,13
2,3,25.0,343,4,9,0,9,63,3,13
2,5,2.0,161,4,11,0,10,22,3,22
2,5,2.0,161,4,23,0,7,57,2,22
2,5,2.0,161,4,9,0,5,6,0,22
2,5,8.0,206,2,21,1,0,12,0,8
2,5,8.0,206,2,7,1,11,15,0,8
2,5,8.0,206,2,0,0,2,71,4,8
2,5,8.0,206,2,16,0,5,12,1,8
2,5,8.0,206,2,8,0,12,80,0,8
2,5,8.0,206,2,1,0,0,64,3,8
2,5,11.0,327,6,11,0,6,128,3,9
2,11,6.0,252,6,1,0,14,32,1,23
2,11,6.0,252,6,13,0,14,24,2,23
2,11,11.0,175,4,4,0,1,59,1,9
2,11,20.0,340,6,16,2,10,47,3,29
2,7,23.0,68,6,8,0,1,67,2,17
2,7,24.0,41,3,16,0,10,22,3,14
2,7,24.0,41,3,15,0,14,25,1,14
2,7,24.0,41,3,8,2,16,37,3,14
2,7,24.0,41,3,4,0,13,99,2,14
2,7,29.0,42,5,21,1,14,131,2,16
2,10,23.0,261,1,22,0,5,6,3,17
2,10,20.0,341,6,7,0,3,70,1,29
2,6,8.0,236,6,5,0,13,29,2,8
2,5,29.0,294,2,17,0,13,28,3,16
2,10,20.0,341,6,8,2,16,139,0,29
2,8,5.0,87,4,13,3,15,31,1,24
2,11,29.0,270,0,12,1,6,132,1,16
2,9,28.0,315,2,14,0,8,9,2,18
2,5,30.0,196,4,15,1,2,2,1,19
2,9,29.0,98,4,4,3,10,47,3,16
2,9,5.0,89,0,14,2,3,79,3,24
2,9,20.0,119,1,18,0,11,133,2,29
2,6,4.0,342,1,7,1,13,28,0,30
2,10,20.0,341,6,2,0,0,12,1,29
2,5,14.0,200,1,22,1,13,29,1,5
2,7,20.0,81,2,15,0,6,132,1,29
2,9,12.0,177,0,2,0,16,50,0,28
2,9,29.0,98,4,3,0,5,6,2,16
2,6,4.0,342,1,9,2,15,119,0,30
2,8,5.0,87,4,7,0,5,12,0,24
2,7,20.0,81,2,6,1,10,22,2,29
2,7,21.0,211,4,3,0,10,23,1,21
2,7,23.0,68,6,11,0,10,47,1,17
2,7,24.0,41,3,13,0,0,53,3,14
2,7,24.0,41,3,8,0,0,77,2,14
2,7,29.0,42,5,5,0,9,57,2,16
2,7,29.0,42,5,14,0,10,6,0,16
2,9,29.0,98,4,17,0,16,50,1,16
2,3,5.0,303,5,2,0,5,6,3,24
2,3,5.0,303,5,8,2,1,67,2,24
2,3,5.0,303,5,12,0,10,47,2,24
2,3,6.0,289,6,12,0,6,89,4,23
2,3,6.0,289,6,13,1,7,111,1,23
2,3,6.0,289,6,9,2,1,16,3,23
2,3,7.0,148,3,13,0,16,74,2,11
2,3,7.0,148,3,9,2,10,23,3,11
2,5,25.0,37,6,8,2,13,13,3,13
2,9,25.0,344,3,1,0,14,24,1,13
2,5,27.0,259,0,19,0,3,76,1,15
2,6,9.0,149,3,22,0,0,12,1,12
2,6,9.0,149,3,9,0,2,40,3,12
2,6,10.0,355,0,8,0,10,12,3,4
2,3,19.0,105,5,6,1,14,97,2,10
2,3,19.0,105,5,2,0,1,67,4,10
2,3,19.0,105,5,4,0,13,21,1,10
2,3,19.0,105,5,0,0,15,46,3,10
2,5,8.0,206,2,6,0,11,18,0,8
2,5,8.0,206,2,0,0,5,12,3,8
2,5,11.0,327,6,21,0,4,4,1,9
2,5,11.0,327,6,7,0,15,31,3,9
2,5,18.0,146,6,15,0,14,110,3,0
2,5,18.0,146,6,8,1,6,116,4,0
2,5,25.0,37,6,15,0,9,63,2,13
2,5,27.0,259,0,6,0,13,99,3,15
2,6,9.0,149,3,4,0,10,52,3,12
2,3,12.0,210,5,11,1,13,29,4,28
2,3,7.0,148,3,8,0,8,27,1,11
2,3,12.0,210,5,0,1,13,28,0,28
2,5,7.0,199,1,3,0,9,134,3,11
2,5,7.0,199,1,2,2,7,78,3,11
2,5,13.0,36,0,17,0,7,54,3,25
2,5,13.0,36,0,3,1,11,55,4,25
2,5,13.0,36,0,9,0,15,51,4,25
2,5,13.0,36,0,14,0,8,41,0,25
2,5,13.0,36,0,14,0,13,21,2,25
2,5,13.0,36,0,18,0,11,124,4,25
2,5,14.0,200,1,22,0,16,74,1,5
2,5,21.0,163,1,2,2,4,45,2,21
2,5,21.0,163,1,9,0,1,67,1,21
2,6,10.0,355,0,17,0,14,34,3,4
2,6,10.0,355,0,7,2,15,96,0,4
2,6,10.0,355,0,6,1,1,67,0,4
2,5,11.0,327,6,1,0,9,57,0,9
2,6,10.0,355,0,2,2,6,7,3,4
2,6,18.0,291,1,17,1,3,44,4,0
2,6,18.0,291,1,16,2,1,67,3,0
2,6,18.0,291,1,21,0,16,74,3,0
2,6,18.0,291,1,6,1,11,55,4,0
2,6,29.0,145,6,5,0,15,114,1,16
2,6,29.0,145,6,15,0,12,121,3,16
2,6,29.0,145,6,4,2,7,120,3,16
2,6,29.0,145,6,9,2,0,31,3,16
2,10,1.0,358,0,23,0,6,73,1,7
2,10,2.0,310,1,21,0,0,53,3,22
2,11,6.0,252,6,8,1,1,35,4,23
2,11,6.0,252,6,4,0,5,6,0,23
2,11,31.0,227,2,19,1,3,76,1,20
2,9,20.0,119,1,19,1,1,11,0,29
2,9,4.0,295,3,13,1,13,29,4,30
2,9,29.0,98,4,8,0,6,7,2,16
2,11,6.0,252,6,9,0,2,86,2,23
2,11,13.0,312,6,9,1,11,133,0,25
2,11,20.0,340,6,17,0,1,81,3,29
2,11,20.0,340,6,7,0,2,92,1,29
2,11,20.0,340,6,19,2,6,7,3,29
0,5,11.0,326,4,5,3,0,64,3,9
2,8,5.0,87,4,21,0,9,101,1,24
2,9,20.0,119,1,17,0,11,117,1,29
2,5,14.0,200,1,17,2,8,41,3,5
2,9,29.0,98,4,4,0,12,121,1,16
2,6,6.0,169,4,1,0,8,33,1,23
2,8,5.0,87,4,7,1,6,14,0,24
2,8,5.0,87,4,15,0,6,7,3,24
2,8,5.0,87,4,6,0,8,9,0,24
2,8,5.0,87,4,15,0,8,27,3,24
2,8,5.0,87,4,14,0,14,131,1,24
2,8,5.0,87,4,15,0,8,9,4,24
2,8,6.0,70,5,3,0,5,6,2,23
2,8,6.0,70,5,2,0,3,115,1,23
2,8,6.0,70,5,14,0,1,1,4,23
2,1,14.0,1,2,9,0,6,89,1,5
2,8,15.0,73,3,0,1,3,103,0,1
2,8,15.0,73,3,14,0,10,47,3,1
2,8,15.0,73,3,18,0,1,105,4,1
2,8,16.0,74,0,16,0,16,50,1,2
2,8,16.0,74,0,18,2,6,7,0,2
2,10,23.0,261,1,18,0,10,23,3,17
2,1,5.0,97,0,19,0,11,133,0,24
2,1,5.0,97,0,4,0,9,102,1,24
2,10,20.0,341,6,14,2,14,88,3,29
2,5,18.0,146,6,14,0,12,100,4,0
2,5,18.0,146,6,5,0,1,67,2,0
2,10,26.0,302,5,4,2,8,118,3,3
2,10,27.0,216,6,19,0,9,10,4,15
2,1,1.0,171,4,15,0,16,139,1,7
2,1,1.0,171,4,19,0,12,61,1,7
2,1,2.0,188,5,16,0,1,35,3,22
2,1,2.0,188,5,5,1,1,16,4,22
2,1,2.0,188,5,1,0,9,101,3,22
2,10,27.0,216,6,5,1,15,46,4,15
2,1,4.0,219,3,16,1,1,67,0,30
2,1,4.0,219,3,11,1,14,107,4,30
2,5,23.0,58,4,9,0,0,31,3,17
2,1,7.0,62,2,8,0,2,69,2,11
2,1,14.0,1,2,8,0,11,15,2,5
2,1,14.0,1,2,14,0,11,94,0,5
2,1,15.0,2,4,3,0,10,47,0,1
2,1,15.0,2,4,4,0,0,15,0,1
2,1,15.0,2,4,2,0,7,111,3,1
2,1,15.0,2,4,0,1,7,20,4,1
2,1,14.0,1,2,1,2,7,57,0,5
2,1,25.0,248,3,19,0,16,74,1,13
2,1,25.0,248,3,19,0,13,48,4,13
2,1,25.0,248,3,1,2,8,33,3,13
2,8,5.0,87,4,0,2,4,138,3,24
2,8,5.0,87,4,15,0,6,73,3,24
2,8,5.0,87,4,19,0,10,22,1,24
2,8,6.0,70,5,22,0,10,22,1,23
2,8,15.0,73,3,15,1,7,57,1,1
2,8,16.0,74,0,19,0,7,120,3,2
2,8,16.0,74,0,17,0,13,99,4,2
2,8,17.0,75,1,9,0,1,105,3,6
2,4,9.0,79,2,22,0,14,25,1,12
2,3,12.0,210,5,15,0,4,75,0,28
2,1,19.0,151,0,0,1,11,18,0,10
2,1,19.0,151,0,2,0,0,53,3,10
2,1,19.0,151,0,9,0,10,22,1,10
2,1,21.0,164,2,12,0,8,19,4,21
2,1,21.0,164,2,19,0,15,119,3,21
2,1,29.0,100,4,6,0,0,64,1,16
2,1,29.0,100,4,17,0,5,12,3,16
2,1,29.0,100,4,8,0,5,6,2,16
2,10,26.0,302,5,6,2,1,105,3,3
2,10,20.0,341,6,8,0,10,52,3,29
2,10,26.0,302,5,4,0,8,65,4,3
2,1,4.0,219,3,19,0,5,6,2,30
2,1,10.0,111,6,0,0,16,50,1,4
2,9,20.0,119,1,16,2,4,75,3,29
2,6,8.0,236,6,21,1,7,111,4,8
2,6,22.0,84,6,11,0,2,60,4,26
2,9,29.0,98,4,12,1,10,22,1,16
2,5,21.0,163,1,16,0,5,0,3,21
2,7,29.0,42,5,8,2,6,128,3,16
2,6,22.0,84,6,8,2,4,66,0,26
2,7,5.0,93,1,19,0,11,117,0,24
2,5,21.0,163,1,15,0,10,47,1,21
2,7,29.0,42,5,2,0,11,117,2,16
2,6,23.0,31,3,13,0,9,54,1,17
2,5,21.0,163,1,14,2,2,86,0,21
2,5,21.0,163,1,2,1,0,68,4,21
2,5,29.0,294,2,3,0,7,120,3,16
2,5,30.0,196,4,23,0,8,9,1,19
2,5,30.0,196,4,8,0,0,77,3,19
2,5,30.0,196,4,3,0,7,111,4,19
2,6,4.0,342,1,6,2,5,6,3,30
2,7,31.0,180,3,8,1,6,7,4,20
2,6,4.0,342,1,13,0,8,41,0,30
2,6,24.0,39,0,6,0,5,12,3,14
2,6,4.0,342,1,7,0,8,41,4,30
2,9,7.0,271,2,20,1,11,94,1,11
2,7,5.0,93,1,14,0,4,76,3,24
2,6,23.0,31,3,18,0,9,95,3,17
2,6,4.0,342,1,12,0,5,6,2,30
2,3,24.0,347,2,3,1,0,12,0,14
2,7,20.0,81,2,17,2,8,27,3,29
2,6,24.0,39,0,10,0,10,22,3,14
2,6,24.0,39,0,8,2,10,22,3,14
2,10,6.0,243,6,6,0,3,115,4,23
2,10,6.0,243,6,4,0,0,12,0,23
2,2,15.0,220,5,2,0,9,134,2,1
2,2,25.0,3,0,12,0,12,80,1,13
2,0,8.0,48,3,3,1,5,12,1,8
2,11,3.0,288,2,0,0,10,12,0,27
0,0,31.0,290,3,1,1,13,99,1,20
2,11,3.0,288,2,0,1,12,135,4,27
2,11,3.0,288,2,13,0,1,1,1,27
2,11,3.0,288,2,22,0,12,84,3,27
2,11,15.0,331,0,4,0,2,86,4,1
2,11,22.0,250,0,6,2,16,50,3,26
2,11,22.0,250,0,11,0,10,47,1,26
2,11,22.0,250,0,22,0,0,26,2,26
2,10,6.0,243,6,13,0,8,65,3,23
2,1,25.0,248,3,17,1,14,34,0,13
2,1,25.0,248,3,4,3,12,100,4,13
2,10,6.0,243,6,5,0,10,47,2,23
2,10,23.0,261,1,0,0,2,2,3,17
2,10,23.0,261,1,14,0,2,2,4,17
2,1,5.0,97,0,12,0,16,50,1,24
2,1,14.0,1,2,9,0,7,111,2,5
2,1,14.0,1,2,1,0,0,12,0,5
2,6,4.0,342,1,3,0,2,2,0,30
2,6,4.0,342,1,2,1,10,47,1,30
2,6,4.0,342,1,19,0,2,13,0,30
2,6,4.0,342,1,9,0,3,70,3,30
2,6,6.0,169,4,16,0,4,45,0,23
2,6,6.0,169,4,5,0,13,48,3,23
2,6,6.0,169,4,20,0,10,22,1,23
2,6,6.0,169,4,9,0,0,31,3,23
2,6,6.0,169,4,21,0,16,39,4,23
2,9,9.0,320,5,12,0,7,20,3,12
2,9,9.0,320,5,7,2,9,54,3,12
2,9,9.0,320,5,22,1,4,66,4,12
2,9,10.0,156,6,19,1,10,47,0,4
2,9,10.0,156,6,1,2,10,22,3,4
2,9,11.0,52,3,3,0,0,64,1,9
2,9,11.0,52,3,4,0,12,80,1,9
2,9,25.0,344,3,22,2,6,7,3,13
2,9,27.0,179,1,16,0,5,6,0,15
2,9,27.0,179,1,6,0,14,25,0,15
2,9,27.0,179,1,9,0,13,48,3,15
2,7,1.0,160,5,1,0,15,112,1,7
2,7,1.0,160,5,9,0,4,75,1,7
2,7,3.0,186,3,4,0,10,23,1,27
2,7,28.0,268,4,4,0,2,69,2,18
2,7,28.0,268,4,18,0,2,92,1,18
2,7,28.0,268,4,18,0,2,2,1,18
2,6,18.0,291,1,2,0,2,86,3,0
2,6,18.0,291,1,1,0,2,2,1,0
2,6,29.0,145,6,9,1,14,24,1,16
2,11,22.0,250,0,18,0,0,26,0,26
2,11,22.0,250,0,20,1,10,12,4,26
2,9,3.0,217,6,20,1,15,114,1,27
2,9,4.0,295,3,22,0,10,47,2,30
2,9,4.0,295,3,3,0,1,11,3,30
2,9,4.0,295,3,4,0,15,31,0,30
2,6,6.0,169,4,14,0,16,72,3,23
2,6,8.0,236,6,17,2,10,133,3,8
2,6,8.0,236,6,22,0,16,37,1,8
2,6,8.0,236,6,3,2,13,21,0,8
2,6,22.0,84,6,7,1,1,105,0,26
2,10,2.0,310,1,3,0,2,71,4,22
2,10,2.0,310,1,4,2,6,116,0,22
2,10,2.0,310,1,9,2,14,106,3,22
2,10,12.0,346,5,16,2,16,37,0,28
2,10,12.0,346,5,17,0,4,4,0,28
2,10,17.0,246,2,6,2,13,28,3,6
2,10,17.0,246,2,0,0,11,0,3,6
2,10,17.0,246,2,20,0,2,2,1,6
2,6,4.0,342,1,9,1,9,134,4,30
2,10,17.0,246,2,11,0,9,58,2,6
2,10,17.0,246,2,19,0,13,48,1,6
2,10,17.0,246,2,9,1,9,93,1,6
2,10,12.0,346,5,20,0,3,30,4,28
2,10,17.0,246,2,22,0,15,108,1,6
2,10,19.0,223,5,9,3,8,19,0,10
2,10,19.0,223,5,4,1,9,102,4,10
2,10,20.0,341,6,9,2,10,47,3,29
2,10,26.0,302,5,16,0,9,102,0,3
2,10,26.0,302,5,16,1,10,47,0,3
2,10,26.0,302,5,4,0,3,76,0,3
2,10,26.0,302,5,18,2,8,41,3,3
2,2,25.0,3,0,14,0,13,48,0,13
2,1,8.0,50,4,17,0,12,61,1,8
2,10,5.0,242,5,18,0,2,13,2,24
2,10,15.0,201,0,14,1,9,93,4,1
2,7,21.0,211,4,8,0,10,22,1,21
2,7,21.0,211,4,8,2,2,2,3,21
2,7,23.0,68,6,20,0,15,46,4,17
2,7,23.0,68,6,14,1,2,86,0,17
2,7,24.0,41,3,1,0,14,131,4,14
2,7,24.0,41,3,19,2,16,130,3,14
2,7,24.0,41,3,18,2,5,64,3,14
2,7,23.0,68,6,1,0,9,102,2,17
2,7,24.0,41,3,12,1,3,115,1,14
2,7,29.0,42,5,20,0,9,93,1,16
2,7,29.0,42,5,14,2,13,28,2,16
2,7,29.0,42,5,15,1,3,79,1,16
2,7,31.0,180,3,11,0,0,85,1,20
2,3,6.0,289,6,17,1,0,15,0,23
2,3,6.0,289,6,1,0,1,11,4,23
2,1,15.0,2,4,6,1,8,19,0,1
2,1,15.0,2,4,15,0,5,6,3,1
2,1,25.0,248,3,17,0,2,86,1,13
2,1,25.0,248,3,0,2,9,54,3,13
2,1,25.0,248,3,21,2,3,30,3,13
2,1,25.0,248,3,16,1,2,123,0,13
2,6,18.0,291,1,4,0,8,27,1,0
2,6,29.0,145,6,15,0,5,6,0,16
2,3,5.0,303,5,17,0,12,17,4,24
2,6,29.0,145,6,5,0,6,91,1,16
2,10,1.0,358,0,16,0,13,123,1,7
2,10,1.0,358,0,7,1,14,32,0,7
2,10,1.0,358,0,12,0,8,9,3,7
2,10,1.0,358,0,19,2,5,6,0,7
2,10,1.0,358,0,4,0,2,3,3,7
2,10,1.0,358,0,9,2,4,75,2,7
2,10,2.0,310,1,17,0,10,23,1,22
2,10,2.0,310,1,8,0,12,104,4,22
2,10,12.0,346,5,23,0,14,25,3,28
2,10,12.0,346,5,18,0,13,29,4,28
2,10,19.0,223,5,12,0,2,86,0,10
2,10,20.0,341,6,19,0,10,47,3,29
2,10,27.0,216,6,11,0,0,77,1,15
2,10,19.0,223,5,18,0,4,66,2,10
2,1,1.0,171,4,4,0,15,39,4,7
2,1,1.0,171,4,16,0,14,24,3,7
2,1,4.0,219,3,2,0,13,28,4,30
2,1,10.0,111,6,0,0,11,18,1,4
2,6,10.0,355,0,19,1,2,123,2,4
2,6,18.0,291,1,2,0,13,21,4,0
2,6,18.0,291,1,14,0,7,137,3,0
2,6,29.0,145,6,10,0,0,0,2,16
2,6,29.0,145,6,5,0,6,132,2,16
2,6,4.0,342,1,0,2,0,53,3,30
2,6,29.0,145,6,5,0,15,114,1,16
2,6,29.0,145,6,9,0,2,92,3,16
2,3,5.0,303,5,15,0,14,24,3,24
2,10,1.0,358,0,0,2,1,11,3,7
2,7,31.0,180,3,5,1,12,100,4,20
2,10,1.0,358,0,17,1,1,67,0,7
2,3,5.0,303,5,2,2,6,7,4,24
2,10,1.0,358,0,8,0,8,27,3,7
2,3,5.0,303,5,5,0,8,9,2,24
2,10,2.0,310,1,3,0,10,22,0,22
2,3,6.0,289,6,12,0,10,22,3,23
2,10,2.0,310,1,18,0,1,59,2,22
2,10,12.0,346,5,22,2,16,50,1,28
2,10,12.0,346,5,18,0,8,27,1,28
2,10,19.0,223,5,4,0,10,52,1,10
2,10,19.0,223,5,3,0,16,74,1,10
2,10,20.0,341,6,11,0,1,59,4,29
2,3,19.0,105,5,21,1,7,57,0,10
2,3,19.0,105,5,13,1,12,104,4,10
2,3,25.0,343,4,17,0,2,92,4,13
2,3,25.0,343,4,14,0,8,27,0,13
2,5,2.0,161,4,20,0,10,47,3,22
2,5,8.0,206,2,17,0,0,85,1,8
2,5,8.0,206,2,0,1,3,103,0,8
2,5,8.0,206,2,14,0,5,6,3,8
2,6,6.0,169,4,10,1,16,139,0,23
2,6,6.0,169,4,13,0,7,120,4,23
2,6,6.0,169,4,4,0,6,7,1,23
2,6,6.0,169,4,18,0,13,29,1,23
2,6,8.0,236,6,17,1,11,98,0,8
2,6,8.0,236,6,16,0,9,101,1,8
2,3,13.0,33,6,3,0,10,22,1,25
2,3,13.0,33,6,1,0,4,75,1,25
2,3,13.0,33,6,18,0,15,31,1,25
2,5,7.0,199,1,17,2,0,26,0,11
2,5,7.0,199,1,0,1,3,103,0,11
2,5,13.0,36,0,20,0,12,80,1,25
2,5,13.0,36,0,5,2,8,27,3,25
2,5,14.0,200,1,14,2,13,48,4,5
2,5,21.0,163,1,16,0,14,32,4,21
2,5,29.0,294,2,16,0,5,6,3,16
2,5,30.0,196,4,8,0,15,46,1,19
2,5,30.0,196,4,22,3,9,57,4,19
2,6,4.0,342,1,0,0,9,93,3,30
2,5,6.0,349,0,18,0,12,80,1,23
2,5,11.0,327,6,0,0,0,68,4,9
2,5,11.0,327,6,10,1,15,46,4,9
2,5,11.0,327,6,22,0,5,64,3,9
2,5,25.0,37,6,23,0,5,6,3,13
2,5,27.0,259,0,20,0,13,28,4,15
2,5,27.0,259,0,9,0,6,7,1,15
2,5,11.0,327,6,19,0,0,64,3,9
2,6,10.0,355,0,0,0,0,12,3,4
2,6,10.0,355,0,6,0,10,47,1,4
2,6,10.0,355,0,20,0,13,99,2,4
2,6,9.0,149,3,22,0,13,29,2,12
2,6,9.0,149,3,18,1,3,44,4,12
2,6,18.0,291,1,2,0,12,17,1,0
2,6,18.0,291,1,4,0,13,29,3,0
2,3,6.0,289,6,19,0,15,96,3,23
2,3,6.0,289,6,7,2,6,89,1,23
2,3,6.0,289,6,14,1,12,135,4,23
2,3,12.0,210,5,17,0,6,7,1,28
2,3,12.0,210,5,20,1,14,97,1,28
2,3,13.0,33,6,17,0,12,61,1,25
2,3,13.0,33,6,12,0,15,51,1,25
2,3,13.0,33,6,19,0,11,15,3,25
2,5,7.0,199,1,13,2,7,78,0,11
2,5,7.0,199,1,4,0,4,5,3,11
2,10,15.0,201,0,19,0,6,89,1,1
2,10,15.0,201,0,9,1,13,29,1,1
0,10,1.0,208,6,8,0,2,40,1,7
2,5,17.0,195,5,8,0,15,46,3,6
0,2,1.0,16,2,2,0,7,62,4,7
2,7,11.0,181,0,11,1,0,64,1,9
2,3,1.0,120,0,13,3,1,16,4,7
2,3,11.0,104,4,13,2,1,1,2,9
2,5,12.0,184,3,12,0,8,9,2,28
2,5,12.0,184,3,4,0,10,22,3,28
2,5,26.0,328,3,22,0,16,72,3,3
2,1,11.0,353,3,1,0,16,72,3,9
0,7,22.0,211,2,17,0,4,66,4,26
2,8,14.0,72,6,21,1,2,35,4,5
2,8,14.0,72,6,9,2,3,103,3,5
2,3,7.0,148,3,16,1,9,102,0,11
2,3,6.0,289,6,2,1,14,24,4,23
2,3,7.0,148,3,15,0,16,130,3,11
2,3,7.0,148,3,8,0,3,44,3,11
2,3,7.0,148,3,1,0,3,76,3,11
2,3,12.0,210,5,21,0,5,12,1,28
2,3,12.0,210,5,21,2,4,121,1,28
2,3,12.0,210,5,18,0,7,122,2,28
2,3,12.0,210,5,9,0,6,132,1,28
2,3,12.0,210,5,1,1,12,84,0,28
2,3,13.0,33,6,12,0,13,36,0,25
2,3,13.0,33,6,12,2,13,36,1,25
2,3,13.0,33,6,4,0,12,104,2,25
2,5,13.0,36,0,8,0,6,91,4,25
2,5,13.0,36,0,8,0,13,44,3,25
2,5,14.0,200,1,17,2,14,25,2,5
2,5,13.0,36,0,1,0,2,13,1,25
2,5,14.0,200,1,23,0,13,13,1,5
2,5,21.0,163,1,17,1,4,121,0,21
2,5,29.0,294,2,16,0,10,12,3,16
2,3,24.0,347,2,13,1,3,30,0,14
2,10,1.0,358,0,19,1,0,53,4,7
2,10,2.0,310,1,12,0,5,12,3,22
2,10,12.0,346,5,0,0,4,136,1,28
2,10,12.0,346,5,16,0,5,6,0,28
2,10,12.0,346,5,0,1,10,47,2,28
2,10,12.0,346,5,2,0,15,96,2,28
2,10,17.0,246,2,16,2,9,57,3,6
2,10,17.0,246,2,8,0,8,19,3,6
2,10,17.0,246,2,2,1,5,12,1,6
2,10,19.0,223,5,17,2,7,57,3,10
2,10,20.0,341,6,0,1,2,13,0,29
2,10,26.0,302,5,16,1,0,12,2,3
2,5,27.0,259,0,20,0,8,41,1,15
2,5,27.0,259,0,2,0,0,64,3,15
2,5,27.0,259,0,8,0,11,90,3,15
2,5,27.0,259,0,18,1,14,88,2,15
2,6,9.0,149,3,20,0,16,42,4,12
3,3,24.0,357,4,16,0,0,77,1,14
2,10,1.0,358,0,8,0,3,76,1,7
3,3,24.0,357,4,15,0,10,22,1,14
3,3,24.0,357,4,8,2,15,119,3,14
2,10,2.0,310,1,14,0,0,77,1,22
3,3,24.0,357,4,12,0,1,67,0,14
2,5,11.0,327,6,6,1,16,74,0,9
2,1,14.0,1,2,9,1,9,57,0,5
2,10,6.0,243,6,12,0,13,99,0,23
2,0,2.0,334,0,18,1,6,89,1,22
2,1,12.0,207,0,8,0,0,77,3,28
3,3,24.0,357,4,23,1,12,121,1,14
3,3,25.0,347,5,17,0,5,6,3,13
3,3,25.0,347,5,4,0,8,33,1,13
3,3,25.0,347,5,8,2,13,21,0,13
3,5,10.0,155,6,2,0,10,47,2,4
3,5,17.0,212,6,21,1,3,79,4,6
3,5,15.0,200,4,2,1,3,44,4,1
3,5,23.0,168,5,11,0,5,0,4,17
3,5,23.0,168,5,8,0,4,4,0,17
3,5,23.0,168,5,15,0,2,86,0,17
2,8,17.0,75,1,6,1,3,30,4,6
2,10,16.0,256,1,9,0,5,6,3,2
2,10,23.0,261,1,0,0,11,15,3,17
2,1,5.0,97,0,0,1,11,15,0,24
2,1,14.0,1,2,6,0,4,82,1,5
2,1,14.0,1,2,8,0,11,124,3,5
3,11,23.0,232,4,6,0,7,78,0,17
2,1,12.0,207,0,22,0,5,12,2,28
2,2,29.0,131,5,4,1,4,75,1,16
2,8,5.0,87,4,16,1,14,88,4,24
2,8,15.0,73,3,11,0,16,50,1,1
2,8,15.0,73,3,19,0,8,33,4,1
2,8,15.0,73,3,9,0,10,47,3,1
2,1,15.0,2,4,20,0,13,21,1,1
2,8,16.0,74,0,18,0,16,42,4,2
2,8,17.0,75,1,5,0,12,84,0,6
2,8,17.0,75,1,4,0,9,57,3,6
2,4,8.0,18,1,12,0,11,117,0,8
2,4,9.0,79,2,17,0,13,29,1,12
2,4,9.0,79,2,11,2,8,41,3,12
2,4,25.0,80,5,17,0,5,6,1,13
2,0,17.0,0,1,16,0,3,76,0,6
2,0,17.0,0,1,18,0,3,79,1,6
2,0,18.0,13,2,2,0,13,29,1,0
2,0,18.0,13,2,4,0,10,52,1,0
2,0,14.0,190,6,13,3,8,41,4,5
3,11,7.0,253,1,21,3,12,84,3,11
3,11,9.0,311,4,6,0,11,18,1,12
3,11,9.0,311,4,17,1,14,110,0,12
3,11,9.0,311,4,12,2,2,13,1,12
3,11,23.0,232,4,11,0,6,89,1,17
3,11,24.0,194,5,3,2,15,46,3,14
3,11,24.0,194,5,14,0,8,9,0,14
3,11,23.0,232,4,1,0,10,6,3,17
3,11,24.0,194,5,11,1,1,105,4,14
3,11,24.0,194,5,23,1,9,134,4,14
2,7,8.0,273,5,18,0,6,7,0,8
2,7,8.0,273,5,13,1,11,58,4,8
2,7,18.0,330,0,18,0,9,102,3,0
2,7,11.0,181,0,13,0,1,11,2,9
2,3,1.0,120,0,3,1,16,113,2,7
2,5,12.0,184,3,17,1,3,30,4,28
2,6,28.0,335,5,14,3,2,86,3,18
2,6,28.0,335,5,2,2,3,30,0,18
2,10,29.0,157,0,19,1,1,59,2,16
2,10,29.0,157,0,12,3,12,83,4,16
2,1,26.0,262,0,20,1,5,12,1,3
2,5,26.0,328,3,11,0,7,20,2,3
2,4,4.0,235,5,14,1,7,120,2,30
3,7,5.0,204,2,21,0,5,12,0,24
3,7,22.0,211,6,5,1,10,22,1,26
3,11,12.0,118,3,18,2,5,6,0,28
2,11,4.0,275,4,16,0,15,51,1,30
2,11,15.0,331,0,2,0,11,18,0,1
2,11,15.0,331,0,2,0,14,88,1,1
2,11,22.0,250,0,22,0,1,35,0,26
2,11,22.0,250,0,9,0,16,72,1,26
2,11,22.0,250,0,4,1,13,48,4,26
2,11,22.0,250,0,18,0,2,2,1,26
2,11,22.0,250,0,19,1,10,47,1,26
2,11,10.0,360,2,5,1,4,45,0,4
2,5,1.0,307,2,9,1,11,124,0,7
2,7,18.0,330,0,19,1,11,94,2,0
2,3,8.0,44,0,20,1,12,56,4,8
2,7,25.0,316,0,8,0,14,125,4,13
2,1,26.0,262,0,2,1,11,129,2,3
3,11,12.0,118,3,14,0,8,33,2,28
2,2,29.0,131,5,11,0,13,69,1,16
2,2,29.0,131,5,3,1,1,11,4,16
2,2,29.0,131,5,14,0,6,91,4,16
2,0,2.0,334,0,6,0,1,1,1,22
2,0,2.0,334,0,22,0,3,115,3,22
2,0,2.0,334,0,4,0,12,61,0,22
2,0,2.0,334,0,8,0,10,22,2,22
2,1,19.0,151,0,21,0,4,79,1,10
2,10,2.0,310,1,9,0,3,103,1,22
2,1,27.0,300,1,20,0,16,50,1,15
2,5,11.0,327,6,20,0,7,111,2,9
2,1,15.0,2,4,6,1,8,33,0,1
2,1,19.0,151,0,23,0,2,92,3,10
2,10,12.0,346,5,17,0,6,73,1,28
2,1,27.0,300,1,6,0,5,12,0,15
2,0,3.0,229,1,6,0,0,64,3,27
2,6,4.0,342,1,3,2,12,17,3,30
2,1,25.0,248,3,14,1,13,48,0,13
2,10,12.0,346,5,19,0,0,77,1,28
3,3,20.0,105,3,19,0,8,27,1,29
2,10,23.0,261,1,16,0,10,47,3,17
2,5,11.0,327,6,8,0,0,53,4,9
2,0,2.0,334,0,4,0,8,19,0,22
2,6,4.0,342,1,22,2,1,16,3,30
2,1,29.0,100,4,18,0,12,104,4,16
2,1,21.0,164,2,1,0,12,121,3,21
2,1,15.0,2,4,3,0,13,48,0,1
2,10,17.0,246,2,21,2,10,47,3,6
2,0,3.0,229,1,8,1,1,1,4,27
2,10,23.0,261,1,11,0,4,79,4,17
2,5,11.0,327,6,4,0,10,6,3,9
2,5,18.0,146,6,7,0,11,117,1,0
2,5,18.0,146,6,3,0,13,28,2,0
2,5,18.0,146,6,1,1,0,64,1,0
2,5,18.0,146,6,2,3,14,25,0,0
2,5,25.0,37,6,17,0,12,84,1,13
2,5,25.0,37,6,18,0,5,12,0,13
2,5,27.0,259,0,16,0,15,39,1,15
2,10,27.0,216,6,15,2,11,94,3,15
2,1,1.0,171,4,2,0,14,25,1,7
2,1,2.0,188,5,23,3,9,58,2,22
2,1,1.0,171,4,22,0,1,35,0,7
2,1,2.0,188,5,11,2,13,69,2,22
2,1,2.0,188,5,23,0,5,12,3,22
2,1,12.0,207,0,11,1,15,51,4,28
2,6,4.0,342,1,1,0,12,104,0,30
2,6,14.0,49,5,5,0,10,52,1,5
2,6,14.0,49,5,5,0,8,41,0,5
2,6,14.0,49,5,22,1,9,58,4,5
2,6,14.0,49,5,9,0,13,28,4,5
2,6,22.0,84,6,16,0,2,86,1,26
2,6,22.0,84,6,3,0,0,77,1,26
2,6,22.0,84,6,22,0,7,111,1,26
2,6,22.0,84,6,12,2,16,50,3,26
2,6,22.0,84,6,1,2,16,37,0,26
2,6,22.0,84,6,15,2,0,15,3,26
2,6,23.0,31,3,2,3,0,12,0,17
2,10,16.0,256,1,19,2,10,22,3,2
2,10,23.0,261,1,3,0,2,86,1,17
2,1,5.0,97,0,5,2,7,62,0,24
2,1,5.0,97,0,3,0,13,29,0,24
2,1,5.0,97,0,22,2,10,23,3,24
2,1,14.0,1,2,6,0,8,19,0,5
2,1,14.0,1,2,4,0,14,24,3,5
2,1,14.0,1,2,18,2,1,11,0,5
2,1,12.0,207,0,12,2,10,22,3,28
2,1,12.0,207,0,18,0,16,50,3,28
2,1,19.0,151,0,16,1,11,98,0,10
2,1,19.0,151,0,19,3,5,64,0,10
2,1,27.0,300,1,18,2,7,120,3,15
2,9,1.0,126,4,14,0,12,61,1,7
2,8,1.0,77,3,7,1,16,72,0,7
2,8,1.0,77,3,3,0,13,13,1,7
2,8,1.0,77,3,14,0,4,82,1,7
2,8,1.0,77,3,19,2,8,41,3,7
2,8,2.0,363,0,12,0,9,93,3,22
2,8,2.0,363,0,1,0,8,27,1,22
2,1,4.0,219,3,9,1,0,12,0,30
2,8,1.0,77,3,11,1,3,30,1,7
2,10,27.0,216,6,17,1,3,30,0,15
2,10,26.0,302,5,17,1,3,79,0,3
2,10,27.0,216,6,19,1,10,47,1,15
2,1,2.0,188,5,13,0,0,12,1,22
2,1,15.0,2,4,8,0,12,80,3,1
2,1,15.0,2,4,19,0,5,6,3,1
2,1,25.0,248,3,12,0,7,111,0,13
2,1,25.0,248,3,8,0,1,59,2,13
2,8,5.0,87,4,21,0,2,69,3,24
2,8,17.0,75,1,0,0,3,76,0,6
2,8,17.0,75,1,1,0,1,11,4,6
2,8,17.0,75,1,9,0,7,111,0,6
2,8,17.0,75,1,19,1,6,7,2,6
2,4,8.0,18,1,19,0,15,85,3,8
2,4,8.0,18,1,4,1,16,108,4,8
2,4,9.0,79,2,22,0,4,66,2,12
2,4,25.0,80,5,5,0,8,9,2,13
2,4,25.0,80,5,3,0,14,126,1,13
2,4,25.0,80,5,22,0,9,102,4,13
2,4,25.0,80,5,15,1,5,12,1,13
2,4,25.0,80,5,9,0,4,82,3,13
2,4,31.0,16,4,14,2,13,69,3,20
2,2,1.0,143,5,16,0,6,7,3,7
2,4,31.0,16,4,19,0,12,83,4,20
2,2,16.0,6,6,19,1,0,96,4,2
2,1,2.0,188,5,13,1,10,47,1,22
2,1,4.0,219,3,0,0,10,47,3,30
2,1,4.0,219,3,15,0,13,99,1,30
2,1,4.0,219,3,2,2,10,22,3,30
2,1,10.0,111,6,21,0,9,54,1,4
2,1,10.0,111,6,5,0,10,23,0,4
2,1,10.0,111,6,2,0,16,139,4,4
2,1,10.0,111,6,14,0,10,22,1,4
2,1,27.0,300,1,6,0,5,12,3,15
2,0,5.0,260,4,20,0,13,99,4,24
2,6,4.0,342,1,19,0,16,50,3,30
2,1,5.0,97,0,7,2,4,82,3,24
2,1,25.0,248,3,20,0,5,6,0,13
2,8,1.0,77,3,15,0,14,24,2,7
2,0,3.0,229,1,15,2,10,47,2,27
2,10,17.0,246,2,19,1,11,18,1,6
2,6,8.0,236,6,20,0,3,115,3,8
2,0,5.0,260,4,10,1,15,119,0,24
2,1,27.0,300,1,21,0,5,6,3,15
2,1,5.0,97,0,13,0,1,11,4,24
2,1,25.0,248,3,14,0,1,81,4,13
2,0,3.0,229,1,8,0,10,22,3,27
2,8,1.0,77,3,9,0,3,76,2,7
2,10,17.0,246,2,19,0,2,40,4,6
2,7,18.0,330,0,2,1,15,96,0,0
2,0,21.0,241,6,17,3,11,15,3,21
2,1,27.0,300,1,23,0,10,22,1,15
2,1,5.0,97,0,22,0,1,35,3,24
2,1,25.0,248,3,4,0,14,25,3,13
2,8,5.0,87,4,17,0,5,12,0,24
2,8,5.0,87,4,14,0,1,11,4,24
2,8,6.0,70,5,22,2,14,106,3,23
3,11,23.0,232,4,11,1,13,21,1,17
3,11,23.0,232,4,2,0,12,80,4,17
3,11,23.0,232,4,4,2,9,27,0,17
3,11,23.0,232,4,14,1,11,124,0,17
3,11,24.0,194,5,3,0,0,26,2,14
3,11,24.0,194,5,10,0,10,22,1,14
3,11,23.0,232,4,4,0,13,28,1,17
3,9,6.0,51,4,5,0,8,118,1,23
3,9,6.0,51,4,6,1,0,68,4,23
3,9,16.0,107,3,3,0,5,64,3,2
3,9,23.0,167,3,11,0,5,6,3,17
3,9,23.0,167,3,1,2,14,106,0,17
3,7,1.0,98,6,5,0,7,62,1,7
3,7,1.0,98,6,1,0,13,13,3,7
3,7,7.0,293,5,3,0,2,2,2,11
3,7,8.0,94,6,4,0,2,2,3,8
3,7,17.0,95,0,13,0,13,69,0,6
3,7,17.0,95,0,20,0,14,34,2,6
3,7,17.0,95,0,12,0,9,93,1,6
3,3,1.0,180,1,0,0,0,15,0,7
3,3,1.0,180,1,11,1,1,67,0,7
3,3,1.0,180,1,1,0,11,15,3,7
3,3,17.0,54,4,2,0,2,2,0,6
3,3,17.0,54,4,4,0,2,69,1,6
3,3,17.0,54,4,9,0,6,126,1,6
2,4,31.0,16,4,1,0,4,121,1,20
2,2,1.0,143,5,12,0,15,46,2,7
2,2,1.0,143,5,23,1,14,106,4,7
2,4,31.0,16,4,12,1,10,23,1,20
2,2,16.0,6,6,17,0,15,46,1,2
2,2,16.0,6,6,3,0,10,23,0,2
2,2,16.0,6,6,20,1,1,67,4,2
2,2,26.0,136,1,22,1,9,93,1,3
2,2,26.0,136,1,18,2,6,91,0,3
2,0,1.0,47,3,12,0,1,105,4,7
2,0,1.0,47,3,16,2,8,9,3,7
2,0,1.0,47,3,9,2,14,32,3,7
2,0,9.0,129,0,13,0,10,52,1,12
2,0,9.0,129,0,13,0,6,7,4,12
2,2,24.0,233,3,18,0,9,57,2,14
2,0,17.0,0,1,17,0,14,25,1,6
2,0,17.0,0,1,22,3,13,48,0,6
2,0,17.0,0,1,1,1,1,81,4,6
2,0,17.0,0,1,1,0,7,78,3,6
2,0,18.0,13,2,21,0,8,41,1,0
3,11,7.0,253,1,0,0,13,48,1,11
3,11,7.0,253,1,13,0,5,6,0,11
2,8,15.0,73,3,17,0,10,22,3,1
2,8,15.0,73,3,8,0,5,6,2,1
2,8,15.0,73,3,8,0,6,14,2,1
2,8,15.0,73,3,9,0,0,12,0,1
2,8,15.0,73,3,16,1,10,47,2,1
2,8,16.0,74,0,13,0,0,64,2,2
2,8,17.0,75,1,6,1,0,68,1,6
2,4,8.0,18,1,22,0,2,2,1,8
2,4,8.0,18,1,12,0,4,82,3,8
2,4,9.0,79,2,2,0,16,74,3,12
2,4,9.0,79,2,4,0,9,134,2,12
2,4,25.0,80,5,23,0,7,120,4,13
2,4,25.0,80,5,13,0,10,43,1,13
2,4,25.0,80,5,3,0,16,39,1,13
2,4,25.0,80,5,3,1,2,71,4,13
2,4,31.0,16,4,14,0,1,11,2,20
2,2,1.0,143,5,6,0,7,31,4,7
2,2,1.0,143,5,6,1,13,38,0,7
2,2,16.0,6,6,23,0,2,2,4,2
2,2,16.0,6,6,5,2,12,61,2,2
2,2,16.0,6,6,9,0,16,74,3,2
2,2,24.0,233,3,12,0,16,130,0,14
2,2,1.0,143,5,17,3,1,1,4,7
2,2,26.0,136,1,11,0,8,27,1,3
2,2,26.0,136,1,5,1,1,105,4,3
3,7,8.0,94,6,22,0,1,59,3,8
3,7,8.0,94,6,12,0,8,118,3,8
3,7,23.0,202,3,4,0,9,93,1,17
3,3,1.0,180,1,19,0,12,56,1,7
2,2,26.0,136,1,0,1,4,75,2,3
3,3,1.0,180,1,2,0,8,9,0,7
3,3,1.0,180,1,1,0,5,12,0,7
3,3,17.0,54,4,14,0,12,61,1,6
3,3,17.0,54,4,14,0,4,121,0,6
3,3,18.0,165,5,4,0,2,92,3,0
2,8,2.0,363,0,10,0,6,7,3,22
2,1,27.0,300,1,1,0,4,75,1,15
2,3,1.0,120,0,15,0,12,61,2,7
2,0,30.0,290,0,6,0,10,22,2,19
2,0,8.0,48,3,13,0,7,120,2,8
2,3,11.0,104,4,1,0,8,118,1,9
2,6,22.0,84,6,18,0,14,25,2,26
2,6,29.0,145,6,1,0,7,78,3,16
2,0,3.0,229,1,22,3,0,26,2,27
2,1,14.0,1,2,13,0,6,7,2,5
2,1,29.0,100,4,12,1,5,12,2,16
2,6,22.0,84,6,15,0,5,6,0,26
2,5,26.0,328,3,17,0,5,12,1,3
3,11,2.0,265,4,9,0,12,80,4,22
2,0,5.0,260,4,2,0,11,117,2,24
2,1,14.0,1,2,1,0,0,96,4,5
2,0,8.0,48,3,14,0,1,11,1,8
2,1,29.0,100,4,1,0,9,102,3,16
2,6,23.0,31,3,22,2,7,78,3,17
2,6,28.0,335,5,10,1,9,95,4,18
3,11,2.0,265,4,13,0,9,63,1,22
2,0,5.0,260,4,22,0,12,17,1,24
3,11,11.0,175,6,9,0,6,89,3,9
2,4,28.0,313,0,8,0,13,13,3,18
3,11,2.0,265,4,17,3,11,117,1,22
2,8,3.0,299,1,12,0,12,80,0,27
2,9,3.0,217,6,15,0,10,22,3,27
2,9,3.0,217,6,3,0,14,25,1,27
2,9,3.0,217,6,19,0,12,83,4,27
2,9,3.0,217,6,15,1,12,100,4,27
3,9,14.0,106,5,4,1,9,63,4,5
3,3,16.0,263,2,20,1,11,133,1,2
3,3,15.0,35,1,19,0,15,31,1,1
2,9,3.0,217,6,9,2,15,31,1,27
2,9,4.0,295,3,7,1,5,6,0,30
2,9,4.0,295,3,5,0,8,27,4,30
2,9,7.0,271,2,5,0,2,13,1,11
2,9,7.0,271,2,3,0,4,75,1,11
2,9,7.0,271,2,21,0,9,83,4,11
3,11,25.0,88,6,15,0,12,61,1,13
3,11,23.0,232,4,20,0,8,41,1,17
2,8,16.0,74,0,22,1,13,21,1,2
2,8,16.0,74,0,12,1,9,54,0,2
2,8,17.0,75,1,12,2,7,137,3,6
3,11,25.0,88,6,12,0,13,21,1,13
3,11,25.0,88,6,22,3,11,133,3,13
3,9,6.0,51,4,9,0,13,29,1,23
3,9,16.0,107,3,2,0,13,99,1,2
3,9,16.0,107,3,12,0,13,28,1,2
3,9,16.0,107,3,5,3,5,12,2,2
3,9,23.0,167,3,11,0,6,116,4,17
3,9,23.0,167,3,5,3,6,7,0,17
3,7,1.0,98,6,21,3,8,19,0,7
3,7,1.0,98,6,6,1,9,27,0,7
3,7,1.0,98,6,2,0,13,99,4,7
3,7,1.0,98,6,8,0,8,41,2,7
3,7,1.0,98,6,12,0,15,31,2,7
3,7,7.0,293,5,0,1,13,29,0,11
3,7,7.0,293,5,3,0,8,27,2,11
3,7,7.0,293,5,12,0,5,6,0,11
3,11,10.0,360,5,13,3,12,61,1,4
0,2,27.0,136,0,9,0,9,102,1,15
2,5,20.0,351,0,17,0,0,77,1,29
2,4,27.0,218,3,12,2,3,79,1,15
2,4,27.0,218,3,6,3,3,79,1,15
2,4,26.0,274,6,10,1,13,99,4,3
2,2,4.0,127,0,1,3,9,63,4,30
2,2,4.0,127,0,8,1,14,126,4,30
2,2,4.0,127,0,17,0,8,118,1,30
2,2,30.0,8,6,20,0,10,47,2,19
2,2,19.0,264,1,6,0,2,60,1,10
2,2,30.0,8,6,20,1,14,126,4,19
2,11,8.0,283,0,14,0,9,63,4,8
2,9,26.0,267,0,13,1,12,135,4,3
2,9,18.0,359,3,5,1,4,75,1,0
2,9,26.0,267,0,19,1,4,127,2,3
2,7,19.0,266,1,19,0,12,84,1,10
2,7,26.0,53,1,16,0,0,0,0,3
2,5,10.0,326,5,9,1,0,77,1,4
2,5,20.0,351,0,17,2,2,40,3,29
2,6,17.0,308,0,8,0,8,9,1,6
2,8,3.0,299,1,9,0,15,77,0,27
2,8,9.0,71,0,3,2,5,64,3,12
2,8,9.0,71,0,12,0,2,71,4,12
2,8,12.0,189,4,6,0,9,95,1,28
2,8,9.0,71,0,18,1,8,27,0,12
2,8,19.0,319,4,18,0,0,26,1,10
2,8,28.0,301,6,9,0,5,12,0,18
2,8,29.0,103,3,11,1,10,43,4,16
2,4,18.0,142,5,0,0,1,35,4,0
2,4,18.0,142,5,6,3,10,22,0,0
2,4,18.0,142,5,22,0,15,108,3,0
2,4,18.0,142,5,14,0,9,134,3,0
3,9,4.0,295,1,10,1,7,78,4,30
2,4,29.0,139,1,0,0,8,118,1,16
2,4,29.0,139,1,3,0,10,47,0,16
2,4,29.0,139,1,3,0,1,11,3,16
2,4,28.0,313,0,8,0,0,26,0,18
2,2,5.0,251,1,19,0,15,77,3,24
2,2,5.0,251,1,4,0,9,93,1,24
2,2,11.0,128,0,5,0,1,35,3,9
2,2,13.0,231,2,15,0,5,0,2,25
3,9,15.0,226,6,6,1,11,15,1,1
2,6,28.0,335,5,12,1,3,30,4,18
2,6,23.0,31,3,9,0,6,14,1,17
2,8,26.0,78,4,0,0,16,74,3,3
2,1,15.0,2,4,6,0,8,41,1,1
2,11,3.0,288,2,23,0,6,7,4,27
2,8,14.0,72,6,17,0,6,132,2,5
2,6,24.0,39,0,17,0,5,12,3,14
2,2,18.0,137,0,0,1,0,0,0,0
2,6,24.0,39,0,15,0,14,32,0,14
2,0,21.0,241,6,23,0,2,40,1,21
2,2,15.0,220,5,19,1,2,13,0,1
2,11,15.0,331,0,12,0,2,92,1,1
2,8,26.0,78,4,11,0,0,12,1,3
2,1,15.0,2,4,9,0,3,70,1,1
2,6,24.0,39,0,15,2,6,91,3,14
2,0,30.0,290,0,20,0,6,89,3,19
2,4,15.0,25,1,0,2,16,72,0,1
2,11,15.0,331,0,19,0,0,68,1,1
2,2,24.0,233,3,11,3,1,11,1,14
2,1,15.0,2,4,23,1,6,91,1,1
2,0,30.0,290,0,8,0,13,38,1,19
2,0,30.0,290,0,19,1,1,16,1,19
3,11,2.0,265,4,0,0,10,12,1,22
2,2,5.0,251,1,6,0,10,47,3,24
2,2,5.0,251,1,16,0,8,118,1,24
2,2,11.0,128,0,10,1,0,64,2,9
2,2,11.0,128,0,1,0,10,47,1,9
2,2,20.0,108,2,15,0,13,48,4,29
2,2,20.0,108,2,17,1,3,30,2,29
2,11,8.0,283,0,14,0,2,2,3,8
0,0,16.0,11,6,5,0,9,54,1,2
2,11,8.0,283,0,8,0,8,9,2,8
2,9,26.0,267,0,15,0,2,123,2,3
2,7,9.0,329,6,12,3,14,25,0,12
2,7,2.0,269,6,13,3,5,12,2,22
2,11,7.0,253,3,3,1,9,49,1,11
2,11,17.0,110,2,5,0,7,137,1,6
2,7,27.0,34,2,19,0,2,92,1,15
2,7,17.0,154,3,2,1,3,76,4,6
2,5,28.0,24,1,13,0,6,128,4,18
2,6,3.0,159,0,1,0,8,19,1,27
2,8,4.0,101,2,18,2,0,31,3,30
2,8,4.0,101,2,17,2,0,12,3,30
2,4,30.0,67,2,15,1,1,1,0,19
3,9,23.0,167,3,1,0,10,47,3,17
3,7,1.0,98,6,0,0,5,64,0,7
3,7,1.0,98,6,8,2,2,60,3,7
3,7,1.0,98,6,9,0,4,75,1,7
3,7,8.0,94,6,16,2,6,7,0,8
3,7,8.0,94,6,16,1,9,10,2,8
3,7,8.0,94,6,3,0,16,72,1,8
3,7,8.0,94,6,15,0,8,118,2,8
2,8,15.0,73,3,20,1,12,80,1,1
2,8,17.0,75,1,17,0,10,47,3,6
2,8,16.0,74,0,5,0,10,43,3,2
2,8,17.0,75,1,7,1,14,107,4,6
2,8,17.0,75,1,8,0,8,118,1,6
2,9,21.0,362,2,10,3,11,15,0,21
2,9,21.0,362,2,22,0,15,51,1,21
2,9,23.0,167,5,22,0,13,48,1,17
2,7,4.0,204,0,12,0,4,82,3,30
2,7,4.0,204,0,4,1,13,38,1,30
2,7,13.0,125,2,19,0,9,109,2,25
2,7,6.0,293,2,22,1,9,101,4,23
2,3,4.0,324,4,15,0,16,113,2,30
2,3,4.0,324,4,1,0,14,24,1,30
2,8,17.0,75,1,9,2,2,2,3,6
2,4,8.0,18,1,17,0,2,92,1,8
2,4,8.0,18,1,6,0,15,51,1,8
2,4,8.0,18,1,9,2,15,46,3,8
2,4,9.0,79,2,0,1,3,30,4,12
2,4,9.0,79,2,5,0,9,87,2,12
2,4,9.0,79,2,19,1,2,92,0,12
2,4,25.0,80,5,17,1,14,126,4,13
2,4,25.0,80,5,2,0,2,92,3,13
2,4,31.0,16,4,20,3,5,6,0,20
2,4,31.0,16,4,2,0,5,6,3,20
2,10,6.0,243,6,4,0,10,52,2,23
2,10,21.0,314,3,15,0,8,27,3,21
2,10,21.0,314,3,14,2,12,80,3,21
2,10,23.0,261,1,0,0,16,113,3,17
2,10,23.0,261,1,21,0,14,25,1,17
2,10,23.0,261,1,10,1,3,30,4,17
2,10,23.0,261,1,12,0,3,4,0,17
2,10,23.0,261,1,19,0,9,27,0,17
2,10,23.0,261,1,14,0,10,23,1,17
2,1,5.0,97,0,11,0,4,121,3,24
2,1,5.0,97,0,19,0,9,63,1,24
2,1,14.0,1,2,23,1,0,31,1,5
2,1,14.0,1,2,8,0,9,57,3,5
2,1,5.0,97,0,5,1,4,127,4,24
2,1,14.0,1,2,9,2,0,15,3,5
2,1,15.0,2,4,17,1,2,3,4,1
2,1,15.0,2,4,5,0,10,22,3,1
2,2,24.0,233,3,16,3,14,25,0,14
2,1,5.0,97,0,11,2,4,66,0,24
2,11,22.0,250,0,4,0,2,40,3,26
2,10,6.0,243,6,0,1,7,137,4,23
2,2,24.0,233,3,22,0,6,91,4,14
3,11,22.0,250,2,1,0,6,91,1,26
2,1,25.0,248,3,16,0,0,12,1,13
2,9,3.0,217,6,6,0,5,6,2,27
2,10,6.0,243,6,13,0,14,34,1,23
3,9,15.0,226,6,1,1,14,25,2,1
2,2,26.0,136,1,6,2,1,11,1,3
2,1,25.0,248,3,6,0,11,133,4,13
2,9,3.0,217,6,2,0,6,14,4,27
2,10,6.0,243,6,11,1,13,48,0,23
3,9,22.0,92,6,9,0,10,47,2,26
2,2,26.0,136,1,5,1,13,99,1,3
2,1,25.0,248,3,20,3,12,17,0,13
2,9,3.0,217,6,9,0,6,128,1,27
2,10,16.0,256,1,16,1,9,10,0,2
3,9,14.0,106,5,11,0,13,69,2,5
2,0,1.0,47,3,5,1,16,130,4,7
2,1,25.0,248,3,19,0,3,44,3,13
2,9,4.0,295,3,2,0,2,2,4,30
2,10,16.0,256,1,21,0,3,30,3,2
3,7,16.0,40,3,13,0,10,52,1,2
2,8,14.0,72,6,17,0,9,102,1,5
2,2,14.0,130,4,9,0,1,11,2,5
2,9,6.0,51,1,17,0,3,30,1,23
2,9,7.0,271,2,14,2,4,45,3,11
2,9,13.0,91,1,6,0,14,34,3,25
2,9,13.0,91,1,4,0,8,41,0,25
2,9,14.0,106,2,17,1,0,85,0,5
2,9,14.0,106,2,16,1,3,103,2,5
2,9,15.0,226,4,4,2,9,27,3,1
2,9,21.0,362,2,17,1,10,22,0,21
2,8,1.0,77,3,18,0,0,12,0,7
2,10,20.0,341,6,17,0,1,67,1,29
2,8,1.0,77,3,20,1,16,50,4,7
2,4,28.0,313,0,8,0,10,22,3,18
2,2,13.0,231,2,5,1,16,74,2,25
2,11,1.0,222,0,17,0,11,58,2,7
2,8,2.0,363,0,11,0,9,10,1,22
2,8,2.0,363,0,11,1,7,129,1,22
2,8,3.0,299,1,9,0,9,49,3,27
2,8,3.0,299,1,9,2,1,11,3,27
2,8,9.0,71,0,12,0,1,1,3,12
2,8,9.0,71,0,14,0,1,11,1,12
2,8,12.0,189,4,16,0,10,47,0,28
2,8,12.0,189,4,14,0,6,128,1,28
2,8,12.0,189,4,0,0,0,96,1,28
2,8,12.0,189,4,2,0,7,57,3,28
2,8,12.0,189,4,2,0,5,12,2,28
2,8,27.0,224,5,2,0,16,37,1,15
2,8,27.0,224,5,2,0,12,80,2,15
2,8,28.0,301,6,23,1,11,133,4,18
2,8,29.0,103,3,3,0,14,107,2,16
2,8,27.0,224,5,9,1,11,133,4,15
2,4,1.0,141,1,2,0,12,80,2,7
2,4,12.0,221,6,20,1,14,24,4,28
2,4,12.0,221,6,2,0,0,68,0,28
3,7,4.0,186,1,18,3,4,82,1,30
0,6,1.0,158,4,17,0,6,91,3,7
3,7,19.0,330,2,19,1,1,11,4,10
2,4,28.0,313,0,19,0,13,99,3,18
2,4,28.0,313,0,11,1,1,35,4,18
2,4,28.0,313,0,18,2,15,114,3,18
2,4,29.0,139,1,18,2,10,47,3,16
2,4,29.0,139,1,22,1,5,6,0,16
2,2,11.0,128,0,9,0,10,22,0,9
2,2,13.0,231,2,6,2,8,41,0,25
3,11,13.0,312,0,4,1,9,93,1,25
3,3,22.0,166,1,9,2,1,11,3,26
2,2,13.0,231,2,21,1,16,130,0,25
2,2,13.0,231,2,5,0,11,133,1,25
2,2,11.0,128,0,0,1,9,57,0,9
2,2,18.0,137,0,0,1,13,38,0,0
2,2,18.0,137,0,5,0,8,118,1,0
2,2,29.0,131,5,7,0,2,40,1,16
2,6,8.0,236,6,22,0,5,6,0,8
2,6,14.0,49,5,1,2,4,82,2,5
2,6,22.0,84,6,13,0,1,67,0,26
2,6,22.0,84,6,9,0,3,79,0,26
2,6,22.0,84,6,2,3,9,87,2,26
2,6,23.0,31,3,5,0,12,121,1,17
2,6,23.0,31,3,1,3,1,67,0,17
2,6,22.0,84,6,3,0,9,134,1,26
2,6,23.0,31,3,1,0,4,121,2,17
2,6,23.0,31,3,18,1,9,93,4,17
2,6,24.0,39,0,1,0,5,64,1,14
2,6,23.0,31,3,2,1,0,31,2,17
2,10,6.0,243,6,13,0,12,135,1,23
2,10,16.0,256,1,19,0,13,28,3,2
2,8,5.0,87,4,10,1,6,7,0,24
2,9,4.0,295,3,19,3,14,25,0,30
2,8,5.0,87,4,0,1,7,120,4,24
2,10,21.0,314,3,17,2,8,9,3,21
2,9,4.0,295,3,13,1,12,17,4,30
2,8,6.0,70,5,0,0,5,6,0,23
2,8,6.0,70,5,12,0,1,105,0,23
2,0,1.0,47,3,12,1,14,107,1,7
2,2,24.0,233,3,4,0,2,2,0,14
2,9,6.0,51,1,15,1,2,60,4,23
2,8,6.0,70,5,5,0,9,57,0,23
2,0,9.0,129,0,23,0,14,126,1,12
2,0,9.0,129,0,13,0,1,11,4,12
2,0,17.0,0,1,6,0,2,13,1,6
2,8,6.0,70,5,23,0,5,12,2,23
2,8,6.0,70,5,18,0,2,2,1,23
2,8,15.0,73,3,16,1,9,54,2,1
2,8,15.0,73,3,19,1,9,95,4,1
2,8,15.0,73,3,8,2,16,37,3,1
2,8,16.0,74,0,11,1,3,70,0,2
2,8,16.0,74,0,22,1,16,113,4,2
2,8,17.0,75,1,3,0,4,4,4,6
2,8,17.0,75,1,22,2,0,77,0,6
2,8,17.0,75,1,19,1,13,38,0,6
2,8,17.0,75,1,4,0,10,47,0,6
2,8,17.0,75,1,12,0,1,11,2,6
2,1,23.0,64,5,17,1,10,47,2,17
2,10,5.0,242,5,8,0,15,39,0,24
2,10,5.0,242,5,14,0,10,22,1,24
2,8,26.0,78,4,3,0,2,86,0,3
2,8,26.0,78,4,14,0,5,12,0,3
2,8,27.0,224,5,8,0,14,24,3,15
2,4,1.0,141,1,5,0,12,56,1,7
2,4,5.0,176,6,22,0,3,44,0,24
2,4,5.0,176,6,10,1,12,104,4,24
2,8,2.0,363,0,20,1,12,80,1,22
2,4,12.0,221,6,6,0,13,99,1,28
2,4,12.0,221,6,19,1,14,126,4,28
2,4,18.0,142,5,6,1,16,50,0,0
2,4,18.0,142,5,22,0,13,29,1,0
2,4,28.0,313,0,16,0,5,6,2,18
2,4,28.0,313,0,11,0,13,29,4,18
2,4,28.0,313,0,19,0,11,15,2,18
2,4,29.0,139,1,10,0,15,31,3,16
2,4,29.0,139,1,22,0,0,96,4,16
2,4,29.0,139,1,14,2,8,41,3,16
2,2,5.0,251,1,6,0,2,86,4,24
2,2,5.0,251,1,11,0,9,87,3,24
2,2,5.0,251,1,2,1,16,37,1,24
2,2,11.0,128,0,15,0,10,22,2,9
2,8,16.0,74,0,19,3,9,57,0,2
2,4,25.0,80,5,23,1,2,71,4,13
2,4,31.0,16,4,21,1,9,57,0,20
2,4,31.0,16,4,22,3,2,92,0,20
2,4,31.0,16,4,22,0,10,6,3,20
2,4,31.0,16,4,8,1,10,22,1,20
2,4,31.0,16,4,13,1,14,97,1,20
2,4,31.0,16,4,9,0,2,2,3,20
2,4,31.0,16,4,14,2,2,2,3,20
2,2,1.0,143,5,13,0,13,69,0,7
2,2,1.0,143,5,1,0,12,61,1,7
2,2,16.0,6,6,8,0,0,12,0,2
2,6,8.0,236,6,10,0,14,32,3,8
2,6,8.0,236,6,14,0,10,6,3,8
2,6,6.0,169,4,20,1,11,124,4,23
2,6,14.0,49,5,13,0,13,29,2,5
2,6,14.0,49,5,19,0,7,122,0,5
2,6,14.0,49,5,1,0,12,83,3,5
2,6,22.0,84,6,14,0,11,18,1,26
2,8,17.0,75,1,13,0,6,89,1,6
2,6,9.0,149,3,17,0,0,64,2,12
2,6,10.0,355,0,15,0,10,22,3,4
2,6,10.0,355,0,4,2,2,123,3,4
2,6,10.0,355,0,18,0,2,71,3,4
2,6,18.0,291,1,5,0,2,2,0,0
2,6,18.0,291,1,19,0,1,81,4,0
2,6,29.0,145,6,11,0,11,133,0,16
2,6,29.0,145,6,5,1,3,44,1,16
2,10,1.0,358,0,15,0,10,47,3,7
2,9,13.0,91,1,17,0,2,92,1,25
2,8,15.0,73,3,0,1,3,103,0,1
2,2,24.0,233,3,20,1,0,26,1,14
2,9,13.0,91,1,16,0,0,12,0,25
2,8,15.0,73,3,14,0,9,102,4,1
2,2,24.0,233,3,9,0,16,37,3,14
2,8,15.0,73,3,5,1,1,16,4,1
2,2,26.0,136,1,6,0,15,39,1,3
2,8,16.0,74,0,16,0,0,85,3,2
2,8,16.0,74,0,13,0,0,26,3,2
2,5,21.0,163,1,9,0,3,103,4,21
2,5,21.0,163,1,6,0,10,47,0,21
2,5,29.0,294,2,16,0,13,21,3,16
2,5,29.0,294,2,1,0,13,99,3,16
2,10,16.0,256,1,22,0,16,74,4,2
2,5,30.0,196,4,3,0,13,69,3,19
2,5,30.0,196,4,19,0,7,120,3,19
2,5,30.0,196,4,9,0,12,56,4,19
2,5,30.0,196,4,14,1,10,22,1,19
2,6,4.0,342,1,11,2,5,6,3,30
2,6,6.0,169,4,17,0,2,2,4,23
2,6,6.0,169,4,13,1,9,109,4,23
2,6,8.0,236,6,22,1,1,105,4,8
2,6,14.0,49,5,9,0,10,47,3,5
2,6,14.0,49,5,1,0,1,11,3,5
2,6,22.0,84,6,10,1,7,120,1,26
2,6,22.0,84,6,5,1,9,101,4,26
2,6,22.0,84,6,1,2,2,69,0,26
2,6,23.0,31,3,16,2,4,66,3,17
2,6,23.0,31,3,5,0,5,6,1,17
2,10,6.0,243,6,12,2,10,47,3,23
2,10,16.0,256,1,21,0,6,89,1,2
2,10,16.0,256,1,3,3,5,6,1,2
2,2,16.0,6,6,16,0,12,84,3,2
2,2,16.0,6,6,6,0,8,41,3,2
2,2,26.0,136,1,6,2,13,38,3,3
2,2,26.0,136,1,6,2,13,28,1,3
2,2,26.0,136,1,9,0,8,19,3,3
2,0,1.0,47,3,9,2,14,125,3,7
2,0,9.0,129,0,3,0,13,99,1,12
2,0,9.0,129,0,2,0,11,133,1,12
2,0,9.0,129,0,2,0,8,9,0,12
2,0,9.0,129,0,20,1,14,126,4,12
2,0,14.0,190,6,6,0,8,118,3,5
2,0,14.0,190,6,1,1,4,5,1,5
2,0,14.0,190,6,22,0,8,41,2,5
2,0,17.0,0,1,22,0,13,29,3,6
2,0,18.0,13,2,15,1,6,7,0,0
2,1,15.0,2,4,13,3,11,133,0,1
3,11,7.0,253,1,2,0,10,23,0,11
3,11,17.0,110,5,12,0,0,12,0,6
3,11,23.0,232,4,17,1,16,50,4,17
3,11,24.0,194,5,19,2,10,47,3,14
3,11,24.0,194,5,1,0,13,21,1,14
3,11,25.0,88,6,13,2,3,115,3,13
3,9,6.0,51,4,12,2,0,64,0,23
3,9,6.0,51,4,14,0,5,6,3,23
3,9,16.0,107,3,20,0,8,9,0,2
3,9,16.0,107,3,13,0,4,82,0,2
3,9,16.0,107,3,12,0,6,89,0,2
3,9,16.0,107,3,14,1,9,102,4,2
3,9,23.0,167,3,6,1,9,10,0,17
3,9,23.0,167,3,3,1,2,71,4,17
2,2,29.0,131,5,12,0,13,36,3,16
2,2,29.0,131,5,2,1,1,11,4,16
2,2,26.0,136,1,0,0,5,12,3,3
2,7,31.0,180,3,8,3,13,21,2,20
2,2,26.0,136,1,3,0,11,55,3,3
2,3,12.0,210,5,12,0,8,9,1,28
2,1,7.0,62,2,9,2,3,70,3,11
2,3,12.0,210,5,1,0,14,25,1,28
2,6,13.0,173,4,3,0,11,18,1,25
2,3,13.0,33,6,8,1,4,66,4,25
2,10,15.0,201,0,2,0,0,31,1,1
2,5,7.0,199,1,0,2,16,37,0,11
2,5,7.0,199,1,4,2,16,50,3,11
2,10,19.0,223,5,16,2,6,89,3,10
2,5,13.0,36,0,13,2,15,77,3,25
2,10,17.0,246,2,13,0,1,67,0,6
2,10,19.0,223,5,13,1,9,134,4,10
2,10,19.0,223,5,3,2,1,11,4,10
2,10,20.0,341,6,3,2,0,64,3,29
2,10,26.0,302,5,22,1,6,89,1,3
2,10,26.0,302,5,5,1,1,67,1,3
2,10,26.0,302,5,18,0,15,108,3,3
2,10,26.0,302,5,19,0,9,134,2,3
2,10,27.0,216,6,17,2,12,61,3,15
2,10,27.0,216,6,18,2,0,77,3,15
0,7,9.0,273,4,10,0,16,37,4,12
2,10,26.0,302,5,13,1,11,55,4,3
2,1,1.0,171,4,13,1,16,39,0,7
2,1,2.0,188,5,13,1,9,10,4,22
2,1,2.0,188,5,3,1,1,105,4,22
2,1,4.0,219,3,17,0,8,19,3,30
2,1,4.0,219,3,16,1,0,0,0,30
2,1,4.0,219,3,21,1,8,9,0,30
2,1,4.0,219,3,23,0,2,86,1,30
2,1,4.0,219,3,10,1,10,22,2,30
2,1,4.0,219,3,8,1,7,78,4,30
2,1,10.0,111,6,2,0,2,123,3,4
2,1,12.0,207,0,8,0,1,1,2,28
2,1,19.0,151,0,6,2,4,5,3,10
2,1,27.0,300,1,16,0,13,48,4,15
2,1,27.0,300,1,6,0,4,70,3,15
2,1,10.0,111,6,19,0,5,12,1,4
2,1,10.0,111,6,18,2,10,22,3,4
2,1,12.0,207,0,7,0,6,73,1,28
2,1,12.0,207,0,5,1,7,137,4,28
2,1,19.0,151,0,13,2,13,28,3,10
2,1,19.0,151,0,1,2,1,11,3,10
2,1,27.0,300,1,7,0,7,111,1,15
2,1,27.0,300,1,2,0,12,17,4,15
2,1,29.0,100,4,17,0,8,19,3,16
2,1,29.0,100,4,19,0,10,23,3,16
2,1,29.0,100,4,12,0,7,122,3,16
2,8,1.0,77,3,16,2,5,6,3,7
2,2,26.0,136,1,1,0,0,64,0,3
2,2,26.0,136,1,8,0,9,95,2,3
2,2,26.0,136,1,8,0,15,31,2,3
2,2,26.0,136,1,21,1,5,12,0,3
2,0,9.0,129,0,8,0,6,132,3,12
2,0,9.0,129,0,2,0,5,47,2,12
2,0,9.0,129,0,12,2,9,49,0,12
2,0,14.0,190,6,2,0,7,62,3,5
2,0,1.0,47,3,17,0,15,46,3,7
2,0,18.0,13,2,17,0,5,12,3,0
2,0,18.0,13,2,7,0,12,61,1,0
2,0,18.0,13,2,11,1,6,89,1,0
2,0,18.0,13,2,15,1,6,7,0,0
3,11,7.0,253,1,0,1,4,4,0,11
3,11,7.0,253,1,9,0,3,44,1,11
2,5,13.0,36,0,8,1,6,91,1,25
2,5,14.0,200,1,16,1,14,110,0,5
2,5,14.0,200,1,7,2,13,29,1,5
2,5,21.0,163,1,16,0,13,48,3,21
2,5,21.0,163,1,16,0,0,12,0,21
2,5,29.0,294,2,22,0,8,27,1,16
2,5,29.0,294,2,8,0,0,15,0,16
2,5,29.0,294,2,17,0,11,15,3,16
2,5,29.0,294,2,19,0,10,22,3,16
2,5,29.0,294,2,22,0,13,28,0,16
2,5,30.0,196,4,2,0,7,137,4,19
2,6,4.0,342,1,16,0,16,108,4,30
2,6,4.0,342,1,16,0,16,50,0,30
2,6,24.0,39,0,1,0,10,12,0,14
2,10,16.0,256,1,9,0,2,3,4,2
2,8,2.0,363,0,22,0,4,45,2,22
2,8,3.0,299,1,23,0,12,84,2,27
2,8,3.0,299,1,13,0,2,35,4,27
2,1,1.0,171,4,8,0,2,2,4,7
2,8,3.0,299,1,18,2,1,11,0,27
2,8,3.0,299,1,3,2,4,5,3,27
2,8,9.0,71,0,6,0,11,98,1,12
2,8,9.0,71,0,15,1,13,29,4,12
2,8,9.0,71,0,22,0,6,7,2,12
2,8,9.0,71,0,1,0,2,69,3,12
2,8,12.0,189,4,7,1,13,28,0,28
2,8,19.0,319,4,15,0,12,104,2,10
2,11,1.0,222,0,17,3,8,19,0,7
2,7,28.0,268,4,5,1,15,85,1,18
2,3,19.0,105,5,17,0,5,12,0,10
2,3,19.0,105,5,7,0,14,107,1,10
2,3,19.0,105,5,4,0,2,2,1,10
2,3,19.0,105,5,1,0,3,30,0,10
2,3,25.0,343,4,17,1,4,138,2,13
2,3,25.0,343,4,9,0,16,130,0,13
2,3,25.0,343,4,18,1,14,125,4,13
2,3,13.0,33,6,17,0,11,18,1,25
2,5,7.0,199,1,9,0,6,132,4,11
2,5,13.0,36,0,6,1,0,77,1,25
2,5,13.0,36,0,5,2,8,27,3,25
2,5,13.0,36,0,19,0,5,64,0,25
2,5,14.0,200,1,4,0,8,9,1,5
2,5,13.0,36,0,13,1,0,0,1,25
2,5,21.0,163,1,19,2,5,6,3,21
2,5,29.0,294,2,16,0,11,15,0,16
2,5,29.0,294,2,10,0,16,72,3,16
2,5,29.0,294,2,19,0,13,48,4,16
2,5,29.0,294,2,4,0,9,57,0,16
2,5,30.0,196,4,17,0,0,26,4,19
2,5,30.0,196,4,6,0,0,77,1,19
2,6,4.0,342,1,12,0,2,86,2,30
2,6,6.0,169,4,5,0,4,127,1,23
2,6,6.0,169,4,2,0,2,2,3,23
2,6,8.0,236,6,6,0,10,22,3,8
2,6,8.0,236,6,16,0,16,72,1,8
2,6,8.0,236,6,20,0,11,133,4,8
2,6,8.0,236,6,11,0,11,18,3,8
2,5,2.0,161,4,12,0,13,38,4,22
2,5,2.0,161,4,5,0,12,61,2,22
2,5,8.0,206,2,14,0,14,34,1,8
2,5,8.0,206,2,14,0,11,15,0,8
3,11,9.0,311,4,18,0,6,89,1,12
3,11,17.0,110,5,13,0,1,67,3,6
3,11,17.0,110,5,12,0,3,115,4,6
3,11,23.0,232,4,15,0,6,132,2,17
3,11,24.0,194,5,16,2,5,6,0,14
3,11,24.0,194,5,20,1,13,99,4,14
3,11,24.0,194,5,13,0,8,27,2,14
3,7,8.0,94,6,20,0,15,39,1,8
3,11,24.0,194,5,8,0,0,96,3,14
3,3,24.0,357,4,4,0,11,129,3,14
2,9,13.0,91,1,14,2,16,130,3,25
2,0,2.0,334,0,14,0,4,45,1,22
2,11,15.0,331,0,0,0,1,67,1,1
3,11,25.0,88,6,3,1,13,38,4,13
3,11,25.0,88,6,19,1,2,71,4,13
3,11,25.0,88,6,18,2,10,23,3,13
3,9,6.0,51,4,4,0,4,4,1,23
3,5,23.0,168,5,4,0,13,21,4,17
3,9,16.0,107,3,15,0,5,6,0,2
3,9,16.0,107,3,8,0,12,61,3,2
3,5,20.0,214,1,16,0,0,0,1,29
3,7,1.0,98,6,6,1,9,27,0,7
3,7,1.0,98,6,15,0,1,59,1,7
3,7,7.0,293,5,9,0,12,61,3,11
3,7,8.0,94,6,21,0,11,122,3,8
3,7,8.0,94,6,5,1,11,98,4,8
3,7,17.0,95,0,5,0,2,2,1,6
3,7,17.0,95,0,5,0,0,15,2,6
2,4,1.0,141,1,5,0,2,69,1,7
2,4,5.0,176,6,17,2,9,93,3,24
2,4,5.0,176,6,21,1,5,6,0,24
2,4,5.0,176,6,7,1,0,68,0,24
2,4,5.0,176,6,8,0,5,47,3,24
2,4,5.0,176,6,20,1,8,9,4,24
2,4,5.0,176,6,13,1,14,88,4,24
2,4,5.0,176,6,2,0,12,17,2,24
2,4,12.0,221,6,5,0,3,115,1,28
2,4,12.0,221,6,15,0,5,12,3,28
2,4,12.0,221,6,14,0,1,16,3,28
2,4,12.0,221,6,19,2,15,31,3,28
2,8,29.0,103,3,12,1,11,10,4,16
2,4,18.0,142,5,16,0,10,47,3,0
2,4,18.0,142,5,17,1,0,77,0,0
2,9,2.0,323,5,3,1,9,83,4,22
3,3,19.0,138,6,13,0,3,44,2,10
3,3,20.0,105,3,3,0,8,118,4,29
3,3,20.0,105,3,5,0,9,95,2,29
3,5,6.0,277,1,8,3,11,98,4,23
2,0,3.0,229,1,4,0,13,29,2,27
2,0,3.0,229,1,18,0,11,18,1,27
3,7,23.0,202,3,19,0,0,12,3,17
3,3,1.0,180,1,22,1,9,9,4,7
3,3,17.0,54,4,3,0,0,12,3,6
3,7,4.0,186,1,0,0,5,6,0,30
3,3,17.0,54,4,1,0,5,12,1,6
3,3,17.0,54,4,1,1,14,24,1,6
3,3,17.0,54,4,1,0,8,9,3,6
3,5,24.0,58,6,18,0,6,89,1,14
3,3,23.0,57,2,16,0,14,106,1,17
3,3,23.0,57,2,20,0,2,123,1,17
3,3,23.0,57,2,10,1,3,76,0,17
3,3,23.0,57,2,14,0,3,44,3,17
3,3,24.0,357,4,17,1,0,77,0,14
3,3,23.0,57,2,14,1,15,39,0,17
3,3,24.0,357,4,13,0,11,15,0,14
3,3,25.0,347,5,8,0,16,130,0,13
3,5,10.0,155,6,0,2,7,20,3,4
3,5,10.0,155,6,9,0,6,7,0,4
3,5,10.0,155,6,4,1,13,29,1,4
3,5,10.0,155,6,3,0,13,99,2,4
2,0,3.0,229,1,2,1,9,9,4,27
2,0,3.0,229,1,22,0,16,37,1,27
2,0,21.0,241,6,17,0,0,15,3,21
2,0,30.0,290,0,16,0,2,2,4,19
3,11,2.0,265,4,9,1,9,63,4,22
3,11,13.0,312,0,5,0,13,28,2,25
3,11,13.0,312,0,8,2,9,93,0,25
3,11,21.0,192,1,17,1,8,118,1,21
3,11,21.0,192,1,0,2,11,0,3,21
3,11,21.0,192,1,12,1,15,46,4,21
3,11,29.0,270,2,6,0,5,12,3,16
3,10,28.0,216,0,6,3,7,111,4,18
3,11,29.0,270,2,22,0,0,15,2,16
3,9,3.0,217,0,5,0,8,41,1,27
3,9,4.0,295,1,6,0,16,39,1,30
3,9,4.0,295,1,22,0,14,110,3,30
3,9,3.0,217,0,12,1,2,69,0,27
3,9,4.0,295,1,6,0,1,105,4,30
3,5,15.0,200,4,15,0,8,27,1,1
2,2,16.0,6,6,2,1,16,37,4,2
3,5,17.0,212,6,9,0,10,52,1,6
3,5,23.0,168,5,0,0,8,33,4,17
2,9,14.0,106,2,3,0,13,29,3,5
2,11,15.0,331,0,21,3,11,15,1,1
2,0,3.0,229,1,8,0,10,47,0,27
3,5,23.0,168,5,18,0,12,56,4,17
3,11,29.0,270,2,6,0,10,30,0,16
3,9,16.0,107,3,13,1,10,43,0,2
3,5,25.0,350,3,13,0,13,48,4,13
2,11,15.0,331,0,10,0,8,27,4,1
2,0,3.0,229,1,11,0,3,76,1,27
3,5,23.0,168,5,10,1,7,57,4,17
2,9,14.0,106,2,5,0,6,7,0,5
3,11,29.0,270,2,19,2,8,118,3,16
3,5,24.0,58,6,8,1,12,84,0,14
3,7,17.0,95,0,3,1,3,103,4,6
0,0,20.0,172,2,18,3,14,25,0,29
3,7,4.0,186,1,16,0,0,12,0,30
3,5,24.0,58,6,21,1,4,5,4,14
3,5,24.0,58,6,11,0,2,2,1,14
3,7,17.0,95,0,19,0,6,132,0,6
2,11,15.0,331,0,22,1,15,31,4,1
2,0,3.0,229,1,0,1,7,129,1,27
3,3,24.0,357,4,19,0,10,47,0,14
3,7,4.0,186,1,16,1,13,48,2,30
3,5,24.0,58,6,1,0,0,77,3,14
2,4,14.0,132,0,13,1,3,30,4,5
3,9,22.0,92,6,22,0,0,96,3,26
3,11,22.0,250,2,17,0,12,56,0,26
2,2,15.0,220,5,13,3,4,45,1,1
2,0,16.0,12,0,13,0,3,115,3,2
2,0,6.0,15,5,2,1,9,63,4,23
3,10,1.0,208,1,18,0,0,12,3,7
2,0,30.0,290,0,19,0,15,31,1,19
3,11,2.0,265,4,16,0,9,27,0,22
3,11,2.0,265,4,2,0,5,12,0,22
3,11,2.0,265,4,1,2,8,9,3,22
3,11,11.0,175,6,16,0,14,25,1,9
2,8,1.0,77,3,5,1,14,131,1,7
2,1,27.0,300,1,22,0,12,61,1,15
2,1,27.0,300,1,5,0,0,12,3,15
2,8,1.0,77,3,5,2,13,48,0,7
2,8,1.0,77,3,21,0,12,135,2,7
2,8,2.0,363,0,7,0,0,12,1,22
2,8,2.0,363,0,3,0,13,36,2,22
2,8,2.0,363,0,1,2,1,67,4,22
2,8,3.0,299,1,16,0,9,102,3,27
2,8,9.0,71,0,10,0,2,86,3,12
2,8,26.0,78,4,1,0,5,6,3,3
2,8,26.0,78,4,1,0,1,16,1,3
2,8,28.0,301,6,17,1,13,29,0,18
3,10,8.0,213,1,21,1,5,6,1,8
3,10,8.0,213,1,2,0,9,101,3,8
2,9,15.0,226,4,15,0,1,11,0,1
2,9,21.0,362,2,7,1,9,10,0,21
2,9,21.0,362,2,8,2,0,0,3,21
2,9,21.0,362,2,2,1,15,119,4,21
2,9,21.0,362,2,1,1,13,38,1,21
2,9,23.0,167,5,11,1,13,38,4,17
2,9,23.0,167,5,13,1,4,66,4,17
2,9,23.0,167,5,1,0,3,76,1,17
2,7,4.0,204,0,17,0,3,44,3,30
2,7,6.0,293,2,6,0,16,50,1,23
2,9,7.0,271,2,9,0,2,86,1,11
2,9,14.0,106,2,16,0,10,47,1,5
2,9,14.0,106,2,10,0,7,62,3,5
2,9,13.0,91,1,13,0,5,0,2,25
2,9,14.0,106,2,19,2,5,6,0,5
2,9,15.0,226,4,21,0,16,74,3,1
2,9,15.0,226,4,17,1,15,96,0,1
2,9,15.0,226,4,2,0,14,106,4,1
2,9,21.0,362,2,16,0,12,17,2,21
2,8,28.0,301,6,3,0,2,2,2,18
2,8,2.0,363,0,9,1,6,7,2,22
2,8,9.0,71,0,2,0,12,56,0,12
2,9,2.0,323,5,3,0,4,45,1,22
2,8,28.0,301,6,19,3,6,7,3,18
2,8,29.0,103,3,1,0,1,67,1,16
2,8,28.0,301,6,13,0,10,23,0,18
2,4,1.0,141,1,10,2,16,130,3,7
2,8,28.0,301,6,9,1,0,68,1,18
2,4,5.0,176,6,20,0,4,138,3,24
2,4,5.0,176,6,15,0,6,128,0,24
2,4,5.0,176,6,22,0,1,67,0,24
2,4,5.0,176,6,8,0,6,89,2,24
3,11,11.0,175,6,8,2,8,118,3,9
2,7,3.0,186,3,2,1,4,4,2,27
2,7,3.0,186,3,20,1,4,79,2,27
2,7,3.0,186,3,1,0,5,64,3,27
3,11,13.0,312,0,8,0,5,64,3,25
3,11,13.0,312,0,8,0,14,107,3,25
3,11,13.0,312,0,9,0,0,31,1,25
3,11,21.0,192,1,17,0,8,41,1,21
3,11,21.0,192,1,13,0,0,26,3,21
2,7,19.0,266,1,2,1,12,61,0,10
2,5,28.0,24,1,18,0,15,114,2,18
2,10,4.0,336,4,11,0,13,28,1,30
2,10,18.0,117,4,11,0,13,38,2,0
2,2,30.0,8,6,19,1,14,126,4,19
2,2,4.0,127,0,13,3,9,27,2,30
2,4,21.0,152,0,23,0,6,128,1,21
2,2,4.0,127,0,13,0,13,69,1,30
2,7,16.0,95,6,17,0,11,133,1,2
2,2,10.0,297,3,4,0,16,50,4,4
2,6,1.0,352,6,17,0,13,48,1,7
2,0,4.0,122,2,3,1,9,93,4,30
2,0,20.0,287,5,17,1,3,44,1,29
2,9,16.0,107,5,9,0,9,134,4,2
3,5,12.0,327,0,12,0,3,30,3,28
3,5,21.0,351,2,17,1,0,26,0,21
3,5,24.0,58,6,8,2,10,22,3,14
2,11,15.0,331,0,3,1,13,69,4,1
2,0,3.0,229,1,22,2,1,11,3,27
3,5,25.0,350,3,0,1,8,118,0,13
3,3,25.0,347,5,4,0,13,38,3,13
3,5,24.0,58,6,13,0,13,99,1,14
2,0,3.0,229,1,4,0,10,23,1,27
2,11,15.0,331,0,8,0,9,109,2,1
2,2,5.0,251,1,14,0,8,27,1,24
3,5,25.0,350,3,10,1,13,28,0,13
2,0,5.0,260,4,13,0,14,24,1,24
3,3,25.0,347,5,4,0,10,22,2,13
3,5,24.0,58,6,9,2,6,7,3,14
3,9,4.0,295,1,20,2,16,37,3,30
3,5,25.0,350,3,15,0,6,7,3,13
2,0,5.0,260,4,15,0,6,73,2,24
3,5,23.0,168,5,20,0,13,99,2,17
2,11,15.0,331,0,1,2,5,64,3,1
3,5,15.0,200,4,8,2,2,69,3,1
3,9,4.0,295,1,13,0,4,121,1,30
3,7,23.0,202,3,4,0,12,80,1,17
2,2,5.0,251,1,16,0,5,12,3,24
2,0,5.0,260,4,4,0,15,114,1,24
3,5,25.0,350,3,2,1,12,61,1,13
2,9,4.0,295,3,22,0,2,123,2,30
3,5,15.0,200,4,1,0,5,64,3,1
3,9,3.0,217,0,13,0,12,61,3,27
2,2,11.0,128,0,0,1,16,50,2,9
2,0,3.0,229,1,16,1,13,21,1,27
2,9,6.0,51,1,6,0,8,118,1,23
3,6,8.0,59,3,17,2,6,73,0,8
3,7,23.0,202,3,9,2,13,21,3,17
3,5,24.0,58,6,9,0,11,15,3,14
3,3,1.0,180,1,15,0,11,94,2,7
3,5,25.0,350,3,2,0,4,5,0,13
3,7,19.0,330,2,16,1,8,118,0,10
2,0,21.0,241,6,6,0,0,77,1,21
3,6,8.0,59,3,4,0,9,54,2,8
3,5,17.0,212,6,5,0,8,27,1,6
2,9,6.0,51,1,22,0,9,49,2,23
2,2,11.0,128,0,13,1,13,69,1,9
3,7,19.0,330,2,15,0,13,99,0,10
2,0,21.0,241,6,11,1,0,53,4,21
2,2,16.0,6,6,23,3,0,77,1,2
3,6,10.0,149,1,16,0,8,9,3,4
2,2,13.0,231,2,7,2,13,38,0,25
3,5,15.0,200,4,15,0,16,130,4,1
2,9,6.0,51,1,23,0,15,96,1,23
3,7,27.0,53,4,11,1,14,25,0,15
2,0,30.0,290,0,0,0,6,73,1,19
3,3,1.0,180,1,8,3,3,30,3,7
2,7,5.0,93,1,18,2,9,54,3,24
3,6,10.0,149,1,0,1,5,12,1,4
3,6,8.0,59,3,7,0,10,47,2,8
2,9,3.0,217,6,17,1,3,76,0,27
3,7,27.0,53,4,2,2,15,119,3,15
2,0,30.0,290,0,10,1,14,125,0,19
3,3,1.0,180,1,1,2,12,80,0,7
3,6,10.0,149,1,5,0,4,5,1,4
2,9,7.0,271,2,4,0,12,80,0,11
3,7,27.0,53,4,1,2,12,121,3,15
2,11,22.0,250,0,18,0,14,131,3,26
3,7,1.0,98,6,10,0,14,25,1,7
3,5,17.0,212,6,15,0,1,35,2,6
3,5,23.0,168,5,0,3,6,7,3,17
3,5,23.0,168,5,13,0,10,47,3,17
3,5,24.0,58,6,16,1,14,24,0,14
3,5,24.0,58,6,5,0,5,6,0,14
3,11,23.0,232,4,22,1,1,81,4,17
3,11,23.0,232,4,5,0,13,99,2,17
3,11,24.0,194,5,10,1,10,47,0,14
3,11,23.0,232,4,22,1,14,131,1,17
3,11,24.0,194,5,1,1,6,7,1,14
3,11,25.0,88,6,2,0,2,69,1,13
3,9,6.0,51,4,20,0,9,9,3,23
3,9,6.0,51,4,15,0,15,114,0,23
3,9,6.0,51,4,22,0,4,4,1,23
3,9,6.0,51,4,2,1,14,88,4,23
3,9,6.0,51,4,8,1,4,75,4,23
3,9,16.0,107,3,6,1,0,0,1,2
3,9,23.0,167,3,17,1,8,9,0,17
3,7,7.0,293,5,20,0,15,51,3,11
3,7,7.0,293,5,8,1,14,32,4,11
3,7,7.0,293,5,8,2,15,119,3,11
3,7,7.0,293,5,18,1,4,138,4,11
2,2,16.0,6,6,18,1,0,96,1,2
2,9,12.0,177,0,20,1,7,111,1,28
3,7,17.0,95,0,21,1,1,35,0,6
3,7,17.0,95,0,10,0,4,5,1,6
3,7,17.0,95,0,18,0,4,75,4,6
3,7,23.0,202,3,23,1,16,42,4,17
3,3,1.0,180,1,6,0,9,49,1,7
3,3,1.0,180,1,17,1,9,87,4,7
3,3,1.0,180,1,8,0,1,59,4,7
3,3,1.0,180,1,1,0,14,24,1,7
3,3,18.0,165,5,7,0,10,47,0,0
3,3,17.0,54,4,2,0,10,43,1,6
3,3,18.0,165,5,2,2,3,103,3,0
3,3,17.0,54,4,9,3,2,2,1,6
3,3,18.0,165,5,14,0,13,48,4,0
3,3,18.0,165,5,14,0,2,2,1,0
3,3,23.0,57,2,8,0,0,77,1,17
3,3,25.0,347,5,17,0,1,59,3,13
3,3,25.0,347,5,6,1,2,92,0,13
3,3,25.0,347,5,14,0,8,9,1,13
3,3,25.0,347,5,8,1,6,89,1,13
3,3,25.0,347,5,3,0,8,9,0,13
3,5,10.0,155,6,6,2,0,77,3,4
3,5,10.0,155,6,23,0,4,70,3,4
3,5,10.0,155,6,22,0,14,25,3,4
3,5,10.0,155,6,9,0,13,29,2,4
3,5,10.0,155,6,9,0,10,47,2,4
3,5,15.0,200,4,12,0,16,74,4,1
3,5,15.0,200,4,13,0,3,103,2,1
3,5,15.0,200,4,19,0,1,11,3,1
3,5,15.0,200,4,19,0,9,10,4,1
3,5,17.0,212,6,6,1,8,19,4,6
3,5,17.0,212,6,10,0,0,64,2,6
3,5,17.0,212,6,0,1,6,14,0,6
3,5,17.0,212,6,5,0,14,107,3,6
3,5,15.0,200,4,14,3,14,25,0,1
3,5,17.0,212,6,4,0,2,40,2,6
3,5,23.0,168,5,23,0,11,133,3,17
3,5,23.0,168,5,3,0,5,6,3,17
3,5,23.0,168,5,8,0,0,53,0,17
3,5,24.0,58,6,20,0,1,59,1,14
3,5,24.0,58,6,13,0,16,74,3,14
3,5,23.0,168,5,7,1,14,24,0,17
3,5,24.0,58,6,22,0,9,10,2,14
3,5,24.0,58,6,8,0,15,108,1,14
3,5,24.0,58,6,8,1,9,10,4,14
3,5,25.0,350,3,0,0,13,99,1,13
3,6,10.0,149,1,13,0,8,19,3,4
2,2,13.0,231,2,19,0,15,114,1,25
2,9,13.0,91,1,21,1,9,109,4,25
3,3,17.0,54,4,1,0,10,22,3,6
3,6,24.0,31,1,15,0,3,44,1,14
3,6,8.0,59,3,13,0,10,23,3,8
2,9,14.0,106,2,8,2,13,21,0,5
2,2,18.0,137,0,9,0,0,77,1,0
3,7,29.0,268,6,0,0,13,21,1,16
3,3,18.0,165,5,17,0,7,8,3,0
2,9,4.0,295,3,1,0,13,48,4,30
3,6,24.0,31,1,22,0,14,107,1,14
2,2,5.0,251,1,1,0,4,82,1,24
3,7,29.0,268,6,19,0,5,6,0,16
2,11,5.0,240,5,14,0,9,134,4,24
3,6,8.0,59,3,2,0,1,11,2,8
2,9,15.0,226,4,16,0,0,15,3,1
3,10,2.0,358,2,7,0,5,6,0,22
3,6,8.0,59,3,2,0,6,73,3,8
2,2,20.0,108,2,21,1,10,22,1,29
0,8,13.0,189,2,13,3,11,15,4,25
2,4,1.0,141,1,22,0,14,24,4,7
3,7,29.0,268,6,14,0,4,103,3,16
3,10,2.0,358,2,22,0,7,111,1,22
3,6,8.0,59,3,1,0,0,26,3,8
2,9,15.0,226,4,15,0,13,99,2,1
2,7,22.0,202,5,8,0,2,123,2,26
3,9,4.0,295,1,13,0,14,106,4,30
2,4,12.0,221,6,19,0,12,121,3,28
2,9,15.0,226,4,8,0,5,6,0,1
2,3,29.0,304,0,22,0,9,54,2,16
3,10,12.0,333,6,15,1,10,52,1,28
3,11,2.0,265,4,2,1,11,15,1,22
2,0,2.0,334,0,3,0,8,33,3,22
3,7,16.0,40,3,18,1,7,62,1,2
2,4,18.0,142,5,16,2,10,47,3,0
3,11,11.0,175,6,3,2,2,86,1,9
2,4,28.0,313,0,6,1,7,137,1,18
2,0,2.0,334,0,9,0,12,56,3,22
3,3,16.0,263,2,19,1,14,110,0,2
2,8,19.0,319,4,20,1,12,56,1,10
2,8,19.0,319,4,9,0,5,64,1,10
2,8,19.0,319,4,20,1,1,11,4,10
2,8,27.0,224,5,0,0,0,0,1,15
2,8,27.0,224,5,4,0,3,44,3,15
2,8,27.0,224,5,12,0,10,22,3,15
2,8,27.0,224,5,8,0,8,27,3,15
2,8,28.0,301,6,11,1,9,49,4,18
2,8,29.0,103,3,7,1,16,50,0,16
2,4,1.0,141,1,0,0,4,136,1,7
2,4,1.0,141,1,3,0,8,9,1,7
2,4,1.0,141,1,14,0,1,16,4,7
2,4,1.0,141,1,18,1,8,9,0,7
2,4,5.0,176,6,11,0,0,64,3,24
2,4,5.0,176,6,19,0,9,57,0,24
2,4,12.0,221,6,8,0,15,96,1,28
3,11,2.0,265,4,2,0,0,15,1,22
3,3,18.0,165,5,5,0,8,9,3,0
3,11,21.0,192,1,8,0,2,2,1,21
3,9,3.0,217,0,18,1,13,48,0,27
3,3,16.0,263,2,0,1,9,93,4,2
3,3,16.0,263,2,14,1,13,38,0,2
2,9,15.0,226,4,1,2,8,33,0,1
2,9,21.0,362,2,6,0,14,25,3,21
2,9,21.0,362,2,16,0,4,79,3,21
2,9,23.0,167,5,10,1,1,11,4,17
2,7,4.0,204,0,0,0,14,34,1,30
2,7,4.0,204,0,8,0,9,54,3,30
2,7,4.0,204,0,3,0,8,27,3,30
2,7,4.0,204,0,14,0,16,42,3,30
2,7,6.0,293,2,0,0,16,139,1,23
2,7,13.0,125,2,17,0,12,61,1,25
2,7,13.0,125,2,3,0,6,73,1,25
2,7,13.0,125,2,3,0,4,82,1,25
2,7,13.0,125,2,14,0,10,22,3,25
2,3,4.0,324,4,6,0,0,12,1,30
2,3,4.0,324,4,20,1,13,29,0,30
2,3,4.0,324,4,3,1,14,126,4,30
2,3,14.0,35,3,3,2,14,97,3,5
3,3,23.0,57,2,23,0,3,79,1,17
3,3,23.0,57,2,8,0,0,15,2,17
3,3,23.0,57,2,3,1,10,52,1,17
3,3,23.0,57,2,18,0,9,83,1,17
3,3,23.0,57,2,1,2,2,92,3,17
3,3,25.0,347,5,3,0,3,115,3,13
3,3,25.0,347,5,2,0,4,75,1,13
3,3,25.0,347,5,22,0,8,41,1,13
3,3,25.0,347,5,16,0,1,35,1,13
2,1,15.0,2,4,17,0,13,69,4,1
2,9,5.0,89,0,19,1,8,33,4,24
2,9,12.0,177,0,18,0,5,12,1,28
2,9,12.0,177,0,13,0,11,15,0,28
3,5,10.0,155,6,13,0,1,11,4,4
3,5,10.0,155,6,23,2,10,6,3,4
3,5,15.0,200,4,4,0,2,86,1,1
3,5,23.0,168,5,21,1,9,49,4,17
3,5,23.0,168,5,21,1,9,93,0,17
3,5,23.0,168,5,20,1,13,99,1,17
3,5,23.0,168,5,14,2,1,67,2,17
3,3,18.0,165,5,17,0,0,53,4,0
3,3,18.0,165,5,9,0,0,26,3,0
3,3,23.0,57,2,7,0,8,118,3,17
3,3,23.0,57,2,11,0,5,64,3,17
3,3,23.0,57,2,4,0,0,26,2,17
3,7,1.0,98,6,6,0,8,118,1,7
3,1,9.0,50,6,14,2,6,89,3,12
3,11,11.0,175,6,20,1,9,49,1,9
2,9,1.0,126,4,5,0,9,57,1,7
2,4,28.0,313,0,3,0,9,95,2,18
3,1,9.0,50,6,13,1,6,128,1,12
3,11,13.0,312,0,16,1,15,112,4,25
2,4,29.0,139,1,0,0,16,50,0,16
2,9,2.0,323,5,9,0,8,41,1,22
3,1,27.0,262,2,21,0,7,120,0,15
3,1,27.0,262,2,9,0,9,95,1,15
2,4,18.0,142,5,21,0,10,23,1,0
3,11,13.0,312,0,11,1,9,101,4,25
2,4,25.0,80,5,19,0,3,79,1,13
2,4,28.0,313,0,15,1,4,127,4,18
3,11,21.0,192,1,22,1,13,21,1,21
0,1,1.0,203,1,17,0,9,93,1,7
2,7,1.0,160,5,20,0,15,112,1,7
3,3,22.0,166,1,19,1,8,9,0,26
3,3,28.0,187,0,19,3,7,137,1,18
3,3,28.0,187,0,18,0,0,77,3,18
2,0,2.0,334,0,15,1,16,130,4,22
2,0,3.0,229,1,6,0,5,12,3,27
2,1,29.0,100,4,12,0,0,31,1,16
2,8,1.0,77,3,13,0,8,41,2,7
2,7,1.0,160,5,13,3,1,35,0,7
2,8,3.0,299,1,16,0,16,37,3,27
2,8,3.0,299,1,9,1,5,12,0,27
2,8,9.0,71,0,11,0,8,65,2,12
2,8,19.0,319,4,17,0,10,6,3,10
3,6,10.0,149,1,6,0,5,12,1,4
3,6,10.0,149,1,20,0,12,56,1,4
3,6,10.0,149,1,2,0,14,88,0,4
3,6,10.0,149,1,18,0,10,22,3,4
3,6,24.0,31,1,17,0,12,121,1,14
3,10,2.0,358,2,4,0,6,7,1,22
3,10,9.0,150,2,13,1,2,13,0,12
3,10,9.0,150,2,14,1,16,50,1,12
3,10,9.0,150,2,18,2,9,57,2,12
3,10,9.0,150,2,1,0,0,77,1,12
3,10,10.0,245,4,12,0,13,36,2,4
3,10,10.0,245,4,9,0,1,11,4,4
3,10,18.0,246,5,5,0,14,24,2,0
3,10,27.0,302,3,5,0,1,81,3,15
3,11,7.0,253,1,4,2,6,73,0,11
3,11,9.0,311,4,15,0,1,59,2,12
3,11,9.0,311,4,5,2,9,87,0,12
0,4,6.0,176,5,5,0,8,41,4,23
3,11,9.0,311,4,2,0,4,121,4,12
3,11,9.0,311,4,1,0,8,9,0,12
2,8,19.0,319,4,6,2,13,29,3,10
2,8,19.0,319,4,21,0,10,6,3,10
2,8,19.0,319,4,10,1,0,12,2,10
2,8,26.0,78,4,2,1,6,116,4,3
2,8,26.0,78,4,18,0,3,76,1,3
2,8,27.0,224,5,6,0,1,11,3,15
2,6,18.0,291,1,17,0,5,6,0,0
2,10,17.0,246,2,5,0,11,117,1,6
2,8,9.0,71,0,20,0,7,78,2,12
2,8,12.0,189,4,19,0,15,119,0,28
2,8,27.0,224,5,23,0,11,58,2,15
2,8,27.0,224,5,3,0,10,22,2,15
2,8,28.0,301,6,12,0,3,103,0,18
2,8,28.0,301,6,14,0,12,83,0,18
2,8,29.0,103,3,6,0,11,15,3,16
2,8,12.0,189,4,13,0,12,61,1,28
2,4,1.0,141,1,6,0,1,67,0,7
2,4,1.0,141,1,6,0,15,114,1,7
2,4,1.0,141,1,16,0,13,28,3,7
2,4,1.0,141,1,23,0,11,117,3,7
2,4,1.0,141,1,0,0,8,9,3,7
2,2,15.0,220,5,14,2,14,110,3,1
2,2,23.0,22,6,1,1,2,69,0,17
2,2,23.0,22,6,2,3,4,136,4,17
2,2,23.0,22,6,13,3,9,27,3,17
2,0,8.0,48,3,10,3,7,62,0,8
2,0,16.0,12,0,19,3,10,47,0,2
2,8,14.0,72,6,6,1,10,12,0,5
2,11,3.0,288,2,14,0,8,41,3,27
2,11,3.0,288,2,8,0,13,36,3,27
2,11,4.0,275,4,3,0,2,40,3,30
2,11,4.0,275,4,13,1,12,84,1,30
2,11,15.0,331,0,5,1,2,69,0,1
2,11,22.0,250,0,6,0,1,11,1,26
2,11,22.0,250,0,16,0,1,105,0,26
3,11,21.0,192,1,19,1,11,8,1,21
2,4,31.0,16,4,3,1,2,60,1,20
2,2,26.0,136,1,14,0,10,47,3,3
2,4,28.0,313,0,8,0,6,7,0,18
3,11,21.0,192,1,4,0,8,9,1,21
2,4,31.0,16,4,14,0,4,5,3,20
2,2,26.0,136,1,1,0,4,75,0,3
2,0,1.0,47,3,19,0,9,134,4,7
2,4,29.0,139,1,8,0,6,73,1,16
2,4,31.0,16,4,14,0,8,41,0,20
2,0,1.0,47,3,20,1,16,37,4,7
2,2,13.0,231,2,5,0,9,101,1,25
2,2,5.0,251,1,3,0,10,22,1,24
3,9,3.0,217,0,13,0,9,49,1,27
3,9,3.0,217,0,2,2,11,94,3,27
3,9,3.0,217,0,8,1,9,134,4,27
3,9,3.0,217,0,5,1,12,80,1,27
3,7,4.0,186,1,16,1,1,67,0,30
3,7,19.0,330,2,11,0,7,137,1,10
3,7,27.0,53,4,2,2,1,11,3,15
3,7,29.0,268,6,20,0,13,21,1,16
3,7,29.0,268,6,10,2,9,101,3,16
3,7,4.0,186,1,23,0,8,27,4,30
3,6,24.0,31,1,3,0,9,54,4,14
3,6,24.0,31,1,19,0,12,61,3,14
3,6,24.0,31,1,3,3,10,22,3,14
3,10,2.0,358,2,7,2,16,113,3,22
3,10,2.0,358,2,19,0,8,118,3,22
3,10,2.0,358,2,17,3,3,30,1,22
3,10,9.0,150,2,18,0,2,2,1,12
3,10,10.0,245,4,0,0,4,121,4,4
3,10,10.0,245,4,5,0,7,111,0,4
3,10,10.0,245,4,15,0,5,6,2,4
3,10,10.0,245,4,14,0,0,77,3,4
3,10,10.0,245,4,20,1,12,61,4,4
3,10,18.0,246,5,7,0,8,27,4,0
3,10,18.0,246,5,8,0,1,35,1,0
3,10,18.0,246,5,18,2,14,106,3,0
3,10,18.0,246,5,4,2,2,86,3,0
3,10,18.0,246,5,21,1,6,7,2,0
3,10,27.0,302,3,4,3,7,57,0,15
3,10,27.0,302,3,19,0,15,119,2,15
3,10,27.0,302,3,8,1,9,101,4,15
3,10,2.0,358,2,13,0,9,102,2,22
3,1,1.0,203,5,23,1,9,58,4,7
3,1,1.0,203,5,6,0,3,76,0,7
3,7,30.0,42,3,15,0,3,70,2,19
3,7,30.0,42,3,1,0,8,9,1,19
3,7,30.0,42,3,13,0,6,73,2,19
3,3,19.0,138,6,16,0,9,57,3,10
3,3,28.0,187,0,13,0,2,2,2,18
2,4,18.0,142,5,3,1,12,80,2,0
2,4,18.0,142,5,12,0,2,69,4,0
2,4,29.0,139,1,0,1,12,104,0,16
2,4,29.0,139,1,14,0,9,57,3,16
2,4,29.0,139,1,9,2,1,81,3,16
2,2,5.0,251,1,16,0,11,15,1,24
2,2,5.0,251,1,12,2,2,69,0,24
2,2,11.0,128,0,5,1,13,38,1,9
2,2,11.0,128,0,2,0,1,59,4,9
2,2,11.0,128,0,22,0,3,4,0,9
2,2,11.0,128,0,14,1,9,58,4,9
2,2,11.0,128,0,9,0,16,37,3,9
2,2,13.0,231,2,20,1,6,89,1,25
2,2,13.0,231,2,20,0,2,71,2,25
2,2,13.0,231,2,2,0,13,38,4,25
2,2,18.0,137,0,20,0,10,22,0,0
2,2,18.0,137,0,1,0,10,47,0,0
2,2,20.0,108,2,21,0,11,15,1,29
2,2,20.0,108,2,18,1,0,64,1,29
2,2,29.0,131,5,19,0,16,50,1,16
2,2,29.0,131,5,12,0,9,87,1,16
2,0,2.0,334,0,18,0,1,59,1,22
2,0,3.0,229,1,6,0,2,86,4,27
2,0,2.0,334,0,8,1,8,41,1,22
2,0,3.0,229,1,6,2,6,89,2,27
2,0,3.0,229,1,6,0,0,64,3,27
2,2,16.0,6,6,15,0,13,13,1,2
2,2,18.0,137,0,11,0,12,61,1,0
2,0,9.0,129,0,6,0,7,57,2,12
2,2,11.0,128,0,13,0,10,47,1,9
2,9,21.0,362,2,13,0,2,40,1,21
2,0,9.0,129,0,5,0,1,67,3,12
2,2,24.0,233,3,16,0,4,138,1,14
2,2,18.0,137,0,0,1,2,92,0,0
2,9,23.0,167,5,3,0,12,61,2,17
2,2,18.0,137,0,1,0,0,85,1,0
2,7,4.0,204,0,20,0,2,123,2,30
2,2,24.0,233,3,7,1,6,128,1,14
2,2,18.0,137,0,4,0,10,47,0,0
2,2,24.0,233,3,15,2,1,1,3,14
2,2,18.0,137,0,4,0,0,53,3,0
2,2,20.0,108,2,17,0,11,94,3,29
2,2,29.0,131,5,20,0,4,121,2,16
2,2,29.0,131,5,8,0,11,117,3,16
2,2,29.0,131,5,19,1,7,129,4,16
2,0,2.0,334,0,15,1,13,123,4,22
2,0,2.0,334,0,2,0,6,128,0,22
2,0,3.0,229,1,17,0,0,15,1,27
2,0,3.0,229,1,16,0,2,40,4,27
2,0,3.0,229,1,16,0,0,12,0,27
3,6,8.0,59,3,1,0,5,6,0,8
2,0,1.0,47,3,2,1,14,34,4,7
3,6,10.0,149,1,6,2,13,28,0,4
3,6,10.0,149,1,2,0,10,6,3,4
3,6,10.0,149,1,1,0,10,22,3,4
3,6,24.0,31,1,6,0,6,89,3,14
3,6,24.0,31,1,16,0,13,29,1,14
3,6,24.0,31,1,0,1,12,61,0,14
3,5,24.0,58,6,15,1,12,61,4,14
3,5,24.0,58,6,5,0,6,73,2,14
3,6,8.0,59,3,15,0,11,18,1,8
3,6,8.0,59,3,4,1,2,86,1,8
3,6,8.0,59,3,4,0,16,74,0,8
2,9,20.0,119,1,23,1,4,75,1,29
2,2,24.0,233,3,2,3,2,35,3,14
2,2,16.0,6,6,23,0,7,78,1,2
2,2,1.0,143,5,17,3,4,82,1,7
3,6,8.0,59,3,14,1,6,91,4,8
3,6,8.0,59,3,5,1,1,35,4,8
2,0,3.0,229,1,18,0,12,61,1,27
2,0,3.0,229,1,12,1,9,95,4,27
2,0,5.0,260,4,3,0,1,35,2,24
2,0,21.0,241,6,1,0,12,17,3,21
2,0,30.0,290,0,2,0,10,23,0,19
3,11,2.0,265,4,22,0,16,42,4,22
3,11,13.0,312,0,20,0,1,105,3,25
3,11,13.0,312,0,23,1,2,71,4,25
3,11,13.0,312,0,4,2,3,30,2,25
3,11,13.0,312,0,19,1,6,91,4,25
3,11,21.0,192,1,13,0,9,134,0,21
3,11,21.0,192,1,22,0,10,6,3,21
3,11,21.0,192,1,4,1,12,17,4,21
3,11,29.0,270,2,11,0,8,9,1,16
3,11,29.0,270,2,22,0,2,40,1,16
3,11,29.0,270,2,14,0,6,14,4,16
3,11,29.0,270,2,3,1,13,69,0,16
3,9,3.0,217,0,7,1,5,12,0,27
3,9,3.0,217,0,8,0,3,79,3,27
3,9,3.0,217,0,8,1,16,37,2,27
3,9,4.0,295,1,14,1,11,15,0,30
3,9,4.0,295,1,4,1,7,129,4,30
2,1,20.0,45,1,19,1,7,137,4,29
2,2,26.0,136,1,2,0,2,2,0,3
2,2,26.0,136,1,8,1,1,59,4,3
2,7,4.0,204,0,9,0,9,134,4,30
2,0,1.0,47,3,21,0,8,27,1,7
2,0,1.0,47,3,1,0,16,37,4,7
2,1,28.0,112,2,3,1,13,38,4,18
3,5,9.0,206,5,11,1,13,48,0,12
2,0,1.0,47,3,1,2,14,126,3,7
2,6,3.0,159,0,12,1,11,58,4,27
3,9,1.0,126,6,9,2,2,2,3,7
2,0,14.0,190,6,12,0,0,64,0,5
2,6,20.0,193,4,14,0,12,100,4,29
3,5,18.0,195,3,5,3,14,25,1,0
2,0,14.0,190,6,14,0,8,19,4,5
2,6,1.0,352,6,17,0,9,134,1,7
3,10,1.0,208,1,18,0,9,102,1,7
2,0,17.0,0,1,0,0,6,7,0,6
2,10,4.0,336,4,17,3,5,12,1,30
3,3,8.0,148,1,5,1,10,47,1,8
3,9,28.0,315,5,8,0,0,0,2,18
2,8,11.0,284,2,16,0,0,53,0,9
2,0,25.0,14,2,17,0,4,5,1,13
3,1,8.0,62,5,4,0,14,24,3,8
2,7,6.0,293,2,15,0,13,48,4,23
2,7,6.0,293,2,4,2,2,86,0,23
2,7,6.0,293,2,2,2,6,128,3,23
2,3,14.0,35,3,0,1,10,22,0,5
2,3,14.0,35,3,21,1,9,10,0,5
2,3,14.0,35,3,5,0,8,65,1,5
2,3,14.0,35,3,2,0,6,91,3,5
3,5,18.0,195,3,15,0,15,46,2,0
3,10,8.0,213,1,12,1,13,48,0,8
3,1,25.0,65,0,8,3,11,133,1,13
2,2,11.0,128,0,19,0,16,50,1,9
2,2,11.0,128,0,14,0,8,118,1,9
2,2,13.0,231,2,6,0,7,78,4,25
2,2,18.0,137,0,17,2,13,99,3,0
2,2,20.0,108,2,6,1,14,32,0,29
2,2,20.0,108,2,6,0,0,12,0,29
2,2,20.0,108,2,17,0,6,7,3,29
2,4,5.0,176,6,20,3,1,1,2,24
2,0,2.0,334,0,22,1,3,30,1,22
2,0,3.0,229,1,4,0,15,46,0,27
2,0,5.0,260,4,22,0,10,22,1,24
2,0,21.0,241,6,13,0,0,26,2,21
2,0,30.0,290,0,17,0,5,6,0,19
2,0,30.0,290,0,5,0,0,96,3,19
2,0,30.0,290,0,11,1,4,121,1,19
2,0,30.0,290,0,14,0,12,104,3,19
2,0,30.0,290,0,14,2,6,106,3,19
3,11,2.0,265,4,10,1,10,22,0,22
3,11,2.0,265,4,14,0,2,69,1,22
3,11,11.0,175,6,20,0,6,7,3,9
2,0,17.0,0,1,13,0,0,53,0,6
2,0,17.0,0,1,15,0,12,80,2,6
3,11,7.0,253,1,2,0,8,41,1,11
3,11,7.0,253,1,8,1,12,56,4,11
3,11,9.0,311,4,11,1,1,67,1,12
3,11,17.0,110,5,13,0,10,52,2,6
3,11,23.0,232,4,6,0,0,53,0,17
3,11,23.0,232,4,2,2,2,40,3,17
3,5,24.0,58,6,15,0,10,47,2,14
3,5,24.0,58,6,15,0,7,8,1,14
2,0,17.0,0,1,14,3,9,134,0,6
3,5,23.0,168,5,1,0,13,123,2,17
3,6,8.0,59,3,16,0,2,2,4,8
3,6,8.0,59,3,8,0,4,75,3,8
3,6,10.0,149,1,2,0,4,4,1,4
3,6,10.0,149,1,18,0,11,117,3,4
3,6,10.0,149,1,3,0,0,12,2,4
3,6,24.0,31,1,16,0,1,1,1,14
3,6,24.0,31,1,8,1,5,64,4,14
3,10,2.0,358,2,0,0,14,24,1,22
3,10,2.0,358,2,2,1,3,30,4,22
3,10,9.0,150,2,4,0,8,27,3,12
3,7,22.0,211,6,20,1,16,37,1,26
3,7,2.0,160,3,12,0,5,6,2,22
2,11,27.0,322,6,5,0,5,12,3,15
2,5,17.0,195,5,22,0,15,114,2,6
2,5,26.0,328,3,22,1,16,42,2,3
2,5,12.0,184,3,2,1,5,6,2,28
2,6,28.0,335,5,19,0,9,10,1,18
2,10,29.0,157,0,1,1,5,0,1,16
2,0,22.0,237,3,8,1,9,58,4,26
0,2,1.0,16,2,17,3,12,83,4,7
2,8,18.0,280,2,19,0,2,2,2,0
2,8,18.0,280,2,9,1,2,2,0,0
2,8,18.0,280,2,9,2,8,27,3,0
2,4,4.0,235,5,20,0,9,93,0,30
3,7,22.0,211,6,14,2,6,73,1,26
3,11,1.0,222,2,17,3,16,130,4,7
0,11,16.0,225,0,6,0,0,31,3,2
3,11,20.0,340,0,18,1,15,114,1,29
3,11,27.0,322,0,19,1,15,112,4,15
3,9,2.0,323,3,12,1,8,27,1,22
2,11,3.0,288,2,15,0,8,118,4,27
2,2,23.0,22,6,14,3,3,44,4,17
3,11,22.0,250,2,9,3,9,57,0,26
2,11,15.0,331,0,7,1,16,50,1,1
2,11,15.0,331,0,8,0,0,53,1,1
2,11,22.0,250,0,10,1,2,2,1,26
2,11,15.0,331,0,13,0,8,27,2,1
2,9,3.0,217,6,8,0,4,45,2,27
2,9,3.0,217,6,13,0,12,135,2,27
2,9,4.0,295,3,2,2,13,28,3,30
2,9,4.0,295,3,12,1,2,2,1,30
2,9,4.0,295,3,8,2,6,132,2,30
2,9,6.0,51,1,0,0,8,9,0,23
2,9,6.0,51,1,21,1,3,79,4,23
2,9,6.0,51,1,6,0,13,28,3,23
2,9,6.0,51,1,2,0,4,82,2,23
2,9,7.0,271,2,16,0,5,12,3,11
2,9,7.0,271,2,8,0,10,22,2,11
2,9,7.0,271,2,1,0,16,37,1,11
2,9,7.0,271,2,14,0,5,6,3,11
2,9,13.0,91,1,6,1,10,22,0,25
2,9,14.0,106,2,17,2,10,23,1,5
3,9,14.0,106,5,9,0,2,92,3,5
2,9,13.0,91,1,20,0,5,6,3,25
2,9,13.0,91,1,7,0,5,6,0,25
2,9,13.0,91,1,20,1,8,9,4,25
2,4,27.0,218,3,12,0,0,12,1,15
2,2,28.0,140,4,14,1,13,48,0,18
2,9,19.0,234,0,13,1,6,7,0,10
2,9,26.0,267,0,4,1,11,124,0,3
2,9,24.0,272,6,15,0,2,92,2,14
2,9,19.0,234,0,22,2,6,89,2,10
2,7,17.0,154,3,17,1,12,17,0,6
2,11,3.0,288,2,10,0,13,28,1,27
2,11,3.0,288,2,13,0,0,64,3,27
2,11,3.0,288,2,14,2,6,128,0,27
2,2,25.0,3,0,9,1,16,50,4,13
2,0,25.0,14,2,17,3,2,3,4,13
3,9,15.0,226,6,8,0,1,81,2,1
3,9,14.0,106,5,5,1,9,49,1,5
3,9,22.0,92,6,9,2,9,57,1,26
3,9,14.0,106,5,5,0,4,127,2,5
2,11,3.0,288,2,18,0,11,124,4,27
2,11,4.0,275,4,4,0,5,12,2,30
2,8,1.0,77,3,5,1,11,18,4,7
2,8,1.0,77,3,2,0,5,64,3,7
2,8,2.0,363,0,23,0,1,16,1,22
2,8,2.0,363,0,3,0,14,88,4,22
2,8,3.0,299,1,6,0,3,30,0,27
2,8,3.0,299,1,6,0,3,30,3,27
2,8,3.0,299,1,19,3,9,93,0,27
2,8,9.0,71,0,6,1,15,46,0,12
2,6,9.0,149,3,19,1,7,54,4,12
2,1,19.0,151,0,11,1,15,119,4,10
2,1,27.0,300,1,14,3,11,94,4,15
2,2,13.0,231,2,8,3,8,19,3,25
3,11,13.0,312,0,22,3,8,41,4,25
2,8,9.0,71,0,1,0,6,89,1,12
2,8,12.0,189,4,6,1,5,12,0,28
2,8,19.0,319,4,6,2,8,41,3,10
2,8,19.0,319,4,23,3,6,128,4,10
2,0,9.0,129,0,13,0,14,32,0,12
2,0,9.0,129,0,2,2,4,138,3,12
2,0,9.0,129,0,2,0,7,62,0,12
2,0,17.0,0,1,17,0,6,89,3,6
2,0,17.0,0,1,10,0,3,30,1,6
2,0,17.0,0,1,18,0,8,118,1,6
2,0,18.0,13,2,16,0,3,30,0,0
2,0,18.0,13,2,0,0,6,7,1,0
2,0,18.0,13,2,3,0,5,64,2,0
2,0,18.0,13,2,11,0,6,128,1,0
3,11,7.0,253,1,19,0,4,127,1,11
3,11,9.0,311,4,21,0,0,26,0,12
3,11,17.0,110,5,11,1,9,95,1,6
2,8,16.0,74,0,9,3,6,89,3,2
3,11,23.0,232,4,22,2,3,79,0,17
3,3,18.0,165,5,13,2,0,31,3,0
3,3,18.0,165,5,19,0,15,39,3,0
1,1,1.0,203,0,15,4,12,80,3,7
1,1,1.0,203,0,11,4,6,7,3,7
1,1,1.0,203,0,20,4,12,121,3,7
1,1,1.0,203,0,10,4,8,19,3,7
1,1,1.0,203,0,6,4,14,88,4,7
1,1,2.0,171,1,22,4,13,38,0,22
1,1,2.0,171,1,9,4,9,49,3,22
1,1,2.0,171,1,14,4,2,86,3,22
1,1,2.0,171,1,4,4,13,38,3,22
1,1,2.0,171,1,9,4,8,33,3,22
1,1,2.0,171,1,17,4,8,118,3,22
1,1,12.0,353,5,1,4,14,32,3,28
1,1,2.0,171,1,22,4,6,7,3,22
1,1,2.0,171,1,8,4,1,59,3,22
1,1,2.0,171,1,19,4,7,111,3,22
1,1,2.0,171,1,9,4,16,74,3,22
1,1,18.0,82,4,9,4,6,89,3,0
1,6,9.0,236,4,0,4,10,47,3,12
1,1,2.0,171,1,1,4,14,110,4,22
1,5,21.0,351,6,19,4,9,87,4,21
1,11,24.0,194,0,0,4,14,25,0,14
1,9,7.0,271,0,22,4,14,25,3,11
1,7,10.0,329,4,4,4,8,33,4,4
1,1,8.0,62,0,1,4,9,109,3,8
1,9,26.0,267,6,2,4,13,28,3,3
1,6,24.0,31,5,23,4,1,1,4,14
1,1,6.0,97,6,19,4,6,91,4,23
1,1,6.0,97,6,9,4,6,89,3,23
1,1,6.0,97,6,11,4,9,57,3,23
1,1,6.0,97,6,9,4,12,84,2,23
1,1,6.0,97,6,2,4,6,7,0,23
1,1,6.0,97,6,8,4,14,25,3,23
1,1,7.0,32,3,4,4,8,27,3,11
1,1,7.0,32,3,19,4,8,27,3,11
1,1,7.0,32,3,8,4,9,101,0,11
1,1,7.0,32,3,13,4,2,60,3,11
1,1,8.0,62,0,16,4,3,30,3,8
1,1,8.0,62,0,14,4,6,7,3,8
1,1,8.0,62,0,5,4,6,7,3,8
1,1,8.0,62,0,9,4,6,7,4,8
1,1,8.0,62,0,14,4,15,119,3,8
1,1,8.0,62,0,9,4,11,55,3,8
1,10,30.0,157,6,5,4,13,38,4,19
1,10,30.0,157,6,11,4,13,38,4,19
1,10,30.0,157,6,19,4,0,53,3,19
1,10,30.0,157,6,18,4,1,1,4,19
1,10,30.0,157,6,7,4,3,115,3,19
1,10,30.0,157,6,19,4,11,117,3,19
1,10,30.0,157,6,15,4,9,57,3,19
1,3,6.0,303,2,3,4,9,57,3,23
1,10,30.0,157,6,5,4,5,12,3,19
1,10,31.0,135,3,16,4,13,48,1,20
1,3,6.0,303,2,18,4,16,72,4,23
1,10,31.0,135,3,13,4,14,97,3,20
1,10,31.0,135,3,14,4,6,7,3,20
1,10,31.0,135,3,2,4,6,7,3,20
1,10,31.0,135,3,1,4,6,7,3,20
1,10,31.0,135,3,14,4,6,89,3,20
1,3,6.0,303,2,2,4,13,29,3,23
1,10,31.0,135,3,1,4,14,106,4,20
1,10,31.0,135,3,1,4,6,7,3,20
1,3,6.0,303,2,12,4,11,18,3,23
1,10,31.0,135,3,20,4,10,12,3,20
1,10,31.0,135,3,4,4,8,19,3,20
1,3,6.0,303,2,2,4,8,118,3,23
1,1,4.0,286,4,17,4,6,116,4,30
1,1,4.0,286,4,4,4,11,8,4,30
1,1,4.0,286,4,22,4,2,2,3,30
1,1,4.0,286,4,16,4,9,102,4,30
1,1,4.0,286,4,4,4,9,134,4,30
1,7,27.0,53,3,8,4,9,27,3,15
1,1,4.0,286,4,18,4,1,1,4,30
1,1,4.0,286,4,2,4,9,57,3,30
1,1,4.0,286,4,9,4,9,87,4,30
1,1,4.0,286,4,2,4,6,7,3,30
1,1,4.0,286,4,1,4,3,30,3,30
1,1,4.0,286,4,11,4,9,27,3,30
1,1,4.0,286,4,18,4,6,116,4,30
1,1,4.0,286,4,1,4,9,49,3,30
1,1,4.0,286,4,17,4,16,37,4,30
1,1,5.0,219,5,4,4,13,38,3,24
1,1,5.0,219,5,11,4,12,80,3,24
1,1,5.0,219,5,19,4,6,7,4,24
1,1,5.0,219,5,3,4,6,7,3,24
1,5,19.0,146,4,20,4,9,63,3,10
1,1,18.0,82,4,1,4,9,54,4,0
1,5,19.0,146,4,1,4,8,9,3,10
1,1,20.0,151,6,9,4,16,42,3,29
1,1,20.0,151,6,20,4,0,12,3,29
1,5,19.0,146,4,7,4,6,116,1,10
1,1,20.0,151,6,9,4,4,75,3,29
1,5,25.0,350,2,18,4,12,61,4,13
1,5,25.0,350,2,16,4,14,32,3,13
1,1,20.0,151,6,19,4,14,24,0,29
1,1,20.0,151,6,9,4,9,102,3,29
1,3,2.0,120,6,19,4,8,19,3,22
1,1,20.0,151,6,19,4,2,69,3,29
1,1,20.0,151,6,9,4,8,19,4,29
1,1,20.0,151,6,9,4,14,106,4,29
1,1,20.0,151,6,1,4,6,7,0,29
1,1,8.0,62,0,1,4,6,7,3,8
1,1,8.0,62,0,12,4,16,72,0,8
1,1,8.0,62,0,18,4,10,43,3,8
1,6,9.0,236,4,13,4,8,33,3,12
1,7,10.0,329,4,3,4,16,65,4,4
1,1,21.0,45,3,2,4,15,96,3,21
1,9,25.0,344,5,17,4,6,7,4,13
1,9,7.0,271,0,5,4,0,31,0,11
1,9,26.0,267,6,16,4,12,100,4,3
1,6,24.0,31,5,14,4,12,61,3,14
1,11,24.0,194,0,5,4,8,27,4,14
1,7,27.0,53,3,14,4,14,110,3,15
1,7,10.0,329,4,12,4,6,89,3,4
1,7,10.0,329,4,18,4,16,74,3,4
1,7,10.0,329,4,14,4,2,40,2,4
1,7,17.0,95,4,15,4,13,38,0,6
1,7,17.0,95,4,2,4,6,116,4,6
1,7,17.0,95,4,14,4,1,35,4,6
1,7,17.0,95,4,14,4,9,109,4,6
1,7,17.0,95,4,20,4,3,30,1,6
1,7,17.0,95,4,1,4,16,50,3,6
1,7,17.0,95,4,14,4,4,75,3,6
1,7,17.0,95,4,4,4,13,69,3,6
1,7,17.0,95,4,18,4,0,26,3,6
1,7,17.0,95,4,18,4,13,13,4,6
1,7,19.0,330,6,5,4,9,63,3,10
1,7,19.0,330,6,18,4,11,124,4,10
1,7,19.0,330,6,18,4,9,101,4,10
1,7,19.0,330,6,23,4,12,80,3,10
1,7,19.0,330,6,9,4,4,82,4,10
1,7,19.0,330,6,18,4,13,29,0,10
1,7,19.0,330,6,1,4,6,7,3,10
1,7,19.0,330,6,20,4,6,7,3,10
1,7,19.0,330,6,2,4,9,10,4,10
1,7,19.0,330,6,5,4,8,118,3,10
1,7,19.0,330,6,16,4,6,7,0,10
1,7,19.0,330,6,18,4,16,50,4,10
1,7,24.0,68,4,4,4,15,31,3,14
1,7,24.0,68,4,12,4,4,103,3,14
1,7,24.0,68,4,2,4,8,41,4,14
1,7,24.0,68,4,13,4,2,2,3,14
1,7,24.0,68,4,20,4,6,7,3,14
1,7,24.0,68,4,18,4,5,12,3,14
1,7,24.0,68,4,23,4,12,80,3,14
1,7,24.0,68,4,2,4,8,9,4,14
1,7,24.0,68,4,20,4,12,135,2,14
1,7,24.0,68,4,11,4,6,128,3,14
1,7,24.0,68,4,19,4,8,41,3,14
1,5,20.0,214,5,22,4,16,65,3,29
1,5,20.0,214,5,5,4,3,115,3,29
1,5,20.0,214,5,12,4,6,7,3,29
1,11,3.0,288,0,11,4,15,39,3,27
1,11,21.0,192,5,2,4,12,80,3,21
1,5,20.0,214,5,4,4,12,80,4,29
1,5,23.0,168,0,18,4,9,54,4,17
1,5,23.0,168,0,8,4,6,116,3,17
1,5,23.0,168,0,14,4,14,25,3,17
1,5,23.0,168,0,14,4,16,74,2,17
1,5,23.0,168,0,5,4,15,96,3,17
1,5,23.0,168,0,12,4,15,31,3,17
1,5,23.0,168,0,1,4,6,7,3,17
1,5,31.0,196,1,16,4,15,77,3,20
1,5,31.0,196,1,23,4,6,7,3,20
1,5,31.0,196,1,1,4,3,79,3,20
1,5,31.0,196,1,13,4,9,95,3,20
1,5,31.0,196,1,9,4,14,25,3,20
1,5,31.0,196,1,14,4,9,27,3,20
1,10,8.0,213,5,14,4,9,101,3,8
1,10,8.0,213,5,1,4,16,74,4,8
1,10,8.0,213,5,22,4,10,22,1,8
1,10,9.0,150,6,19,4,8,9,3,12
1,10,9.0,150,6,5,4,2,2,3,12
1,10,9.0,150,6,5,4,9,57,3,12
1,10,9.0,150,6,17,4,13,21,3,12
1,10,9.0,150,6,7,4,14,88,2,12
1,10,28.0,216,4,6,4,16,37,4,18
1,10,28.0,216,4,23,4,16,37,3,18
1,10,28.0,216,4,19,4,16,74,3,18
1,10,28.0,216,4,11,4,6,7,3,18
1,10,28.0,216,4,2,4,7,137,4,18
1,1,9.0,50,1,13,4,9,95,3,12
1,1,9.0,50,1,18,4,4,70,3,12
1,2,18.0,7,5,0,4,9,102,4,0
1,2,18.0,7,5,10,4,6,132,1,0
1,1,9.0,50,1,18,4,13,21,3,12
1,1,9.0,50,1,15,4,4,75,4,12
1,1,9.0,50,1,6,4,6,7,3,12
1,1,9.0,50,1,15,4,9,95,3,12
1,7,24.0,68,4,22,4,6,91,3,14
1,7,24.0,68,4,13,4,14,25,3,14
1,7,24.0,68,4,2,4,9,63,4,14
1,7,24.0,68,4,11,4,10,23,3,14
1,7,24.0,68,4,11,4,0,68,3,14
1,7,26.0,316,6,16,4,16,37,4,3
1,7,26.0,316,6,20,4,16,37,3,3
1,7,26.0,316,6,14,4,13,29,3,3
1,7,26.0,316,6,14,4,1,1,1,3
1,7,26.0,316,6,9,4,16,50,4,3
1,7,26.0,316,6,2,4,6,7,3,3
1,7,26.0,316,6,19,4,13,28,0,3
1,7,26.0,316,6,8,4,9,87,2,3
1,7,27.0,53,3,12,4,12,80,2,15
1,7,27.0,53,3,15,4,6,73,1,15
1,5,21.0,351,6,19,4,12,104,3,21
1,9,7.0,271,0,9,4,15,46,4,11
1,9,25.0,344,5,4,4,8,9,3,13
1,7,27.0,53,3,9,4,15,114,3,15
1,11,24.0,194,0,2,4,8,27,3,14
1,7,21.0,81,0,8,4,16,130,0,21
1,1,21.0,45,3,4,4,7,20,3,21
1,5,22.0,163,3,19,4,11,55,4,26
1,9,26.0,267,6,14,4,7,57,3,3
1,9,8.0,90,1,17,4,16,139,4,8
1,9,25.0,344,5,14,4,4,75,4,13
1,1,20.0,151,6,20,4,6,7,3,29
1,1,21.0,45,3,9,4,8,27,0,21
1,6,24.0,31,5,16,4,12,80,4,14
1,5,30.0,294,0,23,4,13,123,3,19
1,6,13.0,317,0,1,4,2,69,3,25
1,9,8.0,90,1,2,4,2,86,3,8
1,9,24.0,272,4,14,4,14,110,3,14
1,7,27.0,53,3,22,4,9,95,2,15
1,1,20.0,151,6,1,4,13,38,4,29
1,1,21.0,45,3,11,4,6,91,4,21
1,6,24.0,31,5,1,4,15,39,3,14
1,5,26.0,37,4,18,4,3,79,4,3
1,5,30.0,294,0,18,4,2,2,3,19
1,6,13.0,317,0,18,4,14,32,2,25
1,9,8.0,90,1,2,4,13,21,3,8
1,6,9.0,236,4,13,4,6,7,2,12
1,7,27.0,53,3,12,4,6,128,3,15
1,1,21.0,45,3,21,4,6,91,4,21
1,7,21.0,81,0,2,4,12,61,1,21
1,8,1.0,66,4,18,4,12,104,4,7
1,5,30.0,294,0,8,4,4,4,3,19
1,6,13.0,317,0,22,4,6,7,3,25
1,6,13.0,317,0,6,4,9,134,3,25
1,6,13.0,317,0,6,4,12,61,4,25
1,6,13.0,317,0,16,4,2,71,4,25
1,6,14.0,173,1,18,4,6,7,3,5
1,6,14.0,173,1,12,4,7,120,3,5
1,6,14.0,173,1,14,4,6,7,0,5
1,6,14.0,173,1,3,4,0,12,3,5
1,6,22.0,185,2,2,4,11,55,4,26
1,6,22.0,185,2,21,4,10,22,3,26
1,6,23.0,84,4,9,4,6,14,4,17
1,6,23.0,84,4,1,4,9,101,4,17
1,6,23.0,84,4,1,4,6,91,1,17
1,6,23.0,84,4,18,4,12,100,3,17
1,6,23.0,84,4,18,4,6,14,3,17
1,6,23.0,84,4,18,4,11,98,3,17
1,6,24.0,31,5,5,4,5,12,3,14
1,6,24.0,31,5,17,4,14,25,0,14
1,6,24.0,31,5,5,4,5,64,3,14
1,6,24.0,31,5,13,4,9,95,3,14
1,5,6.0,277,5,11,4,6,7,3,23
1,5,6.0,277,5,13,4,1,105,3,23
1,5,6.0,277,5,9,4,6,7,3,23
1,5,6.0,277,5,19,4,12,83,4,23
1,5,6.0,277,5,18,4,7,137,4,23
1,5,6.0,277,5,9,4,12,61,4,23
1,5,6.0,277,5,16,4,9,10,3,23
1,5,7.0,349,6,12,4,6,116,3,11
1,5,7.0,349,6,4,4,3,115,3,11
1,5,7.0,349,6,7,4,9,87,3,11
1,5,7.0,349,6,20,4,12,80,3,11
1,11,19.0,321,2,2,4,6,128,3,10
1,5,7.0,349,6,20,4,14,25,3,11
1,5,7.0,349,6,0,4,5,12,3,11
1,5,7.0,349,6,23,4,14,25,3,11
1,11,20.0,340,4,14,4,9,109,4,29
1,11,20.0,340,4,22,4,10,23,3,29
1,11,20.0,340,4,8,4,6,7,0,29
1,11,20.0,340,4,18,4,4,76,3,29
1,11,20.0,340,4,12,4,1,35,3,29
1,11,20.0,340,4,14,4,16,74,3,29
1,5,20.0,214,5,17,4,14,32,4,29
1,6,24.0,31,5,5,4,16,39,2,14
1,6,29.0,335,2,4,4,11,0,3,16
1,6,29.0,335,2,18,4,5,6,3,16
1,7,21.0,81,0,13,4,10,23,3,21
1,7,22.0,211,1,9,4,6,128,4,26
1,7,22.0,211,1,18,4,6,91,4,26
1,6,29.0,335,2,4,4,2,2,3,16
1,6,29.0,335,2,10,4,7,62,3,16
1,7,22.0,211,1,14,4,1,105,4,26
1,6,29.0,335,2,9,4,12,61,3,16
1,3,4.0,285,0,5,4,8,9,0,30
1,3,4.0,285,0,13,4,14,24,0,30
1,3,4.0,285,0,12,4,13,36,3,30
1,3,4.0,285,0,18,4,1,105,4,30
1,3,4.0,285,0,11,4,7,78,3,30
1,10,4.0,356,0,1,4,12,61,3,30
1,10,30.0,157,6,9,4,9,49,3,19
1,10,31.0,135,3,17,4,8,19,3,20
1,10,31.0,135,3,17,4,16,50,3,20
1,9,26.0,267,6,9,4,1,35,3,3
1,9,26.0,267,6,1,4,6,89,3,3
1,9,26.0,267,6,12,4,3,79,3,3
1,7,1.0,98,1,14,4,2,40,3,7
1,7,1.0,98,1,16,4,6,7,3,7
1,7,1.0,98,1,5,4,14,24,1,7
1,7,1.0,98,1,19,4,1,11,0,7
1,7,1.0,98,1,18,4,16,130,3,7
1,7,1.0,98,1,13,4,9,95,3,7
1,7,1.0,98,1,12,4,7,57,3,7
1,7,1.0,98,1,23,4,1,105,3,7
1,7,1.0,98,1,17,4,8,9,3,7
1,7,1.0,98,1,17,4,14,106,1,7
1,7,1.0,98,1,5,4,9,87,3,7
1,7,1.0,98,1,22,4,9,57,0,7
1,7,1.0,98,1,14,4,13,29,1,7
1,7,7.0,293,0,2,4,16,72,3,11
1,7,7.0,293,0,5,4,14,32,0,11
1,7,7.0,293,0,11,4,6,7,3,11
1,7,7.0,293,0,1,4,14,25,4,11
1,7,7.0,293,0,14,4,8,9,3,11
1,7,7.0,293,0,4,4,13,28,0,11
1,7,7.0,293,0,14,4,16,37,3,11
1,7,7.0,293,0,1,4,9,63,4,11
1,7,7.0,293,0,2,4,13,38,3,11
1,7,7.0,293,0,13,4,2,69,3,11
1,7,7.0,293,0,20,4,14,25,3,11
1,7,7.0,293,0,3,4,2,92,3,11
1,7,10.0,329,4,19,4,7,78,3,4
1,9,8.0,90,1,18,4,5,64,3,8
1,7,27.0,53,3,12,4,8,27,0,15
1,6,29.0,335,2,18,4,7,62,3,16
1,8,1.0,66,4,9,4,9,87,3,7
1,5,30.0,294,0,13,4,5,6,3,19
1,1,21.0,45,3,9,4,9,49,3,21
1,9,8.0,90,1,2,4,1,35,3,8
1,9,24.0,272,4,9,4,7,111,3,14
1,1,21.0,45,3,20,4,10,47,3,21
1,6,29.0,335,2,6,4,8,118,4,16
1,1,19.0,29,5,1,4,9,95,4,10
1,5,30.0,294,0,20,4,6,7,2,19
1,5,26.0,37,4,1,4,2,40,4,3
1,9,8.0,90,1,1,4,6,7,3,8
1,9,24.0,272,4,11,4,13,48,3,14
1,7,21.0,81,0,5,4,14,25,3,21
1,6,29.0,335,2,11,4,15,51,3,16
1,7,21.0,81,0,2,4,11,94,3,21
1,7,21.0,81,0,11,4,13,48,3,21
1,6,29.0,335,2,9,4,14,25,3,16
1,3,29.0,325,5,4,4,1,16,3,16
1,3,29.0,325,5,6,4,7,120,2,16
1,3,29.0,325,5,18,4,5,6,3,16
1,3,29.0,325,5,12,4,16,72,3,16
1,3,29.0,325,5,3,4,0,53,3,16
1,11,5.0,240,2,3,4,9,93,4,24
1,3,30.0,304,6,18,4,9,27,3,19
1,3,30.0,304,6,19,4,8,27,3,19
1,3,30.0,304,6,19,4,8,27,3,19
1,3,30.0,304,6,1,4,9,54,4,19
1,11,4.0,275,1,11,4,6,7,0,30
1,3,30.0,304,6,18,4,1,1,3,19
1,5,12.0,327,4,6,4,7,8,4,28
1,5,12.0,327,4,20,4,9,87,3,28
1,5,12.0,327,4,19,4,12,61,3,28
1,5,12.0,327,4,20,4,9,87,2,28
1,11,4.0,275,1,17,4,8,19,3,30
1,5,12.0,327,4,23,4,9,87,3,28
1,5,12.0,327,4,12,4,9,93,3,28
1,5,12.0,327,4,11,4,1,81,3,28
1,5,12.0,327,4,13,4,6,7,3,28
1,10,11.0,298,0,17,4,16,65,3,9
1,10,11.0,298,0,23,4,1,105,3,9
1,10,11.0,298,0,17,4,10,43,3,9
1,10,11.0,298,0,23,4,12,135,3,9
1,10,28.0,216,4,12,4,16,39,3,18
1,10,28.0,216,4,23,4,16,37,2,18
1,5,10.0,155,1,13,4,10,52,0,4
1,5,12.0,327,4,17,4,9,101,4,28
1,5,12.0,327,4,15,4,0,68,3,28
1,11,4.0,275,1,3,4,16,72,3,30
1,5,12.0,327,4,19,4,14,25,0,28
1,5,12.0,327,4,3,4,11,129,3,28
1,11,4.0,275,1,13,4,7,111,2,30
1,5,13.0,184,5,22,4,9,10,3,25
1,5,13.0,184,5,13,4,12,104,3,25
1,5,13.0,184,5,11,4,10,23,3,25
1,5,13.0,184,5,2,4,10,22,3,25
1,5,13.0,184,5,5,4,2,69,3,25
1,5,13.0,184,5,18,4,9,87,4,25
1,5,13.0,184,5,4,4,6,91,4,25
1,5,13.0,184,5,2,4,6,7,3,25
1,5,14.0,36,6,4,4,6,7,3,5
1,5,14.0,36,6,11,4,8,118,3,5
1,5,21.0,351,6,14,4,6,7,0,21
1,5,21.0,351,6,20,4,9,93,3,21
1,5,21.0,351,6,19,4,8,41,0,21
1,10,10.0,245,3,9,4,14,131,4,4
1,7,9.0,273,2,1,4,9,109,4,12
1,10,10.0,245,3,18,4,7,129,4,4
1,10,10.0,245,3,14,4,6,128,3,4
1,7,9.0,273,2,12,4,8,19,4,12
1,10,10.0,245,3,11,4,8,41,3,4
1,10,17.0,256,3,17,4,8,27,0,6
1,10,17.0,256,3,1,4,6,89,3,6
1,10,17.0,256,3,20,4,6,7,3,6
1,10,27.0,302,2,19,4,15,31,3,15
1,10,27.0,302,2,17,4,6,91,4,15
1,10,27.0,302,2,19,4,9,95,3,15
1,10,27.0,302,2,14,4,14,32,4,15
1,10,27.0,302,2,18,4,16,50,3,15
1,10,27.0,302,2,5,4,9,87,3,15
1,10,27.0,302,2,9,4,12,80,4,15
1,5,10.0,155,1,19,4,6,7,3,4
1,5,10.0,155,1,2,4,8,27,3,4
1,5,10.0,155,1,9,4,6,7,3,4
1,5,10.0,155,1,14,4,8,27,3,4
1,5,10.0,155,1,13,4,9,95,3,4
1,5,10.0,155,1,11,4,10,22,3,4
1,1,12.0,353,5,11,4,9,95,2,28
1,5,19.0,146,4,21,4,6,7,4,10
1,1,12.0,353,5,9,4,2,35,4,28
1,1,12.0,353,5,23,4,12,80,3,28
1,1,12.0,353,5,1,4,6,91,4,28
1,5,19.0,146,4,6,4,3,79,3,10
1,1,12.0,353,5,1,4,6,128,4,28
1,1,19.0,29,5,23,4,2,35,3,10
1,1,22.0,164,0,8,4,13,99,3,26
1,8,1.0,66,4,4,4,6,7,0,7
1,9,24.0,272,4,22,4,16,108,0,14
1,1,19.0,29,5,12,4,13,38,3,10
1,1,22.0,164,0,22,4,16,65,3,26
1,6,5.0,342,3,9,4,6,7,0,24
1,8,1.0,66,4,18,4,9,95,4,7
1,1,19.0,29,5,2,4,15,114,3,10
1,6,9.0,236,4,23,4,9,87,3,12
1,9,8.0,90,1,19,4,4,82,3,8
1,1,22.0,164,0,6,4,14,24,4,26
1,6,5.0,342,3,1,4,4,82,3,24
1,8,1.0,66,4,13,4,13,69,3,7
1,1,19.0,29,5,4,4,5,12,3,10
1,9,24.0,272,4,4,4,3,115,3,14
1,6,18.0,308,6,18,4,2,71,4,0
1,9,10.0,156,4,14,4,6,7,3,4
1,6,18.0,308,6,19,4,2,40,4,0
1,6,18.0,308,6,13,4,8,9,3,0
1,6,18.0,308,6,5,4,5,6,1,0
1,9,10.0,156,4,11,4,12,80,3,4
1,6,26.0,348,3,6,4,1,35,4,3
1,6,26.0,348,3,0,4,8,118,4,3
1,6,26.0,348,3,23,4,6,7,3,3
1,6,26.0,348,3,18,4,14,88,4,3
1,6,26.0,348,3,14,4,13,38,0,3
1,6,26.0,348,3,4,4,7,137,4,3
1,6,26.0,348,3,18,4,4,138,4,3
1,6,26.0,348,3,13,4,8,118,3,3
1,6,26.0,348,3,4,4,6,116,3,3
1,6,26.0,348,3,13,4,0,15,0,3
1,9,10.0,156,4,23,4,8,27,3,4
1,9,10.0,156,4,23,4,6,7,4,4
1,6,28.0,309,1,19,4,14,24,3,18
1,6,28.0,309,1,22,4,8,19,3,18
1,6,28.0,309,1,13,4,10,47,3,18
1,6,28.0,309,1,12,4,10,47,3,18
1,6,28.0,309,1,5,4,3,30,3,18
1,6,28.0,309,1,8,4,7,20,3,18
1,9,2.0,323,2,2,4,14,131,1,22
1,10,3.0,310,3,15,4,1,35,3,27
1,9,2.0,323,2,17,4,14,88,4,22
1,10,3.0,310,3,6,4,14,97,3,27
1,5,1.0,109,3,17,4,9,87,4,7
1,11,27.0,322,4,23,4,6,7,3,15
1,11,27.0,322,4,4,4,9,27,3,15
1,11,27.0,322,4,19,4,6,7,3,15
1,10,3.0,310,3,3,4,6,7,2,27
1,5,1.0,109,3,20,4,12,135,2,7
1,5,9.0,206,0,17,4,1,35,4,12
1,5,9.0,206,0,22,4,12,80,3,12
1,11,26.0,364,2,0,4,0,12,3,3
1,5,10.0,155,1,15,4,13,28,0,4
1,10,8.0,213,5,16,4,2,35,4,8
1,6,13.0,317,0,19,4,14,25,3,25
1,6,14.0,173,1,12,4,10,47,3,5
1,9,19.0,234,6,6,4,16,72,0,10
1,9,23.0,167,2,11,4,15,31,3,17
1,9,23.0,167,2,6,4,6,89,3,17
1,6,14.0,173,1,2,4,10,43,0,5
1,6,14.0,173,1,5,4,1,67,3,5
1,9,23.0,167,2,15,4,14,97,3,17
1,6,22.0,185,2,3,4,6,7,3,26
1,6,22.0,185,2,9,4,6,89,3,26
1,6,22.0,185,2,13,4,6,128,3,26
1,9,28.0,315,0,15,4,14,24,0,18
1,7,5.0,204,6,23,4,14,110,4,24
1,6,22.0,185,2,3,4,10,23,3,26
1,6,23.0,84,4,18,4,2,2,4,17
1,7,5.0,204,6,22,4,13,28,0,24
1,6,23.0,84,4,0,4,1,16,4,17
1,7,5.0,204,6,9,4,1,35,4,24
1,7,5.0,204,6,9,4,8,9,1,24
1,7,5.0,204,6,19,4,6,7,3,24
1,6,23.0,84,4,14,4,16,50,3,17
1,11,25.0,88,1,21,4,16,37,3,13
1,11,25.0,88,1,4,4,5,12,3,13
1,11,25.0,88,1,8,4,6,89,3,13
1,11,25.0,88,1,22,4,5,6,3,13
1,10,8.0,213,5,13,4,9,57,0,8
1,10,9.0,150,6,14,4,9,95,3,12
1,10,9.0,150,6,18,4,8,41,3,12
1,10,9.0,150,6,0,4,12,61,0,12
1,10,9.0,150,6,1,4,7,8,3,12
1,10,9.0,150,6,2,4,1,35,4,12
1,10,9.0,150,6,18,4,9,83,4,12
1,10,11.0,298,0,23,4,9,87,3,9
1,10,11.0,298,0,10,4,8,19,3,9
1,7,5.0,204,6,20,4,6,7,3,24
1,7,5.0,204,6,14,4,2,3,3,24
1,7,20.0,266,3,18,4,8,9,4,29
1,7,20.0,266,3,8,4,12,61,3,29
1,6,24.0,31,5,1,4,0,26,3,14
1,6,24.0,31,5,10,4,0,26,3,14
1,6,24.0,31,5,9,4,15,51,3,14
1,6,24.0,31,5,17,4,6,7,3,14
1,6,24.0,31,5,23,4,14,25,2,14
1,9,9.0,320,2,12,4,4,82,3,12
1,6,5.0,342,3,17,4,1,35,4,24
1,1,5.0,219,5,4,4,13,28,3,24
1,1,19.0,29,5,19,4,16,130,3,10
1,8,1.0,66,4,23,4,8,19,4,7
1,9,9.0,320,2,8,4,12,135,3,12
1,6,7.0,169,1,20,4,6,7,3,11
1,1,5.0,219,5,23,4,6,7,3,24
1,7,16.0,40,2,13,4,6,89,4,2
1,9,9.0,320,2,9,4,13,36,3,12
1,8,1.0,66,4,7,4,10,22,3,7
1,6,7.0,169,1,14,4,8,33,3,11
1,1,5.0,219,5,22,4,13,38,3,24
1,1,19.0,29,5,14,4,1,1,4,10
1,6,8.0,59,2,6,4,10,23,1,8
1,5,26.0,37,4,17,4,14,25,3,3
1,1,5.0,219,5,1,4,14,25,3,24
1,1,19.0,29,5,12,4,9,102,3,10
1,8,1.0,66,4,17,4,6,128,3,7
1,8,1.0,66,4,5,4,1,11,4,7
1,5,26.0,37,4,17,4,11,124,4,3
1,5,26.0,37,4,14,4,12,56,3,3
1,5,26.0,37,4,18,4,12,80,4,3
1,5,26.0,37,4,6,4,16,50,4,3
1,8,3.0,363,6,1,4,9,54,4,27
1,8,3.0,363,6,2,4,6,7,3,27
1,8,3.0,363,6,9,4,9,54,4,27
1,5,26.0,37,4,15,4,12,100,3,3
1,1,3.0,188,2,17,4,8,65,1,27
1,1,3.0,188,2,1,4,14,107,3,27
1,1,3.0,188,2,17,4,13,28,3,27
1,1,3.0,188,2,6,4,4,75,4,27
1,1,3.0,188,2,9,4,6,89,3,27
1,1,3.0,188,2,9,4,1,105,3,27
1,1,3.0,188,2,14,4,11,124,3,27
1,1,3.0,188,2,18,4,12,121,3,27
1,1,3.0,188,2,13,4,10,22,3,27
1,1,3.0,188,2,5,4,8,9,3,27
1,1,3.0,188,2,17,4,8,19,0,27
1,1,17.0,63,2,5,4,7,137,4,6
1,1,17.0,63,2,16,4,13,38,3,6
1,1,17.0,63,2,9,4,8,33,4,6
1,1,17.0,63,2,4,4,12,56,3,6
1,1,17.0,63,2,5,4,9,93,0,6
1,1,17.0,63,2,1,4,9,109,4,6
1,1,19.0,29,5,17,4,10,47,3,10
1,1,19.0,29,5,18,4,9,93,4,10
1,1,19.0,29,5,14,4,8,33,3,10
1,6,4.0,159,6,18,4,3,30,4,30
1,6,4.0,159,6,6,4,16,37,4,30
1,6,4.0,159,6,19,4,9,102,4,30
1,6,4.0,159,6,2,4,8,19,0,30
1,6,4.0,159,6,15,4,4,4,1,30
1,6,4.0,159,6,18,4,9,87,4,30
1,6,4.0,159,6,0,4,11,94,3,30
1,6,4.0,159,6,18,4,9,87,2,30
1,6,4.0,159,6,23,4,6,7,2,30
1,6,4.0,159,6,17,4,14,106,3,30
1,6,4.0,159,6,12,4,16,50,3,30
1,6,6.0,83,0,3,4,7,57,3,23
1,6,6.0,83,0,9,4,12,61,3,23
1,6,6.0,83,0,16,4,15,46,4,23
1,6,6.0,83,0,1,4,2,2,3,23
1,6,6.0,83,0,13,4,6,7,3,23
1,6,6.0,83,0,18,4,2,2,3,23
1,6,13.0,317,0,12,4,4,4,3,25
1,6,13.0,317,0,19,4,0,85,3,25
1,6,13.0,317,0,4,4,10,22,3,25
1,5,27.0,328,5,23,4,12,135,3,15
1,5,27.0,328,5,21,4,9,10,4,15
1,5,27.0,328,5,11,4,8,19,3,15
1,8,3.0,363,6,18,4,9,87,4,27
1,5,27.0,328,5,9,4,14,126,3,15
1,5,27.0,328,5,5,4,11,90,3,15
1,5,28.0,259,6,20,4,9,87,3,18
1,5,28.0,259,6,1,4,6,7,3,18
1,5,28.0,259,6,17,4,8,65,3,18
1,5,1.0,109,3,20,4,14,24,1,7
1,5,1.0,109,3,17,4,16,65,4,7
1,6,1.0,158,2,13,4,2,40,3,7
1,6,1.0,158,2,23,4,13,29,3,7
1,6,1.0,158,2,17,4,0,12,3,7
1,6,1.0,158,2,18,4,12,80,4,7
1,6,1.0,158,2,16,4,10,23,3,7
1,6,8.0,59,2,9,4,9,10,3,8
1,6,8.0,59,2,20,4,13,48,3,8
1,4,18.0,26,1,22,4,2,86,3,0
1,4,18.0,26,1,18,4,0,12,3,0
1,11,24.0,194,0,19,4,13,28,0,14
1,9,7.0,271,0,2,4,10,23,3,11
1,9,7.0,271,0,5,4,2,71,3,11
1,9,7.0,271,0,17,4,2,35,4,11
1,9,7.0,271,0,11,4,9,95,4,11
1,9,7.0,271,0,15,4,10,47,3,11
1,9,7.0,271,0,19,4,6,7,0,11
1,7,16.0,40,2,7,4,0,64,3,2
1,6,7.0,169,1,8,4,9,134,2,11
1,6,9.0,236,4,14,4,0,85,3,12
1,1,5.0,219,5,20,4,9,87,3,24
1,1,19.0,29,5,13,4,8,27,3,10
1,6,9.0,236,4,12,4,8,27,3,12
1,6,7.0,169,1,20,4,0,15,3,11
1,1,19.0,29,5,3,4,13,38,3,10
1,6,9.0,236,4,18,4,2,2,3,12
1,6,12.0,162,3,8,4,13,123,3,28
1,1,5.0,219,5,20,4,2,86,3,24
1,1,19.0,29,5,20,4,6,7,3,10
1,6,9.0,236,4,2,4,13,28,3,12
1,6,12.0,162,3,15,4,8,9,3,28
1,1,5.0,219,5,12,4,10,23,3,24
1,1,19.0,29,5,19,4,14,106,3,10
1,6,9.0,236,4,17,4,10,12,3,12
1,6,15.0,49,2,13,4,10,23,3,1
1,1,5.0,219,5,1,4,13,48,3,24
1,4,18.0,26,1,12,4,14,107,4,0
1,6,15.0,49,2,4,4,9,63,3,1
1,1,13.0,207,6,14,4,8,27,3,25
1,7,16.0,40,2,10,4,14,110,0,2
1,1,19.0,29,5,13,4,13,48,0,10
1,1,19.0,29,5,1,4,13,48,3,10
1,1,26.0,248,5,13,4,16,50,0,3
1,1,26.0,248,5,10,4,12,17,3,3
1,7,16.0,40,2,16,4,8,41,4,2
1,5,31.0,196,1,12,4,0,31,0,20
1,5,31.0,196,1,12,4,6,7,3,20
1,11,21.0,192,5,10,4,16,72,3,21
1,6,30.0,145,4,17,4,6,7,3,19
1,6,30.0,145,4,18,4,14,25,3,19
1,6,30.0,145,4,4,4,1,105,3,19
1,6,30.0,145,4,6,4,13,29,4,19
1,6,30.0,145,4,19,4,3,103,3,19
1,6,30.0,145,4,21,4,9,93,3,19
1,6,30.0,145,4,0,4,1,35,2,19
1,6,30.0,145,4,14,4,9,95,4,19
1,6,30.0,145,4,3,4,10,47,3,19
1,6,30.0,145,4,9,4,14,125,3,19
1,6,30.0,145,4,12,4,9,57,3,19
1,6,30.0,145,4,11,4,16,37,0,19
1,10,5.0,336,1,15,4,9,95,3,24
1,10,5.0,336,1,3,4,16,108,0,24
1,10,5.0,336,1,2,4,9,57,3,24
1,10,5.0,336,1,20,4,9,9,2,24
1,10,5.0,336,1,22,4,6,7,3,24
1,10,5.0,336,1,5,4,2,69,4,24
1,7,27.0,53,3,14,4,1,59,4,15
1,7,27.0,53,3,9,4,9,87,4,15
1,7,27.0,53,3,7,4,6,7,0,15
1,3,7.0,289,4,6,4,1,11,3,11
1,3,7.0,289,4,9,4,9,93,3,11
1,3,7.0,289,4,14,4,6,128,3,11
1,3,7.0,289,4,1,4,11,15,3,11
1,3,7.0,289,4,22,4,2,69,2,11
1,3,7.0,289,4,3,4,16,39,0,11
1,3,7.0,289,4,20,4,13,48,3,11
1,3,9.0,44,6,19,4,9,101,3,12
1,3,9.0,44,6,12,4,6,128,3,12
1,3,9.0,44,6,20,4,7,31,3,12
1,3,9.0,44,6,5,4,11,55,3,12
1,3,9.0,44,6,13,4,6,91,3,12
1,3,9.0,44,6,1,4,7,20,3,12
1,3,9.0,44,6,9,4,2,2,3,12
1,3,9.0,44,6,6,4,0,15,4,12
1,3,9.0,44,6,9,4,10,47,3,12
1,3,9.0,44,6,14,4,6,7,3,12
1,2,18.0,7,5,9,4,8,27,3,0
1,2,18.0,7,5,8,4,12,80,3,0
1,2,20.0,264,3,2,4,3,76,3,29
1,1,9.0,50,1,19,4,4,70,3,12
1,2,20.0,264,3,6,4,4,82,3,29
1,2,20.0,264,3,20,4,6,73,3,29
1,1,9.0,50,1,9,4,5,12,0,12
1,1,9.0,50,1,12,4,3,103,3,12
1,2,20.0,264,3,3,4,15,46,3,29
1,1,9.0,50,1,17,4,1,35,0,12
1,2,20.0,264,3,17,4,16,72,0,29
1,1,9.0,50,1,8,4,9,9,3,12
1,2,20.0,264,3,20,4,14,126,4,29
1,1,10.0,17,2,13,4,9,95,3,4
1,1,10.0,17,2,3,4,13,38,3,4
1,5,10.0,155,1,11,4,13,48,0,4
1,1,10.0,17,2,9,4,13,48,3,4
1,1,10.0,17,2,17,4,4,70,3,4
1,1,12.0,353,5,17,4,13,28,4,28
1,1,12.0,353,5,13,4,9,54,4,28
1,1,12.0,353,5,3,4,6,7,3,28
1,10,5.0,336,1,0,4,14,25,3,24
1,10,5.0,336,1,19,4,13,48,3,24
1,10,6.0,242,2,14,4,3,76,3,23
1,10,6.0,242,2,14,4,11,117,3,23
1,11,21.0,192,5,8,4,4,75,3,21
1,10,6.0,242,2,9,4,6,128,4,23
1,4,18.0,26,1,22,4,2,71,2,0
1,1,13.0,207,6,20,4,13,38,2,25
1,6,15.0,49,2,9,4,2,71,4,1
1,4,20.0,115,4,19,4,7,57,3,29
1,3,6.0,303,2,22,4,12,56,3,23
1,6,15.0,49,2,18,4,6,128,3,1
1,4,20.0,115,4,11,4,6,7,3,29
1,6,21.0,193,1,11,4,6,7,3,21
1,6,21.0,193,1,1,4,1,11,3,21
1,6,21.0,193,1,9,4,1,1,3,21
1,6,21.0,193,1,1,4,9,9,3,21
1,6,21.0,193,1,18,4,13,48,0,21
1,6,21.0,193,1,15,4,9,95,2,21
1,6,21.0,193,1,5,4,14,25,3,21
1,6,21.0,193,1,1,4,6,89,3,21
1,10,7.0,243,4,6,4,12,80,3,11
1,10,7.0,243,4,17,4,13,29,4,11
1,10,7.0,243,4,12,4,1,105,3,11
1,10,7.0,243,4,12,4,2,71,3,11
1,10,7.0,243,4,17,4,0,12,3,11
1,10,7.0,243,4,19,4,9,49,3,11
1,10,13.0,346,2,14,4,12,104,3,25
1,10,13.0,346,2,9,4,11,10,4,25
1,10,13.0,346,2,18,4,9,54,4,25
1,10,13.0,346,2,18,4,14,25,3,25
1,10,23.0,247,6,3,4,8,27,3,17
1,3,12.0,104,1,4,4,1,35,4,28
1,3,12.0,104,1,19,4,6,7,0,28
1,3,12.0,104,1,19,4,2,92,3,28
1,3,12.0,104,1,0,4,6,7,3,28
1,3,12.0,104,1,23,4,13,48,3,28
1,3,15.0,35,5,2,4,2,123,3,1
1,3,15.0,35,5,20,4,9,87,3,1
1,3,15.0,35,5,9,4,14,126,4,1
1,3,15.0,35,5,20,4,6,89,3,1
1,3,15.0,35,5,22,4,6,89,3,1
1,3,15.0,35,5,14,4,1,35,4,1
1,3,21.0,338,4,2,4,14,24,3,21
1,3,21.0,338,4,15,4,9,57,3,21
1,10,23.0,247,6,18,4,2,40,4,17
1,10,23.0,247,6,17,4,11,124,3,17
1,10,23.0,247,6,9,4,0,64,3,17
1,10,23.0,247,6,3,4,12,56,3,17
1,10,23.0,247,6,18,4,2,35,4,17
1,10,23.0,247,6,9,4,6,128,4,17
1,10,24.0,261,3,17,4,8,65,4,14
1,10,24.0,261,3,4,4,8,27,0,14
1,10,24.0,261,3,18,4,1,11,3,14
1,1,6.0,97,6,18,4,6,89,4,23
1,1,6.0,97,6,14,4,6,91,4,23
1,7,22.0,211,1,0,4,16,130,3,26
1,6,29.0,335,2,17,4,6,7,3,16
1,6,29.0,335,2,2,4,9,134,4,16
1,10,4.0,356,0,5,4,9,93,3,30
1,10,4.0,356,0,21,4,4,75,2,30
1,10,4.0,356,0,22,4,0,26,1,30
1,10,4.0,356,0,19,4,1,105,0,30
1,10,4.0,356,0,17,4,4,82,3,30
1,3,4.0,285,0,1,4,9,27,3,30
1,10,4.0,356,0,14,4,8,19,3,30
1,10,4.0,356,0,9,4,8,19,4,30
1,10,4.0,356,0,9,4,9,63,4,30
1,10,12.0,333,1,5,4,9,93,3,28
1,10,12.0,333,1,14,4,16,50,3,28
1,10,12.0,333,1,1,4,6,7,3,28
1,10,12.0,333,1,9,4,9,49,3,28
1,10,12.0,333,1,13,4,8,118,4,28
1,10,30.0,157,6,8,4,15,85,0,19
1,10,27.0,302,2,3,4,6,89,3,15
1,10,27.0,302,2,9,4,8,27,1,15
1,4,20.0,115,4,1,4,2,69,3,29
1,3,14.0,33,4,0,4,9,63,4,5
1,4,20.0,115,4,4,4,9,57,3,29
1,4,20.0,115,4,12,4,8,27,3,29
1,3,14.0,33,4,2,4,1,81,4,5
1,3,14.0,33,4,4,4,9,49,3,5
1,6,9.0,236,4,16,4,16,65,4,12
1,3,14.0,33,4,9,4,14,88,2,5
1,4,20.0,115,4,9,4,6,116,4,29
1,3,20.0,105,2,0,4,8,19,3,29
1,6,9.0,236,4,9,4,9,87,4,12
1,4,20.0,115,4,19,4,8,27,1,29
1,4,20.0,115,4,12,4,9,134,2,29
1,4,20.0,115,4,9,4,2,71,4,29
1,4,20.0,115,4,19,4,2,71,4,29
1,6,10.0,149,5,2,4,8,19,3,4
1,6,18.0,308,6,9,4,12,100,3,0
1,6,18.0,308,6,15,4,0,53,3,0
1,6,28.0,309,1,23,4,14,25,0,18
1,6,28.0,309,1,12,4,8,27,3,18
1,10,3.0,310,3,23,4,9,87,4,27
1,10,3.0,310,3,17,4,0,85,4,27
1,10,3.0,310,3,5,4,13,69,4,27
1,10,3.0,310,3,12,4,6,128,3,27
1,10,3.0,310,3,4,4,12,17,4,27
1,10,3.0,310,3,4,4,8,19,0,27
1,10,3.0,310,3,9,4,16,50,3,27
1,10,3.0,310,3,18,4,2,40,2,27
1,10,8.0,213,5,19,4,9,101,4,8
1,10,8.0,213,5,2,4,14,97,3,8
1,10,8.0,213,5,18,4,9,101,4,8
1,2,4.0,254,5,22,4,9,27,3,30
1,10,8.0,213,5,19,4,13,48,3,8
1,10,8.0,213,5,20,4,8,19,3,8
1,10,8.0,213,5,1,4,16,130,3,8
1,10,8.0,213,5,4,4,8,27,3,8
1,3,21.0,338,4,19,4,15,51,3,21
1,3,21.0,338,4,20,4,8,33,3,21
1,3,21.0,338,4,18,4,1,105,4,21
1,3,21.0,338,4,17,4,10,52,3,21
1,3,21.0,338,4,8,4,6,7,3,21
1,3,21.0,338,4,3,4,1,1,3,21
1,3,21.0,338,4,9,4,9,54,3,21
1,3,21.0,338,4,18,4,2,3,4,21
1,3,21.0,338,4,22,4,3,44,3,21
1,5,4.0,114,2,4,4,14,107,3,30
1,5,4.0,114,2,2,4,14,34,3,30
1,5,4.0,114,2,9,4,9,87,3,30
1,5,4.0,114,2,17,4,14,125,4,30
1,5,4.0,114,2,14,4,6,116,1,30
1,5,4.0,114,2,0,4,13,29,4,30
1,5,4.0,114,2,13,4,6,7,3,30
1,5,6.0,277,5,20,4,6,7,3,23
1,5,6.0,277,5,4,4,16,50,3,23
1,5,6.0,277,5,13,4,6,128,3,23
1,5,6.0,277,5,11,4,6,7,0,23
1,9,9.0,320,2,2,4,0,85,3,12
1,9,18.0,359,5,9,4,6,132,4,0
1,9,18.0,359,5,9,4,16,72,3,0
1,9,18.0,359,5,5,4,11,15,3,0
1,9,18.0,359,5,1,4,14,106,4,0
1,9,18.0,359,5,13,4,6,7,0,0
1,9,18.0,359,5,19,4,12,80,3,0
1,9,18.0,359,5,14,4,0,31,3,0
1,9,18.0,359,5,8,4,12,80,3,0
1,9,18.0,359,5,1,4,13,48,3,0
1,9,18.0,359,5,9,4,10,22,3,0
1,9,26.0,267,6,9,4,1,105,4,3
1,9,26.0,267,6,19,4,6,116,1,3
1,9,26.0,267,6,1,4,9,49,3,3
1,9,26.0,267,6,8,4,8,27,4,3
1,9,26.0,267,6,6,4,14,32,3,3
1,3,22.0,166,5,19,4,2,123,3,26
1,3,22.0,166,5,9,4,12,61,4,26
1,3,22.0,166,5,4,4,6,128,4,26
1,3,22.0,166,5,5,4,13,28,3,26
1,3,22.0,166,5,6,4,4,4,3,26
1,3,22.0,166,5,23,4,6,7,3,26
1,3,28.0,187,4,15,4,14,25,3,18
1,3,28.0,187,4,23,4,7,20,4,18
1,3,28.0,187,4,9,4,1,11,3,18
1,3,28.0,187,4,23,4,6,7,2,18
1,5,5.0,96,4,1,4,2,69,3,24
1,5,5.0,96,4,18,4,14,125,4,24
1,5,5.0,96,4,9,4,15,96,3,24
1,5,5.0,96,4,22,4,2,13,3,24
1,5,5.0,96,4,18,4,14,125,4,24
1,5,5.0,96,4,6,4,12,135,1,24
1,5,15.0,200,3,8,4,5,12,3,1
1,5,15.0,200,3,23,4,9,87,3,1
1,5,15.0,200,3,13,4,16,50,2,1
1,5,15.0,200,3,14,4,9,101,3,1
1,5,15.0,200,3,2,4,11,55,3,1
1,5,15.0,200,3,19,4,14,25,3,1
1,5,29.0,24,3,18,4,0,85,3,16
1,5,29.0,24,3,13,4,6,7,3,16
1,5,29.0,24,3,10,4,1,105,3,16
1,6,4.0,159,6,20,4,2,35,2,30
1,1,24.0,64,2,4,4,2,3,3,14
1,1,24.0,64,2,18,4,14,125,4,14
1,11,9.0,311,3,17,4,1,35,4,12
1,11,9.0,311,3,2,4,12,61,3,12
1,11,9.0,311,3,19,4,0,53,3,12
1,11,9.0,311,3,13,4,13,29,3,12
1,11,9.0,311,3,12,4,8,9,1,12
1,11,9.0,311,3,5,4,13,13,3,12
1,11,16.0,225,3,4,4,15,46,4,2
1,11,16.0,225,3,3,4,8,27,1,2
1,11,16.0,225,3,3,4,0,68,3,2
1,11,16.0,225,3,12,4,9,95,3,2
1,11,16.0,225,3,15,4,14,25,0,2
1,11,16.0,225,3,2,4,15,108,1,2
1,11,16.0,225,3,15,4,14,32,0,2
1,11,16.0,225,3,5,4,12,80,3,2
1,11,16.0,225,3,22,4,13,21,3,2
1,11,16.0,225,3,20,4,16,50,1,2
1,11,16.0,225,3,1,4,2,2,3,2
1,11,16.0,225,3,9,4,11,58,4,2
1,11,18.0,332,1,15,4,13,123,3,0
1,11,18.0,332,1,11,4,13,69,3,0
1,11,18.0,332,1,4,4,4,4,4,0
1,11,18.0,332,1,18,4,2,13,3,0
1,11,18.0,332,1,20,4,9,9,2,0
1,11,18.0,332,1,7,4,1,59,3,0
1,11,18.0,332,1,1,4,8,41,4,0
1,11,18.0,332,1,12,4,8,9,3,0
1,11,18.0,332,1,14,4,6,7,0,0
1,11,23.0,232,3,12,4,6,7,4,17
1,11,23.0,232,3,14,4,15,51,3,17
1,11,23.0,232,3,5,4,4,4,3,17
1,11,23.0,232,3,15,4,2,86,0,17
1,11,23.0,232,3,18,4,0,68,3,17
1,11,24.0,194,0,6,4,1,16,4,14
1,11,24.0,194,0,19,4,7,111,0,14
1,11,24.0,194,0,18,4,8,9,4,14
1,11,24.0,194,0,3,4,12,56,3,14
1,11,24.0,194,0,1,4,16,108,3,14
2,1,18.0,29,3,6,0,10,47,3,0
2,1,23.0,64,5,14,0,10,22,3,17
2,1,18.0,29,3,3,0,15,114,3,0
2,1,23.0,64,5,18,2,14,24,3,17
2,1,18.0,29,3,11,1,0,0,1,0
2,1,24.0,65,6,1,0,1,11,4,14
2,8,18.0,280,2,0,0,2,13,4,0
2,1,24.0,65,6,18,0,10,43,1,14
2,8,20.0,46,5,9,0,4,82,3,29
2,8,7.0,76,6,4,0,6,89,4,11
2,4,10.0,121,4,17,0,16,108,1,4
2,4,15.0,25,1,3,0,15,46,3,1
2,4,17.0,26,4,14,2,14,126,0,6
2,4,13.0,345,3,3,0,10,12,0,25
2,4,15.0,25,1,15,0,12,56,2,1
2,4,19.0,115,6,11,1,12,61,1,10
2,0,21.0,241,6,9,1,0,77,0,21
3,11,5.0,240,3,23,0,0,77,1,24
2,10,16.0,256,1,6,0,16,50,2,2
2,1,23.0,64,5,5,0,10,22,2,17
2,3,5.0,303,5,19,0,13,13,1,24
2,5,13.0,36,0,22,0,1,1,4,25
2,0,20.0,287,5,12,1,13,28,1,29
2,4,17.0,26,4,19,0,2,92,1,6
2,4,19.0,115,6,3,2,2,3,0,10
2,1,4.0,219,3,8,1,3,103,4,30
2,4,19.0,115,6,12,0,12,84,3,10
3,7,16.0,40,3,14,1,9,58,4,2
2,10,21.0,314,3,17,1,1,67,0,21
2,3,5.0,303,5,1,1,12,83,4,24
2,2,17.0,7,3,14,0,8,41,3,6
2,4,17.0,26,4,19,0,8,41,3,6
2,5,14.0,200,1,22,0,9,9,3,5
3,9,21.0,362,5,18,2,16,50,1,21
3,11,22.0,250,2,11,1,1,105,2,26
2,10,11.0,333,4,15,1,9,63,1,9
2,5,11.0,327,6,19,2,10,52,1,9
2,2,27.0,257,2,13,0,13,38,2,15
3,7,24.0,68,0,6,0,10,12,1,14
2,10,23.0,261,1,13,0,16,37,1,17
2,3,6.0,289,6,19,0,3,115,1,23
2,5,29.0,294,2,16,2,0,77,3,16
2,2,15.0,220,5,8,0,9,57,2,1
2,5,29.0,294,2,21,2,10,47,3,16
3,9,14.0,106,5,0,1,16,37,4,5
2,2,23.0,22,6,2,0,11,18,1,17
3,9,14.0,106,5,15,0,9,57,4,5
0,0,18.0,0,0,12,1,6,7,1,0
2,2,27.0,257,2,8,0,0,77,2,15
2,3,5.0,303,5,11,0,16,113,2,24
3,3,7.0,289,0,1,0,13,21,3,11
3,1,4.0,286,0,19,1,6,7,0,30
2,10,23.0,261,1,4,1,6,7,2,17
2,2,6.0,153,2,6,0,0,77,0,23
2,5,29.0,294,2,5,0,11,90,0,16
2,2,6.0,153,2,4,0,11,94,0,23
2,2,23.0,22,6,8,0,12,17,3,17
2,2,17.0,7,3,2,2,6,132,4,6
2,9,9.0,320,5,2,1,14,107,4,12
2,3,12.0,210,5,23,1,15,51,4,28
2,2,16.0,6,6,15,2,2,2,2,2
3,3,7.0,289,0,1,2,9,93,3,11
2,1,14.0,1,2,3,0,10,52,1,5
2,1,23.0,64,5,1,0,5,12,3,17
2,5,29.0,294,2,1,0,5,64,3,16
2,2,15.0,220,5,13,0,0,31,4,1
2,5,30.0,196,4,22,0,3,70,0,19
2,2,23.0,22,6,19,1,13,99,4,17
2,2,17.0,7,3,19,1,11,133,1,6
2,9,27.0,179,1,9,0,13,36,3,15
3,3,15.0,35,1,8,0,9,95,3,1
2,3,12.0,210,5,17,0,4,5,4,28
2,2,16.0,6,6,4,2,16,37,1,2
2,1,23.0,64,5,9,0,0,26,3,17
2,8,5.0,87,4,8,0,12,61,3,24
2,2,15.0,220,5,2,2,10,47,3,1
2,5,30.0,196,4,0,1,0,64,1,19
2,6,4.0,342,1,2,0,2,86,4,30
2,6,6.0,169,4,6,0,13,61,3,23
2,6,6.0,169,4,7,1,1,105,0,23
2,6,6.0,169,4,10,2,8,9,0,23
2,6,6.0,169,4,15,0,6,128,3,23
2,6,6.0,169,4,8,3,6,128,4,23
2,5,27.0,259,0,2,3,8,41,4,15
2,6,9.0,149,3,17,1,10,22,2,12
2,1,4.0,219,3,14,1,5,6,0,30
2,5,11.0,327,6,15,2,8,33,2,9
2,9,1.0,126,4,17,0,6,7,2,7
2,6,18.0,291,1,18,1,11,15,1,0
2,5,22.0,168,2,16,0,15,46,3,26
2,5,22.0,168,2,13,1,3,103,0,26
2,5,24.0,350,5,13,2,12,84,3,14
2,5,31.0,158,5,8,0,12,56,3,20
2,5,31.0,158,5,14,0,7,78,2,20
2,6,16.0,244,3,13,0,5,6,0,2
2,6,16.0,244,3,1,0,5,6,3,2
2,10,5.0,242,5,17,0,15,114,2,24
2,10,5.0,242,5,5,0,9,109,2,24
2,10,5.0,242,5,5,1,11,133,1,24
2,10,14.0,60,3,17,0,5,12,1,5
2,9,3.0,217,6,23,1,0,15,1,27
2,10,14.0,60,3,8,0,0,53,3,5
2,1,7.0,62,2,4,0,16,37,3,11
2,1,8.0,50,4,12,0,9,87,1,8
2,1,8.0,50,4,20,1,15,114,1,8
2,1,13.0,183,1,18,0,10,43,1,25
2,1,16.0,63,5,0,0,10,47,0,2
2,7,18.0,330,0,15,0,6,7,2,0
2,7,25.0,316,0,23,0,15,51,3,13
2,7,25.0,316,0,13,2,6,73,0,13
2,3,1.0,120,0,20,0,7,20,1,7
2,3,1.0,120,0,9,0,13,21,1,7
2,3,2.0,182,1,16,0,16,50,0,22
2,3,1.0,120,0,14,0,10,22,1,7
2,3,1.0,120,0,4,1,9,93,0,7
2,3,8.0,44,0,21,1,7,122,0,8
2,3,8.0,44,0,20,1,6,7,4,8
2,5,9.0,155,4,10,1,7,62,4,12
2,6,11.0,162,1,17,0,10,22,1,9
2,3,10.0,337,2,8,1,11,15,0,4
2,3,10.0,337,2,9,1,9,10,0,4
2,3,11.0,104,4,11,1,1,105,4,9
2,3,11.0,104,4,19,2,13,29,3,9
2,3,17.0,165,2,22,0,9,93,0,6
2,3,20.0,338,6,17,2,3,30,3,29
2,3,20.0,338,6,8,0,2,71,4,29
2,3,20.0,338,6,11,1,10,52,4,29
2,5,11.0,327,6,18,0,1,35,3,9
2,5,11.0,327,6,8,0,10,43,2,9
2,5,11.0,327,6,14,1,8,9,4,9
3,7,4.0,186,1,2,1,0,77,1,30
3,7,4.0,186,1,16,1,2,2,0,30
2,1,5.0,97,0,19,0,13,99,0,24
2,6,6.0,169,4,8,0,2,13,0,23
2,6,6.0,169,4,3,1,11,124,4,23
2,6,6.0,169,4,1,0,12,61,1,23
2,6,8.0,236,6,17,1,11,124,0,8
2,6,8.0,236,6,11,1,3,44,4,8
2,6,6.0,169,4,11,3,8,41,4,23
2,6,22.0,84,6,21,1,11,133,4,26
2,6,23.0,31,3,16,0,0,77,4,17
2,6,23.0,31,3,20,0,1,59,1,17
2,6,23.0,31,3,20,1,6,7,4,17
2,10,6.0,243,6,4,0,16,108,3,23
2,10,16.0,256,1,6,1,8,33,1,2
2,10,21.0,314,3,22,0,5,6,2,21
2,10,21.0,314,3,14,0,7,57,0,21
2,10,23.0,261,1,13,0,4,75,1,17
2,10,23.0,261,1,12,0,3,79,1,17
2,1,5.0,97,0,18,0,2,40,3,24
2,1,14.0,1,2,16,1,13,123,0,5
2,1,14.0,1,2,12,0,2,13,3,5
2,1,14.0,1,2,2,0,9,101,1,5
2,1,15.0,2,4,15,0,14,126,1,1
2,1,16.0,63,5,3,2,1,59,3,2
2,7,1.0,160,5,5,1,11,133,4,7
2,2,17.0,7,3,4,1,9,83,4,6
3,5,18.0,195,3,8,2,4,82,3,0
2,3,13.0,33,6,13,1,12,100,4,25
2,2,25.0,3,0,6,0,9,9,1,13
3,6,1.0,158,3,4,0,2,86,1,7
2,2,26.0,136,1,7,0,10,47,1,3
2,11,21.0,192,3,14,1,3,79,0,21
2,6,3.0,159,0,22,1,4,127,4,27
2,2,25.0,3,0,8,2,1,105,0,13
2,3,13.0,33,6,4,0,1,59,2,25
2,8,16.0,74,0,19,0,8,27,2,2
2,4,12.0,221,6,9,2,2,86,3,28
2,8,7.0,76,6,1,0,9,134,1,11
2,0,8.0,48,3,17,2,6,7,2,8
2,3,9.0,4,1,13,1,0,26,0,12
2,7,30.0,43,6,22,1,7,62,2,19
3,5,9.0,206,5,11,2,2,86,3,12
2,2,25.0,3,0,2,2,2,13,0,13
2,6,8.0,236,6,19,0,2,60,3,8
2,4,18.0,142,5,23,1,4,45,1,0
2,8,14.0,72,6,10,0,9,63,2,5
2,0,8.0,48,3,0,1,6,128,0,8
2,0,1.0,47,3,4,2,11,117,0,7
2,3,26.0,361,5,3,3,13,48,0,3
2,11,14.0,147,3,6,0,8,118,1,5
3,1,26.0,248,1,11,0,8,27,3,3
2,2,25.0,3,0,4,1,6,128,4,13
2,6,8.0,236,6,9,0,11,15,4,8
2,11,1.0,222,0,13,0,3,70,4,7
2,0,21.0,241,6,11,0,4,45,4,21
3,3,20.0,105,3,17,1,7,31,0,29
3,8,29.0,301,0,8,0,8,65,3,16
3,9,6.0,51,4,17,1,9,27,0,23
2,1,25.0,248,3,8,0,8,33,4,13
2,1,25.0,248,3,8,0,0,85,0,13
2,1,25.0,248,3,11,0,6,128,3,13
2,8,5.0,87,4,7,1,11,15,4,24
2,8,5.0,87,4,14,0,11,117,3,24
2,8,5.0,87,4,18,1,2,71,4,24
2,8,6.0,70,5,13,0,8,41,2,23
2,8,15.0,73,3,15,0,16,37,3,1
2,8,16.0,74,0,4,0,1,1,0,2
2,4,8.0,18,1,21,1,9,27,0,8
2,4,9.0,79,2,16,2,13,38,3,12
2,4,8.0,18,1,2,1,10,47,0,8
2,4,9.0,79,2,19,2,9,54,3,12
2,4,25.0,80,5,15,0,13,48,1,13
2,4,31.0,16,4,9,1,6,7,4,20
2,2,24.0,233,3,19,1,7,137,4,14
2,2,26.0,136,1,8,2,0,0,3,3
2,0,9.0,129,0,22,0,11,15,3,12
2,0,1.0,47,3,11,0,13,28,2,7
3,9,20.0,119,4,22,0,14,25,3,29
3,9,27.0,179,4,6,1,14,32,4,15
3,9,27.0,179,4,12,2,2,69,0,15
3,9,28.0,315,5,16,2,10,47,3,18
3,9,28.0,315,5,1,1,1,105,4,18
3,9,28.0,315,5,3,0,9,57,2,18
3,9,27.0,179,4,3,0,7,62,2,15
3,7,5.0,204,2,16,0,9,93,0,24
3,7,5.0,204,2,23,0,1,16,4,24
3,7,11.0,197,1,17,1,8,27,4,9
2,6,19.0,215,2,10,0,10,47,3,10
2,6,19.0,215,2,19,0,10,22,3,10
2,1,18.0,29,3,18,0,12,135,1,0
3,7,5.0,204,2,18,0,0,85,3,24
2,8,21.0,354,6,13,0,0,68,2,21
3,3,11.0,337,5,2,0,6,116,1,9
2,6,25.0,348,1,7,1,9,10,4,13
2,6,27.0,309,4,6,0,7,8,0,15
2,6,28.0,335,5,18,0,13,29,1,18
2,10,29.0,157,0,16,0,0,77,1,16
2,1,18.0,29,3,16,0,1,35,4,0
2,1,18.0,29,3,2,0,10,47,0,0
3,7,30.0,42,3,22,1,12,80,4,19
3,3,22.0,166,1,9,1,7,122,2,26
3,6,26.0,348,4,1,0,7,137,4,3
3,10,16.0,201,2,16,0,13,21,1,2
3,7,24.0,68,0,16,0,10,12,3,14
3,7,24.0,68,0,13,1,14,25,1,14
3,7,24.0,68,0,13,1,7,20,4,14
3,3,8.0,148,1,1,0,5,47,3,8
3,3,15.0,35,1,0,1,13,13,0,1
3,5,7.0,349,2,16,0,8,27,3,11
3,5,16.0,239,5,11,1,14,97,4,2
3,5,16.0,239,5,13,0,14,25,3,2
3,6,25.0,39,2,14,2,2,86,0,13
3,6,26.0,348,4,21,1,13,21,1,3
3,10,8.0,213,1,2,0,11,55,3,8
3,1,8.0,62,5,21,1,2,2,0,8
3,1,10.0,17,3,10,2,3,30,3,4
3,1,25.0,65,0,7,0,6,14,0,13
2,2,25.0,3,0,19,0,6,128,1,13
3,7,16.0,40,3,9,1,2,35,0,2
3,3,16.0,263,2,14,1,10,22,0,2
3,3,15.0,35,1,6,1,10,22,2,1
2,0,14.0,190,6,22,0,2,2,0,5
3,9,16.0,107,3,9,1,10,47,2,2
2,5,29.0,294,2,11,0,10,52,1,16
2,5,29.0,294,2,9,0,2,13,1,16
2,5,30.0,196,4,9,0,15,96,0,19
2,6,6.0,169,4,13,2,11,117,1,23
2,6,6.0,169,4,19,0,6,7,2,23
2,6,6.0,169,4,22,1,6,128,1,23
2,6,14.0,49,5,20,1,10,12,0,5
2,6,14.0,49,5,13,0,4,127,1,5
2,5,7.0,199,1,3,3,1,16,0,11
2,6,14.0,49,5,19,0,0,77,1,5
2,6,23.0,31,3,13,1,1,59,4,17
2,6,23.0,31,3,1,0,5,12,3,17
2,6,22.0,84,6,12,0,3,44,3,26
2,6,24.0,39,0,23,0,2,123,1,14
2,6,1.0,352,6,13,0,2,13,1,7
2,4,15.0,25,1,0,1,0,64,0,1
2,0,1.0,47,3,9,0,2,71,2,7
2,11,28.0,123,3,1,3,3,30,3,18
3,2,10.0,28,0,4,2,16,130,3,4
2,0,8.0,48,3,5,1,3,30,1,8
2,6,23.0,31,3,20,0,16,37,2,17
2,0,9.0,129,0,20,0,11,18,1,12
2,0,6.0,15,5,8,1,2,40,4,23
2,11,30.0,170,1,18,0,5,6,3,19
2,4,15.0,25,1,3,1,0,77,4,1
3,0,11.0,10,4,15,1,15,119,4,9
2,6,23.0,31,3,18,1,9,93,4,17
2,0,16.0,12,0,21,0,4,4,1,2
3,3,5.0,324,6,18,1,14,25,4,24
2,0,9.0,129,0,19,2,14,110,0,12
2,0,23.0,55,0,19,2,15,119,3,17
2,2,6.0,153,2,9,0,0,26,0,23
3,3,26.0,343,6,13,0,3,79,2,3
2,6,24.0,39,0,8,0,6,73,4,14
2,0,23.0,55,0,20,2,15,119,0,17
3,11,19.0,321,3,8,0,0,68,2,10
2,0,24.0,281,1,14,0,11,94,1,14
2,6,27.0,309,4,18,0,9,87,0,15
2,2,14.0,130,4,13,2,16,37,3,5
3,5,18.0,195,3,4,0,11,117,2,0
2,10,6.0,243,6,17,0,1,35,4,23
2,6,28.0,335,5,19,0,13,69,4,18
2,0,23.0,55,0,1,0,9,102,2,17
2,5,28.0,24,1,18,0,15,114,3,18
2,0,14.0,190,6,12,0,10,22,2,5
2,0,25.0,14,2,21,1,5,12,0,13
2,6,28.0,335,5,8,0,2,71,0,18
2,5,28.0,24,1,20,1,12,80,4,18
2,2,14.0,130,4,15,0,13,29,1,5
3,6,9.0,236,0,11,1,4,66,4,12
2,10,23.0,261,1,15,2,10,22,3,17
2,0,14.0,190,6,12,2,5,6,3,5
3,6,26.0,348,4,6,1,15,119,0,3
2,7,25.0,316,0,18,0,5,6,1,13
2,0,25.0,14,2,9,0,15,85,1,13
2,6,21.0,185,5,0,1,0,64,1,21
2,3,26.0,361,5,19,3,1,67,0,3
2,10,23.0,261,1,23,1,13,13,1,17
2,0,14.0,190,6,9,0,6,89,1,5
3,6,27.0,116,5,17,0,8,19,1,15
2,3,1.0,120,0,23,1,6,91,1,7
2,3,1.0,120,0,23,0,13,38,2,7
2,3,8.0,44,0,4,0,6,128,4,8
2,3,10.0,337,2,14,0,2,86,4,4
2,6,25.0,348,1,17,0,12,56,4,13
2,6,11.0,162,1,5,0,2,69,4,9
2,3,11.0,104,4,17,2,13,21,3,9
2,3,11.0,104,4,8,1,1,105,4,9
2,3,11.0,104,4,23,1,9,134,4,9
2,3,17.0,165,2,4,0,0,77,1,6
2,3,20.0,338,6,0,0,0,26,2,29
2,3,20.0,338,6,4,0,6,7,2,29
2,3,20.0,338,6,9,0,0,64,2,29
2,3,20.0,338,6,18,0,2,86,1,29
2,5,1.0,307,2,6,0,10,6,3,7
2,6,2.0,99,3,23,0,7,78,2,22
2,5,1.0,307,2,2,0,13,29,0,7
2,5,9.0,155,4,5,0,8,33,4,12
2,5,9.0,155,4,4,0,0,0,3,12
2,5,12.0,184,3,9,0,8,41,4,28
2,5,26.0,328,3,14,0,0,64,2,3
2,6,11.0,162,1,15,0,8,118,1,9
2,9,27.0,179,1,17,1,1,1,1,15
2,11,9.0,311,1,14,1,3,30,2,12
2,1,1.0,171,4,17,1,0,77,1,7
2,2,5.0,251,1,18,2,11,133,4,24
2,9,8.0,90,4,20,1,12,80,1,8
2,5,20.0,351,0,8,1,12,100,4,29
2,10,4.0,336,4,9,0,0,77,1,30
2,2,4.0,127,0,17,0,12,17,3,30
2,7,2.0,269,6,2,0,10,47,1,22
2,7,13.0,125,2,5,3,11,15,0,25
2,2,6.0,153,2,22,0,14,88,4,23
2,2,7.0,258,4,11,0,2,69,3,11
2,2,14.0,130,4,7,0,15,39,3,5
2,2,15.0,220,5,5,2,8,9,3,1
2,2,14.0,130,4,13,0,4,82,2,5
2,2,23.0,22,6,14,0,4,82,1,17
2,2,25.0,3,0,15,2,15,114,3,13
2,2,25.0,3,0,5,1,9,134,4,13
2,2,25.0,3,0,4,0,5,12,2,13
2,0,16.0,12,0,17,1,16,74,1,2
2,0,26.0,23,4,5,0,6,89,3,3
3,11,5.0,240,3,8,0,9,27,3,24
3,11,22.0,250,2,11,0,13,28,1,26
3,11,22.0,250,2,13,0,13,48,4,26
2,11,10.0,360,2,14,1,7,20,1,4
2,11,10.0,360,2,13,1,2,86,4,4
2,11,19.0,321,5,12,1,6,14,4,10
2,11,25.0,88,4,12,0,7,78,2,13
2,4,10.0,121,4,8,1,1,1,4,4
2,11,25.0,88,4,12,0,13,38,3,13
2,11,25.0,88,4,14,0,7,120,1,13
2,11,26.0,364,5,6,0,10,43,1,3
2,11,25.0,88,4,14,1,1,105,0,13
2,11,27.0,322,6,16,0,5,64,3,15
2,11,25.0,88,4,5,1,1,81,1,13
2,11,27.0,322,6,8,0,13,29,0,15
2,11,27.0,322,6,2,1,13,38,1,15
2,9,17.0,255,6,13,0,5,6,0,6
2,9,17.0,255,6,13,1,11,15,4,6
2,7,8.0,273,5,12,0,9,101,1,8
2,7,8.0,273,5,14,2,0,26,0,8
2,7,11.0,181,0,2,0,2,69,3,9
2,7,11.0,181,0,3,1,4,138,4,9
2,7,11.0,181,0,18,2,13,69,1,9
2,3,12.0,210,5,2,3,8,65,4,28
2,3,13.0,33,6,8,0,14,34,2,25
2,3,13.0,33,6,1,0,1,59,2,25
2,5,7.0,199,1,16,0,0,85,3,11
2,5,7.0,199,1,12,2,8,41,3,11
2,3,15.0,263,0,17,0,1,35,2,1
2,10,6.0,243,6,21,0,13,21,3,23
2,1,5.0,97,0,8,0,7,20,3,24
3,11,9.0,311,4,16,0,16,50,3,12
3,10,8.0,213,1,21,2,0,12,3,8
2,6,21.0,185,5,9,1,0,26,0,21
3,11,5.0,240,3,1,2,1,1,0,24
3,10,8.0,213,1,19,0,2,86,2,8
2,10,6.0,243,6,14,0,10,23,1,23
3,11,9.0,311,4,15,0,13,29,2,12
2,2,15.0,220,5,15,1,0,26,2,1
3,9,14.0,106,5,7,1,13,28,0,5
3,10,8.0,213,1,13,3,1,67,3,8
2,1,14.0,1,2,6,2,13,38,1,5
2,5,6.0,349,0,8,0,7,31,3,23
2,5,24.0,350,5,8,2,16,74,3,14
3,3,7.0,289,0,6,0,7,78,4,11
3,3,6.0,303,3,12,3,4,79,3,23
3,3,8.0,148,1,21,2,3,79,3,8
3,3,16.0,263,2,16,2,5,0,1,2
2,2,7.0,258,4,17,1,14,126,4,11
1,7,1.0,98,1,17,0,13,48,3,7
2,6,21.0,185,5,23,1,10,22,1,21
2,5,6.0,349,0,4,1,12,56,1,23
2,2,14.0,130,4,5,0,3,70,2,5
2,2,14.0,130,4,19,0,2,13,4,5
2,2,15.0,220,5,13,0,5,6,0,1
2,2,17.0,7,3,22,2,11,98,0,6
2,2,23.0,22,6,2,2,6,89,0,17
2,2,23.0,22,6,19,1,2,86,1,17
2,0,6.0,15,5,11,1,1,1,4,23
2,0,6.0,15,5,9,0,5,6,3,23
2,0,16.0,12,0,9,0,11,18,1,2
2,0,23.0,55,0,10,0,2,86,1,17
2,0,23.0,55,0,1,0,13,38,1,17
2,8,18.0,280,2,19,0,4,75,3,0
2,8,21.0,354,6,11,0,4,75,2,21
2,8,21.0,354,6,14,0,0,0,3,21
2,4,4.0,235,5,13,0,0,0,0,30
2,4,10.0,121,4,16,0,0,53,3,4
2,4,10.0,121,4,21,1,0,64,2,4
2,4,13.0,345,3,10,3,6,128,4,25
2,4,13.0,345,3,17,1,2,86,0,25
2,4,13.0,345,3,5,0,6,73,1,25
2,4,19.0,115,6,19,0,16,72,0,10
2,2,2.0,282,6,3,0,9,54,2,22
2,2,2.0,282,6,1,3,0,26,3,22
2,2,2.0,282,6,2,0,14,24,1,22
2,2,27.0,257,2,16,2,9,93,3,15
2,2,27.0,257,2,21,0,0,15,1,15
2,0,13.0,5,5,17,0,13,21,1,25
2,0,13.0,5,5,8,0,12,80,0,25
2,0,13.0,5,5,8,0,12,104,3,25
3,3,13.0,210,3,12,1,15,46,4,25
2,10,29.0,157,0,13,3,14,34,1,16
2,1,11.0,353,3,23,2,10,6,0,9
2,1,11.0,353,3,22,0,13,28,3,9
2,1,14.0,1,2,20,0,6,7,4,5
2,1,25.0,248,3,20,0,13,13,1,13
2,8,5.0,87,4,23,0,12,61,1,24
2,8,5.0,87,4,16,1,6,7,0,24
2,8,15.0,73,3,5,0,0,77,3,1
2,8,15.0,73,3,4,1,12,17,2,1
2,8,16.0,74,0,2,0,10,12,3,2
2,6,24.0,39,0,1,0,11,94,4,14
3,1,18.0,82,0,14,1,11,55,4,0
2,8,16.0,74,0,18,2,9,95,3,2
2,4,9.0,79,2,17,0,5,12,3,12
2,4,9.0,79,2,16,0,2,60,3,12
2,4,9.0,79,2,21,0,10,47,3,12
2,4,9.0,79,2,9,0,9,95,1,12
2,10,21.0,314,3,19,0,13,38,1,21
2,10,23.0,261,1,16,0,11,0,3,17
2,10,23.0,261,1,1,0,16,130,1,17
2,1,15.0,2,4,0,2,2,92,3,1
2,1,15.0,2,4,12,0,10,22,3,1
2,8,5.0,87,4,1,0,9,9,3,24
2,7,26.0,53,1,0,1,5,12,1,3
2,5,25.0,37,6,19,0,10,43,1,13
2,6,9.0,149,3,21,1,10,47,0,12
3,3,22.0,166,1,23,2,10,47,0,26
3,10,31.0,135,4,2,1,7,129,1,20
2,4,12.0,221,6,3,0,8,19,2,28
2,0,25.0,14,2,23,0,12,100,1,13
2,0,25.0,14,2,14,2,9,95,3,13
2,0,26.0,23,4,7,0,7,57,3,3
3,11,5.0,240,3,16,1,6,7,0,24
2,10,16.0,256,1,18,2,12,61,3,2
3,1,19.0,29,1,21,1,11,58,4,10
3,7,16.0,40,3,22,0,0,96,1,2
3,1,19.0,29,1,1,2,12,100,3,10
2,2,15.0,220,5,15,2,2,86,0,1
3,3,7.0,289,0,17,2,7,111,1,11
3,11,23.0,232,4,7,1,14,24,0,17
3,1,24.0,64,3,16,2,13,36,3,14
2,2,17.0,7,3,5,2,1,35,0,6
2,11,20.0,340,6,3,1,1,35,4,29
2,2,13.0,231,2,3,0,0,26,1,25
3,11,23.0,232,4,3,1,12,135,4,17
3,2,4.0,254,1,11,1,4,136,4,30
3,1,25.0,65,0,0,1,1,105,0,13
2,11,20.0,340,6,3,0,8,9,1,29
2,0,24.0,281,1,12,0,9,49,1,14
3,11,24.0,194,5,10,0,9,95,1,14
2,2,7.0,258,4,2,1,7,20,1,11
2,2,27.0,257,2,4,1,11,133,4,15
2,1,18.0,29,3,16,2,2,2,3,0
3,1,25.0,65,0,9,1,1,105,0,13
2,0,25.0,14,2,18,0,10,22,3,13
2,2,15.0,220,5,12,0,8,27,2,1
2,0,12.0,198,4,8,0,13,28,1,28
2,11,20.0,340,6,22,1,1,59,4,29
3,1,19.0,29,1,21,1,5,12,1,10
3,11,15.0,331,2,18,0,10,47,0,1
2,2,15.0,220,5,18,0,14,126,4,1
2,0,13.0,5,5,19,0,14,24,2,25
2,11,20.0,340,6,8,0,8,9,2,29
3,11,15.0,331,2,11,1,0,12,1,1
2,1,18.0,29,3,21,1,0,68,0,0
3,11,2.0,265,4,22,1,14,24,4,22
3,11,22.0,250,2,21,2,10,47,3,26
2,0,12.0,198,4,14,0,13,99,0,28
2,2,17.0,7,3,17,0,15,31,0,6
2,11,23.0,232,1,6,0,16,42,3,17
2,1,18.0,29,3,8,0,12,61,0,0
3,9,4.0,295,1,13,0,14,125,2,30
3,9,1.0,126,6,4,0,4,5,1,7
2,2,17.0,7,3,15,0,6,128,0,6
2,11,23.0,232,1,14,0,12,80,2,17
2,2,23.0,22,6,6,0,0,12,2,17
2,1,18.0,29,3,19,0,15,112,3,0
3,7,4.0,186,1,1,0,4,127,1,30
3,9,1.0,126,6,14,0,2,92,1,7
2,6,14.0,49,5,13,1,14,126,4,5
2,0,6.0,15,5,4,1,1,1,1,23
2,1,26.0,262,0,3,0,13,29,3,3
2,10,7.0,213,3,14,0,2,2,3,11
2,0,12.0,198,4,20,1,6,89,1,28
2,11,29.0,270,0,23,0,8,27,1,16
2,8,20.0,46,5,13,2,13,28,3,29
2,0,23.0,55,0,15,0,11,55,3,17
2,10,7.0,213,3,3,1,5,64,2,11
2,1,18.0,29,3,12,0,5,6,0,0
2,0,27.0,249,5,12,0,6,132,1,15
2,11,29.0,270,0,8,0,6,7,4,16
2,0,23.0,55,0,14,0,3,76,4,17
2,10,14.0,60,3,12,0,13,28,3,5
3,6,22.0,185,3,5,1,10,22,1,26
2,0,27.0,249,5,15,1,13,13,4,15
2,11,31.0,227,2,15,0,4,121,2,20
2,8,20.0,46,5,22,1,14,126,4,29
2,1,7.0,62,2,21,0,0,12,3,11
2,8,20.0,46,5,5,0,2,13,1,29
2,0,29.0,228,3,16,0,16,50,1,16
2,11,31.0,227,2,16,0,5,12,0,20
2,4,4.0,235,5,9,0,4,45,3,30
2,9,5.0,89,0,4,0,6,89,4,24
2,1,7.0,62,2,20,0,2,3,3,11
2,8,20.0,46,5,18,0,16,50,3,29
2,0,27.0,249,5,7,1,13,13,0,15
2,8,18.0,280,2,21,1,12,121,0,0
2,4,13.0,345,3,17,0,8,33,1,25
2,8,18.0,280,2,5,0,9,95,0,0
2,1,7.0,62,2,4,0,9,54,3,11
2,8,21.0,354,6,3,0,13,75,3,21
3,11,1.0,222,2,3,1,2,2,0,7
2,1,8.0,50,4,8,1,3,30,4,8
2,4,13.0,345,3,2,0,5,6,1,25
2,4,19.0,115,6,1,1,10,22,1,10
2,8,20.0,46,5,5,0,8,9,1,29
3,11,3.0,288,5,14,0,7,62,4,27
2,9,12.0,177,0,19,1,9,87,4,28
2,1,16.0,63,5,6,1,16,72,2,2
2,4,19.0,115,6,17,2,5,6,0,10
2,2,2.0,282,6,16,2,16,37,0,22
2,8,20.0,46,5,19,2,0,77,0,29
2,2,3.0,254,3,6,0,13,36,1,27
3,11,12.0,118,3,0,1,9,102,4,28
2,9,20.0,119,1,1,0,0,53,0,29
2,4,19.0,115,6,13,0,2,92,1,10
2,1,23.0,64,5,4,1,4,45,4,17
2,8,20.0,46,5,20,1,16,50,4,29
2,8,7.0,76,6,5,0,2,13,4,11
2,2,27.0,257,2,15,0,9,87,1,15
3,11,12.0,118,3,13,0,5,6,3,28
2,4,19.0,115,6,13,0,8,9,2,10
2,9,28.0,315,2,4,0,15,114,2,18
2,4,4.0,235,5,5,0,6,73,1,30
2,2,27.0,257,2,19,0,12,121,1,15
3,11,12.0,118,3,2,3,11,15,3,28
2,2,2.0,282,6,17,1,7,20,1,22
2,2,25.0,3,0,15,0,7,31,1,13
2,2,25.0,3,0,11,0,0,77,2,13
2,0,8.0,48,3,19,0,8,41,4,8
2,0,16.0,12,0,15,0,4,45,2,2
2,0,16.0,12,0,12,0,7,20,4,2
2,0,16.0,12,0,9,0,2,86,1,2
2,0,23.0,55,0,18,2,8,27,3,17
2,0,24.0,281,1,7,1,5,6,0,14
2,0,26.0,23,4,22,0,9,57,0,3
3,11,22.0,250,2,17,0,7,120,0,26
2,5,22.0,168,2,18,1,0,15,4,26
2,5,24.0,350,5,14,0,2,40,4,14
2,5,31.0,158,5,13,0,9,63,2,20
2,6,16.0,244,3,2,0,8,27,3,2
2,10,5.0,242,5,0,1,2,86,0,24
2,10,5.0,242,5,9,0,8,19,3,24
2,10,7.0,213,3,1,0,15,51,4,11
2,10,14.0,60,3,9,0,10,47,3,5
2,10,14.0,60,3,4,2,2,86,1,5
2,1,7.0,62,2,2,0,10,47,3,11
2,1,16.0,63,5,16,0,4,45,0,2
2,1,23.0,64,5,17,0,1,59,4,17
2,9,29.0,98,4,7,0,4,82,3,16
2,9,29.0,98,4,22,0,13,48,4,16
2,9,29.0,98,4,22,0,10,52,0,16
2,7,5.0,93,1,11,0,15,114,2,24
2,7,21.0,211,4,16,2,10,6,3,21
2,6,4.0,342,1,14,0,5,64,3,30
2,6,6.0,169,4,20,0,14,25,1,23
2,6,8.0,236,6,6,1,0,53,0,8
2,6,8.0,236,6,11,2,9,102,0,8
2,6,8.0,236,6,12,2,7,120,3,8
2,6,8.0,236,6,1,0,9,95,4,8
2,6,23.0,31,3,18,0,10,47,0,17
2,6,23.0,31,3,10,0,3,79,1,17
2,10,6.0,243,6,11,0,13,38,2,23
2,10,6.0,243,6,2,0,2,86,4,23
2,10,16.0,256,1,0,0,0,12,3,2
2,10,16.0,256,1,21,0,0,64,2,2
2,1,5.0,97,0,16,2,14,34,3,24
2,1,5.0,97,0,4,0,10,22,3,24
2,2,13.0,231,2,16,1,0,64,0,25
2,6,10.0,355,0,19,0,10,47,3,4
3,8,7.0,70,3,8,1,11,133,4,11
2,2,4.0,127,0,19,1,9,54,4,30
2,2,12.0,276,1,13,0,10,22,3,28
2,4,4.0,235,5,20,0,2,60,4,30
2,0,12.0,198,4,5,0,3,30,2,28
3,11,20.0,340,0,19,0,13,48,1,29
2,8,21.0,354,6,0,1,0,12,0,21
3,11,20.0,340,0,12,0,12,80,2,29
2,8,7.0,76,6,1,0,1,35,3,11
2,2,2.0,282,6,10,0,8,118,2,22
2,0,27.0,249,5,6,0,6,128,4,15
2,0,22.0,237,3,14,2,10,22,3,26
3,11,26.0,364,3,18,0,1,81,4,3
2,8,14.0,72,6,12,1,4,5,1,5
2,2,27.0,257,2,12,2,6,89,1,15
3,11,1.0,222,2,6,1,4,5,0,7
2,0,27.0,249,5,22,2,10,22,0,15
3,11,27.0,322,0,21,0,10,47,0,15
2,8,14.0,72,6,23,1,15,114,1,5
3,11,4.0,275,6,14,1,9,63,1,30
2,0,12.0,198,4,6,0,9,93,0,28
3,3,14.0,33,0,19,1,5,12,0,5
2,0,27.0,249,5,2,0,12,17,1,15
3,11,27.0,322,0,20,0,3,44,2,15
2,4,14.0,132,0,4,0,10,47,0,5
2,5,20.0,351,0,19,0,8,27,3,29
2,0,12.0,198,4,2,2,11,15,3,28
2,8,6.0,70,5,20,0,13,48,2,23
2,6,3.0,159,0,19,1,1,105,0,27
2,0,13.0,5,5,19,2,6,89,2,25
2,8,6.0,70,5,18,0,4,75,3,23
2,0,29.0,228,3,3,0,0,26,1,16
2,1,15.0,2,4,5,0,2,40,2,1
2,4,30.0,67,2,19,1,0,64,0,19
2,0,13.0,5,5,18,0,6,7,2,25
3,11,1.0,222,2,6,0,5,12,0,7
2,3,13.0,33,6,22,0,2,71,4,25
3,7,3.0,269,0,11,0,4,138,2,27
3,5,14.0,36,2,9,1,6,89,0,5
3,11,19.0,321,3,12,1,5,12,1,10
3,11,28.0,123,1,12,0,11,117,1,18
3,9,19.0,234,2,3,1,14,25,0,10
2,3,19.0,105,5,1,0,10,22,1,10
2,6,10.0,355,0,23,0,7,20,1,4
2,2,13.0,231,2,23,1,10,22,0,25
2,8,1.0,77,3,5,0,2,2,1,7
2,0,5.0,260,4,10,2,12,100,3,24
2,10,20.0,341,6,18,0,16,50,3,29
3,11,27.0,322,0,21,1,7,62,0,15
3,11,27.0,322,0,22,0,15,51,1,15
3,11,27.0,322,0,15,0,2,2,4,15
3,11,30.0,170,4,11,0,4,66,1,19
3,9,2.0,323,3,15,0,13,28,1,22
3,4,22.0,152,2,12,1,0,12,1,26
2,0,22.0,237,3,0,0,6,89,1,26
2,0,29.0,228,3,8,0,0,26,1,16
3,11,1.0,222,2,6,0,5,12,0,7
3,11,3.0,288,5,22,0,2,92,3,27
3,11,3.0,288,5,12,0,9,134,0,27
3,11,20.0,340,0,13,1,14,125,4,29
3,11,20.0,340,0,4,0,14,34,1,29
3,11,26.0,364,3,16,1,5,12,0,3
3,11,26.0,364,3,21,0,0,26,1,3
3,9,2.0,323,3,22,0,3,79,1,22
3,3,16.0,263,2,4,0,2,86,1,2
3,5,1.0,109,4,1,2,10,6,0,7
3,5,18.0,195,3,15,2,11,15,0,0
3,9,1.0,126,6,5,0,10,22,3,7
3,9,1.0,126,6,1,0,13,38,4,7
3,9,14.0,106,5,7,2,8,118,1,5
3,9,14.0,106,5,5,0,0,64,0,5
3,9,17.0,255,0,11,0,15,114,0,6
3,9,17.0,255,0,8,0,8,118,3,6
2,6,13.0,173,4,22,0,1,11,2,25
2,6,21.0,185,5,22,0,3,30,3,21
2,1,13.0,183,1,5,1,7,137,1,25
2,5,6.0,349,0,11,0,14,34,2,23
2,0,8.0,48,3,22,1,12,104,1,8
2,8,15.0,73,3,6,2,10,47,3,1
2,0,22.0,237,3,0,2,3,103,3,26
3,11,1.0,222,2,0,0,8,9,0,7
2,8,15.0,73,3,12,0,0,53,3,1
2,3,13.0,33,6,14,0,15,108,3,25
2,4,19.0,115,6,0,1,0,26,0,10
3,11,3.0,288,5,22,0,6,7,1,27
2,7,29.0,42,5,8,3,10,43,0,16
3,11,4.0,275,6,6,0,15,96,4,30
2,8,15.0,73,3,3,1,4,4,4,1
2,3,13.0,33,6,1,0,0,26,1,25
2,1,11.0,353,3,9,1,12,100,1,9
3,11,4.0,275,6,19,1,12,104,1,30
2,8,15.0,73,3,18,0,4,66,4,1
2,7,24.0,41,3,3,0,11,133,2,14
2,1,26.0,262,0,1,1,9,101,4,3
3,11,27.0,322,0,21,0,10,30,0,15
2,8,17.0,75,1,16,0,14,131,0,6
2,5,7.0,199,1,17,0,4,45,0,11
2,8,17.0,75,1,23,0,5,64,3,6
2,8,17.0,75,1,8,2,10,22,1,6
2,5,7.0,199,1,2,0,3,44,0,11
2,5,13.0,36,0,11,0,6,7,4,25
2,5,14.0,200,1,9,0,8,27,3,5
2,5,14.0,200,1,12,0,3,79,0,5
2,5,14.0,200,1,19,1,8,33,4,5
2,5,29.0,294,2,16,0,8,9,1,16
2,5,29.0,294,2,13,0,2,13,3,16
2,11,23.0,232,1,18,0,9,49,1,17
2,5,29.0,294,2,12,0,13,123,3,16
2,5,29.0,294,2,19,0,8,41,4,16
2,6,6.0,169,4,23,1,6,128,1,23
2,6,22.0,84,6,6,0,13,28,3,26
2,6,23.0,31,3,1,0,16,37,1,17
2,5,25.0,37,6,7,0,5,47,2,13
2,3,16.0,54,1,12,0,10,22,1,2
2,3,27.0,187,6,16,0,10,22,1,15
2,5,1.0,307,2,17,0,13,21,1,7
2,5,1.0,307,2,15,0,1,59,4,7
2,5,9.0,155,4,6,0,8,118,1,12
2,5,12.0,184,3,6,0,7,57,1,28
2,5,12.0,184,3,4,2,16,37,3,28
2,5,12.0,184,3,6,0,10,43,4,28
2,5,12.0,184,3,4,3,14,110,3,28
2,5,26.0,328,3,7,1,3,30,2,3
2,5,26.0,328,3,15,0,10,47,3,3
2,6,12.0,317,2,6,0,6,7,3,28
2,6,12.0,317,2,16,2,3,70,3,28
2,6,19.0,215,2,21,1,14,88,0,10
2,1,11.0,353,3,17,0,5,64,2,9
2,1,18.0,29,3,6,2,12,100,0,0
2,1,26.0,262,0,22,0,1,11,3,3
2,1,26.0,262,0,9,2,6,91,3,3
2,8,18.0,280,2,21,0,10,47,2,0
2,8,18.0,280,2,3,0,0,15,3,0
2,8,18.0,280,2,4,1,15,46,1,0
3,3,14.0,33,0,17,0,5,64,0,5
2,4,15.0,25,1,19,0,10,47,0,1
2,4,17.0,26,4,17,0,4,82,1,6
2,4,17.0,26,4,16,1,16,130,0,6
2,4,17.0,26,4,14,0,1,11,3,6
2,2,6.0,153,2,6,0,0,77,1,23
2,2,7.0,258,4,8,0,8,27,1,11
2,2,7.0,258,4,12,2,10,22,3,11
2,8,17.0,75,1,15,0,8,9,3,6
2,1,5.0,97,0,21,2,0,12,3,24
2,8,17.0,75,1,22,0,4,45,4,6
3,3,23.0,57,2,17,2,15,46,3,17
2,1,15.0,2,4,17,1,16,37,1,1
2,4,9.0,79,2,11,1,9,95,1,12
2,8,17.0,75,1,1,1,2,2,2,6
2,1,15.0,2,4,0,1,10,47,1,1
2,4,31.0,16,4,1,0,7,78,3,20
2,1,15.0,2,4,5,0,10,22,3,1
2,0,17.0,0,1,16,0,14,25,0,6
2,1,25.0,248,3,16,1,3,76,0,13
2,4,31.0,16,4,4,0,8,118,3,20
3,3,25.0,347,5,1,2,9,102,2,13
2,1,25.0,248,3,12,2,9,93,0,13
2,2,1.0,143,5,15,0,9,9,3,7
2,8,5.0,87,4,13,0,14,24,1,24
2,2,1.0,143,5,13,0,13,28,0,7
3,6,8.0,59,3,18,2,2,2,1,8
3,1,9.0,50,6,4,1,4,5,4,12
2,8,17.0,75,1,6,1,10,43,0,6
2,4,8.0,18,1,16,1,5,12,0,8
2,0,18.0,13,2,5,0,9,57,2,0
2,0,18.0,13,2,2,0,13,29,1,0
2,0,18.0,13,2,15,1,6,7,0,0
3,11,7.0,253,1,5,0,9,102,0,11
3,11,23.0,232,4,8,1,2,69,1,17
3,11,25.0,88,6,22,0,5,64,3,13
3,9,6.0,51,4,16,1,0,15,4,23
3,9,23.0,167,3,2,0,3,76,0,17
2,0,26.0,23,4,4,0,5,12,3,3
3,8,26.0,278,5,18,0,1,11,3,3
3,1,19.0,29,1,23,0,15,51,1,10
3,1,24.0,64,3,18,1,5,6,0,14
3,2,1.0,16,6,9,0,0,26,3,7
3,2,20.0,264,4,7,1,10,47,0,29
3,2,20.0,264,4,8,1,9,10,4,29
3,0,9.0,48,1,16,2,16,74,0,12
3,0,11.0,10,4,13,2,0,31,2,9
3,0,17.0,12,2,12,2,14,25,0,6
3,0,18.0,0,4,23,1,8,19,2,0
3,0,18.0,0,4,22,2,3,4,0,0
3,0,19.0,13,5,16,1,8,19,0,10
3,0,20.0,172,6,15,0,12,61,1,29
2,1,21.0,164,2,16,0,1,100,3,21
2,4,12.0,221,6,8,0,8,9,3,28
3,3,30.0,304,2,0,2,2,2,1,19
3,8,21.0,46,3,1,1,0,12,0,21
0,0,26.0,14,1,13,0,14,25,0,3
2,2,1.0,143,5,8,0,2,2,2,7
2,8,15.0,73,3,19,1,5,64,0,1
2,8,17.0,75,1,21,1,1,11,4,6
2,4,25.0,80,5,3,0,16,130,1,13
2,4,31.0,16,4,13,0,2,86,1,20
2,2,16.0,6,6,21,1,14,34,0,2
2,2,16.0,6,6,11,0,4,79,1,2
2,4,28.0,313,0,16,1,6,7,0,18
3,3,15.0,35,1,18,0,14,125,4,1
3,3,16.0,263,2,23,1,5,6,0,2
2,2,14.0,130,4,23,1,14,97,1,5
2,2,25.0,3,0,12,1,4,45,4,13
3,11,22.0,250,2,8,2,9,95,3,26
3,9,1.0,126,6,4,1,10,22,1,7
3,9,14.0,106,5,4,2,2,69,3,5
3,9,14.0,106,5,10,1,9,63,4,5
3,7,6.0,93,4,11,1,14,24,4,23
3,7,14.0,125,5,5,1,13,28,1,5
3,7,24.0,68,0,21,0,5,6,0,14
3,7,26.0,316,2,18,0,13,36,2,3
3,3,15.0,35,1,17,2,15,46,0,1
1,2,1.0,16,1,17,0,0,77,1,7
2,6,11.0,162,1,18,0,9,27,1,9
2,6,27.0,309,4,6,2,0,68,3,15
2,6,27.0,309,4,15,0,11,18,1,15
2,6,27.0,309,4,11,0,8,27,4,15
2,6,28.0,335,5,13,1,1,105,4,18
2,6,28.0,335,5,2,0,12,17,3,18
2,6,28.0,335,5,4,0,3,30,3,18
2,6,28.0,335,5,12,0,14,110,3,18
2,10,29.0,157,0,5,1,3,76,1,16
2,10,29.0,157,0,15,0,7,111,0,16
2,7,20.0,81,2,14,1,8,33,4,29
2,7,23.0,68,6,18,1,10,43,1,17
2,7,29.0,42,5,10,1,1,59,4,16
2,7,31.0,180,3,13,0,1,11,4,20
2,11,13.0,312,6,6,1,13,99,4,25
2,8,6.0,70,5,8,1,4,66,2,23
2,8,6.0,70,5,14,1,14,106,4,23
2,4,9.0,79,2,22,0,8,41,1,12
2,1,12.0,207,0,8,1,0,31,4,28
2,8,19.0,319,4,3,0,5,64,0,10
2,8,9.0,71,0,5,0,7,120,3,12
3,11,21.0,192,1,13,0,6,89,1,21
2,0,24.0,281,1,6,0,7,31,1,14
2,0,24.0,281,1,20,0,13,48,4,14
2,0,24.0,281,1,18,2,8,9,3,14
2,0,24.0,281,1,8,0,10,22,3,14
3,11,22.0,250,2,16,0,1,67,0,26
2,6,21.0,185,5,15,1,15,96,4,21
2,1,13.0,183,1,9,3,9,95,3,25
3,9,22.0,92,6,14,0,6,91,0,26
3,7,16.0,40,3,13,1,5,12,0,2
3,9,14.0,106,5,6,0,5,6,0,5
3,9,22.0,92,6,15,0,5,12,3,26
3,9,22.0,92,6,2,0,10,47,1,26
3,9,22.0,92,6,3,1,2,92,4,26
3,7,16.0,40,3,3,0,10,22,1,2
3,7,16.0,40,3,22,1,11,94,0,2
3,7,16.0,40,3,19,0,16,72,1,2
3,7,24.0,68,0,6,0,0,26,1,14
2,6,13.0,173,4,1,3,9,102,2,25
2,3,15.0,263,0,17,0,6,7,2,1
0,11,1.0,222,3,13,0,1,59,2,7
2,3,30.0,109,1,22,1,11,129,4,19
2,5,6.0,349,0,8,3,1,67,3,23
2,11,31.0,227,2,17,0,0,77,0,20
2,3,5.0,303,5,22,2,10,43,1,24
3,9,6.0,51,4,1,1,0,26,0,23
2,8,30.0,144,0,1,2,6,7,3,19
3,7,7.0,293,5,18,2,9,101,0,11
3,10,18.0,246,5,16,0,10,12,1,0
3,10,18.0,246,5,19,2,6,89,3,0
2,4,6.0,133,3,15,0,13,69,1,23
3,1,9.0,50,6,9,1,10,12,1,12
2,4,16.0,19,2,16,0,0,12,3,2
3,4,19.0,142,3,8,1,10,22,1,10
2,11,11.0,175,4,13,3,16,108,4,9
2,4,23.0,27,2,3,0,10,22,3,17
2,11,29.0,270,0,2,1,11,15,4,16
2,5,14.0,200,1,12,1,8,27,0,5
2,6,6.0,169,4,9,2,6,7,3,23
2,1,5.0,97,0,16,0,7,20,1,24
2,0,14.0,190,6,2,0,10,6,3,5
3,8,9.0,124,1,18,1,10,47,1,12
3,11,13.0,312,0,4,1,4,45,4,25
2,11,29.0,270,0,22,0,6,128,2,16
3,11,13.0,312,0,12,1,2,86,1,25
3,5,4.0,114,3,1,2,2,86,3,30
2,7,21.0,211,4,18,2,1,35,3,21
2,5,14.0,200,1,4,0,2,2,4,5
3,10,23.0,247,2,15,0,16,113,1,17
2,5,11.0,327,6,13,3,9,27,0,9
2,10,1.0,358,0,17,0,13,36,1,7
3,10,20.0,223,3,3,1,9,83,4,29
0,7,30.0,42,4,17,3,12,100,4,19
2,5,3.0,114,5,10,1,14,25,4,27
3,4,24.0,27,5,13,0,10,47,3,14
2,1,29.0,100,4,14,0,13,29,1,16
2,0,30.0,290,0,9,2,8,9,3,19
3,7,30.0,42,3,8,1,15,108,1,19
3,1,6.0,97,2,9,1,16,65,4,23
3,1,15.0,1,5,2,1,0,31,4,1
2,5,7.0,199,1,22,0,6,128,0,11
2,5,14.0,200,1,20,1,14,107,1,5
2,6,4.0,342,1,1,2,4,79,3,30
2,6,14.0,49,5,8,0,11,94,2,5
3,2,18.0,7,1,4,0,2,13,1,0
2,8,21.0,354,6,19,1,6,132,0,21
2,8,18.0,280,2,22,1,5,6,1,0
3,6,6.0,83,5,14,1,5,12,0,23
3,0,23.0,237,1,12,1,14,125,4,17
2,11,25.0,88,4,19,1,14,126,4,13
2,10,29.0,157,0,18,1,7,129,4,16
3,4,30.0,139,4,2,0,13,28,2,19
3,2,16.0,220,3,3,1,9,95,4,2
3,0,8.0,9,0,12,1,13,38,0,8
3,11,26.0,364,3,4,0,2,69,0,3
3,10,23.0,247,2,18,0,6,7,0,17
0,0,20.0,172,2,0,0,0,85,3,29
2,9,7.0,271,2,12,0,14,32,3,11
2,9,4.0,295,3,9,0,13,28,1,30
0,8,23.0,102,6,13,0,8,41,2,17
0,2,21.0,108,1,8,3,12,104,4,21
2,9,3.0,217,6,6,1,3,115,2,27
0,8,15.0,72,5,13,0,13,69,3,1
2,9,26.0,267,0,12,1,11,90,4,3
2,11,13.0,312,6,19,0,1,59,0,25
2,11,8.0,283,0,13,0,14,25,2,8
2,11,8.0,283,0,11,1,14,25,1,8
2,9,8.0,90,4,17,0,4,127,2,8
2,9,26.0,267,0,15,0,5,12,1,3
2,11,8.0,283,0,5,0,3,70,2,8
2,9,7.0,271,2,4,0,14,25,1,11
2,9,23.0,167,5,5,1,5,0,2,17
2,7,9.0,329,6,18,0,11,18,1,12
2,7,9.0,329,6,19,1,12,56,1,12
2,7,9.0,329,6,15,1,0,53,4,12
2,7,27.0,34,2,16,0,0,0,0,15
2,7,19.0,266,1,15,0,0,77,4,10
2,11,1.0,222,0,7,1,0,85,0,7
2,11,1.0,222,0,21,0,0,0,0,7
2,11,1.0,222,0,0,0,16,50,1,7
2,11,9.0,311,1,23,0,5,64,3,12
2,11,1.0,222,0,6,0,10,22,0,7
3,0,28.0,249,3,3,0,2,2,1,18
3,11,20.0,340,0,19,1,11,15,1,29
3,0,28.0,249,3,19,0,5,12,2,18
2,11,9.0,311,1,0,0,9,102,1,12
2,11,18.0,332,4,13,0,5,6,2,0
2,11,18.0,332,4,12,0,8,27,1,0
2,9,1.0,126,4,22,1,12,83,4,7
2,11,15.0,331,0,19,1,1,1,1,1
2,4,17.0,26,4,4,1,10,47,2,6
2,4,24.0,20,4,22,0,2,69,0,14
2,9,14.0,106,2,17,0,8,118,1,5
2,9,2.0,323,5,6,0,13,21,2,22
2,9,2.0,323,5,22,1,9,101,4,22
2,9,2.0,323,5,18,1,16,37,0,22
2,9,2.0,323,5,19,0,6,132,4,22
2,9,9.0,320,5,5,0,10,47,0,12
2,9,9.0,320,5,20,1,7,111,1,12
2,9,10.0,156,6,6,2,0,64,3,4
2,9,9.0,320,5,8,1,11,55,1,12
2,9,10.0,156,6,3,1,13,29,4,4
2,9,10.0,156,6,18,2,5,6,0,4
2,9,11.0,52,3,4,0,13,123,1,9
2,9,25.0,344,3,12,0,13,29,2,13
2,9,25.0,344,3,5,1,11,15,4,13
2,6,7.0,59,5,13,1,14,24,1,11
2,1,22.0,69,4,13,0,6,89,1,26
2,4,24.0,20,4,7,1,14,25,0,14
2,6,7.0,59,5,12,0,3,30,0,11
2,1,17.0,82,6,18,2,8,27,0,6
2,9,27.0,179,1,14,0,2,86,4,15
2,2,9.0,28,6,22,0,13,21,2,12
2,11,16.0,225,1,18,1,5,6,0,2
2,4,24.0,20,4,3,1,9,102,4,14
2,6,7.0,59,5,2,0,2,2,2,11
2,1,22.0,69,4,15,0,2,40,2,26
2,1,22.0,69,4,1,0,9,49,3,26
2,7,3.0,186,3,5,1,1,1,1,27
3,3,9.0,44,2,17,0,2,2,0,12
3,11,15.0,331,2,19,0,4,82,3,1
2,0,7.0,9,6,3,0,11,94,0,11
2,2,8.0,21,5,13,1,14,125,4,8
3,3,9.0,44,2,6,0,5,64,0,12
2,6,15.0,38,6,15,0,10,47,1,1
2,8,22.0,102,3,13,0,2,86,2,26
2,1,30.0,305,5,18,2,10,22,2,19
3,6,9.0,236,0,23,1,11,10,4,12
2,0,15.0,11,3,2,0,14,25,2,1
2,7,3.0,186,3,1,0,4,5,1,27
2,2,9.0,28,6,13,1,14,88,4,12
3,3,21.0,338,0,18,0,13,28,0,21
3,3,9.0,44,2,16,0,3,44,0,12
2,6,15.0,38,6,8,1,9,87,4,1
2,8,22.0,102,3,22,0,8,19,2,26
2,9,22.0,92,4,18,0,9,57,0,26
2,7,12.0,238,1,17,0,13,28,2,28
2,7,12.0,238,1,17,1,15,112,0,28
2,7,14.0,205,4,3,0,1,11,4,5
2,7,14.0,205,4,5,0,7,78,3,5
2,7,14.0,205,4,9,2,6,128,0,5
2,7,15.0,40,5,3,1,3,44,4,1
2,7,15.0,40,5,4,0,5,6,1,1
2,5,4.0,96,6,17,0,11,18,1,30
2,5,4.0,96,6,6,0,1,67,3,30
2,5,5.0,277,3,17,0,15,31,3,24
2,5,5.0,277,3,0,1,11,55,2,24
2,5,5.0,277,3,19,0,9,134,2,24
2,5,16.0,212,4,22,1,11,55,4,2
2,5,16.0,212,4,3,1,6,14,1,2
2,5,16.0,212,4,13,0,8,33,2,2
2,6,5.0,83,2,19,0,14,24,1,24
2,3,29.0,304,0,2,0,12,83,2,16
2,6,15.0,38,6,20,2,10,22,3,1
2,6,15.0,38,6,13,0,13,4,3,1
2,6,30.0,208,3,4,0,13,48,3,19
2,10,8.0,150,0,8,0,2,2,1,8
2,5,15.0,239,2,19,1,2,13,4,1
2,5,16.0,212,4,8,0,12,135,1,2
2,5,16.0,212,4,3,0,13,13,3,2
2,6,5.0,83,2,17,2,3,30,2,24
2,6,7.0,59,5,6,0,15,85,4,11
2,6,5.0,83,2,12,0,5,12,0,24
2,6,15.0,38,6,8,0,1,67,0,1
2,6,15.0,38,6,1,2,7,111,3,1
2,6,30.0,208,3,3,2,6,132,0,19
2,10,8.0,150,0,5,0,5,6,3,8
2,10,13.0,174,6,23,0,13,21,1,25
2,10,13.0,174,6,1,0,16,72,4,25
2,10,24.0,56,2,15,0,8,9,4,14
2,10,24.0,56,2,3,0,13,99,4,14
2,10,24.0,56,2,6,0,3,44,3,14
2,10,31.0,203,2,0,1,10,12,0,20
2,10,31.0,203,2,22,0,8,118,1,20
2,1,22.0,69,4,18,0,2,13,4,26
2,1,31.0,66,6,1,0,5,6,1,20
2,8,22.0,102,3,10,0,0,31,1,26
2,8,23.0,85,0,8,0,6,7,2,17
2,8,24.0,86,1,17,1,0,68,1,14
2,8,24.0,86,1,15,0,9,49,0,14
2,8,30.0,144,0,19,0,16,65,3,19
2,10,13.0,174,6,17,1,7,111,4,25
2,10,22.0,247,0,8,0,16,37,4,26
2,10,22.0,247,0,2,0,12,61,3,26
2,10,22.0,247,0,9,1,12,80,4,26
2,10,24.0,56,2,19,0,6,89,3,14
2,10,24.0,56,2,4,0,10,30,3,14
2,10,24.0,56,2,22,1,10,22,4,14
2,10,30.0,135,1,18,2,7,111,2,19
2,10,31.0,203,2,2,0,13,21,3,20
2,10,31.0,203,2,15,1,13,28,4,20
2,10,30.0,135,1,17,1,0,53,4,19
2,1,6.0,32,1,7,0,9,95,1,23
2,1,6.0,32,1,4,0,5,12,1,23
2,1,17.0,82,6,15,0,8,118,1,6
2,1,30.0,305,5,12,0,2,69,0,19
2,1,31.0,66,6,18,2,16,37,3,20
2,8,8.0,124,3,21,0,8,33,1,8
2,8,23.0,85,0,21,0,10,47,3,17
2,8,23.0,85,0,20,0,9,102,1,17
2,8,23.0,85,0,22,0,10,47,1,17
2,8,25.0,278,2,20,0,4,5,4,13
2,8,24.0,86,1,1,0,2,2,3,14
2,8,24.0,86,1,15,1,0,31,4,14
2,4,6.0,133,3,11,0,11,94,3,23
2,4,7.0,292,0,18,0,16,130,3,11
2,1,31.0,66,6,3,0,10,43,3,20
2,8,8.0,124,3,2,1,9,95,4,8
2,8,22.0,102,3,22,0,6,7,3,26
2,8,25.0,278,2,0,0,1,59,3,13
2,8,25.0,278,2,7,2,10,22,3,13
2,8,25.0,278,2,13,0,12,17,4,13
2,8,25.0,278,2,15,0,4,75,4,13
2,8,30.0,144,0,14,0,13,28,2,19
2,4,6.0,133,3,5,0,6,7,3,23
2,4,7.0,292,0,6,1,5,12,0,11
2,4,22.0,30,1,13,2,10,23,1,26
2,4,22.0,30,1,9,2,9,57,3,26
2,4,23.0,27,2,8,0,5,6,2,17
2,2,8.0,21,5,14,0,2,69,1,8
2,6,30.0,208,3,13,0,13,69,0,19
2,8,23.0,85,0,23,0,15,108,1,17
2,7,3.0,186,3,13,0,16,50,3,27
3,11,6.0,252,0,16,0,11,90,1,23
3,10,16.0,201,2,21,1,14,107,1,2
2,0,31.0,365,1,1,0,5,12,0,20
2,10,29.0,157,0,19,0,9,102,1,16
3,1,11.0,111,0,17,1,1,67,0,9
2,8,24.0,86,1,13,0,8,27,3,14
2,7,28.0,268,4,8,0,16,72,4,18
3,11,8.0,283,2,0,0,3,76,2,8
3,11,14.0,147,1,2,0,6,89,4,5
3,3,9.0,44,2,8,0,6,89,0,12
3,11,6.0,252,0,6,0,12,84,1,23
3,4,3.0,279,5,8,0,14,25,2,27
2,8,21.0,354,6,14,0,2,13,1,21
2,11,31.0,227,2,1,2,0,68,3,20
3,1,11.0,111,0,12,1,12,84,4,9
2,8,30.0,144,0,7,1,6,7,0,19
3,5,8.0,199,4,5,1,16,50,1,8
3,6,9.0,236,0,8,1,9,93,0,12
3,5,9.0,206,5,16,1,14,107,1,12
2,9,14.0,106,2,5,0,1,1,2,5
2,9,21.0,362,2,16,0,11,15,0,21
2,7,13.0,125,2,2,0,13,38,0,25
0,11,1.0,222,3,17,0,9,95,1,7
3,9,1.0,126,6,16,0,13,21,3,7
3,1,24.0,64,3,5,1,13,38,0,14
0,0,23.0,237,6,8,1,8,19,0,17
2,11,4.0,275,4,19,0,8,41,1,30
0,2,6.0,251,0,18,0,15,39,1,23
2,7,6.0,293,2,8,0,14,107,4,23
2,7,13.0,125,2,0,0,5,6,3,25
2,2,6.0,153,2,13,0,3,30,4,23
3,10,16.0,201,2,5,0,9,102,2,2
2,3,28.0,325,3,18,1,6,7,0,18
2,4,3.0,178,4,3,0,2,71,2,27
2,4,21.0,152,0,20,1,16,50,1,21
2,2,4.0,127,0,0,0,15,51,1,30
3,10,3.0,310,4,18,0,8,41,4,27
3,5,28.0,259,2,4,0,14,32,1,18
3,8,21.0,46,3,23,0,14,25,1,21
3,8,22.0,354,0,12,1,5,12,0,26
3,4,24.0,27,5,20,0,16,37,1,14
3,10,14.0,174,0,1,0,1,11,0,5
3,1,15.0,1,5,18,0,2,2,4,1
3,4,15.0,132,2,0,1,11,15,1,1
3,4,23.0,30,4,5,0,11,18,2,17
3,4,31.0,67,5,15,2,0,53,3,20
3,2,21.0,108,5,5,0,2,123,2,21
2,9,19.0,234,0,2,0,5,6,2,10
2,3,28.0,325,3,13,1,13,123,1,18
2,3,28.0,325,3,19,0,0,64,4,18
0,0,31.0,290,3,6,3,10,47,0,20
2,7,6.0,293,2,1,0,8,9,1,23
2,7,13.0,125,2,18,1,12,135,0,25
2,10,7.0,213,3,18,1,11,15,4,11
2,2,7.0,258,4,19,1,3,12,0,11
3,1,10.0,17,3,9,0,1,35,3,4
3,5,18.0,195,3,18,0,8,9,1,0
3,4,9.0,18,4,11,1,6,91,0,12
3,4,17.0,19,5,1,0,11,133,2,6
3,2,25.0,233,1,22,1,3,44,1,13
2,1,21.0,164,2,17,0,13,48,1,21
2,8,2.0,363,0,2,1,13,38,0,22
2,8,1.0,77,3,17,0,7,20,4,7
3,6,13.0,317,5,19,2,8,9,3,25
3,10,14.0,174,0,20,1,16,65,4,5
2,11,10.0,360,2,23,1,0,53,1,4
2,10,29.0,157,0,12,0,6,7,1,16
0,0,28.0,249,4,12,1,8,41,1,18
2,3,26.0,361,5,13,1,13,99,4,3
2,7,16.0,95,6,11,0,3,79,1,2
2,6,2.0,99,3,14,0,3,79,1,22
2,7,21.0,211,4,12,0,1,59,1,21
2,5,14.0,200,1,14,1,14,25,0,5
3,9,6.0,51,4,13,2,9,95,3,23
3,7,8.0,94,6,13,1,12,84,1,8
3,5,25.0,350,3,9,1,0,15,4,13
3,5,24.0,58,6,19,1,11,133,0,14
3,6,10.0,149,1,4,0,5,6,0,4
3,10,18.0,246,5,1,1,9,134,4,0
3,8,18.0,75,4,13,0,4,5,2,0
3,9,6.0,51,4,20,1,13,28,1,23
3,2,27.0,136,4,13,0,3,103,2,15
2,8,29.0,103,3,18,2,1,81,3,16
2,4,5.0,176,6,3,0,5,6,0,24
3,11,13.0,312,0,8,0,9,95,2,25
3,3,28.0,187,0,12,0,5,47,2,18
3,1,6.0,97,2,0,0,12,17,3,23
3,4,20.0,115,0,21,1,13,21,2,29
3,0,22.0,241,0,3,1,10,43,0,26
2,3,28.0,325,3,20,1,13,123,1,18
2,5,20.0,351,0,13,0,5,12,2,29
2,6,26.0,116,2,1,1,10,52,2,3
2,10,28.0,318,3,17,0,14,126,1,18
2,2,4.0,127,0,8,0,12,17,3,30
3,0,24.0,55,2,8,3,8,33,3,14
2,7,9.0,329,6,3,0,6,73,4,12
2,6,1.0,352,6,8,0,16,74,2,7
3,5,31.0,196,6,18,0,14,24,2,20
3,10,3.0,310,4,0,0,12,56,1,27
3,4,21.0,339,1,9,3,12,100,4,21
3,0,24.0,55,2,4,0,2,40,4,14
2,8,30.0,144,0,3,0,10,6,3,19
0,0,30.0,228,6,0,0,15,46,4,19
3,5,8.0,199,4,7,1,12,104,0,8
3,1,16.0,2,6,23,1,16,50,1,2
3,11,14.0,147,1,4,1,10,23,1,5
2,9,29.0,98,4,22,0,11,133,2,16
3,8,10.0,71,2,6,0,2,13,3,4
3,9,7.0,271,5,9,0,12,135,3,11
2,8,30.0,144,0,19,0,13,21,1,19
3,5,26.0,37,0,3,2,16,37,1,3
3,11,14.0,147,1,2,2,1,11,2,5
3,11,16.0,225,4,17,1,13,48,0,2
2,11,6.0,252,6,19,2,5,6,3,23
3,9,8.0,90,6,15,1,8,118,1,8
2,4,6.0,133,3,11,1,3,79,0,23
3,6,2.0,352,0,2,1,13,48,0,22
3,11,31.0,227,5,11,0,7,78,2,20
3,11,31.0,227,5,9,0,5,6,1,20
2,11,11.0,175,4,8,0,16,37,2,9
3,8,11.0,306,4,0,1,15,51,0,9
3,9,8.0,90,6,22,0,4,70,3,8
2,4,6.0,133,3,4,0,0,96,3,23
3,6,2.0,352,0,8,2,13,48,3,22
3,11,31.0,227,5,3,0,5,12,3,20
2,11,5.0,240,5,15,0,3,30,0,24
2,11,23.0,232,1,0,2,6,89,3,17
3,8,19.0,280,5,19,0,5,64,3,10
3,9,9.0,320,3,4,0,16,72,1,12
2,4,7.0,292,0,16,1,14,24,0,11
3,6,7.0,169,6,6,0,11,18,3,11
3,9,7.0,271,5,11,1,2,35,4,11
2,11,5.0,240,5,4,0,0,12,0,24
3,8,24.0,85,2,20,0,9,95,4,14
3,9,24.0,272,0,14,0,13,48,2,14
2,4,7.0,292,0,12,2,11,98,0,11
3,6,17.0,244,1,8,0,12,56,0,6
2,11,12.0,118,5,19,2,1,35,0,28
3,8,24.0,85,2,4,0,11,133,3,14
2,11,29.0,270,0,3,1,14,24,4,16
2,11,31.0,227,2,8,0,13,29,3,20
2,11,31.0,227,2,1,1,14,25,0,20
2,9,5.0,89,0,6,0,2,40,1,24
2,9,5.0,89,0,11,0,16,74,2,24
2,9,5.0,89,0,19,0,11,18,1,24
2,9,5.0,89,0,19,1,9,93,4,24
2,9,12.0,177,0,0,0,8,41,1,28
2,11,1.0,222,0,6,0,10,30,3,7
2,11,1.0,222,0,21,0,2,123,1,7
2,11,1.0,222,0,10,0,0,12,1,7
2,11,1.0,222,0,3,0,9,63,0,7
2,11,1.0,222,0,14,0,6,128,2,7
2,11,9.0,311,1,16,0,5,6,0,12
2,11,9.0,311,1,17,0,7,78,3,12
2,11,16.0,225,1,16,0,0,53,3,2
2,11,16.0,225,1,17,0,12,61,1,2
2,11,18.0,332,4,20,0,4,5,1,0
2,11,18.0,332,4,3,0,7,62,2,0
2,11,18.0,332,4,14,0,9,102,2,0
2,9,1.0,126,4,14,0,5,6,0,7
2,9,1.0,126,4,22,1,1,35,4,7
2,9,2.0,323,5,4,2,8,27,0,22
2,9,9.0,320,5,14,0,10,52,0,12
2,9,10.0,156,6,13,2,10,22,3,4
2,11,22.0,250,0,22,1,4,82,1,26
2,11,1.0,222,0,0,0,2,2,4,7
2,11,1.0,222,0,2,2,2,69,3,7
2,11,9.0,311,1,7,0,0,85,1,12
2,11,9.0,311,1,21,1,10,47,1,12
2,11,16.0,225,1,1,0,3,76,4,2
2,9,1.0,126,4,16,0,0,85,3,7
2,9,1.0,126,4,21,0,7,137,1,7
2,9,1.0,126,4,21,0,8,118,0,7
2,9,1.0,126,4,8,2,4,45,2,7
2,9,1.0,126,4,5,0,12,17,3,7
2,9,1.0,126,4,19,2,4,82,1,7
2,9,1.0,126,4,8,0,2,2,0,7
2,9,9.0,320,5,5,0,1,59,2,12
2,11,18.0,332,4,1,1,5,12,1,0
2,9,10.0,156,6,23,3,14,25,0,4
2,9,10.0,156,6,18,0,6,73,1,4
2,9,10.0,156,6,23,1,16,113,1,4
2,9,11.0,52,3,13,0,14,106,1,9
2,9,11.0,52,3,18,2,1,67,3,9
2,9,11.0,52,3,11,0,11,15,2,9
2,9,25.0,344,3,6,2,2,2,1,13
2,9,25.0,344,3,21,1,4,5,0,13
2,11,6.0,252,6,23,0,0,77,1,23
2,11,6.0,252,6,8,0,6,14,3,23
2,11,6.0,252,6,9,2,0,0,3,23
2,11,11.0,175,4,18,0,6,73,3,9
2,11,13.0,312,6,21,2,15,37,0,25
2,11,13.0,312,6,19,0,7,78,0,25
2,11,20.0,340,6,5,0,12,84,1,29
2,11,23.0,232,1,10,1,0,12,0,17
2,11,31.0,227,2,0,0,0,12,0,20
2,7,1.0,160,5,5,0,10,22,2,7
2,11,9.0,311,1,12,0,10,6,3,12
2,11,9.0,311,1,4,0,2,69,0,12
2,11,16.0,225,1,6,0,0,53,0,2
2,11,16.0,225,1,15,0,15,46,1,2
2,11,16.0,225,1,12,0,8,118,1,2
2,11,18.0,332,4,21,0,5,64,3,0
2,9,1.0,126,4,4,0,15,46,4,7
2,9,1.0,126,4,10,0,7,8,2,7
2,9,9.0,320,5,8,0,2,86,0,12
2,9,10.0,156,6,1,0,13,99,3,4
2,9,11.0,52,3,13,0,9,49,1,9
2,9,11.0,52,3,15,1,2,123,4,9
2,9,25.0,344,3,15,0,1,11,1,13
2,9,27.0,179,1,16,0,0,85,0,15
2,9,27.0,179,1,8,0,16,65,4,15
2,9,27.0,179,1,14,0,13,28,4,15
2,7,10.0,197,3,6,0,2,13,1,4
2,11,9.0,311,1,1,1,0,26,4,12
2,3,26.0,361,5,15,2,0,0,3,3
3,9,24.0,272,0,4,0,13,28,1,14
2,2,6.0,153,2,5,0,5,6,1,23
3,8,25.0,86,4,14,0,10,22,2,13
3,6,17.0,244,1,18,0,2,86,3,6
2,4,7.0,292,0,19,1,9,63,4,11
3,6,7.0,169,6,4,0,6,7,2,11
3,7,9.0,273,3,0,1,3,30,0,12
3,6,18.0,308,2,16,0,5,12,3,0
3,10,7.0,243,0,16,0,14,25,1,11
3,10,7.0,243,0,11,2,5,6,3,11
3,10,7.0,243,0,8,0,15,77,3,11
3,10,7.0,243,0,2,0,10,22,0,11
3,10,15.0,60,1,10,0,13,99,2,1
3,10,24.0,261,4,23,0,12,17,3,14
3,10,26.0,61,6,16,1,15,114,1,3
3,10,26.0,61,6,1,0,11,18,1,3
3,10,26.0,61,6,1,0,10,47,3,3
3,10,25.0,56,5,8,0,14,24,2,13
3,1,16.0,2,6,22,1,13,38,4,2
3,1,16.0,2,6,18,2,12,56,3,2
3,1,17.0,63,3,13,0,3,103,0,6
3,1,17.0,63,3,22,1,8,19,1,6
3,8,11.0,306,4,2,0,16,113,2,9
3,8,11.0,306,4,18,0,9,57,3,9
3,8,19.0,280,5,17,0,10,47,3,10
3,8,19.0,280,5,19,0,1,59,3,10
3,8,24.0,85,2,0,0,3,30,3,14
3,8,24.0,85,2,2,0,7,20,3,14
3,9,7.0,271,5,17,0,12,104,1,11
3,9,7.0,271,5,8,2,2,69,3,11
3,9,8.0,90,6,23,2,0,12,3,8
3,9,7.0,271,5,3,1,13,99,0,11
3,9,8.0,90,6,13,1,0,31,4,8
3,9,9.0,320,3,0,1,9,27,0,12
3,9,26.0,267,2,2,2,2,69,0,3
3,7,9.0,273,3,13,0,2,86,0,12
3,7,9.0,273,3,7,2,5,64,3,12
3,7,18.0,154,1,23,0,1,11,4,0
3,7,18.0,154,1,17,3,2,2,3,0
3,7,18.0,154,1,12,0,9,9,2,0
3,7,25.0,41,1,4,2,1,81,3,13
3,7,25.0,41,1,8,3,2,69,0,13
3,7,31.0,43,0,18,0,8,65,4,20
3,3,9.0,44,2,6,0,13,29,2,12
3,3,9.0,44,2,4,0,9,93,1,12
3,5,8.0,199,4,13,0,1,11,4,8
3,5,26.0,37,0,3,0,13,13,0,3
3,6,7.0,169,6,16,2,11,15,3,11
3,6,7.0,169,6,16,2,2,2,0,11
3,6,17.0,244,1,21,0,5,6,0,6
3,6,17.0,244,1,4,1,2,92,1,6
3,6,18.0,308,2,1,1,15,39,0,0
2,2,8.0,21,5,8,0,12,84,3,8
2,2,8.0,21,5,9,0,13,21,0,8
2,2,8.0,21,5,8,1,9,95,4,8
2,0,7.0,9,6,0,0,13,36,1,11
2,0,7.0,9,6,11,0,15,31,2,11
2,0,7.0,9,6,8,0,3,30,2,11
2,0,31.0,365,1,21,1,0,15,0,20
2,0,31.0,365,1,15,0,4,121,2,20
2,0,31.0,365,1,9,0,16,74,1,20
3,11,6.0,252,0,1,0,13,38,3,23
3,11,16.0,225,4,2,0,8,27,1,2
3,11,31.0,227,5,13,1,1,105,4,20
3,11,31.0,227,5,7,1,10,52,1,20
3,11,31.0,227,5,12,0,0,15,1,20
2,10,12.0,346,5,9,0,14,24,2,28
2,1,29.0,100,4,18,1,14,107,4,16
3,7,27.0,53,4,1,1,16,50,1,15
3,1,13.0,207,2,1,1,2,35,4,25
3,4,30.0,139,4,5,3,12,56,1,19
3,2,16.0,220,3,20,1,0,53,0,2
2,11,10.0,360,2,22,0,5,0,2,4
2,7,11.0,181,0,19,0,4,66,0,9
2,8,21.0,354,6,18,2,8,33,1,21
2,0,22.0,237,3,9,0,2,40,1,26
2,4,23.0,27,2,2,0,14,24,3,17
3,7,9.0,273,3,23,1,6,91,0,12
3,8,26.0,278,5,13,1,12,56,1,3
3,8,28.0,224,3,5,1,16,65,4,18
3,7,9.0,273,3,18,0,5,12,3,12
3,6,16.0,38,0,12,0,8,27,1,2
3,1,2.0,171,6,17,1,0,68,1,22
2,4,23.0,27,2,9,2,5,64,3,17
3,7,18.0,154,1,13,0,0,68,1,0
3,8,28.0,224,3,17,1,5,6,2,18
3,2,20.0,264,4,15,0,6,7,0,29
3,6,16.0,38,0,8,0,6,89,1,2
2,0,7.0,9,6,17,1,11,133,0,11
3,4,26.0,80,3,4,0,1,1,3,3
3,0,12.0,113,5,1,1,7,62,0,28
3,3,18.0,165,5,1,1,10,47,1,0
0,0,14.0,5,4,23,1,0,26,1,5
2,11,20.0,340,6,15,0,11,133,1,29
2,7,21.0,211,4,1,3,9,57,0,21
2,7,29.0,42,5,9,0,3,30,1,16
2,6,4.0,342,1,9,1,4,138,4,30
3,3,24.0,357,4,1,1,14,25,0,14
3,10,27.0,302,3,14,1,1,59,4,15
3,10,23.0,247,2,4,1,0,85,1,17
3,4,13.0,221,0,19,1,10,22,1,25
2,5,12.0,184,3,13,0,1,105,4,28
2,0,29.0,228,3,9,3,8,9,3,16
3,4,12.0,134,3,18,3,14,126,3,28
2,0,22.0,237,3,3,0,1,11,2,26
3,1,13.0,207,2,16,1,1,105,0,25
1,4,27.0,274,4,17,0,15,46,1,15
2,4,15.0,25,1,9,0,13,69,4,1
3,11,5.0,240,3,2,0,10,22,0,24
3,5,7.0,349,2,18,0,8,118,4,11
3,6,1.0,158,3,3,0,9,87,2,7
3,1,8.0,62,5,18,1,5,6,0,8
3,0,3.0,334,2,17,2,1,35,3,27
2,9,21.0,362,2,21,0,6,128,1,21
2,9,21.0,362,2,9,1,12,17,4,21
3,4,8.0,292,2,6,1,14,25,0,8
3,4,9.0,18,4,18,3,11,94,4,12
3,0,27.0,23,6,6,1,10,47,0,15
3,0,10.0,129,2,10,1,0,12,0,4
3,0,10.0,129,2,10,2,2,69,4,4
3,0,25.0,281,4,4,0,2,40,4,13
3,0,27.0,23,6,13,3,5,64,3,15
3,0,28.0,249,3,8,1,0,0,4,18
3,6,16.0,38,0,14,1,2,71,4,2
3,6,15.0,49,3,13,1,6,7,4,1
3,6,17.0,244,1,18,1,9,10,4,6
3,10,15.0,60,1,4,0,7,78,3,1
3,10,17.0,256,4,21,2,2,40,3,6
3,10,17.0,256,4,19,2,13,99,4,6
3,10,17.0,256,4,9,1,10,47,0,6
3,10,25.0,56,5,5,1,0,15,1,13
3,8,19.0,280,5,19,0,3,115,3,10
3,8,24.0,85,2,8,0,4,82,0,14
3,8,25.0,86,4,15,2,4,4,3,13
3,4,10.0,79,5,23,1,16,65,4,4
3,4,18.0,26,6,15,0,4,4,1,0
3,4,18.0,26,6,9,2,2,2,1,0
3,4,25.0,20,6,5,1,14,106,4,13
3,2,19.0,137,2,12,0,6,89,1,10
3,2,28.0,257,5,19,0,12,80,3,18
3,2,28.0,257,5,19,1,11,55,4,18
3,0,26.0,14,5,2,0,2,69,0,3
3,0,28.0,249,3,3,0,0,77,3,18
2,6,30.0,208,3,23,1,7,122,1,19
2,6,30.0,208,3,13,0,5,0,3,19
2,10,13.0,174,6,8,0,6,7,2,25
2,10,22.0,247,0,13,0,6,7,2,26
2,10,24.0,56,2,16,0,10,23,1,14
2,10,24.0,56,2,21,2,10,6,3,14
2,10,24.0,56,2,22,0,14,25,3,14
2,10,30.0,135,1,17,0,5,12,3,19
2,10,30.0,135,1,10,2,15,31,1,19
2,10,30.0,135,1,8,0,9,87,2,19
2,10,31.0,203,2,23,0,13,29,2,20
2,10,31.0,203,2,4,0,8,118,1,20
2,1,17.0,82,6,6,0,0,26,1,6
2,1,17.0,82,6,8,1,1,81,4,6
2,11,11.0,175,4,1,0,15,31,0,9
2,11,20.0,340,6,14,3,5,12,3,29
2,6,6.0,169,4,4,1,14,34,0,23
2,6,14.0,49,5,14,3,1,105,3,5
2,10,23.0,261,1,19,0,11,133,0,17
2,1,5.0,97,0,7,0,10,47,2,24
2,8,16.0,74,0,17,0,1,105,1,2
3,0,3.0,334,2,18,2,6,14,3,27
2,0,7.0,9,6,11,1,0,64,4,11
3,6,18.0,308,2,0,0,14,34,3,0
3,7,25.0,41,1,14,1,11,133,4,13
0,8,14.0,296,4,17,1,4,82,1,5
2,0,15.0,11,3,11,0,0,31,3,1
3,6,18.0,308,2,17,0,6,89,4,0
2,7,13.0,125,2,18,1,10,47,1,25
2,8,30.0,144,0,4,2,3,115,3,19
2,0,15.0,11,3,19,2,0,53,0,1
3,10,15.0,60,1,23,0,12,17,2,1
3,10,15.0,60,1,13,0,6,89,4,1
3,6,18.0,308,2,21,0,6,89,1,0
3,10,17.0,256,4,4,0,8,9,1,6
3,10,24.0,261,4,4,0,13,99,4,14
3,10,24.0,261,4,18,0,7,20,0,14
3,10,25.0,56,5,0,2,14,24,3,13
3,10,25.0,56,5,15,1,10,12,0,13
3,10,25.0,56,5,17,0,2,2,1,13
3,10,7.0,243,0,0,0,5,12,1,11
3,10,7.0,243,0,22,2,9,102,3,11
3,10,15.0,60,1,6,0,0,77,1,1
3,10,15.0,60,1,18,0,1,105,3,1
3,10,24.0,261,4,10,0,9,102,1,14
3,10,24.0,261,4,12,0,5,6,0,14
3,6,17.0,244,1,13,0,12,80,2,6
3,1,7.0,32,4,21,1,0,26,0,11
3,1,7.0,32,4,3,0,6,89,1,11
3,1,7.0,32,4,1,0,12,80,0,11
3,1,7.0,32,4,19,0,10,30,3,11
3,8,19.0,280,5,20,0,8,19,4,10
3,8,28.0,224,3,14,2,8,33,1,18
3,4,10.0,79,5,5,1,14,131,1,4
3,4,10.0,79,5,13,1,8,65,4,4
3,4,10.0,79,5,14,1,9,83,4,4
3,4,11.0,121,6,15,0,13,28,3,9
3,4,18.0,26,6,9,2,8,27,3,0
3,4,25.0,20,6,11,0,4,79,2,13
3,4,25.0,20,6,15,0,8,9,1,13
3,4,26.0,80,3,7,0,5,6,3,3
3,4,26.0,80,3,14,0,13,28,2,3
3,2,2.0,143,3,16,1,0,26,0,22
3,2,2.0,143,3,8,0,5,12,1,22
3,1,16.0,2,6,3,0,3,44,2,2
3,8,10.0,71,2,13,0,6,91,1,4
3,8,19.0,280,5,19,0,13,69,1,10
3,8,24.0,85,2,12,1,2,69,1,14
3,8,24.0,85,2,1,1,11,98,4,14
3,8,25.0,86,4,16,0,0,85,1,13
3,8,25.0,86,4,0,0,15,39,4,13
3,8,28.0,224,3,17,2,10,22,3,18
3,8,28.0,224,3,9,0,6,89,1,18
3,4,11.0,121,6,14,2,6,89,1,9
3,4,25.0,20,6,2,0,13,28,1,13
3,4,25.0,20,6,15,0,6,73,4,13
3,4,26.0,80,3,14,2,5,6,0,3
3,4,26.0,80,3,13,1,9,83,4,3
3,2,2.0,143,3,21,1,1,67,0,22
3,2,2.0,143,3,2,0,14,34,4,22
3,2,19.0,137,2,19,1,11,129,4,10
3,2,28.0,257,5,14,2,8,27,3,18
3,0,10.0,129,2,22,0,9,101,2,4
3,0,27.0,23,6,15,0,1,11,4,15
3,0,28.0,249,3,10,0,1,35,3,18
2,7,14.0,205,4,4,1,7,20,4,5
2,7,12.0,238,1,17,1,16,39,4,28
2,11,12.0,118,5,20,0,5,12,2,28
2,7,22.0,202,5,5,1,15,85,0,26
2,7,22.0,202,5,8,0,12,61,0,26
2,7,22.0,202,5,12,0,1,59,2,26
2,7,30.0,43,6,13,0,14,88,2,19
2,7,30.0,43,6,3,0,9,54,1,19
2,7,30.0,43,6,3,1,10,52,1,19
2,7,30.0,43,6,18,0,7,120,1,19
2,5,4.0,96,6,17,0,2,69,1,30
2,5,4.0,96,6,19,0,5,6,0,30
2,5,4.0,96,6,1,0,8,9,3,30
2,5,5.0,277,3,5,0,9,134,3,24
2,5,5.0,277,3,4,0,8,33,3,24
2,5,15.0,239,2,11,2,6,7,2,1
2,5,16.0,212,4,11,0,5,64,2,2
2,6,5.0,83,2,22,1,10,22,0,24
2,11,14.0,147,3,20,1,2,69,2,5
2,4,16.0,19,2,4,2,11,15,0,2
2,11,21.0,192,3,19,0,8,118,0,21
3,11,6.0,252,0,0,0,8,41,1,23
2,4,22.0,30,1,22,0,14,97,1,26
3,11,14.0,147,1,7,0,3,30,1,5
2,4,23.0,27,2,10,0,2,86,1,17
2,4,23.0,27,2,7,2,13,38,0,17
2,0,15.0,11,3,12,2,2,86,0,1
2,0,31.0,365,1,15,0,15,114,2,20
3,11,6.0,252,0,5,2,15,31,2,23
3,11,6.0,252,0,8,0,12,80,0,23
3,11,6.0,252,0,19,0,8,9,0,23
3,11,6.0,252,0,13,2,12,104,3,23
3,11,8.0,283,2,17,0,9,54,1,8
3,11,16.0,225,4,4,2,6,7,4,2
3,11,31.0,227,5,12,0,15,39,2,20
3,9,7.0,271,5,22,1,9,87,4,11
3,9,7.0,271,5,6,0,5,6,3,11
3,9,8.0,90,6,13,0,9,54,2,8
3,9,24.0,272,0,0,2,9,54,1,14
3,9,24.0,272,0,22,0,1,59,1,14
3,9,24.0,272,0,1,0,4,4,0,14
3,9,26.0,267,2,0,0,7,20,1,3
3,7,18.0,154,1,22,2,1,16,3,0
3,6,2.0,352,0,0,2,10,47,3,22
3,6,2.0,352,0,18,1,10,52,0,22
3,6,7.0,169,6,14,2,15,108,2,11
3,6,15.0,49,3,14,0,10,12,3,1
3,9,7.0,271,5,18,0,10,22,1,11
3,9,24.0,272,0,9,1,12,104,4,14
3,7,9.0,273,3,22,1,14,125,4,12
3,7,25.0,41,1,22,0,9,27,1,13
3,7,31.0,43,0,23,1,9,57,0,20
3,3,9.0,44,2,1,0,1,11,4,12
3,5,8.0,199,4,21,1,16,50,0,8
3,5,26.0,37,0,14,0,1,81,2,3
3,6,2.0,352,0,1,0,4,45,3,22
3,6,7.0,169,6,9,0,3,79,1,11
3,6,15.0,49,3,3,0,2,71,4,1
3,6,15.0,49,3,14,0,10,22,2,1
3,6,16.0,38,0,14,0,0,77,3,2
3,6,17.0,244,1,18,2,2,2,1,6
3,10,7.0,243,0,3,0,5,12,3,11
3,10,7.0,243,0,4,2,2,69,3,11
3,10,7.0,243,0,21,1,2,86,1,11
3,10,15.0,60,1,6,0,7,120,3,1
3,10,19.0,117,6,17,2,3,30,0,10
3,10,24.0,261,4,23,0,10,47,3,14
3,10,24.0,261,4,3,0,5,6,0,14
3,10,24.0,261,4,3,1,4,82,1,14
3,10,24.0,261,4,1,2,16,130,0,14
3,10,25.0,56,5,12,1,6,116,1,13
3,10,25.0,56,5,18,0,5,47,3,13
3,1,7.0,32,4,17,3,1,105,4,11
3,1,7.0,32,4,15,0,14,32,3,11
3,8,24.0,85,2,2,1,10,47,0,14
3,8,25.0,86,4,2,2,13,29,3,13
3,8,28.0,224,3,3,0,2,40,4,18
3,4,10.0,79,5,22,0,2,2,2,4
3,4,10.0,79,5,5,0,8,118,1,4
3,4,11.0,121,6,5,1,6,7,4,9
3,4,25.0,20,6,12,0,5,12,1,13
3,4,25.0,20,6,15,0,0,64,2,13
3,4,26.0,80,3,18,1,13,38,1,3
3,2,2.0,143,3,6,2,10,47,3,22
3,2,2.0,143,3,16,1,12,84,0,22
3,2,19.0,137,2,7,0,0,15,3,10
3,2,19.0,137,2,19,1,9,10,4,10
3,2,28.0,257,5,21,0,5,6,3,18
3,2,28.0,257,5,15,0,5,12,3,18
3,0,10.0,129,2,11,1,6,128,1,4
3,0,25.0,281,4,23,0,15,46,1,13
3,0,25.0,281,4,9,0,1,35,4,13
3,0,27.0,23,6,8,0,14,25,2,15
2,11,28.0,123,3,16,1,4,127,0,18
3,9,8.0,90,6,14,0,10,12,1,8
2,11,30.0,170,1,21,0,5,6,2,19
2,11,30.0,170,1,15,0,2,69,1,19
2,9,22.0,92,4,23,2,10,47,3,26
3,9,24.0,272,0,13,0,10,47,2,14
2,9,22.0,92,4,15,0,10,47,1,26
2,7,7.0,94,4,12,0,16,72,3,11
3,9,24.0,272,0,18,0,0,64,0,14
2,7,12.0,238,1,16,0,5,12,3,28
3,9,24.0,272,0,3,1,14,25,4,14
3,9,26.0,267,2,10,0,8,19,4,3
3,9,26.0,267,2,14,0,1,59,1,3
3,7,18.0,154,1,6,0,0,53,3,0
3,5,8.0,199,4,4,0,13,13,1,8
3,5,8.0,199,4,0,1,14,24,0,8
3,6,2.0,352,0,17,2,12,84,3,22
3,6,2.0,352,0,6,0,6,7,0,22
3,6,2.0,352,0,20,0,13,28,1,22
3,6,7.0,169,6,2,0,12,80,4,11
3,5,26.0,37,0,2,0,14,24,2,3
3,6,16.0,38,0,16,0,10,52,0,2
3,6,16.0,38,0,15,2,11,15,0,2
3,6,18.0,308,2,0,0,8,19,0,0
3,10,7.0,243,0,1,0,10,6,3,11
3,10,15.0,60,1,17,0,7,137,3,1
3,10,19.0,117,6,19,0,6,7,0,10
3,10,24.0,261,4,3,0,4,79,4,14
3,10,24.0,261,4,4,0,6,89,1,14
3,10,25.0,56,5,10,0,6,128,1,13
3,10,25.0,56,5,22,2,10,22,3,13
3,10,26.0,61,6,5,0,0,64,3,3
3,10,26.0,61,6,13,0,12,104,1,3
3,10,26.0,61,6,2,0,10,47,3,3
3,1,7.0,32,4,17,1,7,8,0,11
3,1,7.0,32,4,0,0,4,45,0,11
3,1,7.0,32,4,1,0,2,60,4,11
3,1,11.0,111,0,21,0,13,21,4,9
3,1,11.0,111,0,20,0,16,72,3,9
3,1,11.0,111,0,13,0,4,82,3,9
3,1,16.0,2,6,2,1,12,61,2,2
3,1,17.0,63,3,0,0,2,92,1,6
3,1,17.0,63,3,5,1,10,52,1,6
3,8,10.0,71,2,16,0,1,59,1,4
3,8,10.0,71,2,14,0,10,43,3,4
3,8,10.0,71,2,9,0,0,26,3,4
3,8,10.0,71,2,12,0,13,99,3,4
3,8,19.0,280,5,17,0,15,31,3,10
3,8,19.0,280,5,7,2,11,15,3,10
3,8,19.0,280,5,1,2,5,6,0,10
3,8,24.0,85,2,8,0,10,23,3,14
3,8,28.0,224,3,5,0,1,35,4,18
3,4,10.0,79,5,23,2,13,29,0,4
3,4,10.0,79,5,11,0,3,30,3,4
3,4,10.0,79,5,12,0,6,7,0,4
3,4,11.0,121,6,19,0,9,10,4,9
3,4,18.0,26,6,13,0,13,28,0,0
3,4,18.0,26,6,8,0,16,65,0,0
3,4,25.0,20,6,20,0,10,12,1,13
3,4,25.0,20,6,17,1,13,99,0,13
3,2,2.0,143,3,17,2,7,62,3,22
3,2,2.0,143,3,15,0,2,13,3,22
3,4,25.0,20,6,8,1,15,46,4,13
3,2,28.0,257,5,17,0,0,26,1,18
3,2,28.0,257,5,14,0,8,118,2,18
3,0,26.0,14,5,13,0,3,79,0,3
3,0,26.0,14,5,9,0,12,80,1,3
3,0,27.0,23,6,10,1,13,48,0,15
2,7,12.0,238,1,22,0,5,6,0,28
2,7,14.0,205,4,21,1,12,100,0,5
2,7,14.0,205,4,8,2,13,99,3,5
2,7,14.0,205,4,12,0,4,66,3,5
2,7,14.0,205,4,4,0,8,19,3,5
2,4,7.0,292,0,14,1,8,27,1,11
2,4,23.0,27,2,12,0,10,22,3,17
2,4,24.0,20,4,7,0,6,7,4,14
2,0,7.0,9,6,3,2,11,133,0,11
2,0,7.0,9,6,5,1,9,63,4,11
2,0,31.0,365,1,16,1,4,66,0,20
3,11,6.0,252,0,19,0,10,23,1,23
3,11,16.0,225,4,4,2,0,31,0,2
3,11,31.0,227,5,20,1,2,13,1,20
3,9,7.0,271,5,22,0,12,135,1,11
3,9,8.0,90,6,8,0,9,49,1,8
3,9,24.0,272,0,15,1,13,99,4,14
3,9,24.0,272,0,8,1,15,96,4,14
3,9,24.0,272,0,3,1,4,4,1,14
3,7,9.0,273,3,0,1,4,4,0,12
3,7,9.0,273,3,13,0,2,123,2,12
3,7,25.0,41,1,22,0,9,54,1,13
3,7,25.0,41,1,1,2,15,119,0,13
3,3,9.0,44,2,0,2,3,79,1,12
3,5,26.0,37,0,2,2,13,28,3,3
3,6,2.0,352,0,1,0,2,92,3,22
3,6,7.0,169,6,22,0,2,13,2,11
3,6,16.0,38,0,11,1,3,79,1,2
2,10,13.0,174,6,6,0,3,30,1,25
2,10,13.0,174,6,13,0,7,31,3,25
2,10,13.0,174,6,14,0,1,35,4,25
2,10,22.0,247,0,21,1,14,106,0,26
2,10,25.0,61,4,8,0,1,59,1,13
2,10,25.0,61,4,18,0,1,67,0,13
2,10,30.0,135,1,9,0,14,32,3,19
2,1,6.0,32,1,6,0,12,135,1,23
2,1,6.0,32,1,3,0,15,108,1,23
2,1,17.0,82,6,12,0,10,6,3,6
2,1,31.0,66,6,2,0,10,22,3,20
2,8,22.0,102,3,8,0,4,75,2,26
2,8,24.0,86,1,21,0,9,95,4,14
2,8,24.0,86,1,6,0,6,128,1,14
2,8,25.0,278,2,6,1,13,28,1,13
2,8,25.0,278,2,18,0,8,118,1,13
2,8,30.0,144,0,4,0,8,19,4,19
2,8,30.0,144,0,14,2,10,22,3,19
2,4,6.0,133,3,14,0,14,34,2,23
2,4,16.0,19,2,10,1,9,102,4,2
2,4,16.0,19,2,6,2,5,12,3,2
2,4,16.0,19,2,19,0,13,99,1,2
2,4,22.0,30,1,16,0,6,128,1,26
2,4,22.0,30,1,19,1,9,87,4,26
2,4,24.0,20,4,15,1,15,114,0,14
2,8,24.0,86,1,18,0,13,38,1,14
2,8,25.0,278,2,17,2,5,64,3,13
2,8,25.0,278,2,15,0,4,75,3,13
2,8,25.0,278,2,3,1,7,57,2,13
2,8,30.0,144,0,23,0,0,64,3,19
2,8,30.0,144,0,15,0,14,34,0,19
2,0,19.0,172,4,12,1,6,7,1,10
2,0,20.0,287,5,13,0,3,115,3,29
2,0,20.0,287,5,2,2,6,91,3,29
3,3,30.0,304,2,12,0,4,82,1,19
2,0,20.0,287,5,2,1,2,13,4,29
3,5,2.0,307,5,4,0,6,91,4,22
2,0,20.0,287,5,9,0,10,23,1,29
3,5,2.0,307,5,8,1,6,91,4,22
2,0,28.0,191,6,12,1,11,10,4,18
2,11,1.0,222,0,15,0,2,71,4,7
2,8,11.0,284,2,22,1,0,12,0,9
2,11,1.0,222,0,6,0,0,12,0,7
2,11,2.0,265,1,17,0,14,106,4,22
3,8,4.0,299,4,8,2,13,48,2,30
2,9,15.0,226,4,18,0,10,22,1,1
3,1,22.0,164,5,2,0,5,6,0,26
3,11,18.0,332,6,8,1,9,134,4,0
2,11,7.0,253,3,15,1,13,38,4,11
2,11,8.0,283,0,16,3,12,100,4,8
2,11,17.0,110,2,7,0,2,86,3,6
2,11,24.0,194,2,16,0,0,12,0,14
2,11,24.0,194,2,0,0,2,2,1,14
2,11,24.0,194,2,13,1,11,15,1,14
2,9,16.0,107,5,13,2,15,39,1,2
2,9,16.0,107,5,4,2,10,22,0,2
3,7,12.0,181,2,15,0,14,106,0,28
2,9,18.0,359,3,6,1,15,108,1,0
2,9,18.0,359,3,6,0,7,78,3,0
2,9,18.0,359,3,8,0,10,22,0,0
2,9,19.0,234,0,20,1,14,88,1,10
2,9,24.0,272,6,11,1,12,61,4,14
2,9,24.0,272,6,12,0,13,38,4,14
2,9,26.0,267,0,13,0,11,98,1,3
2,9,26.0,267,0,14,2,6,7,0,3
2,7,2.0,269,6,2,2,1,16,0,22
2,9,19.0,234,0,20,0,13,21,2,10
2,7,9.0,329,6,4,0,15,31,1,12
2,7,9.0,329,6,13,0,14,34,2,12
2,8,4.0,101,2,8,0,8,118,3,30
2,8,11.0,284,2,18,0,13,38,0,9
2,8,13.0,296,5,3,1,14,24,4,25
2,8,13.0,296,5,4,0,0,96,3,25
2,4,2.0,279,2,14,2,4,45,2,22
2,4,3.0,178,4,23,0,1,1,4,27
2,4,3.0,178,4,17,1,11,18,0,27
2,4,20.0,339,3,0,1,10,47,1,29
2,4,26.0,274,6,5,0,14,24,1,3
2,4,30.0,67,2,14,0,13,13,0,19
2,2,4.0,127,0,3,0,5,6,0,30
2,2,10.0,297,3,12,0,11,18,2,4
2,2,12.0,276,1,16,0,1,67,0,28
2,2,12.0,276,1,14,0,11,94,3,28
2,2,12.0,276,1,18,3,10,23,1,28
2,2,10.0,297,3,12,0,13,29,3,4
2,2,19.0,264,1,12,1,11,90,4,10
2,2,22.0,230,5,14,2,14,25,0,26
2,2,30.0,8,6,6,0,9,95,2,19
2,0,4.0,122,2,0,0,0,26,3,30
2,0,4.0,122,2,15,0,11,18,1,30
3,5,14.0,36,2,9,0,7,20,1,5
2,0,4.0,122,2,22,2,14,25,0,30
2,0,10.0,10,1,7,0,14,24,1,4
2,0,10.0,10,1,13,0,9,63,3,4
2,0,11.0,113,2,16,0,14,34,0,9
2,0,10.0,10,1,14,0,11,117,1,4
2,0,4.0,122,2,22,0,6,91,1,30
2,0,4.0,122,2,1,0,2,2,4,30
2,0,4.0,122,2,4,0,6,89,1,30
2,0,4.0,122,2,4,0,4,82,3,30
2,0,4.0,122,2,7,3,14,24,1,30
2,0,4.0,122,2,22,0,2,69,0,30
2,0,10.0,10,1,17,0,13,38,0,4
2,0,10.0,10,1,23,2,9,87,0,4
2,0,10.0,10,1,4,1,16,37,4,4
2,0,10.0,10,1,18,0,5,6,0,4
2,0,19.0,172,4,15,3,2,69,2,10
2,0,19.0,172,4,3,0,0,26,2,10
2,0,4.0,122,2,6,0,5,12,0,30
2,0,20.0,287,5,18,1,13,48,4,29
2,0,28.0,191,6,17,0,4,75,1,18
2,0,28.0,191,6,1,0,3,4,0,18
3,11,10.0,360,5,21,0,15,31,1,4
3,11,10.0,360,5,4,1,15,46,4,4
3,11,10.0,360,5,12,0,5,0,2,4
3,11,10.0,360,5,1,0,3,30,0,4
3,11,10.0,360,5,13,0,4,138,2,4
3,11,18.0,332,6,8,0,6,89,3,0
3,11,18.0,332,6,12,1,14,126,4,0
3,11,19.0,321,3,12,0,8,41,1,10
3,11,19.0,321,3,5,3,1,1,3,10
3,11,28.0,123,1,4,0,14,34,4,18
3,9,10.0,156,0,11,2,8,27,0,4
2,0,19.0,172,4,16,2,3,115,3,10
2,0,19.0,172,4,23,1,0,77,0,10
2,0,19.0,172,4,13,0,1,35,4,10
2,0,19.0,172,4,23,0,14,25,1,10
2,0,19.0,172,4,19,1,12,56,4,10
2,0,20.0,287,5,14,0,0,77,1,29
2,0,20.0,287,5,19,2,8,27,3,29
3,11,18.0,332,6,10,2,11,18,3,0
3,11,18.0,332,6,22,0,4,138,3,0
2,3,16.0,54,1,10,0,2,2,1,2
0,0,31.0,290,3,17,0,3,30,1,20
3,1,22.0,164,5,9,2,8,27,3,26
3,11,19.0,321,3,4,0,10,22,2,10
3,0,4.0,229,4,20,0,6,89,2,30
3,7,12.0,181,2,17,1,16,72,0,28
2,3,25.0,343,4,12,0,12,121,1,13
2,5,18.0,146,6,7,0,8,33,3,0
0,6,1.0,158,4,17,0,9,54,1,7
3,5,12.0,327,0,16,0,7,78,0,28
3,5,19.0,146,0,0,0,16,72,3,10
3,5,19.0,146,0,22,1,5,64,2,10
3,5,19.0,146,0,20,0,6,73,2,10
3,5,19.0,146,0,2,0,13,38,2,10
3,5,19.0,146,0,19,0,13,28,0,10
3,5,19.0,146,0,11,1,11,55,4,10
3,5,20.0,214,1,6,0,4,45,0,29
3,5,20.0,214,1,0,0,5,12,3,29
3,5,20.0,214,1,8,0,2,2,0,29
3,5,21.0,351,2,21,0,9,101,2,21
3,5,21.0,351,2,19,0,14,25,0,21
3,7,12.0,181,2,7,1,9,10,0,28
3,3,5.0,324,6,20,1,0,53,4,24
2,2,10.0,297,3,9,2,10,47,2,4
3,5,19.0,146,0,16,0,2,71,2,10
3,3,5.0,324,6,12,0,2,2,1,24
3,3,5.0,324,6,12,0,2,13,3,24
3,3,10.0,4,4,6,0,11,15,1,4
3,3,10.0,4,4,3,0,1,59,2,4
3,3,12.0,104,6,15,0,3,44,1,28
3,3,30.0,304,2,17,0,14,25,2,19
3,5,2.0,307,5,15,0,1,35,3,22
3,5,14.0,36,2,16,0,5,12,3,5
3,5,14.0,36,2,0,2,9,57,3,5
3,5,20.0,214,1,12,0,4,82,1,29
3,5,21.0,351,2,13,0,16,72,1,21
3,5,21.0,351,2,8,0,8,9,1,21
3,5,28.0,259,2,6,2,2,86,3,18
3,5,28.0,259,2,5,0,15,114,1,18
3,5,28.0,259,2,12,0,10,23,3,18
3,5,29.0,24,4,8,0,10,47,0,16
3,5,29.0,24,4,4,0,10,47,0,16
3,5,29.0,24,4,18,1,10,12,0,16
3,6,21.0,193,6,16,1,15,96,0,21
3,6,21.0,193,6,19,0,13,13,1,21
3,6,23.0,84,0,5,0,9,49,3,17
3,10,3.0,310,4,0,1,2,13,0,27
3,10,3.0,310,4,3,1,5,12,1,27
3,10,3.0,310,4,18,0,10,52,1,27
3,5,14.0,36,2,6,0,5,0,3,5
3,5,19.0,146,0,20,0,9,102,1,10
3,5,19.0,146,0,12,0,7,111,4,10
3,5,19.0,146,0,18,0,15,112,3,10
3,5,19.0,146,0,9,2,10,52,0,10
3,5,20.0,214,1,6,0,4,75,4,29
3,5,20.0,214,1,7,0,10,47,0,29
3,5,20.0,214,1,4,0,9,134,1,29
3,5,20.0,214,1,4,0,10,22,2,29
3,5,20.0,214,1,9,0,15,39,3,29
3,5,21.0,351,2,7,0,16,108,3,21
3,5,19.0,146,0,5,1,11,117,1,10
3,5,21.0,351,2,22,0,6,89,1,21
3,5,21.0,351,2,23,1,5,6,0,21
3,5,28.0,259,2,12,0,7,31,0,18
3,5,28.0,259,2,18,0,2,86,3,18
3,5,29.0,24,4,20,0,3,30,1,16
3,5,29.0,24,4,10,0,11,15,2,16
3,5,29.0,24,4,1,0,14,107,3,16
3,5,29.0,24,4,8,3,7,54,4,16
3,5,29.0,24,4,18,2,9,95,3,16
3,5,31.0,196,6,16,0,0,77,4,20
3,5,31.0,196,6,13,0,10,47,3,20
3,5,31.0,196,6,12,0,6,7,1,20
3,6,21.0,193,6,11,0,8,9,0,21
3,6,21.0,193,6,1,0,0,64,3,21
2,10,9.0,245,1,7,0,13,13,1,12
2,10,10.0,298,2,15,0,16,50,4,4
0,4,19.0,142,4,5,3,9,93,4,10
2,9,10.0,156,6,8,2,16,37,3,4
2,9,9.0,320,5,8,3,0,85,4,12
0,4,1.0,144,3,20,0,6,128,1,7
2,10,2.0,310,1,14,0,3,115,0,22
2,8,9.0,71,0,1,0,13,48,4,12
2,4,29.0,139,1,15,1,8,27,1,16
2,2,20.0,108,2,18,1,14,34,2,29
2,2,29.0,131,5,15,0,12,135,1,16
3,5,6.0,277,1,15,0,13,29,2,23
3,10,6.0,242,3,15,1,12,56,1,23
3,10,20.0,223,3,9,0,9,109,2,29
3,9,28.0,315,5,13,2,10,52,3,18
2,3,14.0,35,3,22,0,6,89,2,5
3,5,19.0,146,0,15,0,16,50,3,10
3,9,28.0,315,5,18,0,0,85,1,18
3,7,12.0,181,2,4,0,12,80,0,28
2,3,30.0,109,1,2,0,13,99,3,19
2,2,12.0,276,1,15,0,16,42,1,28
3,1,22.0,164,5,12,0,1,35,2,26
3,11,19.0,321,3,14,1,7,62,0,10
2,2,12.0,276,1,19,2,1,59,3,28
3,9,13.0,91,4,17,3,11,98,4,25
3,9,12.0,177,2,8,1,3,70,1,28
2,1,23.0,64,5,20,3,14,97,1,17
2,10,10.0,298,2,12,0,14,24,2,4
3,8,5.0,101,5,21,1,3,44,0,24
3,5,28.0,259,2,17,1,7,62,0,18
3,11,28.0,123,1,13,0,4,82,2,18
3,5,19.0,146,0,19,0,3,30,1,10
3,3,4.0,285,5,21,3,0,0,0,30
3,9,18.0,359,1,6,0,10,22,1,0
2,10,10.0,298,2,18,0,10,47,3,4
3,1,22.0,164,5,7,0,6,132,1,26
3,8,5.0,101,5,13,0,15,112,1,24
3,5,28.0,259,2,16,0,0,12,3,18
3,11,28.0,123,1,12,1,14,126,4,18
3,5,20.0,214,1,20,0,15,108,1,29
3,3,3.0,182,4,20,1,3,115,1,27
3,9,19.0,234,2,3,0,10,47,1,10
3,1,22.0,164,5,3,2,15,37,0,26
2,10,10.0,298,2,2,1,3,103,4,4
3,8,12.0,284,5,4,0,13,38,2,28
3,5,28.0,259,2,11,0,11,124,0,18
3,5,20.0,214,1,5,2,10,47,3,29
3,11,28.0,123,1,8,0,16,139,1,18
3,5,11.0,326,3,22,0,13,28,2,9
3,9,19.0,234,2,8,0,13,69,4,10
3,1,22.0,164,5,22,2,10,30,0,26
3,9,19.0,234,2,2,0,3,30,3,10
2,10,9.0,245,1,19,3,8,118,3,12
3,9,10.0,156,0,15,0,15,51,3,4
3,3,13.0,210,3,14,0,0,96,2,25
3,9,19.0,234,2,1,0,1,35,3,10
2,10,18.0,117,4,1,1,11,117,2,0
3,5,19.0,146,0,19,0,15,114,1,10
3,9,10.0,156,0,2,0,15,114,3,4
3,10,5.0,336,6,13,0,2,2,1,24
2,2,22.0,230,5,3,2,16,130,3,26
2,2,28.0,140,4,3,0,13,29,3,18
2,2,28.0,140,4,14,0,3,76,0,18
2,2,30.0,8,6,15,0,1,35,3,19
2,0,10.0,10,1,14,2,16,37,1,4
2,0,11.0,113,2,6,0,2,69,4,9
2,0,11.0,113,2,16,0,10,47,0,9
2,0,11.0,113,2,13,0,5,12,1,9
2,0,11.0,113,2,12,0,3,4,0,9
2,0,10.0,10,1,12,1,14,110,4,4
2,0,11.0,113,2,4,2,9,95,2,9
2,0,11.0,113,2,18,0,5,12,2,9
2,0,28.0,191,6,15,0,6,7,0,18
3,2,15.0,130,6,20,0,12,61,4,1
3,2,15.0,130,6,18,0,10,12,1,1
3,0,13.0,198,6,11,0,9,95,3,25
3,0,13.0,198,6,15,0,14,24,2,25
3,0,13.0,198,6,5,1,2,3,4,25
3,0,13.0,198,6,22,0,13,36,4,25
3,0,13.0,198,6,4,0,2,2,2,25
3,0,13.0,198,6,18,0,2,123,1,25
3,0,13.0,198,6,9,2,3,30,0,25
3,0,24.0,55,2,10,1,11,18,1,14
3,2,7.0,153,5,6,0,10,47,0,11
3,2,7.0,153,5,11,0,15,51,1,11
3,2,7.0,153,5,15,0,3,76,1,11
3,2,7.0,153,5,22,1,9,101,4,11
3,2,7.0,153,5,16,1,13,36,2,11
3,2,15.0,130,6,11,0,10,22,1,1
3,2,15.0,130,6,2,0,1,59,0,1
3,0,6.0,260,6,3,0,9,27,0,23
3,0,6.0,260,6,22,0,10,47,2,23
3,0,7.0,15,3,17,2,16,74,1,11
3,0,7.0,15,3,3,2,9,63,3,11
3,0,7.0,15,3,14,2,6,7,3,11
3,0,13.0,198,6,5,0,4,75,2,25
3,0,13.0,198,6,13,0,8,33,2,25
3,0,13.0,198,6,8,0,8,9,2,25
3,0,14.0,5,3,19,0,5,6,2,5
3,11,10.0,360,5,3,0,10,43,3,4
3,11,18.0,332,6,18,0,13,28,0,0
3,11,18.0,332,6,22,0,13,38,2,0
3,11,19.0,321,3,5,0,5,6,2,10
3,11,19.0,321,3,21,1,15,119,4,10
3,11,19.0,321,3,20,1,6,91,4,10
3,11,19.0,321,3,2,1,7,129,4,10
3,11,19.0,321,3,11,1,11,55,4,10
3,11,28.0,123,1,12,1,9,93,4,18
3,9,10.0,156,0,13,0,13,36,1,4
3,9,10.0,156,0,19,0,14,34,3,4
3,9,10.0,156,0,4,0,6,73,1,4
3,9,10.0,156,0,5,1,5,12,0,4
3,9,11.0,52,1,17,0,0,12,1,9
3,9,12.0,177,2,16,0,11,18,0,28
3,9,12.0,177,2,6,0,15,51,3,28
3,9,12.0,177,2,12,0,8,9,1,28
3,9,11.0,52,1,2,0,2,2,1,9
3,9,12.0,177,2,9,0,16,139,4,28
3,9,18.0,359,1,16,0,5,12,3,0
3,9,18.0,359,1,13,3,9,95,3,0
3,0,7.0,15,3,2,0,7,8,3,11
3,0,13.0,198,6,9,0,13,48,0,25
3,0,14.0,5,3,9,0,12,61,1,5
3,0,24.0,55,2,15,0,0,26,3,14
3,6,30.0,145,0,13,3,12,61,4,19
3,2,4.0,254,1,1,2,3,44,2,30
3,2,6.0,251,4,23,1,2,2,1,23
2,9,17.0,255,6,4,1,9,134,4,6
2,7,8.0,273,5,18,1,9,27,0,8
2,3,17.0,165,2,9,0,15,51,1,6
0,2,16.0,220,4,22,0,9,102,1,2
2,5,1.0,307,2,17,3,9,63,1,7
1,4,31.0,67,0,17,0,12,104,4,20
3,9,18.0,359,1,19,0,16,74,0,0
3,8,12.0,284,5,9,0,1,11,4,28
3,9,11.0,52,1,4,0,5,6,0,9
3,5,29.0,24,4,21,0,16,37,1,16
3,5,20.0,214,1,7,1,4,5,4,29
3,5,21.0,351,2,0,0,0,31,2,21
2,10,18.0,117,4,3,0,9,93,4,0
3,8,14.0,296,3,16,0,5,12,3,5
3,5,21.0,351,2,6,0,13,29,3,21
3,9,21.0,362,5,22,0,12,100,1,21
3,5,29.0,24,4,0,1,2,13,0,16
3,9,11.0,52,1,2,1,9,93,4,9
2,10,28.0,318,3,11,1,12,17,1,18
3,8,14.0,296,3,3,1,13,28,0,5
3,7,2.0,160,3,19,2,14,25,3,22
3,7,2.0,160,3,19,0,2,2,1,22
3,5,29.0,24,4,17,1,4,4,0,16
3,9,12.0,177,2,17,0,5,12,3,28
2,10,28.0,318,3,22,0,0,53,0,18
3,8,14.0,296,3,4,0,10,47,3,5
3,7,3.0,269,0,7,1,14,107,0,27
3,7,3.0,269,0,3,0,12,104,4,27
3,7,3.0,269,0,13,2,8,118,0,27
3,7,3.0,269,0,5,1,6,7,4,27
3,7,10.0,329,0,0,2,7,78,0,4
3,7,10.0,329,0,15,0,5,6,3,4
3,7,10.0,329,0,19,0,8,9,2,4
3,7,10.0,329,0,13,1,9,10,4,4
3,7,12.0,181,2,19,1,5,12,1,28
3,3,5.0,324,6,22,1,9,10,4,24
3,3,5.0,324,6,8,0,15,51,2,24
3,3,10.0,4,4,10,0,4,121,1,4
3,3,10.0,4,4,20,1,13,28,1,4
3,3,10.0,4,4,4,0,1,11,4,4
3,3,10.0,4,4,22,1,16,72,4,4
3,3,12.0,104,6,16,2,0,77,0,28
3,3,12.0,104,6,20,0,6,7,1,28
3,3,12.0,104,6,20,0,7,62,3,28
3,3,12.0,104,6,22,0,6,89,3,28
3,3,30.0,304,2,4,1,15,114,4,19
3,5,2.0,307,5,6,2,5,64,1,22
3,5,2.0,307,5,13,3,1,67,0,22
3,5,12.0,327,0,22,0,5,6,0,28
2,5,20.0,351,0,6,0,8,9,4,29
2,5,28.0,24,1,4,0,3,30,0,18
2,6,1.0,352,6,17,0,16,50,1,7
2,6,1.0,352,6,2,0,14,25,0,7
2,6,2.0,99,3,20,0,7,57,2,22
2,6,2.0,99,3,18,0,8,41,4,22
2,6,3.0,159,0,17,0,2,40,2,27
2,6,2.0,99,3,12,1,11,15,0,22
2,6,3.0,159,0,20,1,13,69,4,27
2,6,3.0,159,0,9,0,8,9,1,27
2,6,17.0,308,0,12,0,8,27,4,6
2,6,17.0,308,0,18,0,3,79,1,6
2,6,20.0,193,4,6,0,11,18,1,29
2,6,20.0,193,4,0,0,11,18,1,29
2,6,20.0,193,4,14,0,13,48,1,29
2,6,20.0,193,4,9,2,1,81,3,29
2,6,26.0,116,2,3,0,10,12,0,3
2,10,3.0,356,2,14,0,2,71,2,27
2,10,4.0,336,4,6,2,5,6,3,30
2,10,4.0,336,4,5,0,6,7,4,30
2,10,4.0,336,4,19,0,9,10,3,30
2,10,9.0,245,1,15,0,15,77,3,12
3,7,20.0,266,4,17,2,10,47,0,29
3,7,12.0,181,2,14,0,13,38,2,28
3,3,5.0,324,6,0,0,16,74,3,24
3,3,5.0,324,6,1,0,13,29,1,24
3,3,5.0,324,6,4,0,0,68,0,24
3,3,10.0,4,4,5,0,10,47,3,4
3,3,10.0,4,4,3,0,1,105,4,4
3,3,10.0,4,4,3,2,13,29,2,4
3,3,10.0,4,4,19,3,3,30,3,4
3,3,5.0,324,6,0,1,10,47,1,24
3,3,10.0,4,4,22,1,12,135,4,4
3,3,12.0,104,6,14,0,2,123,0,28
3,3,30.0,304,2,15,0,12,61,1,19
3,3,30.0,304,2,5,0,6,91,1,19
3,3,30.0,304,2,12,1,12,56,4,19
3,5,2.0,307,5,3,0,10,12,0,22
3,5,2.0,307,5,15,1,13,29,4,22
3,5,2.0,307,5,14,1,0,53,0,22
3,5,12.0,327,0,0,0,14,34,1,28
3,5,12.0,327,0,12,0,8,9,0,28
3,5,14.0,36,2,10,1,13,13,2,5
3,5,19.0,146,0,5,0,11,98,2,10
3,5,19.0,146,0,5,0,0,96,0,10
3,3,5.0,324,6,19,0,9,87,0,24
3,3,5.0,324,6,14,2,8,33,0,24
3,3,12.0,104,6,16,0,5,47,3,28
3,3,12.0,104,6,18,0,14,24,1,28
3,3,30.0,304,2,0,0,0,85,3,19
3,8,14.0,296,3,8,0,8,118,2,5
3,7,3.0,269,0,9,0,11,129,3,27
3,9,12.0,177,2,8,0,5,6,0,28
3,8,14.0,296,3,14,0,16,130,3,5
3,7,3.0,269,0,20,1,7,137,1,27
3,5,28.0,259,2,16,1,7,54,4,18
3,8,22.0,354,0,2,0,9,49,1,26
3,8,22.0,354,0,11,0,9,54,1,26
3,4,21.0,339,1,0,0,12,121,4,21
3,1,12.0,353,1,18,0,11,94,2,28
3,4,24.0,27,5,5,0,0,26,1,14
3,2,7.0,153,5,16,0,8,9,4,11
3,2,12.0,128,2,0,0,0,77,1,28
3,8,5.0,101,5,19,0,3,4,3,24
3,8,12.0,284,5,1,0,8,9,1,28
3,8,14.0,296,3,13,0,0,0,2,5
3,8,14.0,296,3,19,3,11,15,3,5
3,8,21.0,46,3,14,0,16,42,1,21
3,8,21.0,46,3,6,1,9,95,4,21
3,8,22.0,354,0,13,0,12,121,3,26
3,8,22.0,354,0,11,1,10,23,1,26
3,4,14.0,345,1,0,0,15,114,1,5
3,4,14.0,345,1,8,0,2,2,0,5
3,4,14.0,345,1,19,0,2,69,0,5
3,4,21.0,339,1,12,1,13,99,0,21
3,4,21.0,339,1,4,0,7,57,2,21
3,4,24.0,27,5,16,0,14,25,1,14
3,4,24.0,27,5,20,1,11,117,1,14
3,2,12.0,128,2,8,0,13,28,3,28
3,2,12.0,128,2,14,0,9,134,3,28
3,2,12.0,128,2,14,0,13,99,3,28
3,2,12.0,128,2,14,0,2,40,1,28
3,2,12.0,128,2,18,0,4,79,1,28
3,2,15.0,130,6,0,0,0,31,1,1
3,2,15.0,130,6,2,1,6,91,4,1
3,2,15.0,130,6,1,0,14,32,4,1
3,2,15.0,130,6,19,0,11,94,2,1
3,0,6.0,260,6,22,1,4,121,4,23
3,0,6.0,260,6,2,2,8,41,3,23
3,0,6.0,260,6,0,1,0,53,1,23
3,6,23.0,84,0,16,0,14,25,3,17
3,6,23.0,84,0,3,0,13,38,3,17
3,10,3.0,310,4,17,0,8,41,1,27
3,10,3.0,310,4,10,0,8,9,1,27
3,10,3.0,310,4,15,0,2,92,1,27
3,10,3.0,310,4,2,0,2,2,3,27
3,10,3.0,310,4,21,0,8,118,3,27
3,1,3.0,188,3,8,0,8,9,1,27
3,1,4.0,286,0,20,0,10,22,2,30
3,1,4.0,286,0,22,0,10,22,0,30
3,1,4.0,286,0,9,0,10,43,1,30
3,1,4.0,286,0,13,1,12,83,4,30
3,1,12.0,353,1,21,1,16,65,0,28
3,1,12.0,353,1,12,0,10,43,1,28
3,1,22.0,164,5,22,1,13,99,4,26
3,1,22.0,164,5,5,0,1,1,1,26
3,1,22.0,164,5,1,1,0,31,0,26
2,9,23.0,167,5,1,1,8,41,1,17
0,0,7.0,15,4,15,0,2,86,1,11
2,5,22.0,168,2,2,1,10,12,1,26
2,4,14.0,132,0,12,1,11,90,1,5
2,2,7.0,258,4,1,1,14,25,0,11
3,9,17.0,255,0,14,0,12,61,1,6
3,3,26.0,343,6,18,0,10,23,2,3
3,1,22.0,164,5,8,0,11,15,2,26
3,8,5.0,101,5,17,1,0,26,1,24
3,0,6.0,260,6,3,0,5,0,2,23
3,0,6.0,260,6,1,0,9,93,0,23
3,0,6.0,260,6,5,0,2,2,1,23
3,0,7.0,15,3,4,0,5,64,2,11
3,0,13.0,198,6,6,0,0,26,1,25
3,0,13.0,198,6,6,2,8,33,4,25
3,0,13.0,198,6,21,1,3,115,0,25
3,0,14.0,5,3,12,1,1,81,4,5
3,0,24.0,55,2,6,0,6,89,1,14
3,0,24.0,55,2,13,0,14,25,3,14
0,11,2.0,265,0,11,2,5,6,0,22
2,11,3.0,288,2,12,0,3,30,4,27
2,9,7.0,271,2,14,1,8,118,0,11
2,9,7.0,271,2,12,2,6,91,0,11
3,9,12.0,177,2,12,0,1,35,4,28
3,5,28.0,259,2,18,1,15,51,0,18
3,1,22.0,164,5,18,2,9,54,3,26
3,7,3.0,269,0,2,1,2,13,0,27
2,1,3.0,286,6,16,1,0,12,0,27
2,1,3.0,286,6,20,0,16,72,1,27
2,1,3.0,286,6,15,0,5,64,3,27
2,1,3.0,286,6,8,0,8,19,3,27
2,1,3.0,286,6,9,0,11,0,3,27
2,1,9.0,17,5,9,0,8,41,3,12
2,1,20.0,45,1,0,0,8,27,1,29
2,1,28.0,112,2,3,0,3,76,1,18
2,1,28.0,112,2,3,1,1,11,4,18
2,8,10.0,306,1,4,0,1,11,4,4
2,9,11.0,52,3,0,0,3,76,4,9
2,7,1.0,160,5,19,0,10,52,3,7
2,7,10.0,197,3,19,3,4,45,3,4
2,9,27.0,179,1,17,1,0,77,2,15
2,3,25.0,343,4,11,0,5,12,0,13
2,10,17.0,246,2,18,1,2,86,2,6
2,10,27.0,216,6,18,1,5,12,0,15
2,10,26.0,302,5,11,0,10,12,1,3
2,10,20.0,341,6,4,0,7,20,2,29
2,1,1.0,171,4,15,0,4,82,0,7
2,8,9.0,71,0,2,1,16,72,1,12
2,1,4.0,219,3,11,3,13,21,1,30
2,2,29.0,131,5,1,1,0,15,0,16
2,2,13.0,231,2,8,1,13,13,2,25
3,7,19.0,330,2,18,2,9,134,0,10
3,7,19.0,330,2,19,1,13,69,0,10
0,3,7.0,289,5,23,3,1,11,4,11
3,10,30.0,157,2,12,3,3,44,0,19
3,10,20.0,223,3,5,0,1,81,1,29
2,8,1.0,77,3,17,0,2,86,4,7
3,5,21.0,351,2,1,2,14,34,3,21
3,5,21.0,351,2,11,1,13,99,4,21
3,5,21.0,351,2,18,0,6,7,0,21
3,5,19.0,146,0,9,3,0,77,1,10
3,5,28.0,259,2,17,0,13,38,0,18
3,5,28.0,259,2,11,0,9,49,1,18
3,5,28.0,259,2,9,1,13,38,2,18
3,5,29.0,24,4,1,2,16,65,0,16
3,6,21.0,193,6,13,0,2,92,0,21
3,6,21.0,193,6,18,2,13,69,3,21
3,6,23.0,84,0,0,1,13,38,4,17
3,6,23.0,84,0,5,0,11,18,1,17
3,10,3.0,310,4,16,1,14,126,4,27
3,10,3.0,310,4,11,0,4,5,3,27
3,10,11.0,298,5,17,0,6,128,1,9
3,10,11.0,298,5,10,1,5,0,0,9
3,10,11.0,298,5,13,1,2,2,1,9
3,1,3.0,188,3,16,0,10,47,0,27
3,1,3.0,188,3,19,0,9,93,2,27
3,1,4.0,286,0,12,0,10,43,1,30
3,1,4.0,286,0,22,0,8,41,1,30
3,1,4.0,286,0,19,0,14,25,1,30
3,1,4.0,286,0,14,0,7,8,2,30
3,1,12.0,353,1,16,0,10,47,3,28
3,1,4.0,286,0,18,0,0,64,1,30
3,1,12.0,353,1,15,0,10,22,3,28
3,8,5.0,101,5,13,0,12,84,0,24
2,8,11.0,284,2,6,0,15,114,3,9
2,8,11.0,284,2,14,2,12,80,3,9
2,8,13.0,296,5,20,0,5,12,3,25
2,8,13.0,296,5,5,0,1,105,4,25
2,8,13.0,296,5,2,0,1,67,4,25
2,8,13.0,296,5,20,1,8,33,1,25
2,4,2.0,279,2,17,3,10,47,0,22
2,4,2.0,279,2,14,0,1,11,4,22
2,4,2.0,279,2,12,0,13,48,4,22
2,4,11.0,134,5,7,0,8,27,3,9
2,4,20.0,339,3,16,1,0,15,0,29
2,4,20.0,339,3,8,0,9,134,1,29
2,4,20.0,339,3,5,1,12,17,1,29
2,4,21.0,152,0,6,1,15,96,0,21
2,4,20.0,339,3,19,1,16,72,2,29
2,4,27.0,218,3,17,0,2,2,3,15
2,4,27.0,218,3,23,1,7,57,0,15
2,4,30.0,67,2,5,0,14,24,1,19
2,2,4.0,127,0,8,0,14,25,1,30
2,2,4.0,127,0,1,0,6,91,4,30
2,2,10.0,297,3,12,1,4,82,1,4
3,5,29.0,24,4,19,0,10,22,1,16
3,8,5.0,101,5,20,0,14,107,4,24
3,7,12.0,181,2,6,0,10,6,3,28
3,6,21.0,193,6,11,1,0,15,1,21
3,8,5.0,101,5,8,1,9,63,4,24
3,8,5.0,101,5,6,0,9,83,4,24
3,6,21.0,193,6,22,0,8,33,1,21
3,7,12.0,181,2,0,0,0,0,3,28
2,7,16.0,95,6,17,1,13,28,0,2
3,8,12.0,284,5,5,0,13,36,2,28
3,6,21.0,193,6,13,0,8,118,3,21
2,7,16.0,95,6,19,1,16,37,1,2
3,8,12.0,284,5,12,0,8,27,0,28
3,6,21.0,193,6,22,1,0,15,2,21
2,7,16.0,95,6,2,0,11,98,1,2
3,8,12.0,284,5,12,0,8,9,1,28
3,6,21.0,193,6,13,1,7,122,4,21
3,7,12.0,181,2,3,0,15,96,4,28
2,7,17.0,154,3,1,0,14,88,4,6
3,8,14.0,296,3,4,0,13,48,2,5
3,6,23.0,84,0,11,0,3,30,2,17
3,6,23.0,84,0,4,0,7,120,3,17
3,10,3.0,310,4,4,0,1,1,4,27
3,10,11.0,298,5,21,0,2,86,4,9
3,10,11.0,298,5,5,0,0,53,3,9
3,10,11.0,298,5,5,2,2,71,3,9
3,10,11.0,298,5,19,0,9,87,3,9
3,1,3.0,188,3,9,0,9,95,3,27
3,1,4.0,286,0,3,0,6,7,4,30
3,1,12.0,353,1,19,0,4,82,3,28
3,1,22.0,164,5,21,0,11,94,1,26
3,5,20.0,214,1,9,0,11,8,1,29
3,5,21.0,351,2,0,0,0,12,3,21
3,5,21.0,351,2,22,1,11,18,1,21
3,5,21.0,351,2,1,0,12,121,1,21
3,5,21.0,351,2,14,0,13,36,3,21
3,5,21.0,351,2,9,1,7,62,0,21
3,5,21.0,351,2,2,0,12,17,0,21
3,5,28.0,259,2,0,2,5,6,3,18
3,5,28.0,259,2,15,1,10,22,1,18
3,5,28.0,259,2,15,0,4,66,3,18
3,5,28.0,259,2,9,0,14,25,3,18
3,5,14.0,36,2,9,0,13,38,4,5
3,5,29.0,24,4,5,1,9,95,4,16
3,5,28.0,259,2,9,1,2,2,1,18
2,9,6.0,51,1,15,1,13,4,0,23
2,9,23.0,167,5,13,1,9,63,4,17
2,7,4.0,204,0,13,1,0,53,1,30
2,3,15.0,263,0,22,1,11,58,4,1
2,3,24.0,347,2,4,3,15,46,1,14
2,3,22.0,57,0,11,3,5,6,1,26
2,1,8.0,50,4,4,1,9,109,0,8
3,5,29.0,24,4,0,1,10,12,1,16
2,2,21.0,209,4,17,0,1,11,4,21
3,6,21.0,193,6,16,1,8,27,0,21
3,6,21.0,193,6,3,0,6,89,3,21
3,6,23.0,84,0,22,0,3,30,0,17
3,6,23.0,84,0,1,0,1,35,4,17
3,10,3.0,310,4,4,0,16,72,1,27
3,10,11.0,298,5,0,0,14,107,1,9
3,10,11.0,298,5,20,0,13,48,3,9
3,10,11.0,298,5,15,0,0,12,0,9
3,1,4.0,286,0,6,1,9,27,0,30
3,1,4.0,286,0,3,1,7,111,0,30
3,10,11.0,298,5,3,0,15,39,2,9
3,10,11.0,298,5,22,1,11,8,1,9
3,1,3.0,188,3,5,1,14,131,4,27
3,1,4.0,286,0,12,0,0,15,3,30
3,1,3.0,188,3,5,0,15,114,1,27
3,1,4.0,286,0,1,0,8,9,2,30
3,1,12.0,353,1,22,0,0,53,3,28
3,1,12.0,353,1,19,1,9,87,4,28
3,1,12.0,353,1,18,0,8,41,3,28
3,1,22.0,164,5,13,2,9,10,0,26
3,1,22.0,164,5,19,0,6,73,1,26
3,1,22.0,164,5,14,0,6,89,0,26
3,1,22.0,164,5,14,0,0,77,2,26
3,8,14.0,296,3,2,0,1,16,1,5
3,8,14.0,296,3,9,0,11,124,4,5
3,8,14.0,296,3,20,0,0,77,3,5
3,8,21.0,46,3,12,0,4,79,3,21
3,8,21.0,46,3,4,1,8,41,1,21
3,8,12.0,284,5,22,0,14,24,2,28
3,8,22.0,354,0,14,0,16,130,1,26
3,4,14.0,345,1,17,1,13,48,0,5
3,4,24.0,27,5,0,1,14,34,0,14
3,2,7.0,153,5,17,0,6,7,2,11
3,2,12.0,128,2,10,2,9,102,3,28
3,2,15.0,130,6,20,0,2,86,1,1
3,2,15.0,130,6,22,0,12,84,1,1
3,1,4.0,286,0,5,0,5,12,3,30
3,1,12.0,353,1,17,0,16,113,1,28
3,1,12.0,353,1,2,0,5,12,0,28
3,1,12.0,353,1,19,0,6,132,3,28
3,1,22.0,164,5,16,0,0,64,4,26
3,7,12.0,181,2,8,0,10,12,1,28
2,7,17.0,154,3,11,0,11,94,0,6
3,7,12.0,181,2,22,2,15,39,0,28
3,8,22.0,354,0,7,0,15,108,1,26
3,7,12.0,181,2,3,0,1,81,4,28
2,7,17.0,154,3,14,2,2,69,3,6
3,8,22.0,354,0,14,0,12,80,0,26
2,7,17.0,154,3,22,1,3,30,2,6
3,4,14.0,345,1,1,0,14,97,4,5
3,7,12.0,181,2,19,1,9,57,0,28
2,7,19.0,266,1,2,0,14,32,3,10
3,4,14.0,345,1,12,0,14,24,1,5
3,4,21.0,339,1,22,0,5,6,3,21
3,4,21.0,339,1,19,2,8,9,3,21
3,4,21.0,339,1,16,0,12,80,1,21
3,4,21.0,339,1,4,1,0,68,1,21
3,4,24.0,27,5,23,1,5,12,1,14
3,8,5.0,101,5,13,0,13,21,4,24
3,8,12.0,284,5,0,2,7,62,3,28
3,8,12.0,284,5,22,0,0,68,0,28
3,8,12.0,284,5,12,0,10,47,1,28
3,8,12.0,284,5,13,1,15,39,4,28
3,8,12.0,284,5,1,0,10,12,1,28
3,8,21.0,46,3,12,0,6,89,4,21
3,8,21.0,46,3,8,0,2,2,3,21
3,8,22.0,354,0,16,0,8,27,3,26
3,8,21.0,46,3,22,0,6,7,3,21
3,8,22.0,354,0,3,2,14,97,0,26
3,8,22.0,354,0,2,0,6,89,2,26
3,8,22.0,354,0,23,0,13,38,3,26
3,4,14.0,345,1,19,0,8,118,1,5
3,4,14.0,345,1,4,2,15,51,3,5
3,4,14.0,345,1,12,1,11,129,4,5
3,4,21.0,339,1,2,0,2,71,4,21
3,4,24.0,27,5,3,0,12,121,1,14
3,4,24.0,27,5,22,0,12,83,3,14
3,4,24.0,27,5,14,0,4,45,2,14
3,2,7.0,153,5,22,0,8,33,2,11
3,2,7.0,153,5,20,1,14,106,4,11
3,2,7.0,153,5,19,1,13,38,0,11
3,2,12.0,128,2,16,0,14,25,2,28
3,2,12.0,128,2,23,0,6,7,3,28
3,2,15.0,130,6,21,0,3,44,1,1
3,2,12.0,128,2,15,0,0,85,0,28
3,2,15.0,130,6,3,0,13,69,1,1
3,2,15.0,130,6,8,0,3,44,2,1
3,2,15.0,130,6,1,3,6,7,3,1
3,0,6.0,260,6,8,0,14,107,4,23
3,0,7.0,15,3,19,0,13,99,1,11
3,0,7.0,15,3,12,1,14,88,4,11
3,0,6.0,260,6,2,0,14,24,2,23
3,0,13.0,198,6,20,3,15,85,4,25
3,0,13.0,198,6,12,0,0,31,2,25
3,0,14.0,5,3,6,0,13,29,1,5
3,0,24.0,55,2,15,0,10,47,2,14
3,0,24.0,55,2,4,0,13,38,4,14
3,0,24.0,55,2,1,0,11,122,4,14
2,2,19.0,264,1,16,0,16,72,3,10
2,2,19.0,264,1,0,0,0,12,1,10
2,2,19.0,264,1,10,2,9,95,4,10
2,2,19.0,264,1,9,0,2,92,4,10
2,2,19.0,264,1,1,0,0,26,1,10
2,6,25.0,348,1,7,1,9,93,4,13
2,2,27.0,257,2,18,1,13,21,1,15
2,0,27.0,249,5,5,1,1,35,4,15
3,11,20.0,340,0,18,0,9,54,3,29
3,5,27.0,328,1,0,0,3,76,1,15
2,7,25.0,316,0,1,1,9,134,4,13
2,7,25.0,316,0,22,1,9,27,0,13
2,3,17.0,165,2,17,0,11,117,3,6
2,3,27.0,187,6,22,0,12,61,3,15
2,6,19.0,215,2,14,3,3,79,3,10
2,1,26.0,262,0,12,0,2,86,2,3
2,4,10.0,121,4,17,1,9,63,4,4
2,5,1.0,307,2,6,0,6,89,1,7
2,0,27.0,249,5,16,1,15,46,4,15
3,11,1.0,222,2,17,0,1,35,1,7
2,7,26.0,53,1,17,0,0,15,3,3
2,7,26.0,53,1,0,2,6,89,0,3
3,7,20.0,266,4,17,1,10,47,2,29
2,7,26.0,53,1,3,0,16,74,3,3
3,7,20.0,266,4,17,1,0,77,0,29
2,7,27.0,34,2,0,1,2,2,0,15
3,7,20.0,266,4,12,0,13,13,3,29
2,3,3.0,285,2,7,0,5,12,3,27
2,3,3.0,285,2,15,0,6,89,0,27
2,0,20.0,287,5,14,0,10,43,1,29
2,3,3.0,285,2,21,1,1,67,0,27
2,0,28.0,191,6,21,1,10,12,0,18
2,3,9.0,4,1,0,1,2,2,2,12
2,0,28.0,191,6,1,0,6,89,1,18
2,3,9.0,4,1,1,2,6,14,0,12
2,3,18.0,138,4,20,0,4,82,1,0
2,3,26.0,361,5,16,1,9,10,0,3
2,3,28.0,325,3,20,0,13,99,1,18
2,3,28.0,325,3,11,1,10,22,4,18
2,5,3.0,114,5,5,0,3,30,1,27
2,5,10.0,326,5,7,1,5,6,0,4
2,5,19.0,214,3,13,0,5,6,3,10
2,5,19.0,214,3,3,0,14,25,3,10
2,5,19.0,214,3,5,1,12,61,4,10
3,11,18.0,332,6,12,0,1,59,3,0
3,11,18.0,332,6,2,1,3,79,4,0
3,11,18.0,332,6,4,2,13,48,0,0
3,11,19.0,321,3,21,1,16,50,0,10
3,11,19.0,321,3,4,1,11,8,1,10
3,11,28.0,123,1,3,0,5,64,2,18
3,11,28.0,123,1,22,0,10,22,1,18
3,11,28.0,123,1,12,0,11,133,1,18
3,9,10.0,156,0,12,1,3,44,1,4
3,9,11.0,52,1,21,0,6,7,0,9
3,9,11.0,52,1,1,0,9,93,1,9
3,9,12.0,177,2,1,2,6,7,3,28
3,9,18.0,359,1,17,0,10,22,2,0
3,9,18.0,359,1,12,1,6,7,4,0
3,9,18.0,359,1,4,0,13,21,0,0
3,9,19.0,234,2,3,0,11,90,3,10
3,9,19.0,234,2,4,0,2,13,0,10
3,9,19.0,234,2,12,0,8,9,1,10
3,7,2.0,160,3,13,0,5,6,0,22
3,9,18.0,359,1,1,2,9,54,3,0
3,7,3.0,269,0,12,0,1,1,3,27
3,7,3.0,269,0,14,0,10,23,1,27
3,7,20.0,266,4,16,1,14,25,0,29
3,7,20.0,266,4,15,0,6,89,2,29
3,3,5.0,324,6,21,0,3,76,1,24
3,9,10.0,156,0,12,0,12,100,0,4
3,9,11.0,52,1,22,0,4,4,1,9
3,9,11.0,52,1,22,2,15,31,1,9
3,9,11.0,52,1,19,2,14,107,0,9
3,9,10.0,156,0,2,1,13,28,1,4
3,9,12.0,177,2,2,2,7,111,0,28
3,9,18.0,359,1,17,2,10,12,3,0
3,9,18.0,359,1,16,0,7,57,4,0
2,2,3.0,254,3,1,1,9,57,0,27
2,11,27.0,322,6,12,1,10,52,0,15
2,7,25.0,316,0,14,1,14,24,0,13
2,5,1.0,307,2,14,1,9,102,4,7
3,9,19.0,234,2,7,0,0,26,1,10
3,9,21.0,362,5,11,0,15,39,0,21
3,9,21.0,362,5,8,1,6,7,4,21
3,9,10.0,156,0,3,0,8,9,3,4
3,7,2.0,160,3,13,1,14,88,4,22
3,7,2.0,160,3,12,2,2,40,1,22
3,7,3.0,269,0,4,0,14,131,3,27
3,7,3.0,269,0,2,0,16,130,1,27
3,7,10.0,329,0,23,2,2,123,0,4
3,7,10.0,329,0,15,0,8,33,2,4
3,7,12.0,181,2,0,0,16,50,0,28
3,7,12.0,181,2,17,0,13,38,1,28
3,11,18.0,332,6,1,1,15,46,4,0
3,11,18.0,332,6,9,2,2,40,4,0
3,11,18.0,332,6,4,2,8,33,3,0
3,11,19.0,321,3,21,1,13,28,0,10
3,11,19.0,321,3,15,1,7,20,4,10
3,11,19.0,321,3,21,1,5,12,0,10
3,11,28.0,123,1,17,1,13,21,4,18
3,11,28.0,123,1,22,0,13,36,4,18
3,11,28.0,123,1,22,0,7,8,3,18
3,11,28.0,123,1,9,2,9,134,3,18
3,9,10.0,156,0,0,2,10,12,3,4
3,9,10.0,156,0,7,0,14,24,1,4
3,9,10.0,156,0,8,2,8,27,3,4
3,9,11.0,52,1,18,0,4,5,1,9
3,9,18.0,359,1,14,0,0,77,1,0
3,9,18.0,359,1,12,1,6,7,4,0
3,7,2.0,160,3,15,1,13,48,4,22
3,7,2.0,160,3,3,2,6,7,3,22
3,7,3.0,269,0,14,1,11,133,4,27
3,7,3.0,269,0,13,0,6,89,2,27
3,7,10.0,329,0,10,1,5,6,0,4
3,7,10.0,329,0,2,0,0,0,0,4
2,0,28.0,191,6,9,2,8,27,2,18
3,11,10.0,360,5,19,0,2,2,1,4
3,11,10.0,360,5,18,0,10,47,2,4
3,11,10.0,360,5,18,1,12,17,4,4
3,11,10.0,360,5,22,0,8,41,2,4
3,11,18.0,332,6,12,0,2,2,0,0
3,11,18.0,332,6,12,0,9,87,2,0
3,11,19.0,321,3,16,1,5,12,0,10
3,11,19.0,321,3,22,0,12,80,0,10
3,11,19.0,321,3,22,0,9,102,3,10
3,11,19.0,321,3,12,0,13,99,2,10
3,11,18.0,332,6,14,0,4,4,2,0
3,11,28.0,123,1,3,3,12,56,0,18
3,11,28.0,123,1,14,2,8,118,3,18
3,9,10.0,156,0,16,1,4,75,1,4
3,9,11.0,52,1,14,0,13,21,1,9
3,9,18.0,359,1,17,1,1,11,4,0
3,9,18.0,359,1,3,0,2,2,1,0
3,9,19.0,234,2,13,0,12,17,1,10
3,9,19.0,234,2,12,0,0,12,0,10
3,9,19.0,234,2,13,1,10,47,1,10
3,9,21.0,362,5,9,0,1,11,4,21
3,7,2.0,160,3,17,0,0,26,4,22
3,7,2.0,160,3,13,0,9,49,1,22
3,7,20.0,266,4,9,0,4,127,4,29
3,3,5.0,324,6,5,1,2,2,1,24
3,3,5.0,324,6,2,1,0,53,4,24
3,3,5.0,324,6,3,0,9,134,2,24
3,3,30.0,304,2,22,0,7,20,0,19
3,3,30.0,304,2,4,0,13,28,3,19
3,5,2.0,307,5,6,0,8,118,1,22
3,5,2.0,307,5,16,0,6,7,3,22
3,5,2.0,307,5,3,0,4,45,1,22
3,5,2.0,307,5,9,2,0,77,1,22
3,5,12.0,327,0,22,0,8,9,3,28
3,5,14.0,36,2,20,0,2,86,3,5
3,5,14.0,36,2,3,0,2,86,4,5
3,1,17.0,63,3,22,0,4,82,1,6
2,10,3.0,356,2,22,2,6,132,3,27
3,1,17.0,63,3,13,0,0,26,2,6
2,10,9.0,245,1,9,0,4,138,3,12
2,3,29.0,304,0,18,0,2,86,1,16
2,5,28.0,24,1,19,2,9,10,0,18
3,5,8.0,199,4,14,0,9,93,1,8
2,10,11.0,333,4,13,0,15,51,1,9
2,5,5.0,277,3,2,1,5,6,0,24
2,10,4.0,336,4,3,0,9,27,2,30
2,10,11.0,333,4,22,1,11,55,4,9
3,10,7.0,243,0,18,2,2,3,0,11
3,4,7.0,133,1,8,3,5,6,0,11
2,10,11.0,333,4,1,0,9,49,1,9
3,8,25.0,86,4,19,2,1,16,3,13
2,4,30.0,67,2,16,0,0,12,0,19
3,2,24.0,22,0,10,3,13,48,0,14
2,10,4.0,336,4,14,0,6,7,3,30
2,10,18.0,117,4,5,0,12,84,3,0
3,4,26.0,80,3,8,1,1,1,2,3
2,10,9.0,245,1,21,0,16,37,1,12
2,4,30.0,67,2,2,0,7,57,1,19
3,2,24.0,22,0,2,0,8,41,2,14
2,10,9.0,245,1,7,0,5,64,1,12
2,10,18.0,117,4,2,0,3,44,3,0
3,2,19.0,137,2,14,3,7,20,3,10
2,6,20.0,193,4,18,2,14,106,0,29
2,7,17.0,154,3,13,0,8,118,1,6
2,7,27.0,34,2,6,0,11,15,3,15
2,4,30.0,67,2,12,0,14,25,0,19
3,4,7.0,133,1,9,0,13,28,3,11
2,10,28.0,318,3,21,2,10,22,1,18
2,11,2.0,265,1,0,1,5,12,1,22
2,8,13.0,296,5,8,0,2,92,1,25
2,3,3.0,285,2,0,0,0,85,0,27
2,10,9.0,245,1,11,1,5,6,0,12
2,4,30.0,67,2,0,0,13,99,2,19
3,4,6.0,176,0,19,1,15,114,4,23
2,11,2.0,265,1,9,0,15,112,4,22
2,7,16.0,95,6,2,0,5,12,3,2
2,10,28.0,318,3,2,0,0,68,3,18
2,10,28.0,318,3,14,0,2,92,4,18
2,10,28.0,318,3,8,2,8,27,3,18
2,1,3.0,286,6,15,0,10,47,3,27
2,1,3.0,286,6,9,0,10,22,2,27
2,1,9.0,17,5,13,1,10,52,4,12
2,1,9.0,17,5,4,0,7,20,3,12
2,1,20.0,45,1,7,0,16,42,3,29
2,1,28.0,112,2,20,0,3,44,1,18
2,1,28.0,112,2,12,0,13,48,4,18
2,8,4.0,101,2,17,2,13,29,4,30
2,1,3.0,286,6,12,3,5,12,0,27
2,1,9.0,17,5,8,0,15,31,4,12
2,1,9.0,17,5,9,0,14,24,1,12
2,1,20.0,45,1,6,2,16,139,3,29
2,1,20.0,45,1,9,2,11,94,3,29
2,1,28.0,112,2,5,0,13,28,3,18
2,8,4.0,101,2,17,2,13,21,0,30
2,6,26.0,116,2,16,0,9,101,3,3
2,7,17.0,154,3,8,1,7,54,4,6
2,8,4.0,101,2,7,0,13,123,4,30
2,8,10.0,306,1,23,2,5,6,3,4
2,8,10.0,306,1,2,0,14,34,0,4
2,8,10.0,306,1,9,0,4,136,1,4
2,8,11.0,284,2,20,0,12,80,2,9
2,8,11.0,284,2,19,0,0,15,0,9
2,8,13.0,296,5,15,0,2,86,4,25
2,8,13.0,296,5,14,0,9,54,1,25
2,4,3.0,178,4,6,1,5,12,0,27
2,4,3.0,178,4,17,0,14,24,1,27
2,4,2.0,279,2,12,1,6,7,2,22
2,4,11.0,134,5,5,2,6,7,2,9
2,4,11.0,134,5,8,0,10,22,2,9
2,4,11.0,134,5,22,1,12,104,4,9
2,4,21.0,152,0,23,1,1,59,4,21
2,4,21.0,152,0,9,0,13,21,0,21
2,4,21.0,152,0,11,0,15,39,1,21
2,8,13.0,296,5,20,1,9,87,4,25
2,4,2.0,279,2,9,0,13,13,3,22
2,4,3.0,178,4,3,1,2,2,0,27
2,4,11.0,134,5,3,0,2,86,1,9
2,4,20.0,339,3,15,0,11,117,0,29
2,4,20.0,339,3,1,0,6,116,1,29
2,4,26.0,274,6,4,0,10,22,2,3
2,4,26.0,274,6,2,2,11,94,0,3
2,4,26.0,274,6,14,2,7,54,3,3
2,4,26.0,274,6,18,1,15,114,4,3
2,4,30.0,67,2,16,0,0,53,3,19
2,4,30.0,67,2,5,0,0,26,4,19
2,4,30.0,67,2,1,0,13,38,4,19
2,2,4.0,127,0,16,0,0,53,0,30
2,2,4.0,127,0,14,0,1,67,3,30
2,2,4.0,127,0,13,1,12,80,4,30
2,2,10.0,297,3,3,0,0,31,1,4
2,4,26.0,274,6,1,0,16,139,4,3
2,4,27.0,218,3,18,0,14,106,3,15
2,4,30.0,67,2,16,0,9,27,0,19
2,4,30.0,67,2,20,0,10,23,1,19
2,4,30.0,67,2,9,2,2,60,0,19
2,4,30.0,67,2,19,1,5,12,0,19
2,2,4.0,127,0,19,0,0,77,1,30
2,2,4.0,127,0,23,1,3,44,2,30
2,2,4.0,127,0,9,0,5,6,0,30
2,2,4.0,127,0,18,0,1,11,3,30
2,8,4.0,101,2,3,3,5,12,0,30
2,2,10.0,297,3,14,0,1,59,3,4
2,2,12.0,276,1,16,0,0,12,0,28
2,2,12.0,276,1,3,3,5,12,0,28
2,2,12.0,276,1,14,2,14,88,3,28
2,2,19.0,264,1,1,0,12,56,0,10
2,2,21.0,209,4,19,2,6,89,3,21
2,2,22.0,230,5,17,3,7,137,1,26
2,2,22.0,230,5,22,2,9,101,3,26
2,2,28.0,140,4,12,0,9,57,0,18
2,2,28.0,140,4,8,1,11,58,4,18
2,4,27.0,218,3,6,0,6,91,1,15
2,4,27.0,218,3,13,0,6,132,3,15
2,4,27.0,218,3,19,0,9,95,1,15
2,3,3.0,285,2,18,0,0,12,1,27
2,2,4.0,127,0,2,2,2,69,3,30
2,6,26.0,116,2,3,0,15,85,4,3
2,11,2.0,265,1,1,2,8,19,3,22
2,7,17.0,154,3,6,2,1,16,3,6
2,3,9.0,4,1,20,0,7,78,4,12
2,2,12.0,276,1,16,0,6,89,1,28
2,4,2.0,279,2,3,0,8,41,4,22
2,11,2.0,265,1,22,1,6,89,1,22
2,6,15.0,38,6,1,1,13,48,0,1
2,6,26.0,116,2,9,1,14,25,0,3
2,7,19.0,266,1,6,0,1,11,4,10
2,11,7.0,253,3,6,0,6,7,3,11
2,6,26.0,116,2,0,0,0,12,3,3
2,4,2.0,279,2,22,3,8,19,3,22
2,2,12.0,276,1,5,0,12,135,1,28
2,6,26.0,116,2,18,2,15,112,2,3
2,6,15.0,38,6,18,1,13,38,0,1
2,11,7.0,253,3,23,0,5,12,3,11
2,6,3.0,159,0,17,1,0,31,4,27
2,6,26.0,116,2,0,2,10,22,3,3
2,6,26.0,116,2,3,0,10,47,3,3
2,6,26.0,116,2,12,0,4,82,1,3
2,6,26.0,116,2,9,2,0,77,3,3
3,0,16.0,11,1,2,0,14,24,2,2
3,10,19.0,117,6,2,0,6,14,1,10
3,10,26.0,61,6,17,1,11,55,4,3
3,10,19.0,117,6,13,3,0,12,1,10
3,8,11.0,306,4,8,0,2,2,2,9
2,8,25.0,278,2,9,0,5,12,2,13
2,8,25.0,278,2,13,0,8,41,4,13
2,8,24.0,86,1,8,1,16,113,1,14
2,4,16.0,19,2,6,0,9,27,0,2
3,7,31.0,43,0,11,0,14,25,0,20
3,7,18.0,154,1,0,0,0,12,0,0
2,11,28.0,123,3,12,1,3,30,2,18
2,3,29.0,304,0,8,0,9,95,2,16
2,6,15.0,38,6,20,1,11,55,4,1
3,4,18.0,26,6,8,1,14,25,1,0
2,10,13.0,174,6,22,0,10,22,1,25
2,10,13.0,174,6,18,0,4,75,2,25
3,2,19.0,137,2,1,1,2,69,0,10
2,0,22.0,237,3,2,1,3,115,0,26
2,0,22.0,237,3,17,0,9,54,2,26
3,11,30.0,170,4,8,0,10,23,1,19
2,5,1.0,307,2,17,0,2,86,4,7
3,9,13.0,91,4,9,1,3,44,0,25
3,1,20.0,151,2,13,1,10,47,2,29
3,4,30.0,139,4,8,1,13,38,1,19
3,2,4.0,254,1,0,0,13,21,1,30
3,2,4.0,254,1,2,1,3,115,2,30
3,5,11.0,326,3,12,0,10,22,3,9
3,6,18.0,308,2,13,1,5,6,0,0
3,10,19.0,117,6,4,0,12,61,1,10
3,10,19.0,117,6,8,0,12,80,2,10
3,10,15.0,60,1,13,0,16,113,1,1
3,10,17.0,256,4,4,1,9,58,4,6
3,10,17.0,256,4,11,1,13,28,1,6
3,11,16.0,225,4,8,2,2,69,2,2
2,8,25.0,278,2,12,1,1,59,0,13
2,8,22.0,102,3,2,3,13,48,3,26
2,4,6.0,133,3,21,1,5,12,2,23
2,2,8.0,21,5,2,0,5,6,3,8
3,6,7.0,169,6,23,0,10,47,3,11
3,6,7.0,169,6,17,3,7,129,3,11
3,11,8.0,283,2,22,1,15,119,4,8
3,7,18.0,154,1,16,1,3,30,1,0
3,3,9.0,44,2,13,3,8,27,0,12
3,1,17.0,63,3,18,0,2,86,3,6
2,3,29.0,304,0,17,0,2,86,4,16
3,4,18.0,26,6,22,0,13,38,2,0
2,10,31.0,203,2,20,1,0,15,1,20
2,1,6.0,32,1,19,1,12,84,4,23
2,1,6.0,32,1,19,0,5,12,0,23
3,1,4.0,286,0,18,0,5,47,3,30
2,0,11.0,113,2,17,1,10,22,2,9
3,1,12.0,353,1,0,0,5,12,3,28
3,1,22.0,164,5,8,3,8,118,4,26
3,9,21.0,362,5,13,3,8,9,4,21
3,9,19.0,234,2,4,0,14,24,2,10
3,3,5.0,324,6,23,1,15,114,1,24
3,4,14.0,345,1,9,0,7,78,3,5
3,3,5.0,324,6,19,2,7,111,0,24
3,3,5.0,324,6,22,0,15,114,2,24
3,7,10.0,329,0,18,0,9,93,4,4
3,3,5.0,324,6,15,0,12,61,4,24
3,5,31.0,196,6,12,1,13,99,4,20
3,5,31.0,196,6,0,1,11,15,1,20
3,8,22.0,354,0,8,3,10,47,0,26
3,2,18.0,7,1,6,1,0,53,0,0
3,0,2.0,47,1,15,1,9,95,0,22
3,1,22.0,164,5,18,1,11,133,1,26
3,2,12.0,128,2,13,0,13,36,1,28
2,4,7.0,292,0,12,0,13,28,2,11
3,6,2.0,352,0,18,0,5,12,3,22
3,6,2.0,352,0,18,1,16,130,4,22
3,6,2.0,352,0,22,3,12,17,0,22
3,6,17.0,244,1,13,1,3,30,4,6
3,10,19.0,117,6,19,1,13,21,1,10
2,0,15.0,11,3,11,1,6,128,1,1
2,11,21.0,192,3,13,0,2,86,2,21
2,11,21.0,192,3,2,1,12,100,4,21
2,8,30.0,144,0,4,0,11,94,1,19
2,8,23.0,85,0,11,3,13,38,1,17
3,7,31.0,43,0,19,1,7,54,4,20
3,10,7.0,243,0,10,0,0,77,2,11
3,7,18.0,154,1,6,0,10,12,3,0
3,10,17.0,256,4,14,0,14,24,2,6
2,4,3.0,178,4,17,0,8,118,1,27
2,7,19.0,266,1,8,0,2,92,1,10
2,6,26.0,116,2,18,0,15,108,3,3
2,6,15.0,38,6,8,0,12,135,1,1
2,3,9.0,4,1,15,0,13,38,0,12
2,7,26.0,53,1,2,0,8,118,2,3
2,2,12.0,276,1,9,0,5,6,3,28
2,4,3.0,178,4,2,2,12,61,3,27
3,8,28.0,224,3,13,0,1,67,0,18
2,11,17.0,110,2,19,2,5,47,2,6
2,3,18.0,138,4,11,1,4,75,4,0
2,7,26.0,53,1,1,0,1,67,4,3
2,11,24.0,194,2,16,0,0,26,1,14
2,2,19.0,264,1,0,0,9,9,4,10
2,6,26.0,116,2,15,1,0,77,0,3
2,4,3.0,178,4,7,1,14,24,1,27
2,3,26.0,361,5,23,0,13,29,0,3
2,3,28.0,325,3,0,1,3,30,1,18
2,5,3.0,114,5,13,0,1,1,1,27
2,5,3.0,114,5,13,1,12,135,4,27
2,5,3.0,114,5,1,2,16,72,3,27
2,5,19.0,214,3,12,0,2,86,3,10
2,5,19.0,214,3,19,1,13,48,4,10
2,3,26.0,361,5,16,0,2,40,1,3
2,3,26.0,361,5,4,0,0,15,2,3
2,3,28.0,325,3,21,0,9,95,4,18
2,3,28.0,325,3,23,0,2,40,1,18
2,3,28.0,325,3,19,0,1,1,3,18
2,5,10.0,326,5,20,0,2,13,1,4
2,5,10.0,326,5,4,0,11,8,1,4
2,5,19.0,214,3,20,0,4,121,2,10
2,5,19.0,214,3,18,0,8,27,3,10
2,3,26.0,361,5,9,0,13,29,1,3
2,5,20.0,351,0,3,1,10,52,4,29
2,5,28.0,24,1,17,0,2,60,3,18
2,5,28.0,24,1,6,0,0,15,0,18
2,5,28.0,24,1,16,0,5,6,0,18
2,5,28.0,24,1,0,0,5,12,0,18
2,6,1.0,352,6,17,0,10,22,2,7
2,6,1.0,352,6,13,0,1,35,3,7
2,6,3.0,159,0,15,0,14,107,2,27
2,6,3.0,159,0,18,2,6,91,3,27
2,6,3.0,159,0,19,1,7,54,4,27
2,6,17.0,308,0,6,0,9,63,1,6
2,6,17.0,308,0,9,0,0,31,0,6
2,6,20.0,193,4,4,2,6,89,3,29
2,5,3.0,114,5,13,0,11,94,0,27
2,5,3.0,114,5,13,0,12,17,2,27
2,5,3.0,114,5,2,2,8,9,3,27
2,5,10.0,326,5,0,1,10,12,0,4
2,5,19.0,214,3,13,0,13,29,1,10
2,5,20.0,351,0,16,0,9,93,1,29
2,5,20.0,351,0,23,0,11,117,1,29
2,5,19.0,214,3,14,0,0,26,2,10
2,5,19.0,214,3,11,0,6,89,2,10
2,5,28.0,24,1,17,0,5,12,0,18
2,6,1.0,352,6,13,0,4,138,3,7
2,6,1.0,352,6,19,0,8,9,3,7
2,6,2.0,99,3,13,3,13,36,3,22
2,6,1.0,352,6,15,1,3,30,1,7
2,6,2.0,99,3,4,2,8,27,4,22
2,6,3.0,159,0,17,0,2,86,1,27
2,6,2.0,99,3,14,0,0,77,1,22
2,6,3.0,159,0,20,1,13,29,4,27
2,5,20.0,351,0,6,0,12,84,1,29
2,6,17.0,308,0,15,0,10,47,0,6
2,6,17.0,308,0,23,1,7,57,1,6
2,6,20.0,193,4,8,0,5,6,2,29
2,6,20.0,193,4,16,1,3,30,4,29
2,6,26.0,116,2,13,2,13,38,2,3
2,5,28.0,24,1,0,0,13,13,0,18
2,6,2.0,99,3,10,1,4,45,0,22
2,6,3.0,159,0,17,0,10,22,3,27
2,6,3.0,159,0,5,3,0,64,0,27
2,6,3.0,159,0,19,2,4,79,3,27
2,6,3.0,159,0,9,0,8,41,1,27
2,6,3.0,159,0,19,0,7,8,2,27
2,6,2.0,99,3,19,3,6,7,0,22
2,6,20.0,193,4,13,1,10,23,1,29
2,6,20.0,193,4,13,0,7,78,4,29
2,6,20.0,193,4,9,0,1,11,4,29
2,10,3.0,356,2,6,0,7,137,1,27
2,10,3.0,356,2,6,0,12,56,0,27
2,10,3.0,356,2,6,0,8,9,0,27
2,10,3.0,356,2,8,0,2,123,4,27
1,4,24.0,27,0,13,3,16,39,3,14
2,3,25.0,343,4,14,1,6,14,0,13
2,5,2.0,161,4,9,0,8,9,1,22
2,10,1.0,358,0,19,1,16,130,0,7
2,10,2.0,310,1,12,1,16,37,0,22
2,6,26.0,116,2,14,0,13,29,3,3
2,10,3.0,356,2,6,0,6,89,0,27
2,10,3.0,356,2,21,0,15,46,0,27
2,10,3.0,356,2,13,0,6,7,0,27
2,10,3.0,356,2,15,0,6,132,1,27
2,2,19.0,264,1,8,0,15,51,0,10
2,11,7.0,253,3,17,0,10,47,3,11
3,2,19.0,137,2,2,3,5,6,3,10
2,10,3.0,356,2,12,0,9,54,1,27
2,4,20.0,339,3,11,0,16,50,2,29
3,10,17.0,256,4,11,3,6,7,1,6
3,6,17.0,244,1,19,1,0,26,0,6
2,10,13.0,174,6,9,0,0,68,1,25
3,10,19.0,117,6,17,1,9,63,4,10
3,10,25.0,56,5,3,1,1,11,4,13
2,8,30.0,144,0,12,1,13,21,4,19
2,4,24.0,20,4,13,0,13,28,2,14
2,8,22.0,102,3,2,1,13,38,2,26
2,8,30.0,144,0,4,3,15,77,3,19
3,11,14.0,147,1,15,3,9,87,0,5
2,9,22.0,92,4,22,0,2,2,2,26
3,6,7.0,169,6,5,0,4,82,2,11
3,10,7.0,243,0,8,1,13,38,1,11
3,1,17.0,63,3,1,3,14,125,3,6
2,7,30.0,43,6,17,3,10,47,0,19
2,6,15.0,38,6,1,1,9,27,0,1
3,4,11.0,121,6,3,0,10,22,2,9
2,1,22.0,69,4,13,1,4,82,1,26
3,6,17.0,244,1,13,0,12,80,1,6
2,0,7.0,9,6,14,1,16,50,0,11
3,11,14.0,147,1,11,1,14,125,4,5
3,11,31.0,227,5,22,0,0,77,2,20
2,7,26.0,53,1,9,2,0,31,0,3
3,4,26.0,80,3,8,0,5,6,0,3
3,5,26.0,37,0,19,0,12,104,4,3
3,10,7.0,243,0,1,0,3,70,3,11
2,11,14.0,147,3,17,0,4,127,1,5
2,11,14.0,147,3,5,0,13,69,2,5
2,11,21.0,192,3,9,0,0,77,3,21
2,11,12.0,118,5,5,0,5,12,2,28
3,11,14.0,147,1,5,0,13,99,2,5
3,11,8.0,283,2,6,0,0,64,0,8
3,7,25.0,41,1,11,3,12,80,2,13
3,10,17.0,256,4,11,1,9,93,4,6
3,10,17.0,256,4,18,3,12,84,3,6
3,10,26.0,61,6,20,0,10,47,2,3
3,10,26.0,61,6,5,0,12,84,3,3
2,9,22.0,92,4,1,3,4,45,3,26
2,6,15.0,38,6,15,1,16,39,4,1
2,1,6.0,32,1,19,1,7,137,1,23
2,4,7.0,292,0,22,2,15,114,3,11
3,10,19.0,117,6,4,1,6,132,4,10
3,11,31.0,227,5,18,1,0,26,0,20
3,7,25.0,41,1,14,0,5,6,2,13
3,0,28.0,249,3,13,0,7,31,0,18
3,10,25.0,56,5,11,0,5,12,0,13
2,0,7.0,9,6,13,0,13,48,2,11
3,1,11.0,111,0,8,3,9,101,0,9
3,10,19.0,117,6,6,0,8,41,1,10
3,7,25.0,41,1,3,0,9,9,3,13
3,5,8.0,199,4,19,1,2,13,0,8
3,8,25.0,86,4,2,1,14,25,0,13
3,8,24.0,85,2,16,3,6,7,0,14
3,4,26.0,80,3,9,0,0,53,0,3
2,0,15.0,11,3,18,0,11,18,1,1
3,11,14.0,147,1,18,0,15,31,3,5
3,11,8.0,283,2,11,1,11,8,1,8
3,11,31.0,227,5,4,1,1,59,0,20
3,11,31.0,227,5,4,1,1,59,0,20
3,9,9.0,320,3,8,1,7,129,1,12
3,8,19.0,280,5,7,3,14,32,3,10
3,9,24.0,272,0,13,0,4,66,2,14
3,5,26.0,37,0,12,0,16,37,3,3
3,1,7.0,32,4,18,0,4,127,4,11
3,1,7.0,32,4,13,0,7,111,3,11
3,1,16.0,2,6,4,0,9,95,0,2
3,4,26.0,80,3,5,1,1,16,4,3
3,8,10.0,71,2,2,0,8,33,1,4
3,9,24.0,272,0,4,1,9,93,4,14
3,7,25.0,41,1,13,1,2,92,0,13
3,7,25.0,41,1,18,1,3,30,4,13
3,8,28.0,224,3,18,0,10,47,1,18
3,2,28.0,257,5,18,0,7,8,2,18
3,8,25.0,86,4,11,1,3,44,4,13
3,10,15.0,60,1,17,1,0,26,1,1
3,1,17.0,63,3,3,1,4,5,1,6
3,2,19.0,137,2,2,0,12,83,4,10
3,8,25.0,86,4,13,0,8,41,2,13
3,2,24.0,22,0,8,0,15,96,0,14
2,5,1.0,307,2,13,0,14,24,1,7
2,10,4.0,336,4,13,0,12,104,1,30
2,11,7.0,253,3,0,1,9,83,4,11
2,2,21.0,209,4,4,0,8,41,3,21
0,0,26.0,14,1,15,0,12,61,1,3
2,4,21.0,152,0,22,0,13,99,4,21
2,7,27.0,34,2,0,0,16,42,1,15
2,4,21.0,152,0,4,2,9,54,3,21
2,2,21.0,209,4,8,3,10,47,1,21
2,11,8.0,283,0,6,1,15,31,1,8
2,7,27.0,34,2,13,0,8,41,1,15
2,4,26.0,274,6,2,0,8,41,2,3
2,10,4.0,336,4,12,2,7,120,3,30
2,2,22.0,230,5,8,2,3,79,3,26
2,9,8.0,90,4,3,2,16,130,3,8
2,2,22.0,230,5,8,1,14,126,4,26
2,11,8.0,283,0,22,2,2,69,0,8
2,7,27.0,34,2,10,1,6,7,0,15
2,4,27.0,218,3,12,2,8,41,0,15
2,10,9.0,245,1,18,0,10,47,1,12
2,2,28.0,140,4,9,2,9,102,4,18
2,7,27.0,34,2,2,0,10,23,3,15
2,4,30.0,67,2,17,0,2,86,1,19
2,10,10.0,298,2,6,0,5,12,3,4
2,4,30.0,67,2,21,0,7,62,4,19
2,9,8.0,90,4,4,2,3,79,3,8
2,2,30.0,8,6,20,0,2,123,3,19
2,7,27.0,34,2,14,0,4,75,1,15
2,11,17.0,110,2,5,0,15,37,0,6
2,11,24.0,194,2,17,0,8,41,1,14
2,3,3.0,285,2,6,1,3,44,0,27
2,10,9.0,245,1,11,0,13,38,2,12
2,4,30.0,67,2,12,0,4,75,3,19
2,9,16.0,107,5,20,1,14,106,4,2
2,3,9.0,4,1,6,1,14,126,2,12
2,10,10.0,298,2,16,0,16,50,3,4
2,11,24.0,194,2,14,0,1,59,1,14
2,0,4.0,122,2,6,0,0,31,1,30
2,2,4.0,127,0,12,0,8,9,1,30
2,9,18.0,359,3,6,0,15,51,1,0
2,2,4.0,127,0,9,2,9,102,3,30
2,10,10.0,298,2,15,0,12,80,2,4
2,9,8.0,90,4,2,0,15,51,2,8
2,0,4.0,122,2,22,2,3,30,3,30
2,9,18.0,359,3,15,1,9,63,4,0
2,10,9.0,245,1,9,0,1,59,1,12
2,1,28.0,112,2,6,0,5,12,3,18
2,9,19.0,234,0,22,0,13,28,0,10
2,10,10.0,298,2,4,0,2,86,3,4
2,9,8.0,90,4,20,0,14,106,3,8
2,2,12.0,276,1,12,0,0,85,2,28
2,3,9.0,4,1,0,0,15,31,1,12
2,9,24.0,272,6,15,0,5,12,0,14
2,9,8.0,90,4,14,2,4,82,3,8
2,2,12.0,276,1,4,0,2,13,1,28
2,3,9.0,4,1,2,2,7,57,2,12
2,9,26.0,267,0,20,0,13,38,4,3
2,1,28.0,112,2,16,0,14,24,3,18
2,9,16.0,107,5,0,1,0,0,0,2
2,10,11.0,333,4,13,0,2,86,4,9
2,2,12.0,276,1,13,0,12,61,1,28
2,3,9.0,4,1,14,0,7,120,4,12
2,9,26.0,267,0,4,0,6,132,4,3
2,1,28.0,112,2,23,0,13,29,3,18
2,9,16.0,107,5,13,0,3,79,1,2
2,9,16.0,107,5,13,0,4,82,1,2
2,9,18.0,359,3,20,0,13,38,0,0
2,9,18.0,359,3,20,0,9,102,3,0
2,9,18.0,359,3,15,0,7,120,0,0
2,9,19.0,234,0,17,0,15,108,1,10
2,9,19.0,234,0,16,0,2,13,0,10
2,9,19.0,234,0,23,0,2,123,0,10
2,9,19.0,234,0,4,0,6,89,4,10
2,9,24.0,272,6,3,2,1,81,0,14
2,9,26.0,267,0,2,0,12,61,1,3
2,11,2.0,265,1,10,1,3,30,4,22
2,11,2.0,265,1,3,0,13,48,3,22
2,11,2.0,265,1,14,1,12,61,4,22
2,11,17.0,110,2,15,0,4,66,2,6
2,11,2.0,265,1,6,0,3,103,4,22
2,11,2.0,265,1,8,0,13,48,3,22
2,11,7.0,253,3,7,1,10,52,0,11
2,11,7.0,253,3,15,0,5,6,2,11
2,11,7.0,253,3,13,0,12,121,1,11
2,11,7.0,253,3,14,0,6,126,3,11
2,11,8.0,283,0,11,0,10,23,0,8
2,11,8.0,283,0,13,0,13,99,4,8
2,11,24.0,194,2,6,0,2,2,4,14
2,11,24.0,194,2,3,0,15,112,1,14
2,9,8.0,90,4,23,1,2,92,4,8
2,9,8.0,90,4,9,2,6,7,0,8
2,9,16.0,107,5,14,0,0,77,1,2
2,9,16.0,107,5,9,0,8,65,1,2
2,9,18.0,359,3,7,0,0,85,3,0
2,9,18.0,359,3,16,1,11,18,0,0
2,9,18.0,359,3,9,3,14,24,1,0
2,9,19.0,234,0,13,0,0,64,0,10
2,9,19.0,234,0,8,0,9,95,4,10
2,9,19.0,234,0,15,1,16,37,4,10
2,9,19.0,234,0,16,0,2,92,4,10
2,9,18.0,359,3,14,0,2,2,4,0
2,9,19.0,234,0,19,0,11,94,0,10
2,9,19.0,234,0,3,1,4,127,4,10
2,9,24.0,272,6,15,1,2,92,4,14
2,9,24.0,272,6,3,2,1,35,0,14
2,9,24.0,272,6,11,1,9,101,4,14
2,9,24.0,272,6,8,0,0,77,1,14
2,9,26.0,267,0,5,0,8,27,0,3
2,9,26.0,267,0,13,2,0,96,3,3
2,9,24.0,272,6,11,0,12,80,2,14
2,9,26.0,267,0,1,0,6,91,1,3
2,11,2.0,265,1,4,0,5,6,0,22
2,11,2.0,265,1,12,0,9,57,0,22
2,11,8.0,283,0,13,0,14,25,0,8
2,11,17.0,110,2,16,2,16,72,0,6
2,11,17.0,110,2,8,0,2,40,1,6
2,11,24.0,194,2,21,0,8,118,1,14
2,11,24.0,194,2,2,0,14,126,4,14
2,9,8.0,90,4,19,0,12,56,1,8
2,9,16.0,107,5,15,1,9,101,4,2
2,9,16.0,107,5,15,1,9,101,4,2
2,9,18.0,359,3,17,0,9,93,1,0
2,9,18.0,359,3,3,1,12,104,4,0
2,9,18.0,359,3,18,0,5,12,3,0
2,9,19.0,234,0,12,0,5,6,3,10
2,9,26.0,267,0,12,0,13,29,1,3
2,7,2.0,269,6,13,0,7,57,4,22
2,2,12.0,276,1,12,1,9,101,4,28
2,10,11.0,333,4,4,0,5,47,3,9
2,1,28.0,112,2,8,0,10,23,3,18
2,9,26.0,267,0,22,0,8,27,2,3
2,2,19.0,264,1,5,0,7,78,2,10
2,10,11.0,333,4,22,0,14,25,3,9
2,7,2.0,269,6,15,0,10,52,2,22
2,2,19.0,264,1,13,2,14,97,1,10
2,10,28.0,318,3,0,0,4,79,3,18
2,7,9.0,329,6,12,0,14,25,0,12
2,2,19.0,264,1,13,0,13,99,1,10
2,1,3.0,286,6,12,0,8,27,1,27
2,1,28.0,112,2,1,1,12,80,0,18
2,7,16.0,95,6,11,0,9,95,0,2
2,2,19.0,264,1,22,0,16,108,4,10
2,10,28.0,318,3,3,1,12,80,4,18
2,1,3.0,286,6,17,2,9,54,3,27
2,1,3.0,286,6,21,0,6,91,1,27
2,1,3.0,286,6,15,0,13,61,3,27
2,1,3.0,286,6,16,0,6,7,0,27
2,1,3.0,286,6,14,0,11,15,3,27
2,1,9.0,17,5,13,0,9,49,3,12
2,10,3.0,356,2,0,1,9,95,0,27
2,1,20.0,45,1,6,1,11,124,4,29
2,10,9.0,245,1,11,1,14,24,1,12
2,10,10.0,298,2,7,0,5,12,3,4
2,10,18.0,117,4,0,1,1,81,0,0
2,10,18.0,117,4,10,0,16,72,1,0
2,10,28.0,318,3,20,0,7,57,2,18
2,10,28.0,318,3,11,0,2,86,2,18
2,2,10.0,297,3,3,0,12,17,2,4
2,2,10.0,297,3,9,1,6,7,0,4
2,2,12.0,276,1,20,1,7,54,1,28
2,8,11.0,284,2,16,0,3,70,3,9
2,8,13.0,296,5,5,1,12,135,4,25
2,8,13.0,296,5,19,0,4,4,1,25
2,8,13.0,296,5,12,2,9,54,2,25
2,4,2.0,279,2,16,0,5,12,3,22
2,4,2.0,279,2,16,0,16,50,3,22
2,4,2.0,279,2,7,1,11,15,1,22
2,4,3.0,178,4,10,1,13,99,4,27
2,4,2.0,279,2,1,1,6,89,1,22
2,4,3.0,178,4,19,2,13,29,2,27
2,4,11.0,134,5,7,1,6,7,0,9
2,4,11.0,134,5,5,0,10,47,3,9
2,4,11.0,134,5,13,0,0,53,0,9
2,4,11.0,134,5,5,0,6,89,4,9
2,4,20.0,339,3,20,0,2,2,1,29
2,4,20.0,339,3,15,1,12,100,4,29
2,4,20.0,339,3,11,1,12,56,1,29
2,4,20.0,339,3,12,2,10,22,3,29
2,4,21.0,152,0,23,0,12,80,1,21
2,4,21.0,152,0,21,0,1,11,4,21
2,4,21.0,152,0,2,0,2,92,0,21
2,4,26.0,274,6,17,0,3,30,1,3
2,4,20.0,339,3,15,0,13,99,2,29
2,8,4.0,101,2,18,1,16,74,1,30
2,8,10.0,306,1,23,0,10,22,3,4
2,8,10.0,306,1,5,1,13,99,0,4
2,8,10.0,306,1,1,2,8,118,3,4
2,8,11.0,284,2,7,0,1,11,1,9
2,8,10.0,306,1,4,0,13,99,3,4
2,8,10.0,306,1,16,0,13,38,0,4
2,8,11.0,284,2,4,0,14,24,3,9
2,8,11.0,284,2,4,0,8,41,1,9
2,8,4.0,101,2,2,0,8,19,0,30
2,7,16.0,95,6,11,0,0,26,1,2
2,7,16.0,95,6,22,0,8,65,4,2
2,10,11.0,333,4,11,3,13,38,1,9
2,3,9.0,4,1,18,0,2,86,1,12
2,7,16.0,95,6,12,0,15,31,4,2
2,3,18.0,138,4,21,1,11,15,0,0
2,2,21.0,209,4,13,0,1,11,3,21
2,7,16.0,95,6,2,0,5,6,2,2
2,3,18.0,138,4,15,1,6,7,4,0
2,8,4.0,101,2,14,0,5,12,2,30
2,2,22.0,230,5,13,0,12,135,0,26
2,3,18.0,138,4,14,0,9,101,2,0
2,8,10.0,306,1,17,1,8,19,0,4
2,2,19.0,264,1,2,0,9,49,2,10
2,7,16.0,95,6,8,2,8,19,0,2
2,3,28.0,325,3,8,0,15,51,0,18
2,8,11.0,284,2,3,0,1,81,1,9
2,2,28.0,140,4,6,2,10,6,3,18
2,7,17.0,154,3,6,1,3,115,0,6
2,5,3.0,114,5,0,1,6,128,2,27
0,2,1.0,16,2,17,0,11,117,1,7
2,2,28.0,140,4,15,1,4,4,4,18
2,11,17.0,110,2,16,0,14,110,4,6
2,11,24.0,194,2,10,0,0,15,3,14
2,9,5.0,89,0,8,0,4,82,2,24
2,9,29.0,98,4,22,1,7,54,1,16
2,3,5.0,303,5,4,1,5,12,0,24
2,11,16.0,225,1,11,0,5,6,1,2
2,9,8.0,90,4,3,0,15,31,3,8
2,9,8.0,90,4,4,1,6,128,4,8
2,9,16.0,107,5,8,0,6,91,1,2
2,9,18.0,359,3,15,1,9,63,4,0
2,9,18.0,359,3,12,0,2,60,2,0
2,9,18.0,359,3,20,1,6,132,4,0
2,9,18.0,359,3,19,0,4,4,1,0
2,9,19.0,234,0,19,0,13,29,1,10
2,9,19.0,234,0,15,0,6,73,1,10
2,9,24.0,272,6,5,0,4,121,2,14
2,9,24.0,272,6,5,0,6,91,1,14
2,9,26.0,267,0,8,0,15,119,3,3
2,7,2.0,269,6,22,0,2,86,4,22
2,7,2.0,269,6,9,0,5,0,1,22
2,9,16.0,107,5,11,0,3,115,2,2
2,7,9.0,329,6,8,3,1,105,3,12
2,7,17.0,154,3,22,0,12,80,0,6
2,7,17.0,154,3,2,0,8,41,0,6
2,7,17.0,154,3,14,0,4,75,3,6
2,7,19.0,266,1,16,0,5,6,1,10
2,7,9.0,329,6,21,0,16,50,1,12
2,7,9.0,329,6,3,2,10,12,0,12
2,7,9.0,329,6,12,0,10,22,1,12
2,7,9.0,329,6,9,2,6,14,3,12
2,7,16.0,95,6,17,1,7,111,0,2
2,7,17.0,154,3,16,0,13,29,2,6
2,7,16.0,95,6,15,0,7,31,3,2
2,7,19.0,266,1,14,0,13,48,1,10
2,7,26.0,53,1,10,0,10,22,1,3
2,7,26.0,53,1,17,0,12,61,3,3
2,7,26.0,53,1,18,0,0,68,2,3
2,7,27.0,34,2,11,0,13,48,0,15
2,7,27.0,34,2,3,0,8,118,1,15
2,9,1.0,126,4,17,0,7,111,1,7
2,3,16.0,54,1,14,1,13,48,0,2
2,3,16.0,54,1,3,1,10,47,2,2
2,3,25.0,343,4,9,1,8,27,1,13
2,5,2.0,161,4,18,1,8,27,2,22
2,5,2.0,161,4,4,1,9,102,4,22
2,10,2.0,310,1,18,0,11,117,3,22
2,5,18.0,146,6,13,3,11,58,2,0
2,3,3.0,285,2,15,0,9,57,0,27
2,3,3.0,285,2,4,0,14,32,3,27
2,3,9.0,4,1,17,0,8,118,0,12
2,3,9.0,4,1,21,1,11,18,0,12
2,3,9.0,4,1,7,0,16,50,3,12
2,3,9.0,4,1,12,0,4,4,3,12
2,3,26.0,361,5,16,0,0,85,1,3
2,11,16.0,225,1,12,0,13,123,3,2
2,7,10.0,197,3,13,1,13,38,1,4
2,3,2.0,182,1,1,1,12,17,4,22
2,6,10.0,355,0,0,0,2,40,1,4
2,3,2.0,182,1,18,0,1,35,0,22
2,6,29.0,145,6,13,1,11,58,4,16
2,3,2.0,182,1,2,2,16,74,2,22
2,8,3.0,299,1,18,0,2,40,1,27
2,3,17.0,165,2,18,0,0,26,0,6
2,8,3.0,299,1,18,0,0,26,0,27
2,3,17.0,165,2,18,0,6,128,1,6
2,8,1.0,77,3,17,1,10,22,1,7
2,5,12.0,184,3,8,2,16,130,0,28
2,2,28.0,140,4,5,1,1,35,4,18
2,2,3.0,254,3,18,0,6,132,1,27
2,2,28.0,140,4,20,0,12,61,1,18
2,8,13.0,296,5,15,0,4,45,3,25
2,2,30.0,8,6,10,0,10,52,3,19
2,8,13.0,296,5,19,0,1,11,3,25
2,2,30.0,8,6,23,3,9,27,0,19
2,6,26.0,116,2,19,2,0,31,3,3
2,2,30.0,8,6,3,2,10,43,1,19
2,2,30.0,8,6,4,0,9,83,2,19
2,0,4.0,122,2,7,0,0,64,0,30
2,2,30.0,8,6,0,0,9,54,1,19
2,0,11.0,113,2,17,0,3,103,4,9
2,0,11.0,113,2,6,0,8,27,1,9
2,0,11.0,113,2,7,0,16,74,1,9
2,0,10.0,10,1,1,1,9,58,4,4
2,0,11.0,113,2,15,1,0,53,1,9
2,8,10.0,306,1,5,0,13,38,1,4
2,2,12.0,276,1,22,0,5,6,2,28
2,2,12.0,276,1,7,1,10,47,1,28
2,2,19.0,264,1,17,0,12,56,3,10
2,2,19.0,264,1,16,0,0,12,3,10
2,2,21.0,209,4,12,0,15,114,0,21
2,2,22.0,230,5,16,0,8,41,0,26
2,2,22.0,230,5,22,0,2,86,2,26
2,2,30.0,8,6,4,2,2,86,3,19
2,0,4.0,122,2,17,0,9,54,1,30
2,0,4.0,122,2,16,0,5,12,3,30
2,0,4.0,122,2,15,0,15,46,1,30
2,5,3.0,114,5,7,0,2,13,1,27
2,0,4.0,122,2,16,0,8,27,3,30
2,0,4.0,122,2,22,0,14,25,0,30
2,0,4.0,122,2,4,0,4,121,4,30
2,2,28.0,140,4,13,0,14,106,2,18
2,0,11.0,113,2,9,0,9,83,1,9
2,0,10.0,10,1,18,3,12,121,4,4
2,0,4.0,122,2,8,1,1,67,4,30
2,0,19.0,172,4,15,0,13,38,2,10
2,0,19.0,172,4,14,0,5,64,1,10
2,0,20.0,287,5,16,0,8,41,1,29
2,0,19.0,172,4,3,1,8,9,4,10
2,0,28.0,191,6,6,0,6,91,1,18
2,2,28.0,140,4,13,0,2,60,3,18
2,2,30.0,8,6,22,0,0,77,1,19
2,2,30.0,8,6,8,0,6,89,2,19
2,2,30.0,8,6,12,1,15,96,1,19
2,2,30.0,8,6,3,3,14,88,4,19
2,2,30.0,8,6,8,1,11,55,4,19
2,2,30.0,8,6,15,1,2,2,1,19
2,0,4.0,122,2,1,0,3,30,3,30
2,0,10.0,10,1,8,0,12,80,1,4
2,0,10.0,10,1,5,0,16,50,3,4
2,0,11.0,113,2,21,0,10,43,1,9
2,0,11.0,113,2,6,1,3,76,4,9
2,0,19.0,172,4,0,0,0,12,3,10
2,6,26.0,116,2,1,0,2,86,1,3
2,6,26.0,116,2,4,0,11,18,1,3
2,10,3.0,356,2,6,0,5,12,3,27
2,10,3.0,356,2,11,0,13,99,2,27
2,10,4.0,336,4,15,1,1,16,0,30
2,10,3.0,356,2,1,0,9,95,1,27
2,10,4.0,336,4,9,0,7,20,4,30
2,10,9.0,245,1,19,0,10,12,1,12
2,10,9.0,245,1,2,0,13,48,0,12
2,10,9.0,245,1,0,0,10,23,1,12
2,10,10.0,298,2,19,2,15,46,3,4
2,10,11.0,333,4,15,0,5,64,2,9
2,10,10.0,298,2,14,1,1,59,4,4
2,10,11.0,333,4,22,1,14,32,4,9
2,10,28.0,318,3,16,1,5,12,1,18
2,1,3.0,286,6,17,2,12,121,3,27
2,1,3.0,286,6,3,0,7,62,2,27
2,1,3.0,286,6,22,0,9,102,0,27
2,1,9.0,17,5,22,3,13,28,3,12
2,1,9.0,17,5,12,0,5,64,3,12
2,1,20.0,45,1,6,3,13,29,0,29
2,1,20.0,45,1,16,0,5,12,3,29
2,1,28.0,112,2,18,0,12,17,3,18
2,8,4.0,101,2,16,0,0,53,3,30
2,8,4.0,101,2,16,0,5,6,1,30
2,8,4.0,101,2,21,2,13,69,3,30
2,10,28.0,318,3,8,0,2,40,3,18
2,10,28.0,318,3,4,0,13,36,0,18
2,10,28.0,318,3,9,0,0,53,3,18
2,1,3.0,286,6,15,2,15,39,4,27
2,1,3.0,286,6,23,1,0,26,2,27
2,1,9.0,17,5,0,0,4,82,1,12
2,1,9.0,17,5,0,1,0,12,0,12
2,1,9.0,17,5,22,0,9,101,3,12
2,1,20.0,45,1,16,0,11,0,3,29
2,1,20.0,45,1,16,0,0,64,0,29
2,1,20.0,45,1,4,0,12,100,3,29
2,1,20.0,45,1,4,0,10,30,3,29
2,1,20.0,45,1,17,0,11,0,3,29
2,1,28.0,112,2,6,1,14,25,0,18
2,1,28.0,112,2,12,0,1,67,0,18
2,1,28.0,112,2,9,2,6,7,3,18
2,1,28.0,112,2,9,1,14,110,0,18
2,8,4.0,101,2,18,0,13,38,3,30
2,8,10.0,306,1,6,0,15,108,1,4
2,8,10.0,306,1,16,0,0,53,3,4
2,8,10.0,306,1,16,0,9,93,3,4
2,8,10.0,306,1,13,0,9,109,4,4
2,8,10.0,306,1,4,0,12,61,3,4
2,8,10.0,306,1,1,0,10,47,3,4
2,10,3.0,356,2,12,2,10,22,3,27
2,10,3.0,356,2,20,1,14,107,4,27
2,10,4.0,336,4,8,2,8,41,2,30
2,10,3.0,356,2,14,0,7,20,3,27
2,10,9.0,245,1,7,1,0,53,0,12
2,9,26.0,267,0,4,2,9,10,0,3
2,7,2.0,269,6,13,3,14,25,4,22
2,7,9.0,329,6,15,1,2,2,1,12
2,7,9.0,329,6,12,2,8,41,3,12
2,7,16.0,95,6,17,1,10,22,0,2
2,7,16.0,95,6,8,0,8,41,0,2
2,7,16.0,95,6,1,0,5,12,0,2
2,7,17.0,154,3,22,0,15,51,1,6
2,7,17.0,154,3,12,0,10,47,3,6
2,7,19.0,266,1,4,0,10,23,3,10
2,7,19.0,266,1,12,2,10,47,3,10
2,7,26.0,53,1,8,0,12,56,3,3
2,7,26.0,53,1,18,2,4,66,0,3
2,11,4.0,275,4,8,0,13,99,2,30
2,11,15.0,331,0,20,3,7,122,1,1
2,9,15.0,226,4,6,0,12,84,1,1
2,3,23.0,357,1,17,2,0,68,3,17
2,7,27.0,34,2,23,0,4,4,1,15
2,7,27.0,34,2,13,0,1,81,1,15
2,7,27.0,34,2,1,0,11,117,1,15
2,3,3.0,285,2,19,0,0,85,1,27
2,3,3.0,285,2,2,1,14,25,4,27
2,3,9.0,4,1,16,0,2,3,3,12
2,3,9.0,4,1,18,0,15,31,4,12
2,3,18.0,138,4,0,1,10,52,1,0
2,3,26.0,361,5,15,0,0,0,2,3
2,7,17.0,154,3,4,0,12,80,1,6
2,7,17.0,154,3,4,2,8,41,3,6
2,7,19.0,266,1,6,0,5,12,2,10
2,7,9.0,329,6,5,0,13,21,2,12
2,7,19.0,266,1,1,0,14,24,1,10
2,7,19.0,266,1,4,1,10,52,4,10
2,7,26.0,53,1,16,0,5,12,0,3
2,7,27.0,34,2,17,0,6,7,3,15
2,7,27.0,34,2,17,0,16,50,1,15
2,7,27.0,34,2,20,0,6,14,1,15
2,3,3.0,285,2,2,1,3,115,4,27
2,3,9.0,4,1,12,0,2,92,3,12
2,3,18.0,138,4,19,0,0,26,0,0
2,3,28.0,325,3,8,0,13,48,0,18
2,5,3.0,114,5,14,0,16,72,3,27
2,5,10.0,326,5,0,1,10,12,1,4
2,5,10.0,326,5,21,0,2,86,1,4
2,5,10.0,326,5,16,1,10,23,0,4
2,5,10.0,326,5,2,0,11,18,0,4
2,5,10.0,326,5,14,0,6,89,1,4
2,5,19.0,214,3,3,3,11,117,1,10
2,5,20.0,351,0,1,1,1,59,4,29
2,7,19.0,266,1,7,1,0,85,4,10
2,7,26.0,53,1,17,0,13,29,3,3
2,7,26.0,53,1,7,1,12,104,0,3
2,7,26.0,53,1,3,0,11,47,2,3
2,11,21.0,192,3,17,3,16,72,0,21
2,7,14.0,205,4,3,0,6,73,4,5
2,9,22.0,92,4,17,1,0,26,1,26
2,7,27.0,34,2,0,0,11,122,1,15
2,7,27.0,34,2,13,1,15,46,1,15
2,7,26.0,53,1,1,0,3,115,1,3
2,7,27.0,34,2,9,0,3,115,1,15
2,7,27.0,34,2,18,0,3,115,3,15
2,7,13.0,125,2,12,3,11,15,0,25
2,9,6.0,51,1,7,3,6,7,3,23
2,7,6.0,293,2,9,2,7,120,1,23
2,9,6.0,51,1,7,3,6,7,3,23
2,7,13.0,125,2,0,0,15,51,4,25
3,0,22.0,241,0,3,1,16,130,0,26
2,9,6.0,51,1,13,0,2,13,0,23
2,11,3.0,288,2,14,2,6,128,0,27
3,4,24.0,27,5,5,1,7,129,1,14
2,8,6.0,70,5,10,3,0,26,0,23
2,5,22.0,168,2,2,0,1,105,3,26
2,9,15.0,226,4,12,1,14,107,4,1
3,0,28.0,249,3,23,1,10,52,0,18
2,3,14.0,35,3,17,0,2,40,1,5
2,11,4.0,275,4,15,0,9,63,1,30
3,0,24.0,55,2,9,0,12,80,1,14
3,7,7.0,293,5,2,0,4,66,2,11
2,11,4.0,275,4,13,1,0,77,0,30
2,3,14.0,35,3,23,0,6,128,3,5
2,9,21.0,362,2,2,0,2,86,4,21
3,0,24.0,55,2,15,3,5,12,1,14
3,3,1.0,180,1,12,1,9,93,4,7
2,11,15.0,331,0,7,0,5,6,3,1
2,5,21.0,163,1,13,0,2,13,1,21
2,3,15.0,263,0,21,0,5,12,1,1
2,3,14.0,35,3,12,0,4,136,4,5
2,3,15.0,263,0,8,1,11,58,1,1
2,3,15.0,263,0,14,0,5,12,0,1
2,3,21.0,166,3,19,1,4,66,1,21
2,3,21.0,166,3,18,0,8,41,4,21
2,3,22.0,57,0,0,3,3,76,2,26
2,3,22.0,57,0,15,0,5,6,1,26
2,3,22.0,57,0,21,1,2,123,0,26
2,3,22.0,57,0,15,1,12,56,4,26
2,3,22.0,57,0,4,0,2,69,0,26
2,3,22.0,57,0,8,0,16,65,3,26
2,3,22.0,57,0,2,0,2,40,3,26
2,3,24.0,347,2,6,0,0,12,0,14
2,3,24.0,347,2,0,0,5,6,0,14
2,3,24.0,347,2,0,0,3,44,0,14
2,3,23.0,357,1,13,0,10,47,1,17
2,9,12.0,177,0,18,0,1,1,1,28
2,9,20.0,119,1,18,0,5,64,0,29
2,7,5.0,93,1,1,0,1,11,4,24
2,11,3.0,288,2,5,0,2,2,1,27
2,11,3.0,288,2,11,1,13,28,4,27
2,11,3.0,288,2,8,0,9,63,3,27
2,7,4.0,204,0,10,0,16,72,1,30
3,0,23.0,237,1,23,0,4,82,1,17
2,7,13.0,125,2,8,2,2,123,3,25
2,7,13.0,125,2,2,1,14,106,4,25
2,3,11.0,104,4,22,3,11,15,0,9
2,3,20.0,338,6,4,1,2,40,4,29
2,3,20.0,338,6,0,1,4,45,0,29
2,3,17.0,165,2,9,2,9,134,3,6
2,6,11.0,162,1,14,0,14,25,4,9
2,3,4.0,324,4,1,0,4,75,1,30
2,3,4.0,324,4,1,0,3,76,1,30
2,3,14.0,35,3,0,1,16,108,0,5
2,3,14.0,35,3,18,0,6,89,3,5
2,3,15.0,263,0,2,0,14,24,3,1
2,3,15.0,263,0,19,0,3,115,3,1
2,3,15.0,263,0,14,0,8,9,0,1
2,3,15.0,263,0,1,2,14,110,3,1
2,3,15.0,263,0,17,0,2,2,4,1
2,3,21.0,166,3,3,0,8,41,4,21
2,3,21.0,166,3,3,0,12,121,2,21
2,3,21.0,166,3,3,0,15,46,4,21
2,3,21.0,166,3,2,0,2,40,2,21
2,3,21.0,166,3,8,2,15,108,3,21
2,3,22.0,57,0,11,0,4,4,1,26
2,3,22.0,57,0,4,0,3,30,4,26
2,3,23.0,357,1,16,1,2,92,1,17
2,3,22.0,57,0,4,0,12,100,0,26
0,0,18.0,0,0,6,1,7,8,1,0
2,9,2.0,323,5,8,1,12,56,4,22
2,9,10.0,156,6,8,0,8,118,1,4
2,7,3.0,186,3,8,0,6,89,2,27
2,7,13.0,125,2,15,0,7,20,1,25
2,7,13.0,125,2,12,0,8,41,0,25
2,7,13.0,125,2,1,0,11,94,3,25
2,3,4.0,324,4,6,0,2,2,0,30
2,3,4.0,324,4,15,2,16,139,0,30
2,3,4.0,324,4,15,1,4,127,4,30
2,3,14.0,35,3,8,1,9,95,4,5
2,3,14.0,35,3,1,2,2,92,0,5
2,3,14.0,35,3,4,0,10,47,1,5
2,3,14.0,35,3,1,2,3,79,3,5
2,3,15.0,263,0,6,0,0,68,4,1
2,3,15.0,263,0,23,0,16,72,1,1
2,3,14.0,35,3,20,1,9,101,4,5
2,3,15.0,263,0,12,3,13,38,0,1
2,3,14.0,35,3,18,0,11,90,2,5
2,3,21.0,166,3,3,0,2,123,3,21
2,3,22.0,57,0,21,1,2,123,0,26
2,3,22.0,57,0,13,1,12,80,1,26
2,3,22.0,57,0,2,0,7,78,3,26
2,3,22.0,57,0,14,2,16,72,0,26
2,3,23.0,357,1,3,0,16,50,1,17
2,3,23.0,357,1,22,0,6,89,4,17
2,3,23.0,357,1,8,0,8,9,3,17
2,3,4.0,324,4,8,0,2,40,1,30
2,3,4.0,324,4,4,2,16,50,3,30
2,3,14.0,35,3,16,0,8,9,0,5
2,3,14.0,35,3,10,1,2,2,0,5
2,3,14.0,35,3,4,0,9,93,1,5
2,5,23.0,58,4,14,0,15,51,1,17
3,7,16.0,40,3,12,0,13,28,2,2
2,11,15.0,331,0,20,1,11,98,4,1
2,9,23.0,167,5,13,0,2,86,3,17
2,7,4.0,204,0,12,0,8,118,1,30
2,2,1.0,143,5,17,3,14,24,1,7
3,6,1.0,158,3,5,0,9,57,0,7
2,10,6.0,243,6,20,1,11,98,2,23
2,5,23.0,58,4,18,0,5,12,3,17
2,3,15.0,263,0,5,0,5,0,2,1
2,11,22.0,250,0,20,2,8,65,0,26
2,10,23.0,261,1,4,0,0,26,3,17
3,6,25.0,39,2,3,3,5,6,0,13
2,5,24.0,350,5,11,0,5,6,0,14
2,3,6.0,289,6,9,2,14,24,1,23
2,11,22.0,250,0,14,0,14,125,4,26
3,4,13.0,221,0,12,3,14,25,4,25
2,3,15.0,263,0,20,1,0,0,0,1
2,10,16.0,256,1,20,1,14,25,1,2
3,1,19.0,29,1,17,1,16,50,0,10
2,5,24.0,350,5,20,0,10,23,0,14
2,5,6.0,349,0,16,2,10,47,3,23
2,11,22.0,250,0,2,1,9,63,4,26
2,11,15.0,331,0,13,1,0,77,2,1
3,2,24.0,22,0,16,3,14,125,0,14
2,3,15.0,263,0,2,0,5,6,3,1
2,1,14.0,1,2,18,1,9,10,2,5
2,0,14.0,190,6,12,0,11,18,3,5
2,2,24.0,233,3,18,0,0,64,1,14
2,2,1.0,143,5,8,0,11,15,1,7
2,2,1.0,143,5,17,0,6,116,1,7
3,8,18.0,75,4,18,0,4,75,0,0
3,7,8.0,94,6,3,0,0,53,0,8
3,7,17.0,95,0,4,1,13,48,2,6
3,4,16.0,25,4,14,0,1,35,4,2
3,10,18.0,246,5,2,1,11,129,4,0
3,8,9.0,124,1,4,1,9,93,0,12
3,8,1.0,66,0,17,2,6,7,3,7
3,0,28.0,249,3,2,1,9,49,1,18
3,2,2.0,143,3,14,0,1,16,3,22
3,2,2.0,143,3,18,0,14,25,0,22
3,2,19.0,137,2,0,2,7,62,3,10
3,2,19.0,137,2,13,0,5,6,0,10
3,2,19.0,137,2,11,0,2,2,2,10
3,2,19.0,137,2,8,0,13,38,0,10
3,2,19.0,137,2,12,1,0,68,1,10
3,2,28.0,257,5,0,1,3,44,0,18
3,2,28.0,257,5,5,0,11,94,4,18
3,2,28.0,257,5,19,0,0,31,3,18
3,0,10.0,129,2,17,1,1,81,1,4
3,0,25.0,281,4,6,0,14,34,1,13
3,0,25.0,281,4,6,0,14,110,1,13
3,0,25.0,281,4,1,1,15,51,1,13
3,0,26.0,14,5,21,2,9,109,3,3
3,0,27.0,23,6,17,1,5,6,0,15
3,0,25.0,281,4,12,1,10,47,1,13
3,0,28.0,249,3,20,0,2,2,1,18
3,0,28.0,249,3,6,0,12,61,3,18
3,0,28.0,249,3,3,2,16,74,3,18
3,0,28.0,249,3,2,0,16,72,2,18
3,0,28.0,249,3,12,1,3,30,4,18
3,10,12.0,333,6,20,1,10,47,0,28
3,6,5.0,342,4,13,1,9,93,4,24
3,8,13.0,189,6,5,0,11,117,1,25
3,4,29.0,313,2,17,0,1,11,4,16
3,2,5.0,127,2,6,0,5,6,0,24
3,2,22.0,209,6,19,2,6,89,1,26
3,10,21.0,341,0,18,1,9,27,0,21
3,8,30.0,103,1,1,0,5,64,3,19
3,8,15.0,72,0,8,1,1,67,2,1
3,0,22.0,241,0,15,3,9,27,0,26
3,3,20.0,105,3,19,1,7,111,1,29
2,1,21.0,164,2,0,1,10,30,0,21
2,1,29.0,100,4,14,0,1,35,3,16
2,9,21.0,362,2,9,1,5,6,0,21
2,9,13.0,91,1,16,0,12,121,1,25
2,3,23.0,357,1,17,0,2,40,1,17
2,0,8.0,48,3,14,1,12,61,4,8
2,0,24.0,281,1,13,1,13,48,4,14
2,0,26.0,23,4,7,0,2,13,0,3
2,0,23.0,55,0,17,1,4,75,1,17
2,1,16.0,63,5,1,0,14,24,1,2
2,8,7.0,76,6,9,0,3,70,1,11
3,6,9.0,236,0,4,3,14,110,0,12
2,4,15.0,25,1,19,0,12,83,2,1
2,4,15.0,25,1,18,0,2,40,1,1
2,8,29.0,103,3,19,3,8,33,0,16
2,4,5.0,176,6,5,1,15,51,0,24
2,8,29.0,103,3,17,3,11,117,0,16
3,6,20.0,215,5,18,1,10,22,1,29
2,2,5.0,251,1,5,1,11,18,1,24
3,6,5.0,342,4,17,1,3,76,4,24
3,4,31.0,67,5,8,0,1,16,2,20
3,10,22.0,314,1,9,0,10,47,1,26
3,10,20.0,223,3,13,0,9,83,3,29
3,8,29.0,301,0,13,3,10,12,2,16
3,0,22.0,241,0,12,1,11,133,4,26
3,8,28.0,224,3,2,0,14,32,0,18
3,4,10.0,79,5,5,0,3,70,1,4
3,4,10.0,79,5,6,1,13,48,0,4
3,4,11.0,121,6,21,3,7,57,3,9
3,4,11.0,121,6,12,0,14,25,1,9
3,4,25.0,20,6,19,0,4,66,2,13
3,4,26.0,80,3,22,0,6,89,2,3
3,2,19.0,137,2,7,0,6,132,4,10
3,2,19.0,137,2,9,0,5,12,3,10
3,2,28.0,257,5,13,0,2,86,4,18
3,2,28.0,257,5,13,0,16,50,1,18
3,0,10.0,129,2,2,0,10,47,3,4
3,0,25.0,281,4,11,0,13,13,1,13
3,0,26.0,14,5,23,0,13,29,1,3
3,0,26.0,14,5,19,0,12,80,3,3
3,1,25.0,65,0,12,1,2,2,4,13
2,5,6.0,349,0,0,1,8,27,0,23
2,9,3.0,217,6,13,1,7,54,4,27
2,5,24.0,350,5,22,2,9,54,2,14
2,3,15.0,263,0,18,2,10,22,3,1
2,7,6.0,293,2,6,2,10,47,0,23
2,7,4.0,204,0,13,3,16,108,4,30
3,2,3.0,282,0,8,3,2,60,3,27
0,11,1.0,222,3,1,0,5,64,1,7
2,5,6.0,349,0,3,1,4,4,1,23
2,9,3.0,217,6,9,0,11,15,3,27
2,9,13.0,91,1,16,0,5,6,3,25
1,4,1.0,144,6,1,0,15,51,1,7
3,8,2.0,77,1,18,2,11,133,3,22
3,0,17.0,12,2,0,3,10,47,1,6
2,3,21.0,166,3,19,0,10,47,3,21
2,5,22.0,168,2,9,0,14,110,1,26
2,9,3.0,217,6,10,1,13,13,1,27
2,9,13.0,91,1,5,0,12,56,4,25
2,5,31.0,158,5,6,0,14,34,4,20
3,8,9.0,124,1,18,1,8,9,0,12
3,8,27.0,78,6,18,1,5,12,2,15
2,3,22.0,57,0,10,1,8,27,0,26
2,5,23.0,58,4,6,2,15,108,4,17
2,11,22.0,250,0,20,1,9,87,4,26
2,9,13.0,91,1,15,1,0,77,1,25
2,5,6.0,349,0,2,0,13,28,1,23
2,5,22.0,168,2,8,1,0,31,4,26
3,8,9.0,124,1,18,0,9,49,2,12
3,4,9.0,18,4,9,1,14,32,1,12
2,3,22.0,57,0,18,0,13,48,0,26
3,2,25.0,233,1,18,0,11,18,0,13
2,11,22.0,250,0,2,0,12,56,3,26
2,5,6.0,349,0,1,0,9,134,1,23
2,9,13.0,91,1,3,2,7,54,0,25
2,5,23.0,58,4,6,1,3,30,4,17
2,3,22.0,57,0,9,2,10,47,3,26
3,8,3.0,363,2,12,0,11,117,1,27
3,0,9.0,48,1,11,0,8,118,1,12
2,11,22.0,250,0,4,1,12,80,1,26
2,5,22.0,168,2,0,0,14,34,0,26
2,9,13.0,91,1,4,0,9,101,1,25
2,5,23.0,58,4,21,1,0,15,4,17
2,10,14.0,60,3,1,2,14,110,3,5
3,1,17.0,63,3,5,1,14,107,4,6
2,3,23.0,357,1,12,0,9,93,0,17
3,0,6.0,260,6,9,1,9,49,1,23
2,3,23.0,357,1,12,0,11,133,3,17
3,1,17.0,63,3,22,2,8,9,3,6
2,11,22.0,250,0,14,0,2,2,0,26
2,5,22.0,168,2,15,0,8,118,1,26
2,5,22.0,168,2,18,1,3,115,4,26
2,3,23.0,357,1,18,0,8,118,4,17
2,10,11.0,333,4,1,0,14,125,4,9
2,9,13.0,91,1,18,0,8,118,1,25
2,9,3.0,217,6,17,0,13,29,3,27
2,5,23.0,58,4,21,0,0,0,4,17
2,5,23.0,58,4,19,0,5,64,3,17
2,3,24.0,347,2,12,0,8,33,1,14
3,8,22.0,354,0,8,1,10,22,0,26
3,8,9.0,124,1,4,0,8,33,1,12
2,9,13.0,91,1,11,1,6,116,1,25
2,9,3.0,217,6,11,2,14,110,0,27
2,5,23.0,58,4,17,1,3,44,4,17
2,5,22.0,168,2,5,1,0,68,1,26
2,5,22.0,168,2,1,0,14,32,0,26
2,3,13.0,33,6,18,0,12,121,0,25
2,5,21.0,163,1,22,1,0,68,0,21
2,5,23.0,58,4,8,0,8,27,1,17
2,5,23.0,58,4,1,0,2,69,3,17
2,5,23.0,58,4,14,0,4,4,1,17
2,5,24.0,350,5,23,0,6,89,3,14
2,5,24.0,350,5,18,0,1,35,4,14
2,5,24.0,350,5,9,0,13,99,3,14
2,5,31.0,158,5,23,0,10,22,3,20
2,6,13.0,173,4,5,1,4,136,1,25
2,6,13.0,173,4,3,0,8,118,1,25
2,6,13.0,173,4,22,0,2,69,0,25
2,6,13.0,173,4,16,1,6,7,0,25
2,6,13.0,173,4,0,1,9,27,0,25
2,6,13.0,173,4,13,1,2,2,4,25
2,6,16.0,244,3,16,1,1,59,0,2
2,6,16.0,244,3,20,1,15,85,4,2
3,8,10.0,71,2,0,2,0,85,0,4
2,6,16.0,244,3,4,0,16,72,1,2
2,6,16.0,244,3,14,0,12,135,4,2
2,6,16.0,244,3,14,0,10,23,3,2
2,6,16.0,244,3,5,1,15,51,4,2
2,6,16.0,244,3,5,1,10,23,1,2
2,6,21.0,185,5,20,0,9,101,1,21
2,11,31.0,227,2,4,0,10,43,1,20
2,9,20.0,119,1,8,1,9,27,0,29
2,7,3.0,186,3,19,0,6,128,1,27
2,5,27.0,259,0,1,0,8,27,1,15
2,6,21.0,185,5,19,0,13,38,2,21
2,6,21.0,185,5,4,0,0,15,0,21
2,6,21.0,185,5,9,0,7,62,3,21
2,10,5.0,242,5,19,0,5,12,3,24
2,10,5.0,242,5,16,0,0,12,3,24
2,10,5.0,242,5,20,1,11,133,1,24
2,10,5.0,242,5,9,0,8,41,3,24
2,10,7.0,213,3,6,1,13,28,0,11
2,10,7.0,213,3,20,0,1,59,1,11
2,10,7.0,213,3,5,1,1,105,4,11
2,10,14.0,60,3,22,0,6,7,2,5
2,10,15.0,201,0,16,0,3,79,3,1
2,10,15.0,201,0,6,0,6,89,1,1
2,10,15.0,201,0,21,1,0,12,0,1
2,10,15.0,201,0,2,0,16,130,0,1
2,10,15.0,201,0,19,2,9,83,3,1
2,10,15.0,201,0,12,0,16,50,1,1
2,1,7.0,62,2,17,1,7,54,4,11
2,1,7.0,62,2,6,0,8,118,4,11
2,1,7.0,62,2,15,0,5,6,2,11
2,3,23.0,357,1,8,1,11,94,1,17
2,3,30.0,109,1,16,2,0,31,3,19
2,3,30.0,109,1,13,0,8,9,1,19
2,3,30.0,109,1,13,0,5,6,3,19
2,5,6.0,349,0,8,0,9,109,3,23
2,5,6.0,349,0,8,2,8,9,3,23
2,5,22.0,168,2,7,0,2,86,4,26
2,5,22.0,168,2,15,0,14,24,1,26
2,5,22.0,168,2,21,2,13,21,3,26
2,5,22.0,168,2,14,0,5,6,0,26
2,5,22.0,168,2,12,1,3,44,4,26
2,5,23.0,58,4,1,0,2,69,3,17
2,5,24.0,350,5,15,0,1,1,1,14
2,5,24.0,350,5,2,2,9,54,3,14
2,5,24.0,350,5,15,0,1,1,1,14
2,5,24.0,350,5,15,1,1,16,4,14
2,5,31.0,158,5,19,0,2,86,2,20
2,5,31.0,158,5,13,0,7,62,3,20
2,5,31.0,158,5,9,0,15,114,3,20
2,5,31.0,158,5,9,0,2,92,4,20
2,6,13.0,173,4,6,0,3,79,1,25
2,6,16.0,244,3,6,1,11,58,4,2
2,3,6.0,289,6,12,1,13,48,2,23
2,5,14.0,200,1,13,1,9,93,4,5
2,5,30.0,196,4,22,0,14,32,1,19
3,8,9.0,124,1,17,1,10,22,4,12
2,9,13.0,91,1,20,1,12,17,4,25
3,3,15.0,35,1,15,3,10,22,1,1
2,5,23.0,58,4,19,0,5,12,1,17
3,4,16.0,25,4,19,0,16,37,1,2
2,9,14.0,106,2,3,0,9,57,0,5
3,9,14.0,106,5,17,0,10,23,1,5
2,9,3.0,217,6,12,0,8,41,3,27
2,5,23.0,58,4,9,0,6,132,0,17
2,9,14.0,106,2,22,0,2,40,1,5
2,9,15.0,226,4,21,1,11,15,0,1
2,9,15.0,226,4,4,0,6,7,3,1
2,9,21.0,362,2,10,1,4,66,0,21
2,9,23.0,167,5,10,1,3,76,0,17
2,9,23.0,167,5,22,0,10,22,0,17
2,9,23.0,167,5,22,2,16,130,0,17
2,9,23.0,167,5,12,0,13,38,2,17
2,9,23.0,167,5,3,0,14,34,2,17
2,9,23.0,167,5,15,0,10,43,1,17
2,9,23.0,167,5,9,0,6,89,1,17
2,9,13.0,91,1,17,0,11,133,2,25
2,7,4.0,204,0,1,2,5,12,3,30
2,7,6.0,293,2,1,0,2,40,1,23
2,9,4.0,295,3,13,1,1,1,4,30
2,9,3.0,217,6,13,0,10,22,2,27
2,9,4.0,295,3,9,0,1,81,3,30
2,9,4.0,295,3,4,1,14,88,4,30
2,9,6.0,51,1,15,0,2,13,1,23
2,9,6.0,51,1,14,2,8,19,0,23
2,9,7.0,271,2,22,3,6,7,0,11
2,9,13.0,91,1,0,1,6,7,4,25
2,9,14.0,106,2,2,0,0,26,2,5
3,8,10.0,71,2,22,0,4,66,3,4
2,9,14.0,106,2,13,1,2,92,4,5
2,9,13.0,91,1,6,0,0,77,0,25
2,9,21.0,362,2,12,3,6,7,3,21
2,9,21.0,362,2,4,1,3,76,1,21
2,9,23.0,167,5,1,0,3,4,0,17
2,7,4.0,204,0,17,1,10,22,1,30
2,7,4.0,204,0,3,0,4,79,2,30
2,7,4.0,204,0,2,0,1,81,0,30
2,7,4.0,204,0,18,0,10,47,3,30
2,7,6.0,293,2,6,0,2,2,0,23
2,7,6.0,293,2,17,1,1,105,0,23
2,7,6.0,293,2,16,0,10,47,1,23
2,7,13.0,125,2,6,1,0,68,1,25
2,9,4.0,295,3,15,1,15,31,4,30
2,9,6.0,51,1,0,0,0,96,1,23
2,9,7.0,271,2,12,2,3,103,2,11
2,9,13.0,91,1,17,0,8,41,1,25
2,9,13.0,91,1,0,0,0,53,3,25
2,9,13.0,91,1,11,0,12,104,0,25
2,9,13.0,91,1,21,1,8,27,0,25
2,9,13.0,91,1,8,2,14,25,0,25
2,9,13.0,91,1,14,0,3,44,1,25
2,9,21.0,362,2,6,2,6,7,3,21
2,9,21.0,362,2,0,1,2,86,1,21
2,9,23.0,167,5,6,1,13,28,0,17
2,9,21.0,362,2,18,1,0,26,0,21
2,9,4.0,295,3,18,0,10,47,2,30
2,7,4.0,204,0,22,0,16,37,2,30
2,7,4.0,204,0,2,1,13,28,4,30
2,7,6.0,293,2,6,0,9,9,4,23
2,7,6.0,293,2,16,2,3,76,0,23
2,7,13.0,125,2,6,0,5,12,0,25
2,7,13.0,125,2,1,2,12,121,3,25
2,9,23.0,167,5,3,0,0,31,2,17
2,9,23.0,167,5,8,0,2,92,3,17
2,9,23.0,167,5,19,2,8,118,1,17
2,7,4.0,204,0,8,2,1,1,3,30
2,7,4.0,204,0,5,1,12,121,4,30
2,7,6.0,293,2,6,2,0,31,0,23
2,7,6.0,293,2,16,0,15,46,3,23
2,7,6.0,293,2,2,0,5,12,0,23
2,7,6.0,293,2,4,0,13,29,2,23
2,7,6.0,293,2,2,0,13,48,3,23
2,7,6.0,293,2,1,0,1,16,1,23
2,7,6.0,293,2,14,0,13,21,4,23
2,7,6.0,293,2,4,1,14,25,0,23
2,7,13.0,125,2,10,0,10,47,0,25
2,7,13.0,125,2,16,0,8,9,0,25
2,7,13.0,125,2,4,0,10,47,0,25
3,11,5.0,240,3,2,3,15,51,4,24
3,1,10.0,17,3,18,1,8,9,0,4
3,1,10.0,17,3,5,1,9,93,4,4
2,3,24.0,347,2,8,0,2,13,1,14
2,5,24.0,350,5,8,0,15,119,0,14
3,7,1.0,98,6,17,0,16,72,1,7
3,1,10.0,17,3,4,1,5,6,0,4
3,8,27.0,78,6,9,0,14,25,1,15
3,4,9.0,18,4,18,0,11,133,3,12
3,0,9.0,48,1,18,1,11,58,4,12
3,4,24.0,27,5,2,0,11,94,0,14
3,10,11.0,298,5,8,3,16,72,0,9
3,4,14.0,345,1,11,1,16,74,1,5
3,4,24.0,27,5,8,0,2,86,2,14
2,1,28.0,112,2,8,0,2,2,1,18
3,11,19.0,321,3,5,0,8,118,2,10
3,5,28.0,259,2,10,1,12,61,1,18
3,8,22.0,354,0,18,0,11,15,0,26
3,4,21.0,339,1,1,0,11,15,0,21
3,5,29.0,24,4,11,3,1,67,3,16
3,1,22.0,164,5,9,0,14,24,2,26
3,8,22.0,354,0,20,1,5,64,1,26
3,2,15.0,130,6,4,1,0,15,1,1
3,2,15.0,130,6,4,1,10,23,1,1
3,0,7.0,15,3,18,1,14,25,0,11
3,1,4.0,286,0,5,1,10,22,0,30
3,0,7.0,15,3,12,1,16,74,2,11
3,8,22.0,354,0,20,0,16,50,1,26
3,4,24.0,27,5,8,3,1,16,3,14
3,0,24.0,55,2,19,1,13,28,0,14
2,4,31.0,16,4,23,0,7,111,2,20
3,5,17.0,212,6,17,3,12,84,1,6
3,6,24.0,31,1,13,1,4,66,4,14
3,1,27.0,262,2,18,2,10,47,3,15
3,2,11.0,297,1,22,1,7,129,4,9
3,10,18.0,246,5,8,1,13,28,1,0
3,8,16.0,73,1,8,1,15,46,4,2
2,11,3.0,288,2,7,0,8,9,3,27
2,11,3.0,288,2,13,0,8,27,4,27
2,11,3.0,288,2,12,0,0,77,3,27
2,11,3.0,288,2,18,0,2,86,4,27
2,11,3.0,288,2,18,2,8,41,3,27
0,0,23.0,237,6,18,1,8,27,2,17
2,11,3.0,288,2,18,0,13,69,0,27
2,11,15.0,331,0,5,0,9,93,3,1
2,11,15.0,331,0,19,0,14,32,1,1
2,11,15.0,331,0,19,0,16,50,1,1
2,11,15.0,331,0,19,2,6,89,3,1
2,11,15.0,331,0,18,2,0,0,3,1
2,11,15.0,331,0,20,1,15,96,1,1
2,11,22.0,250,0,16,1,3,79,0,26
2,11,22.0,250,0,10,0,8,41,1,26
2,11,22.0,250,0,8,1,16,37,1,26
2,11,13.0,312,6,12,1,13,21,4,25
2,11,3.0,288,2,0,0,7,137,1,27
2,11,3.0,288,2,2,1,14,25,4,27
0,0,31.0,290,3,17,1,6,7,0,20
2,11,4.0,275,4,2,0,14,34,0,30
2,11,15.0,331,0,8,2,6,132,3,1
2,11,15.0,331,0,23,1,4,4,1,1
2,11,22.0,250,0,5,1,8,9,4,26
2,9,3.0,217,6,7,0,3,76,1,27
2,9,3.0,217,6,2,0,14,106,3,27
2,9,4.0,295,3,21,1,0,64,0,30
2,9,3.0,217,6,4,1,9,63,0,27
2,11,4.0,275,4,5,1,14,97,4,30
2,11,22.0,250,0,13,0,3,115,4,26
2,9,3.0,217,6,14,0,7,8,2,27
2,9,3.0,217,6,19,0,10,47,3,27
2,9,4.0,295,3,21,1,11,15,0,30
2,9,4.0,295,3,2,0,14,24,1,30
2,9,4.0,295,3,12,0,4,75,1,30
2,9,4.0,295,3,12,0,4,127,3,30
2,9,6.0,51,1,17,0,5,12,0,23
2,9,3.0,217,6,12,1,11,10,2,27
2,5,23.0,58,4,22,1,3,115,1,17
3,8,10.0,71,2,2,0,1,35,4,4
2,3,24.0,347,2,14,0,7,20,4,14
3,2,17.0,6,0,4,0,4,82,3,6
2,9,4.0,295,3,15,1,1,11,4,30
2,5,31.0,158,5,17,0,5,12,0,20
3,4,16.0,25,4,2,0,13,38,2,2
2,9,4.0,295,3,3,2,10,22,0,30
2,5,31.0,158,5,14,0,10,22,3,20
3,8,10.0,71,2,18,2,5,12,2,4
2,3,24.0,347,2,14,2,2,35,0,14
2,9,4.0,295,3,8,1,13,29,4,30
3,8,11.0,306,4,21,1,7,111,0,9
3,8,11.0,306,4,15,0,0,12,3,9
3,8,11.0,306,4,2,0,8,9,1,9
3,8,19.0,280,5,3,0,14,24,3,10
3,8,19.0,280,5,9,1,3,30,4,10
3,8,25.0,86,4,5,0,6,73,0,13
3,2,19.0,137,2,19,2,1,67,3,10
3,2,28.0,257,5,17,0,15,31,3,18
3,2,28.0,257,5,4,1,15,39,0,18
3,2,28.0,257,5,13,1,9,83,4,18
3,2,28.0,257,5,9,0,9,93,3,18
3,2,28.0,257,5,18,0,6,116,1,18
3,2,28.0,257,5,23,0,8,65,4,18
3,0,10.0,129,2,16,0,15,31,3,4
3,0,10.0,129,2,5,0,10,22,2,4
3,0,10.0,129,2,16,0,10,30,0,4
3,0,10.0,129,2,14,0,6,7,2,4
3,0,10.0,129,2,1,0,9,87,2,4
3,0,25.0,281,4,0,1,0,0,0,13
3,0,26.0,14,5,13,0,1,35,3,3
3,0,26.0,14,5,22,0,12,80,3,3
3,0,26.0,14,5,12,1,3,70,4,3
3,0,25.0,281,4,7,1,7,111,1,13
3,0,27.0,23,6,13,0,8,27,3,15
3,0,27.0,23,6,3,0,9,49,4,15
3,0,27.0,23,6,18,0,1,59,4,15
3,0,28.0,249,3,5,2,9,57,0,18
3,0,27.0,23,6,9,0,9,93,4,15
3,0,27.0,23,6,14,1,5,6,0,15
3,0,27.0,23,6,19,0,3,103,2,15
3,0,28.0,249,3,4,0,13,29,1,18
3,0,28.0,249,3,14,2,2,123,2,18
3,0,28.0,249,3,18,0,2,123,1,18
3,2,23.0,230,3,13,1,16,50,4,17
3,2,2.0,143,3,8,1,10,47,1,22
3,2,19.0,137,2,22,2,16,50,3,10
3,2,19.0,137,2,19,0,5,6,0,10
3,2,9.0,21,3,13,0,13,99,2,12
3,8,8.0,76,0,23,0,1,35,4,8
3,1,18.0,82,0,20,1,5,6,2,0
3,4,1.0,144,2,0,1,0,12,2,7
3,11,25.0,88,6,12,1,6,7,4,13
2,6,4.0,342,1,9,0,6,7,4,30
2,6,4.0,342,1,18,0,1,11,3,30
2,10,6.0,243,6,14,2,14,34,1,23
3,3,1.0,180,1,4,0,13,13,3,7
3,2,19.0,137,2,3,0,5,6,3,10
3,2,19.0,137,2,6,0,0,0,0,10
3,2,19.0,137,2,4,0,6,89,1,10
3,2,28.0,257,5,13,0,1,11,0,18
3,0,10.0,129,2,21,0,5,6,1,4
3,0,10.0,129,2,19,0,14,34,1,4
3,0,10.0,129,2,19,0,5,64,3,4
3,0,25.0,281,4,17,1,8,33,4,13
3,0,25.0,281,4,6,0,1,11,3,13
3,0,25.0,281,4,5,1,9,83,4,13
3,0,26.0,14,5,13,2,14,107,3,3
3,0,26.0,14,5,22,0,10,23,1,3
3,0,27.0,23,6,7,1,9,27,0,15
3,0,28.0,249,3,16,2,0,0,3,18
3,0,28.0,249,3,13,1,11,18,1,18
2,10,21.0,314,3,19,3,10,12,2,21
2,8,6.0,70,5,17,1,14,32,1,23
3,7,17.0,95,0,13,0,2,13,1,6
2,0,14.0,190,6,14,3,12,80,2,5
2,0,14.0,190,6,22,0,11,117,0,5
3,11,9.0,311,4,2,0,2,92,2,12
3,11,24.0,194,5,17,1,1,16,4,14
3,7,17.0,95,0,14,1,1,67,0,6
3,1,18.0,82,0,22,0,6,89,2,0
3,5,25.0,350,3,3,3,16,72,2,13
3,5,25.0,350,3,19,0,4,75,4,13
3,10,2.0,358,2,12,0,9,49,1,22
3,10,18.0,246,5,13,1,10,52,1,0
3,4,16.0,25,4,17,1,5,6,1,2
3,8,8.0,76,0,14,1,16,37,4,8
3,10,27.0,302,3,17,1,13,13,1,15
3,2,27.0,136,4,9,3,6,7,0,15
2,2,24.0,233,3,11,1,14,125,1,14
2,7,21.0,211,4,12,0,3,76,4,21
2,6,6.0,169,4,15,1,7,137,1,23
2,3,30.0,109,1,4,0,0,0,3,19
2,9,4.0,295,3,8,0,8,9,1,30
2,6,13.0,173,4,13,1,2,2,4,25
2,3,30.0,109,1,2,0,16,37,3,19
3,6,14.0,173,6,14,0,16,74,1,5
2,9,5.0,89,0,13,1,11,10,4,24
2,6,16.0,244,3,17,1,0,68,0,2
3,10,12.0,333,6,11,3,2,2,0,28
2,5,6.0,349,0,6,2,8,9,3,23
2,9,12.0,177,0,19,1,11,90,1,28
2,6,16.0,244,3,8,0,12,61,2,2
3,2,21.0,108,5,8,0,0,31,2,21
2,5,6.0,349,0,16,1,16,42,4,23
2,9,4.0,295,3,12,1,14,126,4,30
2,6,21.0,185,5,17,2,13,28,0,21
3,1,6.0,97,2,22,0,7,120,1,23
2,7,13.0,125,2,9,0,3,44,3,25
2,9,6.0,51,1,3,0,0,77,3,23
3,8,15.0,72,0,13,3,14,88,2,1
2,3,4.0,324,4,2,0,10,52,2,30
2,9,6.0,51,1,8,0,15,114,4,23
2,9,6.0,51,1,4,1,7,54,4,23
2,9,6.0,51,1,18,0,2,2,1,23
2,9,6.0,51,1,4,1,7,8,4,23
2,9,7.0,271,2,11,0,12,17,1,11
2,9,7.0,271,2,18,0,1,67,3,11
2,9,4.0,295,3,0,1,5,6,0,30
2,9,6.0,51,1,3,1,2,71,2,23
2,9,6.0,51,1,22,1,2,35,4,23
2,9,6.0,51,1,8,0,14,25,0,23
2,9,6.0,51,1,18,0,11,124,4,23
2,9,7.0,271,2,13,0,13,28,1,11
2,9,6.0,51,1,9,0,2,3,0,23
2,9,7.0,271,2,12,0,5,0,2,11
2,9,13.0,91,1,0,0,10,43,4,25
2,9,13.0,91,1,22,0,3,103,1,25
2,9,13.0,91,1,19,0,4,79,2,25
2,9,13.0,91,1,4,0,9,9,0,25
2,9,14.0,106,2,17,0,9,27,1,5
2,9,12.0,177,0,12,0,2,40,2,28
2,9,14.0,106,2,13,1,5,6,0,5
2,9,14.0,106,2,19,0,12,135,3,5
2,9,14.0,106,2,19,2,12,17,3,5
2,9,14.0,106,2,9,1,9,87,4,5
2,9,15.0,226,4,0,3,0,12,3,1
2,9,15.0,226,4,12,0,15,31,1,1
2,9,15.0,226,4,18,2,2,69,0,1
2,9,21.0,362,2,2,0,0,12,0,21
2,9,23.0,167,5,10,0,8,9,3,17
2,11,14.0,147,3,12,1,2,86,0,5
2,11,3.0,288,2,16,0,10,47,3,27
2,11,3.0,288,2,21,0,13,13,1,27
2,11,4.0,275,4,21,1,13,38,0,30
2,11,4.0,275,4,19,0,12,121,1,30
2,11,4.0,275,4,6,1,7,57,0,30
2,11,15.0,331,0,7,0,10,47,3,1
2,11,15.0,331,0,4,1,16,65,0,1
2,11,15.0,331,0,14,0,10,22,2,1
2,11,22.0,250,0,5,0,13,69,1,26
2,11,22.0,250,0,11,1,14,25,1,26
2,11,22.0,250,0,23,1,9,63,4,26
2,9,3.0,217,6,8,0,5,6,2,27
2,9,3.0,217,6,13,1,13,4,4,27
2,9,4.0,295,3,15,0,10,22,0,30
2,9,4.0,295,3,18,0,13,36,1,30
2,9,6.0,51,1,3,1,10,47,0,23
2,9,6.0,51,1,18,1,11,133,4,23
2,9,7.0,271,2,22,0,2,40,3,11
2,9,7.0,271,2,14,0,9,49,4,11
2,9,13.0,91,1,17,0,0,26,3,25
0,0,24.0,55,3,4,0,13,99,4,14
2,9,13.0,91,1,4,0,4,127,1,25
2,9,14.0,106,2,12,1,4,127,4,5
2,9,15.0,226,4,2,0,12,56,0,1
2,9,15.0,226,4,1,1,6,73,2,1
2,3,14.0,35,3,6,2,0,64,3,5
2,3,14.0,35,3,15,0,9,49,1,5
2,3,14.0,35,3,16,0,3,30,0,5
2,6,21.0,185,5,22,0,10,47,0,21
2,3,14.0,35,3,20,1,3,115,4,5
2,6,21.0,185,5,2,2,6,89,3,21
2,3,15.0,263,0,9,0,8,19,3,1
3,4,20.0,115,0,16,0,10,47,3,29
2,6,21.0,185,5,2,1,1,1,1,21
3,4,31.0,67,5,2,1,6,89,4,20
2,5,31.0,158,5,10,0,0,77,1,20
3,8,9.0,124,1,18,3,5,12,0,12
3,8,18.0,75,4,8,2,8,33,3,0
2,3,15.0,263,0,14,0,9,63,3,1
2,5,23.0,58,4,18,0,4,79,2,17
2,3,21.0,166,3,0,2,5,6,3,21
3,8,2.0,77,1,15,0,5,6,1,22
2,3,21.0,166,3,21,1,10,52,0,21
2,6,13.0,173,4,17,0,2,86,0,25
3,6,14.0,173,6,8,3,2,86,1,5
3,6,14.0,173,6,11,0,3,44,3,5
3,10,6.0,242,3,9,2,3,44,3,23
3,10,6.0,242,3,13,0,6,128,1,23
3,1,30.0,100,6,9,0,0,26,3,19
3,1,29.0,112,5,2,0,14,24,2,16
3,4,4.0,178,6,14,1,0,12,0,30
3,1,15.0,1,5,13,0,13,48,0,1
3,1,15.0,1,5,4,1,10,47,1,1
3,1,15.0,1,5,17,3,0,12,4,1
3,0,15.0,190,0,22,3,8,118,1,1
3,0,22.0,241,0,8,3,5,6,0,26
2,2,6.0,153,2,6,1,0,64,1,23
3,3,8.0,148,1,18,0,9,102,0,8
3,10,8.0,213,1,9,0,15,31,3,8
3,10,16.0,201,2,22,0,16,139,3,2
3,1,10.0,17,3,17,1,11,129,4,4
3,8,27.0,78,6,8,3,15,39,3,15
3,5,1.0,109,4,20,3,15,31,0,7
3,11,15.0,331,2,11,0,11,15,2,1
3,9,22.0,92,6,8,0,15,114,2,26
3,9,25.0,344,1,9,2,3,30,3,13
3,9,25.0,344,1,0,0,14,25,3,13
3,5,7.0,349,2,13,0,6,7,4,11
3,10,8.0,213,1,18,0,2,69,3,8
3,5,1.0,109,4,17,0,9,54,1,7
3,1,10.0,17,3,18,0,10,47,3,4
3,1,19.0,29,1,3,0,7,31,1,10
3,10,16.0,201,2,17,0,7,20,4,2
3,4,17.0,19,5,0,0,9,101,1,6
3,2,1.0,16,6,13,0,8,19,2,7
3,4,27.0,274,0,5,1,1,16,4,15
3,2,1.0,16,6,8,0,12,61,2,7
3,6,1.0,158,3,18,2,13,48,3,7
3,2,20.0,264,4,20,0,2,40,2,29
3,9,1.0,126,6,13,3,11,55,2,7
3,1,10.0,17,3,14,0,14,24,2,4
2,9,19.0,234,0,9,0,0,12,0,10
2,5,3.0,114,5,12,1,16,130,2,27
3,7,10.0,329,0,8,1,6,7,0,4
3,7,20.0,266,4,12,0,5,47,2,29
2,10,10.0,298,2,19,0,10,22,0,4
2,1,28.0,112,2,20,1,4,75,1,18
2,1,28.0,112,2,4,0,10,43,2,18
2,4,3.0,178,4,16,0,13,13,1,27
3,1,22.0,164,5,12,0,14,24,2,26
3,8,21.0,46,3,19,0,9,109,4,21
3,11,18.0,332,6,12,0,15,46,3,0
3,2,12.0,128,2,14,1,3,115,2,28
2,2,4.0,127,0,4,0,15,112,3,30
3,8,22.0,354,0,5,0,1,1,1,26
3,8,22.0,354,0,16,0,2,86,0,26
3,2,12.0,128,2,14,0,14,24,2,28
3,4,21.0,339,1,18,0,5,12,0,21
3,8,21.0,46,3,0,1,9,95,4,21
3,2,1.0,16,6,17,2,10,43,1,7
3,2,1.0,16,6,14,0,2,13,1,7
3,3,15.0,35,1,23,0,6,132,4,1
2,3,22.0,57,0,11,3,14,25,0,26
3,9,17.0,255,0,17,0,2,2,1,6
3,4,4.0,178,6,15,1,13,13,1,30
2,1,1.0,171,4,13,0,13,99,3,7
3,2,5.0,127,2,18,1,8,27,0,24
3,4,23.0,30,4,19,1,5,12,2,17
2,6,13.0,173,4,16,0,6,89,1,25
2,6,13.0,173,4,5,0,10,23,1,25
2,6,13.0,173,4,11,0,12,56,2,25
2,6,16.0,244,3,0,0,4,82,1,2
2,6,16.0,244,3,5,0,14,25,3,2
2,6,16.0,244,3,1,0,10,47,0,2
2,6,21.0,185,5,11,0,16,72,1,21
2,6,21.0,185,5,15,0,11,15,1,21
2,6,21.0,185,5,15,0,10,43,1,21
2,3,21.0,166,3,13,1,0,53,0,21
2,6,21.0,185,5,12,0,8,19,4,21
2,3,21.0,166,3,12,1,3,79,4,21
2,6,21.0,185,5,7,1,3,30,0,21
2,3,21.0,166,3,19,0,6,89,1,21
2,10,5.0,242,5,22,0,3,115,3,24
2,3,22.0,57,0,6,0,0,77,3,26
2,5,31.0,158,5,12,1,12,84,0,20
2,3,23.0,357,1,4,2,14,107,3,17
2,10,7.0,213,3,2,0,7,120,4,11
2,3,23.0,357,1,18,2,12,104,0,17
2,9,12.0,177,0,0,1,0,68,1,28
2,3,24.0,347,2,0,0,6,7,3,14
2,3,24.0,347,2,23,1,16,74,1,14
2,3,24.0,347,2,5,0,10,23,2,14
2,3,24.0,347,2,6,0,14,25,1,14
2,3,30.0,109,1,2,0,1,1,4,19
2,3,30.0,109,1,2,0,3,30,1,19
2,5,6.0,349,0,17,0,5,6,0,23
0,0,23.0,237,6,4,1,0,26,0,17
2,11,4.0,275,4,1,2,4,75,1,30
2,11,15.0,331,0,16,0,10,47,0,1
2,11,15.0,331,0,16,1,4,82,1,1
2,11,15.0,331,0,22,1,15,31,4,1
2,11,22.0,250,0,0,0,0,26,0,26
2,11,22.0,250,0,15,1,7,54,4,26
2,11,22.0,250,0,1,0,5,12,2,26
2,9,3.0,217,6,8,0,10,47,0,27
2,9,4.0,295,3,15,2,0,77,3,30
2,9,6.0,51,1,3,1,3,79,1,23
2,9,6.0,51,1,18,2,10,47,3,23
2,9,6.0,51,1,18,0,5,12,0,23
2,9,7.0,271,2,0,1,10,47,0,11
2,3,2.0,182,1,22,0,8,9,1,22
2,3,20.0,338,6,19,1,0,77,0,29
2,6,12.0,317,2,18,0,10,47,3,28
2,6,12.0,317,2,17,1,13,69,0,28
2,7,31.0,180,3,20,3,11,15,1,20
2,9,7.0,271,2,11,1,0,68,4,11
2,9,7.0,271,2,2,0,13,69,4,11
2,9,7.0,271,2,12,0,14,32,3,11
2,9,7.0,271,2,14,1,9,58,4,11
2,9,7.0,271,2,20,1,16,74,1,11
2,9,13.0,91,1,6,0,0,0,0,25
2,9,13.0,91,1,14,2,9,102,3,25
2,9,14.0,106,2,6,0,0,12,0,5
2,9,14.0,106,2,6,0,0,12,3,5
2,9,14.0,106,2,19,1,11,15,4,5
2,9,14.0,106,2,9,1,9,87,4,5
2,9,15.0,226,4,3,0,13,38,3,1
2,3,24.0,347,2,14,0,2,40,4,14
2,3,24.0,347,2,21,0,5,6,0,14
2,3,30.0,109,1,16,0,3,115,4,19
2,3,30.0,109,1,7,0,4,5,1,19
2,3,30.0,109,1,17,3,9,57,3,19
2,3,30.0,109,1,4,0,16,37,3,19
2,3,30.0,109,1,1,0,9,87,1,19
2,5,6.0,349,0,5,1,3,79,4,23
2,5,6.0,349,0,8,0,8,41,3,23
2,5,6.0,349,0,4,0,11,18,1,23
2,5,22.0,168,2,17,0,16,74,0,26
2,3,13.0,33,6,1,1,9,109,0,25
2,5,22.0,168,2,16,0,14,97,3,26
2,5,22.0,168,2,0,0,8,27,4,26
2,9,12.0,177,0,1,1,14,110,1,28
2,9,12.0,177,0,9,1,8,27,0,28
2,9,20.0,119,1,14,0,12,56,3,29
2,3,7.0,148,3,1,1,15,51,4,11
2,5,30.0,196,4,11,1,13,99,4,19
2,6,14.0,49,5,8,1,2,123,1,5
2,10,7.0,213,3,2,0,10,22,3,11
2,10,7.0,213,3,5,3,1,67,0,11
2,10,7.0,213,3,9,0,10,47,3,11
2,10,14.0,60,3,6,2,10,47,3,5
2,9,21.0,362,2,6,0,10,47,0,21
2,9,21.0,362,2,16,0,0,53,3,21
2,9,21.0,362,2,2,1,4,138,4,21
2,9,21.0,362,2,18,0,10,6,3,21
2,9,21.0,362,2,12,2,16,72,1,21
2,9,21.0,362,2,17,0,1,59,3,21
2,9,23.0,167,5,0,1,1,105,0,17
2,9,23.0,167,5,15,0,8,9,4,17
2,9,23.0,167,5,1,2,13,99,1,17
2,9,13.0,91,1,9,0,5,64,2,25
2,7,4.0,204,0,2,0,5,0,2,30
2,7,6.0,293,2,6,1,5,12,2,23
2,7,6.0,293,2,16,0,9,95,1,23
2,7,6.0,293,2,22,0,9,63,1,23
2,7,6.0,293,2,6,1,1,67,0,23
2,7,5.0,93,1,1,0,6,126,1,24
2,7,31.0,180,3,8,3,11,18,3,20
2,7,6.0,293,2,13,1,2,40,4,23
2,7,6.0,293,2,4,2,3,30,3,23
2,7,6.0,293,2,2,0,6,89,1,23
2,7,6.0,293,2,9,0,11,15,2,23
2,7,6.0,293,2,18,0,16,50,0,23
2,7,13.0,125,2,17,0,6,7,3,25
2,7,13.0,125,2,0,1,11,55,4,25
2,3,4.0,324,4,21,0,10,6,2,30
2,6,21.0,185,5,21,1,13,38,0,21
2,6,21.0,185,5,12,0,5,12,2,21
2,6,21.0,185,5,19,0,14,107,3,21
2,6,21.0,185,5,3,1,1,11,1,21
2,10,5.0,242,5,16,0,10,22,3,24
2,10,5.0,242,5,13,0,1,59,2,24
2,10,5.0,242,5,13,0,14,107,3,24
3,1,23.0,69,6,5,0,1,11,1,17
3,1,28.0,300,4,23,1,5,6,0,18
3,1,31.0,305,3,20,1,5,64,0,20
3,8,20.0,319,6,11,0,9,93,3,29
3,8,20.0,319,6,5,1,15,51,0,29
3,8,23.0,102,1,6,0,1,35,0,17
3,5,9.0,206,5,2,1,1,105,0,12
3,3,26.0,343,6,8,2,8,41,3,3
2,11,1.0,222,0,14,2,1,11,2,7
2,11,1.0,222,0,14,0,16,72,0,7
2,11,16.0,225,1,0,0,5,6,0,2
2,11,16.0,225,1,6,0,2,2,3,2
2,11,16.0,225,1,21,0,13,28,1,2
2,11,18.0,332,4,13,2,6,89,3,0
2,11,18.0,332,4,2,0,5,6,3,0
3,11,21.0,192,1,12,0,8,118,1,21
3,3,24.0,357,4,9,2,5,6,0,14
3,5,10.0,155,6,6,2,1,59,1,4
3,5,10.0,155,6,3,0,1,11,2,4
3,2,8.0,258,6,5,1,9,134,4,8
3,5,23.0,168,5,5,0,16,37,3,17
3,5,23.0,168,5,22,1,7,111,0,17
3,5,24.0,58,6,18,2,6,132,3,14
3,5,24.0,58,6,13,1,13,38,4,14
3,10,10.0,245,4,21,0,8,27,1,4
3,10,27.0,302,3,9,2,9,57,3,15
3,1,1.0,203,5,17,2,12,61,1,7
2,0,17.0,0,1,5,0,2,86,4,6
2,0,18.0,13,2,16,1,14,25,2,0
2,0,18.0,13,2,8,0,16,74,4,0
3,11,9.0,311,4,11,1,11,18,1,12
3,11,17.0,110,5,14,1,0,68,1,6
3,11,24.0,194,5,17,2,6,106,3,14
3,8,23.0,102,1,14,0,10,47,3,17
3,4,6.0,176,0,13,0,15,51,0,23
3,4,7.0,133,1,5,2,5,6,1,11
3,4,6.0,176,0,4,1,5,6,1,23
3,4,12.0,134,3,21,1,10,12,0,28
3,4,13.0,221,0,3,2,15,51,2,25
3,7,5.0,204,2,2,1,12,58,4,24
3,7,22.0,211,6,8,0,6,91,1,26
3,7,22.0,211,6,1,0,16,74,1,26
3,7,28.0,34,5,12,0,6,128,0,18
3,3,4.0,285,5,19,0,4,138,4,30
3,3,11.0,337,5,8,0,9,27,3,9
3,3,14.0,33,0,23,0,8,118,4,5
3,3,21.0,338,0,19,0,6,89,1,21
3,5,13.0,184,1,16,0,16,39,0,25
3,6,4.0,159,2,2,0,15,96,3,30
2,9,24.0,272,6,18,2,0,26,3,14
0,0,31.0,290,3,11,0,8,118,1,20
3,8,27.0,78,6,19,1,5,12,0,15
3,11,2.0,265,4,5,0,1,1,4,22
3,11,29.0,270,2,18,1,15,114,0,16
3,8,15.0,72,0,11,1,14,126,4,1
3,4,15.0,132,2,5,1,4,45,4,1
3,6,6.0,83,5,6,1,0,77,1,23
3,6,22.0,185,3,11,1,14,32,4,26
3,6,22.0,185,3,9,0,5,12,0,26
3,10,4.0,356,5,17,2,13,21,1,30
3,10,13.0,346,3,15,1,1,105,4,25
3,10,23.0,247,2,14,0,10,22,1,17
3,10,23.0,247,2,9,2,6,73,3,17
3,10,23.0,247,2,18,2,12,61,3,17
3,7,11.0,197,1,2,0,16,50,1,9
3,2,24.0,22,0,12,2,5,6,0,14
0,6,6.0,83,1,13,0,4,75,1,23
3,2,16.0,220,3,13,2,13,28,2,2
3,7,21.0,81,5,11,0,5,6,2,21
3,7,21.0,81,5,22,0,15,31,3,21
3,7,22.0,211,6,8,0,6,132,3,26
2,0,11.0,113,2,17,1,12,83,4,9
3,7,10.0,329,0,9,0,13,28,1,4
3,2,15.0,130,6,13,1,3,30,1,1
3,11,25.0,88,6,17,2,9,95,3,13
3,11,25.0,88,6,15,0,13,13,1,13
3,11,25.0,88,6,13,1,8,9,1,13
3,9,6.0,51,4,3,0,16,74,1,23
3,9,6.0,51,4,23,1,9,95,1,23
3,11,23.0,232,4,5,0,13,38,2,17
3,9,16.0,107,3,12,2,13,29,3,2
3,9,16.0,107,3,18,0,3,30,3,2
3,9,23.0,167,3,12,0,10,47,2,17
3,9,23.0,167,3,8,1,1,35,4,17
3,3,17.0,54,4,4,0,0,26,2,6
3,7,22.0,211,6,20,0,11,90,1,26
3,9,23.0,167,3,8,0,1,35,2,17
3,3,12.0,104,6,13,1,0,12,1,28
3,2,25.0,233,1,2,1,7,20,4,13
3,7,5.0,204,2,0,2,5,64,0,24
2,8,18.0,280,2,13,0,1,11,4,0
3,3,25.0,347,5,6,1,15,119,0,13
3,5,24.0,58,6,6,1,12,83,4,14
3,6,8.0,59,3,8,0,15,108,1,8
3,6,10.0,149,1,16,1,8,27,4,4
3,6,10.0,149,1,1,0,0,68,3,4
3,4,17.0,19,5,16,1,14,34,0,6
3,10,9.0,150,2,22,1,9,27,0,12
3,10,9.0,150,2,1,1,13,28,0,12
3,10,10.0,245,4,13,2,9,49,3,4
3,10,9.0,150,2,5,1,2,13,0,12
3,10,27.0,302,3,9,2,16,72,0,15
3,1,1.0,203,5,4,2,9,93,3,7
3,1,18.0,82,0,3,0,7,122,0,0
2,10,23.0,261,1,18,2,16,113,3,17
2,5,15.0,239,2,5,1,6,128,1,1
2,10,31.0,203,2,9,0,8,41,1,20
0,0,15.0,190,5,17,3,6,7,0,1
2,11,21.0,192,3,16,0,10,43,3,21
2,7,30.0,43,6,2,0,3,30,4,19
0,0,30.0,228,6,11,1,13,28,4,19
2,1,5.0,97,0,12,0,3,44,3,24
2,1,14.0,1,2,19,0,13,99,1,5
2,1,15.0,2,4,17,0,13,99,1,1
2,1,25.0,248,3,16,1,3,4,0,13
2,8,5.0,87,4,19,0,13,29,3,24
2,8,5.0,87,4,12,1,6,7,0,24
2,8,6.0,70,5,9,0,10,23,3,23
2,8,6.0,70,5,12,0,5,6,2,23
2,8,15.0,73,3,17,1,3,103,0,1
2,8,16.0,74,0,14,0,8,9,1,2
2,8,17.0,75,1,2,0,5,12,0,6
2,8,17.0,75,1,4,1,8,41,1,6
2,4,8.0,18,1,12,0,14,25,0,8
2,4,9.0,79,2,16,0,0,15,3,12
2,4,9.0,79,2,3,0,6,89,1,12
2,4,9.0,79,2,12,0,2,2,1,12
2,4,25.0,80,5,9,0,10,47,0,13
2,4,25.0,80,5,1,0,9,57,0,13
2,0,13.0,5,5,19,3,2,60,4,25
2,2,2.0,282,6,19,0,4,136,1,22
2,2,27.0,257,2,6,2,14,97,3,15
2,2,27.0,257,2,20,1,3,76,2,15
2,0,12.0,198,4,17,1,2,13,0,28
2,0,12.0,198,4,19,0,1,16,4,28
2,0,13.0,5,5,15,0,8,27,2,25
3,11,1.0,222,2,0,0,5,6,0,7
3,11,3.0,288,5,3,0,12,17,3,27
3,11,3.0,288,5,22,0,12,83,0,27
3,11,4.0,275,6,1,0,14,25,0,30
3,11,26.0,364,3,3,0,5,6,1,3
3,11,27.0,322,0,1,2,0,77,3,15
3,11,30.0,170,4,14,0,9,95,0,19
3,9,5.0,89,2,6,0,10,47,1,24
3,9,20.0,119,4,9,0,11,94,1,29
2,6,27.0,309,4,11,0,1,35,4,15
3,7,28.0,34,5,13,0,0,26,3,18
2,10,29.0,157,0,21,0,5,6,1,16
2,4,31.0,16,4,0,0,5,12,3,20
3,11,25.0,88,6,4,0,2,2,0,13
3,9,6.0,51,4,2,0,2,92,0,23
3,9,16.0,107,3,11,0,14,34,3,2
3,9,16.0,107,3,20,1,6,128,4,2
3,9,16.0,107,3,8,1,1,35,4,2
3,9,16.0,107,3,14,0,6,128,0,2
3,7,1.0,98,6,17,1,14,97,1,7
3,3,24.0,357,4,15,1,7,111,4,14
3,3,24.0,357,4,2,1,9,87,4,14
3,5,24.0,58,6,17,1,9,10,4,14
3,5,24.0,58,6,9,0,2,92,3,14
3,6,8.0,59,3,9,0,3,44,3,8
3,6,10.0,149,1,15,1,4,121,0,4
3,6,24.0,31,1,19,2,7,120,3,14
3,10,2.0,358,2,10,1,9,63,0,22
3,10,18.0,246,5,16,0,3,115,4,0
3,10,18.0,246,5,21,2,16,50,1,0
3,10,18.0,246,5,18,0,0,53,3,0
3,1,9.0,50,6,1,0,6,7,3,12
2,11,15.0,331,0,5,0,7,120,4,1
2,11,15.0,331,0,2,1,1,105,0,1
2,1,11.0,353,3,20,0,2,3,1,9
2,1,18.0,29,3,6,1,0,0,4,0
2,1,18.0,29,3,13,1,9,63,4,0
2,1,18.0,29,3,9,0,2,40,1,0
2,1,26.0,262,0,7,0,13,48,2,3
2,1,26.0,262,0,10,1,1,35,0,3
2,1,26.0,262,0,19,1,13,69,1,3
2,8,18.0,280,2,6,0,9,95,0,0
3,2,24.0,22,0,12,2,10,47,3,14
3,2,10.0,28,0,11,0,3,76,1,4
2,8,18.0,280,2,9,0,8,41,3,0
3,7,5.0,204,2,4,0,9,93,0,24
3,3,2.0,120,2,23,1,0,26,1,22
3,2,30.0,131,3,17,1,12,135,4,19
3,7,8.0,94,6,0,0,0,85,1,8
3,11,23.0,232,4,11,0,10,47,1,17
2,8,20.0,46,5,2,0,3,79,0,29
3,2,25.0,233,1,8,2,15,114,0,13
3,7,13.0,238,4,15,0,6,128,1,25
3,3,11.0,337,5,8,1,6,89,1,9
3,7,17.0,95,0,17,0,0,64,3,6
3,4,22.0,152,2,10,1,11,124,0,26
3,7,8.0,94,6,15,0,16,74,0,8
3,5,11.0,326,3,6,1,6,7,2,9
3,2,25.0,233,1,4,2,3,115,3,13
3,10,13.0,346,3,2,1,6,128,4,25
3,7,22.0,211,6,4,1,0,31,1,26
3,3,13.0,210,3,16,0,14,126,4,25
3,3,18.0,165,5,0,1,1,1,0,0
3,4,30.0,139,4,21,1,10,22,0,19
3,11,23.0,232,4,15,0,5,47,2,17
3,7,8.0,94,6,12,0,8,118,1,8
3,1,23.0,69,6,19,1,9,27,0,17
3,7,22.0,211,6,5,0,8,9,3,26
3,3,21.0,338,0,0,0,13,99,1,21
3,4,30.0,139,4,6,1,4,45,0,19
3,3,18.0,165,5,1,0,14,25,2,0
3,0,9.0,48,1,12,2,1,1,0,12
3,11,23.0,232,4,16,0,1,59,4,17
3,7,17.0,95,0,13,0,11,15,2,6
3,11,12.0,118,3,11,0,0,26,1,28
3,3,2.0,120,2,6,0,9,101,1,22
3,2,4.0,254,1,5,1,1,81,4,30
3,5,11.0,326,3,4,0,11,124,4,9
3,2,1.0,16,6,13,0,14,131,1,7
3,3,23.0,57,2,18,0,5,47,3,17
2,8,17.0,75,1,8,0,6,89,3,6
2,8,15.0,73,3,9,0,11,15,3,1
3,7,1.0,98,6,17,0,4,82,1,7
2,6,24.0,39,0,18,0,10,22,2,14
3,5,15.0,200,4,12,2,5,12,3,1
3,6,24.0,31,1,14,1,15,46,4,14
3,1,1.0,203,5,19,1,13,29,0,7
3,1,18.0,82,0,18,0,10,23,1,0
2,4,9.0,79,2,0,1,11,15,0,12
2,4,9.0,79,2,16,1,0,15,4,12
2,4,25.0,80,5,5,0,1,11,4,13
2,4,25.0,80,5,19,0,0,31,2,13
2,4,31.0,16,4,23,1,10,52,1,20
2,4,31.0,16,4,13,0,7,137,4,20
3,11,20.0,340,0,12,1,5,6,0,29
3,3,11.0,337,5,5,1,12,58,4,9
3,11,27.0,322,0,13,0,8,9,4,15
3,11,30.0,170,4,20,0,10,47,1,19
3,11,27.0,322,0,19,1,0,15,0,15
3,9,2.0,323,3,8,0,11,18,2,22
3,9,13.0,91,4,9,2,9,101,0,25
3,9,27.0,179,4,19,0,12,61,3,15
3,9,27.0,179,4,9,0,13,99,4,15
3,9,28.0,315,5,15,1,7,129,1,18
3,9,28.0,315,5,20,1,1,59,4,18
3,9,28.0,315,5,4,0,12,80,2,18
3,7,13.0,238,4,20,0,6,73,1,25
3,1,20.0,151,2,17,1,10,23,2,29
3,2,23.0,230,3,11,1,9,10,4,17
3,9,2.0,323,3,20,0,12,84,2,22
3,9,2.0,323,3,12,0,13,69,3,22
3,9,5.0,89,2,0,0,1,35,3,24
2,6,21.0,185,5,22,1,11,98,4,21
2,1,13.0,183,1,4,1,14,32,0,25
2,2,23.0,22,6,12,1,13,69,0,17
2,2,23.0,22,6,1,2,1,67,3,17
3,7,14.0,125,5,14,0,2,13,1,5
3,7,14.0,125,5,9,1,2,13,0,5
3,3,7.0,289,0,8,0,10,22,1,11
3,3,8.0,148,1,2,0,10,22,1,8
3,3,15.0,35,1,6,0,5,12,0,1
3,3,15.0,35,1,13,2,11,133,2,1
3,3,15.0,35,1,19,0,10,23,3,1
3,3,15.0,35,1,13,1,9,9,1,1
3,3,16.0,263,2,6,0,7,120,3,2
3,5,1.0,109,4,19,3,15,77,3,7
3,5,7.0,349,2,8,0,13,28,3,11
3,5,9.0,206,5,16,1,10,22,1,12
3,5,18.0,195,3,13,1,13,38,4,0
3,6,26.0,348,4,17,1,0,77,4,3
3,6,26.0,348,4,11,0,9,63,4,3
3,6,25.0,39,2,12,1,15,46,2,13
3,10,1.0,208,1,4,0,14,126,3,7
3,10,8.0,213,1,6,2,2,2,2,8
3,10,16.0,201,2,9,0,8,9,3,2
2,2,1.0,143,5,5,0,0,0,2,7
2,2,16.0,6,6,12,0,8,9,1,2
2,2,24.0,233,3,11,0,3,115,4,14
2,2,26.0,136,1,17,2,2,2,1,3
2,0,1.0,47,3,14,0,7,78,3,7
2,2,24.0,233,3,13,1,8,118,1,14
2,0,9.0,129,0,12,1,0,12,0,12
2,0,14.0,190,6,13,0,9,95,2,5
2,2,1.0,143,5,20,1,4,127,4,7
2,2,26.0,136,1,21,0,14,126,3,3
2,0,1.0,47,3,0,1,5,12,0,7
2,0,1.0,47,3,20,1,16,72,4,7
2,0,1.0,47,3,22,0,7,62,3,7
2,0,17.0,0,1,20,0,14,24,1,6
2,0,18.0,13,2,16,0,14,32,3,0
2,0,18.0,13,2,15,1,6,7,0,0
2,0,17.0,0,1,18,1,15,51,1,6
3,11,9.0,311,4,19,0,15,46,3,12
3,11,17.0,110,5,11,0,5,6,3,6
3,11,17.0,110,5,14,2,9,93,3,6
3,11,17.0,110,5,14,1,11,15,4,6
3,9,5.0,89,2,8,2,10,47,0,24
3,9,20.0,119,4,0,0,0,64,0,29
3,9,20.0,119,4,16,1,13,99,0,29
3,9,20.0,119,4,2,2,9,10,3,29
3,9,27.0,179,4,22,1,14,32,4,15
3,9,27.0,179,4,8,0,12,56,4,15
3,9,28.0,315,5,17,0,4,103,3,18
3,11,24.0,194,5,5,2,3,103,0,14
3,3,1.0,180,1,5,0,0,26,3,7
3,2,4.0,254,1,12,1,10,23,1,30
3,3,2.0,120,2,12,0,7,57,4,22
2,11,1.0,222,0,14,2,9,54,3,7
3,5,11.0,326,3,8,0,7,20,0,9
3,9,5.0,89,2,4,0,8,9,4,24
3,3,17.0,54,4,17,0,8,27,1,6
3,6,6.0,83,5,4,0,5,12,3,23
3,3,2.0,120,2,14,0,6,132,1,22
2,11,9.0,311,1,14,0,13,36,3,12
3,2,16.0,220,3,11,1,9,134,4,2
2,3,13.0,33,6,8,0,5,6,2,25
2,8,21.0,354,6,15,1,12,61,4,21
3,3,17.0,54,4,14,2,6,132,0,6
3,6,12.0,162,4,6,0,2,86,3,28
3,7,28.0,34,5,17,1,0,26,1,18
2,11,16.0,225,1,3,1,3,30,0,2
3,2,23.0,230,3,22,2,6,7,0,17
2,5,7.0,199,1,0,0,5,6,0,11
2,4,13.0,345,3,16,0,0,53,0,25
3,3,18.0,165,5,17,0,11,98,4,0
3,6,22.0,185,3,7,1,7,62,4,26
3,6,22.0,185,3,18,0,0,77,1,26
3,6,29.0,335,3,20,0,10,23,3,16
3,6,29.0,335,3,2,1,6,128,1,16
2,11,29.0,270,0,22,0,6,7,3,16
3,11,23.0,232,4,22,0,2,123,3,17
3,5,23.0,168,5,13,1,8,41,1,17
3,2,3.0,282,0,8,2,2,29,2,27
3,2,8.0,258,6,21,3,6,7,3,8
3,2,8.0,258,6,13,1,0,0,1,8
3,2,11.0,297,1,19,0,3,79,1,9
3,7,20.0,266,4,20,0,8,19,4,29
3,10,3.0,310,4,12,1,1,16,4,27
3,10,30.0,157,2,19,0,2,2,1,19
2,8,28.0,301,6,17,0,12,80,2,18
2,0,21.0,241,6,17,1,0,96,1,21
3,5,9.0,206,5,12,1,5,12,1,12
3,1,2.0,171,6,20,1,12,56,4,22
3,6,29.0,335,3,1,0,8,41,1,16
3,6,30.0,145,0,11,2,8,33,1,19
3,6,30.0,145,0,13,2,1,35,4,19
3,6,30.0,145,0,19,0,0,26,3,19
3,6,30.0,145,0,4,0,16,50,1,19
3,10,4.0,356,5,0,2,2,40,3,30
3,11,1.0,222,2,17,0,12,61,1,7
3,1,13.0,207,2,12,3,12,80,0,25
3,1,23.0,69,6,9,0,9,93,3,17
3,1,28.0,300,4,13,0,10,22,1,18
3,1,28.0,300,4,18,0,6,89,4,18
3,8,23.0,102,1,13,0,5,12,3,17
3,8,23.0,102,1,22,0,1,105,4,17
3,8,23.0,102,1,4,1,10,52,4,17
3,4,5.0,235,3,9,0,10,47,3,24
3,4,6.0,176,0,3,0,5,6,2,23
3,4,6.0,176,0,6,1,9,93,0,23
3,4,6.0,176,0,1,0,16,74,1,23
3,4,7.0,133,1,14,0,10,12,3,11
3,4,12.0,134,3,17,0,9,93,1,28
3,4,12.0,134,3,15,0,9,9,3,28
3,6,11.0,355,2,6,0,3,30,3,9
3,6,11.0,355,2,8,1,11,55,4,9
3,3,18.0,165,5,23,0,1,67,4,0
3,3,24.0,357,4,5,1,12,121,1,14
3,5,17.0,212,6,5,0,5,6,2,6
3,6,8.0,59,3,6,2,14,32,3,8
3,6,8.0,59,3,20,1,2,2,1,8
3,6,10.0,149,1,1,1,1,16,4,4
3,10,2.0,358,2,0,0,5,12,3,22
3,10,10.0,245,4,9,2,4,82,3,4
3,10,18.0,246,5,0,1,16,113,0,0
3,1,1.0,203,5,11,2,10,47,3,7
3,8,9.0,124,1,0,2,4,127,3,12
3,8,18.0,75,4,22,0,6,128,1,0
3,4,16.0,25,4,15,1,2,86,1,2
3,4,19.0,142,3,22,2,9,101,0,10
2,9,10.0,156,6,12,2,6,73,4,4
2,9,10.0,156,6,19,1,14,97,4,4
2,9,9.0,320,5,13,1,2,13,4,12
2,9,25.0,344,3,13,0,14,25,2,13
3,7,27.0,53,4,8,0,15,46,1,15
3,6,5.0,342,4,8,0,10,47,3,24
3,6,12.0,162,4,6,1,3,44,0,28
3,6,12.0,162,4,11,0,8,118,1,28
3,6,29.0,335,3,11,0,5,6,2,16
3,10,4.0,356,5,8,2,8,9,3,30
3,10,23.0,247,2,17,0,14,25,3,17
3,1,13.0,207,2,16,0,2,92,0,25
3,1,13.0,207,2,19,0,6,7,3,25
3,1,23.0,69,6,17,1,7,20,4,17
3,1,31.0,305,3,21,1,2,86,1,20
3,4,12.0,134,3,20,0,14,25,3,28
3,4,12.0,134,3,1,2,9,10,3,28
3,4,13.0,221,0,22,1,11,18,1,25
3,4,13.0,221,0,19,1,1,67,4,25
3,2,4.0,254,1,17,0,10,43,1,30
3,2,6.0,251,4,22,1,14,126,4,23
3,2,13.0,276,4,5,1,8,9,4,25
3,4,27.0,274,0,16,0,7,137,1,15
2,4,13.0,345,3,11,0,13,4,3,25
3,3,17.0,54,4,4,1,11,94,1,6
3,2,24.0,22,0,22,1,9,95,4,14
2,4,19.0,115,6,14,0,6,116,3,10
2,5,7.0,199,1,20,0,16,139,1,11
2,9,1.0,126,4,9,2,9,54,3,7
2,4,19.0,115,6,0,0,0,26,3,10
2,5,13.0,36,0,10,1,8,65,4,25
2,2,2.0,282,6,14,0,13,28,1,22
2,11,5.0,240,5,12,1,14,25,0,24
3,0,8.0,9,0,2,2,1,16,3,8
2,9,1.0,126,4,4,2,7,111,0,7
2,5,14.0,200,1,0,1,5,0,0,5
2,0,13.0,5,5,18,2,13,13,3,25
2,5,5.0,277,3,20,0,6,89,4,24
3,0,23.0,237,1,16,0,5,6,3,17
2,9,2.0,323,5,15,0,0,77,2,22
2,4,19.0,115,6,23,0,6,128,4,10
2,5,13.0,36,0,18,1,15,119,2,25
2,0,29.0,228,3,17,1,9,87,1,16
2,11,14.0,147,3,18,1,7,62,0,5
3,0,23.0,237,1,22,1,4,45,1,17
2,9,9.0,320,5,5,1,15,46,4,12
2,9,10.0,156,6,3,2,5,12,3,4
2,9,10.0,156,6,1,0,8,19,4,4
2,9,10.0,156,6,13,1,13,13,4,4
2,0,9.0,129,0,12,0,2,2,1,12
2,0,9.0,129,0,22,0,8,9,3,12
2,0,14.0,190,6,9,0,15,119,3,5
2,0,17.0,0,1,16,0,5,6,3,6
2,0,18.0,13,2,10,0,0,12,1,0
2,0,18.0,13,2,4,1,2,92,4,0
3,11,7.0,253,1,7,0,0,85,1,11
3,1,27.0,262,2,9,2,3,79,0,15
3,8,1.0,66,0,0,1,9,101,0,7
3,8,8.0,76,0,17,2,0,31,1,8
3,8,8.0,76,0,13,1,12,61,1,8
3,8,8.0,76,0,9,1,4,75,2,8
3,8,16.0,73,1,19,0,15,85,3,2
3,8,16.0,73,1,22,2,13,36,0,2
3,8,16.0,73,1,22,0,12,56,1,2
3,8,18.0,75,4,12,2,3,115,3,0
2,0,29.0,228,3,19,1,9,10,4,16
3,3,4.0,285,5,19,0,5,12,2,30
3,3,11.0,337,5,6,0,8,41,1,9
3,3,11.0,337,5,13,0,10,6,3,9
3,3,11.0,337,5,1,0,5,6,3,9
3,3,13.0,210,3,17,1,0,53,1,25
3,3,13.0,210,3,8,0,6,7,2,25
3,3,4.0,285,5,12,1,9,101,4,30
3,3,13.0,210,3,4,0,13,48,3,25
3,3,13.0,210,3,2,1,2,71,4,25
3,5,22.0,163,4,19,0,14,106,4,26
3,5,27.0,328,1,20,0,2,60,4,15
3,6,6.0,83,5,0,0,10,47,0,23
3,6,6.0,83,5,23,0,12,61,1,23
3,6,11.0,355,2,10,1,14,106,4,9
3,5,21.0,351,2,9,1,7,20,4,21
3,9,11.0,52,1,15,1,10,52,0,9
3,7,3.0,269,0,17,1,10,47,1,27
3,3,10.0,4,4,20,1,11,58,4,4
3,5,2.0,307,5,8,1,15,51,1,22
3,6,27.0,116,5,0,1,13,21,4,15
3,8,30.0,103,1,19,1,13,29,4,19
3,2,5.0,127,2,16,0,11,117,3,24
3,8,18.0,75,4,9,2,10,22,3,0
3,4,2.0,141,4,16,0,5,64,3,22
3,4,2.0,141,4,3,1,0,0,1,22
3,4,19.0,142,3,23,1,8,41,1,10
3,2,9.0,21,3,1,2,10,47,2,12
3,2,11.0,297,1,21,0,10,12,1,9
3,2,26.0,3,2,22,0,2,3,3,3
3,2,26.0,3,2,19,1,16,50,1,3
3,11,9.0,311,4,16,0,8,9,0,12
3,11,17.0,110,5,15,0,2,86,0,6
3,11,17.0,110,5,3,0,8,9,1,6
3,11,17.0,110,5,12,0,4,82,0,6
3,11,23.0,232,4,17,0,16,42,1,17
3,11,25.0,88,6,2,2,15,31,0,13
3,11,25.0,88,6,0,1,8,41,0,13
3,9,6.0,51,4,8,0,8,118,0,23
3,3,18.0,165,5,14,0,8,118,3,0
3,6,12.0,162,4,17,1,12,134,0,28
3,6,12.0,162,4,19,0,0,12,3,28
3,6,12.0,162,4,3,1,9,10,4,28
3,6,29.0,335,3,10,0,6,7,4,16
3,6,6.0,83,5,7,1,0,77,1,23
3,10,5.0,336,6,8,0,8,118,0,24
3,10,23.0,247,2,16,0,6,7,4,17
3,10,23.0,247,2,1,0,4,75,3,17
3,1,13.0,207,2,17,0,9,49,1,25
3,1,13.0,207,2,16,0,0,12,3,25
3,1,13.0,207,2,18,0,9,102,3,25
3,1,13.0,207,2,0,0,5,12,3,25
3,1,20.0,151,2,13,0,6,7,3,29
3,1,20.0,151,2,4,0,7,111,1,29
3,1,20.0,151,2,1,0,1,11,0,29
2,11,1.0,222,0,16,0,4,136,1,7
2,5,21.0,163,1,18,0,9,95,1,21
2,11,1.0,222,0,10,0,9,63,2,7
2,5,5.0,277,3,9,1,3,30,4,24
2,11,1.0,222,0,15,0,12,61,1,7
3,0,17.0,12,2,6,0,0,26,3,6
3,8,15.0,72,0,19,1,14,34,4,1
2,11,17.0,110,2,18,2,10,22,1,6
2,7,22.0,202,5,13,1,3,103,4,26
3,6,9.0,236,0,18,1,14,24,4,12
3,1,2.0,171,6,6,2,0,15,3,22
2,11,1.0,222,0,9,0,14,131,1,7
0,2,18.0,7,6,5,0,14,25,1,0
2,7,30.0,43,6,2,1,9,134,4,19
3,0,11.0,10,4,17,2,9,93,3,9
3,7,26.0,316,2,20,0,1,59,0,3
2,11,9.0,311,1,4,0,9,101,1,12
2,9,8.0,90,4,8,1,3,30,0,8
2,1,6.0,32,1,12,1,3,30,1,23
3,7,24.0,68,0,8,0,4,121,1,14
2,11,9.0,311,1,12,0,11,133,0,12
2,9,19.0,234,0,3,0,9,54,2,10
2,1,6.0,32,1,9,1,16,139,2,23
3,2,1.0,16,6,22,0,15,46,0,7
3,0,9.0,48,1,14,2,15,119,2,12
3,4,17.0,19,5,4,0,2,86,3,6
3,4,9.0,18,4,13,2,16,72,3,12
3,4,8.0,292,2,16,3,10,22,3,8
3,8,17.0,74,2,21,1,1,16,0,6
3,4,9.0,18,4,4,2,11,133,3,12
3,8,17.0,74,2,18,0,1,11,3,6
3,8,17.0,74,2,4,2,11,15,3,6
3,1,24.0,64,3,4,3,1,59,4,14
2,2,23.0,22,6,22,0,14,32,2,17
3,1,24.0,64,3,14,0,2,86,1,14
3,5,9.0,206,5,9,0,8,9,0,12
3,2,9.0,21,3,20,1,10,47,1,12
3,2,11.0,297,1,23,0,4,127,2,9
3,2,11.0,297,1,5,1,12,80,4,9
3,2,11.0,297,1,22,1,0,15,4,9
3,2,17.0,6,0,16,2,4,138,0,6
3,6,10.0,149,1,1,0,11,18,3,4
3,10,10.0,245,4,0,1,13,69,4,4
3,0,20.0,172,6,9,2,10,22,1,29
3,0,19.0,13,5,10,0,3,115,4,10
3,0,18.0,0,4,9,1,15,46,4,0
3,0,11.0,10,4,5,1,12,80,1,9
3,0,9.0,48,1,5,1,16,50,0,12
3,0,3.0,334,2,14,0,13,13,4,27
3,0,3.0,334,2,7,0,3,76,0,27
3,2,10.0,28,0,16,1,1,1,0,4
3,4,27.0,274,0,22,1,11,133,4,15
3,4,3.0,279,5,22,1,1,81,4,27
3,4,3.0,279,5,3,2,9,87,0,27
3,8,26.0,278,5,14,0,14,97,3,3
3,8,26.0,278,5,7,1,13,48,0,3
3,10,8.0,213,1,6,0,7,111,3,8
3,10,1.0,208,1,22,1,15,46,4,7
3,5,7.0,349,2,13,1,11,133,1,11
3,1,10.0,17,3,13,1,7,122,4,4
3,1,10.0,17,3,17,2,10,47,3,4
3,10,16.0,201,2,1,2,5,6,3,2
3,10,8.0,213,1,23,1,6,7,1,8
3,8,8.0,76,0,20,0,11,90,3,8
3,8,16.0,73,1,11,1,7,120,4,2
3,8,16.0,73,1,2,1,15,39,0,2
3,4,16.0,25,4,16,2,13,48,3,2
3,4,19.0,142,3,21,1,5,0,2,10
3,2,17.0,6,0,6,0,5,12,3,6
3,2,17.0,6,0,19,1,3,76,1,6
3,2,18.0,7,1,7,1,13,99,0,0
3,2,18.0,7,1,1,2,16,50,3,0
3,2,18.0,7,1,16,0,15,31,1,0
3,9,23.0,167,3,15,0,0,12,2,17
3,6,26.0,348,4,11,1,5,6,2,3
3,5,7.0,349,2,2,0,8,27,0,11
3,3,26.0,343,6,20,1,11,133,1,3
2,1,13.0,183,1,17,1,0,12,2,25
3,3,7.0,289,0,5,1,13,99,4,11
3,7,6.0,93,4,4,0,3,70,3,23
3,7,26.0,316,2,21,0,8,19,3,3
3,11,15.0,331,2,5,2,5,6,0,1
3,11,15.0,331,2,12,2,15,46,3,1
2,0,6.0,15,5,4,2,2,3,0,23
2,0,6.0,15,5,15,0,14,32,3,23
3,3,8.0,148,1,9,2,11,15,3,8
3,7,26.0,316,2,9,0,6,91,1,3
3,7,14.0,125,5,18,2,11,133,2,5
3,9,25.0,344,1,3,0,6,7,0,13
3,9,25.0,344,1,15,1,11,94,4,13
3,9,25.0,344,1,16,1,8,27,1,13
3,7,14.0,125,5,19,2,15,37,0,5
3,7,14.0,125,5,11,1,12,17,1,5
3,7,14.0,125,5,6,1,10,47,2,5
3,9,17.0,255,0,6,1,0,26,0,6
3,9,14.0,106,5,13,0,10,23,1,5
3,9,15.0,226,6,6,1,13,38,0,1
2,11,12.0,118,5,17,1,4,4,1,28
3,8,17.0,74,2,13,0,13,28,3,6
2,11,18.0,332,4,2,0,2,2,3,0
3,2,10.0,28,0,19,1,7,137,4,4
2,7,15.0,40,5,11,1,7,54,1,1
2,11,18.0,332,4,15,1,1,11,4,0
2,2,8.0,21,5,19,0,9,93,3,8
3,2,20.0,264,4,2,0,5,12,0,29
2,9,1.0,126,4,20,1,3,79,4,7
3,0,9.0,48,1,18,0,5,6,1,12
3,4,27.0,274,0,2,3,14,32,2,15
2,6,7.0,59,5,1,0,6,7,4,11
3,0,17.0,12,2,9,0,0,68,3,6
3,1,18.0,82,0,15,1,14,24,2,0
2,9,2.0,323,5,13,1,2,40,1,22
2,6,7.0,59,5,14,0,4,121,1,11
3,0,18.0,0,4,3,0,5,6,0,0
3,8,1.0,66,0,19,0,13,28,3,7
2,9,1.0,126,4,13,1,3,44,0,7
3,7,28.0,34,5,3,1,13,28,4,18
3,3,2.0,120,2,17,0,3,70,3,22
3,3,2.0,120,2,2,0,12,17,4,22
3,3,3.0,182,4,17,1,7,20,1,27
3,3,11.0,337,5,5,1,3,103,4,9
3,5,11.0,326,3,8,0,13,38,3,9
3,5,13.0,184,1,16,1,1,67,0,25
3,5,27.0,328,1,10,2,2,92,2,15
3,6,4.0,159,2,16,0,4,136,1,30
3,11,4.0,275,6,9,2,12,104,0,30
3,11,20.0,340,0,22,0,7,129,3,29
3,11,26.0,364,3,15,0,5,0,0,3
3,11,30.0,170,4,6,0,15,46,1,19
3,7,5.0,204,2,20,0,16,74,4,24
3,7,11.0,197,1,23,0,5,6,0,9
3,6,9.0,236,0,16,0,4,79,3,12
3,7,11.0,197,1,11,2,15,37,0,9
3,7,11.0,197,1,9,0,2,86,0,9
3,7,22.0,211,6,14,0,14,107,1,26
3,3,2.0,120,2,1,0,4,127,3,22
3,3,3.0,182,4,23,1,1,105,4,27
3,3,3.0,182,4,14,0,6,132,4,27
3,3,13.0,210,3,8,1,7,54,4,25
3,5,11.0,326,3,14,1,12,56,4,9
3,5,27.0,328,1,21,2,0,12,3,15
3,5,27.0,328,1,13,0,0,77,4,15
3,6,4.0,159,2,13,1,14,126,4,30
3,6,6.0,83,5,15,2,8,118,1,23
3,6,6.0,83,5,22,1,11,8,4,23
3,6,6.0,83,5,23,3,10,47,3,23
3,9,27.0,179,4,13,0,9,57,3,15
3,9,27.0,179,4,22,2,10,52,0,15
3,7,5.0,204,2,19,0,13,38,1,24
3,9,2.0,323,3,4,2,12,61,3,22
3,7,11.0,197,1,15,0,2,2,1,9
3,7,13.0,238,4,1,0,4,82,3,25
3,2,13.0,276,4,13,1,8,9,1,25
3,3,23.0,57,2,7,1,15,114,0,17
2,4,9.0,79,2,14,1,4,121,1,12
2,4,9.0,79,2,1,0,15,77,3,12
3,4,2.0,141,4,19,2,13,21,0,22
3,4,19.0,142,3,19,1,0,77,0,10
3,2,9.0,21,3,4,1,1,81,0,12
3,0,12.0,113,5,17,1,9,93,1,28
3,3,25.0,347,5,8,0,9,93,2,13
3,5,10.0,155,6,8,0,0,53,3,4
3,5,15.0,200,4,1,2,1,11,3,1
3,5,23.0,168,5,4,0,5,0,2,17
3,5,23.0,168,5,18,1,6,7,0,17
3,5,23.0,168,5,1,1,9,87,0,17
3,6,8.0,59,3,17,0,14,126,1,8
3,6,10.0,149,1,14,2,5,6,3,4
3,6,24.0,31,1,9,2,9,101,3,14
3,8,18.0,75,4,4,3,15,37,3,0
2,11,16.0,225,1,10,0,10,47,3,2
2,11,16.0,225,1,15,1,1,1,1,2
2,11,16.0,225,1,5,0,0,15,2,2
2,11,18.0,332,4,8,0,16,113,0,0
2,11,18.0,332,4,4,0,14,106,1,0
3,1,31.0,305,3,4,2,10,47,3,20
3,8,1.0,66,0,13,1,1,105,4,7
2,9,9.0,320,5,5,0,0,53,1,12
3,8,2.0,77,1,17,1,8,118,2,22
2,9,9.0,320,5,14,3,13,48,3,12
3,3,24.0,357,4,5,0,14,25,0,14
3,9,22.0,92,6,18,1,12,135,0,26
2,9,10.0,156,6,12,2,2,40,1,4
3,3,24.0,357,4,5,1,6,128,1,14
3,5,10.0,155,6,23,1,1,1,1,4
3,1,8.0,62,5,18,1,16,108,0,8
3,5,10.0,155,6,23,0,7,62,4,4
3,1,19.0,29,1,6,0,16,42,1,10
3,5,14.0,36,2,2,2,1,35,3,5
3,1,3.0,188,3,17,1,10,43,4,27
3,9,12.0,177,2,0,0,5,12,1,28
3,7,20.0,266,4,14,3,1,35,0,29
3,7,20.0,266,4,12,0,0,12,0,29
3,7,20.0,266,4,14,1,13,48,0,29
2,5,21.0,163,1,5,0,10,12,1,21
2,5,29.0,294,2,6,0,5,12,3,16
2,5,29.0,294,2,0,0,8,9,1,16
2,5,29.0,294,2,20,1,8,27,0,16
2,6,6.0,169,4,11,1,3,115,4,23
2,6,14.0,49,5,6,0,7,57,3,5
3,9,16.0,107,3,15,2,2,2,2,2
2,6,22.0,84,6,19,0,7,20,2,26
2,6,24.0,39,0,16,2,6,91,3,14
2,6,24.0,39,0,6,0,10,47,1,14
2,6,22.0,84,6,19,3,14,32,3,26
2,10,6.0,243,6,13,0,2,13,1,23
2,10,16.0,256,1,13,1,4,75,4,2
2,10,16.0,256,1,1,0,5,12,0,2
2,10,16.0,256,1,9,1,9,134,4,2
2,10,16.0,256,1,17,0,3,79,4,2
2,10,21.0,314,3,8,0,8,19,4,21
2,10,21.0,314,3,2,0,6,128,3,21
3,2,8.0,258,6,12,1,1,16,4,8
3,11,24.0,194,5,12,0,5,12,1,14
3,1,25.0,65,0,20,0,4,82,1,13
2,2,14.0,130,4,19,1,5,12,1,5
3,1,25.0,65,0,19,1,2,86,0,13
3,1,26.0,248,1,14,1,1,35,4,3
3,8,27.0,78,6,9,0,13,29,3,15
3,8,27.0,78,6,23,1,14,24,4,15
3,4,17.0,19,5,5,1,2,69,4,6
3,2,10.0,28,0,2,2,11,94,0,4
3,0,3.0,334,2,1,0,5,6,0,27
3,0,9.0,48,1,1,1,6,91,2,12
3,0,9.0,48,1,9,0,5,12,3,12
3,0,17.0,12,2,3,2,1,1,3,6
3,0,18.0,0,4,20,1,2,86,4,0
3,0,20.0,172,6,3,0,8,27,1,29
3,0,20.0,172,6,15,0,16,50,1,29
2,11,17.0,110,2,5,2,5,12,1,6
2,4,27.0,218,3,3,0,2,2,3,15
3,6,21.0,193,6,11,1,6,91,4,21
2,4,30.0,67,2,4,2,7,128,3,19
3,1,24.0,64,3,2,1,13,29,4,14
3,4,27.0,274,0,14,0,8,9,3,15
3,2,25.0,233,1,4,1,0,12,0,13
0,0,31.0,290,3,14,0,2,13,1,20
3,11,7.0,253,1,19,0,14,24,2,11
3,9,6.0,51,4,6,0,5,6,1,23
3,9,6.0,51,4,0,1,3,44,1,23
3,7,23.0,202,3,9,0,16,50,3,17
3,3,1.0,180,1,1,2,1,105,3,7
3,3,1.0,180,1,1,1,9,58,4,7
3,11,24.0,194,5,13,0,16,72,0,14
3,1,9.0,50,6,3,1,5,64,1,12
3,5,23.0,168,5,9,2,4,45,2,17
3,2,9.0,21,3,8,1,16,50,4,12
3,5,24.0,58,6,11,0,0,64,2,14
3,11,25.0,88,6,13,1,2,2,4,13
3,9,6.0,51,4,12,0,5,6,0,23
3,6,10.0,149,1,14,1,12,56,1,4
3,6,24.0,31,1,16,0,0,12,0,14
3,9,23.0,167,3,11,0,0,26,1,17
3,6,24.0,31,1,21,1,6,7,0,14
3,9,23.0,167,3,8,0,4,82,1,17
3,10,9.0,150,2,1,1,9,101,4,12
3,7,1.0,98,6,13,0,2,60,4,7
3,7,1.0,98,6,14,0,16,72,4,7
3,7,8.0,94,6,5,1,9,134,4,8
3,7,23.0,202,3,4,0,1,11,0,17
2,8,17.0,75,1,1,3,0,68,2,6
2,8,17.0,75,1,19,3,8,19,4,6
2,8,17.0,75,1,1,0,14,106,3,6
2,4,25.0,80,5,11,0,14,24,0,13
2,4,31.0,16,4,8,0,13,48,4,20
2,2,1.0,143,5,16,0,15,46,3,7
2,2,1.0,143,5,14,2,5,64,3,7
2,2,16.0,6,6,15,0,10,47,0,2
2,2,16.0,6,6,21,1,1,81,4,2
2,2,24.0,233,3,22,0,10,22,2,14
3,5,12.0,327,0,22,1,0,68,4,28
3,4,14.0,345,1,9,0,4,82,4,5
3,6,21.0,193,6,12,0,7,20,4,21
3,7,20.0,266,4,15,0,14,24,2,29
3,7,3.0,269,0,14,0,8,27,3,27
3,3,10.0,4,4,17,0,14,126,1,4
2,8,4.0,101,2,15,1,7,120,4,30
2,6,17.0,308,0,22,1,3,30,2,6
3,5,31.0,196,6,12,1,0,31,4,20
2,6,26.0,116,2,11,1,15,108,4,3
2,2,30.0,8,6,4,1,11,8,1,19
3,11,10.0,360,5,7,0,14,25,1,4
2,0,28.0,191,6,10,0,12,80,1,18
3,11,19.0,321,3,18,1,10,22,1,10
3,11,19.0,321,3,12,1,15,46,4,10
3,1,8.0,62,5,7,2,7,78,3,8
2,0,8.0,48,3,9,0,6,91,4,8
3,5,7.0,349,2,1,1,8,65,1,11
3,5,16.0,239,5,12,2,13,38,0,2
3,5,18.0,195,3,11,0,0,53,4,0
3,6,25.0,39,2,5,0,10,22,2,13
3,6,27.0,116,5,6,2,10,22,3,15
3,10,1.0,208,1,17,0,10,133,2,7
3,10,8.0,213,1,9,0,10,12,1,8
3,1,8.0,62,5,20,1,0,68,4,8
3,1,19.0,29,1,15,2,13,13,1,10
3,1,26.0,248,1,6,1,0,77,1,3
3,4,8.0,292,2,18,1,3,30,1,8
3,4,17.0,19,5,4,0,8,27,1,6
3,4,17.0,19,5,11,1,10,22,1,6
3,4,27.0,274,0,13,2,11,18,0,15
3,4,27.0,274,0,8,1,1,16,4,15
3,2,1.0,16,6,21,0,0,26,3,7
2,0,26.0,23,4,14,1,10,12,2,3
2,2,26.0,136,1,11,1,0,68,0,3
2,0,1.0,47,3,0,0,3,79,4,7
2,0,9.0,129,0,6,0,13,36,1,12
2,0,17.0,0,1,6,1,6,91,4,6
3,11,7.0,253,1,4,1,9,109,4,11
3,11,7.0,253,1,0,1,1,11,0,11
3,10,9.0,150,2,1,1,11,10,4,12
3,10,10.0,245,4,11,0,5,6,2,4
3,10,10.0,245,4,16,1,5,64,0,4
3,10,27.0,302,3,13,2,3,79,0,15
3,1,27.0,262,2,5,2,11,15,4,15
3,8,1.0,66,0,3,1,9,93,4,7
2,5,28.0,24,1,2,1,10,52,2,18
2,5,28.0,24,1,1,0,14,88,4,18
2,9,16.0,107,5,14,0,0,53,0,2
2,7,17.0,154,3,4,1,9,95,4,6
2,7,17.0,154,3,22,0,0,26,2,6
2,3,9.0,4,1,18,0,8,9,0,12
2,2,21.0,209,4,22,0,3,115,1,21
2,6,3.0,159,0,11,1,3,30,4,27
2,8,13.0,296,5,19,1,9,87,4,25
3,3,5.0,324,6,4,1,5,12,0,24
2,5,10.0,326,5,22,1,16,130,1,4
3,9,21.0,362,5,17,0,1,16,2,21
2,11,15.0,331,0,3,0,8,33,3,1
3,5,18.0,195,3,3,1,9,10,4,0
3,5,18.0,195,3,1,0,6,132,3,0
3,6,1.0,158,3,5,0,11,117,0,7
2,0,30.0,290,0,5,1,10,52,1,19
2,11,1.0,222,0,0,1,5,6,0,7
3,8,1.0,66,0,11,1,12,135,4,7
3,8,2.0,77,1,12,0,12,56,3,22
3,8,2.0,77,1,19,2,15,46,0,22
3,8,8.0,76,0,4,0,4,79,2,8
3,8,16.0,73,1,4,0,11,133,3,2
2,4,31.0,16,4,3,2,12,83,2,20
2,4,31.0,16,4,19,0,3,115,4,20
2,2,24.0,233,3,17,0,14,25,1,14
2,2,24.0,233,3,20,0,1,67,3,14
2,2,24.0,233,3,20,0,8,118,1,14
2,2,26.0,136,1,13,0,9,27,0,3
2,2,26.0,136,1,6,1,14,34,1,3
2,0,1.0,47,3,23,0,10,47,2,7
2,0,9.0,129,0,21,0,9,63,4,12
3,5,15.0,200,4,8,1,6,91,4,1
2,6,24.0,39,0,8,0,15,108,1,14
2,8,16.0,74,0,1,0,8,9,1,2
3,3,12.0,104,6,19,1,9,109,4,28
3,6,27.0,116,5,17,1,6,91,4,15
3,10,1.0,208,1,17,1,14,107,4,7
3,10,16.0,201,2,21,2,14,25,3,2
3,1,19.0,29,1,17,2,11,98,3,10
3,1,19.0,29,1,12,1,0,12,0,10
3,1,25.0,65,0,4,2,13,21,1,13
3,1,26.0,248,1,15,0,8,9,4,3
3,1,26.0,248,1,2,0,16,113,2,3
3,1,26.0,248,1,12,2,4,4,1,3
3,8,17.0,74,2,16,0,6,7,3,6
3,3,16.0,263,2,23,1,7,62,1,2
3,11,15.0,331,2,8,1,13,29,2,1
3,9,1.0,126,6,20,0,0,77,1,7
3,8,27.0,78,6,22,0,13,28,1,15
3,8,27.0,78,6,6,0,4,79,4,15
3,1,21.0,45,4,1,2,10,47,3,21
3,9,14.0,106,5,4,0,5,6,3,5
3,6,14.0,173,6,6,1,15,119,0,5
3,9,14.0,106,5,9,0,5,12,0,5
3,1,5.0,219,1,13,3,9,58,4,24
3,9,14.0,106,5,9,0,2,86,0,5
3,9,15.0,226,6,13,0,8,118,0,1
3,9,15.0,226,6,3,0,1,16,3,1
3,9,15.0,226,6,1,0,6,91,0,1
3,9,15.0,226,6,13,1,8,9,4,1
3,9,17.0,255,0,15,0,4,82,1,6
3,9,17.0,255,0,19,1,13,99,1,6
3,9,17.0,255,0,13,1,7,57,4,6
3,9,17.0,255,0,2,2,16,130,3,6
3,9,22.0,92,6,10,2,6,7,0,26
3,9,22.0,92,6,15,1,12,135,4,26
2,2,5.0,251,1,12,2,6,7,3,24
2,2,11.0,128,0,19,0,4,82,1,9
2,2,20.0,108,2,22,0,5,6,3,29
2,2,11.0,128,0,13,0,6,7,4,9
2,0,5.0,260,4,15,1,12,61,1,24
3,5,30.0,294,5,16,0,8,27,2,19
3,6,3.0,99,1,14,0,8,41,3,27
3,6,3.0,99,1,9,0,2,2,3,27
3,6,3.0,99,1,9,0,11,15,1,27
3,6,13.0,317,5,6,0,7,62,1,25
3,6,13.0,317,5,10,0,10,22,3,25
3,6,14.0,173,6,20,1,2,3,4,5
3,6,14.0,173,6,12,0,6,128,2,5
3,6,14.0,173,6,11,0,11,55,1,5
3,6,20.0,215,5,0,2,9,93,3,29
3,6,20.0,215,5,11,0,15,51,2,29
2,2,5.0,251,1,13,0,9,9,1,24
3,6,20.0,215,5,22,1,14,32,4,29
3,6,28.0,309,6,13,1,11,55,4,18
3,10,12.0,333,6,19,2,13,21,1,28
3,10,12.0,333,6,14,0,10,23,1,28
3,10,12.0,333,6,6,1,10,12,0,28
3,10,14.0,174,0,2,0,11,55,3,5
3,10,14.0,174,0,18,0,10,47,2,5
3,9,22.0,92,6,12,0,13,48,3,26
3,9,22.0,92,6,13,1,3,103,1,26
3,9,25.0,344,1,17,0,11,18,0,13
3,9,25.0,344,1,7,0,0,12,0,13
3,9,25.0,344,1,11,0,2,40,1,13
3,9,25.0,344,1,13,0,2,13,2,13
3,7,6.0,93,4,17,0,10,47,3,23
3,7,6.0,93,4,6,0,13,99,3,23
3,9,25.0,344,1,22,0,5,12,3,13
3,7,6.0,93,4,14,0,5,64,3,23
3,7,6.0,93,4,10,1,6,7,4,23
3,7,14.0,125,5,1,2,4,5,0,5
3,7,14.0,125,5,9,0,7,120,4,5
3,7,14.0,125,5,14,0,1,11,3,5
3,7,15.0,205,6,23,0,13,29,1,1
3,7,15.0,205,6,14,0,1,59,3,1
3,7,16.0,40,3,6,1,13,29,0,2
3,7,16.0,40,3,21,0,14,32,4,2
3,7,14.0,125,5,11,1,12,17,1,5
3,7,16.0,40,3,23,1,7,31,0,2
3,7,16.0,40,3,12,2,2,69,0,2
3,10,21.0,341,0,12,0,9,10,3,21
3,10,21.0,341,0,9,0,6,7,4,21
3,10,22.0,314,1,7,1,14,107,0,26
3,10,22.0,314,1,13,0,5,6,0,26
3,10,28.0,216,0,1,0,10,47,0,18
3,10,29.0,318,1,0,0,11,15,1,16
3,10,29.0,318,1,3,2,8,27,3,16
3,6,13.0,317,5,17,0,13,48,0,25
3,10,30.0,157,2,14,0,11,133,3,19
3,10,30.0,157,2,9,2,6,132,3,19
3,10,29.0,318,1,8,0,1,59,0,16
3,10,31.0,135,4,6,1,4,5,4,20
3,10,31.0,135,4,17,0,7,120,4,20
3,10,31.0,135,4,15,0,5,6,0,20
3,10,29.0,318,1,8,2,14,24,3,16
3,10,31.0,135,4,18,0,0,0,1,20
3,1,5.0,219,1,8,0,2,69,4,24
3,1,5.0,219,1,12,1,9,10,4,24
3,1,5.0,219,1,11,1,10,47,1,24
3,1,6.0,97,2,16,0,2,13,0,23
3,1,6.0,97,2,7,1,7,62,0,23
3,1,14.0,183,4,6,0,0,53,0,5
3,7,16.0,40,3,19,2,6,89,1,2
3,7,16.0,40,3,18,0,5,12,1,2
3,7,24.0,68,0,16,0,3,79,1,14
3,7,24.0,68,0,1,0,0,26,1,14
3,7,24.0,68,0,1,2,5,6,3,14
3,7,26.0,316,2,17,1,3,76,4,3
3,7,26.0,316,2,13,1,10,22,1,3
3,7,26.0,316,2,2,0,9,63,1,3
3,7,26.0,316,2,15,0,9,95,1,3
3,3,6.0,303,3,0,0,2,123,3,23
3,9,1.0,126,6,17,2,0,64,1,7
3,10,1.0,208,1,17,1,11,98,1,7
3,1,29.0,112,5,8,0,8,33,1,16
3,6,14.0,173,6,18,1,11,18,1,5
3,1,29.0,112,5,19,0,0,96,3,16
3,1,29.0,112,5,18,1,6,7,0,16
3,6,19.0,291,4,3,0,0,26,1,10
3,1,30.0,100,6,4,0,1,59,0,19
3,6,19.0,291,4,13,1,12,104,0,10
3,8,4.0,299,4,17,2,9,63,3,30
3,6,20.0,215,5,0,0,5,12,3,29
3,8,4.0,299,4,11,0,13,36,1,30
3,6,20.0,215,5,1,0,5,12,3,29
3,6,28.0,309,6,20,0,2,3,4,18
3,8,4.0,299,4,7,1,1,67,0,30
2,1,19.0,151,0,14,0,14,34,0,10
3,8,4.0,299,4,8,0,2,92,1,30
3,1,29.0,112,5,14,0,14,24,2,16
3,8,6.0,87,6,23,0,10,47,3,23
3,8,6.0,87,6,8,0,16,130,3,23
3,8,7.0,70,3,8,0,2,2,2,11
3,8,7.0,70,3,20,1,15,39,1,11
3,3,7.0,289,0,15,0,8,27,1,11
3,3,7.0,289,0,12,0,14,107,1,11
3,3,7.0,289,0,2,0,11,18,2,11
3,3,6.0,303,3,19,0,1,59,1,23
3,3,7.0,289,0,20,1,9,109,4,11
3,3,15.0,35,1,14,0,10,47,0,1
3,3,15.0,35,1,9,0,9,10,0,1
3,3,16.0,263,2,20,0,7,111,1,2
3,3,16.0,263,2,20,0,9,49,4,2
3,3,26.0,343,6,8,0,14,34,2,3
3,5,1.0,109,4,13,0,10,22,0,7
3,5,1.0,109,4,18,0,12,104,4,7
3,5,7.0,349,2,5,0,12,56,1,11
3,5,7.0,349,2,1,1,6,7,0,11
3,5,9.0,206,5,0,0,1,11,1,12
3,5,9.0,206,5,21,0,15,39,1,12
3,9,1.0,126,6,17,0,5,12,3,7
3,8,6.0,87,6,1,2,2,86,3,23
3,8,13.0,189,6,20,0,5,6,3,25
3,8,13.0,189,6,5,2,10,52,0,25
3,8,13.0,189,6,3,1,4,45,4,25
3,8,13.0,189,6,14,0,9,49,3,25
3,8,15.0,72,0,16,0,14,126,1,1
3,8,15.0,72,0,20,0,0,96,3,1
3,8,13.0,189,6,12,0,14,25,0,25
3,8,7.0,70,3,12,3,15,39,0,11
3,8,29.0,301,0,8,0,1,59,3,16
3,8,29.0,301,0,4,1,3,30,4,16
3,8,30.0,103,1,15,0,11,98,3,19
3,8,30.0,103,1,19,0,2,2,2,19
3,4,15.0,132,2,9,0,11,133,3,1
3,4,15.0,132,2,9,0,9,83,1,1
3,4,20.0,115,0,6,0,0,85,1,29
3,4,20.0,115,0,15,1,10,47,1,29
3,4,20.0,115,0,4,0,11,117,1,29
3,4,29.0,313,2,0,0,10,30,0,16
3,4,29.0,313,2,8,0,8,33,0,16
3,2,5.0,127,2,6,0,0,12,0,24
3,2,5.0,127,2,5,0,16,42,1,24
3,9,1.0,126,6,17,1,1,59,1,7
3,4,9.0,18,4,13,0,14,32,4,12
3,2,20.0,264,4,17,0,8,27,1,29
3,5,9.0,206,5,13,1,13,21,4,12
3,5,16.0,239,5,13,0,1,1,0,2
3,5,16.0,239,5,13,3,6,7,0,2
3,5,16.0,239,5,2,0,2,123,4,2
3,5,16.0,239,5,1,0,2,60,2,2
3,5,18.0,195,3,3,2,1,1,3,0
3,5,18.0,195,3,13,0,5,12,3,0
3,5,18.0,195,3,8,0,2,92,4,0
3,5,18.0,195,3,19,0,2,2,1,0
3,5,18.0,195,3,9,1,0,26,0,0
3,6,1.0,158,3,17,0,16,50,0,7
3,6,1.0,158,3,20,0,2,92,2,7
3,6,1.0,158,3,8,0,2,13,1,7
3,6,1.0,158,3,2,2,6,89,0,7
3,6,9.0,236,0,0,0,0,53,4,12
3,6,9.0,236,0,7,0,8,27,0,12
3,1,1.0,203,5,9,2,14,25,3,7
3,1,1.0,203,5,2,1,6,7,0,7
3,6,9.0,236,0,5,0,4,45,3,12
3,6,25.0,39,2,5,0,11,18,1,13
3,6,26.0,348,4,17,1,7,137,4,3
3,6,25.0,39,2,7,1,5,6,0,13
3,6,26.0,348,4,13,0,11,94,4,3
3,6,26.0,348,4,12,0,13,29,1,3
3,5,1.0,109,4,13,3,9,10,4,7
3,6,26.0,348,4,1,2,8,27,3,3
3,5,10.0,155,6,2,0,0,15,2,4
3,4,4.0,178,6,11,0,5,6,2,30
3,2,29.0,140,6,5,0,8,118,2,16
3,2,21.0,108,5,0,0,14,107,3,21
3,9,22.0,92,6,22,0,3,44,0,26
2,2,23.0,22,6,14,0,1,16,0,17
2,8,12.0,189,4,9,2,4,121,1,28
3,2,10.0,28,0,8,0,1,1,1,4
3,6,8.0,59,3,9,0,6,7,2,8
3,1,18.0,82,0,18,2,6,7,0,0
3,1,1.0,203,5,11,3,9,109,1,7
3,8,9.0,124,1,1,3,5,64,0,12
3,4,28.0,218,1,8,1,10,23,1,18
3,7,23.0,202,3,16,0,1,81,4,17
3,5,15.0,200,4,1,0,4,79,2,1
3,5,15.0,200,4,8,1,3,103,1,1
3,0,1.0,8,0,8,0,5,6,2,7
3,7,6.0,93,4,3,0,14,24,3,23
3,7,26.0,316,2,20,0,16,37,1,3
3,7,26.0,316,2,2,0,11,133,0,3
3,3,6.0,303,3,22,1,13,99,4,23
3,3,6.0,303,3,2,0,13,13,4,23
3,3,6.0,303,3,20,1,1,105,4,23
3,3,6.0,303,3,14,0,2,123,2,23
3,3,7.0,289,0,2,0,8,118,1,11
3,7,24.0,68,0,3,1,12,83,4,14
3,3,8.0,148,1,0,0,6,91,1,8
3,3,7.0,289,0,18,0,2,92,1,11
3,3,8.0,148,1,22,0,2,86,4,8
3,3,7.0,289,0,2,0,5,6,0,11
3,3,8.0,148,1,14,0,14,24,4,8
3,3,15.0,35,1,21,1,10,47,0,1
3,3,15.0,35,1,4,0,1,11,4,1
3,3,16.0,263,2,16,0,0,26,3,2
3,3,16.0,263,2,9,0,14,25,1,2
3,5,1.0,109,4,3,0,12,84,1,7
3,5,1.0,109,4,19,0,11,117,3,7
3,5,16.0,239,5,5,3,4,103,3,2
3,5,16.0,239,5,2,1,10,12,0,2
3,5,16.0,239,5,18,1,2,13,2,2
3,6,24.0,31,1,13,1,1,59,4,14
3,6,24.0,31,1,1,1,5,6,0,14
3,2,21.0,108,5,22,0,7,20,3,21
3,10,29.0,318,1,18,2,16,139,2,16
3,10,29.0,318,1,9,1,9,83,4,16
3,10,30.0,157,2,1,0,8,41,1,19
3,10,30.0,157,2,18,0,11,18,1,19
3,10,31.0,135,4,19,0,14,32,0,20
3,10,31.0,135,4,2,2,6,73,3,20
3,10,31.0,135,4,4,2,6,73,3,20
3,10,31.0,135,4,14,0,2,86,1,20
3,1,5.0,219,1,22,0,6,89,3,24
3,1,5.0,219,1,14,0,3,79,1,24
2,2,5.0,251,1,11,3,12,80,1,24
2,2,11.0,128,0,8,1,5,12,1,9
2,0,5.0,260,4,2,1,12,83,0,24
3,1,6.0,97,2,6,0,5,6,0,23
3,1,6.0,97,2,21,0,13,38,1,23
3,1,6.0,97,2,16,0,8,41,3,23
3,1,6.0,97,2,8,0,8,9,3,23
3,1,6.0,97,2,18,0,2,2,1,23
3,1,14.0,183,4,8,0,5,12,3,5
3,1,14.0,183,4,19,0,1,81,2,5
3,1,14.0,183,4,14,0,14,131,3,5
3,10,18.0,246,5,19,0,5,6,2,0
2,0,9.0,129,0,17,1,13,99,4,12
3,9,16.0,107,3,6,2,0,77,1,2
3,7,23.0,202,3,17,0,4,4,1,17
3,6,8.0,59,3,6,0,6,7,4,8
3,0,9.0,48,1,22,0,2,29,2,12
3,5,18.0,195,3,2,2,5,12,0,0
3,5,18.0,195,3,12,0,12,56,3,0
3,5,18.0,195,3,2,1,9,10,4,0
3,7,14.0,125,5,15,1,8,33,4,5
3,7,15.0,205,6,16,0,8,27,1,1
3,7,15.0,205,6,3,0,5,6,0,1
3,7,15.0,205,6,2,0,9,134,2,1
3,7,15.0,205,6,20,1,13,99,4,1
3,7,16.0,40,3,16,1,13,38,0,2
3,7,16.0,40,3,12,1,6,128,4,2
3,7,24.0,68,0,17,1,3,115,1,14
3,7,24.0,68,0,21,2,7,78,0,14
3,7,24.0,68,0,19,0,1,59,1,14
3,7,24.0,68,0,2,0,8,19,4,14
3,7,24.0,68,0,1,2,6,7,3,14
3,7,24.0,68,0,9,0,9,57,4,14
3,7,26.0,316,2,0,2,0,12,0,3
3,7,26.0,316,2,11,0,10,22,2,3
3,7,26.0,316,2,21,3,8,27,3,3
3,3,6.0,303,3,6,1,1,59,0,23
3,3,6.0,303,3,14,1,9,83,4,23
3,1,14.0,183,4,10,1,10,22,1,5
3,1,14.0,183,4,15,0,1,11,1,5
3,1,15.0,1,5,21,1,0,85,1,1
3,1,21.0,45,4,23,0,14,107,1,21
3,1,21.0,45,4,6,1,10,22,1,21
3,2,22.0,209,6,2,0,0,68,0,26
3,4,4.0,178,6,23,0,14,24,2,30
3,9,22.0,92,6,2,2,7,137,3,26
3,4,15.0,132,2,0,0,0,77,1,1
2,2,5.0,251,1,19,1,1,11,0,24
3,3,6.0,303,3,3,2,9,134,3,23
3,2,29.0,140,6,6,2,1,67,3,16
3,2,29.0,140,6,12,0,5,6,3,16
3,9,22.0,92,6,2,0,5,64,3,26
2,0,6.0,15,5,5,0,12,121,1,23
3,2,30.0,131,3,15,2,0,31,2,19
3,3,6.0,303,3,8,0,10,47,2,23
3,4,23.0,30,4,22,1,13,36,4,17
3,9,22.0,92,6,8,0,0,31,3,26
3,0,4.0,229,4,19,0,0,64,3,30
3,0,4.0,229,4,4,2,8,19,3,30
3,0,4.0,229,4,12,0,7,137,1,30
3,0,5.0,122,5,14,0,4,75,1,24
3,0,4.0,229,4,12,1,5,0,2,30
3,0,15.0,190,0,17,0,5,6,2,1
2,10,14.0,60,3,19,2,15,96,0,5
2,10,14.0,60,3,17,1,9,63,4,5
2,10,14.0,60,3,1,1,0,53,4,5
2,10,15.0,201,0,17,0,10,23,1,1
2,10,15.0,201,0,5,0,12,100,1,1
2,10,14.0,60,3,9,1,11,98,0,5
2,10,15.0,201,0,5,3,9,109,4,1
2,1,7.0,62,2,11,1,10,22,1,11
2,1,7.0,62,2,5,0,1,11,4,11
2,1,7.0,62,2,14,0,3,30,1,11
2,1,8.0,50,4,3,1,6,7,4,8
2,1,8.0,50,4,20,1,6,7,1,8
2,1,16.0,63,5,4,0,5,47,0,2
2,1,24.0,65,6,5,0,7,62,4,14
2,8,14.0,72,6,17,0,0,31,2,5
2,4,14.0,132,0,1,0,0,26,2,5
2,4,15.0,25,1,8,0,0,12,3,1
2,4,15.0,25,1,4,0,12,83,2,1
2,2,6.0,153,2,16,0,0,77,1,23
2,2,7.0,258,4,2,0,2,86,1,11
2,2,14.0,130,4,14,2,6,7,3,5
2,2,17.0,7,3,3,2,13,69,0,6
2,2,17.0,7,3,8,0,13,99,1,6
3,1,10.0,17,3,5,1,5,6,1,4
2,2,17.0,7,3,1,0,16,37,1,6
2,2,23.0,22,6,20,0,2,40,1,17
2,2,23.0,22,6,20,1,15,112,4,17
2,2,23.0,22,6,13,1,8,9,4,17
2,0,6.0,15,5,15,0,10,22,0,23
2,0,6.0,15,5,14,0,0,15,0,23
2,0,8.0,48,3,20,1,15,39,4,8
2,0,24.0,281,1,21,0,10,22,1,14
2,0,8.0,48,3,0,1,15,119,0,8
2,0,8.0,48,3,2,0,0,68,2,8
2,0,8.0,48,3,12,1,0,53,1,8
2,0,8.0,48,3,22,1,1,16,4,8
2,0,16.0,12,0,8,0,10,47,3,2
2,0,16.0,12,0,14,1,9,93,4,2
2,0,23.0,55,0,7,0,8,118,1,17
2,0,23.0,55,0,22,0,11,18,1,17
2,0,23.0,55,0,18,1,14,25,4,17
2,0,23.0,55,0,1,0,8,9,1,17
2,0,24.0,281,1,19,0,8,41,3,14
2,0,25.0,14,2,16,0,7,111,1,13
2,0,25.0,14,2,3,0,8,41,3,13
2,0,26.0,23,4,5,1,8,118,1,3
3,11,15.0,331,2,22,0,0,77,3,1
3,11,15.0,331,2,3,0,14,32,1,1
3,11,22.0,250,2,8,0,10,47,3,26
3,11,22.0,250,2,8,1,9,95,4,26
3,11,22.0,250,2,14,0,14,25,4,26
3,9,1.0,126,6,3,0,16,50,2,7
3,9,14.0,106,5,16,0,3,44,4,5
3,9,14.0,106,5,16,0,5,6,0,5
3,9,14.0,106,5,17,0,8,118,1,5
3,9,14.0,106,5,8,0,15,39,0,5
3,9,14.0,106,5,11,1,1,59,4,5
3,9,14.0,106,5,4,0,6,7,1,5
3,9,14.0,106,5,19,0,8,9,4,5
3,9,15.0,226,6,21,0,6,7,1,1
3,9,15.0,226,6,2,0,8,118,1,1
3,9,15.0,226,6,19,0,2,35,4,1
3,4,9.0,18,4,22,1,11,10,4,12
3,4,27.0,274,0,8,3,13,48,0,15
3,9,15.0,226,6,2,0,8,9,1,1
3,9,15.0,226,6,9,0,5,6,0,1
3,9,17.0,255,0,15,0,9,95,3,6
3,9,17.0,255,0,6,1,11,124,0,6
3,9,17.0,255,0,2,0,1,67,0,6
3,9,17.0,255,0,19,0,4,82,3,6
3,9,17.0,255,0,3,1,11,8,1,6
3,9,25.0,344,1,7,1,1,105,0,13
3,4,23.0,30,4,2,2,3,70,3,17
3,3,7.0,289,0,11,0,3,70,3,11
3,10,6.0,242,3,8,1,4,75,1,23
2,0,6.0,15,5,19,0,9,101,4,23
3,9,22.0,92,6,14,0,10,22,1,26
3,0,4.0,229,4,13,0,10,22,2,30
3,3,7.0,289,0,20,0,13,99,2,11
3,10,6.0,242,3,8,0,9,101,4,23
2,0,8.0,48,3,17,0,8,27,2,8
3,7,6.0,93,4,3,0,0,15,2,23
3,8,7.0,70,3,10,0,10,47,2,11
3,3,7.0,289,0,3,0,15,114,4,11
3,4,29.0,313,2,15,0,6,132,4,16
3,8,30.0,103,1,4,1,6,116,4,19
2,0,6.0,15,5,3,1,10,12,2,23
3,7,15.0,205,6,14,0,8,65,2,1
3,8,6.0,87,6,1,0,14,24,2,23
3,3,7.0,289,0,12,0,3,79,1,11
3,3,7.0,289,0,1,0,4,4,3,11
3,3,8.0,148,1,15,0,13,48,2,8
3,3,7.0,289,0,13,0,15,112,1,11
3,3,8.0,148,1,3,0,4,66,4,8
3,3,15.0,35,1,22,0,10,43,3,1
3,3,15.0,35,1,4,0,15,108,1,1
2,2,25.0,3,0,1,0,9,95,3,13
2,2,14.0,130,4,17,0,8,27,1,5
2,2,15.0,220,5,7,1,14,125,4,1
2,0,8.0,48,3,10,1,0,15,0,8
2,0,8.0,48,3,1,0,5,6,1,8
2,0,8.0,48,3,14,0,1,11,1,8
2,0,8.0,48,3,1,2,9,93,3,8
3,1,8.0,62,5,17,0,0,12,0,8
2,0,16.0,12,0,5,0,0,96,3,2
2,0,16.0,12,0,22,0,8,33,2,2
2,0,16.0,12,0,2,0,10,22,3,2
2,0,23.0,55,0,5,0,13,99,2,17
2,0,23.0,55,0,18,0,12,56,1,17
2,0,24.0,281,1,13,0,9,93,1,14
2,0,25.0,14,2,2,0,2,2,3,13
2,0,25.0,14,2,14,0,14,110,1,13
3,11,5.0,240,3,17,0,15,85,1,24
3,11,5.0,240,3,22,2,6,7,3,24
3,11,5.0,240,3,14,3,14,25,0,24
3,11,15.0,331,2,16,0,5,12,0,1
3,11,15.0,331,2,15,0,3,44,3,1
3,11,15.0,331,2,12,0,16,108,0,1
3,11,15.0,331,2,2,0,6,7,4,1
2,4,17.0,26,4,6,0,4,75,3,6
2,4,14.0,132,0,2,0,1,35,1,5
2,2,6.0,153,2,6,0,8,9,1,23
2,2,6.0,153,2,12,1,9,134,4,23
2,2,7.0,258,4,8,0,14,24,4,11
2,2,7.0,258,4,18,0,6,128,1,11
2,2,7.0,258,4,15,1,14,106,4,11
2,2,14.0,130,4,6,3,13,48,4,5
2,2,14.0,130,4,11,0,1,11,1,5
3,5,18.0,195,3,17,3,6,14,0,0
2,2,15.0,220,5,8,0,5,6,2,1
2,2,17.0,7,3,11,2,13,38,3,6
2,2,17.0,7,3,13,3,5,64,1,6
2,2,17.0,7,3,15,1,8,41,1,6
2,2,23.0,22,6,6,1,8,19,0,17
2,2,23.0,22,6,21,2,3,30,0,17
2,2,23.0,22,6,13,1,11,10,4,17
2,2,25.0,3,0,12,3,9,57,0,13
2,0,6.0,15,5,19,0,6,89,2,23
2,2,17.0,7,3,20,0,14,24,2,6
2,10,7.0,213,3,11,0,14,24,0,11
2,10,7.0,213,3,12,0,13,36,3,11
2,10,7.0,213,3,2,0,13,21,0,11
2,10,14.0,60,3,17,2,1,67,3,5
2,10,14.0,60,3,17,0,2,60,3,5
2,10,14.0,60,3,5,0,12,61,1,5
2,10,14.0,60,3,3,0,9,27,1,5
3,8,30.0,103,1,15,0,8,41,2,19
3,4,4.0,178,6,11,0,5,6,2,30
3,4,15.0,132,2,13,0,2,86,3,1
3,4,20.0,115,0,20,0,8,41,4,29
3,4,20.0,115,0,3,0,7,57,0,29
3,4,20.0,115,0,9,2,1,67,3,29
3,11,21.0,192,1,19,1,14,25,0,21
3,5,4.0,114,3,3,1,10,12,0,30
3,4,31.0,67,5,10,2,0,12,3,20
3,4,31.0,67,5,5,1,14,106,4,20
3,2,14.0,231,5,6,0,5,12,3,5
3,2,14.0,231,5,20,1,13,36,1,5
2,0,8.0,48,3,11,2,7,111,3,8
3,7,24.0,68,0,6,0,8,118,1,14
3,8,13.0,189,6,6,1,0,53,0,25
3,4,29.0,313,2,6,1,15,96,0,16
3,3,7.0,289,0,14,1,12,83,4,11
2,0,23.0,55,0,9,0,2,40,4,17
2,0,8.0,48,3,19,1,11,94,4,8
3,8,15.0,72,0,19,0,2,2,1,1
3,3,8.0,148,1,4,0,5,6,0,8
2,0,25.0,14,2,0,0,2,86,1,13
3,4,31.0,67,5,23,2,5,64,2,20
2,0,16.0,12,0,2,0,6,7,0,2
3,8,29.0,301,0,15,1,4,45,4,16
2,0,26.0,23,4,6,0,2,69,1,3
3,4,31.0,67,5,5,0,4,82,2,20
2,0,25.0,14,2,22,1,1,105,4,13
3,8,29.0,301,0,8,0,14,88,2,16
3,4,31.0,67,5,9,2,12,135,3,20
3,1,14.0,183,4,21,0,7,20,4,5
2,0,26.0,23,4,11,0,8,9,4,3
2,0,16.0,12,0,3,1,12,104,4,2
2,0,23.0,55,0,6,0,0,12,1,17
3,4,3.0,279,5,2,2,12,121,1,27
2,0,23.0,55,0,10,1,13,29,1,17
2,0,25.0,14,2,11,0,3,30,4,13
2,0,26.0,23,4,6,0,12,84,2,3
2,0,26.0,23,4,8,0,7,54,1,3
2,0,26.0,23,4,19,0,2,2,0,3
1,11,3.0,288,0,11,0,6,89,1,27
3,7,28.0,34,5,9,0,1,59,4,18
3,1,31.0,305,3,14,1,11,15,1,20
3,1,31.0,305,3,17,0,0,26,1,20
2,3,11.0,104,4,12,0,3,115,1,9
2,6,12.0,317,2,6,0,9,49,1,28
2,5,12.0,184,3,17,0,13,29,1,28
2,1,11.0,353,3,20,1,16,74,1,9
2,1,11.0,353,3,19,1,10,47,2,9
3,6,4.0,159,2,23,0,2,2,1,30
3,2,13.0,276,4,8,0,2,2,2,25
3,6,4.0,159,2,13,3,8,27,4,30
3,7,28.0,34,5,5,0,5,6,2,18
3,6,29.0,335,3,20,1,7,57,1,16
3,1,20.0,151,2,20,0,16,130,1,29
3,11,1.0,222,2,19,3,14,25,4,7
3,5,13.0,184,1,14,0,11,117,1,25
3,9,20.0,119,4,8,0,14,24,0,29
3,6,4.0,159,2,3,1,13,48,2,30
3,11,20.0,340,0,9,2,9,101,3,29
2,0,26.0,23,4,1,0,14,25,1,3
2,0,26.0,23,4,1,0,9,57,3,3
3,11,5.0,240,3,1,1,6,91,1,24
3,11,15.0,331,2,0,1,11,58,4,1
3,11,15.0,331,2,17,0,2,13,1,1
3,11,15.0,331,2,2,1,4,79,1,1
3,11,22.0,250,2,11,0,13,28,1,26
3,9,1.0,126,6,16,1,9,57,0,7
3,9,1.0,126,6,2,0,12,61,4,7
3,9,1.0,126,6,4,0,0,15,1,7
3,9,1.0,126,6,8,0,15,46,3,7
3,9,1.0,126,6,1,0,2,86,1,7
3,9,14.0,106,5,1,0,10,47,0,5
3,9,15.0,226,6,8,2,16,74,3,1
3,9,17.0,255,0,17,0,10,47,0,6
3,9,17.0,255,0,16,0,8,27,1,6
3,9,17.0,255,0,0,1,13,38,0,6
3,9,17.0,255,0,14,0,5,6,0,6
3,9,22.0,92,6,0,1,11,18,0,26
3,9,22.0,92,6,1,2,14,125,3,26
3,9,25.0,344,1,13,2,13,38,2,13
3,9,25.0,344,1,2,0,1,67,4,13
3,7,6.0,93,4,21,0,10,52,1,23
3,7,6.0,93,4,23,0,1,67,1,23
3,10,27.0,302,3,14,0,4,82,1,15
3,3,1.0,180,1,17,0,2,40,1,7
2,2,24.0,233,3,8,0,2,2,2,14
2,2,24.0,233,3,12,0,11,133,0,14
3,1,27.0,262,2,20,0,10,47,0,15
3,8,1.0,66,0,13,1,6,7,0,7
3,8,2.0,77,1,22,1,6,128,1,22
3,8,2.0,77,1,13,3,10,47,4,22
0,8,22.0,354,5,5,0,12,104,1,26
3,7,17.0,95,0,18,1,7,137,4,6
3,3,5.0,324,6,17,0,15,96,1,24
3,10,11.0,298,5,2,1,2,86,4,9
3,5,28.0,259,2,4,0,5,0,2,18
3,1,4.0,286,0,3,0,15,108,1,30
3,5,29.0,24,4,11,0,13,21,2,16
2,8,13.0,296,5,18,3,0,31,4,25
2,8,13.0,296,5,12,0,12,135,1,25
3,6,21.0,193,6,17,1,0,77,1,21
3,10,3.0,310,4,9,2,0,64,3,27
3,1,4.0,286,0,14,0,0,31,3,30
2,2,10.0,297,3,8,2,13,21,2,4
2,0,4.0,122,2,2,1,0,96,0,30
3,1,12.0,353,1,22,0,8,9,0,28
3,8,5.0,101,5,2,1,9,63,1,24
3,8,12.0,284,5,12,3,0,12,0,28
2,2,30.0,8,6,13,0,15,46,0,19
3,3,25.0,347,5,18,0,0,77,1,13
3,0,1.0,8,0,5,2,0,53,3,7
3,0,1.0,8,0,11,0,8,27,2,7
3,8,29.0,301,0,8,2,8,9,0,16
3,8,29.0,301,0,1,0,9,49,1,16
2,0,26.0,23,4,22,1,13,48,4,3
3,8,29.0,301,0,9,0,12,61,1,16
3,2,5.0,127,2,6,2,16,50,1,24
3,1,14.0,183,4,0,1,1,11,0,5
3,11,5.0,240,3,20,0,13,38,1,24
3,8,29.0,301,0,4,0,1,105,4,16
3,2,5.0,127,2,12,0,13,69,4,24
3,1,14.0,183,4,4,0,5,6,3,5
3,11,5.0,240,3,15,0,10,47,0,24
3,8,29.0,301,0,12,0,8,41,2,16
3,1,5.0,219,1,23,0,10,22,3,24
3,1,14.0,183,4,8,2,5,6,0,5
3,11,5.0,240,3,1,0,6,128,1,24
3,8,30.0,103,1,14,0,8,27,3,19
3,1,5.0,219,1,12,1,2,60,2,24
3,11,15.0,331,2,10,0,0,53,3,1
3,4,4.0,178,6,13,0,0,68,3,30
3,1,5.0,219,1,2,1,9,58,4,24
3,1,14.0,183,4,2,1,9,54,4,5
3,1,14.0,183,4,4,0,7,20,1,5
3,1,15.0,1,5,21,0,16,74,1,1
3,1,15.0,1,5,3,0,13,38,1,1
3,1,15.0,1,5,23,1,12,135,4,1
3,1,5.0,219,1,17,0,13,123,2,24
3,1,5.0,219,1,12,0,8,27,1,24
3,1,5.0,219,1,18,3,16,74,4,24
3,1,14.0,183,4,4,0,4,66,2,5
3,1,15.0,1,5,17,0,9,102,3,1
3,1,15.0,1,5,20,0,11,0,3,1
3,1,21.0,45,4,15,0,5,6,0,21
3,1,21.0,45,4,8,0,2,86,0,21
3,1,21.0,45,4,5,0,0,31,0,21
3,1,29.0,112,5,19,0,10,22,0,16
3,1,29.0,112,5,4,0,9,93,1,16
3,1,30.0,100,6,13,0,1,35,4,19
3,1,29.0,112,5,13,1,8,41,4,16
3,1,29.0,112,5,18,3,8,118,0,16
3,8,4.0,299,4,7,1,1,1,0,30
3,8,4.0,299,4,12,0,15,119,0,30
3,8,6.0,87,6,6,1,7,137,0,23
3,8,6.0,87,6,8,3,11,15,0,23
3,8,7.0,70,3,11,0,2,69,2,11
3,8,13.0,189,6,17,0,5,6,1,25
3,8,13.0,189,6,19,0,16,37,4,25
3,8,13.0,189,6,1,0,3,79,2,25
3,8,29.0,301,0,21,1,13,28,0,16
3,8,30.0,103,1,17,2,3,44,3,19
3,8,30.0,103,1,2,0,14,25,3,19
3,4,15.0,132,2,0,0,10,30,3,1
3,1,21.0,45,4,3,0,10,22,3,21
3,1,30.0,100,6,17,1,11,58,4,19
3,11,13.0,312,0,4,0,3,115,0,25
3,8,4.0,299,4,2,0,10,47,3,30
3,8,6.0,87,6,18,0,5,12,1,23
3,8,7.0,70,3,23,0,8,27,3,11
3,8,7.0,70,3,1,0,5,6,1,11
3,8,13.0,189,6,8,0,9,57,3,25
3,8,15.0,72,0,6,2,10,22,3,1
3,8,15.0,72,0,3,0,15,108,3,1
3,1,29.0,112,5,13,3,4,82,1,16
3,8,30.0,103,1,0,3,3,30,3,19
3,8,30.0,103,1,4,0,2,3,3,19
3,4,4.0,178,6,11,0,15,51,1,30
3,4,4.0,178,6,4,0,5,6,0,30
3,4,4.0,178,6,14,0,3,4,0,30
3,4,20.0,115,0,11,0,16,50,3,29
3,4,20.0,115,0,14,0,13,38,0,29
3,4,23.0,30,4,13,0,3,76,4,17
3,6,28.0,309,6,20,0,4,79,2,18
3,4,29.0,313,2,16,0,3,30,3,16
3,4,29.0,313,2,19,0,5,6,1,16
3,4,29.0,313,2,8,0,7,20,4,16
3,4,31.0,67,5,11,0,3,115,3,20
3,4,31.0,67,5,1,2,8,27,3,20
3,2,5.0,127,2,7,2,6,128,0,24
3,4,15.0,132,2,14,0,7,57,1,1
3,4,20.0,115,0,10,2,13,99,3,29
3,4,20.0,115,0,14,0,5,12,3,29
3,4,23.0,30,4,8,0,6,14,4,17
3,4,20.0,115,0,4,3,9,27,0,29
3,4,23.0,30,4,19,0,9,93,3,17
3,4,29.0,313,2,8,0,8,41,0,16
3,4,29.0,313,2,22,0,0,77,1,16
3,4,31.0,67,5,13,0,13,28,1,20
3,4,31.0,67,5,3,1,1,1,4,20
3,6,20.0,215,5,14,0,11,94,2,29
3,2,14.0,231,5,16,0,15,114,2,5
3,2,14.0,231,5,5,0,5,12,0,5
3,2,14.0,231,5,13,1,13,99,0,5
3,2,14.0,231,5,13,0,5,6,3,5
3,2,21.0,108,5,13,1,2,69,4,21
3,2,21.0,108,5,1,0,2,40,1,21
3,2,21.0,108,5,19,0,15,114,2,21
3,2,22.0,209,6,17,0,11,122,1,26
3,2,22.0,209,6,10,1,12,61,0,26
3,2,29.0,140,6,3,2,16,50,0,16
3,2,29.0,140,6,4,0,8,9,4,16
3,2,29.0,140,6,14,0,3,115,4,16
3,2,29.0,140,6,4,2,8,27,2,16
3,11,15.0,331,2,23,2,13,29,1,1
3,4,15.0,132,2,0,0,13,36,1,1
3,11,15.0,331,2,19,0,6,91,2,1
3,4,15.0,132,2,12,2,2,69,2,1
3,11,15.0,331,2,9,0,6,73,4,1
3,1,5.0,219,1,1,3,13,38,0,24
3,4,15.0,132,2,13,0,10,47,0,1
3,4,20.0,115,0,20,1,6,128,4,29
3,4,23.0,30,4,21,1,10,47,0,17
3,4,23.0,30,4,18,0,2,69,3,17
3,4,23.0,30,4,18,0,13,29,2,17
3,4,29.0,313,2,15,0,5,6,2,16
3,4,31.0,67,5,17,0,9,27,0,20
3,4,31.0,67,5,3,0,14,25,0,20
3,2,5.0,127,2,17,1,0,85,4,24
3,2,14.0,231,5,13,1,1,67,4,5
2,11,14.0,147,3,8,0,13,29,3,5
2,6,7.0,59,5,13,0,0,15,1,11
2,10,25.0,61,4,19,1,5,0,2,13
2,10,31.0,203,2,12,0,13,13,1,20
2,1,31.0,66,6,15,1,12,121,1,20
2,6,7.0,59,5,1,0,13,38,4,11
2,9,22.0,92,4,5,1,6,7,1,26
2,7,15.0,40,5,17,0,13,38,2,1
2,7,7.0,94,4,5,0,12,104,1,11
3,10,5.0,336,6,20,3,3,79,1,24
3,10,13.0,346,3,4,1,1,11,4,25
2,0,22.0,237,3,1,1,6,14,0,26
3,11,1.0,222,2,4,0,0,77,3,7
3,1,13.0,207,2,19,0,8,27,1,25
3,1,23.0,69,6,9,0,5,6,0,17
3,11,3.0,288,5,17,3,6,128,0,27
3,11,1.0,222,2,19,3,8,9,0,7
3,9,13.0,91,4,11,1,6,7,4,25
3,7,5.0,204,2,17,0,13,21,1,24
3,7,22.0,211,6,22,3,12,84,0,26
3,4,5.0,235,3,22,0,13,48,3,24
3,4,13.0,221,0,22,0,7,8,2,25
3,3,4.0,285,5,5,0,6,7,2,30
3,3,14.0,33,0,6,0,10,12,1,5
3,7,22.0,211,6,13,0,6,7,1,26
3,3,21.0,338,0,18,1,6,7,4,21
3,5,22.0,163,4,18,1,9,27,0,26
3,5,22.0,163,4,12,1,13,38,0,26
3,9,2.0,323,3,8,0,16,72,3,22
3,9,27.0,179,4,15,1,12,121,1,15
2,6,7.0,59,5,22,0,8,9,2,11
2,10,25.0,61,4,5,0,6,73,1,13
2,10,25.0,61,4,6,1,7,62,0,13
2,10,24.0,56,2,14,1,7,111,0,14
2,10,22.0,247,0,13,1,9,57,1,26
2,10,13.0,174,6,17,3,8,27,4,25
2,4,7.0,292,0,14,0,13,21,2,11
2,4,24.0,20,4,3,0,1,16,2,14
3,11,14.0,147,1,1,0,9,95,2,5
2,11,14.0,147,3,2,0,13,38,0,5
2,8,8.0,124,3,11,0,1,16,2,8
3,3,15.0,35,1,6,1,2,13,4,1
3,3,15.0,35,1,6,0,10,6,3,1
3,3,15.0,35,1,20,0,3,115,3,1
3,3,16.0,263,2,17,0,2,92,0,2
3,3,16.0,263,2,13,0,6,7,0,2
3,3,16.0,263,2,9,1,8,27,0,2
3,3,26.0,343,6,0,0,6,89,1,3
3,3,26.0,343,6,11,0,0,26,2,3
3,3,26.0,343,6,3,0,10,47,2,3
3,3,26.0,343,6,16,1,1,105,4,3
3,3,26.0,343,6,22,0,4,45,2,3
3,3,26.0,343,6,14,1,1,105,4,3
3,3,26.0,343,6,14,2,8,41,3,3
3,3,26.0,343,6,12,0,15,96,3,3
2,2,14.0,130,4,14,0,8,41,0,5
2,2,15.0,220,5,15,0,13,99,2,1
2,2,15.0,220,5,0,1,8,118,2,1
2,2,25.0,3,0,12,0,10,52,3,13
2,2,25.0,3,0,1,0,10,22,2,13
3,11,22.0,250,2,5,0,3,30,2,26
3,10,31.0,135,4,13,1,2,86,4,20
3,9,14.0,106,5,17,0,9,95,1,5
3,9,14.0,106,5,17,0,7,57,4,5
3,1,6.0,97,2,0,0,13,99,1,23
3,9,14.0,106,5,5,0,3,103,2,5
3,1,14.0,183,4,2,0,15,51,0,5
3,9,14.0,106,5,3,0,6,89,4,5
3,9,14.0,106,5,22,0,4,5,1,5
3,9,14.0,106,5,14,0,13,38,0,5
3,9,14.0,106,5,2,1,6,7,1,5
3,9,14.0,106,5,14,1,1,67,0,5
3,9,17.0,255,0,19,0,10,47,2,6
3,9,22.0,92,6,5,0,13,4,1,26
3,9,22.0,92,6,9,0,10,47,2,26
3,9,25.0,344,1,7,0,0,64,1,13
3,9,25.0,344,1,0,0,0,77,3,13
3,7,24.0,68,0,1,0,13,69,4,14
3,7,24.0,68,0,19,3,11,15,0,14
3,7,26.0,316,2,9,2,6,7,0,3
3,2,10.0,28,0,7,1,14,32,1,4
3,3,6.0,303,3,14,0,15,108,0,23
3,3,7.0,289,0,5,1,8,41,4,11
3,3,8.0,148,1,0,0,0,26,3,8
3,3,7.0,289,0,4,1,7,137,4,11
3,3,8.0,148,1,9,0,8,9,3,8
3,3,16.0,263,2,9,2,10,47,3,2
3,3,26.0,343,6,7,2,10,23,1,3
3,10,12.0,333,6,2,0,5,6,0,28
3,10,12.0,333,6,19,0,1,11,3,28
3,10,14.0,174,0,11,0,15,46,3,5
3,10,20.0,223,3,2,0,11,133,2,29
3,10,20.0,223,3,2,2,2,2,0,29
3,10,20.0,223,3,19,0,11,90,3,29
3,10,20.0,223,3,19,0,3,30,3,29
3,10,21.0,341,0,13,0,15,108,4,21
3,10,22.0,314,1,21,0,11,124,1,26
3,10,22.0,314,1,18,0,8,41,1,26
3,10,20.0,223,3,11,0,2,60,2,29
3,10,28.0,216,0,17,2,10,43,3,18
3,10,28.0,216,0,1,0,2,2,2,18
3,10,29.0,318,1,6,0,0,53,0,16
3,10,29.0,318,1,16,0,3,30,3,16
3,10,28.0,216,0,22,3,16,65,3,18
3,10,30.0,157,2,21,0,1,11,4,19
3,10,30.0,157,2,15,0,9,134,4,19
3,10,29.0,318,1,18,0,10,30,0,16
3,10,30.0,157,2,4,0,10,6,3,19
3,10,2.0,358,2,21,1,5,6,0,22
3,8,3.0,363,2,1,0,0,26,3,27
3,7,23.0,202,3,4,1,11,18,0,17
3,7,23.0,202,3,18,0,1,35,4,17
3,4,19.0,142,3,8,0,8,41,2,10
3,3,1.0,180,1,13,0,13,38,2,7
3,3,24.0,357,4,13,0,12,56,2,14
3,5,15.0,200,4,8,1,11,55,4,1
3,3,25.0,347,5,5,0,16,65,4,13
3,5,17.0,212,6,13,0,4,82,0,6
3,5,17.0,212,6,19,1,0,68,2,6
3,5,1.0,109,4,20,1,10,52,0,7
3,5,1.0,109,4,5,0,6,7,0,7
3,5,7.0,349,2,22,0,5,64,0,11
3,5,7.0,349,2,12,3,5,6,0,11
3,5,7.0,349,2,9,0,0,53,0,11
3,5,9.0,206,5,2,0,2,86,2,12
3,5,9.0,206,5,12,0,2,40,1,12
3,5,9.0,206,5,14,0,2,86,4,12
3,5,9.0,206,5,22,0,11,6,3,12
2,4,14.0,132,0,8,1,1,11,4,5
3,9,15.0,226,6,14,2,11,129,0,1
3,9,17.0,255,0,6,0,13,48,1,6
3,9,17.0,255,0,19,0,5,12,3,6
3,9,22.0,92,6,0,1,11,18,0,26
3,9,22.0,92,6,4,0,12,135,2,26
3,9,22.0,92,6,4,2,8,33,3,26
3,9,25.0,344,1,14,0,0,12,1,13
3,9,25.0,344,1,18,0,14,25,1,13
3,9,25.0,344,1,9,2,8,27,2,13
3,7,6.0,93,4,12,0,12,56,1,23
3,9,1.0,126,6,1,0,12,84,1,7
3,7,14.0,125,5,13,0,14,25,3,5
3,7,14.0,125,5,8,1,8,9,4,5
3,7,15.0,205,6,16,3,6,7,0,1
3,7,15.0,205,6,19,0,6,89,3,1
3,7,15.0,205,6,9,2,0,64,3,1
3,7,16.0,40,3,13,0,9,9,2,2
3,7,24.0,68,0,5,0,6,128,4,14
3,1,15.0,1,5,17,0,7,111,1,1
2,0,21.0,241,6,18,0,0,64,3,21
2,0,21.0,241,6,22,0,4,79,2,21
3,1,15.0,1,5,17,0,14,24,1,1
3,1,15.0,1,5,6,0,0,68,4,1
3,1,14.0,183,4,7,0,10,47,0,5
3,1,15.0,1,5,20,0,9,102,3,1
3,1,21.0,45,4,8,0,10,22,3,21
3,1,21.0,45,4,19,0,15,31,4,21
3,1,29.0,112,5,6,0,10,23,1,16
3,1,29.0,112,5,9,0,4,82,1,16
3,1,29.0,112,5,20,1,9,93,4,16
3,1,30.0,100,6,21,1,14,110,2,19
3,1,30.0,100,6,19,0,1,11,3,19
3,1,30.0,100,6,11,1,6,7,0,19
3,8,6.0,87,6,19,0,15,108,1,23
3,5,30.0,294,5,12,0,14,24,2,19
3,6,3.0,99,1,6,0,7,120,4,27
3,3,27.0,361,3,11,0,11,55,1,15
3,6,3.0,99,1,2,0,15,108,1,27
3,6,5.0,342,4,2,2,9,102,3,24
3,7,24.0,68,0,8,0,2,2,3,14
3,7,24.0,68,0,5,1,0,31,4,14
3,7,24.0,68,0,14,0,6,7,1,14
3,7,16.0,40,3,15,0,0,77,1,2
3,7,26.0,316,2,0,2,5,12,3,3
3,6,1.0,158,3,13,0,1,11,4,7
3,7,26.0,316,2,2,0,16,37,0,3
3,7,26.0,316,2,15,0,16,50,3,3
3,7,26.0,316,2,9,1,6,7,4,3
3,3,6.0,303,3,16,0,9,101,3,23
3,3,6.0,303,3,11,0,14,25,0,23
3,3,6.0,303,3,20,0,16,72,3,23
3,3,6.0,303,3,5,0,13,28,0,23
3,3,6.0,303,3,2,0,4,82,1,23
3,3,6.0,303,3,20,1,14,25,1,23
3,3,6.0,303,3,9,0,10,22,2,23
3,3,7.0,289,0,2,0,12,17,2,11
3,3,7.0,289,0,4,0,13,28,3,11
3,6,3.0,99,1,22,3,6,7,0,27
3,6,5.0,342,4,19,0,1,67,0,24
3,6,5.0,342,4,22,1,9,63,4,24
3,6,5.0,342,4,18,0,13,38,2,24
3,6,13.0,317,5,18,0,3,76,3,25
3,3,9.0,44,2,3,0,9,93,1,12
3,7,25.0,41,1,0,0,5,64,3,13
3,2,12.0,128,2,19,1,15,39,0,28
3,5,8.0,199,4,0,2,2,92,0,8
3,1,31.0,305,3,18,2,10,47,3,20
3,7,25.0,41,1,5,0,6,7,2,13
3,2,15.0,130,6,19,0,14,34,4,1
3,7,25.0,41,1,8,2,2,2,1,13
3,8,23.0,102,1,22,0,0,77,1,17
3,5,26.0,37,0,11,0,1,11,4,3
2,9,16.0,107,5,13,1,3,79,4,2
3,7,31.0,43,0,3,2,15,51,2,20
3,8,23.0,102,1,15,0,2,86,4,17
2,4,3.0,178,4,19,0,0,68,1,27
3,7,31.0,43,0,19,0,0,0,0,20
3,4,6.0,176,0,17,0,1,35,1,23
3,6,2.0,352,0,16,0,15,31,0,22
3,0,8.0,9,0,8,0,14,34,2,8
3,10,19.0,117,6,4,0,2,86,4,10
3,4,7.0,133,1,0,1,5,12,1,11
3,6,2.0,352,0,9,0,11,94,2,22
3,5,8.0,199,4,1,0,1,59,1,8
3,4,18.0,26,6,9,0,7,62,0,0
3,10,24.0,261,4,5,0,10,23,1,14
3,10,24.0,261,4,12,0,9,134,3,14
3,10,24.0,261,4,4,0,12,104,2,14
3,10,24.0,261,4,17,1,0,15,0,14
3,10,24.0,261,4,18,2,11,15,2,14
3,10,25.0,56,5,3,2,14,32,4,13
3,10,26.0,61,6,0,2,10,12,3,3
3,8,25.0,86,4,17,1,0,53,1,13
3,4,11.0,121,6,14,1,5,6,1,9
3,10,26.0,61,6,15,0,5,6,2,3
3,10,26.0,61,6,22,0,10,43,1,3
3,10,24.0,261,4,22,3,13,28,2,14
3,1,7.0,32,4,16,0,4,75,3,11
3,1,7.0,32,4,16,0,2,86,1,11
3,1,7.0,32,4,13,0,6,14,4,11
3,1,7.0,32,4,4,0,16,130,4,11
3,1,7.0,32,4,1,2,7,120,3,11
3,1,11.0,111,0,13,0,2,86,1,9
3,1,11.0,111,0,22,1,2,40,4,9
3,6,15.0,49,3,15,2,11,15,3,1
3,1,11.0,111,0,16,0,8,33,0,9
3,8,19.0,280,5,8,2,1,104,3,10
3,5,8.0,199,4,15,0,4,75,3,8
3,5,8.0,199,4,14,0,8,27,1,8
3,5,26.0,37,0,0,0,6,7,3,3
3,5,26.0,37,0,5,1,13,29,1,3
3,6,2.0,352,0,16,0,8,27,1,22
3,6,2.0,352,0,13,2,10,47,0,22
3,6,7.0,169,6,23,1,10,43,4,11
3,6,7.0,169,6,22,0,14,34,3,11
3,6,15.0,49,3,5,1,9,95,1,1
3,6,16.0,38,0,17,2,1,11,3,2
3,6,16.0,38,0,13,0,8,41,3,2
3,6,17.0,244,1,14,0,12,135,1,6
3,6,16.0,38,0,14,0,1,105,0,2
3,6,18.0,308,2,14,0,0,15,1,0
3,10,7.0,243,0,3,2,9,57,4,11
3,10,7.0,243,0,8,0,1,67,0,11
3,10,15.0,60,1,22,0,10,47,1,1
3,10,15.0,60,1,18,0,5,12,3,1
3,6,18.0,308,2,21,2,5,6,3,0
3,6,18.0,308,2,21,1,10,47,0,0
3,10,7.0,243,0,18,0,9,63,4,11
3,10,7.0,243,0,12,1,5,12,1,11
3,10,15.0,60,1,17,1,14,25,0,1
3,10,15.0,60,1,7,0,2,2,1,1
3,10,15.0,60,1,7,0,8,27,1,1
3,10,15.0,60,1,8,2,1,16,3,1
3,10,17.0,256,4,11,0,5,6,2,6
3,10,17.0,256,4,14,0,12,121,3,6
3,10,17.0,256,4,9,0,10,22,3,6
3,10,17.0,256,4,1,0,5,64,3,6
3,10,17.0,256,4,2,0,5,12,0,6
3,10,19.0,117,6,13,0,0,31,3,10
3,10,24.0,261,4,19,0,9,102,2,14
3,10,24.0,261,4,9,0,13,99,1,14
3,10,25.0,56,5,16,1,6,116,0,13
3,10,25.0,56,5,5,0,8,41,1,13
3,10,25.0,56,5,8,3,10,43,3,13
3,10,25.0,56,5,9,0,1,1,3,13
3,10,26.0,61,6,11,1,2,2,0,3
3,10,26.0,61,6,8,2,8,27,3,3
3,10,17.0,256,4,8,0,1,11,1,6
3,1,7.0,32,4,22,0,9,101,1,11
3,1,7.0,32,4,1,0,8,27,1,11
3,1,11.0,111,0,15,0,5,64,3,9
3,1,11.0,111,0,22,0,8,118,1,9
3,1,11.0,111,0,16,1,1,67,0,9
3,1,16.0,2,6,4,1,9,63,4,2
3,8,10.0,71,2,20,3,4,121,0,4
3,8,10.0,71,2,2,0,2,13,2,4
3,8,19.0,280,5,0,0,10,12,1,10
3,8,19.0,280,5,2,0,10,6,3,10
3,8,19.0,280,5,4,0,16,37,4,10
3,8,19.0,280,5,9,2,10,22,3,10
3,1,11.0,111,0,11,0,14,24,2,9
3,8,24.0,85,2,14,0,13,36,2,14
3,8,24.0,85,2,14,2,10,22,3,14
3,8,25.0,86,4,6,0,3,79,1,13
3,2,28.0,257,5,19,3,8,33,0,18
3,8,19.0,280,5,17,0,4,45,2,10
3,4,10.0,79,5,6,0,0,26,4,4
3,4,10.0,79,5,3,0,5,6,0,4
3,1,31.0,305,3,14,0,16,50,1,20
3,0,8.0,9,0,19,2,9,9,2,8
3,0,23.0,237,1,21,0,16,50,2,17
3,3,9.0,44,2,1,0,5,64,1,12
3,4,7.0,133,1,10,0,8,27,1,11
3,5,26.0,37,0,13,0,5,64,2,3
3,5,26.0,37,0,21,0,2,2,1,3
3,0,23.0,237,1,1,0,10,22,3,17
3,0,8.0,9,0,19,0,2,2,2,8
3,0,10.0,129,2,23,0,8,27,1,4
3,6,7.0,169,6,7,0,7,129,1,11
3,6,2.0,352,0,16,0,0,12,3,22
3,4,18.0,26,6,9,0,0,53,3,0
3,4,7.0,133,1,21,0,5,12,3,11
3,6,15.0,49,3,22,1,15,46,4,1
3,0,10.0,129,2,13,2,6,89,3,4
3,0,21.0,287,3,3,1,6,7,4,21
3,0,23.0,237,1,13,0,14,24,2,17
3,5,26.0,37,0,22,0,14,24,2,3
3,6,2.0,352,0,7,1,5,64,2,22
3,4,18.0,26,6,13,0,9,49,3,0
3,4,6.0,176,0,19,0,14,106,3,23
3,6,16.0,38,0,17,0,5,6,0,2
3,0,10.0,129,2,19,1,15,51,4,4
3,0,21.0,287,3,3,0,16,74,1,21
3,8,23.0,102,1,2,1,4,66,4,17
2,8,23.0,85,0,17,2,6,14,0,17
3,6,2.0,352,0,6,2,5,12,3,22
3,6,2.0,352,0,22,0,5,64,3,22
3,6,2.0,352,0,3,0,10,22,3,22
3,6,2.0,352,0,11,1,14,97,4,22
3,1,17.0,63,3,21,1,11,133,0,6
3,6,15.0,49,3,15,3,1,59,0,1
3,6,16.0,38,0,1,0,12,84,1,2
3,6,16.0,38,0,11,0,11,94,3,2
3,6,15.0,49,3,19,1,11,98,4,1
3,10,11.0,298,5,14,3,5,12,1,9
3,1,12.0,353,1,18,1,1,1,0,28
3,1,12.0,353,1,12,1,6,7,0,28
3,2,15.0,130,6,8,3,9,9,0,1
2,3,9.0,4,1,15,0,2,2,1,12
2,4,27.0,218,3,18,1,12,80,4,15
2,4,27.0,218,3,3,3,13,21,1,15
0,8,1.0,66,5,13,3,16,50,1,7
2,9,18.0,359,3,13,0,6,91,2,0
2,0,10.0,10,1,12,1,5,12,0,4
2,2,28.0,140,4,22,2,10,43,0,18
2,5,3.0,114,5,5,0,12,83,2,27
2,5,10.0,326,5,1,0,0,53,2,4
3,7,12.0,181,2,19,0,8,33,4,28
2,10,28.0,318,3,5,3,11,15,4,18
2,10,9.0,245,1,17,0,15,114,1,12
3,3,30.0,304,2,17,3,0,12,3,19
2,4,21.0,152,0,18,1,6,14,0,21
0,4,16.0,25,0,22,3,3,79,0,2
3,6,16.0,38,0,18,0,5,64,3,2
3,6,17.0,244,1,17,0,12,100,3,6
3,6,17.0,244,1,4,0,10,47,3,6
3,6,18.0,308,2,7,0,0,96,3,0
3,10,7.0,243,0,4,0,0,31,2,11
3,10,7.0,243,0,9,0,2,60,1,11
3,6,18.0,308,2,3,0,5,6,3,0
3,6,18.0,308,2,19,2,6,116,3,0
3,10,7.0,243,0,0,2,5,64,3,11
3,10,7.0,243,0,4,3,5,64,0,11
3,10,15.0,60,1,6,0,2,40,1,1
3,10,15.0,60,1,20,0,0,0,3,1
3,10,15.0,60,1,12,0,15,51,0,1
3,10,15.0,60,1,14,0,5,12,0,1
3,10,15.0,60,1,14,0,0,26,0,1
3,10,17.0,256,4,11,1,13,99,4,6
3,10,24.0,261,4,13,0,14,25,3,14
3,10,19.0,117,6,1,0,6,7,0,10
3,10,25.0,56,5,4,0,16,113,1,13
3,8,23.0,102,1,1,0,5,6,3,17
3,8,23.0,102,1,4,0,2,2,1,17
3,8,23.0,102,1,19,0,1,11,4,17
3,8,23.0,102,1,15,1,0,77,1,17
3,8,20.0,319,6,15,1,15,39,4,29
3,2,23.0,230,3,16,0,5,6,3,17
3,2,23.0,230,3,8,1,2,60,4,17
3,2,23.0,230,3,12,0,13,36,3,17
3,2,24.0,22,0,16,0,0,12,3,14
3,2,23.0,230,3,14,1,0,12,0,17
3,2,13.0,276,4,19,0,11,133,2,25
3,0,8.0,9,0,8,2,3,30,3,8
3,0,23.0,237,1,6,0,0,64,0,17
3,0,23.0,237,1,21,0,14,34,3,17
3,0,23.0,237,1,22,0,16,74,4,17
3,0,23.0,237,1,12,0,6,89,3,17
3,0,23.0,237,1,21,0,13,38,1,17
3,10,25.0,56,5,4,0,10,47,3,13
3,10,25.0,56,5,4,1,8,27,1,13
3,10,26.0,61,6,6,0,9,10,1,3
3,10,26.0,61,6,5,0,4,127,2,3
3,10,26.0,61,6,12,2,2,13,2,3
3,10,26.0,61,6,19,0,10,52,0,3
3,10,25.0,56,5,1,3,2,123,3,13
3,1,7.0,32,4,15,0,14,25,1,11
3,1,7.0,32,4,14,0,1,59,0,11
3,9,26.0,267,2,12,3,2,69,1,3
3,9,26.0,267,2,2,1,14,25,4,3
3,7,9.0,273,3,5,0,0,15,2,12
3,7,9.0,273,3,10,1,8,33,1,12
3,7,18.0,154,1,16,0,4,103,3,0
3,7,18.0,154,1,0,0,6,7,4,0
3,7,18.0,154,1,20,0,4,4,1,0
3,7,18.0,154,1,5,0,9,95,1,0
3,7,25.0,41,1,20,1,0,77,1,13
3,7,31.0,43,0,8,0,2,86,2,20
3,7,31.0,43,0,8,0,11,94,2,20
3,6,2.0,352,0,5,2,1,67,3,22
3,4,5.0,235,3,12,3,8,9,1,24
3,0,21.0,287,3,18,0,8,9,0,21
3,6,16.0,38,0,3,0,3,30,0,2
3,4,25.0,20,6,6,1,9,10,0,13
3,6,2.0,352,0,1,0,7,137,4,22
3,8,20.0,319,6,23,0,16,50,2,29
3,4,5.0,235,3,10,0,14,24,2,24
3,0,21.0,287,3,3,0,9,87,2,21
3,6,18.0,308,2,16,0,2,60,0,0
3,0,10.0,129,2,11,3,8,118,4,4
3,4,25.0,20,6,18,0,3,76,4,13
2,8,23.0,85,0,21,0,7,137,0,17
3,6,17.0,244,1,12,0,0,12,0,6
3,4,12.0,134,3,3,1,6,7,4,28
3,6,10.0,149,1,13,1,1,105,0,4
3,0,23.0,237,1,17,0,13,48,4,17
3,4,26.0,80,3,3,1,3,103,4,3
2,2,1.0,143,5,14,0,10,23,1,7
3,6,2.0,352,0,4,0,13,38,2,22
2,8,23.0,85,0,3,0,3,30,3,17
1,11,1.0,222,6,17,0,9,63,4,7
3,6,18.0,308,2,16,0,5,12,0,0
3,4,10.0,79,5,2,1,9,58,4,4
3,0,23.0,237,1,6,0,3,30,4,17
3,4,26.0,80,3,18,3,8,27,1,3
2,2,26.0,136,1,0,1,9,27,0,3
2,8,22.0,102,3,8,0,6,89,2,26
3,6,15.0,49,3,2,0,10,47,2,1
3,10,13.0,346,3,13,1,13,21,1,25
3,6,18.0,308,2,5,0,1,105,1,0
3,6,7.0,169,6,19,1,6,89,1,11
3,4,11.0,121,6,2,0,16,130,4,9
2,6,4.0,342,1,19,1,9,134,4,30
2,8,22.0,102,3,22,0,6,7,3,26
3,4,26.0,80,3,22,3,5,6,0,3
3,0,23.0,237,1,16,2,5,6,0,17
3,6,16.0,38,0,17,0,0,12,0,2
3,6,15.0,49,3,23,0,14,24,2,1
3,4,11.0,121,6,19,0,14,34,0,9
3,4,18.0,26,6,8,1,1,59,4,0
3,4,25.0,20,6,13,0,5,6,2,13
3,2,2.0,143,3,14,0,10,47,3,22
3,10,17.0,256,4,17,2,16,108,3,6
3,10,19.0,117,6,12,1,6,7,0,10
3,10,26.0,61,6,12,3,7,137,4,3
3,10,24.0,261,4,17,0,13,36,3,14
3,10,24.0,261,4,19,0,16,37,1,14
3,9,9.0,320,3,17,0,10,22,1,12
3,10,24.0,261,4,14,0,0,12,0,14
3,10,24.0,261,4,14,0,11,133,2,14
3,10,25.0,56,5,16,2,6,88,3,13
3,10,24.0,261,4,9,1,2,69,0,14
3,10,25.0,56,5,11,2,9,87,0,13
3,10,25.0,56,5,22,0,9,102,3,13
3,10,26.0,61,6,11,0,2,86,0,3
3,10,26.0,61,6,3,0,2,86,2,3
2,0,15.0,11,3,13,0,10,23,1,1
3,10,25.0,56,5,7,1,10,12,0,13
3,10,26.0,61,6,4,1,1,81,1,3
3,10,24.0,261,4,16,1,12,83,4,14
3,1,7.0,32,4,5,0,10,47,2,11
3,1,7.0,32,4,18,0,15,119,3,11
3,1,11.0,111,0,8,2,8,118,3,9
3,1,11.0,111,0,22,0,0,0,2,9
3,1,16.0,2,6,2,0,0,64,3,2
3,1,16.0,2,6,1,2,13,99,0,2
3,1,11.0,111,0,2,0,11,15,1,9
3,1,11.0,111,0,2,0,6,132,4,9
3,1,16.0,2,6,15,0,8,33,1,2
3,1,16.0,2,6,8,0,11,18,3,2
3,1,17.0,63,3,6,2,9,63,0,6
3,1,17.0,63,3,16,1,1,67,0,6
3,1,17.0,63,3,10,0,11,133,3,6
3,1,17.0,63,3,14,0,14,106,4,6
3,1,17.0,63,3,1,0,13,29,2,6
3,8,10.0,71,2,9,2,8,9,1,4
3,8,11.0,306,4,12,0,14,24,3,9
3,8,10.0,71,2,16,0,5,12,0,4
3,8,11.0,306,4,4,2,4,79,2,9
3,8,11.0,306,4,9,0,3,76,1,9
3,8,19.0,280,5,15,2,7,111,0,10
3,8,25.0,86,4,13,0,5,6,3,13
3,8,24.0,85,2,19,0,5,12,1,14
3,8,25.0,86,4,1,0,6,73,1,13
3,8,28.0,224,3,14,0,8,41,1,18
3,4,10.0,79,5,5,0,8,9,1,4
3,4,10.0,79,5,4,0,10,23,2,4
3,4,11.0,121,6,0,1,2,2,4,9
3,4,11.0,121,6,16,1,10,22,0,9
3,1,11.0,111,0,17,0,6,7,1,9
3,1,11.0,111,0,16,2,10,52,0,9
3,1,11.0,111,0,16,1,1,67,0,9
3,1,11.0,111,0,2,0,6,128,1,9
3,1,11.0,111,0,2,2,10,47,3,9
3,1,16.0,2,6,17,0,13,13,1,2
3,1,16.0,2,6,15,2,13,28,4,2
3,1,16.0,2,6,9,0,8,118,1,2
3,1,17.0,63,3,15,0,12,17,2,6
3,1,17.0,63,3,2,0,3,44,4,6
3,1,17.0,63,3,14,0,2,86,1,6
3,1,16.0,2,6,15,3,10,22,4,2
3,8,10.0,71,2,19,0,6,128,1,4
3,8,11.0,306,4,19,0,12,104,3,9
3,8,19.0,280,5,16,0,9,10,3,10
3,8,19.0,280,5,5,2,7,120,0,10
3,8,19.0,280,5,12,1,2,3,4,10
3,8,19.0,280,5,18,2,14,25,0,10
3,8,24.0,85,2,21,1,10,30,0,14
3,8,24.0,85,2,23,0,0,0,0,14
3,4,11.0,121,6,8,0,1,35,2,9
3,4,11.0,121,6,2,0,3,30,0,9
3,4,18.0,26,6,7,0,3,30,4,0
3,4,18.0,26,6,22,1,9,93,4,0
3,1,27.0,262,2,3,3,5,0,0,15
3,2,2.0,143,3,7,1,12,104,0,22
3,0,23.0,237,1,1,0,10,22,2,17
3,6,15.0,49,3,13,1,2,86,1,1
3,6,15.0,49,3,13,0,7,54,1,1
2,6,4.0,342,1,13,1,9,134,0,30
3,2,2.0,143,3,20,0,4,75,1,22
3,2,2.0,143,3,15,0,11,15,3,22
3,2,2.0,143,3,8,1,16,37,4,22
3,2,2.0,143,3,22,0,0,77,2,22
3,2,2.0,143,3,4,1,13,28,1,22
3,2,19.0,137,2,6,0,3,79,1,10
3,2,19.0,137,2,3,0,11,98,4,10
3,2,19.0,137,2,3,3,8,9,0,10
3,8,24.0,85,2,3,3,11,117,0,14
3,8,24.0,85,2,18,0,0,53,3,14
3,8,25.0,86,4,8,0,2,69,2,13
3,8,25.0,86,4,9,0,3,44,0,13
3,8,28.0,224,3,16,0,2,123,4,18
3,8,28.0,224,3,7,1,10,47,0,18
3,8,28.0,224,3,5,0,9,87,2,18
3,8,24.0,85,2,9,3,11,129,4,14
3,4,10.0,79,5,21,1,0,85,0,4
3,4,10.0,79,5,20,0,12,80,1,4
3,4,10.0,79,5,1,0,1,35,1,4
3,4,10.0,79,5,2,2,1,1,3,4
3,4,10.0,79,5,12,0,5,12,3,4
2,8,24.0,86,1,21,0,13,29,3,14
3,4,11.0,121,6,0,0,9,102,1,9
3,4,11.0,121,6,22,0,0,64,3,9
3,4,11.0,121,6,4,0,11,94,2,9
3,4,18.0,26,6,7,1,10,47,0,0
3,4,18.0,26,6,20,0,10,22,3,0
3,4,18.0,26,6,9,0,8,9,1,0
3,4,18.0,26,6,12,1,16,37,4,0
3,4,25.0,20,6,17,0,8,33,1,13
3,1,16.0,2,6,21,0,9,87,1,2
3,8,10.0,71,2,8,2,7,62,0,4
3,8,11.0,306,4,17,0,13,29,4,9
3,8,11.0,306,4,8,1,3,79,4,9
3,8,11.0,306,4,14,3,10,23,2,9
3,8,19.0,280,5,17,0,13,38,3,10
3,8,19.0,280,5,11,1,5,6,1,10
3,8,19.0,280,5,19,1,11,58,0,10
3,8,25.0,86,4,19,0,2,13,3,13
3,8,28.0,224,3,22,1,10,23,1,18
3,8,28.0,224,3,12,0,16,37,1,18
3,4,10.0,79,5,14,1,7,137,1,4
3,4,11.0,121,6,5,0,1,1,1,9
3,4,18.0,26,6,0,0,9,95,3,0
3,4,18.0,26,6,11,1,10,47,2,0
3,4,18.0,26,6,9,0,13,21,1,0
3,4,25.0,20,6,13,0,5,12,3,13
3,4,25.0,20,6,3,0,14,25,3,13
3,4,25.0,20,6,10,1,8,27,1,13
3,4,12.0,134,3,2,0,10,47,1,28
3,4,12.0,134,3,19,3,11,15,3,28
3,4,12.0,134,3,4,3,1,105,0,28
3,4,30.0,139,4,1,0,10,43,1,19
3,2,4.0,254,1,0,0,1,11,3,30
3,2,4.0,254,1,22,2,13,48,0,30
3,2,4.0,254,1,19,0,2,69,0,30
3,2,6.0,251,4,17,0,12,61,4,23
3,2,6.0,251,4,6,1,14,125,0,23
3,2,6.0,251,4,0,0,10,22,1,23
3,2,13.0,276,4,15,2,13,29,3,25
3,2,13.0,276,4,12,0,6,7,2,25
3,2,13.0,276,4,9,0,8,33,1,25
3,2,16.0,220,3,6,1,4,121,0,2
3,2,16.0,220,3,20,0,4,127,1,2
3,2,23.0,230,3,10,0,4,4,1,17
3,2,23.0,230,3,10,0,9,102,1,17
3,2,23.0,230,3,15,0,1,11,1,17
3,2,23.0,230,3,19,0,8,118,1,17
3,2,24.0,22,0,6,0,10,23,1,14
3,2,24.0,22,0,16,2,5,0,3,14
3,2,24.0,22,0,11,1,0,12,1,14
3,2,24.0,22,0,15,0,15,39,0,14
3,2,24.0,22,0,22,0,8,27,0,14
3,2,24.0,22,0,2,0,8,41,2,14
3,2,24.0,22,0,15,0,6,91,2,14
3,2,24.0,22,0,19,0,10,47,3,14
3,2,24.0,22,0,1,0,11,8,1,14
3,0,8.0,9,0,19,2,0,77,1,8
3,0,8.0,9,0,8,0,1,67,3,8
3,0,8.0,9,0,14,0,3,115,1,8
3,1,27.0,262,2,2,3,10,47,0,15
3,1,17.0,63,3,13,0,6,116,1,6
3,6,15.0,49,3,9,0,10,43,3,1
3,6,16.0,38,0,0,1,8,19,4,2
3,1,27.0,262,2,12,1,9,10,1,15
1,4,18.0,26,1,17,3,8,9,0,0
2,10,21.0,314,3,18,0,1,1,2,21
3,6,16.0,38,0,8,0,0,68,3,2
3,4,2.0,141,4,22,3,2,2,3,22
3,4,11.0,121,6,22,0,6,7,2,9
3,6,15.0,49,3,6,1,9,57,1,1
2,10,21.0,314,3,19,0,9,54,1,21
3,0,23.0,237,1,9,1,15,112,4,17
3,4,2.0,141,4,17,1,14,32,1,22
3,4,26.0,80,3,4,1,5,6,2,3
3,6,17.0,244,1,22,0,9,57,1,6
2,10,16.0,256,1,18,2,7,20,3,2
3,0,21.0,287,3,8,0,10,12,1,21
3,4,28.0,218,1,8,3,10,22,1,18
3,6,18.0,308,2,1,2,4,79,2,0
2,1,5.0,97,0,18,1,13,48,4,24
3,4,6.0,176,0,15,1,3,79,1,23
2,11,1.0,222,0,17,0,8,9,4,7
3,9,4.0,295,1,13,0,8,41,2,30
3,7,27.0,53,4,22,0,0,0,2,15
3,6,3.0,99,1,9,0,2,92,0,27
2,8,19.0,319,4,8,0,5,64,2,10
2,4,5.0,176,6,9,1,0,12,1,24
2,4,5.0,176,6,9,1,0,77,4,24
3,6,3.0,99,1,13,1,13,38,1,27
2,11,1.0,222,0,13,3,12,84,1,7
3,6,28.0,309,6,9,0,7,120,3,18
3,10,12.0,333,6,11,3,8,27,4,28
2,0,30.0,290,0,1,2,6,91,1,19
3,11,13.0,312,0,14,0,13,36,3,25
3,10,22.0,314,1,18,1,12,104,1,26
3,5,6.0,277,1,9,1,12,84,0,23
3,8,30.0,103,1,13,1,7,120,2,19
2,1,29.0,100,4,4,1,14,25,4,16
3,5,5.0,96,0,5,0,5,6,0,24
2,8,29.0,103,3,13,3,4,45,4,16
3,11,13.0,312,0,4,2,8,33,3,25
3,7,4.0,186,1,17,1,9,93,4,30
3,6,20.0,215,5,4,1,10,47,2,29
2,1,24.0,65,6,12,1,10,47,1,14
3,9,1.0,126,6,17,0,8,41,4,7
3,9,1.0,126,6,8,0,10,22,2,7
2,0,8.0,48,3,13,3,8,41,4,8
2,2,23.0,22,6,11,3,1,105,2,17
3,7,15.0,205,6,19,1,0,26,1,1
3,4,3.0,279,5,23,1,11,15,1,27
3,8,27.0,78,6,14,0,2,69,2,15
3,4,3.0,279,5,2,0,6,89,1,27
3,6,26.0,348,4,15,1,13,38,1,3
3,10,8.0,213,1,17,0,5,12,0,8
3,9,1.0,126,6,13,3,5,6,1,7
3,1,19.0,29,1,12,0,3,79,0,10
3,8,27.0,78,6,13,1,4,121,0,15
3,4,17.0,19,5,23,1,5,12,1,6
0,11,1.0,222,3,2,0,12,61,1,7
3,2,2.0,143,3,22,0,8,33,3,22
3,6,18.0,308,2,9,2,14,24,3,0
2,8,25.0,278,2,20,0,15,51,0,13
3,6,18.0,308,2,18,2,10,47,1,0
3,10,7.0,243,0,23,2,2,86,3,11
3,10,7.0,243,0,15,0,2,40,2,11
3,10,7.0,243,0,22,0,0,77,4,11
3,10,7.0,243,0,9,0,0,77,1,11
3,10,15.0,60,1,21,1,6,7,0,1
3,10,24.0,261,4,6,1,2,3,4,14
3,10,25.0,56,5,4,0,12,80,1,13
3,10,25.0,56,5,9,0,5,12,0,13
3,10,25.0,56,5,18,0,9,83,3,13
3,10,26.0,61,6,16,1,9,87,0,3
3,10,26.0,61,6,13,0,1,1,4,3
3,1,7.0,32,4,19,0,8,118,2,11
3,1,16.0,2,6,19,2,5,64,3,2
3,1,16.0,2,6,12,0,0,64,4,2
3,1,16.0,2,6,20,1,4,138,4,2
3,2,23.0,230,3,8,0,2,71,2,17
3,1,16.0,2,6,22,0,13,38,2,2
3,1,16.0,2,6,1,0,16,74,1,2
3,1,17.0,63,3,17,0,6,73,4,6
3,1,17.0,63,3,17,1,13,48,0,6
3,4,25.0,20,6,6,0,4,5,2,13
3,4,26.0,80,3,9,0,3,30,3,3
3,4,26.0,80,3,15,2,16,42,2,3
3,2,2.0,143,3,21,1,4,66,0,22
3,2,19.0,137,2,21,0,16,113,1,10
3,2,19.0,137,2,7,1,9,57,1,10
3,2,28.0,257,5,10,0,3,103,3,18
3,2,28.0,257,5,16,1,10,12,1,18
3,4,28.0,218,1,13,0,13,38,2,18
3,6,2.0,352,0,10,1,5,12,1,22
3,7,31.0,43,0,19,2,5,12,1,20
3,3,1.0,180,1,18,0,6,126,1,7
2,7,5.0,93,1,0,0,15,108,4,24
3,7,31.0,43,0,9,0,7,54,1,20
3,4,7.0,133,1,16,3,16,72,0,11
3,5,10.0,155,6,14,0,14,24,1,4
2,6,23.0,31,3,13,3,9,54,1,17
3,3,9.0,44,2,23,0,8,27,1,12
3,8,23.0,102,1,5,3,0,0,0,17
3,3,9.0,44,2,23,2,12,61,3,12
2,2,1.0,143,5,20,0,9,54,2,7
2,1,25.0,248,3,19,0,2,2,0,13
3,2,23.0,230,3,19,0,8,9,1,17
3,3,9.0,44,2,20,0,5,12,3,12
2,2,1.0,143,5,11,0,13,28,2,7
2,11,20.0,340,6,18,0,9,54,3,29
3,10,7.0,243,0,23,1,10,23,0,11
3,10,7.0,243,0,19,0,0,26,3,11
3,10,15.0,60,1,0,0,0,12,3,1
3,10,15.0,60,1,20,0,2,40,2,1
3,10,15.0,60,1,15,0,5,12,1,1
3,10,15.0,60,1,11,1,12,61,4,1
3,10,15.0,60,1,18,0,13,29,2,1
3,10,17.0,256,4,15,0,0,26,1,6
3,10,17.0,256,4,4,0,4,5,0,6
3,10,19.0,117,6,1,2,2,71,3,10
3,10,19.0,117,6,11,0,2,2,1,10
3,10,24.0,261,4,19,2,10,52,0,14
3,10,25.0,56,5,21,0,4,4,3,13
3,10,25.0,56,5,22,0,8,27,1,13
3,10,26.0,61,6,6,1,2,2,0,3
3,10,26.0,61,6,2,1,9,87,0,3
3,10,17.0,256,4,5,1,1,67,4,6
3,7,25.0,41,1,12,0,1,16,3,13
3,7,25.0,41,1,6,0,12,61,1,13
3,7,25.0,41,1,9,0,15,31,1,13
3,7,25.0,41,1,15,1,3,30,1,13
3,7,31.0,43,0,16,0,2,86,1,20
2,8,25.0,278,2,19,0,4,5,3,13
2,10,1.0,358,0,19,0,2,86,1,7
2,1,2.0,188,5,4,1,9,102,0,22
3,3,20.0,105,3,1,3,5,6,0,29
3,3,20.0,105,3,8,1,11,18,1,29
3,5,6.0,277,1,21,0,0,64,1,23
2,2,5.0,251,1,1,3,11,117,0,24
3,1,30.0,100,6,1,0,13,29,2,19
3,8,30.0,103,1,3,3,13,69,0,19
3,6,13.0,317,5,17,1,12,61,1,25
3,6,13.0,317,5,12,1,10,47,0,25
3,10,6.0,242,3,16,1,0,68,0,23
3,4,31.0,67,5,18,3,5,6,1,20
3,10,30.0,157,2,0,0,5,12,3,19
2,3,16.0,54,1,17,0,2,86,1,2
2,6,9.0,149,3,4,0,13,21,1,12
0,0,18.0,0,0,22,2,14,88,3,0
2,8,26.0,78,4,13,0,6,89,2,3
2,1,1.0,171,4,17,0,2,71,1,7
2,1,27.0,300,1,5,3,8,118,1,15
3,7,31.0,43,0,21,1,4,4,1,20
3,7,31.0,43,0,3,2,4,82,2,20
3,7,31.0,43,0,19,1,3,115,4,20
3,3,9.0,44,2,17,0,12,61,4,12
3,5,8.0,199,4,11,1,12,104,4,8
3,5,26.0,37,0,2,1,4,75,1,3
3,5,26.0,37,0,1,0,16,74,0,3
3,6,2.0,352,0,14,0,6,89,1,22
3,6,2.0,352,0,12,0,2,2,2,22
3,6,2.0,352,0,12,0,10,22,3,22
3,6,2.0,352,0,18,2,12,104,3,22
3,6,7.0,169,6,20,0,16,113,4,11
3,6,7.0,169,6,13,0,8,27,2,11
3,6,15.0,49,3,6,2,15,114,3,1
3,6,15.0,49,3,7,1,14,126,0,1
3,6,15.0,49,3,10,0,9,10,3,1
3,6,16.0,38,0,0,0,1,35,0,2
3,8,11.0,306,4,19,3,5,6,2,9
3,2,2.0,143,3,19,3,0,12,1,22
3,6,18.0,308,2,16,0,7,54,3,0
3,10,15.0,60,1,15,0,10,22,0,1
3,10,17.0,256,4,10,0,13,28,3,6
3,10,15.0,60,1,22,3,14,131,4,1
3,10,19.0,117,6,16,0,8,118,1,10
3,10,19.0,117,6,15,0,15,31,0,10
3,5,29.0,24,4,8,0,14,32,1,16
3,8,22.0,354,0,18,1,9,93,4,26
3,8,22.0,354,0,21,1,16,50,0,26
3,2,12.0,128,2,1,0,16,130,0,28
3,3,9.0,44,2,8,0,9,57,0,12
3,7,8.0,94,6,19,1,7,31,2,8
3,6,16.0,38,0,17,0,9,49,3,2
3,2,3.0,282,0,9,1,3,30,0,27
3,3,9.0,44,2,1,0,16,50,1,12
3,11,23.0,232,4,3,0,1,67,2,17
3,5,8.0,199,4,15,0,15,85,3,8
2,10,23.0,261,1,1,2,14,125,3,17
3,5,26.0,37,0,17,0,1,67,0,3
3,4,22.0,152,2,4,2,9,57,3,26
3,5,10.0,155,6,18,3,2,2,4,4
3,5,10.0,155,6,15,1,11,58,4,4
3,5,26.0,37,0,22,0,1,59,3,3
3,6,7.0,169,6,10,0,2,123,4,11
3,6,7.0,169,6,13,0,10,47,3,11
3,6,7.0,169,6,12,0,15,108,1,11
3,6,7.0,169,6,14,0,3,30,4,11
3,6,7.0,169,6,8,0,5,6,2,11
3,6,15.0,49,3,4,0,8,9,1,1
3,6,15.0,49,3,20,1,14,88,4,1
3,6,15.0,49,3,18,0,5,12,3,1
3,5,28.0,259,2,13,1,7,129,4,18
3,7,20.0,266,4,13,3,3,115,4,29
2,6,17.0,308,0,14,0,0,12,1,6
2,6,26.0,116,2,9,1,3,30,4,3
2,6,1.0,352,6,4,0,6,89,0,7
2,10,28.0,318,3,2,0,15,31,1,18
2,6,1.0,352,6,13,3,11,15,0,7
2,0,20.0,287,5,0,1,9,93,4,29
3,11,19.0,321,3,6,0,16,50,1,10
3,11,28.0,123,1,16,0,1,67,3,18
3,9,12.0,177,2,11,0,14,24,2,28
3,7,10.0,329,0,15,0,4,82,1,4
3,7,10.0,329,0,13,0,12,80,1,4
2,10,11.0,333,4,10,0,0,77,2,9
3,3,10.0,4,4,19,0,6,132,3,4
3,7,20.0,266,4,11,0,11,8,2,29
2,1,20.0,45,1,9,0,4,121,0,29
2,1,28.0,112,2,4,3,9,93,2,18
2,4,26.0,274,6,5,1,11,18,1,3
2,4,3.0,178,4,13,0,5,6,0,27
3,5,20.0,214,1,13,3,11,129,4,29
3,10,3.0,310,4,20,1,4,82,1,27
3,4,6.0,176,0,13,2,14,24,0,23
3,4,6.0,176,0,15,2,15,37,0,23
3,4,6.0,176,0,1,0,2,13,1,23
3,4,7.0,133,1,17,1,14,32,1,11
3,4,13.0,221,0,18,0,11,18,1,25
3,4,30.0,139,4,22,0,3,103,0,19
3,2,4.0,254,1,16,0,1,1,3,30
3,2,6.0,251,4,20,0,13,99,3,23
3,2,23.0,230,3,3,1,1,1,1,17
3,2,23.0,230,3,14,2,9,93,3,17
3,0,21.0,287,3,16,1,6,7,0,21
3,0,21.0,287,3,14,1,9,58,4,21
3,0,21.0,287,3,8,1,13,29,4,21
3,0,23.0,237,1,4,0,10,47,3,17
3,0,23.0,237,1,19,0,1,35,1,17
3,0,23.0,237,1,9,0,11,18,0,17
3,6,17.0,244,1,22,0,13,48,0,6
3,6,17.0,244,1,18,1,14,106,4,6
3,6,18.0,308,2,21,0,13,38,4,0
3,7,31.0,43,0,22,0,11,18,1,20
3,7,31.0,43,0,1,0,2,2,1,20
3,7,31.0,43,0,19,0,8,118,1,20
3,7,31.0,43,0,18,0,12,121,1,20
3,3,9.0,44,2,7,2,5,12,3,12
3,3,9.0,44,2,1,0,0,31,3,12
3,5,8.0,199,4,15,0,8,41,2,8
2,8,30.0,144,0,17,0,2,86,3,19
3,5,8.0,199,4,22,0,9,101,0,8
3,4,22.0,152,2,14,1,13,28,4,26
3,5,17.0,212,6,9,0,1,16,1,6
3,4,22.0,152,2,21,1,10,22,2,26
3,9,28.0,315,5,13,0,10,47,2,18
3,4,30.0,139,4,10,0,15,31,1,19
3,4,30.0,139,4,3,0,10,22,3,19
3,4,30.0,139,4,22,0,8,19,2,19
3,4,30.0,139,4,5,1,6,7,4,19
3,2,4.0,254,1,16,1,6,7,0,30
3,2,6.0,251,4,8,0,10,47,2,23
3,2,6.0,251,4,16,3,10,12,1,23
3,2,13.0,276,4,20,0,10,23,1,25
3,6,6.0,83,5,12,1,0,77,0,23
3,2,13.0,276,4,5,0,13,29,1,25
3,2,16.0,220,3,5,0,13,36,3,2
3,2,13.0,276,4,15,0,13,48,2,25
3,2,23.0,230,3,2,0,5,12,2,17
3,2,23.0,230,3,11,1,12,61,1,17
3,2,23.0,230,3,23,1,1,1,4,17
3,2,24.0,22,0,6,3,6,7,0,14
3,2,24.0,22,0,7,0,11,18,1,14
3,2,24.0,22,0,23,1,9,87,0,14
3,2,24.0,22,0,16,1,14,25,0,14
3,2,24.0,22,0,19,0,0,0,0,14
3,0,8.0,9,0,11,0,10,43,3,8
3,2,24.0,22,0,20,3,5,6,0,14
3,0,8.0,9,0,13,2,3,30,3,8
3,0,8.0,9,0,8,1,12,56,4,8
3,0,8.0,9,0,14,0,2,2,4,8
3,0,8.0,9,0,22,1,12,17,4,8
3,0,21.0,287,3,16,0,9,93,4,21
3,0,21.0,287,3,5,0,9,27,3,21
3,0,23.0,237,1,6,0,3,30,4,17
3,11,8.0,283,2,12,0,11,15,2,8
3,11,14.0,147,1,22,1,16,37,4,5
3,11,16.0,225,4,12,0,4,45,1,2
3,11,16.0,225,4,1,0,13,69,0,2
3,11,16.0,225,4,14,0,8,27,4,2
2,0,15.0,11,3,11,0,4,79,2,1
3,11,31.0,227,5,10,0,9,10,0,20
3,11,31.0,227,5,3,1,12,104,4,20
3,11,31.0,227,5,1,2,0,26,0,20
3,11,31.0,227,5,7,0,5,6,1,20
3,9,7.0,271,5,13,1,1,35,4,11
3,9,7.0,271,5,5,1,6,7,4,11
3,9,8.0,90,6,16,1,1,67,0,8
3,9,8.0,90,6,2,0,6,7,0,8
3,9,9.0,320,3,0,0,7,137,1,12
3,9,9.0,320,3,21,1,9,87,1,12
3,9,9.0,320,3,15,0,7,57,0,12
3,7,18.0,154,1,6,1,7,137,4,0
3,7,18.0,154,1,16,2,0,26,1,0
3,7,18.0,154,1,8,0,15,46,3,0
3,0,23.0,237,1,7,0,6,116,4,17
3,10,23.0,247,2,18,0,9,95,2,17
3,0,23.0,237,1,23,0,15,31,0,17
3,0,23.0,237,1,17,1,5,6,0,17
3,0,23.0,237,1,1,0,2,2,3,17
3,1,28.0,300,4,1,0,5,12,0,18
3,1,28.0,300,4,1,0,6,7,1,18
3,1,31.0,305,3,22,1,1,1,4,20
3,8,20.0,319,6,9,0,2,86,0,29
3,8,23.0,102,1,19,0,1,11,3,17
3,4,5.0,235,3,20,0,14,34,3,24
3,4,5.0,235,3,15,0,4,82,3,24
3,7,18.0,154,1,9,0,9,87,0,0
3,6,10.0,149,1,18,0,1,59,4,4
2,8,15.0,73,3,17,3,10,47,0,1
3,2,9.0,21,3,14,0,1,11,0,12
3,4,5.0,235,3,20,0,3,103,2,24
3,4,6.0,176,0,17,0,0,77,3,23
3,4,6.0,176,0,20,0,15,114,3,23
3,0,25.0,281,4,6,0,4,5,1,13
3,0,25.0,281,4,4,0,6,128,3,13
3,0,25.0,281,4,9,3,5,6,0,13
3,0,27.0,23,6,21,2,2,2,3,15
3,0,27.0,23,6,15,0,1,16,4,15
3,0,27.0,23,6,4,1,5,0,1,15
3,1,17.0,63,3,12,0,6,89,1,6
3,8,10.0,71,2,6,1,8,9,2,4
3,8,10.0,71,2,6,0,10,30,0,4
3,8,19.0,280,5,20,1,5,64,1,10
3,8,19.0,280,5,13,0,5,6,0,10
3,8,28.0,224,3,17,0,10,47,1,18
3,8,28.0,224,3,13,2,2,71,2,18
3,8,28.0,224,3,13,1,12,56,4,18
3,4,10.0,79,5,8,2,8,19,3,4
3,4,11.0,121,6,17,2,6,7,3,9
3,4,11.0,121,6,21,1,13,28,0,9
3,4,25.0,20,6,21,1,2,2,0,13
3,4,25.0,20,6,13,0,13,21,4,13
3,4,25.0,20,6,19,2,6,89,3,13
3,4,26.0,80,3,3,1,13,123,4,3
3,4,7.0,133,1,4,0,2,92,1,11
3,4,7.0,133,1,17,1,15,39,0,11
3,4,13.0,221,0,7,1,16,37,4,25
3,4,12.0,134,3,14,0,15,31,1,28
3,4,22.0,152,2,0,0,14,106,4,26
3,4,30.0,139,4,13,0,8,118,1,19
3,4,30.0,139,4,12,0,6,132,2,19
3,2,4.0,254,1,14,0,2,86,1,30
2,8,30.0,144,0,16,0,10,47,0,19
3,2,13.0,276,4,6,0,10,22,1,25
3,2,4.0,254,1,19,1,11,94,0,30
3,2,13.0,276,4,15,0,6,132,3,25
3,2,13.0,276,4,2,0,0,15,1,25
3,11,1.0,222,2,2,0,1,16,4,7
3,2,16.0,220,3,4,2,6,132,3,2
3,2,16.0,220,3,2,0,12,135,2,2
3,2,16.0,220,3,12,0,1,35,4,2
3,2,24.0,22,0,3,0,4,75,3,14
3,2,24.0,22,0,2,1,0,15,1,14
3,0,8.0,9,0,11,0,11,94,2,8
3,10,23.0,247,2,0,0,0,64,0,17
3,0,21.0,287,3,15,0,14,34,1,21
3,0,23.0,237,1,6,0,5,12,3,17
3,0,23.0,237,1,20,1,8,41,1,17
3,4,26.0,80,3,17,0,2,86,1,3
3,2,2.0,143,3,20,0,7,54,3,22
3,2,2.0,143,3,3,2,9,93,0,22
3,2,2.0,143,3,19,0,14,32,0,22
3,2,19.0,137,2,17,0,0,12,1,10
3,2,19.0,137,2,10,0,6,7,3,10
3,2,28.0,257,5,4,0,13,38,2,18
3,1,7.0,32,4,1,2,13,36,0,11
3,1,7.0,32,4,9,0,5,64,0,11
3,1,11.0,111,0,13,0,12,80,1,9
3,1,11.0,111,0,2,2,9,102,2,9
3,1,16.0,2,6,10,1,13,48,0,2
3,1,16.0,2,6,5,0,12,17,2,2
3,1,17.0,63,3,17,1,13,48,0,6
2,8,30.0,144,0,12,0,15,39,0,19
2,8,30.0,144,0,2,0,13,28,1,19
2,4,6.0,133,3,16,1,2,69,0,23
2,4,6.0,133,3,16,1,10,47,0,23
2,4,6.0,133,3,15,0,12,135,1,23
2,4,6.0,133,3,2,0,9,27,0,23
2,4,6.0,133,3,15,1,1,16,4,23
2,4,7.0,292,0,8,0,15,112,1,11
2,4,7.0,292,0,1,2,7,62,0,11
2,4,7.0,292,0,1,0,16,50,2,11
2,4,16.0,19,2,21,1,11,98,0,2
3,6,2.0,352,0,6,1,14,24,0,22
2,4,16.0,19,2,19,0,11,124,1,2
2,4,22.0,30,1,4,1,3,30,1,26
2,4,23.0,27,2,6,0,11,15,1,17
3,1,28.0,300,4,15,0,8,118,0,18
3,1,28.0,300,4,2,0,10,47,3,18
3,5,22.0,163,4,15,0,14,24,2,26
3,10,23.0,247,2,12,1,9,95,4,17
3,4,13.0,221,0,5,0,14,24,2,25
3,4,22.0,152,2,1,0,10,47,0,26
3,4,30.0,139,4,9,0,9,93,4,19
3,5,13.0,184,1,1,0,9,87,2,25
3,6,30.0,145,0,12,3,8,33,4,19
3,4,30.0,139,4,18,0,2,13,1,19
3,2,4.0,254,1,14,0,9,49,1,30
3,2,6.0,251,4,5,0,12,17,3,23
3,2,6.0,251,4,2,0,5,6,3,23
3,2,4.0,254,1,15,0,10,12,1,30
3,2,13.0,276,4,21,0,11,133,1,25
3,2,13.0,276,4,13,2,2,35,4,25
3,2,16.0,220,3,13,0,15,39,0,2
3,2,23.0,230,3,8,2,14,97,0,17
3,2,23.0,230,3,5,1,0,68,4,17
3,2,23.0,230,3,4,0,0,12,0,17
3,6,3.0,99,1,12,0,1,35,3,27
3,6,5.0,342,4,18,2,13,99,3,24
3,6,28.0,309,6,9,0,10,23,1,18
3,9,3.0,217,0,17,3,1,67,1,27
3,6,28.0,309,6,17,1,10,52,1,18
3,1,21.0,45,4,22,0,3,30,3,21
3,1,29.0,112,5,19,1,11,18,0,16
3,2,5.0,127,2,22,0,10,47,3,24
3,2,5.0,127,2,12,1,7,120,4,24
3,2,5.0,127,2,14,1,11,18,1,24
2,6,10.0,355,0,12,0,12,83,3,4
2,6,18.0,291,1,18,0,4,103,3,0
2,6,18.0,291,1,9,3,13,36,0,0
2,1,10.0,111,6,18,1,1,105,0,4
2,11,1.0,222,0,13,0,13,21,3,7
2,8,19.0,319,4,3,0,16,37,1,10
2,4,12.0,221,6,18,1,5,12,0,28
2,4,1.0,141,1,17,0,10,22,1,7
2,0,5.0,260,4,17,0,8,118,1,24
2,4,23.0,27,2,0,0,0,12,0,17
2,4,24.0,20,4,5,1,16,74,1,14
2,4,24.0,20,4,20,0,10,47,3,14
2,4,24.0,20,4,15,2,0,68,3,14
2,4,24.0,20,4,4,0,9,102,3,14
2,4,24.0,20,4,13,0,6,73,2,14
2,4,24.0,20,4,13,1,1,59,4,14
2,2,8.0,21,5,11,0,9,83,2,8
2,2,9.0,28,6,0,2,13,21,3,12
2,2,8.0,21,5,4,1,2,13,0,8
2,2,9.0,28,6,6,1,8,118,0,12
2,2,9.0,28,6,4,2,2,86,3,12
2,2,9.0,28,6,18,0,15,51,4,12
2,0,7.0,9,6,3,0,15,114,1,11
2,0,7.0,9,6,18,0,4,82,1,11
2,0,15.0,11,3,6,0,3,30,1,1
2,0,15.0,11,3,5,0,15,96,2,1
2,0,31.0,365,1,18,0,5,6,2,20
3,11,6.0,252,0,19,0,15,119,3,23
3,11,8.0,283,2,17,1,0,0,4,8
3,2,24.0,22,0,12,2,10,12,3,14
3,2,24.0,22,0,19,1,13,21,0,14
3,0,8.0,9,0,23,0,6,7,2,8
2,11,12.0,118,5,11,0,9,102,3,28
2,11,21.0,192,3,12,0,10,47,0,21
2,11,28.0,123,3,9,0,1,1,4,18
2,11,28.0,123,3,20,0,11,133,2,18
2,7,7.0,94,4,22,0,10,22,3,11
2,7,12.0,238,1,6,2,9,102,3,28
2,7,12.0,238,1,22,0,13,29,1,28
2,7,12.0,238,1,2,0,13,79,0,28
2,7,14.0,205,4,2,0,16,39,1,5
2,7,14.0,205,4,18,0,11,117,1,5
3,0,15.0,190,0,19,2,14,25,0,1
3,0,24.0,55,2,17,2,13,38,0,14
2,0,3.0,229,1,14,0,15,31,1,27
3,0,30.0,228,1,0,2,7,20,0,19
3,5,5.0,96,0,14,2,10,22,1,24
2,11,21.0,192,3,6,0,2,92,0,21
2,1,4.0,219,3,16,1,1,81,4,30
2,7,15.0,40,5,15,0,0,77,0,1
2,2,2.0,282,6,13,0,14,24,1,22
3,11,1.0,222,2,13,0,5,6,1,7
3,2,23.0,230,3,17,1,7,54,4,17
3,1,13.0,207,2,16,1,0,26,0,25
3,1,20.0,151,2,18,0,0,85,3,29
3,7,28.0,34,5,15,0,13,48,2,18
3,1,13.0,207,2,9,2,4,75,3,25
2,7,15.0,40,5,20,1,11,58,4,1
2,7,22.0,202,5,17,0,14,24,3,26
2,7,22.0,202,5,6,1,9,101,0,26
2,7,22.0,202,5,14,2,15,114,3,26
2,7,22.0,202,5,1,0,0,85,0,26
2,7,30.0,43,6,2,0,13,69,2,19
2,3,29.0,304,0,0,2,9,57,0,16
2,3,29.0,304,0,12,0,14,34,2,16
2,5,4.0,96,6,1,0,10,43,3,30
2,5,5.0,277,3,8,2,2,86,3,24
2,5,15.0,239,2,2,0,2,92,1,1
2,5,15.0,239,2,0,2,0,26,1,1
3,2,4.0,254,1,22,1,1,11,4,30
2,11,27.0,322,6,14,1,0,68,4,15
2,3,11.0,104,4,11,0,5,12,4,9
2,4,19.0,115,6,5,0,8,41,2,10
3,6,11.0,355,2,17,0,2,40,1,9
3,10,23.0,247,2,1,0,11,15,2,17
3,2,6.0,251,4,9,2,8,9,3,23
2,11,25.0,88,4,9,0,6,89,1,13
3,10,13.0,346,3,14,1,4,138,0,25
2,10,8.0,150,0,5,0,5,6,1,8
2,10,8.0,150,0,19,0,5,64,3,8
2,10,13.0,174,6,12,0,2,2,4,25
2,10,13.0,174,6,4,0,16,130,1,25
2,10,22.0,247,0,21,2,2,92,1,26
2,10,22.0,247,0,18,0,6,91,3,26
2,10,24.0,56,2,3,0,0,26,3,14
2,10,24.0,56,2,19,0,13,38,1,14
2,10,25.0,61,4,7,1,1,67,0,13
2,10,30.0,135,1,19,1,13,21,1,19
2,10,31.0,203,2,0,0,8,9,0,20
2,1,6.0,32,1,0,0,16,72,1,23
2,1,17.0,82,6,22,0,5,6,0,6
2,1,17.0,82,6,5,0,13,48,0,6
2,1,22.0,69,4,20,0,13,99,1,26
2,1,30.0,305,5,12,0,14,97,4,19
2,1,30.0,305,5,3,1,12,84,4,19
2,1,30.0,305,5,1,0,0,26,0,19
2,1,31.0,66,6,1,2,6,89,3,20
2,1,31.0,66,6,1,0,7,111,0,20
2,8,22.0,102,3,0,0,4,82,3,26
2,8,22.0,102,3,13,0,14,25,2,26
2,8,24.0,86,1,8,0,13,21,1,14
2,3,29.0,304,0,1,2,11,94,3,16
2,3,29.0,304,0,9,2,6,7,3,16
2,5,4.0,96,6,5,0,14,25,1,30
2,5,4.0,96,6,8,0,12,80,3,30
2,5,16.0,212,4,11,1,1,11,1,2
2,5,16.0,212,4,3,0,8,27,3,2
2,6,5.0,83,2,17,0,16,37,4,24
2,6,5.0,83,2,0,2,5,6,3,24
2,6,15.0,38,6,19,2,10,47,0,1
2,6,30.0,208,3,17,0,13,99,0,19
2,10,8.0,150,0,0,1,14,32,0,8
2,10,8.0,150,0,4,0,3,30,3,8
2,10,24.0,56,2,6,1,2,86,1,14
2,10,25.0,61,4,14,0,6,89,2,13
2,1,6.0,32,1,21,0,7,20,3,23
2,4,4.0,235,5,9,1,15,46,0,30
2,1,6.0,32,1,11,0,9,95,3,23
3,0,16.0,11,1,15,2,1,35,0,2
2,1,10.0,111,6,14,0,14,32,4,4
3,0,6.0,260,6,22,0,13,48,0,23
3,9,2.0,323,3,13,0,11,98,2,22
3,5,5.0,96,0,4,0,8,9,4,24
2,0,21.0,241,6,9,2,4,75,3,21
2,11,28.0,123,3,7,0,16,50,1,18
3,0,16.0,11,1,1,1,1,105,0,2
2,1,12.0,207,0,7,0,11,117,1,28
3,6,28.0,309,6,21,2,0,64,3,18
2,0,21.0,241,6,18,0,10,22,2,21
2,0,30.0,290,0,0,1,14,125,4,19
2,0,30.0,290,0,3,2,3,103,0,19
2,0,30.0,290,0,1,0,2,86,1,19
3,11,2.0,265,4,17,0,5,6,0,22
3,11,11.0,175,6,15,1,13,48,4,9
3,11,13.0,312,0,12,0,10,47,3,25
3,11,21.0,192,1,16,0,10,47,0,21
3,11,29.0,270,2,6,0,2,92,0,16
3,11,29.0,270,2,21,0,2,92,1,16
3,9,3.0,217,0,17,1,7,111,0,27
3,0,7.0,15,3,3,1,13,29,1,11
3,0,13.0,198,6,13,1,6,14,4,25
3,5,28.0,259,2,1,1,6,7,0,18
3,5,29.0,24,4,3,0,0,77,2,16
3,5,31.0,196,6,10,0,8,9,3,20
3,5,20.0,214,1,12,2,0,15,2,29
3,5,31.0,196,6,4,0,8,27,3,20
3,6,23.0,84,0,16,1,13,28,0,17
3,0,14.0,5,3,4,1,7,137,1,5
3,7,28.0,34,5,19,3,13,99,0,18
3,0,30.0,228,1,10,1,11,18,1,19
3,10,3.0,310,4,17,0,10,22,1,27
3,10,3.0,310,4,1,2,5,64,0,27
3,10,3.0,310,4,18,2,14,32,3,27
3,10,11.0,298,5,22,1,1,1,1,9
3,1,3.0,188,3,6,2,10,47,3,27
3,1,4.0,286,0,7,1,2,2,0,30
2,4,26.0,274,6,2,0,11,18,2,3
2,0,28.0,191,6,22,0,10,47,1,18
3,1,22.0,164,5,17,1,10,47,0,26
2,1,30.0,305,5,11,1,10,23,0,19
2,1,17.0,82,6,9,1,13,38,0,6
3,7,18.0,154,1,14,1,13,48,4,0
3,9,3.0,217,0,1,0,6,7,3,27
3,9,4.0,295,1,19,0,1,11,0,30
3,7,4.0,186,1,13,2,12,80,0,30
2,6,10.0,355,0,8,1,5,12,4,4
2,6,10.0,355,0,1,0,2,69,3,4
2,6,18.0,291,1,16,0,16,72,1,0
2,10,2.0,310,1,23,1,5,6,0,22
2,5,27.0,259,0,8,2,1,11,3,15
2,1,19.0,151,0,9,0,14,110,4,10
2,1,27.0,300,1,18,0,11,6,3,15
2,2,20.0,108,2,12,0,15,51,4,29
2,10,1.0,358,0,5,0,2,13,1,7
3,8,22.0,354,0,1,2,9,93,3,26
3,8,22.0,354,0,12,0,5,6,0,26
3,2,12.0,128,2,14,2,16,37,3,28
3,4,14.0,345,1,14,1,9,58,4,5
3,4,21.0,339,1,17,2,16,74,3,21
3,4,24.0,27,5,2,0,2,69,0,14
3,4,24.0,27,5,4,0,3,70,3,14
3,2,7.0,153,5,2,2,1,16,3,11
3,7,2.0,160,3,13,1,11,133,4,22
3,2,12.0,128,2,6,0,2,13,0,28
3,2,12.0,128,2,16,0,13,21,0,28
3,0,7.0,15,3,13,1,4,127,4,11
3,0,7.0,15,3,15,1,4,127,4,11
3,0,7.0,15,3,15,1,1,81,1,11
3,0,13.0,198,6,11,1,2,3,4,25
3,0,13.0,198,6,1,1,16,50,4,25
3,11,1.0,222,2,19,0,12,56,3,7
3,11,12.0,118,3,11,1,9,95,1,28
3,9,2.0,323,3,18,0,9,93,4,22
2,2,27.0,257,2,18,0,7,120,3,15
2,10,29.0,157,0,21,1,3,30,4,16
3,11,27.0,322,0,17,2,9,101,3,15
3,7,11.0,197,1,8,2,13,29,1,9
3,5,27.0,328,1,11,1,4,75,4,15
3,2,6.0,251,4,4,1,9,95,4,23
2,10,2.0,310,1,14,2,11,94,2,22
2,10,12.0,346,5,3,2,2,86,0,28
2,10,12.0,346,5,1,2,6,73,3,28
2,10,17.0,246,2,6,0,2,92,1,6
2,10,12.0,346,5,15,1,1,59,4,28
2,10,17.0,246,2,4,1,11,18,1,6
2,10,19.0,223,5,17,0,6,128,0,10
2,10,20.0,341,6,23,2,4,136,3,29
2,10,26.0,302,5,17,0,12,84,1,3
2,10,26.0,302,5,0,0,16,130,3,3
2,10,26.0,302,5,13,1,2,92,1,3
2,10,26.0,302,5,13,0,2,35,4,3
2,1,1.0,171,4,0,1,3,76,0,7
2,1,1.0,171,4,22,0,16,50,0,7
2,1,1.0,171,4,18,0,1,11,4,7
2,1,1.0,171,4,12,0,12,83,3,7
2,1,12.0,207,0,22,0,15,51,1,28
3,0,30.0,228,1,3,1,14,107,1,19
2,11,30.0,170,1,11,0,0,12,1,19
2,2,3.0,254,3,18,1,4,66,0,27
2,1,12.0,207,0,12,0,8,118,1,28
3,0,24.0,55,2,10,1,2,86,0,14
3,11,27.0,322,0,18,2,13,38,3,15
3,10,12.0,333,6,16,1,1,35,4,28
2,11,30.0,170,1,9,0,5,12,0,19
2,11,30.0,170,1,14,1,9,83,2,19
3,5,27.0,328,1,12,1,10,47,0,15
3,0,24.0,55,2,17,1,13,48,0,14
3,9,20.0,119,4,3,1,14,24,4,29
2,11,30.0,170,1,11,1,9,49,4,19
3,10,14.0,174,0,13,2,12,61,3,5
3,7,31.0,43,0,5,0,2,2,2,20
3,3,4.0,285,5,8,1,1,59,4,30
3,1,14.0,183,4,17,0,0,31,2,5
2,9,22.0,92,4,16,1,10,47,1,26
2,4,31.0,16,4,16,1,7,20,1,20
3,11,1.0,222,2,9,1,5,6,0,7
3,5,12.0,327,0,20,1,5,12,0,28
3,5,11.0,326,3,15,0,14,34,2,9
1,8,1.0,66,4,20,0,8,33,2,7
2,9,22.0,92,4,3,2,4,79,2,26
3,11,9.0,311,4,19,1,13,38,0,12
3,11,1.0,222,2,0,0,9,134,0,7
3,5,20.0,214,1,12,0,5,6,0,29
3,10,28.0,216,0,3,0,10,52,3,18
3,5,21.0,351,2,14,1,15,46,1,21
3,5,29.0,24,4,1,2,7,120,4,16
2,9,22.0,92,4,11,0,16,130,2,26
3,1,14.0,183,4,4,0,13,13,1,5
3,11,17.0,110,5,14,1,10,47,0,6
3,3,3.0,182,4,11,1,9,93,1,27
3,5,20.0,214,1,18,2,8,33,3,29
3,5,2.0,307,5,14,1,9,109,0,22
2,7,12.0,238,1,14,0,8,33,3,28
2,10,16.0,256,1,18,0,10,47,0,2
2,1,11.0,353,3,18,0,5,6,1,9
3,10,31.0,135,4,16,2,2,2,0,20
3,5,28.0,259,2,15,0,4,66,0,18
3,10,3.0,310,4,2,0,0,53,0,27
3,1,22.0,164,5,0,0,2,86,3,26
3,1,22.0,164,5,8,1,3,115,4,26
3,8,12.0,284,5,8,1,14,24,1,28
2,1,21.0,164,2,10,0,8,33,1,21
2,1,21.0,164,2,6,0,5,12,0,21
2,1,27.0,300,1,0,0,16,37,0,15
2,1,27.0,300,1,0,2,5,6,3,15
2,1,27.0,300,1,0,0,10,47,3,15
2,1,27.0,300,1,2,0,1,67,3,15
2,1,27.0,300,1,18,0,0,77,3,15
2,1,29.0,100,4,20,0,10,47,2,16
2,1,29.0,100,4,15,1,11,18,4,16
2,4,18.0,142,5,1,1,4,138,1,0
2,4,29.0,139,1,16,0,5,6,0,16
2,4,29.0,139,1,11,0,10,23,1,16
2,2,5.0,251,1,19,0,13,99,1,24
2,2,13.0,231,2,6,2,16,74,3,25
2,2,13.0,231,2,6,1,6,89,0,25
2,2,18.0,137,0,4,1,12,17,4,0
2,2,20.0,108,2,22,0,13,28,0,29
2,2,29.0,131,5,3,0,14,32,3,16
2,0,21.0,241,6,1,2,9,49,3,21
2,0,30.0,290,0,18,0,8,118,1,19
3,11,29.0,270,2,17,1,13,21,4,16
3,9,4.0,295,1,18,2,13,38,0,30
3,7,4.0,186,1,15,0,8,9,1,30
3,7,4.0,186,1,4,0,6,89,1,30
3,7,27.0,53,4,22,0,13,28,4,15
3,7,29.0,268,6,22,0,10,47,0,16
3,7,30.0,42,3,3,0,5,6,3,19
3,3,19.0,138,6,0,1,3,30,0,10
3,3,19.0,138,6,19,2,1,59,1,10
3,3,19.0,138,6,14,1,11,90,0,10
3,3,20.0,105,3,3,1,9,101,1,29
3,3,22.0,166,1,12,0,14,25,1,26
3,7,4.0,186,1,14,0,14,34,0,30
3,7,19.0,330,2,0,0,10,12,1,10
3,7,19.0,330,2,11,1,10,22,0,10
3,7,27.0,53,4,3,0,8,27,0,15
3,7,27.0,53,4,18,2,15,112,3,15
3,7,27.0,53,4,5,1,0,26,1,15
3,7,29.0,268,6,5,0,1,59,3,16
3,3,19.0,138,6,0,0,16,72,1,10
3,3,19.0,138,6,1,1,14,126,4,10
3,3,22.0,166,1,6,0,13,29,1,26
3,3,22.0,166,1,12,2,14,25,0,26
3,3,28.0,187,0,8,0,14,32,3,18
3,3,29.0,325,1,3,0,1,1,1,16
3,3,29.0,325,1,1,1,1,67,4,16
3,5,3.0,161,6,12,0,13,29,0,27
3,5,4.0,114,3,8,2,6,7,0,30
3,5,5.0,96,0,18,2,6,132,3,24
3,5,6.0,277,1,0,0,2,86,0,23
3,5,30.0,294,5,4,0,8,27,1,19
3,6,13.0,317,5,9,0,13,21,2,25
3,6,14.0,173,6,11,1,13,48,1,5
3,6,19.0,291,4,0,1,14,110,0,10
3,6,28.0,309,6,10,0,8,118,3,18
3,6,28.0,309,6,12,0,5,6,3,18
3,11,11.0,175,6,15,1,10,12,1,9
3,11,13.0,312,0,1,0,9,49,1,25
3,11,21.0,192,1,19,0,2,86,3,21
3,11,21.0,192,1,13,0,1,1,3,21
3,11,29.0,270,2,16,2,7,57,4,16
3,11,29.0,270,2,2,0,15,51,1,16
3,4,14.0,345,1,12,0,8,9,1,5
3,4,21.0,339,1,1,0,0,77,1,21
3,2,12.0,128,2,12,0,5,64,3,28
3,2,15.0,130,6,2,1,0,0,1,1
2,0,4.0,122,2,4,3,11,117,3,30
2,0,4.0,122,2,4,0,2,86,0,30
3,0,13.0,198,6,11,2,15,112,3,25
2,1,31.0,66,6,1,0,1,1,3,20
3,10,31.0,135,4,13,2,5,6,0,20
2,7,12.0,238,1,3,1,0,77,1,28
3,1,15.0,1,5,16,0,16,50,1,1
2,1,11.0,353,3,18,1,1,11,4,9
3,11,27.0,322,0,1,1,13,38,0,15
3,11,17.0,110,5,13,1,14,125,4,6
3,1,21.0,45,4,2,2,9,54,3,21
2,7,14.0,205,4,9,0,5,6,1,5
2,2,9.0,28,6,22,0,8,27,2,12
3,1,6.0,97,2,14,0,0,0,1,23
3,10,20.0,223,3,6,1,9,101,0,29
3,8,20.0,319,6,9,1,15,114,4,29
3,1,29.0,112,5,18,1,6,7,0,16
2,7,15.0,40,5,5,0,10,12,1,1
2,2,9.0,28,6,22,0,10,43,1,12
3,1,14.0,183,4,22,1,8,9,4,5
3,10,22.0,314,1,21,0,9,57,1,26
3,1,30.0,100,6,3,1,6,116,4,19
3,11,29.0,270,2,1,2,9,49,3,16
3,1,15.0,1,5,12,0,8,41,3,1
3,10,21.0,341,0,2,1,0,26,1,21
3,0,12.0,113,5,23,1,12,84,0,28
3,1,30.0,100,6,8,1,9,54,4,19
3,8,4.0,299,4,4,0,2,86,2,30
3,8,13.0,189,6,6,1,3,76,4,25
3,8,13.0,189,6,20,2,8,65,3,25
3,8,13.0,189,6,12,0,10,47,0,25
3,10,25.0,56,5,4,1,11,55,4,13
2,6,1.0,352,6,11,0,9,54,4,7
2,0,4.0,122,2,6,0,0,12,0,30
3,11,10.0,360,5,14,0,1,105,4,4
3,4,24.0,27,5,22,1,7,120,4,14
3,2,15.0,130,6,0,2,5,6,0,1
3,0,7.0,15,3,19,0,1,59,1,11
3,8,30.0,103,1,2,1,11,129,4,19
3,8,30.0,103,1,12,1,10,22,0,19
3,4,15.0,132,2,6,1,4,138,4,1
3,4,20.0,115,0,4,1,11,94,4,29
3,4,29.0,313,2,22,1,0,26,1,16
3,2,22.0,209,6,19,1,11,10,4,26
3,2,29.0,140,6,0,2,7,120,3,16
3,2,30.0,131,3,8,0,14,24,1,19
3,0,16.0,11,1,10,2,14,24,3,2
3,11,21.0,192,1,16,0,11,18,1,21
3,11,21.0,192,1,12,1,15,46,4,21
3,7,19.0,330,2,22,0,1,16,1,10
3,7,19.0,330,2,14,0,8,41,1,10
3,7,30.0,42,3,0,0,11,133,3,19
3,3,22.0,166,1,1,2,10,22,3,26
3,5,3.0,161,6,8,2,7,20,3,27
3,5,4.0,114,3,18,0,5,6,1,30
3,5,5.0,96,0,22,0,9,95,2,24
3,5,5.0,96,0,11,1,11,8,4,24
3,5,6.0,277,1,8,1,7,62,0,23
3,6,5.0,342,4,16,1,7,78,4,24
3,0,13.0,198,6,11,1,1,35,4,25
3,0,14.0,5,3,0,1,2,86,0,5
3,0,14.0,5,3,8,2,16,50,3,5
3,0,24.0,55,2,19,0,5,6,3,14
3,0,24.0,55,2,22,1,8,65,4,14
3,6,14.0,173,6,4,2,13,29,1,5
3,6,28.0,309,6,21,1,13,28,0,18
3,10,14.0,174,0,8,1,14,106,4,5
3,10,14.0,174,0,18,1,15,31,1,5
3,10,20.0,223,3,15,1,10,22,4,29
3,10,20.0,223,3,1,1,6,73,4,29
3,10,20.0,223,3,9,0,0,31,3,29
3,10,22.0,314,1,4,1,6,89,1,26
3,10,30.0,157,2,8,0,10,22,3,19
3,10,31.0,135,4,6,0,2,69,3,20
3,10,29.0,318,1,18,1,6,73,1,16
3,1,5.0,219,1,21,1,6,7,0,24
3,1,5.0,219,1,18,2,13,48,1,24
3,1,6.0,97,2,6,0,8,9,3,23
3,1,6.0,97,2,2,2,2,2,0,23
3,1,6.0,97,2,4,2,5,6,0,23
3,1,29.0,112,5,12,0,1,67,4,16
3,1,29.0,112,5,23,1,10,47,0,16
3,8,4.0,299,4,17,2,8,41,3,30
3,8,4.0,299,4,3,2,2,2,3,30
3,8,7.0,70,3,19,2,2,2,2,11
3,8,13.0,189,6,22,1,4,45,4,25
3,8,13.0,189,6,23,1,13,29,4,25
3,8,29.0,301,0,0,1,6,7,0,16
3,8,29.0,301,0,8,2,15,39,3,16
3,8,29.0,301,0,20,1,2,35,4,16
3,8,30.0,103,1,15,0,16,74,2,19
3,4,23.0,30,4,23,2,2,92,3,17
3,4,23.0,30,4,6,1,9,93,0,17
3,4,29.0,313,2,13,0,10,47,3,16
3,4,31.0,67,5,23,2,6,7,3,20
3,4,31.0,67,5,14,2,2,86,3,20
3,2,14.0,231,5,21,1,10,12,0,5
3,0,16.0,11,1,2,1,8,19,2,2
3,0,22.0,241,0,18,0,2,92,0,26
3,0,29.0,191,0,19,0,6,89,4,16
3,9,4.0,295,1,17,2,3,103,3,30
2,10,23.0,261,1,22,0,8,9,2,17
2,7,15.0,40,5,12,0,8,41,1,1
2,2,16.0,6,6,17,0,13,21,1,2
3,10,28.0,216,0,17,0,3,44,3,18
3,9,4.0,295,1,6,0,0,68,0,30
2,7,15.0,40,5,18,0,0,31,1,1
2,0,18.0,13,2,19,0,12,135,2,0
3,1,5.0,219,1,16,0,5,12,3,24
3,10,28.0,216,0,11,1,4,79,4,18
3,7,4.0,186,1,3,0,5,6,3,30
2,7,22.0,202,5,11,0,1,11,4,26
3,7,17.0,95,0,14,1,9,58,4,6
3,1,29.0,112,5,19,1,4,127,4,16
3,10,31.0,135,4,0,2,7,20,3,20
3,7,19.0,330,2,16,0,13,48,0,10
3,0,30.0,228,1,18,0,0,64,0,19
3,1,29.0,112,5,9,1,6,7,0,16
3,2,29.0,140,6,3,0,14,24,2,16
3,8,4.0,299,4,15,0,2,86,3,30
3,10,14.0,174,0,16,0,2,2,3,5
3,10,28.0,216,0,17,1,6,116,0,18
3,10,28.0,216,0,6,1,11,15,0,18
3,10,31.0,135,4,3,1,12,61,1,20
3,1,6.0,97,2,20,2,0,68,0,23
3,1,14.0,183,4,13,0,16,130,2,5
3,1,14.0,183,4,8,2,10,47,0,5
3,1,21.0,45,4,1,2,15,46,3,21
3,1,29.0,112,5,22,1,1,59,4,16
3,8,4.0,299,4,5,1,9,58,4,30
3,8,7.0,70,3,13,0,8,9,0,11
3,8,7.0,70,3,10,1,5,12,0,11
3,8,15.0,72,0,6,0,12,104,3,1
3,4,15.0,132,2,19,2,10,22,1,1
3,4,20.0,115,0,19,0,13,69,3,29
3,4,20.0,115,0,16,1,10,22,1,29
3,4,29.0,313,2,17,0,11,133,3,16
3,2,14.0,231,5,11,1,13,36,1,5
3,2,14.0,231,5,10,1,5,12,0,5
3,2,21.0,108,5,6,0,10,47,0,21
3,6,13.0,317,5,18,0,13,21,4,25
3,6,3.0,99,1,13,1,2,40,4,27
3,6,19.0,291,4,7,1,10,47,0,10
3,6,20.0,215,5,18,2,6,7,0,29
3,10,12.0,333,6,3,1,13,38,4,28
3,10,21.0,341,0,10,1,6,116,4,21
3,10,22.0,314,1,16,0,7,120,3,26
3,10,29.0,318,1,16,2,12,80,3,16
3,10,31.0,135,4,2,1,15,114,4,20
3,1,5.0,219,1,15,1,9,134,4,24
3,1,5.0,219,1,3,2,14,25,0,24
3,1,5.0,219,1,12,0,9,102,2,24
2,10,31.0,203,2,14,1,4,4,1,20
2,6,13.0,173,4,4,0,10,23,1,25
2,0,16.0,12,0,14,0,10,47,0,2
2,0,26.0,23,4,1,1,10,52,1,3
2,1,7.0,62,2,18,0,5,64,0,11
2,1,16.0,63,5,7,1,9,87,4,2
2,4,17.0,26,4,18,2,2,2,1,6
2,2,25.0,3,0,3,0,1,81,2,13
2,1,30.0,305,5,18,2,16,50,3,19
3,1,5.0,219,1,18,0,5,6,3,24
3,1,6.0,97,2,1,2,2,2,1,23
3,1,15.0,1,5,16,1,10,47,0,1
3,1,21.0,45,4,4,0,1,105,0,21
3,8,7.0,70,3,1,0,1,1,0,11
3,8,13.0,189,6,21,1,7,20,0,25
3,8,15.0,72,0,0,1,0,26,0,1
3,8,15.0,72,0,11,0,2,60,0,1
3,8,15.0,72,0,3,1,13,69,4,1
3,8,15.0,72,0,1,1,11,8,4,1
3,2,21.0,108,5,14,0,4,75,1,21
3,0,4.0,229,4,0,1,13,36,0,30
3,0,4.0,229,4,21,2,9,95,3,30
3,0,5.0,122,5,3,1,14,106,4,24
3,0,15.0,190,0,9,0,11,94,0,1
2,10,6.0,243,6,18,0,3,76,3,23
2,1,5.0,97,0,13,1,16,50,4,24
3,9,16.0,107,3,13,0,9,93,2,2
3,3,18.0,165,5,17,0,2,86,4,0
3,8,3.0,363,2,9,1,4,45,0,27
3,4,19.0,142,3,8,1,11,15,1,10
3,10,25.0,56,5,5,1,10,12,1,13
3,7,25.0,41,1,2,0,1,81,2,13
3,6,15.0,49,3,2,1,2,92,0,1
3,0,16.0,11,1,2,0,6,132,3,2
3,0,22.0,241,0,21,1,4,5,1,26
3,10,21.0,341,0,18,0,11,129,4,21
3,10,29.0,318,1,21,0,2,86,1,16
3,10,29.0,318,1,1,0,8,41,3,16
2,7,22.0,202,5,21,1,9,27,0,26
3,8,7.0,70,3,10,2,10,22,0,11
3,0,31.0,290,2,18,0,15,46,4,20
2,7,22.0,202,5,9,2,15,51,3,26
3,8,7.0,70,3,17,1,13,38,0,11
3,7,19.0,330,2,3,0,8,41,1,10
3,9,15.0,226,6,13,0,0,64,1,1
3,8,12.0,284,5,9,1,9,27,0,28
3,8,7.0,70,3,20,1,14,106,4,11
3,7,19.0,330,2,14,0,15,114,1,10
3,7,27.0,53,4,6,1,4,136,4,15
3,7,27.0,53,4,19,0,13,36,2,15
3,7,27.0,53,4,18,2,10,47,0,15
3,7,29.0,268,6,17,1,0,68,0,16
3,7,29.0,268,6,16,2,13,28,0,16
3,7,30.0,42,3,13,0,5,64,2,19
3,3,19.0,138,6,12,0,13,29,4,10
3,3,22.0,166,1,0,2,2,3,4,26
3,9,3.0,217,0,17,0,8,118,1,27
3,7,19.0,330,2,0,1,13,99,0,10
3,7,19.0,330,2,8,2,11,133,3,10
3,7,19.0,330,2,18,2,6,89,1,10
3,7,27.0,53,4,13,1,13,21,4,15
2,2,8.0,21,5,18,0,11,18,1,8
2,8,30.0,144,0,18,0,2,40,3,19
3,7,18.0,154,1,4,1,1,105,0,0
3,7,18.0,154,1,1,1,8,118,4,0
3,7,29.0,268,6,14,2,6,91,2,16
3,7,30.0,42,3,5,1,12,61,4,19
3,7,30.0,42,3,3,2,14,25,3,19
3,3,19.0,138,6,13,2,2,60,3,10
3,3,19.0,138,6,22,0,0,26,3,10
3,3,19.0,138,6,14,2,1,11,3,10
3,3,22.0,166,1,17,2,9,101,3,26
3,3,27.0,361,3,22,2,10,12,3,15
3,3,29.0,325,1,11,1,10,43,1,16
3,5,4.0,114,3,6,1,14,24,0,30
3,5,6.0,277,1,4,2,4,45,3,23
3,6,3.0,99,1,18,1,12,17,1,27
3,6,13.0,317,5,6,2,15,77,3,25
3,6,13.0,317,5,2,0,8,33,2,25
3,5,30.0,294,5,1,1,0,0,1,19
3,3,29.0,325,1,11,1,12,83,4,16
3,5,4.0,114,3,15,0,6,91,3,30
2,1,9.0,17,5,19,0,2,86,0,12
3,9,12.0,177,2,16,0,11,55,2,28
3,9,21.0,362,5,21,1,14,34,0,21
3,9,18.0,359,1,18,2,10,6,3,0
3,9,21.0,362,5,4,0,10,47,3,21
3,5,5.0,96,0,2,1,1,105,4,24
3,5,30.0,294,5,16,0,0,12,0,19
3,6,3.0,99,1,6,1,3,30,0,27
3,6,5.0,342,4,14,2,13,123,3,24
3,6,13.0,317,5,5,1,2,40,1,25
3,6,14.0,173,6,16,1,5,6,0,5
3,6,14.0,173,6,8,1,12,56,4,5
3,6,20.0,215,5,8,2,6,91,3,29
3,6,28.0,309,6,22,1,14,107,4,18
3,6,28.0,309,6,15,1,14,25,4,18
3,10,6.0,242,3,0,1,8,19,0,23
3,10,12.0,333,6,5,2,12,135,3,28
3,10,14.0,174,0,14,0,12,80,3,5
3,10,20.0,223,3,18,0,0,64,0,29
3,10,20.0,223,3,9,0,10,52,1,29
3,10,21.0,341,0,2,1,9,101,4,21
3,10,22.0,314,1,13,2,2,2,3,26
2,0,16.0,12,0,13,0,11,15,1,2
2,0,25.0,14,2,17,1,13,28,1,13
3,5,1.0,109,4,23,1,10,22,1,7
3,3,8.0,148,1,13,0,10,47,2,8
3,5,18.0,195,3,19,0,10,22,3,0
2,2,17.0,7,3,14,0,8,33,1,6
2,2,17.0,7,3,9,1,2,92,0,6
2,4,14.0,132,0,18,1,0,53,1,5
2,11,9.0,311,1,8,1,15,114,4,12
3,0,7.0,15,3,2,1,4,127,1,11
3,8,15.0,72,0,12,0,12,56,3,1
2,2,17.0,7,3,9,1,3,44,2,6
3,8,30.0,103,1,9,2,4,136,3,19
3,8,15.0,72,0,12,2,13,28,3,1
3,4,23.0,30,4,10,1,16,72,1,17
0,0,4.0,229,0,0,0,8,19,0,30
3,4,29.0,313,2,8,1,16,72,1,16
3,7,24.0,68,0,1,0,5,6,0,14
2,4,25.0,80,5,19,1,13,13,0,13
3,2,14.0,231,5,22,2,4,127,3,5
3,2,10.0,28,0,5,1,9,93,4,4
3,1,19.0,29,1,8,1,14,125,0,10
3,4,27.0,274,0,17,1,10,23,1,15
2,7,30.0,43,6,5,0,10,47,3,19
2,7,30.0,43,6,6,1,11,98,0,19
2,7,30.0,43,6,3,2,11,15,3,19
2,7,30.0,43,6,19,0,10,22,3,19
2,11,30.0,170,1,4,0,1,11,3,19
2,9,22.0,92,4,16,0,10,52,1,26
2,9,22.0,92,4,19,0,15,31,3,26
2,7,7.0,94,4,16,0,14,131,3,11
2,7,7.0,94,4,4,0,9,101,0,11
2,7,7.0,94,4,19,0,16,72,4,11
2,7,12.0,238,1,6,1,9,10,4,28
2,7,15.0,40,5,1,2,3,115,3,1
2,7,15.0,40,5,19,0,16,50,0,1
2,3,29.0,304,0,10,1,10,22,1,16
2,3,29.0,304,0,15,0,10,43,3,16
2,5,4.0,96,6,14,2,6,7,0,30
2,5,5.0,277,3,11,0,12,104,1,24
2,5,5.0,277,3,2,0,13,29,2,24
2,5,15.0,239,2,1,0,16,72,0,1
2,9,10.0,156,6,11,1,10,22,0,4
2,3,19.0,105,5,16,0,0,15,2,10
2,0,6.0,15,5,5,0,9,93,1,23
2,0,16.0,12,0,19,1,9,93,2,2
3,9,1.0,126,6,20,0,5,47,2,7
3,7,24.0,68,0,19,1,14,126,2,14
3,7,24.0,68,0,3,0,0,31,3,14
3,10,16.0,201,2,16,0,2,40,1,2
3,2,10.0,28,0,9,1,13,99,1,4
2,11,22.0,250,0,21,3,5,6,0,26
2,5,15.0,239,2,14,0,15,51,0,1
2,6,5.0,83,2,19,2,7,31,3,24
2,6,7.0,59,5,1,0,1,16,0,11
2,6,15.0,38,6,20,0,0,96,3,1
2,6,30.0,208,3,11,0,2,2,2,19
2,6,30.0,208,3,8,2,16,74,3,19
2,7,14.0,205,4,22,0,9,101,2,5
2,7,22.0,202,5,17,2,5,6,3,26
2,7,22.0,202,5,21,1,0,96,0,26
2,7,22.0,202,5,15,2,2,86,0,26
2,7,30.0,43,6,8,0,15,46,2,19
2,7,30.0,43,6,11,1,1,59,1,19
2,3,29.0,304,0,7,0,15,39,1,16
2,5,5.0,277,3,0,2,5,12,3,24
2,5,5.0,277,3,3,1,12,135,4,24
2,5,15.0,239,2,17,1,2,2,4,1
2,5,16.0,212,4,23,1,3,4,0,2
2,5,16.0,212,4,17,1,13,99,0,2
2,5,16.0,212,4,3,0,10,22,2,2
2,5,16.0,212,4,14,0,1,16,4,2
2,6,5.0,83,2,3,2,6,7,3,24
2,6,15.0,38,6,16,2,7,20,3,1
2,6,15.0,38,6,15,1,1,16,4,1
2,6,15.0,38,6,9,2,4,75,1,1
2,11,5.0,240,5,20,0,9,93,1,24
2,11,5.0,240,5,10,1,4,75,4,24
2,8,6.0,70,5,11,0,8,118,2,23
3,2,14.0,231,5,9,0,13,48,3,5
2,0,1.0,47,3,4,0,6,73,1,7
0,0,1.0,8,5,13,0,0,31,1,7
3,2,22.0,209,6,17,0,13,29,3,26
3,3,27.0,361,3,19,0,12,100,1,15
3,0,5.0,122,5,2,2,3,44,2,24
3,5,3.0,161,6,21,1,1,1,0,27
3,0,15.0,190,0,17,2,14,25,0,1
3,0,22.0,241,0,21,0,4,66,2,26
3,5,4.0,114,3,13,1,2,13,1,30
3,0,22.0,241,0,21,1,12,83,0,26
3,5,5.0,96,0,16,1,11,129,0,24
3,0,22.0,241,0,18,0,14,24,1,26
3,3,29.0,325,1,0,1,8,41,4,16
3,0,31.0,290,2,4,1,11,94,4,20
3,8,14.0,296,3,19,1,0,12,0,5
2,11,8.0,283,0,23,0,9,95,1,8
2,11,9.0,311,1,9,0,2,13,1,12
3,4,26.0,80,3,5,1,14,24,1,3
3,4,16.0,25,4,19,1,9,95,4,2
3,10,27.0,302,3,16,2,10,47,0,15
3,7,1.0,98,6,17,0,13,21,1,7
3,8,3.0,363,2,18,2,14,25,3,27
3,4,19.0,142,3,18,1,11,122,1,10
3,8,5.0,101,5,5,1,11,117,1,24
3,8,14.0,296,3,12,1,12,61,1,5
3,0,14.0,5,3,18,0,3,30,0,5
0,0,18.0,0,0,20,0,1,16,2,0
3,6,18.0,308,2,9,0,0,31,0,0
3,10,25.0,56,5,13,1,10,47,1,13
3,2,28.0,257,5,14,1,1,67,0,18
3,2,27.0,136,4,19,1,11,133,4,15
2,11,11.0,175,4,1,0,13,29,4,9
2,9,20.0,119,1,13,1,3,30,0,29
0,0,6.0,260,2,6,0,5,12,0,23
2,11,5.0,240,5,0,2,10,22,3,24
2,11,5.0,240,5,10,1,14,25,0,24
2,11,5.0,240,5,15,0,12,61,0,24
2,11,5.0,240,5,20,0,10,12,2,24
2,11,12.0,118,5,3,0,12,56,4,28
2,11,12.0,118,5,1,2,6,128,3,28
2,11,12.0,118,5,9,1,3,30,4,28
2,11,14.0,147,3,21,1,10,23,0,5
2,11,21.0,192,3,9,0,7,129,1,21
2,11,28.0,123,3,8,0,13,28,3,18
2,9,22.0,92,4,11,0,7,78,3,26
2,9,22.0,92,4,1,2,13,28,2,26
2,11,12.0,118,5,2,2,9,63,0,28
2,11,14.0,147,3,13,0,15,39,1,5
2,11,21.0,192,3,17,2,8,118,3,21
2,11,28.0,123,3,16,0,2,86,1,18
2,9,22.0,92,4,6,0,4,45,0,26
2,9,22.0,92,4,4,0,12,84,2,26
2,7,7.0,94,4,0,1,15,39,0,11
2,9,22.0,92,4,8,2,14,25,3,26
2,7,12.0,238,1,20,0,0,31,4,28
2,7,14.0,205,4,17,2,0,77,3,5
3,2,21.0,108,5,20,0,8,41,2,21
3,2,22.0,209,6,16,1,10,22,1,26
3,2,30.0,131,3,5,1,16,139,1,19
3,0,16.0,11,1,18,2,8,41,0,2
3,0,22.0,241,0,22,1,1,59,4,26
3,0,30.0,228,1,13,1,8,118,4,19
3,0,31.0,290,2,14,2,13,38,1,20
1,8,1.0,66,4,17,0,1,105,4,7
2,11,14.0,147,3,13,1,2,123,4,5
2,11,14.0,147,3,5,0,0,26,3,5
2,11,21.0,192,3,20,0,9,54,2,21
2,11,28.0,123,3,22,0,2,2,3,18
2,11,28.0,123,3,2,0,3,30,3,18
2,11,21.0,192,3,17,0,1,11,0,21
3,6,5.0,342,4,13,0,10,47,3,24
3,6,5.0,342,4,19,1,16,72,2,24
3,6,19.0,291,4,20,1,10,22,2,10
3,10,20.0,223,3,17,1,15,51,4,29
3,10,21.0,341,0,6,2,0,64,3,21
3,10,30.0,157,2,12,0,15,31,3,19
3,1,5.0,219,1,21,1,6,7,0,24
3,1,6.0,97,2,1,1,3,44,4,23
3,1,6.0,97,2,4,0,13,38,4,23
3,1,14.0,183,4,12,2,10,22,3,5
3,1,15.0,1,5,11,0,10,43,0,1
3,1,15.0,1,5,9,1,14,110,0,1
3,1,21.0,45,4,6,1,10,22,0,21
3,8,15.0,72,0,12,2,16,130,3,1
3,8,29.0,301,0,17,0,2,3,3,16
3,4,4.0,178,6,17,0,8,118,1,30
3,4,23.0,30,4,10,1,3,30,0,17
3,4,29.0,313,2,5,1,0,77,1,16
3,4,31.0,67,5,1,2,2,13,3,20
3,2,5.0,127,2,3,2,15,119,2,24
3,2,14.0,231,5,20,1,2,123,0,5
3,2,14.0,231,5,22,0,10,47,1,5
3,2,21.0,108,5,18,0,6,14,3,21
3,2,22.0,209,6,5,1,13,38,4,26
3,2,29.0,140,6,15,1,2,92,4,16
3,0,4.0,229,4,6,1,16,37,0,30
3,0,5.0,122,5,6,2,16,74,1,24
3,0,15.0,190,0,10,1,4,66,0,1
3,0,16.0,11,1,9,0,12,61,1,2
3,0,30.0,228,1,17,0,0,77,1,19
3,6,2.0,352,0,1,2,3,44,3,22
3,4,4.0,178,6,8,0,5,6,0,30
3,4,4.0,178,6,1,2,8,27,1,30
3,4,4.0,178,6,14,1,15,119,4,30
3,4,15.0,132,2,16,0,8,27,3,1
3,4,15.0,132,2,0,1,14,25,0,1
3,4,15.0,132,2,19,0,2,86,0,1
3,4,20.0,115,0,4,0,0,77,3,29
3,4,23.0,30,4,2,2,1,1,2,17
3,4,29.0,313,2,16,2,4,75,3,16
3,2,5.0,127,2,8,0,9,57,0,24
3,2,14.0,231,5,13,0,7,20,3,5
3,2,21.0,108,5,0,1,5,64,0,21
3,2,22.0,209,6,3,2,16,37,2,26
3,2,29.0,140,6,0,1,0,77,1,16
3,6,16.0,38,0,1,1,15,46,1,2
3,6,18.0,308,2,11,0,0,31,1,0
3,6,2.0,352,0,12,3,1,67,3,22
3,9,7.0,271,5,19,0,9,101,1,11
3,2,29.0,140,6,2,0,16,37,1,16
3,2,29.0,140,6,13,2,12,80,2,16
3,2,30.0,131,3,10,1,2,2,4,19
2,2,14.0,130,4,15,1,16,37,2,5
2,5,31.0,158,5,13,0,10,22,3,20
3,7,2.0,160,3,0,1,8,9,1,22
3,7,2.0,160,3,15,0,0,26,1,22
3,7,3.0,269,0,15,0,14,25,3,27
3,7,3.0,269,0,2,0,3,103,0,27
3,7,3.0,269,0,21,1,9,93,4,27
3,3,12.0,104,6,6,1,6,89,4,28
3,5,2.0,307,5,16,1,6,7,0,22
3,5,14.0,36,2,17,0,2,86,0,5
3,6,21.0,193,6,13,2,2,2,1,21
3,6,23.0,84,0,5,1,14,126,1,17
3,10,3.0,310,4,12,2,2,86,3,27
3,10,11.0,298,5,20,1,7,122,1,9
3,1,3.0,188,3,4,1,16,50,1,27
3,1,4.0,286,0,2,0,5,6,0,30
3,1,12.0,353,1,16,0,10,22,3,28
3,8,22.0,354,0,1,1,5,12,2,26
2,8,11.0,284,2,17,0,0,64,1,9
2,4,30.0,67,2,17,0,2,86,1,19
3,0,14.0,5,3,20,0,9,10,4,5
1,11,12.0,118,2,17,0,1,16,4,28
2,1,29.0,100,4,3,0,0,12,1,16
2,8,1.0,77,3,17,1,1,1,0,7
2,8,2.0,363,0,22,0,5,12,0,22
2,8,2.0,363,0,9,0,10,47,2,22
2,8,3.0,299,1,16,0,0,12,1,27
2,8,3.0,299,1,21,2,10,47,3,27
2,8,3.0,299,1,14,0,13,38,1,27
2,8,12.0,189,4,4,0,9,102,1,28
2,8,9.0,71,0,18,0,0,26,3,12
2,8,19.0,319,4,0,0,8,27,1,10
2,8,19.0,319,4,15,0,6,89,2,10
2,8,28.0,301,6,2,0,16,74,3,18
2,8,28.0,301,6,12,0,13,38,2,18
2,8,29.0,103,3,17,0,15,31,1,16
2,8,28.0,301,6,9,2,0,64,3,18
2,8,29.0,103,3,4,0,10,22,1,16
2,4,1.0,141,1,15,1,1,1,4,7
3,10,20.0,223,3,5,1,9,93,4,29
3,8,7.0,70,3,22,1,10,22,1,11
3,4,20.0,115,0,9,2,6,89,3,29
2,4,5.0,176,6,12,0,13,28,3,24
0,0,1.0,8,5,11,0,9,134,2,7
3,7,8.0,94,6,14,0,3,115,1,8
3,7,1.0,98,6,13,0,8,19,4,7
3,8,18.0,75,4,1,3,6,7,0,0
2,0,17.0,0,1,6,0,8,41,3,6
3,3,17.0,54,4,11,1,16,130,4,6
2,4,5.0,176,6,5,1,12,80,4,24
2,4,12.0,221,6,21,0,15,51,1,28
2,4,12.0,221,6,3,0,8,118,1,28
2,4,18.0,142,5,23,1,3,30,4,0
2,4,18.0,142,5,1,0,7,122,0,0
2,4,28.0,313,0,16,0,12,80,0,18
2,4,28.0,313,0,13,2,1,59,3,18
2,4,28.0,313,0,12,0,10,12,0,18
2,2,5.0,251,1,14,0,12,80,0,24
2,2,11.0,128,0,20,0,10,12,3,9
2,2,18.0,137,0,16,2,4,70,3,0
2,2,20.0,108,2,19,0,14,107,0,29
2,0,2.0,334,0,11,1,1,67,4,22
2,0,3.0,229,1,14,0,0,31,1,27
2,0,5.0,260,4,5,0,2,123,2,24
2,0,5.0,260,4,9,2,2,60,3,24
2,0,21.0,241,6,0,1,0,12,0,21
3,5,31.0,196,6,15,1,7,129,1,20
3,5,31.0,196,6,22,1,13,38,4,20
3,10,11.0,298,5,3,3,5,12,3,9
3,1,4.0,286,0,18,3,8,19,4,30
3,11,2.0,265,4,12,0,2,86,1,22
3,11,13.0,312,0,5,0,6,132,0,25
3,3,22.0,166,1,12,1,12,83,4,26
3,3,22.0,166,1,9,1,9,93,4,26
3,3,22.0,166,1,9,2,12,104,3,26
3,3,28.0,187,0,18,0,16,113,1,18
3,3,29.0,325,1,6,2,3,44,3,16
3,3,29.0,325,1,22,0,5,6,0,16
3,3,28.0,187,0,4,0,3,115,4,18
3,3,29.0,325,1,12,0,5,6,0,16
3,3,29.0,325,1,1,2,9,87,1,16
3,5,4.0,114,3,3,0,13,13,4,30
3,5,5.0,96,0,16,1,11,8,4,24
3,8,17.0,74,2,7,0,16,50,3,6
3,8,17.0,74,2,15,0,7,111,1,6
3,8,26.0,278,5,17,0,3,30,3,3
3,8,26.0,278,5,4,0,14,24,3,3
3,8,27.0,78,6,13,0,11,98,3,15
3,4,3.0,279,5,17,0,2,92,1,27
3,0,16.0,11,1,6,3,8,9,0,2
3,0,16.0,11,1,3,1,12,80,4,2
3,0,22.0,241,0,17,1,4,136,1,26
3,0,22.0,241,0,8,2,12,61,3,26
3,0,19.0,13,5,2,0,6,91,3,10
3,1,8.0,62,5,4,0,10,52,1,8
3,4,14.0,345,1,8,1,10,47,1,5
3,4,8.0,292,2,11,0,6,116,2,8
3,6,25.0,39,2,5,1,6,116,1,13
3,0,29.0,191,0,6,0,0,12,0,16
3,0,29.0,191,0,22,0,15,31,0,16
3,0,31.0,290,2,6,0,8,9,1,20
3,0,31.0,290,2,15,0,10,12,1,20
3,1,5.0,219,1,2,0,2,69,2,24
3,4,2.0,141,4,18,3,14,106,3,22
3,4,8.0,292,2,13,0,13,38,0,8
3,4,8.0,292,2,19,0,12,100,3,8
3,4,3.0,279,5,17,0,8,27,1,27
3,1,2.0,171,6,23,2,10,22,3,22
3,1,2.0,171,6,14,0,7,20,0,22
3,1,2.0,171,6,9,0,4,82,0,22
3,6,27.0,116,5,1,0,16,108,4,15
3,1,8.0,62,5,10,0,10,47,1,8
3,1,8.0,62,5,9,0,7,78,1,8
3,1,8.0,62,5,12,0,6,89,3,8
3,1,19.0,29,1,0,1,2,92,0,10
3,1,19.0,29,1,17,0,0,0,0,10
3,1,19.0,29,1,13,0,7,20,3,10
3,1,24.0,64,3,13,0,13,69,3,14
3,1,26.0,248,1,17,1,2,40,0,3
3,2,21.0,108,5,2,0,11,117,0,21
3,6,27.0,116,5,16,0,5,6,0,15
3,1,26.0,248,1,7,0,0,64,1,3
3,1,26.0,248,1,19,0,9,95,3,3
3,8,17.0,74,2,16,0,0,26,3,6
3,8,17.0,74,2,5,1,13,48,0,6
3,8,17.0,74,2,2,0,4,79,2,6
3,8,27.0,78,6,20,0,0,31,1,15
3,8,27.0,78,6,12,2,15,114,3,15
3,1,1.0,203,5,17,0,12,84,3,7
3,2,22.0,209,6,17,0,11,117,1,26
3,2,22.0,209,6,5,1,2,3,4,26
3,2,22.0,209,6,13,0,14,32,2,26
3,2,29.0,140,6,10,2,3,79,3,16
3,2,29.0,140,6,4,2,4,4,0,16
3,3,27.0,361,3,14,0,5,6,3,15
3,5,3.0,161,6,13,0,8,9,1,27
3,2,29.0,140,6,14,0,13,38,3,16
3,0,4.0,229,4,4,0,1,1,4,30
3,0,5.0,122,5,12,0,11,124,4,24
3,0,5.0,122,5,22,1,12,135,1,24
3,0,5.0,122,5,19,0,6,89,2,24
3,0,4.0,229,4,12,0,8,65,2,30
3,2,29.0,140,6,23,0,10,47,2,16
3,0,15.0,190,0,3,0,0,26,0,1
3,0,15.0,190,0,14,0,13,28,2,1
3,0,16.0,11,1,17,1,13,99,1,2
3,0,16.0,11,1,1,1,0,15,1,2
3,0,22.0,241,0,21,1,12,83,0,26
3,0,29.0,191,0,0,0,2,2,1,16
3,0,29.0,191,0,1,0,10,43,1,16
3,0,29.0,191,0,18,0,8,118,3,16
3,4,3.0,279,5,11,0,14,126,2,27
3,4,3.0,279,5,3,0,8,19,0,27
3,4,3.0,279,5,19,0,6,7,4,27
3,4,3.0,279,5,9,1,10,52,1,27
3,4,8.0,292,2,0,0,0,12,3,8
3,9,25.0,344,1,13,0,12,61,1,13
3,9,25.0,344,1,20,1,6,128,4,13
3,7,6.0,93,4,5,1,5,64,4,23
3,7,6.0,93,4,13,0,6,89,2,23
3,7,6.0,93,4,9,2,14,24,1,23
3,7,14.0,125,5,21,0,5,6,0,5
3,7,15.0,205,6,11,0,10,47,3,1
3,7,16.0,40,3,14,0,15,39,4,2
3,7,16.0,40,3,1,0,15,39,1,2
3,7,6.0,93,4,8,0,5,6,2,23
3,7,24.0,68,0,11,0,8,27,2,14
3,7,24.0,68,0,18,0,15,46,2,14
3,2,10.0,28,0,5,0,12,80,1,4
3,3,7.0,289,0,19,0,6,14,0,11
3,3,8.0,148,1,12,0,8,33,4,8
3,0,31.0,290,2,15,0,15,85,1,20
3,0,31.0,290,2,13,0,5,64,3,20
3,0,31.0,290,2,4,2,7,111,0,20
3,2,5.0,127,2,2,0,12,80,4,24
3,2,14.0,231,5,13,0,16,37,0,5
3,2,14.0,231,5,9,2,7,120,4,5
3,2,21.0,108,5,6,0,15,119,3,21
3,2,21.0,108,5,7,0,5,0,2,21
3,2,21.0,108,5,3,0,9,93,3,21
3,2,21.0,108,5,12,1,16,50,4,21
3,6,27.0,116,5,11,0,1,11,2,15
3,1,10.0,17,3,2,0,2,40,2,4
3,2,11.0,297,1,18,1,0,31,4,9
3,2,21.0,108,5,9,0,2,2,1,21
3,10,1.0,208,1,3,0,15,46,1,7
3,4,8.0,292,2,4,0,2,69,3,8
3,0,6.0,260,6,11,0,15,114,1,23
3,6,26.0,348,4,6,1,0,12,0,3
3,6,27.0,116,5,3,3,8,9,0,15
3,1,10.0,17,3,5,1,8,27,1,4
3,1,21.0,45,4,13,3,7,122,4,21
3,4,8.0,292,2,16,0,5,12,3,8
3,1,22.0,164,5,18,3,1,35,3,26
3,0,3.0,334,2,1,0,14,107,0,27
3,3,15.0,35,1,4,0,5,6,0,1
3,6,25.0,39,2,18,0,3,79,1,13
3,10,1.0,208,1,2,0,0,64,3,7
3,1,19.0,29,1,21,0,14,24,1,10
3,0,4.0,229,4,11,0,5,6,2,30
3,2,21.0,108,5,8,0,2,2,2,21
3,4,17.0,19,5,8,0,3,44,3,6
3,1,22.0,164,5,12,0,4,66,2,26
3,0,9.0,48,1,0,0,13,99,1,12
3,3,15.0,35,1,1,0,14,25,4,1
3,6,27.0,116,5,8,0,10,47,2,15
3,10,8.0,213,1,17,0,9,95,4,8
3,1,19.0,29,1,12,0,12,56,1,10
3,0,4.0,229,4,13,0,9,54,1,30
3,0,15.0,190,0,8,3,8,41,3,1
3,0,16.0,11,1,6,1,10,47,0,2
2,5,3.0,114,5,11,0,13,29,0,27
2,0,20.0,287,5,1,1,13,38,1,29
3,9,10.0,156,0,13,0,10,43,2,4
3,8,12.0,284,5,1,1,7,120,1,28
3,4,21.0,339,1,12,1,9,109,0,21
3,9,19.0,234,2,9,0,5,12,0,10
3,7,2.0,160,3,3,0,10,43,2,22
3,7,20.0,266,4,13,0,8,27,1,29
3,5,2.0,307,5,16,1,0,26,0,22
3,5,12.0,327,0,15,0,10,23,2,28
3,6,23.0,84,0,18,0,1,67,0,17
3,4,14.0,345,1,2,2,1,67,3,5
3,4,24.0,27,5,17,1,11,133,1,14
3,7,3.0,269,0,20,2,9,87,3,27
3,11,10.0,360,5,0,1,2,92,0,4
3,11,28.0,123,1,2,0,13,99,2,18
3,0,16.0,11,1,2,1,8,19,0,2
3,6,23.0,84,0,1,1,6,7,0,17
2,9,18.0,359,3,19,0,8,118,1,0
3,8,12.0,284,5,5,3,0,12,0,28
3,4,14.0,345,1,19,0,5,6,1,5
2,1,3.0,286,6,13,1,7,129,1,27
3,5,28.0,259,2,22,1,12,61,1,18
2,4,11.0,134,5,22,0,4,138,2,9
2,4,11.0,134,5,11,3,2,35,4,9
3,4,14.0,345,1,22,1,10,23,1,5
3,3,30.0,304,2,1,1,12,121,0,19
3,1,4.0,286,0,4,1,13,29,1,30
3,8,22.0,354,0,8,0,1,11,2,26
3,8,22.0,354,0,12,1,5,12,2,26
3,7,1.0,98,6,13,0,0,15,0,7
3,2,18.0,7,1,11,0,14,24,2,0
3,0,1.0,8,0,17,0,14,107,4,7
2,6,26.0,116,2,0,0,3,30,3,3
2,6,26.0,116,2,8,2,16,50,0,3
2,10,3.0,356,2,17,2,7,20,3,27
2,10,3.0,356,2,6,1,0,68,0,27
2,10,3.0,356,2,15,0,1,35,4,27
2,10,3.0,356,2,7,1,13,38,0,27
2,10,4.0,336,4,16,0,2,40,0,30
2,10,3.0,356,2,1,0,10,30,3,27
2,10,9.0,245,1,1,2,13,48,1,12
2,10,9.0,245,1,14,1,6,7,2,12
2,10,10.0,298,2,1,2,8,65,3,4
2,10,18.0,117,4,20,0,10,43,3,0
2,10,18.0,117,4,11,1,12,80,4,0
2,10,28.0,318,3,4,0,10,12,4,18
2,3,28.0,325,3,12,0,1,59,4,18
2,5,3.0,114,5,19,0,6,14,0,27
2,5,3.0,114,5,10,0,5,6,2,27
2,5,3.0,114,5,1,3,11,90,3,27
2,5,19.0,214,3,5,0,9,83,4,10
2,5,19.0,214,3,12,0,9,49,1,10
2,5,19.0,214,3,14,2,1,11,3,10
2,5,20.0,351,0,20,0,5,6,3,29
2,5,20.0,351,0,3,0,11,133,2,29
2,5,20.0,351,0,12,0,6,7,3,29
2,5,20.0,351,0,14,1,3,44,4,29
2,6,1.0,352,6,16,0,16,50,3,7
2,5,19.0,214,3,18,0,15,114,2,10
2,6,1.0,352,6,15,1,3,44,4,7
2,6,1.0,352,6,11,1,3,44,4,7
2,6,2.0,99,3,19,1,12,80,4,22
2,6,3.0,159,0,6,2,15,39,0,27
2,6,3.0,159,0,8,0,1,1,3,27
2,6,3.0,159,0,19,2,6,7,3,27
2,6,3.0,159,0,4,0,13,99,1,27
2,6,3.0,159,0,9,2,14,24,3,27
2,6,2.0,99,3,18,1,5,12,0,22
2,6,17.0,308,0,20,0,4,127,3,6
2,6,20.0,193,4,6,0,8,118,1,29
2,6,20.0,193,4,15,1,14,25,4,29
2,6,20.0,193,4,12,0,16,72,3,29
2,6,26.0,116,2,6,0,13,13,3,3
2,5,20.0,351,0,14,0,5,6,0,29
2,5,20.0,351,0,14,0,13,36,1,29
2,5,20.0,351,0,18,2,10,22,3,29
2,6,2.0,99,3,4,0,4,4,1,22
2,6,2.0,99,3,1,0,10,22,3,22
2,6,2.0,99,3,9,2,8,9,3,22
2,6,3.0,159,0,6,1,1,105,0,27
2,6,3.0,159,0,8,0,10,22,3,27
2,6,3.0,159,0,19,0,7,57,3,27
2,6,3.0,159,0,9,2,10,47,0,27
2,6,17.0,308,0,20,3,2,2,0,6
2,6,20.0,193,4,6,0,2,2,1,29
2,6,17.0,308,0,3,1,11,8,4,6
3,0,11.0,10,4,13,0,7,62,2,9
3,0,14.0,5,3,8,1,3,30,2,5
3,2,21.0,108,5,14,2,2,13,0,21
3,6,27.0,116,5,2,0,9,54,1,15
3,4,17.0,19,5,4,1,7,122,1,6
3,1,24.0,64,3,4,0,8,118,1,14
3,0,17.0,12,2,22,0,13,21,1,6
3,3,16.0,263,2,13,0,3,79,1,2
3,1,25.0,65,0,16,1,15,108,4,13
3,2,22.0,209,6,15,0,1,105,0,26
3,6,27.0,116,5,3,0,8,41,1,15
3,4,27.0,274,0,17,0,9,9,3,15
3,3,26.0,343,6,15,0,3,44,1,3
3,1,14.0,183,4,20,1,10,12,1,5
3,2,22.0,209,6,14,2,16,74,3,26
3,10,1.0,208,1,12,0,2,60,1,7
3,4,27.0,274,0,21,1,15,51,0,15
3,0,17.0,12,2,9,2,7,57,0,6
3,3,26.0,343,6,11,0,7,78,4,3
3,10,16.0,201,2,0,0,14,25,1,2
3,1,25.0,65,0,0,1,1,105,0,13
3,1,24.0,64,3,18,1,15,39,0,14
3,1,25.0,65,0,18,0,4,127,4,13
3,1,25.0,65,0,4,0,6,89,3,13
3,1,26.0,248,1,21,0,10,47,0,3
3,6,27.0,116,5,8,0,7,20,3,15
3,10,1.0,208,1,14,0,4,79,2,7
3,10,8.0,213,1,7,1,16,72,2,8
3,10,8.0,213,1,12,0,12,80,1,8
3,10,8.0,213,1,19,0,16,50,1,8
3,10,16.0,201,2,6,2,6,89,1,2
2,11,30.0,170,1,14,0,10,23,1,19
2,11,30.0,170,1,19,1,12,61,4,19
0,0,22.0,241,5,5,1,9,102,4,26
2,7,22.0,202,5,13,0,6,91,2,26
2,7,22.0,202,5,4,1,15,46,0,26
2,7,30.0,43,6,15,1,7,8,4,19
2,4,7.0,292,0,1,1,13,38,0,11
2,4,6.0,133,3,1,0,13,48,1,23
2,4,7.0,292,0,10,3,2,13,0,11
3,4,1.0,144,2,6,0,11,15,1,7
3,8,2.0,77,1,3,3,9,63,0,22
3,0,2.0,47,1,1,0,9,87,1,22
3,3,25.0,347,5,12,1,13,28,0,13
3,3,18.0,165,5,13,0,13,36,4,0
3,9,19.0,234,2,4,1,16,50,1,10
3,7,10.0,329,0,1,2,6,128,3,4
3,4,14.0,345,1,9,1,0,15,0,5
3,3,12.0,104,6,13,3,1,59,1,28
3,9,11.0,52,1,5,0,1,67,1,9
3,5,29.0,24,4,13,0,13,38,4,16
3,5,20.0,214,1,17,0,10,22,3,29
2,7,27.0,34,2,18,0,2,13,1,15
2,5,20.0,351,0,13,1,11,55,4,29
2,10,4.0,336,4,20,0,14,24,2,30
3,5,20.0,214,1,13,1,13,28,4,29
3,3,30.0,304,2,20,3,1,11,4,19
2,2,22.0,230,5,22,1,9,134,4,26
3,8,5.0,101,5,23,1,12,80,4,24
3,4,14.0,345,1,1,1,12,104,4,5
3,11,28.0,123,1,2,1,9,9,4,18
3,7,20.0,266,4,13,3,10,22,0,29
3,3,5.0,324,6,8,0,9,9,3,24
3,9,19.0,234,2,6,0,2,71,4,10
3,0,13.0,198,6,22,1,1,1,4,25
3,5,29.0,24,4,4,1,13,38,1,16
3,1,4.0,286,0,11,3,7,8,4,30
3,0,14.0,5,3,2,0,4,79,2,5
2,0,28.0,191,6,17,0,0,15,2,18
2,5,20.0,351,0,3,1,7,111,1,29
2,5,20.0,351,0,4,3,8,9,1,29
3,2,7.0,153,5,6,1,3,30,0,11
3,5,2.0,307,5,10,1,3,79,1,22
3,5,2.0,307,5,11,0,13,21,2,22
3,5,20.0,214,1,17,0,8,118,2,29
3,10,16.0,201,2,16,0,14,25,3,2
3,10,16.0,201,2,19,0,14,24,3,2
3,10,16.0,201,2,12,1,9,49,1,2
3,1,2.0,171,6,17,2,14,34,3,22
3,1,2.0,171,6,6,1,9,10,0,22
3,1,2.0,171,6,18,0,6,7,4,22
3,1,2.0,171,6,1,0,9,109,1,22
3,1,8.0,62,5,12,0,15,119,2,8
3,1,8.0,62,5,12,2,13,48,2,8
3,1,10.0,17,3,20,0,14,24,2,4
3,1,10.0,17,3,3,0,12,83,0,4
3,1,10.0,17,3,8,0,11,90,4,4
3,1,19.0,29,1,16,1,15,39,0,10
3,1,19.0,29,1,3,0,0,85,3,10
3,1,24.0,64,3,5,0,5,6,3,14
3,1,24.0,64,3,3,2,5,6,3,14
3,1,24.0,64,3,5,1,8,9,1,14
3,1,24.0,64,3,12,0,15,46,1,14
3,1,24.0,64,3,4,0,5,64,2,14
3,1,25.0,65,0,6,0,0,26,3,13
3,1,24.0,64,3,9,2,0,26,3,14
3,1,25.0,65,0,14,0,10,22,3,13
3,8,17.0,74,2,23,2,10,47,3,6
3,8,26.0,278,5,1,0,3,30,1,3
3,4,3.0,279,5,6,0,12,17,1,27
3,4,3.0,279,5,2,2,5,12,3,27
3,4,8.0,292,2,6,1,7,137,1,8
3,3,5.0,324,6,14,1,7,54,4,24
3,2,29.0,140,6,20,0,14,32,0,16
3,4,27.0,274,0,2,0,10,22,3,15
3,10,16.0,201,2,8,0,13,38,2,2
3,7,10.0,329,0,16,0,5,12,0,4
3,2,20.0,264,4,5,0,2,2,2,29
3,2,29.0,140,6,8,0,16,37,1,16
3,10,1.0,208,1,4,0,5,6,0,7
3,0,19.0,13,5,12,0,0,15,2,10
3,2,10.0,28,0,11,0,10,6,0,4
3,7,10.0,329,0,13,0,8,9,3,4
3,1,10.0,17,3,13,0,14,25,0,4
3,1,2.0,171,6,22,0,1,59,0,22
3,2,29.0,140,6,8,0,13,28,3,16
3,10,1.0,208,1,14,0,7,57,3,7
3,2,10.0,28,0,9,0,4,82,3,4
3,2,25.0,233,1,20,0,3,79,1,13
3,8,26.0,278,5,4,1,5,6,1,3
3,1,8.0,62,5,17,0,8,33,3,8
3,2,29.0,140,6,18,0,2,86,1,16
3,2,10.0,28,0,14,1,10,47,1,4
3,2,25.0,233,1,19,0,6,7,2,13
3,8,27.0,78,6,1,0,0,31,1,15
3,3,26.0,343,6,1,0,8,41,3,3
3,1,10.0,17,3,21,1,1,67,0,4
3,1,19.0,29,1,17,0,15,114,4,10
3,1,19.0,29,1,11,0,11,117,1,10
3,1,19.0,29,1,11,0,3,76,0,10
3,1,19.0,29,1,1,0,6,128,1,10
3,1,24.0,64,3,22,1,6,91,4,14
3,1,25.0,65,0,16,0,1,59,4,13
3,4,8.0,292,2,2,0,15,51,1,8
3,4,8.0,292,2,20,0,2,69,2,8
3,4,9.0,18,4,8,1,6,128,1,12
3,4,27.0,274,0,16,1,5,12,0,15
3,4,27.0,274,0,9,0,6,89,3,15
3,2,1.0,16,6,6,1,13,38,0,7
3,2,10.0,28,0,18,0,13,28,4,4
3,2,20.0,264,4,14,0,15,31,1,29
3,2,25.0,233,1,20,0,4,75,1,13
3,2,25.0,233,1,3,0,12,135,1,13
3,2,25.0,233,1,17,3,1,11,3,13
3,0,16.0,11,1,16,0,1,67,4,2
3,0,16.0,11,1,19,1,9,58,4,2
3,4,2.0,141,4,14,0,1,35,0,22
3,3,23.0,57,2,17,1,0,26,2,17
3,4,16.0,25,4,5,0,13,38,2,2
3,8,1.0,66,0,13,0,3,76,1,7
3,0,9.0,48,1,7,0,4,4,1,12
3,0,11.0,10,4,6,1,0,64,1,9
3,0,11.0,10,4,1,0,1,105,4,9
3,0,17.0,12,2,9,0,16,50,3,6
3,0,18.0,0,4,8,2,4,127,3,0
3,0,20.0,172,6,21,1,15,39,0,29
3,0,20.0,172,6,14,0,8,9,1,29
3,0,20.0,172,6,9,1,9,109,4,29
3,4,17.0,19,5,13,2,9,102,0,6
3,4,27.0,274,0,0,0,3,44,3,15
3,2,1.0,16,6,6,0,0,31,1,7
3,2,1.0,16,6,5,1,6,7,4,7
3,2,10.0,28,0,19,2,10,22,3,4
3,2,10.0,28,0,1,0,12,84,1,4
3,2,10.0,28,0,14,0,1,35,4,4
3,2,10.0,28,0,12,0,14,25,3,4
3,2,10.0,28,0,14,1,1,105,4,4
3,2,25.0,233,1,10,0,6,73,1,13
3,2,25.0,233,1,8,0,0,77,1,13
3,0,3.0,334,2,6,0,14,110,1,27
3,0,9.0,48,1,19,0,8,27,1,12
3,0,9.0,48,1,14,0,6,7,0,12
3,0,17.0,12,2,6,0,0,15,2,6
3,0,18.0,0,4,16,0,15,108,1,0
3,0,18.0,0,4,17,2,14,32,0,0
3,0,18.0,0,4,2,0,8,118,1,0
3,0,18.0,0,4,18,0,4,82,1,0
3,0,19.0,13,5,14,0,12,61,1,10
3,0,20.0,172,6,20,0,6,89,1,29
3,0,19.0,13,5,3,0,6,89,2,10
3,0,20.0,172,6,19,0,13,29,2,29
3,1,25.0,65,0,4,0,16,74,3,13
3,1,25.0,65,0,1,1,9,10,4,13
3,1,26.0,248,1,4,0,12,80,0,3
3,8,26.0,278,5,19,0,6,132,1,3
3,8,27.0,78,6,20,0,7,111,1,15
3,8,27.0,78,6,3,0,15,96,2,15
3,8,27.0,78,6,22,0,10,22,3,15
3,4,3.0,279,5,15,0,6,89,2,27
3,4,8.0,292,2,16,0,15,96,3,8
3,4,8.0,292,2,3,0,6,89,1,8
3,4,9.0,18,4,7,1,14,25,0,12
3,4,17.0,19,5,17,0,16,37,4,6
3,4,17.0,19,5,2,0,0,15,2,6
3,4,27.0,274,0,10,2,13,29,3,15
3,2,1.0,16,6,2,0,9,49,4,7
3,2,10.0,28,0,13,0,10,22,3,4
3,2,10.0,28,0,14,0,2,2,1,4
3,0,19.0,13,5,4,0,3,30,4,10
3,5,18.0,195,3,13,0,2,40,2,0
3,2,20.0,264,4,7,1,2,86,0,29
3,2,30.0,131,3,20,0,12,61,2,19
3,3,26.0,343,6,23,1,5,12,0,3
3,8,27.0,78,6,13,0,9,102,3,15
3,3,16.0,263,2,6,0,11,18,0,2
2,1,15.0,2,4,15,0,2,86,3,1
3,8,26.0,278,5,12,0,10,47,2,3
3,10,8.0,213,1,21,0,5,12,1,8
3,8,4.0,299,4,13,1,14,24,1,30
3,2,20.0,264,4,13,0,6,7,3,29
2,1,15.0,2,4,8,0,5,64,0,1
3,4,9.0,18,4,22,0,4,138,3,12
3,10,8.0,213,1,22,0,4,127,1,8
3,0,15.0,190,0,13,1,2,2,4,1
3,2,20.0,264,4,13,1,1,105,1,29
2,1,15.0,2,4,22,0,5,6,3,1
3,3,26.0,343,6,20,0,9,95,2,3
3,4,8.0,292,2,2,0,14,24,2,8
3,0,15.0,190,0,4,1,11,58,4,1
3,2,25.0,233,1,17,0,11,15,1,13
3,10,27.0,302,3,6,1,10,47,1,15
3,3,26.0,343,6,4,0,5,12,3,3
3,4,27.0,274,0,10,0,5,12,0,15
3,10,1.0,208,1,4,2,6,89,3,7
3,10,8.0,213,1,1,2,5,6,3,8
3,6,27.0,116,5,2,0,10,47,3,15
3,6,27.0,116,5,21,2,3,44,4,15
3,8,16.0,73,1,9,2,11,133,3,2
3,4,2.0,141,4,15,1,8,27,2,22
3,8,1.0,66,0,17,0,2,86,1,7
3,6,8.0,59,3,8,0,6,14,3,8
3,1,1.0,203,5,1,0,15,31,2,7
3,2,30.0,131,3,4,1,5,6,0,19
3,0,4.0,229,4,11,0,6,91,4,30
3,0,4.0,229,4,2,0,10,22,2,30
3,0,4.0,229,4,18,0,10,23,2,30
3,0,5.0,122,5,20,0,10,23,2,24
3,0,4.0,229,4,12,1,6,73,1,30
3,0,5.0,122,5,20,1,10,22,0,24
3,0,5.0,122,5,19,0,12,80,0,24
3,0,15.0,190,0,3,0,15,77,3,1
3,0,15.0,190,0,12,0,8,9,1,1
3,0,15.0,190,0,8,0,0,77,3,1
3,3,20.0,105,3,12,0,13,28,4,29
3,5,5.0,96,0,22,1,8,41,1,24
3,3,29.0,325,1,4,0,0,26,2,16
3,7,29.0,268,6,19,0,12,100,4,16
3,6,27.0,116,5,18,1,4,4,1,15
3,6,25.0,39,2,14,3,1,1,3,13
3,10,1.0,208,1,0,2,0,64,3,7
3,10,1.0,208,1,17,3,15,51,4,7
3,10,1.0,208,1,19,0,2,3,3,7
3,10,1.0,208,1,4,0,0,85,4,7
3,10,1.0,208,1,16,0,0,12,3,7
3,10,8.0,213,1,17,0,0,77,3,8
3,10,8.0,213,1,8,0,5,0,0,8
3,10,16.0,201,2,12,0,10,23,1,2
3,10,16.0,201,2,22,0,5,6,0,2
3,10,16.0,201,2,4,0,9,63,1,2
3,1,2.0,171,6,7,1,12,56,0,22
3,1,2.0,171,6,0,1,9,10,0,22
3,1,2.0,171,6,9,0,4,136,0,22
3,1,8.0,62,5,17,1,5,64,2,8
3,1,8.0,62,5,13,3,1,105,4,8
3,0,16.0,11,1,23,1,12,17,4,2
3,0,29.0,191,0,16,0,5,12,0,16
3,0,29.0,191,0,1,3,3,30,3,16
3,0,30.0,228,1,3,0,8,9,1,19
3,0,31.0,290,2,16,1,11,133,4,20
3,0,15.0,190,0,19,0,11,133,3,1
3,0,15.0,190,0,3,1,2,92,4,1
3,0,15.0,190,0,1,2,9,102,3,1
2,0,17.0,0,1,13,0,3,44,4,6
3,10,2.0,358,2,9,3,11,18,1,22
3,8,3.0,363,2,19,1,1,59,4,27
3,4,19.0,142,3,6,2,9,102,3,10
3,7,1.0,98,6,2,1,0,12,0,7
3,5,17.0,212,6,10,0,14,24,2,6
3,5,17.0,212,6,18,1,0,64,0,6
3,1,18.0,82,0,4,1,5,6,0,0
3,1,8.0,62,5,16,0,14,107,4,8
3,1,8.0,62,5,17,1,14,32,0,8
3,1,8.0,62,5,18,0,15,108,4,8
3,1,8.0,62,5,19,0,9,57,0,8
3,1,19.0,29,1,16,1,16,50,0,10
3,1,19.0,29,1,14,2,11,15,0,10
3,1,19.0,29,1,14,2,11,15,0,10
3,1,25.0,65,0,17,0,10,47,1,13
3,1,25.0,65,0,7,1,3,76,0,13
3,1,24.0,64,3,3,1,13,28,1,14
3,1,25.0,65,0,12,0,2,86,1,13
3,1,10.0,17,3,3,0,0,12,2,4
3,0,22.0,241,0,13,0,2,2,1,26
2,2,16.0,6,6,13,0,8,9,3,2
3,3,26.0,343,6,1,0,13,36,3,3
3,4,27.0,274,0,19,0,8,41,3,15
3,2,25.0,233,1,3,0,3,79,4,13
3,3,29.0,325,1,9,1,12,80,0,16
3,2,1.0,16,6,22,0,9,57,2,7
2,2,24.0,233,3,15,1,10,22,1,14
3,2,25.0,233,1,9,0,7,31,3,13
3,5,6.0,277,1,18,2,5,47,2,23
3,0,22.0,241,0,2,0,13,29,4,26
3,0,22.0,241,0,12,0,9,95,2,26
3,8,16.0,73,1,2,3,14,25,2,2
3,1,10.0,17,3,2,0,5,6,0,4
3,1,19.0,29,1,22,0,14,25,3,10
3,1,19.0,29,1,8,0,1,11,4,10
2,1,24.0,65,6,2,1,3,30,4,14
3,1,24.0,64,3,12,0,10,22,2,14
3,1,25.0,65,0,13,0,12,104,1,13
3,1,25.0,65,0,9,0,9,57,0,13
3,1,25.0,65,0,18,0,2,2,4,13
3,1,26.0,248,1,8,2,13,38,0,3
3,1,24.0,64,3,11,0,0,15,2,14
3,8,26.0,278,5,12,3,14,25,2,3
3,8,27.0,78,6,16,0,6,7,0,15
3,8,27.0,78,6,16,0,14,24,4,15
3,8,27.0,78,6,11,0,5,6,2,15
3,8,26.0,278,5,8,0,2,86,1,3
3,3,26.0,343,6,4,1,6,116,4,3
3,8,27.0,78,6,2,0,7,120,4,15
3,8,27.0,78,6,1,0,10,22,0,15
3,8,27.0,78,6,15,1,6,128,1,15
3,4,3.0,279,5,12,0,2,123,3,27
3,4,3.0,279,5,12,0,10,22,3,27
3,0,29.0,191,0,8,0,10,23,1,16
3,0,30.0,228,1,0,1,5,6,0,19
3,0,30.0,228,1,11,1,15,51,4,19
3,0,31.0,290,2,4,2,7,20,3,20
3,0,29.0,191,0,4,0,12,61,1,16
3,1,5.0,219,1,9,0,8,41,1,24
3,4,31.0,67,5,8,0,13,38,3,20
3,2,29.0,140,6,20,0,12,84,2,16
3,4,8.0,292,2,6,1,10,47,0,8
3,4,8.0,292,2,5,0,4,75,1,8
3,4,8.0,292,2,19,0,0,77,3,8
3,4,8.0,292,2,9,0,16,42,1,8
3,4,9.0,18,4,2,2,13,38,3,12
3,4,9.0,18,4,17,0,9,49,1,12
3,4,17.0,19,5,1,0,9,101,0,6
3,4,17.0,19,5,14,0,4,5,3,6
3,4,17.0,19,5,12,0,13,79,3,6
3,4,27.0,274,0,17,0,5,6,0,15
3,4,27.0,274,0,4,0,2,13,1,15
3,2,1.0,16,6,16,0,12,100,4,7
3,2,10.0,28,0,7,0,11,18,1,4
3,2,25.0,233,1,15,0,10,23,1,13
3,2,25.0,233,1,3,0,5,12,2,13
3,2,25.0,233,1,2,0,8,19,4,13
3,0,9.0,48,1,16,1,14,25,0,12
3,0,9.0,48,1,9,2,10,12,3,12
3,0,11.0,10,4,3,0,6,89,2,9
3,0,11.0,10,4,22,0,10,47,1,9
3,0,17.0,12,2,6,0,12,100,4,6
3,0,16.0,11,1,18,2,9,54,3,2
3,0,15.0,190,0,12,0,4,45,1,1
3,0,15.0,190,0,18,0,13,29,4,1
3,3,1.0,180,1,20,0,8,41,2,7
3,0,17.0,12,2,6,0,2,2,2,6
3,0,17.0,12,2,20,0,2,86,3,6
3,0,17.0,12,2,4,0,5,12,0,6
3,0,18.0,0,4,12,0,8,27,1,0
3,0,18.0,0,4,19,0,2,40,1,0
3,0,18.0,0,4,1,0,4,75,1,0
3,5,16.0,239,5,13,0,8,9,2,2
3,6,1.0,158,3,18,0,16,39,4,7
3,6,9.0,236,0,21,0,6,89,1,12
3,6,9.0,236,0,15,0,2,123,0,12
3,6,25.0,39,2,16,0,0,64,3,13
3,6,25.0,39,2,6,0,10,47,1,13
3,6,25.0,39,2,16,1,7,8,0,13
3,6,25.0,39,2,3,0,16,50,3,13
3,6,26.0,348,4,12,0,7,57,1,3
3,6,27.0,116,5,15,0,15,77,3,15
3,2,10.0,28,0,19,0,2,69,0,4
2,0,1.0,47,3,17,1,7,129,1,7
3,2,25.0,233,1,18,1,9,87,0,13
3,2,20.0,264,4,11,1,0,68,0,29
3,8,1.0,66,0,13,0,2,2,1,7
3,0,3.0,334,2,17,0,1,16,4,27
3,2,25.0,233,1,0,0,7,62,3,13
3,2,5.0,127,2,3,0,16,37,0,24
3,0,3.0,334,2,8,0,3,70,4,27
3,0,3.0,334,2,4,2,2,2,4,27
3,0,9.0,48,1,13,0,8,9,3,12
2,11,12.0,118,5,18,0,3,76,1,28
2,11,14.0,147,3,5,1,10,47,1,5
2,5,16.0,212,4,14,0,15,39,4,2
2,6,7.0,59,5,5,1,3,44,1,11
2,10,31.0,203,2,9,1,6,89,4,20
2,1,17.0,82,6,4,0,6,7,4,6
2,4,24.0,20,4,1,1,6,89,0,14
2,0,7.0,9,6,18,0,4,79,2,11
3,11,8.0,283,2,9,1,14,25,4,8
3,11,8.0,283,2,14,2,5,6,0,8
2,0,27.0,249,5,20,1,6,7,1,15
3,1,31.0,305,3,12,0,0,64,1,20
3,1,20.0,151,2,18,0,8,27,3,29
2,3,20.0,338,6,18,0,11,124,2,29
2,3,20.0,338,6,12,0,15,39,4,29
2,3,20.0,338,6,15,1,1,105,0,29
3,10,13.0,346,3,13,0,2,86,2,25
3,5,1.0,109,4,14,0,0,53,4,7
3,1,13.0,207,2,16,1,1,105,0,25
2,2,2.0,282,6,17,1,11,15,1,22
3,9,13.0,91,4,15,0,12,104,0,25
3,9,13.0,91,4,15,0,8,118,2,25
3,7,28.0,34,5,2,2,9,102,3,18
3,3,14.0,33,0,4,0,8,9,1,5
3,2,4.0,254,1,18,0,7,129,3,30
3,2,24.0,22,0,15,0,5,0,0,14
2,7,14.0,205,4,2,3,0,77,0,5
2,7,30.0,43,6,4,1,12,56,0,19
2,7,15.0,40,5,19,0,9,95,2,1
2,5,5.0,277,3,17,1,3,79,4,24
2,6,15.0,38,6,21,1,11,15,1,1
2,6,30.0,208,3,12,0,9,102,3,19
2,6,30.0,208,3,9,0,1,35,4,19
1,6,1.0,158,2,13,0,14,24,1,7
2,10,8.0,150,0,17,1,5,12,1,8
2,1,31.0,66,6,12,0,11,18,1,20
2,8,8.0,124,3,8,0,6,91,2,8
3,0,11.0,10,4,15,0,12,100,3,9
3,0,11.0,10,4,15,0,14,88,2,9
3,0,11.0,10,4,5,0,9,93,1,9
3,0,17.0,12,2,3,0,8,33,1,6
3,0,18.0,0,4,11,0,14,25,0,0
3,0,19.0,13,5,15,0,12,80,2,10
3,0,11.0,10,4,23,0,9,63,2,9
3,0,19.0,13,5,14,0,10,47,0,10
3,1,26.0,248,1,13,0,0,15,2,3
3,1,25.0,65,0,14,0,14,32,3,13
3,1,26.0,248,1,16,0,5,12,0,3
3,8,17.0,74,2,5,0,3,76,0,6
3,8,17.0,74,2,6,0,6,128,1,6
3,8,27.0,78,6,2,0,2,86,1,15
0,2,1.0,16,2,19,0,5,6,0,7
3,6,11.0,355,2,17,0,0,12,0,9
2,5,1.0,307,2,14,0,0,26,0,7
3,6,12.0,162,4,14,1,5,12,1,28
2,0,22.0,237,3,20,1,9,95,1,26
3,10,13.0,346,3,22,3,2,92,2,25
3,11,4.0,275,6,11,1,12,58,4,30
3,4,7.0,133,1,5,0,5,6,0,11
3,9,13.0,91,4,18,0,9,57,0,25
3,7,11.0,197,1,23,0,6,91,1,9
3,7,22.0,211,6,13,0,13,29,2,26
0,1,2.0,171,2,17,0,2,2,4,22
3,5,11.0,326,3,17,0,15,108,2,9
3,6,30.0,145,0,19,0,1,11,2,19
2,3,1.0,120,0,17,0,15,114,1,7
3,0,23.0,237,1,2,1,16,74,4,17
2,2,4.0,127,0,12,1,14,24,0,30
2,2,22.0,230,5,18,0,5,12,0,26
2,7,26.0,53,1,13,0,13,38,4,3
3,7,12.0,181,2,8,0,2,92,1,28
3,2,5.0,127,2,12,2,7,54,3,24
3,2,25.0,233,1,3,0,10,47,3,13
3,2,14.0,231,5,22,0,9,102,2,5
3,2,25.0,233,1,12,0,6,91,1,13
3,2,22.0,209,6,11,0,2,69,1,26
3,2,25.0,233,1,4,0,8,9,4,13
3,2,22.0,209,6,20,0,6,91,3,26
3,0,3.0,334,2,21,1,0,53,0,27
3,2,29.0,140,6,17,0,10,30,3,16
3,5,7.0,349,2,8,0,6,89,0,11
3,5,16.0,239,5,17,0,7,20,1,2
3,5,16.0,239,5,17,0,1,11,1,2
3,5,18.0,195,3,13,1,2,69,4,0
3,5,18.0,195,3,13,0,4,5,1,0
3,5,9.0,206,5,3,0,13,28,1,12
3,6,1.0,158,3,21,0,16,74,3,7
3,6,1.0,158,3,20,0,9,101,3,7
3,6,1.0,158,3,3,0,5,6,0,7
3,6,1.0,158,3,9,0,1,59,4,7
3,6,9.0,236,0,6,0,5,47,3,12
3,2,30.0,131,3,13,0,11,15,0,19
3,2,30.0,131,3,4,2,13,28,0,19
3,2,14.0,231,5,22,0,10,12,2,5
3,0,31.0,290,2,18,0,15,46,4,20
3,0,30.0,228,1,22,0,9,95,2,19
3,0,29.0,191,0,3,0,9,9,2,16
3,0,15.0,190,0,12,0,6,14,0,1
3,0,15.0,190,0,8,0,10,47,2,1
2,7,1.0,160,5,17,0,15,96,1,7
3,6,25.0,39,2,6,0,3,115,3,13
3,6,25.0,39,2,15,2,2,92,3,13
3,6,25.0,39,2,3,0,12,56,1,13
3,6,25.0,39,2,18,0,13,38,4,13
3,6,26.0,348,4,16,0,0,68,3,3
3,6,26.0,348,4,0,1,11,8,4,3
3,6,26.0,348,4,13,1,12,61,1,3
3,6,26.0,348,4,12,0,2,92,1,3
3,6,27.0,116,5,16,0,2,86,0,15
3,6,27.0,116,5,10,0,14,25,2,15
3,6,27.0,116,5,15,2,9,87,3,15
3,5,1.0,109,4,17,0,8,33,4,7
3,5,1.0,109,4,13,0,12,61,2,7
3,5,1.0,109,4,3,0,0,53,0,7
3,5,7.0,349,2,21,1,5,6,0,11
3,5,7.0,349,2,16,0,5,6,3,11
3,5,7.0,349,2,15,0,12,17,0,11
3,5,9.0,206,5,17,0,0,26,3,12
3,5,18.0,195,3,17,1,15,39,1,0
3,5,18.0,195,3,3,0,1,81,1,0
3,5,18.0,195,3,2,0,6,128,1,0
3,5,18.0,195,3,2,2,13,38,1,0
3,0,30.0,228,1,12,0,15,85,1,19
3,5,18.0,195,3,0,0,9,87,0,0
3,6,1.0,158,3,0,1,16,50,0,7
3,6,1.0,158,3,8,0,13,29,4,7
3,6,1.0,158,3,4,0,0,12,0,7
3,6,1.0,158,3,19,0,4,138,2,7
3,6,9.0,236,0,19,0,5,6,0,12
3,6,9.0,236,0,1,0,10,47,1,12
3,6,9.0,236,0,11,1,3,30,4,12
3,6,25.0,39,2,0,1,0,53,0,13
3,6,25.0,39,2,9,0,0,53,3,13
3,6,26.0,348,4,4,1,5,6,2,3
3,10,1.0,208,1,8,0,2,71,1,7
3,10,1.0,208,1,19,0,9,83,1,7
3,10,1.0,208,1,9,2,14,106,3,7
3,10,1.0,208,1,1,1,5,12,0,7
3,10,8.0,213,1,21,0,3,115,3,8
3,1,2.0,171,6,5,0,10,47,3,22
3,1,2.0,171,6,11,0,13,36,1,22
3,1,8.0,62,5,17,1,7,137,0,8
3,0,3.0,334,2,1,0,0,31,1,27
3,4,3.0,279,5,9,0,5,64,3,27
3,0,9.0,48,1,16,0,10,47,3,12
3,0,11.0,10,4,19,2,10,47,3,9
3,2,30.0,131,3,22,0,13,69,2,19
3,0,11.0,10,4,18,0,10,12,1,9
3,2,30.0,131,3,12,0,14,25,2,19
2,8,25.0,278,2,6,0,16,113,1,13
3,2,30.0,131,3,19,2,6,89,3,19
2,2,9.0,28,6,22,0,9,95,2,12
2,11,14.0,147,3,18,0,3,44,4,5
1,8,10.0,71,6,13,0,13,38,3,4
2,11,28.0,123,3,19,1,0,15,0,18
2,8,22.0,102,3,16,1,3,44,4,26
2,4,6.0,133,3,15,0,16,74,4,23
3,6,7.0,169,6,14,0,14,126,4,11
2,9,22.0,92,4,22,0,9,87,2,26
2,3,29.0,304,0,8,1,14,25,1,16
3,1,17.0,63,3,22,0,9,134,0,6
3,8,25.0,86,4,12,0,3,79,2,13
3,4,18.0,26,6,2,0,9,134,2,0
3,2,2.0,143,3,1,1,9,27,0,22
3,6,18.0,308,2,18,0,12,84,1,0
3,6,16.0,38,0,2,0,14,24,2,2
3,6,17.0,244,1,2,0,0,85,1,6
3,6,16.0,38,0,20,0,7,20,3,2
3,10,15.0,60,1,10,0,10,47,3,1
3,11,20.0,340,0,3,1,11,8,1,29
3,11,27.0,322,0,15,1,10,47,1,15
3,4,22.0,152,2,2,3,7,129,3,26
3,2,24.0,22,0,8,2,6,91,3,14
3,2,24.0,22,0,5,0,3,115,2,14
3,10,13.0,346,3,5,0,12,80,2,25
3,1,23.0,69,6,21,1,10,12,0,17
3,1,20.0,151,2,3,1,9,93,4,29
3,4,7.0,133,1,2,1,13,38,4,11
3,2,24.0,22,0,8,0,2,3,2,14
3,0,5.0,122,5,8,0,14,25,0,24
3,0,5.0,122,5,8,2,15,46,3,24
3,0,22.0,241,0,15,0,6,7,2,26
3,0,22.0,241,0,2,0,7,122,1,26
3,0,22.0,241,0,1,0,9,93,1,26
3,0,22.0,241,0,11,1,9,87,4,26
3,0,30.0,228,1,16,0,8,33,1,19
3,0,30.0,228,1,3,0,10,23,1,19
3,0,31.0,290,2,16,0,0,12,0,20
3,0,30.0,228,1,1,0,2,13,1,19
3,0,17.0,12,2,0,0,14,34,1,6
3,0,18.0,0,4,6,2,1,67,3,0
3,0,18.0,0,4,3,0,8,65,1,0
3,0,18.0,0,4,13,0,14,106,2,0
3,0,19.0,13,5,8,0,8,9,0,10
3,0,20.0,172,6,22,0,5,6,3,29
3,0,17.0,12,2,9,3,11,133,3,6
2,4,10.0,121,4,17,1,9,134,4,4
3,1,13.0,207,2,18,3,3,103,3,25
3,11,4.0,275,6,18,2,10,47,0,30
3,11,3.0,288,5,19,3,3,30,4,27
3,4,7.0,133,1,10,3,8,9,3,11
3,11,30.0,170,4,17,3,9,54,4,19
3,2,4.0,254,1,17,3,2,40,1,30
3,2,24.0,22,0,2,0,11,10,4,14
3,1,23.0,69,6,5,1,12,83,4,17
3,8,23.0,102,1,2,0,13,36,1,17
3,4,6.0,176,0,11,1,10,47,1,23
3,4,13.0,221,0,13,0,4,66,1,25
3,4,12.0,134,3,12,1,9,54,1,28
3,0,4.0,229,4,22,0,10,12,1,30
3,0,4.0,229,4,5,1,8,33,4,30
3,0,4.0,229,4,14,0,4,66,1,30
3,0,5.0,122,5,1,1,5,6,0,24
3,2,29.0,140,6,9,0,0,26,3,16
3,0,15.0,190,0,21,0,4,75,1,1
3,0,15.0,190,0,22,2,9,10,0,1
3,0,15.0,190,0,9,0,2,69,0,1
3,5,7.0,349,2,12,0,16,37,3,11
3,5,9.0,206,5,16,0,5,0,0,12
3,5,9.0,206,5,22,0,3,103,3,12
3,5,9.0,206,5,19,0,1,59,1,12
3,6,9.0,236,0,19,0,12,80,1,12
3,6,9.0,236,0,15,2,1,67,3,12
3,6,9.0,236,0,8,1,13,48,1,12
3,6,26.0,348,4,6,0,1,67,4,3
3,6,26.0,348,4,9,0,14,24,3,3
3,6,27.0,116,5,16,0,4,79,3,15
3,6,25.0,39,2,0,0,10,47,3,13
3,10,1.0,208,1,12,0,15,39,3,7
3,10,16.0,201,2,15,0,12,61,1,2
3,10,16.0,201,2,3,2,2,69,2,2
3,1,2.0,171,6,13,0,10,22,3,22
3,6,9.0,236,0,6,0,8,41,1,12
3,6,9.0,236,0,2,2,10,22,3,12
3,6,9.0,236,0,2,3,9,54,0,12
3,6,9.0,236,0,8,1,12,56,4,12
3,3,1.0,180,1,17,0,2,69,4,7
3,11,17.0,110,5,20,3,11,122,1,6
3,1,1.0,203,5,2,0,8,27,4,7
3,2,9.0,21,3,19,0,14,24,2,12
3,11,9.0,311,4,1,0,15,46,2,12
3,0,22.0,241,0,8,2,4,66,3,26
3,0,22.0,241,0,5,0,14,32,2,26
3,0,29.0,191,0,11,0,10,12,1,16
3,0,29.0,191,0,4,0,4,138,4,16
3,0,29.0,191,0,14,0,3,4,0,16
3,0,30.0,228,1,16,2,2,2,1,19
3,0,30.0,228,1,16,0,12,104,1,19
3,0,30.0,228,1,2,0,13,99,1,19
3,0,29.0,191,0,18,0,12,84,3,16
3,0,30.0,228,1,2,3,8,9,0,19
3,0,30.0,228,1,18,0,14,107,3,19
3,7,4.0,186,1,9,0,5,12,0,30
3,2,21.0,108,5,4,0,14,32,1,21
3,2,22.0,209,6,3,0,6,7,2,26
3,2,29.0,140,6,16,0,0,64,0,16
3,2,30.0,131,3,20,0,4,127,2,19
3,2,30.0,131,3,3,0,3,30,2,19
3,2,30.0,131,3,12,0,12,80,0,19
3,6,25.0,39,2,12,0,4,121,3,13
2,4,16.0,19,2,10,0,2,92,1,2
3,9,5.0,89,2,0,0,2,13,3,24
2,4,16.0,19,2,8,0,1,11,1,2
3,9,5.0,89,2,6,1,9,93,1,24
2,4,22.0,30,1,13,0,10,22,3,26
2,4,23.0,27,2,17,0,5,12,0,17
3,9,24.0,272,0,13,1,10,22,1,14
2,4,23.0,27,2,16,0,6,89,4,17
2,4,23.0,27,2,5,0,14,88,4,17
3,9,24.0,272,0,3,0,0,26,1,14
2,4,24.0,20,4,12,0,3,30,1,14
3,9,24.0,272,0,8,0,2,13,3,14
3,9,7.0,271,5,18,2,8,27,3,11
3,7,13.0,238,4,14,2,6,89,1,25
2,6,9.0,149,3,5,1,4,136,4,12
2,4,24.0,20,4,8,1,9,87,4,14
2,8,24.0,86,1,12,0,8,9,4,14
2,2,9.0,28,6,13,1,5,64,1,12
2,2,9.0,28,6,2,1,1,16,4,12
2,2,9.0,28,6,8,2,14,32,0,12
2,2,9.0,28,6,9,2,12,56,0,12
2,0,7.0,9,6,16,0,2,35,4,11
2,0,7.0,9,6,7,1,7,137,1,11
2,0,15.0,11,3,1,0,2,123,0,1
2,0,31.0,365,1,21,0,12,61,3,20
2,0,31.0,365,1,21,0,9,9,3,20
3,11,6.0,252,0,19,0,1,11,3,23
2,10,5.0,242,5,19,1,5,6,0,24
3,11,6.0,252,0,18,2,2,86,3,23
3,11,8.0,283,2,6,0,13,29,0,8
3,11,8.0,283,2,16,0,15,51,4,8
3,11,8.0,283,2,9,0,12,84,1,8
3,11,14.0,147,1,4,2,2,69,3,5
3,11,14.0,147,1,13,1,13,99,4,5
3,11,16.0,225,4,22,0,16,130,1,2
3,4,6.0,176,0,3,2,14,106,0,23
2,10,13.0,174,6,11,0,9,63,2,25
3,6,12.0,162,4,12,0,10,47,2,28
3,11,16.0,225,4,10,1,6,128,1,2
3,11,31.0,227,5,16,2,6,7,3,20
3,11,31.0,227,5,15,1,1,1,4,20
3,11,31.0,227,5,13,2,8,19,1,20
3,11,31.0,227,5,14,0,9,93,1,20
3,11,31.0,227,5,9,0,16,72,3,20
3,11,31.0,227,5,1,0,9,63,3,20
3,9,7.0,271,5,22,1,16,139,4,11
3,9,7.0,271,5,21,1,5,6,1,11
2,5,2.0,161,4,18,0,13,21,1,22
2,8,1.0,77,3,11,0,8,118,1,7
2,11,18.0,332,4,2,0,10,23,1,0
2,3,16.0,54,1,13,0,13,48,2,2
2,5,11.0,327,6,13,0,9,134,2,9
2,7,1.0,160,5,13,3,13,48,1,7
2,4,1.0,141,1,19,3,10,47,1,7
2,4,18.0,142,5,3,0,2,86,0,0
2,9,27.0,179,1,13,3,9,10,4,15
2,4,18.0,142,5,1,1,9,102,4,0
2,5,19.0,214,3,8,0,10,22,1,10
2,1,3.0,286,6,14,0,13,38,2,27
2,8,11.0,284,2,13,1,2,86,4,9
2,4,2.0,279,2,2,0,1,59,1,22
0,8,27.0,78,2,2,1,0,26,1,15
2,0,19.0,172,4,4,1,13,48,4,10
2,0,28.0,191,6,18,0,16,74,1,18
2,0,4.0,122,2,13,3,13,69,0,30
2,6,17.0,308,0,13,3,4,82,2,6
3,9,12.0,177,2,4,3,9,95,0,28
3,7,12.0,181,2,9,3,13,48,0,28
2,4,21.0,152,0,1,1,1,1,0,21
3,6,9.0,236,0,10,3,11,117,0,12
2,0,8.0,48,3,17,0,10,23,1,8
2,3,30.0,109,1,12,0,1,67,4,19
2,1,16.0,63,5,2,0,13,29,2,2
2,7,6.0,293,2,18,2,9,57,2,23
2,7,4.0,204,0,18,0,5,6,0,30
2,7,13.0,125,2,9,3,3,79,4,25
2,0,8.0,48,3,22,1,8,41,0,8
2,3,24.0,347,2,1,1,1,105,0,14
2,3,30.0,109,1,22,0,5,0,2,19
2,10,7.0,213,3,14,0,13,38,3,11
3,7,24.0,68,0,19,0,14,24,2,14
2,3,18.0,138,4,14,0,1,105,0,0
2,8,13.0,296,5,7,1,3,44,2,25
2,4,11.0,134,5,11,0,5,0,2,9
2,2,30.0,8,6,17,3,1,67,1,19
2,0,28.0,191,6,10,0,12,80,1,18
3,9,12.0,177,2,19,0,4,5,1,28
3,9,12.0,177,2,2,0,8,41,2,28
3,9,18.0,359,1,6,0,13,36,2,0
3,9,19.0,234,2,1,0,6,7,0,10
3,7,3.0,269,0,15,0,16,74,4,27
3,7,10.0,329,0,17,1,14,110,0,4
2,11,24.0,194,2,19,0,0,85,1,14
2,5,14.0,200,1,18,0,9,93,1,5
2,4,8.0,18,1,9,0,7,122,0,8
3,11,25.0,88,6,18,0,11,117,1,13
2,3,7.0,148,3,19,3,11,18,3,11
2,7,23.0,68,6,20,0,7,57,2,17
2,6,23.0,31,3,19,1,0,31,4,17
2,1,14.0,1,2,22,1,10,22,1,5
2,5,14.0,200,1,18,0,4,75,4,5
2,10,13.0,174,6,8,0,14,25,2,25
3,4,7.0,133,1,16,0,2,69,0,11
3,9,8.0,90,6,6,1,13,28,0,8
0,6,1.0,158,4,13,0,7,122,3,7
3,7,21.0,81,5,0,1,0,0,0,21
3,6,12.0,162,4,22,0,9,27,0,28
2,10,22.0,247,0,17,0,0,68,4,26
3,7,21.0,81,5,8,0,2,69,2,21
3,4,7.0,133,1,4,0,5,6,3,11
3,9,8.0,90,6,23,1,2,69,4,8
2,4,12.0,221,6,18,0,2,2,4,28
3,9,24.0,272,0,19,1,12,56,4,14
2,10,22.0,247,0,6,2,2,40,3,26
3,7,21.0,81,5,14,2,8,27,3,21
3,4,12.0,134,3,12,0,6,89,2,28
3,9,8.0,90,6,4,1,16,37,4,8
3,7,24.0,68,0,14,0,14,24,2,14
2,4,12.0,221,6,4,2,8,33,2,28
3,9,24.0,272,0,18,0,1,1,1,14
3,6,12.0,162,4,2,0,1,1,3,28
2,10,22.0,247,0,17,2,16,113,3,26
3,7,22.0,211,6,14,0,6,7,4,26
3,4,13.0,221,0,3,0,8,118,1,25
3,9,24.0,272,0,16,0,2,2,1,14
2,1,24.0,65,6,11,0,5,12,2,14
2,4,18.0,142,5,12,1,13,48,0,0
2,4,18.0,142,5,1,1,14,126,4,0
3,11,11.0,175,6,20,1,11,90,1,9
3,7,4.0,186,1,9,1,11,15,0,30
3,7,4.0,186,1,22,2,3,44,3,30
3,7,19.0,330,2,6,1,10,47,0,10
2,1,19.0,151,0,19,1,0,53,0,10
2,1,27.0,300,1,13,0,1,35,4,15
2,4,5.0,176,6,18,0,6,128,3,24
2,10,1.0,358,0,10,0,4,127,1,7
3,6,6.0,83,5,2,2,1,11,3,23
3,6,6.0,83,5,4,2,2,2,3,23
3,6,6.0,83,5,9,0,4,45,2,23
3,6,11.0,355,2,16,1,9,10,4,9
3,6,11.0,355,2,2,2,10,22,3,9
3,6,11.0,355,2,12,1,5,64,0,9
3,6,11.0,355,2,1,0,13,36,3,9
3,6,22.0,185,3,0,1,0,15,4,26
3,6,29.0,335,3,23,0,8,27,1,16
3,11,3.0,288,5,22,1,12,80,1,27
3,11,30.0,170,4,4,3,7,62,1,19
3,11,30.0,170,4,3,1,1,35,4,19
3,6,29.0,335,3,9,0,8,41,4,16
3,6,29.0,335,3,11,1,2,2,4,16
3,6,29.0,335,3,18,1,10,47,1,16
3,6,30.0,145,0,7,1,6,128,0,19
3,6,29.0,335,3,18,1,1,35,4,16
3,10,4.0,356,5,20,0,13,99,4,30
3,10,23.0,247,2,23,0,16,72,1,17
3,10,23.0,247,2,1,0,2,123,0,17
3,1,20.0,151,2,0,0,15,96,3,29
3,1,20.0,151,2,7,0,4,136,1,29
3,1,23.0,69,6,17,1,0,26,0,17
3,1,31.0,305,3,16,0,1,59,4,20
3,1,31.0,305,3,21,1,9,27,0,20
3,8,20.0,319,6,3,1,13,28,1,29
3,8,20.0,319,6,11,1,1,1,4,29
3,8,20.0,319,6,18,2,12,61,3,29
3,8,20.0,319,6,11,1,10,47,1,29
3,8,23.0,102,1,14,2,0,64,3,17
3,1,20.0,151,2,14,0,0,64,3,29
3,1,28.0,300,4,22,0,3,103,2,18
3,1,28.0,300,4,13,1,1,67,4,18
3,1,31.0,305,3,3,0,15,51,1,20
3,1,31.0,305,3,12,0,14,88,4,20
3,1,28.0,300,4,18,0,5,12,2,18
3,8,20.0,319,6,0,2,0,77,3,29
3,8,20.0,319,6,5,0,0,64,2,29
3,8,20.0,319,6,15,0,5,64,3,29
3,8,20.0,319,6,15,0,11,124,3,29
3,8,23.0,102,1,9,2,1,35,0,17
3,4,6.0,176,0,23,1,16,72,4,23
3,4,7.0,133,1,16,0,0,26,3,11
3,4,7.0,133,1,21,2,0,53,0,11
3,4,7.0,133,1,6,2,1,59,3,11
3,4,7.0,133,1,10,1,0,26,2,11
3,4,7.0,133,1,18,0,5,12,3,11
3,4,7.0,133,1,18,1,14,32,4,11
3,4,12.0,134,3,23,1,2,13,1,28
3,4,12.0,134,3,1,2,4,45,2,28
3,4,12.0,134,3,18,0,1,1,1,28
3,1,20.0,151,2,4,0,9,87,3,29
3,1,20.0,151,2,12,0,1,11,4,29
3,1,23.0,69,6,2,0,5,6,1,17
3,1,23.0,69,6,12,2,1,1,3,17
3,1,28.0,300,4,9,0,2,92,3,18
3,1,28.0,300,4,4,0,13,99,3,18
3,1,31.0,305,3,22,0,2,2,0,20
3,8,20.0,319,6,16,1,1,1,0,29
3,8,20.0,319,6,5,0,14,88,3,29
3,8,23.0,102,1,19,2,3,44,0,17
3,4,5.0,235,3,15,0,8,9,2,24
3,4,5.0,235,3,14,1,7,20,4,24
3,4,6.0,176,0,0,0,13,28,1,23
3,4,6.0,176,0,11,0,10,52,1,23
2,10,22.0,247,0,21,2,16,72,1,26
3,7,22.0,211,6,20,1,9,87,4,26
3,1,28.0,300,4,9,0,5,12,2,18
2,4,16.0,19,2,0,0,2,86,1,2
2,10,22.0,247,0,8,0,10,47,0,26
3,9,24.0,272,0,11,0,3,30,3,14
3,7,22.0,211,6,9,0,2,92,1,26
3,9,26.0,267,2,7,0,3,30,4,3
3,1,31.0,305,3,14,2,1,67,0,20
2,4,16.0,19,2,21,1,2,123,4,2
2,2,14.0,130,4,11,0,13,29,2,5
3,8,20.0,319,6,19,0,8,19,4,29
3,9,24.0,272,0,3,0,15,31,1,14
3,7,28.0,34,5,6,0,15,46,3,18
3,9,24.0,272,0,2,1,2,71,0,14
2,8,24.0,86,1,0,0,11,15,1,14
2,2,7.0,258,4,4,2,9,63,3,11
2,10,24.0,56,2,0,0,5,6,1,14
3,8,20.0,319,6,20,1,13,28,1,29
2,10,13.0,174,6,18,1,10,22,1,25
3,7,28.0,34,5,3,1,10,12,1,18
3,9,26.0,267,2,8,1,11,94,4,3
2,4,22.0,30,1,6,2,4,79,0,26
2,4,22.0,30,1,0,0,16,50,3,26
2,4,22.0,30,1,1,3,12,56,0,26
2,4,22.0,30,1,1,0,8,9,1,26
2,4,23.0,27,2,2,0,10,22,0,17
2,4,24.0,20,4,10,1,1,105,0,14
2,4,24.0,20,4,3,1,9,93,4,14
2,0,7.0,9,6,21,0,15,46,1,11
2,0,7.0,9,6,14,0,8,41,1,11
2,0,31.0,365,1,14,2,11,117,1,20
2,0,31.0,365,1,18,0,10,6,3,20
3,11,6.0,252,0,11,1,7,20,4,23
3,11,8.0,283,2,2,0,4,45,2,8
2,4,23.0,27,2,11,0,12,100,4,17
2,2,8.0,21,5,8,0,15,39,2,8
2,2,8.0,21,5,1,0,13,29,1,8
2,2,9.0,28,6,9,1,9,87,4,12
2,0,7.0,9,6,10,2,13,48,0,11
2,0,7.0,9,6,19,0,5,12,2,11
2,11,15.0,331,0,15,3,13,21,2,1
2,3,30.0,109,1,15,0,6,89,1,19
2,9,21.0,362,2,1,0,4,82,1,21
2,0,24.0,281,1,20,1,15,114,4,14
3,9,1.0,126,6,19,0,6,7,4,7
2,3,21.0,166,3,20,0,8,9,1,21
3,9,1.0,126,6,20,3,1,67,3,7
3,9,1.0,126,6,13,0,4,45,1,7
2,0,7.0,9,6,14,0,5,6,3,11
2,0,15.0,11,3,20,1,8,118,1,1
2,0,31.0,365,1,16,0,7,78,0,20
2,0,31.0,365,1,5,0,11,133,2,20
2,0,31.0,365,1,13,0,8,41,1,20
2,0,31.0,365,1,22,0,5,12,0,20
2,0,31.0,365,1,2,0,13,29,3,20
3,11,6.0,252,0,7,1,11,15,0,23
3,11,6.0,252,0,20,0,9,83,1,23
3,11,8.0,283,2,17,1,9,95,4,8
3,11,8.0,283,2,5,0,13,21,2,8
3,11,8.0,283,2,5,0,8,9,2,8
3,11,16.0,225,4,17,1,7,62,4,2
3,11,16.0,225,4,22,2,8,118,0,2
3,11,31.0,227,5,23,0,6,7,1,20
2,4,24.0,20,4,0,1,15,119,0,14
2,4,23.0,27,2,19,2,12,80,0,17
3,6,22.0,185,3,3,0,8,27,1,26
3,6,30.0,145,0,16,0,11,15,3,19
3,6,30.0,145,0,4,0,15,51,1,19
3,10,13.0,346,3,17,0,9,95,3,25
3,10,13.0,346,3,5,1,11,18,1,25
3,10,23.0,247,2,16,0,5,6,3,17
3,10,23.0,247,2,18,0,2,69,1,17
3,10,23.0,247,2,18,2,5,12,2,17
3,1,13.0,207,2,1,3,10,22,0,25
3,1,20.0,151,2,0,1,13,28,0,29
3,1,20.0,151,2,19,0,10,22,0,29
3,1,20.0,151,2,9,0,13,123,4,29
3,3,13.0,210,3,4,0,14,125,2,25
3,3,13.0,210,3,4,1,7,54,4,25
3,3,14.0,33,0,21,0,5,6,1,5
3,3,14.0,33,0,3,0,7,54,1,5
3,3,14.0,33,0,1,1,9,109,4,5
3,3,3.0,182,4,7,1,10,47,1,27
3,3,21.0,338,0,12,0,3,30,0,21
3,3,11.0,337,5,13,0,13,48,2,9
3,5,11.0,326,3,15,0,15,114,3,9
2,7,6.0,293,2,9,3,6,128,1,23
2,3,22.0,57,0,15,3,8,19,0,26
2,1,16.0,63,5,18,0,4,127,1,2
2,2,25.0,3,0,1,0,12,17,4,13
2,7,6.0,293,2,9,1,15,39,0,23
0,11,1.0,222,3,17,0,2,2,1,7
3,9,25.0,344,1,17,0,10,47,2,13
2,5,31.0,158,5,9,0,14,24,1,20
2,10,7.0,213,3,20,0,16,139,2,11
2,10,24.0,56,2,0,0,9,27,1,14
3,7,9.0,273,3,10,1,7,62,0,12
2,10,22.0,247,0,17,1,14,106,2,26
3,3,2.0,120,2,13,0,6,91,1,22
3,8,20.0,319,6,15,1,16,37,4,29
2,1,31.0,66,6,9,2,16,74,3,20
3,7,18.0,154,1,17,0,11,18,0,0
2,10,22.0,247,0,2,0,11,133,0,26
2,10,22.0,247,0,4,1,15,51,4,26
2,4,24.0,20,4,14,0,2,2,0,14
3,3,2.0,120,2,1,0,14,25,0,22
3,8,20.0,319,6,1,0,2,13,3,29
3,11,14.0,147,1,17,0,15,46,3,5
2,10,22.0,247,0,18,2,11,117,3,26
3,3,2.0,120,2,15,3,4,82,3,22
3,8,23.0,102,1,16,0,5,12,3,17
3,11,14.0,147,1,14,0,5,64,2,5
2,2,8.0,21,5,5,2,2,3,0,8
2,8,8.0,124,3,13,0,12,56,2,8
3,3,3.0,182,4,6,0,2,13,1,27
3,8,23.0,102,1,5,0,2,2,4,17
3,11,16.0,225,4,16,1,14,24,0,2
2,2,8.0,21,5,8,0,8,27,3,8
2,2,8.0,21,5,19,1,9,101,1,8
2,2,9.0,28,6,2,0,16,113,1,12
2,2,8.0,21,5,9,0,9,54,2,8
2,0,7.0,9,6,8,0,8,118,1,11
2,0,15.0,11,3,14,0,2,86,1,1
2,0,15.0,11,3,9,2,4,4,3,1
2,0,31.0,365,1,15,0,2,86,4,20
2,0,31.0,365,1,22,2,16,50,2,20
2,0,31.0,365,1,13,0,13,29,1,20
3,11,6.0,252,0,16,1,11,55,4,23
3,11,6.0,252,0,19,2,15,46,0,23
3,11,6.0,252,0,2,2,16,37,2,23
3,11,6.0,252,0,12,0,1,59,2,23
3,11,8.0,283,2,0,0,8,27,0,8
3,11,8.0,283,2,2,0,2,86,0,8
3,11,8.0,283,2,2,0,2,92,1,8
2,0,31.0,365,1,13,3,1,105,3,20
2,10,30.0,135,1,8,0,8,118,4,19
2,10,30.0,135,1,1,0,15,119,1,19
2,10,31.0,203,2,16,0,0,12,0,20
2,10,25.0,61,4,0,0,0,0,3,13
2,10,31.0,203,2,0,2,11,15,3,20
2,10,31.0,203,2,19,0,2,2,3,20
2,10,31.0,203,2,19,0,9,134,2,20
2,10,31.0,203,2,18,0,9,57,0,20
2,1,6.0,32,1,0,0,13,48,3,23
2,1,6.0,32,1,23,0,0,64,2,23
2,1,6.0,32,1,13,0,5,6,0,23
2,1,17.0,82,6,22,0,4,4,3,6
2,1,17.0,82,6,22,0,1,67,3,6
2,7,30.0,43,6,2,0,0,85,0,19
2,1,22.0,69,4,9,0,13,21,1,26
2,1,22.0,69,4,1,2,6,7,3,26
2,10,13.0,174,6,17,3,11,117,1,25
3,5,11.0,326,3,2,2,8,33,3,9
3,5,13.0,184,1,17,2,9,63,3,25
3,5,13.0,184,1,6,0,5,6,3,25
3,5,13.0,184,1,8,3,11,133,4,25
3,5,13.0,184,1,1,0,7,20,3,25
3,5,22.0,163,4,3,0,3,76,3,26
3,5,22.0,163,4,22,1,3,79,1,26
3,5,22.0,163,4,2,0,10,22,2,26
3,5,22.0,163,4,2,0,10,47,2,26
3,5,22.0,163,4,15,0,10,47,2,26
3,5,27.0,328,1,0,0,5,64,0,15
3,6,4.0,159,2,16,0,10,22,3,30
3,6,4.0,159,2,12,0,11,18,1,30
3,6,6.0,83,5,15,1,4,4,1,23
2,8,21.0,354,6,2,0,11,15,2,21
3,6,6.0,83,5,8,0,10,22,3,23
3,6,6.0,83,5,4,0,12,80,0,23
3,6,6.0,83,5,8,1,11,15,1,23
2,1,31.0,66,6,17,0,1,67,3,20
2,1,31.0,66,6,4,2,8,19,3,20
2,5,4.0,96,6,8,0,6,89,0,30
2,5,4.0,96,6,2,0,2,3,3,30
2,5,4.0,96,6,4,1,11,15,4,30
2,5,5.0,277,3,10,0,13,21,1,24
2,5,16.0,212,4,3,1,13,48,0,2
2,6,5.0,83,2,16,2,5,12,3,24
2,6,5.0,83,2,16,2,7,111,0,24
2,6,5.0,83,2,9,0,5,12,0,24
2,6,5.0,83,2,9,2,14,25,0,24
2,6,5.0,83,2,2,0,1,11,1,24
2,6,15.0,38,6,15,1,11,18,1,1
3,7,9.0,273,3,4,1,16,50,4,12
2,10,8.0,150,0,10,1,14,24,0,8
2,10,8.0,150,0,4,0,13,28,1,8
2,10,8.0,150,0,19,0,2,2,4,8
2,10,8.0,150,0,21,1,3,76,0,8
2,10,8.0,150,0,13,3,15,46,0,8
2,10,8.0,150,0,7,0,14,97,3,8
3,3,4.0,285,5,13,0,11,124,2,30
3,8,23.0,102,1,22,0,2,123,0,17
2,10,24.0,56,2,0,0,8,19,3,14
3,11,14.0,147,1,17,1,9,95,0,5
3,3,11.0,337,5,3,0,13,28,4,9
3,8,23.0,102,1,20,1,14,24,1,17
2,10,8.0,150,0,7,1,7,57,4,8
2,8,23.0,85,0,16,0,0,26,1,17
3,8,23.0,102,1,1,0,0,77,1,17
3,11,16.0,225,4,14,0,13,38,1,2
3,3,13.0,210,3,19,2,4,76,3,25
2,10,24.0,56,2,21,0,11,15,3,14
3,8,23.0,102,1,19,3,13,48,4,17
2,8,25.0,278,2,6,0,10,6,3,13
3,11,16.0,225,4,13,1,7,137,1,2
2,10,13.0,174,6,21,0,10,23,1,25
3,3,14.0,33,0,5,1,11,133,1,5
2,10,24.0,56,2,21,1,0,26,1,14
3,8,23.0,102,1,14,0,10,47,3,17
3,11,31.0,227,5,13,0,5,6,2,20
3,3,21.0,338,0,19,2,5,6,0,21
2,10,24.0,56,2,1,2,13,38,3,14
3,4,5.0,235,3,13,2,13,21,2,24
2,8,25.0,278,2,6,0,0,85,0,13
3,11,31.0,227,5,12,0,8,19,1,20
3,9,7.0,271,5,14,0,4,79,0,11
3,9,8.0,90,6,6,0,15,46,0,8
3,9,24.0,272,0,8,0,9,93,3,14
3,9,24.0,272,0,8,0,0,68,3,14
3,9,24.0,272,0,12,0,4,82,1,14
3,9,24.0,272,0,2,0,2,2,1,14
3,9,26.0,267,2,11,0,13,28,1,3
3,7,25.0,41,1,21,1,15,108,4,13
3,7,31.0,43,0,13,1,10,22,1,20
3,7,31.0,43,0,4,0,4,4,1,20
3,3,9.0,44,2,0,0,5,64,3,12
3,3,9.0,44,2,0,0,2,69,3,12
3,3,9.0,44,2,14,0,3,30,3,12
3,3,9.0,44,2,19,2,6,128,3,12
3,3,9.0,44,2,9,0,16,50,3,12
3,6,15.0,49,3,2,3,16,130,0,1
2,0,31.0,365,1,1,0,8,9,1,20
3,11,8.0,283,2,0,2,0,64,3,8
3,11,8.0,283,2,22,2,14,24,3,8
3,11,16.0,225,4,22,0,4,66,0,2
3,11,16.0,225,4,15,2,2,40,3,2
3,11,16.0,225,4,20,0,14,131,1,2
3,11,31.0,227,5,6,0,10,23,1,20
3,11,31.0,227,5,21,0,14,110,1,20
3,11,31.0,227,5,16,1,4,66,0,20
3,11,31.0,227,5,15,3,9,93,3,20
3,11,31.0,227,5,1,0,10,22,3,20
3,9,7.0,271,5,9,0,14,107,1,11
3,9,8.0,90,6,13,1,8,118,4,8
2,0,15.0,11,3,14,0,13,123,1,1
3,9,8.0,90,6,8,0,12,84,3,8
3,9,9.0,320,3,8,0,4,127,1,12
3,9,24.0,272,0,20,1,4,75,0,14
3,9,24.0,272,0,9,1,13,21,1,14
3,9,26.0,267,2,23,0,14,34,1,3
3,7,9.0,273,3,14,2,9,101,3,12
3,7,18.0,154,1,16,1,7,120,1,0
3,7,25.0,41,1,19,0,5,64,0,13
3,7,25.0,41,1,9,0,10,23,1,13
3,7,25.0,41,1,8,1,12,83,4,13
3,7,31.0,43,0,6,0,11,15,0,20
3,7,31.0,43,0,22,0,10,47,2,20
2,10,25.0,61,4,5,3,13,21,4,13
2,10,30.0,135,1,16,0,5,12,3,19
2,10,30.0,135,1,16,0,8,9,4,19
2,10,30.0,135,1,9,0,13,99,4,19
2,10,31.0,203,2,20,0,9,49,3,20
2,1,6.0,32,1,13,0,1,16,4,23
2,1,6.0,32,1,9,0,7,137,3,23
2,1,6.0,32,1,4,0,5,12,3,23
2,1,17.0,82,6,20,0,5,6,2,6
2,1,17.0,82,6,16,1,11,133,4,6
2,1,30.0,305,5,8,0,5,47,3,19
2,1,30.0,305,5,9,2,0,77,3,19
2,8,8.0,124,3,2,2,12,56,3,8
2,8,22.0,102,3,11,3,2,13,1,26
2,8,22.0,102,3,13,0,0,0,0,26
2,8,22.0,102,3,14,0,10,22,3,26
2,8,22.0,102,3,9,0,2,2,1,26
2,8,23.0,85,0,17,2,8,27,0,17
2,8,23.0,85,0,22,0,13,28,1,17
2,8,8.0,124,3,13,0,3,79,1,8
2,8,24.0,86,1,17,0,8,118,1,14
2,8,24.0,86,1,11,0,5,12,3,14
2,8,30.0,144,0,3,0,3,30,0,19
2,8,30.0,144,0,3,0,0,96,1,19
2,4,6.0,133,3,8,0,2,2,3,23
2,4,6.0,133,3,18,0,4,121,1,23
2,4,7.0,292,0,23,0,12,121,0,11
2,4,7.0,292,0,14,0,1,11,1,11
2,4,7.0,292,0,1,2,16,113,3,11
2,4,16.0,19,2,0,0,13,69,4,2
3,10,4.0,356,5,17,0,5,12,1,30
2,8,25.0,278,2,0,1,14,32,4,13
3,4,6.0,176,0,13,0,15,39,0,23
2,8,25.0,278,2,17,0,7,111,1,13
3,10,4.0,356,5,14,0,10,22,1,30
2,10,25.0,61,4,10,0,4,79,1,13
2,8,25.0,278,2,15,0,14,106,1,13
2,10,25.0,61,4,10,1,0,53,0,13
3,4,5.0,235,3,17,0,9,102,1,24
2,8,25.0,278,2,12,0,7,57,1,13
2,8,24.0,86,1,2,0,8,9,4,14
2,8,25.0,278,2,16,0,0,85,3,13
2,8,30.0,144,0,16,1,13,38,0,19
2,4,6.0,133,3,3,2,3,115,2,23
2,4,6.0,133,3,8,0,5,6,2,23
2,4,16.0,19,2,16,0,14,25,2,2
3,6,11.0,355,2,15,0,14,24,3,9
3,6,11.0,355,2,6,1,15,114,4,9
3,6,12.0,162,4,6,2,5,6,3,28
3,6,12.0,162,4,8,0,8,9,1,28
3,6,12.0,162,4,1,0,16,42,1,28
3,6,22.0,185,3,17,0,0,12,1,26
3,6,22.0,185,3,13,0,11,18,1,26
3,6,22.0,185,3,8,0,8,118,2,26
3,6,29.0,335,3,16,1,10,52,1,16
3,6,29.0,335,3,13,1,9,83,4,16
3,6,29.0,335,3,12,0,1,104,3,16
3,6,30.0,145,0,16,2,10,47,3,19
3,6,30.0,145,0,18,0,7,20,3,19
3,10,4.0,356,5,16,2,10,47,3,30
3,10,4.0,356,5,5,2,8,41,1,30
3,10,4.0,356,5,12,0,13,28,2,30
3,10,5.0,336,6,22,1,7,129,1,24
3,10,13.0,346,3,21,0,5,64,3,25
2,5,1.0,307,2,8,0,5,12,1,7
2,0,13.0,5,5,19,3,10,47,1,25
3,11,30.0,170,4,13,0,11,98,2,19
2,4,22.0,30,1,21,1,15,31,4,26
2,4,22.0,30,1,3,0,5,64,3,26
2,4,22.0,30,1,8,0,10,47,3,26
2,4,23.0,27,2,22,0,12,80,4,17
2,4,24.0,20,4,19,0,0,53,1,14
2,2,8.0,21,5,12,1,12,83,4,8
2,2,8.0,21,5,19,0,0,12,1,8
2,0,7.0,9,6,0,1,8,27,0,11
2,0,7.0,9,6,12,1,11,90,4,11
3,11,14.0,147,1,1,0,8,27,0,5
3,11,14.0,147,1,19,0,12,84,3,5
3,11,14.0,147,1,16,1,9,95,0,5
3,11,31.0,227,5,5,0,14,24,2,20
3,11,31.0,227,5,12,0,13,38,0,20
3,9,7.0,271,5,4,0,13,29,4,11
3,9,7.0,271,5,9,0,0,77,1,11
3,9,8.0,90,6,15,0,15,39,2,8
3,9,8.0,90,6,5,0,8,9,0,8
3,9,9.0,320,3,8,0,10,12,2,12
3,9,8.0,90,6,20,0,14,24,2,8
3,9,24.0,272,0,11,0,4,4,1,14
3,9,24.0,272,0,15,0,5,64,0,14
3,9,24.0,272,0,12,0,8,27,2,14
3,9,24.0,272,0,18,0,1,59,3,14
3,11,6.0,252,0,22,0,16,65,0,23
3,7,9.0,273,3,0,0,12,121,1,12
3,7,9.0,273,3,0,1,6,91,4,12
3,7,9.0,273,3,22,0,10,43,3,12
3,7,18.0,154,1,0,0,0,26,3,0
3,10,19.0,117,6,15,0,2,40,2,10
3,11,31.0,227,5,11,1,9,49,4,20
3,9,7.0,271,5,12,0,5,6,0,11
3,9,8.0,90,6,16,0,13,69,1,8
3,9,8.0,90,6,21,0,8,41,1,8
3,9,8.0,90,6,3,1,2,71,1,8
3,9,9.0,320,3,0,2,6,7,0,12
3,9,9.0,320,3,13,1,3,70,1,12
3,9,8.0,90,6,1,0,15,31,1,8
3,9,8.0,90,6,12,1,11,90,2,8
3,9,24.0,272,0,5,0,9,134,4,14
2,10,13.0,174,6,13,0,3,30,2,25
3,10,5.0,336,6,1,0,6,7,0,24
3,7,31.0,43,0,12,1,14,25,2,20
3,4,7.0,133,1,6,1,13,29,0,11
3,10,4.0,356,5,17,1,16,37,4,30
3,4,7.0,133,1,9,0,13,48,4,11
2,10,22.0,247,0,4,1,11,18,0,26
3,10,13.0,346,3,10,0,8,27,0,25
2,10,25.0,61,4,1,0,0,53,3,13
3,11,24.0,194,5,13,3,10,47,0,14
2,6,4.0,342,1,18,0,9,95,4,30
2,6,4.0,342,1,6,1,13,48,2,30
2,10,21.0,314,3,4,2,10,47,3,21
3,3,1.0,180,1,16,2,6,7,0,7
2,1,5.0,97,0,9,0,8,9,0,24
2,8,15.0,73,3,18,0,5,6,3,1
2,8,6.0,70,5,5,0,1,16,2,23
2,10,23.0,261,1,13,1,5,12,0,17
2,8,6.0,70,5,7,0,16,50,1,23
2,11,13.0,312,6,13,3,14,24,0,25
2,8,6.0,70,5,11,0,8,27,1,23
2,11,20.0,340,6,13,0,12,56,2,29
3,11,25.0,88,6,5,0,15,114,2,13
3,11,23.0,232,4,17,1,3,44,1,17
3,9,23.0,167,3,8,0,5,64,2,17
2,6,14.0,49,5,1,0,6,7,3,5
2,6,8.0,236,6,4,0,0,77,1,8
2,10,21.0,314,3,5,0,4,75,1,21
2,10,23.0,261,1,6,0,0,26,3,17
3,5,10.0,155,6,13,0,11,117,2,4
3,5,10.0,155,6,8,1,8,9,4,4
2,0,14.0,190,6,13,1,12,135,4,5
3,11,2.0,265,4,5,3,14,110,3,22
2,0,21.0,241,6,0,3,10,22,1,21
3,11,21.0,192,1,9,1,10,22,1,21
3,11,21.0,192,1,18,0,12,84,3,21
3,7,4.0,186,1,15,1,4,127,1,30
2,3,19.0,105,5,5,1,6,7,0,10
0,6,1.0,158,4,17,0,12,121,1,7
2,5,25.0,37,6,14,0,12,61,3,13
2,8,19.0,319,4,18,3,13,99,4,10
2,4,18.0,142,5,9,0,6,116,3,0
2,4,28.0,313,0,9,2,11,94,4,18
2,9,27.0,179,1,16,0,1,59,3,15
0,6,1.0,158,4,17,3,9,27,0,7
2,11,1.0,222,0,17,3,2,2,4,7
3,11,29.0,270,2,3,0,5,6,0,16
3,7,4.0,186,1,17,0,0,0,0,30
3,7,4.0,186,1,22,0,1,67,1,30
2,6,29.0,145,6,14,2,2,69,3,16
2,10,1.0,358,0,8,0,11,94,1,7
2,6,29.0,145,6,9,3,6,89,3,16
2,10,22.0,247,0,3,0,6,128,3,26
3,7,29.0,268,6,17,3,9,87,2,16
3,11,30.0,170,4,12,1,11,15,4,19
3,10,13.0,346,3,17,1,10,43,0,25
3,10,4.0,356,5,13,0,3,30,3,30
3,10,13.0,346,3,4,0,2,71,4,25
3,10,23.0,247,2,20,0,5,12,1,17
3,10,23.0,247,2,12,0,2,13,3,17
3,10,23.0,247,2,19,0,0,85,4,17
3,10,23.0,247,2,4,0,4,45,1,17
3,10,23.0,247,2,14,0,10,23,1,17
3,1,13.0,207,2,21,2,10,22,3,25
3,1,13.0,207,2,20,0,16,72,1,25
3,1,13.0,207,2,3,0,1,11,2,25
3,1,13.0,207,2,1,0,4,70,3,25
3,1,13.0,207,2,16,0,0,12,3,25
3,1,20.0,151,2,11,3,1,67,3,29
3,1,20.0,151,2,4,0,6,7,0,29
3,1,20.0,151,2,9,0,9,93,3,29
3,1,23.0,69,6,23,0,10,47,1,17
3,1,23.0,69,6,14,0,3,44,3,17
3,1,23.0,69,6,18,2,6,7,0,17
3,1,31.0,305,3,17,2,14,25,3,20
3,9,20.0,119,4,17,0,2,3,4,29
3,9,20.0,119,4,4,0,8,118,2,29
3,9,20.0,119,4,1,2,9,93,1,29
3,9,27.0,179,4,13,0,1,67,2,15
3,9,28.0,315,5,13,0,1,1,2,18
3,9,27.0,179,4,18,1,5,0,2,15
3,7,5.0,204,2,10,1,3,79,0,24
3,7,11.0,197,1,13,0,13,28,2,9
3,7,13.0,238,4,20,0,10,12,1,25
3,10,13.0,346,3,11,0,15,46,3,25
3,10,13.0,346,3,9,0,4,79,2,25
3,11,1.0,222,2,17,0,9,54,4,7
3,4,12.0,134,3,20,0,1,35,4,28
3,4,13.0,221,0,22,0,15,51,2,25
3,4,22.0,152,2,14,1,12,58,4,26
3,10,23.0,247,2,0,0,1,11,1,17
3,10,23.0,247,2,9,0,10,47,3,17
3,4,12.0,134,3,18,0,6,7,0,28
3,10,23.0,247,2,1,0,2,92,3,17
3,4,13.0,221,0,10,2,14,25,0,25
3,4,13.0,221,0,12,0,4,66,0,25
3,4,13.0,221,0,19,0,10,47,3,25
3,4,22.0,152,2,6,0,5,12,3,26
3,4,22.0,152,2,8,0,0,53,3,26
3,4,30.0,139,4,17,0,15,46,3,19
3,4,30.0,139,4,8,0,2,123,4,19
3,4,30.0,139,4,12,0,0,12,1,19
3,4,30.0,139,4,1,2,10,12,1,19
3,2,4.0,254,1,3,1,10,47,1,30
3,2,4.0,254,1,8,0,14,34,2,30
3,2,4.0,254,1,14,0,2,86,4,30
3,2,4.0,254,1,1,0,3,79,1,30
3,2,4.0,254,1,1,2,2,40,3,30
3,2,4.0,254,1,5,1,2,86,4,30
3,2,6.0,251,4,8,0,0,26,0,23
3,2,6.0,251,4,1,0,11,90,1,23
3,2,13.0,276,4,5,1,2,123,0,25
3,2,13.0,276,4,3,0,8,9,1,25
3,2,13.0,276,4,15,0,2,60,0,25
2,10,22.0,247,0,3,0,2,123,2,26
3,2,13.0,276,4,8,0,15,108,2,25
3,2,13.0,276,4,14,0,10,47,0,25
3,2,16.0,220,3,17,1,16,72,0,2
3,2,16.0,220,3,9,0,13,36,1,2
3,11,30.0,170,4,9,2,9,95,3,19
3,6,4.0,159,2,20,1,10,12,1,30
3,6,30.0,145,0,22,0,2,60,4,19
3,6,30.0,145,0,1,2,9,57,0,19
3,10,4.0,356,5,17,1,8,19,0,30
3,10,5.0,336,6,21,2,1,35,0,24
3,10,5.0,336,6,7,1,9,27,0,24
3,10,13.0,346,3,6,0,10,47,3,25
3,10,13.0,346,3,11,1,14,25,4,25
3,10,23.0,247,2,23,0,10,52,3,17
3,10,23.0,247,2,7,1,7,62,0,17
3,10,23.0,247,2,11,0,2,2,3,17
3,10,23.0,247,2,8,2,16,130,0,17
3,1,13.0,207,2,16,0,5,6,0,25
3,1,13.0,207,2,16,0,14,24,1,25
3,1,13.0,207,2,16,0,10,30,0,25
3,1,13.0,207,2,3,0,9,87,3,25
3,1,13.0,207,2,18,2,2,71,3,25
3,1,23.0,69,6,6,2,14,25,0,17
3,1,23.0,69,6,8,0,4,82,1,17
3,1,23.0,69,6,1,2,0,15,3,17
2,10,24.0,56,2,6,1,12,56,1,14
2,10,30.0,135,1,15,0,1,67,2,19
2,10,30.0,135,1,1,0,0,12,0,19
2,1,6.0,32,1,15,0,2,2,4,23
2,1,6.0,32,1,9,0,12,121,1,23
2,1,17.0,82,6,22,2,9,87,0,6
2,1,17.0,82,6,16,2,2,2,3,6
2,1,30.0,305,5,17,0,0,15,3,19
2,1,31.0,66,6,21,2,6,7,4,20
2,1,31.0,66,6,11,1,4,138,4,20
2,1,31.0,66,6,4,0,10,23,3,20
2,8,8.0,124,3,21,2,8,27,3,8
2,8,8.0,124,3,2,0,10,6,3,8
2,8,22.0,102,3,6,2,2,123,3,26
2,8,22.0,102,3,8,0,14,32,3,26
2,8,22.0,102,3,3,0,16,50,2,26
2,8,22.0,102,3,2,0,2,86,1,26
2,8,23.0,85,0,0,0,4,138,3,17
3,10,13.0,346,3,15,0,14,24,2,25
3,1,13.0,207,2,15,0,6,132,2,25
3,1,13.0,207,2,12,0,15,46,2,25
3,1,13.0,207,2,3,0,11,18,1,25
3,1,13.0,207,2,9,0,3,30,0,25
3,1,20.0,151,2,16,1,9,63,2,29
3,1,20.0,151,2,19,0,4,45,2,29
3,1,23.0,69,6,4,1,6,128,2,17
3,1,23.0,69,6,4,2,11,117,1,17
3,1,28.0,300,4,19,0,1,1,4,18
3,1,28.0,300,4,14,3,10,47,0,18
3,1,28.0,300,4,9,1,12,61,4,18
3,1,28.0,300,4,8,1,1,11,4,18
3,6,30.0,145,0,21,0,14,24,1,19
3,6,30.0,145,0,8,0,7,111,4,19
3,10,4.0,356,5,16,2,13,38,3,30
3,10,4.0,356,5,13,0,11,0,3,30
3,10,4.0,356,5,14,2,15,46,3,30
3,10,5.0,336,6,13,0,3,79,0,24
3,10,5.0,336,6,8,3,3,30,3,24
3,10,5.0,336,6,4,0,9,109,0,24
3,6,11.0,355,2,17,0,8,19,4,9
3,10,13.0,346,3,16,0,10,6,3,25
3,10,13.0,346,3,16,1,2,86,1,25
3,10,13.0,346,3,1,2,13,4,3,25
3,10,23.0,247,2,0,1,16,37,0,17
3,10,23.0,247,2,0,0,8,9,3,17
3,10,23.0,247,2,1,0,6,89,1,17
3,10,23.0,247,2,4,0,8,9,4,17
3,6,12.0,162,4,13,0,12,61,4,28
3,6,12.0,162,4,8,2,12,121,3,28
3,10,23.0,247,2,19,0,1,11,3,17
3,10,23.0,247,2,9,0,2,2,3,17
3,1,13.0,207,2,6,0,0,12,3,25
3,1,13.0,207,2,2,0,5,64,2,25
3,1,13.0,207,2,1,0,8,41,1,25
3,1,20.0,151,2,17,0,0,12,0,29
3,1,20.0,151,2,16,0,15,108,3,29
3,5,11.0,326,3,15,0,5,6,2,9
2,8,21.0,354,6,17,2,0,53,3,21
2,8,21.0,354,6,18,1,0,31,4,21
3,5,11.0,326,3,22,2,8,19,0,9
3,5,13.0,184,1,6,0,13,69,3,25
3,5,13.0,184,1,6,0,10,22,0,25
3,5,13.0,184,1,6,1,1,105,0,25
3,5,13.0,184,1,18,2,15,39,0,25
3,5,22.0,163,4,6,2,0,64,3,26
3,5,27.0,328,1,16,2,1,105,3,15
3,5,27.0,328,1,4,0,10,47,3,15
3,5,27.0,328,1,14,0,14,88,3,15
3,6,6.0,83,5,0,0,5,12,3,23
3,6,3.0,99,1,19,1,9,57,0,27
2,8,19.0,319,4,1,1,9,87,2,10
2,2,13.0,231,2,13,3,4,121,1,25
3,11,13.0,312,0,4,1,0,26,0,25
3,5,6.0,277,1,16,0,0,53,0,23
3,6,28.0,309,6,9,0,9,9,3,18
3,10,22.0,314,1,22,3,0,53,0,26
3,6,13.0,317,5,8,0,2,123,2,25
2,6,10.0,355,0,18,0,5,6,0,4
2,6,18.0,291,1,9,3,6,7,0,0
2,10,24.0,56,2,6,0,11,90,1,14
2,10,24.0,56,2,6,0,8,41,0,14
2,10,24.0,56,2,12,0,9,54,3,14
2,10,24.0,56,2,19,2,2,13,0,14
2,10,25.0,61,4,13,0,3,30,3,13
2,10,25.0,61,4,13,2,2,60,0,13
2,10,25.0,61,4,17,1,7,122,4,13
2,10,30.0,135,1,6,2,12,61,3,19
3,7,31.0,43,0,5,1,13,28,4,20
2,10,30.0,135,1,6,1,8,27,1,19
2,10,30.0,135,1,5,0,9,93,0,19
2,11,28.0,123,3,19,2,8,27,3,18
2,7,12.0,238,1,12,0,0,68,3,28
2,7,14.0,205,4,0,0,13,48,0,5
2,7,14.0,205,4,20,0,10,47,2,5
2,7,22.0,202,5,20,0,15,31,3,26
2,7,22.0,202,5,8,0,6,128,1,26
2,3,29.0,304,0,5,0,4,79,2,16
2,5,4.0,96,6,2,0,10,12,0,30
2,4,22.0,30,1,17,0,2,71,4,26
3,9,24.0,272,0,20,0,14,24,2,14
2,5,16.0,212,4,2,3,1,105,3,2
2,5,16.0,212,4,19,0,6,89,0,2
2,6,5.0,83,2,11,0,2,86,1,24
2,6,5.0,83,2,9,0,14,97,1,24
2,6,7.0,59,5,12,0,2,92,3,11
2,6,30.0,208,3,14,0,13,99,4,19
2,6,30.0,208,3,18,0,9,102,3,19
2,10,8.0,150,0,17,0,0,26,3,8
2,10,8.0,150,0,7,1,13,38,0,8
2,10,13.0,174,6,17,0,0,64,3,25
2,10,13.0,174,6,20,0,13,21,1,25
2,11,12.0,118,5,10,1,5,12,0,28
2,11,12.0,118,5,4,0,13,29,2,28
2,11,14.0,147,3,13,0,10,6,3,5
2,11,21.0,192,3,10,0,11,15,2,21
2,11,30.0,170,1,5,2,1,105,0,19
2,11,30.0,170,1,22,1,9,93,4,19
2,9,22.0,92,4,1,0,2,86,3,26
2,9,22.0,92,4,1,0,14,107,4,26
2,7,7.0,94,4,6,0,5,64,3,11
2,7,7.0,94,4,23,2,10,22,0,11
2,7,12.0,238,1,14,2,15,46,0,28
3,11,14.0,147,1,1,2,2,60,0,5
3,9,9.0,320,3,5,3,10,22,4,12
2,7,14.0,205,4,13,1,2,2,4,5
2,7,12.0,238,1,7,1,6,7,0,28
2,7,22.0,202,5,6,1,4,79,0,26
2,7,30.0,43,6,9,0,14,110,3,19
2,3,29.0,304,0,11,0,4,45,2,16
2,5,4.0,96,6,13,0,12,80,0,30
2,8,25.0,278,2,20,0,13,36,3,13
2,8,30.0,144,0,20,0,2,13,1,19
2,8,30.0,144,0,16,0,16,37,3,19
2,8,30.0,144,0,15,0,15,108,3,19
2,8,30.0,144,0,19,2,10,47,3,19
2,4,6.0,133,3,2,2,2,2,3,23
2,4,6.0,133,3,10,1,2,71,4,23
2,4,7.0,292,0,19,0,7,78,4,11
3,11,12.0,118,3,14,0,13,99,2,28
3,6,29.0,335,3,11,1,2,71,4,16
3,6,29.0,335,3,23,1,12,61,1,16
3,6,29.0,335,3,1,0,2,71,4,16
3,6,30.0,145,0,17,0,1,11,1,19
3,6,30.0,145,0,4,0,10,22,3,19
3,6,30.0,145,0,18,0,8,33,3,19
3,5,27.0,328,1,1,1,2,86,4,15
3,5,13.0,184,1,23,0,2,71,3,25
3,6,4.0,159,2,16,0,0,53,3,30
3,6,4.0,159,2,15,0,10,47,3,30
3,6,6.0,83,5,5,0,4,82,3,23
3,6,6.0,83,5,13,2,15,46,3,23
3,6,11.0,355,2,16,0,8,33,3,9
3,6,12.0,162,4,17,0,8,27,1,28
3,6,12.0,162,4,5,0,16,50,1,28
3,5,25.0,350,3,18,0,2,69,1,13
2,4,19.0,115,6,4,2,8,118,3,10
2,11,27.0,322,6,19,2,6,89,3,15
3,9,19.0,234,2,16,0,5,12,3,10
2,4,9.0,79,2,1,1,13,21,4,12
3,5,27.0,328,1,9,0,5,12,0,15
3,1,1.0,203,5,6,0,2,92,0,7
3,8,9.0,124,1,6,1,13,99,2,12
3,2,11.0,297,1,2,1,1,35,4,9
3,0,13.0,198,6,19,0,1,59,0,25
3,0,14.0,5,3,8,1,11,10,4,5
3,0,24.0,55,2,17,0,6,14,1,14
3,0,24.0,55,2,0,0,5,64,3,14
2,7,15.0,40,5,2,0,15,114,1,1
2,5,16.0,212,4,9,0,12,80,1,2
2,6,30.0,208,3,3,1,7,20,4,19
2,2,26.0,136,1,4,1,1,16,4,3
2,0,14.0,190,6,3,3,14,25,0,5
3,11,17.0,110,5,3,0,14,131,2,6
2,2,1.0,143,5,17,3,5,6,0,7
0,11,19.0,321,4,5,0,9,95,4,10
3,5,17.0,212,6,10,1,0,53,0,6
3,10,2.0,358,2,18,1,12,100,4,22
3,8,1.0,66,0,20,0,13,21,2,7
3,8,9.0,124,1,12,1,9,93,0,12
2,2,23.0,22,6,2,0,5,64,0,17
2,6,16.0,244,3,15,0,14,126,1,2
2,2,14.0,130,4,20,1,16,65,4,5
2,8,20.0,46,5,9,0,10,43,1,29
2,2,17.0,7,3,5,1,13,48,4,6
2,2,23.0,22,6,8,0,9,54,2,17
2,2,15.0,220,5,13,1,11,133,1,1
3,9,17.0,255,0,1,1,13,38,0,6
3,9,14.0,106,5,0,1,1,105,0,5
3,9,22.0,92,6,4,3,7,129,1,26
3,3,6.0,303,3,19,1,1,11,4,23
0,11,1.0,222,3,17,0,11,15,4,7
3,1,2.0,171,6,18,0,2,123,0,22
2,5,5.0,277,3,22,0,10,22,2,24
2,5,15.0,239,2,17,1,6,14,1,1
2,10,8.0,150,0,18,1,9,27,0,8
2,10,8.0,150,0,8,0,6,7,2,8
3,7,9.0,273,3,1,0,9,102,3,12
3,3,9.0,44,2,12,3,14,125,0,12
3,5,26.0,37,0,19,1,11,133,0,3
3,2,2.0,143,3,2,3,8,118,3,22
2,9,20.0,119,1,13,0,2,71,1,29
2,6,14.0,49,5,20,3,5,6,0,5
2,4,25.0,80,5,12,1,13,38,4,13
3,3,1.0,180,1,17,0,9,57,1,7
3,10,10.0,245,4,1,0,1,59,4,4
3,0,12.0,113,5,18,2,8,27,3,28
2,10,2.0,310,1,9,0,8,9,1,22
2,10,27.0,216,6,18,3,5,6,1,15
2,1,19.0,151,0,4,0,14,24,1,10
2,1,19.0,151,0,1,0,11,117,0,10
2,1,19.0,151,0,14,0,12,104,2,10
2,1,4.0,219,3,14,3,11,15,1,30
2,4,1.0,141,1,18,3,1,81,4,7
2,4,29.0,139,1,4,0,0,26,0,16
2,2,18.0,137,0,19,1,11,58,4,0
2,2,20.0,108,2,9,3,9,27,3,29
2,0,2.0,334,0,22,1,11,133,4,22
2,0,3.0,229,1,1,3,15,114,4,27
3,3,28.0,187,0,16,2,8,27,0,18
3,10,6.0,242,3,10,3,8,27,2,23
3,1,5.0,219,1,10,1,9,102,4,24
2,9,29.0,98,4,13,1,16,74,1,16
2,2,26.0,136,1,15,1,15,39,4,3
2,0,9.0,129,0,18,1,5,6,0,12
2,0,17.0,0,1,13,3,0,68,0,6
2,2,1.0,143,5,17,0,16,37,1,7
3,10,2.0,358,2,1,0,6,7,2,22
3,8,3.0,363,2,14,0,13,38,3,27
2,9,15.0,226,4,3,0,12,83,4,1
2,9,15.0,226,4,8,1,10,12,1,1
2,7,6.0,293,2,19,0,6,89,0,23
2,7,13.0,125,2,19,0,11,124,1,25
2,3,30.0,109,1,19,1,16,139,2,19
2,6,16.0,244,3,8,0,5,6,2,2
2,6,13.0,173,4,8,1,15,46,4,25
2,4,17.0,26,4,20,1,11,122,4,6
2,2,15.0,220,5,13,0,9,87,0,1
3,5,18.0,195,3,14,0,1,59,4,0
3,0,9.0,48,1,12,0,13,21,4,12
2,2,9.0,28,6,13,0,1,59,2,12
3,9,26.0,267,2,5,1,7,111,1,3
3,6,16.0,38,0,17,0,2,86,3,2
3,8,11.0,306,4,12,1,11,94,4,9
3,8,19.0,280,5,8,2,13,38,3,10
2,5,29.0,294,2,17,0,15,96,1,16
2,2,1.0,143,5,11,0,14,88,2,7
2,0,9.0,129,0,5,1,10,43,2,12
2,0,14.0,190,6,17,1,13,28,4,5
3,11,9.0,311,4,18,0,10,47,2,12
3,9,16.0,107,3,12,1,13,36,1,2
3,7,8.0,94,6,3,0,10,22,3,8
2,0,1.0,47,3,6,0,10,43,1,7
3,3,1.0,180,1,17,0,13,48,1,7
3,4,23.0,30,4,12,3,10,23,2,17
2,6,19.0,215,2,5,0,5,12,3,10
3,9,18.0,359,1,9,1,14,32,4,0
2,10,26.0,302,5,8,0,12,61,2,3
2,6,25.0,348,1,16,1,14,32,0,13
2,7,5.0,93,1,19,1,16,72,2,24
2,11,26.0,364,5,1,0,7,57,0,3
3,5,27.0,328,1,17,1,0,26,0,15
3,6,22.0,185,3,0,0,0,68,3,26
2,4,19.0,115,6,13,2,10,47,3,10
2,6,27.0,309,4,5,0,4,45,2,15
2,8,1.0,77,3,13,1,13,29,1,7
2,11,25.0,88,4,23,0,10,47,2,13
3,5,29.0,24,4,8,0,6,14,1,16
2,2,2.0,282,6,7,1,8,19,0,22
2,4,31.0,16,4,18,0,14,110,1,20
3,9,19.0,234,2,2,0,15,39,0,10
2,3,1.0,120,0,17,3,8,118,0,7
2,8,12.0,189,4,2,1,12,104,0,28
2,7,8.0,273,5,19,0,11,117,1,8
2,8,20.0,46,5,15,1,10,23,1,29
2,2,26.0,136,1,12,1,1,59,4,3
3,9,19.0,234,2,4,0,14,32,3,10
3,9,19.0,234,2,19,0,13,21,1,10
3,9,19.0,234,2,19,1,12,61,4,10
3,9,19.0,234,2,12,1,1,11,1,10
3,9,21.0,362,5,1,0,14,24,2,21
3,7,2.0,160,3,20,0,10,22,3,22
3,7,2.0,160,3,19,2,14,25,3,22
3,7,2.0,160,3,2,0,0,15,0,22
3,7,3.0,269,0,20,1,15,108,1,27
3,7,3.0,269,0,14,2,2,2,1,27
3,7,10.0,329,0,2,0,16,72,2,4
3,7,12.0,181,2,19,0,0,64,0,28
3,7,20.0,266,4,20,0,13,29,1,29
3,3,5.0,324,6,13,0,4,75,0,24
3,3,10.0,4,4,7,0,0,15,1,4
3,3,10.0,4,4,15,0,14,25,2,4
3,3,10.0,4,4,4,0,16,72,1,4
3,3,12.0,104,6,16,0,15,77,3,28
3,3,12.0,104,6,12,1,11,18,1,28
3,3,30.0,304,2,0,0,5,12,3,19
2,11,9.0,311,1,8,2,0,31,2,12
3,5,29.0,24,4,8,0,14,110,3,16
2,7,8.0,273,5,4,2,5,6,0,8
3,5,2.0,307,5,0,1,13,21,1,22
3,5,2.0,307,5,4,0,0,26,1,22
3,5,2.0,307,5,13,1,13,99,4,22
3,5,12.0,327,0,3,0,14,126,1,28
3,5,12.0,327,0,2,0,8,9,3,28
3,5,12.0,327,0,8,0,16,50,3,28
3,5,12.0,327,0,18,0,11,15,0,28
3,5,14.0,36,2,7,0,15,46,3,5
3,5,19.0,146,0,11,0,5,6,3,10
3,5,19.0,146,0,22,0,2,123,0,10
3,5,20.0,214,1,7,1,2,92,1,29
3,5,20.0,214,1,12,0,5,12,2,29
3,5,21.0,351,2,7,0,0,64,0,21
3,5,21.0,351,2,5,0,6,7,4,21
3,5,21.0,351,2,5,2,10,47,2,21
3,5,21.0,351,2,3,0,10,6,0,21
3,5,21.0,351,2,22,3,5,6,0,21
3,5,28.0,259,2,6,2,2,13,3,18
3,5,28.0,259,2,7,0,1,67,3,18
3,5,28.0,259,2,8,2,7,120,3,18
3,5,28.0,259,2,14,0,5,64,1,18
3,5,14.0,36,2,19,0,8,41,3,5
2,4,19.0,115,6,15,0,16,72,2,10
0,2,1.0,16,2,13,0,9,95,4,7
2,4,10.0,121,4,23,3,5,12,1,4
2,4,19.0,115,6,17,3,14,106,1,10
2,0,12.0,198,4,13,0,13,29,2,28
2,6,19.0,215,2,10,3,9,95,0,10
3,9,27.0,179,4,8,2,13,29,3,15
3,3,11.0,337,5,9,0,4,79,4,9
3,5,11.0,326,3,18,1,5,6,2,9
3,5,27.0,328,1,3,0,0,15,1,15
2,9,17.0,255,6,13,3,9,93,0,6
2,7,18.0,330,0,19,1,10,47,0,0
2,3,8.0,44,0,3,1,12,56,1,8
2,3,17.0,165,2,6,0,10,22,1,6
2,6,25.0,348,1,1,2,9,57,3,13
2,1,26.0,262,0,11,0,13,69,4,3
2,7,23.0,68,6,22,0,9,134,2,17
2,6,14.0,49,5,17,3,1,105,3,5
2,6,6.0,169,4,8,2,9,57,3,23
2,9,29.0,98,4,11,3,5,6,2,16
2,7,5.0,93,1,2,0,14,24,1,24
2,5,13.0,36,0,11,3,9,10,1,25
2,6,23.0,31,3,20,0,14,34,1,17
2,4,25.0,80,5,23,1,8,41,1,13
2,2,24.0,233,3,22,0,7,20,2,14
2,0,9.0,129,0,22,3,12,56,0,12
3,7,1.0,98,6,2,0,12,61,1,7
1,9,15.0,226,1,17,0,11,90,1,1
3,10,2.0,358,2,1,0,12,84,0,22
3,8,9.0,124,1,2,0,14,24,1,12
3,2,3.0,282,0,2,1,0,12,0,27
3,0,2.0,47,1,7,2,1,35,3,22
2,2,27.0,257,2,4,0,16,74,1,15
3,9,20.0,119,4,23,0,10,23,1,29
3,5,27.0,328,1,15,0,13,28,1,15
3,4,5.0,235,3,13,3,1,11,4,24
3,4,12.0,134,3,13,0,12,61,0,28
2,0,27.0,249,5,1,2,2,13,1,15
3,9,20.0,119,4,4,1,12,83,4,29
3,7,11.0,197,1,1,2,13,69,4,9
3,3,2.0,120,2,4,1,6,89,1,22
3,5,11.0,326,3,18,0,8,118,1,9
2,8,21.0,354,6,5,0,8,9,1,21
2,5,5.0,277,3,13,3,10,47,1,24
2,8,18.0,280,2,8,0,6,7,2,0
2,7,11.0,181,0,6,2,2,86,0,9
2,4,1.0,141,1,19,1,5,6,0,7
2,11,9.0,311,1,18,1,1,1,0,12
3,5,29.0,24,4,6,0,13,28,4,16
2,8,21.0,354,6,15,1,14,106,4,21
2,8,21.0,354,6,8,2,12,121,3,21
2,4,18.0,142,5,3,0,8,27,2,0
2,11,10.0,360,2,16,0,11,90,3,4
2,11,5.0,240,5,23,0,12,121,1,24
2,11,18.0,332,4,14,1,3,30,0,0
3,5,29.0,24,4,19,1,7,20,1,16
2,11,5.0,240,5,9,0,10,22,1,24
2,4,4.0,235,5,16,0,0,12,0,30
2,11,10.0,360,2,11,0,6,89,1,4
2,11,16.0,225,1,15,0,7,78,3,2
2,7,11.0,181,0,14,0,2,69,0,9
2,2,18.0,137,0,11,1,13,38,0,0
3,5,31.0,196,6,2,0,0,85,3,20
2,11,5.0,240,5,14,0,9,93,1,24
2,11,12.0,118,5,2,0,13,36,0,28
2,11,12.0,118,5,12,1,14,88,4,28
2,11,12.0,118,5,13,0,14,25,3,28
2,11,14.0,147,3,15,0,1,16,4,5
2,11,14.0,147,3,4,0,2,2,4,5
2,11,21.0,192,3,21,1,10,47,0,21
2,11,28.0,123,3,16,0,15,96,3,18
0,9,2.0,323,4,13,3,13,29,4,22
2,3,7.0,148,3,8,2,16,37,3,11
2,5,13.0,36,0,13,2,13,69,0,25
2,5,29.0,294,2,14,0,3,79,4,16
2,8,17.0,75,1,14,3,2,2,0,6
2,0,9.0,129,0,1,1,10,22,1,12
2,7,29.0,42,5,2,1,4,75,0,16
2,4,10.0,121,4,12,0,0,31,2,4
2,4,10.0,121,4,14,0,2,69,3,4
2,4,13.0,345,3,16,0,8,27,1,25
2,4,13.0,345,3,13,0,2,2,1,25
2,4,19.0,115,6,20,0,2,40,2,10
2,4,19.0,115,6,0,0,1,16,4,10
2,4,19.0,115,6,8,0,4,75,3,10
2,2,2.0,282,6,16,2,12,121,1,22
2,2,2.0,282,6,23,1,14,125,4,22
2,2,2.0,282,6,18,1,5,64,0,22
2,2,2.0,282,6,2,1,6,7,0,22
2,2,2.0,282,6,9,3,0,26,4,22
2,2,3.0,254,3,18,0,10,12,1,27
2,2,2.0,282,6,22,0,14,24,2,22
2,2,27.0,257,2,16,0,0,53,3,15
2,0,12.0,198,4,21,0,5,6,0,28
2,11,27.0,322,6,11,3,8,19,2,15
2,11,25.0,88,4,2,2,15,119,3,13
2,7,11.0,181,0,5,0,15,51,2,9
2,11,25.0,88,4,14,0,4,82,1,13
2,11,25.0,88,4,19,0,2,86,0,13
2,11,25.0,88,4,9,0,12,17,1,13
2,11,26.0,364,5,23,0,0,77,1,3
2,11,26.0,364,5,9,0,14,25,3,3
2,11,26.0,364,5,12,1,9,95,4,3
2,11,26.0,364,5,2,0,2,86,2,3
2,9,17.0,255,6,12,0,7,62,2,6
2,9,17.0,255,6,15,1,1,16,4,6
2,7,8.0,273,5,7,1,1,67,0,8
2,7,8.0,273,5,12,0,6,7,4,8
2,7,11.0,181,0,22,0,2,92,1,9
2,7,11.0,181,0,1,0,6,7,3,9
2,7,11.0,181,0,15,1,3,30,4,9
2,7,18.0,330,0,10,0,11,133,2,0
2,7,25.0,316,0,15,0,0,26,0,13
2,3,1.0,120,0,6,0,10,47,2,7
2,3,1.0,120,0,5,1,13,99,1,7
2,3,1.0,120,0,22,0,3,76,4,7
2,3,1.0,120,0,2,2,3,103,3,7
2,3,1.0,120,0,14,0,13,69,4,7
2,3,1.0,120,0,5,0,9,87,2,7
2,3,2.0,182,1,13,1,12,84,0,22
2,3,2.0,182,1,19,0,4,82,1,22
2,3,2.0,182,1,1,1,11,15,4,22
2,3,8.0,44,0,13,1,4,138,4,8
2,3,8.0,44,0,14,0,9,83,2,8
2,3,11.0,104,4,15,0,2,2,3,9
2,3,11.0,104,4,9,0,10,22,2,9
2,3,17.0,165,2,6,0,4,66,2,6
2,3,17.0,165,2,1,1,12,80,1,6
2,3,20.0,338,6,6,0,5,12,1,29
2,3,20.0,338,6,5,1,6,14,4,29
2,3,20.0,338,6,5,0,11,94,1,29
2,3,27.0,187,6,8,0,2,40,2,15
2,3,11.0,104,4,13,0,9,57,2,9
2,5,1.0,307,2,0,0,13,29,1,7
2,5,1.0,307,2,21,2,7,54,3,7
2,5,1.0,307,2,15,0,8,41,1,7
2,5,1.0,307,2,8,0,10,22,3,7
2,5,1.0,307,2,19,0,16,42,1,7
2,5,1.0,307,2,1,0,13,28,4,7
2,5,9.0,155,4,15,0,14,97,4,12
2,5,9.0,155,4,4,0,1,81,1,12
2,5,17.0,195,5,13,2,15,51,3,6
2,11,10.0,360,2,4,0,9,101,4,4
2,4,4.0,235,5,16,1,1,59,2,30
2,2,18.0,137,0,19,1,12,58,4,0
3,5,31.0,196,6,13,1,13,48,4,20
2,7,10.0,197,3,18,2,14,25,2,4
2,7,18.0,330,0,2,0,14,24,4,0
2,8,21.0,354,6,8,1,13,99,4,21
2,11,19.0,321,5,15,0,1,11,2,10
2,4,4.0,235,5,15,2,4,45,3,30
2,7,18.0,330,0,16,1,8,27,4,0
3,5,31.0,196,6,14,0,1,59,3,20
2,7,18.0,330,0,1,0,13,21,2,0
2,9,1.0,126,4,17,0,4,138,1,7
2,11,19.0,321,5,4,0,4,5,1,10
2,4,4.0,235,5,0,0,6,7,1,30
2,3,1.0,120,0,17,0,10,22,1,7
3,6,21.0,193,6,22,0,10,47,3,21
2,3,1.0,120,0,23,0,13,29,1,7
2,4,10.0,121,4,5,0,6,89,1,4
2,3,1.0,120,0,22,0,7,111,3,7
2,3,1.0,120,0,13,0,16,113,4,7
2,0,3.0,229,1,14,0,16,113,1,27
2,11,25.0,88,4,20,0,15,31,1,13
2,11,25.0,88,4,13,2,8,27,4,13
2,11,26.0,364,5,15,1,3,115,0,3
2,11,26.0,364,5,22,1,8,19,4,3
2,11,26.0,364,5,1,2,2,86,0,3
2,11,10.0,360,2,23,1,16,65,4,4
2,11,27.0,322,6,12,2,7,120,0,15
2,11,27.0,322,6,9,1,3,79,1,15
2,9,17.0,255,6,3,1,9,54,1,6
2,9,17.0,255,6,2,0,0,26,3,6
2,7,8.0,273,5,7,1,10,12,0,8
2,7,8.0,273,5,22,1,3,76,4,8
2,7,11.0,181,0,22,0,12,61,1,9
2,11,10.0,360,2,19,0,16,65,0,4
2,11,10.0,360,2,16,0,5,64,0,4
2,11,19.0,321,5,15,1,7,111,1,10
2,11,19.0,321,5,12,0,11,117,1,10
2,11,8.0,283,0,8,2,1,35,4,8
0,3,23.0,57,3,18,0,3,30,0,17
2,11,19.0,321,5,4,2,8,19,3,10
2,11,26.0,364,5,4,0,15,39,3,3
2,11,26.0,364,5,9,2,4,4,3,3
2,11,25.0,88,4,8,0,16,130,2,13
2,9,17.0,255,6,17,0,2,123,4,6
2,9,17.0,255,6,6,1,16,139,1,6
2,9,17.0,255,6,22,2,4,5,0,6
2,7,8.0,273,5,7,1,3,30,0,8
2,7,8.0,273,5,11,0,2,3,4,8
2,11,25.0,88,4,17,1,10,22,0,13
2,11,25.0,88,4,3,0,6,7,0,13
2,11,25.0,88,4,4,0,8,9,3,13
2,11,25.0,88,4,19,0,0,77,1,13
2,11,25.0,88,4,1,0,13,48,4,13
2,11,26.0,364,5,23,0,5,6,2,3
2,11,26.0,364,5,3,0,14,25,1,3
2,11,27.0,322,6,2,2,15,37,0,15
2,9,17.0,255,6,12,0,13,99,1,6
2,11,26.0,364,5,4,0,11,15,2,3
2,7,8.0,273,5,2,0,10,52,1,8
2,7,8.0,273,5,2,1,7,54,1,8
2,7,18.0,330,0,1,0,0,64,1,0
2,3,1.0,120,0,4,0,2,86,0,7
2,3,8.0,44,0,8,2,0,15,1,8
2,3,8.0,44,0,9,1,2,86,4,8
2,3,10.0,337,2,17,0,13,29,1,4
2,3,10.0,337,2,11,2,6,132,0,4
2,3,11.0,104,4,22,0,3,44,4,9
2,3,11.0,104,4,13,1,1,35,4,9
2,3,17.0,165,2,21,2,5,0,3,6
2,3,17.0,165,2,5,0,0,12,3,6
2,3,17.0,165,2,2,0,2,40,1,6
2,3,20.0,338,6,14,0,9,87,3,29
2,3,27.0,187,6,11,0,5,6,1,15
2,7,11.0,181,0,21,1,14,131,1,9
2,7,11.0,181,0,1,2,6,7,3,9
2,7,18.0,330,0,16,0,5,12,1,0
2,7,18.0,330,0,20,1,10,52,1,0
2,7,18.0,330,0,14,0,10,47,3,0
2,3,16.0,54,1,8,1,2,92,1,2
2,7,25.0,316,0,4,0,14,110,4,13
2,3,1.0,120,0,7,0,2,13,1,7
2,3,1.0,120,0,11,0,2,86,0,7
2,3,1.0,120,0,12,0,0,64,0,7
2,3,1.0,120,0,4,0,0,64,2,7
2,3,2.0,182,1,6,2,5,6,0,22
2,3,2.0,182,1,0,0,5,64,3,22
2,3,2.0,182,1,16,2,16,74,0,22
2,3,2.0,182,1,8,0,11,117,1,22
2,3,8.0,44,0,17,0,0,26,3,8
2,3,8.0,44,0,0,0,5,6,0,8
2,3,8.0,44,0,7,1,9,57,0,8
2,3,8.0,44,0,2,0,9,101,2,8
2,3,10.0,337,2,16,0,9,9,2,4
2,3,10.0,337,2,19,0,2,86,4,4
2,3,10.0,337,2,4,1,3,30,0,4
2,3,17.0,165,2,16,0,0,53,1,6
2,7,11.0,181,0,22,0,0,96,3,9
2,7,7.0,94,4,18,1,2,2,0,11
2,7,7.0,94,4,18,2,9,95,3,11
2,7,15.0,40,5,12,2,12,80,0,1
2,4,13.0,345,3,17,0,2,86,0,25
3,7,27.0,53,4,9,3,6,7,3,15
2,3,1.0,120,0,4,0,11,133,2,7
2,4,4.0,235,5,1,0,13,38,3,30
2,3,1.0,120,0,19,2,8,41,2,7
2,4,19.0,115,6,11,0,8,118,1,10
2,4,19.0,115,6,20,0,1,11,0,10
2,4,19.0,115,6,3,0,8,27,3,10
2,4,19.0,115,6,14,0,8,33,4,10
2,2,2.0,282,6,8,1,2,123,0,22
2,2,2.0,282,6,5,1,12,100,4,22
2,2,2.0,282,6,20,1,1,11,1,22
2,2,3.0,254,3,22,0,2,69,0,27
2,2,3.0,254,3,15,1,14,126,4,27
2,2,27.0,257,2,12,0,13,28,1,15
2,2,27.0,257,2,19,0,16,50,1,15
2,0,12.0,198,4,13,0,16,74,3,28
2,0,13.0,5,5,4,0,1,35,2,25
2,0,13.0,5,5,9,0,15,114,1,25
2,8,21.0,354,6,7,1,8,19,0,21
2,4,4.0,235,5,20,1,10,47,1,30
2,4,10.0,121,4,3,0,14,24,1,4
2,1,6.0,32,1,17,0,9,101,2,23
2,1,17.0,82,6,9,0,2,69,3,6
2,1,22.0,69,4,5,3,9,101,4,26
2,11,5.0,240,5,15,0,8,41,4,24
2,11,12.0,118,5,4,2,13,38,2,28
0,0,29.0,191,5,4,0,10,22,2,16
2,11,14.0,147,3,20,0,10,47,3,5
2,11,12.0,118,5,9,0,10,12,1,28
2,11,14.0,147,3,22,0,10,47,0,5
2,11,14.0,147,3,5,1,2,69,4,5
2,11,28.0,123,3,15,0,2,123,4,18
2,11,28.0,123,3,14,2,9,93,1,18
2,1,17.0,82,6,18,1,13,28,0,6
2,1,17.0,82,6,18,1,13,28,0,6
2,1,22.0,69,4,4,2,3,30,3,26
2,8,24.0,86,1,20,0,8,9,1,14
2,11,5.0,240,5,20,0,12,17,4,24
2,11,5.0,240,5,22,0,16,72,4,24
2,1,17.0,82,6,18,1,13,28,0,6
2,1,17.0,82,6,18,1,13,28,0,6
2,11,5.0,240,5,2,0,16,65,0,24
2,11,5.0,240,5,12,0,2,86,1,24
2,11,5.0,240,5,3,0,13,38,3,24
2,11,14.0,147,3,16,0,15,96,3,5
2,11,21.0,192,3,3,2,12,80,0,21
2,11,21.0,192,3,19,0,8,118,1,21
2,11,30.0,170,1,17,0,12,83,4,19
2,11,30.0,170,1,7,0,8,27,1,19
2,11,30.0,170,1,2,0,7,120,3,19
2,11,30.0,170,1,9,0,7,111,3,19
2,11,14.0,147,3,20,1,12,80,1,5
2,11,14.0,147,3,20,1,16,39,4,5
2,11,14.0,147,3,9,2,10,22,3,5
2,11,21.0,192,3,4,0,12,17,1,21
2,11,28.0,123,3,21,1,2,86,0,18
2,11,28.0,123,3,8,0,10,47,1,18
2,11,30.0,170,1,9,0,13,13,2,19
2,9,22.0,92,4,23,0,7,120,1,26
2,9,22.0,92,4,15,0,7,20,1,26
2,9,22.0,92,4,8,0,10,12,1,26
2,9,22.0,92,4,17,0,1,67,4,26
2,7,7.0,94,4,6,3,16,113,2,11
2,7,7.0,94,4,22,0,10,22,2,11
2,7,7.0,94,4,9,0,16,139,1,11
2,7,14.0,205,4,16,3,10,47,3,5
2,7,12.0,238,1,3,0,8,9,3,28
2,7,14.0,205,4,12,0,8,27,3,5
2,7,14.0,205,4,1,0,8,27,2,5
2,7,15.0,40,5,15,0,10,22,3,1
2,7,15.0,40,5,1,0,5,6,1,1
2,7,15.0,40,5,1,0,9,93,1,1
2,3,29.0,304,0,15,0,8,19,3,16
2,3,29.0,304,0,12,0,9,101,2,16
2,5,16.0,212,4,12,0,4,127,4,2
2,6,7.0,59,5,18,1,10,52,4,11
2,7,24.0,41,3,12,1,11,15,0,14
2,5,14.0,200,1,20,0,6,73,1,5
2,5,21.0,163,1,13,0,12,80,2,21
2,8,17.0,75,1,18,1,10,47,0,6
3,3,29.0,325,1,9,1,12,56,4,16
2,4,10.0,121,4,13,0,0,64,3,4
3,3,29.0,325,1,14,2,6,7,3,16
3,6,23.0,84,0,7,0,9,93,1,17
2,4,10.0,121,4,22,0,8,9,2,4
2,4,13.0,345,3,23,0,16,50,1,25
2,6,28.0,335,5,15,3,16,108,4,18
3,6,23.0,84,0,22,2,11,15,0,17
2,5,17.0,195,5,11,0,4,138,4,6
2,3,2.0,182,1,14,2,0,26,3,22
2,4,4.0,235,5,12,3,14,25,1,30
3,6,23.0,84,0,14,0,5,6,0,17
2,5,17.0,195,5,2,0,6,7,1,6
2,3,1.0,120,0,14,1,6,73,2,7
2,3,8.0,44,0,11,0,13,38,2,8
3,10,3.0,310,4,16,0,3,79,1,27
2,0,27.0,249,5,9,2,9,95,3,15
2,3,10.0,337,2,3,0,1,11,3,4
2,5,17.0,195,5,4,0,9,102,1,6
2,3,8.0,44,0,8,0,4,70,3,8
2,0,22.0,237,3,22,1,2,35,4,26
2,3,17.0,165,2,4,0,9,95,1,6
2,5,26.0,328,3,1,0,7,20,1,3
2,3,10.0,337,2,7,1,1,11,0,4
2,7,30.0,43,6,13,0,13,36,4,19
0,1,28.0,300,0,20,0,11,94,2,18
2,3,11.0,104,4,0,2,10,47,0,9
2,3,17.0,165,2,10,0,6,89,1,6
2,3,17.0,165,2,3,0,1,11,3,6
2,3,1.0,120,0,4,1,10,47,1,7
2,3,20.0,338,6,21,2,14,107,0,29
2,5,1.0,307,2,2,0,12,121,1,7
2,5,9.0,155,4,8,0,13,36,1,12
2,5,9.0,155,4,17,1,15,77,0,12
2,5,9.0,155,4,9,0,15,46,1,12
2,5,12.0,184,3,5,0,5,6,3,28
2,5,12.0,184,3,22,0,2,123,3,28
2,5,17.0,195,5,17,1,9,27,0,6
2,11,10.0,360,2,23,0,3,44,1,4
2,11,25.0,88,4,23,0,8,27,1,13
2,11,25.0,88,4,12,0,8,27,2,13
2,6,11.0,162,1,19,0,2,123,0,9
2,6,11.0,162,1,12,2,15,51,1,9
2,6,12.0,317,2,17,2,7,120,3,28
2,6,12.0,317,2,2,0,12,56,1,28
2,6,12.0,317,2,12,1,14,34,4,28
2,6,12.0,317,2,1,0,13,99,2,28
2,6,19.0,215,2,0,0,9,87,2,10
2,6,19.0,215,2,14,0,8,27,3,10
2,6,25.0,348,1,0,1,11,10,4,13
2,6,25.0,348,1,22,1,0,31,4,13
2,6,27.0,309,4,15,0,13,29,1,15
2,6,27.0,309,4,18,0,5,6,3,15
2,6,28.0,335,5,3,0,8,9,1,18
2,6,27.0,309,4,8,3,1,1,3,15
2,1,11.0,353,3,16,0,11,8,1,9
2,1,11.0,353,3,8,1,9,10,4,9
2,1,11.0,353,3,14,2,16,50,3,9
2,1,11.0,353,3,17,2,9,101,3,9
2,1,26.0,262,0,20,0,9,27,3,3
2,1,26.0,262,0,11,0,2,123,4,3
2,1,26.0,262,0,9,0,14,24,1,3
2,6,25.0,348,1,1,0,7,20,3,13
2,6,25.0,348,1,18,0,11,18,1,13
2,6,19.0,215,2,2,1,0,26,4,10
2,6,27.0,309,4,5,0,6,7,4,15
2,6,27.0,309,4,8,0,16,39,0,15
2,10,29.0,157,0,9,0,0,85,2,16
2,10,29.0,157,0,9,2,2,69,3,16
2,10,29.0,157,0,18,0,13,13,0,16
2,1,11.0,353,3,20,0,1,11,4,9
2,1,11.0,353,3,8,1,9,54,4,9
2,1,18.0,29,3,17,0,12,84,1,0
2,1,18.0,29,3,14,0,5,64,3,0
2,1,18.0,29,3,8,0,13,38,0,0
2,1,26.0,262,0,2,0,0,68,3,3
2,8,18.0,280,2,16,2,16,72,3,0
2,8,18.0,280,2,21,0,15,51,1,0
2,8,18.0,280,2,21,0,9,54,1,0
2,8,18.0,280,2,15,0,12,121,3,0
2,8,18.0,280,2,1,0,10,22,3,0
2,8,20.0,46,5,16,0,6,91,4,29
2,8,20.0,46,5,15,0,7,62,3,29
2,8,18.0,280,2,18,1,0,12,1,0
2,8,20.0,46,5,10,1,4,5,4,29
2,8,21.0,354,6,6,1,11,15,0,21
2,6,27.0,309,4,5,1,11,10,4,15
2,6,28.0,335,5,17,0,10,22,3,18
2,6,12.0,317,2,12,0,0,31,2,28
2,10,29.0,157,0,1,0,11,117,3,16
2,1,18.0,29,3,2,0,1,1,1,0
2,1,26.0,262,0,0,1,4,4,4,3
2,1,26.0,262,0,20,0,10,47,2,3
2,8,18.0,280,2,10,0,8,41,1,0
2,8,18.0,280,2,15,0,10,22,2,0
2,8,18.0,280,2,14,0,14,24,3,0
2,8,20.0,46,5,3,2,13,38,3,29
2,8,20.0,46,5,1,0,10,22,1,29
2,3,20.0,338,6,6,0,3,70,1,29
2,6,11.0,162,1,14,0,9,134,2,9
3,10,3.0,310,4,0,0,0,12,3,27
2,6,12.0,317,2,3,1,10,23,1,28
3,9,20.0,119,4,14,0,9,58,4,29
3,10,3.0,310,4,16,0,7,20,3,27
2,3,20.0,338,6,15,0,13,29,0,29
2,6,19.0,215,2,2,0,12,121,4,10
3,3,3.0,182,4,13,0,2,60,2,27
3,10,3.0,310,4,13,1,8,41,1,27
2,6,19.0,215,2,4,0,10,43,1,10
2,5,1.0,307,2,13,0,9,27,0,7
3,3,4.0,285,5,4,0,7,111,1,30
3,10,3.0,310,4,20,1,10,22,4,27
2,6,19.0,215,2,14,0,1,59,4,10
2,5,1.0,307,2,4,0,15,114,2,7
3,5,11.0,326,3,18,0,4,5,2,9
3,10,11.0,298,5,11,0,1,11,4,9
2,6,25.0,348,1,16,0,0,15,3,13
2,5,9.0,155,4,19,2,9,9,3,12
3,10,11.0,298,5,3,0,5,6,0,9
2,6,25.0,348,1,14,0,10,22,3,13
2,5,12.0,184,3,21,1,14,126,0,28
3,5,11.0,326,3,22,0,14,24,2,9
3,10,11.0,298,5,18,0,10,47,3,9
3,1,4.0,286,0,3,2,3,79,2,30
3,1,4.0,286,0,19,0,10,30,0,30
3,1,12.0,353,1,12,3,3,4,0,28
3,1,22.0,164,5,20,0,3,30,1,26
3,1,22.0,164,5,13,1,2,3,4,26
3,1,22.0,164,5,5,0,9,57,2,26
2,8,3.0,299,1,9,1,12,56,4,27
2,8,12.0,189,4,18,0,5,6,3,28
2,4,29.0,139,1,18,0,6,7,0,16
2,2,18.0,137,0,9,0,8,27,0,0
2,2,18.0,137,0,4,1,11,58,4,0
2,0,3.0,229,1,5,1,15,46,0,27
2,0,5.0,260,4,8,1,14,88,1,24
3,3,28.0,187,0,19,0,15,46,3,18
3,5,30.0,294,5,14,0,10,22,1,19
3,6,13.0,317,5,9,3,6,7,0,25
3,6,14.0,173,6,19,1,12,56,1,5
3,4,20.0,115,0,9,0,10,43,3,29
3,4,20.0,115,0,3,1,11,122,4,29
3,2,14.0,231,5,11,1,5,64,1,5
3,0,5.0,122,5,4,1,4,45,0,24
3,1,22.0,164,5,20,2,2,69,3,26
3,1,22.0,164,5,9,0,8,118,3,26
3,1,22.0,164,5,18,0,1,1,1,26
3,8,5.0,101,5,6,0,0,77,1,24
3,8,12.0,284,5,8,0,2,2,2,28
3,8,14.0,296,3,16,0,13,28,0,5
3,8,21.0,46,3,22,0,13,48,1,21
3,8,22.0,354,0,23,0,9,54,4,26
3,8,21.0,46,3,9,1,9,27,0,21
3,4,21.0,339,1,7,0,13,29,3,21
3,4,24.0,27,5,2,0,13,28,2,14
3,4,24.0,27,5,20,1,2,92,4,14
3,2,12.0,128,2,22,0,5,6,3,28
3,2,12.0,128,2,8,0,0,64,0,28
3,2,12.0,128,2,14,0,2,86,1,28
3,2,12.0,128,2,2,0,6,89,4,28
3,2,15.0,130,6,19,1,12,17,4,1
3,2,15.0,130,6,22,1,1,81,4,1
3,0,7.0,15,3,18,0,5,6,3,11
3,0,7.0,15,3,13,0,14,24,2,11
3,0,13.0,198,6,13,0,3,103,4,25
3,0,13.0,198,6,13,0,13,21,1,25
3,8,20.0,319,6,13,0,10,47,2,29
3,4,12.0,134,3,10,0,13,38,4,28
3,4,13.0,221,0,0,0,0,68,2,25
2,9,17.0,255,6,18,0,5,64,2,6
2,3,20.0,338,6,13,1,5,12,2,29
2,4,29.0,139,1,1,1,8,41,0,16
2,2,29.0,131,5,3,1,3,30,1,16
2,2,29.0,131,5,18,2,2,71,3,16
2,0,3.0,229,1,5,0,13,29,4,27
2,0,3.0,229,1,2,0,13,29,1,27
2,10,1.0,358,0,17,0,8,118,1,7
3,3,20.0,105,3,17,1,5,12,2,29
3,5,30.0,294,5,9,0,13,38,1,19
3,10,29.0,318,1,9,0,9,54,3,16
3,10,30.0,157,2,15,1,2,40,4,19
3,10,21.0,341,0,12,0,15,46,3,21
3,8,6.0,87,6,12,0,2,35,3,23
3,4,23.0,30,4,4,0,13,28,4,17
2,9,5.0,89,0,13,3,3,79,4,24
2,4,25.0,80,5,17,0,2,2,1,13
2,0,18.0,13,2,9,1,6,132,4,0
0,1,19.0,29,6,17,0,2,13,4,10
2,0,17.0,0,1,13,1,0,77,0,6
3,7,1.0,98,6,14,2,5,6,0,7
3,5,17.0,212,6,17,1,13,69,0,6
3,6,22.0,185,3,4,1,4,79,0,26
2,5,12.0,184,3,1,2,15,85,4,28
2,6,28.0,335,5,17,1,5,6,0,18
2,5,26.0,328,3,15,1,1,11,4,3
3,6,22.0,185,3,18,0,9,93,4,26
2,6,28.0,335,5,3,2,11,117,0,18
2,5,26.0,328,3,17,1,3,103,0,3
3,6,29.0,335,3,7,1,12,56,0,16
2,5,26.0,328,3,8,0,10,12,3,3
0,8,4.0,299,0,6,0,8,27,1,30
2,10,29.0,157,0,15,0,5,0,2,16
2,6,11.0,162,1,10,0,9,49,3,9
2,11,12.0,118,5,15,1,14,24,2,28
2,1,11.0,353,3,0,0,7,111,1,9
2,11,10.0,360,2,17,1,10,12,1,4
2,11,19.0,321,5,19,0,14,24,1,10
2,11,19.0,321,5,9,0,6,89,1,10
2,11,25.0,88,4,23,0,2,13,1,13
2,11,25.0,88,4,13,0,16,50,1,13
2,11,25.0,88,4,1,0,8,118,1,13
2,11,25.0,88,4,14,2,8,33,0,13
2,11,26.0,364,5,13,1,2,40,4,3
2,11,26.0,364,5,20,0,5,6,3,3
2,11,27.0,322,6,20,1,12,100,4,15
2,9,17.0,255,6,15,2,5,6,2,6
2,9,17.0,255,6,3,0,0,85,1,6
2,9,17.0,255,6,20,3,0,68,4,6
2,7,8.0,273,5,5,1,1,35,4,8
2,7,8.0,273,5,19,0,0,68,1,8
2,7,8.0,273,5,1,0,4,5,1,8
2,7,11.0,181,0,18,0,9,93,4,9
2,7,18.0,330,0,15,0,9,93,2,0
2,7,25.0,316,0,4,2,15,114,2,13
2,3,1.0,120,0,23,0,11,129,3,7
2,3,8.0,44,0,12,0,1,105,1,8
2,3,27.0,187,6,22,1,13,99,1,15
2,5,1.0,307,2,21,1,7,57,0,7
2,5,9.0,155,4,3,1,14,88,4,12
2,5,9.0,155,4,19,0,13,38,0,12
2,5,12.0,184,3,22,0,15,96,0,28
2,5,12.0,184,3,2,0,2,86,3,28
2,5,12.0,184,3,13,1,3,30,4,28
2,5,17.0,195,5,17,0,2,2,3,6
2,5,17.0,195,5,5,0,12,17,4,6
2,5,17.0,195,5,8,0,14,32,1,6
2,5,17.0,195,5,9,0,13,99,4,6
2,5,17.0,195,5,9,1,0,31,4,6
2,5,26.0,328,3,20,0,4,136,1,3
2,5,26.0,328,3,12,0,2,86,1,3
2,6,12.0,317,2,6,2,6,128,3,28
2,6,12.0,317,2,7,0,9,93,3,28
2,6,19.0,215,2,2,0,8,33,1,10
2,6,19.0,215,2,12,0,10,43,1,10
2,6,19.0,215,2,4,2,14,25,0,10
2,6,19.0,215,2,1,0,5,12,3,10
2,6,25.0,348,1,4,0,14,24,2,13
2,6,25.0,348,1,16,0,0,85,3,13
2,3,8.0,44,0,17,0,0,85,4,8
2,3,17.0,165,2,8,0,0,31,0,6
2,3,20.0,338,6,15,0,6,7,3,29
2,3,20.0,338,6,15,0,12,80,3,29
2,3,20.0,338,6,22,0,9,54,1,29
2,3,27.0,187,6,6,0,5,64,2,15
2,3,27.0,187,6,2,0,2,86,2,15
2,5,1.0,307,2,16,0,13,28,0,7
2,5,1.0,307,2,10,0,6,89,1,7
2,5,9.0,155,4,17,0,15,39,3,12
2,5,12.0,184,3,21,1,11,133,4,28
2,5,12.0,184,3,5,0,14,25,3,28
2,5,12.0,184,3,18,0,2,86,3,28
2,5,12.0,184,3,5,1,7,78,4,28
2,5,17.0,195,5,5,0,7,31,3,6
2,5,17.0,195,5,18,0,14,25,2,6
2,5,26.0,328,3,16,0,4,121,3,3
2,5,26.0,328,3,15,0,2,40,2,3
2,6,11.0,162,1,16,0,0,53,3,9
2,6,19.0,215,2,6,0,8,41,1,10
2,6,19.0,215,2,20,0,10,12,1,10
2,7,14.0,205,4,13,0,8,9,1,5
2,1,18.0,29,3,22,1,14,25,4,0
2,6,15.0,38,6,1,3,3,115,3,1
2,1,26.0,262,0,6,0,5,12,0,3
2,8,30.0,144,0,19,1,13,29,0,19
3,9,15.0,226,6,3,1,12,17,1,1
3,5,16.0,239,5,18,1,8,118,4,2
3,8,26.0,278,5,4,0,4,66,2,3
2,1,26.0,262,0,16,0,13,36,1,3
3,5,1.0,109,4,17,0,6,7,0,7
2,1,26.0,262,0,13,2,11,15,0,3
3,2,10.0,28,0,12,1,3,30,0,4
2,8,18.0,280,2,1,0,12,84,1,0
3,9,7.0,271,5,11,0,10,47,1,11
2,3,10.0,337,2,0,0,14,107,3,4
3,9,8.0,90,6,22,0,1,11,2,8
3,7,18.0,154,1,19,0,2,86,2,0
3,1,11.0,111,0,13,0,12,84,0,9
2,7,15.0,40,5,22,0,12,61,1,1
2,7,22.0,202,5,1,1,3,76,2,26
2,10,8.0,150,0,2,1,14,88,1,8
2,10,8.0,150,0,17,0,2,86,1,8
2,8,8.0,124,3,16,1,15,46,4,8
3,9,7.0,271,5,22,0,1,105,1,11
3,7,9.0,273,3,6,1,12,17,0,12
3,7,18.0,154,1,2,3,5,6,0,0
3,3,9.0,44,2,1,0,13,29,1,12
3,5,26.0,37,0,12,0,10,23,1,3
3,10,25.0,56,5,13,3,10,22,0,13
3,2,28.0,257,5,5,0,3,79,3,18
3,2,28.0,257,5,17,1,2,2,0,18
0,5,10.0,155,2,14,1,3,30,4,4
2,4,24.0,20,4,8,0,6,7,2,14
2,4,24.0,20,4,18,1,0,64,0,14
3,9,9.0,320,3,15,1,9,49,1,12
3,6,17.0,244,1,18,3,10,30,3,6
3,8,11.0,306,4,1,2,11,133,3,9
3,8,10.0,71,2,16,0,1,1,4,4
3,1,16.0,2,6,17,3,6,7,0,2
2,9,7.0,271,2,3,3,3,103,0,11
2,5,31.0,158,5,8,2,14,34,3,20
2,6,16.0,244,3,4,1,2,69,0,2
2,0,16.0,12,0,8,3,5,0,4,2
3,3,7.0,289,0,17,0,14,88,4,11
3,1,2.0,171,6,19,1,3,115,4,22
3,5,18.0,195,3,13,0,15,51,1,0
3,1,2.0,171,6,19,1,13,29,1,22
3,0,9.0,48,1,5,1,0,0,0,12
3,10,28.0,216,0,2,0,8,9,2,18
3,8,4.0,299,4,19,1,14,25,0,30
3,1,30.0,100,6,11,0,15,114,4,19
3,8,13.0,189,6,18,0,0,96,0,25
3,4,31.0,67,5,8,0,8,27,2,20
3,2,14.0,231,5,2,0,15,39,1,5
3,2,14.0,231,5,22,0,15,46,2,5
3,4,2.0,141,4,12,0,10,47,3,22
3,2,11.0,297,1,1,0,10,47,0,9
2,1,22.0,69,4,15,3,5,6,0,26
2,1,31.0,66,6,4,1,0,26,1,20
2,1,31.0,66,6,11,0,10,47,2,20
2,4,7.0,292,0,12,3,8,19,0,11
2,4,24.0,20,4,7,0,9,54,2,14
2,2,9.0,28,6,18,3,6,7,3,12
3,7,9.0,273,3,6,1,12,17,0,12
3,3,9.0,44,2,12,3,7,137,3,12
3,5,26.0,37,0,22,1,16,113,0,3
2,11,10.0,360,2,14,0,1,59,1,4
2,11,25.0,88,4,11,0,5,64,2,13
2,11,25.0,88,4,17,1,10,47,0,13
2,11,25.0,88,4,1,0,12,80,2,13
2,11,26.0,364,5,4,1,16,50,1,3
2,11,27.0,322,6,13,0,16,113,2,15
2,3,10.0,337,2,3,0,1,11,4,4
2,3,11.0,104,4,11,0,2,92,3,9
2,3,11.0,104,4,15,0,5,12,0,9
2,3,17.0,165,2,15,0,11,124,3,6
2,3,17.0,165,2,22,0,12,56,4,6
2,3,17.0,165,2,13,0,4,66,2,6
2,3,17.0,165,2,11,0,6,128,1,6
2,3,17.0,165,2,19,0,5,6,1,6
2,3,27.0,187,6,4,0,8,27,4,15
2,5,17.0,195,5,18,0,7,20,4,6
2,5,17.0,195,5,1,0,6,116,4,6
2,5,26.0,328,3,13,0,10,47,3,3
2,5,26.0,328,3,22,0,2,123,3,3
2,5,26.0,328,3,18,0,7,54,3,3
2,6,19.0,215,2,16,0,4,70,3,10
2,6,19.0,215,2,1,0,0,15,3,10
2,6,25.0,348,1,6,0,8,9,1,13
2,6,25.0,348,1,22,2,2,13,4,13
2,6,25.0,348,1,4,0,14,24,3,13
2,6,27.0,309,4,14,0,2,2,1,15
2,6,28.0,335,5,16,0,5,12,1,18
2,6,28.0,335,5,12,0,2,92,3,18
2,6,28.0,335,5,18,0,10,22,2,18
2,10,29.0,157,0,14,0,13,29,4,16
2,10,29.0,157,0,9,0,1,35,0,16
2,1,11.0,353,3,5,1,9,10,4,9
2,1,18.0,29,3,8,0,10,52,1,0
2,1,18.0,29,3,4,1,16,74,1,0
2,1,18.0,29,3,18,0,4,4,1,0
2,1,26.0,262,0,4,0,10,52,3,3
2,7,15.0,40,5,13,1,2,2,1,1
2,3,29.0,304,0,14,1,12,100,4,16
2,7,5.0,93,1,2,0,13,28,2,24
2,7,23.0,68,6,1,0,2,92,3,17
2,3,7.0,148,3,20,0,0,64,2,11
2,3,7.0,148,3,13,2,15,119,3,11
2,3,7.0,148,3,22,0,2,86,4,11
2,6,24.0,39,0,11,1,3,30,1,14
2,6,24.0,39,0,12,0,8,118,3,14
2,1,26.0,262,0,22,0,13,21,1,3
2,1,26.0,262,0,15,1,1,11,4,3
2,1,26.0,262,0,18,0,13,29,3,3
2,8,18.0,280,2,5,0,10,43,2,0
2,8,21.0,354,6,6,0,0,53,3,21
2,8,21.0,354,6,20,0,9,63,2,21
2,4,4.0,235,5,12,0,9,87,0,30
2,4,10.0,121,4,21,0,16,50,3,4
2,4,10.0,121,4,19,0,1,16,2,4
2,4,13.0,345,3,11,1,2,86,4,25
2,4,13.0,345,3,13,0,13,48,0,25
2,4,19.0,115,6,12,0,5,6,3,10
2,11,20.0,340,6,21,1,11,15,1,29
3,5,7.0,349,2,6,2,6,91,1,11
2,7,29.0,42,5,2,0,13,48,0,16
2,11,20.0,340,6,20,0,10,22,3,29
2,11,23.0,232,1,6,0,5,12,3,17
2,11,6.0,252,6,15,0,0,68,1,23
3,5,9.0,206,5,9,0,10,47,3,12
2,11,23.0,232,1,17,0,8,9,2,17
2,11,6.0,252,6,13,0,9,54,1,23
3,5,7.0,349,2,2,3,15,96,0,11
2,11,23.0,232,1,21,2,6,89,0,17
3,10,1.0,208,1,19,0,9,102,2,7
3,9,16.0,107,3,19,1,14,25,0,2
2,11,23.0,232,1,8,0,0,85,1,17
2,11,31.0,227,2,12,0,10,22,3,20
3,10,8.0,213,1,17,2,13,21,3,8
3,10,8.0,213,1,21,0,14,24,1,8
3,10,8.0,213,1,0,0,8,27,3,8
3,10,8.0,213,1,11,0,16,74,1,8
3,10,8.0,213,1,1,2,2,86,3,8
3,10,8.0,213,1,14,0,0,26,3,8
3,10,8.0,213,1,7,1,5,12,2,8
3,10,16.0,201,2,10,0,9,134,1,2
3,10,16.0,201,2,21,1,9,10,0,2
3,10,16.0,201,2,12,0,9,54,1,2
3,6,27.0,116,5,15,0,14,24,2,15
3,1,2.0,171,6,13,0,13,61,3,22
3,1,2.0,171,6,22,0,14,25,1,22
3,1,8.0,62,5,3,2,10,43,1,8
3,6,1.0,158,3,8,0,11,133,2,7
3,6,1.0,158,3,19,0,12,121,1,7
3,6,1.0,158,3,8,0,3,76,2,7
3,6,9.0,236,0,16,0,5,6,3,12
3,6,9.0,236,0,2,0,8,41,4,12
3,6,9.0,236,0,14,0,10,47,0,12
3,6,9.0,236,0,1,0,10,43,3,12
3,6,25.0,39,2,6,2,13,123,3,13
2,11,6.0,252,6,4,0,16,37,1,23
2,11,6.0,252,6,3,1,1,35,4,23
2,11,6.0,252,6,12,1,12,100,4,23
2,11,11.0,175,4,11,0,13,21,1,9
2,9,28.0,315,2,16,0,11,94,0,18
0,5,12.0,327,5,8,0,6,89,2,28
3,5,15.0,200,4,19,0,7,120,3,1
3,5,17.0,212,6,14,3,7,57,0,6
3,1,1.0,203,5,13,0,10,47,1,7
2,7,5.0,93,1,17,1,15,96,0,24
2,7,5.0,93,1,14,0,2,86,0,24
2,7,5.0,93,1,4,0,5,12,0,24
2,7,5.0,93,1,9,0,1,67,3,24
2,7,20.0,81,2,0,0,0,15,4,29
2,7,20.0,81,2,16,1,13,48,0,29
2,7,24.0,41,3,17,1,5,6,0,14
2,7,31.0,180,3,15,1,13,38,4,20
2,3,5.0,303,5,21,1,11,133,0,24
2,3,5.0,303,5,19,0,10,22,2,24
2,3,5.0,303,5,14,0,6,89,1,24
2,3,5.0,303,5,6,0,8,65,0,24
2,3,6.0,289,6,17,1,10,22,0,23
2,3,5.0,303,5,9,1,16,139,4,24
2,3,5.0,303,5,6,1,14,25,0,24
2,7,6.0,293,2,17,1,14,125,4,23
3,6,25.0,39,2,10,1,3,30,4,13
3,6,26.0,348,4,15,0,10,47,1,3
3,6,26.0,348,4,22,2,11,133,2,3
3,6,27.0,116,5,13,2,4,82,3,15
3,6,27.0,116,5,3,0,5,12,0,15
3,6,27.0,116,5,19,0,8,65,2,15
3,6,27.0,116,5,1,2,13,29,2,15
3,6,25.0,39,2,13,0,1,59,4,13
3,10,1.0,208,1,9,2,4,136,3,7
3,10,8.0,213,1,5,0,10,47,3,8
3,10,8.0,213,1,14,0,2,3,4,8
3,10,8.0,213,1,14,0,2,13,3,8
3,10,16.0,201,2,21,0,4,5,3,2
3,3,7.0,289,0,15,0,6,73,2,11
3,3,7.0,289,0,12,0,11,55,0,11
3,3,7.0,289,0,14,2,6,14,0,11
2,3,6.0,289,6,15,1,4,66,4,23
2,3,7.0,148,3,17,2,6,73,0,11
2,3,7.0,148,3,11,0,8,118,4,11
2,3,12.0,210,5,16,0,14,32,4,28
2,3,12.0,210,5,23,0,3,30,3,28
2,7,31.0,180,3,11,3,3,76,4,20
2,5,7.0,199,1,17,2,10,22,3,11
2,9,20.0,119,1,6,2,4,79,3,29
2,9,20.0,119,1,6,0,16,50,0,29
2,9,20.0,119,1,9,0,8,41,1,29
2,9,20.0,119,1,9,0,1,16,4,29
2,9,20.0,119,1,2,0,10,47,2,29
2,9,28.0,315,2,23,2,6,89,3,18
2,9,28.0,315,2,3,3,14,25,1,18
2,9,28.0,315,2,4,0,2,69,1,18
2,7,5.0,93,1,16,0,16,50,1,24
2,9,29.0,98,4,14,0,16,50,1,16
2,7,5.0,93,1,6,0,5,12,3,24
2,7,20.0,81,2,16,0,0,12,3,29
2,7,20.0,81,2,17,0,0,64,3,29
2,7,20.0,81,2,1,0,9,57,2,29
2,7,21.0,211,4,16,0,0,0,3,21
3,3,8.0,148,1,17,0,7,122,4,8
3,3,7.0,289,0,1,2,5,64,0,11
3,3,17.0,54,4,20,0,11,117,1,6
2,5,21.0,163,1,17,2,12,56,3,21
2,7,24.0,41,3,17,3,8,9,0,14
3,7,23.0,202,3,4,2,14,34,2,17
2,11,23.0,232,1,12,0,12,80,0,17
3,5,15.0,200,4,19,3,14,110,0,1
3,7,23.0,202,3,1,0,7,78,1,17
2,9,12.0,177,0,16,0,15,108,1,28
2,11,23.0,232,1,3,1,11,55,1,17
3,5,1.0,109,4,12,0,1,11,2,7
3,5,16.0,239,5,0,0,11,18,1,2
2,9,12.0,177,0,22,0,1,16,4,28
2,11,29.0,270,0,1,0,1,16,4,16
3,5,1.0,109,4,8,1,14,25,1,7
3,5,16.0,239,5,14,0,15,119,3,2
2,11,29.0,270,0,15,2,9,54,3,16
3,5,1.0,109,4,4,0,5,0,0,7
2,5,21.0,163,1,16,0,13,36,0,21
2,5,21.0,163,1,18,0,8,9,3,21
2,5,29.0,294,2,16,0,3,30,1,16
2,5,29.0,294,2,13,0,16,37,4,16
2,5,29.0,294,2,19,0,13,99,2,16
2,5,29.0,294,2,1,1,11,94,2,16
2,5,30.0,196,4,17,0,6,88,3,19
2,5,30.0,196,4,5,0,4,45,2,19
2,5,30.0,196,4,13,1,14,25,1,19
2,6,4.0,342,1,0,1,14,25,2,30
2,6,4.0,342,1,10,2,13,28,0,30
2,6,4.0,342,1,23,1,11,15,0,30
2,6,4.0,342,1,19,0,13,38,1,30
2,6,6.0,169,4,16,0,2,92,1,23
2,5,29.0,294,2,23,0,9,57,2,16
2,5,29.0,294,2,8,0,10,22,1,16
2,5,30.0,196,4,22,1,1,81,4,19
2,6,4.0,342,1,0,0,0,53,3,30
2,6,4.0,342,1,17,0,10,22,1,30
2,6,6.0,169,4,16,0,15,46,3,23
2,6,4.0,342,1,6,0,0,53,3,30
3,1,9.0,50,6,2,0,2,69,1,12
3,1,26.0,248,1,16,0,10,30,0,3
3,1,26.0,248,1,4,0,1,35,1,3
3,1,25.0,65,0,5,1,0,77,1,13
3,1,26.0,248,1,14,0,5,6,3,3
3,1,26.0,248,1,1,0,4,5,1,3
3,1,25.0,65,0,4,1,15,114,4,13
3,6,27.0,116,5,19,1,8,9,1,15
3,10,1.0,208,1,1,2,2,69,3,7
3,10,8.0,213,1,17,0,9,101,1,8
3,10,16.0,201,2,12,0,1,1,1,2
3,10,16.0,201,2,14,0,8,118,1,2
3,1,2.0,171,6,13,0,13,29,1,22
3,1,2.0,171,6,6,1,0,26,2,22
3,1,8.0,62,5,17,0,8,41,4,8
3,1,10.0,17,3,17,0,3,76,1,4
3,1,10.0,17,3,6,0,3,76,3,4
3,1,10.0,17,3,13,2,6,7,0,4
3,1,10.0,17,3,19,0,3,4,0,4
3,1,19.0,29,1,7,0,14,34,1,10
2,6,6.0,169,4,12,0,13,29,2,23
2,6,6.0,169,4,14,0,0,12,1,23
2,6,6.0,169,4,20,1,16,50,1,23
2,6,14.0,49,5,7,0,13,36,1,5
2,6,14.0,49,5,22,2,16,130,2,5
2,6,14.0,49,5,8,2,8,27,0,5
2,6,14.0,49,5,12,2,7,31,3,5
2,6,14.0,49,5,1,0,11,18,1,5
2,6,14.0,49,5,2,0,5,6,2,5
2,6,22.0,84,6,15,0,13,13,1,26
2,6,22.0,84,6,9,0,13,28,4,26
2,5,7.0,199,1,6,0,0,64,0,11
2,5,13.0,36,0,19,1,3,79,4,25
2,5,13.0,36,0,18,2,2,2,1,25
2,5,14.0,200,1,16,0,15,85,0,5
2,5,14.0,200,1,15,0,1,81,3,5
2,5,14.0,200,1,8,0,12,61,4,5
3,1,19.0,29,1,13,0,4,82,3,10
3,1,19.0,29,1,1,0,10,22,3,10
3,1,24.0,64,3,7,0,14,131,1,14
3,1,24.0,64,3,4,0,10,47,3,14
3,1,24.0,64,3,1,0,14,88,2,14
3,1,24.0,64,3,14,0,2,69,3,14
3,1,24.0,64,3,10,1,13,28,1,14
3,1,25.0,65,0,8,0,16,130,3,13
3,1,8.0,62,5,19,1,6,128,1,8
3,1,8.0,62,5,4,0,0,64,3,8
3,1,10.0,17,3,6,0,0,53,1,4
3,1,10.0,17,3,0,1,10,47,2,4
2,6,21.0,185,5,18,1,9,27,0,21
3,1,8.0,62,5,13,1,0,0,1,8
3,1,10.0,17,3,23,0,10,43,3,4
3,1,10.0,17,3,20,2,2,86,1,4
3,1,10.0,17,3,9,1,12,61,4,4
3,1,10.0,17,3,22,0,13,38,3,4
3,1,19.0,29,1,17,0,5,0,1,10
3,1,19.0,29,1,16,2,11,15,1,10
3,1,19.0,29,1,3,1,11,8,1,10
3,5,16.0,239,5,20,3,9,101,0,2
3,5,7.0,349,2,16,0,2,86,1,11
2,9,20.0,119,1,16,0,8,19,4,29
2,11,29.0,270,0,22,1,9,134,4,16
3,5,16.0,239,5,14,0,13,38,3,2
2,11,31.0,227,2,17,0,1,59,1,20
3,5,7.0,349,2,3,0,8,27,1,11
3,5,18.0,195,3,6,0,0,68,0,0
2,11,31.0,227,2,16,0,10,23,1,20
3,5,9.0,206,5,11,0,8,9,4,12
3,6,1.0,158,3,19,0,9,87,2,7
2,11,6.0,252,6,15,0,5,6,2,23
2,11,31.0,227,2,7,1,5,6,0,20
3,5,7.0,349,2,6,0,0,26,0,11
3,6,9.0,236,0,1,2,10,47,3,12
2,9,20.0,119,1,22,2,4,79,2,29
2,11,6.0,252,6,22,1,11,10,4,23
3,7,15.0,205,6,11,0,6,91,4,1
3,7,15.0,205,6,9,0,2,69,2,1
3,7,16.0,40,3,6,1,6,128,1,2
3,7,16.0,40,3,14,0,15,112,4,2
3,7,16.0,40,3,1,0,2,86,0,2
3,7,16.0,40,3,17,2,9,102,0,2
3,7,24.0,68,0,16,2,0,64,3,14
3,7,24.0,68,0,22,1,11,10,4,14
3,7,26.0,316,2,17,0,0,26,3,3
3,7,26.0,316,2,17,2,6,7,2,3
2,4,14.0,132,0,19,3,12,83,4,5
3,7,26.0,316,2,14,0,10,43,1,3
3,3,6.0,303,3,16,0,10,47,1,23
3,3,6.0,303,3,17,1,2,2,1,23
3,3,6.0,303,3,1,0,2,86,4,23
3,3,6.0,303,3,23,0,14,25,1,23
2,7,31.0,180,3,2,0,9,49,3,20
3,3,7.0,289,0,3,0,13,38,0,11
2,11,11.0,175,4,13,1,2,13,4,9
2,11,11.0,175,4,5,1,4,45,4,9
2,11,11.0,175,4,14,2,1,35,0,9
2,11,13.0,312,6,7,0,1,1,0,25
2,11,11.0,175,4,13,0,8,9,2,9
2,11,13.0,312,6,17,0,2,92,1,25
2,11,13.0,312,6,5,1,1,16,4,25
2,11,20.0,340,6,6,1,15,39,0,29
2,11,20.0,340,6,17,1,4,121,2,29
2,11,23.0,232,1,1,0,5,47,2,17
2,11,29.0,270,0,5,0,3,76,0,16
2,11,29.0,270,0,13,1,6,116,1,16
2,11,31.0,227,2,17,1,3,30,0,20
2,11,29.0,270,0,13,1,6,89,4,16
2,11,31.0,227,2,12,0,13,48,0,20
2,11,31.0,227,2,2,0,12,17,4,20
2,11,31.0,227,2,4,2,13,99,1,20
2,11,6.0,252,6,3,1,15,51,4,23
2,11,6.0,252,6,2,0,0,26,2,23
2,11,6.0,252,6,5,1,9,54,4,23
3,3,6.0,303,3,15,0,2,40,2,23
3,3,7.0,289,0,22,2,0,64,3,11
3,6,9.0,236,0,19,0,8,33,0,12
3,6,25.0,39,2,21,0,7,62,1,13
3,6,25.0,39,2,11,0,10,47,1,13
3,6,25.0,39,2,21,1,13,99,0,13
3,6,25.0,39,2,19,0,15,114,3,13
3,6,25.0,39,2,1,0,12,56,4,13
3,6,26.0,348,4,0,1,0,77,0,3
3,6,26.0,348,4,1,0,8,27,3,3
3,6,27.0,116,5,4,0,7,122,3,15
3,6,27.0,116,5,20,1,1,16,4,15
3,6,27.0,116,5,1,0,10,47,1,15
3,6,27.0,116,5,14,0,8,118,0,15
3,6,27.0,116,5,9,0,0,26,3,15
3,10,8.0,213,1,17,0,0,64,1,8
2,11,6.0,252,6,14,0,16,37,3,23
0,0,6.0,260,2,13,1,5,6,1,23
2,11,11.0,175,4,12,0,6,89,1,9
2,11,20.0,340,6,6,0,1,11,0,29
2,11,20.0,340,6,5,0,3,44,4,29
2,11,20.0,340,6,1,1,14,25,2,29
2,11,23.0,232,1,0,0,0,68,3,17
2,11,23.0,232,1,21,1,13,21,0,17
2,11,23.0,232,1,3,2,1,11,2,17
3,9,6.0,51,4,17,0,14,34,4,23
2,11,23.0,232,1,19,0,9,9,0,17
2,11,23.0,232,1,9,0,13,48,0,17
2,11,29.0,270,0,15,1,12,100,4,16
2,11,29.0,270,0,11,2,4,75,3,16
2,11,29.0,270,0,1,0,8,19,4,16
2,9,5.0,89,0,21,1,5,64,2,24
2,9,5.0,89,0,18,0,7,20,3,24
2,9,12.0,177,0,17,0,8,27,1,28
2,9,12.0,177,0,2,0,9,102,4,28
2,9,12.0,177,0,14,3,12,80,0,28
2,9,20.0,119,1,16,0,8,118,4,29
2,5,7.0,199,1,23,1,10,47,4,11
2,11,31.0,227,2,15,0,0,64,3,20
3,6,25.0,39,2,5,0,9,87,3,13
2,9,28.0,315,2,22,0,5,6,0,18
2,5,7.0,199,1,4,0,5,12,0,11
3,5,9.0,206,5,19,0,5,12,3,12
2,3,6.0,289,6,17,0,3,30,4,23
3,3,8.0,148,1,12,0,13,38,1,8
2,3,6.0,289,6,3,1,14,97,4,23
3,3,8.0,148,1,9,0,0,15,0,8
3,6,25.0,39,2,16,2,4,4,1,13
2,9,28.0,315,2,4,0,0,26,1,18
2,5,7.0,199,1,9,0,0,26,0,11
3,10,16.0,201,2,10,0,8,9,1,2
3,3,15.0,35,1,16,0,5,12,3,1
2,11,31.0,227,2,10,0,3,103,3,20
2,3,6.0,289,6,14,2,14,25,0,23
2,5,7.0,199,1,12,2,7,78,3,11
3,5,16.0,239,5,17,1,11,98,0,2
3,6,25.0,39,2,22,0,15,31,0,13
3,3,15.0,35,1,7,1,11,18,0,1
2,9,5.0,89,0,3,0,2,2,4,24
2,5,13.0,36,0,8,0,8,118,1,25
3,5,16.0,239,5,13,2,11,18,3,2
2,7,24.0,41,3,12,0,13,48,0,14
3,6,25.0,39,2,1,2,10,22,3,13
3,5,16.0,239,5,8,0,12,56,2,2
2,7,24.0,41,3,1,0,1,105,4,14
3,10,16.0,201,2,8,0,10,22,3,2
3,3,16.0,263,2,17,0,10,47,2,2
2,3,6.0,289,6,19,1,11,122,0,23
2,7,31.0,180,3,17,0,9,54,2,20
3,3,8.0,148,1,9,0,15,31,2,8
3,5,7.0,349,2,7,2,14,25,2,11
3,3,16.0,263,2,13,0,6,7,3,2
3,10,16.0,201,2,17,2,13,123,3,2
3,5,18.0,195,3,13,0,12,121,4,0
2,3,5.0,303,5,11,0,5,64,3,24
3,6,26.0,348,4,12,0,9,57,0,3
2,11,22.0,250,0,19,1,13,21,0,26
3,3,16.0,263,2,12,0,2,2,4,2
3,1,2.0,171,6,6,1,5,12,1,22
3,5,18.0,195,3,22,1,13,69,1,0
2,3,12.0,210,5,16,2,0,64,3,28
2,7,29.0,42,5,9,0,6,116,4,16
2,7,29.0,42,5,14,2,6,7,3,16
2,7,31.0,180,3,22,0,0,15,0,20
2,7,31.0,180,3,19,0,0,77,1,20
2,3,5.0,303,5,17,0,8,9,1,24
2,3,5.0,303,5,8,1,9,95,1,24
2,3,5.0,303,5,22,0,6,7,4,24
2,6,29.0,145,6,13,3,11,90,0,16
2,1,12.0,207,0,1,1,1,11,4,28
2,1,12.0,207,0,13,0,0,64,4,28
2,8,12.0,189,4,3,2,10,6,3,28
2,2,13.0,231,2,22,1,2,123,4,25
2,2,20.0,108,2,5,1,0,26,2,29
3,11,21.0,192,1,0,0,2,13,1,21
2,11,9.0,311,1,7,0,8,41,1,12
3,7,30.0,42,3,15,0,10,47,3,19
3,5,6.0,277,1,4,0,1,16,1,23
3,5,6.0,277,1,18,0,6,7,4,23
2,9,9.0,320,5,15,0,4,82,1,12
2,9,27.0,179,1,0,0,4,45,1,15
3,5,4.0,114,3,5,1,10,47,4,30
2,9,1.0,126,4,17,0,9,101,4,7
2,7,28.0,268,4,1,1,9,101,2,18
3,6,20.0,215,5,8,1,7,57,1,29
3,6,5.0,342,4,13,1,2,71,4,24
2,5,27.0,259,0,13,0,0,26,0,15
2,5,25.0,37,6,1,1,8,9,4,13
3,6,10.0,149,1,8,1,13,48,1,4
3,6,24.0,31,1,22,0,13,28,2,14
3,1,1.0,203,5,13,2,0,68,3,7
3,1,1.0,203,5,4,1,2,2,2,7
2,3,5.0,303,5,18,0,13,13,4,24
2,3,6.0,289,6,4,2,15,119,3,23
2,3,6.0,289,6,9,0,8,41,1,23
2,3,6.0,289,6,1,1,9,10,0,23
2,3,7.0,148,3,17,1,6,7,0,11
2,3,7.0,148,3,0,1,9,54,0,11
2,3,7.0,148,3,9,2,13,13,0,11
2,3,12.0,210,5,6,1,2,86,2,28
2,3,12.0,210,5,20,1,2,2,4,28
2,3,12.0,210,5,4,0,5,12,3,28
2,3,12.0,210,5,14,2,0,64,3,28
2,11,11.0,175,4,19,0,2,2,0,9
2,11,11.0,175,4,8,3,13,69,0,9
2,11,11.0,175,4,12,0,0,96,2,9
2,11,13.0,312,6,6,0,3,79,1,25
3,6,1.0,158,3,0,0,6,128,0,7
3,6,1.0,158,3,3,0,5,6,2,7
3,6,1.0,158,3,4,0,7,57,4,7
3,6,1.0,158,3,18,0,4,66,2,7
3,6,9.0,236,0,12,0,1,35,3,12
3,6,25.0,39,2,16,0,11,94,3,13
3,6,25.0,39,2,21,0,14,25,3,13
3,6,25.0,39,2,1,0,13,48,1,13
3,6,26.0,348,4,16,0,1,11,1,3
3,6,25.0,39,2,14,1,11,98,0,13
3,6,25.0,39,2,16,0,6,7,0,13
3,6,26.0,348,4,9,0,10,47,2,3
3,6,27.0,116,5,1,2,12,80,3,15
3,10,8.0,213,1,16,0,3,79,0,8
3,10,8.0,213,1,13,1,2,123,4,8
3,10,16.0,201,2,23,0,13,99,2,2
3,10,16.0,201,2,14,2,9,95,3,2
3,1,2.0,171,6,17,2,16,72,3,22
2,5,6.0,349,0,9,0,8,27,4,23
3,1,2.0,171,6,15,0,10,22,2,22
3,1,14.0,183,4,20,1,0,26,0,5
2,5,25.0,37,6,14,0,6,128,0,13
2,9,11.0,52,3,4,1,5,12,0,9
2,3,19.0,105,5,0,0,4,4,1,10
0,4,1.0,144,3,14,0,0,77,1,7
2,10,20.0,341,6,3,1,0,77,0,29
2,2,5.0,251,1,3,0,12,61,1,24
2,2,13.0,231,2,14,1,15,39,4,25
3,11,21.0,192,1,19,0,2,123,3,21
3,3,24.0,357,4,2,1,9,93,4,14
3,3,18.0,165,5,9,3,13,38,3,0
3,5,7.0,349,2,13,0,1,1,2,11
3,5,16.0,239,5,17,0,1,35,4,2
3,6,27.0,116,5,17,0,0,64,1,15
3,1,2.0,171,6,7,0,8,9,1,22
3,3,16.0,263,2,14,0,14,24,1,2
3,5,7.0,349,2,9,0,4,45,1,11
3,5,7.0,349,2,7,1,11,133,4,11
3,5,9.0,206,5,16,3,6,7,0,12
3,5,7.0,349,2,11,1,0,53,4,11
3,5,9.0,206,5,14,2,5,6,3,12
3,5,16.0,239,5,4,2,7,137,3,2
3,5,16.0,239,5,23,1,7,111,1,2
3,5,16.0,239,5,18,0,10,47,2,2
3,5,16.0,239,5,19,1,5,12,1,2
3,5,18.0,195,3,2,0,11,122,1,0
3,5,18.0,195,3,2,0,12,61,1,0
3,5,18.0,195,3,12,2,13,48,0,0
3,5,18.0,195,3,17,2,6,91,3,0
3,5,18.0,195,3,4,2,10,52,3,0
3,5,18.0,195,3,1,0,6,89,3,0
3,5,18.0,195,3,22,0,8,9,3,0
3,6,1.0,158,3,6,0,1,35,4,7
2,7,23.0,68,6,19,1,10,22,1,17
2,7,24.0,41,3,18,0,0,77,4,14
2,7,24.0,41,3,22,1,3,79,4,14
2,7,29.0,42,5,16,1,7,78,0,16
2,7,29.0,42,5,20,0,10,6,3,16
2,7,31.0,180,3,6,0,14,25,0,20
2,7,31.0,180,3,6,0,10,47,2,20
2,3,5.0,303,5,19,3,13,38,1,24
2,3,6.0,289,6,8,0,7,20,3,23
2,3,6.0,289,6,9,2,10,22,3,23
2,3,7.0,148,3,15,0,4,4,1,11
2,3,7.0,148,3,22,0,10,47,3,11
2,3,5.0,303,5,8,0,1,67,3,24
2,3,7.0,148,3,3,2,16,37,3,11
2,3,7.0,148,3,22,1,0,68,4,11
3,6,24.0,31,1,19,1,13,29,4,14
2,3,6.0,289,6,18,1,9,93,0,23
2,3,12.0,210,5,11,0,10,47,1,28
2,3,7.0,148,3,13,2,15,119,3,11
2,3,12.0,210,5,22,0,10,6,3,28
2,3,12.0,210,5,8,0,10,43,1,28
2,3,12.0,210,5,12,0,16,72,1,28
2,3,12.0,210,5,1,1,7,57,0,28
0,10,13.0,346,4,17,3,4,82,1,25
2,9,21.0,362,2,13,0,14,24,2,21
2,7,4.0,204,0,1,0,2,86,1,30
3,1,2.0,171,6,20,0,3,79,0,22
3,1,2.0,171,6,19,0,2,69,0,22
3,1,2.0,171,6,12,0,0,12,3,22
3,1,2.0,171,6,19,0,10,47,2,22
2,3,4.0,324,4,22,0,10,52,2,30
2,3,4.0,324,4,2,0,5,6,0,30
3,1,8.0,62,5,21,1,5,12,0,8
3,1,8.0,62,5,6,1,7,120,0,8
3,1,8.0,62,5,8,0,6,91,3,8
3,1,10.0,17,3,19,0,3,76,4,4
3,1,19.0,29,1,6,0,6,89,1,10
3,1,19.0,29,1,21,0,14,34,4,10
3,1,19.0,29,1,5,0,10,6,3,10
3,1,19.0,29,1,14,0,6,89,1,10
3,1,24.0,64,3,16,0,13,99,4,14
3,1,25.0,65,0,3,0,8,9,2,13
3,1,25.0,65,0,9,0,4,79,0,13
3,1,25.0,65,0,18,0,0,0,3,13
2,3,13.0,33,6,4,1,5,6,0,25
2,3,13.0,33,6,15,3,7,111,1,25
2,3,13.0,33,6,12,3,16,108,4,25
2,3,13.0,33,6,4,0,2,2,2,25
2,3,5.0,303,5,22,0,8,27,2,24
2,5,7.0,199,1,21,0,13,48,0,11
3,5,18.0,195,3,1,2,14,25,3,0
2,5,13.0,36,0,8,0,10,47,0,25
3,5,1.0,109,4,22,0,5,64,1,7
3,5,7.0,349,2,0,1,4,4,4,11
3,3,26.0,343,6,2,0,6,14,2,3
2,5,13.0,36,0,19,0,1,105,3,25
3,5,7.0,349,2,15,0,15,51,0,11
2,0,16.0,12,0,1,0,9,93,2,2
3,3,26.0,343,6,8,0,6,91,4,3
3,6,1.0,158,3,15,0,3,79,2,7
3,3,26.0,343,6,14,0,14,107,4,3
3,5,7.0,349,2,15,0,16,130,1,11
2,5,13.0,36,0,18,0,4,121,4,25
3,6,1.0,158,3,15,0,0,15,2,7
3,5,1.0,109,4,6,0,6,132,4,7
3,5,1.0,109,4,3,0,7,137,2,7
3,5,7.0,349,2,10,0,10,22,3,11
3,5,7.0,349,2,8,0,5,12,1,11
3,5,7.0,349,2,4,2,12,61,3,11
3,5,7.0,349,2,13,1,10,47,4,11
3,5,9.0,206,5,0,0,4,66,1,12
3,5,9.0,206,5,0,0,14,97,0,12
3,5,9.0,206,5,22,2,4,79,3,12
3,5,9.0,206,5,22,0,5,6,3,12
3,5,7.0,349,2,16,2,14,32,3,11
3,5,9.0,206,5,3,1,13,36,1,12
3,5,9.0,206,5,7,3,6,7,3,12
3,5,18.0,195,3,3,0,9,95,2,0
2,9,29.0,98,4,22,2,1,16,0,16
2,9,29.0,98,4,14,0,15,108,2,16
2,9,29.0,98,4,1,0,2,86,4,16
2,9,29.0,98,4,14,0,0,0,0,16
2,9,20.0,119,1,6,0,11,15,2,29
2,7,5.0,93,1,7,0,2,92,1,24
3,5,15.0,200,4,13,0,2,13,4,1
3,5,15.0,200,4,1,3,13,38,4,1
2,7,5.0,93,1,1,0,2,86,4,24
2,7,5.0,93,1,14,0,9,83,2,24
2,7,5.0,93,1,1,2,2,92,1,24
2,7,5.0,93,1,18,0,5,12,0,24
2,7,20.0,81,2,16,0,4,75,1,29
2,7,20.0,81,2,22,0,11,133,2,29
2,7,20.0,81,2,19,2,8,19,3,29
2,7,20.0,81,2,16,2,6,126,3,29
2,7,21.0,211,4,19,0,1,67,3,21
2,7,21.0,211,4,12,0,10,47,3,21
2,7,23.0,68,6,16,0,13,99,1,17
2,7,24.0,41,3,11,0,5,6,3,14
2,7,29.0,42,5,6,0,8,27,1,16
2,7,29.0,42,5,6,1,10,47,0,16
3,6,1.0,158,3,9,0,15,51,3,7
3,6,1.0,158,3,18,0,5,12,0,7
3,6,9.0,236,0,17,1,11,55,2,12
3,6,9.0,236,0,15,0,2,123,3,12
3,6,9.0,236,0,22,0,15,114,0,12
3,6,26.0,348,4,16,1,0,12,0,3
3,6,26.0,348,4,9,0,12,61,1,3
3,6,27.0,116,5,23,0,14,25,1,15
3,3,15.0,35,1,17,0,2,40,2,1
3,3,15.0,35,1,4,0,6,89,4,1
3,3,15.0,35,1,12,0,2,2,3,1
3,3,15.0,35,1,4,0,9,101,0,1
3,3,16.0,263,2,6,0,7,120,3,2
3,3,16.0,263,2,21,0,16,42,1,2
3,3,16.0,263,2,17,1,0,31,1,2
3,3,15.0,35,1,6,1,2,13,1,1
3,3,16.0,263,2,19,0,13,36,4,2
3,3,16.0,263,2,19,2,6,14,0,2
3,3,16.0,263,2,12,1,0,26,4,2
3,3,16.0,263,2,2,0,14,24,2,2
3,3,26.0,343,6,8,0,0,77,3,3
3,3,26.0,343,6,22,1,9,134,4,3
3,3,26.0,343,6,14,0,14,24,1,3
3,5,7.0,349,2,16,0,6,89,1,11
3,5,7.0,349,2,1,0,2,69,2,11
3,5,7.0,349,2,2,0,6,128,0,11
3,5,9.0,206,5,12,0,14,24,1,12
3,5,16.0,239,5,17,1,0,12,1,2
3,5,16.0,239,5,13,0,8,33,0,2
2,7,4.0,204,0,19,1,1,16,4,30
2,3,4.0,324,4,11,1,11,18,1,30
2,3,4.0,324,4,13,0,8,9,1,30
3,6,27.0,116,5,9,0,9,49,0,15
3,6,26.0,348,4,19,0,1,59,1,3
3,6,27.0,116,5,18,0,9,63,0,15
3,10,1.0,208,1,0,0,0,26,1,7
2,9,4.0,295,3,8,0,5,12,3,30
2,3,4.0,324,4,18,2,7,137,1,30
3,10,1.0,208,1,4,0,4,75,1,7
3,10,1.0,208,1,12,1,11,133,1,7
3,6,1.0,158,3,3,2,3,115,3,7
3,5,1.0,109,4,14,0,10,22,3,7
3,11,15.0,331,2,16,0,3,115,3,1
3,11,15.0,331,2,4,0,0,15,0,1
3,11,15.0,331,2,14,0,6,7,3,1
3,5,1.0,109,4,14,0,12,61,4,7
3,5,1.0,109,4,4,0,2,2,1,7
2,11,29.0,270,0,0,0,10,22,3,16
2,11,29.0,270,0,3,0,0,77,1,16
2,11,31.0,227,2,17,0,5,12,1,20
2,11,31.0,227,2,16,0,0,12,0,20
2,11,31.0,227,2,2,0,14,32,0,20
2,11,29.0,270,0,9,1,10,23,2,16
2,9,5.0,89,0,7,1,13,21,0,24
2,9,5.0,89,0,11,1,1,1,4,24
2,9,5.0,89,0,4,2,8,65,0,24
2,9,5.0,89,0,14,0,10,30,0,24
2,9,5.0,89,0,12,1,0,64,0,24
2,9,12.0,177,0,22,0,4,136,1,28
2,9,12.0,177,0,5,3,7,57,0,28
3,7,1.0,98,6,13,0,6,132,4,7
2,9,12.0,177,0,2,0,15,112,2,28
2,9,12.0,177,0,11,1,4,75,1,28
2,9,12.0,177,0,12,1,4,4,1,28
2,5,14.0,200,1,6,0,8,9,1,5
2,9,20.0,119,1,16,0,5,12,1,29
2,9,20.0,119,1,3,0,16,72,3,29
3,5,7.0,349,2,3,0,11,94,2,11
3,5,7.0,349,2,12,0,11,117,3,11
2,9,23.0,167,5,13,0,2,86,1,17
2,7,4.0,204,0,20,1,8,65,4,30
3,5,7.0,349,2,9,0,16,72,3,11
3,5,7.0,349,2,22,1,9,134,4,11
3,5,9.0,206,5,13,1,12,56,4,12
3,5,16.0,239,5,6,1,6,128,0,2
3,5,16.0,239,5,16,1,6,7,0,2
3,5,16.0,239,5,5,0,5,6,3,2
3,5,16.0,239,5,4,0,12,84,1,2
3,5,16.0,239,5,18,0,6,7,3,2
3,5,18.0,195,3,14,0,2,123,1,0
3,5,16.0,239,5,5,0,13,36,4,2
3,6,1.0,158,3,0,1,16,72,2,7
3,3,16.0,263,2,0,0,13,28,1,2
3,3,16.0,263,2,5,1,10,23,1,2
3,3,16.0,263,2,9,2,8,27,3,2
3,3,26.0,343,6,2,1,9,93,4,3
3,5,1.0,109,4,8,0,10,47,2,7
2,9,20.0,119,1,13,0,12,104,4,29
2,9,20.0,119,1,3,0,3,115,4,29
2,9,28.0,315,2,16,0,0,12,3,18
2,9,28.0,315,2,3,0,8,118,4,18
3,7,23.0,202,3,13,0,11,8,3,17
2,0,1.0,47,3,11,0,2,2,2,7
3,3,25.0,347,5,13,3,9,93,4,13
2,11,11.0,175,4,19,0,16,72,3,9
2,11,20.0,340,6,12,0,10,22,2,29
2,11,23.0,232,1,16,0,8,41,0,17
2,11,29.0,270,0,17,0,0,12,0,16
2,11,29.0,270,0,13,3,2,2,4,16
2,11,29.0,270,0,8,1,13,13,1,16
2,11,31.0,227,2,14,0,7,20,1,20
2,9,5.0,89,0,8,0,10,47,2,24
3,3,26.0,343,6,13,0,16,42,2,3
2,3,30.0,109,1,17,0,9,10,1,19
2,9,20.0,119,1,18,0,2,92,1,29
3,5,1.0,109,4,8,1,9,49,1,7
2,9,28.0,315,2,7,0,10,47,0,18
3,5,1.0,109,4,22,1,7,54,4,7
2,9,28.0,315,2,19,0,8,19,1,18
3,5,7.0,349,2,6,1,13,38,2,11
3,5,7.0,349,2,16,0,16,50,1,11
2,9,28.0,315,2,4,0,16,113,1,18
3,5,18.0,195,3,23,0,6,89,1,0
2,0,14.0,190,6,15,0,9,49,2,5
3,5,18.0,195,3,18,1,5,64,1,0
2,11,8.0,283,0,11,0,11,98,2,8
2,7,20.0,81,2,17,1,16,139,0,29
2,7,21.0,211,4,15,0,2,92,1,21
2,7,21.0,211,4,2,0,12,61,0,21
2,7,21.0,211,4,2,0,10,47,3,21
2,7,23.0,68,6,2,0,7,62,3,17
2,7,23.0,68,6,16,0,0,53,0,17
2,7,23.0,68,6,8,0,5,6,3,17
2,7,20.0,81,2,1,1,9,27,0,29
2,7,24.0,41,3,23,0,8,118,1,14
2,7,24.0,41,3,10,0,8,27,0,14
2,9,20.0,119,1,16,0,15,114,0,29
2,9,20.0,119,1,1,1,1,81,4,29
2,9,28.0,315,2,16,0,4,66,0,18
2,9,28.0,315,2,13,0,0,85,1,18
2,9,28.0,315,2,15,2,10,47,3,18
2,9,29.0,98,4,7,2,10,22,3,16
2,9,29.0,98,4,23,0,13,29,1,16
2,9,29.0,98,4,22,0,4,121,2,16
2,9,29.0,98,4,8,1,12,104,4,16
0,4,1.0,144,3,17,3,5,64,2,7
2,6,10.0,355,0,22,3,3,76,1,4
2,6,29.0,145,6,11,1,0,85,1,16
2,8,1.0,77,3,1,1,7,57,4,7
2,0,2.0,334,0,14,0,3,103,1,22
2,0,5.0,260,4,19,0,10,47,0,24
2,4,1.0,141,1,8,2,15,96,0,7
3,11,21.0,192,1,13,0,1,11,4,21
3,3,22.0,166,1,13,1,2,92,1,26
3,5,4.0,114,3,5,1,7,8,4,30
2,9,1.0,126,4,15,0,9,95,2,7
2,9,11.0,52,3,19,3,14,25,0,9
3,5,5.0,96,0,2,1,9,109,4,24
2,9,1.0,126,4,17,0,12,61,2,7
2,7,5.0,93,1,0,0,1,11,4,24
2,7,5.0,93,1,3,0,15,24,0,24
2,7,5.0,93,1,8,1,16,42,1,24
2,7,20.0,81,2,21,1,14,107,0,29
2,7,20.0,81,2,7,1,13,28,0,29
2,7,20.0,81,2,6,0,14,32,0,29
2,7,20.0,81,2,15,0,1,81,2,29
2,7,20.0,81,2,14,0,9,57,2,29
2,7,20.0,81,2,21,0,5,6,3,29
2,7,21.0,211,4,3,0,2,40,2,21
2,7,21.0,211,4,22,2,8,27,3,21
2,7,21.0,211,4,3,0,0,85,0,21
2,7,23.0,68,6,21,0,10,6,3,17
2,7,23.0,68,6,23,0,11,133,3,17
2,9,28.0,315,2,6,0,0,53,3,18
2,9,28.0,315,2,6,0,0,15,1,18
2,9,28.0,315,2,2,0,1,1,4,18
2,9,28.0,315,2,4,0,15,119,0,18
2,9,29.0,98,4,10,1,13,21,4,16
2,7,5.0,93,1,7,0,0,26,1,24
2,7,23.0,68,6,21,0,13,48,1,17
2,7,23.0,68,6,16,1,0,26,0,17
2,7,23.0,68,6,3,0,9,102,1,17
2,7,24.0,41,3,15,0,4,82,1,14
2,7,2.0,269,6,19,1,2,86,0,22
2,2,10.0,297,3,13,0,6,91,2,4
2,2,30.0,8,6,15,0,14,25,2,19
3,11,10.0,360,5,13,1,11,15,1,4
3,9,12.0,177,2,19,1,7,129,1,28
3,9,21.0,362,5,22,1,0,15,1,21
2,6,20.0,193,4,13,0,1,67,1,29
3,5,2.0,307,5,0,0,4,127,3,22
2,7,23.0,68,6,5,2,6,89,2,17
2,7,24.0,41,3,4,0,6,91,2,14
3,5,17.0,212,6,19,1,9,95,4,6
3,6,8.0,59,3,17,3,3,76,1,8
2,7,29.0,42,5,13,0,15,108,3,16
2,7,29.0,42,5,9,2,6,7,3,16
2,9,19.0,234,0,22,0,15,85,3,10
2,9,8.0,90,4,2,1,13,99,1,8
2,3,18.0,138,4,1,0,4,66,0,0
2,10,4.0,336,4,17,2,3,44,3,30
2,10,10.0,298,2,21,1,0,26,0,4
2,10,9.0,245,1,14,0,0,53,4,12
2,2,12.0,276,1,0,0,0,31,0,28
2,2,12.0,276,1,8,3,5,6,0,28
2,11,29.0,270,0,11,1,12,100,4,16
2,11,29.0,270,0,10,1,9,95,4,16
2,11,31.0,227,2,17,0,1,67,4,20
2,11,31.0,227,2,20,0,7,78,1,20
2,11,31.0,227,2,21,2,1,81,3,20
2,9,5.0,89,0,23,0,5,6,2,24
2,9,5.0,89,0,23,1,9,95,1,24
3,9,1.0,126,6,7,1,14,32,0,7
3,9,1.0,126,6,12,0,9,102,3,7
3,9,1.0,126,6,14,2,6,91,3,7
3,9,14.0,106,5,16,0,11,94,1,5
3,9,14.0,106,5,7,1,7,129,1,5
3,9,14.0,106,5,4,0,13,48,1,5
3,9,14.0,106,5,4,1,9,63,4,5
3,9,15.0,226,6,17,0,5,12,3,1
3,9,15.0,226,6,5,0,6,89,2,1
3,9,17.0,255,0,17,0,0,77,1,6
3,9,17.0,255,0,8,1,0,85,0,6
3,9,22.0,92,6,16,1,12,100,2,26
3,9,25.0,344,1,3,0,8,41,1,13
3,7,6.0,93,4,17,1,7,120,2,23
3,7,6.0,93,4,15,0,3,115,3,23
3,7,6.0,93,4,22,2,10,52,3,23
3,7,6.0,93,4,2,0,4,75,1,23
3,7,6.0,93,4,12,0,13,13,3,23
3,7,6.0,93,4,12,0,8,41,1,23
3,7,6.0,93,4,1,2,1,67,3,23
2,9,19.0,234,0,13,0,1,11,2,10
2,7,2.0,269,6,4,0,3,79,1,22
2,3,18.0,138,4,13,1,9,49,1,0
2,5,20.0,351,0,14,0,13,13,0,29
3,3,5.0,324,6,8,1,7,20,4,24
0,0,11.0,10,0,15,1,9,57,1,9
3,5,2.0,307,5,20,0,10,43,1,22
3,5,14.0,36,2,12,1,7,57,4,5
2,11,2.0,265,1,3,1,0,53,1,22
2,9,19.0,234,0,19,2,14,34,0,10
2,9,26.0,267,0,2,3,14,25,0,3
2,7,19.0,266,1,17,1,6,128,2,10
2,7,27.0,34,2,12,1,10,43,2,15
2,7,27.0,34,2,19,3,5,6,2,15
2,9,5.0,89,0,4,1,16,50,4,24
2,9,5.0,89,0,4,0,13,28,1,24
2,9,5.0,89,0,18,0,11,117,1,24
3,3,25.0,347,5,14,1,13,28,4,13
3,3,24.0,357,4,2,0,14,24,3,14
2,5,14.0,200,1,7,2,10,6,3,5
2,5,14.0,200,1,5,0,2,123,1,5
2,5,14.0,200,1,9,0,7,78,1,5
2,5,21.0,163,1,14,2,12,104,0,21
2,5,29.0,294,2,6,0,10,47,3,16
2,5,29.0,294,2,16,2,1,16,3,16
2,5,29.0,294,2,16,0,3,115,3,16
2,7,23.0,68,6,11,0,1,59,3,17
2,7,23.0,68,6,18,1,10,22,1,17
2,7,29.0,42,5,5,0,10,47,0,16
2,7,23.0,68,6,18,0,12,56,1,17
2,7,29.0,42,5,19,0,0,26,2,16
2,7,29.0,42,5,23,1,4,45,4,16
2,7,29.0,42,5,14,0,9,57,0,16
2,7,31.0,180,3,11,2,16,139,4,20
2,3,5.0,303,5,19,2,1,11,3,24
3,6,8.0,59,3,18,0,9,93,3,8
3,6,24.0,31,1,14,0,13,99,4,14
2,3,6.0,289,6,19,1,12,104,0,23
2,3,6.0,289,6,23,1,7,111,1,23
2,3,6.0,289,6,22,0,0,26,2,23
2,3,7.0,148,3,11,0,8,9,4,11
2,3,7.0,148,3,22,0,10,22,1,11
2,3,7.0,148,3,8,2,16,50,3,11
2,3,7.0,148,3,12,2,2,40,1,11
2,7,20.0,81,2,17,0,3,30,2,29
2,3,6.0,289,6,8,2,16,37,3,23
2,3,12.0,210,5,11,0,5,6,2,28
2,9,5.0,89,0,11,1,1,1,4,24
2,9,5.0,89,0,18,2,13,48,0,24
2,9,12.0,177,0,5,0,5,6,3,28
2,9,12.0,177,0,19,2,7,111,1,28
2,9,20.0,119,1,17,0,15,46,0,29
2,9,20.0,119,1,0,0,0,85,3,29
3,3,1.0,180,1,17,0,13,38,4,7
3,3,1.0,180,1,17,0,4,82,1,7
2,9,20.0,119,1,13,0,1,67,0,29
2,9,20.0,119,1,8,2,1,59,3,29
2,9,20.0,119,1,22,0,9,134,2,29
2,9,28.0,315,2,6,0,10,22,3,18
2,9,28.0,315,2,16,0,6,91,1,18
2,9,28.0,315,2,10,0,2,123,4,18
2,9,29.0,98,4,11,0,2,92,3,16
2,9,29.0,98,4,9,0,5,6,0,16
2,2,3.0,254,3,2,2,3,103,3,27
2,0,22.0,237,3,8,0,4,75,2,26
2,1,11.0,353,3,13,1,10,22,1,9
3,9,13.0,91,4,14,0,1,59,1,25
3,9,13.0,91,4,3,0,12,84,1,25
3,9,13.0,91,4,17,3,1,67,0,25
3,7,13.0,238,4,13,1,9,58,4,25
3,11,27.0,322,0,5,0,9,63,1,15
3,11,1.0,222,2,17,0,10,22,3,7
3,11,1.0,222,2,12,0,11,117,1,7
3,6,30.0,145,0,1,2,5,64,0,19
2,9,29.0,98,4,20,1,14,110,4,16
2,9,29.0,98,4,9,0,9,87,1,16
2,7,5.0,93,1,21,0,0,85,3,24
2,7,5.0,93,1,3,0,14,25,0,24
2,7,5.0,93,1,15,0,7,31,1,24
2,7,5.0,93,1,12,0,14,34,4,24
2,7,20.0,81,2,21,0,3,30,4,29
2,7,20.0,81,2,17,0,9,57,0,29
2,5,7.0,199,1,7,0,16,37,3,11
2,5,7.0,199,1,8,0,4,75,1,11
2,5,7.0,199,1,14,0,2,2,4,11
2,5,13.0,36,0,5,0,10,47,3,25
2,5,14.0,200,1,6,0,0,26,3,5
2,3,29.0,304,0,0,0,2,2,1,16
3,9,2.0,323,3,0,0,0,26,1,22
2,3,29.0,304,0,14,0,3,79,1,16
2,5,4.0,96,6,5,0,1,67,3,30
3,9,2.0,323,3,4,0,2,40,1,22
2,5,4.0,96,6,12,2,6,89,3,30
2,8,18.0,280,2,12,1,11,117,2,0
2,5,4.0,96,6,9,0,8,19,1,30
2,11,27.0,322,6,2,2,10,43,3,15
2,5,4.0,96,6,3,0,6,128,3,30
2,11,27.0,322,6,1,0,4,136,4,15
2,5,15.0,239,2,10,0,14,25,1,1
2,11,27.0,322,6,12,0,16,50,4,15
2,5,15.0,239,2,3,0,10,22,1,1
2,11,26.0,364,5,9,0,13,38,2,3
0,0,10.0,129,3,13,1,4,45,1,4
3,7,22.0,211,6,1,0,11,18,1,26
2,5,16.0,212,4,6,0,8,118,1,2
2,6,7.0,59,5,7,1,3,76,0,11
2,6,7.0,59,5,21,1,1,1,0,11
2,6,15.0,38,6,6,1,3,44,4,1
2,6,15.0,38,6,13,3,1,67,0,1
2,0,18.0,13,2,17,0,5,6,2,0
3,11,23.0,232,4,5,0,14,32,0,17
2,0,29.0,228,3,16,1,2,92,0,16
3,11,1.0,222,2,6,0,1,11,0,7
3,11,1.0,222,2,0,0,4,75,3,7
3,11,1.0,222,2,16,0,0,68,3,7
3,11,1.0,222,2,7,0,5,6,0,7
3,11,3.0,288,5,23,1,5,6,0,27
3,11,3.0,288,5,22,0,11,133,2,27
3,11,3.0,288,5,6,2,15,46,3,27
2,0,22.0,237,3,5,3,5,6,0,26
3,11,4.0,275,6,13,2,13,13,0,30
3,11,4.0,275,6,22,0,11,18,1,30
3,11,4.0,275,6,3,0,14,25,3,30
3,11,4.0,275,6,4,0,1,11,2,30
3,11,12.0,118,3,16,0,8,27,1,28
3,11,12.0,118,3,21,1,11,94,0,28
2,8,21.0,354,6,23,0,3,115,1,21
2,8,21.0,354,6,3,2,8,33,2,21
2,4,4.0,235,5,6,0,10,23,1,30
2,4,4.0,235,5,4,0,10,22,3,30
2,4,4.0,235,5,1,1,12,58,4,30
2,4,4.0,235,5,14,0,8,118,3,30
2,4,13.0,345,3,20,0,6,89,4,25
2,4,13.0,345,3,11,0,14,24,1,25
2,6,15.0,38,6,6,1,0,64,0,1
2,6,30.0,208,3,16,2,5,6,3,19
2,6,30.0,208,3,11,1,3,115,1,19
2,11,30.0,170,1,5,0,16,139,1,19
2,11,30.0,170,1,8,0,10,47,1,19
2,11,30.0,170,1,19,0,3,30,1,19
2,11,30.0,170,1,22,1,12,56,4,19
2,9,22.0,92,4,11,0,5,64,2,26
2,7,7.0,94,4,2,0,13,29,2,11
2,7,7.0,94,4,12,0,5,12,3,11
2,7,12.0,238,1,3,0,3,30,1,28
2,7,12.0,238,1,4,0,9,95,1,28
2,7,15.0,40,5,23,1,11,58,4,1
2,7,22.0,202,5,19,0,16,130,1,26
2,0,31.0,365,1,13,1,5,6,2,20
2,7,30.0,43,6,6,1,8,19,1,19
2,7,30.0,43,6,19,0,13,28,1,19
2,7,30.0,43,6,15,1,11,98,0,19
2,3,29.0,304,0,17,0,1,59,1,16
0,11,23.0,232,0,12,0,7,54,3,17
2,7,17.0,154,3,9,0,1,1,4,6
2,11,18.0,332,4,13,0,5,6,1,0
2,7,10.0,197,3,1,0,2,40,4,4
2,5,25.0,37,6,13,0,2,92,3,13
2,6,10.0,355,0,9,1,9,93,4,4
2,4,13.0,345,3,8,0,9,49,4,25
2,4,13.0,345,3,1,0,6,89,1,25
2,4,19.0,115,6,17,0,8,41,4,10
2,4,19.0,115,6,16,0,9,93,0,10
2,4,19.0,115,6,23,0,10,6,3,10
2,11,27.0,322,6,1,0,3,70,0,15
2,4,19.0,115,6,1,1,10,52,0,10
2,2,2.0,282,6,16,0,10,43,1,22
2,2,2.0,282,6,18,0,4,4,1,22
2,2,3.0,254,3,3,0,10,47,0,27
2,2,3.0,254,3,13,0,9,93,4,27
2,2,3.0,254,3,14,0,13,29,3,27
2,2,3.0,254,3,14,1,1,81,4,27
2,0,12.0,198,4,7,0,1,11,3,28
2,4,13.0,345,3,12,1,2,2,4,25
2,4,13.0,345,3,1,1,1,16,4,25
2,11,9.0,311,1,18,1,1,1,0,12
2,3,19.0,105,5,5,1,11,117,1,10
2,1,10.0,111,6,12,0,13,69,4,4
2,4,5.0,176,6,6,1,10,47,1,24
2,4,18.0,142,5,17,0,2,86,2,0
3,9,4.0,295,1,9,3,14,110,1,30
2,8,20.0,46,5,19,0,12,17,4,29
3,7,28.0,34,5,6,1,13,38,0,18
2,8,21.0,354,6,10,0,3,103,1,21
2,4,4.0,235,5,17,3,4,75,0,30
3,7,28.0,34,5,2,0,0,64,1,18
2,4,4.0,235,5,8,2,0,68,2,30
2,4,10.0,121,4,8,0,13,21,1,4
3,7,28.0,34,5,4,0,13,99,4,18
2,4,13.0,345,3,15,0,11,18,4,25
3,7,28.0,34,5,13,0,8,118,4,18
3,3,2.0,120,2,11,0,0,15,3,22
2,4,13.0,345,3,23,1,2,71,4,25
3,3,2.0,120,2,2,0,13,29,3,22
2,4,19.0,115,6,2,1,1,1,4,10
3,3,2.0,120,2,19,0,6,89,1,22
2,2,2.0,282,6,14,0,0,12,3,22
3,3,2.0,120,2,1,1,13,29,1,22
2,2,27.0,257,2,13,1,9,83,4,15
3,3,3.0,182,4,11,0,8,27,1,27
3,3,3.0,182,4,13,2,1,59,3,27
2,0,12.0,198,4,1,2,10,47,3,28
3,3,14.0,33,0,13,0,13,38,3,5
2,0,22.0,237,3,11,0,4,75,2,26
3,3,14.0,33,0,12,0,2,86,3,5
2,0,29.0,228,3,17,0,16,50,4,16
2,0,29.0,228,3,19,0,9,27,0,16
3,3,14.0,33,0,8,0,9,93,1,5
2,0,29.0,228,3,9,0,6,7,0,16
3,3,21.0,338,0,20,0,6,7,3,21
3,11,1.0,222,2,17,0,5,6,2,7
3,3,21.0,338,0,13,0,10,23,1,21
3,3,21.0,338,0,22,1,1,35,4,21
3,11,3.0,288,5,15,0,8,65,2,27
3,3,21.0,338,0,1,0,4,82,1,21
3,11,3.0,288,5,17,1,15,112,4,27
3,5,11.0,326,3,16,2,6,89,0,9
3,5,11.0,326,3,22,0,5,0,3,9
3,11,12.0,118,3,0,1,16,50,1,28
3,5,11.0,326,3,3,0,2,86,2,9
3,11,12.0,118,3,10,1,9,57,0,28
3,5,11.0,326,3,14,0,5,47,2,9
3,5,11.0,326,3,2,2,8,33,2,9
3,5,22.0,163,4,17,0,4,138,0,26
3,5,22.0,163,4,0,0,7,20,0,26
3,5,22.0,163,4,11,0,1,11,4,26
3,5,22.0,163,4,2,0,1,35,3,26
3,5,27.0,328,1,3,0,5,6,1,15
3,5,27.0,328,1,8,0,2,2,0,15
3,5,27.0,328,1,17,1,14,24,1,15
3,7,13.0,238,4,16,0,9,101,1,25
3,7,13.0,238,4,0,1,16,72,0,25
3,7,11.0,197,1,19,3,5,12,1,9
3,7,21.0,81,5,4,0,0,64,0,21
3,7,22.0,211,6,17,0,3,70,1,26
3,7,21.0,81,5,18,0,4,66,2,21
3,7,22.0,211,6,20,0,9,27,1,26
3,7,21.0,81,5,13,0,6,91,2,21
3,3,2.0,120,2,17,0,10,30,2,22
3,3,3.0,182,4,5,0,15,46,3,27
3,3,3.0,182,4,15,0,6,7,0,27
3,3,2.0,120,2,7,1,0,85,1,22
3,3,3.0,182,4,15,2,9,57,3,27
3,3,4.0,285,5,23,0,16,65,0,30
3,3,11.0,337,5,11,0,7,54,3,9
3,3,11.0,337,5,15,1,3,30,4,9
3,3,13.0,210,3,16,1,12,83,4,25
3,3,13.0,210,3,5,0,13,38,2,25
3,3,14.0,33,0,6,0,5,12,0,5
3,3,14.0,33,0,13,0,1,11,4,5
3,3,14.0,33,0,6,0,1,81,2,5
3,3,14.0,33,0,18,0,6,7,0,5
3,3,14.0,33,0,1,0,15,77,3,5
3,3,21.0,338,0,4,0,0,12,1,21
3,3,21.0,338,0,23,1,14,25,1,21
3,3,21.0,338,0,19,0,15,31,2,21
3,3,21.0,338,0,9,0,5,12,3,21
3,7,28.0,34,5,22,0,5,64,3,18
3,7,28.0,34,5,19,0,16,50,1,18
3,7,28.0,34,5,1,0,9,134,1,18
3,7,28.0,34,5,20,1,11,55,4,18
3,3,2.0,120,2,21,0,10,22,1,22
3,3,3.0,182,4,4,2,0,85,0,27
3,3,2.0,120,2,16,1,8,65,2,22
3,3,4.0,285,5,19,0,1,59,0,30
3,3,2.0,120,2,9,0,12,56,2,22
3,3,11.0,337,5,17,0,10,47,1,9
2,10,29.0,157,0,4,1,9,95,1,16
3,3,13.0,210,3,16,2,2,86,3,25
3,3,13.0,210,3,3,0,0,12,3,25
3,3,14.0,33,0,22,0,2,2,1,5
3,3,21.0,338,0,20,0,9,95,4,21
3,5,11.0,326,3,13,0,8,41,4,9
3,5,11.0,326,3,13,1,0,64,0,9
3,5,13.0,184,1,12,2,1,16,3,25
3,5,22.0,163,4,23,0,10,23,1,26
3,5,22.0,163,4,14,0,10,47,3,26
3,5,22.0,163,4,14,0,6,116,3,26
3,5,22.0,163,4,14,0,10,22,1,26
3,5,27.0,328,1,6,0,15,31,1,15
3,7,13.0,238,4,17,0,2,86,4,25
3,7,13.0,238,4,16,1,12,56,0,25
3,7,13.0,238,4,22,0,2,92,1,25
3,7,13.0,238,4,1,2,16,130,3,25
3,7,13.0,238,4,11,1,8,41,4,25
3,7,21.0,81,5,22,0,1,59,4,21
2,5,1.0,307,2,13,1,0,26,2,7
3,7,21.0,81,5,4,0,13,38,2,21
3,7,21.0,81,5,8,0,2,40,2,21
3,7,21.0,81,5,18,0,5,6,0,21
3,7,22.0,211,6,10,0,6,91,1,26
3,7,22.0,211,6,20,1,10,12,0,26
3,9,27.0,179,4,17,1,9,49,4,15
3,9,28.0,315,5,12,0,3,76,0,18
3,11,20.0,340,0,3,2,10,52,0,29
3,9,28.0,315,5,11,1,9,93,4,18
3,9,28.0,315,5,12,1,15,114,4,18
3,11,20.0,340,0,12,1,14,25,4,29
3,9,28.0,315,5,18,0,9,63,1,18
3,7,5.0,204,2,16,0,5,64,0,24
3,11,26.0,364,3,2,2,9,57,0,3
3,9,28.0,315,5,17,1,10,23,2,18
2,1,30.0,305,5,22,0,9,102,4,19
2,0,25.0,14,2,16,1,11,117,0,13
3,7,5.0,204,2,2,2,14,126,3,24
3,11,26.0,364,3,4,1,14,32,4,3
3,7,5.0,204,2,22,0,7,78,3,24
2,5,17.0,195,5,22,0,9,10,1,6
2,1,30.0,305,5,9,2,0,77,0,19
2,4,13.0,345,3,4,1,9,58,4,25
3,9,14.0,106,5,19,1,9,134,4,5
2,4,19.0,115,6,18,0,9,54,2,10
3,11,27.0,322,0,17,0,4,4,1,15
3,7,5.0,204,2,12,0,3,103,1,24
2,5,26.0,328,3,20,2,7,122,2,3
2,10,7.0,213,3,20,0,9,134,2,11
3,11,27.0,322,0,4,1,12,56,4,15
2,2,2.0,282,6,17,2,6,116,3,22
2,5,26.0,328,3,20,0,12,80,4,3
3,7,5.0,204,2,4,2,0,31,1,24
2,0,22.0,237,3,4,0,5,47,2,26
3,9,22.0,92,6,13,0,5,6,0,26
3,11,30.0,170,4,23,0,9,54,2,19
2,11,22.0,250,0,12,1,6,7,0,26
2,2,2.0,282,6,21,1,14,25,0,22
2,5,26.0,328,3,22,0,5,6,3,3
3,7,11.0,197,1,5,2,2,86,1,9
3,9,2.0,323,3,18,0,5,0,0,22
3,7,11.0,197,1,21,0,2,2,3,9
3,7,11.0,197,1,9,2,14,97,3,9
3,11,1.0,222,2,6,1,4,5,0,7
3,11,1.0,222,2,20,0,3,76,2,7
3,11,1.0,222,2,16,0,5,12,0,7
3,11,3.0,288,5,10,0,8,9,2,27
3,11,3.0,288,5,14,0,15,31,1,27
3,11,4.0,275,6,16,1,10,47,0,30
3,11,4.0,275,6,19,1,7,54,4,30
3,11,12.0,118,3,16,0,9,54,1,28
3,11,12.0,118,3,23,0,16,113,1,28
3,11,12.0,118,3,8,2,11,8,2,28
3,11,12.0,118,3,18,0,13,38,4,28
3,11,20.0,340,0,4,0,5,6,0,29
3,11,26.0,364,3,15,3,2,2,0,3
3,11,26.0,364,3,22,2,2,2,3,3
3,11,27.0,322,0,23,0,2,86,1,15
3,11,27.0,322,0,5,0,13,48,3,15
3,11,30.0,170,4,3,0,7,78,2,19
3,11,30.0,170,4,19,2,10,47,1,19
3,11,30.0,170,4,22,3,6,7,3,19
3,9,2.0,323,3,12,1,3,30,4,22
3,9,5.0,89,2,3,0,2,123,0,24
3,9,5.0,89,2,19,2,13,29,1,24
3,11,12.0,118,3,22,0,13,21,1,28
3,11,12.0,118,3,0,1,0,15,0,28
3,11,12.0,118,3,1,0,5,6,2,28
3,11,26.0,364,3,6,0,0,64,2,3
3,11,26.0,364,3,2,0,15,51,3,3
3,11,26.0,364,3,1,2,1,81,3,3
3,11,12.0,118,3,15,0,8,33,2,28
3,11,30.0,170,4,9,0,2,2,1,19
3,9,2.0,323,3,6,0,2,92,0,22
3,9,2.0,323,3,5,1,16,72,4,22
2,2,3.0,254,3,15,0,9,10,4,27
3,9,13.0,91,4,17,0,9,101,1,25
3,9,20.0,119,4,20,1,3,79,2,29
3,9,28.0,315,5,6,2,9,93,3,18
3,7,5.0,204,2,3,0,0,15,4,24
3,7,5.0,204,2,14,0,11,8,1,24
3,9,2.0,323,3,19,0,11,117,1,22
3,7,13.0,238,4,6,0,15,96,1,25
3,7,13.0,238,4,16,0,16,74,4,25
3,7,13.0,238,4,20,0,16,130,3,25
3,7,13.0,238,4,13,2,14,110,0,25
3,7,13.0,238,4,11,1,10,22,4,25
3,7,13.0,238,4,8,1,9,87,4,25
3,7,21.0,81,5,15,0,5,6,3,21
3,7,22.0,211,6,8,0,5,6,0,26
3,7,21.0,81,5,13,0,2,60,2,21
2,7,2.0,269,6,17,1,12,80,1,22
2,6,20.0,193,4,14,3,9,27,0,29
0,0,1.0,8,5,20,0,0,12,1,7
2,8,11.0,284,2,9,1,5,6,1,9
2,4,11.0,134,5,12,3,16,37,0,9
2,0,10.0,10,1,22,1,7,78,4,4
2,0,19.0,172,4,14,0,7,137,1,10
3,11,19.0,321,3,12,3,6,128,0,10
2,6,2.0,99,3,5,0,0,0,2,22
2,6,3.0,159,0,22,1,9,10,4,27
3,7,10.0,329,0,19,1,7,57,0,4
3,7,28.0,34,5,0,1,12,83,4,18
3,9,5.0,89,2,14,0,16,72,2,24
3,9,13.0,91,4,1,0,0,12,2,25
3,9,27.0,179,4,16,0,8,33,0,15
3,9,27.0,179,4,4,0,5,6,2,15
3,9,27.0,179,4,14,0,13,38,2,15
3,9,28.0,315,5,11,0,13,99,2,18
3,9,28.0,315,5,8,0,9,57,3,18
3,7,5.0,204,2,0,0,0,12,3,24
3,7,5.0,204,2,23,0,13,21,3,24
3,7,5.0,204,2,17,1,10,47,0,24
3,7,5.0,204,2,4,0,15,108,1,24
3,7,11.0,197,1,7,0,12,80,2,9
3,7,13.0,238,4,1,0,6,73,1,25
3,7,21.0,81,5,8,1,14,126,4,21
3,7,21.0,81,5,14,0,7,111,1,21
3,7,21.0,81,5,12,1,11,8,1,21
2,10,29.0,157,0,1,1,13,38,0,16
2,10,29.0,157,0,1,1,13,99,4,16
3,7,22.0,211,6,12,1,2,86,2,26
3,11,30.0,170,4,13,0,8,41,1,19
3,7,6.0,93,4,6,1,5,64,0,23
3,7,13.0,238,4,14,0,4,66,4,25
3,11,30.0,170,4,14,2,9,93,3,19
2,6,11.0,162,1,20,0,16,113,3,9
2,2,2.0,282,6,14,0,13,38,3,22
2,7,4.0,204,0,8,0,10,52,2,30
3,7,26.0,316,2,0,0,10,52,1,3
3,7,21.0,81,5,12,0,15,51,1,21
3,9,2.0,323,3,20,0,0,77,3,22
2,6,11.0,162,1,2,0,0,53,3,9
2,2,2.0,282,6,4,0,0,77,2,22
3,3,6.0,303,3,18,0,8,9,2,23
3,7,21.0,81,5,12,0,6,128,2,21
0,5,25.0,350,4,17,0,11,129,1,13
2,6,11.0,162,1,13,2,6,89,3,9
2,2,3.0,254,3,3,1,7,137,4,27
3,9,5.0,89,2,8,0,6,89,1,24
2,10,22.0,247,0,13,2,0,96,2,26
2,2,27.0,257,2,0,2,13,29,3,15
3,7,21.0,81,5,9,0,8,9,1,21
3,9,5.0,89,2,14,0,3,115,4,24
3,9,5.0,89,2,8,1,1,1,4,24
2,0,26.0,23,4,4,1,9,95,0,3
2,2,27.0,257,2,12,0,15,31,2,15
3,7,21.0,81,5,11,0,1,1,3,21
3,9,13.0,91,4,5,1,7,78,4,25
2,0,24.0,281,1,4,1,0,77,1,14
3,7,22.0,211,6,13,0,8,9,2,26
2,6,11.0,162,1,9,2,9,93,3,9
3,9,13.0,91,4,1,0,1,11,4,25
2,2,25.0,3,0,4,0,13,38,2,13
3,9,25.0,344,1,13,0,14,24,2,13
3,3,6.0,303,3,12,1,2,2,0,23
2,1,16.0,63,5,2,1,0,15,4,2
2,1,31.0,66,6,6,2,6,7,0,20
2,1,30.0,305,5,19,1,6,116,1,19
2,8,22.0,102,3,11,0,2,40,3,26
2,8,22.0,102,3,13,1,2,40,4,26
2,8,23.0,85,0,11,0,16,50,2,17
2,8,24.0,86,1,5,0,8,41,4,14
2,8,25.0,278,2,6,1,2,71,4,13
2,8,25.0,278,2,13,0,12,135,1,13
2,8,25.0,278,2,4,0,8,41,1,13
2,8,30.0,144,0,23,0,1,35,2,19
2,8,30.0,144,0,1,0,15,96,0,19
2,4,6.0,133,3,17,2,16,74,0,23
2,4,6.0,133,3,3,0,5,6,2,23
2,4,7.0,292,0,4,0,14,97,1,11
2,4,16.0,19,2,7,1,10,47,0,2
2,4,16.0,19,2,23,1,14,34,0,2
2,4,16.0,19,2,8,0,8,19,3,2
2,4,22.0,30,1,23,0,11,18,1,26
2,4,22.0,30,1,2,0,5,64,1,26
2,4,23.0,27,2,7,2,14,88,3,17
3,5,11.0,326,3,3,0,5,12,0,9
3,6,4.0,159,2,20,1,10,52,1,30
3,6,4.0,159,2,21,0,0,26,1,30
3,6,6.0,83,5,22,0,9,87,4,23
3,6,6.0,83,5,19,0,3,103,0,23
3,6,6.0,83,5,2,0,14,24,2,23
3,6,11.0,355,2,0,2,16,37,3,9
3,6,11.0,355,2,6,0,9,49,0,9
3,6,11.0,355,2,16,0,2,69,1,9
3,6,11.0,355,2,22,0,10,12,3,9
3,6,11.0,355,2,14,0,12,61,1,9
3,6,12.0,162,4,21,1,14,24,0,28
3,6,12.0,162,4,2,0,11,18,2,28
3,6,12.0,162,4,12,0,1,1,4,28
3,6,22.0,185,3,17,2,0,77,1,26
3,6,22.0,185,3,16,0,13,29,4,26
3,6,22.0,185,3,23,0,15,46,4,26
3,6,22.0,185,3,5,2,2,71,3,26
3,6,22.0,185,3,2,0,13,38,2,26
3,6,22.0,185,3,2,3,11,133,1,26
3,9,20.0,119,4,21,0,5,64,3,29
2,7,11.0,181,0,2,1,11,133,0,9
2,4,23.0,27,2,3,0,7,111,4,17
2,4,23.0,27,2,19,0,8,41,4,17
2,4,23.0,27,2,14,2,6,7,3,17
2,4,24.0,20,4,17,0,6,89,3,14
2,8,23.0,85,0,15,2,8,9,0,17
2,8,24.0,86,1,6,2,10,6,0,14
2,8,24.0,86,1,18,0,10,47,3,14
2,8,24.0,86,1,4,1,11,55,4,14
2,8,30.0,144,0,3,2,1,105,3,19
2,8,30.0,144,0,9,1,9,63,4,19
2,8,30.0,144,0,9,0,4,127,2,19
2,4,7.0,292,0,6,0,5,12,3,11
2,4,7.0,292,0,14,0,0,77,3,11
2,4,16.0,19,2,6,0,7,78,3,2
2,4,16.0,19,2,7,0,8,41,4,2
2,4,16.0,19,2,17,2,10,12,3,2
2,4,16.0,19,2,19,0,2,69,1,2
2,4,22.0,30,1,6,0,14,110,3,26
2,4,22.0,30,1,21,0,11,124,1,26
2,4,22.0,30,1,8,0,4,138,1,26
2,4,22.0,30,1,9,0,2,71,4,26
2,7,11.0,181,0,18,0,9,102,3,9
2,7,18.0,330,0,9,0,16,65,0,0
3,9,20.0,119,4,21,0,7,20,1,29
3,9,20.0,119,4,23,0,16,130,3,29
3,9,20.0,119,4,5,0,16,72,3,29
3,9,27.0,179,4,3,0,8,27,1,15
3,9,27.0,179,4,3,0,7,122,1,15
3,9,27.0,179,4,2,0,2,92,3,15
3,9,27.0,179,4,12,0,4,5,3,15
3,9,27.0,179,4,8,0,16,42,3,15
2,6,12.0,317,2,22,0,8,41,4,28
3,9,20.0,119,4,1,2,6,7,3,29
2,2,27.0,257,2,1,0,8,9,3,15
2,6,19.0,215,2,17,0,9,63,3,10
3,7,22.0,211,6,19,2,4,82,2,26
3,11,1.0,222,2,11,0,1,59,1,7
2,0,12.0,198,4,0,2,14,34,1,28
3,3,2.0,120,2,19,0,8,41,1,22
2,10,22.0,247,0,18,0,9,57,0,26
2,0,12.0,198,4,18,0,8,9,3,28
3,3,2.0,120,2,9,0,13,29,1,22
3,9,28.0,315,5,12,1,1,59,4,18
2,10,22.0,247,0,1,0,14,107,1,26
2,6,19.0,215,2,12,0,14,32,3,10
3,3,3.0,182,4,16,0,5,12,3,27
3,9,28.0,315,5,1,0,6,73,1,18
2,0,13.0,5,5,22,0,9,63,2,25
2,6,25.0,348,1,5,2,15,119,0,13
3,3,3.0,182,4,3,0,6,14,4,27
3,3,2.0,120,2,22,0,8,33,1,22
3,3,4.0,285,5,13,0,9,102,4,30
3,3,4.0,285,5,20,1,16,139,1,30
3,11,1.0,222,2,17,0,5,12,1,7
3,3,4.0,285,5,2,2,5,12,2,30
3,3,11.0,337,5,17,0,3,76,1,9
3,3,11.0,337,5,8,2,2,60,0,9
3,3,11.0,337,5,9,0,5,64,0,9
3,3,13.0,210,3,15,2,0,15,3,25
3,3,21.0,338,0,18,0,2,86,0,21
3,5,11.0,326,3,16,0,0,12,0,9
3,5,11.0,326,3,16,2,5,6,3,9
3,5,11.0,326,3,7,1,16,50,0,9
3,5,11.0,326,3,8,0,13,69,4,9
3,5,11.0,326,3,1,0,15,114,0,9
3,5,13.0,184,1,12,0,13,28,0,25
3,5,22.0,163,4,6,0,7,78,1,26
3,5,22.0,163,4,1,0,16,113,3,26
3,5,27.0,328,1,8,0,15,46,1,15
3,6,4.0,159,2,21,1,1,11,0,30
3,6,4.0,159,2,12,0,11,55,1,30
3,6,4.0,159,2,22,1,13,29,4,30
3,6,4.0,159,2,19,0,4,82,3,30
3,6,6.0,83,5,6,0,6,128,4,23
3,6,6.0,83,5,0,0,14,34,1,23
3,6,6.0,83,5,1,0,0,85,2,23
3,6,6.0,83,5,1,0,12,17,2,23
3,6,11.0,355,2,0,0,13,29,4,9
3,6,11.0,355,2,2,0,14,107,0,9
3,6,11.0,355,2,12,0,10,12,1,9
3,6,11.0,355,2,9,0,13,21,1,9
3,6,11.0,355,2,19,1,14,34,1,9
3,6,12.0,162,4,23,1,11,10,4,28
3,6,22.0,185,3,16,0,5,47,2,26
3,6,4.0,159,2,0,0,5,12,3,30
3,6,4.0,159,2,16,0,11,8,1,30
3,6,6.0,83,5,11,0,0,77,1,23
3,6,4.0,159,2,13,0,11,15,1,30
3,6,11.0,355,2,3,0,14,24,1,9
3,6,11.0,355,2,4,0,13,29,4,9
3,6,11.0,355,2,1,0,8,27,2,9
3,6,12.0,162,4,6,2,9,93,3,28
3,6,12.0,162,4,20,0,8,9,0,28
3,6,12.0,162,4,15,0,0,68,0,28
3,6,22.0,185,3,13,0,8,9,1,26
3,6,22.0,185,3,6,0,5,64,0,26
3,6,29.0,335,3,13,0,15,31,1,16
2,2,2.0,282,6,15,0,5,0,2,22
2,8,21.0,354,6,17,3,5,6,1,21
2,4,23.0,27,2,6,0,5,12,0,17
2,4,23.0,27,2,6,2,3,76,3,17
2,6,5.0,83,2,21,0,11,15,1,24
2,6,7.0,59,5,16,0,0,96,1,11
2,6,7.0,59,5,0,0,9,102,4,11
2,6,7.0,59,5,17,0,14,126,3,11
2,6,7.0,59,5,12,0,5,6,3,11
3,7,5.0,204,2,23,0,11,18,1,24
2,10,24.0,56,2,21,1,1,11,0,14
2,0,13.0,5,5,8,0,13,38,2,25
3,7,5.0,204,2,13,0,10,47,1,24
2,6,25.0,348,1,6,0,5,12,0,13
2,10,24.0,56,2,21,1,2,3,0,14
2,0,12.0,198,4,20,0,1,105,4,28
3,7,5.0,204,2,11,1,0,0,0,24
2,10,24.0,56,2,1,2,8,33,0,14
2,0,22.0,237,3,17,0,16,50,1,26
3,9,27.0,179,4,2,0,7,120,1,15
2,6,25.0,348,1,14,0,8,9,4,13
2,10,25.0,61,4,3,1,15,96,4,13
2,10,25.0,61,4,3,0,10,23,1,13
2,10,25.0,61,4,18,0,14,24,1,13
2,10,30.0,135,1,15,0,10,47,2,19
2,10,31.0,203,2,6,0,10,23,1,20
2,10,31.0,203,2,6,0,14,25,1,20
2,10,30.0,135,1,9,3,10,52,1,19
2,10,30.0,135,1,4,0,3,70,3,19
2,1,6.0,32,1,10,0,0,15,0,23
2,1,6.0,32,1,11,0,14,131,1,23
2,1,17.0,82,6,0,1,11,133,4,6
2,1,17.0,82,6,10,0,10,23,3,6
2,1,17.0,82,6,22,0,0,26,3,6
2,1,17.0,82,6,9,0,9,93,1,6
2,1,22.0,69,4,14,2,6,89,3,26
2,1,30.0,305,5,1,0,15,77,3,19
2,1,31.0,66,6,17,2,6,7,0,20
2,8,8.0,124,3,17,0,5,12,0,8
2,8,22.0,102,3,3,0,15,119,3,26
2,8,23.0,85,0,16,1,5,64,1,17
2,8,22.0,102,3,22,0,2,40,2,26
2,8,22.0,102,3,14,0,6,7,0,26
2,8,23.0,85,0,2,3,5,64,3,17
2,8,24.0,86,1,19,0,0,26,0,14
2,10,13.0,174,6,17,0,10,23,1,25
2,10,22.0,247,0,17,0,0,77,3,26
2,10,22.0,247,0,3,1,9,54,4,26
2,10,22.0,247,0,1,0,0,12,2,26
2,10,25.0,61,4,16,1,6,7,0,13
2,10,30.0,135,1,21,0,9,93,2,19
2,10,30.0,135,1,13,0,9,95,2,19
2,10,30.0,135,1,14,2,15,51,3,19
2,10,31.0,203,2,3,0,11,15,4,20
2,10,31.0,203,2,8,0,10,12,0,20
2,10,31.0,203,2,9,0,1,67,3,20
2,1,6.0,32,1,4,0,7,20,3,23
2,1,22.0,69,4,7,1,13,21,1,26
2,1,22.0,69,4,22,0,16,74,1,26
2,1,22.0,69,4,9,0,1,67,3,26
2,1,30.0,305,5,6,2,14,97,0,19
2,1,30.0,305,5,8,1,2,40,4,19
2,1,31.0,66,6,20,0,9,87,0,20
2,1,31.0,66,6,2,0,16,50,3,20
2,8,8.0,124,3,7,0,10,47,3,8
2,8,22.0,102,3,16,2,4,75,3,26
2,8,22.0,102,3,11,0,9,57,3,26
2,8,22.0,102,3,19,0,1,35,4,26
2,8,22.0,102,3,12,1,16,113,0,26
2,10,13.0,174,6,14,0,5,6,2,25
2,10,22.0,247,0,1,0,8,9,3,26
2,10,24.0,56,2,21,0,16,72,3,14
2,10,24.0,56,2,9,2,10,22,3,14
2,10,24.0,56,2,9,0,8,9,0,14
2,10,25.0,61,4,21,1,0,12,0,13
2,10,25.0,61,4,10,1,1,59,0,13
2,10,25.0,61,4,0,1,11,15,0,13
3,7,25.0,41,1,9,1,9,83,4,13
2,10,30.0,135,1,17,0,5,12,3,19
2,10,30.0,135,1,6,2,12,61,3,19
2,10,30.0,135,1,16,0,2,40,4,19
2,10,31.0,203,2,17,0,9,27,0,20
2,10,31.0,203,2,0,0,13,38,2,20
2,10,31.0,203,2,0,1,6,89,0,20
2,10,31.0,203,2,1,0,5,12,0,20
2,1,6.0,32,1,15,0,4,121,2,23
2,1,17.0,82,6,8,0,16,113,4,6
2,1,17.0,82,6,15,1,11,8,4,6
2,1,17.0,82,6,16,0,13,36,3,6
2,1,22.0,69,4,21,0,4,82,3,26
2,1,30.0,305,5,16,1,5,64,0,19
2,5,1.0,307,2,15,1,10,23,4,7
3,7,11.0,197,1,18,0,13,21,2,9
2,0,22.0,237,3,1,2,9,57,3,26
2,0,22.0,237,3,17,0,7,62,1,26
2,0,22.0,237,3,4,0,14,24,0,26
2,6,27.0,309,4,16,0,1,35,3,15
2,0,27.0,249,5,21,0,0,64,3,15
2,0,22.0,237,3,5,1,9,95,1,26
2,0,27.0,249,5,14,0,13,99,0,15
2,0,27.0,249,5,3,0,5,6,3,15
2,0,29.0,228,3,14,0,0,26,3,16
2,0,29.0,228,3,16,2,10,22,3,16
2,6,27.0,309,4,15,0,4,121,1,15
2,0,29.0,228,3,19,1,2,86,0,16
2,6,27.0,309,4,3,0,6,7,4,15
2,0,12.0,198,4,16,0,13,28,3,28
3,11,1.0,222,2,17,2,9,93,4,7
2,6,27.0,309,4,1,0,0,64,2,15
2,0,12.0,198,4,21,1,0,0,0,28
2,6,28.0,335,5,21,1,7,78,4,18
2,0,12.0,198,4,22,1,14,110,4,28
3,11,1.0,222,2,17,0,0,12,0,7
2,6,27.0,309,4,4,0,12,56,3,15
2,0,12.0,198,4,9,2,10,22,3,28
3,11,3.0,288,5,21,1,8,27,0,27
2,6,28.0,335,5,14,0,10,22,0,18
2,6,28.0,335,5,14,2,13,21,2,18
2,6,28.0,335,5,5,2,8,41,3,18
2,10,29.0,157,0,6,0,7,8,2,16
2,10,29.0,157,0,16,2,15,119,3,16
2,10,29.0,157,0,16,1,3,115,4,16
2,10,29.0,157,0,8,0,2,2,2,16
2,10,29.0,157,0,17,1,13,48,4,16
2,1,11.0,353,3,17,0,8,19,4,9
2,1,11.0,353,3,3,0,0,68,1,9
2,1,11.0,353,3,2,0,8,41,3,9
2,1,11.0,353,3,9,0,1,1,1,9
2,1,18.0,29,3,12,0,10,52,3,0
2,1,18.0,29,3,1,2,2,2,3,0
2,1,18.0,29,3,18,0,7,78,3,0
2,1,26.0,262,0,6,0,10,22,3,3
2,8,18.0,280,2,6,1,10,47,1,0
2,8,18.0,280,2,17,0,10,47,0,0
2,8,18.0,280,2,16,0,5,12,3,0
2,8,18.0,280,2,21,0,14,107,3,0
2,8,20.0,46,5,19,0,11,15,3,29
2,8,20.0,46,5,18,0,4,45,0,29
2,2,2.0,282,6,11,1,1,59,4,22
2,2,3.0,254,3,17,0,13,36,1,27
2,2,3.0,254,3,11,3,8,9,4,27
2,2,3.0,254,3,14,0,9,57,3,27
2,2,3.0,254,3,13,1,1,105,1,27
2,2,27.0,257,2,6,1,12,83,4,15
2,2,27.0,257,2,6,2,7,78,3,15
2,2,27.0,257,2,14,0,2,13,4,15
2,0,12.0,198,4,20,1,9,102,4,28
2,0,12.0,198,4,3,0,8,19,0,28
2,0,12.0,198,4,9,2,10,22,3,28
2,0,13.0,5,5,22,1,1,81,4,25
2,0,22.0,237,3,1,1,9,134,4,26
2,0,27.0,249,5,5,2,2,3,3,15
2,0,27.0,249,5,15,0,7,122,3,15
2,0,29.0,228,3,17,2,13,21,1,16
2,0,29.0,228,3,2,0,5,64,3,16
2,0,29.0,228,3,14,0,8,9,4,16
2,0,29.0,228,3,14,3,2,2,1,16
3,11,1.0,222,2,6,0,10,47,0,7
3,11,1.0,222,2,16,0,0,53,0,7
3,11,1.0,222,2,22,2,10,23,3,7
2,0,12.0,198,4,14,0,15,31,1,28
2,0,13.0,5,5,12,0,0,77,1,25
2,0,22.0,237,3,16,0,16,37,1,26
2,0,22.0,237,3,2,0,0,26,0,26
2,0,22.0,237,3,18,2,10,47,3,26
2,0,27.0,249,5,20,0,0,77,3,15
2,0,27.0,249,5,17,0,16,74,4,15
2,0,29.0,228,3,9,2,2,69,0,16
2,11,30.0,170,1,14,2,11,117,3,19
2,11,30.0,170,1,20,1,3,30,0,19
2,9,22.0,92,4,19,1,5,6,0,26
2,7,12.0,238,1,4,0,10,12,3,28
2,7,14.0,205,4,23,0,1,11,1,5
2,7,14.0,205,4,14,1,12,56,4,5
2,7,15.0,40,5,3,0,13,36,4,1
2,7,30.0,43,6,20,0,9,95,2,19
2,0,13.0,5,5,15,0,4,79,2,25
3,11,3.0,288,5,10,1,3,115,0,27
2,0,13.0,5,5,19,0,8,118,1,25
3,11,3.0,288,5,22,1,2,2,4,27
2,0,13.0,5,5,11,1,7,62,4,25
3,11,3.0,288,5,12,0,3,30,4,27
3,11,4.0,275,6,1,0,12,104,1,30
2,0,22.0,237,3,18,0,3,30,1,26
3,11,12.0,118,3,3,0,14,106,1,28
2,0,27.0,249,5,10,2,16,130,0,15
3,11,20.0,340,0,6,1,9,57,0,29
2,0,27.0,249,5,8,0,2,2,1,15
3,11,26.0,364,3,14,3,10,47,1,3
2,0,29.0,228,3,2,0,1,11,0,16
3,11,30.0,170,4,12,0,8,27,1,19
2,0,29.0,228,3,14,0,12,61,3,16
3,11,30.0,170,4,2,3,16,65,2,19
3,11,30.0,170,4,14,2,2,13,3,19
3,9,2.0,323,3,5,3,2,86,0,22
3,11,27.0,322,0,17,1,0,26,1,15
3,9,5.0,89,2,7,0,1,105,4,24
3,9,13.0,91,4,0,1,9,27,0,25
3,9,13.0,91,4,3,2,9,93,0,25
3,9,2.0,323,3,4,0,4,82,1,22
3,9,2.0,323,3,18,0,8,9,0,22
3,9,5.0,89,2,1,2,9,93,3,24
3,9,13.0,91,4,0,0,0,12,3,25
3,9,13.0,91,4,11,1,4,82,1,25
3,9,20.0,119,4,17,0,6,128,2,29
3,9,20.0,119,4,19,0,14,25,1,29
3,9,27.0,179,4,19,0,0,12,3,15
3,9,27.0,179,4,18,0,13,21,2,15
3,9,27.0,179,4,14,1,3,79,4,15
3,9,27.0,179,4,17,0,9,102,0,15
3,9,28.0,315,5,3,0,14,25,3,18
3,9,28.0,315,5,15,1,2,71,4,18
3,11,1.0,222,2,16,0,4,75,1,7
3,11,1.0,222,2,15,0,13,29,4,7
3,11,1.0,222,2,12,0,12,104,4,7
3,11,1.0,222,2,19,0,9,134,3,7
3,11,1.0,222,2,4,2,6,7,3,7
3,11,3.0,288,5,6,1,3,103,4,27
3,11,3.0,288,5,15,2,1,1,0,27
3,11,3.0,288,5,8,0,13,21,2,27
3,11,4.0,275,6,5,0,12,80,2,30
3,11,4.0,275,6,22,0,8,27,1,30
3,11,4.0,275,6,13,0,14,25,1,30
3,11,4.0,275,6,19,0,2,29,2,30
3,11,1.0,222,2,18,0,14,32,4,7
3,11,3.0,288,5,17,0,2,123,1,27
3,11,4.0,275,6,17,0,13,28,1,30
3,11,4.0,275,6,21,2,1,105,1,30
3,11,4.0,275,6,20,0,8,27,2,30
3,11,4.0,275,6,18,0,7,20,1,30
3,11,12.0,118,3,6,1,9,63,0,28
3,11,12.0,118,3,20,0,11,133,1,28
3,11,12.0,118,3,11,1,8,33,0,28
3,11,12.0,118,3,15,0,15,31,3,28
3,11,12.0,118,3,3,1,3,79,4,28
3,11,12.0,118,3,1,0,12,84,1,28
3,11,12.0,118,3,11,1,9,58,4,28
3,11,12.0,118,3,18,0,6,89,1,28
3,11,20.0,340,0,10,0,10,22,1,29
3,11,20.0,340,0,4,0,5,6,0,29
3,11,26.0,364,3,1,0,13,123,1,3
3,11,26.0,364,3,8,1,11,8,1,3
3,11,27.0,322,0,0,0,8,118,4,15
3,11,27.0,322,0,2,2,12,80,2,15
2,3,29.0,304,0,3,0,6,73,2,16
2,5,4.0,96,6,0,1,10,22,0,30
2,5,4.0,96,6,4,1,10,47,0,30
2,5,5.0,277,3,11,0,8,118,2,24
2,5,5.0,277,3,16,1,10,47,0,24
2,5,15.0,239,2,2,0,13,38,3,1
2,5,15.0,239,2,18,2,12,17,3,1
2,11,5.0,240,5,12,0,10,47,2,24
0,0,22.0,241,5,18,3,5,12,0,26
2,11,12.0,118,5,15,0,8,41,0,28
0,0,12.0,113,1,17,2,4,45,3,28
2,11,14.0,147,3,11,0,13,38,2,5
2,11,21.0,192,3,17,1,13,99,4,21
2,11,28.0,123,3,13,0,10,52,2,18
2,11,30.0,170,1,14,0,13,36,1,19
2,11,30.0,170,1,21,1,9,93,1,19
2,9,22.0,92,4,6,0,2,2,1,26
2,7,12.0,238,1,23,1,7,137,0,28
2,7,12.0,238,1,15,0,8,118,4,28
2,7,12.0,238,1,1,0,2,86,4,28
2,7,15.0,40,5,15,0,9,134,2,1
2,7,22.0,202,5,1,0,5,47,2,26
0,0,24.0,55,3,2,1,0,12,1,14
3,11,27.0,322,0,2,0,0,77,1,15
3,11,30.0,170,4,7,2,16,37,0,19
3,11,30.0,170,4,10,0,2,2,3,19
3,9,2.0,323,3,17,2,7,20,0,22
3,7,22.0,211,6,19,1,12,61,4,26
3,7,28.0,34,5,9,1,8,19,0,18
3,7,28.0,34,5,9,0,0,31,1,18
3,7,28.0,34,5,20,0,16,74,2,18
3,3,2.0,120,2,16,1,7,129,1,22
3,3,2.0,120,2,17,1,9,93,4,22
3,3,2.0,120,2,10,0,10,47,0,22
3,3,2.0,120,2,3,3,0,64,3,22
3,3,2.0,120,2,2,0,5,6,3,22
3,3,2.0,120,2,9,2,10,43,3,22
3,3,4.0,285,5,21,0,4,45,4,30
3,3,4.0,285,5,15,0,12,56,1,30
3,3,11.0,337,5,13,0,0,77,3,9
3,3,11.0,337,5,15,0,1,16,2,9
3,3,11.0,337,5,2,2,0,31,3,9
3,11,12.0,118,3,9,0,16,113,1,28
3,11,20.0,340,0,6,2,7,111,1,29
3,11,26.0,364,3,6,1,8,41,0,3
3,11,26.0,364,3,11,1,15,112,4,3
3,11,27.0,322,0,16,0,1,1,1,15
3,11,27.0,322,0,17,1,14,25,0,15
2,7,30.0,43,6,22,1,8,19,4,19
2,5,4.0,96,6,15,0,9,10,3,30
2,5,5.0,277,3,8,0,3,79,0,24
2,5,15.0,239,2,22,1,7,122,4,1
2,5,16.0,212,4,20,0,8,41,3,2
2,0,31.0,365,1,9,2,11,0,2,20
3,11,31.0,227,5,8,3,10,52,4,20
3,9,26.0,267,2,9,1,10,43,0,3
3,9,24.0,272,0,4,0,8,41,1,14
3,7,9.0,273,3,18,1,5,12,1,12
2,5,4.0,96,6,17,0,5,6,3,30
2,5,4.0,96,6,7,0,5,6,0,30
2,5,4.0,96,6,3,0,1,16,2,30
2,5,4.0,96,6,4,2,14,125,2,30
2,5,5.0,277,3,22,2,6,91,0,24
2,5,4.0,96,6,12,1,2,35,4,30
2,5,16.0,212,4,16,0,7,20,4,2
2,5,15.0,239,2,9,0,8,9,1,1
2,5,16.0,212,4,17,1,8,27,0,2
2,0,31.0,365,1,18,0,11,15,0,20
3,9,26.0,267,2,3,1,0,64,4,3
2,5,16.0,212,4,19,1,4,138,1,2
2,6,5.0,83,2,16,0,5,12,0,24
2,6,5.0,83,2,1,0,4,82,4,24
2,6,30.0,208,3,17,1,1,35,2,19
2,6,30.0,208,3,11,1,14,88,1,19
2,6,30.0,208,3,9,0,0,77,1,19
2,10,8.0,150,0,16,0,13,21,1,8
2,10,13.0,174,6,4,2,2,123,0,25
2,10,13.0,174,6,1,0,3,44,3,25
2,5,16.0,212,4,14,0,13,38,3,2
2,6,5.0,83,2,0,2,0,0,3,24
2,6,7.0,59,5,8,0,9,95,2,11
2,6,7.0,59,5,5,1,12,61,1,11
2,10,8.0,150,0,17,2,15,46,3,8
3,11,31.0,227,5,8,1,13,123,2,20
2,10,22.0,247,0,0,0,14,25,3,26
3,11,20.0,340,0,4,1,2,2,4,29
3,11,30.0,170,4,9,0,9,57,0,19
3,11,27.0,322,0,6,1,0,64,0,15
3,9,2.0,323,3,20,1,8,9,4,22
3,9,2.0,323,3,15,0,2,2,2,22
3,9,5.0,89,2,6,0,5,12,3,24
3,9,5.0,89,2,0,1,14,24,0,24
3,9,5.0,89,2,4,0,4,127,2,24
3,9,5.0,89,2,14,0,2,2,1,24
3,9,5.0,89,2,19,1,9,83,4,24
3,9,13.0,91,4,6,1,7,62,0,25
3,9,13.0,91,4,13,2,9,102,0,25
3,9,13.0,91,4,8,2,3,76,3,25
3,9,13.0,91,4,23,1,0,31,4,25
3,9,2.0,323,3,17,0,0,15,2,22
3,3,13.0,210,3,5,0,5,64,3,25
3,3,13.0,210,3,6,1,11,133,0,25
3,3,21.0,338,0,3,0,9,87,1,21
3,3,21.0,338,0,3,0,5,6,3,21
3,3,21.0,338,0,1,0,12,104,3,21
2,1,16.0,63,5,20,1,3,70,1,2
2,9,21.0,362,2,1,0,8,118,1,21
2,9,21.0,362,2,9,1,14,25,0,21
3,2,27.0,136,4,0,1,0,53,0,15
3,2,27.0,136,4,8,2,9,95,3,15
3,2,27.0,136,4,12,0,8,9,4,15
3,2,27.0,136,4,19,0,6,91,3,15
3,2,27.0,136,4,12,2,9,93,3,15
3,0,1.0,8,0,12,0,10,12,1,7
3,2,8.0,258,6,9,0,5,6,0,8
3,2,9.0,21,3,15,0,13,28,0,12
3,2,9.0,21,3,9,0,0,77,0,12
3,2,9.0,21,3,9,0,10,23,1,12
3,2,11.0,297,1,20,0,10,12,1,9
3,2,11.0,297,1,15,0,13,99,1,9
3,2,11.0,297,1,14,0,4,127,4,9
3,2,11.0,297,1,1,0,15,39,3,9
3,2,17.0,6,0,5,0,8,118,1,6
3,2,17.0,6,0,14,2,10,22,1,6
3,2,17.0,6,0,15,1,2,13,4,6
3,2,18.0,7,1,16,1,13,38,1,0
3,0,15.0,190,0,8,2,14,24,0,1
2,2,29.0,131,5,17,1,5,12,0,16
3,7,4.0,186,1,21,1,10,47,0,30
3,3,19.0,138,6,17,1,9,134,0,10
3,5,4.0,114,3,13,3,8,118,1,30
3,10,6.0,242,3,4,0,9,95,2,23
3,10,14.0,174,0,12,0,13,28,2,5
3,10,31.0,135,4,18,0,13,48,3,20
3,10,31.0,135,4,8,0,9,63,0,20
3,8,7.0,70,3,14,2,9,95,3,11
3,8,6.0,87,6,9,1,13,99,4,23
3,8,7.0,70,3,21,1,11,124,1,11
3,2,18.0,7,1,0,0,11,117,1,0
3,2,18.0,7,1,11,0,15,85,3,0
3,2,17.0,6,0,20,0,6,7,1,6
3,2,18.0,7,1,15,0,9,93,0,0
3,2,18.0,7,1,8,0,0,12,1,0
3,2,18.0,7,1,22,2,1,81,4,0
3,2,18.0,7,1,18,2,12,104,4,0
3,2,3.0,282,0,4,1,1,105,0,27
3,2,26.0,3,2,16,0,10,6,2,3
3,2,27.0,136,4,15,0,8,27,0,15
3,2,27.0,136,4,5,0,12,135,2,15
3,2,8.0,258,6,15,3,16,74,3,8
3,2,8.0,258,6,8,2,16,37,3,8
3,2,8.0,258,6,2,0,13,38,0,8
3,2,8.0,258,6,4,0,7,62,2,8
3,2,9.0,21,3,10,0,3,76,2,12
3,2,9.0,21,3,15,0,15,119,0,12
3,2,9.0,21,3,13,1,9,134,4,12
3,2,9.0,21,3,14,1,11,133,4,12
3,2,11.0,297,1,23,0,7,20,4,9
3,2,11.0,297,1,22,1,7,54,4,9
3,2,11.0,297,1,9,0,10,47,1,9
3,2,18.0,7,1,17,0,5,12,0,0
3,2,18.0,7,1,7,1,11,15,0,0
3,2,18.0,7,1,12,0,9,49,2,0
3,2,18.0,7,1,1,0,4,138,3,0
3,2,18.0,7,1,18,1,7,120,4,0
3,2,26.0,3,2,16,0,5,12,1,3
3,2,26.0,3,2,1,0,3,76,1,3
3,2,27.0,136,4,21,2,16,37,4,15
3,2,27.0,136,4,12,0,2,2,3,15
3,2,27.0,136,4,20,0,7,120,1,15
3,2,9.0,21,3,2,0,11,133,2,12
3,2,9.0,21,3,8,0,4,66,2,12
3,2,10.0,28,0,13,1,3,79,1,4
3,0,1.0,8,0,20,0,5,12,2,7
3,0,1.0,8,0,14,0,7,62,0,7
3,0,1.0,8,0,18,0,16,108,0,7
3,0,2.0,47,1,17,2,13,36,4,22
3,0,2.0,47,1,16,1,1,105,0,22
3,0,2.0,47,1,16,1,1,105,0,22
3,0,2.0,47,1,15,0,12,17,3,22
3,0,2.0,47,1,9,0,2,86,1,22
3,0,12.0,113,5,20,0,11,94,2,28
3,0,12.0,113,5,5,1,13,48,4,28
3,0,12.0,113,5,8,0,10,22,1,28
3,0,12.0,113,5,12,0,14,25,4,28
3,0,12.0,113,5,1,0,13,28,2,28
3,0,12.0,113,5,19,0,8,118,1,28
3,0,12.0,113,5,5,0,14,24,2,28
3,2,17.0,6,0,5,2,10,47,0,6
2,7,9.0,329,6,8,0,4,4,1,12
3,2,17.0,6,0,9,0,10,52,0,6
3,2,22.0,209,6,15,0,12,84,2,26
3,1,21.0,45,4,8,1,0,12,1,21
3,8,15.0,72,0,17,0,6,89,1,1
3,2,27.0,136,4,19,0,10,22,3,15
2,11,24.0,194,2,9,0,1,11,4,14
3,2,24.0,22,0,15,2,2,3,3,14
2,11,8.0,283,0,13,0,11,90,2,8
2,10,30.0,135,1,13,1,1,35,4,19
2,7,27.0,34,2,16,0,12,17,3,15
2,7,9.0,329,6,19,0,6,7,1,12
2,1,4.0,219,3,18,0,12,56,0,30
1,10,1.0,208,5,17,1,14,32,4,7
2,7,16.0,95,6,21,0,10,47,0,2
3,0,1.0,8,0,22,0,13,99,1,7
3,0,2.0,47,1,0,0,14,106,3,22
3,0,1.0,8,0,8,1,14,88,4,7
3,0,1.0,8,0,3,1,13,69,4,7
3,0,1.0,8,0,18,0,6,7,1,7
3,0,2.0,47,1,17,1,10,47,1,22
3,2,25.0,233,1,18,1,13,21,0,13
3,4,3.0,279,5,1,1,5,0,2,27
3,0,1.0,8,0,2,1,9,95,4,7
3,0,12.0,113,5,5,0,11,98,3,28
3,0,12.0,113,5,3,1,9,63,1,28
3,0,12.0,113,5,2,0,11,117,1,28
3,0,12.0,113,5,3,1,9,63,1,28
3,0,12.0,113,5,9,0,13,38,4,28
3,0,2.0,47,1,23,0,11,15,2,22
3,0,11.0,10,4,8,0,13,48,0,9
3,2,27.0,136,4,4,2,8,65,3,15
3,0,1.0,8,0,15,0,16,50,1,7
3,0,1.0,8,0,3,0,4,127,2,7
3,0,1.0,8,0,3,1,9,134,4,7
3,0,2.0,47,1,6,0,15,46,3,22
3,0,2.0,47,1,3,0,0,85,2,22
3,0,2.0,47,1,9,0,6,128,3,22
2,0,14.0,190,6,13,0,11,15,1,5
3,0,12.0,113,5,4,0,14,107,1,28
3,0,12.0,113,5,19,1,11,129,4,28
3,0,12.0,113,5,23,1,10,22,0,28
3,2,17.0,6,0,11,0,14,24,2,6
2,6,15.0,38,6,13,0,13,28,3,1
2,1,6.0,32,1,0,1,13,99,0,23
2,0,7.0,9,6,3,0,9,54,2,11
2,11,5.0,240,5,18,0,2,13,3,24
0,0,21.0,287,4,3,3,5,12,4,21
2,11,30.0,170,1,4,1,7,54,2,19
3,5,8.0,199,4,13,0,14,32,0,8
3,5,8.0,199,4,8,1,3,115,4,8
2,7,12.0,238,1,17,0,4,4,2,28
2,7,30.0,43,6,19,0,9,134,0,19
2,5,5.0,277,3,11,0,13,21,2,24
3,0,1.0,8,0,6,0,10,47,1,7
3,0,1.0,8,0,15,0,4,127,4,7
3,0,1.0,8,0,12,0,10,47,0,7
3,0,1.0,8,0,3,1,9,87,4,7
3,0,1.0,8,0,10,1,10,22,0,7
3,0,2.0,47,1,16,2,9,10,0,22
3,0,1.0,8,0,3,1,9,87,4,7
3,0,2.0,47,1,16,1,1,105,0,22
3,0,2.0,47,1,8,0,9,109,3,22
2,6,5.0,83,2,18,1,2,2,4,24
2,1,6.0,32,1,13,0,12,104,4,23
2,1,22.0,69,4,2,1,9,101,4,26
2,11,21.0,192,3,1,0,11,18,3,21
2,11,21.0,192,3,9,1,1,1,4,21
2,11,30.0,170,1,4,1,14,24,0,19
3,5,8.0,199,4,9,0,12,61,1,8
3,6,17.0,244,1,12,0,14,125,2,6
3,10,7.0,243,0,9,1,0,85,1,11
2,6,5.0,83,2,13,1,3,44,1,24
3,10,25.0,56,5,11,1,11,58,2,13
3,1,11.0,111,0,13,1,8,9,1,9
3,1,11.0,111,0,14,1,10,47,0,9
3,8,24.0,85,2,12,0,10,30,0,14
2,10,24.0,56,2,10,1,9,87,4,14
3,0,2.0,47,1,12,0,10,12,3,22
3,0,2.0,47,1,6,0,12,121,1,22
3,8,1.0,66,0,23,0,16,42,4,7
3,8,2.0,77,1,16,0,10,47,0,22
3,2,17.0,6,0,1,0,14,24,0,6
2,1,22.0,69,4,23,1,7,137,4,26
2,4,7.0,292,0,18,0,13,99,1,11
2,0,15.0,11,3,19,0,15,119,2,1
3,11,31.0,227,5,4,1,1,105,0,20
3,11,31.0,227,5,11,0,14,88,4,20
3,9,9.0,320,3,14,0,5,12,3,12
2,11,5.0,240,5,8,0,8,41,3,24
2,11,28.0,123,3,1,1,11,58,4,18
0,9,18.0,359,6,17,0,1,11,1,0
2,7,15.0,40,5,21,1,4,127,0,1
3,10,15.0,60,1,18,0,15,51,1,1
2,6,5.0,83,2,19,1,12,104,2,24
2,6,5.0,83,2,19,1,7,111,0,24
2,6,15.0,38,6,13,1,1,67,4,1
3,8,25.0,86,4,0,1,11,15,1,13
2,9,8.0,90,4,23,0,3,44,3,8
2,9,8.0,90,4,2,2,6,89,3,8
2,9,8.0,90,4,12,0,8,41,3,8
2,9,8.0,90,4,15,1,16,65,4,8
2,9,8.0,90,4,1,1,9,93,4,8
2,9,16.0,107,5,7,0,10,52,1,2
2,9,16.0,107,5,15,0,10,52,0,2
2,9,16.0,107,5,12,2,12,100,3,2
2,9,16.0,107,5,14,0,8,33,0,2
2,11,24.0,194,2,18,0,16,113,1,14
2,9,8.0,90,4,6,1,6,91,1,8
2,9,8.0,90,4,20,0,14,131,3,8
2,9,16.0,107,5,14,0,13,48,4,2
2,9,16.0,107,5,13,0,14,24,2,2
2,9,18.0,359,3,14,0,2,13,1,0
2,9,18.0,359,3,18,0,4,4,1,0
2,9,19.0,234,0,16,0,0,77,3,10
2,9,19.0,234,0,0,0,0,15,0,10
2,9,19.0,234,0,11,1,1,11,4,10
2,9,19.0,234,0,8,0,2,69,2,10
2,9,19.0,234,0,2,1,0,0,1,10
0,4,7.0,133,6,15,0,6,73,4,11
2,9,24.0,272,6,5,0,2,86,0,14
2,9,24.0,272,6,22,0,13,38,1,14
2,9,24.0,272,6,8,0,8,118,4,14
2,9,19.0,234,0,17,0,9,54,4,10
2,7,2.0,269,6,8,0,0,64,1,22
2,7,2.0,269,6,11,0,13,29,1,22
2,7,2.0,269,6,8,1,9,54,4,22
2,7,9.0,329,6,5,1,14,106,4,12
2,7,9.0,329,6,14,0,8,41,3,12
2,7,9.0,329,6,9,0,3,30,4,12
2,11,8.0,283,0,5,0,6,89,2,8
2,11,8.0,283,0,19,0,14,107,1,8
2,9,25.0,344,3,2,0,9,134,0,13
2,3,25.0,343,4,14,1,6,14,0,13
2,7,1.0,160,5,15,0,0,0,3,7
2,7,1.0,160,5,12,1,13,38,4,7
2,11,17.0,110,2,6,0,7,111,1,6
2,11,17.0,110,2,3,0,10,52,4,6
2,11,24.0,194,2,6,0,8,27,0,14
2,11,24.0,194,2,20,1,13,99,0,14
2,11,24.0,194,2,22,1,8,27,1,14
2,11,24.0,194,2,9,0,1,11,4,14
2,9,8.0,90,4,20,2,2,86,3,8
2,9,8.0,90,4,11,2,12,61,4,8
2,9,8.0,90,4,2,1,1,1,4,8
2,9,16.0,107,5,18,2,8,41,0,2
2,9,18.0,359,3,0,0,15,51,4,0
2,9,18.0,359,3,11,0,4,82,1,0
2,9,18.0,359,3,2,1,13,13,1,0
2,7,1.0,160,5,12,0,9,10,4,7
2,7,1.0,160,5,15,0,12,56,2,7
2,11,6.0,252,6,19,1,11,133,2,23
2,9,29.0,98,4,5,1,0,26,0,16
2,7,5.0,93,1,13,3,9,134,0,24
2,9,18.0,359,3,14,2,12,80,2,0
2,9,18.0,359,3,9,0,9,57,4,0
2,9,18.0,359,3,11,0,3,70,4,0
2,9,19.0,234,0,17,2,6,128,0,10
2,9,19.0,234,0,13,2,14,34,3,10
2,9,19.0,234,0,2,0,3,44,0,10
2,9,24.0,272,6,17,0,10,47,0,14
2,9,24.0,272,6,4,0,14,32,1,14
2,9,24.0,272,6,18,0,13,48,1,14
2,9,24.0,272,6,15,3,14,34,2,14
2,7,2.0,269,6,4,0,10,22,0,22
2,7,2.0,269,6,14,0,2,86,1,22
2,7,2.0,269,6,12,0,11,124,3,22
2,7,9.0,329,6,6,2,6,14,0,12
2,7,9.0,329,6,6,1,1,67,0,12
2,7,9.0,329,6,14,0,15,31,1,12
2,3,16.0,54,1,12,1,11,133,4,2
2,3,25.0,343,4,12,1,10,47,1,13
2,7,9.0,329,6,9,0,13,121,3,12
2,7,9.0,329,6,14,0,14,24,1,12
3,2,24.0,22,0,19,1,9,93,0,14
3,6,23.0,84,0,1,1,9,95,0,17
2,1,12.0,207,0,19,1,5,6,1,28
3,0,16.0,11,1,2,1,11,15,4,2
2,11,1.0,222,0,13,0,14,24,1,7
3,10,31.0,135,4,9,0,3,103,3,20
3,10,30.0,157,2,14,0,16,72,0,19
3,8,7.0,70,3,8,1,7,54,4,11
3,2,14.0,231,5,15,0,15,46,1,5
3,1,7.0,32,4,17,0,12,17,1,11
0,0,15.0,190,5,8,0,13,29,1,1
3,8,19.0,280,5,3,3,8,65,4,10
3,8,19.0,280,5,17,3,10,30,0,10
3,2,19.0,137,2,19,0,1,59,4,10
3,0,10.0,129,2,1,0,10,12,1,4
2,4,24.0,20,4,14,1,14,32,0,14
2,4,24.0,20,4,18,1,9,57,0,14
2,1,31.0,66,6,13,0,11,117,1,20
0,8,4.0,299,0,11,3,5,6,0,30
2,7,22.0,202,5,9,1,11,10,2,26
3,10,15.0,60,1,18,0,2,40,4,1
3,10,15.0,60,1,9,0,0,64,3,1
2,6,5.0,83,2,6,0,9,49,1,24
2,6,7.0,59,5,13,1,4,4,4,11
3,8,24.0,85,2,7,3,9,93,1,14
3,4,10.0,79,5,22,0,6,7,2,4
3,4,26.0,80,3,3,0,8,9,2,3
3,2,30.0,131,3,20,0,4,127,4,19
3,10,31.0,135,4,12,0,11,124,3,20
3,8,7.0,70,3,1,3,7,137,4,11
3,8,15.0,72,0,12,1,4,5,4,1
3,2,19.0,137,2,22,1,15,46,4,10
2,10,30.0,135,1,12,0,10,130,1,19
3,6,7.0,169,6,14,0,14,25,2,11
3,10,17.0,256,4,9,0,4,79,3,6
3,1,7.0,32,4,14,0,14,24,2,11
3,8,25.0,86,4,8,0,1,59,3,13
3,8,25.0,86,4,15,0,6,91,3,13
3,8,24.0,85,2,2,0,13,99,2,14
3,4,26.0,80,3,9,1,7,31,0,3
2,10,22.0,247,0,2,0,13,99,1,26
2,4,7.0,292,0,11,1,9,134,1,11
3,0,10.0,129,2,16,3,1,35,0,4
2,4,23.0,27,2,1,0,10,47,3,17
3,11,6.0,252,0,4,0,14,24,2,23
3,10,7.0,243,0,12,1,9,87,4,11
3,10,17.0,256,4,14,0,0,26,1,6
3,10,25.0,56,5,19,3,2,2,4,13
3,2,24.0,22,0,12,1,9,49,4,14
3,4,13.0,221,0,8,1,9,134,4,25
3,2,16.0,220,3,13,0,2,86,3,2
3,2,16.0,220,3,18,0,10,47,0,2
3,2,16.0,220,3,9,0,12,58,2,2
3,11,6.0,252,0,11,2,0,31,3,23
3,11,16.0,225,4,4,1,14,24,0,2
3,9,26.0,267,2,7,0,6,73,1,3
3,6,7.0,169,6,11,1,2,86,1,11
3,10,7.0,243,0,10,1,1,59,4,11
2,0,7.0,9,6,14,0,4,82,1,11
3,11,6.0,252,0,18,2,14,106,0,23
1,8,1.0,66,4,17,0,11,117,1,7
3,11,16.0,225,4,11,1,4,45,0,2
3,7,31.0,43,0,12,3,9,95,4,20
3,6,7.0,169,6,19,1,13,28,0,11
3,10,15.0,60,1,4,1,10,47,1,1
3,10,25.0,56,5,15,1,9,102,4,13
3,8,28.0,224,3,12,1,6,128,1,18
3,2,2.0,143,3,1,1,4,138,0,22
3,1,16.0,2,6,4,0,10,23,1,2
3,4,18.0,26,6,11,1,1,16,4,0
3,2,2.0,143,3,18,1,14,32,4,22
3,2,28.0,257,5,14,2,1,67,3,18
3,0,5.0,122,5,9,0,5,47,2,24
3,10,26.0,61,6,3,1,12,61,4,3
3,10,26.0,61,6,5,1,2,2,1,3
3,1,11.0,111,0,12,0,10,47,3,9
3,8,24.0,85,2,18,1,10,47,0,14
3,4,18.0,26,6,13,0,0,68,2,0
3,4,18.0,26,6,22,3,7,120,0,0
3,4,26.0,80,3,19,2,8,9,3,3
3,2,24.0,22,0,20,3,2,40,4,14
3,1,17.0,63,3,1,2,9,54,3,6
2,4,22.0,30,1,18,0,1,35,1,26
3,8,24.0,85,2,14,0,3,4,2,14
2,11,1.0,222,0,18,0,13,29,1,7
2,11,2.0,265,1,10,0,12,135,4,22
2,11,2.0,265,1,23,0,14,25,1,22
2,11,2.0,265,1,9,2,15,31,4,22
0,0,1.0,8,5,13,0,14,107,1,7
2,11,2.0,265,1,12,2,10,47,0,22
2,11,2.0,265,1,18,1,10,22,1,22
2,11,7.0,253,3,13,0,1,67,2,11
2,11,7.0,253,3,19,0,1,11,4,11
2,11,8.0,283,0,12,0,5,12,2,8
2,11,2.0,265,1,0,2,5,6,3,22
2,11,2.0,265,1,6,0,16,130,3,22
2,11,2.0,265,1,8,0,13,99,0,22
2,11,2.0,265,1,9,0,2,35,2,22
2,11,7.0,253,3,4,0,7,111,4,11
2,11,7.0,253,3,1,0,11,58,1,11
2,11,8.0,283,0,6,1,2,40,4,8
2,11,7.0,253,3,12,1,0,53,0,11
2,11,8.0,283,0,12,1,9,83,4,8
2,11,8.0,283,0,2,0,2,69,3,8
2,11,8.0,283,0,19,0,7,120,4,8
2,11,17.0,110,2,19,0,14,25,4,6
2,11,24.0,194,2,10,0,0,12,1,14
2,9,8.0,90,4,11,2,0,15,2,8
2,9,8.0,90,4,13,1,13,99,1,8
2,9,8.0,90,4,20,1,2,92,4,8
2,9,2.0,323,5,14,0,15,31,0,22
2,11,18.0,332,4,13,1,10,12,1,0
2,11,8.0,283,0,3,0,3,30,2,8
2,11,17.0,110,2,0,0,0,77,1,6
2,11,17.0,110,2,16,0,6,7,0,6
2,11,17.0,110,2,6,0,11,15,0,6
2,11,17.0,110,2,6,0,0,26,0,6
2,11,17.0,110,2,21,0,4,82,3,6
2,11,17.0,110,2,5,0,4,75,1,6
2,11,17.0,110,2,13,0,2,86,0,6
2,11,17.0,110,2,22,0,2,69,3,6
2,11,17.0,110,2,22,0,13,48,0,6
2,11,24.0,194,2,0,0,6,7,0,14
2,11,24.0,194,2,0,0,1,11,3,14
2,11,24.0,194,2,8,0,1,105,3,14
2,11,24.0,194,2,8,2,7,120,0,14
2,11,24.0,194,2,4,2,6,89,1,14
2,11,17.0,110,2,17,0,3,115,4,6
2,11,24.0,194,2,2,0,13,28,4,14
2,11,8.0,283,0,13,0,2,2,4,8
2,11,8.0,283,0,12,2,13,38,4,8
2,11,8.0,283,0,18,1,4,127,4,8
2,11,17.0,110,2,22,0,9,87,3,6
2,11,24.0,194,2,9,0,13,36,3,14
2,9,8.0,90,4,7,1,12,83,0,8
2,9,8.0,90,4,5,0,14,34,1,8
2,9,8.0,90,4,5,0,9,95,2,8
2,9,8.0,90,4,1,0,11,94,2,8
2,9,8.0,90,4,9,2,16,74,4,8
2,9,8.0,90,4,15,1,6,91,4,8
2,9,16.0,107,5,13,2,0,0,3,2
2,9,18.0,359,3,0,0,16,50,1,0
2,9,18.0,359,3,20,0,13,38,2,0
2,9,18.0,359,3,4,0,12,121,1,0
2,9,18.0,359,3,3,1,1,81,4,0
2,9,19.0,234,0,0,1,2,2,0,10
2,9,19.0,234,0,16,0,16,42,1,10
2,11,2.0,265,1,20,1,10,23,1,22
2,11,2.0,265,1,19,0,1,11,0,22
2,11,2.0,265,1,9,2,0,77,1,22
2,11,7.0,253,3,5,0,6,132,2,11
0,0,19.0,13,1,17,1,0,77,0,10
2,11,7.0,253,3,22,0,16,42,1,11
2,11,7.0,253,3,8,0,2,86,1,11
2,11,7.0,253,3,17,3,0,53,3,11
2,11,7.0,253,3,3,0,0,26,3,11
2,11,8.0,283,0,21,0,15,31,3,8
2,11,7.0,253,3,2,0,6,89,1,11
2,11,2.0,265,1,21,1,5,6,0,22
2,11,2.0,265,1,11,0,3,79,3,22
2,11,7.0,253,3,5,0,9,49,1,11
2,11,7.0,253,3,18,0,2,86,0,11
2,11,8.0,283,0,18,0,0,12,3,8
2,11,17.0,110,2,17,0,15,31,0,6
2,11,17.0,110,2,20,0,8,118,1,6
2,1,31.0,66,6,6,0,9,10,4,20
3,2,28.0,257,5,17,0,9,49,4,18
2,4,24.0,20,4,9,1,8,33,0,14
2,6,5.0,83,2,0,1,0,26,1,24
3,1,17.0,63,3,22,1,4,5,0,6
3,1,7.0,32,4,0,3,6,7,3,11
3,8,25.0,86,4,9,0,5,0,2,13
3,4,25.0,20,6,17,0,11,15,2,13
3,4,26.0,80,3,1,0,16,50,1,3
3,0,10.0,129,2,14,1,2,35,4,4
3,0,10.0,129,2,17,0,0,12,0,4
2,1,31.0,66,6,4,0,6,14,2,20
2,4,7.0,292,0,18,2,5,6,3,11
2,4,24.0,20,4,14,0,13,29,1,14
2,4,24.0,20,4,19,1,6,132,4,14
2,0,7.0,9,6,20,1,12,104,4,11
3,2,13.0,276,4,13,0,15,85,1,25
3,5,13.0,184,1,8,1,14,25,0,25
3,6,12.0,162,4,12,1,9,95,1,28
3,1,28.0,300,4,18,3,0,12,3,18
3,2,16.0,220,3,14,1,2,69,2,2
3,2,16.0,220,3,18,1,5,6,2,2
3,2,16.0,220,3,3,1,13,48,4,2
3,2,24.0,22,0,2,1,9,10,4,14
3,0,12.0,113,5,13,0,2,2,0,28
3,2,23.0,230,3,16,1,5,6,0,17
3,9,5.0,89,2,20,0,14,106,4,24
3,9,2.0,323,3,3,0,13,69,2,22
3,9,28.0,315,5,20,1,15,39,4,18
3,7,21.0,81,5,13,1,9,49,1,21
3,5,22.0,163,4,9,1,9,27,0,26
3,1,31.0,305,3,4,1,0,64,1,20
3,0,1.0,8,0,13,1,12,121,4,7
2,0,7.0,9,6,16,1,10,47,0,11
2,0,15.0,11,3,5,0,5,12,1,1
2,11,5.0,240,5,19,1,7,54,4,24
3,7,18.0,154,1,11,1,16,50,1,0
0,2,20.0,264,0,4,0,10,30,3,29
3,6,7.0,169,6,0,1,13,21,1,11
3,10,7.0,243,0,2,2,10,47,3,11
3,10,7.0,243,0,18,0,3,30,3,11
3,10,15.0,60,1,18,0,14,97,3,1
3,10,15.0,60,1,18,1,11,55,4,1
2,7,30.0,43,6,7,3,8,27,0,19
3,4,24.0,27,5,17,1,11,133,1,14
3,2,7.0,153,5,19,0,8,27,3,11
3,2,12.0,128,2,13,0,0,31,3,28
2,4,30.0,67,2,18,0,10,22,3,19
2,2,19.0,264,1,12,0,6,91,1,10
2,0,11.0,113,2,17,1,11,55,4,9
3,5,20.0,214,1,15,0,0,0,2,29
3,6,23.0,84,0,6,0,13,38,2,17
3,6,23.0,84,0,4,0,2,13,1,17
2,0,28.0,191,6,4,1,11,10,4,18
3,0,1.0,8,0,19,0,7,78,3,7
3,0,1.0,8,0,3,1,9,87,4,7
3,0,1.0,8,0,12,2,11,98,0,7
3,0,1.0,8,0,23,1,16,42,4,7
3,0,1.0,8,0,9,0,8,27,4,7
3,0,2.0,47,1,13,0,4,79,1,22
3,2,27.0,136,4,11,0,13,48,2,15
3,0,2.0,47,1,2,1,7,20,4,22
3,0,12.0,113,5,12,2,16,74,0,28
3,4,31.0,67,5,12,0,5,6,3,20
3,2,21.0,108,5,2,1,9,102,4,21
3,2,29.0,140,6,19,1,2,2,1,16
3,4,15.0,132,2,13,0,6,89,4,1
3,2,5.0,127,2,16,0,11,117,0,24
3,2,14.0,231,5,16,0,9,134,1,5
3,2,30.0,131,3,13,0,1,1,2,19
3,0,11.0,10,4,5,0,8,27,1,9
3,11,18.0,332,6,13,3,1,105,3,0
3,3,10.0,4,4,18,3,16,65,0,4
3,5,14.0,36,2,13,0,6,7,1,5
3,8,12.0,284,5,15,0,13,38,2,28
3,2,7.0,153,5,0,1,10,47,0,11
3,11,18.0,332,6,2,3,2,86,1,0
3,5,14.0,36,2,13,0,6,7,3,5
3,5,12.0,327,0,19,3,12,104,3,28
3,5,21.0,351,2,3,1,3,79,1,21
3,5,2.0,307,5,16,1,0,26,2,22
3,5,20.0,214,1,3,1,1,67,0,29
3,8,12.0,284,5,14,0,10,22,2,28
3,8,12.0,284,5,21,0,5,12,3,28
3,2,7.0,153,5,11,1,11,18,2,11
3,11,3.0,288,5,17,3,6,7,0,27
3,4,12.0,134,3,5,3,12,83,4,28
3,1,31.0,305,3,20,1,15,31,1,20
3,2,6.0,251,4,15,1,5,0,1,23
3,4,30.0,139,4,15,0,14,24,2,19
2,7,27.0,34,2,13,1,12,80,1,15
2,3,3.0,285,2,7,0,5,12,3,27
2,3,9.0,4,1,11,0,11,15,1,12
2,3,3.0,285,2,0,1,15,39,1,27
2,3,18.0,138,4,10,1,9,109,0,0
2,3,18.0,138,4,15,0,16,50,1,0
2,3,18.0,138,4,17,1,10,47,1,0
2,3,18.0,138,4,6,1,9,49,1,0
2,3,26.0,361,5,6,1,1,105,0,3
2,5,2.0,161,4,22,0,9,10,2,22
2,5,18.0,146,6,19,0,8,41,2,0
2,3,28.0,325,3,11,0,5,6,2,18
2,3,28.0,325,3,3,0,14,88,2,18
2,5,3.0,114,5,15,0,3,30,1,27
2,5,10.0,326,5,0,1,5,6,0,4
2,5,10.0,326,5,21,0,13,28,3,4
2,5,10.0,326,5,20,1,3,79,4,4
2,5,10.0,326,5,1,0,10,22,1,4
2,5,19.0,214,3,17,1,5,6,0,10
2,5,19.0,214,3,15,2,7,111,0,10
2,3,18.0,138,4,12,0,13,38,3,0
2,3,28.0,325,3,1,1,11,15,4,18
2,5,3.0,114,5,22,0,9,49,3,27
2,5,10.0,326,5,6,2,2,13,4,4
2,5,10.0,326,5,7,0,8,19,4,4
2,5,10.0,326,5,17,1,2,2,0,4
2,5,19.0,214,3,6,0,9,54,4,10
2,5,19.0,214,3,7,1,3,30,4,10
2,5,19.0,214,3,1,0,0,12,3,10
2,5,19.0,214,3,11,1,14,106,4,10
2,5,20.0,351,0,16,0,0,53,1,29
2,5,28.0,24,1,11,0,12,61,1,18
2,5,28.0,24,1,19,0,7,120,3,18
2,11,22.0,250,0,1,0,2,2,0,26
2,9,7.0,271,2,12,1,14,32,2,11
2,9,7.0,271,2,22,0,2,69,3,11
2,9,14.0,106,2,12,0,6,7,0,5
2,9,15.0,226,4,1,1,0,64,0,1
2,9,23.0,167,5,13,0,14,125,2,17
2,5,28.0,24,1,14,0,14,126,1,18
2,5,28.0,24,1,4,0,9,49,3,18
2,6,1.0,352,6,16,2,5,6,3,7
2,6,1.0,352,6,12,0,4,127,1,7
2,6,1.0,352,6,18,0,8,27,3,7
2,6,2.0,99,3,1,2,2,2,3,22
2,6,2.0,99,3,5,0,2,13,3,22
2,6,3.0,159,0,14,2,8,41,3,27
2,6,3.0,159,0,13,0,0,53,2,27
2,6,3.0,159,0,8,0,12,56,1,27
2,6,20.0,193,4,10,1,4,75,0,29
2,6,20.0,193,4,11,0,9,57,0,29
2,6,20.0,193,4,3,0,8,118,4,29
2,6,26.0,116,2,17,0,5,6,2,3
2,6,26.0,116,2,6,1,9,83,4,3
2,5,10.0,326,5,9,0,5,12,0,4
2,5,19.0,214,3,3,0,13,79,0,10
2,5,19.0,214,3,22,0,4,82,2,10
2,5,19.0,214,3,2,2,7,111,3,10
2,5,19.0,214,3,4,0,1,59,4,10
2,5,20.0,351,0,15,0,2,86,2,29
2,5,19.0,214,3,23,1,10,52,1,10
2,5,20.0,351,0,23,1,4,127,4,29
2,5,18.0,146,6,18,0,15,108,3,0
0,6,1.0,158,4,17,1,12,17,1,7
2,6,18.0,291,1,2,1,6,89,4,0
2,9,23.0,167,5,19,1,5,12,0,17
0,4,15.0,132,3,2,0,15,51,4,1
2,3,15.0,263,0,13,1,4,66,4,1
2,3,21.0,166,3,9,0,6,7,4,21
2,5,6.0,349,0,8,0,6,7,3,23
2,5,31.0,158,5,15,0,8,41,2,20
2,10,7.0,213,3,14,1,12,121,1,11
2,5,20.0,351,0,1,0,13,48,1,29
2,5,28.0,24,1,6,0,14,34,3,18
2,5,28.0,24,1,0,0,0,12,3,18
2,5,28.0,24,1,23,0,13,99,0,18
2,6,1.0,352,6,17,0,10,22,3,7
2,6,1.0,352,6,21,3,5,6,1,7
2,6,1.0,352,6,11,0,8,65,1,7
2,6,1.0,352,6,13,0,3,76,1,7
2,6,1.0,352,6,2,0,11,94,2,7
2,6,1.0,352,6,19,1,13,99,4,7
2,6,1.0,352,6,20,0,2,3,4,7
2,6,2.0,99,3,15,0,3,30,3,22
2,6,3.0,159,0,23,0,10,47,3,27
2,6,2.0,99,3,1,0,1,11,3,22
2,6,3.0,159,0,3,0,0,64,3,27
2,3,18.0,138,4,21,1,0,15,2,0
2,3,18.0,138,4,2,0,14,24,1,0
2,3,18.0,138,4,12,0,15,96,3,0
0,0,31.0,290,3,11,3,13,38,0,20
2,9,7.0,271,2,11,0,16,72,4,11
2,9,7.0,271,2,18,1,2,123,0,11
2,7,16.0,95,6,6,0,14,106,1,2
2,7,16.0,95,6,0,2,7,20,3,2
2,7,16.0,95,6,15,0,1,11,3,2
2,7,16.0,95,6,12,0,10,47,1,2
2,7,16.0,95,6,1,0,1,59,1,2
2,7,16.0,95,6,2,2,16,42,3,2
2,7,17.0,154,3,16,0,7,20,3,6
2,7,16.0,95,6,9,0,15,31,4,2
2,7,17.0,154,3,0,1,11,15,4,6
2,7,17.0,154,3,20,0,2,40,2,6
2,7,17.0,154,3,2,1,11,55,4,6
2,7,17.0,154,3,1,2,8,118,3,6
2,7,17.0,154,3,1,2,2,13,0,6
2,7,17.0,154,3,17,0,12,84,1,6
2,9,25.0,344,3,22,3,6,7,0,13
2,11,1.0,222,0,8,0,2,13,1,7
2,11,1.0,222,0,6,0,2,2,4,7
2,7,19.0,266,1,16,0,14,24,3,10
2,7,19.0,266,1,17,0,1,11,0,10
2,7,19.0,266,1,15,0,4,5,3,10
2,7,19.0,266,1,12,0,6,132,4,10
2,7,19.0,266,1,14,2,4,79,2,10
0,2,18.0,7,6,17,3,8,27,2,0
2,7,19.0,266,1,18,2,7,78,0,10
2,7,26.0,53,1,0,1,0,12,1,3
2,7,26.0,53,1,8,0,5,6,2,3
2,9,18.0,359,3,8,0,14,25,1,0
2,9,19.0,234,0,19,2,15,112,0,10
2,9,24.0,272,6,5,1,2,13,1,14
2,9,24.0,272,6,23,1,4,121,1,14
2,9,26.0,267,0,2,0,11,15,2,3
2,9,26.0,267,0,0,0,15,108,1,3
2,9,26.0,267,0,22,1,12,56,4,3
2,7,2.0,269,6,8,0,15,119,2,22
2,7,9.0,329,6,5,0,16,74,1,12
2,7,16.0,95,6,16,1,6,91,4,2
2,9,8.0,90,4,4,0,10,6,3,8
2,7,16.0,95,6,18,0,16,108,1,2
2,7,16.0,95,6,12,1,9,93,0,2
2,7,17.0,154,3,5,0,5,6,0,6
2,7,19.0,266,1,6,0,1,11,4,10
2,7,19.0,266,1,16,2,15,46,3,10
2,7,19.0,266,1,8,0,10,47,2,10
2,7,26.0,53,1,22,0,2,69,2,3
2,7,26.0,53,1,6,0,12,56,4,3
2,7,26.0,53,1,12,0,6,128,1,3
2,7,27.0,34,2,16,0,6,116,3,15
2,7,27.0,34,2,0,0,5,12,1,15
2,7,27.0,34,2,16,0,9,49,1,15
2,7,27.0,34,2,0,1,1,105,0,15
2,7,27.0,34,2,20,0,1,59,1,15
2,9,26.0,267,0,18,1,1,105,0,3
2,7,27.0,34,2,14,1,11,129,4,15
2,7,27.0,34,2,1,0,10,22,1,15
2,9,16.0,107,5,6,1,10,22,0,2
2,9,16.0,107,5,21,0,8,33,1,2
2,9,16.0,107,5,5,0,13,48,1,2
2,9,16.0,107,5,13,2,0,15,3,2
2,9,18.0,359,3,12,2,2,13,1,0
2,9,18.0,359,3,19,0,11,18,1,0
2,9,18.0,359,3,15,1,9,95,4,0
2,9,18.0,359,3,2,0,14,24,1,0
2,9,18.0,359,3,12,1,5,6,0,0
2,9,19.0,234,0,5,0,10,47,0,10
2,9,19.0,234,0,3,0,1,1,1,10
2,9,24.0,272,6,16,1,1,35,4,14
2,9,24.0,272,6,5,0,5,6,0,14
2,9,24.0,272,6,13,0,0,0,2,14
2,9,26.0,267,0,20,1,6,7,4,3
2,9,26.0,267,0,13,1,4,4,1,3
2,7,2.0,269,6,2,0,14,110,4,22
2,7,2.0,269,6,14,0,6,116,1,22
2,7,2.0,269,6,5,1,16,139,4,22
2,7,9.0,329,6,15,0,13,21,3,12
2,7,9.0,329,6,12,0,6,89,3,12
2,7,9.0,329,6,12,1,12,56,1,12
0,8,1.0,66,5,17,3,14,25,0,7
2,7,17.0,154,3,11,1,5,6,0,6
2,7,17.0,154,3,14,0,14,25,0,6
2,7,17.0,154,3,2,1,11,55,4,6
2,9,16.0,107,5,19,1,10,22,1,2
2,9,19.0,234,0,22,0,1,16,2,10
2,9,24.0,272,6,17,0,0,96,4,14
2,9,24.0,272,6,5,1,9,101,4,14
2,9,24.0,272,6,11,0,0,53,2,14
2,9,26.0,267,0,5,0,8,33,2,3
2,7,2.0,269,6,6,0,7,20,1,22
2,7,2.0,269,6,15,0,2,86,2,22
2,1,4.0,219,3,9,1,6,14,0,30
2,9,1.0,126,4,13,3,11,117,0,7
2,0,5.0,260,4,17,3,6,7,3,24
3,0,16.0,11,1,0,0,8,33,0,2
3,0,15.0,190,0,19,1,8,9,0,1
3,0,15.0,190,0,3,0,10,43,1,1
2,8,1.0,77,3,17,0,13,38,3,7
2,11,16.0,225,1,14,2,0,53,3,2
2,1,1.0,171,4,17,0,10,47,1,7
3,3,20.0,105,3,17,1,7,31,0,29
3,10,31.0,135,4,0,0,0,53,0,20
3,1,15.0,1,5,14,0,5,6,3,1
3,8,7.0,70,3,9,1,13,99,4,11
3,8,15.0,72,0,18,2,16,108,2,1
3,8,29.0,301,0,14,0,1,67,1,16
3,2,18.0,7,1,16,2,5,6,3,0
3,2,17.0,6,0,1,1,9,27,0,6
3,2,18.0,7,1,1,0,6,7,0,0
3,2,27.0,136,4,11,0,0,64,3,15
3,2,27.0,136,4,15,0,5,6,0,15
3,0,2.0,47,1,0,0,8,41,3,22
3,0,1.0,8,0,18,0,10,47,1,7
3,0,2.0,47,1,6,0,16,37,1,22
3,10,27.0,302,3,2,0,8,118,4,15
3,0,2.0,47,1,14,1,9,93,4,22
3,0,2.0,47,1,12,1,1,59,4,22
3,2,11.0,297,1,4,0,8,33,3,9
3,2,3.0,282,0,8,0,13,29,2,27
3,2,17.0,6,0,16,0,9,54,3,6
3,2,17.0,6,0,11,2,13,48,0,6
3,2,8.0,258,6,10,3,2,86,2,8
3,2,17.0,6,0,22,2,1,59,0,6
3,2,17.0,6,0,22,1,9,101,4,6
3,2,17.0,6,0,14,1,14,25,1,6
3,2,18.0,7,1,17,0,6,7,0,0
3,2,17.0,6,0,1,2,5,6,3,6
3,2,18.0,7,1,11,0,0,68,3,0
3,2,26.0,3,2,21,0,11,18,1,3
3,2,26.0,3,2,20,0,5,6,0,3
3,2,26.0,3,2,20,0,12,61,4,3
3,2,26.0,3,2,2,1,16,50,4,3
3,2,26.0,3,2,14,1,12,61,2,3
3,2,27.0,136,4,8,0,7,120,0,15
3,2,24.0,22,0,9,0,16,50,1,14
2,0,22.0,237,3,14,0,14,25,1,26
3,11,3.0,288,5,22,1,0,26,1,27
3,9,28.0,315,5,8,0,10,22,3,18
3,7,22.0,211,6,4,1,4,4,4,26
3,3,21.0,338,0,13,0,11,15,2,21
3,6,22.0,185,3,4,1,12,121,4,26
3,10,5.0,336,6,11,1,0,26,1,24
3,1,31.0,305,3,13,0,13,28,1,20
3,4,5.0,235,3,8,0,2,123,2,24
3,8,20.0,319,6,13,0,2,40,2,29
3,2,6.0,251,4,12,0,0,26,3,23
3,2,27.0,136,4,9,0,14,126,3,15
3,2,9.0,21,3,14,0,10,47,2,12
3,2,25.0,233,1,19,3,14,25,0,13
3,0,2.0,47,1,19,1,16,50,4,22
3,0,12.0,113,5,15,0,11,94,1,28
3,0,12.0,113,5,8,2,2,40,3,28
3,2,25.0,233,1,18,1,9,87,0,13
3,2,25.0,233,1,13,1,0,53,2,13
3,2,20.0,264,4,15,0,13,69,2,29
3,2,25.0,233,1,3,1,6,7,0,13
3,2,20.0,264,4,20,0,8,41,2,29
3,0,11.0,10,4,18,1,5,6,0,9
3,0,9.0,48,1,22,2,0,77,3,12
3,2,8.0,258,6,14,1,16,113,1,8
3,2,9.0,21,3,1,0,4,127,4,12
3,2,11.0,297,1,17,2,9,93,3,9
3,2,11.0,297,1,8,0,2,2,0,9
3,2,11.0,297,1,2,0,10,47,3,9
3,2,17.0,6,0,19,0,13,36,2,6
3,2,18.0,7,1,23,0,15,114,2,0
3,2,18.0,7,1,3,0,6,132,1,0
3,2,25.0,233,1,18,1,13,21,0,13
3,2,25.0,233,1,2,2,12,84,0,13
3,2,20.0,264,4,5,0,2,92,1,29
3,2,25.0,233,1,14,3,6,91,2,13
3,2,18.0,7,1,2,0,15,46,4,0
3,2,18.0,7,1,14,1,0,68,4,0
3,2,26.0,3,2,3,0,1,67,0,3
3,2,26.0,3,2,22,0,0,85,4,3
3,2,26.0,3,2,13,2,16,37,3,3
3,2,26.0,3,2,8,0,9,57,0,3
3,2,26.0,3,2,14,0,8,27,1,3
3,2,26.0,3,2,19,2,9,102,3,3
3,2,27.0,136,4,20,0,10,23,2,15
2,7,16.0,95,6,17,1,11,133,4,2
2,7,16.0,95,6,2,0,7,122,0,2
2,7,17.0,154,3,7,0,15,108,4,6
2,7,26.0,53,1,21,0,15,51,1,3
2,3,9.0,4,1,0,0,9,63,4,12
2,3,9.0,4,1,21,0,15,51,3,12
2,3,9.0,4,1,4,2,8,118,1,12
2,3,18.0,138,4,16,2,0,64,3,0
2,3,18.0,138,4,5,0,16,50,1,0
2,7,16.0,95,6,6,0,9,134,2,2
2,7,16.0,95,6,21,1,14,25,1,2
2,9,24.0,272,6,2,1,6,7,0,14
2,7,16.0,95,6,2,1,14,32,4,2
2,7,17.0,154,3,21,1,4,75,4,6
2,7,17.0,154,3,4,0,15,46,1,6
2,7,17.0,154,3,15,1,16,42,4,6
2,7,19.0,266,1,19,1,5,6,2,10
2,7,26.0,53,1,6,0,6,7,1,3
2,7,26.0,53,1,22,0,14,34,0,3
2,7,26.0,53,1,2,0,8,19,0,3
2,7,26.0,53,1,12,0,1,16,1,3
2,7,26.0,53,1,19,2,2,69,0,3
2,7,27.0,34,2,17,0,15,108,1,15
2,7,26.0,53,1,18,0,6,89,1,3
2,7,27.0,34,2,0,0,0,64,0,15
2,7,27.0,34,2,22,1,4,138,4,15
2,3,3.0,285,2,6,0,9,49,1,27
2,3,3.0,285,2,10,0,16,37,4,27
2,3,3.0,285,2,4,0,5,0,0,27
2,3,9.0,4,1,5,0,4,66,4,12
2,3,9.0,4,1,12,2,4,127,3,12
2,3,18.0,138,4,0,0,12,100,1,0
2,3,18.0,138,4,16,0,15,31,1,0
2,9,25.0,344,3,9,0,5,6,0,13
2,7,10.0,197,3,13,1,11,55,4,4
2,7,26.0,53,1,20,1,0,12,0,3
2,7,27.0,34,2,16,0,0,26,0,15
2,7,26.0,53,1,23,3,6,91,4,3
2,7,26.0,53,1,14,1,2,2,0,3
2,7,27.0,34,2,17,1,1,35,0,15
2,7,27.0,34,2,2,0,2,123,3,15
2,7,26.0,53,1,15,1,9,27,0,3
2,3,3.0,285,2,5,1,1,1,4,27
2,3,3.0,285,2,5,1,4,4,4,27
2,3,9.0,4,1,9,0,1,1,1,12
2,3,18.0,138,4,17,0,9,109,3,0
2,3,18.0,138,4,13,0,8,27,0,0
2,3,18.0,138,4,14,0,6,89,1,0
2,3,26.0,361,5,0,1,6,7,0,3
2,3,26.0,361,5,22,0,8,27,1,3
2,3,26.0,361,5,8,0,16,113,0,3
2,3,26.0,361,5,20,1,8,65,4,3
2,3,28.0,325,3,13,0,2,40,3,18
2,3,28.0,325,3,3,0,11,15,1,18
2,5,3.0,114,5,13,0,16,113,2,27
2,3,9.0,4,1,9,0,6,7,4,12
2,3,18.0,138,4,3,1,13,38,4,0
2,3,18.0,138,4,14,3,3,115,0,0
2,3,26.0,361,5,11,0,1,67,2,3
2,3,26.0,361,5,13,0,15,51,2,3
2,3,26.0,361,5,1,0,11,133,2,3
2,3,28.0,325,3,21,1,10,47,0,18
2,3,28.0,325,3,6,0,16,50,3,18
2,5,3.0,114,5,11,0,14,24,1,27
2,5,3.0,114,5,5,0,9,49,2,27
2,5,3.0,114,5,11,3,7,129,1,27
2,5,3.0,114,5,2,2,0,77,0,27
2,5,3.0,114,5,2,2,6,73,3,27
2,5,3.0,114,5,14,0,6,7,4,27
2,5,3.0,114,5,3,0,12,100,3,27
2,5,10.0,326,5,15,0,13,13,3,4
2,5,10.0,326,5,13,1,4,45,4,4
2,5,10.0,326,5,8,3,15,46,3,4
2,5,10.0,326,5,3,1,3,79,4,4
2,5,20.0,351,0,6,0,5,12,1,29
2,5,19.0,214,3,19,0,7,122,2,10
2,5,20.0,351,0,2,2,12,80,3,29
2,5,28.0,24,1,16,0,0,53,3,18
2,5,28.0,24,1,16,1,1,59,0,18
2,7,17.0,154,3,14,1,11,124,2,6
2,7,17.0,154,3,19,0,12,58,4,6
2,7,19.0,266,1,19,0,6,126,1,10
2,7,19.0,266,1,9,0,9,54,3,10
2,7,26.0,53,1,15,0,8,33,3,3
2,9,26.0,267,0,14,2,14,106,3,3
2,7,26.0,53,1,1,0,10,12,1,3
2,6,5.0,83,2,13,0,7,20,3,24
3,5,23.0,168,5,6,1,9,93,0,17
2,6,15.0,38,6,4,0,2,86,3,1
3,4,9.0,18,4,18,0,12,121,1,12
3,10,27.0,302,3,4,0,10,47,3,15
3,5,23.0,168,5,2,0,10,22,3,17
3,5,9.0,206,5,18,1,12,83,4,12
3,10,18.0,246,5,4,0,10,23,3,0
3,5,24.0,58,6,11,0,8,118,1,14
3,5,16.0,239,5,5,0,0,96,3,2
3,10,27.0,302,3,1,0,0,77,1,15
3,1,18.0,82,0,11,0,13,38,3,0
3,10,27.0,302,3,4,0,6,89,1,15
3,10,20.0,223,3,22,0,10,23,2,29
3,4,1.0,144,2,2,0,9,109,4,7
3,5,24.0,58,6,12,0,14,25,2,14
3,5,25.0,350,3,4,0,2,86,3,13
3,5,25.0,350,3,14,2,8,19,3,13
3,5,25.0,350,3,4,0,2,92,0,13
3,6,8.0,59,3,9,0,15,39,4,8
3,6,8.0,59,3,13,1,11,10,4,8
3,6,8.0,59,3,2,0,11,122,1,8
3,6,8.0,59,3,17,3,5,6,1,8
3,6,24.0,31,1,12,0,2,123,3,14
3,10,2.0,358,2,6,0,6,128,1,22
3,10,2.0,358,2,16,0,8,118,1,22
3,10,2.0,358,2,14,2,5,12,3,22
3,10,2.0,358,2,4,0,7,137,3,22
3,10,9.0,150,2,17,0,3,44,0,12
3,10,9.0,150,2,11,0,7,122,2,12
3,10,9.0,150,2,8,0,8,41,1,12
3,10,10.0,245,4,3,0,6,89,3,4
3,5,17.0,212,6,3,0,13,69,2,6
3,5,17.0,212,6,6,1,6,91,4,6
3,5,17.0,212,6,13,1,14,32,4,6
3,5,23.0,168,5,14,0,12,121,4,17
3,5,23.0,168,5,19,0,8,33,1,17
3,5,23.0,168,5,22,0,0,68,2,17
2,10,25.0,61,4,11,3,1,81,2,13
2,4,16.0,19,2,21,2,5,6,3,2
3,11,31.0,227,5,4,1,1,59,0,20
3,7,9.0,273,3,2,2,10,22,3,12
2,11,28.0,123,3,13,0,8,41,2,18
2,9,22.0,92,4,1,0,8,118,4,26
2,9,22.0,92,4,18,1,13,21,1,26
3,0,19.0,13,5,4,0,16,42,0,10
3,0,19.0,13,5,22,1,7,137,1,10
3,0,20.0,172,6,2,1,3,4,0,29
3,0,20.0,172,6,12,0,13,99,2,29
3,0,20.0,172,6,18,0,12,56,3,29
3,0,18.0,0,4,22,0,0,53,2,0
3,5,24.0,58,6,1,0,6,14,1,14
3,5,25.0,350,3,13,0,2,2,0,13
3,5,25.0,350,3,13,0,7,120,2,13
3,5,25.0,350,3,18,2,9,102,3,13
3,6,8.0,59,3,7,0,8,118,1,8
3,6,8.0,59,3,22,1,7,137,4,8
3,6,8.0,59,3,5,0,5,6,2,8
3,6,10.0,149,1,6,2,13,38,0,4
3,6,10.0,149,1,0,0,0,31,3,4
3,6,10.0,149,1,21,1,14,24,0,4
3,6,10.0,149,1,13,0,12,56,1,4
3,6,10.0,149,1,15,0,10,47,2,4
3,6,10.0,149,1,8,0,1,59,3,4
3,6,10.0,149,1,9,0,8,41,3,4
3,6,10.0,149,1,9,0,1,81,0,4
3,6,10.0,149,1,13,0,0,64,2,4
3,6,10.0,149,1,16,0,11,15,3,4
3,6,24.0,31,1,13,0,5,12,3,14
3,6,30.0,145,0,13,1,5,6,0,19
2,5,12.0,184,3,13,1,3,30,4,28
3,10,23.0,247,2,13,0,8,19,3,17
3,1,23.0,69,6,2,1,4,4,4,17
3,1,23.0,69,6,9,0,7,62,3,17
3,1,13.0,207,2,14,0,4,66,2,25
0,10,1.0,208,6,13,0,1,1,4,7
2,4,19.0,115,6,11,3,7,111,0,10
3,0,8.0,9,0,6,1,15,114,1,8
3,11,4.0,275,6,13,3,1,11,0,30
3,9,5.0,89,2,19,1,1,81,2,24
3,11,4.0,275,6,16,1,10,47,1,30
3,7,22.0,211,6,11,1,9,87,4,26
3,9,28.0,315,5,12,1,11,133,4,18
2,11,19.0,321,5,15,0,10,12,2,10
2,11,19.0,321,5,18,2,3,79,1,10
2,7,18.0,330,0,12,2,10,22,3,0
2,7,6.0,293,2,17,0,1,35,4,23
2,2,15.0,220,5,2,0,3,115,3,1
2,2,15.0,220,5,1,0,8,41,3,1
2,6,29.0,145,6,12,0,13,38,1,16
3,8,30.0,103,1,19,3,6,126,2,19
3,11,24.0,194,5,11,0,10,47,3,14
3,4,2.0,141,4,4,2,5,64,1,22
3,2,8.0,258,6,2,0,3,115,4,8
3,9,14.0,106,5,13,3,2,69,0,5
3,2,9.0,21,3,23,0,1,11,4,12
3,4,1.0,144,2,18,0,9,93,1,7
3,11,24.0,194,5,2,0,0,26,3,14
3,1,1.0,203,5,13,0,14,25,2,7
3,1,27.0,262,2,6,0,5,12,1,15
3,1,1.0,203,5,11,1,9,87,4,7
3,11,24.0,194,5,4,1,1,81,0,14
3,4,31.0,67,5,8,0,12,84,0,20
3,4,16.0,25,4,17,0,6,128,0,2
3,8,26.0,278,5,9,1,10,47,0,3
3,6,9.0,236,0,22,1,3,76,0,12
3,2,8.0,258,6,2,0,13,99,3,8
3,1,1.0,203,5,22,0,1,11,3,7
3,11,23.0,232,4,17,1,10,47,0,17
3,4,2.0,141,4,6,0,2,2,1,22
3,4,2.0,141,4,8,0,15,119,2,22
3,4,2.0,141,4,9,0,16,113,1,22
3,4,16.0,25,4,23,1,13,21,0,2
3,4,16.0,25,4,15,1,16,130,1,2
3,4,16.0,25,4,19,0,10,47,3,2
3,4,16.0,25,4,8,1,8,27,1,2
3,4,16.0,25,4,9,0,9,101,3,2
3,4,16.0,25,4,9,0,7,122,2,2
3,4,28.0,218,1,6,2,5,12,3,18
3,4,28.0,218,1,0,0,0,64,1,18
3,4,28.0,218,1,20,0,0,26,1,18
3,6,1.0,158,3,12,0,6,89,1,7
3,6,9.0,236,0,18,1,14,24,4,12
3,10,1.0,208,1,14,0,8,41,4,7
3,10,8.0,213,1,14,1,2,123,4,8
3,10,8.0,213,1,9,1,9,10,4,8
2,0,5.0,260,4,5,1,12,135,1,24
3,7,29.0,268,6,13,1,0,12,1,16
2,0,30.0,290,0,13,3,10,12,1,19
3,3,22.0,166,1,21,0,2,86,3,26
3,3,22.0,166,1,1,3,6,7,3,26
3,5,6.0,277,1,6,0,0,15,2,23
3,6,28.0,309,6,22,3,7,62,0,18
3,10,14.0,174,0,1,1,10,47,0,5
3,10,30.0,157,2,11,0,15,31,3,19
2,1,12.0,207,0,8,2,14,126,2,28
2,8,3.0,299,1,18,1,8,27,0,27
2,1,21.0,164,2,12,0,15,51,0,21
2,4,18.0,142,5,19,0,2,40,2,0
3,0,15.0,190,0,5,0,12,84,2,1
3,0,4.0,229,4,3,3,8,19,0,30
2,8,1.0,77,3,11,0,15,31,1,7
3,4,28.0,218,1,4,0,5,6,2,18
3,8,8.0,76,0,18,0,16,72,4,8
3,8,9.0,124,1,10,0,9,49,3,12
3,8,9.0,124,1,9,0,15,51,3,12
3,8,16.0,73,1,15,0,14,24,3,2
3,8,18.0,75,4,20,0,13,13,1,0
3,8,18.0,75,4,11,0,10,23,1,0
3,8,18.0,75,4,22,1,3,115,4,0
3,4,1.0,144,2,8,0,5,12,3,7
3,4,1.0,144,2,14,1,10,22,4,7
3,4,1.0,144,2,2,0,6,7,3,7
3,4,16.0,25,4,19,0,10,22,1,2
3,4,16.0,25,4,9,0,9,102,1,2
3,4,16.0,25,4,7,1,0,77,1,2
3,4,1.0,144,2,9,0,14,24,2,7
3,4,19.0,142,3,2,0,13,48,4,10
3,4,19.0,142,3,9,0,6,73,4,10
3,4,19.0,142,3,4,0,6,14,1,10
3,4,19.0,142,3,4,2,1,35,3,10
3,4,19.0,142,3,3,1,11,124,1,10
0,5,11.0,326,4,14,3,5,6,0,9
3,4,28.0,218,1,10,1,9,87,1,18
3,4,2.0,141,4,8,0,2,2,3,22
3,4,2.0,141,4,9,0,4,5,1,22
3,4,16.0,25,4,5,0,13,29,1,2
3,4,16.0,25,4,3,2,0,64,0,2
3,4,19.0,142,3,10,1,2,60,0,10
3,4,19.0,142,3,11,1,0,12,0,10
3,4,19.0,142,3,12,0,8,9,3,10
3,4,19.0,142,3,10,1,16,37,4,10
3,4,19.0,142,3,22,1,5,64,0,10
3,4,28.0,218,1,21,0,13,38,1,18
3,4,28.0,218,1,23,0,9,49,1,18
3,2,3.0,282,0,3,1,14,32,4,27
3,2,3.0,282,0,4,1,7,54,4,27
3,4,28.0,218,1,6,2,6,89,1,18
3,2,8.0,258,6,3,1,9,10,4,8
3,2,8.0,258,6,13,1,3,30,4,8
3,2,8.0,258,6,4,2,0,77,0,8
3,2,9.0,21,3,20,0,7,78,3,12
3,2,9.0,21,3,8,0,1,11,1,12
3,2,3.0,282,0,16,0,13,13,3,27
3,2,3.0,282,0,15,0,3,115,4,27
3,2,3.0,282,0,9,0,12,80,4,27
3,2,3.0,282,0,9,1,1,105,0,27
3,2,3.0,282,0,1,3,5,64,3,27
3,2,3.0,282,0,9,0,11,117,3,27
3,2,8.0,258,6,21,0,16,139,1,8
3,2,9.0,21,3,8,0,4,45,0,12
3,4,6.0,176,0,12,2,3,30,3,23
3,4,23.0,30,4,17,0,1,105,4,17
3,1,1.0,203,5,22,0,16,72,2,7
3,9,6.0,51,4,5,0,2,92,0,23
3,4,27.0,274,0,13,1,5,64,0,15
3,1,1.0,203,5,22,0,5,6,0,7
3,6,9.0,236,0,8,3,13,48,3,12
3,2,9.0,21,3,2,0,8,9,1,12
3,0,7.0,15,3,14,0,10,47,0,11
3,9,6.0,51,4,5,0,0,31,2,23
3,2,1.0,16,6,22,0,5,6,0,7
3,4,31.0,67,5,12,0,11,133,1,20
3,1,25.0,65,0,9,1,2,60,1,13
3,0,13.0,198,6,19,1,2,2,4,25
3,1,9.0,50,6,11,0,0,77,1,12
3,4,5.0,235,3,13,1,1,59,4,24
3,9,16.0,107,3,17,1,1,105,0,2
3,1,27.0,262,2,16,1,8,27,1,15
2,10,17.0,246,2,13,1,4,75,4,6
3,4,2.0,141,4,15,0,2,2,4,22
2,2,21.0,209,4,4,1,11,117,0,21
3,2,9.0,21,3,4,2,5,6,0,12
3,1,9.0,50,6,5,2,12,17,0,12
3,1,27.0,262,2,17,0,8,9,3,15
3,4,16.0,25,4,20,1,9,63,4,2
3,9,16.0,107,3,19,0,12,83,4,2
2,2,30.0,8,6,19,0,8,19,4,19
2,1,11.0,353,3,6,0,13,38,3,9
3,2,11.0,297,1,17,0,10,47,0,9
3,1,27.0,262,2,2,1,15,31,0,15
2,5,18.0,146,6,14,0,10,47,2,0
3,4,16.0,25,4,18,0,2,86,0,2
3,4,19.0,142,3,21,0,0,64,1,10
3,4,19.0,142,3,11,0,13,29,1,10
3,4,19.0,142,3,10,1,2,60,0,10
3,4,19.0,142,3,13,1,11,133,1,10
3,4,28.0,218,1,17,1,10,47,1,18
3,4,28.0,218,1,15,0,9,49,1,18
3,4,28.0,218,1,4,0,13,48,4,18
3,4,28.0,218,1,14,2,10,22,3,18
3,4,28.0,218,1,4,2,9,57,3,18
3,2,3.0,282,0,6,1,11,117,1,27
3,2,3.0,282,0,15,0,7,31,4,27
3,2,3.0,282,0,15,0,8,33,3,27
3,2,3.0,282,0,19,0,15,31,3,27
3,2,8.0,258,6,0,0,9,10,3,8
3,2,8.0,258,6,13,0,0,53,3,8
3,2,8.0,258,6,11,1,8,65,4,8
3,1,1.0,203,5,21,0,3,115,3,7
3,5,10.0,155,6,17,0,12,121,0,4
3,1,9.0,50,6,20,0,1,67,1,12
3,1,9.0,50,6,5,1,10,23,1,12
3,1,9.0,50,6,13,0,10,22,3,12
3,1,9.0,50,6,12,0,2,2,3,12
3,1,9.0,50,6,19,0,0,26,2,12
3,1,9.0,50,6,5,0,10,47,3,12
3,1,18.0,82,0,6,2,10,6,3,0
3,1,18.0,82,0,19,0,15,51,3,0
3,1,27.0,262,2,0,0,3,30,1,15
3,1,27.0,262,2,5,0,0,53,3,15
3,1,27.0,262,2,23,1,10,22,1,15
3,8,1.0,66,0,17,2,14,25,3,7
3,8,1.0,66,0,8,0,12,135,3,7
3,8,1.0,66,0,22,0,7,57,3,7
3,8,1.0,66,0,8,0,7,111,1,7
3,8,2.0,77,1,6,0,7,57,4,22
3,8,1.0,66,0,4,0,13,21,1,7
3,8,2.0,77,1,13,0,6,7,1,22
3,8,1.0,66,0,1,0,8,41,1,7
3,8,2.0,77,1,18,1,11,124,4,22
3,8,2.0,77,1,0,0,9,87,1,22
2,10,2.0,310,1,17,3,3,44,1,22
3,9,4.0,295,1,12,1,10,47,1,30
2,8,1.0,77,3,17,0,1,59,4,7
3,5,4.0,114,3,17,3,15,51,4,30
3,10,28.0,216,0,5,0,14,32,3,18
3,10,30.0,157,2,9,0,15,51,0,19
3,10,31.0,135,4,15,0,14,24,2,20
3,1,14.0,183,4,22,3,15,46,0,5
3,8,15.0,72,0,13,0,8,19,2,1
3,4,29.0,313,2,10,1,3,30,2,16
2,5,19.0,214,3,2,1,6,7,4,10
3,1,3.0,188,3,2,0,2,69,1,27
2,6,2.0,99,3,8,3,10,47,1,22
2,8,4.0,101,2,19,0,0,26,0,30
2,2,30.0,8,6,17,1,8,41,1,19
3,11,19.0,321,3,1,3,6,7,3,10
1,6,6.0,83,0,17,0,16,50,1,23
3,5,20.0,214,1,11,1,11,129,2,29
3,6,23.0,84,0,20,1,11,55,4,17
0,0,1.0,8,5,11,3,7,129,4,7
2,3,3.0,285,2,6,2,3,115,3,27
3,10,3.0,310,4,8,0,13,29,1,27
3,1,4.0,286,0,13,0,1,59,1,30
2,5,10.0,326,5,5,1,11,15,4,4
2,5,20.0,351,0,3,1,6,14,1,29
2,6,3.0,159,0,8,0,8,41,2,27
3,4,14.0,345,1,19,1,14,32,2,5
3,0,7.0,15,3,20,0,4,82,3,11
3,8,8.0,76,0,7,1,7,57,0,8
3,8,8.0,76,0,14,0,8,9,3,8
3,8,8.0,76,0,1,0,14,34,3,8
3,8,9.0,124,1,20,0,14,32,1,12
3,8,16.0,73,1,0,1,3,70,0,2
3,8,16.0,73,1,7,1,5,12,0,2
3,8,3.0,363,2,17,1,7,120,4,27
3,8,16.0,73,1,4,0,1,105,0,2
3,8,18.0,75,4,13,2,4,45,2,0
3,8,18.0,75,4,12,1,1,67,4,0
3,8,18.0,75,4,2,1,15,31,1,0
3,4,1.0,144,2,17,0,0,12,0,7
3,4,1.0,144,2,7,1,11,15,1,7
3,4,2.0,141,4,0,1,16,72,4,22
3,4,2.0,141,4,15,0,7,62,1,22
3,4,1.0,144,2,4,0,8,41,3,7
3,4,2.0,141,4,13,1,9,134,4,22
3,4,2.0,141,4,8,2,16,139,3,22
3,2,11.0,297,1,16,0,8,27,0,9
3,9,16.0,107,3,23,1,4,5,1,2
3,1,9.0,50,6,1,0,8,118,3,12
2,10,1.0,358,0,2,3,11,90,4,7
3,2,24.0,22,0,4,0,0,53,3,14
3,1,27.0,262,2,6,0,2,2,1,15
3,9,12.0,177,2,22,3,10,47,3,28
3,8,1.0,66,0,15,0,13,99,3,7
3,8,1.0,66,0,8,1,8,27,1,7
3,8,2.0,77,1,23,0,7,120,1,22
3,8,2.0,77,1,19,1,5,64,1,22
3,8,2.0,77,1,1,2,4,115,3,22
3,8,3.0,363,2,17,0,10,30,1,27
3,8,3.0,363,2,13,0,9,57,3,27
3,8,3.0,363,2,18,0,14,24,3,27
3,10,10.0,245,4,6,0,16,108,0,4
3,10,9.0,150,2,4,0,6,73,3,12
3,10,10.0,245,4,8,0,14,32,1,4
3,10,18.0,246,5,8,0,13,29,1,0
3,10,18.0,246,5,14,0,15,119,1,0
3,10,27.0,302,3,6,2,10,47,3,15
3,10,27.0,302,3,14,0,4,82,1,15
3,1,9.0,50,6,22,1,0,68,4,12
3,1,9.0,50,6,5,1,0,85,2,12
3,1,9.0,50,6,3,1,15,51,1,12
3,1,9.0,50,6,18,0,0,77,3,12
3,1,18.0,82,0,2,2,16,130,3,0
3,1,27.0,262,2,17,0,8,9,3,15
3,8,1.0,66,0,17,0,2,123,2,7
3,8,1.0,66,0,16,0,6,91,3,7
3,8,2.0,77,1,5,0,13,48,3,22
3,8,2.0,77,1,19,0,16,42,1,22
3,8,3.0,363,2,20,0,6,7,3,27
3,8,3.0,363,2,3,0,13,21,2,27
3,8,2.0,77,1,15,0,12,84,0,22
3,8,3.0,363,2,12,1,6,14,2,27
3,8,8.0,76,0,7,1,14,25,0,8
3,8,8.0,76,0,8,2,13,69,3,8
3,8,8.0,76,0,20,1,1,105,4,8
3,8,18.0,75,4,8,2,3,30,3,0
3,8,18.0,75,4,9,0,10,52,4,0
3,4,1.0,144,2,3,0,13,28,0,7
3,4,1.0,144,2,6,3,0,26,3,7
3,4,1.0,144,2,18,1,3,30,4,7
3,8,27.0,78,6,20,0,16,50,2,15
3,4,27.0,274,0,4,0,16,74,3,15
3,4,2.0,141,4,9,0,15,112,3,22
3,4,16.0,25,4,21,1,0,15,0,2
3,4,16.0,25,4,13,0,0,77,1,2
3,4,16.0,25,4,20,1,3,70,4,2
3,4,16.0,25,4,4,0,14,25,1,2
3,4,19.0,142,3,11,0,8,9,1,10
3,4,19.0,142,3,11,0,9,93,1,10
3,4,19.0,142,3,8,0,0,64,0,10
3,4,19.0,142,3,2,0,6,89,3,10
2,0,1.0,47,3,17,0,12,56,4,7
3,4,19.0,142,3,12,0,7,122,1,10
3,4,19.0,142,3,19,0,10,12,1,10
3,2,3.0,282,0,20,0,9,49,2,27
3,8,8.0,76,0,10,1,7,57,0,8
3,6,9.0,236,0,5,3,9,95,1,12
3,2,10.0,28,0,14,3,12,80,2,4
3,8,8.0,76,0,14,0,12,61,1,8
3,8,9.0,124,1,21,1,0,26,0,12
3,8,9.0,124,1,13,0,16,37,1,12
3,8,16.0,73,1,10,0,2,2,1,2
3,8,16.0,73,1,8,0,2,69,2,2
3,8,16.0,73,1,9,0,6,89,0,2
3,8,18.0,75,4,6,1,3,103,4,0
3,4,1.0,144,2,6,0,15,39,2,7
3,4,1.0,144,2,5,0,0,26,3,7
3,4,1.0,144,2,11,0,2,2,1,7
3,4,1.0,144,2,20,0,10,43,3,7
3,4,1.0,144,2,3,0,8,9,1,7
3,4,1.0,144,2,19,0,13,48,0,7
3,8,1.0,66,0,11,0,14,107,1,7
3,4,2.0,141,4,13,2,10,47,1,22
3,8,18.0,75,4,14,0,2,3,3,0
3,6,1.0,158,3,13,1,13,28,1,7
3,8,18.0,75,4,4,0,8,118,1,0
3,8,18.0,75,4,15,0,14,24,2,0
3,4,1.0,144,2,6,0,0,0,3,7
3,0,8.0,9,0,4,3,8,19,0,8
3,1,18.0,82,0,16,2,10,47,1,0
2,0,13.0,5,5,17,2,11,117,3,25
3,7,5.0,204,2,14,1,9,95,0,24
3,1,27.0,262,2,17,0,14,32,1,15
3,7,22.0,211,6,19,1,1,16,4,26
3,8,15.0,72,0,8,3,0,12,1,1
3,9,16.0,107,3,14,1,9,10,4,2
3,7,12.0,181,2,17,0,10,23,1,28
3,1,27.0,262,2,4,0,10,47,1,15
3,2,11.0,297,1,21,0,9,109,1,9
3,8,30.0,103,1,14,1,7,137,1,19
3,9,23.0,167,3,0,1,14,24,1,17
3,5,12.0,327,0,9,1,15,51,1,28
3,3,11.0,337,5,12,0,16,72,3,9
3,1,27.0,262,2,16,0,8,118,1,15
3,2,11.0,297,1,22,0,5,6,0,9
2,1,4.0,219,3,4,0,9,57,0,30
3,7,7.0,293,5,0,0,15,39,4,11
3,5,12.0,327,0,12,0,1,11,3,28
3,3,21.0,338,0,3,3,7,20,4,21
3,2,11.0,297,1,2,0,9,63,4,9
3,2,11.0,297,1,19,0,6,14,1,9
3,4,28.0,218,1,1,0,10,47,0,18
3,4,28.0,218,1,4,0,6,73,2,18
3,2,3.0,282,0,21,1,2,69,0,27
3,2,3.0,282,0,19,0,11,133,0,27
3,2,3.0,282,0,22,1,3,30,4,27
3,2,3.0,282,0,18,0,8,27,1,27
3,2,3.0,282,0,1,0,9,134,1,27
3,2,8.0,258,6,1,0,9,9,2,8
3,2,8.0,258,6,9,0,13,28,1,8
3,2,9.0,21,3,20,2,4,79,2,12
3,2,9.0,21,3,22,0,9,9,2,12
3,2,9.0,21,3,3,0,2,35,4,12
3,2,9.0,21,3,15,1,9,58,4,12
3,2,9.0,21,3,2,2,13,21,2,12
3,2,9.0,21,3,14,0,2,92,3,12
3,2,11.0,297,1,17,2,7,120,3,9
3,2,11.0,297,1,15,0,15,119,0,9
3,2,11.0,297,1,20,0,4,66,1,9
3,2,11.0,297,1,13,2,10,52,0,9
3,2,11.0,297,1,10,1,13,48,2,9
3,2,17.0,6,0,0,2,4,103,3,6
3,2,17.0,6,0,11,1,1,105,1,6
3,2,11.0,297,1,12,0,1,1,3,9
3,2,17.0,6,0,19,0,5,6,3,6
3,8,1.0,66,0,19,0,8,9,1,7
3,8,3.0,363,2,15,0,16,74,4,27
3,8,3.0,363,2,2,0,0,26,3,27
3,8,3.0,363,2,1,2,7,120,4,27
3,8,8.0,76,0,0,0,5,64,0,8
3,8,8.0,76,0,16,0,14,34,1,8
3,1,18.0,82,0,17,0,4,75,4,0
3,8,8.0,76,0,13,0,16,50,1,8
3,8,8.0,76,0,13,1,10,23,1,8
3,8,9.0,124,1,21,0,5,6,3,12
3,8,9.0,124,1,22,1,9,109,4,12
3,8,9.0,124,1,4,0,13,38,0,12
3,8,16.0,73,1,6,0,5,12,2,2
3,8,16.0,73,1,5,2,13,21,3,2
3,8,16.0,73,1,15,2,6,89,3,2
3,8,16.0,73,1,14,0,4,45,2,2
3,8,16.0,73,1,4,0,5,64,3,2
3,8,16.0,73,1,5,1,9,58,4,2
3,8,16.0,73,1,19,0,1,35,4,2
3,4,1.0,144,2,2,1,10,43,2,7
3,4,2.0,141,4,3,1,10,23,1,22
3,4,2.0,141,4,14,2,3,76,4,22
2,6,15.0,38,6,12,0,1,11,4,1
2,10,13.0,174,6,3,1,8,118,4,25
2,1,22.0,69,4,1,1,12,80,4,26
2,2,9.0,28,6,4,0,1,67,0,12
3,11,14.0,147,1,15,0,2,86,4,5
3,11,8.0,283,2,0,1,7,8,4,8
3,9,9.0,320,3,8,1,7,129,1,12
3,9,24.0,272,0,3,1,1,81,4,14
2,11,5.0,240,5,1,1,13,38,0,24
3,5,8.0,199,4,19,3,10,22,2,8
2,11,14.0,147,3,8,0,6,73,2,5
2,11,14.0,147,3,22,0,8,9,2,5
2,9,22.0,92,4,18,0,13,38,3,26
2,9,22.0,92,4,8,1,15,119,4,26
2,0,7.0,9,6,11,0,13,21,1,11
3,11,14.0,147,1,4,1,5,12,2,5
3,11,31.0,227,5,4,1,1,105,0,20
3,9,24.0,272,0,19,0,9,54,1,14
3,7,9.0,273,3,1,0,11,58,2,12
2,11,5.0,240,5,14,0,10,47,2,24
2,11,12.0,118,5,12,1,1,105,0,28
3,5,8.0,199,4,9,0,10,47,3,8
3,5,8.0,199,4,4,1,7,31,1,8
3,10,15.0,60,1,17,1,5,6,0,1
3,10,15.0,60,1,9,1,11,10,4,1
2,7,22.0,202,5,1,1,6,128,1,26
2,1,12.0,207,0,9,0,1,35,1,28
3,7,7.0,293,5,2,0,2,86,1,11
3,5,11.0,326,3,8,0,16,113,2,9
3,8,1.0,66,0,14,2,16,50,0,7
3,5,20.0,214,1,12,1,1,67,0,29
2,8,2.0,363,0,2,1,0,77,1,22
3,8,2.0,77,1,17,0,0,77,3,22
3,8,2.0,77,1,16,0,5,12,0,22
3,7,26.0,316,2,12,0,2,71,2,3
3,5,7.0,349,2,6,0,0,64,0,11
3,5,16.0,239,5,14,0,13,99,0,2
3,5,18.0,195,3,18,0,9,109,2,0
3,6,9.0,236,0,2,1,0,0,1,12
3,6,9.0,236,0,1,0,5,64,0,12
3,1,8.0,62,5,8,2,1,11,3,8
3,8,2.0,77,1,7,0,2,2,4,22
3,8,1.0,66,0,3,0,10,22,3,7
3,8,2.0,77,1,5,0,12,104,1,22
3,8,2.0,77,1,9,0,16,72,3,22
3,8,2.0,77,1,19,2,7,20,1,22
3,8,3.0,363,2,17,0,3,70,0,27
3,8,3.0,363,2,16,0,0,0,3,27
3,8,3.0,363,2,0,0,3,76,3,27
3,8,3.0,363,2,3,0,5,47,2,27
3,8,3.0,363,2,14,1,9,93,4,27
3,8,8.0,76,0,9,0,6,89,3,8
3,8,9.0,124,1,6,1,7,20,0,12
3,8,3.0,363,2,1,1,14,126,4,27
3,8,9.0,124,1,17,1,15,39,4,12
3,8,9.0,124,1,1,2,11,124,3,12
3,8,8.0,76,0,4,0,13,21,0,8
3,8,16.0,73,1,10,3,8,19,0,2
3,8,16.0,73,1,19,0,1,11,1,2
3,8,16.0,73,1,12,0,2,69,0,2
3,8,18.0,75,4,6,2,10,47,3,0
3,8,18.0,75,4,0,1,4,75,0,0
3,8,18.0,75,4,8,1,4,4,4,0
3,8,18.0,75,4,19,0,2,92,1,0
3,8,1.0,66,0,1,0,13,29,3,7
3,8,2.0,77,1,13,2,8,65,3,22
3,8,2.0,77,1,13,0,4,4,1,22
3,8,2.0,77,1,13,0,1,67,0,22
3,8,2.0,77,1,2,0,13,29,1,22
3,8,2.0,77,1,14,0,3,76,3,22
3,8,1.0,66,0,1,1,6,89,1,7
3,8,3.0,363,2,16,0,5,12,3,27
3,8,3.0,363,2,16,2,10,52,4,27
3,8,3.0,363,2,0,1,3,70,2,27
3,8,3.0,363,2,3,0,13,69,4,27
3,8,8.0,76,0,16,0,6,7,3,8
3,8,8.0,76,0,11,0,0,12,3,8
3,8,8.0,76,0,0,1,15,114,4,8
3,8,9.0,124,1,17,0,2,86,3,12
3,8,9.0,124,1,0,0,0,12,3,12
3,10,1.0,208,1,16,1,4,75,1,7
3,10,16.0,201,2,12,1,10,12,1,2
3,1,8.0,62,5,18,2,9,93,3,8
3,1,10.0,17,3,22,3,11,117,2,4
3,1,25.0,65,0,15,0,0,26,2,13
3,1,24.0,64,3,13,3,14,131,0,14
3,8,9.0,124,1,0,2,10,22,0,12
3,8,9.0,124,1,21,0,13,48,3,12
3,8,9.0,124,1,13,0,13,38,2,12
3,8,9.0,124,1,1,0,13,38,3,12
3,8,9.0,124,1,14,0,11,117,1,12
3,8,16.0,73,1,16,0,11,94,1,2
3,8,16.0,73,1,0,0,1,11,3,2
3,8,18.0,75,4,0,0,0,53,3,0
3,10,18.0,246,5,17,2,6,7,3,0
3,10,18.0,246,5,5,0,3,30,3,0
3,10,18.0,246,5,1,0,2,86,0,0
3,10,27.0,302,3,17,2,6,73,0,15
3,10,27.0,302,3,2,0,2,2,1,15
3,10,27.0,302,3,19,0,8,41,3,15
3,1,1.0,203,5,16,0,2,92,1,7
3,1,1.0,203,5,13,0,0,77,2,7
3,1,1.0,203,5,6,0,9,95,3,7
3,1,9.0,50,6,13,0,1,59,1,12
3,1,9.0,50,6,9,0,6,91,3,12
3,1,18.0,82,0,17,1,12,61,0,0
3,5,13.0,184,1,14,0,4,79,2,25
2,8,12.0,189,4,4,0,1,59,2,28
3,11,26.0,364,3,14,0,9,93,1,3
3,7,7.0,293,5,4,2,8,41,0,11
3,10,13.0,346,3,2,1,14,110,4,25
2,4,1.0,141,1,12,0,2,13,1,7
3,1,31.0,305,3,12,0,9,54,2,20
3,7,8.0,94,6,15,0,5,6,0,8
2,4,29.0,139,1,12,1,6,7,0,16
3,5,21.0,351,2,7,1,10,47,1,21
3,2,16.0,220,3,4,1,9,101,0,2
3,5,1.0,109,4,17,0,3,44,3,7
3,8,17.0,74,2,13,0,13,21,1,6
2,1,3.0,286,6,1,1,10,22,4,27
2,1,28.0,112,2,16,0,9,93,1,18
3,0,13.0,198,6,8,0,12,56,0,25
3,5,14.0,36,2,14,1,12,17,0,5
3,2,7.0,153,5,1,3,0,68,3,11
3,2,7.0,153,5,8,0,0,15,0,11
3,1,4.0,286,0,19,1,13,29,1,30
3,1,3.0,188,3,21,1,5,0,2,27
2,5,20.0,351,0,17,2,14,25,2,29
2,6,3.0,159,0,3,0,13,28,2,27
3,4,14.0,345,1,4,1,3,30,4,5
3,4,16.0,25,4,3,0,2,13,2,2
3,4,16.0,25,4,2,2,1,11,3,2
3,4,16.0,25,4,12,0,2,92,0,2
3,4,19.0,142,3,16,0,0,12,0,10
3,4,19.0,142,3,18,2,5,12,0,10
3,4,28.0,218,1,16,2,11,15,3,18
3,4,28.0,218,1,10,1,10,47,0,18
3,4,28.0,218,1,13,1,6,7,4,18
3,2,3.0,282,0,6,0,5,12,3,27
3,2,8.0,258,6,20,1,9,58,4,8
3,2,3.0,282,0,19,2,12,61,1,27
3,2,8.0,258,6,18,2,15,51,0,8
3,2,9.0,21,3,3,1,13,123,4,12
3,2,11.0,297,1,21,0,10,23,1,9
3,2,11.0,297,1,10,0,11,124,3,9
3,4,27.0,274,0,11,1,0,0,1,15
3,2,1.0,16,6,19,0,10,22,1,7
3,2,11.0,297,1,10,1,5,12,0,9
3,2,11.0,297,1,2,0,3,44,3,9
3,2,11.0,297,1,8,0,14,126,2,9
3,2,11.0,297,1,14,0,12,61,3,9
3,2,17.0,6,0,19,0,1,59,0,6
3,2,17.0,6,0,1,0,2,69,1,6
3,2,17.0,6,0,5,1,9,63,4,6
3,2,18.0,7,1,16,0,0,12,0,0
3,2,18.0,7,1,6,2,5,64,0,0
3,2,18.0,7,1,16,0,2,69,0,0
3,2,18.0,7,1,12,0,5,6,0,0
3,2,18.0,7,1,12,3,15,114,0,0
3,2,18.0,7,1,9,0,14,25,1,0
3,4,28.0,218,1,17,1,3,79,0,18
3,5,6.0,277,1,2,1,15,51,1,23
3,5,5.0,96,0,14,0,12,83,4,24
2,9,2.0,323,5,1,2,8,41,0,22
3,10,31.0,135,4,2,3,9,95,0,20
3,8,7.0,70,3,5,3,12,104,0,11
0,1,15.0,1,1,6,0,3,30,1,1
2,4,1.0,141,1,4,3,14,25,2,7
0,1,1.0,203,1,12,0,13,99,2,7
3,0,4.0,229,4,22,0,16,72,2,30
2,8,27.0,224,5,20,3,1,67,0,15
3,5,6.0,277,1,10,0,14,110,0,23
3,10,6.0,242,3,19,0,1,59,3,23
3,10,31.0,135,4,18,3,9,57,1,20
3,1,30.0,100,6,17,1,11,98,4,19
3,8,6.0,87,6,19,1,15,119,4,23
3,0,5.0,122,5,22,1,0,31,4,24
3,2,26.0,3,2,19,0,0,0,3,3
3,2,26.0,3,2,14,2,14,25,3,3
2,10,1.0,358,0,17,3,9,63,1,7
3,0,16.0,11,1,1,1,5,6,0,2
2,4,10.0,121,4,3,0,9,54,2,4
3,6,24.0,31,1,22,0,13,48,4,14
3,6,24.0,31,1,2,0,15,51,3,14
3,7,5.0,204,2,14,0,10,23,1,24
3,5,24.0,58,6,18,2,12,61,3,14
3,9,2.0,323,3,17,1,9,27,0,22
3,3,5.0,324,6,9,0,8,27,1,24
3,10,2.0,358,2,5,0,9,109,1,22
3,3,4.0,285,5,14,1,9,93,4,30
3,10,2.0,358,2,18,0,2,92,1,22
3,10,2.0,358,2,1,0,16,74,1,22
3,10,9.0,150,2,6,0,10,22,1,12
3,10,9.0,150,2,16,0,8,41,0,12
3,10,9.0,150,2,10,0,2,13,1,12
3,10,9.0,150,2,11,1,4,79,0,12
3,10,9.0,150,2,3,2,16,72,0,12
2,3,12.0,210,5,17,0,1,16,4,28
3,10,10.0,245,4,16,1,6,128,0,4
3,10,9.0,150,2,12,1,6,128,4,12
3,10,10.0,245,4,22,1,9,10,4,4
3,10,10.0,245,4,12,0,11,98,1,4
3,10,18.0,246,5,6,1,11,15,0,0
3,10,18.0,246,5,21,1,6,7,0,0
3,10,18.0,246,5,18,1,14,110,0,0
3,10,27.0,302,3,6,2,9,95,3,15
2,2,25.0,3,0,4,1,15,39,0,13
2,0,8.0,48,3,11,1,5,6,1,8
3,11,15.0,331,2,9,2,14,88,1,1
3,11,22.0,250,2,2,0,16,50,4,26
2,2,15.0,220,5,11,1,12,17,4,1
3,9,17.0,255,0,19,1,12,84,0,6
3,7,6.0,93,4,14,0,4,45,4,23
3,7,6.0,93,4,10,1,16,42,4,23
2,4,25.0,80,5,4,0,5,6,0,13
2,4,31.0,16,4,14,0,3,103,3,20
2,4,31.0,16,4,18,0,0,26,1,20
2,2,1.0,143,5,4,0,15,96,0,7
2,2,16.0,6,6,16,0,3,44,3,2
2,2,16.0,6,6,1,0,0,64,3,2
2,2,1.0,143,5,15,0,14,24,2,7
2,2,24.0,233,3,14,2,13,99,0,14
2,2,24.0,233,3,15,0,8,9,2,14
2,0,9.0,129,0,0,0,10,43,1,12
2,0,14.0,190,6,15,0,10,47,3,5
2,0,17.0,0,1,21,2,0,68,3,6
2,0,17.0,0,1,7,0,5,6,3,6
2,0,18.0,13,2,15,1,6,7,0,0
2,0,18.0,13,2,19,0,2,92,1,0
2,0,18.0,13,2,1,0,10,47,0,0
3,11,7.0,253,1,6,3,16,139,3,11
3,11,9.0,311,4,19,0,8,9,1,12
3,11,9.0,311,4,19,0,10,52,3,12
3,11,7.0,253,1,15,0,10,6,2,11
3,11,17.0,110,5,16,1,9,10,0,6
2,7,18.0,330,0,4,0,6,7,2,0
2,3,10.0,337,2,22,1,10,47,1,4
3,1,23.0,69,6,9,0,1,59,2,17
2,6,27.0,309,4,4,0,13,29,1,15
3,4,6.0,176,0,9,1,2,123,4,23
3,4,6.0,176,0,19,1,2,60,4,23
3,4,6.0,176,0,4,3,12,56,3,23
0,0,10.0,129,3,17,0,14,25,1,4
3,2,24.0,22,0,1,0,1,11,4,14
3,0,8.0,9,0,3,0,4,121,4,8
3,9,27.0,179,4,1,0,10,47,3,15
3,7,13.0,238,4,17,1,9,95,4,25
3,7,13.0,238,4,19,1,13,99,4,25
3,7,22.0,211,6,17,0,11,133,1,26
3,5,22.0,163,4,9,3,6,116,4,26
3,5,9.0,206,5,8,3,9,95,3,12
3,11,17.0,110,5,14,2,0,77,0,6
3,11,23.0,232,4,8,0,4,82,3,17
3,11,23.0,232,4,1,0,12,104,1,17
3,3,2.0,120,2,17,0,5,12,1,22
2,11,8.0,283,0,3,0,12,83,2,8
3,4,5.0,235,3,21,1,5,12,0,24
3,0,8.0,9,0,12,1,14,107,0,8
2,11,17.0,110,2,17,1,0,26,1,6
2,0,12.0,198,4,5,2,2,3,2,28
0,0,1.0,8,5,13,0,4,75,1,7
3,9,27.0,179,4,15,0,6,73,2,15
2,7,19.0,266,1,9,0,6,128,1,10
3,9,28.0,315,5,4,1,14,126,4,18
3,7,21.0,81,5,0,1,2,71,4,21
3,3,14.0,33,0,16,0,10,6,3,5
3,7,28.0,34,5,0,0,6,7,2,18
3,5,13.0,184,1,12,2,10,22,4,25
3,5,11.0,326,3,11,0,2,2,2,9
3,1,31.0,305,3,1,1,14,24,4,20
3,7,17.0,95,0,6,0,8,9,1,6
3,3,1.0,180,1,3,0,11,94,3,7
3,3,17.0,54,4,7,0,2,69,1,6
3,3,17.0,54,4,14,0,1,35,4,6
3,3,18.0,165,5,17,0,0,15,2,0
3,3,17.0,54,4,14,0,3,115,1,6
3,10,2.0,358,2,22,0,0,26,0,22
3,10,2.0,358,2,4,0,2,86,1,22
3,10,9.0,150,2,16,2,0,15,3,12
3,10,10.0,245,4,13,0,2,86,4,4
3,10,18.0,246,5,20,0,1,67,1,0
3,10,18.0,246,5,20,1,7,111,0,0
3,10,18.0,246,5,13,0,5,6,1,0
3,10,18.0,246,5,8,0,2,2,0,0
3,10,18.0,246,5,12,0,10,47,1,0
3,10,18.0,246,5,18,2,13,48,0,0
3,5,25.0,350,3,13,1,10,23,0,13
3,10,18.0,246,5,11,1,10,12,0,0
3,10,27.0,302,3,0,0,5,64,3,15
3,6,27.0,116,5,2,1,9,58,4,15
3,1,8.0,62,5,19,1,6,91,0,8
3,10,27.0,302,3,10,0,10,47,3,15
3,10,27.0,302,3,20,3,7,54,1,15
3,10,27.0,302,3,20,0,16,39,4,15
3,10,27.0,302,3,20,1,9,10,4,15
3,10,27.0,302,3,8,0,6,89,0,15
3,10,27.0,302,3,8,0,6,7,1,15
3,10,27.0,302,3,19,2,9,57,3,15
3,10,27.0,302,3,1,0,14,34,1,15
3,10,27.0,302,3,12,0,10,47,0,15
3,3,18.0,165,5,4,0,0,77,2,0
3,3,23.0,57,2,22,0,11,15,0,17
3,3,23.0,57,2,9,0,16,72,4,17
3,3,23.0,57,2,18,1,4,5,0,17
3,3,25.0,347,5,16,0,0,12,1,13
3,3,25.0,347,5,11,0,10,22,1,13
3,5,10.0,155,6,5,1,4,66,4,4
3,5,15.0,200,4,23,0,13,69,2,1
3,5,15.0,200,4,21,0,1,35,0,1
3,5,17.0,212,6,6,0,0,12,1,6
3,5,23.0,168,5,13,0,8,19,0,17
3,5,23.0,168,5,14,0,0,68,3,17
3,5,24.0,58,6,0,1,3,30,0,14
3,5,23.0,168,5,23,0,10,22,1,17
3,5,23.0,168,5,18,0,2,2,0,17
3,5,23.0,168,5,2,1,10,47,1,17
3,5,23.0,168,5,8,0,7,129,2,17
3,3,1.0,180,1,13,0,8,33,4,7
3,5,24.0,58,6,3,0,9,93,2,14
3,5,24.0,58,6,2,0,0,77,3,14
3,5,24.0,58,6,22,0,2,40,3,14
3,5,24.0,58,6,19,0,3,30,1,14
3,5,24.0,58,6,14,0,16,113,0,14
3,5,25.0,350,3,4,0,10,47,2,13
3,10,10.0,245,4,18,0,1,11,4,4
3,10,18.0,246,5,16,2,16,37,3,0
3,10,27.0,302,3,5,2,8,9,0,15
3,3,16.0,263,2,12,1,13,13,0,2
3,6,9.0,236,0,12,1,1,35,0,12
3,1,8.0,62,5,2,1,5,6,1,8
3,1,25.0,65,0,12,0,10,47,2,13
3,1,1.0,203,5,20,1,15,114,4,7
3,1,1.0,203,5,22,1,9,49,4,7
3,10,27.0,302,3,14,3,10,12,3,15
3,1,9.0,50,6,8,2,2,35,3,12
3,1,9.0,50,6,19,0,7,137,3,12
3,1,18.0,82,0,7,0,0,96,1,0
3,1,18.0,82,0,4,0,13,99,1,0
3,1,27.0,262,2,17,0,10,47,3,15
3,1,27.0,262,2,6,0,10,47,3,15
3,8,1.0,66,0,6,0,0,53,3,7
3,8,1.0,66,0,6,2,10,22,1,7
3,8,1.0,66,0,11,0,2,69,4,7
3,8,1.0,66,0,11,0,0,53,1,7
3,8,1.0,66,0,3,0,2,2,0,7
3,8,2.0,77,1,17,0,1,1,1,22
3,5,25.0,350,3,4,0,5,6,0,13
3,5,25.0,350,3,14,0,10,22,3,13
3,5,25.0,350,3,20,1,7,122,4,13
3,6,8.0,59,3,18,0,3,115,3,8
3,6,10.0,149,1,6,2,0,68,3,4
3,6,10.0,149,1,6,0,11,15,0,4
3,6,10.0,149,1,17,0,11,98,1,4
3,9,17.0,255,0,13,0,11,94,1,6
3,8,17.0,74,2,1,0,0,77,1,6
3,6,10.0,149,1,15,0,6,7,1,4
3,6,24.0,31,1,16,0,8,9,0,14
3,6,24.0,31,1,23,0,1,1,1,14
3,6,24.0,31,1,10,0,10,12,2,14
3,6,24.0,31,1,19,0,10,52,1,14
3,6,24.0,31,1,19,0,7,20,3,14
3,6,24.0,31,1,14,0,5,6,0,14
3,6,24.0,31,1,18,0,0,77,1,14
3,10,2.0,358,2,19,0,12,56,1,22
3,10,9.0,150,2,13,0,2,2,1,12
3,10,9.0,150,2,17,0,0,12,0,12
3,10,9.0,150,2,1,0,15,51,1,12
3,10,27.0,302,3,6,2,1,11,2,15
3,10,27.0,302,3,13,0,15,96,3,15
3,1,1.0,203,5,0,0,11,133,1,7
3,1,1.0,203,5,11,0,9,95,0,7
3,1,1.0,203,5,7,1,8,27,4,7
3,1,1.0,203,5,19,1,1,11,4,7
3,1,1.0,203,5,18,2,8,33,3,7
3,1,18.0,82,0,6,0,0,15,1,0
3,1,18.0,82,0,6,0,8,9,1,0
3,1,18.0,82,0,18,0,8,19,1,0
3,1,18.0,82,0,1,0,1,67,1,0
3,1,27.0,262,2,6,2,13,38,2,15
3,1,27.0,262,2,11,1,12,121,0,15
3,1,27.0,262,2,13,0,8,9,0,15
3,1,27.0,262,2,20,0,16,74,1,15
3,1,27.0,262,2,12,1,4,138,1,15
3,1,27.0,262,2,4,0,1,35,3,15
3,8,1.0,66,0,4,0,5,64,1,7
3,8,1.0,66,0,12,0,9,57,2,7
3,10,18.0,246,5,17,0,0,26,1,0
3,10,18.0,246,5,7,0,10,22,2,0
3,10,18.0,246,5,20,0,10,22,1,0
3,10,18.0,246,5,10,1,5,64,0,0
2,8,5.0,87,4,14,1,2,86,1,24
2,8,5.0,87,4,9,1,11,15,0,24
2,8,6.0,70,5,7,0,4,5,3,23
3,1,26.0,248,1,0,2,10,47,3,3
3,1,2.0,171,6,15,0,0,31,3,22
3,2,10.0,28,0,13,0,4,75,1,4
3,1,1.0,203,5,18,0,6,7,4,7
2,8,6.0,70,5,14,1,10,22,1,23
2,8,15.0,73,3,0,1,14,131,0,1
2,6,6.0,169,4,4,0,6,89,3,23
2,6,8.0,236,6,16,1,13,28,2,8
2,6,8.0,236,6,3,0,1,67,2,8
2,6,22.0,84,6,17,0,15,31,2,26
2,6,22.0,84,6,2,3,5,12,3,26
2,6,23.0,31,3,17,0,12,83,0,17
2,6,23.0,31,3,5,0,9,87,1,17
2,6,23.0,31,3,18,0,6,7,4,17
2,10,6.0,243,6,22,0,8,41,4,23
2,10,6.0,243,6,2,0,5,12,3,23
2,10,21.0,314,3,16,0,13,48,3,21
3,4,2.0,141,4,13,0,13,29,1,22
3,2,8.0,258,6,16,0,5,6,1,8
2,10,21.0,314,3,19,0,3,4,0,21
2,10,21.0,314,3,18,0,0,12,3,21
2,10,23.0,261,1,12,0,14,25,1,17
3,2,10.0,28,0,14,2,6,7,4,4
3,2,20.0,264,4,16,1,13,48,0,29
3,2,20.0,264,4,15,1,7,54,4,29
3,2,20.0,264,4,13,2,8,33,2,29
3,2,20.0,264,4,14,0,2,69,0,29
3,8,17.0,74,2,8,0,6,89,2,6
3,8,17.0,74,2,19,3,11,133,3,6
3,8,26.0,278,5,10,1,0,26,2,3
3,8,26.0,278,5,6,1,0,26,0,3
3,8,26.0,278,5,16,1,14,107,0,3
3,8,26.0,278,5,19,0,5,64,3,3
3,8,26.0,278,5,14,0,12,56,1,3
3,8,26.0,278,5,8,2,14,125,2,3
3,8,27.0,78,6,3,0,4,66,1,15
3,4,8.0,292,2,17,0,15,31,3,8
3,4,8.0,292,2,8,1,5,6,0,8
3,4,8.0,292,2,3,0,12,80,2,8
3,4,8.0,292,2,14,0,3,103,1,8
3,4,9.0,18,4,19,2,6,89,3,12
2,1,5.0,97,0,8,0,10,23,3,24
2,1,5.0,97,0,12,0,13,28,2,24
2,1,14.0,1,2,6,0,8,9,1,5
2,1,14.0,1,2,2,0,9,102,2,5
2,1,14.0,1,2,2,0,10,47,0,5
2,1,15.0,2,4,16,1,14,34,0,1
2,1,15.0,2,4,8,0,0,26,3,1
2,1,25.0,248,3,20,1,11,15,0,13
2,8,5.0,87,4,0,0,0,12,3,24
2,8,6.0,70,5,4,0,13,99,4,23
2,8,15.0,73,3,15,1,6,116,4,1
2,8,15.0,73,3,20,1,2,86,1,1
2,8,15.0,73,3,9,2,2,92,3,1
2,8,16.0,74,0,17,0,1,11,3,2
2,8,16.0,74,0,5,0,1,59,0,2
2,8,15.0,73,3,12,0,5,6,0,1
2,8,15.0,73,3,12,0,8,9,4,1
2,8,17.0,75,1,6,0,15,31,1,6
2,8,17.0,75,1,6,0,13,28,1,6
2,8,17.0,75,1,21,0,0,85,1,6
2,8,16.0,74,0,18,1,11,8,1,2
2,8,17.0,75,1,4,0,0,15,0,6
3,4,9.0,18,4,14,2,2,2,0,12
3,8,27.0,78,6,15,3,5,6,0,15
2,1,13.0,183,1,17,2,12,61,3,25
3,2,10.0,28,0,15,0,13,28,2,4
3,2,10.0,28,0,4,2,1,105,3,4
3,2,20.0,264,4,16,0,1,11,0,29
3,2,20.0,264,4,17,1,2,69,2,29
3,2,10.0,28,0,13,0,9,9,2,4
3,2,20.0,264,4,22,0,6,89,0,29
3,1,26.0,248,1,5,0,10,12,1,3
3,1,26.0,248,1,13,0,1,67,0,3
3,1,26.0,248,1,8,0,9,95,2,3
3,1,26.0,248,1,6,0,11,15,0,3
3,1,25.0,65,0,23,1,0,77,1,13
3,8,17.0,74,2,7,1,0,31,0,6
3,8,17.0,74,2,8,0,7,111,1,6
3,8,26.0,278,5,12,0,4,138,1,3
3,8,26.0,278,5,14,2,2,69,3,3
3,8,27.0,78,6,7,0,16,50,1,15
3,8,27.0,78,6,20,1,13,13,4,15
3,8,27.0,78,6,3,1,9,10,4,15
3,4,3.0,279,5,8,2,11,10,0,27
3,10,4.0,356,5,11,0,7,111,2,30
3,1,23.0,69,6,12,0,14,24,2,17
3,1,23.0,69,6,23,0,10,43,1,17
3,4,6.0,176,0,4,1,14,32,1,23
0,0,25.0,281,0,4,1,12,56,4,13
2,5,1.0,307,2,14,1,11,15,4,7
2,5,26.0,328,3,15,0,13,99,2,3
2,1,14.0,1,2,19,0,11,133,0,5
2,6,24.0,39,0,23,1,9,27,0,14
3,8,16.0,73,1,18,0,4,79,3,2
3,1,25.0,65,0,20,0,15,46,2,13
3,1,8.0,62,5,21,0,9,87,1,8
3,1,26.0,248,1,13,2,6,7,0,3
3,2,10.0,28,0,8,0,4,82,2,4
2,6,11.0,162,1,19,1,3,30,4,9
2,5,30.0,196,4,17,3,6,7,2,19
2,10,6.0,243,6,5,0,9,95,3,23
2,5,14.0,200,1,2,0,2,86,1,5
3,1,8.0,62,5,0,1,2,2,0,8
3,1,26.0,248,1,8,0,3,44,0,3
2,5,21.0,163,1,18,0,2,13,1,21
3,2,10.0,28,0,4,0,6,73,3,4
1,11,1.0,222,6,17,0,8,118,1,7
2,10,6.0,243,6,5,1,3,70,4,23
2,6,12.0,317,2,18,3,7,122,3,28
2,1,14.0,1,2,3,0,4,75,4,5
2,6,4.0,342,1,8,0,3,76,1,30
2,3,7.0,148,3,1,0,13,69,3,11
2,5,21.0,163,1,4,0,10,47,0,21
3,2,10.0,28,0,18,0,10,22,1,4
2,10,16.0,256,1,4,0,16,39,0,2
2,10,6.0,243,6,14,0,8,9,1,23
2,8,20.0,46,5,13,3,0,12,1,29
2,1,15.0,2,4,12,0,13,29,4,1
2,3,12.0,210,5,17,0,14,24,2,28
2,10,16.0,256,1,14,0,7,137,1,2
3,11,3.0,288,5,13,3,11,15,1,27
3,2,20.0,264,4,10,1,2,69,0,29
2,5,29.0,294,2,13,0,9,49,2,16
2,6,4.0,342,1,12,2,12,80,3,30
2,10,6.0,243,6,9,0,5,12,2,23
3,4,9.0,18,4,18,0,9,9,4,12
2,6,13.0,173,4,18,1,11,55,4,25
2,3,12.0,210,5,5,0,9,54,3,28
2,10,21.0,314,3,22,0,15,39,0,21
3,9,28.0,315,5,15,0,6,7,2,18
2,10,21.0,314,3,3,0,5,12,3,21
3,2,20.0,264,4,23,1,13,28,0,29
2,5,30.0,196,4,12,0,6,89,4,19
2,6,6.0,169,4,15,0,8,27,4,23
3,7,5.0,204,2,4,0,11,98,4,24
2,10,21.0,314,3,14,0,0,53,2,21
3,1,10.0,17,3,17,1,10,22,1,4
2,6,6.0,169,4,1,0,15,31,1,23
2,10,23.0,261,1,1,0,0,77,3,17
2,8,17.0,75,1,9,2,4,5,2,6
3,2,25.0,233,1,16,2,15,114,3,13
2,6,6.0,169,4,4,0,1,16,0,23
2,10,23.0,261,1,14,0,1,67,1,17
2,5,30.0,196,4,17,3,2,2,3,19
3,2,25.0,233,1,15,0,13,38,4,13
2,6,8.0,236,6,23,0,13,28,1,8
2,9,21.0,362,2,2,0,13,38,1,21
2,9,20.0,119,1,16,0,0,15,3,29
2,6,4.0,342,1,0,0,2,71,4,30
3,1,2.0,171,6,8,0,1,81,2,22
2,6,8.0,236,6,16,1,0,53,0,8
2,6,8.0,236,6,4,1,0,64,0,8
3,2,25.0,233,1,13,1,12,56,1,13
2,6,8.0,236,6,13,0,1,11,0,8
3,1,8.0,62,5,11,0,5,6,2,8
2,6,8.0,236,6,19,0,2,2,0,8
3,2,25.0,233,1,14,0,13,21,0,13
2,6,14.0,49,5,15,0,2,2,0,5
2,6,8.0,236,6,9,0,8,9,1,8
3,1,10.0,17,3,23,0,8,27,0,4
2,8,15.0,73,3,8,0,12,100,4,1
3,2,25.0,233,1,18,0,5,12,3,13
2,6,14.0,49,5,1,0,7,137,3,5
2,6,14.0,49,5,17,1,11,133,4,5
3,1,8.0,62,5,5,1,13,36,1,8
3,0,3.0,334,2,0,0,13,38,4,27
2,6,14.0,49,5,0,1,5,12,0,5
2,6,14.0,49,5,2,1,4,4,4,5
3,1,10.0,17,3,4,2,3,76,0,4
2,4,8.0,18,1,20,0,13,28,4,8
3,0,3.0,334,2,14,0,9,93,1,27
3,0,9.0,48,1,16,0,1,1,3,12
3,4,1.0,144,2,17,0,2,13,1,7
2,1,25.0,248,3,13,1,11,55,4,13
2,1,25.0,248,3,2,2,12,17,3,13
2,8,5.0,87,4,7,1,8,19,0,24
2,8,5.0,87,4,23,0,13,36,4,24
2,8,5.0,87,4,15,0,0,53,3,24
2,8,5.0,87,4,17,1,0,26,0,24
2,8,5.0,87,4,13,1,12,17,4,24
2,8,5.0,87,4,22,0,1,59,1,24
2,8,5.0,87,4,0,0,9,9,3,24
2,8,5.0,87,4,4,0,0,0,1,24
2,8,5.0,87,4,8,0,5,64,3,24
2,8,5.0,87,4,12,0,8,65,0,24
2,8,6.0,70,5,22,0,16,50,1,23
2,8,15.0,73,3,23,1,15,31,1,1
2,8,15.0,73,3,22,1,2,86,1,1
2,8,15.0,73,3,11,0,14,32,3,1
2,8,15.0,73,3,4,0,10,22,0,1
2,8,15.0,73,3,8,1,9,95,4,1
2,8,15.0,73,3,3,1,12,80,1,1
2,8,16.0,74,0,5,0,6,7,2,2
2,8,15.0,73,3,19,1,12,61,1,1
2,8,16.0,74,0,9,0,6,7,4,2
2,8,17.0,75,1,6,0,9,101,0,6
3,0,9.0,48,1,8,0,3,115,1,12
3,0,11.0,10,4,23,1,2,40,4,9
3,0,11.0,10,4,3,0,13,48,0,9
3,0,11.0,10,4,4,2,4,45,0,9
3,0,11.0,10,4,9,2,12,104,3,9
3,4,27.0,274,0,11,1,3,70,4,15
3,4,27.0,274,0,9,0,14,24,3,15
3,2,1.0,16,6,6,0,0,53,3,7
3,2,1.0,16,6,11,0,12,61,1,7
3,2,1.0,16,6,15,0,4,138,2,7
3,4,27.0,274,0,17,1,6,7,0,15
3,2,1.0,16,6,21,1,2,2,4,7
3,4,27.0,274,0,12,0,3,30,3,15
3,2,10.0,28,0,15,0,8,41,1,4
3,2,10.0,28,0,2,0,14,25,3,4
3,2,20.0,264,4,3,0,5,6,1,29
3,2,20.0,264,4,2,0,5,6,3,29
3,0,3.0,334,2,7,0,8,27,1,27
3,0,3.0,334,2,19,0,10,52,3,27
3,0,3.0,334,2,9,0,15,112,1,27
2,8,17.0,75,1,19,2,13,121,2,6
2,8,17.0,75,1,9,1,2,86,0,6
2,1,14.0,1,2,4,0,6,89,3,5
2,4,8.0,18,1,0,0,2,92,1,8
2,4,8.0,18,1,11,0,0,85,1,8
2,4,8.0,18,1,17,1,14,88,4,8
2,4,9.0,79,2,7,0,10,47,2,12
2,8,6.0,70,5,12,0,8,65,0,23
2,8,15.0,73,3,15,0,3,76,1,1
2,8,15.0,73,3,13,0,15,51,2,1
2,8,15.0,73,3,12,1,2,86,1,1
2,8,15.0,73,3,20,1,2,86,1,1
2,8,15.0,73,3,1,0,8,27,3,1
2,8,16.0,74,0,15,3,3,76,0,2
2,8,16.0,74,0,18,2,14,25,3,2
2,8,16.0,74,0,3,3,9,27,3,2
2,8,16.0,74,0,22,1,3,79,1,2
2,4,8.0,18,1,20,0,5,6,0,8
2,4,8.0,18,1,21,1,15,85,0,8
2,4,8.0,18,1,4,0,15,31,4,8
3,0,9.0,48,1,15,0,4,127,3,12
3,0,9.0,48,1,22,0,14,126,1,12
3,0,9.0,48,1,4,0,8,19,3,12
2,10,14.0,60,3,11,0,7,111,1,5
2,8,14.0,72,6,0,1,15,114,1,5
2,8,7.0,76,6,2,0,0,15,2,11
2,4,15.0,25,1,23,0,16,72,3,1
3,2,25.0,233,1,22,0,10,52,1,13
3,2,25.0,233,1,19,0,5,64,2,13
3,2,25.0,233,1,8,0,15,112,1,13
3,2,25.0,233,1,17,1,7,122,0,13
3,0,9.0,48,1,6,0,13,21,3,12
3,0,9.0,48,1,2,0,2,35,4,12
3,1,10.0,17,3,12,0,5,6,0,4
2,4,8.0,18,1,13,0,12,17,4,8
3,1,19.0,29,1,21,2,6,7,3,10
2,6,22.0,84,6,23,0,13,29,2,26
2,4,9.0,79,2,6,2,10,22,0,12
2,4,9.0,79,2,6,0,5,12,3,12
3,0,2.0,47,1,12,1,8,27,1,22
2,1,25.0,248,3,8,0,10,23,1,13
2,1,25.0,248,3,1,2,9,93,0,13
2,8,5.0,87,4,5,0,1,59,1,24
2,8,5.0,87,4,0,1,1,35,0,24
2,8,5.0,87,4,18,0,2,2,4,24
2,8,5.0,87,4,17,1,13,99,2,24
2,8,6.0,70,5,3,2,3,103,3,23
2,8,6.0,70,5,14,0,8,27,0,23
2,8,6.0,70,5,9,0,0,77,1,23
2,8,15.0,73,3,19,0,8,118,4,1
2,8,16.0,74,0,21,1,2,86,1,2
2,8,16.0,74,0,19,0,13,28,4,2
2,8,16.0,74,0,12,0,8,41,1,2
2,8,16.0,74,0,18,0,13,21,3,2
2,8,17.0,75,1,1,0,0,77,1,6
2,4,8.0,18,1,8,0,0,64,3,8
2,6,8.0,236,6,18,0,14,24,1,8
2,4,8.0,18,1,17,1,3,44,2,8
2,4,9.0,79,2,9,0,2,92,1,12
2,4,9.0,79,2,4,0,4,4,1,12
2,4,25.0,80,5,8,1,3,30,1,13
2,4,25.0,80,5,1,0,7,78,3,13
2,4,31.0,16,4,17,0,15,85,1,20
2,4,31.0,16,4,22,0,14,24,1,20
2,5,21.0,163,1,2,3,0,64,0,21
2,5,29.0,294,2,0,2,0,64,3,16
2,5,29.0,294,2,13,0,15,46,3,16
2,5,29.0,294,2,8,0,5,12,0,16
2,5,29.0,294,2,0,2,10,6,3,16
2,5,29.0,294,2,18,0,14,106,3,16
2,5,30.0,196,4,3,0,2,3,2,19
2,6,4.0,342,1,17,1,4,5,4,30
2,6,4.0,342,1,15,0,9,101,1,30
3,4,8.0,292,2,11,0,16,37,1,8
3,4,8.0,292,2,2,0,2,2,3,8
3,4,9.0,18,4,0,0,10,47,3,12
3,4,9.0,18,4,20,0,5,6,3,12
3,4,8.0,292,2,8,1,12,121,1,8
2,10,14.0,60,3,8,0,13,69,1,5
2,10,15.0,201,0,1,1,10,22,1,1
3,4,17.0,19,5,20,0,10,43,2,6
3,4,17.0,19,5,15,0,7,120,3,6
3,4,17.0,19,5,23,0,9,101,1,6
3,4,17.0,19,5,17,1,14,25,0,6
3,4,17.0,19,5,19,0,13,28,4,6
3,1,26.0,248,1,19,0,9,87,3,3
3,1,19.0,29,1,15,0,14,24,2,10
3,8,17.0,74,2,17,0,6,7,3,6
3,8,17.0,74,2,21,0,2,69,1,6
3,8,17.0,74,2,15,0,0,64,3,6
3,8,17.0,74,2,19,3,14,32,0,6
3,8,17.0,74,2,9,0,14,125,4,6
3,8,26.0,278,5,3,0,13,38,2,3
3,8,26.0,278,5,2,1,0,53,4,3
3,8,27.0,78,6,16,0,5,6,2,15
3,8,27.0,78,6,21,1,3,70,1,15
3,8,27.0,78,6,5,0,13,38,2,15
3,8,26.0,278,5,19,0,14,24,2,3
3,4,3.0,279,5,14,0,13,38,2,27
3,4,3.0,279,5,14,0,6,89,0,27
3,4,8.0,292,2,2,0,1,81,4,8
3,4,9.0,18,4,20,1,5,6,0,12
3,4,8.0,292,2,4,1,9,10,4,8
3,4,9.0,18,4,18,2,14,25,3,12
2,10,15.0,201,0,18,1,12,100,2,1
0,11,1.0,222,3,5,0,12,121,1,7
3,4,17.0,19,5,18,0,13,29,4,6
3,4,27.0,274,0,6,1,9,57,0,15
3,4,27.0,274,0,5,1,15,96,4,15
3,10,16.0,201,2,21,0,0,12,1,2
3,10,16.0,201,2,14,0,4,75,3,2
3,1,2.0,171,6,6,0,9,95,4,22
3,1,2.0,171,6,23,0,16,42,1,22
2,6,22.0,84,6,12,0,9,57,2,26
2,6,22.0,84,6,9,0,16,72,3,26
2,6,22.0,84,6,4,0,4,138,1,26
2,6,23.0,31,3,21,2,13,48,0,17
2,6,24.0,39,0,21,2,10,22,3,14
2,6,22.0,84,6,22,2,5,6,1,26
2,6,6.0,169,4,11,3,2,123,4,23
2,8,15.0,73,3,10,0,8,118,2,1
2,8,15.0,73,3,3,1,2,123,1,1
2,8,15.0,73,3,18,0,1,105,0,1
2,8,15.0,73,3,14,1,3,103,0,1
2,8,15.0,73,3,13,0,4,75,2,1
2,8,16.0,74,0,16,1,3,44,1,2
3,1,8.0,62,5,12,0,11,15,2,8
3,1,8.0,62,5,0,1,1,67,0,8
3,1,8.0,62,5,8,0,1,35,4,8
3,1,8.0,62,5,11,2,5,6,0,8
3,1,8.0,62,5,9,0,10,47,3,8
3,1,10.0,17,3,0,0,10,12,1,4
3,1,10.0,17,3,23,0,2,92,1,4
3,1,10.0,17,3,0,1,1,67,0,4
3,1,10.0,17,3,10,2,10,47,3,4
3,1,10.0,17,3,12,0,2,13,1,4
3,1,8.0,62,5,6,3,0,26,3,8
3,1,19.0,29,1,16,2,6,7,3,10
3,1,19.0,29,1,0,0,9,87,0,10
3,1,19.0,29,1,0,1,2,92,0,10
3,1,19.0,29,1,17,1,13,69,2,10
3,1,19.0,29,1,2,3,3,79,0,10
2,5,23.0,58,4,13,0,9,27,2,17
3,1,19.0,29,1,23,0,8,41,3,10
2,3,4.0,324,4,17,0,9,49,1,30
2,5,31.0,158,5,12,3,5,6,0,20
2,8,16.0,74,0,14,0,6,7,3,2
2,8,16.0,74,0,14,2,5,64,3,2
2,8,17.0,75,1,17,1,14,107,0,6
2,8,17.0,75,1,14,2,1,1,4,6
2,4,8.0,18,1,0,0,8,9,3,8
2,4,8.0,18,1,0,2,11,8,3,8
2,4,8.0,18,1,20,0,12,80,2,8
2,4,8.0,18,1,11,1,3,115,1,8
2,4,8.0,18,1,18,0,14,25,1,8
2,4,8.0,18,1,16,0,15,39,2,8
2,4,9.0,79,2,16,0,14,24,1,12
2,4,9.0,79,2,11,0,0,64,0,12
2,4,8.0,18,1,0,0,7,57,4,8
2,4,9.0,79,2,17,0,10,52,1,12
2,4,9.0,79,2,9,0,0,77,3,12
2,6,23.0,31,3,1,0,2,2,4,17
2,6,22.0,84,6,6,3,1,105,0,26
2,6,24.0,39,0,22,0,1,35,3,14
2,6,21.0,185,5,9,0,7,62,3,21
2,6,21.0,185,5,13,0,2,86,2,21
2,6,21.0,185,5,18,0,2,69,1,21
3,1,19.0,29,1,14,1,7,129,1,10
3,1,19.0,29,1,1,1,16,39,4,10
3,1,24.0,64,3,17,1,16,74,2,14
3,1,24.0,64,3,0,0,0,26,3,14
3,1,24.0,64,3,10,0,6,7,1,14
3,1,24.0,64,3,3,0,9,93,0,14
3,1,24.0,64,3,4,1,14,126,4,14
3,1,25.0,65,0,6,0,5,12,1,13
3,1,25.0,65,0,8,0,14,34,3,13
3,1,26.0,248,1,6,0,12,100,3,3
3,1,26.0,248,1,20,0,1,67,4,3
3,1,25.0,65,0,15,0,10,22,1,13
3,4,27.0,274,0,13,1,2,13,1,15
2,6,24.0,39,0,8,0,8,41,2,14
2,6,24.0,39,0,23,0,8,9,0,14
2,3,12.0,210,5,14,0,9,93,4,28
2,6,24.0,39,0,8,0,9,27,0,14
2,10,16.0,256,1,0,0,0,68,1,2
2,10,6.0,243,6,23,1,10,23,0,23
3,4,9.0,18,4,2,1,9,87,1,12
3,6,1.0,158,3,12,0,8,118,3,7
2,3,13.0,33,6,0,1,15,108,1,25
2,10,16.0,256,1,3,0,14,107,2,2
3,4,17.0,19,5,6,1,13,29,0,6
3,6,1.0,158,3,17,2,16,130,3,7
3,6,1.0,158,3,2,0,16,50,2,7
3,6,1.0,158,3,12,0,1,11,4,7
3,6,9.0,236,0,2,2,5,12,3,12
3,6,9.0,236,0,9,0,11,15,4,12
3,6,25.0,39,2,0,0,0,12,3,13
2,3,12.0,210,5,9,0,13,99,1,28
2,3,13.0,33,6,4,2,0,0,0,25
2,5,7.0,199,1,17,2,15,31,2,11
2,5,7.0,199,1,10,0,10,47,0,11
2,5,7.0,199,1,8,0,8,19,4,11
2,5,13.0,36,0,14,0,2,40,1,25
2,5,14.0,200,1,11,2,12,61,3,5
2,5,14.0,200,1,3,1,9,102,4,5
2,5,21.0,163,1,22,1,1,35,4,21
2,5,29.0,294,2,22,0,3,30,4,16
2,5,29.0,294,2,14,0,1,35,3,16
2,5,30.0,196,4,8,2,10,52,3,19
2,6,4.0,342,1,17,0,16,74,0,30
2,3,7.0,148,3,18,1,4,66,1,11
2,6,4.0,342,1,5,0,4,5,3,30
2,6,4.0,342,1,3,1,14,126,1,30
2,6,4.0,342,1,19,0,13,21,1,30
2,6,6.0,169,4,22,0,0,85,3,23
2,6,6.0,169,4,15,0,9,54,4,23
2,6,8.0,236,6,17,0,10,22,3,8
2,6,8.0,236,6,8,2,9,49,2,8
2,7,20.0,81,2,13,0,11,18,2,29
2,7,20.0,81,2,21,0,8,118,3,29
2,7,20.0,81,2,3,0,6,106,3,29
3,6,24.0,31,1,4,1,14,25,0,14
2,7,20.0,81,2,18,0,16,65,3,29
2,7,21.0,211,4,0,1,2,123,0,21
2,7,21.0,211,4,11,0,7,20,2,21
2,7,23.0,68,6,7,3,14,25,3,17
2,7,23.0,68,6,8,2,2,60,1,17
2,7,23.0,68,6,4,0,14,131,1,17
2,7,23.0,68,6,12,2,9,63,0,17
2,7,23.0,68,6,18,0,9,102,3,17
2,7,23.0,68,6,6,0,3,103,3,17
2,7,29.0,42,5,0,0,5,6,0,16
2,7,24.0,41,3,3,2,8,9,3,14
2,7,29.0,42,5,19,0,15,31,2,16
2,7,29.0,42,5,14,0,7,137,1,16
2,7,29.0,42,5,19,2,13,48,3,16
2,7,29.0,42,5,9,0,9,87,2,16
2,7,31.0,180,3,7,0,15,46,1,20
2,7,31.0,180,3,20,0,13,29,4,20
3,6,25.0,39,2,20,0,13,79,2,13
3,6,25.0,39,2,14,0,13,29,4,13
3,6,25.0,39,2,1,0,4,45,4,13
3,6,26.0,348,4,0,1,1,67,0,3
3,6,26.0,348,4,4,0,10,22,3,3
3,6,27.0,116,5,6,0,8,65,1,15
3,10,1.0,208,1,0,0,2,40,4,7
3,10,1.0,208,1,7,0,9,134,1,7
3,10,1.0,208,1,3,0,8,9,3,7
3,10,1.0,208,1,8,0,11,117,3,7
3,10,8.0,213,1,21,0,14,25,3,8
3,10,16.0,201,2,6,0,13,38,4,2
3,10,16.0,201,2,16,1,12,100,0,2
3,10,16.0,201,2,0,1,6,7,0,2
3,10,16.0,201,2,0,0,0,77,0,2
3,10,16.0,201,2,21,1,0,15,0,2
3,10,16.0,201,2,5,0,4,79,2,2
3,10,16.0,201,2,4,1,10,47,1,2
3,1,2.0,171,6,6,1,9,57,0,22
3,1,2.0,171,6,13,0,6,89,1,22
2,7,31.0,180,3,6,1,7,137,1,20
2,7,31.0,180,3,15,0,13,38,2,20
2,7,31.0,180,3,22,0,8,118,1,20
2,6,24.0,39,0,6,2,8,9,3,14
2,6,23.0,31,3,11,1,9,93,1,17
2,6,24.0,39,0,8,0,8,9,2,14
2,10,6.0,243,6,15,0,12,61,1,23
2,10,6.0,243,6,14,0,2,92,1,23
2,10,6.0,243,6,9,1,13,38,0,23
2,10,16.0,256,1,17,2,12,84,3,2
2,10,16.0,256,1,16,0,0,26,1,2
2,10,16.0,256,1,13,0,16,74,1,2
2,10,16.0,256,1,13,0,2,2,4,2
2,10,16.0,256,1,0,1,15,114,0,2
2,10,16.0,256,1,19,0,5,6,2,2
3,4,17.0,19,5,2,0,10,47,0,6
3,1,19.0,29,1,8,0,6,89,3,10
2,10,16.0,256,1,9,0,13,29,1,2
2,3,13.0,33,6,7,1,10,47,0,25
3,1,19.0,29,1,14,1,16,50,1,10
2,3,13.0,33,6,6,1,13,123,0,25
2,3,13.0,33,6,13,0,3,79,3,25
2,10,16.0,256,1,9,0,9,95,3,2
2,3,13.0,33,6,18,2,16,37,0,25
2,5,7.0,199,1,6,1,7,54,0,11
3,4,17.0,19,5,14,1,9,83,4,6
2,10,16.0,256,1,15,1,0,77,1,2
2,5,7.0,199,1,14,0,14,24,1,11
3,1,25.0,65,0,1,0,13,48,0,13
2,5,7.0,199,1,19,0,11,133,3,11
3,4,27.0,274,0,21,0,8,9,3,15
2,10,16.0,256,1,1,0,8,9,3,2
3,1,25.0,65,0,18,0,0,31,2,13
2,5,13.0,36,0,3,2,16,50,3,25
2,5,13.0,36,0,19,0,2,71,4,25
2,5,13.0,36,0,22,1,16,39,4,25
2,5,13.0,36,0,9,0,2,92,1,25
2,5,13.0,36,0,9,2,5,12,2,25
2,5,14.0,200,1,23,0,1,11,2,5
2,5,14.0,200,1,13,0,9,93,4,5
2,5,14.0,200,1,22,0,2,86,4,5
2,5,21.0,163,1,0,3,8,19,0,21
2,6,6.0,169,4,0,0,8,27,3,23
2,6,6.0,169,4,19,1,3,70,1,23
2,6,8.0,236,6,16,1,2,35,4,8
2,6,8.0,236,6,12,0,10,22,3,8
2,6,8.0,236,6,19,0,10,12,4,8
2,6,14.0,49,5,7,1,13,99,0,5
3,4,27.0,274,0,13,2,11,18,0,15
3,1,25.0,65,0,3,1,9,83,4,13
3,1,25.0,65,0,14,1,1,81,4,13
3,1,24.0,64,3,18,0,11,18,3,14
3,8,17.0,74,2,17,1,3,30,4,6
3,8,17.0,74,2,14,0,6,89,0,6
0,1,31.0,305,4,13,0,9,93,1,20
2,6,21.0,185,5,9,0,16,50,3,21
2,6,21.0,185,5,13,0,2,92,1,21
2,9,23.0,167,5,17,3,13,48,1,17
3,8,26.0,278,5,4,0,5,6,0,3
3,8,27.0,78,6,23,0,16,113,3,15
3,8,27.0,78,6,2,0,9,57,0,15
3,4,3.0,279,5,1,0,10,22,3,27
3,4,3.0,279,5,9,0,0,31,3,27
3,4,8.0,292,2,3,0,16,37,1,8
3,4,8.0,292,2,13,0,1,67,3,8
3,4,8.0,292,2,3,0,15,119,4,8
2,6,22.0,84,6,17,0,4,121,4,26
2,6,22.0,84,6,10,0,6,7,1,26
2,6,22.0,84,6,11,0,0,31,0,26
2,6,22.0,84,6,9,0,16,72,3,26
2,6,23.0,31,3,6,0,8,41,3,17
3,7,1.0,98,6,17,0,9,101,4,7
3,8,16.0,73,1,0,3,15,46,4,2
3,4,2.0,141,4,15,0,14,24,2,22
3,4,16.0,25,4,4,0,2,40,3,2
3,8,1.0,66,0,17,0,10,43,4,7
2,6,22.0,84,6,13,0,0,77,3,26
2,6,23.0,31,3,8,2,11,90,3,17
2,10,23.0,261,1,16,0,8,9,0,17
2,10,23.0,261,1,14,1,5,6,1,17
2,1,5.0,97,0,3,0,6,7,1,24
2,9,12.0,177,0,13,3,1,59,4,28
2,1,5.0,97,0,2,1,0,77,1,24
2,1,14.0,1,2,16,1,7,20,1,5
2,1,14.0,1,2,20,0,2,86,1,5
2,1,14.0,1,2,8,0,9,102,2,5
2,1,14.0,1,2,14,0,14,106,3,5
2,1,14.0,1,2,19,0,12,80,3,5
2,1,15.0,2,4,6,1,14,32,1,1
3,2,9.0,21,3,14,1,2,123,0,12
2,1,15.0,2,4,6,0,3,70,1,1
2,1,15.0,2,4,14,0,9,93,3,1
2,1,15.0,2,4,18,0,0,15,2,1
2,1,25.0,248,3,7,0,4,4,1,13
2,1,25.0,248,3,22,0,15,39,2,13
2,8,5.0,87,4,6,1,2,86,1,24
2,8,5.0,87,4,5,0,4,45,3,24
2,8,5.0,87,4,23,0,4,5,1,24
2,8,5.0,87,4,8,3,2,2,0,24
2,8,5.0,87,4,4,0,0,12,3,24
2,8,6.0,70,5,14,0,1,11,0,23
2,8,6.0,70,5,22,1,0,68,4,23
2,1,14.0,1,2,20,0,1,11,4,5
2,10,21.0,314,3,23,0,4,82,3,21
3,4,27.0,274,0,3,0,8,41,2,15
3,1,25.0,65,0,9,0,1,81,4,13
2,9,27.0,179,1,2,1,3,79,0,15
3,8,2.0,77,1,8,1,5,6,0,22
3,3,28.0,187,0,8,0,0,0,2,18
3,1,21.0,45,4,9,1,11,15,0,21
3,8,16.0,73,1,13,1,0,53,2,2
3,1,26.0,248,1,16,0,0,12,3,3
3,4,2.0,141,4,1,1,10,22,0,22
3,4,27.0,274,0,11,0,15,31,3,15
2,6,21.0,185,5,9,1,16,50,1,21
3,4,2.0,141,4,19,0,12,121,4,22
3,4,27.0,274,0,22,0,15,85,4,15
2,5,31.0,158,5,12,0,14,34,1,20
2,6,9.0,149,3,22,0,13,38,2,12
2,10,21.0,314,3,2,0,8,9,3,21
3,4,27.0,274,0,12,0,3,30,3,15
2,1,12.0,207,0,19,0,14,25,4,28
3,1,26.0,248,1,16,0,10,30,0,3
2,1,21.0,164,2,19,1,7,137,1,21
2,10,21.0,314,3,9,2,12,56,3,21
3,4,27.0,274,0,23,1,0,31,1,15
3,2,1.0,16,6,17,2,8,27,0,7
3,2,1.0,16,6,18,0,11,98,4,7
3,2,1.0,16,6,15,1,2,2,4,7
3,2,10.0,28,0,15,2,16,113,0,4
3,2,10.0,28,0,12,0,2,92,0,4
3,2,10.0,28,0,19,1,14,88,4,4
3,2,10.0,28,0,9,2,3,44,3,4
3,2,10.0,28,0,19,1,2,123,4,4
2,1,15.0,2,4,1,0,7,31,3,1
2,1,15.0,2,4,9,2,2,86,3,1
2,10,6.0,243,6,19,0,10,22,2,23
2,1,25.0,248,3,6,0,4,45,3,13
2,1,25.0,248,3,8,0,10,22,3,13
2,1,25.0,248,3,3,0,13,28,2,13
3,2,9.0,21,3,1,0,14,24,2,12
2,1,25.0,248,3,1,0,4,66,2,13
2,1,25.0,248,3,17,0,13,28,2,13
2,1,25.0,248,3,16,1,0,26,1,13
2,8,5.0,87,4,6,0,9,93,1,24
2,8,5.0,87,4,0,0,5,12,1,24
2,8,5.0,87,4,8,0,6,7,1,24
2,8,5.0,87,4,1,0,9,93,1,24
2,8,6.0,70,5,16,0,16,74,1,23
2,8,6.0,70,5,16,0,6,132,1,23
2,8,6.0,70,5,13,0,3,115,1,23
2,8,6.0,70,5,3,0,11,133,3,23
2,8,6.0,70,5,19,0,10,47,3,23
2,8,6.0,70,5,2,1,13,123,4,23
2,8,6.0,70,5,14,2,8,19,0,23
2,8,6.0,70,5,22,0,1,59,1,23
3,8,16.0,73,1,9,0,7,8,1,2
2,10,6.0,243,6,12,3,3,30,3,23
2,10,6.0,243,6,8,1,10,23,1,23
2,10,6.0,243,6,14,0,10,23,3,23
2,10,6.0,243,6,18,0,8,33,3,23
2,10,6.0,243,6,11,0,9,83,1,23
2,10,16.0,256,1,11,1,14,125,4,2
2,10,21.0,314,3,17,0,10,22,1,21
2,10,21.0,314,3,6,1,2,86,0,21
2,10,21.0,314,3,21,1,11,117,0,21
2,10,23.0,261,1,17,0,3,115,4,17
2,10,23.0,261,1,6,0,11,15,3,17
2,10,23.0,261,1,20,0,0,31,1,17
2,10,23.0,261,1,23,1,2,2,4,17
2,10,23.0,261,1,13,0,16,72,4,17
2,1,5.0,97,0,16,0,10,47,1,24
2,1,5.0,97,0,5,0,3,115,2,24
2,1,5.0,97,0,22,1,1,81,4,24
2,1,5.0,97,0,12,0,15,51,1,24
2,1,14.0,1,2,0,0,7,78,3,5
2,1,15.0,2,4,17,0,10,12,3,1
2,1,15.0,2,4,3,2,14,34,3,1
2,1,25.0,248,3,3,0,5,64,0,13
3,2,9.0,21,3,8,0,11,133,2,12
3,0,2.0,47,1,22,0,5,6,2,22
2,6,23.0,31,3,18,1,9,54,4,17
2,10,6.0,243,6,20,0,0,53,4,23
2,10,6.0,243,6,19,0,16,37,1,23
2,10,6.0,243,6,4,2,0,68,2,23
2,10,16.0,256,1,17,0,10,22,1,2
2,10,16.0,256,1,0,2,6,7,1,2
2,10,16.0,256,1,4,0,13,29,3,2
2,10,21.0,314,3,19,0,12,56,3,21
2,10,23.0,261,1,5,0,6,73,0,17
2,10,23.0,261,1,8,0,6,89,3,17
2,10,23.0,261,1,19,0,11,18,1,17
2,1,14.0,1,2,17,0,1,11,1,5
2,1,14.0,1,2,17,0,10,12,3,5
2,1,14.0,1,2,18,1,3,30,4,5
2,1,15.0,2,4,1,2,10,52,3,1
2,1,25.0,248,3,16,0,14,25,0,13
2,8,5.0,87,4,3,0,6,7,3,24
2,1,27.0,300,1,17,1,0,53,4,15
2,10,23.0,261,1,11,0,5,6,0,17
2,2,11.0,128,0,12,1,10,23,1,9
2,2,13.0,231,2,22,1,8,118,1,25
2,9,25.0,344,3,18,0,14,126,3,13
2,7,1.0,160,5,17,1,14,106,1,7
2,7,1.0,160,5,17,0,7,20,4,7
0,1,1.0,203,1,17,0,6,89,4,7
3,8,26.0,278,5,11,0,13,44,3,3
3,1,6.0,97,2,16,0,8,118,1,23
2,5,27.0,259,0,15,1,13,28,4,15
2,10,20.0,341,6,23,0,7,111,0,29
2,10,20.0,341,6,3,3,9,57,0,29
3,4,31.0,67,5,17,0,10,23,1,20
2,8,9.0,71,0,20,0,0,26,1,12
2,4,1.0,141,1,13,1,7,129,1,7
3,5,6.0,277,1,18,3,2,2,3,23
3,5,6.0,277,1,3,1,11,15,4,23
3,5,5.0,96,0,19,0,12,104,1,24
3,5,6.0,277,1,5,0,5,6,3,23
2,7,3.0,186,3,19,1,0,68,4,27
2,9,2.0,323,5,13,3,14,32,4,22
3,10,14.0,174,0,5,1,7,111,1,5
2,5,8.0,206,2,19,3,5,64,0,8
2,5,27.0,259,0,13,0,6,91,2,15
3,4,27.0,274,0,13,0,10,47,3,15
3,4,27.0,274,0,13,1,2,2,4,15
3,4,27.0,274,0,8,0,6,7,1,15
3,4,27.0,274,0,4,0,5,6,0,15
3,4,27.0,274,0,4,1,7,129,4,15
3,4,27.0,274,0,12,2,14,125,2,15
3,4,27.0,274,0,12,1,1,16,4,15
3,2,1.0,16,6,15,0,2,71,4,7
3,2,1.0,16,6,15,0,9,93,4,7
3,2,1.0,16,6,13,0,15,31,4,7
3,2,1.0,16,6,2,0,5,47,2,7
3,2,1.0,16,6,9,1,6,7,4,7
3,2,10.0,28,0,0,1,1,81,0,4
3,2,10.0,28,0,4,0,15,39,1,4
3,2,10.0,28,0,8,2,15,31,0,4
3,2,20.0,264,4,15,0,13,28,2,29
3,2,20.0,264,4,13,0,13,21,3,29
3,2,25.0,233,1,0,0,5,6,1,13
2,1,24.0,65,6,17,1,3,103,0,14
2,8,14.0,72,6,12,3,13,99,3,5
3,2,25.0,233,1,16,0,10,47,3,13
2,10,23.0,261,1,5,1,4,4,4,17
2,10,23.0,261,1,8,0,4,66,0,17
2,10,23.0,261,1,8,2,9,95,3,17
2,10,21.0,314,3,20,2,10,22,3,21
2,1,5.0,97,0,13,0,5,12,3,24
2,1,5.0,97,0,12,0,9,57,0,24
2,1,5.0,97,0,9,0,3,79,4,24
2,1,14.0,1,2,21,0,7,137,3,5
2,1,14.0,1,2,13,0,8,41,0,5
2,1,14.0,1,2,15,0,7,20,1,5
2,1,14.0,1,2,2,0,16,37,1,5
2,1,15.0,2,4,10,0,4,5,3,1
2,1,15.0,2,4,23,0,8,27,2,1
2,1,15.0,2,4,1,0,3,103,0,1
2,1,25.0,248,3,21,0,0,64,3,13
2,1,25.0,248,3,4,0,2,40,1,13
3,2,17.0,6,0,4,1,10,47,0,6
3,2,26.0,3,2,14,0,14,24,0,3
3,2,25.0,233,1,8,0,5,6,0,13
3,2,25.0,233,1,2,0,5,6,0,13
3,4,17.0,19,5,14,0,3,79,1,6
3,4,17.0,19,5,13,0,8,41,1,6
3,4,17.0,19,5,18,0,12,121,3,6
3,4,27.0,274,0,17,0,12,104,1,15
3,2,1.0,16,6,16,0,15,31,3,7
3,2,1.0,16,6,10,0,10,22,1,7
2,9,11.0,52,3,14,1,15,85,0,9
3,5,5.0,96,0,5,1,12,83,4,24
3,5,6.0,277,1,2,0,11,117,1,23
3,1,8.0,62,5,12,0,4,66,2,8
3,1,26.0,248,1,5,0,3,79,1,3
3,1,26.0,248,1,5,0,13,4,3,3
3,1,26.0,248,1,21,1,9,57,2,3
3,8,17.0,74,2,17,0,0,0,3,6
3,8,17.0,74,2,22,0,0,53,3,6
3,8,26.0,278,5,6,2,0,12,3,3
3,8,26.0,278,5,16,0,6,89,3,3
3,8,26.0,278,5,0,0,10,22,1,3
3,1,2.0,171,6,6,1,9,10,0,22
3,1,2.0,171,6,4,2,10,22,1,22
3,6,27.0,116,5,22,1,5,6,0,15
3,1,8.0,62,5,3,0,8,33,4,8
3,1,8.0,62,5,2,0,3,30,3,8
3,1,10.0,17,3,11,1,15,51,1,4
3,1,10.0,17,3,8,0,6,73,1,4
3,1,10.0,17,3,19,3,10,52,3,4
3,1,10.0,17,3,2,3,12,17,1,4
3,1,10.0,17,3,18,0,6,89,1,4
2,5,13.0,36,0,5,0,14,25,1,25
2,5,13.0,36,0,19,0,2,2,3,25
2,5,13.0,36,0,8,0,11,94,3,25
2,5,14.0,200,1,4,0,12,80,2,5
2,5,21.0,163,1,8,0,12,58,2,21
2,5,21.0,163,1,2,0,10,23,2,21
2,5,29.0,294,2,0,2,10,47,3,16
2,5,29.0,294,2,21,0,12,61,1,16
2,5,29.0,294,2,3,0,1,16,3,16
2,5,29.0,294,2,6,2,6,91,3,16
3,1,18.0,82,0,1,1,9,57,1,0
2,5,30.0,196,4,5,0,8,33,3,19
2,5,30.0,196,4,11,0,1,11,2,19
2,5,30.0,196,4,1,2,6,132,3,19
2,5,30.0,196,4,22,1,13,69,1,19
2,5,29.0,294,2,6,0,0,12,0,16
2,6,4.0,342,1,22,0,1,67,3,30
2,6,4.0,342,1,9,2,13,28,1,30
2,6,6.0,169,4,17,1,12,83,4,23
3,1,19.0,29,1,17,1,13,38,2,10
3,1,19.0,29,1,16,2,5,12,3,10
3,1,19.0,29,1,16,0,0,53,3,10
3,1,19.0,29,1,21,0,5,12,0,10
3,1,19.0,29,1,16,1,2,86,0,10
3,1,24.0,64,3,17,0,14,32,1,14
3,1,24.0,64,3,16,2,12,61,3,14
3,1,24.0,64,3,19,1,1,105,0,14
3,1,26.0,248,1,16,0,0,12,3,3
3,8,26.0,278,5,3,0,15,96,0,3
2,10,23.0,261,1,18,0,12,84,4,17
2,1,5.0,97,0,19,0,6,7,3,24
2,1,5.0,97,0,4,0,10,22,1,24
2,1,5.0,97,0,15,1,9,101,4,24
2,1,14.0,1,2,7,0,10,47,3,5
2,1,14.0,1,2,13,0,13,61,4,5
2,1,14.0,1,2,0,1,13,38,4,5
2,6,14.0,49,5,10,0,10,47,3,5
2,6,14.0,49,5,16,1,13,99,0,5
2,6,14.0,49,5,5,0,2,13,3,5
2,6,22.0,84,6,0,2,10,47,0,26
2,6,22.0,84,6,3,0,15,77,2,26
2,6,22.0,84,6,8,0,14,106,2,26
2,6,23.0,31,3,3,0,14,106,3,17
2,6,23.0,31,3,19,1,10,52,1,17
2,6,23.0,31,3,13,2,8,41,2,17
2,6,23.0,31,3,4,1,8,118,1,17
2,6,24.0,39,0,3,1,11,55,4,14
3,8,16.0,73,1,9,0,5,12,3,2
3,8,16.0,73,1,12,0,13,28,3,2
3,4,2.0,141,4,1,3,9,95,4,22
3,4,2.0,141,4,2,0,0,77,1,22
2,10,16.0,256,1,17,0,16,50,3,2
3,8,26.0,278,5,19,1,16,50,0,3
3,8,26.0,278,5,12,2,13,29,2,3
3,8,26.0,278,5,13,1,7,62,4,3
3,8,27.0,78,6,21,2,3,70,0,15
3,8,27.0,78,6,5,1,2,86,1,15
3,8,27.0,78,6,13,0,8,118,0,15
3,8,27.0,78,6,20,0,8,19,0,15
3,8,27.0,78,6,3,3,0,31,1,15
3,4,3.0,279,5,2,0,13,38,2,27
3,4,3.0,279,5,16,1,1,16,4,27
3,4,3.0,279,5,14,0,8,19,4,27
3,4,8.0,292,2,22,0,10,6,3,8
3,4,9.0,18,4,5,0,9,57,1,12
3,4,9.0,18,4,15,0,13,99,3,12
3,4,9.0,18,4,9,0,10,12,3,12
3,4,9.0,18,4,12,0,8,33,3,12
3,4,8.0,292,2,16,3,8,27,3,8
3,4,17.0,19,5,5,2,3,76,0,6
3,4,17.0,19,5,18,0,16,37,4,6
3,4,27.0,274,0,16,0,1,11,4,15
3,4,27.0,274,0,16,0,14,34,4,15
3,4,27.0,274,0,11,0,5,64,0,15
2,10,16.0,256,1,16,2,9,101,3,2
2,10,16.0,256,1,8,0,5,6,2,2
2,10,16.0,256,1,4,1,13,99,4,2
2,10,16.0,256,1,2,1,2,71,4,2
2,10,21.0,314,3,17,0,14,97,1,21
2,10,21.0,314,3,3,0,1,11,4,21
2,10,21.0,314,3,13,0,4,4,4,21
2,10,21.0,314,3,8,1,9,95,4,21
2,10,21.0,314,3,3,1,9,49,4,21
2,10,23.0,261,1,17,1,3,44,0,17
2,10,21.0,314,3,8,2,8,41,3,21
2,3,5.0,303,5,11,0,4,66,2,24
2,3,5.0,303,5,1,2,4,4,3,24
2,3,5.0,303,5,18,1,9,93,0,24
2,3,6.0,289,6,5,0,7,122,2,23
2,3,6.0,289,6,3,0,0,26,2,23
2,3,6.0,289,6,9,2,13,21,3,23
3,1,1.0,203,5,9,0,16,74,0,7
2,6,1.0,352,6,20,0,6,7,4,7
3,1,22.0,164,5,12,1,14,125,4,26
2,5,20.0,351,0,17,3,4,4,1,29
3,8,22.0,354,0,19,1,5,12,0,26
3,8,14.0,296,3,15,1,16,108,2,5
2,8,4.0,101,2,19,1,5,64,1,30
2,2,21.0,209,4,3,0,10,52,3,21
2,11,7.0,253,3,18,0,2,69,2,11
2,11,24.0,194,2,13,1,8,27,1,14
2,9,19.0,234,0,5,0,5,0,1,10
2,9,19.0,234,0,19,0,8,9,1,10
2,9,19.0,234,0,22,1,8,118,4,10
2,7,19.0,266,1,14,1,15,46,1,10
2,3,3.0,285,2,22,0,6,7,0,27
2,5,20.0,351,0,9,2,9,54,3,29
2,5,28.0,24,1,22,1,5,12,0,18
2,6,3.0,159,0,18,0,3,70,4,27
3,0,9.0,48,1,3,0,1,11,1,12
2,2,2.0,282,6,17,0,1,59,1,22
3,8,22.0,354,0,13,3,9,101,4,26
3,3,23.0,57,2,19,1,11,98,4,17
2,1,9.0,17,5,9,0,9,93,0,12
3,4,14.0,345,1,0,0,16,74,4,5
2,0,18.0,13,2,21,0,15,39,3,0
2,0,18.0,13,2,0,0,0,0,0,0
3,2,25.0,233,1,0,0,5,12,1,13
2,0,18.0,13,2,12,0,9,102,1,0
2,0,14.0,190,6,4,0,15,31,2,5
3,11,7.0,253,1,16,0,13,29,3,11
3,11,7.0,253,1,7,1,1,16,0,11
3,11,7.0,253,1,10,2,10,22,1,11
3,11,7.0,253,1,12,2,14,125,2,11
3,11,7.0,253,1,14,1,12,61,4,11
3,11,9.0,311,4,3,0,9,49,1,12
3,11,9.0,311,4,15,1,8,27,1,12
3,11,17.0,110,5,17,0,5,64,3,6
3,11,17.0,110,5,0,1,0,53,0,6
3,11,23.0,232,4,15,1,1,35,4,17
3,11,23.0,232,4,14,0,5,6,0,17
3,11,24.0,194,5,11,3,0,26,1,14
3,11,24.0,194,5,11,1,13,99,4,14
3,11,25.0,88,6,7,1,13,38,0,13
3,11,25.0,88,6,0,1,16,72,0,13
3,3,1.0,180,1,7,0,10,22,1,7
3,3,1.0,180,1,7,0,9,102,1,7
3,3,1.0,180,1,3,2,1,11,3,7
3,3,17.0,54,4,7,0,10,22,1,6
3,3,17.0,54,4,6,1,13,13,0,6
3,3,17.0,54,4,3,1,12,61,4,6
3,3,17.0,54,4,13,0,3,115,4,6
3,3,17.0,54,4,19,0,9,58,0,6
3,3,18.0,165,5,7,1,5,6,0,0
3,3,17.0,54,4,1,1,1,35,0,6
3,3,18.0,165,5,23,1,0,77,0,0
3,3,24.0,357,4,7,0,13,48,1,14
3,3,25.0,347,5,15,0,10,47,1,13
3,3,25.0,347,5,5,0,14,107,0,13
3,3,23.0,57,2,14,1,5,6,0,17
3,3,25.0,347,5,20,1,11,90,1,13
3,5,10.0,155,6,8,0,13,99,3,4
3,5,10.0,155,6,22,2,8,41,3,4
3,5,10.0,155,6,18,0,9,102,0,4
3,5,15.0,200,4,23,1,2,86,0,1
3,5,15.0,200,4,19,0,3,30,1,1
3,5,15.0,200,4,1,0,6,89,1,1
2,0,23.0,55,0,14,1,14,24,0,17
3,11,22.0,250,2,20,0,9,101,1,26
3,11,5.0,240,3,8,1,0,15,1,24
3,2,7.0,153,5,9,0,6,7,3,11
3,2,15.0,130,6,8,0,9,95,2,1
2,8,13.0,296,5,20,0,5,12,2,25
2,4,20.0,339,3,14,1,3,44,4,29
2,2,22.0,230,5,1,1,3,44,2,26
3,7,3.0,269,0,3,0,16,42,2,27
3,3,5.0,324,6,17,0,10,22,1,24
3,11,18.0,332,6,1,0,6,89,4,0
3,3,30.0,304,2,23,0,1,59,1,19
3,3,30.0,304,2,6,0,0,12,0,19
2,6,3.0,159,0,18,1,9,10,4,27
2,6,3.0,159,0,17,1,5,12,1,27
2,6,20.0,193,4,4,1,3,115,2,29
2,5,20.0,351,0,17,1,13,21,4,29
3,2,15.0,130,6,3,3,3,44,2,1
3,5,15.0,200,4,14,0,4,66,3,1
3,0,18.0,0,4,11,0,3,44,0,0
3,11,25.0,88,6,5,0,14,32,1,13
3,11,25.0,88,6,19,3,13,38,0,13
3,11,25.0,88,6,13,0,2,123,3,13
3,11,25.0,88,6,14,2,8,9,3,13
3,9,6.0,51,4,10,0,10,22,1,23
3,9,6.0,51,4,13,1,2,2,4,23
3,9,6.0,51,4,4,0,6,89,3,23
3,9,16.0,107,3,15,0,5,12,1,2
3,9,23.0,167,3,0,0,5,6,1,17
3,9,23.0,167,3,23,0,2,2,1,17
3,9,22.0,92,6,2,0,15,46,2,26
3,3,1.0,180,1,12,0,0,12,3,7
3,7,1.0,98,6,11,0,12,121,1,7
3,0,3.0,334,2,16,2,13,48,3,27
3,10,1.0,208,1,13,0,1,35,4,7
3,3,24.0,357,4,13,0,10,23,1,14
2,8,14.0,72,6,17,0,13,48,1,5
3,11,22.0,250,2,19,1,12,135,1,26
3,0,3.0,334,2,7,0,7,31,1,27
2,0,16.0,12,0,9,1,11,55,0,2
3,3,24.0,357,4,22,2,15,31,3,14
3,0,11.0,10,4,21,0,2,40,1,9
3,0,11.0,10,4,20,3,4,75,0,9
3,0,11.0,10,4,11,0,13,38,1,9
3,0,11.0,10,4,12,0,12,56,0,9
3,0,9.0,48,1,18,0,10,22,3,12
3,0,11.0,10,4,4,0,11,0,3,9
3,0,11.0,10,4,19,0,14,24,1,9
3,0,17.0,12,2,6,0,5,12,3,6
3,0,17.0,12,2,6,0,0,12,3,6
3,0,17.0,12,2,0,0,7,57,0,6
3,0,17.0,12,2,16,0,2,2,0,6
3,0,17.0,12,2,5,0,13,28,1,6
3,0,17.0,12,2,8,0,14,25,3,6
3,0,17.0,12,2,13,1,1,105,4,6
3,0,17.0,12,2,4,2,4,82,3,6
3,0,17.0,12,2,14,0,6,7,3,6
3,0,18.0,0,4,15,0,0,53,3,0
3,6,1.0,158,3,14,3,6,7,1,7
3,1,25.0,65,0,11,1,16,50,0,13
3,1,26.0,248,1,18,0,7,8,1,3
3,0,17.0,12,2,1,1,5,6,0,6
3,1,25.0,65,0,8,0,10,22,0,13
3,8,17.0,74,2,16,0,16,72,3,6
2,10,5.0,242,5,1,0,8,41,1,24
2,10,14.0,60,3,1,1,9,57,0,5
2,6,16.0,244,3,17,1,11,15,1,2
3,8,17.0,74,2,0,0,7,31,4,6
3,8,17.0,74,2,0,2,11,15,3,6
3,8,17.0,74,2,21,1,1,67,0,6
2,11,8.0,283,0,15,0,2,123,4,8
0,11,23.0,232,0,15,0,5,12,0,17
2,9,26.0,267,0,19,3,13,28,3,3
3,1,4.0,286,0,11,0,15,114,2,30
2,6,26.0,116,2,9,0,1,11,0,3
2,2,4.0,127,0,1,1,14,25,0,30
2,2,10.0,297,3,7,0,15,31,1,4
2,0,4.0,122,2,1,1,13,28,0,30
3,7,3.0,269,0,19,1,3,79,0,27
3,3,5.0,324,6,8,1,9,83,4,24
3,3,30.0,304,2,9,0,10,47,0,19
3,5,20.0,214,1,13,0,6,89,4,29
2,9,19.0,234,0,2,1,11,58,4,10
3,5,31.0,196,6,17,1,16,113,1,20
3,5,29.0,24,4,13,0,11,58,4,16
2,7,17.0,154,3,2,0,13,21,2,6
3,1,4.0,286,0,1,0,6,89,1,30
2,5,28.0,24,1,18,0,3,30,3,18
2,6,3.0,159,0,6,1,3,115,1,27
2,4,9.0,79,2,16,0,14,88,4,12
2,4,9.0,79,2,21,0,0,12,3,12
2,4,9.0,79,2,5,0,4,4,1,12
2,4,9.0,79,2,1,0,10,43,1,12
2,4,9.0,79,2,14,2,5,6,0,12
2,4,9.0,79,2,9,0,16,113,1,12
2,4,25.0,80,5,12,0,0,77,1,13
2,4,25.0,80,5,15,0,3,115,0,13
2,4,25.0,80,5,0,2,6,116,0,13
2,4,25.0,80,5,9,1,12,80,0,13
2,4,31.0,16,4,0,0,6,73,1,20
2,4,31.0,16,4,16,1,14,32,0,20
2,4,31.0,16,4,5,2,4,138,0,20
2,4,31.0,16,4,17,0,5,12,0,20
2,4,25.0,80,5,7,0,1,105,0,13
2,4,31.0,16,4,14,2,10,52,3,20
2,4,31.0,16,4,14,2,16,37,3,20
2,2,1.0,143,5,16,0,3,103,1,7
2,2,1.0,143,5,15,2,2,86,0,7
2,2,24.0,233,3,15,2,10,52,0,14
3,8,17.0,74,2,2,0,15,31,3,6
3,8,17.0,74,2,14,0,5,12,1,6
3,8,26.0,278,5,0,0,6,73,1,3
3,8,26.0,278,5,11,0,14,24,4,3
3,8,26.0,278,5,2,2,13,28,3,3
3,8,26.0,278,5,19,2,2,13,3,3
3,8,27.0,78,6,17,0,14,24,3,15
3,8,27.0,78,6,15,1,14,24,4,15
3,8,27.0,78,6,22,0,2,40,1,15
3,8,27.0,78,6,19,0,6,89,1,15
3,4,3.0,279,5,23,0,5,6,3,27
3,4,3.0,279,5,7,1,0,26,0,27
3,4,3.0,279,5,9,0,0,77,1,27
3,0,17.0,12,2,11,0,1,11,4,6
3,0,17.0,12,2,19,2,5,6,3,6
3,0,17.0,12,2,14,1,16,130,0,6
3,0,18.0,0,4,20,0,13,69,2,0
3,7,1.0,98,6,16,0,5,0,2,7
3,7,6.0,93,4,13,0,8,118,2,23
2,2,17.0,7,3,1,0,2,2,3,6
3,0,3.0,334,2,22,0,16,74,1,27
3,0,20.0,172,6,8,0,8,9,2,29
3,3,24.0,357,4,4,2,14,24,0,14
0,10,1.0,208,6,11,0,13,36,4,7
3,7,1.0,98,6,9,0,5,12,1,7
3,7,16.0,40,3,9,1,16,50,0,2
3,9,15.0,226,6,19,1,14,110,0,1
3,0,9.0,48,1,6,0,1,81,4,12
2,2,24.0,233,3,19,0,8,41,3,14
3,7,8.0,94,6,21,1,15,31,0,8
3,3,15.0,35,1,19,1,13,48,0,1
3,0,9.0,48,1,1,1,9,93,4,12
3,3,24.0,357,4,4,0,10,47,3,14
3,9,22.0,92,6,8,0,0,15,2,26
3,0,9.0,48,1,12,0,2,71,4,12
3,3,14.0,33,0,1,0,10,6,3,5
3,7,7.0,293,5,1,3,0,26,3,11
2,2,24.0,233,3,9,2,1,59,1,14
3,3,16.0,263,2,9,1,13,38,0,2
3,0,11.0,10,4,0,1,10,52,0,9
3,3,25.0,347,5,6,1,8,27,0,13
3,7,16.0,40,3,9,1,16,50,0,2
2,2,26.0,136,1,0,0,0,85,1,3
3,7,17.0,95,0,17,0,9,27,0,6
3,3,16.0,263,2,14,1,13,38,0,2
3,0,9.0,48,1,12,0,13,38,2,12
3,5,15.0,200,4,22,3,12,104,2,1
2,0,17.0,0,1,16,0,13,13,1,6
3,11,1.0,222,2,17,0,2,40,4,7
2,2,26.0,136,1,7,2,4,75,1,3
3,7,17.0,95,0,11,0,14,25,1,6
3,0,17.0,12,2,21,1,12,84,1,6
3,0,11.0,10,4,12,0,10,47,2,9
3,5,10.0,155,6,22,3,15,39,0,4
2,0,17.0,0,1,0,0,6,7,0,6
3,9,1.0,126,6,13,0,0,68,2,7
2,7,18.0,330,0,22,0,14,25,1,0
2,4,31.0,16,4,12,0,3,76,4,20
3,0,20.0,172,6,12,0,13,21,2,29
3,0,11.0,10,4,9,0,12,61,4,9
3,5,24.0,58,6,11,0,11,18,3,14
2,0,17.0,0,1,11,0,6,116,1,6
3,9,22.0,92,6,23,0,16,72,3,26
3,10,13.0,346,3,14,1,11,129,4,25
2,3,8.0,44,0,20,0,13,99,2,8
3,1,23.0,69,6,18,0,0,68,3,17
2,0,1.0,47,3,3,0,11,15,2,7
2,0,1.0,47,3,19,0,0,31,2,7
2,0,1.0,47,3,18,0,2,69,4,7
2,0,9.0,129,0,11,0,11,94,2,12
2,0,9.0,129,0,8,0,10,43,3,12
2,0,14.0,190,6,22,0,8,9,0,5
2,0,14.0,190,6,11,0,7,137,4,5
2,0,17.0,0,1,23,0,15,46,3,6
2,0,17.0,0,1,0,2,0,12,1,6
2,0,18.0,13,2,16,0,12,61,1,0
2,0,18.0,13,2,20,1,15,46,1,0
2,0,18.0,13,2,15,1,6,7,0,0
2,0,18.0,13,2,3,0,12,61,1,0
2,0,18.0,13,2,8,0,5,6,3,0
2,0,18.0,13,2,3,0,9,93,3,0
3,11,7.0,253,1,6,0,7,62,1,11
3,11,7.0,253,1,10,2,9,102,3,11
3,11,7.0,253,1,8,0,4,121,0,11
3,0,3.0,334,2,6,1,14,34,0,27
3,0,9.0,48,1,3,0,11,15,2,12
3,0,3.0,334,2,17,1,15,39,1,27
3,0,9.0,48,1,11,1,15,114,1,12
3,0,11.0,10,4,16,0,14,24,3,9
3,0,11.0,10,4,3,0,9,109,2,9
3,0,9.0,48,1,21,0,6,7,2,12
2,8,14.0,72,6,0,2,9,27,3,5
2,2,14.0,130,4,8,3,8,27,4,5
3,0,11.0,10,4,2,0,12,100,1,9
3,0,11.0,10,4,22,0,8,33,2,9
3,0,17.0,12,2,0,0,5,6,1,6
3,0,17.0,12,2,16,1,7,129,1,6
3,0,18.0,0,4,15,0,2,40,2,0
3,0,18.0,0,4,18,0,14,25,3,0
3,0,17.0,12,2,17,0,11,133,2,6
3,0,17.0,12,2,11,0,14,24,2,6
3,0,19.0,13,5,13,0,4,45,2,10
3,0,17.0,12,2,8,0,11,18,0,6
3,0,20.0,172,6,22,0,0,68,3,29
3,2,25.0,233,1,8,0,7,78,4,13
3,0,3.0,334,2,6,0,0,85,0,27
3,0,3.0,334,2,7,0,9,95,4,27
3,11,7.0,253,1,1,0,13,99,4,11
3,11,9.0,311,4,22,0,5,6,0,12
3,11,9.0,311,4,15,0,1,67,2,12
3,11,9.0,311,4,13,1,8,27,1,12
3,11,9.0,311,4,14,0,1,1,1,12
3,11,17.0,110,5,4,0,15,114,1,6
3,11,17.0,110,5,4,2,0,68,3,6
3,11,23.0,232,4,5,0,10,6,3,17
3,11,24.0,194,5,16,2,2,86,1,14
3,11,24.0,194,5,11,0,11,18,2,14
3,11,25.0,88,6,10,0,8,41,4,13
3,11,24.0,194,5,9,0,3,30,1,14
3,11,24.0,194,5,8,0,10,23,2,14
3,11,24.0,194,5,7,1,0,12,0,14
3,11,25.0,88,6,4,0,10,43,1,13
3,11,25.0,88,6,4,0,1,11,2,13
3,9,6.0,51,4,10,0,11,133,3,23
3,9,6.0,51,4,11,0,5,6,2,23
3,9,6.0,51,4,13,0,2,92,1,23
3,9,6.0,51,4,22,0,13,48,1,23
3,0,3.0,334,2,3,0,9,57,3,27
3,0,9.0,48,1,0,1,4,136,0,12
3,0,9.0,48,1,1,1,2,86,1,12
3,0,9.0,48,1,1,0,13,38,0,12
3,0,11.0,10,4,0,1,3,30,4,9
3,0,11.0,10,4,22,0,1,35,2,9
3,0,9.0,48,1,20,2,15,119,2,12
3,0,9.0,48,1,12,3,9,57,0,12
3,0,17.0,12,2,22,0,0,31,2,6
3,0,17.0,12,2,13,0,10,22,2,6
3,0,17.0,12,2,19,2,4,75,3,6
3,0,17.0,12,2,4,0,0,85,0,6
3,0,18.0,0,4,17,0,15,108,3,0
3,0,18.0,0,4,10,0,13,29,1,0
3,0,18.0,0,4,7,1,2,92,0,0
3,0,17.0,12,2,1,1,5,6,0,6
3,0,18.0,0,4,5,0,9,101,2,0
3,0,18.0,0,4,4,0,12,80,3,0
3,0,18.0,0,4,19,2,15,96,3,0
3,0,17.0,12,2,0,0,0,12,3,6
3,11,7.0,253,1,6,0,10,22,3,11
3,0,18.0,0,4,4,1,1,16,4,0
3,0,19.0,13,5,4,2,1,35,3,10
3,11,7.0,253,1,21,0,3,70,1,11
2,2,26.0,136,1,22,2,5,6,0,3
3,0,18.0,0,4,8,1,13,123,4,0
3,0,19.0,13,5,15,1,11,55,4,10
3,7,17.0,95,0,1,2,14,25,0,6
3,6,8.0,59,3,15,0,3,44,2,8
3,11,7.0,253,1,12,1,8,27,0,11
2,2,26.0,136,1,19,1,1,67,4,3
2,4,31.0,16,4,4,0,10,22,3,20
3,0,18.0,0,4,1,1,4,5,1,0
3,0,20.0,172,6,8,0,10,12,3,29
3,6,8.0,59,3,13,0,1,105,3,8
3,6,10.0,149,1,0,0,15,46,1,4
3,6,10.0,149,1,23,0,3,79,3,4
3,6,10.0,149,1,3,0,0,0,1,4
3,6,24.0,31,1,3,0,1,67,0,14
3,6,24.0,31,1,4,0,3,44,3,14
3,10,2.0,358,2,16,1,13,36,1,22
3,10,2.0,358,2,0,0,8,33,1,22
3,5,17.0,212,6,23,1,9,54,1,6
3,5,17.0,212,6,4,0,16,72,1,6
3,5,24.0,58,6,13,0,3,79,0,14
3,5,24.0,58,6,13,0,10,22,0,14
3,5,24.0,58,6,20,1,8,118,1,14
3,5,25.0,350,3,12,2,8,41,3,13
3,5,25.0,350,3,8,0,13,29,1,13
3,6,8.0,59,3,16,0,2,86,1,8
3,6,8.0,59,3,21,1,2,86,1,8
3,5,23.0,168,5,11,0,13,99,2,17
3,6,10.0,149,1,17,2,10,22,3,4
3,6,10.0,149,1,8,0,0,53,1,4
3,6,24.0,31,1,12,0,1,35,4,14
3,10,2.0,358,2,17,0,9,134,3,22
3,10,2.0,358,2,16,2,3,30,3,22
3,5,23.0,168,5,1,0,14,97,1,17
3,10,10.0,245,4,22,0,13,38,2,4
3,10,9.0,150,2,9,0,0,12,1,12
3,10,10.0,245,4,18,0,13,28,4,4
3,10,10.0,245,4,23,1,5,6,0,4
3,6,24.0,31,1,16,0,0,12,3,14
3,6,24.0,31,1,21,1,9,102,0,14
3,6,24.0,31,1,7,1,0,77,1,14
3,6,24.0,31,1,2,2,13,36,3,14
3,10,2.0,358,2,16,0,5,12,0,22
3,10,2.0,358,2,10,0,16,42,3,22
3,10,2.0,358,2,20,1,12,135,4,22
3,10,2.0,358,2,9,0,3,30,0,22
3,10,2.0,358,2,18,0,15,51,1,22
3,10,2.0,358,2,14,0,8,9,2,22
3,10,2.0,358,2,9,0,15,85,1,22
3,10,9.0,150,2,7,1,8,41,4,12
3,10,9.0,150,2,0,1,2,13,0,12
3,10,9.0,150,2,17,1,0,15,4,12
3,10,9.0,150,2,14,0,1,81,4,12
3,10,10.0,245,4,22,0,15,119,4,4
2,10,13.0,174,6,1,1,2,2,0,25
2,1,6.0,32,1,1,0,16,37,4,23
2,1,6.0,32,1,8,3,1,105,0,23
2,11,30.0,170,1,14,1,4,127,4,19
3,10,10.0,245,4,3,0,13,38,2,4
2,4,31.0,16,4,14,0,4,4,4,20
2,4,31.0,16,4,4,2,1,67,4,20
2,2,1.0,143,5,6,0,8,65,1,7
2,2,1.0,143,5,0,1,5,64,0,7
2,4,31.0,16,4,18,0,2,2,4,20
2,2,1.0,143,5,19,2,13,28,3,7
2,2,1.0,143,5,18,0,16,50,0,7
2,2,16.0,6,6,17,0,4,82,3,2
2,2,16.0,6,6,18,0,14,32,1,2
2,2,24.0,233,3,12,0,12,61,1,14
2,2,24.0,233,3,1,0,4,79,3,14
2,2,24.0,233,3,19,1,12,17,4,14
2,2,26.0,136,1,21,0,0,77,1,3
2,2,16.0,6,6,7,0,9,101,2,2
2,0,1.0,47,3,0,0,2,86,1,7
2,0,1.0,47,3,1,0,8,27,1,7
2,0,1.0,47,3,18,0,13,29,4,7
2,0,9.0,129,0,14,0,2,2,1,12
2,0,14.0,190,6,13,0,2,92,2,5
2,0,14.0,190,6,8,0,9,93,1,5
2,0,14.0,190,6,1,0,8,19,0,5
2,0,9.0,129,0,13,0,6,116,2,12
3,9,15.0,226,6,8,1,3,44,0,1
3,9,15.0,226,6,12,0,2,92,1,1
2,2,26.0,136,1,9,1,7,122,4,3
3,7,17.0,95,0,18,0,10,47,0,6
3,0,18.0,0,4,14,1,12,80,4,0
3,0,17.0,12,2,1,1,5,6,0,6
3,0,17.0,12,2,22,0,5,6,3,6
3,11,7.0,253,1,1,0,1,67,2,11
3,0,17.0,12,2,1,1,5,6,0,6
2,4,31.0,16,4,4,0,12,84,1,20
2,0,1.0,47,3,2,0,4,75,2,7
2,2,1.0,143,5,21,1,4,45,4,7
3,7,23.0,202,3,17,0,10,47,3,17
3,0,20.0,172,6,1,0,11,117,1,29
3,11,7.0,253,1,2,1,1,35,4,11
3,0,19.0,13,5,22,0,8,19,0,10
3,11,9.0,311,4,15,0,16,50,2,12
2,0,1.0,47,3,8,0,5,6,0,7
2,4,31.0,16,4,1,2,1,35,3,20
3,7,23.0,202,3,22,0,9,102,2,17
3,0,19.0,13,5,18,0,4,4,1,10
3,11,9.0,311,4,14,0,2,2,1,12
2,0,1.0,47,3,19,2,12,100,3,7
2,2,16.0,6,6,16,0,10,22,2,2
3,7,23.0,202,3,5,0,2,86,1,17
3,0,19.0,13,5,1,2,3,115,0,10
2,4,15.0,25,1,17,3,5,6,1,1
2,0,9.0,129,0,0,1,11,117,0,12
2,2,16.0,6,6,16,1,4,79,0,2
3,3,1.0,180,1,0,2,6,89,3,7
2,2,15.0,220,5,14,1,11,15,0,1
2,2,25.0,3,0,19,1,14,32,4,13
3,0,9.0,48,1,1,2,10,22,3,12
3,11,22.0,250,2,18,0,16,108,4,26
2,3,29.0,304,0,12,2,16,37,3,16
0,0,15.0,190,5,11,1,14,24,1,1
1,0,27.0,23,1,17,3,11,133,4,15
2,7,30.0,43,6,19,1,5,12,0,19
2,5,5.0,277,3,19,1,9,57,4,24
2,6,15.0,38,6,9,0,5,6,1,1
2,6,15.0,38,6,18,0,7,137,1,1
2,6,15.0,38,6,22,0,9,93,1,1
2,6,15.0,38,6,14,1,13,28,0,1
3,3,1.0,180,1,1,0,8,41,1,7
3,3,18.0,165,5,19,1,14,88,4,0
3,3,23.0,57,2,16,1,14,25,0,17
3,3,23.0,57,2,8,0,3,44,2,17
3,3,23.0,57,2,14,2,2,69,3,17
3,3,24.0,357,4,17,0,10,6,0,14
3,3,24.0,357,4,6,1,6,116,0,14
3,3,24.0,357,4,14,0,8,118,3,14
3,3,25.0,347,5,23,0,1,11,4,13
3,3,24.0,357,4,3,0,15,114,2,14
3,3,25.0,347,5,3,2,16,74,0,13
3,3,25.0,347,5,14,0,1,1,4,13
3,3,24.0,357,4,23,1,9,10,4,14
3,5,10.0,155,6,13,0,13,29,3,4
3,5,10.0,155,6,4,0,16,74,1,4
3,5,15.0,200,4,2,2,8,9,3,1
3,5,15.0,200,4,15,1,8,27,4,1
2,4,9.0,79,2,20,0,10,22,2,12
2,4,9.0,79,2,13,0,8,19,0,12
2,4,9.0,79,2,12,0,16,50,4,12
2,4,9.0,79,2,9,0,8,27,0,12
2,4,25.0,80,5,22,0,12,84,1,13
3,0,11.0,10,4,1,1,16,74,0,9
2,4,25.0,80,5,4,2,4,127,0,13
2,4,25.0,80,5,13,1,10,12,1,13
2,4,31.0,16,4,17,2,6,7,3,20
3,0,12.0,113,5,13,3,16,113,3,28
2,4,31.0,16,4,9,2,2,2,3,20
2,2,1.0,143,5,12,0,5,6,0,7
2,2,16.0,6,6,17,1,10,22,0,2
2,2,16.0,6,6,22,0,5,6,3,2
2,2,16.0,6,6,12,2,16,113,4,2
2,2,24.0,233,3,15,2,10,52,0,14
2,2,24.0,233,3,18,0,8,19,3,14
2,2,26.0,136,1,5,1,8,19,2,3
2,2,26.0,136,1,8,0,0,68,1,3
2,2,26.0,136,1,19,0,14,32,1,3
2,0,1.0,47,3,0,1,10,47,0,7
2,0,1.0,47,3,3,0,9,49,1,7
2,0,1.0,47,3,1,0,2,2,1,7
2,0,1.0,47,3,23,1,13,38,1,7
2,0,9.0,129,0,7,1,9,10,0,12
2,0,9.0,129,0,3,0,13,28,2,12
2,0,9.0,129,0,12,0,16,50,1,12
2,0,9.0,129,0,18,2,2,86,2,12
2,0,14.0,190,6,19,0,4,45,4,5
3,8,23.0,102,1,1,0,14,32,4,17
3,4,6.0,176,0,18,0,9,102,1,23
3,4,7.0,133,1,7,1,0,26,0,11
3,4,30.0,139,4,13,3,6,7,2,19
3,4,5.0,235,3,17,3,12,17,4,24
2,4,4.0,235,5,12,0,10,22,3,30
2,0,22.0,237,3,17,1,11,58,4,26
2,10,29.0,157,0,8,3,9,102,0,16
2,3,17.0,165,2,2,0,2,86,4,6
2,0,22.0,237,3,9,1,3,76,0,26
2,0,22.0,237,3,12,1,2,2,1,26
3,7,13.0,238,4,21,1,11,124,4,25
2,11,19.0,321,5,15,0,0,53,2,10
3,5,11.0,326,3,4,1,10,22,1,9
3,6,22.0,185,3,8,0,3,44,2,26
2,2,14.0,130,4,5,1,15,51,1,5
2,2,23.0,22,6,23,1,14,32,1,17
2,2,23.0,22,6,12,3,1,35,0,17
2,3,15.0,263,0,3,1,8,19,0,1
2,2,16.0,6,6,5,0,13,99,2,2
2,0,14.0,190,6,8,0,14,32,3,5
3,3,1.0,180,1,22,0,4,5,3,7
3,9,6.0,51,4,12,0,12,56,3,23
3,9,6.0,51,4,14,0,1,1,1,23
3,11,9.0,311,4,20,1,11,8,1,12
2,0,18.0,13,2,12,0,1,11,4,0
2,2,16.0,6,6,3,2,10,22,3,2
3,3,1.0,180,1,2,1,0,68,1,7
3,9,16.0,107,3,17,1,1,67,0,2
3,11,17.0,110,5,4,0,13,28,0,6
2,0,18.0,13,2,7,0,5,6,1,0
2,2,16.0,6,6,4,1,10,47,1,2
3,3,1.0,180,1,21,1,5,12,1,7
3,3,1.0,180,1,14,0,13,69,4,7
3,3,18.0,165,5,16,0,0,64,3,0
3,3,18.0,165,5,5,1,9,102,4,0
3,3,23.0,57,2,20,0,11,18,1,17
3,3,23.0,57,2,17,1,7,57,4,17
3,3,25.0,347,5,0,0,8,9,0,13
3,3,25.0,347,5,22,0,13,99,0,13
3,3,25.0,347,5,12,2,7,20,3,13
3,3,23.0,57,2,16,0,0,12,3,17
3,5,10.0,155,6,21,1,6,14,0,4
3,5,10.0,155,6,12,2,7,120,0,4
3,3,16.0,263,2,7,1,16,50,4,2
3,5,7.0,349,2,2,0,13,21,1,11
3,5,10.0,155,6,18,2,15,39,3,4
3,5,10.0,155,6,18,0,11,117,1,4
3,5,15.0,200,4,3,0,6,7,2,1
3,5,15.0,200,4,15,1,10,23,1,1
3,5,15.0,200,4,3,0,5,6,0,1
3,5,15.0,200,4,15,0,1,11,4,1
3,5,17.0,212,6,6,1,8,19,4,6
3,5,17.0,212,6,17,1,9,134,0,6
3,5,17.0,212,6,22,2,15,114,2,6
3,7,7.0,293,5,13,0,14,106,3,11
3,7,7.0,293,5,22,1,2,92,1,11
3,7,7.0,293,5,9,0,6,116,1,11
3,7,7.0,293,5,9,2,4,82,3,11
3,7,8.0,94,6,7,0,13,36,1,8
3,7,8.0,94,6,5,1,15,39,0,8
3,7,8.0,94,6,13,0,0,77,1,8
3,7,8.0,94,6,19,0,10,22,1,8
3,7,8.0,94,6,14,0,16,50,1,8
3,7,8.0,94,6,18,0,2,2,4,8
3,3,1.0,180,1,8,0,5,12,3,7
3,3,1.0,180,1,2,0,10,22,1,7
3,3,1.0,180,1,19,1,11,133,4,7
3,7,1.0,98,6,22,0,7,78,4,7
3,3,17.0,54,4,6,2,12,61,3,6
3,3,17.0,54,4,20,0,13,38,0,6
3,3,18.0,165,5,13,2,16,50,3,0
3,3,18.0,165,5,15,1,14,125,4,0
3,3,18.0,165,5,12,0,10,47,3,0
3,3,18.0,165,5,17,0,8,19,3,0
3,3,23.0,57,2,11,0,8,41,1,17
3,5,17.0,212,6,12,0,1,105,2,6
3,5,17.0,212,6,19,0,7,20,1,6
3,5,23.0,168,5,0,3,6,7,3,17
3,7,17.0,95,0,17,3,16,72,1,6
3,5,23.0,168,5,5,0,16,72,1,17
3,5,23.0,168,5,4,0,0,64,0,17
3,5,23.0,168,5,12,0,12,80,1,17
3,5,23.0,168,5,9,2,14,107,0,17
3,5,24.0,58,6,15,0,15,31,0,14
3,5,23.0,168,5,5,0,6,73,2,17
3,5,24.0,58,6,8,2,7,78,3,14
3,5,24.0,58,6,4,0,13,28,3,14
3,5,25.0,350,3,10,2,6,89,0,13
3,5,25.0,350,3,11,0,13,28,0,13
3,5,25.0,350,3,12,0,8,9,0,13
3,5,23.0,168,5,19,1,10,47,2,17
3,5,25.0,350,3,4,1,1,67,4,13
3,6,8.0,59,3,5,2,3,30,3,8
3,6,8.0,59,3,4,0,0,77,0,8
3,6,8.0,59,3,9,0,14,131,1,8
3,6,8.0,59,3,1,0,0,26,3,8
3,6,10.0,149,1,6,2,13,48,3,4
3,6,10.0,149,1,16,0,10,22,3,4
3,6,10.0,149,1,23,0,14,107,4,4
3,6,10.0,149,1,23,3,6,7,0,4
3,6,10.0,149,1,8,1,7,111,1,4
3,6,10.0,149,1,4,0,6,7,1,4
3,3,23.0,57,2,19,2,6,132,0,17
3,9,23.0,167,3,6,1,10,52,1,17
3,11,7.0,253,1,21,1,3,30,0,11
2,2,16.0,6,6,14,0,10,52,0,2
3,11,23.0,232,4,17,2,16,37,3,17
2,0,9.0,129,0,16,0,9,93,3,12
3,9,23.0,167,3,18,0,0,26,3,17
3,11,9.0,311,4,21,1,0,0,0,12
3,11,23.0,232,4,16,0,0,12,0,17
3,7,1.0,98,6,17,0,10,43,1,7
3,11,9.0,311,4,16,2,2,86,3,12
2,0,9.0,129,0,4,2,9,134,0,12
3,7,1.0,98,6,6,0,9,93,1,7
3,11,23.0,232,4,0,2,2,86,1,17
3,11,25.0,88,6,3,0,13,29,3,13
3,11,23.0,232,4,15,0,14,24,2,17
3,11,25.0,88,6,12,2,6,7,3,13
3,11,25.0,88,6,21,2,13,21,3,13
3,9,16.0,107,3,14,2,10,47,0,2
3,9,23.0,167,3,20,0,14,106,4,17
3,9,23.0,167,3,19,2,7,20,3,17
3,7,1.0,98,6,15,0,2,86,1,7
3,7,1.0,98,6,14,1,12,80,4,7
3,7,7.0,293,5,6,0,13,29,4,11
2,4,8.0,18,1,16,0,5,12,3,8
2,4,9.0,79,2,22,0,3,30,3,12
2,4,9.0,79,2,22,0,8,41,1,12
2,4,9.0,79,2,8,0,13,29,1,12
2,4,9.0,79,2,9,0,10,52,1,12
2,4,9.0,79,2,14,1,6,91,1,12
2,4,9.0,79,2,14,2,13,21,1,12
2,4,25.0,80,5,3,0,2,92,1,13
2,4,25.0,80,5,15,0,1,59,1,13
2,4,25.0,80,5,8,0,13,99,1,13
2,4,25.0,80,5,14,0,11,117,2,13
2,4,25.0,80,5,13,1,2,2,1,13
2,4,25.0,80,5,14,2,16,65,0,13
2,4,31.0,16,4,10,0,11,98,4,20
2,4,31.0,16,4,2,0,4,127,1,20
2,4,31.0,16,4,15,1,4,82,1,20
2,4,31.0,16,4,21,1,9,57,0,20
2,2,16.0,6,6,14,1,9,10,4,2
2,2,16.0,6,6,9,0,6,89,3,2
2,2,24.0,233,3,1,0,16,113,1,14
2,2,26.0,136,1,21,2,13,21,0,3
2,2,26.0,136,1,6,0,0,53,3,3
2,2,26.0,136,1,16,1,3,44,0,3
2,2,26.0,136,1,14,0,0,26,1,3
2,2,26.0,136,1,2,1,12,80,4,3
2,0,1.0,47,3,13,0,10,47,2,7
3,0,18.0,0,4,13,0,10,12,2,0
3,0,18.0,0,4,14,0,15,37,0,0
3,0,18.0,0,4,14,0,10,47,3,0
3,0,18.0,0,4,4,0,9,102,4,0
3,0,18.0,0,4,13,0,2,69,2,0
3,0,19.0,13,5,13,0,9,54,4,10
3,0,19.0,13,5,8,0,6,14,3,10
3,0,19.0,13,5,4,0,5,6,0,10
3,0,20.0,172,6,1,0,6,132,4,29
3,0,20.0,172,6,18,0,8,118,1,29
3,0,20.0,172,6,18,0,16,37,4,29
3,0,20.0,172,6,8,1,9,134,4,29
3,2,20.0,264,4,8,1,9,10,4,29
3,4,17.0,19,5,17,1,0,85,1,6
3,2,25.0,233,1,11,0,9,83,1,13
3,2,25.0,233,1,14,0,1,1,4,13
3,2,25.0,233,1,8,0,0,64,2,13
3,0,3.0,334,2,8,0,12,61,1,27
3,0,3.0,334,2,4,0,4,127,4,27
3,7,13.0,238,4,9,1,4,79,0,25
3,7,28.0,34,5,13,0,8,33,2,18
3,3,14.0,33,0,2,1,2,86,2,5
2,11,25.0,88,4,2,1,2,40,4,13
2,5,26.0,328,3,23,0,9,83,1,3
3,8,20.0,319,6,17,3,9,49,4,29
3,2,24.0,22,0,3,0,13,21,1,14
2,1,11.0,353,3,13,1,4,127,4,9
3,2,16.0,220,3,13,0,9,102,2,2
3,9,13.0,91,4,20,1,13,28,4,25
3,9,5.0,89,2,9,1,6,7,0,24
3,7,1.0,98,6,4,0,14,131,1,7
3,7,7.0,293,5,5,0,13,38,4,11
2,0,9.0,129,0,2,0,12,61,2,12
3,7,7.0,293,5,13,0,14,34,2,11
3,7,7.0,293,5,8,1,9,134,4,11
2,0,14.0,190,6,2,0,7,137,0,5
3,7,7.0,293,5,18,0,14,32,1,11
3,11,17.0,110,5,5,1,9,83,4,6
3,7,8.0,94,6,6,0,10,47,0,8
3,7,8.0,94,6,21,0,7,20,3,8
3,7,8.0,94,6,0,1,9,10,0,8
3,7,8.0,94,6,13,1,14,25,4,8
3,7,8.0,94,6,8,2,16,108,0,8
3,7,8.0,94,6,1,3,1,16,3,8
3,7,17.0,95,0,0,1,3,103,0,6
3,7,17.0,95,0,7,1,3,30,0,6
3,7,17.0,95,0,2,2,3,70,3,6
3,7,17.0,95,0,4,0,14,131,1,6
3,7,17.0,95,0,18,0,5,6,3,6
3,4,8.0,292,2,20,1,13,38,1,8
3,4,8.0,292,2,21,1,8,19,0,8
3,4,8.0,292,2,22,0,9,54,1,8
3,4,8.0,292,2,2,2,13,38,3,8
3,4,9.0,18,4,17,0,0,85,0,12
3,4,9.0,18,4,10,1,2,13,1,12
3,4,9.0,18,4,1,0,5,64,3,12
3,4,17.0,19,5,13,0,0,77,1,6
3,4,17.0,19,5,8,0,15,96,0,6
3,4,17.0,19,5,3,1,2,69,4,6
3,4,17.0,19,5,1,1,11,129,4,6
3,4,27.0,274,0,21,1,9,87,0,15
3,4,27.0,274,0,2,0,10,52,1,15
3,4,27.0,274,0,19,2,8,27,3,15
3,4,27.0,274,0,19,0,13,29,4,15
2,1,24.0,65,6,19,0,8,41,1,14
3,2,1.0,16,6,8,0,14,97,4,7
3,2,1.0,16,6,15,0,9,57,2,7
3,2,10.0,28,0,7,1,13,48,0,4
3,2,10.0,28,0,2,0,10,47,1,4
3,7,23.0,202,3,15,1,2,86,4,17
3,7,23.0,202,3,6,1,4,4,1,17
3,7,23.0,202,3,12,0,8,41,1,17
3,3,1.0,180,1,16,0,15,114,0,7
2,8,5.0,87,4,21,0,5,12,0,24
2,8,5.0,87,4,22,0,2,40,2,24
2,8,5.0,87,4,5,2,10,47,3,24
2,8,15.0,73,3,19,0,9,93,1,1
2,8,5.0,87,4,17,1,1,59,1,24
2,8,15.0,73,3,8,0,8,27,2,1
2,8,15.0,73,3,14,0,11,117,1,1
2,8,16.0,74,0,21,1,0,26,1,2
2,8,16.0,74,0,5,0,15,39,0,2
2,8,17.0,75,1,13,0,1,59,4,6
2,8,15.0,73,3,17,0,15,114,1,1
2,4,8.0,18,1,18,0,10,22,1,8
2,4,9.0,79,2,16,2,0,68,0,12
2,4,9.0,79,2,3,0,0,31,4,12
2,4,9.0,79,2,22,0,13,38,0,12
2,4,9.0,79,2,9,0,13,48,3,12
2,4,25.0,80,5,14,0,3,30,3,13
2,4,25.0,80,5,14,0,1,11,3,13
3,2,10.0,28,0,8,1,0,77,1,4
3,2,20.0,264,4,22,0,13,29,2,29
3,2,20.0,264,4,14,0,15,51,0,29
3,2,20.0,264,4,22,1,2,2,4,29
3,2,20.0,264,4,1,0,9,54,1,29
3,2,25.0,233,1,19,0,6,132,1,13
2,0,14.0,190,6,19,0,13,48,4,5
3,11,24.0,194,5,8,0,2,69,2,14
2,0,17.0,0,1,16,0,14,25,3,6
2,0,17.0,0,1,22,2,4,5,0,6
3,11,25.0,88,6,13,0,3,30,4,13
3,11,25.0,88,6,1,0,3,115,1,13
3,9,6.0,51,4,1,0,6,73,1,23
3,9,16.0,107,3,9,0,1,35,4,2
3,0,9.0,48,1,14,2,14,106,3,12
3,9,23.0,167,3,4,0,4,138,3,17
3,0,9.0,48,1,9,1,0,77,1,12
3,0,11.0,10,4,17,1,4,75,0,9
3,9,23.0,167,3,9,0,5,12,0,17
3,0,11.0,10,4,8,2,16,130,3,9
3,0,17.0,12,2,7,1,5,64,1,6
3,7,1.0,98,6,13,0,7,122,1,7
3,7,7.0,293,5,22,3,0,64,3,11
3,7,8.0,94,6,1,2,1,59,3,8
3,7,17.0,95,0,6,0,5,6,2,6
3,7,17.0,95,0,3,1,12,83,0,6
3,7,17.0,95,0,14,0,16,50,0,6
3,7,17.0,95,0,4,0,0,31,0,6
3,7,17.0,95,0,13,3,7,31,1,6
3,7,8.0,94,6,8,0,16,50,1,8
3,7,23.0,202,3,22,0,0,77,2,17
3,7,23.0,202,3,1,0,10,12,3,17
3,7,23.0,202,3,4,0,9,93,0,17
3,3,1.0,180,1,10,2,1,105,0,7
3,3,1.0,180,1,21,1,12,17,0,7
3,3,1.0,180,1,3,0,13,38,0,7
3,3,1.0,180,1,22,0,5,6,3,7
3,3,18.0,165,5,21,0,6,7,4,0
3,3,18.0,165,5,13,0,10,43,1,0
3,3,18.0,165,5,13,1,5,6,0,0
3,3,17.0,54,4,19,2,14,131,3,6
3,3,23.0,57,2,16,0,10,43,4,17
3,3,23.0,57,2,16,0,13,38,4,17
3,3,23.0,57,2,16,2,8,9,0,17
3,3,23.0,57,2,0,0,0,0,0,17
3,3,23.0,57,2,15,0,11,18,1,17
3,3,23.0,57,2,0,0,0,12,0,17
3,3,23.0,57,2,13,0,8,9,3,17
3,3,23.0,57,2,12,0,15,31,2,17
3,3,23.0,57,2,19,0,6,89,3,17
3,3,23.0,57,2,18,2,5,6,3,17
3,3,24.0,357,4,5,0,10,22,2,14
3,3,23.0,57,2,9,1,5,6,0,17
2,11,5.0,240,5,20,1,2,86,1,24
2,5,5.0,277,3,13,1,1,81,1,24
2,11,21.0,192,3,5,1,8,19,4,21
2,7,12.0,238,1,21,3,15,112,0,28
3,5,9.0,206,5,18,0,6,14,4,12
0,2,12.0,128,3,13,3,10,47,2,28
3,3,24.0,357,4,15,1,7,78,4,14
3,3,24.0,357,4,14,0,11,18,1,14
3,3,25.0,347,5,6,0,3,79,3,13
3,3,25.0,347,5,3,0,11,15,0,13
3,3,25.0,347,5,19,0,5,12,1,13
3,3,25.0,347,5,8,1,9,83,4,13
3,5,10.0,155,6,0,0,9,54,3,4
3,5,10.0,155,6,15,0,4,79,4,4
3,5,15.0,200,4,21,0,15,51,0,1
3,5,15.0,200,4,10,0,13,36,1,1
3,5,15.0,200,4,3,2,8,9,3,1
3,5,15.0,200,4,22,0,14,24,3,1
3,5,15.0,200,4,8,0,4,75,2,1
3,5,17.0,212,6,9,0,13,29,1,6
3,5,23.0,168,5,6,2,7,8,2,17
3,0,17.0,12,2,11,0,5,6,1,6
3,0,17.0,12,2,16,0,11,18,1,6
3,0,17.0,12,2,3,0,6,132,4,6
3,0,18.0,0,4,0,0,13,29,1,0
3,0,18.0,0,4,20,0,7,78,3,0
3,0,18.0,0,4,9,0,6,7,3,0
2,0,17.0,0,1,13,0,9,134,0,6
2,0,18.0,13,2,13,0,2,13,4,0
2,0,18.0,13,2,15,1,6,7,0,0
2,0,18.0,13,2,12,0,3,30,1,0
3,11,9.0,311,4,0,2,8,9,0,12
3,11,9.0,311,4,11,0,5,6,2,12
3,11,17.0,110,5,11,0,13,29,3,6
3,11,17.0,110,5,12,0,8,27,3,6
3,11,23.0,232,4,6,0,2,69,1,17
3,11,7.0,253,1,5,0,14,24,2,11
3,11,23.0,232,4,13,0,14,131,1,17
3,11,23.0,232,4,14,0,16,74,4,17
3,11,23.0,232,4,18,2,13,29,3,17
3,11,24.0,194,5,16,1,1,105,0,14
3,11,23.0,232,4,14,1,3,76,0,17
3,11,25.0,88,6,23,0,6,7,3,13
3,11,25.0,88,6,9,0,1,16,1,13
3,11,25.0,88,6,20,0,8,9,2,13
3,9,6.0,51,4,6,0,0,26,1,23
3,9,6.0,51,4,13,0,4,66,4,23
3,9,16.0,107,3,2,0,8,9,0,2
3,9,23.0,167,3,14,2,7,111,3,17
3,9,23.0,167,3,18,0,10,22,3,17
2,0,8.0,48,3,19,1,7,137,4,8
3,9,22.0,92,6,20,2,3,79,3,26
3,9,1.0,126,6,23,1,1,59,4,7
3,3,15.0,35,1,17,1,3,30,1,1
3,0,18.0,0,4,22,1,5,6,0,0
3,0,19.0,13,5,1,0,2,123,3,10
3,0,19.0,13,5,8,1,11,122,1,10
3,0,20.0,172,6,11,2,5,64,0,29
3,0,20.0,172,6,22,0,6,89,1,29
3,0,20.0,172,6,2,2,2,2,2,29
3,0,20.0,172,6,4,0,2,2,1,29
3,0,20.0,172,6,14,0,8,9,1,29
3,7,1.0,98,6,17,0,2,2,1,7
3,7,1.0,98,6,6,1,9,27,0,7
3,7,1.0,98,6,4,0,2,40,1,7
2,0,14.0,190,6,10,3,11,94,4,5
3,7,1.0,98,6,4,0,8,19,2,7
3,7,1.0,98,6,4,1,9,63,4,7
3,7,1.0,98,6,23,1,12,61,1,7
3,7,7.0,293,5,9,2,8,27,1,11
3,7,8.0,94,6,3,0,10,43,0,8
3,7,17.0,95,0,18,0,0,64,3,6
3,7,23.0,202,3,20,1,0,12,2,17
3,7,23.0,202,3,23,1,14,110,1,17
3,7,8.0,94,6,23,0,14,25,0,8
3,3,1.0,180,1,15,0,5,6,2,7
2,2,20.0,108,2,20,0,9,95,1,29
3,11,11.0,175,6,14,0,8,41,0,9
3,11,13.0,312,0,6,0,8,118,3,25
3,11,13.0,312,0,2,2,6,89,0,25
3,11,13.0,312,0,4,0,2,2,0,25
2,4,12.0,221,6,4,2,8,33,3,28
3,11,11.0,175,6,5,0,16,50,2,9
2,2,28.0,140,4,22,0,3,30,3,18
2,0,4.0,122,2,2,0,13,69,1,30
2,0,20.0,287,5,5,0,16,42,1,29
2,2,21.0,209,4,17,1,5,6,0,21
2,0,20.0,287,5,8,1,6,7,0,29
3,11,21.0,192,1,17,0,0,26,4,21
2,2,18.0,137,0,19,0,0,64,1,0
3,11,21.0,192,1,16,1,1,105,0,21
3,11,29.0,270,2,6,0,1,59,1,16
3,11,29.0,270,2,16,0,5,12,3,16
3,11,29.0,270,2,1,0,8,9,1,16
3,9,3.0,217,0,12,2,9,10,3,27
3,9,4.0,295,1,0,1,3,115,0,30
3,7,4.0,186,1,13,0,10,47,3,30
3,3,29.0,325,1,6,0,7,111,3,16
3,9,3.0,217,0,14,1,12,17,4,27
3,9,3.0,217,0,9,0,2,69,1,27
3,9,4.0,295,1,6,0,5,12,0,30
3,9,4.0,295,1,8,0,1,11,1,30
3,9,4.0,295,1,2,0,1,16,4,30
3,7,4.0,186,1,6,0,6,7,0,30
2,0,30.0,290,0,19,0,4,4,1,19
3,11,11.0,175,6,16,1,10,43,0,9
3,11,11.0,175,6,18,0,12,17,3,9
3,9,3.0,217,0,19,0,3,79,2,27
3,4,22.0,152,2,22,0,9,93,1,26
3,11,11.0,175,6,9,2,11,15,0,9
3,11,13.0,312,0,12,0,4,45,0,25
3,11,13.0,312,0,20,1,9,95,1,25
3,11,21.0,192,1,0,0,11,94,1,21
3,11,28.0,123,1,3,3,10,47,1,18
3,7,20.0,266,4,17,0,4,4,1,29
3,11,21.0,192,1,11,0,7,122,2,21
3,11,21.0,192,1,3,2,8,9,3,21
3,11,21.0,192,1,12,0,10,52,1,21
3,11,21.0,192,1,4,2,13,69,3,21
3,11,21.0,192,1,19,2,0,12,3,21
3,6,13.0,317,5,15,0,8,33,3,25
3,11,29.0,270,2,16,0,10,22,0,16
3,11,29.0,270,2,7,0,0,15,1,16
3,11,29.0,270,2,4,2,13,21,3,16
3,11,29.0,270,2,1,0,9,101,0,16
3,9,4.0,295,1,2,1,0,53,1,30
3,9,4.0,295,1,8,0,7,78,4,30
3,9,4.0,295,1,8,0,11,133,1,30
3,7,4.0,186,1,16,2,0,0,0,30
3,7,4.0,186,1,13,0,5,6,3,30
3,7,27.0,53,4,4,0,16,113,3,15
3,7,29.0,268,6,22,0,11,15,3,16
3,5,2.0,307,5,12,0,8,9,1,22
3,7,30.0,42,3,16,0,10,22,0,19
3,7,30.0,42,3,2,0,10,47,2,19
3,7,4.0,186,1,3,0,14,24,2,30
3,3,19.0,138,6,19,0,8,9,1,10
3,3,19.0,138,6,14,0,9,102,2,10
3,3,19.0,138,6,18,0,9,102,2,10
3,3,19.0,138,6,13,0,2,40,2,10
3,3,20.0,105,3,15,0,9,57,3,29
3,3,20.0,105,3,4,0,10,43,0,29
3,3,19.0,138,6,23,1,11,90,1,10
3,3,22.0,166,1,7,0,12,56,3,26
3,3,22.0,166,1,16,1,13,28,1,26
3,3,27.0,361,3,18,0,11,18,1,15
3,3,28.0,187,0,21,1,3,30,4,18
2,2,13.0,231,2,16,0,6,91,1,25
2,2,13.0,231,2,11,0,5,6,1,25
2,2,13.0,231,2,14,0,8,9,3,25
2,2,13.0,231,2,12,0,14,24,1,25
2,2,18.0,137,0,22,2,2,13,3,0
2,8,5.0,87,4,15,3,15,31,3,24
2,0,1.0,47,3,1,0,9,54,1,7
2,0,1.0,47,3,12,1,11,98,4,7
3,1,1.0,203,5,14,3,2,3,4,7
3,8,2.0,77,1,4,1,2,2,1,22
0,2,15.0,130,2,5,1,3,115,1,1
2,9,29.0,98,4,9,1,0,53,0,16
2,9,20.0,119,1,12,1,0,26,0,29
2,7,24.0,41,3,8,1,14,25,0,14
2,9,20.0,119,1,9,0,4,138,4,29
3,0,1.0,8,0,14,1,14,126,0,7
2,6,14.0,49,5,11,3,3,30,4,5
2,1,25.0,248,3,13,1,15,31,4,13
3,5,2.0,307,5,7,1,3,79,4,22
2,2,18.0,137,0,4,0,2,69,0,0
2,2,29.0,131,5,9,0,16,42,1,16
3,9,4.0,295,1,7,2,12,61,1,30
3,6,13.0,317,5,22,0,5,6,2,25
3,9,4.0,295,1,8,0,11,133,1,30
3,9,4.0,295,1,1,1,12,83,1,30
3,9,3.0,217,0,11,0,0,64,2,27
3,7,4.0,186,1,6,0,13,21,1,30
3,7,4.0,186,1,22,0,4,127,4,30
3,7,4.0,186,1,9,0,1,35,3,30
3,9,4.0,295,1,20,0,16,72,0,30
3,7,19.0,330,2,16,2,14,34,0,10
3,7,19.0,330,2,16,0,0,12,3,10
3,7,19.0,330,2,7,0,14,24,1,10
3,7,19.0,330,2,7,1,14,32,0,10
3,7,19.0,330,2,15,0,1,67,4,10
3,5,2.0,307,5,13,1,6,128,1,22
3,5,28.0,259,2,4,3,13,123,3,18
3,7,19.0,330,2,16,1,8,41,0,10
3,7,19.0,330,2,9,0,10,23,3,10
3,7,19.0,330,2,18,0,12,100,0,10
3,7,19.0,330,2,8,1,10,47,0,10
3,7,29.0,268,6,11,0,5,64,0,16
3,7,29.0,268,6,2,0,3,70,3,16
3,7,27.0,53,4,6,1,10,47,0,15
3,7,19.0,330,2,22,1,11,18,2,10
3,7,30.0,42,3,21,0,2,2,1,19
3,7,30.0,42,3,1,2,2,86,1,19
3,7,30.0,42,3,9,0,5,6,3,19
3,7,30.0,42,3,13,0,6,73,2,19
3,3,19.0,138,6,8,0,2,86,2,10
3,3,19.0,138,6,1,0,2,86,3,10
3,3,19.0,138,6,19,2,1,1,3,10
3,3,19.0,138,6,12,0,11,94,2,10
3,3,28.0,187,0,22,0,11,8,2,18
3,3,29.0,325,1,2,2,2,69,0,16
3,3,28.0,187,0,14,0,11,90,3,18
3,2,4.0,254,1,4,0,5,47,2,30
2,6,25.0,348,1,13,0,4,4,1,13
2,0,29.0,228,3,11,1,13,99,4,16
3,11,12.0,118,3,3,0,8,9,2,28
3,11,20.0,340,0,18,0,16,113,1,29
3,11,20.0,340,0,14,0,16,130,1,29
3,11,26.0,364,3,22,1,6,128,1,3
3,11,27.0,322,0,3,0,8,41,0,15
3,7,28.0,34,5,2,1,16,74,0,18
3,3,2.0,120,2,22,0,11,15,2,22
3,3,11.0,337,5,8,0,2,60,3,9
3,5,11.0,326,3,19,1,10,47,4,9
3,6,22.0,185,3,19,1,14,34,0,26
2,2,10.0,297,3,12,0,1,35,4,4
2,2,12.0,276,1,4,1,16,37,4,28
2,0,4.0,122,2,9,1,3,79,1,30
2,0,28.0,191,6,18,1,0,26,0,18
3,3,29.0,325,1,18,1,10,52,1,16
3,3,29.0,325,1,20,1,0,26,1,16
3,5,3.0,161,6,15,0,3,115,3,27
3,5,3.0,161,6,11,1,15,46,4,27
3,5,3.0,161,6,12,1,12,83,4,27
3,5,3.0,161,6,14,0,6,128,1,27
3,5,3.0,161,6,18,0,10,43,3,27
3,5,3.0,161,6,9,2,16,50,3,27
3,5,3.0,161,6,18,0,8,27,3,27
3,5,4.0,114,3,8,0,10,47,0,30
3,5,4.0,114,3,19,0,10,47,1,30
3,5,5.0,96,0,15,0,9,93,2,24
3,5,5.0,96,0,15,0,8,118,4,24
3,5,5.0,96,0,2,0,9,83,1,24
3,5,3.0,161,6,8,0,0,12,1,27
3,5,5.0,96,0,4,1,1,59,0,24
3,5,6.0,277,1,22,1,0,31,4,23
3,11,10.0,360,5,9,1,14,32,0,4
2,4,2.0,279,2,13,1,15,39,0,22
3,5,6.0,277,1,11,0,13,48,0,23
3,5,6.0,277,1,0,0,7,20,1,23
3,5,30.0,294,5,8,0,2,92,0,19
3,5,30.0,294,5,4,0,0,68,4,19
3,5,30.0,294,5,8,0,8,41,0,19
3,6,3.0,99,1,17,2,2,2,3,27
3,6,5.0,342,4,7,0,5,12,0,24
3,6,5.0,342,4,7,0,13,48,1,24
3,6,5.0,342,4,8,0,5,6,2,24
3,6,13.0,317,5,16,0,8,27,3,25
3,6,13.0,317,5,21,2,6,89,3,25
3,6,13.0,317,5,23,0,1,11,3,25
3,3,28.0,187,0,0,1,1,105,4,18
3,6,13.0,317,5,8,0,6,89,4,25
3,6,13.0,317,5,13,1,12,135,4,25
3,6,13.0,317,5,14,0,10,6,0,25
3,6,14.0,173,6,12,0,13,99,1,5
3,6,14.0,173,6,19,0,6,7,4,5
3,6,14.0,173,6,9,0,8,41,1,5
3,6,19.0,291,4,8,0,7,111,0,10
3,3,19.0,138,6,11,1,16,113,4,10
3,3,22.0,166,1,17,0,5,64,1,26
3,3,22.0,166,1,16,0,8,27,3,26
3,3,22.0,166,1,20,0,10,47,3,26
3,3,22.0,166,1,0,1,8,27,1,26
3,3,27.0,361,3,11,1,0,68,4,15
3,3,27.0,361,3,12,0,2,2,1,15
3,3,27.0,361,3,14,2,7,120,3,15
3,3,28.0,187,0,11,0,0,64,3,18
3,3,28.0,187,0,1,0,6,73,1,18
3,3,29.0,325,1,16,0,6,7,0,16
3,3,28.0,187,0,18,0,0,77,1,18
3,3,29.0,325,1,20,0,5,6,1,16
3,3,29.0,325,1,17,0,10,47,2,16
3,3,29.0,325,1,9,2,12,104,3,16
3,3,29.0,325,1,2,0,12,84,1,16
3,5,4.0,114,3,22,0,13,48,4,30
3,5,4.0,114,3,13,1,14,88,4,30
3,5,4.0,114,3,21,1,16,50,0,30
3,5,5.0,96,0,2,0,4,136,4,24
3,5,6.0,277,1,2,0,12,135,4,23
3,5,6.0,277,1,14,0,13,99,1,23
3,5,30.0,294,5,3,0,9,27,2,19
3,5,3.0,161,6,3,0,4,4,3,27
3,5,3.0,161,6,8,0,11,94,3,27
3,5,3.0,161,6,2,2,13,38,0,27
3,5,4.0,114,3,7,0,5,12,3,30
3,5,4.0,114,3,2,0,16,74,3,30
3,5,5.0,96,0,3,1,16,65,4,24
3,5,3.0,161,6,2,0,13,29,1,27
3,5,5.0,96,0,13,1,8,33,4,24
3,5,6.0,277,1,17,1,16,72,2,23
3,5,6.0,277,1,16,2,14,107,0,23
3,5,5.0,96,0,18,0,10,47,0,24
3,5,6.0,277,1,19,0,1,11,4,23
3,5,6.0,277,1,22,0,6,128,1,23
3,5,5.0,96,0,2,0,10,47,2,24
3,5,3.0,161,6,4,2,9,134,3,27
3,5,30.0,294,5,5,2,16,130,3,19
3,5,29.0,24,4,8,0,1,67,4,16
3,5,30.0,294,5,13,0,5,6,2,19
3,6,3.0,99,1,5,0,15,31,0,27
3,6,5.0,342,4,0,2,10,22,0,24
3,6,13.0,317,5,19,0,11,133,0,25
3,6,14.0,173,6,9,2,10,52,3,5
3,6,14.0,173,6,10,3,15,114,1,5
3,6,19.0,291,4,16,1,7,20,4,10
3,6,19.0,291,4,23,0,5,64,2,10
3,3,20.0,105,3,16,0,5,12,0,29
3,3,20.0,105,3,5,0,10,47,0,29
3,3,20.0,105,3,10,1,13,38,0,29
3,3,20.0,105,3,22,1,2,86,4,29
3,3,20.0,105,3,2,0,4,82,0,29
3,3,20.0,105,3,21,1,14,125,4,29
3,3,22.0,166,1,0,1,12,83,4,26
3,3,22.0,166,1,11,0,8,41,1,26
3,3,22.0,166,1,15,2,10,6,3,26
3,3,22.0,166,1,8,1,6,128,1,26
3,3,22.0,166,1,18,0,2,86,0,26
3,3,27.0,361,3,20,0,14,34,1,15
3,3,27.0,361,3,15,0,10,22,3,15
3,3,30.0,304,2,17,1,10,52,1,19
3,5,2.0,307,5,14,0,9,93,3,22
3,3,30.0,304,2,16,0,0,26,3,19
3,3,27.0,361,3,18,0,8,118,1,15
3,3,27.0,361,3,19,1,5,6,0,15
3,3,28.0,187,0,0,0,5,0,3,18
3,3,28.0,187,0,6,0,6,89,1,18
3,3,28.0,187,0,21,1,1,1,0,18
3,3,28.0,187,0,2,0,13,21,4,18
3,3,28.0,187,0,23,1,12,61,1,18
3,3,28.0,187,0,12,0,12,17,1,18
3,3,29.0,325,1,16,0,5,12,0,16
3,3,29.0,325,1,22,0,0,26,1,16
3,3,29.0,325,1,12,0,8,27,1,16
3,3,29.0,325,1,4,0,7,20,0,16
3,3,29.0,325,1,16,3,5,64,3,16
3,5,3.0,161,6,15,0,15,108,1,27
3,5,3.0,161,6,13,0,4,75,1,27
2,0,24.0,281,1,19,0,3,44,1,14
3,9,1.0,126,6,22,3,0,31,4,7
3,7,26.0,316,2,17,1,3,103,4,3
3,3,26.0,343,6,19,0,12,56,3,3
3,5,1.0,109,4,11,0,1,11,4,7
0,11,1.0,222,3,5,0,3,115,4,7
2,0,16.0,12,0,17,3,1,81,0,2
3,9,17.0,255,0,2,1,12,61,0,6
3,9,25.0,344,1,6,0,3,44,0,13
0,1,30.0,100,2,0,0,14,25,1,19
3,2,1.0,16,6,18,0,12,61,1,7
3,0,3.0,334,2,4,1,0,85,0,27
2,3,22.0,57,0,15,3,0,77,0,26
2,8,16.0,74,0,17,1,10,47,1,2
3,11,24.0,194,5,2,2,3,76,3,14
3,7,17.0,95,0,8,1,11,133,4,6
3,10,27.0,302,3,11,1,11,124,1,15
2,9,5.0,89,0,18,1,9,83,4,24
3,4,19.0,142,3,16,2,5,12,3,10
3,4,28.0,218,1,13,1,0,85,1,18
3,2,11.0,297,1,14,0,6,7,0,9
3,0,12.0,113,5,12,0,9,95,2,28
3,0,12.0,113,5,1,1,9,134,0,28
2,10,16.0,256,1,3,0,2,13,1,2
3,5,3.0,161,6,22,1,10,12,2,27
3,5,3.0,161,6,22,0,14,25,2,27
3,5,3.0,161,6,14,0,1,11,4,27
3,5,4.0,114,3,0,0,5,12,3,30
3,5,3.0,161,6,19,0,1,11,4,27
3,5,4.0,114,3,20,0,3,44,1,30
3,5,4.0,114,3,20,0,3,76,2,30
3,5,4.0,114,3,1,0,10,47,0,30
3,5,5.0,96,0,22,2,14,107,0,24
3,5,5.0,96,0,4,2,10,52,0,24
3,5,6.0,277,1,10,0,13,48,4,23
3,5,6.0,277,1,23,0,16,72,1,23
3,5,6.0,277,1,10,0,2,86,3,23
3,5,30.0,294,5,5,0,11,15,3,19
3,5,30.0,294,5,8,1,13,21,4,19
3,5,30.0,294,5,9,0,0,0,1,19
3,6,3.0,99,1,0,0,7,120,2,27
3,6,3.0,99,1,11,3,3,79,4,27
3,6,5.0,342,4,7,1,14,25,0,24
3,6,3.0,99,1,16,2,16,72,3,27
3,6,13.0,317,5,17,1,6,91,4,25
3,10,11.0,298,5,8,0,7,111,0,9
3,6,13.0,317,5,16,1,8,33,4,25
3,6,13.0,317,5,4,0,9,49,1,25
3,6,13.0,317,5,18,0,16,139,4,25
3,6,14.0,173,6,13,0,10,47,3,5
3,6,14.0,173,6,3,0,13,13,2,5
3,6,14.0,173,6,19,0,2,13,1,5
3,6,19.0,291,4,20,0,0,26,1,10
3,6,19.0,291,4,12,0,5,6,2,10
3,6,19.0,291,4,13,1,12,135,4,10
3,6,20.0,215,5,6,0,5,6,1,29
3,6,20.0,215,5,21,0,5,0,0,29
3,6,19.0,291,4,9,0,6,7,1,10
2,0,21.0,241,6,14,0,8,27,0,21
2,0,30.0,290,0,10,2,7,62,3,19
2,0,30.0,290,0,14,0,14,24,2,19
3,11,2.0,265,4,6,0,2,2,1,22
3,11,11.0,175,6,22,0,12,80,3,9
3,11,13.0,312,0,20,0,9,87,3,25
3,11,13.0,312,0,22,0,0,64,0,25
3,11,29.0,270,2,3,0,5,64,3,16
3,11,29.0,270,2,3,0,8,33,4,16
3,11,29.0,270,2,12,1,7,137,1,16
3,11,29.0,270,2,9,0,12,121,2,16
3,9,3.0,217,0,20,0,1,11,4,27
3,9,3.0,217,0,21,1,10,22,0,27
3,9,3.0,217,0,12,2,13,21,2,27
3,9,3.0,217,0,18,2,14,107,3,27
3,9,4.0,295,1,16,0,0,12,0,30
3,9,4.0,295,1,7,0,16,72,0,30
3,9,4.0,295,1,7,1,5,12,0,30
3,9,4.0,295,1,19,0,13,48,1,30
3,7,4.0,186,1,10,0,5,64,2,30
3,6,19.0,291,4,18,1,10,12,1,10
2,8,19.0,319,4,0,0,2,2,0,10
2,8,26.0,78,4,0,0,10,22,2,3
2,8,26.0,78,4,20,0,0,12,1,3
2,8,26.0,78,4,5,2,3,30,2,3
2,1,1.0,171,4,17,3,7,129,1,7
2,8,26.0,78,4,12,0,13,38,3,3
2,8,27.0,224,5,17,0,2,40,1,15
2,8,27.0,224,5,23,0,8,118,3,15
2,8,27.0,224,5,8,0,4,79,0,15
2,8,27.0,224,5,3,0,13,28,4,15
2,8,27.0,224,5,3,1,0,53,4,15
2,4,11.0,134,5,9,2,3,30,3,9
3,11,10.0,360,5,13,1,12,104,4,4
2,1,29.0,100,4,17,0,4,5,1,16
2,8,28.0,301,6,10,1,13,48,0,18
2,8,27.0,224,5,15,1,8,27,4,15
2,8,27.0,224,5,8,0,2,60,3,15
2,8,28.0,301,6,0,1,8,33,0,18
2,8,28.0,301,6,12,0,16,50,1,18
2,8,28.0,301,6,12,0,14,25,3,18
2,8,28.0,301,6,19,0,9,49,1,18
2,8,29.0,103,3,16,0,9,101,2,16
2,8,28.0,301,6,9,0,7,54,4,18
2,8,28.0,301,6,19,1,6,7,0,18
2,8,29.0,103,3,3,0,1,1,1,16
2,8,29.0,103,3,6,1,5,64,0,16
2,8,3.0,299,1,1,0,6,91,1,27
2,8,3.0,299,1,1,0,16,42,4,27
2,8,9.0,71,0,13,2,1,35,3,12
2,8,9.0,71,0,18,0,4,76,3,12
2,8,12.0,189,4,7,1,5,12,0,28
2,8,19.0,319,4,17,2,2,123,3,10
2,8,19.0,319,4,20,2,14,25,3,10
2,8,19.0,319,4,1,1,12,56,1,10
2,8,19.0,319,4,1,0,11,133,1,10
2,8,19.0,319,4,7,1,6,116,4,10
2,8,19.0,319,4,8,0,8,27,3,10
2,8,26.0,78,4,13,1,13,38,0,3
2,8,27.0,224,5,22,2,9,57,0,15
2,8,27.0,224,5,19,0,7,20,2,15
2,8,19.0,319,4,1,0,1,105,0,10
2,8,27.0,224,5,20,1,14,25,1,15
2,8,19.0,319,4,2,3,10,47,1,10
2,8,29.0,103,3,20,1,11,10,4,16
2,4,5.0,176,6,14,0,12,61,4,24
2,4,5.0,176,6,14,2,9,93,3,24
2,4,12.0,221,6,1,0,13,69,4,28
2,4,12.0,221,6,19,2,13,69,1,28
2,4,18.0,142,5,6,1,8,118,0,0
2,4,28.0,313,0,10,1,1,35,4,18
2,4,28.0,313,0,12,2,10,23,3,18
2,2,5.0,251,1,8,0,16,72,1,24
2,2,11.0,128,0,10,1,12,56,4,9
2,2,11.0,128,0,9,0,11,94,3,9
2,2,11.0,128,0,12,1,9,101,4,9
2,2,13.0,231,2,17,0,10,43,3,25
2,2,13.0,231,2,6,0,0,26,3,25
2,2,13.0,231,2,16,2,1,1,4,25
2,2,18.0,137,0,14,2,2,69,0,0
2,2,20.0,108,2,20,0,4,103,0,29
2,2,20.0,108,2,9,0,10,22,3,29
2,2,20.0,108,2,22,0,7,57,2,29
2,2,11.0,128,0,18,0,7,20,4,9
2,2,13.0,231,2,0,0,5,6,0,25
2,2,13.0,231,2,0,1,10,22,4,25
2,5,1.0,307,2,18,1,10,23,1,7
2,3,27.0,187,6,1,0,11,117,1,15
2,5,17.0,195,5,18,0,16,50,0,6
2,5,17.0,195,5,13,1,3,79,4,6
2,5,26.0,328,3,8,3,8,9,3,3
2,6,11.0,162,1,4,0,9,9,2,9
2,6,28.0,335,5,14,1,11,18,0,18
3,0,23.0,237,1,15,0,12,56,1,17
2,8,21.0,354,6,8,1,14,24,1,21
2,0,29.0,228,3,11,1,4,82,4,16
3,4,13.0,221,0,9,1,9,134,4,25
2,4,12.0,221,6,4,0,15,31,2,28
3,6,20.0,215,5,13,1,14,88,4,29
2,4,18.0,142,5,17,0,15,114,1,0
2,4,18.0,142,5,14,0,9,87,2,0
2,8,29.0,103,3,8,0,15,108,1,16
2,4,28.0,313,0,17,0,8,41,1,18
2,4,28.0,313,0,2,0,15,114,2,18
2,4,29.0,139,1,17,0,8,27,3,16
2,4,29.0,139,1,6,0,8,9,0,16
2,4,29.0,139,1,3,1,15,51,1,16
2,4,29.0,139,1,13,0,4,45,2,16
2,2,10.0,297,3,6,0,15,51,4,4
2,2,10.0,297,3,18,0,12,61,2,4
2,2,10.0,297,3,1,0,2,69,1,4
2,2,19.0,264,1,19,1,9,101,4,10
2,4,28.0,313,0,11,0,2,2,4,18
2,2,5.0,251,1,11,1,6,7,1,24
2,2,5.0,251,1,13,0,9,134,3,24
2,2,5.0,251,1,19,0,13,38,3,24
2,2,11.0,128,0,7,0,10,22,1,9
2,2,11.0,128,0,19,2,2,86,0,9
2,0,2.0,334,0,2,0,11,8,1,22
2,0,2.0,334,0,20,1,14,34,4,22
2,0,3.0,229,1,2,2,4,79,3,27
2,0,21.0,241,6,0,0,13,13,0,21
2,0,30.0,290,0,16,0,6,7,2,19
3,11,2.0,265,4,11,0,7,20,4,22
3,11,11.0,175,6,14,0,13,13,4,9
3,11,11.0,175,6,4,0,12,121,0,9
3,11,21.0,192,1,21,0,15,31,1,21
3,11,21.0,192,1,21,2,0,68,3,21
3,11,29.0,270,2,14,0,10,23,1,16
3,11,29.0,270,2,6,0,13,21,4,16
3,9,3.0,217,0,1,0,5,6,0,27
2,0,31.0,365,1,5,0,0,26,0,20
3,7,31.0,43,0,10,0,13,28,2,20
2,11,14.0,147,3,20,0,10,47,2,5
2,7,15.0,40,5,22,0,12,61,2,1
2,10,8.0,150,0,1,0,13,99,4,8
2,4,6.0,133,3,17,1,4,75,1,23
2,4,24.0,20,4,22,1,9,101,4,14
2,4,24.0,20,4,3,0,5,0,2,14
3,7,9.0,273,3,5,1,7,120,4,12
3,7,18.0,154,1,17,0,4,79,0,0
3,7,31.0,43,0,14,1,6,128,1,20
3,3,9.0,44,2,8,1,13,28,1,12
3,3,9.0,44,2,9,0,0,12,1,12
3,1,16.0,2,6,9,0,0,77,3,2
0,0,5.0,122,1,3,0,11,15,2,24
2,6,30.0,208,3,18,0,10,23,1,19
2,10,25.0,61,4,12,0,5,12,0,13
3,2,1.0,16,6,17,0,5,12,0,7
2,3,23.0,357,1,11,1,8,118,4,17
3,0,11.0,10,4,6,0,1,1,3,9
2,10,5.0,242,5,13,1,12,56,4,24
0,0,31.0,290,3,19,1,15,31,4,20
2,9,6.0,51,1,13,0,8,41,1,23
2,9,4.0,295,3,8,2,16,37,2,30
2,9,21.0,362,2,1,0,3,30,1,21
0,2,12.0,128,3,17,0,3,76,2,28
0,11,1.0,222,3,20,0,12,80,1,7
3,2,10.0,28,0,12,1,8,27,2,4
2,3,15.0,263,0,20,1,4,4,4,1
2,3,15.0,263,0,9,1,16,37,4,1
2,3,15.0,263,0,13,1,9,10,4,1
2,3,15.0,263,0,4,1,10,22,0,1
2,3,24.0,347,2,21,1,10,23,1,14
3,0,9.0,48,1,3,3,10,12,0,12
2,10,5.0,242,5,13,2,16,39,2,24
3,9,3.0,217,0,8,1,15,119,4,27
3,9,4.0,295,1,17,2,14,107,3,30
3,9,3.0,217,0,4,1,10,47,0,27
3,9,4.0,295,1,12,0,6,91,4,30
3,7,4.0,186,1,0,1,2,13,0,30
3,7,27.0,53,4,8,0,5,12,2,15
2,0,3.0,229,1,1,0,1,59,4,27
2,0,3.0,229,1,0,1,10,47,0,27
2,0,5.0,260,4,8,0,6,89,0,24
2,0,21.0,241,6,19,0,11,94,3,21
2,0,30.0,290,0,6,2,9,93,3,19
2,0,30.0,290,0,0,1,11,10,4,19
2,0,30.0,290,0,21,1,14,126,4,19
2,0,30.0,290,0,4,0,9,57,0,19
3,11,11.0,175,6,17,0,9,95,4,9
3,6,19.0,291,4,17,0,1,1,1,10
2,2,18.0,137,0,1,0,16,72,2,0
3,6,28.0,309,6,23,0,11,15,3,18
3,6,28.0,309,6,11,0,3,103,2,18
3,6,28.0,309,6,10,2,8,118,3,18
3,6,28.0,309,6,19,0,8,41,2,18
3,6,28.0,309,6,18,0,0,31,2,18
3,6,28.0,309,6,13,1,14,88,4,18
3,10,6.0,242,3,16,0,5,12,0,23
3,10,6.0,242,3,19,0,0,12,1,23
3,10,6.0,242,3,4,0,4,5,1,23
3,6,5.0,342,4,13,1,4,121,0,24
3,10,12.0,333,6,22,1,9,134,4,28
3,10,12.0,333,6,12,0,15,39,3,28
3,10,12.0,333,6,2,0,10,47,3,28
3,10,12.0,333,6,19,0,13,36,3,28
3,10,12.0,333,6,9,0,1,35,1,28
3,10,14.0,174,0,8,0,11,94,3,5
3,10,14.0,174,0,8,0,0,64,1,5
3,10,14.0,174,0,8,0,5,6,3,5
3,10,20.0,223,3,23,0,0,64,2,29
3,10,20.0,223,3,12,0,16,50,1,29
3,10,20.0,223,3,12,0,12,100,1,29
3,10,21.0,341,0,7,0,13,36,1,21
3,5,6.0,277,1,20,1,14,25,4,23
3,5,30.0,294,5,7,1,6,7,0,19
3,6,3.0,99,1,7,2,6,7,0,27
3,6,3.0,99,1,12,2,6,14,3,27
3,6,5.0,342,4,23,0,9,101,3,24
3,6,13.0,317,5,6,2,15,96,3,25
3,6,13.0,317,5,20,0,16,130,3,25
3,6,14.0,173,6,4,0,8,9,3,5
3,6,19.0,291,4,10,0,1,59,4,10
3,6,19.0,291,4,17,1,8,27,0,10
3,6,19.0,291,4,22,0,8,118,1,10
3,6,19.0,291,4,14,0,6,14,3,10
3,6,20.0,215,5,16,1,5,6,0,29
3,6,20.0,215,5,15,0,10,47,2,29
3,6,20.0,215,5,8,2,6,91,1,29
3,6,20.0,215,5,19,0,6,89,4,29
3,6,20.0,215,5,18,0,14,125,0,29
3,6,20.0,215,5,5,0,14,24,2,29
3,6,28.0,309,6,3,1,8,65,4,18
3,6,20.0,215,5,13,1,11,55,4,29
3,10,6.0,242,3,6,0,2,40,0,23
3,10,12.0,333,6,0,0,2,71,4,28
3,10,12.0,333,6,0,1,10,47,0,28
3,10,12.0,333,6,6,1,6,132,0,28
3,10,12.0,333,6,19,0,12,121,4,28
3,6,19.0,291,4,5,1,15,114,4,10
3,6,20.0,215,5,16,2,12,100,3,29
3,6,20.0,215,5,21,1,3,79,0,29
3,6,19.0,291,4,12,1,3,44,0,10
3,6,20.0,215,5,15,0,8,9,2,29
3,6,19.0,291,4,14,0,6,89,1,10
3,6,20.0,215,5,8,1,12,80,1,29
3,6,28.0,309,6,17,0,5,64,3,18
3,6,28.0,309,6,6,0,16,50,3,18
3,6,28.0,309,6,5,0,13,99,4,18
3,6,28.0,309,6,19,0,12,80,3,18
3,6,28.0,309,6,14,0,13,99,1,18
3,10,6.0,242,3,17,1,14,34,0,23
3,10,6.0,242,3,16,2,2,2,3,23
3,10,6.0,242,3,9,0,9,93,4,23
3,10,12.0,333,6,6,2,2,92,0,28
3,10,12.0,333,6,14,0,5,12,3,28
3,10,12.0,333,6,14,2,8,118,1,28
3,10,12.0,333,6,9,0,1,35,4,28
3,10,14.0,174,0,6,1,11,15,2,5
3,10,14.0,174,0,8,0,14,32,3,5
3,6,20.0,215,5,19,0,3,30,2,29
3,6,20.0,215,5,12,0,5,12,3,29
3,6,20.0,215,5,18,0,14,25,2,29
3,6,19.0,291,4,21,1,10,47,0,10
3,6,28.0,309,6,16,0,8,27,1,18
3,6,28.0,309,6,3,0,6,132,2,18
3,6,28.0,309,6,20,1,8,41,4,18
3,10,6.0,242,3,6,2,10,6,3,23
3,10,6.0,242,3,11,0,2,40,4,23
3,10,6.0,242,3,5,0,6,132,0,23
3,10,6.0,242,3,19,0,9,134,4,23
3,10,6.0,242,3,5,0,6,132,4,23
3,10,6.0,242,3,18,2,14,32,3,23
3,10,12.0,333,6,6,2,8,9,3,28
3,10,12.0,333,6,8,0,5,64,3,28
3,7,3.0,269,0,18,0,8,19,0,27
3,10,14.0,174,0,17,0,2,86,4,5
3,10,14.0,174,0,0,1,1,67,0,5
3,10,14.0,174,0,13,1,11,15,1,5
2,2,18.0,137,0,17,3,3,30,0,0
2,2,20.0,108,2,17,2,5,12,3,29
2,2,20.0,108,2,19,0,5,12,3,29
2,2,29.0,131,5,7,0,0,26,1,16
2,2,29.0,131,5,22,0,5,6,2,16
2,2,29.0,131,5,0,0,7,78,0,16
2,0,2.0,334,0,17,2,2,69,3,22
2,0,2.0,334,0,18,0,12,84,1,22
2,0,3.0,229,1,17,0,8,118,1,27
2,4,12.0,221,6,11,0,0,64,3,28
3,7,19.0,330,2,8,0,14,34,3,10
3,7,19.0,330,2,13,1,8,27,1,10
3,7,27.0,53,4,19,0,14,125,2,15
3,7,27.0,53,4,9,0,2,2,1,15
3,7,29.0,268,6,8,1,14,106,4,16
3,7,29.0,268,6,12,0,16,39,2,16
3,7,29.0,268,6,9,0,10,22,0,16
3,7,29.0,268,6,6,2,7,62,3,16
3,7,29.0,268,6,2,0,9,134,2,16
3,7,29.0,268,6,1,1,1,105,0,16
3,7,29.0,268,6,11,1,9,57,0,16
3,7,30.0,42,3,3,2,8,41,4,19
3,7,19.0,330,2,0,0,0,12,3,10
3,3,19.0,138,6,6,0,10,47,0,10
3,3,19.0,138,6,17,2,6,89,3,10
3,3,19.0,138,6,13,0,10,23,3,10
3,3,19.0,138,6,20,1,1,35,4,10
3,3,19.0,138,6,15,0,2,2,2,10
3,3,22.0,166,1,17,0,9,10,2,26
3,3,22.0,166,1,0,0,16,37,3,26
3,3,27.0,361,3,8,1,9,83,4,15
3,3,27.0,361,3,13,0,2,2,2,15
3,3,28.0,187,0,6,1,14,24,0,18
3,3,28.0,187,0,15,0,13,48,1,18
2,2,11.0,128,0,19,2,1,59,1,9
2,2,11.0,128,0,4,0,0,31,3,9
2,2,11.0,128,0,13,1,13,36,1,9
2,2,11.0,128,0,2,0,4,79,3,9
2,2,13.0,231,2,19,0,4,75,1,25
2,2,18.0,137,0,12,0,8,33,1,0
2,2,18.0,137,0,15,1,2,40,1,0
2,2,18.0,137,0,1,0,8,118,1,0
2,2,18.0,137,0,12,0,13,29,1,0
2,2,20.0,108,2,23,2,15,114,3,29
2,2,20.0,108,2,20,0,0,0,2,29
2,2,18.0,137,0,4,3,8,27,3,0
2,2,29.0,131,5,17,2,0,15,1,16
2,0,2.0,334,0,5,0,8,41,1,22
2,0,2.0,334,0,10,1,14,125,4,22
2,2,29.0,131,5,11,1,9,95,4,16
2,0,3.0,229,1,14,0,2,2,3,27
2,0,5.0,260,4,20,0,13,48,3,24
2,0,5.0,260,4,3,1,1,35,4,24
2,0,5.0,260,4,14,0,14,24,4,24
2,0,21.0,241,6,16,0,10,47,3,21
2,0,21.0,241,6,2,0,4,121,1,21
2,0,21.0,241,6,14,2,7,120,1,21
3,7,27.0,53,4,18,0,14,24,2,15
3,7,29.0,268,6,17,0,4,4,1,16
3,7,29.0,268,6,18,0,9,10,1,16
3,7,30.0,42,3,16,0,5,12,3,19
3,7,30.0,42,3,2,0,0,77,3,19
3,7,30.0,42,3,12,0,9,101,3,19
3,3,19.0,138,6,19,0,8,9,0,10
3,3,19.0,138,6,14,0,13,28,4,10
3,3,19.0,138,6,9,2,16,50,0,10
3,3,19.0,138,6,1,1,3,115,0,10
3,3,20.0,105,3,4,2,16,50,3,29
3,3,22.0,166,1,16,1,2,86,0,26
3,3,22.0,166,1,6,0,16,50,1,26
3,3,22.0,166,1,9,1,12,17,4,26
3,3,27.0,361,3,20,0,7,62,4,15
3,3,27.0,361,3,4,0,10,22,1,15
3,3,27.0,361,3,11,1,1,105,4,15
3,3,29.0,325,1,11,0,10,43,1,16
3,3,29.0,325,1,22,0,6,89,1,16
3,3,28.0,187,0,4,1,14,126,4,18
3,11,11.0,175,6,9,2,0,31,4,9
3,11,13.0,312,0,16,0,2,2,4,25
3,11,13.0,312,0,7,1,1,105,0,25
3,11,13.0,312,0,9,0,1,11,2,25
3,11,13.0,312,0,8,1,12,135,1,25
3,11,29.0,270,2,7,0,0,0,0,16
3,11,29.0,270,2,9,0,9,9,0,16
3,9,3.0,217,0,12,1,2,69,0,27
3,9,4.0,295,1,4,0,8,27,1,30
3,9,4.0,295,1,19,1,9,83,4,30
3,7,19.0,330,2,0,1,3,115,0,10
3,7,19.0,330,2,21,1,5,6,0,10
3,7,19.0,330,2,12,1,8,41,1,10
3,7,27.0,53,4,21,1,0,68,0,15
3,7,27.0,53,4,8,0,14,32,3,15
3,7,27.0,53,4,1,0,13,48,1,15
3,7,27.0,53,4,14,0,12,104,3,15
3,7,27.0,53,4,9,2,14,107,0,15
3,7,29.0,268,6,8,0,7,111,2,16
3,7,29.0,268,6,1,1,1,105,0,16
3,7,30.0,42,3,8,2,13,48,3,19
3,3,20.0,105,3,16,1,3,103,0,29
2,0,3.0,229,1,0,2,0,0,3,27
2,0,3.0,229,1,17,0,8,19,3,27
2,0,3.0,229,1,17,0,15,108,3,27
2,0,3.0,229,1,7,1,14,24,0,27
2,0,2.0,334,0,21,0,15,112,3,22
2,0,3.0,229,1,13,0,7,57,0,27
2,0,2.0,334,0,18,0,11,18,1,22
2,0,3.0,229,1,12,1,9,95,4,27
2,0,5.0,260,4,1,0,10,47,1,24
2,0,21.0,241,6,23,0,7,62,4,21
2,0,30.0,290,0,22,0,10,23,1,19
2,0,30.0,290,0,20,1,16,74,4,19
2,4,17.0,26,4,17,2,11,124,1,6
3,7,24.0,68,0,12,0,5,6,0,14
3,7,24.0,68,0,17,1,0,77,1,14
2,11,15.0,331,0,19,0,11,90,1,1
2,11,15.0,331,0,1,1,0,77,0,1
3,1,19.0,29,1,15,0,14,24,2,10
3,8,17.0,74,2,21,1,16,74,1,6
2,9,21.0,362,2,13,1,11,18,0,21
2,9,23.0,167,5,17,3,14,25,0,17
2,9,23.0,167,5,7,1,13,29,4,17
2,3,15.0,263,0,8,3,2,69,0,1
2,3,24.0,347,2,18,1,10,12,0,14
2,3,23.0,357,1,19,1,9,95,0,17
2,6,16.0,244,3,18,3,11,133,1,2
3,11,2.0,265,4,16,2,13,48,4,22
3,11,2.0,265,4,8,0,4,75,1,22
3,11,2.0,265,4,19,2,9,93,0,22
3,11,2.0,265,4,9,2,3,30,1,22
3,11,2.0,265,4,9,0,1,11,4,22
3,11,11.0,175,6,6,1,6,89,2,9
3,11,11.0,175,6,22,1,9,10,4,9
3,11,13.0,312,0,6,0,8,19,3,25
3,3,28.0,187,0,8,0,10,47,1,18
3,3,28.0,187,0,14,0,5,6,3,18
3,3,29.0,325,1,16,2,3,44,3,16
3,3,28.0,187,0,8,0,12,61,2,18
3,3,29.0,325,1,3,1,8,41,1,16
3,3,28.0,187,0,17,3,10,47,3,18
3,3,28.0,187,0,18,1,8,41,4,18
3,5,3.0,161,6,23,1,10,52,1,27
3,5,3.0,161,6,4,0,8,33,1,27
3,5,4.0,114,3,13,0,16,130,3,30
3,5,4.0,114,3,9,0,0,31,2,30
3,5,4.0,114,3,1,0,8,118,0,30
3,5,4.0,114,3,1,3,6,7,3,30
3,5,5.0,96,0,5,0,8,41,1,24
3,5,5.0,96,0,2,1,7,8,4,24
3,5,5.0,96,0,1,0,9,10,2,24
3,5,6.0,277,1,0,0,15,51,1,23
3,11,13.0,312,0,1,2,8,33,3,25
3,11,13.0,312,0,13,1,9,134,1,25
3,11,21.0,192,1,7,1,13,48,0,21
3,11,21.0,192,1,15,0,13,21,2,21
3,11,21.0,192,1,15,0,2,13,1,21
3,11,21.0,192,1,18,0,8,27,1,21
3,11,29.0,270,2,5,0,14,24,4,16
3,11,29.0,270,2,12,0,4,5,1,16
3,9,3.0,217,0,16,0,12,61,3,27
3,7,3.0,269,0,13,3,1,1,0,27
3,9,3.0,217,0,12,0,5,6,0,27
3,9,3.0,217,0,4,2,15,51,3,27
1,3,21.0,338,4,19,0,13,48,1,21
2,7,25.0,316,0,6,1,10,12,0,13
3,2,13.0,276,4,18,2,2,69,2,25
2,2,11.0,128,0,3,0,3,103,0,9
2,2,13.0,231,2,0,2,5,12,3,25
2,2,13.0,231,2,13,1,0,12,1,25
2,2,13.0,231,2,12,0,14,34,2,25
2,2,18.0,137,0,3,0,13,38,0,0
2,2,18.0,137,0,11,0,9,134,2,0
2,2,20.0,108,2,0,0,16,74,3,29
2,2,20.0,108,2,0,2,10,22,0,29
2,2,20.0,108,2,0,0,13,28,1,29
2,2,20.0,108,2,1,2,6,91,0,29
2,2,29.0,131,5,16,2,2,13,3,16
2,0,2.0,334,0,15,1,14,34,4,22
2,0,2.0,334,0,19,0,3,103,4,22
2,0,2.0,334,0,14,1,14,32,4,22
2,0,2.0,334,0,18,2,10,6,3,22
2,0,2.0,334,0,18,0,4,79,3,22
2,0,3.0,229,1,4,1,9,93,4,27
2,0,5.0,260,4,16,1,0,53,0,24
2,0,21.0,241,6,2,0,10,12,1,21
2,0,30.0,290,0,17,0,9,49,1,19
2,0,30.0,290,0,20,1,7,20,1,19
2,8,17.0,75,1,23,1,12,61,1,6
2,4,9.0,79,2,11,3,13,38,4,12
2,0,1.0,47,3,18,2,13,29,3,7
3,11,17.0,110,5,11,1,12,121,1,6
3,1,1.0,203,5,1,0,7,137,1,7
3,1,9.0,50,6,3,0,10,22,1,12
3,1,18.0,82,0,8,3,10,47,3,0
2,9,29.0,98,4,1,0,10,22,3,16
3,2,8.0,258,6,13,3,11,15,4,8
3,0,12.0,113,5,22,0,2,40,2,28
3,0,12.0,113,5,9,1,12,84,0,28
2,7,31.0,180,3,14,3,9,57,0,20
2,6,8.0,236,6,4,0,2,92,1,8
2,6,23.0,31,3,13,1,0,31,4,17
2,6,24.0,39,0,4,0,5,12,3,14
2,10,16.0,256,1,18,0,2,86,1,2
2,10,16.0,256,1,19,0,7,20,4,2
2,10,21.0,314,3,8,1,6,89,2,21
2,10,19.0,223,5,13,0,7,120,1,10
2,2,5.0,251,1,15,0,5,6,0,24
2,2,5.0,251,1,14,0,9,101,1,24
2,2,11.0,128,0,20,0,0,53,1,9
2,2,11.0,128,0,12,1,7,54,4,9
2,2,13.0,231,2,10,1,10,22,0,25
2,2,13.0,231,2,18,0,8,9,1,25
2,2,18.0,137,0,16,0,0,0,3,0
2,2,18.0,137,0,22,0,4,66,2,0
2,2,18.0,137,0,6,3,8,118,4,0
2,2,18.0,137,0,15,0,2,69,0,0
2,2,18.0,137,0,9,0,4,121,3,0
2,2,29.0,131,5,19,2,1,16,3,16
2,0,3.0,229,1,23,0,5,6,0,27
2,0,21.0,241,6,21,0,13,99,1,21
2,0,21.0,241,6,5,0,0,77,3,21
2,0,30.0,290,0,6,1,9,10,4,19
2,0,30.0,290,0,13,0,5,6,0,19
2,0,30.0,290,0,19,2,8,27,3,19
3,11,2.0,265,4,14,2,8,9,3,22
3,11,11.0,175,6,6,0,6,14,4,9
3,11,6.0,252,0,13,1,10,47,0,23
2,0,7.0,9,6,12,1,6,91,4,11
2,0,7.0,9,6,2,0,12,61,3,11
3,11,16.0,225,4,22,0,14,24,2,2
3,1,11.0,111,0,4,0,1,67,4,9
2,11,30.0,170,1,9,1,13,48,0,19
3,4,10.0,79,5,17,3,1,11,3,4
0,0,21.0,287,4,6,0,1,67,4,21
3,4,10.0,79,5,20,1,5,12,2,4
2,5,16.0,212,4,13,0,0,26,1,2
2,6,30.0,208,3,15,0,13,29,1,19
2,6,30.0,208,3,12,1,6,128,1,19
2,10,24.0,56,2,19,3,11,15,3,14
2,10,25.0,61,4,15,0,9,87,3,13
2,6,15.0,38,6,17,3,16,108,4,1
2,8,25.0,278,2,5,0,15,46,1,13
2,8,24.0,86,1,2,0,9,54,2,14
2,4,6.0,133,3,7,0,11,18,1,23
3,11,11.0,175,6,12,0,8,9,0,9
3,11,11.0,175,6,1,0,11,58,2,9
2,4,1.0,141,1,6,0,13,38,0,7
2,4,1.0,141,1,7,1,1,16,0,7
2,4,1.0,141,1,6,2,2,2,3,7
2,4,5.0,176,6,22,0,15,85,3,24
2,8,3.0,299,1,21,1,14,126,1,27
3,7,20.0,266,4,9,0,8,27,1,29
3,5,14.0,36,2,18,0,12,61,3,5
3,3,5.0,324,6,17,0,1,35,2,24
3,1,3.0,188,3,12,0,4,136,4,27
3,1,3.0,188,3,1,0,3,44,4,27
3,1,4.0,286,0,15,0,14,126,0,30
3,1,4.0,286,0,14,0,16,108,4,30
3,5,21.0,351,2,1,0,2,2,2,21
3,1,12.0,353,1,7,1,0,64,0,28
3,1,12.0,353,1,12,1,15,51,1,28
3,1,12.0,353,1,19,0,16,50,2,28
3,1,12.0,353,1,18,2,2,2,3,28
3,1,12.0,353,1,16,1,9,95,0,28
3,1,22.0,164,5,4,0,7,111,3,26
3,8,5.0,101,5,11,0,13,99,4,24
2,0,11.0,113,2,6,0,15,51,1,9
3,8,5.0,101,5,22,0,8,27,1,24
3,8,5.0,101,5,9,0,0,12,3,24
2,11,1.0,222,0,20,0,11,117,1,7
3,1,4.0,286,0,1,1,3,70,1,30
2,6,24.0,39,0,19,3,11,124,4,14
2,2,4.0,127,0,16,0,5,6,3,30
3,3,30.0,304,2,17,0,9,63,3,19
2,11,1.0,222,0,17,1,5,12,1,7
2,11,9.0,311,1,6,2,8,27,3,12
2,11,9.0,311,1,16,0,1,67,1,12
2,11,9.0,311,1,15,0,15,31,4,12
2,11,9.0,311,1,8,0,13,48,0,12
2,11,16.0,225,1,6,0,8,27,3,2
2,11,18.0,332,4,3,0,0,64,3,0
2,9,1.0,126,4,22,0,12,61,3,7
3,8,12.0,284,5,10,0,13,29,1,28
3,8,12.0,284,5,6,1,7,8,0,28
3,8,12.0,284,5,22,0,10,47,3,28
3,8,12.0,284,5,19,0,0,12,3,28
3,8,12.0,284,5,9,0,10,12,0,28
3,8,21.0,46,3,17,0,10,22,1,21
3,8,21.0,46,3,5,0,0,68,0,21
3,8,21.0,46,3,20,0,10,43,3,21
3,8,21.0,46,3,15,0,3,44,2,21
3,8,22.0,354,0,17,0,14,32,1,26
3,10,3.0,310,4,11,0,7,20,0,27
3,10,10.0,245,4,13,1,4,136,4,4
3,5,31.0,196,6,13,0,15,119,2,20
3,10,3.0,310,4,19,0,10,30,3,27
3,10,3.0,310,4,12,0,6,7,3,27
3,10,11.0,298,5,6,2,14,107,3,9
3,10,11.0,298,5,17,1,13,69,1,9
3,10,11.0,298,5,20,1,7,122,1,9
3,1,3.0,188,3,17,2,2,2,3,27
3,1,3.0,188,3,23,0,2,92,3,27
3,1,3.0,188,3,8,2,10,47,3,27
2,11,1.0,222,0,0,0,1,67,4,7
2,11,1.0,222,0,12,0,2,3,4,7
3,1,3.0,188,3,14,0,14,25,4,27
3,1,4.0,286,0,6,0,14,24,1,30
2,11,17.0,110,2,1,0,2,3,4,6
2,9,8.0,90,4,14,0,9,95,1,8
3,1,4.0,286,0,13,0,1,67,0,30
3,1,4.0,286,0,13,0,8,41,2,30
3,1,4.0,286,0,19,0,6,89,0,30
3,1,4.0,286,0,19,3,5,6,0,30
3,8,5.0,101,5,14,0,11,15,1,24
3,8,5.0,101,5,9,0,13,28,1,24
3,8,12.0,284,5,21,1,6,7,0,28
3,8,12.0,284,5,15,0,9,27,0,28
3,8,12.0,284,5,10,1,7,8,0,28
3,8,12.0,284,5,8,0,6,91,2,28
2,11,5.0,240,5,22,0,14,24,1,24
0,2,20.0,264,0,13,0,9,54,3,29
2,7,15.0,40,5,4,0,6,89,0,1
2,5,16.0,212,4,19,0,13,29,2,2
2,6,15.0,38,6,2,1,13,69,0,1
2,10,8.0,150,0,13,1,10,52,1,8
2,6,30.0,208,3,12,0,13,38,2,19
2,11,17.0,110,2,11,1,5,12,0,6
2,9,8.0,90,4,7,1,10,52,1,8
3,8,12.0,284,5,9,0,15,51,0,28
3,8,14.0,296,3,6,0,13,21,2,5
3,8,14.0,296,3,7,1,3,79,0,5
3,8,14.0,296,3,21,1,1,67,0,5
3,8,14.0,296,3,10,1,12,80,4,5
3,8,14.0,296,3,12,0,5,6,0,5
3,8,14.0,296,3,4,0,8,33,4,5
3,8,14.0,296,3,1,2,7,57,4,5
3,8,22.0,354,0,0,0,14,32,1,26
3,1,12.0,353,1,21,1,6,116,0,28
3,1,12.0,353,1,1,0,10,23,1,28
3,1,22.0,164,5,17,0,1,11,0,26
3,1,22.0,164,5,6,0,10,52,1,26
2,11,1.0,222,0,21,0,0,64,3,7
2,11,29.0,270,0,11,0,12,100,4,16
2,9,5.0,89,0,8,0,16,37,2,24
3,3,30.0,304,2,4,0,4,136,1,19
3,5,30.0,294,5,22,0,12,61,2,19
3,6,20.0,215,5,14,1,5,6,0,29
3,6,20.0,215,5,18,1,2,92,4,29
3,5,14.0,36,2,14,0,11,15,2,5
3,5,14.0,36,2,9,0,0,15,1,5
3,5,19.0,146,0,7,1,10,23,1,10
3,5,20.0,214,1,6,0,12,61,3,29
3,5,20.0,214,1,7,0,8,33,1,29
3,5,20.0,214,1,15,0,16,42,1,29
3,5,20.0,214,1,13,0,8,33,4,29
3,5,20.0,214,1,12,2,7,20,2,29
3,5,20.0,214,1,18,0,10,23,1,29
3,5,21.0,351,2,21,1,0,53,0,21
3,5,21.0,351,2,19,0,0,26,3,21
3,5,28.0,259,2,15,3,12,61,3,18
3,5,28.0,259,2,19,0,9,93,1,18
3,5,28.0,259,2,14,0,5,12,3,18
3,5,29.0,24,4,6,1,9,134,4,16
3,6,21.0,193,6,4,3,4,45,0,21
3,6,23.0,84,0,19,0,2,86,1,17
3,6,23.0,84,0,19,0,7,78,3,17
3,6,23.0,84,0,18,0,4,4,1,17
3,10,3.0,310,4,4,1,14,25,0,27
3,10,11.0,298,5,6,1,6,128,0,9
3,10,11.0,298,5,21,1,7,129,0,9
3,10,11.0,298,5,13,0,4,127,2,9
3,10,11.0,298,5,8,0,10,22,1,9
3,1,3.0,188,3,20,0,8,27,2,27
3,1,3.0,188,3,6,0,4,127,3,27
3,5,29.0,24,4,3,0,5,6,0,16
3,5,31.0,196,6,17,1,13,28,4,20
3,5,31.0,196,6,17,1,13,48,0,20
3,5,31.0,196,6,13,0,9,134,2,20
3,5,20.0,214,1,13,3,10,23,1,29
2,11,1.0,222,0,16,0,11,15,2,7
2,11,1.0,222,0,0,0,3,30,1,7
2,11,1.0,222,0,0,0,15,31,4,7
3,5,31.0,196,6,19,0,5,6,0,20
3,5,31.0,196,6,13,0,9,49,2,20
3,6,21.0,193,6,12,0,2,2,1,21
3,6,21.0,193,6,20,0,12,104,1,21
3,6,23.0,84,0,0,2,9,95,4,17
3,10,3.0,310,4,0,0,1,67,4,27
3,10,3.0,310,4,18,2,10,30,3,27
3,10,11.0,298,5,17,2,1,81,3,9
3,10,11.0,298,5,4,0,5,6,2,9
3,1,3.0,188,3,7,1,0,53,0,27
3,1,3.0,188,3,5,2,0,31,0,27
3,1,3.0,188,3,5,0,14,24,2,27
3,1,4.0,286,0,4,0,5,6,0,30
3,1,12.0,353,1,16,0,13,28,3,28
3,1,12.0,353,1,16,2,6,89,0,28
3,5,14.0,36,2,1,2,14,125,0,5
3,5,19.0,146,0,17,0,0,64,3,10
3,5,19.0,146,0,0,1,9,27,0,10
3,5,19.0,146,0,4,1,5,6,0,10
3,5,20.0,214,1,19,0,2,86,4,29
3,5,20.0,214,1,4,0,10,47,0,29
3,5,20.0,214,1,9,0,5,6,0,29
3,5,21.0,351,2,6,1,13,28,0,21
3,5,19.0,146,0,12,1,10,23,1,10
3,5,21.0,351,2,12,0,11,18,3,21
3,5,21.0,351,2,15,3,10,47,3,21
3,5,19.0,146,0,5,1,9,10,4,10
3,5,21.0,351,2,8,0,8,41,1,21
3,5,21.0,351,2,14,2,0,31,3,21
3,5,21.0,351,2,9,2,7,137,3,21
3,5,21.0,351,2,9,2,7,31,3,21
3,5,28.0,259,2,19,0,12,61,3,18
3,5,29.0,24,4,7,1,2,71,0,16
3,5,28.0,259,2,8,0,13,69,3,18
3,5,28.0,259,2,1,0,0,77,1,18
3,5,28.0,259,2,4,1,2,71,4,18
3,5,31.0,196,6,7,0,11,94,1,20
3,5,31.0,196,6,5,0,13,48,4,20
3,5,31.0,196,6,9,1,8,19,0,20
3,5,31.0,196,6,18,2,10,22,3,20
2,11,1.0,222,0,20,0,11,133,3,7
2,11,1.0,222,0,7,1,4,127,2,7
2,11,1.0,222,0,16,0,0,12,3,7
3,6,21.0,193,6,1,0,10,22,3,21
2,0,28.0,191,6,21,1,16,113,2,18
2,0,28.0,191,6,17,1,0,64,0,18
2,0,28.0,191,6,20,0,14,24,2,18
3,11,10.0,360,5,4,0,8,9,1,4
3,11,10.0,360,5,4,2,13,29,0,4
3,11,18.0,332,6,0,1,15,39,1,0
3,11,18.0,332,6,13,2,10,23,2,0
3,11,18.0,332,6,2,2,15,119,2,0
3,11,18.0,332,6,1,0,2,86,1,0
3,11,18.0,332,6,16,1,4,138,1,0
3,11,18.0,332,6,4,0,4,75,1,0
3,11,19.0,321,3,5,2,15,31,0,10
3,11,19.0,321,3,4,0,11,133,2,10
3,11,28.0,123,1,0,0,0,12,3,18
3,11,28.0,123,1,2,0,7,137,1,18
3,9,10.0,156,0,2,2,7,78,0,4
3,9,10.0,156,0,14,0,2,40,3,4
3,9,10.0,156,0,13,0,2,40,1,4
2,11,1.0,222,0,6,0,5,6,3,7
2,11,1.0,222,0,6,0,5,6,0,7
2,11,1.0,222,0,16,0,16,50,1,7
2,11,1.0,222,0,10,0,8,41,1,7
2,11,1.0,222,0,10,0,5,12,2,7
2,11,1.0,222,0,22,0,10,22,1,7
2,11,1.0,222,0,8,2,16,130,4,7
2,11,9.0,311,1,6,2,10,47,0,12
2,11,9.0,311,1,23,0,7,62,1,12
2,11,9.0,311,1,15,0,15,114,2,12
2,11,9.0,311,1,14,2,10,47,3,12
2,11,9.0,311,1,0,0,6,89,4,12
2,11,9.0,311,1,14,1,13,38,0,12
2,11,9.0,311,1,12,0,9,49,1,12
2,11,16.0,225,1,6,0,0,53,0,2
2,11,16.0,225,1,5,0,13,99,2,2
2,11,9.0,311,1,10,1,5,6,0,12
3,9,11.0,52,1,6,0,0,12,3,9
3,9,11.0,52,1,2,0,8,9,0,9
3,9,11.0,52,1,19,1,4,127,4,9
3,9,18.0,359,1,16,0,10,47,3,0
3,9,18.0,359,1,21,0,10,47,3,0
3,9,18.0,359,1,18,0,0,64,3,0
3,9,19.0,234,2,16,1,3,44,1,10
3,9,19.0,234,2,7,0,15,114,1,10
3,9,21.0,362,5,13,1,11,98,4,21
3,9,21.0,362,5,23,1,6,7,4,21
3,9,21.0,362,5,14,0,0,12,3,21
3,7,2.0,160,3,6,2,6,116,0,22
3,7,2.0,160,3,20,0,0,96,2,22
3,7,2.0,160,3,15,0,6,132,2,22
3,7,3.0,269,0,3,0,13,38,1,27
3,7,10.0,329,0,15,0,0,0,0,4
2,11,16.0,225,1,9,0,8,118,1,2
2,11,16.0,225,1,16,0,0,12,0,2
2,11,18.0,332,4,5,0,14,24,2,0
2,11,18.0,332,4,8,0,13,99,2,0
2,11,18.0,332,4,16,0,1,1,1,0
2,9,1.0,126,4,6,0,4,75,3,7
2,9,1.0,126,4,15,0,3,76,3,7
2,9,1.0,126,4,0,0,7,111,1,7
2,9,1.0,126,4,9,0,3,30,1,7
2,9,2.0,323,5,6,0,9,54,1,22
2,9,2.0,323,5,5,0,11,18,1,22
2,9,2.0,323,5,15,1,11,10,4,22
2,9,2.0,323,5,13,3,0,77,4,22
2,9,2.0,323,5,18,0,10,47,2,22
3,7,12.0,181,2,21,1,4,79,0,28
3,7,12.0,181,2,4,0,11,133,1,28
3,7,2.0,160,3,13,1,8,9,1,22
3,5,19.0,146,0,17,0,3,76,1,10
3,5,19.0,146,0,11,0,4,121,1,10
3,5,19.0,146,0,2,2,12,61,3,10
3,5,19.0,146,0,8,2,14,88,0,10
3,5,20.0,214,1,17,1,15,39,0,29
3,5,20.0,214,1,2,0,0,68,4,29
3,5,20.0,214,1,14,0,14,125,4,29
3,5,19.0,146,0,12,0,5,64,2,10
3,5,19.0,146,0,9,0,13,36,3,10
3,5,20.0,214,1,1,0,7,111,1,29
3,5,19.0,146,0,13,0,8,27,2,10
3,5,20.0,214,1,4,1,15,39,4,29
2,8,11.0,284,2,13,2,4,82,3,9
3,5,21.0,351,2,16,0,10,22,0,21
2,0,16.0,12,0,17,1,0,77,1,2
2,0,16.0,12,0,14,1,12,17,4,2
3,3,8.0,148,1,17,1,0,26,1,8
0,9,1.0,126,2,17,3,2,123,4,7
3,5,18.0,195,3,3,0,10,22,2,0
3,6,26.0,348,4,15,1,9,57,4,3
2,5,31.0,158,5,2,0,10,47,0,20
2,6,16.0,244,3,18,2,2,92,1,2
3,5,28.0,259,2,0,2,9,93,3,18
3,5,28.0,259,2,12,0,7,20,0,18
3,5,28.0,259,2,1,0,14,34,1,18
3,5,28.0,259,2,9,0,2,69,1,18
3,5,28.0,259,2,1,0,8,27,1,18
3,5,28.0,259,2,12,1,13,29,1,18
3,5,28.0,259,2,18,0,15,39,1,18
3,5,29.0,24,4,8,0,1,59,2,16
3,5,31.0,196,6,6,1,10,52,1,20
3,5,31.0,196,6,15,0,6,89,2,20
3,6,21.0,193,6,16,0,6,128,3,21
3,6,21.0,193,6,3,0,6,128,1,21
3,6,21.0,193,6,8,1,12,17,4,21
3,6,23.0,84,0,21,1,11,94,0,17
3,6,23.0,84,0,5,0,10,6,3,17
3,10,3.0,310,4,20,0,8,9,1,27
3,11,19.0,321,3,8,1,1,35,1,10
3,11,28.0,123,1,17,0,0,26,1,18
3,11,28.0,123,1,8,0,10,52,3,18
3,9,10.0,156,0,22,0,12,121,1,4
2,9,1.0,126,4,13,3,6,7,0,7
3,3,29.0,325,1,0,1,10,22,0,16
3,5,5.0,96,0,22,0,10,22,2,24
3,9,10.0,156,0,8,0,6,91,3,4
3,9,11.0,52,1,22,1,1,67,0,9
3,9,11.0,52,1,19,2,6,73,3,9
3,9,12.0,177,2,16,0,4,115,3,28
3,9,11.0,52,1,18,2,1,35,3,9
3,9,18.0,359,1,15,0,2,2,4,0
3,9,18.0,359,1,2,0,1,16,0,0
3,9,18.0,359,1,14,0,13,29,0,0
3,9,21.0,362,5,11,0,15,31,0,21
3,9,21.0,362,5,1,0,6,89,1,21
3,9,21.0,362,5,23,1,9,87,4,21
3,7,2.0,160,3,17,0,5,12,3,22
3,7,2.0,160,3,5,0,16,113,1,22
3,7,10.0,329,0,0,0,6,128,1,4
3,7,10.0,329,0,16,1,1,35,0,4
3,7,10.0,329,0,15,2,1,11,2,4
3,7,10.0,329,0,2,0,16,37,1,4
3,7,10.0,329,0,2,0,10,22,3,4
3,7,12.0,181,2,9,0,9,93,0,28
3,5,20.0,214,1,9,0,7,129,1,29
2,4,14.0,132,0,2,0,5,6,0,5
2,2,7.0,258,4,15,1,14,24,4,11
2,2,6.0,153,2,15,0,8,27,0,23
2,0,23.0,55,0,1,0,9,93,3,17
2,0,24.0,281,1,12,0,11,55,4,14
2,0,26.0,23,4,4,1,15,114,1,3
2,0,24.0,281,1,17,1,2,86,1,14
3,9,17.0,255,0,9,1,5,6,0,6
3,9,1.0,126,6,13,0,13,69,1,7
3,5,1.0,109,4,22,1,2,2,1,7
3,5,16.0,239,5,1,1,5,64,1,2
2,11,4.0,275,4,13,3,9,93,1,30
0,9,1.0,126,2,13,1,9,93,1,7
2,11,4.0,275,4,11,0,4,136,2,30
3,5,21.0,351,2,17,0,2,86,1,21
3,5,21.0,351,2,6,0,5,12,1,21
3,5,20.0,214,1,4,1,16,65,4,29
2,2,28.0,140,4,8,0,1,59,2,18
3,5,28.0,259,2,17,0,10,22,3,18
3,5,12.0,327,0,2,0,6,128,2,28
3,5,14.0,36,2,15,0,6,89,2,5
3,5,14.0,36,2,19,0,14,25,2,5
3,5,12.0,327,0,18,1,11,55,0,28
2,2,22.0,230,5,20,0,0,0,1,26
2,2,28.0,140,4,2,2,13,99,3,18
2,2,28.0,140,4,9,1,9,102,4,18
2,2,28.0,140,4,4,0,3,44,2,18
2,2,30.0,8,6,11,0,8,118,1,19
2,2,30.0,8,6,2,2,13,38,1,19
2,0,4.0,122,2,6,2,12,104,0,30
2,0,4.0,122,2,17,0,2,2,3,30
2,0,11.0,113,2,11,0,6,7,2,9
2,2,30.0,8,6,15,0,4,45,2,19
2,0,19.0,172,4,13,0,8,27,2,10
2,0,28.0,191,6,19,0,8,118,3,18
2,0,28.0,191,6,2,1,1,67,4,18
3,11,10.0,360,5,13,0,14,32,2,4
3,11,10.0,360,5,22,0,13,38,2,4
3,11,18.0,332,6,10,1,7,137,4,0
3,11,18.0,332,6,1,0,13,13,1,0
3,11,18.0,332,6,9,0,6,7,1,0
3,11,19.0,321,3,20,1,14,25,1,10
3,11,19.0,321,3,2,0,4,75,4,10
2,2,4.0,127,0,1,0,0,12,3,30
2,2,4.0,127,0,8,0,5,6,0,30
2,2,12.0,276,1,2,0,11,117,1,28
2,2,12.0,276,1,14,0,10,23,1,28
2,2,12.0,276,1,5,1,4,138,4,28
2,2,19.0,264,1,0,0,8,9,1,10
2,2,19.0,264,1,14,2,13,38,4,10
2,2,21.0,209,4,4,1,15,96,0,21
2,2,22.0,230,5,12,0,15,51,3,26
2,2,28.0,140,4,6,0,1,11,4,18
2,2,28.0,140,4,2,0,12,121,4,18
2,2,30.0,8,6,12,0,16,74,2,19
2,2,30.0,8,6,4,0,6,91,3,19
2,2,30.0,8,6,19,0,1,11,3,19
2,2,30.0,8,6,14,0,13,28,2,19
2,2,30.0,8,6,9,0,10,47,2,19
2,2,30.0,8,6,12,2,10,22,3,19
2,0,4.0,122,2,0,2,10,47,3,30
2,2,30.0,8,6,19,0,2,2,2,19
2,0,10.0,10,1,7,1,13,36,1,4
2,0,10.0,10,1,22,1,5,6,0,4
2,0,10.0,10,1,4,0,8,41,1,4
2,0,20.0,287,5,23,1,8,118,1,29
2,0,20.0,287,5,1,0,10,43,1,29
3,9,21.0,362,5,11,1,5,12,1,21
2,11,24.0,194,2,1,0,7,78,1,14
3,7,2.0,160,3,8,2,12,61,3,22
3,7,2.0,160,3,1,0,13,29,1,22
3,7,2.0,160,3,4,1,14,107,4,22
3,7,2.0,160,3,15,0,8,118,1,22
3,7,3.0,269,0,5,0,2,40,2,27
3,7,3.0,269,0,9,0,4,75,4,27
3,7,10.0,329,0,6,0,5,6,0,4
3,10,20.0,223,3,12,1,13,38,2,29
3,7,12.0,181,2,0,0,0,12,0,28
3,7,20.0,266,4,3,1,9,87,4,29
3,3,5.0,324,6,20,0,5,6,0,24
3,3,5.0,324,6,12,0,13,48,3,24
3,3,5.0,324,6,4,0,0,26,3,24
3,3,10.0,4,4,11,0,10,52,1,4
3,3,12.0,104,6,17,0,9,102,0,28
3,3,12.0,104,6,11,0,9,63,1,28
3,3,30.0,304,2,17,0,16,130,1,19
3,3,30.0,304,2,0,0,2,13,1,19
3,5,12.0,327,0,11,0,16,113,3,28
3,5,12.0,327,0,3,2,7,57,3,28
3,5,12.0,327,0,1,1,7,57,1,28
3,5,14.0,36,2,6,0,0,64,3,5
3,5,14.0,36,2,23,0,1,11,4,5
3,5,14.0,36,2,16,1,0,64,0,5
3,5,14.0,36,2,15,1,13,99,0,5
2,2,29.0,131,5,8,0,2,2,2,16
2,2,20.0,108,2,14,1,5,12,2,29
3,5,5.0,96,0,11,1,13,99,4,24
3,6,20.0,215,5,18,1,7,120,0,29
3,5,14.0,36,2,4,0,8,19,0,5
3,5,28.0,259,2,22,0,14,131,3,18
3,5,28.0,259,2,2,0,1,11,1,18
3,5,29.0,24,4,17,2,9,95,3,16
3,5,29.0,24,4,21,2,3,44,0,16
3,5,31.0,196,6,15,0,2,69,0,20
3,5,31.0,196,6,14,0,2,86,1,20
3,6,21.0,193,6,5,2,13,29,2,21
3,6,21.0,193,6,13,0,16,50,3,21
3,6,21.0,193,6,18,0,12,121,3,21
3,6,21.0,193,6,3,0,9,95,2,21
3,6,23.0,84,0,10,0,11,98,3,17
3,6,23.0,84,0,13,3,11,15,0,17
3,6,23.0,84,0,22,3,10,50,0,17
3,6,23.0,84,0,22,0,13,38,0,17
3,6,23.0,84,0,19,2,10,47,0,17
3,10,3.0,310,4,20,0,4,4,0,27
3,10,30.0,157,2,19,0,10,30,0,19
3,1,21.0,45,4,4,1,9,95,1,21
3,8,7.0,70,3,0,1,11,18,1,11
3,10,11.0,298,5,17,1,9,27,1,9
3,1,3.0,188,3,13,0,4,45,0,27
3,9,11.0,52,1,13,0,12,56,1,9
3,9,11.0,52,1,22,0,10,6,0,9
3,9,11.0,52,1,1,0,10,12,3,9
3,9,12.0,177,2,19,0,2,40,2,28
3,9,12.0,177,2,18,0,13,21,2,28
3,9,12.0,177,2,19,0,2,40,1,28
3,9,19.0,234,2,16,0,9,95,1,10
3,9,19.0,234,2,0,0,10,23,1,10
3,9,19.0,234,2,12,0,13,28,1,10
3,9,21.0,362,5,23,0,6,126,3,21
3,9,21.0,362,5,6,1,13,38,0,21
3,9,21.0,362,5,2,0,5,12,1,21
3,7,3.0,269,0,20,1,7,137,1,27
3,7,20.0,266,4,6,1,16,113,1,29
3,7,20.0,266,4,16,1,10,47,1,29
3,3,10.0,4,4,5,0,4,66,0,4
3,3,10.0,4,4,4,0,2,40,1,4
2,0,17.0,0,1,9,1,15,112,0,6
2,0,18.0,13,2,5,0,14,24,2,0
3,11,17.0,110,5,19,1,0,64,0,6
3,9,16.0,107,3,3,1,10,23,1,2
3,7,8.0,94,6,12,1,14,24,1,8
2,2,1.0,143,5,17,1,4,127,1,7
3,5,23.0,168,5,17,0,2,86,1,17
2,5,7.0,199,1,2,0,1,11,4,11
2,6,24.0,39,0,19,0,0,15,3,14
2,6,24.0,39,0,9,1,0,31,2,14
3,1,21.0,45,4,9,0,2,2,1,21
3,3,10.0,4,4,0,1,1,105,4,4
3,3,12.0,104,6,20,0,13,28,0,28
3,3,12.0,104,6,20,0,1,35,4,28
3,3,30.0,304,2,15,0,6,91,1,19
3,3,30.0,304,2,1,0,14,97,1,19
3,7,20.0,266,4,10,1,15,51,2,29
3,3,5.0,324,6,21,0,3,79,2,24
3,3,10.0,4,4,4,0,13,28,3,4
3,3,12.0,104,6,7,0,10,47,2,28
3,3,12.0,104,6,11,0,8,118,1,28
3,3,12.0,104,6,3,1,11,15,4,28
3,3,30.0,304,2,17,2,9,63,0,19
3,3,30.0,304,2,16,0,5,47,3,19
3,3,30.0,304,2,23,0,6,91,1,19
3,3,30.0,304,2,6,0,0,26,1,19
3,3,30.0,304,2,1,1,3,79,2,19
3,5,2.0,307,5,17,0,4,79,3,22
3,5,2.0,307,5,6,0,15,31,4,22
3,5,2.0,307,5,8,0,10,22,1,22
3,5,12.0,327,0,17,0,5,12,1,28
3,5,12.0,327,0,20,0,2,2,1,28
3,5,12.0,327,0,3,0,11,90,3,28
3,5,12.0,327,0,4,0,12,100,0,28
3,5,12.0,327,0,2,1,0,77,1,28
3,5,12.0,327,0,1,3,8,41,0,28
3,5,14.0,36,2,6,2,15,77,3,5
3,5,14.0,36,2,23,0,13,38,1,5
3,5,14.0,36,2,23,0,1,35,3,5
3,5,14.0,36,2,22,1,9,93,4,5
3,1,3.0,188,3,3,1,6,89,1,27
3,1,3.0,188,3,4,0,9,49,1,27
3,1,3.0,188,3,1,0,13,69,3,27
3,1,3.0,188,3,9,0,16,74,3,27
3,1,3.0,188,3,19,0,12,17,0,27
3,1,4.0,286,0,16,1,11,15,0,30
3,1,4.0,286,0,2,0,0,26,0,30
3,1,4.0,286,0,12,0,13,69,4,30
3,1,4.0,286,0,19,0,13,29,1,30
2,3,2.0,182,1,15,0,2,86,4,22
2,3,2.0,182,1,13,0,13,48,1,22
2,3,27.0,187,6,11,1,5,6,1,15
2,5,9.0,155,4,15,0,8,9,3,12
2,6,19.0,215,2,14,0,3,76,3,10
2,4,19.0,115,6,2,2,1,59,3,10
2,4,19.0,115,6,1,2,13,21,3,10
2,3,1.0,120,0,22,3,9,57,4,7
2,0,10.0,10,1,8,1,9,101,4,4
2,0,11.0,113,2,9,0,10,52,3,9
2,0,19.0,172,4,5,0,10,52,1,10
2,0,19.0,172,4,1,0,1,11,1,10
2,0,20.0,287,5,20,0,9,57,0,29
2,0,20.0,287,5,13,0,2,60,1,29
2,0,28.0,191,6,2,0,0,26,3,18
3,11,10.0,360,5,20,2,8,41,2,4
3,11,18.0,332,6,6,1,13,38,0,0
3,11,18.0,332,6,8,0,13,28,2,0
3,11,18.0,332,6,2,0,15,31,0,0
3,11,18.0,332,6,8,0,15,119,3,0
3,11,18.0,332,6,20,1,11,18,1,0
3,11,18.0,332,6,19,1,14,125,4,0
3,11,18.0,332,6,15,0,9,109,2,0
3,11,19.0,321,3,8,1,15,114,1,10
3,11,19.0,321,3,20,1,12,84,1,10
3,11,28.0,123,1,13,2,9,102,3,18
3,11,28.0,123,1,1,0,11,117,1,18
3,9,11.0,52,1,16,0,1,81,3,9
3,9,10.0,156,0,17,0,11,15,2,4
3,7,10.0,329,0,2,2,6,132,0,4
0,0,28.0,249,4,15,3,10,47,0,18
2,5,26.0,328,3,17,2,5,12,3,3
2,6,19.0,215,2,14,1,3,30,4,10
2,6,28.0,335,5,0,1,11,133,4,18
2,4,19.0,115,6,15,0,6,128,2,10
2,2,27.0,257,2,19,1,15,31,1,15
2,0,22.0,237,3,1,0,1,16,3,26
3,7,13.0,238,4,12,0,8,27,1,25
2,5,17.0,195,5,8,0,2,60,2,6
2,6,27.0,309,4,23,0,9,27,0,15
3,7,10.0,329,0,8,2,1,1,0,4
3,7,10.0,329,0,6,1,8,27,4,4
3,7,12.0,181,2,6,0,7,111,2,28
3,7,12.0,181,2,14,0,14,107,2,28
3,7,12.0,181,2,1,0,11,15,2,28
3,7,20.0,266,4,6,1,13,13,0,29
3,7,20.0,266,4,0,0,12,80,4,29
3,7,20.0,266,4,13,0,7,78,3,29
3,7,20.0,266,4,5,0,0,0,2,29
3,7,20.0,266,4,19,0,8,27,2,29
3,3,5.0,324,6,16,0,10,22,2,24
3,3,5.0,324,6,12,2,16,74,3,24
3,3,10.0,4,4,3,1,7,57,4,4
3,3,12.0,104,6,16,0,13,48,1,28
3,3,10.0,4,4,13,0,14,24,2,4
3,3,30.0,304,2,17,2,1,11,3,19
3,3,30.0,304,2,16,0,10,23,1,19
3,3,30.0,304,2,2,0,5,6,0,19
3,5,2.0,307,5,5,0,2,123,3,22
3,5,2.0,307,5,15,0,10,43,2,22
3,5,2.0,307,5,1,0,4,79,3,22
2,6,28.0,335,5,15,3,4,75,3,18
2,4,19.0,115,6,4,1,12,121,0,10
2,2,27.0,257,2,2,3,7,8,3,15
2,0,27.0,249,5,4,2,8,27,3,15
2,0,27.0,249,5,22,1,9,83,2,15
2,0,27.0,249,5,3,0,10,43,3,15
3,6,29.0,335,3,13,1,0,77,2,16
3,5,2.0,307,5,9,0,8,41,3,22
3,9,19.0,234,2,0,0,9,93,4,10
3,9,21.0,362,5,7,2,11,133,0,21
3,9,21.0,362,5,14,0,0,15,2,21
3,9,21.0,362,5,11,1,5,12,1,21
3,9,21.0,362,5,8,0,0,68,2,21
3,7,2.0,160,3,20,0,8,27,2,22
3,7,2.0,160,3,11,0,10,47,2,22
3,7,3.0,269,0,6,0,9,101,0,27
3,7,12.0,181,2,21,1,9,54,0,28
3,7,12.0,181,2,15,1,12,84,1,28
3,7,20.0,266,4,6,1,13,48,0,29
3,7,20.0,266,4,23,0,4,79,1,29
3,7,20.0,266,4,2,0,11,94,0,29
3,3,5.0,324,6,12,0,8,9,0,24
3,3,10.0,4,4,0,2,3,44,3,4
3,3,10.0,4,4,5,1,13,99,4,4
3,3,10.0,4,4,19,1,11,55,4,4
3,3,10.0,4,4,22,0,11,133,0,4
3,3,12.0,104,6,2,0,5,6,3,28
3,3,12.0,104,6,2,0,15,37,0,28
3,1,4.0,286,0,12,2,2,92,0,30
3,1,12.0,353,1,7,0,4,121,3,28
3,10,20.0,223,3,13,3,9,63,4,29
3,1,21.0,45,4,18,2,11,94,1,21
3,1,12.0,353,1,12,0,4,79,3,28
3,1,22.0,164,5,10,1,0,53,0,26
3,1,22.0,164,5,16,3,13,48,4,26
3,1,22.0,164,5,1,2,13,29,2,26
3,1,22.0,164,5,9,0,11,124,1,26
3,8,5.0,101,5,12,2,13,69,2,24
3,3,30.0,304,2,2,2,8,19,3,19
3,3,30.0,304,2,9,0,6,89,4,19
3,3,30.0,304,2,7,0,0,12,3,19
3,5,2.0,307,5,22,2,1,35,4,22
3,5,2.0,307,5,2,0,16,50,3,22
3,5,12.0,327,0,0,0,11,133,4,28
3,5,12.0,327,0,20,3,5,6,0,28
3,5,12.0,327,0,12,1,12,135,4,28
3,5,20.0,214,1,16,0,3,44,3,29
3,5,20.0,214,1,0,2,2,86,1,29
2,6,16.0,244,3,11,0,1,105,4,2
2,6,13.0,173,4,17,1,12,61,4,25
2,9,15.0,226,4,17,0,9,10,1,1
2,0,16.0,12,0,2,1,11,98,4,2
3,9,17.0,255,0,14,0,11,133,3,6
3,3,8.0,148,1,15,2,2,86,0,8
3,5,1.0,109,4,0,0,6,14,1,7
3,5,18.0,195,3,1,0,9,57,0,0
2,10,16.0,256,1,23,1,16,113,0,2
2,4,8.0,18,1,12,1,14,25,0,8
2,4,25.0,80,5,16,0,8,27,1,13
2,0,17.0,0,1,20,0,15,46,1,6
2,0,18.0,13,2,1,1,10,22,0,0
3,11,17.0,110,5,4,1,0,64,0,6
3,7,8.0,94,6,8,1,9,10,4,8
3,7,8.0,94,6,8,2,13,29,3,8
3,10,2.0,358,2,0,1,16,50,0,22
3,10,10.0,245,4,2,0,13,99,3,4
2,2,29.0,131,5,3,1,14,97,4,16
2,2,29.0,131,5,12,1,0,77,1,16
3,11,11.0,175,6,15,0,6,128,2,9
3,3,27.0,361,3,17,1,7,120,1,15
3,3,22.0,166,1,13,3,6,7,3,26
2,11,6.0,252,6,6,0,12,100,1,23
2,11,23.0,232,1,1,1,14,34,1,17
2,7,20.0,81,2,19,0,2,86,1,29
2,5,13.0,36,0,13,3,9,57,0,25
2,4,25.0,80,5,9,1,3,76,0,13
2,4,25.0,80,5,21,1,0,77,0,13
2,2,16.0,6,6,20,1,11,10,4,2
2,0,1.0,47,3,17,0,7,57,4,7
2,11,31.0,227,2,4,3,15,119,0,20
3,5,19.0,146,0,14,1,15,37,0,10
3,5,20.0,214,1,22,0,0,68,3,29
3,5,20.0,214,1,22,1,3,70,2,29
3,5,20.0,214,1,1,2,13,48,3,29
3,5,21.0,351,2,13,2,15,96,3,21
3,5,21.0,351,2,19,1,10,22,1,21
3,5,21.0,351,2,12,0,9,93,4,21
3,5,28.0,259,2,17,0,11,8,0,18
3,5,28.0,259,2,16,0,2,2,0,18
3,5,28.0,259,2,4,0,15,46,2,18
3,3,30.0,304,2,4,0,5,6,0,19
3,5,2.0,307,5,12,0,2,86,1,22
3,3,30.0,304,2,7,1,10,43,1,19
3,5,12.0,327,0,15,1,2,2,1,28
3,5,12.0,327,0,16,0,5,12,3,28
3,5,12.0,327,0,12,0,1,104,3,28
3,5,14.0,36,2,17,0,13,38,3,5
3,5,14.0,36,2,8,0,6,7,1,5
0,3,1.0,180,6,17,0,13,38,0,7
2,6,23.0,31,3,3,3,0,31,0,17
2,4,31.0,16,4,20,0,3,44,3,20
2,2,26.0,136,1,16,0,0,12,3,3
3,9,23.0,167,3,12,3,8,19,2,17
3,5,10.0,155,6,1,1,5,6,0,4
3,5,10.0,155,6,3,0,0,15,1,4
3,5,10.0,155,6,17,0,5,47,2,4
3,11,18.0,332,6,14,0,10,22,3,0
3,11,18.0,332,6,1,0,15,108,4,0
3,11,18.0,332,6,19,0,1,16,1,0
3,11,19.0,321,3,17,1,15,119,0,10
3,11,19.0,321,3,12,2,4,82,3,10
3,11,19.0,321,3,19,2,1,35,3,10
3,11,19.0,321,3,9,0,9,9,1,10
3,11,19.0,321,3,9,0,0,53,3,10
3,11,28.0,123,1,8,0,0,26,2,18
3,11,19.0,321,3,19,3,2,2,3,10
3,9,10.0,156,0,5,0,10,22,3,4
3,9,10.0,156,0,13,0,14,34,2,4
2,4,26.0,274,6,1,3,5,6,1,3
2,4,30.0,67,2,17,0,14,34,3,19
2,4,30.0,67,2,22,0,14,24,0,19
2,2,4.0,127,0,2,0,6,128,0,30
2,2,4.0,127,0,13,1,11,55,4,30
2,2,10.0,297,3,11,2,10,12,3,4
2,2,12.0,276,1,17,0,0,12,0,28
2,2,12.0,276,1,2,0,6,89,1,28
2,2,19.0,264,1,15,0,8,118,1,10
3,5,1.0,109,4,18,1,10,52,1,7
3,5,18.0,195,3,22,1,2,86,4,0
3,5,18.0,195,3,9,0,0,12,0,0
3,5,18.0,195,3,9,0,2,13,1,0
3,5,18.0,195,3,22,0,8,27,3,0
3,3,26.0,343,6,12,0,8,41,3,3
2,4,15.0,25,1,18,0,0,96,3,1
2,2,7.0,258,4,22,0,15,96,2,11
2,11,1.0,222,0,19,0,12,17,3,7
2,2,21.0,209,4,15,1,14,34,1,21
2,2,21.0,209,4,22,0,0,12,2,21
2,2,22.0,230,5,23,0,13,99,1,26
2,2,22.0,230,5,4,0,9,101,2,26
2,2,28.0,140,4,11,1,13,21,1,18
2,2,28.0,140,4,14,2,9,102,3,18
2,2,28.0,140,4,19,1,9,10,4,18
2,2,30.0,8,6,10,0,4,4,4,19
2,2,30.0,8,6,4,0,6,89,1,19
2,0,4.0,122,2,21,0,8,41,3,30
2,0,4.0,122,2,18,0,9,57,0,30
2,0,10.0,10,1,17,2,9,27,2,4
2,0,10.0,10,1,6,0,10,22,2,4
3,9,11.0,52,1,17,2,5,12,0,9
3,9,10.0,156,0,9,0,9,101,4,4
3,9,11.0,52,1,19,0,10,22,1,9
3,9,11.0,52,1,19,0,15,46,0,9
3,9,11.0,52,1,3,1,9,134,4,9
3,9,12.0,177,2,21,0,2,40,2,28
2,6,25.0,348,1,14,0,8,9,4,13
2,1,26.0,262,0,13,0,10,47,1,3
2,4,19.0,115,6,18,0,14,34,1,10
2,2,3.0,254,3,20,0,9,102,2,27
2,5,1.0,307,2,17,0,7,111,1,7
0,9,25.0,344,6,19,0,5,12,3,13
2,7,8.0,273,5,17,2,2,2,4,8
2,7,25.0,316,0,3,1,8,118,4,13
3,3,29.0,325,1,15,1,4,75,1,16
2,11,1.0,222,0,17,0,16,37,1,7
3,3,28.0,187,0,17,1,0,0,1,18
3,11,21.0,192,1,12,1,0,26,0,21
3,7,19.0,330,2,1,0,15,114,1,10
3,7,19.0,330,2,4,1,11,18,0,10
2,8,27.0,224,5,17,0,1,11,1,15
3,9,12.0,177,2,9,2,9,109,0,28
3,9,19.0,234,2,6,0,13,13,1,10
3,9,18.0,359,1,1,0,13,29,1,0
3,9,18.0,359,1,11,3,0,64,2,0
3,9,19.0,234,2,23,0,1,11,0,10
3,9,19.0,234,2,8,0,10,6,2,10
3,9,19.0,234,2,19,0,6,7,1,10
3,9,19.0,234,2,9,2,6,132,3,10
3,9,21.0,362,5,20,0,9,101,2,21
3,9,19.0,234,2,2,0,14,32,0,10
3,9,21.0,362,5,5,1,9,102,4,21
3,9,21.0,362,5,14,2,8,19,0,21
3,7,2.0,160,3,5,0,2,3,4,22
2,4,11.0,134,5,8,3,9,93,3,9
3,7,2.0,160,3,20,1,14,126,4,22
3,9,10.0,156,0,5,1,8,19,4,4
3,7,10.0,329,0,16,1,1,35,0,4
2,0,10.0,10,1,2,1,1,105,4,4
2,0,11.0,113,2,6,0,5,6,3,9
2,0,11.0,113,2,17,2,16,72,3,9
2,2,4.0,127,0,5,1,15,51,1,30
2,2,4.0,127,0,3,0,14,25,2,30
2,2,4.0,127,0,8,2,16,74,3,30
2,2,4.0,127,0,2,2,9,49,3,30
2,2,4.0,127,0,14,0,2,40,1,30
2,2,4.0,127,0,1,0,6,7,3,30
2,2,4.0,127,0,9,2,10,47,0,30
2,2,10.0,297,3,0,0,7,120,3,4
2,2,4.0,127,0,13,0,5,12,3,30
2,2,10.0,297,3,5,2,8,41,0,4
2,2,20.0,108,2,23,3,4,79,0,29
2,0,3.0,229,1,13,2,6,14,3,27
2,2,10.0,297,3,2,2,2,69,3,4
2,2,12.0,276,1,0,0,0,31,0,28
2,2,19.0,264,1,6,0,5,12,3,10
2,2,12.0,276,1,8,1,12,17,4,28
2,2,19.0,264,1,11,1,6,91,4,10
2,2,19.0,264,1,9,0,8,118,2,10
2,2,19.0,264,1,1,0,8,41,1,10
2,2,21.0,209,4,15,0,1,67,3,21
2,2,21.0,209,4,12,2,8,41,3,21
2,2,22.0,230,5,6,0,10,23,1,26
2,2,21.0,209,4,22,1,1,11,4,21
2,2,22.0,230,5,0,1,10,52,0,26
2,2,22.0,230,5,19,1,2,2,4,26
2,2,28.0,140,4,17,0,13,21,1,18
2,2,28.0,140,4,16,0,0,68,1,18
2,2,30.0,8,6,17,1,1,59,0,19
2,2,30.0,8,6,15,0,4,4,3,19
2,2,30.0,8,6,14,0,16,113,3,19
2,2,30.0,8,6,5,3,13,36,3,19
2,0,4.0,122,2,17,1,0,31,0,30
2,1,27.0,300,1,2,2,13,28,3,15
2,8,3.0,299,1,22,1,11,15,1,27
2,8,12.0,189,4,12,0,1,11,2,28
2,8,29.0,103,3,5,1,4,45,4,16
2,1,1.0,171,4,11,0,13,13,1,7
2,2,29.0,131,5,4,1,9,134,2,16
2,0,3.0,229,1,8,0,8,9,1,27
2,0,4.0,122,2,2,0,7,20,4,30
2,0,4.0,122,2,12,2,2,69,0,30
2,0,4.0,122,2,14,0,9,95,2,30
2,2,22.0,230,5,7,1,10,52,0,26
2,0,10.0,10,1,4,1,3,44,1,4
2,0,11.0,113,2,11,0,0,0,3,9
2,0,11.0,113,2,15,0,2,69,4,9
2,0,11.0,113,2,3,0,14,24,1,9
2,0,19.0,172,4,12,2,2,86,1,10
2,0,19.0,172,4,14,0,2,60,1,10
2,0,19.0,172,4,1,0,16,50,1,10
2,0,20.0,287,5,3,1,6,89,1,29
2,0,20.0,287,5,12,1,14,32,4,29
2,0,28.0,191,6,11,0,1,16,1,18
2,0,28.0,191,6,12,3,3,30,4,18
2,0,28.0,191,6,5,0,16,50,4,18
3,11,10.0,360,5,5,0,7,120,1,4
3,11,10.0,360,5,3,1,12,80,4,4
3,11,10.0,360,5,15,0,13,123,4,4
3,11,18.0,332,6,17,3,8,118,0,0
2,4,14.0,132,0,20,0,9,95,3,5
2,2,7.0,258,4,11,1,15,119,4,11
2,2,6.0,153,2,1,3,8,27,2,23
2,0,16.0,12,0,15,0,4,66,3,2
2,9,14.0,106,2,16,0,13,13,3,5
2,1,8.0,50,4,2,1,14,97,0,8
2,1,8.0,50,4,14,1,3,115,4,8
2,1,13.0,183,1,16,1,0,26,1,25
2,4,15.0,25,1,19,0,4,75,1,1
2,2,17.0,7,3,8,0,2,86,3,6
2,0,16.0,12,0,22,0,11,18,2,2
2,0,23.0,55,0,3,1,11,129,4,17
3,9,25.0,344,1,14,0,6,7,0,13
3,7,26.0,316,2,18,0,0,26,1,3
3,5,1.0,109,4,6,1,5,12,1,7
2,9,5.0,89,0,17,0,12,121,1,24
2,5,14.0,200,1,5,1,15,31,2,5
2,5,30.0,196,4,17,0,14,25,0,19
2,10,23.0,261,1,16,0,8,27,0,17
2,8,15.0,73,3,20,0,14,106,2,1
2,0,9.0,129,0,11,0,9,54,4,12
1,11,1.0,222,6,17,0,8,41,1,7
3,11,9.0,311,4,14,0,4,45,2,12
3,7,1.0,98,6,18,1,3,103,0,7
2,5,30.0,196,4,3,1,2,2,1,19
2,10,2.0,310,1,7,1,10,22,2,22
2,10,2.0,310,1,12,0,2,69,3,22
2,11,18.0,332,4,13,0,10,52,1,0
2,11,1.0,222,0,0,0,14,125,2,7
3,2,15.0,130,6,12,0,1,59,1,1
3,0,14.0,5,3,6,0,10,12,0,5
2,10,12.0,346,5,16,1,0,26,1,28
2,10,12.0,346,5,12,2,7,20,3,28
2,10,17.0,246,2,6,0,9,49,1,6
2,10,19.0,223,5,3,0,2,69,0,10
2,10,20.0,341,6,14,0,14,34,3,29
2,10,26.0,302,5,21,1,7,20,1,3
2,10,26.0,302,5,8,2,6,128,3,3
2,10,26.0,302,5,9,0,8,41,4,3
2,10,27.0,216,6,5,0,13,38,2,15
2,10,27.0,216,6,8,0,14,110,0,15
2,1,1.0,171,4,21,0,11,15,4,7
2,1,4.0,219,3,10,1,6,132,0,30
3,0,13.0,198,6,20,0,14,25,2,25
3,0,13.0,198,6,19,0,11,18,3,25
3,0,13.0,198,6,1,0,13,99,3,25
3,0,14.0,5,3,16,0,10,47,1,5
3,0,14.0,5,3,10,0,6,89,1,5
3,0,14.0,5,3,5,0,11,15,2,5
3,0,24.0,55,2,17,0,7,111,4,14
3,0,24.0,55,2,6,0,12,56,4,14
3,0,24.0,55,2,17,0,0,53,3,14
3,8,22.0,354,0,8,0,5,6,0,26
2,9,9.0,320,5,23,0,3,79,1,12
3,0,24.0,55,2,22,1,13,69,0,14
3,0,24.0,55,2,3,0,14,24,3,14
3,0,24.0,55,2,1,0,3,103,3,14
3,0,24.0,55,2,21,0,2,86,1,14
2,10,28.0,318,3,11,1,10,47,2,18
2,1,3.0,286,6,9,3,5,6,1,27
2,7,16.0,95,6,19,0,9,9,4,2
2,1,20.0,45,1,18,1,1,105,4,29
2,10,17.0,246,2,16,0,0,68,3,6
2,1,10.0,111,6,20,2,10,47,3,4
2,1,10.0,111,6,9,0,6,7,4,4
2,1,12.0,207,0,16,0,12,61,1,28
2,1,19.0,151,0,6,2,0,64,3,10
2,1,19.0,151,0,18,1,7,137,1,10
2,1,21.0,164,2,17,0,12,100,1,21
2,1,21.0,164,2,4,2,5,6,0,21
2,5,8.0,206,2,4,0,10,47,1,8
2,5,8.0,206,2,14,2,16,37,0,8
2,5,8.0,206,2,1,1,9,102,4,8
2,5,8.0,206,2,16,0,14,107,0,8
2,5,11.0,327,6,18,1,16,74,0,9
2,5,11.0,327,6,0,0,0,68,1,9
2,5,11.0,327,6,0,0,15,108,1,9
2,5,11.0,327,6,8,2,13,28,2,9
2,5,11.0,327,6,2,1,4,45,4,9
2,5,11.0,327,6,8,2,1,105,0,9
2,10,11.0,333,4,3,0,15,85,1,9
3,1,21.0,45,4,14,2,5,6,3,21
2,10,11.0,333,4,12,0,1,35,4,9
2,10,11.0,333,4,11,3,11,15,0,9
2,10,18.0,117,4,18,0,0,77,3,0
2,10,18.0,117,4,18,1,16,37,0,0
2,10,11.0,333,4,17,0,11,122,1,9
2,1,3.0,286,6,14,1,1,67,0,27
2,8,25.0,278,2,17,1,0,26,2,13
2,4,7.0,292,0,18,0,10,47,0,11
0,0,30.0,228,6,13,3,10,12,0,19
2,11,5.0,240,5,22,2,2,60,2,24
2,5,11.0,327,6,8,0,11,133,0,9
2,5,11.0,327,6,1,2,2,2,1,9
2,5,11.0,327,6,9,0,5,6,3,9
2,5,18.0,146,6,22,1,5,0,1,0
2,5,18.0,146,6,10,1,0,0,0,0
3,2,12.0,128,2,3,0,9,93,1,28
2,5,18.0,146,6,8,0,13,123,1,0
2,5,25.0,37,6,6,0,3,30,3,13
2,5,27.0,259,0,21,1,4,45,0,15
3,0,5.0,122,5,4,3,9,27,3,24
3,0,22.0,241,0,3,0,0,64,3,26
2,5,27.0,259,0,8,0,8,118,0,15
2,5,25.0,37,6,9,0,5,12,0,13
2,5,25.0,37,6,4,0,8,19,1,13
2,5,18.0,146,6,5,0,6,91,2,0
2,5,27.0,259,0,13,2,12,121,3,15
2,6,9.0,149,3,23,1,16,74,1,12
2,6,9.0,149,3,2,2,0,96,3,12
2,6,9.0,149,3,4,0,4,127,1,12
2,6,10.0,355,0,16,2,16,74,3,4
2,6,10.0,355,0,23,1,12,56,4,4
2,6,10.0,355,0,3,0,10,47,2,4
2,6,9.0,149,3,8,0,2,86,3,12
2,6,1.0,352,6,17,0,2,86,1,7
2,1,20.0,45,1,22,1,15,31,4,29
2,6,10.0,355,0,6,1,1,67,0,4
2,6,10.0,355,0,9,0,9,93,2,4
2,6,18.0,291,1,23,0,0,96,4,0
2,6,18.0,291,1,19,0,14,25,1,0
2,6,29.0,145,6,20,1,11,133,4,16
2,6,29.0,145,6,1,0,1,1,3,16
2,10,1.0,358,0,6,0,10,47,0,7
3,10,11.0,298,5,16,0,15,51,3,9
3,8,7.0,70,3,11,3,11,117,0,11
2,9,9.0,320,5,14,0,10,47,3,12
2,5,9.0,155,4,12,0,10,47,1,12
3,2,15.0,130,6,18,0,5,12,3,1
2,6,19.0,215,2,18,0,14,25,3,10
2,11,18.0,332,4,5,0,6,89,4,0
2,6,19.0,215,2,17,0,0,12,3,10
2,3,1.0,120,0,17,0,9,58,4,7
3,11,27.0,322,0,14,1,1,59,4,15
3,11,20.0,340,0,12,0,13,48,0,29
3,6,22.0,185,3,8,0,2,123,2,26
3,6,30.0,145,0,2,1,13,99,4,19
2,7,1.0,160,5,17,1,11,55,4,7
3,4,20.0,115,0,4,0,6,91,0,29
3,4,20.0,115,0,8,1,0,26,1,29
2,3,16.0,54,1,20,0,0,64,3,2
2,3,16.0,54,1,3,0,10,12,1,2
2,3,19.0,105,5,20,0,2,71,1,10
2,3,19.0,105,5,20,0,14,34,2,10
2,3,19.0,105,5,14,1,11,133,4,10
2,3,19.0,105,5,4,1,8,33,4,10
2,3,25.0,343,4,20,1,10,22,1,13
2,3,25.0,343,4,4,0,1,11,1,13
2,3,25.0,343,4,4,0,13,28,0,13
2,5,2.0,161,4,10,0,10,22,3,22
2,5,2.0,161,4,15,0,2,86,3,22
2,5,8.0,206,2,6,0,14,107,1,8
2,5,8.0,206,2,3,0,15,114,1,8
2,5,8.0,206,2,12,1,16,130,1,8
2,5,18.0,146,6,17,0,2,3,4,0
2,5,18.0,146,6,8,1,5,6,1,0
2,5,25.0,37,6,11,1,1,11,4,13
2,5,25.0,37,6,3,1,3,30,4,13
2,5,25.0,37,6,14,0,10,47,0,13
3,10,11.0,298,5,21,2,14,32,3,9
3,10,11.0,298,5,21,1,13,28,0,9
3,10,11.0,298,5,10,0,11,15,2,9
3,10,11.0,298,5,4,0,15,31,1,9
3,10,11.0,298,5,0,1,9,83,4,9
3,10,11.0,298,5,12,0,15,31,2,9
3,1,3.0,188,3,21,0,10,23,3,27
3,1,12.0,353,1,3,0,13,48,3,28
3,1,22.0,164,5,16,0,12,17,3,26
3,1,22.0,164,5,20,0,10,47,3,26
3,1,22.0,164,5,3,0,5,6,2,26
3,1,22.0,164,5,0,0,11,18,1,26
3,1,22.0,164,5,3,1,16,50,4,26
3,1,22.0,164,5,4,0,10,47,3,26
3,8,5.0,101,5,2,0,0,64,3,24
3,8,22.0,354,0,0,1,13,38,0,26
3,8,22.0,354,0,3,1,15,114,1,26
3,8,22.0,354,0,22,0,2,86,3,26
3,8,22.0,354,0,10,0,2,71,4,26
3,8,22.0,354,0,4,0,9,58,2,26
2,9,24.0,272,6,13,0,13,36,1,14
2,7,1.0,160,5,12,2,8,41,3,7
2,7,3.0,186,3,20,0,0,26,1,27
2,7,10.0,197,3,22,2,8,27,1,4
2,7,10.0,197,3,8,0,3,103,1,4
2,7,10.0,197,3,12,0,2,40,4,4
2,7,28.0,268,4,13,2,6,7,0,18
2,7,28.0,268,4,11,1,0,12,1,18
2,7,28.0,268,4,14,0,7,120,1,18
2,3,16.0,54,1,4,0,1,11,2,2
2,3,19.0,105,5,3,0,12,80,2,10
3,4,20.0,115,0,8,3,9,9,0,29
3,4,20.0,115,0,22,3,6,7,3,29
3,4,29.0,313,2,18,3,5,6,3,16
3,0,5.0,122,5,5,1,15,39,0,24
3,0,5.0,122,5,8,0,10,43,1,24
2,3,19.0,105,5,8,2,0,68,3,10
2,3,25.0,343,4,17,0,0,53,3,13
2,9,24.0,272,6,8,3,12,80,1,14
3,4,14.0,345,1,16,0,6,89,1,5
3,4,14.0,345,1,3,0,10,6,3,5
3,4,14.0,345,1,1,1,9,58,4,5
3,4,21.0,339,1,21,0,15,39,1,21
3,4,21.0,339,1,16,2,1,59,3,21
3,4,21.0,339,1,5,0,11,117,1,21
3,4,21.0,339,1,14,0,0,68,3,21
3,4,24.0,27,5,15,0,16,130,3,14
3,4,24.0,27,5,3,0,1,59,3,14
3,4,24.0,27,5,19,0,9,93,1,14
3,2,7.0,153,5,4,1,9,95,4,11
3,2,12.0,128,2,0,0,6,132,4,28
3,2,12.0,128,2,23,0,0,64,0,28
3,8,5.0,101,5,17,0,9,83,4,24
3,8,5.0,101,5,8,0,9,57,0,24
3,8,5.0,101,5,14,1,0,15,0,24
3,8,12.0,284,5,3,1,7,111,0,28
3,8,12.0,284,5,2,0,1,105,0,28
3,8,5.0,101,5,19,3,2,69,0,24
3,8,14.0,296,3,6,1,13,29,2,5
3,8,14.0,296,3,19,0,3,115,3,5
3,8,14.0,296,3,18,2,8,65,3,5
3,8,14.0,296,3,18,0,8,41,3,5
3,8,14.0,296,3,14,1,9,95,4,5
3,8,21.0,46,3,6,0,13,21,1,21
3,8,21.0,46,3,20,0,1,11,3,21
3,8,21.0,46,3,13,0,0,68,3,21
3,8,21.0,46,3,15,0,0,12,0,21
3,8,21.0,46,3,12,0,1,59,1,21
2,11,17.0,110,2,6,1,10,47,1,6
3,8,21.0,46,3,1,0,7,111,0,21
3,8,21.0,46,3,9,1,8,118,4,21
0,11,2.0,265,0,3,0,13,21,1,22
2,9,7.0,271,2,16,1,0,77,0,11
2,9,21.0,362,2,9,1,0,85,1,21
2,3,15.0,263,0,2,1,6,89,0,1
2,6,16.0,244,3,14,0,1,67,0,2
2,6,16.0,244,3,1,1,3,76,0,2
2,6,16.0,244,3,18,1,13,21,0,2
2,5,22.0,168,2,13,0,13,21,2,26
2,10,7.0,213,3,4,1,9,10,4,11
2,4,14.0,132,0,22,0,11,15,1,5
2,2,25.0,3,0,13,0,6,91,2,13
2,2,23.0,22,6,7,0,8,41,1,17
3,9,17.0,255,0,11,1,13,21,1,6
2,0,24.0,281,1,15,2,0,85,1,14
2,10,17.0,246,2,16,0,2,2,4,6
2,10,19.0,223,5,17,1,15,46,4,10
2,10,19.0,223,5,8,0,13,13,0,10
2,10,19.0,223,5,22,3,9,87,3,10
2,10,19.0,223,5,15,1,11,133,4,10
2,10,20.0,341,6,0,0,10,22,0,29
2,10,20.0,341,6,12,0,13,99,2,29
2,10,26.0,302,5,17,2,13,36,0,3
2,10,26.0,302,5,6,2,7,20,0,3
2,10,26.0,302,5,4,0,10,22,0,3
2,10,26.0,302,5,19,0,0,26,2,3
2,10,26.0,302,5,18,0,15,119,3,3
2,10,27.0,216,6,17,1,14,25,0,15
2,10,27.0,216,6,8,0,3,30,0,15
2,1,1.0,171,4,18,0,3,70,3,7
3,8,22.0,354,0,6,0,2,2,3,26
3,8,21.0,46,3,18,0,5,12,3,21
3,1,28.0,300,4,3,0,2,60,2,18
3,2,4.0,254,1,15,1,3,30,0,30
2,3,8.0,44,0,11,1,0,53,1,8
0,5,7.0,349,3,22,3,9,57,0,11
2,5,1.0,307,2,13,0,6,91,2,7
2,10,29.0,157,0,20,1,4,127,4,16
2,1,26.0,262,0,22,0,11,94,3,3
3,1,20.0,151,2,10,1,10,12,0,29
3,4,13.0,221,0,18,0,1,1,3,25
3,4,13.0,221,0,12,1,4,121,1,25
3,2,6.0,251,4,8,2,14,32,3,23
3,2,6.0,251,4,21,1,3,79,0,23
3,4,22.0,152,2,17,0,1,1,1,26
3,1,2.0,171,6,1,0,8,19,3,22
3,1,2.0,171,6,4,0,2,40,1,22
3,10,16.0,201,2,8,0,6,89,1,2
3,5,1.0,109,4,17,0,1,11,0,7
2,11,15.0,331,0,12,2,13,28,3,1
2,9,4.0,295,3,5,0,4,138,2,30
2,9,7.0,271,2,17,0,15,114,0,11
2,9,7.0,271,2,19,3,11,15,0,11
0,0,20.0,172,2,14,0,11,15,2,29
2,5,24.0,350,5,1,1,5,12,0,14
2,5,24.0,350,5,19,1,2,92,4,14
2,5,22.0,168,2,18,0,5,12,0,26
2,5,23.0,58,4,9,0,10,22,2,17
2,5,23.0,58,4,18,0,5,12,3,17
3,0,3.0,334,2,9,0,10,12,0,27
2,1,2.0,188,5,6,1,9,93,4,22
2,1,2.0,188,5,15,1,1,16,4,22
2,1,4.0,219,3,13,0,11,133,2,30
2,1,4.0,219,3,3,0,6,128,1,30
2,1,1.0,171,4,10,0,1,11,1,7
2,10,1.0,358,0,21,1,14,24,0,7
2,10,1.0,358,0,20,0,4,121,2,7
2,9,9.0,320,5,1,0,10,22,2,12
2,9,10.0,156,6,17,1,2,69,0,4
3,4,14.0,345,1,2,0,1,35,3,5
3,4,14.0,345,1,4,0,16,113,1,5
2,9,8.0,90,4,3,1,3,30,2,8
2,9,8.0,90,4,9,3,16,42,1,8
2,9,24.0,272,6,18,1,4,138,2,14
3,5,20.0,214,1,17,0,7,62,2,29
3,5,19.0,146,0,0,0,2,123,0,10
3,5,20.0,214,1,13,0,10,22,1,29
3,5,21.0,351,2,6,0,9,93,1,21
3,5,21.0,351,2,13,0,10,47,3,21
3,5,21.0,351,2,8,0,14,106,1,21
3,5,28.0,259,2,6,0,11,98,3,18
3,5,28.0,259,2,14,0,6,7,4,18
3,5,29.0,24,4,6,1,9,83,4,16
3,5,29.0,24,4,20,0,12,80,1,16
3,5,28.0,259,2,9,2,10,23,3,18
3,5,29.0,24,4,15,0,15,39,3,16
2,9,10.0,156,6,0,1,10,52,0,4
2,9,10.0,156,6,22,0,14,106,3,4
2,9,10.0,156,6,19,0,0,31,0,4
3,8,4.0,299,4,2,0,0,64,2,30
3,8,13.0,189,6,19,3,14,25,3,25
2,9,10.0,156,6,19,1,10,22,0,4
2,9,11.0,52,3,15,0,0,77,1,9
2,9,11.0,52,3,14,0,2,92,1,9
2,9,25.0,344,3,5,1,2,2,4,13
2,9,27.0,179,1,6,0,9,95,0,15
2,9,27.0,179,1,20,0,10,47,1,15
2,9,27.0,179,1,16,3,14,110,3,15
2,9,27.0,179,1,19,0,10,6,0,15
2,9,27.0,179,1,4,0,1,35,4,15
2,9,27.0,179,1,9,2,10,23,3,15
3,5,29.0,24,4,8,0,2,2,3,16
3,5,29.0,24,4,8,1,11,10,4,16
3,5,31.0,196,6,21,1,7,111,4,20
3,5,31.0,196,6,13,1,14,25,4,20
3,5,31.0,196,6,9,0,14,25,3,20
3,6,21.0,193,6,20,0,0,77,2,21
3,6,21.0,193,6,18,0,2,60,2,21
3,6,21.0,193,6,3,1,0,68,4,21
3,6,23.0,84,0,13,0,0,64,0,17
3,6,23.0,84,0,11,1,13,123,4,17
3,10,3.0,310,4,2,0,14,32,0,27
3,1,22.0,164,5,15,0,3,44,3,26
3,10,11.0,298,5,13,0,15,31,2,9
3,1,22.0,164,5,2,2,14,25,0,26
3,8,5.0,101,5,0,1,5,6,0,24
3,8,14.0,296,3,16,0,13,13,0,5
3,8,14.0,296,3,20,0,10,22,2,5
3,8,14.0,296,3,20,0,7,111,1,5
3,8,21.0,46,3,11,0,12,17,3,21
3,8,21.0,46,3,15,0,2,86,0,21
3,8,21.0,46,3,12,0,9,93,1,21
3,8,21.0,46,3,1,1,9,27,0,21
3,8,22.0,354,0,11,1,10,23,1,26
3,11,21.0,192,1,18,0,9,102,1,21
3,7,29.0,268,6,11,1,11,18,2,16
3,6,20.0,215,5,1,1,2,86,0,29
3,6,20.0,215,5,19,1,6,7,2,29
3,6,20.0,215,5,8,0,10,47,2,29
2,7,3.0,186,3,13,0,5,64,3,27
2,9,27.0,179,1,1,1,14,24,0,15
2,7,1.0,160,5,15,0,9,27,0,7
3,4,14.0,345,1,17,0,7,20,1,5
3,4,14.0,345,1,16,0,0,53,3,5
3,4,14.0,345,1,0,0,15,39,0,5
3,4,14.0,345,1,11,0,3,115,4,5
0,0,17.0,12,3,12,3,16,50,3,6
2,7,27.0,34,2,1,0,6,89,0,15
3,4,14.0,345,1,2,0,8,27,3,5
3,4,14.0,345,1,11,1,12,121,4,5
3,4,21.0,339,1,17,0,7,78,3,21
3,4,21.0,339,1,11,0,8,9,1,21
3,4,21.0,339,1,6,0,6,89,1,21
3,4,21.0,339,1,3,0,13,28,1,21
3,4,21.0,339,1,13,2,11,55,3,21
3,10,3.0,310,4,19,0,3,115,1,27
3,10,3.0,310,4,1,1,10,52,1,27
3,10,3.0,310,4,4,0,11,15,1,27
3,10,3.0,310,4,1,0,2,40,0,27
3,10,3.0,310,4,14,1,13,48,2,27
3,10,11.0,298,5,0,0,2,92,1,9
3,8,22.0,354,0,19,0,2,60,4,26
3,2,15.0,130,6,21,1,6,7,0,1
2,9,26.0,267,0,8,1,9,134,4,3
3,4,14.0,345,1,9,1,15,39,1,5
3,4,14.0,345,1,4,1,12,56,4,5
3,4,21.0,339,1,17,0,2,2,0,21
2,3,25.0,343,4,14,0,0,53,3,13
2,5,2.0,161,4,17,1,9,9,0,22
2,5,2.0,161,4,19,0,9,93,1,22
2,5,25.0,37,6,9,0,8,118,3,13
2,5,27.0,259,0,7,0,15,31,1,15
2,5,27.0,259,0,5,0,1,59,3,15
2,5,27.0,259,0,15,0,8,27,3,15
2,5,27.0,259,0,4,0,0,68,4,15
2,6,9.0,149,3,0,0,5,6,0,12
2,6,9.0,149,3,16,2,3,30,3,12
2,6,9.0,149,3,14,0,15,119,0,12
2,6,10.0,355,0,8,0,15,108,1,4
2,6,10.0,355,0,8,0,3,103,3,4
2,6,10.0,355,0,9,0,16,113,3,4
2,6,10.0,355,0,12,2,1,35,0,4
2,6,10.0,355,0,1,2,8,9,3,4
2,6,10.0,355,0,18,2,2,2,3,4
2,11,16.0,225,1,3,2,16,37,0,2
2,6,18.0,291,1,0,0,6,7,0,0
2,10,1.0,358,0,6,0,10,52,3,7
2,10,1.0,358,0,0,0,16,74,1,7
2,10,1.0,358,0,10,0,13,38,3,7
3,4,21.0,339,1,12,0,10,23,1,21
3,4,21.0,339,1,18,1,5,6,0,21
3,4,24.0,27,5,13,0,4,138,0,14
3,4,24.0,27,5,2,0,11,117,1,14
3,4,24.0,27,5,4,2,6,89,3,14
3,2,7.0,153,5,21,2,4,4,3,11
3,2,7.0,153,5,15,1,2,71,4,11
3,2,7.0,153,5,22,0,12,56,0,11
3,2,7.0,153,5,14,0,4,5,1,11
3,2,12.0,128,2,3,1,0,53,0,28
3,2,12.0,128,2,22,2,16,113,3,28
3,2,12.0,128,2,12,0,9,49,1,28
3,2,12.0,128,2,5,1,0,31,1,28
3,2,15.0,130,6,23,0,5,6,2,1
3,2,15.0,130,6,13,0,1,1,3,1
3,2,15.0,130,6,2,0,15,46,0,1
3,2,15.0,130,6,1,0,8,27,1,1
3,2,15.0,130,6,19,0,16,42,1,1
3,2,15.0,130,6,2,1,1,81,1,1
2,10,1.0,358,0,14,0,0,77,1,7
2,10,1.0,358,0,14,1,15,31,1,7
2,10,1.0,358,0,9,0,8,9,1,7
2,10,12.0,346,5,18,0,7,78,3,28
2,10,17.0,246,2,16,0,0,12,3,6
2,10,17.0,246,2,6,0,16,74,1,6
2,9,10.0,156,6,23,1,8,19,1,4
2,9,10.0,156,6,18,2,10,47,3,4
2,9,10.0,156,6,9,1,14,25,0,4
2,9,10.0,156,6,14,0,14,106,3,4
2,9,9.0,320,5,11,0,15,51,2,12
2,9,11.0,52,3,19,0,6,89,1,9
2,9,11.0,52,3,19,0,10,47,2,9
0,4,1.0,144,3,17,2,14,32,3,7
2,9,25.0,344,3,23,1,8,19,1,13
2,9,25.0,344,3,1,0,4,75,1,13
2,9,27.0,179,1,21,0,15,51,1,15
2,7,1.0,160,5,8,1,1,105,4,7
2,7,3.0,186,3,6,0,14,24,1,27
2,7,1.0,160,5,11,1,16,72,2,7
2,7,3.0,186,3,22,0,6,91,1,27
2,7,3.0,186,3,22,2,6,89,0,27
2,7,1.0,160,5,12,1,0,26,1,7
2,7,3.0,186,3,9,0,8,9,1,27
2,7,3.0,186,3,9,2,0,64,2,27
3,4,21.0,339,1,9,0,13,38,3,21
3,4,24.0,27,5,18,0,2,123,1,14
3,4,24.0,27,5,12,1,11,133,4,14
3,4,24.0,27,5,3,3,12,17,2,14
3,2,7.0,153,5,15,0,2,123,2,11
3,2,7.0,153,5,8,2,13,48,2,11
3,2,7.0,153,5,19,2,14,34,2,11
3,2,7.0,153,5,9,1,8,118,4,11
3,2,12.0,128,2,6,0,11,58,2,28
3,2,12.0,128,2,5,1,6,91,1,28
3,2,12.0,128,2,22,2,1,35,0,28
3,2,12.0,128,2,5,0,6,89,1,28
3,2,15.0,130,6,13,0,16,50,3,1
3,2,15.0,130,6,22,1,8,27,1,1
2,3,18.0,138,4,9,1,3,30,4,0
2,3,18.0,138,4,19,0,10,22,2,0
3,2,15.0,130,6,19,0,13,69,1,1
3,2,15.0,130,6,8,0,13,48,3,1
2,9,1.0,126,4,5,2,0,64,0,7
3,8,22.0,354,0,14,0,16,42,1,26
3,8,22.0,354,0,4,0,5,12,3,26
3,8,21.0,46,3,1,3,6,73,3,21
3,4,14.0,345,1,2,0,13,69,4,5
3,4,14.0,345,1,0,1,0,0,1,5
3,4,21.0,339,1,10,1,6,91,4,21
3,4,24.0,27,5,17,2,3,30,3,14
3,4,24.0,27,5,15,0,13,36,2,14
2,9,26.0,267,0,11,1,3,79,2,3
3,4,24.0,27,5,3,0,11,15,3,14
3,4,24.0,27,5,2,0,8,41,3,14
3,4,24.0,27,5,19,0,10,47,3,14
2,5,25.0,37,6,1,0,4,75,0,13
2,5,27.0,259,0,15,2,10,43,3,15
2,5,27.0,259,0,22,0,0,15,3,15
2,5,27.0,259,0,20,1,15,31,4,15
2,6,10.0,355,0,0,1,14,34,0,4
2,6,10.0,355,0,19,0,0,64,4,4
2,6,10.0,355,0,1,1,8,65,4,4
2,6,10.0,355,0,1,0,14,106,4,4
2,6,18.0,291,1,6,2,2,13,3,0
2,6,18.0,291,1,6,0,3,30,3,0
2,6,18.0,291,1,12,0,0,53,3,0
2,6,29.0,145,6,6,0,4,75,1,16
2,6,29.0,145,6,6,1,2,92,0,16
2,6,29.0,145,6,13,0,12,17,2,16
2,10,1.0,358,0,0,0,2,86,0,7
2,9,11.0,52,3,6,1,5,6,1,9
2,9,11.0,52,3,8,0,8,41,4,9
2,9,11.0,52,3,18,0,13,48,4,9
2,9,1.0,126,4,15,0,12,104,1,7
2,9,25.0,344,3,7,0,2,69,1,13
2,9,25.0,344,3,1,0,2,2,1,13
2,9,27.0,179,1,0,0,13,21,1,15
3,4,24.0,27,5,4,0,1,59,1,14
3,2,7.0,153,5,5,0,11,133,2,11
3,2,7.0,153,5,11,1,1,35,4,11
3,2,12.0,128,2,7,1,11,15,0,28
3,2,12.0,128,2,10,1,9,10,0,28
3,2,12.0,128,2,9,0,10,47,1,28
3,2,15.0,130,6,15,0,9,57,0,1
3,2,15.0,130,6,4,0,11,124,4,1
3,2,15.0,130,6,22,1,14,126,4,1
3,0,6.0,260,6,17,0,11,18,1,23
3,0,6.0,260,6,11,0,10,43,1,23
3,0,6.0,260,6,5,1,4,121,4,23
3,0,6.0,260,6,3,1,12,61,4,23
3,0,7.0,15,3,17,0,10,12,1,11
3,0,7.0,15,3,10,0,4,82,3,11
3,0,7.0,15,3,22,0,15,114,4,11
3,0,7.0,15,3,3,0,1,1,2,11
3,0,7.0,15,3,13,1,8,9,4,11
3,0,6.0,260,6,3,3,9,93,3,23
3,0,14.0,5,3,2,0,2,123,0,5
3,0,14.0,5,3,19,0,8,33,3,5
3,0,14.0,5,3,19,0,10,22,2,5
3,0,24.0,55,2,17,0,7,137,1,14
2,9,27.0,179,1,8,3,14,88,3,15
2,9,27.0,179,1,18,0,0,68,4,15
2,7,1.0,160,5,17,0,3,70,2,7
2,7,1.0,160,5,20,0,10,22,2,7
2,7,1.0,160,5,5,2,2,35,0,7
2,7,1.0,160,5,6,0,5,12,0,7
2,7,1.0,160,5,15,0,3,115,0,7
2,7,1.0,160,5,8,0,0,64,2,7
2,7,3.0,186,3,21,0,2,92,1,27
2,7,3.0,186,3,0,0,8,41,1,27
2,7,3.0,186,3,13,0,6,73,2,27
3,4,20.0,115,0,2,0,10,47,2,29
3,4,29.0,313,2,19,0,9,54,1,16
3,2,14.0,231,5,20,1,13,36,1,5
3,2,14.0,231,5,2,0,9,49,1,5
3,2,30.0,131,3,4,0,14,25,1,19
3,2,14.0,231,5,2,3,16,37,4,5
3,4,23.0,30,4,3,0,14,24,2,17
3,2,5.0,127,2,4,0,10,6,3,24
2,7,28.0,268,4,14,0,14,25,1,18
3,0,24.0,55,2,13,0,8,9,0,14
3,0,24.0,55,2,3,0,1,105,0,14
3,0,24.0,55,2,4,0,13,48,1,14
3,0,6.0,260,6,17,0,11,18,1,23
3,0,7.0,15,3,16,0,11,90,1,11
3,0,7.0,15,3,6,0,9,49,3,11
3,0,7.0,15,3,12,0,8,9,1,11
2,5,10.0,326,5,1,2,2,2,1,4
2,6,3.0,159,0,16,3,1,67,3,27
3,0,7.0,15,3,8,0,13,29,3,11
3,0,7.0,15,3,18,0,5,64,0,11
3,0,13.0,198,6,4,2,12,80,0,25
3,0,13.0,198,6,8,1,10,47,1,25
3,0,13.0,198,6,13,1,1,67,4,25
2,9,1.0,126,4,15,0,13,29,0,7
2,9,1.0,126,4,2,0,12,84,0,7
2,9,1.0,126,4,15,0,13,38,2,7
2,9,2.0,323,5,2,2,15,51,0,22
2,9,2.0,323,5,18,0,8,118,3,22
3,1,4.0,286,0,21,2,10,22,3,30
3,3,5.0,324,6,9,0,14,106,2,24
3,3,10.0,4,4,7,0,5,64,3,4
3,3,10.0,4,4,2,1,14,32,4,4
3,3,10.0,4,4,1,2,6,14,0,4
3,3,12.0,104,6,17,0,10,47,1,28
3,3,12.0,104,6,19,0,1,11,2,28
3,3,12.0,104,6,19,1,11,55,1,28
3,3,30.0,304,2,17,0,13,21,1,19
3,3,30.0,304,2,0,0,7,20,4,19
3,3,30.0,304,2,23,1,16,39,1,19
3,3,30.0,304,2,16,2,8,19,0,19
3,5,2.0,307,5,6,1,6,7,0,22
3,5,2.0,307,5,10,1,3,79,4,22
3,5,2.0,307,5,13,0,16,37,2,22
3,5,2.0,307,5,8,0,10,12,2,22
3,5,2.0,307,5,12,0,9,57,3,22
3,5,12.0,327,0,17,0,16,50,4,28
3,5,12.0,327,0,7,0,10,47,0,28
3,5,14.0,36,2,13,0,11,15,0,5
2,9,2.0,323,5,14,0,9,109,4,22
2,9,9.0,320,5,0,0,0,68,1,12
3,1,21.0,45,4,9,3,14,125,4,21
3,8,4.0,299,4,7,1,0,53,0,30
3,10,31.0,135,4,17,1,10,47,1,20
3,3,27.0,361,3,20,0,1,81,4,15
2,9,9.0,320,5,0,0,11,18,1,12
2,9,9.0,320,5,22,1,1,81,4,12
2,9,10.0,156,6,23,0,2,86,4,4
2,9,10.0,156,6,19,0,4,121,2,4
2,9,11.0,52,3,23,0,5,12,3,9
2,9,9.0,320,5,0,0,7,62,3,12
2,9,9.0,320,5,6,1,2,35,4,12
2,9,9.0,320,5,5,1,6,116,1,12
2,9,9.0,320,5,19,0,12,61,3,12
2,9,9.0,320,5,20,1,0,12,1,12
2,9,10.0,156,6,6,0,16,139,1,4
3,1,5.0,219,1,6,3,11,15,0,24
3,1,5.0,219,1,23,1,9,58,4,24
3,8,13.0,189,6,2,1,12,135,0,25
2,9,9.0,320,5,14,0,16,37,4,12
2,9,11.0,52,3,22,0,0,15,3,9
2,9,11.0,52,3,15,1,1,81,4,9
3,5,14.0,36,2,16,1,7,78,0,5
3,5,14.0,36,2,2,0,16,74,4,5
3,5,14.0,36,2,2,2,8,41,0,5
3,1,4.0,286,0,16,1,8,19,0,30
3,1,4.0,286,0,2,0,9,87,2,30
3,1,12.0,353,1,19,0,6,7,3,28
3,1,12.0,353,1,2,0,1,81,4,28
3,1,22.0,164,5,17,1,1,16,0,26
3,1,22.0,164,5,21,1,0,77,1,26
3,1,22.0,164,5,8,0,4,5,1,26
3,8,5.0,101,5,15,0,9,87,1,24
3,8,14.0,296,3,12,2,6,7,1,5
3,8,14.0,296,3,15,1,1,11,4,5
3,8,14.0,296,3,18,0,11,18,1,5
3,8,14.0,296,3,4,2,5,6,0,5
3,8,12.0,284,5,3,0,0,31,2,28
3,8,21.0,46,3,15,2,15,119,0,21
3,8,22.0,354,0,23,1,16,50,0,26
3,8,22.0,354,0,12,0,1,16,2,26
3,8,22.0,354,0,9,0,15,46,3,26
3,8,22.0,354,0,2,0,10,43,3,26
3,4,14.0,345,1,17,1,2,69,4,5
2,9,11.0,52,3,8,0,10,47,1,9
2,9,11.0,52,3,8,0,3,103,3,9
2,9,11.0,52,3,4,2,3,30,3,9
2,9,11.0,52,3,12,0,5,6,1,9
2,9,25.0,344,3,16,1,2,86,1,13
2,9,25.0,344,3,7,0,10,22,1,13
2,9,27.0,179,1,0,0,3,70,1,15
2,9,27.0,179,1,1,0,13,38,3,15
2,9,1.0,126,4,20,1,4,75,1,7
2,9,2.0,323,5,16,0,0,64,0,22
2,9,2.0,323,5,5,1,9,93,4,22
2,9,2.0,323,5,14,0,14,97,1,22
2,9,2.0,323,5,23,1,16,42,1,22
2,11,1.0,222,0,19,0,14,25,3,7
2,11,9.0,311,1,10,1,15,51,2,12
2,11,9.0,311,1,12,2,6,89,0,12
2,11,9.0,311,1,18,0,3,70,4,12
2,11,16.0,225,1,5,0,5,12,0,2
2,11,16.0,225,1,22,0,6,89,0,2
2,11,18.0,332,4,16,0,6,7,0,0
2,11,18.0,332,4,14,2,9,54,3,0
2,9,1.0,126,4,23,0,13,21,4,7
2,9,1.0,126,4,8,0,10,22,3,7
2,9,1.0,126,4,12,0,1,67,2,7
2,9,1.0,126,4,4,1,12,56,4,7
2,9,2.0,323,5,8,1,13,38,4,22
2,9,2.0,323,5,18,1,10,52,0,22
2,9,9.0,320,5,17,1,14,107,0,12
2,9,9.0,320,5,13,0,8,118,4,12
2,9,9.0,320,5,15,0,8,27,2,12
2,9,9.0,320,5,4,0,15,112,3,12
3,1,22.0,164,5,17,0,11,133,1,26
3,1,22.0,164,5,8,0,10,47,0,26
3,1,4.0,286,0,5,0,0,26,3,30
3,8,5.0,101,5,22,2,10,52,0,24
3,8,5.0,101,5,8,0,12,80,4,24
3,8,5.0,101,5,19,0,2,123,1,24
0,2,18.0,7,6,17,3,1,35,2,0
1,9,19.0,234,6,13,0,2,92,1,10
3,8,14.0,296,3,21,1,1,67,0,5
3,8,14.0,296,3,8,0,3,79,1,5
3,8,14.0,296,3,23,1,4,127,4,5
3,8,14.0,296,3,18,2,0,77,1,5
3,8,21.0,46,3,16,2,5,12,1,21
3,8,21.0,46,3,5,1,2,71,4,21
3,8,21.0,46,3,13,0,16,50,2,21
3,8,21.0,46,3,2,0,8,33,3,21
3,8,21.0,46,3,22,0,2,86,2,21
3,8,21.0,46,3,19,1,10,52,4,21
3,6,23.0,84,0,0,1,4,121,0,17
2,9,9.0,320,5,20,1,7,57,4,12
2,9,9.0,320,5,8,0,12,83,3,12
3,1,21.0,45,4,1,2,9,54,3,21
2,11,1.0,222,0,1,0,8,33,4,7
2,11,9.0,311,1,16,0,5,12,3,12
2,11,9.0,311,1,0,0,9,49,0,12
2,11,9.0,311,1,13,0,2,86,2,12
2,11,9.0,311,1,22,0,3,115,1,12
2,11,9.0,311,1,12,0,14,106,4,12
2,11,9.0,311,1,2,1,13,29,4,12
2,11,16.0,225,1,0,0,11,117,3,2
2,11,16.0,225,1,0,0,8,33,0,2
2,11,16.0,225,1,16,0,13,13,0,2
2,11,18.0,332,4,0,2,10,47,0,0
2,11,18.0,332,4,9,0,16,50,1,0
2,9,1.0,126,4,6,0,0,12,3,7
2,9,1.0,126,4,3,0,5,6,0,7
2,9,1.0,126,4,19,0,14,25,3,7
2,9,1.0,126,4,8,0,8,118,3,7
2,9,1.0,126,4,1,0,10,22,1,7
2,9,1.0,126,4,18,1,10,52,0,7
3,6,23.0,84,0,22,0,10,47,3,17
3,6,23.0,84,0,3,2,16,113,1,17
3,6,23.0,84,0,1,0,16,65,0,17
3,10,3.0,310,4,16,2,14,34,4,27
3,10,11.0,298,5,16,0,13,13,0,9
3,10,11.0,298,5,7,0,15,31,2,9
3,10,11.0,298,5,3,0,15,39,4,9
3,1,3.0,188,3,5,0,9,93,1,27
3,1,3.0,188,3,2,0,1,67,3,27
3,1,4.0,286,0,21,0,8,41,4,30
2,11,17.0,110,2,9,0,12,104,4,6
2,9,2.0,323,5,13,1,4,138,4,22
2,9,2.0,323,5,0,1,0,53,1,22
2,9,1.0,126,4,19,0,12,61,3,7
2,9,2.0,323,5,9,2,1,59,3,22
2,5,8.0,206,2,13,3,5,6,3,8
2,9,9.0,320,5,22,0,3,30,2,12
2,9,10.0,156,6,2,0,10,47,0,4
2,9,9.0,320,5,19,0,10,43,1,12
2,11,9.0,311,1,1,1,16,50,1,12
2,11,16.0,225,1,17,0,15,108,1,2
2,11,16.0,225,1,19,2,13,36,3,2
2,11,16.0,225,1,2,2,1,16,4,2
2,11,16.0,225,1,19,0,6,89,0,2
2,11,18.0,332,4,0,1,13,29,0,0
3,0,6.0,260,6,11,1,15,114,4,23
3,0,6.0,260,6,19,0,0,26,3,23
2,7,10.0,197,3,15,2,15,119,3,4
2,7,10.0,197,3,3,0,11,15,2,4
2,7,10.0,197,3,15,0,16,130,4,4
2,7,28.0,268,4,11,0,8,9,3,18
2,7,28.0,268,4,3,0,16,139,3,18
2,7,28.0,268,4,8,0,6,128,0,18
3,4,23.0,30,4,12,1,2,86,0,17
2,9,10.0,156,6,21,2,10,22,3,4
2,9,11.0,52,3,20,0,9,54,4,9
2,9,10.0,156,6,8,0,1,1,1,4
2,9,25.0,344,3,23,2,8,27,3,13
2,9,25.0,344,3,12,0,5,12,0,13
2,9,25.0,344,3,15,0,10,47,0,13
2,9,25.0,344,3,10,1,8,27,1,13
2,9,27.0,179,1,16,0,5,12,3,15
2,7,1.0,160,5,13,1,8,41,1,7
2,7,1.0,160,5,12,0,2,13,1,7
2,7,1.0,160,5,4,0,2,86,4,7
2,7,3.0,186,3,22,0,7,111,1,27
2,7,10.0,197,3,17,0,12,80,1,4
3,0,6.0,260,6,14,0,5,6,0,23
3,0,6.0,260,6,14,1,9,10,4,23
3,0,6.0,260,6,8,0,10,22,2,23
3,8,21.0,46,3,5,1,6,91,1,21
3,8,21.0,46,3,12,0,5,6,2,21
3,8,22.0,354,0,13,1,4,66,4,26
3,8,22.0,354,0,1,0,9,57,0,26
3,4,14.0,345,1,0,0,2,86,3,5
2,7,2.0,269,6,14,2,4,75,3,22
3,4,14.0,345,1,18,0,16,50,3,5
3,4,21.0,339,1,6,0,16,113,3,21
3,4,21.0,339,1,21,0,0,26,1,21
3,4,21.0,339,1,13,0,3,44,1,21
3,4,24.0,27,5,20,1,2,2,1,14
3,4,24.0,27,5,13,0,0,64,1,14
3,4,24.0,27,5,1,0,10,47,3,14
3,2,7.0,153,5,22,0,0,77,3,11
3,2,7.0,153,5,19,2,6,89,3,11
3,2,12.0,128,2,23,0,1,35,4,28
3,2,12.0,128,2,11,1,3,30,0,28
3,6,30.0,145,0,19,1,13,38,0,19
3,8,20.0,319,6,18,0,9,57,0,29
2,7,8.0,273,5,9,0,9,95,2,8
2,3,8.0,44,0,14,0,13,21,2,8
2,3,17.0,165,2,14,0,16,37,1,6
2,3,11.0,104,4,13,1,0,12,2,9
2,11,27.0,322,6,11,3,6,89,3,15
2,4,13.0,345,3,11,1,4,121,2,25
3,11,27.0,322,0,17,1,9,93,0,15
3,9,20.0,119,4,14,0,1,105,4,29
3,7,11.0,197,1,5,0,9,87,4,9
3,9,20.0,119,4,14,0,8,9,1,29
3,3,11.0,337,5,15,0,8,33,3,9
3,3,14.0,33,0,17,1,11,18,0,5
3,7,22.0,211,6,13,0,4,82,1,26
3,6,22.0,185,3,14,1,1,105,0,26
2,7,10.0,197,3,22,0,5,6,1,4
2,7,10.0,197,3,23,1,4,82,1,4
2,7,28.0,268,4,15,1,10,22,4,18
2,7,28.0,268,4,1,0,12,61,1,18
2,3,16.0,54,1,17,1,15,51,0,2
2,3,16.0,54,1,20,0,7,62,2,2
3,4,20.0,115,0,14,0,13,36,2,29
3,4,20.0,115,0,17,0,5,12,3,29
3,4,23.0,30,4,2,1,14,88,0,17
3,2,14.0,231,5,12,1,8,19,0,5
2,3,16.0,54,1,18,0,15,31,4,2
2,5,2.0,161,4,3,1,9,93,1,22
2,5,2.0,161,4,10,1,4,136,4,22
2,5,2.0,161,4,21,2,2,2,3,22
2,5,2.0,161,4,1,0,4,82,1,22
2,5,2.0,161,4,8,1,9,87,4,22
2,5,11.0,327,6,0,2,11,117,0,9
2,5,11.0,327,6,7,0,2,86,1,9
2,5,11.0,327,6,23,1,15,46,4,9
2,5,18.0,146,6,4,2,14,107,0,0
2,5,18.0,146,6,1,0,3,4,0,0
3,2,12.0,128,2,3,0,12,56,2,28
3,2,12.0,128,2,2,0,13,99,1,28
3,2,12.0,128,2,2,1,8,27,1,28
3,0,6.0,260,6,17,0,10,22,3,23
3,0,7.0,15,3,23,0,4,5,1,11
3,0,7.0,15,3,11,0,11,58,4,11
2,5,19.0,214,3,2,0,6,128,2,10
3,8,22.0,354,0,21,2,1,1,3,26
3,8,21.0,46,3,14,0,0,64,3,21
3,0,14.0,5,3,23,0,4,4,1,5
3,0,14.0,5,3,4,2,2,40,3,5
3,0,14.0,5,3,14,0,14,24,1,5
3,0,24.0,55,2,17,0,5,64,3,14
3,0,24.0,55,2,22,0,5,6,0,14
3,0,14.0,5,3,23,1,2,86,0,5
2,10,11.0,333,4,9,3,1,67,0,9
2,10,11.0,333,4,18,2,7,120,4,9
2,10,18.0,117,4,9,1,9,93,4,0
2,1,3.0,286,6,18,1,10,47,1,27
2,1,20.0,45,1,9,1,3,44,0,29
3,0,6.0,260,6,16,1,14,110,0,23
3,0,6.0,260,6,2,1,13,21,1,23
3,0,7.0,15,3,1,0,1,11,4,11
2,3,16.0,54,1,17,0,2,3,4,2
2,3,16.0,54,1,0,0,0,77,1,2
2,3,16.0,54,1,10,0,2,40,0,2
2,3,16.0,54,1,13,0,10,22,3,2
2,3,16.0,54,1,1,0,14,107,3,2
2,3,19.0,105,5,17,0,7,20,3,10
2,3,19.0,105,5,5,0,16,37,1,10
2,3,19.0,105,5,4,0,14,25,1,10
2,3,25.0,343,4,12,0,2,2,1,13
2,5,2.0,161,4,0,0,7,137,1,22
2,5,2.0,161,4,20,1,3,44,4,22
2,5,2.0,161,4,20,0,12,80,4,22
2,5,2.0,161,4,23,0,5,12,1,22
2,5,2.0,161,4,22,0,8,33,3,22
2,5,2.0,161,4,5,2,5,12,3,22
2,5,2.0,161,4,8,0,1,35,0,22
2,5,2.0,161,4,13,1,9,101,4,22
2,5,2.0,161,4,3,0,6,89,0,22
2,5,8.0,206,2,0,1,8,9,0,8
2,3,16.0,54,1,9,0,16,72,1,2
2,3,19.0,105,5,22,0,9,49,0,10
3,1,20.0,151,2,22,1,6,7,0,29
3,8,20.0,319,6,9,1,0,64,1,29
3,8,20.0,319,6,20,3,5,12,0,29
3,2,6.0,251,4,15,0,13,28,2,23
2,5,26.0,328,3,20,1,11,18,1,3
3,9,20.0,119,4,14,1,5,6,1,29
3,7,5.0,204,2,5,3,10,23,1,24
3,3,11.0,337,5,19,1,5,12,0,9
3,5,13.0,184,1,1,2,2,92,3,25
0,1,2.0,171,2,13,2,2,69,0,22
3,1,20.0,151,2,12,0,9,57,2,29
3,8,20.0,319,6,9,1,10,22,4,29
2,3,8.0,44,0,22,0,12,17,2,8
3,2,12.0,128,2,8,0,13,28,4,28
3,0,13.0,198,6,20,0,6,91,1,25
3,0,13.0,198,6,13,0,15,51,2,25
3,0,13.0,198,6,1,2,14,25,4,25
3,0,13.0,198,6,19,1,9,93,4,25
3,0,14.0,5,3,4,0,5,6,0,5
3,0,24.0,55,2,14,0,15,46,4,14
2,10,11.0,333,4,17,0,14,24,1,9
2,10,10.0,298,2,13,3,4,136,1,4
2,3,19.0,105,5,8,0,8,9,1,10
2,3,19.0,105,5,8,0,3,30,0,10
2,3,19.0,105,5,14,0,10,22,2,10
2,3,19.0,105,5,12,2,6,7,0,10
2,3,19.0,105,5,14,0,9,134,3,10
2,3,25.0,343,4,5,0,3,30,3,13
2,3,25.0,343,4,3,2,9,49,0,13
2,3,25.0,343,4,22,0,8,27,2,13
2,3,25.0,343,4,8,2,6,7,0,13
2,5,2.0,161,4,11,0,14,24,1,22
2,3,25.0,343,4,5,1,10,22,1,13
2,5,8.0,206,2,21,0,10,22,3,8
2,5,8.0,206,2,23,0,10,23,1,8
2,5,11.0,327,6,3,0,13,29,1,9
2,5,11.0,327,6,19,0,0,77,3,9
2,5,11.0,327,6,2,0,8,33,3,9
2,5,25.0,37,6,21,1,7,78,4,13
2,5,25.0,37,6,16,1,0,12,1,13
3,8,5.0,101,5,14,0,8,9,1,24
2,5,25.0,37,6,13,0,16,72,3,13
3,10,30.0,157,2,6,1,6,91,4,19
3,1,6.0,97,2,11,3,13,38,4,23
3,1,21.0,45,4,2,0,10,43,2,21
3,8,4.0,299,4,1,1,14,25,4,30
3,2,22.0,209,6,13,0,8,41,1,26
3,0,15.0,190,0,7,0,8,33,1,1
3,4,31.0,67,5,0,0,10,12,0,20
3,4,30.0,139,4,15,0,1,16,2,19
3,0,5.0,122,5,2,2,15,96,3,24
2,7,25.0,316,0,15,1,0,77,4,13
3,0,16.0,11,1,0,0,0,12,0,2
3,0,16.0,11,1,22,0,5,6,0,2
3,0,16.0,11,1,3,0,5,0,3,2
3,0,15.0,190,0,19,3,7,62,3,1
3,0,29.0,191,0,19,0,12,56,2,16
3,2,5.0,127,2,0,0,9,93,3,24
3,2,5.0,127,2,9,0,1,11,2,24
3,2,14.0,231,5,16,0,5,64,2,5
3,2,14.0,231,5,20,1,13,123,0,5
3,2,14.0,231,5,8,0,9,93,3,5
3,2,14.0,231,5,8,0,0,64,2,5
3,2,14.0,231,5,23,0,14,24,2,5
3,2,21.0,108,5,17,1,6,91,1,21
3,2,21.0,108,5,13,0,1,67,3,21
3,2,21.0,108,5,16,1,8,27,0,21
3,2,21.0,108,5,5,1,15,46,4,21
3,2,21.0,108,5,3,1,12,100,4,21
3,2,21.0,108,5,3,1,7,62,4,21
3,2,5.0,127,2,6,0,10,30,0,24
3,2,21.0,108,5,18,0,6,91,3,21
3,2,21.0,108,5,11,1,1,1,4,21
3,2,21.0,108,5,9,3,9,101,0,21
3,2,22.0,209,6,19,2,10,22,1,26
3,2,29.0,140,6,7,0,15,51,1,16
3,2,29.0,140,6,13,0,2,40,2,16
3,2,29.0,140,6,8,1,9,83,4,16
3,2,30.0,131,3,14,0,5,12,2,19
3,0,4.0,229,4,16,0,15,51,3,30
3,4,20.0,115,0,4,2,13,29,3,29
3,4,23.0,30,4,10,2,13,36,3,17
3,4,23.0,30,4,8,3,9,95,3,17
3,4,23.0,30,4,8,0,7,20,4,17
3,4,29.0,313,2,17,0,7,78,4,16
3,4,29.0,313,2,16,2,8,41,3,16
3,4,20.0,115,0,6,0,10,22,1,29
3,4,29.0,313,2,11,0,12,61,4,16
3,10,5.0,336,6,19,1,14,88,2,24
3,6,30.0,145,0,13,0,9,27,1,19
3,10,5.0,336,6,7,1,5,6,0,24
3,10,13.0,346,3,9,2,8,41,3,25
3,4,12.0,134,3,8,1,0,31,4,28
3,4,13.0,221,0,12,0,16,72,4,25
3,1,31.0,305,3,17,1,10,23,2,20
3,0,14.0,5,3,19,1,9,54,1,5
3,4,29.0,313,2,15,0,10,47,0,16
3,4,29.0,313,2,8,0,1,59,4,16
3,4,29.0,313,2,9,2,1,1,0,16
3,4,31.0,67,5,16,1,6,91,4,20
3,4,31.0,67,5,14,2,16,108,3,20
3,4,31.0,67,5,1,0,0,26,2,20
3,4,31.0,67,5,1,0,2,60,1,20
3,2,5.0,127,2,6,0,3,79,3,24
3,2,14.0,231,5,17,1,2,2,0,5
3,2,14.0,231,5,13,0,9,102,1,5
3,2,14.0,231,5,2,2,1,11,3,5
3,2,21.0,108,5,13,2,6,7,0,21
3,2,21.0,108,5,10,1,6,7,4,21
3,2,22.0,209,6,3,0,5,6,0,26
3,2,22.0,209,6,15,1,1,59,4,26
3,2,21.0,108,5,19,0,16,74,3,21
3,2,21.0,108,5,10,1,6,7,1,21
3,2,14.0,231,5,7,3,3,30,4,5
3,2,21.0,108,5,1,0,2,40,1,21
3,2,21.0,108,5,1,1,9,27,0,21
3,2,22.0,209,6,19,0,16,42,2,26
3,2,22.0,209,6,4,1,14,126,1,26
3,2,29.0,140,6,0,0,0,0,3,16
3,2,29.0,140,6,8,2,8,27,3,16
3,2,29.0,140,6,12,0,12,100,4,16
3,2,29.0,140,6,12,0,6,132,3,16
3,2,29.0,140,6,18,2,16,74,1,16
3,2,30.0,131,3,23,2,5,64,3,19
3,2,29.0,140,6,3,2,2,2,2,16
3,2,30.0,131,3,15,1,1,81,4,19
3,2,29.0,140,6,3,0,9,57,1,16
3,2,30.0,131,3,14,0,4,5,3,19
3,2,30.0,131,3,14,0,9,27,0,19
3,2,30.0,131,3,5,1,13,21,1,19
3,0,4.0,229,4,22,2,8,9,0,30
3,0,4.0,229,4,1,0,11,124,4,30
3,0,5.0,122,5,3,1,2,2,4,24
3,0,5.0,122,5,1,2,13,29,0,24
3,0,15.0,190,0,21,1,9,57,0,1
3,4,31.0,67,5,7,1,5,6,0,20
3,4,31.0,67,5,4,0,13,99,3,20
3,4,31.0,67,5,14,2,8,9,3,20
3,4,31.0,67,5,11,1,5,6,1,20
2,11,26.0,364,5,17,2,11,133,4,3
2,9,22.0,92,4,17,3,10,23,1,26
3,0,31.0,290,2,19,0,2,86,0,20
3,2,5.0,127,2,16,1,15,51,0,24
2,11,25.0,88,4,22,1,13,99,0,13
3,2,4.0,254,1,1,0,9,10,1,30
3,2,5.0,127,2,23,1,0,12,0,24
2,11,26.0,364,5,2,0,8,41,3,3
2,11,25.0,88,4,14,1,1,105,0,13
2,11,27.0,322,6,17,2,15,39,3,15
2,11,27.0,322,6,7,0,9,49,3,15
2,11,27.0,322,6,15,1,9,93,4,15
2,11,27.0,322,6,22,1,12,104,4,15
2,11,25.0,88,4,17,0,1,59,4,13
2,9,17.0,255,6,15,0,15,85,3,6
2,7,8.0,273,5,12,0,13,48,0,8
2,7,8.0,273,5,22,3,8,9,2,8
2,7,11.0,181,0,21,1,5,6,0,9
2,7,11.0,181,0,3,0,2,2,1,9
2,7,11.0,181,0,22,0,11,15,0,9
2,7,18.0,330,0,0,1,7,20,1,0
2,7,18.0,330,0,20,0,9,49,3,0
2,7,18.0,330,0,16,1,16,50,0,0
2,7,18.0,330,0,22,0,0,26,2,0
2,7,18.0,330,0,13,3,11,133,0,0
2,7,18.0,330,0,19,2,0,64,0,0
2,7,18.0,330,0,4,0,14,25,1,0
2,7,25.0,316,0,17,1,14,25,0,13
2,7,25.0,316,0,12,0,11,15,0,13
2,7,25.0,316,0,19,0,11,133,2,13
2,7,25.0,316,0,9,0,14,24,1,13
2,7,25.0,316,0,9,0,0,31,1,13
2,3,1.0,120,0,17,2,11,8,3,7
2,3,1.0,120,0,23,0,14,107,0,7
2,11,9.0,311,1,2,0,11,15,2,12
0,4,1.0,144,3,13,3,6,89,1,7
2,11,9.0,311,1,13,1,9,95,4,12
2,11,18.0,332,4,9,2,9,54,3,0
2,11,18.0,332,4,22,1,13,69,4,0
2,11,18.0,332,4,16,0,0,12,0,0
2,11,18.0,332,4,2,0,14,24,0,0
2,11,17.0,110,2,3,0,6,14,1,6
2,9,16.0,107,5,15,0,4,5,0,2
2,3,1.0,120,0,11,0,12,104,4,7
2,3,1.0,120,0,3,0,11,15,0,7
2,3,1.0,120,0,8,2,3,30,3,7
2,3,1.0,120,0,1,2,10,22,3,7
2,11,26.0,364,5,12,0,1,11,0,3
2,11,26.0,364,5,9,0,16,130,4,3
2,9,17.0,255,6,17,0,15,114,1,6
2,7,8.0,273,5,1,0,7,57,1,8
2,7,8.0,273,5,18,1,9,58,4,8
2,7,8.0,273,5,23,0,5,12,3,8
2,7,11.0,181,0,16,1,10,47,0,9
2,7,11.0,181,0,7,0,6,14,2,9
2,7,11.0,181,0,15,0,1,1,4,9
2,7,11.0,181,0,3,0,16,113,3,9
2,7,11.0,181,0,9,0,13,21,0,9
2,7,18.0,330,0,6,0,0,0,0,0
2,7,18.0,330,0,5,0,3,4,0,0
2,7,18.0,330,0,5,0,0,64,2,0
2,7,18.0,330,0,15,0,15,46,2,0
2,7,18.0,330,0,15,0,4,79,1,0
2,7,18.0,330,0,13,0,15,46,0,0
2,7,18.0,330,0,2,0,12,80,0,0
2,7,18.0,330,0,4,0,7,57,2,0
2,7,25.0,316,0,5,0,2,86,1,13
2,7,25.0,316,0,5,0,14,34,0,13
2,3,1.0,120,0,8,1,14,25,1,7
2,3,1.0,120,0,4,0,8,19,0,7
2,3,2.0,182,1,0,0,10,47,2,22
2,3,2.0,182,1,21,2,16,113,3,22
2,3,1.0,120,0,13,0,5,12,1,7
2,3,1.0,120,0,2,0,12,84,1,7
2,3,1.0,120,0,14,0,5,0,1,7
2,3,8.0,44,0,17,0,2,86,1,8
2,3,8.0,44,0,19,0,13,36,2,8
2,3,8.0,44,0,17,0,8,118,1,8
2,3,10.0,337,2,6,0,0,77,1,4
2,3,10.0,337,2,20,1,11,133,0,4
2,3,8.0,44,0,23,1,10,22,1,8
2,3,10.0,337,2,8,0,1,1,2,4
2,3,10.0,337,2,22,0,13,48,0,4
2,3,8.0,44,0,19,3,13,48,0,8
2,3,11.0,104,4,14,0,5,64,0,9
2,3,17.0,165,2,17,2,6,73,3,6
2,3,17.0,165,2,20,2,4,75,0,6
2,3,17.0,165,2,15,0,0,12,3,6
2,3,17.0,165,2,19,0,0,0,3,6
2,3,20.0,338,6,8,1,3,79,4,29
2,9,26.0,267,0,4,0,6,7,0,3
2,11,10.0,360,2,2,0,5,6,3,4
2,11,10.0,360,2,11,0,1,81,2,4
2,11,19.0,321,5,7,2,14,25,1,10
2,11,19.0,321,5,15,2,2,86,0,10
2,11,19.0,321,5,8,0,13,69,3,10
2,11,19.0,321,5,23,0,12,56,1,10
2,3,20.0,338,6,13,0,2,92,1,29
2,3,20.0,338,6,9,0,10,22,0,29
2,3,20.0,338,6,9,0,5,6,3,29
2,3,20.0,338,6,19,0,5,47,2,29
2,3,27.0,187,6,15,0,1,11,1,15
2,3,27.0,187,6,3,0,10,22,3,15
2,3,27.0,187,6,8,0,12,121,1,15
2,3,27.0,187,6,19,0,0,64,0,15
2,3,27.0,187,6,12,0,14,25,0,15
2,3,27.0,187,6,20,0,2,2,2,15
2,3,27.0,187,6,14,0,14,106,4,15
2,3,27.0,187,6,20,1,11,98,4,15
2,3,27.0,187,6,9,0,11,15,1,15
2,3,27.0,187,6,18,0,9,93,1,15
2,3,11.0,104,4,18,0,15,114,1,9
2,5,9.0,155,4,6,0,0,53,0,12
2,5,9.0,155,4,13,1,13,21,1,12
2,5,9.0,155,4,12,0,1,59,2,12
2,5,9.0,155,4,19,0,9,49,3,12
2,5,9.0,155,4,14,0,3,4,0,12
2,5,9.0,155,4,9,0,0,77,1,12
2,5,12.0,184,3,11,1,2,60,4,28
2,9,10.0,156,6,22,0,13,28,2,4
2,5,12.0,184,3,22,0,6,89,2,28
2,3,1.0,120,0,11,2,16,50,0,7
2,3,1.0,120,0,3,0,15,85,3,7
2,3,1.0,120,0,18,0,0,15,2,7
2,3,2.0,182,1,6,0,10,22,3,22
2,7,25.0,316,0,11,0,8,41,4,13
2,3,2.0,182,1,8,0,5,64,0,22
2,3,2.0,182,1,19,0,5,6,0,22
2,3,8.0,44,0,6,0,6,91,1,8
2,3,8.0,44,0,12,0,6,132,2,8
2,3,8.0,44,0,9,0,16,50,0,8
2,3,10.0,337,2,21,0,8,41,3,4
2,3,10.0,337,2,7,0,12,61,1,4
2,3,10.0,337,2,0,0,4,66,0,4
2,3,11.0,104,4,17,0,3,30,1,9
2,3,11.0,104,4,2,0,16,50,1,9
2,3,11.0,104,4,15,1,1,105,4,9
2,3,11.0,104,4,2,0,12,80,2,9
2,3,17.0,165,2,16,0,6,7,0,6
2,3,17.0,165,2,16,0,10,47,1,6
2,3,1.0,120,0,11,0,12,100,3,7
2,3,20.0,338,6,5,3,9,95,0,29
2,3,20.0,338,6,13,0,14,25,3,29
2,3,20.0,338,6,2,0,0,0,2,29
2,3,1.0,120,0,4,0,13,38,2,7
2,3,2.0,182,1,13,0,2,123,2,22
2,3,2.0,182,1,3,1,14,34,1,22
2,7,25.0,316,0,12,0,10,47,3,13
2,3,11.0,104,4,6,2,8,9,0,9
2,3,8.0,44,0,19,1,0,64,0,8
2,3,11.0,104,4,19,0,7,111,4,9
2,3,11.0,104,4,18,0,10,52,2,9
2,3,17.0,165,2,0,0,2,2,0,6
2,3,17.0,165,2,16,0,2,40,1,6
2,3,17.0,165,2,21,1,11,15,0,6
2,3,17.0,165,2,17,1,10,47,1,6
2,3,17.0,165,2,4,0,16,50,1,6
2,3,17.0,165,2,2,0,14,131,1,6
2,3,17.0,165,2,18,0,8,9,0,6
2,3,20.0,338,6,22,0,5,6,3,29
2,3,20.0,338,6,6,1,10,47,0,29
2,3,20.0,338,6,12,0,10,47,3,29
2,3,27.0,187,6,12,2,2,2,3,15
2,5,1.0,307,2,17,0,14,24,1,7
2,5,1.0,307,2,16,0,4,75,1,7
2,5,1.0,307,2,11,0,6,116,1,7
2,5,1.0,307,2,15,2,10,23,0,7
2,5,1.0,307,2,5,0,10,47,2,7
2,5,1.0,307,2,1,0,15,108,1,7
2,3,20.0,338,6,22,1,3,30,4,29
2,3,27.0,187,6,6,0,8,118,1,15
2,3,27.0,187,6,4,0,1,81,1,15
2,3,27.0,187,6,9,0,11,117,0,15
2,3,27.0,187,6,14,1,13,28,1,15
2,3,27.0,187,6,1,2,1,81,3,15
2,3,27.0,187,6,14,0,8,19,3,15
2,5,1.0,307,2,3,0,11,117,1,7
2,5,1.0,307,2,19,0,8,9,1,7
2,5,1.0,307,2,12,0,11,124,1,7
2,5,1.0,307,2,1,0,1,67,0,7
2,5,9.0,155,4,22,3,10,47,0,12
2,5,9.0,155,4,13,1,13,21,1,12
2,5,9.0,155,4,4,0,4,75,1,12
2,3,1.0,120,0,17,0,2,86,2,7
2,5,12.0,184,3,13,0,11,8,1,28
2,5,12.0,184,3,2,2,16,113,3,28
3,0,31.0,290,2,4,0,16,139,1,20
3,0,29.0,191,0,20,1,15,51,0,16
3,10,25.0,56,5,19,2,8,118,4,13
3,6,16.0,38,0,7,0,14,97,4,2
3,10,26.0,61,6,9,0,5,12,1,3
3,6,27.0,116,5,7,1,2,71,4,15
3,6,25.0,39,2,5,1,6,89,1,13
3,4,3.0,279,5,4,2,5,64,3,27
3,10,1.0,208,1,17,1,11,98,1,7
3,2,10.0,28,0,22,0,2,92,2,4
3,10,1.0,208,1,20,3,8,27,3,7
3,10,16.0,201,2,3,1,14,107,1,2
3,6,1.0,158,3,13,0,6,7,1,7
3,1,24.0,64,3,23,0,5,0,2,14
3,2,20.0,264,4,9,3,0,68,0,29
3,2,20.0,264,4,22,0,13,13,1,29
3,0,3.0,334,2,4,0,9,57,3,27
3,2,14.0,231,5,4,0,11,6,3,5
3,2,21.0,108,5,21,0,6,116,1,21
3,2,21.0,108,5,0,2,7,122,2,21
3,2,21.0,108,5,4,0,10,47,0,21
3,2,21.0,108,5,9,0,8,41,4,21
3,2,22.0,209,6,15,0,5,6,0,26
3,2,22.0,209,6,20,0,6,7,2,26
3,2,22.0,209,6,5,2,6,14,0,26
3,2,22.0,209,6,11,1,1,81,4,26
3,2,14.0,231,5,19,2,2,71,3,5
3,2,22.0,209,6,9,2,1,1,3,26
3,2,14.0,231,5,11,0,14,25,2,5
3,2,29.0,140,6,5,0,6,89,1,16
3,2,29.0,140,6,13,0,8,41,2,16
3,2,29.0,140,6,3,0,2,69,2,16
3,2,29.0,140,6,13,0,6,132,2,16
3,2,29.0,140,6,0,0,8,9,3,16
3,2,29.0,140,6,8,0,12,61,1,16
3,2,21.0,108,5,17,0,0,12,1,21
3,2,29.0,140,6,19,0,11,15,0,16
3,2,30.0,131,3,18,0,4,79,1,19
3,2,30.0,131,3,4,0,9,57,0,19
3,0,4.0,229,4,22,0,16,37,1,30
2,2,1.0,143,5,13,1,10,22,0,7
3,10,18.0,246,5,2,0,3,79,0,0
3,6,10.0,149,1,17,1,4,121,0,4
3,10,18.0,246,5,14,3,9,57,3,0
3,6,10.0,149,1,17,1,13,28,1,4
3,8,2.0,77,1,23,0,4,75,3,22
3,10,10.0,245,4,17,1,9,57,4,4
3,8,1.0,66,0,17,3,8,27,2,7
3,4,1.0,144,2,3,0,10,23,2,7
3,2,9.0,21,3,13,3,1,16,4,12
3,2,9.0,21,3,2,1,0,85,1,12
3,2,27.0,136,4,11,0,8,27,4,15
3,0,1.0,8,0,0,2,0,64,3,7
2,9,23.0,167,5,3,0,13,38,2,17
1,7,1.0,98,1,13,3,2,69,3,7
2,11,15.0,331,0,13,1,12,61,1,1
2,3,24.0,347,2,3,1,11,94,4,14
2,10,14.0,60,3,12,0,10,47,3,5
2,4,14.0,132,0,2,0,10,47,2,5
2,10,14.0,60,3,17,3,13,38,1,5
2,2,17.0,7,3,18,0,7,78,0,6
2,2,23.0,22,6,5,0,5,6,2,17
3,3,16.0,263,2,4,0,4,82,3,2
3,6,9.0,236,0,8,1,13,36,1,12
3,6,26.0,348,4,16,0,13,29,2,3
3,8,26.0,278,5,0,1,0,26,0,3
3,4,27.0,274,0,1,1,15,96,0,15
1,6,24.0,31,5,15,0,3,30,4,14
3,0,4.0,229,4,3,0,0,85,3,30
3,0,14.0,5,3,19,0,14,24,2,5
3,0,14.0,5,3,15,1,3,115,0,5
3,0,13.0,198,6,22,0,16,65,2,25
3,10,1.0,208,1,12,0,5,12,2,7
3,10,1.0,208,1,17,0,9,27,3,7
3,8,26.0,278,5,1,0,5,6,2,3
3,2,20.0,264,4,9,2,9,109,3,29
3,2,20.0,264,4,14,1,0,31,4,29
3,2,20.0,264,4,13,0,13,69,2,29
3,2,20.0,264,4,11,1,13,123,4,29
3,0,3.0,334,2,4,0,2,3,2,27
3,0,3.0,334,2,6,1,0,85,1,27
3,0,4.0,229,4,8,1,10,47,0,30
3,0,4.0,229,4,12,0,5,0,3,30
3,0,4.0,229,4,4,2,10,47,2,30
3,0,4.0,229,4,14,0,2,35,2,30
3,0,4.0,229,4,1,0,2,13,1,30
3,0,4.0,229,4,1,1,15,37,0,30
3,0,5.0,122,5,10,0,4,4,0,24
3,0,5.0,122,5,13,0,1,1,4,24
3,2,13.0,276,4,18,0,13,36,3,25
2,11,25.0,88,4,12,0,10,22,3,13
2,11,25.0,88,4,12,1,9,93,4,13
0,2,1.0,16,2,17,1,5,12,1,7
2,11,25.0,88,4,19,0,4,4,1,13
2,11,26.0,364,5,6,1,14,97,0,3
2,11,26.0,364,5,23,2,4,45,0,3
2,11,26.0,364,5,3,0,13,28,3,3
2,11,26.0,364,5,3,0,4,82,1,3
2,11,26.0,364,5,3,1,6,116,4,3
2,11,27.0,322,6,16,2,3,103,3,15
2,11,26.0,364,5,13,0,10,52,0,3
2,11,27.0,322,6,2,0,2,69,2,15
2,11,27.0,322,6,3,2,4,70,3,15
2,9,17.0,255,6,1,0,16,113,1,6
0,1,26.0,248,6,6,0,10,47,2,3
2,7,8.0,273,5,12,0,14,25,1,8
2,7,11.0,181,0,17,1,2,123,0,9
2,7,11.0,181,0,12,0,7,111,4,9
2,7,11.0,181,0,18,1,2,2,4,9
2,7,18.0,330,0,17,0,10,12,4,0
2,7,10.0,197,3,9,1,10,22,0,4
2,7,10.0,197,3,15,0,2,40,2,4
2,7,10.0,197,3,13,3,16,108,4,4
2,7,28.0,268,4,19,1,5,0,2,18
2,11,1.0,222,0,13,0,5,12,1,7
2,3,16.0,54,1,4,1,1,16,4,2
2,3,19.0,105,5,5,1,3,79,4,10
2,7,18.0,330,0,17,0,14,24,2,0
2,7,18.0,330,0,22,2,9,49,3,0
2,7,18.0,330,0,9,0,3,44,0,0
2,7,25.0,316,0,0,0,1,59,0,13
2,7,25.0,316,0,16,2,1,59,3,13
2,7,25.0,316,0,13,0,14,24,1,13
2,7,25.0,316,0,9,2,9,63,3,13
2,7,25.0,316,0,9,0,6,128,1,13
2,3,1.0,120,0,6,0,11,15,0,7
2,3,2.0,182,1,6,0,12,83,4,22
2,3,2.0,182,1,0,0,3,79,4,22
2,3,2.0,182,1,4,2,6,7,3,22
2,3,1.0,120,0,18,1,15,96,0,7
2,3,2.0,182,1,13,0,0,15,0,22
2,7,7.0,94,4,19,0,15,108,4,11
2,7,7.0,94,4,17,0,12,61,4,11
2,11,10.0,360,2,17,2,4,79,3,4
2,11,10.0,360,2,7,1,10,47,0,4
2,11,10.0,360,2,11,0,4,79,2,4
2,11,10.0,360,2,4,0,7,20,1,4
2,11,19.0,321,5,5,0,0,77,1,10
2,11,25.0,88,4,20,1,2,86,4,13
2,11,25.0,88,4,5,0,3,79,1,13
2,11,25.0,88,4,12,1,9,87,4,13
2,11,25.0,88,4,14,3,13,21,2,13
0,0,25.0,281,0,12,0,9,54,4,13
2,11,26.0,364,5,22,0,10,22,3,3
2,11,26.0,364,5,18,3,14,32,2,3
2,11,27.0,322,6,16,0,10,22,1,15
2,11,26.0,364,5,19,3,12,80,3,3
2,11,26.0,364,5,23,0,10,22,1,3
2,11,27.0,322,6,15,0,6,7,3,15
2,11,27.0,322,6,19,0,8,9,3,15
2,11,25.0,88,4,8,0,5,12,2,13
2,11,27.0,322,6,23,1,10,22,1,15
2,11,12.0,118,5,17,1,9,101,4,28
2,11,5.0,240,5,2,1,3,115,1,24
0,11,26.0,364,4,14,0,5,12,1,3
2,7,7.0,94,4,9,0,16,37,3,11
2,9,17.0,255,6,20,0,2,86,1,6
2,9,17.0,255,6,13,0,10,22,3,6
2,9,17.0,255,6,22,1,1,1,4,6
2,9,17.0,255,6,8,2,16,139,3,6
2,9,17.0,255,6,14,0,8,118,1,6
2,9,17.0,255,6,8,2,12,61,3,6
2,7,8.0,273,5,19,0,3,30,0,8
2,7,11.0,181,0,20,0,15,31,3,9
2,7,11.0,181,0,5,0,6,7,2,9
2,7,18.0,330,0,17,0,9,54,3,0
2,7,18.0,330,0,16,0,13,99,1,0
2,7,18.0,330,0,13,1,11,15,1,0
2,7,18.0,330,0,20,0,1,105,2,0
3,2,20.0,264,4,13,1,10,47,1,29
3,0,3.0,334,2,13,0,8,27,1,27
3,0,11.0,10,4,22,3,8,27,4,9
3,7,23.0,202,3,20,3,0,15,3,17
3,1,18.0,82,0,19,0,10,23,1,0
3,8,3.0,363,2,22,1,5,12,1,27
3,8,8.0,76,0,18,1,10,47,1,8
3,4,19.0,142,3,18,1,16,50,4,10
3,1,31.0,305,3,1,1,0,12,1,20
3,4,5.0,235,3,13,3,8,9,0,24
3,2,13.0,276,4,12,0,8,27,1,25
3,2,20.0,264,4,19,0,2,40,2,29
3,10,17.0,256,4,20,0,11,15,2,6
3,1,7.0,32,4,13,3,11,122,4,11
3,8,11.0,306,4,5,2,13,69,2,9
3,8,10.0,71,2,9,0,8,41,1,4
0,4,4.0,178,2,13,0,15,51,1,30
3,4,18.0,26,6,15,0,2,71,2,0
3,4,26.0,80,3,12,3,7,57,2,3
3,8,10.0,71,2,6,0,2,86,1,4
3,4,11.0,121,6,17,0,5,12,1,9
3,2,20.0,264,4,5,0,11,117,0,29
3,2,10.0,28,0,18,0,13,36,1,4
3,4,8.0,292,2,13,3,16,72,0,8
3,2,27.0,136,4,14,2,4,82,2,15
3,0,1.0,8,0,17,0,5,6,0,7
2,11,10.0,360,2,5,0,10,22,3,4
2,11,10.0,360,2,3,0,13,36,1,4
2,11,10.0,360,2,22,0,2,86,1,4
2,11,10.0,360,2,8,0,0,0,1,4
2,11,10.0,360,2,16,0,5,12,3,4
2,11,10.0,360,2,7,0,0,26,1,4
2,11,10.0,360,2,22,0,15,51,4,4
2,11,19.0,321,5,13,1,7,111,1,10
2,11,19.0,321,5,19,0,5,6,2,10
2,11,25.0,88,4,7,2,5,64,3,13
2,11,25.0,88,4,5,0,5,6,0,13
2,11,25.0,88,4,12,1,3,44,1,13
2,11,25.0,88,4,2,1,13,48,4,13
2,11,25.0,88,4,9,0,14,107,2,13
2,11,25.0,88,4,22,0,15,114,2,13
2,11,26.0,364,5,1,2,13,99,3,3
2,11,27.0,322,6,13,0,8,27,2,15
2,9,17.0,255,6,16,0,11,15,1,6
2,9,17.0,255,6,3,0,3,103,2,6
2,7,8.0,273,5,22,0,5,6,2,8
2,7,8.0,273,5,14,0,16,130,4,8
2,7,8.0,273,5,22,1,6,7,4,8
2,7,8.0,273,5,14,0,3,115,2,8
2,7,8.0,273,5,18,0,8,41,1,8
2,7,11.0,181,0,17,1,2,123,0,9
2,7,11.0,181,0,4,2,16,37,1,9
2,7,18.0,330,0,7,0,9,63,4,0
2,7,18.0,330,0,9,0,13,28,1,0
2,7,25.0,316,0,23,0,2,86,1,13
2,7,25.0,316,0,15,0,10,22,3,13
2,7,25.0,316,0,19,0,2,92,0,13
2,3,1.0,120,0,16,0,10,47,0,7
2,3,1.0,120,0,8,2,12,100,3,7
2,3,1.0,120,0,14,0,11,15,0,7
2,3,1.0,120,0,14,2,6,89,3,7
2,3,2.0,182,1,6,0,0,12,0,22
0,0,28.0,249,4,9,3,14,24,0,18
2,3,2.0,182,1,13,1,13,29,4,22
2,3,1.0,120,0,1,3,2,86,4,7
2,3,2.0,182,1,12,0,6,128,4,22
2,3,2.0,182,1,12,0,14,24,3,22
2,11,10.0,360,2,13,1,10,43,1,4
2,11,19.0,321,5,8,0,10,47,0,10
2,11,19.0,321,5,3,0,0,85,2,10
2,11,19.0,321,5,5,1,12,61,1,10
2,11,19.0,321,5,14,0,9,57,3,10
2,11,19.0,321,5,9,1,3,30,4,10
2,11,25.0,88,4,3,1,1,81,4,13
2,11,25.0,88,4,23,1,13,48,4,13
2,11,10.0,360,2,11,0,5,0,2,4
2,11,10.0,360,2,8,0,8,41,1,4
2,11,10.0,360,2,2,0,0,64,1,4
2,11,25.0,88,4,0,1,15,85,0,13
2,11,25.0,88,4,3,2,0,12,0,13
2,11,25.0,88,4,4,0,14,24,2,13
2,11,25.0,88,4,9,0,8,41,1,13
3,2,5.0,127,2,0,2,2,86,3,24
2,7,25.0,316,0,1,0,10,47,1,13
3,2,5.0,127,2,6,1,8,65,4,24
3,4,31.0,67,5,9,2,6,7,3,20
3,2,5.0,127,2,3,0,9,57,0,24
3,2,14.0,231,5,4,0,6,7,3,5
3,2,14.0,231,5,18,2,13,29,2,5
3,2,21.0,108,5,18,0,5,12,1,21
3,2,21.0,108,5,10,1,4,138,1,21
3,2,21.0,108,5,12,0,8,9,1,21
3,2,22.0,209,6,17,0,6,91,1,26
3,2,22.0,209,6,5,2,16,65,0,26
3,2,22.0,209,6,3,0,10,52,3,26
3,2,29.0,140,6,19,1,11,129,4,16
3,2,29.0,140,6,16,0,13,21,0,16
3,0,7.0,15,3,18,3,8,19,3,11
3,0,7.0,15,3,5,3,7,111,0,11
3,2,29.0,140,6,14,0,5,6,0,16
3,2,29.0,140,6,9,0,0,31,0,16
3,2,29.0,140,6,2,2,8,9,3,16
3,2,30.0,131,3,8,0,8,118,3,19
3,2,29.0,140,6,0,1,10,47,2,16
3,0,4.0,229,4,7,1,16,65,0,30
3,0,4.0,229,4,19,0,10,22,1,30
3,0,4.0,229,4,14,1,9,101,4,30
3,0,5.0,122,5,21,1,10,47,0,24
3,0,5.0,122,5,13,1,2,2,4,24
3,0,5.0,122,5,15,3,2,60,0,24
3,0,5.0,122,5,18,0,11,15,1,24
3,0,15.0,190,0,6,0,5,12,0,1
3,0,15.0,190,0,21,1,3,115,0,1
3,0,15.0,190,0,17,1,15,119,0,1
3,0,15.0,190,0,22,1,1,11,4,1
3,0,16.0,11,1,16,0,0,26,1,2
3,0,16.0,11,1,23,0,14,25,1,2
3,0,16.0,11,1,6,1,3,44,0,2
3,0,16.0,11,1,4,0,7,20,1,2
3,0,16.0,11,1,19,2,15,77,3,2
3,0,22.0,241,0,16,0,0,26,3,26
3,0,14.0,5,3,6,0,5,12,3,5
3,0,22.0,241,0,20,0,2,40,4,26
3,0,22.0,241,0,9,0,14,24,1,26
3,0,15.0,190,0,21,0,10,6,3,1
3,0,15.0,190,0,4,1,8,19,0,1
3,0,16.0,11,1,1,2,6,91,3,2
3,0,16.0,11,1,18,0,10,22,1,2
3,0,22.0,241,0,6,0,2,2,4,26
3,0,22.0,241,0,22,0,2,92,2,26
3,0,22.0,241,0,1,0,5,64,0,26
3,0,22.0,241,0,22,1,9,49,1,26
3,0,29.0,191,0,20,0,9,83,0,16
3,0,29.0,191,0,8,0,6,91,1,16
3,0,29.0,191,0,5,1,1,1,4,16
3,0,29.0,191,0,19,2,6,132,0,16
3,0,29.0,191,0,4,1,9,134,0,16
3,0,30.0,228,1,3,0,15,39,3,19
3,0,30.0,228,1,18,0,8,118,1,19
3,0,31.0,290,2,6,0,11,98,1,20
3,0,31.0,290,2,16,0,10,6,3,20
3,0,31.0,290,2,0,1,15,39,0,20
3,0,31.0,290,2,15,1,6,7,1,20
3,6,8.0,59,3,22,0,5,6,3,8
3,6,8.0,59,3,9,3,5,64,3,8
3,5,15.0,200,4,17,0,10,47,1,1
3,10,27.0,302,3,19,1,15,46,4,15
3,1,27.0,262,2,2,1,4,75,4,15
3,8,3.0,363,2,9,1,11,15,0,27
3,8,1.0,66,0,17,3,11,0,3,7
3,8,3.0,363,2,2,3,8,9,3,27
3,4,19.0,142,3,20,0,2,86,3,10
3,4,19.0,142,3,4,0,15,51,1,10
3,4,19.0,142,3,9,0,2,2,4,10
3,4,28.0,218,1,18,2,3,44,3,18
3,4,28.0,218,1,2,1,8,27,0,18
3,4,19.0,142,3,8,0,13,99,2,10
3,4,28.0,218,1,15,1,13,28,1,18
3,4,28.0,218,1,14,1,0,64,2,18
3,2,3.0,282,0,4,1,6,128,1,27
3,3,17.0,54,4,2,1,11,55,1,6
3,4,23.0,30,4,17,0,10,22,1,17
3,4,23.0,30,4,8,0,15,51,3,17
3,4,29.0,313,2,16,2,0,12,3,16
3,4,29.0,313,2,3,0,6,89,1,16
3,4,29.0,313,2,19,0,8,41,1,16
3,4,29.0,313,2,19,0,2,69,2,16
3,4,31.0,67,5,11,0,10,22,3,20
3,4,31.0,67,5,22,1,13,99,4,20
3,4,31.0,67,5,23,1,6,7,1,20
3,4,31.0,67,5,14,2,8,9,3,20
2,3,1.0,120,0,6,0,11,15,2,7
3,2,5.0,127,2,22,0,10,47,0,24
2,3,1.0,120,0,17,2,9,10,3,7
2,3,1.0,120,0,11,1,12,83,4,7
2,7,7.0,94,4,11,1,3,44,1,11
2,7,7.0,94,4,14,1,12,100,4,11
2,3,1.0,120,0,15,0,2,13,2,7
2,3,1.0,120,0,20,0,2,86,1,7
0,2,1.0,16,2,14,0,6,89,1,7
2,3,2.0,182,1,0,1,8,27,0,22
2,3,1.0,120,0,4,0,9,102,2,7
2,3,1.0,120,0,9,0,2,86,1,7
2,3,2.0,182,1,13,0,0,26,1,22
2,11,10.0,360,2,0,0,0,85,1,4
2,11,10.0,360,2,22,0,10,43,1,4
2,11,10.0,360,2,18,0,0,68,0,4
2,11,19.0,321,5,8,0,12,104,4,10
2,3,2.0,182,1,9,0,2,86,0,22
2,3,8.0,44,0,6,1,13,48,2,8
2,3,8.0,44,0,13,1,1,16,4,8
2,3,8.0,44,0,11,1,1,1,4,8
2,3,10.0,337,2,21,0,0,26,1,4
2,3,10.0,337,2,10,0,1,1,0,4
2,3,10.0,337,2,17,1,4,75,4,4
2,3,10.0,337,2,12,0,13,13,3,4
2,3,8.0,44,0,11,1,12,56,1,8
2,3,11.0,104,4,14,0,2,60,1,9
2,3,17.0,165,2,16,0,13,28,3,6
2,3,17.0,165,2,12,0,3,79,4,6
2,3,17.0,165,2,8,0,0,77,3,6
2,3,20.0,338,6,18,0,0,26,4,29
2,3,20.0,338,6,13,1,15,114,1,29
2,3,20.0,338,6,4,1,4,4,1,29
2,3,27.0,187,6,20,1,5,12,0,15
2,3,27.0,187,6,11,0,16,50,3,15
2,3,8.0,44,0,0,2,2,86,1,8
2,5,1.0,307,2,16,2,13,29,3,7
2,5,1.0,307,2,21,0,16,37,1,7
2,3,8.0,44,0,22,0,5,12,1,8
2,3,8.0,44,0,11,0,9,95,2,8
2,3,8.0,44,0,13,0,8,41,0,8
2,3,8.0,44,0,15,1,0,64,0,8
2,3,10.0,337,2,16,0,5,12,3,4
2,3,10.0,337,2,12,0,1,11,4,4
2,3,11.0,104,4,17,0,15,114,1,9
2,3,10.0,337,2,9,1,9,54,2,4
2,3,11.0,104,4,13,0,10,47,0,9
2,3,11.0,104,4,2,1,10,12,0,9
2,3,11.0,104,4,1,0,4,121,1,9
2,3,10.0,337,2,17,1,10,22,1,4
2,3,11.0,104,4,18,0,11,18,1,9
2,3,8.0,44,0,9,0,14,24,1,8
2,3,17.0,165,2,6,2,8,19,3,6
2,3,17.0,165,2,3,1,1,35,4,6
2,3,10.0,337,2,12,0,8,9,1,4
2,3,17.0,165,2,20,0,4,66,2,6
2,3,20.0,338,6,17,2,10,22,3,29
2,3,20.0,338,6,6,0,5,6,3,29
2,3,20.0,338,6,23,0,3,79,1,29
2,3,20.0,338,6,9,0,12,100,1,29
2,3,20.0,338,6,1,0,13,29,1,29
2,11,25.0,88,4,17,0,2,2,2,13
2,11,26.0,364,5,11,2,3,103,0,3
2,11,26.0,364,5,13,1,14,34,4,3
2,11,26.0,364,5,23,1,15,46,4,3
2,11,26.0,364,5,4,1,12,83,4,3
2,11,26.0,364,5,14,2,13,99,3,3
2,11,26.0,364,5,22,1,3,76,4,3
2,11,27.0,322,6,10,1,7,111,0,15
2,11,27.0,322,6,12,0,2,69,0,15
2,11,27.0,322,6,2,2,8,9,0,15
2,11,27.0,322,6,12,0,2,60,1,15
2,9,17.0,255,6,7,2,0,77,0,6
2,7,11.0,181,0,21,0,4,79,1,9
2,7,11.0,181,0,8,0,7,111,1,9
2,7,11.0,181,0,11,0,5,6,3,9
2,7,11.0,181,0,4,1,4,127,4,9
2,7,18.0,330,0,15,0,10,47,0,0
2,7,18.0,330,0,12,0,7,57,2,0
2,7,18.0,330,0,11,1,9,109,4,0
2,7,18.0,330,0,14,1,9,10,4,0
2,7,25.0,316,0,16,1,0,85,0,13
2,7,25.0,316,0,16,0,6,7,3,13
2,3,1.0,120,0,21,1,10,52,0,7
2,3,20.0,338,6,3,0,10,47,3,29
0,0,30.0,228,6,13,0,4,75,1,19
2,7,7.0,94,4,18,0,13,13,1,11
3,0,5.0,122,5,3,0,10,47,2,24
3,0,5.0,122,5,10,0,9,54,2,24
3,0,5.0,122,5,8,0,9,58,2,24
3,0,15.0,190,0,23,0,0,31,2,1
3,0,15.0,190,0,8,0,14,34,2,1
3,0,15.0,190,0,4,2,4,5,0,1
3,0,15.0,190,0,19,0,11,94,0,1
3,0,13.0,198,6,19,1,14,32,1,25
3,0,14.0,5,3,1,0,5,12,1,5
3,0,30.0,228,1,22,1,14,131,1,19
3,0,31.0,290,2,9,0,3,103,2,20
3,0,15.0,190,0,9,1,1,105,1,1
3,0,16.0,11,1,6,0,5,12,0,2
3,0,16.0,11,1,6,2,0,12,3,2
3,0,15.0,190,0,1,1,9,93,4,1
3,0,16.0,11,1,8,0,4,127,3,2
3,0,16.0,11,1,4,3,0,26,0,2
3,0,22.0,241,0,23,0,1,35,3,26
3,0,22.0,241,0,15,0,1,59,2,26
3,0,22.0,241,0,18,0,1,35,4,26
3,0,22.0,241,0,1,1,6,7,4,26
3,0,29.0,191,0,10,0,10,22,1,16
3,0,29.0,191,0,16,1,1,59,1,16
3,0,29.0,191,0,11,0,2,86,1,16
3,0,29.0,191,0,14,0,12,100,1,16
3,0,31.0,290,2,21,0,1,67,3,20
3,0,31.0,290,2,10,1,2,86,0,20
3,0,31.0,290,2,8,0,0,77,1,20
3,0,29.0,191,0,8,3,8,27,4,16
3,3,26.0,343,6,5,1,1,105,4,3
3,5,1.0,109,4,19,1,14,110,4,7
3,5,16.0,239,5,13,2,0,15,0,2
3,6,26.0,348,4,12,0,14,131,1,3
3,1,19.0,29,1,13,0,14,110,1,10
3,8,17.0,74,2,20,0,14,24,2,6
3,6,25.0,39,2,23,3,9,10,4,13
3,1,20.0,151,2,3,0,1,67,0,29
3,4,22.0,152,2,1,3,9,49,3,26
3,4,22.0,152,2,3,0,2,13,1,26
3,4,30.0,139,4,9,0,8,27,1,19
3,4,30.0,139,4,9,0,2,86,3,19
3,2,13.0,276,4,3,0,6,91,2,25
3,7,28.0,34,5,8,0,1,59,4,18
3,6,11.0,355,2,2,3,5,12,3,9
3,6,4.0,159,2,18,3,6,7,0,30
3,10,27.0,302,3,20,1,5,64,1,15
3,3,1.0,180,1,12,3,13,29,4,7
3,7,1.0,98,6,17,0,13,99,1,7
3,1,27.0,262,2,13,0,12,104,4,15
3,8,3.0,363,2,19,1,1,35,4,27
0,3,1.0,180,6,13,0,10,47,1,7
3,2,11.0,297,1,22,1,12,135,4,9
3,2,17.0,6,0,11,1,10,47,1,6
3,0,1.0,8,0,2,1,16,72,0,7
3,6,6.0,83,5,19,2,10,47,3,23
3,10,4.0,356,5,5,0,10,22,1,30
3,1,13.0,207,2,4,1,3,4,0,25
3,1,20.0,151,2,1,1,4,79,0,29
3,1,20.0,151,2,11,1,1,1,0,29
3,4,22.0,152,2,1,0,4,127,3,26
3,4,30.0,139,4,18,0,8,41,3,19
3,4,30.0,139,4,12,1,12,58,1,19
3,2,13.0,276,4,13,2,3,30,3,25
3,4,12.0,134,3,11,3,12,61,1,28
3,0,21.0,287,3,17,0,13,69,2,21
3,2,13.0,276,4,22,0,2,86,2,25
3,8,1.0,66,0,5,1,9,134,4,7
3,6,2.0,352,0,18,0,10,23,1,22
3,6,18.0,308,2,10,1,15,46,0,0
3,6,16.0,38,0,11,0,7,54,2,2
3,6,15.0,49,3,5,3,12,100,4,1
3,10,15.0,60,1,19,1,2,123,4,1
3,7,18.0,154,1,17,1,8,9,4,0
3,8,10.0,71,2,19,1,7,62,1,4
3,4,18.0,26,6,17,1,0,26,1,0
3,7,25.0,41,1,12,1,12,80,4,13
3,6,2.0,352,0,1,2,10,22,3,22
3,6,18.0,308,2,1,1,1,35,0,0
3,6,16.0,38,0,8,0,0,77,1,2
3,6,17.0,244,1,22,0,9,95,1,6
3,10,7.0,243,0,7,0,4,127,2,11
3,10,19.0,117,6,15,0,0,68,3,10
3,10,24.0,261,4,15,3,5,64,0,14
3,8,24.0,85,2,19,2,12,84,3,14
3,6,2.0,352,0,1,1,13,28,2,22
3,6,16.0,38,0,13,0,7,120,3,2
3,6,18.0,308,2,17,1,6,128,0,0
3,10,19.0,117,6,23,0,8,19,0,10
3,10,19.0,117,6,21,3,15,46,3,10
3,10,17.0,256,4,2,0,5,6,1,6
3,1,17.0,63,3,17,1,5,12,2,6
3,8,11.0,306,4,18,3,7,122,4,9
3,3,24.0,357,4,5,0,2,86,2,14
3,3,25.0,347,5,8,0,3,79,1,13
3,6,8.0,59,3,2,0,15,46,1,8
3,10,9.0,150,2,17,1,11,94,4,12
3,10,27.0,302,3,9,0,7,78,4,15
3,1,18.0,82,0,14,1,2,2,0,0
3,8,3.0,363,2,1,1,1,59,4,27
3,8,1.0,66,0,3,1,9,101,4,7
3,4,16.0,25,4,17,0,5,12,3,2
3,4,16.0,25,4,13,1,11,129,4,2
3,2,8.0,258,6,5,1,5,6,2,8
3,2,5.0,127,2,12,0,0,26,0,24
3,2,14.0,231,5,6,0,12,104,0,5
3,2,14.0,231,5,16,0,13,21,1,5
3,0,29.0,191,0,4,0,13,28,1,16
3,0,30.0,228,1,7,1,3,4,0,19
3,0,30.0,228,1,11,2,1,16,0,19
3,0,30.0,228,1,0,0,11,18,1,19
3,0,31.0,290,2,6,0,2,86,1,20
3,0,31.0,290,2,13,0,1,105,4,20
3,0,31.0,290,2,1,1,9,27,0,20
3,0,29.0,191,0,1,0,14,24,2,16
3,2,29.0,140,6,19,0,2,69,2,16
3,0,4.0,229,4,17,1,15,114,1,30
3,0,4.0,229,4,0,0,7,111,0,30
3,0,4.0,229,4,13,1,8,65,4,30
3,0,4.0,229,4,10,0,13,28,0,30
3,0,15.0,190,0,20,0,13,123,1,1
3,0,15.0,190,0,21,0,0,77,1,1
3,0,15.0,190,0,4,2,4,136,0,1
3,0,15.0,190,0,14,2,5,12,3,1
3,0,15.0,190,0,13,1,8,65,4,1
3,0,16.0,11,1,17,0,10,47,0,2
3,0,16.0,11,1,4,1,6,116,4,2
3,4,30.0,139,4,11,1,10,22,2,19
3,2,4.0,254,1,14,0,12,61,3,30
3,0,8.0,9,0,17,0,12,61,2,8
3,0,21.0,287,3,15,1,6,116,1,21
3,0,22.0,241,0,2,0,10,23,1,26
3,0,22.0,241,0,12,0,8,118,1,26
3,0,22.0,241,0,2,1,14,88,4,26
3,0,29.0,191,0,2,0,10,22,3,16
3,0,29.0,191,0,14,0,2,13,1,16
3,0,29.0,191,0,1,0,10,47,3,16
3,0,29.0,191,0,1,0,13,36,1,16
3,2,5.0,127,2,10,0,5,6,2,24
3,0,29.0,191,0,4,1,13,99,1,16
3,0,30.0,228,1,3,0,9,95,0,19
3,0,30.0,228,1,2,0,2,123,3,19
3,0,31.0,290,2,15,0,10,22,1,20
3,2,15.0,130,6,1,1,7,20,2,1
3,4,21.0,339,1,21,0,5,12,3,21
3,0,4.0,229,4,13,2,2,71,3,30
3,0,4.0,229,4,18,0,7,78,1,30
3,0,4.0,229,4,12,2,15,51,0,30
3,0,4.0,229,4,20,1,6,91,4,30
3,0,5.0,122,5,16,0,0,77,1,24
3,0,5.0,122,5,21,1,10,47,0,24
3,0,5.0,122,5,5,0,6,128,2,24
3,4,24.0,27,5,15,0,2,123,0,14
3,0,5.0,122,5,8,0,11,15,3,24
3,0,5.0,122,5,12,0,16,72,1,24
3,0,15.0,190,0,23,2,16,37,0,1
3,0,15.0,190,0,3,2,1,11,0,1
3,0,15.0,190,0,22,0,13,21,4,1
3,0,15.0,190,0,3,0,0,96,2,1
3,0,15.0,190,0,2,0,10,47,3,1
3,0,16.0,11,1,22,0,2,2,1,2
3,0,15.0,190,0,4,1,8,65,0,1
3,0,22.0,241,0,7,0,4,136,4,26
3,0,22.0,241,0,9,0,8,27,1,26
3,0,22.0,241,0,11,1,16,42,4,26
3,0,30.0,228,1,5,0,5,6,0,19
3,0,30.0,228,1,17,0,0,53,0,19
3,0,29.0,191,0,20,0,4,127,1,16
3,0,29.0,191,0,13,2,8,33,3,16
3,0,29.0,191,0,4,2,6,89,3,16
3,0,29.0,191,0,19,0,2,2,1,16
3,0,30.0,228,1,20,0,10,47,0,19
3,0,30.0,228,1,12,0,2,86,1,19
3,0,30.0,228,1,12,2,10,47,0,19
3,0,31.0,290,2,2,0,9,49,0,20
3,9,17.0,255,0,9,0,12,56,1,6
3,9,22.0,92,6,15,0,8,41,4,26
0,0,26.0,14,1,17,3,16,108,1,3
3,9,22.0,92,6,22,0,8,33,2,26
2,0,6.0,15,5,15,0,13,38,2,23
2,10,14.0,60,3,13,3,5,6,3,5
2,0,14.0,190,6,14,0,5,64,1,5
2,10,5.0,242,5,2,0,7,122,0,24
2,8,6.0,70,5,14,0,13,38,2,23
3,9,25.0,344,1,6,2,10,22,0,13
3,9,25.0,344,1,6,1,5,64,1,13
3,9,25.0,344,1,5,0,12,61,3,13
3,9,25.0,344,1,8,3,13,38,4,13
3,7,6.0,93,4,10,0,10,22,2,23
3,7,6.0,93,4,2,0,5,6,0,23
3,7,6.0,93,4,11,1,16,72,1,23
3,7,6.0,93,4,19,0,16,37,3,23
3,7,6.0,93,4,14,2,0,12,1,23
3,7,15.0,205,6,6,0,2,40,1,1
3,7,15.0,205,6,16,0,10,47,2,1
3,7,16.0,40,3,16,0,10,52,1,2
3,9,1.0,126,6,8,0,0,53,1,7
3,9,1.0,126,6,2,0,9,87,0,7
3,9,1.0,126,6,9,0,8,41,1,7
3,9,14.0,106,5,0,0,16,130,3,5
3,9,14.0,106,5,13,1,8,9,4,5
3,9,15.0,226,6,22,0,2,40,0,1
3,9,17.0,255,0,17,0,5,12,0,6
2,0,16.0,12,0,0,0,0,26,1,2
2,1,8.0,50,4,14,0,3,44,1,8
3,11,5.0,240,3,4,1,12,83,4,24
3,9,14.0,106,5,13,0,12,17,1,5
3,9,17.0,255,0,11,1,15,31,4,6
3,9,14.0,106,5,5,0,13,38,2,5
3,9,22.0,92,6,22,0,15,51,3,26
3,9,25.0,344,1,6,2,9,95,3,13
3,7,6.0,93,4,23,0,11,94,1,23
3,7,6.0,93,4,11,0,12,80,4,23
3,7,6.0,93,4,5,0,8,27,1,23
3,7,6.0,93,4,12,0,5,6,3,23
3,7,14.0,125,5,0,1,13,21,0,5
3,7,14.0,125,5,0,1,9,10,0,5
3,7,14.0,125,5,4,0,0,68,1,5
2,0,1.0,47,3,16,1,8,9,0,7
3,7,15.0,205,6,7,0,0,77,1,1
3,7,16.0,40,3,13,0,10,47,3,2
3,7,24.0,68,0,17,1,12,84,1,14
3,7,24.0,68,0,8,0,4,5,1,14
3,7,26.0,316,2,17,0,1,59,4,3
3,11,22.0,250,2,17,2,10,47,3,26
3,11,22.0,250,2,6,0,2,2,3,26
3,9,14.0,106,5,2,2,15,119,2,5
3,9,14.0,106,5,19,1,5,12,0,5
3,9,15.0,226,6,14,2,7,54,4,1
3,9,15.0,226,6,14,1,9,87,1,1
3,9,25.0,344,1,17,1,3,76,0,13
3,9,25.0,344,1,14,0,13,13,0,13
3,7,6.0,93,4,1,0,6,128,1,23
3,7,6.0,93,4,13,0,4,82,2,23
3,7,14.0,125,5,12,2,7,62,3,5
3,7,14.0,125,5,4,0,13,99,2,5
3,7,16.0,40,3,0,1,13,48,2,2
3,7,24.0,68,0,20,0,12,80,1,14
3,7,24.0,68,0,13,1,1,59,4,14
3,9,16.0,107,3,10,3,0,68,1,2
0,2,30.0,131,4,17,3,7,62,4,19
2,11,11.0,175,4,2,0,4,121,1,9
3,7,24.0,68,0,4,0,15,51,1,14
3,7,26.0,316,2,7,0,8,41,1,3
3,3,6.0,303,3,7,0,5,6,3,23
3,3,7.0,289,0,19,1,5,12,0,11
3,3,8.0,148,1,6,0,14,25,0,8
3,3,8.0,148,1,9,2,9,63,1,8
3,3,15.0,35,1,3,0,12,61,1,1
3,3,15.0,35,1,4,0,12,61,1,1
2,2,14.0,130,4,15,0,13,28,0,5
2,2,15.0,220,5,16,1,13,48,0,1
2,2,17.0,7,3,19,0,16,50,3,6
2,2,15.0,220,5,20,0,13,21,2,1
2,2,23.0,22,6,0,0,10,22,3,17
2,2,15.0,220,5,22,0,2,92,0,1
2,2,23.0,22,6,7,2,2,13,3,17
2,2,23.0,22,6,22,1,7,54,4,17
2,2,23.0,22,6,12,1,9,10,4,17
2,2,23.0,22,6,8,1,7,129,4,17
2,4,14.0,132,0,18,0,8,9,0,5
2,2,25.0,3,0,23,3,4,4,1,13
2,2,25.0,3,0,11,0,13,99,3,13
2,2,25.0,3,0,15,0,2,92,1,13
3,7,23.0,202,3,8,2,15,119,3,17
3,7,23.0,202,3,12,1,14,126,4,17
2,2,25.0,3,0,3,2,6,89,3,13
2,2,25.0,3,0,13,0,5,6,3,13
2,2,25.0,3,0,13,1,11,8,4,13
2,2,25.0,3,0,1,0,11,94,3,13
2,2,25.0,3,0,2,1,14,126,4,13
2,0,6.0,15,5,21,1,0,0,0,23
3,9,6.0,51,4,6,2,15,96,4,23
2,1,7.0,62,2,20,0,3,44,3,11
0,8,1.0,66,5,17,0,8,118,1,7
2,3,3.0,285,2,4,0,4,66,0,27
2,1,13.0,183,1,6,0,6,128,1,25
3,11,15.0,331,2,3,1,12,104,1,1
2,0,16.0,12,0,18,0,9,134,2,2
3,3,6.0,303,3,6,0,13,13,0,23
2,0,6.0,15,5,2,0,13,28,2,23
3,11,15.0,331,2,17,0,5,12,0,1
2,3,3.0,285,2,10,1,3,76,1,27
2,9,22.0,92,4,12,3,14,97,3,26
2,0,16.0,12,0,9,0,11,98,1,2
2,1,13.0,183,1,2,0,2,86,2,25
3,11,22.0,250,2,6,0,5,12,3,26
2,10,7.0,213,3,16,2,2,86,1,11
0,0,1.0,8,5,22,3,9,58,4,7
0,2,10.0,28,5,11,3,9,93,1,4
2,1,8.0,50,4,13,2,10,22,3,8
2,0,16.0,12,0,22,3,3,30,3,2
2,1,16.0,63,5,0,1,8,19,0,2
2,0,6.0,15,5,9,2,13,38,2,23
2,6,20.0,193,4,16,0,0,12,0,29
2,1,5.0,97,0,6,1,0,26,1,24
2,1,16.0,63,5,4,1,2,13,1,2
2,10,7.0,213,3,20,0,10,12,3,11
3,11,22.0,250,2,13,0,13,28,1,26
2,10,4.0,336,4,18,2,0,53,3,30
2,10,15.0,201,0,16,0,14,25,3,1
2,1,23.0,64,5,15,0,1,67,0,17
2,2,10.0,297,3,8,2,14,88,2,4
2,11,19.0,321,5,7,1,2,69,4,10
2,10,15.0,201,0,2,2,12,61,1,1
2,8,7.0,76,6,10,0,1,105,4,11
2,2,10.0,297,3,19,1,3,103,4,4
3,9,1.0,126,6,11,1,1,59,4,7
2,3,2.0,182,1,13,2,4,75,3,22
2,2,22.0,230,5,2,0,13,99,2,26
3,9,14.0,106,5,16,2,10,47,3,5
2,3,20.0,338,6,19,1,3,30,4,29
2,10,15.0,201,0,1,1,3,79,4,1
3,9,21.0,362,5,1,1,7,20,0,21
3,9,14.0,106,5,23,0,2,40,3,5
3,9,14.0,106,5,20,0,9,54,1,5
3,9,15.0,226,6,12,0,8,41,3,1
3,9,17.0,255,0,11,1,4,45,4,6
3,9,22.0,92,6,13,0,2,2,3,26
3,9,22.0,92,6,8,0,16,37,3,26
3,9,25.0,344,1,6,0,10,6,2,13
3,7,6.0,93,4,4,2,12,84,1,23
3,7,14.0,125,5,9,0,9,95,1,5
3,7,15.0,205,6,13,1,13,99,4,1
3,7,14.0,125,5,19,1,15,96,0,5
3,7,16.0,40,3,9,0,7,8,2,2
3,7,24.0,68,0,4,0,4,66,0,14
3,7,16.0,40,3,20,1,16,72,4,2
3,3,6.0,303,3,14,0,16,139,1,23
3,3,7.0,289,0,17,0,2,92,1,11
3,3,7.0,289,0,6,1,4,127,1,11
3,3,7.0,289,0,18,2,4,127,3,11
2,11,3.0,288,2,0,2,8,9,1,27
0,0,20.0,172,2,10,1,5,0,1,29
3,3,8.0,148,1,1,0,0,77,1,8
3,3,15.0,35,1,16,0,8,9,3,1
3,3,15.0,35,1,18,2,2,2,3,1
3,3,16.0,263,2,0,0,16,50,3,2
3,3,16.0,263,2,2,0,5,12,1,2
3,3,16.0,263,2,14,2,2,2,3,2
3,3,26.0,343,6,18,0,8,41,1,3
3,5,1.0,109,4,23,0,2,40,1,7
3,5,1.0,109,4,3,2,13,29,3,7
2,0,6.0,15,5,22,0,13,69,2,23
2,0,8.0,48,3,11,0,7,111,3,8
2,0,16.0,12,0,23,0,8,41,1,2
2,0,16.0,12,0,23,1,4,127,1,2
2,0,16.0,12,0,12,0,13,36,1,2
2,0,16.0,12,0,20,0,5,12,1,2
2,0,16.0,12,0,3,0,12,80,3,2
2,0,23.0,55,0,10,1,14,25,0,17
2,0,23.0,55,0,14,0,9,102,3,17
2,0,23.0,55,0,5,0,7,20,1,17
2,0,23.0,55,0,21,1,15,46,4,17
2,0,24.0,281,1,0,0,10,47,0,14
2,0,24.0,281,1,17,0,8,118,1,14
2,9,2.0,323,5,18,2,6,14,3,22
2,9,2.0,323,5,18,1,10,22,0,22
2,9,2.0,323,5,1,1,16,74,0,22
2,9,11.0,52,3,13,1,2,92,4,9
2,9,11.0,52,3,9,1,13,69,4,9
2,9,10.0,156,6,11,1,15,51,4,4
2,7,1.0,160,5,23,0,0,96,4,7
2,10,12.0,346,5,4,0,2,86,1,28
2,1,4.0,219,3,11,3,2,86,3,30
2,8,9.0,71,0,18,3,10,47,1,12
2,2,5.0,251,1,4,0,13,99,3,24
2,4,28.0,313,0,11,0,8,27,1,18
2,2,11.0,128,0,4,1,7,111,4,9
2,9,1.0,126,4,13,0,12,61,1,7
2,2,29.0,131,5,12,1,0,85,0,16
2,2,1.0,143,5,5,0,0,85,1,7
2,4,8.0,18,1,13,0,1,11,4,8
2,2,24.0,233,3,15,0,5,64,2,14
2,0,24.0,281,1,0,1,11,90,0,14
2,0,24.0,281,1,21,1,11,90,0,14
2,0,24.0,281,1,22,0,0,77,0,14
2,0,24.0,281,1,19,0,8,27,3,14
2,0,25.0,14,2,16,1,11,117,0,13
2,0,23.0,55,0,13,3,11,18,3,17
2,0,24.0,281,1,8,0,1,105,0,14
2,0,25.0,14,2,4,0,11,8,1,13
2,0,26.0,23,4,15,0,16,37,4,3
2,0,26.0,23,4,4,2,13,29,0,3
3,11,5.0,240,3,16,1,6,7,0,24
3,11,5.0,240,3,6,0,5,12,0,24
3,3,16.0,263,2,17,0,0,53,3,2
3,3,16.0,263,2,19,0,2,2,1,2
3,3,26.0,343,6,3,0,5,6,0,3
3,3,26.0,343,6,19,1,8,19,4,3
3,3,26.0,343,6,5,1,7,62,1,3
3,5,1.0,109,4,4,0,2,69,0,7
2,1,7.0,62,2,16,0,1,59,1,11
2,8,7.0,76,6,20,1,12,61,1,11
2,3,20.0,338,6,20,1,0,12,1,29
2,1,7.0,62,2,7,1,11,94,1,11
2,8,14.0,72,6,20,0,5,6,2,5
2,5,17.0,195,5,4,3,2,2,3,6
2,1,8.0,50,4,16,0,10,43,3,8
3,7,10.0,329,0,12,3,14,25,3,4
2,8,14.0,72,6,19,1,6,128,4,5
3,3,5.0,324,6,18,1,7,20,4,24
2,4,14.0,132,0,15,0,15,46,3,5
2,1,7.0,62,2,15,1,11,18,1,11
2,0,23.0,55,0,18,0,10,52,1,17
2,1,13.0,183,1,8,0,14,24,3,25
2,0,24.0,281,1,17,0,0,12,3,14
2,1,24.0,65,6,2,0,4,127,1,14
2,1,23.0,64,5,17,0,2,2,1,17
2,0,24.0,281,1,8,0,15,46,1,14
2,8,7.0,76,6,15,0,16,130,0,11
2,1,23.0,64,5,12,0,8,9,1,17
2,6,12.0,317,2,22,1,13,69,2,28
2,0,25.0,14,2,14,3,9,87,4,13
2,8,7.0,76,6,8,2,13,28,0,11
2,1,23.0,64,5,1,2,6,89,1,17
2,6,12.0,317,2,6,1,15,31,4,28
2,6,27.0,309,4,2,0,3,30,0,15
2,0,25.0,14,2,9,0,12,61,4,13
2,1,23.0,64,5,18,2,9,93,2,17
2,0,26.0,23,4,6,1,13,28,4,3
2,1,24.0,65,6,16,2,8,9,3,14
2,1,24.0,65,6,16,1,14,97,0,14
2,3,4.0,324,4,13,2,0,0,0,30
2,3,4.0,324,4,8,0,2,60,2,30
2,3,4.0,324,4,4,0,8,33,1,30
2,3,4.0,324,4,18,2,14,106,3,30
2,3,14.0,35,3,21,0,0,77,1,5
2,3,14.0,35,3,11,1,14,131,4,5
2,3,14.0,35,3,9,1,14,107,4,5
2,3,21.0,166,3,21,1,4,45,0,21
2,3,21.0,166,3,5,1,2,2,1,21
2,3,21.0,166,3,20,1,11,124,4,21
2,3,21.0,166,3,12,2,15,31,3,21
2,3,22.0,57,0,3,1,9,93,1,26
2,3,23.0,357,1,16,0,14,24,1,17
2,3,23.0,357,1,1,0,0,77,1,17
2,3,24.0,347,2,16,1,11,55,0,14
2,3,23.0,357,1,15,0,14,24,2,17
2,3,24.0,347,2,5,0,6,89,1,14
2,3,30.0,109,1,7,1,10,22,2,19
2,3,30.0,109,1,10,0,13,21,1,19
2,3,30.0,109,1,14,0,13,36,2,19
2,3,13.0,33,6,1,0,10,12,1,25
2,3,30.0,109,1,18,0,3,44,1,19
2,1,7.0,62,2,17,1,9,93,1,11
2,1,13.0,183,1,13,0,5,64,2,25
2,1,13.0,183,1,9,0,8,41,1,25
2,1,23.0,64,5,17,2,1,59,3,17
2,1,23.0,64,5,6,1,11,55,4,17
2,1,23.0,64,5,2,0,12,100,1,17
2,1,23.0,64,5,23,1,3,103,4,17
2,1,23.0,64,5,12,3,5,6,0,17
2,1,24.0,65,6,3,0,0,53,3,14
2,1,24.0,65,6,12,0,11,117,3,14
2,8,7.0,76,6,23,0,13,38,2,11
2,8,7.0,76,6,2,0,9,95,1,11
2,8,14.0,72,6,8,0,2,123,2,5
2,8,14.0,72,6,9,0,13,21,1,5
2,8,7.0,76,6,22,0,15,119,2,11
2,4,14.0,132,0,2,0,13,28,2,5
2,4,15.0,25,1,16,0,5,6,0,1
2,4,14.0,132,0,4,0,1,59,4,5
2,4,17.0,26,4,13,0,14,24,1,6
2,5,30.0,196,4,4,0,6,7,3,19
2,9,8.0,90,4,17,1,2,2,4,8
2,3,28.0,325,3,11,1,10,22,0,18
2,5,20.0,351,0,5,1,3,44,4,29
2,5,20.0,351,0,23,1,7,54,4,29
2,6,2.0,99,3,5,3,0,77,3,22
2,11,2.0,265,1,1,2,3,30,3,22
2,9,19.0,234,0,9,1,11,133,4,10
2,4,17.0,26,4,11,0,6,14,2,6
2,4,15.0,25,1,19,0,15,96,2,1
2,2,6.0,153,2,17,2,11,55,3,23
2,2,6.0,153,2,2,0,5,64,3,23
2,2,7.0,258,4,10,2,1,105,3,11
2,1,7.0,62,2,10,0,16,42,1,11
2,1,7.0,62,2,2,2,16,50,3,11
2,1,7.0,62,2,1,0,10,47,1,11
2,1,8.0,50,4,16,1,10,22,0,8
2,1,8.0,50,4,13,1,7,111,1,8
2,0,26.0,23,4,10,0,9,49,1,3
2,8,7.0,76,6,23,1,14,24,4,11
3,11,5.0,240,3,10,1,2,2,4,24
2,8,7.0,76,6,9,0,1,59,3,11
3,11,5.0,240,3,1,0,10,43,2,24
2,8,7.0,76,6,12,0,9,101,3,11
3,11,15.0,331,2,13,0,4,75,1,1
2,8,14.0,72,6,3,0,0,77,3,5
2,4,14.0,132,0,6,0,2,86,4,5
3,11,15.0,331,2,15,1,11,8,1,1
3,11,22.0,250,2,8,0,15,37,0,26
3,11,22.0,250,2,12,0,9,102,1,26
3,11,22.0,250,2,17,1,6,128,4,26
3,11,22.0,250,2,16,0,0,85,0,26
3,9,1.0,126,6,1,0,4,75,1,7
2,0,23.0,55,0,6,1,14,32,4,17
2,0,23.0,55,0,15,0,8,41,2,17
2,0,23.0,55,0,16,1,5,6,0,17
2,0,23.0,55,0,2,0,6,14,0,17
2,0,23.0,55,0,2,3,14,25,0,17
2,0,23.0,55,0,19,0,5,47,2,17
2,6,10.0,355,0,12,1,9,101,0,4
2,6,10.0,355,0,2,0,5,6,1,4
2,10,12.0,346,5,13,3,2,86,1,28
2,10,2.0,310,1,17,1,9,102,1,22
2,1,12.0,207,0,3,1,0,12,2,28
2,1,21.0,164,2,8,1,9,101,4,21
2,11,1.0,222,0,8,1,9,109,4,7
2,0,23.0,55,0,19,0,7,120,3,17
2,0,24.0,281,1,16,2,1,67,3,14
2,0,24.0,281,1,0,1,3,30,1,14
2,0,24.0,281,1,10,0,10,47,2,14
2,0,24.0,281,1,9,1,14,24,4,14
2,0,25.0,14,2,17,2,10,22,3,13
2,0,25.0,14,2,17,0,16,74,1,13
2,0,25.0,14,2,1,0,8,118,1,13
2,0,26.0,23,4,18,0,0,85,4,3
3,11,15.0,331,2,2,0,2,2,1,1
3,11,15.0,331,2,2,3,13,28,3,1
3,11,22.0,250,2,16,0,9,95,1,26
3,11,22.0,250,2,12,1,1,1,1,26
3,11,22.0,250,2,1,0,0,15,3,26
3,9,1.0,126,6,13,0,8,9,0,7
3,9,1.0,126,6,22,0,9,95,2,7
2,1,23.0,64,5,18,0,3,30,3,17
2,1,23.0,64,5,10,1,10,23,1,17
2,1,23.0,64,5,18,1,12,56,0,17
2,1,24.0,65,6,13,0,13,99,2,14
2,8,7.0,76,6,16,0,9,93,1,11
2,8,7.0,76,6,12,0,3,44,1,11
2,8,7.0,76,6,1,0,9,54,1,11
2,8,7.0,76,6,14,0,8,41,4,11
2,8,14.0,72,6,22,0,6,128,1,5
2,8,14.0,72,6,1,1,9,63,4,5
2,4,14.0,132,0,22,0,8,19,1,5
2,4,15.0,25,1,15,0,14,24,4,1
2,4,17.0,26,4,8,0,8,41,1,6
2,4,17.0,26,4,3,0,14,25,0,6
2,4,15.0,25,1,14,2,7,20,3,1
2,4,17.0,26,4,14,2,14,88,0,6
2,2,6.0,153,2,6,0,13,79,3,23
2,2,6.0,153,2,0,0,4,4,1,23
2,2,6.0,153,2,8,0,6,7,2,23
2,2,7.0,258,4,20,1,2,2,1,11
2,2,7.0,258,4,8,0,12,56,1,11
2,2,7.0,258,4,13,0,2,86,2,11
2,2,7.0,258,4,9,0,13,36,4,11
2,0,1.0,47,3,17,1,9,10,4,7
2,0,14.0,190,6,3,3,14,24,0,5
3,9,1.0,126,6,4,0,12,135,1,7
3,9,14.0,106,5,0,1,0,85,0,5
3,9,14.0,106,5,13,0,11,133,0,5
3,9,14.0,106,5,2,2,12,61,0,5
3,9,15.0,226,6,11,0,16,139,1,1
3,9,15.0,226,6,13,1,8,27,1,1
3,9,17.0,255,0,5,0,0,26,0,6
2,4,14.0,132,0,10,0,15,96,1,5
2,4,14.0,132,0,2,0,1,59,4,5
2,1,5.0,97,0,12,1,13,99,2,24
2,4,14.0,132,0,13,1,7,129,1,5
0,2,25.0,233,6,2,0,11,133,2,13
2,4,14.0,132,0,14,1,1,67,4,5
2,3,2.0,182,1,2,1,13,28,0,22
2,4,15.0,25,1,21,0,2,92,1,1
2,3,2.0,182,1,13,0,6,7,0,22
2,4,14.0,132,0,15,1,9,101,0,5
2,3,11.0,104,4,8,0,15,39,2,9
2,8,6.0,70,5,8,3,10,47,1,23
2,6,12.0,317,2,3,0,0,53,2,28
2,4,15.0,25,1,5,0,15,112,4,1
2,4,17.0,26,4,0,0,1,105,1,6
2,4,17.0,26,4,0,1,16,72,0,6
2,4,17.0,26,4,10,0,12,135,2,6
2,4,17.0,26,4,13,0,11,124,3,6
2,4,17.0,26,4,20,1,1,16,4,6
2,2,6.0,153,2,5,0,5,6,0,23
2,2,6.0,153,2,18,0,11,133,4,23
2,2,7.0,258,4,20,1,15,114,4,11
2,2,14.0,130,4,21,0,9,63,1,5
2,2,15.0,220,5,8,2,2,2,3,1
2,8,7.0,76,6,5,0,12,84,0,11
2,8,7.0,76,6,18,0,4,4,1,11
2,8,7.0,76,6,1,0,11,18,1,11
2,8,7.0,76,6,1,2,10,22,3,11
2,8,7.0,76,6,2,0,0,68,3,11
2,8,14.0,72,6,0,0,3,79,1,5
2,8,14.0,72,6,7,2,6,91,0,5
2,8,14.0,72,6,7,0,14,24,1,5
2,8,14.0,72,6,18,2,5,6,3,5
2,4,14.0,132,0,6,2,9,93,2,5
2,2,24.0,233,3,3,1,12,17,1,14
2,8,6.0,70,5,5,0,6,89,2,23
2,4,14.0,132,0,19,0,10,22,3,5
2,4,15.0,25,1,0,0,3,30,3,1
2,4,15.0,25,1,21,1,14,125,4,1
2,4,15.0,25,1,13,0,16,72,1,1
2,4,14.0,132,0,14,1,10,47,0,5
2,4,15.0,25,1,18,0,6,116,3,1
2,4,15.0,25,1,7,2,15,96,1,1
2,4,17.0,26,4,20,0,0,53,2,6
2,4,17.0,26,4,9,1,10,47,1,6
2,4,17.0,26,4,5,1,1,16,4,6
2,2,6.0,153,2,8,0,13,48,0,23
2,4,15.0,25,1,7,1,10,47,0,1
2,4,15.0,25,1,12,0,2,40,3,1
2,4,14.0,132,0,2,0,13,99,4,5
2,4,17.0,26,4,14,0,12,100,3,6
2,4,17.0,26,4,4,1,9,87,0,6
2,4,17.0,26,4,9,2,16,113,1,6
2,4,14.0,132,0,8,1,5,6,2,5
2,2,6.0,153,2,13,0,13,99,1,23
2,2,6.0,153,2,8,2,10,47,0,23
2,2,6.0,153,2,2,0,7,62,0,23
2,2,7.0,258,4,7,0,0,0,3,11
2,2,6.0,153,2,9,3,8,9,3,23
2,2,7.0,258,4,5,1,9,49,4,11
2,2,14.0,130,4,10,0,9,95,2,5
2,2,14.0,130,4,11,1,14,106,4,5
2,2,17.0,7,3,20,0,8,9,2,6
2,2,17.0,7,3,11,0,13,38,2,6
2,2,15.0,220,5,1,3,10,23,0,1
2,2,17.0,7,3,8,0,2,40,3,6
2,2,23.0,22,6,17,2,16,39,3,17
2,2,25.0,3,0,13,1,2,71,4,13
2,2,25.0,3,0,8,0,2,60,2,13
2,2,25.0,3,0,13,0,9,27,2,13
2,2,25.0,3,0,3,0,7,20,2,13
2,6,16.0,244,3,5,0,8,33,1,2
2,6,21.0,185,5,8,2,6,7,3,21
2,10,7.0,213,3,15,0,2,2,4,11
2,10,14.0,60,3,16,1,13,28,0,5
2,1,8.0,50,4,22,0,8,33,4,8
2,1,8.0,50,4,1,0,1,35,0,8
2,10,21.0,314,3,19,3,3,115,3,21
3,9,14.0,106,5,2,0,6,128,1,5
2,1,13.0,183,1,0,0,15,46,3,25
2,8,6.0,70,5,13,0,3,30,2,23
2,0,23.0,55,0,17,2,1,35,3,17
3,9,14.0,106,5,3,0,13,38,1,5
2,1,13.0,183,1,19,0,4,4,1,25
2,8,5.0,87,4,9,3,1,59,1,24
3,9,14.0,106,5,9,2,6,7,3,5
2,1,16.0,63,5,17,0,7,20,3,2
2,6,24.0,39,0,17,3,14,25,0,14
2,10,14.0,60,3,5,2,10,47,3,5
3,9,15.0,226,6,0,0,0,26,1,1
2,1,16.0,63,5,8,0,5,6,3,2
2,1,15.0,2,4,13,1,6,128,1,1
2,10,15.0,201,0,3,1,3,79,1,1
3,9,15.0,226,6,11,0,9,134,3,1
3,3,7.0,289,0,13,0,5,6,0,11
2,8,7.0,76,6,17,0,9,102,0,11
2,10,7.0,213,3,19,2,10,22,3,11
2,10,15.0,201,0,9,0,5,6,1,1
2,10,15.0,201,0,1,2,8,41,3,1
2,10,7.0,213,3,9,0,10,47,2,11
2,1,7.0,62,2,23,0,0,77,4,11
2,1,7.0,62,2,4,2,3,103,3,11
2,1,8.0,50,4,6,2,9,10,3,8
2,1,8.0,50,4,3,2,10,52,2,8
2,1,8.0,50,4,1,0,16,72,3,8
2,1,8.0,50,4,14,0,9,134,2,8
2,1,13.0,183,1,17,0,15,31,3,25
2,1,13.0,183,1,16,0,13,28,3,25
2,1,13.0,183,1,6,0,9,95,1,25
2,1,13.0,183,1,12,0,8,33,0,25
2,1,13.0,183,1,14,0,15,112,1,25
2,1,13.0,183,1,18,0,14,125,3,25
2,1,16.0,63,5,16,0,2,92,3,2
2,1,16.0,63,5,7,2,14,32,0,2
2,1,16.0,63,5,6,1,9,87,4,2
2,1,23.0,64,5,17,0,2,2,3,17
2,1,23.0,64,5,5,0,1,81,1,17
2,1,13.0,183,1,17,0,14,131,0,25
2,1,23.0,64,5,9,0,3,30,3,17
2,0,8.0,48,3,16,0,10,12,3,8
2,0,8.0,48,3,4,1,12,61,4,8
2,0,16.0,12,0,7,0,5,12,1,2
2,0,23.0,55,0,16,0,4,45,0,17
2,0,23.0,55,0,7,1,3,115,0,17
2,0,24.0,281,1,16,0,11,15,0,14
2,0,24.0,281,1,15,2,10,22,0,14
2,0,24.0,281,1,14,2,6,7,3,14
2,0,24.0,281,1,16,0,0,53,3,14
2,0,24.0,281,1,19,0,12,61,1,14
2,0,25.0,14,2,4,0,6,7,1,13
2,0,26.0,23,4,9,0,15,31,3,3
2,0,23.0,55,0,3,1,0,64,1,17
3,11,5.0,240,3,1,2,2,86,0,24
3,11,5.0,240,3,2,1,12,56,4,24
3,11,5.0,240,3,18,0,14,131,0,24
3,11,15.0,331,2,14,0,5,6,3,1
3,11,22.0,250,2,16,0,0,12,3,26
3,11,22.0,250,2,21,1,13,48,0,26
3,11,22.0,250,2,7,0,16,74,3,26
3,11,22.0,250,2,3,1,1,105,0,26
3,11,22.0,250,2,4,2,16,50,0,26
2,2,6.0,153,2,2,0,7,20,1,23
2,2,7.0,258,4,11,1,7,120,4,11
2,2,7.0,258,4,15,0,5,6,0,11
2,2,15.0,220,5,6,0,9,49,1,1
2,2,15.0,220,5,17,2,9,102,3,1
2,2,15.0,220,5,9,1,11,133,4,1
2,2,17.0,7,3,12,0,1,11,3,6
2,2,17.0,7,3,14,0,0,53,3,6
2,2,17.0,7,3,11,1,6,128,4,6
2,10,6.0,243,6,18,1,14,32,4,23
2,10,6.0,243,6,9,1,16,50,1,23
2,10,6.0,243,6,15,1,1,81,4,23
2,4,9.0,79,2,19,0,13,29,1,12
2,2,16.0,6,6,14,1,9,58,4,2
2,2,25.0,3,0,3,0,0,31,0,13
2,2,25.0,3,0,2,0,15,108,4,13
2,2,25.0,3,0,22,0,10,47,3,13
2,2,25.0,3,0,20,1,4,75,1,13
2,0,8.0,48,3,11,0,14,25,2,8
2,0,8.0,48,3,23,2,5,6,0,8
2,0,8.0,48,3,8,0,8,41,2,8
2,0,16.0,12,0,0,1,6,128,0,2
2,0,8.0,48,3,19,2,0,68,3,8
2,0,23.0,55,0,8,1,14,110,4,17
2,0,24.0,281,1,18,1,2,86,2,14
2,0,26.0,23,4,8,0,8,19,1,3
2,2,15.0,220,5,3,3,3,79,0,1
2,0,8.0,48,3,17,3,1,16,0,8
2,0,8.0,48,3,22,0,6,89,1,8
2,0,8.0,48,3,12,0,11,18,1,8
2,0,8.0,48,3,9,0,9,54,1,8
2,0,16.0,12,0,14,0,6,7,3,2
2,0,23.0,55,0,7,0,15,114,1,17
2,0,23.0,55,0,14,0,1,67,1,17
3,9,15.0,226,6,17,1,5,12,0,1
2,8,7.0,76,6,16,0,1,67,1,11
3,3,6.0,303,3,5,1,12,135,4,23
2,10,14.0,60,3,18,0,0,26,0,5
3,9,15.0,226,6,3,2,3,76,3,1
2,8,7.0,76,6,16,0,7,120,3,11
3,3,7.0,289,0,15,0,12,80,0,11
2,10,15.0,201,0,11,0,12,80,3,1
3,9,15.0,226,6,12,0,2,86,1,1
2,8,14.0,72,6,14,0,13,21,0,5
2,10,15.0,201,0,13,0,2,60,2,1
3,9,15.0,226,6,22,0,16,113,3,1
2,4,14.0,132,0,6,0,10,23,1,5
2,10,15.0,201,0,16,0,5,12,3,1
3,9,17.0,255,0,17,0,16,50,2,6
2,4,14.0,132,0,13,1,4,127,4,5
3,3,8.0,148,1,17,0,2,86,0,8
1,3,26.0,343,1,17,0,1,1,4,3
3,9,15.0,226,6,14,2,15,31,0,1
2,4,14.0,132,0,5,1,7,57,4,5
2,4,14.0,132,0,1,0,13,28,0,5
2,4,15.0,25,1,0,0,5,12,3,1
2,4,14.0,132,0,14,1,8,27,1,5
2,4,14.0,132,0,11,1,13,38,4,5
2,2,7.0,258,4,12,0,10,47,3,11
2,2,7.0,258,4,9,0,9,49,3,11
2,2,7.0,258,4,5,0,15,31,2,11
2,2,1.0,143,5,20,3,5,12,0,7
2,2,24.0,233,3,18,1,0,0,4,14
2,2,14.0,130,4,16,1,14,25,0,5
2,2,14.0,130,4,23,1,10,47,0,5
2,2,14.0,130,4,12,2,0,26,3,5
2,2,14.0,130,4,2,0,2,13,1,5
2,2,15.0,220,5,5,0,9,57,0,1
2,2,15.0,220,5,15,0,15,46,2,1
2,2,15.0,220,5,2,2,0,12,3,1
2,2,14.0,130,4,13,0,8,9,2,5
2,2,17.0,7,3,1,0,9,93,1,6
2,4,17.0,26,4,20,0,14,24,2,6
2,2,23.0,22,6,13,0,5,6,1,17
2,2,23.0,22,6,4,0,12,80,0,17
2,2,23.0,22,6,12,2,8,41,3,17
2,2,23.0,22,6,12,1,2,123,4,17
2,2,25.0,3,0,15,0,1,59,3,13
2,2,25.0,3,0,22,0,13,36,1,13
2,2,25.0,3,0,2,1,12,80,4,13
2,2,25.0,3,0,4,1,9,9,4,13
2,0,6.0,15,5,0,2,10,22,3,23
2,0,6.0,15,5,13,2,3,44,3,23
2,0,6.0,15,5,14,1,6,116,4,23
2,5,6.0,349,0,0,0,13,99,1,23
2,5,6.0,349,0,20,0,9,49,1,23
2,5,22.0,168,2,16,0,10,12,3,26
2,5,22.0,168,2,16,0,11,15,0,26
2,5,22.0,168,2,20,0,1,1,1,26
2,5,22.0,168,2,14,2,6,7,3,26
2,5,23.0,58,4,0,0,8,65,4,17
2,5,23.0,58,4,12,0,9,134,3,17
2,5,24.0,350,5,11,0,9,54,1,14
2,5,24.0,350,5,9,0,13,28,3,14
2,5,31.0,158,5,11,0,9,93,1,20
2,5,31.0,158,5,1,0,10,47,0,20
2,6,13.0,173,4,22,0,6,128,0,25
2,6,21.0,185,5,16,0,1,35,3,21
2,6,21.0,185,5,5,1,9,109,4,21
2,6,21.0,185,5,9,0,2,92,1,21
2,6,21.0,185,5,9,1,10,47,0,21
2,10,5.0,242,5,2,2,3,30,3,24
2,10,5.0,242,5,13,1,11,133,1,24
2,10,7.0,213,3,14,0,2,13,3,11
2,6,20.0,193,4,2,0,6,89,1,29
2,6,17.0,308,0,13,0,6,91,2,6
2,10,3.0,356,2,17,0,10,22,1,27
2,10,11.0,333,4,17,2,1,11,1,9
2,2,22.0,230,5,2,1,3,44,4,26
2,2,22.0,230,5,13,0,14,25,2,26
2,0,10.0,10,1,11,0,1,11,4,4
2,9,16.0,107,5,22,1,5,0,2,2
2,10,14.0,60,3,21,2,10,22,3,5
2,10,15.0,201,0,17,0,15,119,4,1
2,2,7.0,258,4,12,0,9,102,2,11
2,2,14.0,130,4,14,0,13,38,4,5
2,2,17.0,7,3,11,0,15,114,1,6
2,2,17.0,7,3,18,2,1,35,3,6
2,2,17.0,7,3,22,1,1,11,1,6
2,2,23.0,22,6,8,2,6,7,0,17
2,2,25.0,3,0,16,1,11,18,0,13
2,2,25.0,3,0,3,1,1,59,1,13
2,2,25.0,3,0,10,2,16,39,3,13
2,2,25.0,3,0,11,1,9,95,1,13
2,0,6.0,15,5,6,0,0,68,1,23
2,0,8.0,48,3,21,1,9,54,0,8
2,0,8.0,48,3,15,2,15,51,3,8
2,0,8.0,48,3,3,0,6,89,2,8
2,0,8.0,48,3,18,2,9,102,3,8
2,11,6.0,252,6,17,0,12,121,1,23
2,1,7.0,62,2,7,1,1,84,0,11
3,3,7.0,289,0,1,2,13,48,3,11
2,1,7.0,62,2,7,1,11,15,0,11
3,3,8.0,148,1,12,0,1,67,3,8
2,11,6.0,252,6,3,0,13,99,2,23
2,1,7.0,62,2,4,1,12,56,0,11
2,1,7.0,62,2,12,0,14,131,2,11
2,1,8.0,50,4,8,0,5,6,0,8
2,3,30.0,109,1,13,0,16,113,1,19
2,5,6.0,349,0,7,0,7,57,4,23
2,5,6.0,349,0,23,0,10,47,3,23
2,5,6.0,349,0,15,0,9,93,1,23
2,5,6.0,349,0,9,0,2,123,0,23
2,5,22.0,168,2,2,2,12,56,3,26
2,8,6.0,70,5,9,1,11,98,0,23
2,5,23.0,58,4,17,0,1,67,3,17
2,5,23.0,58,4,6,0,16,50,0,17
2,5,23.0,58,4,19,0,13,29,4,17
2,5,24.0,350,5,2,0,2,92,1,14
2,5,24.0,350,5,1,0,0,31,2,14
2,5,24.0,350,5,4,0,11,18,3,14
2,5,31.0,158,5,3,0,0,77,0,20
2,5,31.0,158,5,18,0,3,30,1,20
2,5,31.0,158,5,1,0,3,70,1,20
2,6,13.0,173,4,8,2,16,130,3,25
2,6,13.0,173,4,12,0,12,100,3,25
2,6,13.0,173,4,8,2,8,65,3,25
2,6,13.0,173,4,9,2,6,7,3,25
2,6,16.0,244,3,23,1,6,132,1,2
2,10,5.0,242,5,3,0,5,0,2,24
2,10,5.0,242,5,15,1,0,77,2,24
2,10,7.0,213,3,20,1,6,7,4,11
2,10,7.0,213,3,4,0,11,94,1,11
2,10,14.0,60,3,16,0,8,41,1,5
2,10,14.0,60,3,19,0,5,6,2,5
2,10,14.0,60,3,1,0,2,92,1,5
2,10,14.0,60,3,19,1,7,54,1,5
2,10,14.0,60,3,3,1,7,137,1,5
2,10,15.0,201,0,0,2,4,75,3,1
2,10,15.0,201,0,4,0,2,2,1,1
2,1,7.0,62,2,12,0,15,108,2,11
2,1,8.0,50,4,6,1,2,2,0,8
2,1,8.0,50,4,5,0,2,69,2,8
2,1,13.0,183,1,17,0,14,106,3,25
2,1,13.0,183,1,7,1,12,61,4,25
2,1,13.0,183,1,13,1,13,21,1,25
2,1,23.0,64,5,23,1,12,80,4,17
2,1,24.0,65,6,2,0,5,6,2,14
2,10,14.0,60,3,5,2,12,83,3,5
2,10,14.0,60,3,2,0,8,9,3,5
2,10,14.0,60,3,18,0,4,66,1,5
2,11,2.0,265,1,9,1,15,51,4,22
2,11,2.0,265,1,4,0,10,47,1,22
2,11,11.0,175,4,20,0,13,99,4,9
3,3,8.0,148,1,9,0,5,6,3,8
3,3,8.0,148,1,9,0,0,77,1,8
1,0,1.0,8,4,13,3,8,118,4,7
3,3,15.0,35,1,0,2,0,0,3,1
2,11,11.0,175,4,13,0,1,11,4,9
3,3,15.0,35,1,11,2,15,51,0,1
2,11,11.0,175,4,8,0,16,50,2,9
3,3,16.0,263,2,17,0,0,85,1,2
3,3,15.0,35,1,18,0,4,45,1,1
2,11,11.0,175,4,2,0,4,79,3,9
2,4,15.0,25,1,3,0,8,27,1,1
2,4,15.0,25,1,4,0,2,86,1,1
2,11,11.0,175,4,19,0,7,120,3,9
2,4,17.0,26,4,20,0,6,132,3,6
2,11,6.0,252,6,2,0,10,23,0,23
2,11,11.0,175,4,0,1,5,12,0,9
2,11,11.0,175,4,11,0,13,38,2,9
2,11,13.0,312,6,8,0,6,89,1,25
2,11,11.0,175,4,4,2,6,132,3,9
2,11,13.0,312,6,5,0,13,38,2,25
2,4,17.0,26,4,18,0,11,15,1,6
2,2,7.0,258,4,23,0,6,7,1,11
2,2,7.0,258,4,8,0,2,35,0,11
2,2,14.0,130,4,0,0,0,12,3,5
2,2,14.0,130,4,11,2,15,108,3,5
2,2,15.0,220,5,20,0,1,67,0,1
2,2,15.0,220,5,22,0,2,92,0,1
2,2,17.0,7,3,17,2,10,47,3,6
2,2,17.0,7,3,22,0,13,28,3,6
2,2,17.0,7,3,3,2,13,69,0,6
2,2,23.0,22,6,6,1,6,89,1,17
2,2,25.0,3,0,4,0,16,42,4,13
2,0,6.0,15,5,16,0,0,12,3,23
2,2,25.0,3,0,4,3,11,18,4,13
2,4,14.0,132,0,16,0,4,79,2,5
2,0,16.0,12,0,21,1,0,26,0,2
2,0,16.0,12,0,16,1,11,129,4,2
2,0,23.0,55,0,21,1,5,6,0,17
2,11,13.0,312,6,5,0,14,24,0,25
2,11,20.0,340,6,7,2,9,54,3,29
2,11,20.0,340,6,8,0,6,116,1,29
2,11,20.0,340,6,19,1,9,109,1,29
2,11,23.0,232,1,3,1,0,77,4,17
2,11,23.0,232,1,22,1,3,103,0,17
2,11,23.0,232,1,10,0,14,24,1,17
2,11,23.0,232,1,3,0,15,46,2,17
2,11,23.0,232,1,14,0,10,22,3,17
2,11,23.0,232,1,3,1,6,128,1,17
2,11,29.0,270,0,17,0,2,2,3,16
3,7,15.0,205,6,2,0,12,80,0,1
3,7,15.0,205,6,14,0,1,35,1,1
3,7,15.0,205,6,1,0,9,134,4,1
3,7,16.0,40,3,0,0,2,2,1,2
3,7,16.0,40,3,5,0,10,23,1,2
3,7,16.0,40,3,11,1,1,81,4,2
3,7,16.0,40,3,1,0,2,13,3,2
3,7,24.0,68,0,11,0,8,27,0,14
3,7,24.0,68,0,14,0,4,66,0,14
3,7,24.0,68,0,21,1,10,47,0,14
3,7,26.0,316,2,17,1,15,85,4,3
3,7,26.0,316,2,21,1,8,27,0,3
3,7,26.0,316,2,10,0,2,13,3,3
3,7,26.0,316,2,15,0,13,38,1,3
3,3,7.0,289,0,6,3,6,128,4,11
3,3,8.0,148,1,0,0,10,23,1,8
3,3,8.0,148,1,20,0,10,22,1,8
3,3,7.0,289,0,2,1,9,87,4,11
3,3,8.0,148,1,3,0,15,51,1,8
3,3,8.0,148,1,19,3,10,47,3,8
3,3,15.0,35,1,6,1,2,13,4,1
2,9,4.0,295,3,2,0,9,9,0,30
2,0,24.0,281,1,0,1,2,2,0,14
2,0,24.0,281,1,0,2,13,29,3,14
2,0,24.0,281,1,18,2,8,27,3,14
2,0,25.0,14,2,16,0,8,9,1,13
2,0,25.0,14,2,18,0,10,12,3,13
2,0,26.0,23,4,16,1,0,15,1,3
3,11,5.0,240,3,19,1,16,50,1,24
2,11,13.0,312,6,8,0,9,57,3,25
2,11,13.0,312,6,12,1,12,58,4,25
2,11,13.0,312,6,3,1,13,29,4,25
2,11,13.0,312,6,19,0,16,50,3,25
2,4,13.0,345,3,1,1,6,89,0,25
0,2,1.0,16,2,17,0,13,21,1,7
2,6,12.0,317,2,1,0,9,93,0,28
2,6,28.0,335,5,11,3,2,2,3,18
3,9,17.0,255,0,1,2,16,130,3,6
3,9,22.0,92,6,5,1,1,59,4,26
3,9,22.0,92,6,14,0,0,26,3,26
3,9,22.0,92,6,2,1,9,101,4,26
3,9,25.0,344,1,15,0,3,79,3,13
3,9,25.0,344,1,4,3,9,27,3,13
3,7,6.0,93,4,16,0,5,6,0,23
3,7,6.0,93,4,23,3,15,37,0,23
3,7,6.0,93,4,12,0,8,9,4,23
3,7,6.0,93,4,4,0,2,71,4,23
3,7,14.0,125,5,20,0,2,2,1,5
3,7,14.0,125,5,22,1,16,42,4,5
3,7,15.0,205,6,21,0,16,42,1,1
3,7,15.0,205,6,6,1,2,13,0,1
2,4,14.0,132,0,17,3,0,68,4,5
3,7,24.0,68,0,2,2,5,64,0,14
3,7,24.0,68,0,4,0,0,77,1,14
3,7,26.0,316,2,12,0,16,50,4,3
3,7,26.0,316,2,1,0,6,14,3,3
3,3,6.0,303,3,0,0,5,64,3,23
3,3,7.0,289,0,13,0,14,25,1,11
3,3,6.0,303,3,15,0,8,118,2,23
3,3,7.0,289,0,13,0,12,80,0,11
0,0,23.0,237,6,12,0,9,49,3,17
3,3,7.0,289,0,18,0,8,33,1,11
3,3,8.0,148,1,16,0,14,24,4,8
3,3,7.0,289,0,8,1,12,61,4,11
3,3,8.0,148,1,18,0,13,28,1,8
3,3,15.0,35,1,21,0,10,47,3,1
3,3,15.0,35,1,13,0,0,12,1,1
3,3,15.0,35,1,19,3,6,7,0,1
3,3,15.0,35,1,4,0,6,7,3,1
3,3,15.0,35,1,2,2,5,6,3,1
3,3,15.0,35,1,1,2,10,22,3,1
3,3,16.0,263,2,10,2,14,25,3,2
3,3,16.0,263,2,11,0,15,31,1,2
3,3,26.0,343,6,17,1,1,105,4,3
3,7,26.0,316,2,16,0,4,5,3,3
3,7,26.0,316,2,4,0,2,2,0,3
2,11,20.0,340,6,17,2,1,81,3,29
2,11,20.0,340,6,0,0,13,48,1,29
2,11,20.0,340,6,9,2,5,0,3,29
2,11,23.0,232,1,17,0,11,15,2,17
2,11,23.0,232,1,16,0,9,93,1,17
2,11,29.0,270,0,17,2,0,68,0,16
3,9,16.0,107,3,13,0,16,113,2,2
3,6,6.0,83,5,5,1,1,105,4,23
3,6,11.0,355,2,6,0,7,111,1,9
3,6,11.0,355,2,21,0,15,31,0,9
3,6,11.0,355,2,4,0,4,121,1,9
3,6,11.0,355,2,14,0,13,28,4,9
2,7,7.0,94,4,16,0,4,45,0,11
3,6,12.0,162,4,6,0,8,65,4,28
3,6,12.0,162,4,10,0,15,114,2,28
2,6,5.0,83,2,4,0,2,2,4,24
3,6,11.0,355,2,18,0,13,48,3,9
3,6,12.0,162,4,5,0,6,116,1,28
3,6,12.0,162,4,3,0,0,15,4,28
3,6,22.0,185,3,0,0,0,77,1,26
3,6,22.0,185,3,8,0,3,115,3,26
3,6,29.0,335,3,5,2,13,123,3,16
3,6,22.0,185,3,2,0,11,94,3,26
3,6,29.0,335,3,14,0,2,69,4,16
3,6,29.0,335,3,9,0,8,41,1,16
3,6,29.0,335,3,4,2,16,72,3,16
3,6,30.0,145,0,16,0,14,24,3,19
3,6,30.0,145,0,22,2,11,15,0,19
2,4,13.0,345,3,1,0,11,15,1,25
3,3,2.0,120,2,21,0,0,12,0,22
3,3,2.0,120,2,7,0,10,22,3,22
3,9,5.0,89,2,6,0,13,28,4,24
3,7,21.0,81,5,17,1,5,12,0,21
3,3,2.0,120,2,13,0,12,61,3,22
3,3,2.0,120,2,8,0,10,22,3,22
3,3,2.0,120,2,19,1,11,15,1,22
3,3,3.0,182,4,17,0,1,11,3,27
3,3,3.0,182,4,23,0,5,6,1,27
3,3,3.0,182,4,23,0,0,12,0,27
3,3,3.0,182,4,15,0,14,25,1,27
3,3,3.0,182,4,22,0,15,51,1,27
3,3,3.0,182,4,16,0,5,12,3,27
3,3,2.0,120,2,14,1,3,44,4,22
3,3,3.0,182,4,2,2,6,132,3,27
3,3,3.0,182,4,9,2,4,45,0,27
3,3,3.0,182,4,18,0,4,5,0,27
3,3,2.0,120,2,14,1,0,26,1,22
3,3,4.0,285,5,17,1,15,31,4,30
3,3,4.0,285,5,3,0,9,134,2,30
3,3,4.0,285,5,2,0,14,25,3,30
3,3,4.0,285,5,14,0,2,92,1,30
2,10,29.0,157,0,12,3,5,6,3,16
2,1,18.0,29,3,16,0,14,25,2,0
3,3,11.0,337,5,6,1,1,105,4,9
3,3,11.0,337,5,13,0,6,7,1,9
2,5,4.0,96,6,18,0,12,80,1,30
3,3,11.0,337,5,4,0,16,130,4,9
2,11,30.0,170,1,12,0,5,12,0,19
2,7,12.0,238,1,0,0,2,2,4,28
2,7,12.0,238,1,0,1,7,62,1,28
2,7,12.0,238,1,20,1,5,6,0,28
2,7,12.0,238,1,20,1,0,26,1,28
2,7,12.0,238,1,8,0,13,38,2,28
2,7,14.0,205,4,16,1,16,65,0,5
2,7,14.0,205,4,21,1,11,117,0,5
2,7,14.0,205,4,1,2,9,57,0,5
2,7,14.0,205,4,12,0,4,127,4,5
2,7,14.0,205,4,8,0,2,92,0,5
2,7,14.0,205,4,18,2,16,50,3,5
2,7,15.0,40,5,8,0,8,9,1,1
2,7,15.0,40,5,14,0,10,30,0,1
2,7,15.0,40,5,9,0,4,45,3,1
2,7,15.0,40,5,14,0,16,50,3,1
3,11,16.0,225,4,22,1,9,134,4,2
2,7,22.0,202,5,5,1,4,138,4,26
2,7,22.0,202,5,3,0,8,27,3,26
2,7,22.0,202,5,15,0,13,29,2,26
2,7,30.0,43,6,17,0,0,64,1,19
2,7,30.0,43,6,7,0,10,43,1,19
2,3,29.0,304,0,13,0,11,124,3,16
2,3,29.0,304,0,8,0,16,37,3,16
2,3,29.0,304,0,12,0,15,77,3,16
2,10,8.0,150,0,6,0,2,60,0,8
2,10,8.0,150,0,5,0,2,2,1,8
2,10,8.0,150,0,20,1,3,30,4,8
2,10,8.0,150,0,21,1,0,12,0,8
2,10,8.0,150,0,15,0,16,72,0,8
2,10,8.0,150,0,14,0,8,19,3,8
2,10,8.0,150,0,18,0,5,6,0,8
2,10,8.0,150,0,9,2,13,123,2,8
2,10,13.0,174,6,6,0,16,37,1,25
2,10,13.0,174,6,16,0,7,8,3,25
2,10,13.0,174,6,22,1,0,15,1,25
2,10,13.0,174,6,3,1,3,30,4,25
2,10,22.0,247,0,6,2,16,130,0,26
2,10,22.0,247,0,21,0,0,12,0,26
3,9,24.0,272,0,2,1,11,90,1,14
2,10,22.0,247,0,23,3,12,56,0,26
2,9,5.0,89,0,18,0,7,62,4,24
2,7,23.0,68,6,18,1,11,58,4,17
2,3,5.0,303,5,15,0,12,80,2,24
2,5,7.0,199,1,13,1,0,12,0,11
2,6,22.0,84,6,6,3,0,26,3,26
2,6,24.0,39,0,11,1,2,92,1,14
2,6,24.0,39,0,11,1,6,128,1,14
2,3,29.0,304,0,0,1,6,7,0,16
3,11,1.0,222,2,8,0,0,0,0,7
2,0,22.0,237,3,3,2,7,57,3,26
2,7,11.0,181,0,14,2,13,38,3,9
3,9,5.0,89,2,13,0,2,123,0,24
2,7,11.0,181,0,12,1,11,133,0,9
2,9,22.0,92,4,13,1,2,71,4,26
2,4,13.0,345,3,22,1,13,28,1,25
2,4,13.0,345,3,19,0,14,25,0,25
2,4,13.0,345,3,14,0,9,93,4,25
2,4,19.0,115,6,16,2,11,15,0,10
2,4,19.0,115,6,20,1,15,114,1,10
2,4,19.0,115,6,4,0,1,105,3,10
2,2,2.0,282,6,8,0,13,38,1,22
2,2,2.0,282,6,12,0,12,100,1,22
2,2,3.0,254,3,8,0,6,73,3,27
2,2,27.0,257,2,19,0,13,28,1,15
2,0,12.0,198,4,23,0,5,6,0,28
2,0,12.0,198,4,9,0,12,17,1,28
2,0,13.0,5,5,15,0,11,133,0,25
2,0,13.0,5,5,22,0,8,118,1,25
2,0,22.0,237,3,2,1,1,35,4,26
2,0,27.0,249,5,10,0,7,20,1,15
2,3,29.0,304,0,15,0,8,19,1,16
2,3,29.0,304,0,11,0,4,82,2,16
2,3,29.0,304,0,13,0,8,27,3,16
2,5,4.0,96,6,16,0,4,45,1,30
2,5,4.0,96,6,7,0,5,6,1,30
2,0,31.0,365,1,18,1,10,22,1,20
2,5,4.0,96,6,2,0,10,52,3,30
2,5,4.0,96,6,18,0,10,12,1,30
2,5,5.0,277,3,17,0,3,30,4,24
2,5,4.0,96,6,9,2,15,31,0,30
2,5,5.0,277,3,15,0,5,6,2,24
2,5,5.0,277,3,1,2,14,25,3,24
2,5,5.0,277,3,4,2,9,63,3,24
2,5,4.0,96,6,23,0,10,47,1,30
2,9,22.0,92,4,18,0,0,77,1,26
2,7,7.0,94,4,13,0,14,107,1,11
2,7,7.0,94,4,3,0,15,108,3,11
2,7,7.0,94,4,12,0,2,2,3,11
2,7,7.0,94,4,4,0,7,62,3,11
2,9,22.0,92,4,17,0,8,41,2,26
2,0,27.0,249,5,7,1,13,36,1,15
2,0,27.0,249,5,8,0,9,109,4,15
2,0,27.0,249,5,0,1,11,15,0,15
2,0,29.0,228,3,16,0,2,86,1,16
2,0,29.0,228,3,16,0,5,12,3,16
2,0,29.0,228,3,20,0,8,41,1,16
2,0,29.0,228,3,13,0,2,2,1,16
2,0,27.0,249,5,7,1,13,13,1,15
3,11,1.0,222,2,16,0,0,53,3,7
3,11,1.0,222,2,17,0,2,69,1,7
3,11,3.0,288,5,3,0,8,65,4,27
2,0,13.0,5,5,11,0,16,37,4,25
3,11,3.0,288,5,8,0,6,7,3,27
3,11,3.0,288,5,2,1,15,31,0,27
2,0,22.0,237,3,9,0,15,85,0,26
2,0,27.0,249,5,15,0,14,32,0,15
2,0,27.0,249,5,13,3,10,43,2,15
2,0,29.0,228,3,4,2,3,4,3,16
2,7,12.0,238,1,0,0,0,64,3,28
2,7,12.0,238,1,15,0,1,35,4,28
2,7,12.0,238,1,8,0,10,47,0,28
2,7,12.0,238,1,14,0,9,57,2,28
2,7,14.0,205,4,12,0,8,27,3,5
2,7,15.0,40,5,13,0,13,48,1,1
2,7,15.0,40,5,16,1,0,15,1,1
2,7,15.0,40,5,22,0,2,123,2,1
2,7,22.0,202,5,1,0,13,38,3,26
2,7,30.0,43,6,17,1,11,98,0,19
2,7,30.0,43,6,9,0,2,13,2,19
2,3,29.0,304,0,17,0,0,64,0,16
2,3,29.0,304,0,17,0,10,22,3,16
2,3,29.0,304,0,20,0,14,24,3,16
2,3,29.0,304,0,14,0,2,86,4,16
2,3,29.0,304,0,9,0,11,133,4,16
2,5,4.0,96,6,11,0,1,35,4,30
2,11,30.0,170,1,14,0,4,75,1,19
2,9,22.0,92,4,12,2,0,31,3,26
2,9,22.0,92,4,3,1,12,83,4,26
2,9,22.0,92,4,9,1,14,25,0,26
2,4,6.0,133,3,5,3,14,25,0,23
2,7,7.0,94,4,0,0,5,6,0,11
2,7,7.0,94,4,11,0,3,103,2,11
2,1,11.0,353,3,9,0,8,9,0,9
2,3,21.0,166,3,16,0,7,62,1,21
2,5,6.0,349,0,2,0,6,14,3,23
2,1,24.0,65,6,18,3,5,12,1,14
2,1,24.0,65,6,5,1,10,22,4,14
2,9,21.0,362,2,0,0,2,40,1,21
2,4,15.0,25,1,11,1,2,60,2,1
2,7,13.0,125,2,18,1,12,135,0,25
2,0,24.0,281,1,11,0,16,113,1,14
2,1,18.0,29,3,22,0,0,26,3,0
2,1,18.0,29,3,18,0,0,68,1,0
2,1,18.0,29,3,18,0,0,68,3,0
2,1,26.0,262,0,16,1,3,30,1,3
2,1,26.0,262,0,13,2,1,1,0,3
2,1,26.0,262,0,12,1,13,69,1,3
2,1,26.0,262,0,11,1,13,36,1,3
2,1,18.0,29,3,12,0,9,102,1,0
2,8,18.0,280,2,6,0,3,30,3,0
2,8,18.0,280,2,16,0,0,12,3,0
2,8,18.0,280,2,8,0,15,31,1,0
2,8,18.0,280,2,12,0,5,6,2,0
2,8,20.0,46,5,12,0,13,36,0,29
2,11,27.0,322,6,13,0,2,2,3,15
2,11,27.0,322,6,15,0,15,114,2,15
2,8,21.0,354,6,22,0,14,25,2,21
2,0,12.0,198,4,14,2,10,12,3,28
2,0,27.0,249,5,20,0,10,52,1,15
2,0,27.0,249,5,14,0,2,40,1,15
2,0,27.0,249,5,9,0,0,77,1,15
2,0,29.0,228,3,17,0,14,32,1,16
2,0,29.0,228,3,15,0,11,15,0,16
2,0,29.0,228,3,3,0,5,12,3,16
2,0,27.0,249,5,7,1,13,13,1,15
3,11,1.0,222,2,21,0,16,113,2,7
3,11,1.0,222,2,19,0,10,22,1,7
3,11,3.0,288,5,21,1,14,107,1,27
2,7,11.0,181,0,15,1,11,133,0,9
3,11,3.0,288,5,12,0,1,16,0,27
3,11,12.0,118,3,19,0,3,103,2,28
3,11,20.0,340,0,16,0,14,106,3,29
3,11,20.0,340,0,17,0,14,131,1,29
3,11,20.0,340,0,8,0,5,47,2,29
3,11,26.0,364,3,22,2,6,7,3,3
3,11,27.0,322,0,20,1,13,28,0,15
3,11,27.0,322,0,21,3,15,51,4,15
3,11,30.0,170,4,17,0,2,123,0,19
3,11,30.0,170,4,7,1,2,69,0,19
3,11,27.0,322,0,8,1,13,99,0,15
3,11,30.0,170,4,15,0,14,25,0,19
3,11,30.0,170,4,15,0,0,96,4,19
3,11,30.0,170,4,2,3,3,30,4,19
3,11,26.0,364,3,13,1,13,48,4,3
2,8,21.0,354,6,8,0,4,4,3,21
2,4,4.0,235,5,6,0,16,50,1,30
2,4,4.0,235,5,22,0,15,31,2,30
2,4,4.0,235,5,2,0,14,107,2,30
2,4,10.0,121,4,20,0,7,62,3,4
2,4,10.0,121,4,21,1,14,110,0,4
2,4,10.0,121,4,1,1,1,16,4,4
2,4,10.0,121,4,4,0,14,107,3,4
2,4,13.0,345,3,0,2,16,37,0,25
2,4,13.0,345,3,5,2,6,128,3,25
2,4,13.0,345,3,12,2,2,86,3,25
2,4,13.0,345,3,14,0,2,86,1,25
2,4,13.0,345,3,4,0,8,19,3,25
2,4,19.0,115,6,4,0,7,20,1,10
2,4,19.0,115,6,19,0,8,9,0,10
2,4,19.0,115,6,4,0,0,31,3,10
2,4,19.0,115,6,12,3,10,6,0,10
2,4,19.0,115,6,3,1,0,12,0,10
2,2,2.0,282,6,10,0,15,31,0,22
2,2,2.0,282,6,18,0,8,118,3,22
2,2,3.0,254,3,0,0,9,134,4,27
2,2,3.0,254,3,3,0,4,82,2,27
2,2,3.0,254,3,12,0,10,22,3,27
2,2,3.0,254,3,1,0,8,33,1,27
2,2,3.0,254,3,4,0,5,6,0,27
2,2,3.0,254,3,18,0,13,21,1,27
2,2,2.0,282,6,17,1,6,91,1,22
2,8,21.0,354,6,22,1,16,39,4,21
2,2,27.0,257,2,17,0,0,12,3,15
2,2,27.0,257,2,23,2,8,19,0,15
2,0,12.0,198,4,8,2,13,13,2,28
2,0,13.0,5,5,17,0,10,47,0,25
2,0,13.0,5,5,16,0,13,99,1,25
2,0,13.0,5,5,10,0,8,118,1,25
2,0,13.0,5,5,13,0,15,39,2,25
2,0,13.0,5,5,5,0,8,27,2,25
2,0,22.0,237,3,8,2,3,70,0,26
2,0,22.0,237,3,11,1,9,95,1,26
2,0,27.0,249,5,17,0,1,11,4,15
2,0,27.0,249,5,17,0,13,28,4,15
2,0,27.0,249,5,21,0,4,82,3,15
2,0,27.0,249,5,13,0,2,40,4,15
2,0,27.0,249,5,19,0,9,57,3,15
2,0,29.0,228,3,5,0,15,114,3,16
2,0,29.0,228,3,7,1,16,50,0,16
2,0,27.0,249,5,7,1,13,13,0,15
2,0,27.0,249,5,22,1,8,33,2,15
2,0,29.0,228,3,18,0,3,44,4,16
3,11,1.0,222,2,16,0,5,12,3,7
3,11,20.0,340,0,19,0,16,74,0,29
3,11,26.0,364,3,15,0,1,11,2,3
3,11,26.0,364,3,14,2,7,78,0,3
3,11,27.0,322,0,13,0,8,9,2,15
3,11,27.0,322,0,12,1,12,83,4,15
3,11,30.0,170,4,4,1,9,95,4,19
3,9,2.0,323,3,13,2,11,98,0,22
3,9,2.0,323,3,3,2,1,105,3,22
3,9,2.0,323,3,3,0,9,27,0,22
3,9,5.0,89,2,4,0,15,31,0,24
2,7,12.0,238,1,17,0,0,12,0,28
2,7,12.0,238,1,4,1,11,18,1,28
2,7,12.0,238,1,9,0,2,86,1,28
2,7,12.0,238,1,9,0,10,47,0,28
2,5,5.0,277,3,13,1,13,123,4,24
2,5,15.0,239,2,17,0,12,83,3,1
2,5,15.0,239,2,5,1,10,22,0,1
2,5,15.0,239,2,12,2,10,6,3,1
2,5,15.0,239,2,8,0,10,47,3,1
2,5,15.0,239,2,20,1,13,99,1,1
2,5,15.0,239,2,8,1,15,85,4,1
2,5,15.0,239,2,18,2,9,10,3,1
2,5,16.0,212,4,13,0,3,30,0,2
2,5,16.0,212,4,19,0,9,57,0,2
2,5,16.0,212,4,2,0,6,7,3,2
2,5,16.0,212,4,8,1,16,37,1,2
2,6,5.0,83,2,20,1,3,79,0,24
2,6,5.0,83,2,16,0,0,12,0,24
2,6,5.0,83,2,9,1,7,54,1,24
2,6,7.0,59,5,15,0,4,127,3,11
2,6,5.0,83,2,2,3,11,15,3,24
2,6,25.0,348,1,20,1,9,134,4,13
3,9,5.0,89,2,1,0,3,30,1,24
3,9,13.0,91,4,0,0,5,6,0,25
3,9,20.0,119,4,8,0,3,79,3,29
3,9,20.0,119,4,9,0,0,68,4,29
3,9,27.0,179,4,1,0,14,32,4,15
3,9,27.0,179,4,13,1,2,40,4,15
3,9,27.0,179,4,1,1,5,6,0,15
3,9,27.0,179,4,8,2,1,16,3,15
3,9,27.0,179,4,12,3,10,47,0,15
3,9,28.0,315,5,19,2,1,59,0,18
3,9,28.0,315,5,1,0,6,91,3,18
3,7,5.0,204,2,4,0,2,2,0,24
3,11,30.0,170,4,21,1,9,57,0,19
3,11,20.0,340,0,4,0,13,61,3,29
3,11,27.0,322,0,1,0,11,124,1,15
2,6,28.0,335,5,14,0,9,10,3,18
2,6,19.0,215,2,18,0,14,107,3,10
3,11,30.0,170,4,13,0,15,46,0,19
3,11,30.0,170,4,9,0,4,82,1,19
3,9,2.0,323,3,3,1,6,91,4,22
3,9,2.0,323,3,4,2,0,53,3,22
0,2,3.0,282,5,13,0,14,126,2,27
0,3,1.0,180,6,17,0,13,99,1,7
2,3,7.0,148,3,15,0,2,2,2,11
2,5,7.0,199,1,8,1,14,25,4,11
2,6,4.0,342,1,18,0,9,95,4,30
2,5,21.0,163,1,13,1,12,61,1,21
2,10,21.0,314,3,13,3,13,99,4,21
2,1,25.0,248,3,17,0,12,121,3,13
2,8,17.0,75,1,12,0,2,71,4,6
2,6,22.0,84,6,1,1,12,56,0,26
2,11,6.0,252,6,3,0,2,86,4,23
2,11,20.0,340,6,15,1,4,5,1,29
2,8,16.0,74,0,8,0,6,128,3,2
2,6,7.0,59,5,13,0,2,86,2,11
2,6,7.0,59,5,5,1,12,61,1,11
2,5,16.0,212,4,19,0,7,120,3,2
2,6,15.0,38,6,16,0,9,49,2,1
2,6,15.0,38,6,17,1,12,80,4,1
2,6,30.0,208,3,9,0,9,93,3,19
2,6,30.0,208,3,1,0,12,80,1,19
2,6,30.0,208,3,4,0,13,99,3,19
2,5,4.0,96,6,3,0,15,96,0,30
2,5,4.0,96,6,2,0,0,85,1,30
2,5,4.0,96,6,22,0,14,25,0,30
2,5,4.0,96,6,14,1,14,24,0,30
2,7,7.0,94,4,1,0,8,27,3,11
2,7,7.0,94,4,8,3,9,27,2,11
2,7,12.0,238,1,6,0,5,6,1,28
2,7,12.0,238,1,7,1,11,10,2,28
2,7,12.0,238,1,15,1,15,31,2,28
2,7,14.0,205,4,11,0,2,92,1,5
2,7,22.0,202,5,17,2,6,14,3,26
2,7,22.0,202,5,22,0,14,125,0,26
2,7,22.0,202,5,15,0,2,92,1,26
2,7,22.0,202,5,2,0,13,38,1,26
2,7,30.0,43,6,11,0,8,27,1,19
2,7,30.0,43,6,2,0,1,67,1,19
2,7,22.0,202,5,20,0,11,15,2,26
2,3,29.0,304,0,0,0,13,13,0,16
2,3,29.0,304,0,10,1,5,6,1,16
2,3,29.0,304,0,2,0,2,92,3,16
2,3,29.0,304,0,3,0,16,113,0,16
2,3,29.0,304,0,10,1,8,27,1,16
2,5,4.0,96,6,23,0,0,77,1,30
2,5,5.0,277,3,20,0,5,6,2,24
2,5,4.0,96,6,13,1,11,90,4,30
2,5,5.0,277,3,13,0,10,47,0,24
2,5,5.0,277,3,13,2,1,1,3,24
2,5,5.0,277,3,8,0,9,95,2,24
2,5,5.0,277,3,14,0,2,92,3,24
2,5,15.0,239,2,19,0,1,35,4,1
2,5,15.0,239,2,1,0,10,43,1,1
2,5,15.0,239,2,14,0,10,43,1,1
2,5,16.0,212,4,7,2,14,88,0,2
2,5,15.0,239,2,9,0,12,80,2,1
2,5,15.0,239,2,4,0,8,27,1,1
2,5,16.0,212,4,13,0,9,93,3,2
2,5,15.0,239,2,13,0,16,74,1,1
2,5,16.0,212,4,9,0,8,27,2,2
2,5,16.0,212,4,12,0,6,7,2,2
2,6,5.0,83,2,21,0,5,12,1,24
2,6,5.0,83,2,8,2,6,7,2,24
2,6,7.0,59,5,13,0,12,80,1,11
2,6,15.0,38,6,17,2,3,30,3,1
2,11,14.0,147,3,12,0,8,118,1,5
2,11,14.0,147,3,19,0,9,101,3,5
2,11,21.0,192,3,15,0,10,47,3,21
2,11,21.0,192,3,5,0,10,12,1,21
2,11,21.0,192,3,0,1,13,29,0,21
2,11,21.0,192,3,8,0,5,6,0,21
2,11,21.0,192,3,1,2,12,84,3,21
2,11,21.0,192,3,4,0,8,41,4,21
2,11,30.0,170,1,16,0,4,5,0,19
2,11,30.0,170,1,16,0,9,93,0,19
2,11,30.0,170,1,16,0,0,85,3,19
2,11,30.0,170,1,19,0,6,128,4,19
2,11,30.0,170,1,9,0,10,47,0,19
2,9,22.0,92,4,16,1,13,48,1,26
2,9,22.0,92,4,11,1,12,61,1,26
2,7,7.0,94,4,8,0,3,44,4,11
2,7,7.0,94,4,19,0,5,6,2,11
2,7,7.0,94,4,8,1,6,14,4,11
2,7,12.0,238,1,17,0,13,99,0,28
2,7,12.0,238,1,16,0,14,32,1,28
0,6,10.0,149,6,11,3,15,112,4,4
2,3,15.0,263,0,12,0,12,134,0,1
2,3,23.0,357,1,19,3,9,54,0,17
0,2,6.0,251,0,0,3,9,57,0,23
2,2,15.0,220,5,17,1,4,82,1,1
2,9,15.0,226,4,13,3,1,16,1,1
2,6,13.0,173,4,16,1,9,102,0,25
0,0,20.0,172,2,13,0,9,95,4,29
2,0,29.0,228,3,11,1,12,100,4,16
2,0,29.0,228,3,14,0,8,33,4,16
3,11,1.0,222,2,6,2,5,6,0,7
3,11,1.0,222,2,0,0,16,50,0,7
3,11,1.0,222,2,4,1,14,25,0,7
2,7,11.0,181,0,13,3,11,117,0,9
3,11,3.0,288,5,6,0,13,21,3,27
3,11,1.0,222,2,6,0,10,30,0,7
3,11,3.0,288,5,8,0,13,48,3,27
3,11,4.0,275,6,13,1,11,18,0,30
3,11,12.0,118,3,21,1,8,9,1,28
3,11,12.0,118,3,11,1,1,81,4,28
3,11,20.0,340,0,5,1,0,77,1,29
3,11,20.0,340,0,4,1,1,59,4,29
2,11,25.0,88,4,3,0,6,91,1,13
3,11,26.0,364,3,9,0,11,117,1,3
3,11,26.0,364,3,15,0,7,129,1,3
3,11,27.0,322,0,22,2,6,89,0,15
3,9,13.0,91,4,17,2,9,93,0,25
3,9,13.0,91,4,13,0,2,86,2,25
3,9,13.0,91,4,13,0,12,61,3,25
0,2,1.0,16,2,17,0,9,63,1,7
3,9,20.0,119,4,16,0,0,12,0,29
3,9,20.0,119,4,4,1,8,41,1,29
3,9,20.0,119,4,18,0,8,9,1,29
3,9,27.0,179,4,17,0,16,50,1,15
3,9,27.0,179,4,6,0,8,33,1,15
3,9,27.0,179,4,20,0,2,86,1,15
3,9,27.0,179,4,15,0,1,84,0,15
3,9,27.0,179,4,4,0,5,6,3,15
3,9,28.0,315,5,13,0,5,12,1,18
3,9,28.0,315,5,9,0,15,46,2,18
3,9,28.0,315,5,9,0,11,122,1,18
3,7,5.0,204,2,0,1,0,53,4,24
3,7,11.0,197,1,21,0,2,123,4,9
3,7,11.0,197,1,15,1,4,45,1,9
3,7,11.0,197,1,5,0,5,6,1,9
3,7,11.0,197,1,18,0,16,74,1,9
3,7,13.0,238,4,19,0,12,104,1,25
3,7,21.0,81,5,17,0,8,27,1,21
3,7,21.0,81,5,7,0,2,2,1,21
3,7,21.0,81,5,20,0,13,29,1,21
3,7,21.0,81,5,17,1,3,103,4,21
3,7,21.0,81,5,1,0,11,133,2,21
3,7,21.0,81,5,20,1,10,47,0,21
3,7,22.0,211,6,1,0,2,92,1,26
3,7,28.0,34,5,17,2,14,25,0,18
3,7,28.0,34,5,8,1,2,71,4,18
3,3,2.0,120,2,16,2,5,12,3,22
3,3,2.0,120,2,4,0,2,2,4,22
3,3,2.0,120,2,9,0,8,118,1,22
3,3,3.0,182,4,13,0,13,28,3,27
3,3,3.0,182,4,12,0,1,11,3,27
3,3,3.0,182,4,19,0,1,67,2,27
3,3,3.0,182,4,11,1,12,80,4,27
3,3,3.0,182,4,4,0,13,21,3,27
3,3,3.0,182,4,16,0,0,15,1,27
3,11,4.0,275,6,17,0,5,12,1,30
3,11,4.0,275,6,4,2,3,30,0,30
3,11,4.0,275,6,9,0,16,72,1,30
3,11,12.0,118,3,21,1,11,133,0,28
3,11,12.0,118,3,5,0,6,89,4,28
3,11,12.0,118,3,19,0,0,26,2,28
3,11,12.0,118,3,18,1,0,0,1,28
3,11,20.0,340,0,11,0,1,11,2,29
3,11,20.0,340,0,9,2,9,87,0,29
3,11,20.0,340,0,1,2,12,17,3,29
3,11,20.0,340,0,19,1,11,10,4,29
3,11,20.0,340,0,14,2,15,108,4,29
3,11,26.0,364,3,2,1,11,55,4,3
3,11,26.0,364,3,1,2,0,53,0,3
3,11,27.0,322,0,10,1,7,62,0,15
3,11,27.0,322,0,15,2,1,11,3,15
3,11,27.0,322,0,20,2,10,52,1,15
3,11,27.0,322,0,1,2,11,15,3,15
3,11,30.0,170,4,23,0,4,75,1,19
3,11,30.0,170,4,22,0,12,121,3,19
3,11,30.0,170,4,22,3,1,59,4,19
3,11,30.0,170,4,4,0,10,22,1,19
3,11,30.0,170,4,4,2,9,93,3,19
3,9,2.0,323,3,22,2,6,7,0,22
3,9,5.0,89,2,0,0,6,128,3,24
3,9,2.0,323,3,4,0,2,2,1,22
3,9,5.0,89,2,16,0,10,47,2,24
3,9,5.0,89,2,9,2,8,118,3,24
3,9,13.0,91,4,11,1,9,87,4,25
3,9,20.0,119,4,19,0,2,69,2,29
3,9,20.0,119,4,1,2,14,34,3,29
3,9,28.0,315,5,20,0,5,64,3,18
3,9,28.0,315,5,5,3,9,95,0,18
3,9,28.0,315,5,15,1,7,137,4,18
3,9,28.0,315,5,11,0,9,10,3,18
2,5,1.0,307,2,17,0,5,6,0,7
3,9,28.0,315,5,2,0,2,40,4,18
3,9,28.0,315,5,13,0,1,59,4,18
3,9,28.0,315,5,3,3,9,134,3,18
3,11,4.0,275,6,20,3,10,22,1,30
3,7,5.0,204,2,9,2,10,22,1,24
3,7,11.0,197,1,10,0,16,50,1,9
3,7,11.0,197,1,15,0,1,67,0,9
3,7,11.0,197,1,2,0,10,52,1,9
3,7,11.0,197,1,19,1,9,95,4,9
3,7,13.0,238,4,16,0,9,101,1,25
3,7,13.0,238,4,10,0,1,59,1,25
3,7,13.0,238,4,5,0,2,69,3,25
2,6,5.0,83,2,4,0,13,13,3,24
2,6,5.0,83,2,9,0,3,76,4,24
2,6,5.0,83,2,14,0,13,48,3,24
2,9,22.0,92,4,2,0,13,28,3,26
2,6,5.0,83,2,14,2,8,9,0,24
2,6,7.0,59,5,17,0,5,6,3,11
2,6,7.0,59,5,17,1,9,83,4,11
3,7,21.0,81,5,19,0,9,49,1,21
3,3,21.0,338,0,14,0,9,9,2,21
3,3,21.0,338,0,4,0,12,61,1,21
3,5,11.0,326,3,19,1,3,30,4,9
3,5,11.0,326,3,14,2,5,6,0,9
3,5,11.0,326,3,1,2,13,21,0,9
3,5,13.0,184,1,16,0,10,30,0,25
3,5,13.0,184,1,3,0,1,67,0,25
3,5,13.0,184,1,14,2,9,49,3,25
3,5,22.0,163,4,16,2,0,64,3,26
3,5,22.0,163,4,13,0,5,6,2,26
3,5,22.0,163,4,8,2,2,71,4,26
3,5,27.0,328,1,6,0,11,15,0,15
3,7,13.0,238,4,13,0,14,110,3,25
3,7,21.0,81,5,5,1,14,107,4,21
3,7,21.0,81,5,3,2,2,86,0,21
3,7,21.0,81,5,3,0,1,11,3,21
3,7,21.0,81,5,12,0,13,69,4,21
3,7,21.0,81,5,10,0,10,22,1,21
3,7,21.0,81,5,19,0,16,72,1,21
3,7,21.0,81,5,13,0,8,9,1,21
2,11,5.0,240,5,1,2,14,25,0,24
2,11,12.0,118,5,19,0,7,62,1,28
2,11,14.0,147,3,15,1,1,105,4,5
2,11,14.0,147,3,2,1,12,17,1,5
2,11,14.0,147,3,1,0,9,49,3,5
2,5,20.0,351,0,11,0,5,64,2,29
0,8,1.0,66,5,13,0,1,1,1,7
2,6,26.0,116,2,12,0,10,30,3,3
2,6,20.0,193,4,9,2,14,88,3,29
0,2,18.0,7,6,17,0,16,50,1,0
2,7,9.0,329,6,9,1,11,98,4,12
2,4,11.0,134,5,22,3,11,90,4,9
2,1,9.0,17,5,13,3,0,26,0,12
2,0,4.0,122,2,17,2,10,47,3,30
2,0,19.0,172,4,3,0,13,38,2,10
2,0,28.0,191,6,22,0,9,83,1,18
2,3,28.0,325,3,1,1,8,65,4,18
2,5,3.0,114,5,18,1,16,139,0,27
3,11,19.0,321,3,12,1,10,22,2,10
2,6,3.0,159,0,14,1,3,79,1,27
2,6,2.0,99,3,12,0,6,89,3,22
3,9,11.0,52,1,22,1,0,64,2,9
3,9,19.0,234,2,21,0,8,41,3,10
2,3,18.0,138,4,8,1,0,53,4,0
2,3,26.0,361,5,14,0,10,47,3,3
2,6,26.0,116,2,19,0,14,131,1,3
2,8,4.0,101,2,13,0,8,118,1,30
3,7,22.0,211,6,15,0,10,47,3,26
0,2,1.0,16,2,17,3,6,91,0,7
3,7,22.0,211,6,12,0,9,95,3,26
3,7,22.0,211,6,11,1,9,134,4,26
3,7,22.0,211,6,5,1,7,122,1,26
3,11,26.0,364,3,17,1,14,24,1,3
3,7,28.0,34,5,5,0,15,46,3,18
3,7,28.0,34,5,11,0,2,92,3,18
3,7,28.0,34,5,8,0,7,20,1,18
3,3,2.0,120,2,0,2,3,44,3,22
3,7,5.0,204,2,5,0,0,53,4,24
3,7,5.0,204,2,12,0,4,82,1,24
3,7,5.0,204,2,6,0,15,39,0,24
3,7,13.0,238,4,23,0,8,9,1,25
3,7,13.0,238,4,5,2,6,14,4,25
3,7,13.0,238,4,4,1,15,31,1,25
3,7,21.0,81,5,0,1,5,6,0,21
3,7,22.0,211,6,16,2,8,9,0,26
2,11,21.0,192,3,16,1,10,47,0,21
2,11,21.0,192,3,5,0,6,7,2,21
2,11,21.0,192,3,8,0,8,9,4,21
2,11,21.0,192,3,8,0,1,59,3,21
2,11,21.0,192,3,14,0,4,4,1,21
2,11,21.0,192,3,12,2,8,33,3,21
2,11,21.0,192,3,9,0,10,23,1,21
2,11,28.0,123,3,0,1,13,123,0,18
2,11,28.0,123,3,20,2,16,130,3,18
2,11,28.0,123,3,2,2,1,81,3,18
2,11,28.0,123,3,13,1,2,2,4,18
2,11,30.0,170,1,0,0,9,102,0,19
2,11,30.0,170,1,12,0,13,29,2,19
2,7,7.0,94,4,16,1,9,27,0,11
2,7,7.0,94,4,13,1,3,115,4,11
2,7,7.0,94,4,1,1,4,127,0,11
2,7,7.0,94,4,1,1,2,92,4,11
2,7,7.0,94,4,7,1,1,105,0,11
2,7,7.0,94,4,4,0,15,31,3,11
2,9,19.0,234,0,12,1,11,15,1,10
2,4,3.0,178,4,18,0,12,61,3,27
2,4,27.0,218,3,8,0,9,102,2,15
2,9,16.0,107,5,9,0,1,105,2,2
2,9,19.0,234,0,13,0,6,91,2,10
2,9,18.0,359,3,10,0,15,96,0,0
2,0,20.0,287,5,17,0,15,46,1,29
2,5,3.0,114,5,11,1,7,57,4,27
2,5,3.0,114,5,15,0,2,92,3,27
2,3,28.0,325,3,19,0,16,42,1,18
3,11,19.0,321,3,15,0,12,61,1,10
3,11,18.0,332,6,17,0,3,79,4,0
3,11,28.0,123,1,21,0,16,42,1,18
3,9,19.0,234,2,6,3,12,83,4,10
3,7,20.0,266,4,9,3,8,9,3,29
1,3,4.0,285,0,3,1,12,83,4,30
2,1,20.0,45,1,19,1,5,12,0,29
3,3,10.0,4,4,4,3,9,10,4,4
3,5,12.0,327,0,3,3,10,47,3,28
0,11,7.0,253,6,17,0,6,89,1,11
0,0,1.0,8,5,22,0,6,89,1,7
2,3,26.0,361,5,17,1,5,6,1,3
2,10,19.0,223,5,14,3,3,4,3,10
3,3,20.0,105,3,9,0,14,34,1,29
2,3,25.0,343,4,8,0,2,40,2,13
2,5,11.0,327,6,12,0,7,62,2,9
2,6,10.0,355,0,9,0,10,22,3,4
2,9,10.0,156,6,12,1,12,56,0,4
0,8,15.0,72,5,17,0,16,50,2,1
0,4,1.0,144,3,13,3,1,35,2,7
2,8,19.0,319,4,23,0,8,118,1,10
2,4,12.0,221,6,4,1,6,128,4,28
2,7,10.0,197,3,2,3,7,129,0,4
2,11,16.0,225,1,6,0,2,40,4,2
2,0,21.0,241,6,11,0,9,95,2,21
2,7,28.0,268,4,17,1,3,76,1,18
2,0,30.0,290,0,12,1,10,22,0,19
2,0,30.0,290,0,12,3,11,15,3,19
2,10,12.0,346,5,2,1,14,24,0,28
1,0,16.0,11,5,13,0,11,117,1,2
2,11,7.0,253,3,22,0,8,27,2,11
2,11,17.0,110,2,16,1,11,98,1,6
2,1,20.0,45,1,17,3,3,30,3,29
2,4,3.0,178,4,2,3,3,30,4,27
2,4,30.0,67,2,19,0,0,15,4,19
2,0,11.0,113,2,12,1,3,115,0,9
2,7,9.0,329,6,19,1,12,56,1,12
2,3,28.0,325,3,14,3,8,27,0,18
2,5,3.0,114,5,11,0,4,4,2,27
3,11,19.0,321,3,13,0,0,53,2,10
3,9,19.0,234,2,11,0,2,35,2,10
3,9,19.0,234,2,9,1,7,122,4,10
3,9,19.0,234,2,17,1,13,99,1,10
3,7,12.0,181,2,15,1,1,105,0,28
3,7,20.0,266,4,12,1,0,53,1,29
2,10,18.0,117,4,15,0,13,21,1,0
3,7,12.0,181,2,16,0,5,64,0,28
2,10,28.0,318,3,5,1,13,48,1,18
2,6,26.0,116,2,9,0,0,26,1,3
3,3,12.0,104,6,2,0,10,6,3,28
3,3,2.0,120,2,12,0,13,48,0,22
3,3,3.0,182,4,6,1,5,64,1,27
3,3,4.0,285,5,2,0,6,7,2,30
3,3,4.0,285,5,3,3,14,25,0,30
3,3,4.0,285,5,11,1,13,99,4,30
3,3,11.0,337,5,16,0,1,59,1,9
3,3,11.0,337,5,10,0,11,15,3,9
3,3,11.0,337,5,15,0,0,53,2,9
3,3,13.0,210,3,6,2,10,23,0,25
3,3,13.0,210,3,6,0,11,117,1,25
3,3,13.0,210,3,16,2,0,53,3,25
3,3,13.0,210,3,20,0,5,6,2,25
3,3,13.0,210,3,11,0,11,124,4,25
3,3,13.0,210,3,5,1,6,14,4,25
3,3,13.0,210,3,19,0,15,46,1,25
3,3,13.0,210,3,1,0,7,78,1,25
3,3,14.0,33,0,6,0,5,12,3,5
3,3,14.0,33,0,16,0,0,85,0,5
3,3,14.0,33,0,17,0,15,51,3,5
3,3,14.0,33,0,0,0,8,19,0,5
3,5,27.0,328,1,12,0,6,132,1,15
3,6,4.0,159,2,17,0,12,83,0,30
3,6,4.0,159,2,14,0,2,13,0,30
3,6,4.0,159,2,19,0,3,76,3,30
3,6,6.0,83,5,2,0,14,34,1,23
3,6,6.0,83,5,14,0,8,9,1,23
3,7,21.0,81,5,1,1,6,7,4,21
3,7,21.0,81,5,5,1,11,18,1,21
3,7,22.0,211,6,16,0,13,21,4,26
3,7,28.0,34,5,12,0,7,122,2,18
3,7,28.0,34,5,8,0,9,93,0,18
3,7,28.0,34,5,14,2,12,56,3,18
3,3,2.0,120,2,0,0,9,93,1,22
3,3,2.0,120,2,5,0,2,86,1,22
3,3,2.0,120,2,15,0,2,40,1,22
3,3,3.0,182,4,6,1,5,64,0,27
3,3,3.0,182,4,11,1,12,80,4,27
3,3,2.0,120,2,21,0,8,19,0,22
3,3,3.0,182,4,4,1,15,51,4,27
3,3,3.0,182,4,2,1,6,116,4,27
3,3,11.0,337,5,16,0,5,6,3,9
3,3,11.0,337,5,16,0,5,6,0,9
3,3,11.0,337,5,11,0,8,118,4,9
3,3,11.0,337,5,22,0,8,33,2,9
3,3,13.0,210,3,16,2,8,27,3,25
3,3,13.0,210,3,22,1,1,81,4,25
3,3,4.0,285,5,2,0,10,47,3,30
3,3,11.0,337,5,17,0,9,102,3,9
3,3,11.0,337,5,1,0,6,7,2,9
3,3,11.0,337,5,17,1,9,10,4,9
3,3,13.0,210,3,11,0,9,109,4,25
3,3,13.0,210,3,19,0,2,92,3,25
2,10,29.0,157,0,11,1,3,44,4,16
3,3,13.0,210,3,8,1,9,109,4,25
3,3,13.0,210,3,2,1,9,10,4,25
3,3,14.0,33,0,0,1,3,115,4,5
3,3,14.0,33,0,18,0,13,99,0,5
3,3,21.0,338,0,10,0,5,6,0,21
3,3,21.0,338,0,19,0,10,6,3,21
2,6,7.0,59,5,22,0,10,47,3,11
2,6,5.0,83,2,1,0,13,38,2,24
2,6,7.0,59,5,14,0,3,115,4,11
2,6,15.0,38,6,20,0,10,47,1,1
2,6,15.0,38,6,22,0,1,1,3,1
2,6,15.0,38,6,12,0,11,133,0,1
2,6,15.0,38,6,17,1,6,7,0,1
2,6,15.0,38,6,19,0,2,86,3,1
2,6,15.0,38,6,17,1,3,30,2,1
2,6,30.0,208,3,5,2,1,105,3,19
2,7,14.0,205,4,4,2,2,86,3,5
2,7,14.0,205,4,9,0,13,48,3,5
2,7,15.0,40,5,11,0,8,27,2,1
2,11,30.0,170,1,5,3,9,63,1,19
2,7,14.0,205,4,14,0,8,27,0,5
2,7,15.0,40,5,4,0,10,12,1,1
2,7,15.0,40,5,12,0,0,53,1,1
2,7,15.0,40,5,2,1,11,58,4,1
2,7,22.0,202,5,17,0,6,7,1,26
2,7,22.0,202,5,11,0,14,32,1,26
2,4,7.0,292,0,8,3,6,7,0,11
2,0,31.0,365,1,9,0,1,67,0,20
2,7,22.0,202,5,5,1,1,59,4,26
2,7,30.0,43,6,18,2,6,89,1,19
2,3,29.0,304,0,13,2,2,2,2,16
2,3,29.0,304,0,17,1,0,68,1,16
2,3,29.0,304,0,4,0,6,89,4,16
2,3,29.0,304,0,4,0,4,127,0,16
2,3,29.0,304,0,1,2,0,68,3,16
2,5,4.0,96,6,15,0,0,26,2,30
2,5,4.0,96,6,12,0,16,50,1,30
2,5,4.0,96,6,2,0,13,99,4,30
2,5,5.0,277,3,22,0,13,38,2,24
2,5,5.0,277,3,8,0,13,29,4,24
2,5,5.0,277,3,2,0,10,22,1,24
2,5,5.0,277,3,9,0,1,105,3,24
2,5,15.0,239,2,0,0,5,6,3,1
2,5,15.0,239,2,7,0,2,2,3,1
2,5,15.0,239,2,0,1,7,57,0,1
2,5,15.0,239,2,4,0,16,72,0,1
2,5,16.0,212,4,4,0,13,48,1,2
2,5,16.0,212,4,3,0,9,109,2,2
2,6,5.0,83,2,3,1,15,39,1,24
2,6,5.0,83,2,13,1,2,13,4,24
2,6,5.0,83,2,22,2,2,123,0,24
2,5,4.0,96,6,19,0,9,102,1,30
2,5,5.0,277,3,22,1,2,2,1,24
2,5,15.0,239,2,16,0,0,12,3,1
2,5,16.0,212,4,17,0,2,86,1,2
2,5,15.0,239,2,13,3,4,127,2,1
2,5,15.0,239,2,12,1,10,52,0,1
2,5,16.0,212,4,23,1,0,53,1,2
2,5,16.0,212,4,13,0,13,29,3,2
2,6,5.0,83,2,17,1,1,67,0,24
2,6,5.0,83,2,8,1,12,56,4,24
3,9,2.0,323,3,14,0,11,90,1,22
3,9,5.0,89,2,12,2,10,22,3,24
3,9,13.0,91,4,20,0,9,95,2,25
3,9,13.0,91,4,22,0,1,11,3,25
3,9,13.0,91,4,4,1,9,101,4,25
3,9,20.0,119,4,15,0,16,130,4,29
3,9,20.0,119,4,1,0,14,24,1,29
3,9,27.0,179,4,19,0,15,108,2,15
3,9,28.0,315,5,3,1,13,21,1,18
3,9,27.0,179,4,2,1,6,89,1,15
3,7,5.0,204,2,10,0,10,22,1,24
3,7,5.0,204,2,8,0,16,74,2,24
3,7,5.0,204,2,11,0,14,107,0,24
3,9,2.0,323,3,1,2,0,64,3,22
3,7,11.0,197,1,13,0,2,71,4,9
3,7,11.0,197,1,7,2,1,105,3,9
3,7,13.0,238,4,6,1,2,86,4,25
3,11,27.0,322,0,8,0,2,92,1,15
3,11,26.0,364,3,14,0,0,12,4,3
3,11,26.0,364,3,9,1,0,31,0,3
3,11,30.0,170,4,13,0,6,89,1,19
3,11,30.0,170,4,13,1,1,16,4,19
3,9,2.0,323,3,23,0,13,29,1,22
2,2,1.0,143,5,18,1,1,67,0,7
2,4,25.0,80,5,17,1,10,52,1,13
2,0,9.0,129,0,13,0,5,6,0,12
2,7,21.0,211,4,1,0,9,54,3,21
2,7,21.0,211,4,4,1,6,14,4,21
2,5,13.0,36,0,15,1,5,6,0,25
2,5,14.0,200,1,19,1,3,76,4,5
2,5,13.0,36,0,22,0,4,79,2,25
2,5,14.0,200,1,3,0,10,47,1,5
2,6,4.0,342,1,1,2,16,50,0,30
0,7,1.0,98,2,17,0,2,2,1,7
2,6,14.0,49,5,18,0,9,101,0,5
2,6,14.0,49,5,12,0,3,79,3,5
2,10,23.0,261,1,16,0,2,2,4,17
2,10,23.0,261,1,9,0,10,22,3,17
2,10,16.0,256,1,11,0,16,139,1,2
3,11,23.0,232,4,11,0,13,38,2,17
2,0,17.0,0,1,14,0,0,68,1,6
2,11,24.0,194,2,1,1,4,5,0,14
2,11,24.0,194,2,12,0,2,123,1,14
2,9,16.0,107,5,9,0,6,128,1,2
2,9,16.0,107,5,18,2,2,71,3,2
2,7,17.0,154,3,4,1,13,48,0,6
2,3,9.0,4,1,1,3,14,25,0,12
2,3,18.0,138,4,14,0,0,31,1,0
2,3,26.0,361,5,14,0,14,24,3,3
2,6,26.0,116,2,14,0,2,2,4,3
2,11,24.0,194,2,2,0,2,40,2,14
2,11,24.0,194,2,6,0,8,9,0,14
2,11,24.0,194,2,11,0,1,11,4,14
2,7,27.0,34,2,22,1,1,81,2,15
2,7,10.0,197,3,8,0,7,20,3,4
2,3,25.0,343,4,14,1,14,25,4,13
2,5,8.0,206,2,9,0,16,113,1,8
2,5,11.0,327,6,1,2,10,47,3,9
2,10,27.0,216,6,21,1,8,41,4,15
2,8,19.0,319,4,13,3,12,135,0,10
2,8,19.0,319,4,2,1,12,104,2,10
2,8,19.0,319,4,9,1,6,89,1,10
2,4,12.0,221,6,18,1,0,12,1,28
2,4,18.0,142,5,4,3,9,10,4,0
2,4,1.0,141,1,17,0,14,106,2,7
2,2,18.0,137,0,14,3,9,63,1,0
2,0,21.0,241,6,1,0,12,61,1,21
3,11,2.0,265,4,7,1,11,133,0,22
2,5,25.0,37,6,13,0,9,102,2,13
3,11,11.0,175,6,18,1,9,102,4,9
2,10,2.0,310,1,17,1,0,85,0,22
2,9,1.0,126,4,17,0,3,30,1,7
3,1,31.0,305,3,5,0,13,13,1,20
2,5,13.0,36,0,1,0,16,42,1,25
3,4,22.0,152,2,16,1,8,33,0,26
3,4,6.0,176,0,22,0,10,43,0,23
2,0,7.0,9,6,20,1,3,30,4,11
3,11,31.0,227,5,15,0,10,22,3,20
3,9,9.0,320,3,2,0,8,118,1,12
2,4,22.0,30,1,22,0,10,47,0,26
2,4,28.0,313,0,5,3,1,11,3,18
2,2,9.0,28,6,22,1,1,16,4,12
3,4,6.0,176,0,17,0,0,12,0,23
3,4,7.0,133,1,17,0,13,99,4,11
3,4,7.0,133,1,1,2,8,27,1,11
3,10,4.0,356,5,23,0,1,16,3,30
3,10,5.0,336,6,0,1,5,12,0,24
3,10,5.0,336,6,11,0,7,57,0,24
3,10,5.0,336,6,3,0,9,109,1,24
3,10,5.0,336,6,8,2,13,99,3,24
3,9,8.0,90,6,14,0,3,115,3,8
3,9,8.0,90,6,4,0,8,41,3,8
3,9,8.0,90,6,18,1,7,129,1,8
3,9,9.0,320,3,11,0,2,86,2,12
3,9,9.0,320,3,12,0,2,40,4,12
3,9,26.0,267,2,0,2,1,59,0,3
3,9,26.0,267,2,21,2,10,22,2,3
3,9,26.0,267,2,8,0,6,91,3,3
3,9,26.0,267,2,8,1,0,31,2,3
3,9,26.0,267,2,19,0,1,105,0,3
3,9,9.0,320,3,8,0,10,22,3,12
3,8,19.0,280,5,8,0,5,12,0,10
3,4,11.0,121,6,17,0,14,32,1,9
3,7,9.0,273,3,23,0,0,64,1,12
3,7,9.0,273,3,22,0,10,12,0,12
3,7,9.0,273,3,17,1,9,57,0,12
3,7,18.0,154,1,21,0,14,125,1,0
3,7,18.0,154,1,16,0,14,106,3,0
3,7,25.0,41,1,6,0,4,79,3,13
3,7,25.0,41,1,23,2,10,22,1,13
3,7,25.0,41,1,11,0,10,22,0,13
3,10,5.0,336,6,19,3,1,105,2,24
3,10,5.0,336,6,3,1,16,139,1,24
3,10,13.0,346,3,3,2,0,85,0,25
3,10,23.0,247,2,5,0,14,24,4,17
3,10,23.0,247,2,0,1,14,88,0,17
3,10,23.0,247,2,17,1,9,95,1,17
3,10,23.0,247,2,22,0,6,89,2,17
3,10,23.0,247,2,22,0,10,47,3,17
3,1,13.0,207,2,17,2,8,41,0,25
3,1,13.0,207,2,16,0,2,92,3,25
3,1,23.0,69,6,11,0,10,30,3,17
3,1,28.0,300,4,22,2,16,50,3,18
3,1,28.0,300,4,19,2,1,11,3,18
3,1,28.0,300,4,14,0,2,69,2,18
3,9,2.0,323,3,18,0,10,47,1,22
2,4,10.0,121,4,17,3,9,87,3,4
3,1,31.0,305,3,22,1,1,81,4,20
3,1,31.0,305,3,14,0,13,99,1,20
3,4,5.0,235,3,9,1,0,15,1,24
3,4,7.0,133,1,16,0,8,19,4,11
3,9,24.0,272,0,22,0,10,22,2,14
3,9,24.0,272,0,19,1,1,35,4,14
3,9,24.0,272,0,18,2,9,49,3,14
3,9,26.0,267,2,16,0,10,47,1,3
3,9,26.0,267,2,23,0,6,7,2,3
3,9,26.0,267,2,21,0,12,56,0,3
3,9,26.0,267,2,10,1,9,57,0,3
3,9,26.0,267,2,13,0,12,121,3,3
3,8,19.0,280,5,4,0,12,80,1,10
3,8,25.0,86,4,13,0,5,6,0,13
3,4,11.0,121,6,18,3,9,109,3,9
3,4,26.0,80,3,8,0,4,82,3,3
3,9,26.0,267,2,14,0,13,21,1,3
3,9,26.0,267,2,18,0,2,86,0,3
3,9,26.0,267,2,3,1,7,54,0,3
3,7,9.0,273,3,12,0,2,69,1,12
3,7,9.0,273,3,3,3,9,134,3,12
3,7,9.0,273,3,2,1,13,29,1,12
3,7,9.0,273,3,18,2,5,6,0,12
3,7,18.0,154,1,16,0,0,85,3,0
3,7,18.0,154,1,10,0,14,24,1,0
3,4,7.0,133,1,6,0,9,57,3,11
3,4,6.0,176,0,15,2,10,43,2,23
3,4,7.0,133,1,15,0,0,12,3,11
3,4,7.0,133,1,3,2,12,17,0,11
3,4,7.0,133,1,12,0,14,131,1,11
3,4,7.0,133,1,1,0,4,5,1,11
3,4,7.0,133,1,13,1,16,37,4,11
3,4,12.0,134,3,6,0,8,27,4,28
3,4,12.0,134,3,20,1,2,13,1,28
3,4,12.0,134,3,9,0,15,46,3,28
3,4,13.0,221,0,13,2,1,67,2,25
3,4,13.0,221,0,4,1,9,83,4,25
3,4,13.0,221,0,1,1,9,93,4,25
3,4,13.0,221,0,12,1,2,2,4,25
3,4,22.0,152,2,6,0,16,42,1,26
3,4,22.0,152,2,13,0,1,59,1,26
3,1,23.0,69,6,12,0,6,73,0,17
3,1,28.0,300,4,23,1,0,64,0,18
3,1,28.0,300,4,10,2,10,22,1,18
3,1,28.0,300,4,2,0,11,124,0,18
3,1,28.0,300,4,18,1,12,61,4,18
3,1,28.0,300,4,14,0,3,76,3,18
3,1,28.0,300,4,14,0,8,118,3,18
3,1,28.0,300,4,16,1,13,69,0,18
3,1,28.0,300,4,13,0,8,9,2,18
3,1,31.0,305,3,5,0,1,11,4,20
3,1,31.0,305,3,1,2,3,44,3,20
3,8,20.0,319,6,21,0,2,92,0,29
3,8,20.0,319,6,21,0,10,52,1,29
3,8,20.0,319,6,2,0,5,6,2,29
3,8,20.0,319,6,19,0,8,19,3,29
3,8,20.0,319,6,1,0,4,82,3,29
3,8,23.0,102,1,22,0,16,74,1,17
3,4,5.0,235,3,2,0,7,137,3,24
3,4,5.0,235,3,1,0,8,65,1,24
3,4,6.0,176,0,0,0,13,21,1,23
3,4,6.0,176,0,10,0,8,27,1,23
3,4,6.0,176,0,20,0,0,26,3,23
3,4,6.0,176,0,1,0,14,24,1,23
3,1,23.0,69,6,16,0,1,11,1,17
3,1,23.0,69,6,11,0,8,33,3,17
3,1,23.0,69,6,14,0,5,6,0,17
3,11,30.0,170,4,9,1,14,24,0,19
3,9,5.0,89,2,16,1,5,6,1,24
3,1,28.0,300,4,17,1,9,63,2,18
3,1,28.0,300,4,6,1,5,12,0,18
3,1,28.0,300,4,4,2,2,2,3,18
3,1,28.0,300,4,19,1,1,81,4,18
3,1,31.0,305,3,12,0,8,9,0,20
3,1,31.0,305,3,18,2,3,115,3,20
3,8,20.0,319,6,23,0,14,107,4,29
3,8,20.0,319,6,11,1,0,53,1,29
3,8,23.0,102,1,17,2,4,79,2,17
3,8,23.0,102,1,13,0,10,47,3,17
3,8,23.0,102,1,11,1,5,12,0,17
3,4,5.0,235,3,10,1,0,53,0,24
3,4,5.0,235,3,1,0,15,31,1,24
3,4,5.0,235,3,11,1,5,6,0,24
3,4,6.0,176,0,21,1,13,28,0,23
3,4,5.0,235,3,22,2,12,100,3,24
3,4,6.0,176,0,9,2,10,52,0,23
3,4,7.0,133,1,19,0,10,22,2,11
3,4,12.0,134,3,6,2,10,47,3,28
3,1,31.0,305,3,17,0,3,44,3,20
3,1,31.0,305,3,15,0,10,23,3,20
3,1,31.0,305,3,15,0,11,18,1,20
3,1,31.0,305,3,1,0,1,1,1,20
3,8,20.0,319,6,17,0,14,32,4,29
3,8,20.0,319,6,19,2,2,2,3,29
3,4,10.0,79,5,11,0,7,54,1,4
3,7,9.0,273,3,6,0,15,96,3,12
3,7,9.0,273,3,8,0,0,0,0,12
3,7,18.0,154,1,10,1,12,17,4,0
3,7,18.0,154,1,13,0,14,25,3,0
3,7,18.0,154,1,12,0,6,128,3,0
3,7,18.0,154,1,12,1,7,8,4,0
3,7,25.0,41,1,6,0,2,92,1,13
3,7,25.0,41,1,9,0,5,64,2,13
3,7,25.0,41,1,19,2,10,47,0,13
3,7,31.0,43,0,0,2,12,100,3,20
3,7,31.0,43,0,19,0,12,61,3,20
3,7,31.0,43,0,12,1,9,10,4,20
3,3,9.0,44,2,10,0,9,93,1,12
3,3,9.0,44,2,13,0,13,99,4,12
3,3,9.0,44,2,22,0,11,58,2,12
3,3,9.0,44,2,12,0,3,44,4,12
3,3,9.0,44,2,9,2,1,11,3,12
3,5,8.0,199,4,21,0,8,9,1,8
3,9,7.0,271,5,13,1,7,129,1,11
3,9,8.0,90,6,11,0,11,15,3,8
3,9,8.0,90,6,3,2,3,79,0,8
3,8,20.0,319,6,8,1,2,71,4,29
3,8,20.0,319,6,12,0,6,89,0,29
3,8,20.0,319,6,19,3,3,103,4,29
3,8,23.0,102,1,0,2,11,124,3,17
3,8,23.0,102,1,15,2,11,55,3,17
3,8,23.0,102,1,12,0,2,2,3,17
3,8,23.0,102,1,7,1,10,47,0,17
3,8,23.0,102,1,4,0,8,27,3,17
3,8,23.0,102,1,9,1,11,15,1,17
3,4,22.0,152,2,0,1,3,103,0,26
3,4,22.0,152,2,17,1,14,25,0,26
3,4,22.0,152,2,19,0,8,41,3,26
3,7,18.0,154,1,20,0,0,77,3,0
3,7,18.0,154,1,13,1,0,15,1,0
3,7,18.0,154,1,22,0,14,131,1,0
3,7,18.0,154,1,2,2,10,22,0,0
3,7,18.0,154,1,18,0,0,53,4,0
3,7,25.0,41,1,17,0,5,6,0,13
3,7,25.0,41,1,20,0,10,47,1,13
3,7,25.0,41,1,3,0,8,33,1,13
3,7,31.0,43,0,16,1,7,62,0,20
3,7,31.0,43,0,7,1,4,4,0,20
3,7,31.0,43,0,5,1,13,99,0,20
3,7,31.0,43,0,3,1,7,129,4,20
3,7,31.0,43,0,17,1,10,47,0,20
3,7,31.0,43,0,5,0,10,6,3,20
3,3,9.0,44,2,22,0,6,132,0,12
3,3,9.0,44,2,19,0,0,0,1,12
3,3,9.0,44,2,11,0,6,7,2,12
3,5,8.0,199,4,2,0,0,68,3,8
3,5,8.0,199,4,12,1,2,92,1,8
3,5,26.0,37,0,6,0,10,43,1,3
3,5,26.0,37,0,5,0,5,6,3,3
3,5,26.0,37,0,5,0,0,12,2,3
3,4,30.0,139,4,7,2,3,103,3,19
3,10,13.0,346,3,4,0,0,53,3,25
3,10,23.0,247,2,17,0,3,79,3,17
3,10,23.0,247,2,16,1,6,116,0,17
3,11,27.0,322,0,12,0,10,47,2,15
3,1,13.0,207,2,16,2,11,15,3,25
3,1,13.0,207,2,9,0,9,93,3,25
3,1,20.0,151,2,17,1,14,25,0,29
3,1,20.0,151,2,4,2,1,35,3,29
3,1,20.0,151,2,1,2,2,69,3,29
3,1,23.0,69,6,8,0,4,45,2,17
3,1,23.0,69,6,2,0,10,47,3,17
3,1,28.0,300,4,20,0,2,86,4,18
3,1,28.0,300,4,4,0,6,89,3,18
3,1,28.0,300,4,18,0,10,43,3,18
3,1,31.0,305,3,6,1,11,15,4,20
3,1,31.0,305,3,19,0,2,2,1,20
3,1,31.0,305,3,2,0,8,27,0,20
3,8,20.0,319,6,13,0,2,60,0,29
3,8,23.0,102,1,5,2,13,123,2,17
3,8,23.0,102,1,15,0,14,25,3,17
3,8,23.0,102,1,9,0,7,137,1,17
0,10,5.0,336,2,17,0,9,54,4,24
3,1,27.0,262,2,17,0,10,22,2,15
3,9,6.0,51,4,19,0,0,31,2,23
3,4,2.0,141,4,4,1,11,18,0,22
3,4,28.0,218,1,23,1,13,99,1,18
3,2,3.0,282,0,9,1,8,19,0,27
3,7,8.0,94,6,11,0,8,118,2,8
3,7,17.0,95,0,4,1,11,18,0,6
3,7,17.0,95,0,14,0,2,2,2,6
3,2,9.0,21,3,0,0,0,15,2,12
2,0,9.0,129,0,19,1,6,116,4,12
2,7,29.0,42,5,18,0,0,64,0,16
2,5,14.0,200,1,19,1,7,57,0,5
2,6,14.0,49,5,11,0,5,6,2,5
3,11,24.0,194,5,22,3,9,95,4,14
3,11,23.0,232,4,14,1,0,64,0,17
2,6,24.0,39,0,19,1,5,12,1,14
2,10,21.0,314,3,14,1,2,13,0,21
2,10,23.0,261,1,9,0,14,34,0,17
2,10,21.0,314,3,19,3,5,12,1,21
3,5,10.0,155,6,18,1,5,6,0,4
2,8,15.0,73,3,21,1,5,12,0,1
3,4,5.0,235,3,10,0,10,47,3,24
3,4,5.0,235,3,13,2,12,121,2,24
3,4,5.0,235,3,1,2,3,103,3,24
3,4,12.0,134,3,19,0,16,50,0,28
3,4,12.0,134,3,18,0,4,66,2,28
3,4,13.0,221,0,0,0,13,21,3,25
3,9,20.0,119,4,16,1,13,28,0,29
3,4,13.0,221,0,23,1,2,2,4,25
3,4,12.0,134,3,22,0,5,6,2,28
3,4,22.0,152,2,6,0,5,12,0,26
3,4,22.0,152,2,7,1,10,23,2,26
3,4,22.0,152,2,0,1,9,27,0,26
3,4,22.0,152,2,15,2,13,38,3,26
3,4,22.0,152,2,1,0,9,57,2,26
3,4,22.0,152,2,1,2,7,120,3,26
3,4,30.0,139,4,7,1,9,57,0,19
3,4,30.0,139,4,5,1,9,54,4,19
3,4,30.0,139,4,13,1,11,8,4,19
3,2,4.0,254,1,21,0,1,67,0,30
3,2,4.0,254,1,0,0,1,1,3,30
3,2,6.0,251,4,20,0,13,99,3,23
3,11,24.0,194,5,18,1,1,81,0,14
3,11,23.0,232,4,17,0,14,25,4,17
3,9,6.0,51,4,17,1,11,129,4,23
2,6,22.0,84,6,3,0,5,64,2,26
2,10,23.0,261,1,2,0,4,75,1,17
3,3,1.0,180,1,17,1,5,12,1,7
2,0,1.0,47,3,5,0,2,123,2,7
2,1,14.0,1,2,14,0,2,40,4,5
3,5,25.0,350,3,18,2,14,34,4,13
3,3,12.0,104,6,4,1,11,129,4,28
2,7,16.0,95,6,17,0,7,31,1,2
2,3,9.0,4,1,18,0,9,10,3,12
2,3,9.0,4,1,6,3,14,34,2,12
2,3,9.0,4,1,17,0,1,81,4,12
2,3,26.0,361,5,12,1,5,6,0,3
2,10,28.0,318,3,10,1,11,117,1,18
2,1,9.0,17,5,23,1,16,42,1,12
2,9,19.0,234,0,22,0,10,47,1,10
2,4,3.0,178,4,19,3,14,34,3,27
2,4,3.0,178,4,14,2,2,2,3,27
2,0,11.0,113,2,4,0,8,41,1,9
2,0,11.0,113,2,21,1,10,12,0,9
2,3,28.0,325,3,14,1,14,131,0,18
3,11,19.0,321,3,13,0,10,22,1,10
3,9,12.0,177,2,19,0,2,69,2,28
3,9,19.0,234,2,15,1,9,102,4,10
3,7,12.0,181,2,9,0,11,8,1,28
2,4,20.0,339,3,8,0,8,118,1,29
2,4,30.0,67,2,12,1,16,37,4,19
3,9,26.0,267,2,9,0,1,11,4,3
3,9,26.0,267,2,18,0,10,22,1,3
3,7,9.0,273,3,6,2,9,87,3,12
2,1,6.0,32,1,1,2,10,22,3,23
2,1,17.0,82,6,17,1,2,3,4,6
2,1,17.0,82,6,13,0,15,96,2,6
2,1,17.0,82,6,21,0,5,0,1,6
2,1,17.0,82,6,2,0,9,49,1,6
2,1,22.0,69,4,6,0,0,12,3,26
2,1,22.0,69,4,17,1,1,59,0,26
2,1,22.0,69,4,18,1,16,108,0,26
2,1,6.0,32,1,11,1,7,111,1,23
2,1,31.0,66,6,19,0,5,6,3,20
2,1,31.0,66,6,1,0,16,113,1,20
2,8,8.0,124,3,15,0,4,75,1,8
2,8,8.0,124,3,12,0,12,80,0,8
2,8,8.0,124,3,4,0,13,29,1,8
2,8,8.0,124,3,8,2,13,28,3,8
2,8,22.0,102,3,20,1,16,42,2,26
2,8,22.0,102,3,10,2,0,64,3,26
2,8,22.0,102,3,22,0,10,47,0,26
2,8,22.0,102,3,19,0,10,6,0,26
2,8,22.0,102,3,1,0,13,28,3,26
2,8,22.0,102,3,18,2,8,19,0,26
2,8,23.0,85,0,19,0,13,21,3,17
2,8,23.0,85,0,8,1,12,121,1,17
2,8,24.0,86,1,0,0,16,42,1,14
2,8,24.0,86,1,0,0,11,15,1,14
2,8,24.0,86,1,22,0,8,41,0,14
2,8,25.0,278,2,17,0,7,111,1,13
2,8,24.0,86,1,14,0,3,79,3,14
2,8,25.0,278,2,19,0,8,27,1,13
2,8,30.0,144,0,16,1,9,27,0,19
2,8,30.0,144,0,4,0,9,93,1,19
2,4,7.0,292,0,21,2,5,6,0,11
2,4,7.0,292,0,14,0,15,39,2,11
2,4,7.0,292,0,14,0,3,115,4,11
2,4,7.0,292,0,12,1,9,101,4,11
2,4,7.0,292,0,13,3,0,12,1,11
2,4,16.0,19,2,20,0,2,86,0,2
2,4,22.0,30,1,6,1,5,64,1,26
2,4,22.0,30,1,7,0,4,127,3,26
2,4,22.0,30,1,20,0,14,25,3,26
2,4,22.0,30,1,11,0,8,19,1,26
2,4,22.0,30,1,8,0,6,7,1,26
2,4,23.0,27,2,17,1,13,28,0,17
2,4,22.0,30,1,18,2,10,47,3,26
2,4,23.0,27,2,15,2,3,76,1,17
2,4,22.0,30,1,15,2,14,25,2,26
2,4,23.0,27,2,22,2,8,41,2,17
2,8,23.0,85,0,13,1,3,30,1,17
2,4,24.0,20,4,8,0,12,61,1,14
2,4,24.0,20,4,5,1,12,17,4,14
2,4,24.0,20,4,13,0,2,2,1,14
2,2,8.0,21,5,17,2,9,49,3,8
2,2,8.0,21,5,11,1,14,25,4,8
2,2,8.0,21,5,14,0,1,35,4,8
2,2,9.0,28,6,22,0,13,38,2,12
3,11,31.0,227,5,15,1,2,123,4,20
3,9,7.0,271,5,16,1,1,59,0,11
3,9,7.0,271,5,15,0,7,20,1,11
3,9,8.0,90,6,0,2,10,6,3,8
3,9,8.0,90,6,5,0,15,114,1,8
3,9,7.0,271,5,14,3,4,66,2,11
3,9,8.0,90,6,14,1,9,93,2,8
3,9,9.0,320,3,4,1,12,135,4,12
3,9,24.0,272,0,11,1,8,27,1,14
2,0,7.0,9,6,4,0,4,4,3,11
2,0,15.0,11,3,0,1,6,7,0,1
2,0,15.0,11,3,23,0,13,99,2,1
2,0,15.0,11,3,20,0,5,6,2,1
2,0,15.0,11,3,1,1,2,71,4,1
2,0,15.0,11,3,1,0,5,12,0,1
2,0,31.0,365,1,17,0,11,15,4,20
2,0,31.0,365,1,20,0,4,66,1,20
2,0,31.0,365,1,22,0,5,6,2,20
3,11,6.0,252,0,7,1,10,22,0,23
3,11,6.0,252,0,13,2,3,76,2,23
3,11,8.0,283,2,9,0,8,65,4,8
3,11,14.0,147,1,19,0,15,96,1,5
3,11,14.0,147,1,12,0,6,7,0,5
3,11,14.0,147,1,8,1,9,27,0,5
3,11,16.0,225,4,15,0,8,33,4,2
3,11,16.0,225,4,16,1,3,115,2,2
3,11,16.0,225,4,4,1,11,8,1,2
3,11,31.0,227,5,6,0,6,128,4,20
3,11,31.0,227,5,6,0,10,22,1,20
3,11,31.0,227,5,11,0,7,20,1,20
3,11,31.0,227,5,20,0,13,38,4,20
3,9,7.0,271,5,22,0,6,7,0,11
3,9,7.0,271,5,18,2,0,64,3,11
3,9,7.0,271,5,18,0,9,49,2,11
3,11,14.0,147,1,19,1,9,93,4,5
3,11,14.0,147,1,14,0,9,49,1,5
3,11,16.0,225,4,13,0,2,40,3,2
3,11,31.0,227,5,21,0,14,110,4,20
3,11,31.0,227,5,11,0,1,105,2,20
3,11,31.0,227,5,19,0,13,38,2,20
3,9,7.0,271,5,16,0,1,67,4,11
3,9,7.0,271,5,23,1,2,3,4,11
3,9,7.0,271,5,11,1,6,116,4,11
3,9,8.0,90,6,17,1,10,47,0,8
3,9,9.0,320,3,20,0,11,133,0,12
3,9,9.0,320,3,22,0,0,31,1,12
3,9,9.0,320,3,3,0,13,28,2,12
3,9,9.0,320,3,1,0,3,44,3,12
3,9,24.0,272,0,20,0,4,4,1,14
3,9,24.0,272,0,11,0,12,104,0,14
3,9,24.0,272,0,21,1,15,39,0,14
3,9,24.0,272,0,13,1,2,3,4,14
3,9,26.0,267,2,0,0,2,29,3,3
3,9,24.0,272,0,11,0,0,64,2,14
3,9,26.0,267,2,15,0,9,87,0,3
3,9,26.0,267,2,22,1,10,47,1,3
2,8,19.0,319,4,7,1,14,107,1,10
3,6,3.0,99,1,12,0,11,15,0,27
2,8,12.0,189,4,13,1,12,80,1,28
2,1,27.0,300,1,20,0,3,30,1,15
2,4,5.0,176,6,18,1,14,34,0,24
2,4,5.0,176,6,3,0,10,52,2,24
2,8,1.0,77,3,20,0,1,81,3,7
3,6,28.0,309,6,19,2,0,26,3,18
3,10,12.0,333,6,2,0,11,18,0,28
3,10,22.0,314,1,13,1,6,14,4,26
2,0,30.0,290,0,2,0,0,26,2,19
2,0,30.0,290,0,22,0,14,24,1,19
2,5,8.0,206,2,4,0,6,7,1,8
2,6,18.0,291,1,5,1,2,13,4,0
2,1,10.0,111,6,5,2,10,52,3,4
2,8,29.0,103,3,13,1,3,103,2,16
2,4,12.0,221,6,12,1,16,50,0,28
2,4,12.0,221,6,19,1,13,38,0,28
2,10,1.0,358,0,17,0,10,22,1,7
2,4,12.0,221,6,15,0,10,22,1,28
2,4,18.0,142,5,19,3,14,25,2,0
3,9,16.0,107,3,19,0,14,126,4,2
2,10,21.0,314,3,19,3,11,133,2,21
3,7,17.0,95,0,3,0,8,9,0,6
2,11,11.0,175,4,15,0,2,2,2,9
2,11,11.0,175,4,20,1,13,21,1,9
2,4,9.0,79,2,4,1,6,116,4,12
2,4,8.0,18,1,17,0,9,49,0,8
2,7,21.0,211,4,18,1,3,30,0,21
2,7,29.0,42,5,11,1,4,66,4,16
2,5,14.0,200,1,9,1,14,25,0,5
2,2,9.0,28,6,19,1,12,83,4,12
2,2,9.0,28,6,15,2,8,65,3,12
2,0,7.0,9,6,3,0,10,47,1,11
2,0,7.0,9,6,2,0,2,86,2,11
2,0,7.0,9,6,3,3,3,115,4,11
2,0,7.0,9,6,19,1,1,81,4,11
2,0,7.0,9,6,2,3,9,49,3,11
2,0,15.0,11,3,11,0,10,52,1,1
2,0,15.0,11,3,12,0,7,122,2,1
2,0,15.0,11,3,19,0,1,16,4,1
2,0,15.0,11,3,19,2,13,99,0,1
2,0,15.0,11,3,20,1,2,71,4,1
2,0,31.0,365,1,22,0,13,48,3,20
3,11,6.0,252,0,17,0,6,89,1,23
3,11,8.0,283,2,17,0,2,92,4,8
3,11,14.0,147,1,0,1,14,34,0,5
3,11,14.0,147,1,3,0,0,15,1,5
3,11,14.0,147,1,22,0,14,25,1,5
3,11,16.0,225,4,3,1,3,30,4,2
3,11,16.0,225,4,18,0,15,51,4,2
3,11,31.0,227,5,13,1,12,104,4,20
3,11,31.0,227,5,18,0,3,4,0,20
3,9,7.0,271,5,12,0,8,41,2,11
3,9,7.0,271,5,12,0,8,41,0,11
3,10,13.0,346,3,19,0,6,128,3,25
3,10,13.0,346,3,23,0,5,12,3,25
3,10,23.0,247,2,21,2,10,6,2,17
3,10,23.0,247,2,7,0,0,26,1,17
3,10,23.0,247,2,19,0,16,50,1,17
3,10,23.0,247,2,4,0,6,91,1,17
3,1,13.0,207,2,0,0,10,47,3,25
3,1,13.0,207,2,21,1,7,120,0,25
3,11,3.0,288,5,6,1,11,10,4,27
3,1,13.0,207,2,4,2,3,115,0,25
3,1,13.0,207,2,18,0,10,47,0,25
3,1,20.0,151,2,6,0,2,2,1,29
3,1,20.0,151,2,11,1,9,10,4,29
3,1,20.0,151,2,2,0,1,1,0,29
3,1,20.0,151,2,9,2,6,14,4,29
3,1,23.0,69,6,16,0,13,13,0,17
3,1,23.0,69,6,23,1,10,22,2,17
3,7,13.0,238,4,3,0,16,113,1,25
3,7,13.0,238,4,2,0,6,7,2,25
3,7,21.0,81,5,10,0,3,115,1,21
3,7,22.0,211,6,4,0,10,52,3,26
3,7,22.0,211,6,22,0,0,68,0,26
3,7,21.0,81,5,22,0,6,91,2,21
3,7,28.0,34,5,17,2,14,107,0,18
3,7,28.0,34,5,13,2,8,27,3,18
3,3,2.0,120,2,16,0,5,12,0,22
3,3,3.0,182,4,16,1,0,64,1,27
3,3,3.0,182,4,4,0,14,32,1,27
3,3,4.0,285,5,21,1,16,50,0,30
2,10,29.0,157,0,18,0,5,6,3,16
3,3,11.0,337,5,5,2,12,61,1,9
3,3,11.0,337,5,12,0,8,41,1,9
3,3,13.0,210,3,13,0,2,35,4,25
3,3,13.0,210,3,2,0,5,12,2,25
3,3,21.0,338,0,23,0,9,9,3,21
3,3,21.0,338,0,2,2,10,22,3,21
3,3,21.0,338,0,4,0,9,54,4,21
3,3,21.0,338,0,9,0,6,73,3,21
3,5,11.0,326,3,4,0,14,32,0,9
3,5,11.0,326,3,9,0,1,67,1,9
3,5,11.0,326,3,9,0,8,27,1,9
3,5,13.0,184,1,6,0,9,95,2,25
3,5,13.0,184,1,12,2,9,57,0,25
3,5,13.0,184,1,1,0,16,42,3,25
3,5,22.0,163,4,7,0,9,49,3,26
3,5,22.0,163,4,10,0,13,99,4,26
3,6,4.0,159,2,6,0,1,11,3,30
3,6,4.0,159,2,0,0,13,21,0,30
3,6,4.0,159,2,0,0,2,60,1,30
2,8,21.0,354,6,14,1,1,11,4,21
2,8,21.0,354,6,15,0,14,32,2,21
3,6,4.0,159,2,2,0,2,2,2,30
3,6,6.0,83,5,6,2,10,47,3,23
3,6,6.0,83,5,16,2,1,59,3,23
3,6,11.0,355,2,23,0,9,102,0,9
3,6,11.0,355,2,13,1,5,64,1,9
3,6,12.0,162,4,12,1,9,49,1,28
3,6,12.0,162,4,17,2,12,80,3,28
3,6,12.0,162,4,9,1,7,111,1,28
3,6,12.0,162,4,11,0,13,21,2,28
3,6,22.0,185,3,6,0,6,14,4,26
3,6,22.0,185,3,1,0,2,2,2,26
3,6,29.0,335,3,19,0,13,21,3,16
3,9,24.0,272,0,3,0,2,86,3,14
3,9,24.0,272,0,13,2,14,106,3,14
3,9,24.0,272,0,22,2,13,28,3,14
3,9,26.0,267,2,3,0,6,132,1,3
3,9,26.0,267,2,2,0,13,48,1,3
3,7,9.0,273,3,19,0,6,128,1,12
3,7,18.0,154,1,17,0,8,118,3,0
3,7,18.0,154,1,12,0,8,33,4,0
3,7,25.0,41,1,16,1,11,133,4,13
3,7,25.0,41,1,0,1,9,83,4,13
3,7,25.0,41,1,1,1,11,129,4,13
3,7,25.0,41,1,1,0,6,91,4,13
3,9,26.0,267,2,17,0,6,91,1,3
3,9,26.0,267,2,3,0,15,114,1,3
3,4,11.0,121,6,22,0,2,86,2,9
3,3,7.0,289,0,5,0,8,9,2,11
2,4,15.0,25,1,3,3,10,22,3,1
3,7,26.0,316,2,8,2,2,86,1,3
2,10,7.0,213,3,9,0,0,26,0,11
2,10,7.0,213,3,20,0,9,83,4,11
3,7,24.0,68,0,9,0,8,41,3,14
3,7,24.0,68,0,22,0,2,40,2,14
2,1,16.0,63,5,1,1,6,7,0,2
2,1,16.0,63,5,19,0,9,49,1,2
2,1,16.0,63,5,18,0,5,12,3,2
2,1,7.0,62,2,14,1,6,89,1,11
2,4,14.0,132,0,8,2,9,54,2,5
3,6,25.0,39,2,3,3,5,12,0,13
3,11,15.0,331,2,4,0,2,40,4,1
3,11,15.0,331,2,12,0,12,100,1,1
3,9,1.0,126,6,3,0,6,7,2,7
3,9,25.0,344,1,18,0,13,13,4,13
3,1,26.0,248,1,1,2,6,128,3,3
2,8,17.0,75,1,2,0,1,67,0,6
2,4,31.0,16,4,19,2,6,89,0,20
3,11,24.0,194,5,2,0,10,23,2,14
2,0,1.0,47,3,2,0,12,84,1,7
3,10,18.0,246,5,2,1,9,93,4,0
2,8,17.0,75,1,18,1,0,53,2,6
2,4,9.0,79,2,13,1,7,129,4,12
2,11,29.0,270,0,19,1,11,98,4,16
2,4,9.0,79,2,17,0,8,9,1,12
2,2,26.0,136,1,15,1,1,105,4,3
2,2,26.0,136,1,2,1,14,106,4,3
2,0,9.0,129,0,3,0,2,86,2,12
2,7,21.0,211,4,7,0,2,2,1,21
2,7,29.0,42,5,8,0,2,92,3,16
2,6,4.0,342,1,10,1,9,27,2,30
2,6,6.0,169,4,14,1,1,1,0,23
3,11,23.0,232,4,22,0,13,38,2,17
2,10,23.0,261,1,14,2,3,103,3,17
3,3,1.0,180,1,8,0,10,47,0,7
3,6,10.0,149,1,5,1,15,112,1,4
3,4,27.0,274,0,8,0,8,9,2,15
3,2,10.0,28,0,19,1,15,46,1,4
3,7,24.0,68,0,6,0,12,100,4,14
3,7,24.0,68,0,6,0,10,30,0,14
3,3,8.0,148,1,9,0,11,18,3,8
2,10,7.0,213,3,3,0,13,28,0,11
2,10,7.0,213,3,12,1,2,2,4,11
3,9,1.0,126,6,19,1,2,3,1,7
3,9,1.0,126,6,13,2,10,47,3,7
3,9,1.0,126,6,0,3,14,131,3,7
3,9,1.0,126,6,15,1,11,18,1,7
3,9,25.0,344,1,15,1,8,9,4,13
3,9,15.0,226,6,9,0,1,105,2,1
2,1,16.0,63,5,1,3,6,128,3,2
2,1,16.0,63,5,15,0,10,22,3,2
3,3,8.0,148,1,4,3,10,47,0,8
2,8,7.0,76,6,18,0,9,101,2,11
3,6,27.0,116,5,21,0,8,9,4,15
2,2,6.0,153,2,13,0,0,26,0,23
3,6,27.0,116,5,8,0,4,82,3,15
3,10,1.0,208,1,14,1,9,93,4,7
3,11,15.0,331,2,6,1,2,2,1,1
3,1,19.0,29,1,14,0,6,128,3,10
3,1,20.0,151,2,15,0,14,24,2,29
3,1,28.0,300,4,17,1,10,12,1,18
3,1,28.0,300,4,13,0,9,101,2,18
3,1,31.0,305,3,17,2,1,11,3,20
2,0,7.0,9,6,22,0,8,27,4,11
2,2,8.0,21,5,13,2,0,68,0,8
2,2,9.0,28,6,17,0,0,26,1,12
2,2,9.0,28,6,19,2,16,130,0,12
2,0,7.0,9,6,20,1,16,139,1,11
2,0,7.0,9,6,22,2,6,116,0,11
2,0,7.0,9,6,0,1,3,44,0,11
2,0,7.0,9,6,1,0,15,77,3,11
2,0,7.0,9,6,22,1,8,9,1,11
2,0,15.0,11,3,11,0,11,122,1,1
2,0,7.0,9,6,2,2,13,69,0,11
2,0,31.0,365,1,13,0,9,54,1,20
2,0,31.0,365,1,22,2,3,115,1,20
2,0,31.0,365,1,19,0,3,79,4,20
3,11,6.0,252,0,8,2,15,51,0,23
3,11,6.0,252,0,19,0,2,92,1,23
3,11,6.0,252,0,14,1,9,134,4,23
3,11,8.0,283,2,6,2,2,123,3,8
3,11,8.0,283,2,15,0,9,54,1,8
3,11,8.0,283,2,3,0,14,25,3,8
3,11,8.0,283,2,4,0,11,117,3,8
3,11,14.0,147,1,16,0,14,107,0,5
3,11,14.0,147,1,14,0,16,37,1,5
2,0,15.0,11,3,12,1,2,71,4,1
2,0,15.0,11,3,12,0,8,65,3,1
2,0,31.0,365,1,0,0,3,115,4,20
2,0,31.0,365,1,11,1,1,35,4,20
2,0,31.0,365,1,11,0,0,26,1,20
2,0,31.0,365,1,8,3,3,30,0,20
2,0,31.0,365,1,9,0,5,6,3,20
3,11,6.0,252,0,2,1,12,58,4,23
3,11,6.0,252,0,19,0,13,13,0,23
3,11,8.0,283,2,21,0,7,78,4,8
3,11,8.0,283,2,2,0,7,78,4,8
3,11,8.0,283,2,2,0,11,15,2,8
3,11,14.0,147,1,17,0,8,33,1,5
3,11,14.0,147,1,16,0,6,7,3,5
3,11,14.0,147,1,3,0,10,22,3,5
3,11,16.0,225,4,17,0,12,80,4,2
3,11,16.0,225,4,18,0,5,6,3,2
3,11,31.0,227,5,20,2,3,115,3,20
3,11,31.0,227,5,22,1,9,54,4,20
2,2,8.0,21,5,5,0,15,51,1,8
2,2,8.0,21,5,8,1,2,86,1,8
2,2,8.0,21,5,4,0,13,38,4,8
2,2,8.0,21,5,23,1,13,99,4,8
2,2,8.0,21,5,9,0,5,6,3,8
2,2,8.0,21,5,12,1,12,56,4,8
2,0,7.0,9,6,13,1,14,24,1,11
2,0,15.0,11,3,13,1,1,59,1,1
2,0,15.0,11,3,15,1,1,1,4,1
2,2,8.0,21,5,4,0,14,24,2,8
2,0,31.0,365,1,13,0,5,12,0,20
2,0,31.0,365,1,19,0,11,55,0,20
2,0,31.0,365,1,2,0,1,11,0,20
2,0,31.0,365,1,14,0,5,64,2,20
2,0,31.0,365,1,9,2,10,22,1,20
3,11,6.0,252,0,6,1,0,85,0,23
3,11,6.0,252,0,16,2,1,105,0,23
3,11,6.0,252,0,9,0,9,134,3,23
3,11,8.0,283,2,21,1,0,53,1,8
3,11,8.0,283,2,8,0,11,15,3,8
3,11,14.0,147,1,15,0,9,109,2,5
3,11,14.0,147,1,8,0,2,2,1,5
3,11,14.0,147,1,22,1,5,6,0,5
3,11,14.0,147,1,2,0,8,9,1,5
3,11,14.0,147,1,19,1,9,134,4,5
2,0,31.0,365,1,8,2,8,9,3,20
3,11,6.0,252,0,16,0,10,47,3,23
3,11,6.0,252,0,5,2,6,7,0,23
3,11,6.0,252,0,15,0,13,21,1,23
3,11,6.0,252,0,4,1,14,126,4,23
3,11,8.0,283,2,6,1,7,31,0,8
3,11,8.0,283,2,17,1,14,24,0,8
3,11,8.0,283,2,8,2,6,7,0,8
3,11,14.0,147,1,11,0,9,63,1,5
3,11,16.0,225,4,13,1,1,105,4,2
3,11,16.0,225,4,17,1,7,62,4,2
3,11,16.0,225,4,12,0,1,11,1,2
3,11,16.0,225,4,19,2,5,64,0,2
3,11,16.0,225,4,3,2,13,38,3,2
3,11,31.0,227,5,6,2,5,6,0,20
2,0,21.0,241,6,19,1,14,25,0,21
3,9,4.0,295,1,1,0,14,24,3,30
2,10,12.0,346,5,14,1,5,12,0,28
2,10,19.0,223,5,18,1,0,12,0,10
2,1,4.0,219,3,2,0,2,13,0,30
2,1,29.0,100,4,18,0,3,30,3,16
3,3,27.0,361,3,14,0,13,38,2,15
2,1,4.0,219,3,17,0,11,15,1,30
3,6,3.0,99,1,19,1,12,104,0,27
2,8,27.0,224,5,13,2,2,3,3,15
3,6,5.0,342,4,6,0,3,70,4,24
3,10,12.0,333,6,20,1,5,6,1,28
3,10,22.0,314,1,14,0,8,118,1,26
3,10,21.0,341,0,11,3,0,53,4,21
3,11,11.0,175,6,13,0,1,35,2,9
2,5,2.0,161,4,2,0,4,4,2,22
3,6,29.0,335,3,2,2,9,57,3,16
3,6,30.0,145,0,6,2,8,9,0,19
3,6,29.0,335,3,12,1,9,10,1,16
3,6,30.0,145,0,21,1,14,25,0,19
3,6,30.0,145,0,18,2,8,118,3,19
3,10,4.0,356,5,16,0,1,11,4,30
3,10,4.0,356,5,0,0,9,10,1,30
3,10,4.0,356,5,14,0,2,13,3,30
3,10,5.0,336,6,18,0,12,56,4,24
3,10,5.0,336,6,13,3,7,57,0,24
3,10,5.0,336,6,4,0,10,6,2,24
3,10,23.0,247,2,16,0,13,61,0,17
3,10,23.0,247,2,21,1,11,94,0,17
3,9,7.0,271,5,4,2,12,56,1,11
3,9,8.0,90,6,16,0,1,105,4,8
3,9,8.0,90,6,6,0,0,53,0,8
3,9,7.0,271,5,1,1,11,133,0,11
3,9,8.0,90,6,18,3,2,86,4,8
3,9,9.0,320,3,5,0,10,22,1,12
3,9,9.0,320,3,5,0,9,27,2,12
3,9,24.0,272,0,7,1,4,66,4,14
3,9,24.0,272,0,2,2,2,69,0,14
3,9,24.0,272,0,9,0,14,24,0,14
3,9,7.0,271,5,15,0,11,58,2,11
3,9,7.0,271,5,1,1,4,127,1,11
3,9,7.0,271,5,2,1,9,10,4,11
3,9,8.0,90,6,4,0,8,41,1,8
3,9,8.0,90,6,12,2,1,59,4,8
3,10,23.0,247,2,21,0,5,12,0,17
3,10,23.0,247,2,6,0,11,15,0,17
3,10,23.0,247,2,11,1,0,77,4,17
3,10,23.0,247,2,4,2,5,6,2,17
3,10,23.0,247,2,9,0,16,74,4,17
3,10,23.0,247,2,1,2,9,63,0,17
3,6,29.0,335,3,18,0,14,24,2,16
3,1,13.0,207,2,21,2,14,106,3,25
3,1,13.0,207,2,11,3,6,7,3,25
3,1,13.0,207,2,22,2,0,31,3,25
3,1,13.0,207,2,3,1,15,112,4,25
3,1,13.0,207,2,20,0,0,31,2,25
3,10,23.0,247,2,13,1,10,47,0,17
3,1,13.0,207,2,15,1,15,39,4,25
3,1,13.0,207,2,8,0,14,24,0,25
3,1,20.0,151,2,16,0,14,107,1,29
3,1,20.0,151,2,16,0,16,72,1,29
3,1,20.0,151,2,5,0,16,50,4,29
3,1,20.0,151,2,3,0,4,5,2,29
3,1,20.0,151,2,3,0,6,89,4,29
3,9,9.0,320,3,16,0,0,64,2,12
3,9,9.0,320,3,13,1,14,25,1,12
2,4,22.0,30,1,22,0,10,22,3,26
2,4,22.0,30,1,13,1,8,27,4,26
2,4,23.0,27,2,21,1,15,31,0,17
2,4,22.0,30,1,14,1,8,19,0,26
2,4,24.0,20,4,17,0,2,71,1,14
2,4,23.0,27,2,1,2,16,50,0,17
2,4,24.0,20,4,13,2,0,68,3,14
2,4,24.0,20,4,19,1,12,104,4,14
2,2,8.0,21,5,8,0,3,30,4,8
2,2,8.0,21,5,5,1,8,33,4,8
2,2,9.0,28,6,11,0,0,68,3,12
2,2,9.0,28,6,11,0,3,115,2,12
2,2,9.0,28,6,22,0,14,110,4,12
2,2,9.0,28,6,13,2,15,119,0,12
2,2,9.0,28,6,3,0,15,114,1,12
2,0,7.0,9,6,7,1,9,95,0,11
2,0,15.0,11,3,8,0,10,43,1,1
2,0,15.0,11,3,16,0,14,34,3,1
2,0,15.0,11,3,8,1,6,14,4,1
2,10,22.0,247,0,6,0,9,54,3,26
2,10,22.0,247,0,0,0,4,75,1,26
2,10,22.0,247,0,5,0,2,3,4,26
2,10,22.0,247,0,13,0,10,23,1,26
2,10,22.0,247,0,2,2,9,93,0,26
2,10,24.0,56,2,16,2,13,28,3,14
2,10,24.0,56,2,17,1,13,13,0,14
2,10,24.0,56,2,2,0,4,136,3,14
2,10,24.0,56,2,18,0,5,6,1,14
2,10,25.0,61,4,17,0,2,2,1,13
3,9,24.0,272,0,20,3,11,15,1,14
3,7,9.0,273,3,12,0,14,125,0,12
3,7,31.0,43,0,14,3,9,54,4,20
2,10,24.0,56,2,5,1,6,132,1,14
2,10,25.0,61,4,16,0,14,107,3,13
2,10,25.0,61,4,6,2,10,22,3,13
2,10,25.0,61,4,23,0,10,47,2,13
2,10,24.0,56,2,9,1,10,43,2,14
2,10,25.0,61,4,19,0,13,36,1,13
2,10,30.0,135,1,0,0,2,86,3,19
2,10,30.0,135,1,12,0,9,95,2,19
2,10,30.0,135,1,18,0,13,28,0,19
2,10,30.0,135,1,11,0,7,137,1,19
2,1,6.0,32,1,4,1,13,38,4,23
2,4,23.0,27,2,15,1,7,78,4,17
2,4,23.0,27,2,19,0,16,50,2,17
2,4,23.0,27,2,1,0,10,47,2,17
2,4,23.0,27,2,14,0,8,118,3,17
2,4,24.0,20,4,17,1,2,2,0,14
2,4,24.0,20,4,20,1,1,105,4,14
2,4,24.0,20,4,12,2,1,105,3,14
2,4,22.0,30,1,18,3,10,22,3,26
2,8,30.0,144,0,23,0,11,15,4,19
2,2,8.0,21,5,0,1,6,7,0,8
2,2,8.0,21,5,1,0,8,9,1,8
2,2,8.0,21,5,14,0,9,101,3,8
2,2,8.0,21,5,9,0,3,79,3,8
2,2,9.0,28,6,6,0,8,27,1,12
2,2,9.0,28,6,17,1,9,101,1,12
2,0,7.0,9,6,7,1,15,39,0,11
2,0,7.0,9,6,3,0,6,7,2,11
2,0,7.0,9,6,15,0,0,0,3,11
2,0,7.0,9,6,13,0,4,82,4,11
2,0,7.0,9,6,14,0,10,23,1,11
2,0,15.0,11,3,5,2,6,7,2,1
2,0,15.0,11,3,17,1,10,47,0,1
2,0,15.0,11,3,5,1,9,95,1,1
2,0,31.0,365,1,17,0,15,51,1,20
2,0,31.0,365,1,8,0,11,133,0,20
2,4,22.0,30,1,8,0,2,2,1,26
2,4,22.0,30,1,14,0,16,74,1,26
2,4,23.0,27,2,0,0,5,12,1,17
2,4,23.0,27,2,20,0,7,120,1,17
2,4,24.0,20,4,10,0,6,91,3,14
2,4,24.0,20,4,20,1,1,16,4,14
2,2,8.0,21,5,5,1,14,126,4,8
2,2,8.0,21,5,22,2,13,69,2,8
2,2,8.0,21,5,4,0,8,27,0,8
2,2,9.0,28,6,14,0,0,68,3,12
2,2,9.0,28,6,4,1,15,46,4,12
2,2,9.0,28,6,1,2,1,59,3,12
2,0,7.0,9,6,20,2,2,86,3,11
2,0,7.0,9,6,15,2,8,19,0,11
3,10,15.0,60,1,14,3,2,2,3,1
3,2,24.0,22,0,6,0,0,12,0,14
3,2,24.0,22,0,3,1,9,102,4,14
3,2,24.0,22,0,19,0,3,30,4,14
3,2,24.0,22,0,13,2,2,123,3,14
3,2,24.0,22,0,2,0,8,118,2,14
3,10,3.0,310,4,1,1,7,62,0,27
3,10,3.0,310,4,3,1,5,6,0,27
3,8,12.0,284,5,17,0,9,93,1,28
3,8,21.0,46,3,16,1,5,6,1,21
2,4,3.0,178,4,0,1,10,47,1,27
3,2,6.0,251,4,5,1,12,135,4,23
2,9,18.0,359,3,18,0,10,47,1,0
3,11,19.0,321,3,15,0,1,16,2,10
2,10,3.0,356,2,23,1,16,50,4,27
2,10,11.0,333,4,19,0,10,22,1,9
3,6,18.0,308,2,17,0,6,128,3,0
2,10,3.0,356,2,15,0,8,33,1,27
3,7,10.0,329,0,18,3,5,6,3,4
3,6,15.0,49,3,0,0,14,24,1,1
3,0,23.0,237,1,15,0,1,67,0,17
2,5,7.0,199,1,22,0,13,36,3,11
3,3,12.0,104,6,14,2,8,41,1,28
2,4,3.0,178,4,3,0,2,71,2,27
3,6,23.0,84,0,6,0,0,12,3,17
2,4,3.0,178,4,17,0,1,67,2,27
3,5,12.0,327,0,13,3,10,30,0,28
3,4,21.0,339,1,19,1,11,133,0,21
3,5,28.0,259,2,5,3,10,22,2,18
3,0,7.0,15,3,2,0,5,12,3,11
3,0,6.0,260,6,4,0,13,99,1,23
3,6,2.0,352,0,22,0,5,6,2,22
3,6,2.0,352,0,13,1,12,80,1,22
3,6,7.0,169,6,17,1,16,72,2,11
3,6,7.0,169,6,14,0,6,7,1,11
3,6,15.0,49,3,12,0,10,12,3,1
3,6,15.0,49,3,4,0,8,9,1,1
3,6,15.0,49,3,11,1,9,95,4,1
3,6,16.0,38,0,11,0,11,55,1,2
3,6,16.0,38,0,11,2,14,97,0,2
3,6,16.0,38,0,14,0,7,20,1,2
3,4,13.0,221,0,11,0,8,41,1,25
3,10,15.0,60,1,13,0,2,69,1,1
3,6,16.0,38,0,18,1,1,35,1,2
3,6,16.0,38,0,17,1,12,104,4,2
3,10,7.0,243,0,6,2,14,25,0,11
3,11,16.0,225,4,6,0,5,64,3,2
3,11,16.0,225,4,16,0,0,15,1,2
3,11,16.0,225,4,8,2,1,1,1,2
3,11,16.0,225,4,12,0,13,38,0,2
3,11,31.0,227,5,14,0,14,107,1,20
3,11,31.0,227,5,14,0,13,21,3,20
3,9,7.0,271,5,10,1,0,26,0,11
3,2,24.0,22,0,2,0,9,57,0,14
3,2,24.0,22,0,19,0,14,107,0,14
3,0,8.0,9,0,8,0,2,69,2,8
3,0,8.0,9,0,22,1,12,17,4,8
3,0,8.0,9,0,4,3,0,12,3,8
3,6,12.0,162,4,13,0,9,49,2,28
3,0,21.0,287,3,10,2,0,77,1,21
3,0,21.0,287,3,5,0,16,72,1,21
3,0,21.0,287,3,0,1,8,19,0,21
3,0,21.0,287,3,11,0,10,22,0,21
3,0,21.0,287,3,22,0,13,36,1,21
2,3,1.0,120,0,17,0,9,95,1,7
3,0,21.0,287,3,11,1,2,40,4,21
3,0,23.0,237,1,6,1,13,99,4,17
3,0,23.0,237,1,2,1,15,46,4,17
3,0,23.0,237,1,13,1,15,114,1,17
3,0,23.0,237,1,6,1,16,113,0,17
3,0,23.0,237,1,4,0,6,89,1,17
3,8,14.0,296,3,13,0,12,135,0,5
3,8,22.0,354,0,17,0,3,30,4,26
3,8,22.0,354,0,12,0,5,12,3,26
2,6,17.0,308,0,21,1,7,62,1,6
2,3,28.0,325,3,12,3,11,98,4,18
2,6,1.0,352,6,20,1,15,96,0,7
2,8,13.0,296,5,17,1,1,35,1,25
2,9,18.0,359,3,8,0,12,56,3,0
2,7,9.0,329,6,1,1,0,26,1,12
2,0,10.0,10,1,19,0,16,39,0,4
2,0,4.0,122,2,11,1,9,93,4,30
3,11,10.0,360,5,5,0,16,130,2,4
3,11,19.0,321,3,23,1,12,61,4,10
2,5,3.0,114,5,8,0,2,69,0,27
2,3,28.0,325,3,20,0,9,49,4,18
3,11,19.0,321,3,19,0,8,65,4,10
3,9,12.0,177,2,14,0,9,101,4,28
3,10,4.0,356,5,23,3,16,37,0,30
3,3,14.0,33,0,13,3,10,22,4,5
3,0,23.0,237,1,14,2,9,93,3,17
3,0,23.0,237,1,1,0,4,75,1,17
3,5,17.0,212,6,23,1,8,9,1,6
3,10,18.0,246,5,11,1,10,12,0,0
3,1,18.0,82,0,11,3,5,6,0,0
3,1,27.0,262,2,15,0,9,57,3,15
3,1,18.0,82,0,19,1,13,29,1,0
3,8,11.0,306,4,16,0,0,12,3,9
3,6,15.0,49,3,14,0,15,31,1,1
3,5,26.0,37,0,5,1,9,49,1,3
3,8,11.0,306,4,5,1,10,22,1,9
3,4,13.0,221,0,5,1,7,8,4,25
3,6,15.0,49,3,17,0,15,108,3,1
3,8,11.0,306,4,12,0,13,48,0,9
3,8,19.0,280,5,16,0,0,64,3,10
3,8,19.0,280,5,8,0,5,6,2,10
3,8,19.0,280,5,12,2,8,118,3,10
3,8,19.0,280,5,14,0,14,24,1,10
3,8,19.0,280,5,19,2,6,89,0,10
3,8,19.0,280,5,12,0,1,81,3,10
3,8,24.0,85,2,20,0,15,51,1,14
3,8,24.0,85,2,3,0,13,99,2,14
3,8,25.0,86,4,11,2,14,25,0,13
3,8,25.0,86,4,8,0,7,137,1,13
3,8,25.0,86,4,8,0,14,106,3,13
3,8,28.0,224,3,14,1,13,99,1,18
3,8,28.0,224,3,19,0,2,92,0,18
3,8,28.0,224,3,9,0,13,48,0,18
3,7,18.0,154,1,4,0,6,132,3,0
3,7,18.0,154,1,1,0,2,86,1,0
3,7,25.0,41,1,16,2,14,97,3,13
3,7,25.0,41,1,17,0,2,2,1,13
3,7,25.0,41,1,15,0,4,5,0,13
3,7,25.0,41,1,2,0,10,47,3,13
3,7,25.0,41,1,14,0,6,7,4,13
3,7,25.0,41,1,4,0,6,7,0,13
3,7,31.0,43,0,11,0,0,0,3,20
3,7,31.0,43,0,5,0,6,89,1,20
3,7,31.0,43,0,2,0,3,30,1,20
3,3,9.0,44,2,8,2,3,70,4,12
3,5,8.0,199,4,13,0,10,47,3,8
3,5,8.0,199,4,2,3,14,24,3,8
3,5,8.0,199,4,12,2,5,6,0,8
3,5,8.0,199,4,4,0,2,86,1,8
3,5,26.0,37,0,6,0,11,0,0,3
3,1,17.0,63,3,9,0,5,6,2,6
3,8,20.0,319,6,12,1,0,85,1,29
3,8,23.0,102,1,21,1,0,26,1,17
3,4,7.0,133,1,1,0,1,11,1,11
3,8,20.0,319,6,2,1,3,115,2,29
3,8,20.0,319,6,23,1,15,114,4,29
3,8,23.0,102,1,0,0,1,11,3,17
3,8,23.0,102,1,12,0,2,40,2,17
3,4,5.0,235,3,13,0,1,11,2,24
3,4,5.0,235,3,2,2,2,2,3,24
3,4,5.0,235,3,14,0,10,47,3,24
3,8,23.0,102,1,3,3,2,69,0,17
3,4,6.0,176,0,3,0,13,38,0,23
3,4,6.0,176,0,13,0,8,118,1,23
2,1,4.0,219,3,20,1,9,93,4,30
2,1,19.0,151,0,8,3,8,27,1,10
1,2,30.0,131,2,17,0,6,7,1,19
3,3,19.0,138,6,11,0,14,24,2,10
3,3,20.0,105,3,5,0,8,41,2,29
3,6,3.0,99,1,9,1,9,95,4,27
3,6,20.0,215,5,13,0,0,77,4,29
2,4,5.0,176,6,9,1,13,38,0,24
2,0,30.0,290,0,18,3,6,7,0,19
3,1,30.0,100,6,2,1,2,92,1,19
3,9,3.0,217,0,1,0,4,75,1,27
3,4,31.0,67,5,13,1,11,58,4,20
3,2,5.0,127,2,17,1,10,47,2,24
3,2,14.0,231,5,3,1,13,36,1,5
3,6,3.0,99,1,0,1,11,18,1,27
3,2,22.0,209,6,4,0,14,24,2,26
3,10,6.0,242,3,13,0,2,92,1,23
3,10,14.0,174,0,5,0,13,48,1,5
3,1,5.0,219,1,6,1,11,124,0,24
3,4,6.0,176,0,20,1,9,10,4,23
3,4,7.0,133,1,6,0,0,31,4,11
3,4,7.0,133,1,21,0,5,12,3,11
3,4,7.0,133,1,17,1,1,59,4,11
3,4,6.0,176,0,17,0,2,71,2,23
3,4,7.0,133,1,11,1,6,14,4,11
3,4,7.0,133,1,1,0,15,77,3,11
3,4,7.0,133,1,4,1,14,126,4,11
3,4,6.0,176,0,12,0,8,19,3,23
3,4,12.0,134,3,15,1,6,7,0,28
3,4,12.0,134,3,3,1,8,41,1,28
3,4,12.0,134,3,13,1,0,31,4,28
3,5,26.0,37,0,15,0,8,9,1,3
3,5,26.0,37,0,22,1,2,2,0,3
3,6,2.0,352,0,11,1,3,79,0,22
3,6,2.0,352,0,20,0,4,82,3,22
3,6,2.0,352,0,8,0,10,22,3,22
3,6,2.0,352,0,8,0,6,14,2,22
3,6,7.0,169,6,15,2,14,25,0,11
3,6,15.0,49,3,21,0,5,6,3,1
3,6,15.0,49,3,21,2,8,27,0,1
3,6,15.0,49,3,3,0,12,80,3,1
3,6,15.0,49,3,9,0,0,26,0,1
3,6,16.0,38,0,3,1,14,126,4,2
3,6,16.0,38,0,3,0,6,7,3,2
3,6,17.0,244,1,20,0,11,58,0,6
3,6,17.0,244,1,21,1,1,16,4,6
3,6,15.0,49,3,2,0,6,7,3,1
3,6,18.0,308,2,6,0,9,93,4,0
3,6,18.0,308,2,0,2,5,12,0,0
3,6,18.0,308,2,7,2,0,15,3,0
3,2,16.0,220,3,17,3,8,19,0,2
3,2,16.0,220,3,2,0,2,86,3,2
3,6,18.0,308,2,5,0,5,12,0,0
3,6,18.0,308,2,20,2,1,35,3,0
3,6,18.0,308,2,1,0,2,2,2,0
3,6,18.0,308,2,15,1,3,70,1,0
3,6,17.0,244,1,16,0,0,68,3,6
3,10,7.0,243,0,5,0,5,6,3,11
3,10,7.0,243,0,3,0,8,9,2,11
3,10,7.0,243,0,8,1,2,71,4,11
3,10,7.0,243,0,4,0,15,46,0,11
3,1,11.0,111,0,12,0,7,8,2,9
3,1,16.0,2,6,17,2,4,4,3,2
3,1,7.0,32,4,23,1,14,34,1,11
3,1,16.0,2,6,4,0,9,95,2,2
3,1,17.0,63,3,7,1,5,64,0,6
3,8,10.0,71,2,6,2,13,28,0,4
3,8,11.0,306,4,5,1,9,93,4,9
3,8,19.0,280,5,17,0,5,12,2,10
3,8,19.0,280,5,8,2,1,35,0,10
3,8,19.0,280,5,18,2,10,22,3,10
2,2,7.0,258,4,1,2,13,29,1,11
2,10,15.0,201,0,11,0,2,38,2,1
3,4,17.0,19,5,18,1,10,22,1,6
3,2,10.0,28,0,12,1,6,7,0,4
3,0,20.0,172,6,23,1,15,46,4,29
3,10,16.0,201,2,16,1,10,22,1,2
3,10,16.0,201,2,22,0,2,123,4,2
3,8,27.0,78,6,9,0,1,105,4,15
3,4,8.0,292,2,1,0,10,22,1,8
2,10,7.0,213,3,18,1,7,20,4,11
2,0,26.0,23,4,2,0,6,89,3,3
3,9,25.0,344,1,14,0,7,137,1,13
3,7,24.0,68,0,20,1,10,43,1,14
3,6,1.0,158,3,18,0,9,87,0,7
3,6,9.0,236,0,12,0,9,95,2,12
2,1,16.0,63,5,5,0,1,59,2,2
2,0,6.0,15,5,12,1,8,9,0,23
3,11,5.0,240,3,3,1,14,107,1,24
3,11,15.0,331,2,14,3,2,123,4,1
3,2,23.0,230,3,16,0,10,47,0,17
3,2,23.0,230,3,22,0,10,22,1,17
3,2,23.0,230,3,8,0,8,27,1,17
3,2,23.0,230,3,19,1,11,90,4,17
3,2,24.0,22,0,0,0,1,1,1,14
3,6,30.0,145,0,17,1,13,38,1,19
3,2,24.0,22,0,16,0,13,36,1,14
3,2,24.0,22,0,2,0,7,111,1,14
3,2,24.0,22,0,12,1,16,42,4,14
3,2,24.0,22,0,4,1,1,67,4,14
3,0,8.0,9,0,15,1,9,109,4,8
3,0,21.0,287,3,2,0,13,61,3,21
3,0,21.0,287,3,8,1,1,35,4,21
3,0,23.0,237,1,7,2,3,79,1,17
3,0,23.0,237,1,6,1,3,44,0,17
3,0,23.0,237,1,19,1,14,125,4,17
3,0,23.0,237,1,4,0,9,54,1,17
3,10,23.0,247,2,9,0,11,15,1,17
2,1,20.0,45,1,13,0,1,35,1,29
2,1,20.0,45,1,9,0,13,99,4,29
3,3,12.0,104,6,13,0,2,71,2,28
3,5,21.0,351,2,18,0,1,59,1,21
2,4,3.0,178,4,20,1,3,30,1,27
2,4,21.0,152,0,1,1,6,7,2,21
3,10,11.0,298,5,23,1,11,15,1,9
3,1,12.0,353,1,4,1,13,36,1,28
0,8,1.0,66,5,10,0,4,138,4,7
3,5,14.0,36,2,16,0,7,20,4,5
3,5,12.0,327,0,12,1,5,12,1,28
3,5,21.0,351,2,18,2,12,61,3,21
3,5,19.0,146,0,19,0,9,49,1,10
3,6,21.0,193,6,22,0,6,7,0,21
2,4,21.0,152,0,2,1,11,15,0,21
2,4,20.0,339,3,2,0,4,45,3,29
3,8,22.0,354,0,19,2,10,22,3,26
3,2,12.0,128,2,2,0,2,60,2,28
3,0,7.0,15,3,13,0,11,47,2,11
3,8,24.0,85,2,21,1,0,15,1,14
3,8,24.0,85,2,18,1,13,28,0,14
3,8,25.0,86,4,18,2,2,2,3,13
3,6,2.0,352,0,0,1,9,95,0,22
3,6,2.0,352,0,0,1,16,50,0,22
3,6,2.0,352,0,3,0,13,28,4,22
3,6,2.0,352,0,3,0,2,86,1,22
3,4,10.0,79,5,5,3,16,39,0,4
3,4,11.0,121,6,4,0,13,48,1,9
2,6,15.0,38,6,9,0,13,48,4,1
3,7,9.0,273,3,16,0,0,77,1,12
3,7,9.0,273,3,8,0,5,6,2,12
3,7,9.0,273,3,19,1,5,64,2,12
3,7,18.0,154,1,6,2,11,15,3,0
3,7,18.0,154,1,20,0,12,61,1,0
3,7,25.0,41,1,0,0,0,26,1,13
3,7,25.0,41,1,14,0,11,117,2,13
3,7,31.0,43,0,12,0,2,2,1,20
3,7,31.0,43,0,4,1,1,16,4,20
3,3,9.0,44,2,17,0,10,47,3,12
3,2,13.0,276,4,19,2,9,27,0,25
3,2,13.0,276,4,4,0,8,9,1,25
3,2,16.0,220,3,16,0,13,48,3,2
3,2,16.0,220,3,20,0,2,2,1,2
3,2,16.0,220,3,5,1,16,65,4,2
3,10,5.0,336,6,9,0,13,13,0,24
3,6,22.0,185,3,4,0,8,118,1,26
3,10,13.0,346,3,2,2,15,114,3,25
3,10,23.0,247,2,0,0,1,11,3,17
3,10,23.0,247,2,4,2,16,50,3,17
3,10,23.0,247,2,18,0,6,73,3,17
3,1,13.0,207,2,16,0,5,12,0,25
3,1,20.0,151,2,2,0,9,54,4,29
3,1,23.0,69,6,19,0,0,26,2,17
3,1,28.0,300,4,20,0,12,56,1,18
3,1,28.0,300,4,8,0,2,86,4,18
3,1,28.0,300,4,12,0,0,0,0,18
3,1,28.0,300,4,14,2,4,82,3,18
3,1,23.0,69,6,16,0,5,12,3,17
3,1,31.0,305,3,16,0,9,102,3,20
3,1,31.0,305,3,18,0,13,61,3,20
3,8,20.0,319,6,0,1,15,114,0,29
3,8,20.0,319,6,10,0,2,69,4,29
3,8,20.0,319,6,5,0,13,21,4,29
3,11,30.0,170,4,18,2,9,95,3,19
3,11,30.0,170,4,19,3,3,30,0,19
2,0,13.0,5,5,11,2,4,45,0,25
3,9,20.0,119,4,17,2,10,22,1,29
3,11,1.0,222,2,17,0,1,16,4,7
3,8,20.0,319,6,3,0,9,102,0,29
3,8,20.0,319,6,23,1,13,48,0,29
3,4,12.0,134,3,22,0,5,6,2,28
3,4,13.0,221,0,14,0,14,34,1,25
3,4,13.0,221,0,9,0,0,15,1,25
3,4,13.0,221,0,14,1,7,129,4,25
3,4,22.0,152,2,16,0,0,53,3,26
3,4,22.0,152,2,9,0,9,49,1,26
3,4,30.0,139,4,21,1,9,9,0,19
3,4,30.0,139,4,2,0,1,11,1,19
3,4,30.0,139,4,8,0,0,68,1,19
3,2,4.0,254,1,15,0,5,64,3,30
3,2,4.0,254,1,11,1,9,49,1,30
3,2,6.0,251,4,21,2,5,6,0,23
3,2,6.0,251,4,8,1,1,59,4,23
3,2,6.0,251,4,19,1,9,49,4,23
3,2,4.0,254,1,16,0,14,107,0,30
3,2,13.0,276,4,3,0,1,35,0,25
3,2,13.0,276,4,19,0,14,25,0,25
3,2,13.0,276,4,11,0,0,64,3,25
3,2,13.0,276,4,20,1,13,38,0,25
3,2,13.0,276,4,11,1,11,133,4,25
3,2,13.0,276,4,23,1,12,61,1,25
3,2,16.0,220,3,6,0,2,40,3,2
3,2,16.0,220,3,13,2,8,33,3,2
3,2,16.0,220,3,19,0,10,23,1,2
3,1,13.0,207,2,9,0,14,131,3,25
3,1,31.0,305,3,4,0,7,78,0,20
3,8,20.0,319,6,13,0,14,88,3,29
3,8,20.0,319,6,6,1,3,30,0,29
3,8,20.0,319,6,12,2,5,6,0,29
3,4,5.0,235,3,0,2,10,47,2,24
3,4,5.0,235,3,15,1,9,95,4,24
3,4,6.0,176,0,8,2,4,79,3,23
3,4,5.0,235,3,9,0,4,5,4,24
3,4,6.0,176,0,9,0,5,0,2,23
3,4,6.0,176,0,9,0,8,19,1,23
3,4,7.0,133,1,9,0,8,9,3,11
3,4,7.0,133,1,18,0,10,22,3,11
3,4,5.0,235,3,10,3,8,41,0,24
3,6,18.0,308,2,17,2,14,110,0,0
3,6,18.0,308,2,11,0,2,69,2,0
3,6,2.0,352,0,2,0,12,100,4,22
3,6,7.0,169,6,6,0,2,40,1,11
3,6,15.0,49,3,17,2,10,12,3,1
3,6,15.0,49,3,13,0,2,86,2,1
3,6,15.0,49,3,13,1,1,16,1,1
3,6,15.0,49,3,2,0,13,38,1,1
3,6,16.0,38,0,21,1,7,120,1,2
3,6,16.0,38,0,8,0,9,95,2,2
3,6,16.0,38,0,4,0,4,127,3,2
3,4,30.0,139,4,6,0,5,6,3,19
3,2,4.0,254,1,2,2,1,67,0,30
3,2,4.0,254,1,1,1,13,21,0,30
3,2,6.0,251,4,0,0,4,79,1,23
3,2,6.0,251,4,5,0,8,118,1,23
3,2,6.0,251,4,3,0,13,38,1,23
3,2,6.0,251,4,3,1,14,106,4,23
3,2,6.0,251,4,15,0,7,137,1,23
3,2,13.0,276,4,2,2,6,89,3,25
3,2,13.0,276,4,8,1,1,105,4,25
3,2,13.0,276,4,15,1,6,73,4,25
3,2,13.0,276,4,18,0,1,35,2,25
3,6,17.0,244,1,18,0,11,133,3,6
3,2,16.0,220,3,19,2,11,124,2,2
3,2,16.0,220,3,15,0,10,22,2,2
3,2,13.0,276,4,11,3,2,60,1,25
3,2,6.0,251,4,9,2,13,29,2,23
3,2,6.0,251,4,1,0,1,1,4,23
3,2,6.0,251,4,19,2,9,54,3,23
3,2,6.0,251,4,12,0,14,24,2,23
3,2,6.0,251,4,20,0,3,30,2,23
3,2,13.0,276,4,23,1,10,43,1,25
3,2,13.0,276,4,3,2,12,61,3,25
3,2,13.0,276,4,8,0,0,77,1,25
3,2,13.0,276,4,22,0,14,34,2,25
3,2,13.0,276,4,12,1,9,109,4,25
3,2,13.0,276,4,14,0,8,19,4,25
3,2,13.0,276,4,9,0,1,16,4,25
3,2,13.0,276,4,1,0,0,68,2,25
3,2,16.0,220,3,23,0,10,23,1,2
3,2,16.0,220,3,15,0,5,64,2,2
3,5,27.0,328,1,19,0,7,78,0,15
3,2,16.0,220,3,3,1,12,135,4,2
3,2,16.0,220,3,14,0,11,117,0,2
3,2,16.0,220,3,22,1,9,95,4,2
3,2,16.0,220,3,21,1,0,26,1,2
3,2,23.0,230,3,11,0,14,125,3,17
3,2,23.0,230,3,19,0,4,4,3,17
3,2,23.0,230,3,4,2,1,1,3,17
2,2,5.0,251,1,2,0,13,69,1,24
3,6,28.0,309,6,23,0,7,129,2,18
3,6,19.0,291,4,12,0,2,2,1,10
3,10,12.0,333,6,19,0,14,24,4,28
2,0,5.0,260,4,16,0,8,27,4,24
2,0,30.0,290,0,12,1,14,32,4,19
2,0,30.0,290,0,11,0,2,86,4,19
2,0,2.0,334,0,4,3,2,2,0,22
3,1,21.0,45,4,18,3,0,12,0,21
3,11,11.0,175,6,13,0,8,27,1,9
3,8,30.0,103,1,19,0,2,13,2,19
3,4,20.0,115,0,17,1,15,114,1,29
2,8,1.0,77,3,17,0,8,41,1,7
3,5,5.0,96,0,5,1,11,10,4,24
2,8,1.0,77,3,12,0,16,72,1,7
3,2,22.0,209,6,3,0,3,44,2,26
3,8,15.0,72,0,13,3,12,61,1,1
3,2,22.0,209,6,22,0,14,33,2,26
3,0,15.0,190,0,19,1,5,12,0,1
3,10,14.0,174,0,12,3,3,115,0,5
3,2,30.0,131,3,17,0,7,20,4,19
3,10,14.0,174,0,13,1,9,10,4,5
3,10,14.0,174,0,10,1,1,105,0,5
3,2,16.0,220,3,17,0,0,15,2,2
3,2,23.0,230,3,15,1,16,50,4,17
3,2,16.0,220,3,11,1,0,0,1,2
3,2,23.0,230,3,8,0,12,61,0,17
3,2,24.0,22,0,8,0,0,26,1,14
3,0,8.0,9,0,13,0,10,23,1,8
3,0,8.0,9,0,3,2,8,9,0,8
3,0,8.0,9,0,1,1,12,135,4,8
3,0,8.0,9,0,18,0,10,47,0,8
3,0,21.0,287,3,12,0,11,94,2,21
3,0,21.0,287,3,8,3,1,67,3,21
3,0,23.0,237,1,6,0,16,74,0,17
3,6,15.0,49,3,11,0,6,89,4,1
3,6,17.0,244,1,5,3,9,57,0,6
3,10,7.0,243,0,8,1,1,59,4,11
3,10,7.0,243,0,4,0,15,46,1,11
3,10,7.0,243,0,1,0,5,12,2,11
3,10,15.0,60,1,21,2,6,128,3,1
3,10,15.0,60,1,15,0,10,47,1,1
3,10,15.0,60,1,9,0,13,38,1,1
3,10,17.0,256,4,21,1,1,11,0,6
3,10,17.0,256,4,1,0,8,9,1,6
3,10,24.0,261,4,6,0,16,139,3,14
3,10,24.0,261,4,2,0,14,24,1,14
3,10,19.0,117,6,2,0,12,61,1,10
3,10,25.0,56,5,6,2,7,120,3,13
3,10,25.0,56,5,21,0,10,23,1,13
3,10,24.0,261,4,13,2,2,2,3,14
3,10,25.0,56,5,1,2,8,65,0,13
3,10,26.0,61,6,17,0,9,10,1,3
3,10,26.0,61,6,15,0,5,6,3,3
3,10,26.0,61,6,14,1,16,72,1,3
3,10,26.0,61,6,1,0,6,7,3,3
3,10,26.0,61,6,18,0,2,86,2,3
3,1,11.0,111,0,20,0,3,30,3,9
3,1,11.0,111,0,21,1,1,105,0,9
3,1,11.0,111,0,2,1,5,6,1,9
3,6,17.0,244,1,22,1,9,95,4,6
3,6,16.0,38,0,19,1,0,12,0,2
3,6,18.0,308,2,0,1,0,85,1,0
3,6,18.0,308,2,14,0,6,89,1,0
3,10,7.0,243,0,9,0,9,102,3,11
3,10,17.0,256,4,17,0,15,114,1,6
3,10,17.0,256,4,8,0,2,2,1,6
3,10,17.0,256,4,4,0,5,64,2,6
3,10,19.0,117,6,6,2,5,6,3,10
3,10,19.0,117,6,8,1,9,102,4,10
3,10,19.0,117,6,4,0,0,12,1,10
3,10,24.0,261,4,16,0,16,130,1,14
3,10,24.0,261,4,0,0,0,12,1,14
3,10,26.0,61,6,16,1,9,95,0,3
3,10,26.0,61,6,20,0,6,128,2,3
3,10,26.0,61,6,15,2,14,25,0,3
3,10,26.0,61,6,9,0,14,24,3,3
3,1,7.0,32,4,14,2,2,69,3,11
3,5,26.0,37,0,20,1,10,23,1,3
3,6,2.0,352,0,4,0,1,16,0,22
3,6,7.0,169,6,2,0,0,77,3,11
3,6,7.0,169,6,18,0,1,11,1,11
3,6,7.0,169,6,14,1,2,86,1,11
3,6,15.0,49,3,14,0,12,80,2,1
3,6,16.0,38,0,16,0,5,12,3,2
3,6,16.0,38,0,4,2,9,54,3,2
3,6,16.0,38,0,13,1,2,40,4,2
3,6,17.0,244,1,19,0,12,104,4,6
3,6,17.0,244,1,3,0,14,131,3,6
3,6,17.0,244,1,1,0,0,12,3,6
3,6,17.0,244,1,9,0,1,11,4,6
3,6,16.0,38,0,12,0,6,116,1,2
3,6,18.0,308,2,6,0,10,12,1,0
3,6,17.0,244,1,4,1,13,99,4,6
3,6,18.0,308,2,12,0,3,115,3,0
3,6,18.0,308,2,18,0,0,64,3,0
3,10,7.0,243,0,21,0,2,86,3,11
3,10,7.0,243,0,5,0,9,27,2,11
3,10,7.0,243,0,8,0,13,29,4,11
3,6,18.0,308,2,17,0,10,22,1,0
3,10,19.0,117,6,6,0,8,27,1,10
3,6,17.0,244,1,9,2,14,97,3,6
3,6,18.0,308,2,21,2,0,85,3,0
3,6,16.0,38,0,13,1,12,56,1,2
3,6,18.0,308,2,4,0,13,38,3,0
3,6,18.0,308,2,13,0,3,44,0,0
3,10,7.0,243,0,12,1,4,127,4,11
3,10,7.0,243,0,14,0,8,118,0,11
3,10,7.0,243,0,18,0,10,43,1,11
3,10,15.0,60,1,6,0,9,95,0,1
3,10,15.0,60,1,0,0,0,12,3,1
3,10,15.0,60,1,15,0,14,34,1,1
3,10,15.0,60,1,22,0,13,28,0,1
3,10,15.0,60,1,4,0,9,93,1,1
3,4,22.0,152,2,7,1,3,79,0,26
3,4,22.0,152,2,17,2,13,38,3,26
3,4,30.0,139,4,6,0,9,9,3,19
3,4,30.0,139,4,15,0,5,12,3,19
3,4,6.0,176,0,17,1,0,77,1,23
3,4,30.0,139,4,4,2,2,2,3,19
3,2,4.0,254,1,17,0,7,31,4,30
3,2,4.0,254,1,5,0,8,27,1,30
3,2,4.0,254,1,1,0,4,5,1,30
3,2,6.0,251,4,0,1,1,1,0,23
3,4,5.0,235,3,11,1,11,124,1,24
3,4,7.0,133,1,19,0,11,124,1,11
3,4,7.0,133,1,19,0,7,120,3,11
3,4,7.0,133,1,19,0,9,101,1,11
3,4,7.0,133,1,9,0,5,12,3,11
3,4,12.0,134,3,22,1,1,16,4,28
3,3,9.0,44,2,1,0,5,64,1,12
3,5,8.0,199,4,15,0,6,91,3,8
3,5,8.0,199,4,18,0,8,118,3,8
3,5,26.0,37,0,17,0,5,12,0,3
3,5,26.0,37,0,20,0,8,19,0,3
3,5,26.0,37,0,5,0,13,99,2,3
3,5,26.0,37,0,8,0,9,95,2,3
3,3,9.0,44,2,17,0,13,48,4,12
3,3,9.0,44,2,6,0,9,27,3,12
3,3,9.0,44,2,6,0,10,47,0,12
3,3,9.0,44,2,9,0,2,86,1,12
3,8,25.0,86,4,17,0,15,119,0,13
3,5,8.0,199,4,7,1,12,104,0,8
3,5,8.0,199,4,14,0,2,13,3,8
3,5,26.0,37,0,5,0,3,30,2,3
3,5,26.0,37,0,2,0,0,26,2,3
3,6,2.0,352,0,1,0,0,12,2,22
3,6,7.0,169,6,0,2,9,10,3,11
3,6,7.0,169,6,1,0,16,50,4,11
3,6,15.0,49,3,4,2,4,45,0,1
3,6,15.0,49,3,3,1,11,55,4,1
3,4,12.0,134,3,9,0,2,86,4,28
3,4,12.0,134,3,14,0,3,70,1,28
3,4,13.0,221,0,2,2,8,9,3,25
3,4,22.0,152,2,16,0,16,74,1,26
3,2,4.0,254,1,19,0,13,28,2,30
3,4,30.0,139,4,10,1,9,63,4,19
3,2,13.0,276,4,8,1,15,108,1,25
3,2,16.0,220,3,16,2,14,110,3,2
3,2,16.0,220,3,13,1,1,1,4,2
3,2,16.0,220,3,8,0,10,22,1,2
3,2,16.0,220,3,14,3,2,69,0,2
3,2,23.0,230,3,23,0,0,53,1,17
3,2,23.0,230,3,18,1,15,85,1,17
3,2,23.0,230,3,8,0,8,41,2,17
3,2,24.0,22,0,13,0,3,30,0,14
3,2,24.0,22,0,14,0,3,70,4,14
3,2,24.0,22,0,0,1,5,6,0,14
3,4,30.0,139,4,23,2,11,18,0,19
3,4,30.0,139,4,11,0,13,69,4,19
3,4,30.0,139,4,8,0,4,75,1,19
3,4,30.0,139,4,22,1,2,92,4,19
2,6,9.0,149,3,17,3,10,47,1,12
3,3,28.0,187,0,8,3,16,74,1,18
2,11,1.0,222,0,23,0,7,20,1,7
2,8,1.0,77,3,13,0,10,47,1,7
3,6,5.0,342,4,19,1,6,14,4,24
3,6,19.0,291,4,19,0,10,22,2,10
2,8,29.0,103,3,13,0,15,51,2,16
0,4,1.0,144,3,10,0,3,103,1,7
2,0,5.0,260,4,2,0,13,29,1,24
3,1,5.0,219,1,5,1,5,0,1,24
3,10,22.0,314,1,17,1,15,31,4,26
2,0,30.0,290,0,18,1,4,66,0,19
2,10,26.0,302,5,18,2,15,119,3,3
3,11,13.0,312,0,2,1,9,58,1,25
3,11,13.0,312,0,10,1,13,28,1,25
3,4,4.0,178,6,9,0,6,91,3,30
3,4,4.0,178,6,22,0,14,24,2,30
2,1,29.0,100,4,4,0,5,64,1,16
2,8,2.0,363,0,8,0,10,6,2,22
3,6,3.0,99,1,9,1,15,31,2,27
2,8,29.0,103,3,8,0,4,75,1,16
3,6,16.0,38,0,1,0,0,12,3,2
3,6,17.0,244,1,6,2,16,65,3,6
3,6,16.0,38,0,9,0,16,50,1,2
3,6,17.0,244,1,1,0,15,112,3,6
3,9,6.0,51,4,18,2,2,69,3,23
3,9,23.0,167,3,4,3,14,25,0,17
3,4,2.0,141,4,22,3,5,64,3,22
3,10,15.0,60,1,9,0,13,28,1,1
3,2,18.0,7,1,11,3,3,30,3,0
3,10,2.0,358,2,8,0,14,24,1,22
2,11,11.0,175,4,18,0,8,9,1,9
2,11,20.0,340,6,22,0,2,123,2,29
2,11,29.0,270,0,18,0,13,48,1,16
2,4,9.0,79,2,18,0,11,15,2,12
1,11,1.0,222,6,17,0,2,2,1,7
2,2,26.0,136,1,9,0,13,29,0,3
2,0,9.0,129,0,2,1,5,6,2,12
2,4,25.0,80,5,21,1,15,31,0,13
2,5,14.0,200,1,18,0,7,78,4,5
2,6,4.0,342,1,18,3,14,34,4,30
3,9,7.0,271,5,13,3,14,25,0,11
3,9,7.0,271,5,6,0,9,95,1,11
3,9,7.0,271,5,12,1,9,54,4,11
3,9,7.0,271,5,2,0,11,94,0,11
3,9,8.0,90,6,12,0,12,61,2,8
3,9,8.0,90,6,4,1,10,52,1,8
3,9,8.0,90,6,2,2,15,114,3,8
3,9,8.0,90,6,20,0,13,48,2,8
3,9,8.0,90,6,5,0,3,76,1,8
3,9,8.0,90,6,13,0,6,91,2,8
3,9,26.0,267,2,13,0,8,9,3,3
3,9,26.0,267,2,17,3,5,6,0,3
3,9,26.0,267,2,19,1,14,25,4,3
3,7,9.0,273,3,5,0,15,39,0,12
3,7,9.0,273,3,3,0,0,64,1,12
3,7,9.0,273,3,13,1,2,71,4,12
3,7,18.0,154,1,3,1,9,95,4,0
3,7,18.0,154,1,23,1,9,101,4,0
3,10,7.0,243,0,14,0,0,31,3,11
3,10,7.0,243,0,9,1,9,10,4,11
3,10,15.0,60,1,15,0,5,12,1,1
3,10,15.0,60,1,0,1,9,93,4,1
3,10,17.0,256,4,6,0,5,12,2,6
3,10,17.0,256,4,4,0,5,6,3,6
3,10,17.0,256,4,18,0,10,47,2,6
3,10,17.0,256,4,2,1,12,135,4,6
3,6,17.0,244,1,4,1,13,38,1,6
3,10,19.0,117,6,4,0,6,7,0,10
3,10,19.0,117,6,2,1,13,13,1,10
3,10,24.0,261,4,11,0,2,2,0,14
3,10,24.0,261,4,20,0,15,46,4,14
3,10,24.0,261,4,2,0,13,48,0,14
3,10,24.0,261,4,9,2,14,32,0,14
3,10,24.0,261,4,11,1,2,86,4,14
3,10,24.0,261,4,23,1,4,82,1,14
3,10,24.0,261,4,13,0,5,6,2,14
3,10,24.0,261,4,12,1,12,84,0,14
3,10,25.0,56,5,11,0,0,26,3,13
3,10,25.0,56,5,4,2,6,91,3,13
3,10,26.0,61,6,17,0,16,113,3,3
3,10,26.0,61,6,7,0,13,38,1,3
3,10,26.0,61,6,8,0,0,26,0,3
3,10,26.0,61,6,20,0,12,135,2,3
3,1,7.0,32,4,2,0,10,6,3,11
3,1,7.0,32,4,4,0,4,66,4,11
3,1,11.0,111,0,16,0,9,93,0,9
3,1,11.0,111,0,7,0,7,20,3,9
3,1,11.0,111,0,17,1,1,67,0,9
3,1,16.0,2,6,23,0,6,7,1,2
3,1,16.0,2,6,14,2,3,44,3,2
3,1,16.0,2,6,3,1,0,15,4,2
3,1,17.0,63,3,14,0,0,15,2,6
3,1,17.0,63,3,12,0,0,53,0,6
3,1,17.0,63,3,1,2,9,54,3,6
3,1,17.0,63,3,18,0,6,7,3,6
3,8,10.0,71,2,6,0,0,53,3,4
3,8,10.0,71,2,17,1,12,135,4,4
3,8,10.0,71,2,23,0,0,26,1,4
3,8,10.0,71,2,14,0,9,54,1,4
3,10,15.0,60,1,22,0,5,6,2,1
3,10,17.0,256,4,22,1,11,55,4,6
3,10,17.0,256,4,20,0,14,24,2,6
3,10,19.0,117,6,2,0,5,6,3,10
3,10,24.0,261,4,11,2,15,96,0,14
3,10,24.0,261,4,20,2,9,95,3,14
3,10,24.0,261,4,8,0,5,64,2,14
3,10,24.0,261,4,12,0,5,64,1,14
3,10,24.0,261,4,3,2,8,65,2,14
3,10,24.0,261,4,2,0,9,102,0,14
3,0,23.0,237,1,2,0,13,48,3,17
3,10,7.0,243,0,23,1,6,89,2,11
3,10,25.0,56,5,19,1,13,21,4,13
3,10,25.0,56,5,1,0,7,20,1,13
3,10,25.0,56,5,18,0,4,4,1,13
3,10,26.0,61,6,0,0,2,86,3,3
3,10,26.0,61,6,0,1,16,113,0,3
3,10,26.0,61,6,20,2,0,15,0,3
3,10,26.0,61,6,16,1,9,93,0,3
3,10,26.0,61,6,16,1,9,93,0,3
3,10,26.0,61,6,13,0,2,69,3,3
3,10,26.0,61,6,8,0,5,12,3,3
3,10,26.0,61,6,9,0,5,12,3,3
3,1,7.0,32,4,20,0,13,28,2,11
3,1,7.0,32,4,3,0,10,47,0,11
3,1,7.0,32,4,18,0,16,108,1,11
3,1,11.0,111,0,2,0,16,65,3,9
3,10,7.0,243,0,12,1,11,8,4,11
3,10,7.0,243,0,14,0,12,61,3,11
3,10,17.0,256,4,13,1,0,68,1,6
3,10,17.0,256,4,12,0,15,114,1,6
3,10,19.0,117,6,5,0,5,6,3,10
3,10,19.0,117,6,14,0,13,13,3,10
3,10,24.0,261,4,3,0,10,12,1,14
3,10,24.0,261,4,2,0,11,18,0,14
3,10,24.0,261,4,4,0,15,108,3,14
3,10,24.0,261,4,14,0,1,35,2,14
3,10,24.0,261,4,11,1,4,82,1,14
3,10,25.0,56,5,20,1,12,135,4,13
3,10,25.0,56,5,13,1,2,13,0,13
3,10,25.0,56,5,13,2,0,53,0,13
3,10,26.0,61,6,16,0,10,22,1,3
3,10,25.0,56,5,11,1,12,61,4,13
3,1,7.0,32,4,6,2,2,40,2,11
3,1,7.0,32,4,8,0,2,86,3,11
3,1,11.0,111,0,5,0,13,99,2,9
3,1,11.0,111,0,20,1,11,58,4,9
3,1,11.0,111,0,1,0,3,70,3,9
3,1,16.0,2,6,1,0,4,79,3,2
3,1,11.0,111,0,4,0,5,12,0,9
3,1,11.0,111,0,18,1,10,47,1,9
3,1,16.0,2,6,4,0,0,85,1,2
3,1,16.0,2,6,1,2,6,89,3,2
3,1,16.0,2,6,19,0,6,89,3,2
3,1,16.0,2,6,18,0,2,2,3,2
3,1,17.0,63,3,17,2,9,109,0,6
3,1,16.0,2,6,9,1,1,67,0,2
3,1,17.0,63,3,7,1,13,38,0,6
3,1,16.0,2,6,9,0,10,47,0,2
3,10,23.0,247,2,10,1,11,133,2,17
3,10,13.0,346,3,13,1,6,89,1,25
3,1,13.0,207,2,23,0,4,66,3,25
3,10,13.0,346,3,16,0,14,25,1,25
3,8,10.0,71,2,16,0,7,57,0,4
3,8,10.0,71,2,22,0,14,25,0,4
3,8,10.0,71,2,1,0,8,41,1,4
3,8,10.0,71,2,1,1,15,31,4,4
3,8,11.0,306,4,15,0,6,89,0,9
3,8,11.0,306,4,5,0,9,63,2,9
3,8,11.0,306,4,3,0,14,24,0,9
3,1,11.0,111,0,11,0,14,25,2,9
3,10,19.0,117,6,17,3,8,33,4,10
3,8,11.0,306,4,14,0,13,21,0,9
3,8,11.0,306,4,9,2,8,41,3,9
3,8,19.0,280,5,16,2,0,31,3,10
3,8,19.0,280,5,16,0,0,64,4,10
3,5,8.0,199,4,2,0,6,7,2,8
3,5,26.0,37,0,16,0,11,98,4,3
3,5,26.0,37,0,0,1,13,38,0,3
3,5,26.0,37,0,14,0,5,6,0,3
3,6,2.0,352,0,7,2,13,13,1,22
3,5,27.0,328,1,14,0,0,26,0,15
3,10,13.0,346,3,9,0,14,24,1,25
3,2,23.0,230,3,19,0,5,6,1,17
3,2,23.0,230,3,18,0,14,106,4,17
3,11,1.0,222,2,18,0,12,83,4,7
3,2,23.0,230,3,1,0,0,64,3,17
3,2,23.0,230,3,4,1,9,58,4,17
3,2,24.0,22,0,6,0,1,67,3,14
3,2,24.0,22,0,11,0,5,12,0,14
3,2,24.0,22,0,3,0,0,68,3,14
3,2,24.0,22,0,14,0,4,75,0,14
3,2,24.0,22,0,19,0,9,10,1,14
3,2,24.0,22,0,1,1,0,64,1,14
3,0,8.0,9,0,11,0,6,7,3,8
3,0,8.0,9,0,6,1,14,34,0,8
3,0,8.0,9,0,23,1,10,47,0,8
3,0,8.0,9,0,7,1,10,47,0,8
3,0,8.0,9,0,14,0,4,66,1,8
3,0,8.0,9,0,19,1,6,91,4,8
3,6,16.0,38,0,2,2,2,2,3,2
3,6,17.0,244,1,16,0,0,26,3,6
3,6,17.0,244,1,10,0,5,6,2,6
3,6,17.0,244,1,21,1,11,133,4,6
3,6,17.0,244,1,2,0,15,31,1,6
3,6,17.0,244,1,19,0,7,20,1,6
3,6,17.0,244,1,1,0,8,41,1,6
3,6,17.0,244,1,18,2,3,79,3,6
3,6,17.0,244,1,1,2,2,2,3,6
3,6,17.0,244,1,1,2,2,2,3,6
3,6,18.0,308,2,17,2,6,7,3,0
3,7,25.0,41,1,5,0,15,112,1,13
3,7,25.0,41,1,4,2,15,31,1,13
3,7,31.0,43,0,12,0,13,21,1,20
3,7,31.0,43,0,14,0,8,19,0,20
3,3,9.0,44,2,0,2,9,49,3,12
3,3,9.0,44,2,22,0,10,22,2,12
3,5,26.0,37,0,7,2,13,28,4,3
3,10,1.0,208,1,5,0,2,92,4,7
3,5,1.0,109,4,17,1,5,12,1,7
3,11,15.0,331,2,2,1,10,22,2,1
3,9,17.0,255,0,8,0,13,29,1,6
3,8,27.0,78,6,20,0,10,52,2,15
3,5,1.0,109,4,23,0,14,106,4,7
3,3,8.0,148,1,22,0,14,131,1,8
0,4,28.0,218,6,14,0,11,94,2,18
2,9,23.0,167,5,15,0,8,9,1,17
2,0,8.0,48,3,17,1,1,1,4,8
1,7,1.0,98,1,17,0,8,27,1,7
2,0,25.0,14,2,11,1,0,96,0,13
2,10,7.0,213,3,18,2,1,11,3,11
2,10,7.0,213,3,9,1,3,30,4,11
3,7,24.0,68,0,20,3,15,39,1,14
2,1,16.0,63,5,18,1,11,98,4,2
3,5,7.0,349,2,10,0,0,12,1,11
2,2,7.0,258,4,13,1,3,79,1,11
3,0,8.0,9,0,2,1,12,80,4,8
3,0,21.0,287,3,17,0,2,60,4,21
3,0,21.0,287,3,5,1,10,47,1,21
3,0,21.0,287,3,13,0,13,38,2,21
3,0,21.0,287,3,12,0,9,109,4,21
3,0,23.0,237,1,0,0,0,68,3,17
3,10,13.0,346,3,19,3,11,15,0,25
3,0,23.0,237,1,8,1,7,137,4,17
3,0,8.0,9,0,7,0,10,22,3,8
3,0,8.0,9,0,13,0,8,19,0,8
3,0,8.0,9,0,19,2,14,125,2,8
3,0,8.0,9,0,10,1,16,37,1,8
3,0,8.0,9,0,22,1,1,11,4,8
3,0,21.0,287,3,21,1,9,63,0,21
3,0,21.0,287,3,3,1,1,67,1,21
3,0,21.0,287,3,5,1,1,1,1,21
3,0,23.0,237,1,2,0,2,92,1,17
3,6,4.0,159,2,6,1,5,6,0,30
3,10,5.0,336,6,1,0,2,92,2,24
3,5,26.0,37,0,12,0,5,64,1,3
3,5,26.0,37,0,5,0,12,84,2,3
3,5,26.0,37,0,20,1,15,114,4,3
3,6,2.0,352,0,6,2,6,7,3,22
3,6,2.0,352,0,3,0,6,128,3,22
3,6,2.0,352,0,19,2,14,25,0,22
3,8,28.0,224,3,9,3,7,120,0,18
3,6,2.0,352,0,1,0,5,64,3,22
3,6,7.0,169,6,3,0,8,41,1,11
3,6,7.0,169,6,4,0,5,6,0,11
3,6,15.0,49,3,16,0,5,64,3,1
3,6,15.0,49,3,21,0,10,22,3,1
2,5,1.0,307,2,8,1,5,64,0,7
2,5,17.0,195,5,22,3,9,101,3,6
2,5,6.0,349,0,9,0,10,47,3,23
2,3,23.0,357,1,17,2,11,18,3,17
2,9,20.0,119,1,12,1,12,80,1,29
2,9,3.0,217,6,9,1,5,6,0,27
2,7,24.0,41,3,1,0,2,3,4,14
2,5,22.0,168,2,0,2,6,7,3,26
2,5,22.0,168,2,21,0,8,41,1,26
2,5,22.0,168,2,8,0,7,62,0,26
2,5,22.0,168,2,14,0,14,106,3,26
2,5,22.0,168,2,1,2,15,31,3,26
2,5,22.0,168,2,14,0,13,21,1,26
2,5,23.0,58,4,20,0,0,64,3,17
2,11,22.0,250,0,18,0,12,61,0,26
2,9,4.0,295,3,9,0,13,28,1,30
2,5,23.0,58,4,15,0,13,29,4,17
2,5,22.0,168,2,0,3,9,10,2,26
2,3,21.0,166,3,8,2,8,9,3,21
2,3,21.0,166,3,9,0,0,26,1,21
2,3,21.0,166,3,1,2,12,104,3,21
2,3,22.0,57,0,16,0,16,37,3,26
2,3,22.0,57,0,17,0,16,130,1,26
2,3,22.0,57,0,0,1,10,47,0,26
2,3,22.0,57,0,4,0,6,73,2,26
2,3,22.0,57,0,15,1,10,52,4,26
2,3,23.0,357,1,10,0,8,118,3,17
2,3,6.0,289,6,15,1,13,36,4,23
2,9,28.0,315,2,9,0,9,93,3,18
2,9,29.0,98,4,5,1,2,40,4,16
2,9,29.0,98,4,22,0,9,27,2,16
2,9,28.0,315,2,4,3,11,18,1,18
2,7,5.0,93,1,7,1,8,33,0,24
2,7,5.0,93,1,3,1,10,43,1,24
2,7,5.0,93,1,8,0,13,48,0,24
2,1,5.0,97,0,19,1,5,6,0,24
2,7,5.0,93,1,4,0,2,29,3,24
2,7,5.0,93,1,1,2,16,37,0,24
2,7,20.0,81,2,6,0,8,9,0,29
2,5,22.0,168,2,1,0,10,22,2,26
2,7,20.0,81,2,23,0,10,12,0,29
2,7,20.0,81,2,13,0,10,12,0,29
2,7,20.0,81,2,4,0,0,12,1,29
2,7,21.0,211,4,11,0,10,22,2,21
2,7,21.0,211,4,2,0,10,22,3,21
2,7,23.0,68,6,19,0,6,91,1,17
2,7,23.0,68,6,4,0,1,35,0,17
2,3,23.0,357,1,14,0,2,40,4,17
2,3,23.0,357,1,9,0,9,57,3,17
2,3,23.0,357,1,18,0,5,12,3,17
2,3,23.0,357,1,5,2,6,91,3,17
2,3,24.0,347,2,4,1,13,69,1,14
2,3,30.0,109,1,16,0,10,12,3,19
2,3,30.0,109,1,6,2,0,53,3,19
2,3,30.0,109,1,11,0,15,51,1,19
2,3,30.0,109,1,5,0,4,127,1,19
2,3,30.0,109,1,13,0,16,65,2,19
2,3,30.0,109,1,12,2,8,41,3,19
2,1,8.0,50,4,3,0,1,59,3,8
2,1,7.0,62,2,13,1,11,18,1,11
2,1,8.0,50,4,19,2,4,82,3,8
2,10,5.0,242,5,3,0,1,16,0,24
2,1,8.0,50,4,9,0,13,99,1,8
2,1,8.0,50,4,18,0,8,118,0,8
2,7,20.0,81,2,3,0,9,49,1,29
2,1,7.0,62,2,22,0,5,47,3,11
2,1,8.0,50,4,5,0,14,131,1,8
2,7,20.0,81,2,0,0,5,12,3,29
2,7,20.0,81,2,3,1,10,22,1,29
2,7,20.0,81,2,22,0,9,95,4,29
2,7,21.0,211,4,5,0,14,106,2,21
2,7,21.0,211,4,22,0,2,2,1,21
2,7,21.0,211,4,4,0,16,113,1,21
2,7,21.0,211,4,19,0,13,29,1,21
2,7,23.0,68,6,9,2,3,115,3,17
2,7,24.0,41,3,16,1,10,22,2,14
2,7,24.0,41,3,8,0,0,77,0,14
2,7,24.0,41,3,8,0,2,86,1,14
2,7,23.0,68,6,4,3,0,26,0,17
2,11,20.0,340,6,17,3,12,83,4,29
2,8,6.0,70,5,2,1,4,75,4,23
2,7,24.0,41,3,1,0,7,120,0,14
2,7,29.0,42,5,1,2,13,28,3,16
2,7,31.0,180,3,8,0,9,9,3,20
2,3,5.0,303,5,17,0,2,92,3,24
2,3,5.0,303,5,18,0,13,69,4,24
2,3,5.0,303,5,14,1,6,7,4,24
2,3,6.0,289,6,16,0,5,6,2,23
2,3,6.0,289,6,16,0,10,6,3,23
2,3,6.0,289,6,2,2,15,114,0,23
2,1,13.0,183,1,4,0,5,12,3,25
2,1,16.0,63,5,17,1,14,131,0,2
2,1,16.0,63,5,11,0,1,105,0,2
2,1,13.0,183,1,18,1,9,87,0,25
2,1,16.0,63,5,9,0,8,41,3,2
2,1,16.0,63,5,9,2,2,71,3,2
2,7,21.0,211,4,17,2,2,71,3,21
2,3,7.0,148,3,17,2,0,64,3,11
2,1,23.0,64,5,3,0,10,22,3,17
2,3,24.0,347,2,4,0,0,12,0,14
2,1,23.0,64,5,6,1,9,109,4,17
2,10,5.0,242,5,5,1,11,133,1,24
2,1,23.0,64,5,22,1,0,26,1,17
2,1,23.0,64,5,9,0,1,1,0,17
2,1,23.0,64,5,14,0,13,38,1,17
2,1,23.0,64,5,12,1,5,12,0,17
2,8,7.0,76,6,5,0,5,6,0,11
2,3,4.0,324,4,11,0,13,28,0,30
2,5,22.0,168,2,6,0,14,25,1,26
2,8,7.0,76,6,22,1,9,10,4,11
2,8,7.0,76,6,12,0,16,130,3,11
2,8,14.0,72,6,15,0,11,124,1,5
2,8,14.0,72,6,2,0,0,96,3,5
2,4,14.0,132,0,11,1,0,53,0,5
2,4,14.0,132,0,11,0,6,128,1,5
2,3,7.0,148,3,6,2,11,15,3,11
2,3,7.0,148,3,6,2,5,64,3,11
2,3,7.0,148,3,5,1,1,35,4,11
2,3,5.0,303,5,16,0,1,11,1,24
2,3,13.0,33,6,23,1,3,70,4,25
2,5,7.0,199,1,16,0,10,22,3,11
2,5,7.0,199,1,17,1,9,10,0,11
2,3,7.0,148,3,17,1,3,79,0,11
2,5,7.0,199,1,8,0,10,22,0,11
2,5,7.0,199,1,22,2,6,89,3,11
2,5,13.0,36,0,20,0,6,7,2,25
2,5,13.0,36,0,1,2,9,54,4,25
2,5,13.0,36,0,18,0,14,34,1,25
2,5,14.0,200,1,16,2,13,29,3,5
2,5,14.0,200,1,13,0,1,1,4,5
2,5,14.0,200,1,8,0,5,64,3,5
2,5,14.0,200,1,4,0,15,77,3,5
2,5,21.0,163,1,17,2,11,15,3,21
2,5,21.0,163,1,0,1,1,16,4,21
2,5,29.0,294,2,16,0,2,92,1,16
2,5,29.0,294,2,11,3,11,122,4,16
2,5,30.0,196,4,20,1,12,104,2,19
2,5,29.0,294,2,20,0,13,38,3,16
2,5,30.0,196,4,18,0,10,6,3,19
2,5,30.0,196,4,11,1,9,49,1,19
2,6,4.0,342,1,14,1,6,128,0,30
2,9,12.0,177,0,14,0,2,86,4,28
2,9,12.0,177,0,19,0,12,61,4,28
2,9,20.0,119,1,20,1,13,99,4,29
2,9,20.0,119,1,4,2,10,22,3,29
2,6,14.0,49,5,9,0,4,79,2,5
2,9,29.0,98,4,22,0,0,12,1,16
2,9,29.0,98,4,9,0,10,12,1,16
2,9,29.0,98,4,19,0,7,57,1,16
2,9,29.0,98,4,13,0,9,95,1,16
2,7,5.0,93,1,17,0,4,79,2,24
2,7,5.0,93,1,0,2,5,6,3,24
2,7,20.0,81,2,0,0,0,77,3,29
2,7,20.0,81,2,17,0,3,30,1,29
2,7,20.0,81,2,0,0,5,6,3,29
2,4,14.0,132,0,22,0,10,47,2,5
2,4,14.0,132,0,5,1,10,12,1,5
2,4,14.0,132,0,20,1,14,131,1,5
2,4,14.0,132,0,1,0,7,8,3,5
2,4,15.0,25,1,5,0,14,131,1,1
2,4,15.0,25,1,19,0,3,30,3,1
2,4,15.0,25,1,14,0,14,131,4,1
2,4,14.0,132,0,8,1,9,83,2,5
2,4,17.0,26,4,6,1,5,12,0,6
2,4,14.0,132,0,2,1,5,64,2,5
2,4,14.0,132,0,3,1,0,26,0,5
2,4,15.0,25,1,11,1,5,64,1,1
2,4,17.0,26,4,4,0,13,28,4,6
2,4,17.0,26,4,9,0,10,23,1,6
2,4,17.0,26,4,22,1,12,84,1,6
2,2,6.0,153,2,6,0,5,64,3,23
2,2,6.0,153,2,6,0,4,75,1,23
2,2,6.0,153,2,0,1,4,82,0,23
2,2,6.0,153,2,10,1,0,0,0,23
2,2,6.0,153,2,8,0,2,92,3,23
2,10,7.0,213,3,15,0,5,6,3,11
2,10,7.0,213,3,3,0,13,29,1,11
2,7,20.0,81,2,19,0,16,50,1,29
2,7,20.0,81,2,1,1,0,77,1,29
2,7,21.0,211,4,22,0,3,79,1,21
2,7,21.0,211,4,14,0,12,80,1,21
2,7,23.0,68,6,16,2,16,108,3,17
2,7,21.0,211,4,7,1,0,77,0,21
2,7,23.0,68,6,8,0,8,118,1,17
2,7,23.0,68,6,10,1,4,127,4,17
2,7,24.0,41,3,2,0,2,35,4,14
2,11,6.0,252,6,13,1,9,95,4,23
2,11,6.0,252,6,14,1,1,35,4,23
2,11,6.0,252,6,19,0,10,22,1,23
2,11,6.0,252,6,10,3,8,9,4,23
2,11,11.0,175,4,10,1,3,30,0,9
2,11,11.0,175,4,5,1,4,45,4,9
2,6,13.0,173,4,1,0,5,6,1,25
2,6,16.0,244,3,2,1,6,14,4,2
2,6,16.0,244,3,8,0,12,61,1,2
2,9,4.0,295,3,1,0,8,41,4,30
2,7,4.0,204,0,9,1,4,66,4,30
2,6,21.0,185,5,0,2,10,47,3,21
2,6,21.0,185,5,0,0,3,70,1,21
2,6,21.0,185,5,11,1,3,115,4,21
2,6,21.0,185,5,14,2,16,72,3,21
2,10,5.0,242,5,16,2,10,47,3,24
2,10,5.0,242,5,13,0,13,48,0,24
2,10,5.0,242,5,14,2,12,61,3,24
2,10,5.0,242,5,1,0,16,74,4,24
2,10,7.0,213,3,8,0,2,69,4,11
2,10,7.0,213,3,22,0,3,44,4,11
2,10,14.0,60,3,20,0,12,17,1,5
2,10,14.0,60,3,12,2,1,16,0,5
2,10,14.0,60,3,4,2,8,27,3,5
2,10,14.0,60,3,1,2,11,15,3,5
2,10,14.0,60,3,1,1,4,82,2,5
2,11,13.0,312,6,4,1,9,49,4,25
2,11,20.0,340,6,16,0,10,23,3,29
2,11,23.0,232,1,13,2,15,31,3,17
2,11,23.0,232,1,18,0,10,47,3,17
2,11,31.0,227,2,5,0,2,40,4,20
2,9,5.0,89,0,22,0,13,48,2,24
2,9,12.0,177,0,1,0,0,31,0,28
2,9,20.0,119,1,14,2,8,27,3,29
2,9,28.0,315,2,21,1,15,31,1,18
2,9,29.0,98,4,12,0,8,19,0,16
2,9,29.0,98,4,1,0,16,72,1,16
2,7,5.0,93,1,19,2,6,7,3,24
2,11,23.0,232,1,5,1,14,25,0,17
2,11,23.0,232,1,22,0,1,16,1,17
2,11,23.0,232,1,22,0,5,64,3,17
2,11,23.0,232,1,14,0,9,49,3,17
2,11,23.0,232,1,18,0,10,47,3,17
2,11,29.0,270,0,6,0,9,93,1,16
2,11,29.0,270,0,23,0,2,40,2,16
2,10,14.0,60,3,9,0,11,90,1,5
2,10,14.0,60,3,18,1,9,93,4,5
2,10,14.0,60,3,16,1,9,57,0,5
2,5,22.0,168,2,12,0,6,7,0,26
2,5,22.0,168,2,4,0,5,64,1,26
2,5,22.0,168,2,18,0,12,135,1,26
2,5,22.0,168,2,8,3,13,38,4,26
2,5,23.0,58,4,0,0,15,39,4,17
2,3,24.0,347,2,13,0,11,94,2,14
2,5,24.0,350,5,12,1,15,51,2,14
2,5,24.0,350,5,19,0,10,47,1,14
2,5,31.0,158,5,3,0,15,96,0,20
2,5,31.0,158,5,14,0,4,79,3,20
2,5,31.0,158,5,4,0,13,13,1,20
2,5,31.0,158,5,12,0,4,66,2,20
2,5,31.0,158,5,1,0,8,118,1,20
2,6,13.0,173,4,11,0,8,41,3,25
2,6,13.0,173,4,19,0,6,91,3,25
2,9,4.0,295,3,17,0,6,14,1,30
2,7,4.0,204,0,19,1,7,57,0,30
0,3,30.0,304,3,17,0,2,40,1,19
2,10,5.0,242,5,16,1,13,48,0,24
2,10,5.0,242,5,10,1,14,25,0,24
2,10,5.0,242,5,22,2,1,35,3,24
2,10,5.0,242,5,14,0,9,63,3,24
2,10,7.0,213,3,16,0,2,40,3,11
2,10,7.0,213,3,16,1,5,12,0,11
2,10,7.0,213,3,19,0,14,110,4,11
2,6,13.0,173,4,19,0,16,50,1,25
2,6,16.0,244,3,17,2,8,27,3,2
2,5,24.0,350,5,15,0,16,108,4,14
0,0,31.0,290,3,10,0,8,19,0,20
2,9,4.0,295,3,5,1,14,126,4,30
2,9,3.0,217,6,2,0,1,1,4,27
2,6,16.0,244,3,5,0,15,108,3,2
2,6,16.0,244,3,13,0,6,132,2,2
2,6,16.0,244,3,19,0,10,47,0,2
2,6,21.0,185,5,9,0,5,6,3,21
2,6,21.0,185,5,21,1,2,13,1,21
2,10,5.0,242,5,17,0,16,37,1,24
2,3,7.0,148,3,2,0,5,64,0,11
2,9,29.0,98,4,13,0,16,130,2,16
2,3,13.0,33,6,15,1,9,54,0,25
2,3,13.0,33,6,3,0,1,59,2,25
2,3,12.0,210,5,13,1,10,47,1,28
2,10,5.0,242,5,8,0,16,72,0,24
2,9,23.0,167,5,23,0,2,2,2,17
2,3,4.0,324,4,1,3,7,111,3,30
2,10,7.0,213,3,17,0,4,70,0,11
2,10,7.0,213,3,11,0,0,31,3,11
2,10,14.0,60,3,17,1,14,88,0,5
2,10,15.0,201,0,12,0,3,76,4,1
2,10,15.0,201,0,18,0,5,64,0,1
2,10,15.0,201,0,18,0,4,75,1,1
2,5,6.0,349,0,18,0,13,79,3,23
2,1,8.0,50,4,7,1,10,47,0,8
2,1,8.0,50,4,6,1,2,2,0,8
2,1,8.0,50,4,20,1,9,93,4,8
2,1,13.0,183,1,6,0,1,35,4,25
2,1,13.0,183,1,16,0,0,26,0,25
2,1,13.0,183,1,4,0,14,24,4,25
2,1,16.0,63,5,0,1,13,48,0,2
2,1,16.0,63,5,1,1,13,28,4,2
2,1,16.0,63,5,9,0,6,7,4,2
2,5,21.0,163,1,9,1,0,68,4,21
2,5,30.0,196,4,22,0,8,41,4,19
2,6,14.0,49,5,12,3,1,105,3,5
2,7,29.0,42,5,4,2,6,7,3,16
2,7,29.0,42,5,9,0,3,4,0,16
2,7,31.0,180,3,17,0,8,33,1,20
2,7,31.0,180,3,19,0,7,111,0,20
2,1,16.0,63,5,14,0,7,54,3,2
2,1,16.0,63,5,8,0,9,57,0,2
2,1,23.0,64,5,17,0,5,6,3,17
2,1,23.0,64,5,11,3,6,7,0,17
2,1,24.0,65,6,17,0,14,32,0,14
2,1,24.0,65,6,5,0,2,69,2,14
2,1,24.0,65,6,4,3,6,7,0,14
2,1,24.0,65,6,5,0,16,37,4,14
2,1,24.0,65,6,13,1,8,27,1,14
2,8,7.0,76,6,16,0,4,121,1,11
2,8,14.0,72,6,23,0,8,33,4,5
2,8,14.0,72,6,11,0,15,39,4,5
2,8,14.0,72,6,14,2,2,69,0,5
2,8,14.0,72,6,4,0,2,92,3,5
2,4,14.0,132,0,17,0,0,64,0,5
2,4,14.0,132,0,18,0,13,48,4,5
2,4,15.0,25,1,0,0,0,12,3,1
2,4,15.0,25,1,10,0,14,32,3,1
2,4,15.0,25,1,15,0,13,29,3,1
2,4,15.0,25,1,15,0,1,59,2,1
2,4,15.0,25,1,12,2,13,48,3,1
2,4,17.0,26,4,0,0,14,24,1,6
2,4,17.0,26,4,23,0,1,59,4,6
2,3,5.0,303,5,16,0,5,12,1,24
2,3,5.0,303,5,22,0,3,79,0,24
2,3,6.0,289,6,11,0,6,89,4,23
2,1,15.0,2,4,4,1,11,55,4,1
2,8,6.0,70,5,4,0,7,57,4,23
2,3,6.0,289,6,19,0,8,27,4,23
2,3,7.0,148,3,20,0,10,12,0,11
2,3,12.0,210,5,20,0,2,86,2,28
2,3,12.0,210,5,15,1,14,88,4,28
2,3,12.0,210,5,19,0,9,27,3,28
2,3,13.0,33,6,21,1,3,115,0,25
2,3,13.0,33,6,13,0,9,58,3,25
2,3,13.0,33,6,12,0,11,18,3,25
2,5,7.0,199,1,0,0,15,46,3,11
2,5,7.0,199,1,23,0,11,90,1,11
2,5,7.0,199,1,1,0,15,51,3,11
2,5,13.0,36,0,17,0,3,103,1,25
2,5,13.0,36,0,19,2,4,79,3,25
2,5,13.0,36,0,1,1,9,83,4,25
2,3,7.0,148,3,4,0,5,12,0,11
2,4,17.0,26,4,3,0,16,37,1,6
2,4,17.0,26,4,14,0,5,12,1,6
2,4,15.0,25,1,8,1,9,134,4,1
2,4,17.0,26,4,10,1,9,93,4,6
2,2,6.0,153,2,2,1,16,72,4,23
2,2,6.0,153,2,5,0,2,69,1,23
2,2,6.0,153,2,12,0,10,47,3,23
2,2,6.0,153,2,14,2,1,59,3,23
2,2,6.0,153,2,9,0,0,64,1,23
2,2,6.0,153,2,8,0,2,86,1,23
2,2,6.0,153,2,18,0,8,9,3,23
2,3,24.0,347,2,12,0,11,18,3,14
2,5,22.0,168,2,9,0,16,78,3,26
2,3,24.0,347,2,1,0,1,81,0,14
2,3,24.0,347,2,9,2,16,42,3,14
2,5,6.0,349,0,2,0,2,2,3,23
2,5,6.0,349,0,2,0,2,2,4,23
2,5,6.0,349,0,4,0,6,7,4,23
2,5,22.0,168,2,16,0,10,22,3,26
2,5,22.0,168,2,0,0,2,86,1,26
2,5,22.0,168,2,12,0,10,23,3,26
2,3,30.0,109,1,13,0,1,59,1,19
2,3,30.0,109,1,20,1,3,30,4,19
2,3,30.0,109,1,9,0,14,106,4,19
2,9,20.0,119,1,12,1,10,22,0,29
0,2,4.0,254,6,11,0,11,94,2,30
2,7,5.0,93,1,12,0,16,139,4,24
2,3,13.0,33,6,8,0,2,40,2,25
2,3,13.0,33,6,13,0,10,22,2,25
1,10,1.0,208,5,13,0,2,2,4,7
2,3,30.0,109,1,1,0,3,30,3,19
2,5,6.0,349,0,5,0,5,6,2,23
2,5,6.0,349,0,8,0,14,125,2,23
2,5,6.0,349,0,3,0,0,85,1,23
2,5,6.0,349,0,19,2,8,118,2,23
2,5,6.0,349,0,9,0,9,57,0,23
2,5,6.0,349,0,1,0,9,134,4,23
2,5,22.0,168,2,6,0,5,12,0,26
2,5,22.0,168,2,17,1,7,111,1,26
2,5,22.0,168,2,18,0,11,117,1,26
2,5,23.0,58,4,8,0,9,49,2,17
2,5,23.0,58,4,12,0,13,21,3,17
2,5,24.0,350,5,9,0,7,20,3,14
2,5,22.0,168,2,1,0,10,12,3,26
2,5,31.0,158,5,7,1,14,25,0,20
2,5,31.0,158,5,11,0,2,2,1,20
2,5,31.0,158,5,5,0,2,86,0,20
2,6,13.0,173,4,16,1,3,115,4,25
2,6,13.0,173,4,22,0,0,53,4,25
2,6,13.0,173,4,3,2,15,114,4,25
2,9,14.0,106,2,8,0,11,18,1,5
2,9,21.0,362,2,17,1,10,22,0,21
2,9,21.0,362,2,9,0,7,8,2,21
2,9,23.0,167,5,11,0,7,137,0,17
2,9,23.0,167,5,11,0,15,51,4,17
2,9,23.0,167,5,14,0,8,33,1,17
2,7,6.0,293,2,14,0,8,27,1,23
2,7,13.0,125,2,6,0,0,12,3,25
2,7,13.0,125,2,13,0,2,86,1,25
2,3,4.0,324,4,17,1,7,20,0,30
2,3,4.0,324,4,23,0,6,132,4,30
2,3,4.0,324,4,2,0,1,11,4,30
2,3,14.0,35,3,6,0,1,11,1,5
2,3,14.0,35,3,7,1,10,47,1,5
2,3,14.0,35,3,18,2,14,88,3,5
2,3,15.0,263,0,3,0,8,41,0,1
2,3,15.0,263,0,13,0,1,35,1,1
2,3,15.0,263,0,13,0,0,77,1,1
2,5,29.0,294,2,18,0,16,139,1,16
2,6,14.0,49,5,9,3,13,99,0,5
2,6,14.0,49,5,9,0,2,123,4,5
2,11,6.0,252,6,22,2,0,77,0,23
2,11,6.0,252,6,16,2,14,34,1,23
2,11,11.0,175,4,6,0,2,35,4,9
2,3,15.0,263,0,2,0,10,6,3,1
2,3,15.0,263,0,9,0,13,69,0,1
2,9,5.0,89,0,8,0,14,24,2,24
2,11,3.0,288,2,17,0,14,25,0,27
2,11,3.0,288,2,6,0,2,2,1,27
2,11,3.0,288,2,13,0,2,92,0,27
2,11,3.0,288,2,4,0,15,96,4,27
2,11,4.0,275,4,8,0,0,77,2,30
2,11,4.0,275,4,13,0,16,113,3,30
2,11,15.0,331,0,5,0,1,105,0,1
2,11,15.0,331,0,2,1,9,102,4,1
2,11,22.0,250,0,20,1,15,112,4,26
2,9,3.0,217,6,17,0,11,15,2,27
0,0,28.0,249,4,21,0,2,69,4,18
0,2,25.0,233,6,16,0,8,27,1,13
2,11,6.0,252,6,8,0,2,69,1,23
2,11,6.0,252,6,18,0,8,118,0,23
2,11,11.0,175,4,11,2,13,69,4,9
2,11,11.0,175,4,20,1,7,111,1,9
2,11,11.0,175,4,18,0,9,93,4,9
2,11,13.0,312,6,0,0,13,28,1,25
2,11,13.0,312,6,13,0,4,45,2,25
2,11,13.0,312,6,4,0,14,25,0,25
2,11,20.0,340,6,0,0,4,121,1,29
2,9,3.0,217,6,12,1,9,95,4,27
2,10,7.0,213,3,1,0,0,26,0,11
2,5,23.0,58,4,16,0,10,12,3,17
2,9,29.0,98,4,14,1,4,127,1,16
2,5,22.0,168,2,22,1,15,77,2,26
2,5,23.0,58,4,22,0,6,89,1,17
2,5,24.0,350,5,16,2,5,6,0,14
2,5,23.0,58,4,4,0,13,29,0,17
2,5,22.0,168,2,9,0,6,89,1,26
2,3,7.0,148,3,14,0,1,1,1,11
2,3,12.0,210,5,5,0,16,39,3,28
2,10,6.0,243,6,18,2,1,81,3,23
2,1,15.0,2,4,8,1,0,77,1,1
2,3,13.0,33,6,21,1,14,25,0,25
2,3,13.0,33,6,14,0,10,47,0,25
2,3,13.0,33,6,14,2,15,46,3,25
2,3,13.0,33,6,12,0,10,22,1,25
2,3,12.0,210,5,22,0,10,23,2,28
2,5,7.0,199,1,19,0,9,102,2,11
2,5,13.0,36,0,5,0,13,36,1,25
2,5,14.0,200,1,6,2,2,13,3,5
2,5,13.0,36,0,2,1,9,10,4,25
2,5,13.0,36,0,15,1,16,37,1,25
2,5,14.0,200,1,2,0,9,57,0,5
2,5,14.0,200,1,1,0,9,109,4,5
2,5,21.0,163,1,12,1,13,123,4,21
2,5,29.0,294,2,10,0,16,72,3,16
2,5,30.0,196,4,6,0,0,26,1,19
2,5,30.0,196,4,0,0,0,12,3,19
2,5,29.0,294,2,12,1,1,67,4,16
2,5,30.0,196,4,23,1,13,123,0,19
2,5,30.0,196,4,7,0,8,9,1,19
2,5,30.0,196,4,13,0,5,6,2,19
2,5,30.0,196,4,2,0,8,118,3,19
2,7,20.0,81,2,23,1,9,9,4,29
2,7,21.0,211,4,12,0,5,0,0,21
2,7,21.0,211,4,1,0,8,19,3,21
2,7,23.0,68,6,16,1,15,51,0,17
2,7,23.0,68,6,12,0,0,15,1,17
2,7,23.0,68,6,19,1,0,64,0,17
2,7,29.0,42,5,17,1,7,57,0,16
2,7,21.0,211,4,4,3,6,116,3,21
2,7,24.0,41,3,8,0,8,9,3,14
2,7,29.0,42,5,12,2,16,74,3,16
2,3,5.0,303,5,18,0,10,47,3,24
2,3,5.0,303,5,11,0,6,73,2,24
2,3,7.0,148,3,0,2,10,47,3,11
2,3,7.0,148,3,3,1,6,91,4,11
2,3,7.0,148,3,19,0,14,25,3,11
2,3,7.0,148,3,19,0,2,123,1,11
2,3,7.0,148,3,5,1,12,80,4,11
2,3,12.0,210,5,21,0,6,128,3,28
2,3,12.0,210,5,23,1,0,26,1,28
2,3,5.0,303,5,8,0,2,2,1,24
2,3,12.0,210,5,18,0,9,49,3,28
2,5,23.0,58,4,14,0,5,12,3,17
2,5,22.0,168,2,18,0,0,12,1,26
2,5,31.0,158,5,1,0,0,31,4,20
2,5,31.0,158,5,2,0,7,20,3,20
2,5,31.0,158,5,13,0,13,21,2,20
2,6,13.0,173,4,22,0,1,59,1,25
2,6,13.0,173,4,13,0,11,18,2,25
2,6,16.0,244,3,11,1,13,21,4,2
2,6,21.0,185,5,3,0,9,57,0,21
2,11,22.0,250,0,22,1,5,64,4,26
2,6,21.0,185,5,8,0,6,91,3,21
2,6,21.0,185,5,19,0,11,15,0,21
2,6,21.0,185,5,19,0,11,137,3,21
2,6,21.0,185,5,4,0,10,22,3,21
2,6,21.0,185,5,22,1,1,59,4,21
2,2,6.0,153,2,6,1,13,21,1,23
2,2,7.0,258,4,1,0,16,74,1,11
2,2,7.0,258,4,8,2,5,6,3,11
2,2,6.0,153,2,18,1,3,79,1,23
2,2,14.0,130,4,7,1,13,48,0,5
2,2,14.0,130,4,9,0,13,48,4,5
2,2,14.0,130,4,13,0,8,27,2,5
2,3,6.0,289,6,12,0,6,7,2,23
2,5,7.0,199,1,17,2,6,91,3,11
2,5,7.0,199,1,7,0,5,6,0,11
2,5,7.0,199,1,14,2,4,127,3,11
2,5,7.0,199,1,14,0,13,99,1,11
2,11,11.0,175,4,17,0,13,99,1,9
2,11,11.0,175,4,8,0,15,108,3,9
2,11,11.0,175,4,1,1,4,5,0,9
2,11,11.0,175,4,19,2,12,56,3,9
2,11,13.0,312,6,11,1,12,104,4,25
2,11,20.0,340,6,7,0,6,7,1,29
2,11,20.0,340,6,21,1,11,15,1,29
2,11,20.0,340,6,2,1,13,69,4,29
2,11,20.0,340,6,7,1,3,115,0,29
2,11,20.0,340,6,20,1,10,52,4,29
2,11,20.0,340,6,4,0,12,135,3,29
2,11,20.0,340,6,12,0,10,22,3,29
2,10,7.0,213,3,18,0,14,97,1,11
2,10,7.0,213,3,9,0,2,86,0,11
2,10,14.0,60,3,8,0,0,53,3,5
2,10,14.0,60,3,4,2,0,64,3,5
2,10,14.0,60,3,9,2,1,11,3,5
2,10,14.0,60,3,9,2,8,41,0,5
2,1,7.0,62,2,0,0,2,40,4,11
2,5,23.0,58,4,19,1,3,44,4,17
2,5,22.0,168,2,9,3,6,7,0,26
2,3,24.0,347,2,23,0,10,23,2,14
2,5,23.0,58,4,1,1,11,15,0,17
2,5,24.0,350,5,3,0,5,64,1,14
2,5,31.0,158,5,14,0,7,54,3,20
2,5,31.0,158,5,1,0,8,9,1,20
2,5,31.0,158,5,13,1,1,105,4,20
2,6,13.0,173,4,6,1,6,91,0,25
2,6,13.0,173,4,13,0,0,53,0,25
2,6,16.0,244,3,6,0,8,27,4,2
2,6,16.0,244,3,0,1,13,29,0,2
2,11,29.0,270,0,5,1,6,91,4,16
2,11,31.0,227,2,21,0,10,47,1,20
2,11,31.0,227,2,12,0,1,11,4,20
2,11,31.0,227,2,19,0,1,59,4,20
2,9,5.0,89,0,23,0,16,39,1,24
2,5,21.0,163,1,12,0,12,56,1,21
2,9,20.0,119,1,17,0,0,0,0,29
2,9,20.0,119,1,21,1,4,127,2,29
2,9,20.0,119,1,0,1,11,133,0,29
2,9,20.0,119,1,0,1,10,22,0,29
2,9,20.0,119,1,18,0,16,50,1,29
2,9,28.0,315,2,4,0,2,40,2,18
2,9,28.0,315,2,1,0,0,31,1,18
2,9,29.0,98,4,20,0,4,82,0,16
2,9,28.0,315,2,4,1,7,120,1,18
2,9,29.0,98,4,13,1,9,134,4,16
2,9,29.0,98,4,8,0,11,15,3,16
2,6,16.0,244,3,9,0,6,7,3,2
2,6,21.0,185,5,10,0,10,52,3,21
2,6,21.0,185,5,15,0,2,2,4,21
2,6,21.0,185,5,12,0,8,41,0,21
2,6,13.0,173,4,20,0,6,89,1,25
2,6,21.0,185,5,4,0,1,11,4,21
2,7,4.0,204,0,5,1,2,13,0,30
2,7,4.0,204,0,19,1,11,10,2,30
2,6,21.0,185,5,14,0,2,40,0,21
2,10,5.0,242,5,1,0,13,38,1,24
2,3,21.0,166,3,8,1,14,107,4,21
2,3,21.0,166,3,11,1,15,119,4,21
2,3,21.0,166,3,19,1,0,26,1,21
2,3,22.0,57,0,3,0,3,115,1,26
2,3,22.0,57,0,13,1,1,11,4,26
2,3,23.0,357,1,10,1,10,47,2,17
2,3,22.0,57,0,14,3,9,10,3,26
2,3,24.0,347,2,9,0,6,7,1,14
2,3,24.0,347,2,18,2,0,53,3,14
2,3,21.0,166,3,13,0,6,89,2,21
2,3,30.0,109,1,1,0,2,40,3,19
2,5,6.0,349,0,10,0,12,121,2,23
2,5,6.0,349,0,14,0,4,75,4,23
2,11,6.0,252,6,23,0,11,90,1,23
2,11,6.0,252,6,20,1,2,123,4,23
2,11,6.0,252,6,4,0,2,13,1,23
2,11,6.0,252,6,12,1,9,10,4,23
2,11,6.0,252,6,13,1,7,8,4,23
2,11,11.0,175,4,13,0,8,33,2,9
2,11,11.0,175,4,2,0,2,13,1,9
2,11,13.0,312,6,16,0,14,32,0,25
2,11,13.0,312,6,2,1,4,75,1,25
2,11,13.0,312,6,8,1,0,31,4,25
2,11,20.0,340,6,16,0,15,96,1,29
2,11,23.0,232,1,16,0,5,12,3,17
2,11,23.0,232,1,2,0,2,2,3,17
2,11,23.0,232,1,1,1,10,52,1,17
2,11,29.0,270,0,12,0,4,5,3,16
2,11,31.0,227,2,6,1,7,137,1,20
2,11,31.0,227,2,15,0,4,75,1,20
2,9,5.0,89,0,17,2,8,27,3,24
2,9,12.0,177,0,0,1,6,73,1,28
2,9,12.0,177,0,13,0,2,123,2,28
2,9,28.0,315,2,17,2,2,123,3,18
2,9,28.0,315,2,16,0,3,30,0,18
2,9,29.0,98,4,17,0,5,12,1,16
2,3,2.0,182,1,9,0,0,53,3,22
2,3,11.0,104,4,4,2,4,45,2,9
2,3,11.0,104,4,1,1,4,75,0,9
2,3,11.0,104,4,9,1,11,55,4,9
2,3,11.0,104,4,12,1,4,45,1,9
2,9,29.0,98,4,2,0,6,132,1,16
2,9,29.0,98,4,18,0,10,47,3,16
2,9,5.0,89,0,14,0,16,130,3,24
2,7,5.0,93,1,6,0,10,22,3,24
2,7,5.0,93,1,14,0,13,29,2,24
2,7,20.0,81,2,17,0,3,30,3,29
2,7,20.0,81,2,17,0,5,6,0,29
2,7,20.0,81,2,12,0,0,64,3,29
2,7,21.0,211,4,20,0,16,37,0,21
2,7,20.0,81,2,21,1,3,103,0,29
2,7,23.0,68,6,0,2,8,27,3,17
2,10,14.0,60,3,22,0,15,114,2,5
2,10,14.0,60,3,14,0,5,12,3,5
2,10,15.0,201,0,7,1,0,12,1,1
2,10,15.0,201,0,2,0,13,38,4,1
2,1,7.0,62,2,17,2,4,66,3,11
2,1,7.0,62,2,10,0,8,118,3,11
2,1,7.0,62,2,3,0,8,41,1,11
2,1,7.0,62,2,1,0,0,53,1,11
2,1,7.0,62,2,18,2,2,92,3,11
2,1,7.0,62,2,1,0,9,9,2,11
2,1,8.0,50,4,6,0,4,75,1,8
2,1,8.0,50,4,21,1,13,48,0,8
2,1,8.0,50,4,13,1,8,27,4,8
2,1,7.0,62,2,2,0,5,6,3,11
2,1,8.0,50,4,14,1,5,0,0,8
2,1,13.0,183,1,10,0,16,72,3,25
2,1,13.0,183,1,20,0,13,28,1,25
2,1,13.0,183,1,23,0,16,37,1,25
2,1,13.0,183,1,8,0,15,96,0,25
2,1,7.0,62,2,8,0,0,15,2,11
2,7,23.0,68,6,21,1,9,27,1,17
2,7,23.0,68,6,23,2,5,6,3,17
2,7,23.0,68,6,14,0,12,61,1,17
2,7,23.0,68,6,3,0,1,11,4,17
2,7,24.0,41,3,22,0,9,93,2,14
2,7,24.0,41,3,23,1,3,79,4,14
2,7,29.0,42,5,6,0,14,24,3,16
2,7,29.0,42,5,21,0,15,85,1,16
2,7,29.0,42,5,3,0,13,48,0,16
2,7,29.0,42,5,19,0,1,35,4,16
2,7,24.0,41,3,9,0,10,22,3,14
2,7,24.0,41,3,22,3,14,25,3,14
2,7,29.0,42,5,11,1,10,22,4,16
2,7,21.0,211,4,20,3,4,4,1,21
2,7,29.0,42,5,22,1,14,126,4,16
2,7,29.0,42,5,2,0,5,12,2,16
2,7,29.0,42,5,19,0,15,31,0,16
2,7,29.0,42,5,1,0,8,27,1,16
2,7,23.0,68,6,14,0,13,69,2,17
2,7,31.0,180,3,15,0,7,62,4,20
2,1,23.0,64,5,17,0,5,6,3,17
2,1,23.0,64,5,21,2,12,104,0,17
2,5,23.0,58,4,19,0,6,89,3,17
2,5,22.0,168,2,6,3,6,7,3,26
2,5,23.0,58,4,3,1,3,44,4,17
2,5,23.0,58,4,18,0,3,30,1,17
2,5,6.0,349,0,5,2,10,47,2,23
2,5,31.0,158,5,6,0,2,29,3,20
2,5,31.0,158,5,0,0,15,31,1,20
2,5,31.0,158,5,5,0,1,67,4,20
2,5,31.0,158,5,8,0,9,57,2,20
2,5,31.0,158,5,22,1,14,34,1,20
2,5,31.0,158,5,13,0,0,26,2,20
2,5,31.0,158,5,4,0,3,70,1,20
2,5,31.0,158,5,13,1,14,107,4,20
2,5,31.0,158,5,1,2,8,27,3,20
2,6,13.0,173,4,17,0,2,86,0,25
2,6,13.0,173,4,4,0,13,99,3,25
2,6,13.0,173,4,20,0,4,82,2,25
2,6,16.0,244,3,20,0,8,118,1,2
2,6,16.0,244,3,13,2,6,89,3,2
2,6,21.0,185,5,0,1,3,76,1,21
2,6,21.0,185,5,18,0,3,30,1,21
2,7,31.0,180,3,9,0,10,22,3,20
2,7,31.0,180,3,19,0,6,14,1,20
2,7,29.0,42,5,4,0,13,36,2,16
2,3,5.0,303,5,13,0,3,44,3,24
2,3,5.0,303,5,22,0,13,29,0,24
2,3,5.0,303,5,9,1,15,51,0,24
2,3,6.0,289,6,11,0,15,51,3,23
2,3,6.0,289,6,11,0,11,18,1,23
2,3,6.0,289,6,5,0,11,15,1,23
2,3,6.0,289,6,15,2,6,89,0,23
2,9,4.0,295,3,12,0,10,22,3,30
2,9,3.0,217,6,5,1,12,58,4,27
2,9,7.0,271,2,3,1,4,75,1,11
2,9,13.0,91,1,16,0,0,12,3,25
2,9,13.0,91,1,22,2,7,120,3,25
2,9,13.0,91,1,4,0,15,51,1,25
2,9,13.0,91,1,22,1,2,69,4,25
2,9,14.0,106,2,5,0,16,42,3,5
2,9,15.0,226,4,15,2,1,59,3,1
2,9,23.0,167,5,5,0,2,86,4,17
2,7,4.0,204,0,18,2,10,22,3,30
2,7,6.0,293,2,16,0,8,27,3,23
2,7,6.0,293,2,12,0,14,125,4,23
2,7,6.0,293,2,19,1,2,3,4,23
2,7,6.0,293,2,9,0,2,13,1,23
2,7,13.0,125,2,22,1,7,78,4,25
2,3,4.0,324,4,15,0,15,39,1,30
2,7,13.0,125,2,3,0,6,89,2,25
2,3,4.0,324,4,9,0,2,71,2,30
2,3,14.0,35,3,12,0,2,92,3,5
2,3,14.0,35,3,18,2,14,25,3,5
2,11,20.0,340,6,20,1,16,74,1,29
2,11,20.0,340,6,5,1,1,35,4,29
2,9,12.0,177,0,19,0,8,27,2,28
2,9,20.0,119,1,4,3,15,85,4,29
2,3,11.0,104,4,13,0,6,91,2,9
2,3,11.0,104,4,12,0,5,12,2,9
2,3,11.0,104,4,11,0,9,63,1,9
2,3,20.0,338,6,18,1,4,5,2,29
2,3,1.0,120,0,23,3,6,7,0,7
2,6,11.0,162,1,13,1,3,30,4,9
2,6,12.0,317,2,19,0,16,113,0,28
2,3,2.0,182,1,17,0,11,90,1,22
2,3,15.0,263,0,18,0,0,77,1,1
2,3,21.0,166,3,14,2,16,74,0,21
2,3,21.0,166,3,1,0,15,51,0,21
2,3,22.0,57,0,13,2,6,91,3,26
2,3,22.0,57,0,19,1,16,130,1,26
2,3,23.0,357,1,13,0,14,24,4,17
2,3,23.0,357,1,15,0,15,119,3,17
2,3,23.0,357,1,12,0,2,69,3,17
2,3,23.0,357,1,8,0,7,120,4,17
2,3,24.0,347,2,16,0,0,53,3,14
2,3,24.0,347,2,23,1,16,74,0,14
2,3,30.0,109,1,17,0,6,128,3,19
2,3,30.0,109,1,9,1,14,106,0,19
2,5,6.0,349,0,21,0,2,86,1,23
2,5,6.0,349,0,9,0,2,2,3,23
2,5,22.0,168,2,11,1,6,7,4,26
2,5,22.0,168,2,14,0,10,52,2,26
2,5,22.0,168,2,14,1,13,38,4,26
2,5,23.0,58,4,6,0,8,9,2,17
2,9,20.0,119,1,19,0,12,61,3,29
2,11,11.0,175,4,1,0,15,39,0,9
2,11,11.0,175,4,12,2,16,130,3,9
2,11,13.0,312,6,22,0,13,29,4,25
2,11,13.0,312,6,3,1,4,45,4,25
2,11,13.0,312,6,11,1,15,51,4,25
2,11,20.0,340,6,23,2,16,130,0,29
2,11,20.0,340,6,12,1,16,74,1,29
2,11,23.0,232,1,16,0,10,47,0,17
2,11,23.0,232,1,8,0,16,113,0,17
2,11,29.0,270,0,16,0,12,80,0,16
0,11,28.0,123,6,13,3,5,6,2,18
2,11,29.0,270,0,14,0,16,50,1,16
2,11,31.0,227,2,6,0,0,15,3,20
2,9,5.0,89,0,1,0,4,75,4,24
2,5,31.0,158,5,7,1,16,37,0,20
2,5,31.0,158,5,20,0,13,38,2,20
2,5,31.0,158,5,5,2,14,34,2,20
2,5,31.0,158,5,1,0,14,110,1,20
2,5,31.0,158,5,6,1,13,99,2,20
2,6,13.0,173,4,21,1,14,106,0,25
2,6,13.0,173,4,3,1,7,31,1,25
2,6,13.0,173,4,8,0,3,30,0,25
2,6,13.0,173,4,2,0,2,13,1,25
2,6,13.0,173,4,8,0,6,89,1,25
2,6,13.0,173,4,8,0,4,5,3,25
2,11,15.0,331,0,0,1,3,103,0,1
2,11,15.0,331,0,21,0,14,107,1,1
2,11,15.0,331,0,8,0,4,5,3,1
2,11,15.0,331,0,12,0,7,137,4,1
2,11,22.0,250,0,4,0,10,23,0,26
2,9,12.0,177,0,9,0,12,61,1,28
2,9,12.0,177,0,18,1,9,134,4,28
2,9,20.0,119,1,6,0,14,25,1,29
2,9,20.0,119,1,19,0,1,11,1,29
2,9,28.0,315,2,16,0,11,15,3,18
2,11,13.0,312,6,17,0,10,12,1,25
2,11,13.0,312,6,5,0,9,87,4,25
2,11,13.0,312,6,4,0,16,72,1,25
2,11,20.0,340,6,12,0,0,12,2,29
2,11,20.0,340,6,12,0,12,84,3,29
2,11,23.0,232,1,23,1,11,98,4,17
2,11,29.0,270,0,14,0,1,59,1,16
2,9,5.0,89,0,22,0,13,38,2,24
2,9,12.0,177,0,19,0,8,33,3,28
2,9,20.0,119,1,0,0,5,6,0,29
2,9,28.0,315,2,16,0,13,13,0,18
2,9,28.0,315,2,0,1,4,127,1,18
2,7,5.0,93,1,16,0,5,12,3,24
2,9,3.0,217,6,8,0,5,6,2,27
2,9,3.0,217,6,3,1,0,15,1,27
2,9,3.0,217,6,18,2,9,54,3,27
2,9,4.0,295,3,17,0,5,6,0,30
2,9,4.0,295,3,11,0,5,6,2,30
0,4,21.0,339,6,11,0,11,15,2,21
2,9,6.0,51,1,17,0,13,75,3,23
2,9,7.0,271,2,16,0,10,23,1,11
2,9,6.0,51,1,15,1,3,103,2,23
2,9,6.0,51,1,13,0,4,75,1,23
2,9,14.0,106,2,16,0,14,110,3,5
2,9,15.0,226,4,4,0,16,42,1,1
2,9,21.0,362,2,21,0,14,126,3,21
2,9,21.0,362,2,0,2,13,13,0,21
2,9,21.0,362,2,20,1,1,81,4,21
2,9,21.0,362,2,15,0,4,45,3,21
2,9,21.0,362,2,4,2,5,6,0,21
2,9,23.0,167,5,11,1,10,47,1,17
2,9,23.0,167,5,5,0,16,37,4,17
2,9,23.0,167,5,22,0,4,136,2,17
2,9,23.0,167,5,13,0,6,89,1,17
2,7,4.0,204,0,15,0,2,86,2,30
2,7,6.0,293,2,23,1,16,72,4,23
2,7,13.0,125,2,15,0,2,92,1,25
2,3,4.0,324,4,16,2,6,89,0,30
2,3,4.0,324,4,4,0,10,22,1,30
2,3,4.0,324,4,2,2,13,99,1,30
2,3,14.0,35,3,16,1,9,87,0,5
2,3,14.0,35,3,8,2,10,52,3,5
2,3,14.0,35,3,15,1,16,50,1,5
2,3,14.0,35,3,4,1,14,88,4,5
2,3,14.0,35,3,18,0,0,64,0,5
2,3,15.0,263,0,1,0,8,118,1,1
2,3,15.0,263,0,18,2,11,124,3,1
2,3,21.0,166,3,16,1,11,117,1,21
2,3,21.0,166,3,5,0,14,25,3,21
2,3,21.0,166,3,22,0,14,107,0,21
2,3,23.0,357,1,17,1,10,22,4,17
2,3,24.0,347,2,21,1,14,24,0,14
2,3,24.0,347,2,13,0,12,17,2,14
2,3,23.0,357,1,6,0,13,123,0,17
2,3,24.0,347,2,1,0,5,64,2,14
2,3,24.0,347,2,12,1,6,7,0,14
2,3,24.0,347,2,18,0,13,28,0,14
2,3,30.0,109,1,21,0,13,28,0,19
2,3,30.0,109,1,14,1,5,12,0,19
2,3,30.0,109,1,1,0,2,86,0,19
2,5,6.0,349,0,19,2,12,100,0,23
2,5,6.0,349,0,4,0,16,74,1,23
2,5,6.0,349,0,9,0,6,116,0,23
2,5,6.0,349,0,2,0,16,50,3,23
2,9,4.0,295,3,13,2,13,38,3,30
2,9,3.0,217,6,18,2,5,6,2,27
2,5,22.0,168,2,8,0,4,75,3,26
2,5,22.0,168,2,19,0,2,86,3,26
2,5,23.0,58,4,6,1,1,105,0,17
2,7,5.0,93,1,7,0,9,93,1,24
2,7,5.0,93,1,4,0,13,38,1,24
2,10,26.0,302,5,17,0,1,35,4,3
2,10,26.0,302,5,17,0,13,28,3,3
3,2,7.0,153,5,2,2,11,94,3,11
2,2,30.0,8,6,2,2,2,86,3,19
3,0,7.0,15,3,1,2,8,19,3,11
2,10,26.0,302,5,15,0,2,40,1,3
2,10,26.0,302,5,2,2,4,75,3,3
2,8,1.0,77,3,11,0,4,75,1,7
2,10,26.0,302,5,1,0,2,2,4,3
2,10,26.0,302,5,18,0,10,43,3,3
2,10,27.0,216,6,8,0,9,102,4,15
2,10,27.0,216,6,8,0,5,6,0,15
2,10,27.0,216,6,19,0,10,22,3,15
2,10,27.0,216,6,23,1,12,104,4,15
2,1,27.0,300,1,12,0,0,26,3,15
2,8,4.0,101,2,11,0,14,32,3,30
2,1,27.0,300,1,4,0,9,102,1,15
2,1,27.0,300,1,8,1,1,11,4,15
2,1,27.0,300,1,14,0,8,118,3,15
2,1,29.0,100,4,0,2,14,32,3,16
2,1,29.0,100,4,14,0,6,89,3,16
2,8,1.0,77,3,11,0,14,25,1,7
2,8,1.0,77,3,8,3,9,57,4,7
2,8,2.0,363,0,3,0,1,67,0,22
2,8,1.0,77,3,9,1,7,78,4,7
2,3,19.0,105,5,7,1,15,31,0,10
2,8,1.0,77,3,9,0,10,47,2,7
2,8,2.0,363,0,11,2,16,65,3,22
2,8,3.0,299,1,12,0,11,18,3,27
2,8,3.0,299,1,9,1,12,83,4,27
2,1,27.0,300,1,8,0,9,58,2,15
2,8,9.0,71,0,22,0,9,27,0,12
2,8,9.0,71,0,1,0,9,95,2,12
2,8,12.0,189,4,14,0,10,52,3,28
2,1,12.0,207,0,2,0,2,2,4,28
2,8,12.0,189,4,4,2,6,7,0,28
2,8,19.0,319,4,11,0,5,6,2,10
2,8,26.0,78,4,19,0,5,6,0,3
2,8,27.0,224,5,14,0,0,12,3,15
2,8,27.0,224,5,18,0,4,82,4,15
2,8,10.0,306,1,17,1,7,129,1,4
2,4,27.0,218,3,8,0,4,82,1,15
2,10,29.0,157,0,4,0,5,12,2,16
2,4,27.0,218,3,14,1,16,37,4,15
2,2,10.0,297,3,12,3,13,21,3,4
2,8,28.0,301,6,0,0,2,2,4,18
2,8,28.0,301,6,23,1,11,133,4,18
2,8,29.0,103,3,6,0,0,53,3,16
2,10,27.0,216,6,18,1,1,16,0,15
2,10,26.0,302,5,19,3,10,47,1,3
2,10,17.0,246,2,17,0,5,12,2,6
2,1,1.0,171,4,6,0,11,15,0,7
2,1,1.0,171,4,22,0,6,89,1,7
2,1,1.0,171,4,14,0,0,26,3,7
2,1,1.0,171,4,19,0,13,21,1,7
2,1,2.0,188,5,17,0,2,40,2,22
2,1,2.0,188,5,6,0,2,92,1,22
2,1,2.0,188,5,11,0,6,132,4,22
2,1,1.0,171,4,12,0,14,24,2,7
2,1,2.0,188,5,2,0,10,52,0,22
2,1,2.0,188,5,2,0,8,9,3,22
2,1,2.0,188,5,18,0,12,100,4,22
2,1,2.0,188,5,9,0,2,13,4,22
2,1,2.0,188,5,3,1,7,129,1,22
2,1,4.0,219,3,17,0,9,101,1,30
2,1,4.0,219,3,5,0,5,6,0,30
2,1,4.0,219,3,5,1,16,42,4,30
2,1,4.0,219,3,22,2,1,59,0,30
2,1,4.0,219,3,22,1,4,4,4,30
2,1,4.0,219,3,1,0,12,17,4,30
2,8,2.0,363,0,1,1,4,45,0,22
2,8,3.0,299,1,9,0,1,105,4,27
2,8,9.0,71,0,17,0,11,15,2,12
2,8,9.0,71,0,17,0,13,21,3,12
2,8,9.0,71,0,11,0,14,97,2,12
2,8,9.0,71,0,13,0,2,86,1,12
2,8,9.0,71,0,12,0,7,20,3,12
2,8,9.0,71,0,1,0,8,27,2,12
2,8,12.0,189,4,17,0,10,47,0,28
2,8,12.0,189,4,17,0,4,121,1,28
2,8,1.0,77,3,17,0,3,70,4,7
2,2,19.0,264,1,17,1,14,25,0,10
3,1,2.0,171,6,19,0,14,25,2,22
2,8,26.0,78,4,6,0,4,127,3,3
2,8,27.0,224,5,0,1,8,19,0,15
2,8,27.0,224,5,11,0,6,7,0,15
2,1,4.0,219,3,12,0,13,38,2,30
2,8,26.0,78,4,3,0,1,67,2,3
2,8,27.0,224,5,1,0,10,47,3,15
2,8,28.0,301,6,15,0,2,86,2,18
2,8,29.0,103,3,0,0,12,61,4,16
2,8,29.0,103,3,3,0,6,7,1,16
2,3,19.0,105,5,13,1,8,27,1,10
2,10,1.0,358,0,5,1,3,115,4,7
3,5,18.0,195,3,3,3,10,47,0,0
3,2,7.0,153,5,4,0,4,4,1,11
0,0,31.0,290,3,1,0,6,14,1,20
2,11,15.0,331,0,4,1,11,133,0,1
2,9,7.0,271,2,9,0,8,118,4,11
2,9,23.0,167,5,3,0,16,74,2,17
2,9,6.0,51,1,13,0,2,86,4,23
2,3,15.0,263,0,3,1,4,4,4,1
2,3,21.0,166,3,8,0,6,91,2,21
3,6,1.0,158,3,13,1,0,77,0,7
2,1,21.0,164,2,14,0,13,13,0,21
2,1,21.0,164,2,1,0,7,57,4,21
2,1,21.0,164,2,18,0,6,7,3,21
2,1,27.0,300,1,17,0,11,94,2,15
2,1,27.0,300,1,3,0,10,22,2,15
2,1,27.0,300,1,6,0,14,34,0,15
2,10,27.0,216,6,3,1,3,79,1,15
2,10,27.0,216,6,3,0,4,4,1,15
2,1,1.0,171,4,17,0,13,48,1,7
2,10,1.0,358,0,17,1,9,95,1,7
2,1,1.0,171,4,17,0,3,70,1,7
2,1,1.0,171,4,7,0,12,121,3,7
2,1,1.0,171,4,12,0,8,9,3,7
2,1,1.0,171,4,12,0,1,11,4,7
2,1,2.0,188,5,23,0,5,12,3,22
2,1,1.0,171,4,4,1,10,47,0,7
2,10,26.0,302,5,19,0,4,79,2,3
2,10,27.0,216,6,17,1,0,12,0,15
2,1,2.0,188,5,1,0,5,12,3,22
2,4,24.0,20,4,17,0,14,97,2,14
2,2,9.0,28,6,19,1,9,27,0,12
2,10,30.0,135,1,1,0,14,25,0,19
0,10,19.0,117,2,13,0,2,69,1,10
2,1,17.0,82,6,13,0,13,28,3,6
2,8,30.0,144,0,8,0,16,65,4,19
2,10,31.0,203,2,20,0,10,47,1,20
2,8,30.0,144,0,8,1,2,13,1,19
2,4,23.0,27,2,1,0,12,121,0,17
2,2,9.0,28,6,17,1,0,77,1,12
2,2,9.0,28,6,17,3,10,47,1,12
3,0,6.0,260,6,22,1,9,134,4,23
3,0,6.0,260,6,4,0,10,43,1,23
3,0,6.0,260,6,2,0,11,133,3,23
3,0,7.0,15,3,20,0,0,77,1,11
3,0,7.0,15,3,13,1,4,127,4,11
3,0,7.0,15,3,13,0,15,39,4,11
3,0,7.0,15,3,14,0,12,84,1,11
3,0,13.0,198,6,23,0,10,23,1,25
3,0,13.0,198,6,3,0,6,132,1,25
3,0,24.0,55,2,1,0,9,49,1,14
2,1,4.0,219,3,10,0,15,96,1,30
2,1,4.0,219,3,17,0,6,132,4,30
2,1,10.0,111,6,17,2,5,6,3,4
2,1,10.0,111,6,11,0,10,52,1,4
2,1,10.0,111,6,15,1,3,30,4,4
2,1,4.0,219,3,1,0,9,54,0,30
2,1,10.0,111,6,18,0,15,31,1,4
2,1,10.0,111,6,1,0,0,12,0,4
2,1,10.0,111,6,3,0,10,47,3,4
2,1,12.0,207,0,3,2,2,86,2,28
2,1,12.0,207,0,20,1,2,123,4,28
2,7,3.0,186,3,4,2,10,43,3,27
2,7,3.0,186,3,19,0,9,95,2,27
2,7,10.0,197,3,23,0,11,133,1,4
2,7,10.0,197,3,3,2,6,7,3,4
2,7,10.0,197,3,14,0,14,97,1,4
2,7,28.0,268,4,3,0,10,43,1,18
0,1,1.0,203,1,1,0,6,89,1,7
2,3,16.0,54,1,6,0,7,111,0,2
0,0,18.0,0,0,13,0,16,42,2,0
2,3,25.0,343,4,21,0,9,102,3,13
2,3,25.0,343,4,3,1,1,59,4,13
2,3,25.0,343,4,2,0,5,12,3,13
2,5,2.0,161,4,15,0,8,9,1,22
2,5,2.0,161,4,13,0,8,41,0,22
2,5,2.0,161,4,8,0,9,57,2,22
2,5,8.0,206,2,11,0,4,121,1,8
2,5,11.0,327,6,8,1,0,77,1,9
2,5,18.0,146,6,7,1,0,68,4,0
2,5,18.0,146,6,12,0,15,114,3,0
2,5,18.0,146,6,18,1,14,34,1,0
2,5,25.0,37,6,16,1,15,51,4,13
2,5,25.0,37,6,20,2,2,86,1,13
2,5,25.0,37,6,13,0,16,50,3,13
2,5,27.0,259,0,23,2,1,1,3,15
2,7,10.0,197,3,12,0,2,123,1,4
2,7,10.0,197,3,18,0,8,19,3,4
2,3,16.0,54,1,0,0,0,15,3,2
2,3,16.0,54,1,19,0,8,118,1,2
2,1,2.0,188,5,17,0,1,11,1,22
2,1,10.0,111,6,3,1,8,9,4,4
2,1,10.0,111,6,1,2,1,100,3,4
2,1,10.0,111,6,9,0,13,21,4,4
2,1,10.0,111,6,11,0,15,96,1,4
2,1,19.0,151,0,0,0,3,103,3,10
2,1,19.0,151,0,2,2,13,28,0,10
2,1,19.0,151,0,19,0,13,48,3,10
2,1,19.0,151,0,12,0,4,138,3,10
2,1,19.0,151,0,9,0,10,22,1,10
2,1,19.0,151,0,9,0,0,77,3,10
2,1,21.0,164,2,3,0,9,49,1,21
2,1,21.0,164,2,19,2,15,108,3,21
2,1,21.0,164,2,18,0,8,118,1,21
2,1,27.0,300,1,6,0,5,12,0,15
2,5,18.0,146,6,17,0,1,16,4,0
2,1,29.0,100,4,19,0,5,12,0,16
2,1,29.0,100,4,4,0,0,77,1,16
2,8,1.0,77,3,6,1,12,17,4,7
2,8,1.0,77,3,13,1,5,6,4,7
2,8,1.0,77,3,15,0,6,7,1,7
2,8,1.0,77,3,13,1,12,135,4,7
2,8,1.0,77,3,9,0,9,95,2,7
2,8,1.0,77,3,1,0,11,94,1,7
2,8,2.0,363,0,0,1,14,106,4,22
2,8,2.0,363,0,23,0,1,67,1,22
2,8,2.0,363,0,22,0,10,22,1,22
2,8,2.0,363,0,12,0,10,47,0,22
2,8,2.0,363,0,22,0,11,124,1,22
2,8,2.0,363,0,14,0,0,64,0,22
2,8,2.0,363,0,9,2,5,6,0,22
2,8,2.0,363,0,18,0,0,26,3,22
2,8,2.0,363,0,9,0,9,102,3,22
2,8,3.0,299,1,16,0,15,51,3,27
2,4,11.0,134,5,1,1,12,80,0,9
2,2,10.0,297,3,15,3,6,91,4,4
2,1,28.0,112,2,1,0,11,117,1,18
2,4,11.0,134,5,12,1,6,7,0,9
2,8,3.0,299,1,16,0,0,12,0,27
2,8,3.0,299,1,6,0,14,110,1,27
2,8,3.0,299,1,0,0,0,85,3,27
2,8,3.0,299,1,5,1,2,92,1,27
2,8,3.0,299,1,3,0,16,74,1,27
2,8,3.0,299,1,9,0,2,71,2,27
2,8,9.0,71,0,19,0,0,53,3,12
2,8,9.0,71,0,18,0,1,11,1,12
2,8,9.0,71,0,20,3,4,66,3,12
2,8,9.0,71,0,12,0,3,4,0,12
2,8,19.0,319,4,0,1,9,10,0,10
2,8,9.0,71,0,12,0,1,11,1,12
2,8,19.0,319,4,17,1,8,19,0,10
2,8,26.0,78,4,17,2,16,72,3,3
2,8,26.0,78,4,21,1,8,19,0,3
2,8,26.0,78,4,15,0,0,12,1,3
2,8,10.0,306,1,5,1,14,131,0,4
2,8,10.0,306,1,21,1,6,7,2,4
2,8,11.0,284,2,12,3,15,51,2,9
2,8,26.0,78,4,19,0,8,41,1,3
2,8,26.0,78,4,9,0,10,22,1,3
2,8,27.0,224,5,17,0,16,74,3,15
2,8,27.0,224,5,9,0,0,77,3,15
2,8,26.0,78,4,19,0,16,50,1,3
2,8,27.0,224,5,11,0,10,22,2,15
2,8,28.0,301,6,20,0,8,65,3,18
2,8,28.0,301,6,3,0,10,12,1,18
2,8,28.0,301,6,6,1,11,133,4,18
2,8,28.0,301,6,16,1,9,27,0,18
2,8,28.0,301,6,8,0,8,41,2,18
2,8,29.0,103,3,4,0,6,132,1,16
2,8,28.0,301,6,15,0,3,30,1,18
2,8,29.0,103,3,7,1,10,47,1,16
2,4,1.0,141,1,17,0,11,18,1,7
2,8,1.0,77,3,18,0,2,2,3,7
2,8,2.0,363,0,18,0,8,41,1,22
2,7,25.0,316,0,12,1,10,12,0,13
2,7,25.0,316,0,14,1,10,12,0,13
2,5,1.0,307,2,4,0,3,79,1,7
2,5,1.0,307,2,12,1,9,10,4,7
2,5,1.0,307,2,1,0,9,54,4,7
2,5,26.0,328,3,13,0,4,75,2,3
2,6,28.0,335,5,12,0,3,70,1,18
2,3,1.0,120,0,5,1,0,12,1,7
2,6,12.0,317,2,4,0,4,5,2,28
2,10,18.0,117,4,13,0,4,5,1,0
2,3,19.0,105,5,23,1,8,41,4,10
2,3,25.0,343,4,13,0,0,68,2,13
2,3,25.0,343,4,3,0,1,67,2,13
3,0,5.0,122,5,1,1,10,12,0,24
2,3,25.0,343,4,22,0,8,27,2,13
2,3,25.0,343,4,2,0,10,23,1,13
2,5,2.0,161,4,3,0,4,82,2,22
2,5,8.0,206,2,6,1,3,103,0,8
2,5,8.0,206,2,0,1,9,9,0,8
2,5,8.0,206,2,21,1,3,103,0,8
2,5,8.0,206,2,7,0,6,89,3,8
2,5,8.0,206,2,7,1,8,27,0,8
2,5,8.0,206,2,16,0,11,117,1,8
2,9,25.0,344,3,13,0,1,84,3,13
2,5,11.0,327,6,15,0,2,40,1,9
2,5,11.0,327,6,13,0,15,51,3,9
2,5,11.0,327,6,12,2,8,27,3,9
2,5,11.0,327,6,1,1,13,21,1,9
2,5,18.0,146,6,3,2,11,94,0,0
2,1,12.0,207,0,1,0,6,132,4,28
2,1,19.0,151,0,16,0,2,13,0,10
2,1,12.0,207,0,2,0,0,15,2,28
2,1,21.0,164,2,19,2,9,134,0,21
2,1,27.0,300,1,16,2,2,92,3,15
2,1,27.0,300,1,0,0,5,64,2,15
2,1,27.0,300,1,5,0,9,134,4,15
2,1,27.0,300,1,14,0,5,64,3,15
2,1,29.0,100,4,6,0,6,73,3,16
2,1,29.0,100,4,8,0,14,107,1,16
2,1,29.0,100,4,20,0,9,101,2,16
2,1,29.0,100,4,1,2,2,2,3,16
2,1,29.0,100,4,1,0,11,18,0,16
2,1,19.0,151,0,4,0,13,38,2,10
2,1,19.0,151,0,18,1,12,61,0,10
2,1,27.0,300,1,23,0,15,85,1,15
2,1,27.0,300,1,12,0,3,30,0,15
2,1,27.0,300,1,19,1,11,94,1,15
2,1,27.0,300,1,18,0,3,30,3,15
2,1,29.0,100,4,19,0,0,96,4,16
2,8,1.0,77,3,13,0,3,76,1,7
2,8,1.0,77,3,4,2,16,37,0,7
2,8,1.0,77,3,18,0,14,24,0,7
2,8,1.0,77,3,7,1,12,135,4,7
2,8,2.0,363,0,14,2,7,111,3,22
2,8,2.0,363,0,9,0,6,7,2,22
2,8,3.0,299,1,12,0,0,31,3,27
2,1,12.0,207,0,5,0,1,67,1,28
2,1,12.0,207,0,11,1,16,50,4,28
2,1,12.0,207,0,13,0,5,64,3,28
2,1,12.0,207,0,15,0,14,25,1,28
2,1,12.0,207,0,3,0,3,115,4,28
2,1,12.0,207,0,4,0,3,44,1,28
2,1,12.0,207,0,9,0,15,46,0,28
2,1,12.0,207,0,1,0,11,133,3,28
2,1,12.0,207,0,17,1,9,87,0,28
2,1,21.0,164,2,10,0,10,22,3,21
2,1,21.0,164,2,1,0,13,29,1,21
2,1,19.0,151,0,1,0,0,68,4,10
2,1,27.0,300,1,19,0,2,2,3,15
2,1,27.0,300,1,0,2,5,6,3,15
2,1,27.0,300,1,14,0,10,30,3,15
2,1,27.0,300,1,23,1,5,6,0,15
2,1,27.0,300,1,14,3,0,77,3,15
2,1,27.0,300,1,10,1,13,99,0,15
2,8,1.0,77,3,21,0,15,119,0,7
2,9,1.0,126,4,17,0,10,47,1,7
2,10,2.0,310,1,1,0,2,2,1,22
3,3,11.0,337,5,1,3,2,123,4,9
2,10,12.0,346,5,9,0,6,7,3,28
2,5,27.0,259,0,12,0,9,93,3,15
2,5,27.0,259,0,19,0,9,83,2,15
2,6,9.0,149,3,8,1,13,29,4,12
2,6,9.0,149,3,4,0,4,4,3,12
2,6,9.0,149,3,9,0,1,11,1,12
2,6,9.0,149,3,9,0,16,50,1,12
2,6,10.0,355,0,17,2,5,6,0,4
2,1,20.0,45,1,18,0,10,22,3,29
2,6,9.0,149,3,22,0,9,57,3,12
2,6,10.0,355,0,16,1,6,14,0,4
2,6,18.0,291,1,11,0,0,77,1,0
2,6,18.0,291,1,16,0,5,12,3,0
2,6,29.0,145,6,8,0,9,57,3,16
2,6,29.0,145,6,2,0,4,127,3,16
2,6,29.0,145,6,1,0,10,47,3,16
2,6,29.0,145,6,9,0,14,126,4,16
2,10,1.0,358,0,16,0,10,47,2,7
2,10,1.0,358,0,6,1,4,121,0,7
2,10,1.0,358,0,8,0,11,18,1,7
2,10,1.0,358,0,12,0,10,22,1,7
2,10,2.0,310,1,1,2,1,11,3,22
2,10,2.0,310,1,4,0,10,22,1,22
2,10,12.0,346,5,16,0,15,51,1,28
2,10,12.0,346,5,17,0,12,61,4,28
2,10,12.0,346,5,22,0,0,53,0,28
2,10,12.0,346,5,2,0,1,1,3,28
2,10,12.0,346,5,19,0,11,94,1,28
3,8,22.0,354,0,12,0,8,41,3,26
3,8,22.0,354,0,1,0,4,66,0,26
3,8,22.0,354,0,9,0,8,118,3,26
2,11,1.0,222,0,0,0,7,57,4,7
2,11,1.0,222,0,6,0,0,12,0,7
2,11,1.0,222,0,13,1,13,99,4,7
2,11,16.0,225,1,3,2,6,128,3,2
2,11,16.0,225,1,13,0,8,118,1,2
2,9,1.0,126,4,10,2,6,73,4,7
2,9,1.0,126,4,9,0,13,99,4,7
2,9,2.0,323,5,22,0,4,121,1,22
2,10,12.0,346,5,12,0,5,6,3,28
3,8,22.0,354,0,4,0,13,48,3,26
3,6,21.0,193,6,17,3,9,102,1,21
3,4,14.0,345,1,21,0,2,92,1,5
3,4,14.0,345,1,15,3,8,19,0,5
3,4,14.0,345,1,8,0,14,24,0,5
3,4,14.0,345,1,19,1,12,61,4,5
3,4,14.0,345,1,4,0,10,23,1,5
3,4,14.0,345,1,18,0,12,61,3,5
3,4,21.0,339,1,17,0,0,68,4,21
3,4,21.0,339,1,21,0,4,4,1,21
3,4,24.0,27,5,13,0,13,38,3,14
3,4,24.0,27,5,22,0,5,64,2,14
3,4,24.0,27,5,12,0,16,50,1,14
2,9,26.0,267,0,22,0,2,2,2,3
2,7,2.0,269,6,18,0,3,44,3,22
3,4,24.0,27,5,12,0,2,2,3,14
3,4,24.0,27,5,18,1,13,38,0,14
2,10,12.0,346,5,13,1,7,54,1,28
2,10,17.0,246,2,0,0,3,76,1,6
2,10,17.0,246,2,6,0,0,26,0,6
2,10,17.0,246,2,15,0,15,114,1,6
2,10,17.0,246,2,8,0,0,77,1,6
2,10,17.0,246,2,14,0,6,89,3,6
2,10,19.0,223,5,16,1,11,10,4,10
2,10,19.0,223,5,13,0,7,120,1,10
2,10,19.0,223,5,15,1,1,105,4,10
2,10,19.0,223,5,4,2,14,32,3,10
2,10,19.0,223,5,1,0,0,31,4,10
2,10,19.0,223,5,14,2,7,111,3,10
2,10,20.0,341,6,12,2,13,21,3,29
2,10,19.0,223,5,15,2,12,61,2,10
2,10,20.0,341,6,9,0,13,21,1,29
2,10,20.0,341,6,18,0,8,118,4,29
2,10,26.0,302,5,17,2,13,48,0,3
2,10,26.0,302,5,23,1,9,9,1,3
2,10,26.0,302,5,19,0,4,5,0,3
2,10,26.0,302,5,16,0,10,22,3,3
2,10,26.0,302,5,14,0,13,21,1,3
2,1,20.0,45,1,4,1,9,87,4,29
2,1,28.0,112,2,9,1,4,75,1,18
2,1,28.0,112,2,16,0,8,27,0,18
3,2,7.0,153,5,8,0,5,64,1,11
2,7,25.0,316,0,12,1,3,79,4,13
2,7,25.0,316,0,11,1,3,103,4,13
3,2,6.0,251,4,18,1,6,116,4,23
3,2,7.0,153,5,14,2,6,132,3,11
3,2,6.0,251,4,8,0,5,6,2,23
2,8,3.0,299,1,11,1,10,47,0,27
2,8,3.0,299,1,0,2,15,46,3,27
2,1,1.0,171,4,17,3,4,75,4,7
2,8,12.0,189,4,23,0,0,12,3,28
2,8,19.0,319,4,17,0,15,112,1,10
2,10,1.0,358,0,13,0,10,52,1,7
2,8,19.0,319,4,4,0,13,48,0,10
2,8,19.0,319,4,8,0,1,59,1,10
2,8,19.0,319,4,9,0,8,27,2,10
2,8,26.0,78,4,7,0,16,37,1,3
2,8,2.0,363,0,2,0,0,26,0,22
2,8,26.0,78,4,18,0,2,13,0,3
2,8,27.0,224,5,13,0,2,92,2,15
2,8,28.0,301,6,8,2,8,33,1,18
2,8,29.0,103,3,12,0,10,52,4,16
2,4,5.0,176,6,22,0,13,29,4,24
2,4,1.0,141,1,0,0,5,12,3,7
3,11,6.0,252,0,17,1,4,75,1,23
3,7,9.0,273,3,1,0,9,95,2,12
0,0,22.0,241,5,17,1,9,49,1,26
3,8,11.0,306,4,9,1,13,36,4,9
3,8,11.0,306,4,13,0,0,0,2,9
3,2,19.0,137,2,3,1,16,74,1,10
3,0,10.0,129,2,17,1,8,33,0,4
2,10,8.0,150,0,15,1,7,129,4,8
2,10,13.0,174,6,17,1,13,29,1,25
2,10,25.0,61,4,14,2,8,118,3,13
2,10,31.0,203,2,14,2,9,54,2,20
2,10,31.0,203,2,9,0,6,91,4,20
2,10,31.0,203,2,16,0,5,12,0,20
2,2,9.0,28,6,13,1,1,11,4,12
2,4,1.0,141,1,2,0,13,38,0,7
2,4,5.0,176,6,5,1,6,128,4,24
2,4,12.0,221,6,20,0,4,82,1,28
2,8,26.0,78,4,18,0,6,7,4,3
2,4,12.0,221,6,22,0,8,27,2,28
2,4,12.0,221,6,8,0,2,40,4,28
2,4,18.0,142,5,6,2,2,2,1,0
2,4,18.0,142,5,5,0,8,9,1,0
2,4,28.0,313,0,1,0,13,38,3,18
2,4,28.0,313,0,1,0,2,69,3,18
2,4,29.0,139,1,17,0,16,50,1,16
2,4,29.0,139,1,0,0,0,53,3,16
2,4,29.0,139,1,16,0,15,39,3,16
2,4,29.0,139,1,0,2,16,74,0,16
2,4,29.0,139,1,10,2,2,2,3,16
2,4,29.0,139,1,23,0,8,41,4,16
2,4,29.0,139,1,2,0,6,89,3,16
2,4,29.0,139,1,1,0,14,125,4,16
2,4,29.0,139,1,22,1,12,61,4,16
2,4,28.0,313,0,2,0,3,30,4,18
2,2,5.0,251,1,8,0,2,86,1,24
2,8,22.0,102,3,15,1,0,26,1,26
3,9,9.0,320,3,14,1,0,12,0,12
0,0,5.0,122,1,13,1,6,73,4,24
3,8,10.0,71,2,11,0,5,6,0,4
2,5,16.0,212,4,6,0,5,6,1,2
2,6,7.0,59,5,4,3,12,17,3,11
2,10,25.0,61,4,23,0,6,7,4,13
2,10,31.0,203,2,12,1,9,102,1,20
2,5,5.0,277,3,17,0,5,12,1,24
3,2,28.0,257,5,11,1,16,130,4,18
2,8,8.0,124,3,11,0,13,99,2,8
2,8,8.0,124,3,8,0,6,91,2,8
2,0,31.0,365,1,4,1,0,31,0,20
1,11,1.0,222,6,6,0,2,92,1,7
2,0,17.0,0,1,22,1,3,30,1,6
3,11,9.0,311,4,13,1,1,35,4,12
3,7,8.0,94,6,9,0,0,26,1,8
2,11,31.0,227,2,3,1,4,45,4,20
2,11,29.0,270,0,18,1,9,63,4,16
2,9,5.0,89,0,16,3,0,26,1,24
3,1,18.0,82,0,2,1,10,23,0,0
3,8,9.0,124,1,0,1,10,12,0,12
3,2,8.0,258,6,20,3,16,130,3,8
2,5,7.0,199,1,5,1,13,48,4,11
2,5,13.0,36,0,8,3,12,56,0,25
1,1,1.0,203,0,17,0,6,7,3,7
2,0,9.0,129,0,22,0,14,32,4,12
2,4,27.0,218,3,3,0,6,89,2,15
2,4,26.0,274,6,17,0,0,31,1,3
2,2,4.0,127,0,19,0,10,23,1,30
2,2,10.0,297,3,3,1,11,117,0,4
3,2,12.0,128,2,16,0,8,27,1,28
3,2,12.0,128,2,16,0,11,15,0,28
3,2,12.0,128,2,0,0,6,132,4,28
3,2,12.0,128,2,22,0,2,86,0,28
3,2,12.0,128,2,22,0,0,68,0,28
3,2,12.0,128,2,19,2,6,89,3,28
3,2,12.0,128,2,3,0,5,6,1,28
3,2,15.0,130,6,8,0,2,86,3,1
3,2,15.0,130,6,12,2,5,6,3,1
3,2,15.0,130,6,18,0,10,12,1,1
3,2,15.0,130,6,0,1,0,12,0,1
3,0,6.0,260,6,20,0,7,54,1,23
2,10,26.0,302,5,14,0,10,22,3,3
2,10,27.0,216,6,2,2,1,105,3,15
2,9,9.0,320,5,13,1,1,67,4,12
2,9,9.0,320,5,9,1,5,6,0,12
2,9,10.0,156,6,3,0,3,103,2,4
2,11,18.0,332,4,13,0,16,113,1,0
2,9,10.0,156,6,12,0,7,8,1,4
2,9,11.0,52,3,23,0,3,30,3,9
2,9,11.0,52,3,20,1,1,35,4,9
2,9,11.0,52,3,5,1,2,13,1,9
2,9,25.0,344,3,16,2,10,22,3,13
2,9,25.0,344,3,21,0,10,23,3,13
2,9,25.0,344,3,22,0,1,105,2,13
2,9,25.0,344,3,8,2,8,118,1,13
2,9,25.0,344,3,4,0,11,94,2,13
2,9,25.0,344,3,3,1,2,2,4,13
3,4,20.0,115,0,9,1,7,122,4,29
2,9,25.0,344,3,7,1,10,47,1,13
2,9,27.0,179,1,19,2,4,75,3,15
2,7,1.0,160,5,3,0,2,86,1,7
2,7,1.0,160,5,21,1,9,27,2,7
2,7,3.0,186,3,3,0,5,64,3,27
2,7,3.0,186,3,19,0,13,99,1,27
2,7,3.0,186,3,2,2,13,36,1,27
2,7,10.0,197,3,21,0,13,99,1,4
2,7,10.0,197,3,11,0,5,6,0,4
2,7,10.0,197,3,2,0,5,6,2,4
2,10,17.0,246,2,12,0,14,32,3,6
2,10,17.0,246,2,12,2,2,2,3,6
2,10,19.0,223,5,21,1,9,57,0,10
2,10,19.0,223,5,2,2,2,2,3,10
2,10,19.0,223,5,14,0,0,64,1,10
2,10,19.0,223,5,18,0,15,51,3,10
2,10,20.0,341,6,2,0,10,22,3,29
2,10,20.0,341,6,4,0,6,89,3,29
2,10,26.0,302,5,3,0,11,18,4,3
2,10,26.0,302,5,4,0,5,12,2,3
2,10,27.0,216,6,17,1,14,25,0,15
2,10,27.0,216,6,5,2,2,40,3,15
2,10,26.0,302,5,18,1,11,10,0,3
2,10,27.0,216,6,2,0,6,128,3,15
2,1,1.0,171,4,6,0,14,88,3,7
2,1,1.0,171,4,10,1,9,57,1,7
2,1,1.0,171,4,22,0,8,9,1,7
2,1,1.0,171,4,18,2,10,47,3,7
2,1,2.0,188,5,17,0,2,2,1,22
2,1,1.0,171,4,13,2,13,21,4,7
2,1,10.0,111,6,8,0,5,12,3,4
2,1,10.0,111,6,18,0,2,92,4,4
2,1,4.0,219,3,9,0,2,86,2,30
2,1,12.0,207,0,17,2,7,120,3,28
2,1,12.0,207,0,0,0,7,20,3,28
2,1,12.0,207,0,21,0,15,77,3,28
2,1,12.0,207,0,22,0,9,93,1,28
2,1,12.0,207,0,13,1,10,12,1,28
2,1,12.0,207,0,8,0,9,109,4,28
2,1,19.0,151,0,14,0,1,35,3,10
2,1,21.0,164,2,0,0,10,22,3,21
2,1,21.0,164,2,15,0,13,69,4,21
2,1,21.0,164,2,22,0,9,49,3,21
2,1,21.0,164,2,17,0,14,88,4,21
2,10,8.0,150,0,3,1,2,13,2,8
3,9,22.0,92,6,8,3,1,35,0,26
3,3,7.0,289,0,2,1,12,83,0,11
2,0,25.0,14,2,7,0,8,19,0,13
2,0,26.0,23,4,9,0,9,93,0,3
3,5,1.0,109,4,18,0,4,75,1,7
3,5,18.0,195,3,1,0,3,79,3,0
3,5,18.0,195,3,19,0,3,44,0,0
3,10,1.0,208,1,15,1,2,92,4,7
3,1,2.0,171,6,1,1,11,18,1,22
2,8,29.0,103,3,11,0,3,70,4,16
2,8,26.0,78,4,13,3,13,38,0,3
2,8,28.0,301,6,19,1,15,46,4,18
2,8,29.0,103,3,2,0,13,29,4,16
2,8,28.0,301,6,19,0,5,12,2,18
2,8,28.0,301,6,1,1,6,7,2,18
2,8,29.0,103,3,1,0,15,85,0,16
2,8,29.0,103,3,8,0,0,96,2,16
2,4,1.0,141,1,14,0,7,20,3,7
2,4,5.0,176,6,6,0,10,22,3,24
2,4,5.0,176,6,18,0,10,52,3,24
2,4,12.0,221,6,13,3,14,24,4,28
2,4,18.0,142,5,0,1,0,26,1,0
2,4,18.0,142,5,8,0,2,86,2,0
2,4,29.0,139,1,6,0,12,17,1,16
2,4,29.0,139,1,4,0,12,84,4,16
2,2,5.0,251,1,4,0,16,130,1,24
2,2,5.0,251,1,4,1,9,93,4,24
2,2,5.0,251,1,9,0,3,30,1,24
2,2,5.0,251,1,19,1,14,106,4,24
2,2,11.0,128,0,12,0,9,95,2,9
2,2,11.0,128,0,11,1,14,126,4,9
2,4,1.0,141,1,17,2,8,19,3,7
2,4,1.0,141,1,16,1,8,27,4,7
2,4,1.0,141,1,20,0,6,14,1,7
2,4,1.0,141,1,3,0,1,16,1,7
2,4,5.0,176,6,3,0,1,11,4,24
2,4,5.0,176,6,2,0,4,127,3,24
2,4,5.0,176,6,4,0,9,93,0,24
2,4,12.0,221,6,16,0,15,46,1,28
2,4,18.0,142,5,0,1,16,50,0,0
2,4,18.0,142,5,1,2,6,73,3,0
2,4,28.0,313,0,13,0,4,70,3,18
2,4,29.0,139,1,15,1,10,23,1,16
2,4,29.0,139,1,16,1,0,15,0,16
2,4,29.0,139,1,14,0,8,27,1,16
2,4,29.0,139,1,14,0,10,47,0,16
3,9,16.0,107,3,11,0,5,12,0,2
3,11,17.0,110,5,15,1,7,20,4,6
3,5,17.0,212,6,13,0,5,64,1,6
3,5,25.0,350,3,12,0,9,54,1,13
3,10,2.0,358,2,4,1,2,3,4,22
3,10,2.0,358,2,17,1,1,105,0,22
3,10,10.0,245,4,22,2,3,30,3,4
3,10,9.0,150,2,10,0,5,6,3,12
3,1,1.0,203,5,23,1,5,12,0,7
3,4,1.0,144,2,6,0,12,80,4,7
2,9,29.0,98,4,19,0,6,89,1,16
3,2,11.0,297,1,18,0,7,111,0,9
3,2,11.0,297,1,18,2,10,47,3,9
1,9,1.0,126,1,17,0,2,86,1,7
2,8,6.0,70,5,11,3,8,27,4,23
3,11,28.0,123,1,9,1,3,103,4,18
2,2,5.0,251,1,17,0,15,46,0,24
2,2,5.0,251,1,13,1,9,102,1,24
2,2,5.0,251,1,12,0,0,26,1,24
2,2,11.0,128,0,21,0,2,86,4,9
2,2,11.0,128,0,8,0,12,61,3,9
2,2,11.0,128,0,8,0,3,79,3,9
2,4,5.0,176,6,2,2,2,2,3,24
2,4,12.0,221,6,6,0,3,44,0,28
2,4,12.0,221,6,20,0,9,63,1,28
2,4,12.0,221,6,21,0,4,82,3,28
2,4,12.0,221,6,11,1,2,69,1,28
2,4,12.0,221,6,12,0,1,1,3,28
2,4,18.0,142,5,17,1,10,23,1,0
2,4,18.0,142,5,13,1,12,104,4,0
2,4,18.0,142,5,4,0,5,12,3,0
2,4,18.0,142,5,12,0,10,52,3,0
2,4,28.0,313,0,3,0,2,2,2,18
2,4,28.0,313,0,18,0,8,9,3,18
2,4,28.0,313,0,14,0,8,27,2,18
2,4,28.0,313,0,4,1,1,35,4,18
2,2,13.0,231,2,6,2,16,50,3,25
2,2,4.0,127,0,17,1,0,0,4,30
2,4,3.0,178,4,13,0,3,30,1,27
2,0,20.0,287,5,1,1,13,28,4,29
2,0,10.0,10,1,2,0,9,93,3,4
2,0,28.0,191,6,20,1,9,101,4,18
3,7,3.0,269,0,17,1,15,114,1,27
2,2,18.0,137,0,9,0,4,66,1,0
2,2,20.0,108,2,0,0,5,12,0,29
2,2,20.0,108,2,23,0,13,29,2,29
2,2,20.0,108,2,22,0,10,52,1,29
3,0,13.0,198,6,10,0,10,47,0,25
3,9,8.0,90,6,11,1,8,118,1,8
3,5,26.0,37,0,3,0,0,53,2,3
3,6,18.0,308,2,5,0,11,0,3,0
3,10,7.0,243,0,3,0,9,87,2,11
3,1,11.0,111,0,20,1,12,100,4,9
3,8,11.0,306,4,13,0,0,68,2,9
3,8,11.0,306,4,22,0,7,57,0,9
2,7,7.0,94,4,2,0,7,62,2,11
2,4,7.0,292,0,2,1,6,7,2,11
2,4,16.0,19,2,22,0,0,26,2,2
2,7,15.0,40,5,16,0,1,59,4,1
2,4,22.0,30,1,18,0,13,36,0,26
2,2,9.0,28,6,15,0,14,24,4,12
2,2,9.0,28,6,4,0,6,89,0,12
2,2,9.0,28,6,1,0,2,40,2,12
3,11,16.0,225,4,12,1,9,95,4,2
3,3,9.0,44,2,13,0,6,89,1,12
3,8,11.0,306,4,18,0,15,31,3,9
2,7,15.0,40,5,22,3,16,50,0,1
2,3,29.0,304,0,14,1,6,7,0,16
2,6,15.0,38,6,17,1,3,44,1,1
2,10,25.0,61,4,8,3,10,22,1,13
2,10,31.0,203,2,6,0,2,2,3,20
2,1,31.0,66,6,1,3,16,37,3,20
2,8,24.0,86,1,13,1,14,25,0,14
2,8,22.0,102,3,17,0,8,9,1,26
2,2,9.0,28,6,22,1,13,21,0,12
3,0,13.0,198,6,7,0,2,40,2,25
3,0,13.0,198,6,3,0,12,56,3,25
3,0,13.0,198,6,8,0,10,52,2,25
2,7,9.0,329,6,13,0,3,76,2,12
2,7,2.0,269,6,18,0,4,79,1,22
2,3,18.0,138,4,12,1,13,48,0,0
2,6,17.0,308,0,23,3,12,80,1,6
3,0,14.0,5,3,21,1,4,45,0,5
3,0,14.0,5,3,21,1,9,57,0,5
3,0,13.0,198,6,19,1,2,123,4,25
3,0,14.0,5,3,22,1,12,84,1,5
3,0,14.0,5,3,1,0,6,89,0,5
2,1,3.0,286,6,12,0,2,86,1,27
2,1,27.0,300,1,1,2,0,12,3,15
2,1,29.0,100,4,4,0,14,107,1,16
2,1,29.0,100,4,8,1,12,135,4,16
2,1,29.0,100,4,12,1,5,12,0,16
2,8,1.0,77,3,0,0,0,12,1,7
2,8,1.0,77,3,10,0,10,22,1,7
2,8,1.0,77,3,4,0,0,26,0,7
2,8,2.0,363,0,17,0,5,12,0,22
2,8,2.0,363,0,17,0,1,11,1,22
2,8,2.0,363,0,6,1,14,106,4,22
2,8,2.0,363,0,6,1,12,56,4,22
2,8,1.0,77,3,7,1,12,135,4,7
2,8,2.0,363,0,12,0,11,18,3,22
2,8,3.0,299,1,11,0,8,9,0,27
2,8,3.0,299,1,5,1,2,3,4,27
2,5,27.0,259,0,20,1,15,31,4,15
2,5,27.0,259,0,8,0,5,6,2,15
2,5,27.0,259,0,1,0,16,50,4,15
2,6,9.0,149,3,22,0,4,4,4,12
2,6,9.0,149,3,8,0,2,92,4,12
2,6,9.0,149,3,2,0,16,50,4,12
2,6,9.0,149,3,13,1,13,36,1,12
2,6,10.0,355,0,22,0,5,6,3,4
2,6,10.0,355,0,19,2,3,30,3,4
2,6,9.0,149,3,2,3,13,69,0,12
2,6,18.0,291,1,21,2,13,13,0,0
2,6,18.0,291,1,1,0,8,9,2,0
2,6,18.0,291,1,14,1,9,54,2,0
2,6,18.0,291,1,18,0,7,31,3,0
2,10,1.0,358,0,6,0,10,47,3,7
2,10,1.0,358,0,11,0,2,86,3,7
2,10,1.0,358,0,4,0,4,45,3,7
2,10,1.0,358,0,9,0,12,80,1,7
2,10,2.0,310,1,12,0,3,44,3,22
2,10,2.0,310,1,1,2,8,9,3,22
2,10,2.0,310,1,14,0,9,57,1,22
2,10,2.0,310,1,18,0,6,91,3,22
2,6,29.0,145,6,6,0,6,73,4,16
2,10,12.0,346,5,2,0,9,49,4,28
2,10,12.0,346,5,1,0,16,42,3,28
2,10,12.0,346,5,3,2,13,28,3,28
2,10,17.0,246,2,14,0,9,49,1,6
2,10,19.0,223,5,16,1,10,47,0,10
2,10,19.0,223,5,21,1,10,22,4,10
2,10,19.0,223,5,21,1,8,9,2,10
2,10,19.0,223,5,15,1,9,134,4,10
2,10,19.0,223,5,4,0,10,22,0,10
2,10,20.0,341,6,14,0,15,39,4,29
2,10,20.0,341,6,1,0,4,82,2,29
2,10,19.0,223,5,18,1,9,87,0,10
2,8,1.0,77,3,6,1,12,135,4,7
2,5,25.0,37,6,6,0,16,37,1,13
2,5,25.0,37,6,1,0,4,5,3,13
2,5,27.0,259,0,20,1,3,44,4,15
2,5,27.0,259,0,8,0,6,128,3,15
2,5,27.0,259,0,23,0,9,49,1,15
2,5,27.0,259,0,15,0,6,132,4,15
2,6,9.0,149,3,13,0,2,86,0,12
2,6,10.0,355,0,9,0,9,134,4,4
2,6,10.0,355,0,17,3,3,30,3,4
2,6,18.0,291,1,7,1,5,12,0,0
2,6,18.0,291,1,22,0,10,47,1,0
2,6,18.0,291,1,12,0,10,47,1,0
2,10,1.0,358,0,16,0,13,38,0,7
2,10,1.0,358,0,15,0,16,72,1,7
2,10,1.0,358,0,18,0,4,75,1,7
2,10,12.0,346,5,15,2,10,22,3,28
2,10,17.0,246,2,7,1,2,3,0,6
2,10,17.0,246,2,20,0,13,48,3,6
2,10,17.0,246,2,7,0,8,27,1,6
2,10,17.0,246,2,13,1,3,44,4,6
2,10,17.0,246,2,13,0,8,41,1,6
2,10,19.0,223,5,3,0,16,50,3,10
2,10,19.0,223,5,19,1,2,92,1,10
2,10,19.0,223,5,9,0,13,123,1,10
2,10,19.0,223,5,9,0,5,64,2,10
2,10,19.0,223,5,18,0,10,6,3,10
2,8,1.0,77,3,11,1,10,47,1,7
2,8,1.0,77,3,2,0,5,6,3,7
2,8,2.0,363,0,17,0,6,7,2,22
2,8,1.0,77,3,19,1,9,95,4,7
2,8,2.0,363,0,8,0,15,46,2,22
2,8,2.0,363,0,18,0,1,11,3,22
2,8,3.0,299,1,6,0,14,110,3,27
2,8,3.0,299,1,0,2,2,2,3,27
2,8,3.0,299,1,16,0,5,12,3,27
2,8,3.0,299,1,0,1,9,83,4,27
2,8,3.0,299,1,3,0,7,78,0,27
2,8,3.0,299,1,19,0,10,22,0,27
2,8,9.0,71,0,6,0,13,38,1,12
2,8,9.0,71,0,19,0,9,87,1,12
2,8,12.0,189,4,20,0,2,2,1,28
2,8,9.0,71,0,14,0,9,57,3,12
2,8,12.0,189,4,1,0,4,79,3,28
2,8,12.0,189,4,2,0,4,66,3,28
2,8,12.0,189,4,9,0,13,38,2,28
2,10,20.0,341,6,19,0,8,27,3,29
2,10,27.0,216,6,3,0,4,75,1,15
2,10,27.0,216,6,19,2,2,86,0,15
2,1,1.0,171,4,21,0,8,9,3,7
2,1,2.0,188,5,0,1,2,13,0,22
2,1,2.0,188,5,21,1,9,93,4,22
2,1,2.0,188,5,5,0,15,119,3,22
2,1,1.0,171,4,12,2,7,54,3,7
2,1,2.0,188,5,15,1,1,105,4,22
2,10,17.0,246,2,11,1,9,102,4,6
2,1,2.0,188,5,20,1,9,95,4,22
2,1,4.0,219,3,0,0,3,44,3,30
2,1,4.0,219,3,3,0,10,47,3,30
2,10,27.0,216,6,17,1,3,70,1,15
2,1,10.0,111,6,6,2,10,22,3,4
2,1,10.0,111,6,21,0,11,90,0,4
2,1,10.0,111,6,5,0,8,19,4,4
2,1,10.0,111,6,16,1,14,32,4,4
2,1,10.0,111,6,22,2,10,23,3,4
2,1,10.0,111,6,22,0,13,61,4,4
2,1,10.0,111,6,11,1,1,1,4,4
2,1,10.0,111,6,13,1,7,129,1,4
2,10,26.0,302,5,23,1,6,89,4,3
2,1,12.0,207,0,15,0,16,37,1,28
2,1,12.0,207,0,8,0,4,66,0,28
2,1,12.0,207,0,1,0,9,54,3,28
2,1,12.0,207,0,1,0,12,84,4,28
2,1,12.0,207,0,9,0,1,59,3,28
2,1,19.0,151,0,0,0,5,6,1,10
2,1,19.0,151,0,21,0,2,123,0,10
2,1,21.0,164,2,7,0,9,9,1,21
2,1,21.0,164,2,3,0,11,18,1,21
2,1,21.0,164,2,2,0,14,25,0,21
2,1,19.0,151,0,16,0,5,12,3,10
2,1,27.0,300,1,6,0,14,25,1,15
3,0,6.0,260,6,16,1,5,6,0,23
3,0,6.0,260,6,13,0,10,47,1,23
3,0,6.0,260,6,19,0,1,1,3,23
3,0,6.0,260,6,20,1,6,116,4,23
3,0,7.0,15,3,7,2,4,82,1,11
3,0,7.0,15,3,1,0,8,9,4,11
3,0,7.0,15,3,8,1,12,104,4,11
3,4,25.0,20,6,19,0,5,64,2,13
3,4,25.0,20,6,5,1,13,29,4,13
3,4,25.0,20,6,18,0,10,22,1,13
3,4,25.0,20,6,5,0,2,86,2,13
3,2,2.0,143,3,7,1,13,48,4,22
3,2,2.0,143,3,19,0,10,22,2,22
3,2,2.0,143,3,13,1,1,35,4,22
3,2,2.0,143,3,14,0,15,31,3,22
3,2,2.0,143,3,14,1,6,7,0,22
3,4,6.0,176,0,19,1,9,134,4,23
3,4,12.0,134,3,2,3,5,12,0,28
3,1,17.0,63,3,17,2,11,55,0,6
3,1,17.0,63,3,0,2,5,6,0,6
3,8,10.0,71,2,17,0,11,18,1,4
3,8,11.0,306,4,22,0,8,41,2,9
3,8,11.0,306,4,22,0,14,25,0,9
3,8,19.0,280,5,7,0,5,6,2,10
3,8,19.0,280,5,9,0,10,22,1,10
3,8,24.0,85,2,16,2,10,23,3,14
3,8,24.0,85,2,0,0,0,53,1,14
3,8,24.0,85,2,21,1,15,31,1,14
3,8,25.0,86,4,20,0,13,69,3,13
3,8,24.0,85,2,0,1,5,12,0,14
3,8,25.0,86,4,3,0,13,69,1,13
3,8,25.0,86,4,5,1,11,10,4,13
3,8,28.0,224,3,6,2,7,62,3,18
3,8,28.0,224,3,11,0,13,13,1,18
3,8,28.0,224,3,5,0,6,14,2,18
3,4,10.0,79,5,13,0,2,2,2,4
3,4,10.0,79,5,16,1,13,48,0,4
3,4,10.0,79,5,12,0,10,22,1,4
3,4,10.0,79,5,12,0,10,47,2,4
3,11,24.0,194,5,5,3,2,2,2,14
2,10,23.0,261,1,19,1,6,128,0,17
3,7,1.0,98,6,14,1,9,57,1,7
2,1,5.0,97,0,9,1,5,0,0,24
3,3,18.0,165,5,2,2,3,70,3,0
2,4,8.0,18,1,7,1,5,6,1,8
3,5,23.0,168,5,21,0,10,47,3,17
2,0,1.0,47,3,12,0,9,27,2,7
2,0,14.0,190,6,13,0,14,34,3,5
2,0,14.0,190,6,12,1,10,22,2,5
3,11,7.0,253,1,6,0,13,29,4,11
3,9,6.0,51,4,2,3,5,6,1,23
3,9,6.0,51,4,19,0,2,86,2,23
2,0,1.0,47,3,17,0,10,22,0,7
3,10,18.0,246,5,13,0,0,26,1,0
2,1,5.0,97,0,19,0,6,128,1,24
2,1,5.0,97,0,20,0,5,64,1,24
2,1,5.0,97,0,13,3,1,105,2,24
3,5,15.0,200,4,22,0,10,6,3,1
3,5,17.0,212,6,5,0,5,6,2,6
2,4,25.0,80,5,2,1,13,123,4,13
2,4,31.0,16,4,11,3,5,6,2,20
3,4,10.0,79,5,2,1,7,78,4,4
3,4,11.0,121,6,19,0,12,80,0,9
3,10,7.0,243,0,13,0,8,33,4,11
3,10,7.0,243,0,8,0,10,22,3,11
3,10,15.0,60,1,16,0,0,12,3,1
3,10,15.0,60,1,7,0,15,46,1,1
3,10,15.0,60,1,4,0,0,15,1,1
3,10,17.0,256,4,0,1,3,44,0,6
3,10,17.0,256,4,0,1,16,113,0,6
3,10,17.0,256,4,0,0,14,24,1,6
3,10,17.0,256,4,17,0,10,47,0,6
3,10,17.0,256,4,22,0,2,69,2,6
3,10,19.0,117,6,17,2,12,80,3,10
3,10,19.0,117,6,9,0,3,30,3,10
3,10,19.0,117,6,5,1,14,25,4,10
3,10,19.0,117,6,5,1,10,23,1,10
3,10,25.0,56,5,15,2,2,2,3,13
3,10,25.0,56,5,2,1,10,23,1,13
3,10,26.0,61,6,0,0,12,83,4,3
3,10,25.0,56,5,4,1,0,26,0,13
3,10,25.0,56,5,18,1,8,9,0,13
3,1,7.0,32,4,16,1,1,81,0,11
3,9,1.0,126,6,4,0,2,69,4,7
3,7,24.0,68,0,1,2,10,47,1,14
3,2,10.0,28,0,15,0,13,36,2,4
3,0,20.0,172,6,14,0,6,73,4,29
3,5,9.0,206,5,20,0,1,16,0,12
3,8,27.0,78,6,18,0,6,128,1,15
3,8,27.0,78,6,11,1,5,12,2,15
3,4,8.0,292,2,9,1,9,10,4,8
3,4,9.0,18,4,4,1,2,123,0,12
3,3,8.0,148,1,9,2,2,92,1,8
3,5,7.0,349,2,18,0,15,31,1,11
3,6,1.0,158,3,13,0,0,68,3,7
3,6,1.0,158,3,18,2,6,132,3,7
3,2,20.0,264,4,8,0,14,24,1,29
3,5,18.0,195,3,0,0,0,12,2,0
3,0,20.0,172,6,22,0,14,32,2,29
3,1,7.0,32,4,3,0,3,30,0,11
2,9,23.0,167,5,13,0,1,16,0,17
3,2,19.0,137,2,20,0,2,13,0,10
3,10,22.0,314,1,3,0,15,46,2,26
3,8,17.0,74,2,2,1,10,47,1,6
2,11,15.0,331,0,14,0,9,9,1,1
3,0,23.0,237,1,22,0,13,29,2,17
3,0,25.0,281,4,7,0,12,135,1,13
3,1,11.0,111,0,3,1,1,67,4,9
2,7,4.0,204,0,6,2,6,132,2,30
2,7,4.0,204,0,2,0,6,7,0,30
2,7,4.0,204,0,12,0,14,34,3,30
2,7,6.0,293,2,20,2,10,22,3,23
2,7,6.0,293,2,3,0,1,35,4,23
2,7,13.0,125,2,6,0,11,15,3,25
0,10,1.0,208,6,20,0,2,92,1,7
2,3,10.0,337,2,11,0,2,2,1,4
2,3,11.0,104,4,17,1,9,93,4,9
2,7,13.0,125,2,11,0,10,22,2,25
2,7,13.0,125,2,18,0,0,77,1,25
2,7,13.0,125,2,9,1,7,62,4,25
2,3,14.0,35,3,17,0,12,100,1,5
2,9,23.0,167,5,8,0,2,69,4,17
2,9,23.0,167,5,9,0,7,120,1,17
2,7,4.0,204,0,17,0,7,54,1,30
2,7,4.0,204,0,20,0,5,12,1,30
2,7,4.0,204,0,3,0,4,79,3,30
2,7,4.0,204,0,18,0,9,49,4,30
2,7,4.0,204,0,18,0,9,95,1,30
2,7,6.0,293,2,20,0,5,12,2,23
2,7,6.0,293,2,1,0,1,81,1,23
2,7,6.0,293,2,14,0,14,25,1,23
2,7,13.0,125,2,17,1,9,27,0,25
2,7,13.0,125,2,12,0,1,59,4,25
2,3,4.0,324,4,6,0,8,9,0,30
2,3,14.0,35,3,6,0,4,75,1,5
2,3,18.0,138,4,13,0,2,86,2,0
2,3,14.0,35,3,1,0,5,64,3,5
2,3,15.0,263,0,2,0,10,47,3,1
2,3,21.0,166,3,5,0,4,75,2,21
2,3,22.0,57,0,2,2,1,59,3,26
2,3,22.0,57,0,19,0,10,47,0,26
2,3,22.0,57,0,15,0,4,127,3,26
2,3,21.0,166,3,22,2,2,123,3,21
2,3,23.0,357,1,9,0,15,96,1,17
2,3,24.0,347,2,17,1,6,7,0,14
2,7,13.0,125,2,0,0,5,64,3,25
2,7,13.0,125,2,8,0,12,61,3,25
2,7,13.0,125,2,19,0,6,7,4,25
2,7,13.0,125,2,18,0,12,17,3,25
0,0,7.0,15,4,13,1,2,2,1,11
2,3,4.0,324,4,12,0,2,2,2,30
2,3,4.0,324,4,18,0,5,12,1,30
2,3,14.0,35,3,8,0,1,67,3,5
2,3,14.0,35,3,8,0,12,61,3,5
2,3,15.0,263,0,20,0,1,1,1,1
2,3,15.0,263,0,2,2,0,77,3,1
2,3,14.0,35,3,18,1,14,25,1,5
2,3,21.0,166,3,20,2,2,40,3,21
2,3,21.0,166,3,20,0,5,12,0,21
2,3,21.0,166,3,14,0,13,28,4,21
2,3,21.0,166,3,12,1,3,79,4,21
2,3,22.0,57,0,1,0,5,6,3,26
2,3,23.0,357,1,7,0,1,11,1,17
2,3,22.0,57,0,6,1,5,6,0,26
2,3,23.0,357,1,3,0,15,85,0,17
2,3,30.0,109,1,12,1,10,52,1,19
0,0,31.0,290,3,13,1,13,69,2,20
2,11,4.0,275,4,19,0,5,6,3,30
2,11,15.0,331,0,17,2,9,93,3,1
2,11,15.0,331,0,0,1,14,24,1,1
2,11,22.0,250,0,9,0,8,118,1,26
2,11,22.0,250,0,19,3,0,26,3,26
2,9,3.0,217,6,11,0,0,26,3,27
2,9,3.0,217,6,4,2,7,20,3,27
2,9,3.0,217,6,22,1,11,55,1,27
2,9,6.0,51,1,16,1,9,93,0,23
2,11,6.0,252,6,13,2,7,129,3,23
2,9,6.0,51,1,2,0,5,6,0,23
2,9,6.0,51,1,9,0,13,21,1,23
2,9,7.0,271,2,6,0,14,34,3,11
2,9,7.0,271,2,0,1,10,23,0,11
2,9,7.0,271,2,7,0,3,79,1,11
2,9,7.0,271,2,16,0,0,12,0,11
2,9,7.0,271,2,14,1,3,76,4,11
2,9,13.0,91,1,17,0,2,2,1,25
2,9,13.0,91,1,2,0,4,138,1,25
2,9,13.0,91,1,12,2,11,133,1,25
2,9,13.0,91,1,12,0,13,48,0,25
2,9,14.0,106,2,17,0,0,85,0,5
2,9,14.0,106,2,5,0,13,13,1,5
2,3,14.0,35,3,0,0,6,128,3,5
2,3,14.0,35,3,9,0,2,40,4,5
2,3,21.0,166,3,12,2,6,89,3,21
2,3,21.0,166,3,19,1,9,102,4,21
2,3,22.0,57,0,8,0,2,92,3,26
2,3,14.0,35,3,13,3,14,25,0,5
2,3,22.0,57,0,15,1,1,16,4,26
2,3,22.0,57,0,2,2,1,59,0,26
2,3,23.0,357,1,17,0,16,50,0,17
3,1,17.0,63,3,20,1,5,0,2,6
3,8,28.0,224,3,2,2,7,120,3,18
3,8,28.0,224,3,22,0,1,11,4,18
3,8,28.0,224,3,2,0,10,23,1,18
3,4,10.0,79,5,15,1,11,98,0,4
3,4,10.0,79,5,12,0,4,127,4,4
3,4,10.0,79,5,3,1,5,6,1,4
3,8,19.0,280,5,6,1,1,35,4,10
3,8,19.0,280,5,13,2,0,0,2,10
3,4,22.0,152,2,17,1,14,25,0,26
3,4,22.0,152,2,17,1,14,25,0,26
3,4,22.0,152,2,12,0,14,32,4,26
3,4,30.0,139,4,6,1,1,16,0,19
3,4,30.0,139,4,20,2,11,124,0,19
3,4,30.0,139,4,12,0,3,30,0,19
3,2,4.0,254,1,22,0,7,111,4,30
3,2,4.0,254,1,12,0,6,7,3,30
3,2,4.0,254,1,15,0,0,15,3,30
3,2,4.0,254,1,9,0,6,7,3,30
3,2,6.0,251,4,17,0,12,84,2,23
3,2,6.0,251,4,13,0,1,1,1,23
3,2,6.0,251,4,19,0,5,64,0,23
3,4,30.0,139,4,8,0,11,94,2,19
3,2,13.0,276,4,5,0,5,6,3,25
3,2,13.0,276,4,11,0,2,69,0,25
3,2,13.0,276,4,1,1,7,8,4,25
3,2,13.0,276,4,18,2,8,65,3,25
3,6,6.0,83,5,5,0,1,105,2,23
3,6,11.0,355,2,22,0,10,47,2,9
3,2,16.0,220,3,15,3,0,12,1,2
3,2,23.0,230,3,10,0,15,51,1,17
3,2,23.0,230,3,15,1,0,68,4,17
3,2,23.0,230,3,13,0,0,77,1,17
3,4,6.0,176,0,4,3,11,15,0,23
3,8,19.0,280,5,3,2,2,2,3,10
3,8,24.0,85,2,0,0,7,20,4,14
3,8,24.0,85,2,23,0,2,69,3,14
3,8,24.0,85,2,15,0,11,117,3,14
3,8,24.0,85,2,2,0,14,24,1,14
3,8,24.0,85,2,18,0,16,39,1,14
3,8,25.0,86,4,6,0,2,2,0,13
3,8,25.0,86,4,5,0,0,64,1,13
3,8,28.0,224,3,7,1,8,27,0,18
3,8,28.0,224,3,19,0,8,118,4,18
3,4,10.0,79,5,18,0,13,28,3,4
3,1,11.0,111,0,1,0,15,114,2,9
3,1,11.0,111,0,1,2,7,122,0,9
3,1,11.0,111,0,0,1,13,28,0,9
3,1,16.0,2,6,1,0,13,28,4,2
3,1,16.0,2,6,13,1,16,50,1,2
3,4,6.0,176,0,12,1,6,89,2,23
3,1,17.0,63,3,22,1,1,16,4,6
3,8,10.0,71,2,0,0,10,47,3,4
3,8,10.0,71,2,6,1,0,77,0,4
3,8,10.0,71,2,15,0,8,27,3,4
3,8,10.0,71,2,12,0,2,2,2,4
3,8,10.0,71,2,19,0,10,43,0,4
3,8,10.0,71,2,12,0,11,98,4,4
3,8,11.0,306,4,6,0,10,22,3,9
3,8,11.0,306,4,7,1,7,20,0,9
3,8,11.0,306,4,2,0,6,128,3,9
3,8,19.0,280,5,7,1,4,121,4,10
3,8,19.0,280,5,11,1,14,110,1,10
3,8,24.0,85,2,16,0,10,30,0,14
3,8,24.0,85,2,5,0,6,7,2,14
3,8,24.0,85,2,13,2,9,87,2,14
3,8,24.0,85,2,11,0,1,67,1,14
3,8,24.0,85,2,18,2,14,34,1,14
3,8,25.0,86,4,21,1,13,61,0,13
3,8,24.0,85,2,22,0,6,89,1,14
3,8,25.0,86,4,7,1,12,61,1,13
3,4,10.0,79,5,4,1,12,135,4,4
3,4,11.0,121,6,4,0,6,128,4,9
3,4,11.0,121,6,14,0,11,117,3,9
3,4,11.0,121,6,14,1,9,109,4,9
3,4,18.0,26,6,17,2,8,27,3,0
3,4,18.0,26,6,13,0,1,16,3,0
3,4,18.0,26,6,4,0,10,47,2,0
3,4,18.0,26,6,15,1,0,0,0,0
3,4,25.0,20,6,21,0,7,120,3,13
3,4,25.0,20,6,10,1,10,22,0,13
3,4,25.0,20,6,13,0,2,86,0,13
3,4,25.0,20,6,22,2,3,76,2,13
3,2,19.0,137,2,11,0,11,8,3,10
3,2,19.0,137,2,19,0,14,107,1,10
3,2,19.0,137,2,19,0,9,10,4,10
3,2,28.0,257,5,6,1,7,20,4,18
3,2,28.0,257,5,2,0,10,47,3,18
3,2,28.0,257,5,9,0,10,47,3,18
3,2,28.0,257,5,1,1,14,25,0,18
3,0,10.0,129,2,12,2,0,64,0,4
3,0,10.0,129,2,4,1,9,95,4,4
3,0,25.0,281,4,14,0,4,75,2,13
3,0,26.0,14,5,2,1,7,54,4,3
3,0,27.0,23,6,17,0,10,23,1,15
3,0,25.0,281,4,17,1,5,12,2,13
3,0,28.0,249,3,11,0,8,41,4,18
3,0,28.0,249,3,1,0,8,9,1,18
3,0,27.0,23,6,12,0,2,92,3,15
3,0,27.0,23,6,2,0,5,6,0,15
3,0,27.0,23,6,1,0,6,91,0,15
3,0,27.0,23,6,18,0,8,33,1,15
3,0,27.0,23,6,9,2,6,7,3,15
3,0,27.0,23,6,9,2,0,26,3,15
3,0,27.0,23,6,12,1,1,59,4,15
3,0,28.0,249,3,17,0,3,44,4,18
3,0,27.0,23,6,5,0,8,41,1,15
3,0,28.0,249,3,3,0,4,4,1,18
3,0,26.0,14,5,17,0,11,117,1,3
3,0,28.0,249,3,4,1,7,8,4,18
3,4,11.0,121,6,19,0,14,24,2,9
3,0,20.0,172,6,19,1,1,105,0,29
3,10,16.0,201,2,11,0,12,61,1,2
3,10,1.0,208,1,18,0,0,12,0,7
3,1,10.0,17,3,22,1,5,12,0,4
3,8,17.0,74,2,2,1,13,48,4,6
3,8,27.0,78,6,13,0,10,52,2,15
3,2,1.0,16,6,4,0,16,74,1,7
3,2,1.0,16,6,3,1,12,83,0,7
2,4,15.0,25,1,11,1,10,52,0,1
2,2,7.0,258,4,9,0,2,2,1,11
3,11,5.0,240,3,2,1,11,133,0,24
2,5,31.0,158,5,17,0,13,29,1,20
3,1,25.0,65,0,13,1,13,38,0,13
3,9,1.0,126,6,17,0,10,23,1,7
3,7,24.0,68,0,23,1,15,114,1,14
3,4,26.0,80,3,5,1,9,102,4,3
3,2,2.0,143,3,4,1,2,69,4,22
3,2,2.0,143,3,14,0,3,30,0,22
3,2,2.0,143,3,20,1,1,35,4,22
3,2,19.0,137,2,17,2,1,59,0,10
3,2,19.0,137,2,0,0,7,20,3,10
3,2,19.0,137,2,13,0,9,95,0,10
3,2,19.0,137,2,16,1,9,134,4,10
3,0,10.0,129,2,7,1,0,0,4,4
3,0,10.0,129,2,3,1,16,130,0,4
3,0,25.0,281,4,16,0,1,11,4,13
3,2,15.0,130,6,12,1,11,133,1,1
3,2,15.0,130,6,8,0,10,52,2,1
3,2,12.0,128,2,4,0,9,57,0,28
3,0,6.0,260,6,8,0,1,81,2,23
3,0,7.0,15,3,1,1,14,110,0,11
3,8,22.0,354,0,6,2,5,6,3,26
3,4,24.0,27,5,14,0,6,132,2,14
3,0,24.0,55,2,9,2,16,42,3,14
3,0,24.0,55,2,7,1,6,7,4,14
0,7,6.0,93,0,17,0,16,113,3,23
3,4,21.0,339,1,18,0,7,137,1,21
3,4,21.0,339,1,12,2,6,128,3,21
2,2,4.0,127,0,17,0,11,18,0,30
3,1,15.0,1,5,15,0,2,2,1,1
3,9,3.0,217,0,18,0,1,59,4,27
3,1,30.0,100,6,12,1,14,24,2,19
3,8,6.0,87,6,13,0,4,66,1,23
3,8,30.0,103,1,9,0,2,29,2,19
3,4,29.0,313,2,19,1,2,86,0,16
3,2,5.0,127,2,12,1,0,64,2,24
3,5,6.0,277,1,6,1,15,114,2,23
3,5,6.0,277,1,2,0,11,15,2,23
3,2,22.0,209,6,9,0,12,84,1,26
3,10,6.0,242,3,6,0,6,14,2,23
3,10,14.0,174,0,9,2,13,4,3,5
3,10,22.0,314,1,10,1,14,25,2,26
3,10,21.0,341,0,13,3,2,2,3,21
3,1,6.0,97,2,9,0,12,135,4,23
3,1,5.0,219,1,16,0,5,0,3,24
3,0,25.0,281,4,0,1,1,67,0,13
3,0,26.0,14,5,19,0,3,70,0,3
3,0,26.0,14,5,14,0,13,99,1,3
3,0,27.0,23,6,7,1,13,28,0,15
3,0,27.0,23,6,12,2,7,20,3,15
3,0,27.0,23,6,15,1,12,83,1,15
3,0,28.0,249,3,19,0,2,40,1,18
3,2,18.0,7,1,14,0,0,68,3,0
3,2,18.0,7,1,10,2,13,38,0,0
3,2,26.0,3,2,16,0,8,9,3,3
3,0,12.0,113,5,13,3,2,123,0,28
3,0,21.0,287,3,15,1,12,61,4,21
3,2,2.0,143,3,4,0,13,38,2,22
3,2,2.0,143,3,8,0,8,41,3,22
3,2,19.0,137,2,7,0,15,39,1,10
3,2,19.0,137,2,5,0,9,54,1,10
3,2,28.0,257,5,19,0,8,19,4,18
3,2,28.0,257,5,3,0,11,8,3,18
3,2,28.0,257,5,9,0,5,6,3,18
3,2,28.0,257,5,8,0,0,26,2,18
3,0,10.0,129,2,21,0,10,30,0,4
3,0,10.0,129,2,5,0,6,128,1,4
3,0,10.0,129,2,19,0,2,92,1,4
3,0,25.0,281,4,13,0,1,16,0,13
3,0,25.0,281,4,19,0,0,15,4,13
3,8,8.0,76,0,7,1,10,22,0,8
3,8,8.0,76,0,1,1,13,48,2,8
3,8,18.0,75,4,8,1,11,98,4,0
3,2,18.0,7,1,1,0,9,49,1,0
3,0,25.0,281,4,22,0,4,127,2,13
3,0,26.0,14,5,10,1,13,29,1,3
3,0,27.0,23,6,13,0,16,74,1,15
3,0,27.0,23,6,22,0,6,128,1,15
3,0,28.0,249,3,11,2,13,29,1,18
3,0,28.0,249,3,1,0,8,9,1,18
3,0,28.0,249,3,19,1,16,39,1,18
3,6,28.0,309,6,19,0,14,24,2,18
2,2,5.0,251,1,1,1,0,64,1,24
2,4,18.0,142,5,5,3,11,122,4,0
2,2,13.0,231,2,16,0,6,89,1,25
3,4,4.0,178,6,14,0,0,85,1,30
3,6,28.0,309,6,20,1,0,53,1,18
3,4,23.0,30,4,17,1,10,12,1,17
3,6,14.0,173,6,1,0,13,28,3,5
3,10,6.0,242,3,22,1,13,36,0,23
3,10,22.0,314,1,18,0,6,7,4,26
3,1,6.0,97,2,18,1,14,34,1,23
3,1,15.0,1,5,8,0,8,19,0,1
3,8,6.0,87,6,4,3,0,68,1,23
3,8,29.0,301,0,3,3,9,9,0,16
3,1,14.0,183,4,2,1,5,6,0,5
3,1,15.0,1,5,18,0,7,20,0,1
3,4,20.0,115,0,4,2,1,16,0,29
3,8,22.0,354,0,22,1,12,84,0,26
3,4,21.0,339,1,12,0,0,77,1,21
3,4,24.0,27,5,3,1,16,37,4,14
3,4,21.0,339,1,4,0,6,89,1,21
3,0,7.0,15,3,13,0,2,71,4,11
3,8,22.0,354,0,12,0,15,112,3,26
3,4,20.0,115,0,18,2,8,27,3,29
3,4,29.0,313,2,4,1,9,57,0,16
2,11,1.0,222,0,17,3,10,30,0,7
3,2,22.0,209,6,20,1,12,61,1,26
3,6,14.0,173,6,5,1,14,106,4,5
3,6,14.0,173,6,14,0,0,68,0,5
3,6,14.0,173,6,12,0,8,27,3,5
3,10,22.0,314,1,22,3,5,6,3,26
3,3,4.0,285,5,11,0,14,25,2,30
3,10,10.0,245,4,17,1,10,23,1,4
3,9,16.0,107,3,5,0,9,93,1,2
3,4,16.0,25,4,13,0,2,86,1,2
3,2,18.0,7,1,18,1,0,53,0,0
3,2,27.0,136,4,19,0,10,22,1,15
3,3,8.0,148,1,2,0,6,7,2,8
0,11,1.0,222,3,17,0,15,96,1,7
3,4,8.0,292,2,8,3,11,15,0,8
3,2,10.0,28,0,19,0,8,27,1,4
3,10,1.0,208,1,12,1,11,58,4,7
3,0,20.0,172,6,19,0,1,67,2,29
3,1,10.0,17,3,13,1,5,12,1,4
3,8,27.0,78,6,18,1,11,18,1,15
3,4,9.0,18,4,9,1,8,65,0,12
3,4,17.0,19,5,17,1,3,76,2,6
3,4,9.0,18,4,5,1,5,12,0,12
3,0,9.0,48,1,19,1,2,2,4,12
3,9,1.0,126,6,14,1,12,104,1,7
3,10,1.0,208,1,2,1,9,102,0,7
3,1,19.0,29,1,19,1,11,98,4,10
3,1,25.0,65,0,1,0,14,24,2,13
3,4,28.0,218,1,7,1,2,86,1,18
3,4,1.0,144,2,17,0,2,92,1,7
3,2,9.0,21,3,13,0,7,62,0,12
3,7,17.0,95,0,14,1,7,137,1,6
3,2,8.0,258,6,12,2,7,20,1,8
3,8,3.0,363,2,17,3,9,95,4,27
3,8,9.0,124,1,18,0,10,47,0,12
3,7,17.0,95,0,13,0,13,99,4,6
3,1,24.0,64,3,10,1,4,5,1,14
3,5,1.0,109,4,17,1,11,15,1,7
3,4,27.0,274,0,12,1,11,94,2,15
3,6,1.0,158,3,18,0,16,39,4,7
3,10,16.0,201,2,2,1,2,2,0,2
3,10,16.0,201,2,19,1,2,2,4,2
3,1,10.0,17,3,11,1,9,10,4,4
3,4,8.0,292,2,9,0,5,12,3,8
3,4,17.0,19,5,15,0,7,120,0,6
3,0,9.0,48,1,2,0,9,95,3,12
3,1,10.0,17,3,15,1,0,53,4,4
3,1,26.0,248,1,19,1,0,26,2,3
3,4,9.0,18,4,18,2,13,36,0,12
3,4,17.0,19,5,13,0,4,127,2,6
3,4,27.0,274,0,4,0,10,22,2,15
3,0,9.0,48,1,4,1,7,137,1,12
3,0,9.0,48,1,8,0,2,86,4,12
3,0,20.0,172,6,19,1,10,52,2,29
3,4,17.0,19,5,5,1,3,103,4,6
3,4,20.0,115,0,11,3,6,7,3,29
3,11,21.0,192,1,10,1,10,12,1,21
1,1,31.0,305,2,17,0,9,101,1,20
3,4,4.0,178,6,18,1,4,66,4,30
3,7,30.0,42,3,12,1,0,15,0,19
3,8,30.0,103,1,19,1,2,2,1,19
3,4,4.0,178,6,13,0,4,79,2,30
3,4,29.0,313,2,14,0,10,47,0,16
3,3,29.0,325,1,10,0,10,6,0,16
3,10,6.0,242,3,13,0,11,15,1,23
0,1,1.0,203,1,5,3,16,74,4,7
3,2,22.0,209,6,3,2,16,37,2,26
3,1,15.0,1,5,13,0,11,117,1,1
3,4,23.0,30,4,13,0,0,68,2,17
3,6,3.0,99,1,12,0,15,108,1,27
3,4,24.0,27,5,14,0,16,74,1,14
3,4,24.0,27,5,4,0,1,11,0,14
3,0,24.0,55,2,9,0,16,50,3,14
3,0,24.0,55,2,9,1,8,33,0,14
3,0,14.0,5,3,3,1,0,77,1,5
3,0,24.0,55,2,9,1,2,86,0,14
3,0,24.0,55,2,17,1,5,6,0,14
3,4,17.0,19,5,13,0,4,79,2,6
3,2,1.0,16,6,2,0,8,9,3,7
3,0,9.0,48,1,3,0,0,96,3,12
3,2,27.0,136,4,12,0,9,9,0,15
3,0,5.0,122,5,19,3,0,12,3,24
0,0,14.0,5,4,9,0,5,6,2,5
2,11,3.0,288,2,23,1,2,86,4,27
0,0,31.0,290,3,22,1,7,62,4,20
2,11,4.0,275,4,11,1,9,63,4,30
2,11,4.0,275,4,13,0,1,1,4,30
0,0,23.0,237,6,19,0,5,47,2,17
2,11,15.0,331,0,17,1,13,99,0,1
2,11,31.0,227,2,1,0,5,0,2,20
2,9,12.0,177,0,18,2,5,6,0,28
2,11,3.0,288,2,14,0,3,44,1,27
2,11,4.0,275,4,9,0,13,28,1,30
2,11,4.0,275,4,19,0,14,34,1,30
2,11,15.0,331,0,18,0,0,77,1,1
2,11,15.0,331,0,9,2,5,6,3,1
2,11,15.0,331,0,13,1,13,69,4,1
2,11,22.0,250,0,20,0,12,104,4,26
2,9,3.0,217,6,8,0,6,106,3,27
2,9,20.0,119,1,7,3,4,4,0,29
2,9,20.0,119,1,18,1,3,115,4,29
2,9,20.0,119,1,14,0,0,26,2,29
2,9,3.0,217,6,4,1,4,45,4,27
2,9,3.0,217,6,14,0,7,8,3,27
2,9,3.0,217,6,9,0,9,9,2,27
2,9,4.0,295,3,11,1,4,4,1,30
2,9,4.0,295,3,4,2,6,89,3,30
2,11,4.0,275,4,6,0,9,101,1,30
2,11,4.0,275,4,16,0,9,87,1,30
2,11,4.0,275,4,22,0,2,69,0,30
2,11,4.0,275,4,4,0,9,93,3,30
2,11,15.0,331,0,2,2,14,97,0,1
2,11,15.0,331,0,3,2,1,11,3,1
2,11,15.0,331,0,8,1,4,45,4,1
2,11,22.0,250,0,17,2,16,37,0,26
2,9,3.0,217,6,3,0,9,102,3,27
2,9,3.0,217,6,12,2,16,37,3,27
2,9,3.0,217,6,9,1,6,7,0,27
2,9,4.0,295,3,13,0,12,80,2,30
2,9,4.0,295,3,11,1,1,105,4,30
2,9,4.0,295,3,8,2,3,30,3,30
2,11,3.0,288,2,16,0,15,114,1,27
2,11,4.0,275,4,3,2,8,41,3,30
2,11,4.0,275,4,12,0,14,25,1,30
2,11,3.0,288,2,17,1,14,25,4,27
2,11,15.0,331,0,7,1,5,6,0,1
2,11,22.0,250,0,4,0,14,107,4,26
2,11,22.0,250,0,18,0,8,118,1,26
2,9,3.0,217,6,15,1,15,112,4,27
2,9,3.0,217,6,15,0,5,6,0,27
2,9,3.0,217,6,14,0,4,45,0,27
2,9,4.0,295,3,13,0,14,24,1,30
2,9,6.0,51,1,3,0,14,24,1,23
2,9,6.0,51,1,3,2,8,27,1,23
2,9,6.0,51,1,18,0,2,2,1,23
2,9,6.0,51,1,9,1,3,76,4,23
2,9,7.0,271,2,20,0,13,69,1,11
2,9,7.0,271,2,11,0,13,29,1,11
2,9,13.0,91,1,8,2,16,50,0,25
2,3,12.0,210,5,22,0,5,0,2,28
2,11,3.0,288,2,0,2,1,1,3,27
2,11,3.0,288,2,15,0,13,99,0,27
2,11,3.0,288,2,19,2,0,15,0,27
2,9,4.0,295,3,18,2,8,118,3,30
2,9,6.0,51,1,7,2,3,44,3,23
2,9,7.0,271,2,3,0,7,20,4,11
2,9,13.0,91,1,12,3,10,47,0,25
2,9,13.0,91,1,12,0,9,95,1,25
2,9,7.0,271,2,17,3,3,115,4,11
2,9,14.0,106,2,17,0,3,70,1,5
2,9,15.0,226,4,21,1,8,19,1,1
2,9,15.0,226,4,10,0,5,64,1,1
2,9,15.0,226,4,21,1,5,6,0,1
2,9,15.0,226,4,19,2,8,118,0,1
2,9,15.0,226,4,4,2,12,100,3,1
2,9,21.0,362,2,10,1,4,66,0,21
2,9,14.0,106,2,19,1,4,136,4,5
2,9,21.0,362,2,4,0,6,73,1,21
2,9,23.0,167,5,6,1,10,47,0,17
2,9,23.0,167,5,6,1,13,48,4,17
2,9,23.0,167,5,15,0,13,48,3,17
2,9,23.0,167,5,22,0,13,38,2,17
2,9,23.0,167,5,1,0,9,27,0,17
2,7,4.0,204,0,12,0,15,108,1,30
2,7,6.0,293,2,19,0,1,105,4,23
2,9,6.0,51,1,15,0,2,60,4,23
2,9,6.0,51,1,8,1,9,63,2,23
2,9,6.0,51,1,14,1,9,134,4,23
2,9,6.0,51,1,14,0,8,27,1,23
2,9,7.0,271,2,0,2,3,70,3,11
2,9,7.0,271,2,2,0,3,103,0,11
2,9,7.0,271,2,19,0,13,123,1,11
2,9,7.0,271,2,2,0,8,41,0,11
2,9,7.0,271,2,1,2,14,88,0,11
2,9,7.0,271,2,4,2,7,20,2,11
2,9,13.0,91,1,5,1,12,80,1,25
2,9,14.0,106,2,3,1,3,30,0,5
2,9,15.0,226,4,0,0,9,93,1,1
2,9,15.0,226,4,21,0,0,64,0,1
2,9,15.0,226,4,9,2,8,41,0,1
2,9,15.0,226,4,19,0,12,84,1,1
2,9,21.0,362,2,16,0,0,26,3,21
2,9,21.0,362,2,20,0,2,92,0,21
2,9,21.0,362,2,0,1,15,85,4,21
2,9,21.0,362,2,22,0,2,2,2,21
2,9,23.0,167,5,0,1,1,16,0,17
2,9,23.0,167,5,0,1,5,6,0,17
2,9,13.0,91,1,4,0,2,2,1,25
2,9,13.0,91,1,14,0,12,61,1,25
2,9,13.0,91,1,14,0,3,79,1,25
2,9,14.0,106,2,0,0,8,27,1,5
2,9,14.0,106,2,7,2,5,6,0,5
2,9,14.0,106,2,10,1,10,23,0,5
2,9,14.0,106,2,4,0,4,4,0,5
2,9,14.0,106,2,18,0,6,132,3,5
2,9,13.0,91,1,17,0,9,134,4,25
2,9,15.0,226,4,1,2,9,83,3,1
3,0,23.0,237,1,9,1,11,117,0,17
3,4,12.0,134,3,13,0,4,82,1,28
3,0,23.0,237,1,1,1,5,12,1,17
3,4,10.0,79,5,13,0,6,14,2,4
3,4,10.0,79,5,12,0,11,0,3,4
3,4,10.0,79,5,12,0,13,69,1,4
3,4,11.0,121,6,2,0,9,95,1,9
3,4,18.0,26,6,22,0,5,6,3,0
3,4,26.0,80,3,17,2,2,2,3,3
3,4,25.0,20,6,10,0,9,63,1,13
3,4,26.0,80,3,10,0,13,99,1,3
3,4,26.0,80,3,10,1,10,47,0,3
3,4,26.0,80,3,8,1,9,83,4,3
3,4,26.0,80,3,17,1,7,62,1,3
3,2,2.0,143,3,16,2,0,0,0,22
3,8,25.0,86,4,3,0,13,69,2,13
3,8,25.0,86,4,3,0,13,99,2,13
3,8,25.0,86,4,4,2,16,50,3,13
3,8,25.0,86,4,18,0,15,31,3,13
3,8,28.0,224,3,6,2,10,6,3,18
3,8,28.0,224,3,10,2,6,73,3,18
3,8,28.0,224,3,1,0,3,76,1,18
3,4,10.0,79,5,13,2,14,34,0,4
3,4,11.0,121,6,10,0,10,52,2,9
3,4,11.0,121,6,10,2,0,26,3,9
3,4,11.0,121,6,14,0,8,27,1,9
3,4,18.0,26,6,4,0,8,19,1,0
3,4,18.0,26,6,1,0,6,14,4,0
3,4,25.0,20,6,22,0,10,47,0,13
3,4,11.0,121,6,22,0,9,87,2,9
3,2,2.0,143,3,20,1,0,96,1,22
3,2,19.0,137,2,17,0,5,6,3,10
3,2,19.0,137,2,3,0,14,126,1,10
3,2,28.0,257,5,17,1,14,25,0,18
3,2,28.0,257,5,21,1,14,110,0,18
3,2,28.0,257,5,2,1,9,134,4,18
3,2,28.0,257,5,1,0,10,22,3,18
3,2,28.0,257,5,8,0,9,134,2,18
3,0,10.0,129,2,6,0,0,53,1,4
3,0,10.0,129,2,19,2,6,73,3,4
3,0,10.0,129,2,13,1,10,52,1,4
3,0,25.0,281,4,8,0,6,7,3,13
3,0,26.0,14,5,6,1,10,47,0,3
3,0,26.0,14,5,17,2,6,7,2,3
3,0,26.0,14,5,10,1,2,86,0,3
3,0,26.0,14,5,17,1,14,107,4,3
3,0,26.0,14,5,9,0,14,25,1,3
3,0,27.0,23,6,6,0,8,41,1,15
3,4,11.0,121,6,4,0,13,21,0,9
3,4,11.0,121,6,1,0,3,79,4,9
3,4,11.0,121,6,4,0,2,2,1,9
3,4,11.0,121,6,1,2,2,13,3,9
3,4,11.0,121,6,12,1,16,130,4,9
3,4,11.0,121,6,1,1,11,129,4,9
3,4,11.0,121,6,1,0,12,100,3,9
3,4,18.0,26,6,8,0,2,13,3,0
3,4,18.0,26,6,8,1,1,11,4,0
3,4,18.0,26,6,2,2,1,11,3,0
3,4,18.0,26,6,15,0,16,37,2,0
3,4,18.0,26,6,23,1,2,2,4,0
3,4,18.0,26,6,11,1,12,104,4,0
3,4,25.0,20,6,23,0,14,107,1,13
3,4,25.0,20,6,11,0,11,133,3,13
3,2,2.0,143,3,1,2,8,33,1,22
3,2,19.0,137,2,6,0,2,92,1,10
3,2,19.0,137,2,0,1,8,41,0,10
3,2,2.0,143,3,2,2,16,50,0,22
3,2,19.0,137,2,21,1,5,12,1,10
3,2,19.0,137,2,21,0,16,42,1,10
3,2,19.0,137,2,16,1,1,11,0,10
3,2,19.0,137,2,7,0,15,85,0,10
3,2,19.0,137,2,3,0,0,64,3,10
3,2,19.0,137,2,1,0,1,11,1,10
3,2,28.0,257,5,15,0,13,38,2,18
3,2,28.0,257,5,23,1,16,37,1,18
3,2,28.0,257,5,4,0,8,41,1,18
3,0,10.0,129,2,16,0,0,53,0,4
3,0,10.0,129,2,20,0,13,99,1,4
3,0,10.0,129,2,13,0,14,106,4,4
3,0,10.0,129,2,19,0,10,47,1,4
3,0,10.0,129,2,19,0,9,101,4,4
3,0,10.0,129,2,13,1,10,23,1,4
3,0,25.0,281,4,15,1,5,6,0,13
3,0,25.0,281,4,10,1,0,0,0,13
3,0,26.0,14,5,14,0,3,4,0,3
3,0,26.0,14,5,18,0,14,25,1,3
3,0,27.0,23,6,3,2,4,45,0,15
3,2,19.0,137,2,7,0,1,35,1,10
3,2,19.0,137,2,4,2,16,50,1,10
3,2,19.0,137,2,14,0,2,2,1,10
3,2,28.0,257,5,6,1,5,6,0,18
3,2,28.0,257,5,8,0,0,31,2,18
3,0,10.0,129,2,16,0,1,11,4,4
3,0,10.0,129,2,22,0,0,85,1,4
3,0,10.0,129,2,13,3,9,109,2,4
3,0,10.0,129,2,20,1,7,111,0,4
3,0,27.0,23,6,3,2,14,106,0,15
3,0,27.0,23,6,4,2,1,11,0,15
3,0,27.0,23,6,12,1,16,37,4,15
3,0,28.0,249,3,6,0,1,59,4,18
3,0,26.0,14,5,11,1,5,12,1,3
3,4,10.0,79,5,17,1,11,90,0,4
3,4,10.0,79,5,3,1,11,10,4,4
3,4,11.0,121,6,5,1,4,138,0,9
3,4,10.0,79,5,2,0,11,124,3,4
3,4,10.0,79,5,16,1,11,133,0,4
3,4,10.0,79,5,2,0,14,24,3,4
3,4,11.0,121,6,2,0,9,57,3,9
3,4,11.0,121,6,22,2,2,2,3,9
3,4,11.0,121,6,17,0,15,108,1,9
3,4,21.0,339,1,14,0,2,86,4,21
3,4,21.0,339,1,14,1,13,99,1,21
3,5,28.0,259,2,6,0,0,15,2,18
0,0,1.0,8,5,17,0,9,54,1,7
3,8,21.0,46,3,13,0,2,2,2,21
3,2,15.0,130,6,2,2,16,130,3,1
3,0,24.0,55,2,1,1,0,15,0,14
3,6,21.0,193,6,18,3,3,70,4,21
3,6,21.0,193,6,22,1,9,93,4,21
3,6,21.0,193,6,12,1,1,67,0,21
2,4,21.0,152,0,9,0,4,5,1,21
2,2,4.0,127,0,7,1,14,106,1,30
3,11,28.0,123,1,2,0,8,41,2,18
3,4,21.0,339,1,13,0,2,69,2,21
3,4,11.0,121,6,1,2,13,29,3,9
1,6,1.0,158,2,17,0,0,31,4,7
3,4,18.0,26,6,8,2,8,9,3,0
3,4,25.0,20,6,0,2,12,80,3,13
3,4,25.0,20,6,15,0,11,6,2,13
3,4,25.0,20,6,5,1,14,25,4,13
3,4,25.0,20,6,2,0,0,53,0,13
3,4,25.0,20,6,12,0,13,48,0,13
3,4,25.0,20,6,19,0,0,68,0,13
3,4,26.0,80,3,10,0,3,79,1,3
3,4,26.0,80,3,3,0,10,47,1,3
3,4,26.0,80,3,6,1,15,46,1,3
3,4,26.0,80,3,9,0,15,51,1,3
3,0,26.0,14,5,19,0,1,11,3,3
3,0,27.0,23,6,22,0,0,77,2,15
3,0,27.0,23,6,12,0,0,0,1,15
3,0,27.0,23,6,12,0,7,137,1,15
3,0,28.0,249,3,5,0,14,25,1,18
3,0,28.0,249,3,9,2,3,115,1,18
1,11,1.0,222,6,17,0,4,66,1,7
3,8,1.0,66,0,11,0,12,100,4,7
3,2,18.0,7,1,11,3,3,30,3,0
3,2,27.0,136,4,2,3,1,59,3,15
3,5,10.0,155,6,14,0,0,12,2,4
2,4,31.0,16,4,4,0,10,47,2,20
2,0,14.0,190,6,15,0,0,53,2,5
2,0,14.0,190,6,1,1,5,64,0,5
3,11,7.0,253,1,17,0,16,50,1,11
3,9,6.0,51,4,14,0,1,35,4,23
3,1,27.0,262,2,2,3,7,54,0,15
3,1,27.0,262,2,10,1,5,12,0,15
3,4,1.0,144,2,13,1,12,56,0,7
3,8,1.0,66,0,11,1,6,116,1,7
3,9,6.0,51,4,13,0,2,92,2,23
3,1,1.0,203,5,17,0,11,117,1,7
3,2,27.0,136,4,15,1,2,2,1,15
3,0,28.0,249,3,18,0,2,69,1,18
3,0,25.0,281,4,17,1,10,47,0,13
3,2,19.0,137,2,10,0,0,64,3,10
3,1,16.0,2,6,8,0,0,77,1,2
3,1,16.0,2,6,4,0,10,47,3,2
3,1,16.0,2,6,1,0,5,12,0,2
3,1,16.0,2,6,9,2,3,103,0,2
3,1,17.0,63,3,16,0,13,36,3,6
3,1,17.0,63,3,17,0,13,29,3,6
3,8,10.0,71,2,8,0,10,22,2,4
3,8,10.0,71,2,14,2,13,28,3,4
3,8,11.0,306,4,16,0,16,50,3,9
3,8,11.0,306,4,0,0,0,68,3,9
3,8,10.0,71,2,15,0,5,6,3,4
3,8,11.0,306,4,19,0,15,51,3,9
3,8,19.0,280,5,7,1,13,28,0,10
3,8,19.0,280,5,13,0,14,88,3,10
3,8,24.0,85,2,15,0,13,13,0,14
3,8,24.0,85,2,8,3,8,19,0,14
3,8,25.0,86,4,20,0,10,47,3,13
3,8,25.0,86,4,20,1,13,28,0,13
3,8,25.0,86,4,21,1,9,93,4,13
3,8,25.0,86,4,22,0,9,95,4,13
3,4,11.0,121,6,3,0,1,11,0,9
3,4,10.0,79,5,9,0,1,67,1,4
3,4,18.0,26,6,17,2,11,15,2,0
3,4,18.0,26,6,13,1,15,39,2,0
3,4,18.0,26,6,8,2,13,38,3,0
3,1,18.0,82,0,8,1,0,85,1,0
3,8,16.0,73,1,17,0,5,12,0,2
3,9,6.0,51,4,1,0,8,9,1,23
2,3,6.0,289,6,11,0,4,127,2,23
3,2,3.0,282,0,7,1,11,15,4,27
3,7,1.0,98,6,11,0,8,9,4,7
3,8,8.0,76,0,4,0,11,18,0,8
3,4,28.0,218,1,13,3,1,105,0,18
3,2,18.0,7,1,9,2,5,6,0,0
3,10,18.0,246,5,3,1,13,28,1,0
3,8,1.0,66,0,8,3,11,15,0,7
3,2,23.0,230,3,19,1,9,10,4,17
3,2,24.0,22,0,17,2,6,73,1,14
3,2,24.0,22,0,4,2,14,25,0,14
3,0,8.0,9,0,17,0,2,40,4,8
3,0,8.0,9,0,3,0,9,101,0,8
3,0,21.0,287,3,1,0,14,24,1,21
3,4,25.0,20,6,7,1,15,51,0,13
3,4,25.0,20,6,23,0,5,6,0,13
3,4,25.0,20,6,4,1,13,29,4,13
3,4,25.0,20,6,9,0,0,15,0,13
3,4,26.0,80,3,19,2,2,60,3,3
3,4,26.0,80,3,18,2,16,50,3,3
3,2,2.0,143,3,17,2,0,68,3,22
3,2,2.0,143,3,2,0,3,44,0,22
3,2,2.0,143,3,3,1,10,43,1,22
3,2,19.0,137,2,16,0,0,12,3,10
3,8,28.0,224,3,17,0,10,47,1,18
3,8,28.0,224,3,20,0,9,54,1,18
3,8,28.0,224,3,5,0,13,69,4,18
3,8,28.0,224,3,2,0,6,73,1,18
3,4,10.0,79,5,7,2,16,113,3,4
3,4,10.0,79,5,7,1,2,86,4,4
3,4,10.0,79,5,13,0,6,132,2,4
3,4,10.0,79,5,13,0,8,41,3,4
3,4,10.0,79,5,4,0,2,40,4,4
3,4,10.0,79,5,1,1,10,22,1,4
3,10,23.0,247,2,8,1,0,85,1,17
3,10,23.0,247,2,1,0,6,7,3,17
3,6,11.0,355,2,17,0,16,74,3,9
3,1,13.0,207,2,14,3,8,19,4,25
3,8,23.0,102,1,18,0,9,95,0,17
3,4,30.0,139,4,14,0,1,59,2,19
2,10,18.0,117,4,2,0,1,11,1,0
3,3,10.0,4,4,9,0,2,71,4,4
2,1,20.0,45,1,9,0,10,6,3,29
3,6,21.0,193,6,4,0,2,69,3,21
3,6,21.0,193,6,3,1,2,13,4,21
2,4,21.0,152,0,21,1,13,28,0,21
2,4,20.0,339,3,12,3,5,12,1,29
3,10,3.0,310,4,3,0,0,31,3,27
3,1,13.0,207,2,17,1,7,111,1,25
3,1,19.0,29,1,13,0,11,0,3,10
3,1,19.0,29,1,11,1,2,60,4,10
3,1,19.0,29,1,8,1,15,51,4,10
3,1,24.0,64,3,17,0,15,31,1,14
3,1,24.0,64,3,5,1,7,122,4,14
3,1,24.0,64,3,14,0,9,109,3,14
3,1,24.0,64,3,12,0,7,78,3,14
3,1,24.0,64,3,14,0,9,57,0,14
3,1,25.0,65,0,0,1,1,105,0,13
3,1,25.0,65,0,15,1,12,84,4,13
3,1,24.0,64,3,2,0,9,63,3,14
3,1,25.0,65,0,14,0,13,21,3,13
3,1,26.0,248,1,8,0,7,57,1,3
3,1,26.0,248,1,2,0,9,57,0,3
2,2,27.0,257,2,14,1,5,6,2,15
3,7,26.0,316,2,18,0,11,18,0,3
3,3,6.0,303,3,3,0,11,15,0,23
3,3,6.0,303,3,18,0,6,128,1,23
3,3,6.0,303,3,5,0,5,6,0,23
3,7,14.0,125,5,23,0,14,24,2,5
3,9,1.0,126,6,17,3,11,58,4,7
3,3,7.0,289,0,13,0,2,69,2,11
3,4,8.0,292,2,21,0,2,86,1,8
3,7,6.0,93,4,4,0,15,31,4,23
3,3,15.0,35,1,7,1,0,85,4,1
3,3,16.0,263,2,17,0,8,9,1,2
3,3,15.0,35,1,18,1,5,64,1,1
3,3,16.0,263,2,6,2,6,7,0,2
3,3,16.0,263,2,0,0,0,77,0,2
3,3,6.0,303,3,18,0,14,24,2,23
3,3,16.0,263,2,12,0,15,96,4,2
3,3,26.0,343,6,0,0,14,25,1,3
3,3,26.0,343,6,0,1,0,12,0,3
3,3,26.0,343,6,8,1,4,4,1,3
3,5,1.0,109,4,9,0,15,96,1,7
3,5,7.0,349,2,13,0,9,9,0,11
3,5,7.0,349,2,9,1,2,86,1,11
3,10,10.0,245,4,23,0,0,15,2,4
3,10,9.0,150,2,10,0,16,113,1,12
3,10,18.0,246,5,15,0,2,2,2,0
3,10,18.0,246,5,19,0,0,15,4,0
3,10,18.0,246,5,22,1,1,67,4,0
3,10,18.0,246,5,14,0,13,21,0,0
3,10,18.0,246,5,18,0,4,127,4,0
3,10,18.0,246,5,18,0,2,3,4,0
3,10,18.0,246,5,9,0,8,27,3,0
3,5,24.0,58,6,14,0,0,68,3,14
3,5,24.0,58,6,8,0,8,41,2,14
3,5,10.0,155,6,17,0,13,38,2,4
3,6,8.0,59,3,11,0,9,57,1,8
3,6,8.0,59,3,18,0,3,44,1,8
3,6,10.0,149,1,17,0,0,12,3,4
3,6,10.0,149,1,16,0,11,54,2,4
3,6,10.0,149,1,13,0,5,6,3,4
3,6,24.0,31,1,16,0,14,24,1,14
3,6,24.0,31,1,9,0,16,113,3,14
3,10,2.0,358,2,16,0,3,30,3,22
3,10,2.0,358,2,6,0,0,85,0,22
3,5,7.0,349,2,9,0,0,26,0,11
3,5,9.0,206,5,6,0,10,43,1,12
3,5,9.0,206,5,17,1,3,44,1,12
3,5,9.0,206,5,1,0,16,42,1,12
3,5,9.0,206,5,12,2,12,56,0,12
3,5,9.0,206,5,9,1,13,38,1,12
3,5,9.0,206,5,3,0,8,9,2,12
3,5,16.0,239,5,12,0,6,14,3,2
3,5,18.0,195,3,16,0,14,32,3,0
3,5,18.0,195,3,16,0,13,99,0,0
3,5,18.0,195,3,4,0,2,2,1,0
3,5,18.0,195,3,22,1,11,10,4,0
3,5,18.0,195,3,2,3,9,57,0,0
3,5,18.0,195,3,1,2,8,9,0,0
3,5,18.0,195,3,1,0,4,138,1,0
3,6,1.0,158,3,23,0,16,65,3,7
3,6,1.0,158,3,17,3,1,105,0,7
3,6,9.0,236,0,11,1,15,114,4,12
3,6,9.0,236,0,12,1,5,6,0,12
3,6,25.0,39,2,6,0,10,47,3,13
3,10,2.0,358,2,22,2,13,38,0,22
3,10,2.0,358,2,19,0,9,9,2,22
3,10,9.0,150,2,6,0,3,115,3,12
3,1,1.0,203,5,14,1,0,12,0,7
3,1,18.0,82,0,23,1,4,5,1,0
3,10,9.0,150,2,0,0,5,12,1,12
3,10,9.0,150,2,20,0,0,64,2,12
3,10,10.0,245,4,10,0,8,33,3,4
3,6,8.0,59,3,23,0,2,2,0,8
3,10,9.0,150,2,23,1,9,63,4,12
3,10,9.0,150,2,2,0,9,109,2,12
3,5,23.0,168,5,11,0,6,89,4,17
3,5,23.0,168,5,9,2,2,86,0,17
2,0,13.0,5,5,9,2,5,12,3,25
3,11,3.0,288,5,19,1,12,135,1,27
3,11,4.0,275,6,13,1,1,59,4,30
3,7,11.0,197,1,14,0,0,53,0,9
3,9,5.0,89,2,18,0,5,12,0,24
3,9,28.0,315,5,14,0,9,134,1,18
3,7,22.0,211,6,7,0,0,64,0,26
3,3,13.0,210,3,4,1,5,12,0,25
3,3,13.0,210,3,2,0,16,42,1,25
3,3,21.0,338,0,2,2,8,9,3,21
3,5,11.0,326,3,15,1,10,52,1,9
3,3,11.0,337,5,13,0,4,82,1,9
3,5,22.0,163,4,18,1,5,12,1,26
3,6,6.0,83,5,13,2,13,38,2,23
3,1,19.0,29,1,19,0,5,64,3,10
3,1,19.0,29,1,14,0,13,21,3,10
3,1,24.0,64,3,5,0,1,105,1,14
3,10,8.0,213,1,1,2,3,44,3,8
3,10,8.0,213,1,14,0,7,120,0,8
3,1,24.0,64,3,20,1,14,110,4,14
3,1,25.0,65,0,11,0,6,128,1,13
3,1,25.0,65,0,12,0,3,44,3,13
3,1,24.0,64,3,21,1,10,52,1,14
3,1,26.0,248,1,18,0,14,24,3,3
3,1,26.0,248,1,9,0,6,89,4,3
3,8,17.0,74,2,17,2,8,9,1,6
3,8,17.0,74,2,23,0,6,116,1,6
3,8,17.0,74,2,16,0,10,47,0,6
3,10,1.0,208,1,17,0,12,61,4,7
3,6,27.0,116,5,20,0,2,3,4,15
3,10,1.0,208,1,13,0,5,6,0,7
3,10,9.0,150,2,6,0,15,77,0,12
3,10,9.0,150,2,13,3,12,84,0,12
3,10,18.0,246,5,13,0,4,75,1,0
3,10,18.0,246,5,12,0,0,77,3,0
3,10,18.0,246,5,14,1,1,67,4,0
3,10,27.0,302,3,0,1,7,111,0,15
3,10,27.0,302,3,15,0,8,27,4,15
3,1,1.0,203,5,17,0,5,64,3,7
3,6,24.0,31,1,2,0,1,67,1,14
3,10,2.0,358,2,6,1,13,13,1,22
3,10,2.0,358,2,4,0,2,92,3,22
3,10,2.0,358,2,4,0,12,121,3,22
3,10,2.0,358,2,9,0,0,12,3,22
3,10,9.0,150,2,7,0,5,12,1,12
3,10,9.0,150,2,10,3,6,7,0,12
3,10,9.0,150,2,15,0,2,69,0,12
3,10,9.0,150,2,13,0,9,102,3,12
3,10,9.0,150,2,14,1,4,45,0,12
3,10,9.0,150,2,4,0,4,66,3,12
3,10,10.0,245,4,1,0,13,29,3,4
3,10,9.0,150,2,16,0,10,47,0,12
3,10,9.0,150,2,1,1,5,6,1,12
3,5,9.0,206,5,12,1,10,47,1,12
3,5,16.0,239,5,5,1,7,120,4,2
3,5,1.0,109,4,11,1,10,47,1,7
3,10,1.0,208,1,3,0,8,41,3,7
3,10,1.0,208,1,19,0,10,47,1,7
3,10,1.0,208,1,19,0,10,30,3,7
3,10,8.0,213,1,16,0,5,6,0,8
3,10,8.0,213,1,0,0,1,105,4,8
3,10,8.0,213,1,13,0,15,96,1,8
3,10,8.0,213,1,5,1,12,135,4,8
3,10,8.0,213,1,22,2,1,35,3,8
3,10,8.0,213,1,4,0,3,30,4,8
3,10,8.0,213,1,3,1,11,90,1,8
3,10,16.0,201,2,17,0,5,64,3,2
3,10,16.0,201,2,17,1,3,76,4,2
3,10,16.0,201,2,4,0,2,86,4,2
3,10,16.0,201,2,17,1,13,36,2,2
3,10,16.0,201,2,2,0,5,6,3,2
3,1,2.0,171,6,16,0,0,12,3,22
3,1,2.0,171,6,13,0,3,79,2,22
3,1,2.0,171,6,11,0,8,9,3,22
3,1,2.0,171,6,6,1,5,64,2,22
3,1,8.0,62,5,13,1,10,30,0,8
3,1,10.0,17,3,10,0,12,83,4,4
3,1,10.0,17,3,11,0,13,48,0,4
3,10,1.0,208,1,2,0,10,30,0,7
3,1,10.0,17,3,3,2,13,13,0,4
3,1,10.0,17,3,19,0,2,2,4,4
3,1,10.0,17,3,11,1,9,109,4,4
3,1,10.0,17,3,4,0,8,27,3,4
3,4,8.0,292,2,10,0,15,46,2,8
3,4,8.0,292,2,17,2,8,19,3,8
3,4,8.0,292,2,8,0,9,134,2,8
3,4,8.0,292,2,12,0,2,2,1,8
3,4,9.0,18,4,0,0,9,95,4,12
3,8,26.0,278,5,16,1,3,30,2,3
3,8,26.0,278,5,6,2,12,61,3,3
3,8,26.0,278,5,23,0,3,76,1,3
3,8,26.0,278,5,2,0,16,42,3,3
3,8,26.0,278,5,1,0,8,41,1,3
3,8,26.0,278,5,1,0,0,53,4,3
3,8,27.0,78,6,17,1,3,30,4,15
3,6,24.0,31,1,14,0,5,12,0,14
3,6,24.0,31,1,19,2,14,107,3,14
3,6,24.0,31,1,18,0,4,5,3,14
3,10,2.0,358,2,8,0,8,9,0,22
3,10,2.0,358,2,15,0,12,104,0,22
3,10,2.0,358,2,22,0,12,100,4,22
3,10,2.0,358,2,14,0,9,57,4,22
3,10,2.0,358,2,1,0,10,47,0,22
3,10,2.0,358,2,18,1,14,25,2,22
3,10,9.0,150,2,13,0,6,116,0,12
3,10,9.0,150,2,12,0,0,64,3,12
3,10,9.0,150,2,11,0,7,122,2,12
3,10,9.0,150,2,9,0,0,26,1,12
3,10,9.0,150,2,18,0,1,11,0,12
3,10,9.0,150,2,9,1,15,39,0,12
3,10,9.0,150,2,18,0,1,11,1,12
3,10,9.0,150,2,4,2,7,120,3,12
3,10,27.0,302,3,5,0,5,6,1,15
3,10,27.0,302,3,3,0,2,40,3,15
3,10,27.0,302,3,2,0,10,22,2,15
3,10,27.0,302,3,7,1,1,67,1,15
3,8,16.0,73,1,13,1,2,123,4,2
3,10,27.0,302,3,4,0,13,36,2,15
3,10,27.0,302,3,9,0,2,69,1,15
3,1,1.0,203,5,15,0,1,35,2,7
3,1,1.0,203,5,23,0,3,44,3,7
3,1,1.0,203,5,17,3,14,110,0,7
3,1,1.0,203,5,11,2,14,97,0,7
3,1,1.0,203,5,6,1,3,30,1,7
3,1,1.0,203,5,22,0,9,93,1,7
3,1,1.0,203,5,1,0,10,22,0,7
3,1,9.0,50,6,2,0,6,7,3,12
3,1,9.0,50,6,8,0,5,12,3,12
3,1,18.0,82,0,16,0,3,115,4,0
3,1,18.0,82,0,15,3,0,26,3,0
3,9,16.0,107,3,20,0,8,9,1,2
3,9,23.0,167,3,6,1,10,22,1,17
3,8,27.0,78,6,19,0,9,101,3,15
3,1,8.0,62,5,12,1,3,103,0,8
3,1,26.0,248,1,19,0,16,50,1,3
3,8,27.0,78,6,4,2,8,9,3,15
3,8,27.0,78,6,1,0,2,2,3,15
3,4,3.0,279,5,11,0,5,6,0,27
3,4,3.0,279,5,3,2,7,111,0,27
3,4,3.0,279,5,14,2,2,69,3,27
3,4,3.0,279,5,9,2,13,69,4,27
3,4,8.0,292,2,6,0,16,113,1,8
3,4,8.0,292,2,22,1,16,74,1,8
3,4,8.0,292,2,13,0,5,6,2,8
3,4,8.0,292,2,18,1,14,25,0,8
3,4,9.0,18,4,20,0,15,31,0,12
3,1,26.0,248,1,22,0,0,77,4,3
3,4,9.0,18,4,14,0,0,77,1,12
3,4,9.0,18,4,4,0,13,99,1,12
3,4,17.0,19,5,10,1,6,89,2,6
2,10,19.0,223,5,5,1,0,26,1,10
2,8,3.0,299,1,2,2,6,91,3,27
2,8,1.0,77,3,5,1,2,35,4,7
2,8,3.0,299,1,22,1,9,93,0,27
2,8,12.0,189,4,8,0,10,22,1,28
2,0,5.0,260,4,3,0,14,97,2,24
2,0,3.0,229,1,8,1,4,4,4,27
3,9,4.0,295,1,13,1,1,1,0,30
3,7,29.0,268,6,19,2,5,64,0,16
3,3,22.0,166,1,2,1,2,2,1,26
3,3,20.0,105,3,17,1,7,31,0,29
3,5,6.0,277,1,1,2,14,24,0,23
3,5,17.0,212,6,19,0,4,75,1,6
3,5,15.0,200,4,14,0,14,24,3,1
3,6,8.0,59,3,13,2,6,89,2,8
3,10,27.0,302,3,6,3,7,20,3,15
3,5,17.0,212,6,9,0,8,9,3,6
3,5,17.0,212,6,10,0,14,24,2,6
3,5,23.0,168,5,7,0,10,22,3,17
3,5,23.0,168,5,13,0,1,81,3,17
3,5,23.0,168,5,5,0,12,80,0,17
3,5,23.0,168,5,1,0,14,97,1,17
3,5,23.0,168,5,14,0,15,114,3,17
3,5,24.0,58,6,8,0,1,11,1,14
3,5,23.0,168,5,3,0,10,22,2,17
3,5,24.0,58,6,22,1,9,109,4,14
3,6,8.0,59,3,17,0,8,19,1,8
3,6,8.0,59,3,21,0,12,80,4,8
3,6,8.0,59,3,6,0,5,6,1,8
3,5,17.0,212,6,0,0,5,6,1,6
3,5,17.0,212,6,12,2,10,6,3,6
3,5,23.0,168,5,7,1,6,7,0,17
3,5,23.0,168,5,11,0,15,51,1,17
3,1,24.0,64,3,2,0,2,123,0,14
3,1,24.0,64,3,12,0,8,118,3,14
3,5,23.0,168,5,9,2,8,9,1,17
3,1,24.0,64,3,18,1,4,138,4,14
3,1,25.0,65,0,8,0,3,30,3,13
3,1,25.0,65,0,8,0,15,114,3,13
3,1,25.0,65,0,1,0,8,41,1,13
3,1,25.0,65,0,18,1,7,129,1,13
3,1,26.0,248,1,3,0,9,102,3,3
3,1,26.0,248,1,4,0,1,1,4,3
3,10,1.0,208,1,4,0,16,37,4,7
3,10,1.0,208,1,9,0,8,33,3,7
3,10,1.0,208,1,1,0,8,19,1,7
3,10,8.0,213,1,7,1,7,8,0,8
3,10,8.0,213,1,19,0,16,50,1,8
3,10,16.0,201,2,17,0,13,21,1,2
3,10,16.0,201,2,6,0,15,96,1,2
3,10,16.0,201,2,17,0,2,69,1,2
3,10,16.0,201,2,16,0,10,12,1,2
3,10,16.0,201,2,11,0,7,20,1,2
3,10,16.0,201,2,2,0,9,109,4,2
3,1,2.0,171,6,0,0,4,136,1,22
3,6,9.0,236,0,18,2,1,11,3,12
3,10,1.0,208,1,14,1,13,99,1,7
3,10,1.0,208,1,18,1,11,10,2,7
3,10,8.0,213,1,9,0,3,30,3,8
3,1,2.0,171,6,22,1,9,93,4,22
3,1,2.0,171,6,9,0,1,11,4,22
3,1,8.0,62,5,11,0,1,16,0,8
3,1,8.0,62,5,12,0,13,28,1,8
3,1,10.0,17,3,6,0,4,79,2,4
3,1,10.0,17,3,22,0,0,12,3,4
3,1,8.0,62,5,16,2,10,23,3,8
3,1,25.0,65,0,1,1,9,93,4,13
3,1,25.0,65,0,9,0,13,38,3,13
3,1,2.0,171,6,11,0,10,47,2,22
3,1,26.0,248,1,0,0,10,30,0,3
3,1,26.0,248,1,21,0,14,34,1,3
3,1,26.0,248,1,8,0,0,26,3,3
3,1,25.0,65,0,18,1,12,83,4,13
3,1,10.0,17,3,3,0,5,6,2,4
3,8,17.0,74,2,6,0,3,30,3,6
3,5,23.0,168,5,22,3,1,16,3,17
3,5,23.0,168,5,8,0,11,98,2,17
3,5,23.0,168,5,11,1,11,124,4,17
3,5,23.0,168,5,8,0,14,34,3,17
3,5,24.0,58,6,3,3,8,9,0,14
3,5,25.0,350,3,23,0,10,12,0,13
3,5,24.0,58,6,5,0,4,45,2,14
3,5,25.0,350,3,17,0,13,38,4,13
3,5,25.0,350,3,2,0,0,12,2,13
3,5,25.0,350,3,20,1,9,95,4,13
3,5,25.0,350,3,14,0,13,48,0,13
3,5,23.0,168,5,12,3,5,12,1,17
3,6,8.0,59,3,3,0,5,6,2,8
3,6,8.0,59,3,4,0,10,22,3,8
3,6,8.0,59,3,15,1,13,38,4,8
3,6,10.0,149,1,7,0,6,132,1,4
3,6,24.0,31,1,11,0,10,6,3,14
3,6,24.0,31,1,3,0,9,54,1,14
3,6,24.0,31,1,8,0,10,12,3,14
3,6,24.0,31,1,20,0,8,118,1,14
3,6,24.0,31,1,2,0,2,86,1,14
3,3,23.0,57,2,14,1,13,29,1,17
3,8,17.0,74,2,16,0,16,50,3,6
3,8,17.0,74,2,21,1,1,16,0,6
3,8,17.0,74,2,22,3,3,70,0,6
3,1,27.0,262,2,4,0,14,25,3,15
3,1,18.0,82,0,4,0,5,12,0,0
3,5,23.0,168,5,17,0,14,24,2,17
3,5,24.0,58,6,15,2,8,41,3,14
3,1,27.0,262,2,9,0,12,80,1,15
3,8,1.0,66,0,15,1,1,59,4,7
3,5,23.0,168,5,11,1,13,99,4,17
2,11,21.0,192,3,14,1,8,41,1,21
3,8,1.0,66,0,13,0,8,41,2,7
3,5,23.0,168,5,14,2,13,38,2,17
0,2,20.0,264,0,17,3,5,12,1,29
3,10,10.0,245,4,20,0,8,19,4,4
3,5,24.0,58,6,13,0,2,69,2,14
2,7,12.0,238,1,18,0,13,21,2,28
3,10,18.0,246,5,6,0,5,6,1,0
3,5,24.0,58,6,12,0,6,89,4,14
2,7,12.0,238,1,3,0,13,29,4,28
3,3,22.0,166,1,3,1,15,96,0,26
3,10,18.0,246,5,3,0,11,15,2,0
3,10,18.0,246,5,15,0,13,4,2,0
3,10,18.0,246,5,22,0,10,22,0,0
3,10,18.0,246,5,2,1,6,89,1,0
3,10,18.0,246,5,4,2,12,17,3,0
3,11,14.0,147,1,19,0,5,6,0,5
2,9,22.0,92,4,13,0,13,48,2,26
2,3,29.0,304,0,8,0,13,36,1,16
2,11,5.0,240,5,5,2,14,125,2,24
2,11,12.0,118,5,12,1,1,105,0,28
2,10,13.0,174,6,17,1,8,33,4,25
2,1,6.0,32,1,1,0,9,57,2,23
2,1,22.0,69,4,22,0,2,40,4,26
2,8,8.0,124,3,1,0,15,96,0,8
2,4,7.0,292,0,2,1,10,22,1,11
2,4,16.0,19,2,4,0,1,35,4,2
2,2,9.0,28,6,17,0,7,54,4,12
2,4,23.0,27,2,16,0,0,12,0,17
3,11,31.0,227,5,22,1,14,32,0,20
3,11,31.0,227,5,4,1,1,59,0,20
3,11,31.0,227,5,4,1,1,59,0,20
3,9,9.0,320,3,8,1,7,129,1,12
3,5,15.0,200,4,4,0,2,3,4,1
3,10,18.0,246,5,9,2,12,104,3,0
3,10,27.0,302,3,3,1,5,6,0,15
3,10,27.0,302,3,3,0,9,27,3,15
3,10,27.0,302,3,15,0,14,126,4,15
3,10,27.0,302,3,8,2,7,20,3,15
3,10,27.0,302,3,4,0,12,56,3,15
3,10,27.0,302,3,12,0,14,34,2,15
3,1,18.0,82,0,19,0,14,25,1,0
3,1,1.0,203,5,14,0,0,64,3,7
3,1,1.0,203,5,13,1,16,50,4,7
3,1,1.0,203,5,15,1,7,129,1,7
3,1,9.0,50,6,10,0,5,6,1,12
3,1,9.0,50,6,10,0,8,33,2,12
3,1,9.0,50,6,9,0,1,59,3,12
3,1,9.0,50,6,2,1,10,22,1,12
3,1,18.0,82,0,6,0,0,12,3,0
3,8,1.0,66,0,8,0,0,64,0,7
3,8,1.0,66,0,1,2,4,138,3,7
3,8,2.0,77,1,21,0,10,22,2,22
3,9,8.0,90,6,19,0,5,6,0,8
3,11,6.0,252,0,16,0,2,86,0,23
3,9,24.0,272,0,18,2,7,8,3,14
3,9,24.0,272,0,15,1,0,31,2,14
3,7,25.0,41,1,1,2,7,20,3,13
2,11,14.0,147,3,22,1,11,58,1,5
2,11,30.0,170,1,9,1,16,108,0,19
2,6,5.0,83,2,1,0,0,64,3,24
3,8,26.0,278,5,19,1,5,6,1,3
2,7,7.0,94,4,5,0,10,52,1,11
2,10,13.0,174,6,8,0,12,61,1,25
2,7,12.0,238,1,23,2,5,47,2,28
2,1,22.0,69,4,19,1,3,30,0,26
2,6,5.0,83,2,1,0,14,34,3,24
2,5,15.0,239,2,17,3,10,47,1,1
2,6,15.0,38,6,20,0,5,6,0,1
2,8,8.0,124,3,8,0,2,2,1,8
2,4,16.0,19,2,9,3,8,65,4,2
2,4,16.0,19,2,19,1,0,53,1,2
2,7,15.0,40,5,17,1,11,122,4,1
3,8,2.0,77,1,22,1,1,59,4,22
3,8,2.0,77,1,1,0,2,2,3,22
3,8,2.0,77,1,15,1,9,101,4,22
3,8,3.0,363,2,0,0,5,12,3,27
3,8,3.0,363,2,15,0,13,21,3,27
3,8,3.0,363,2,19,0,2,2,4,27
3,8,3.0,363,2,2,2,2,92,3,27
3,8,3.0,363,2,9,0,10,47,2,27
3,8,8.0,76,0,6,2,11,15,3,8
3,8,8.0,76,0,17,0,5,47,3,8
3,8,8.0,76,0,20,0,1,11,4,8
3,8,8.0,76,0,22,1,1,59,4,8
3,8,8.0,76,0,13,1,14,131,4,8
3,8,8.0,76,0,3,1,6,73,1,8
3,8,9.0,124,1,6,0,5,6,0,12
3,8,9.0,124,1,10,1,9,102,4,12
3,8,9.0,124,1,22,0,16,37,0,12
3,8,9.0,124,1,8,0,8,27,1,12
3,8,9.0,124,1,19,0,10,43,1,12
3,8,9.0,124,1,0,1,1,105,0,12
3,2,20.0,264,4,4,0,14,25,0,29
3,2,20.0,264,4,5,0,6,7,3,29
3,2,25.0,233,1,17,0,0,12,3,13
3,4,9.0,18,4,12,1,7,78,4,12
3,4,17.0,19,5,5,0,10,22,2,6
3,8,17.0,74,2,12,0,11,94,2,6
0,0,15.0,190,5,13,3,10,22,0,1
2,10,1.0,358,0,17,0,2,86,4,7
2,5,4.0,96,6,8,0,8,27,3,30
2,1,27.0,300,1,17,0,15,51,1,15
2,6,15.0,38,6,18,1,4,45,4,1
2,7,22.0,202,5,1,0,14,25,1,26
2,0,5.0,260,4,9,1,2,13,0,24
2,10,13.0,174,6,2,1,6,14,4,25
2,2,29.0,131,5,17,1,11,15,2,16
3,11,21.0,192,1,0,0,14,107,1,21
2,7,30.0,43,6,18,0,0,85,3,19
2,4,1.0,141,1,8,0,5,6,2,7
2,10,31.0,203,2,17,2,13,28,3,20
3,11,2.0,265,4,13,1,2,86,1,22
2,1,6.0,32,1,14,1,2,2,1,23
3,3,28.0,187,0,9,0,12,84,1,18
2,4,16.0,19,2,14,1,15,119,0,2
3,3,22.0,166,1,12,1,8,9,0,26
3,3,22.0,166,1,22,0,15,119,3,26
3,9,23.0,167,3,15,0,10,23,1,17
3,9,23.0,167,3,8,2,10,23,3,17
3,7,1.0,98,6,20,0,16,50,3,7
3,7,1.0,98,6,13,0,13,38,0,7
3,7,1.0,98,6,3,0,0,77,3,7
3,7,7.0,293,5,21,1,3,79,0,11
3,7,7.0,293,5,2,0,16,108,4,11
3,7,7.0,293,5,9,3,9,27,0,11
3,7,7.0,293,5,12,0,8,41,1,11
3,7,8.0,94,6,8,0,12,80,0,8
3,7,17.0,95,0,6,1,13,48,0,6
3,7,17.0,95,0,15,1,12,83,4,6
3,7,23.0,202,3,23,0,10,43,1,17
3,7,23.0,202,3,15,0,5,6,0,17
3,7,23.0,202,3,22,2,8,9,3,17
3,7,23.0,202,3,9,1,1,1,4,17
3,7,23.0,202,3,22,3,12,80,3,17
3,3,1.0,180,1,21,0,8,41,0,7
3,4,3.0,279,5,12,0,13,38,3,27
3,3,1.0,180,1,4,0,5,6,1,7
3,3,1.0,180,1,12,0,14,25,3,7
3,3,18.0,165,5,12,0,12,80,0,0
3,3,23.0,57,2,21,0,8,19,0,17
3,3,23.0,57,2,10,1,2,2,1,17
3,1,1.0,203,5,21,1,13,29,2,7
3,1,1.0,203,5,8,2,1,1,3,7
3,1,1.0,203,5,12,0,2,69,2,7
3,1,18.0,82,0,14,0,14,24,2,0
3,1,9.0,50,6,23,0,2,13,0,12
3,1,9.0,50,6,22,0,5,6,3,12
3,1,9.0,50,6,1,0,5,64,3,12
3,1,9.0,50,6,14,0,12,56,1,12
3,1,9.0,50,6,1,2,2,2,3,12
3,1,9.0,50,6,9,0,4,136,1,12
3,1,9.0,50,6,17,1,10,47,1,12
3,1,18.0,82,0,11,0,8,9,1,0
3,1,18.0,82,0,3,0,2,40,1,0
3,1,18.0,82,0,3,0,16,39,4,0
3,1,18.0,82,0,1,0,4,121,1,0
3,1,27.0,262,2,11,1,11,55,4,15
2,9,22.0,92,4,1,1,13,99,0,26
2,7,12.0,238,1,12,0,16,139,4,28
2,3,29.0,304,0,9,0,1,35,0,16
2,3,29.0,304,0,14,1,1,1,4,16
2,5,5.0,277,3,12,1,3,30,4,24
2,6,15.0,38,6,18,0,7,137,4,1
2,11,5.0,240,5,8,0,14,125,2,24
2,11,28.0,123,3,8,0,15,119,3,18
2,1,31.0,66,6,13,0,14,97,2,20
2,0,7.0,9,6,19,0,14,25,3,11
3,11,14.0,147,1,12,1,14,32,0,5
3,11,31.0,227,5,19,1,5,6,0,20
2,0,7.0,9,6,15,1,9,83,4,11
3,11,8.0,283,2,9,0,15,114,0,8
3,11,8.0,283,2,14,0,2,69,0,8
2,11,14.0,147,3,13,0,12,61,2,5
3,1,27.0,262,2,22,0,9,101,3,15
3,1,27.0,262,2,8,0,7,129,4,15
3,8,1.0,66,0,17,0,13,123,3,7
3,8,1.0,66,0,11,0,2,69,4,7
3,6,8.0,59,3,3,1,13,99,4,8
3,6,10.0,149,1,13,0,10,47,3,4
3,6,24.0,31,1,8,0,13,28,3,14
3,10,2.0,358,2,16,0,13,38,3,22
3,10,10.0,245,4,17,0,5,6,0,4
3,10,10.0,245,4,0,2,5,12,3,4
3,10,10.0,245,4,7,1,4,45,0,4
3,10,10.0,245,4,4,0,2,2,1,4
3,10,27.0,302,3,1,0,3,115,2,15
3,8,16.0,73,1,5,2,11,133,3,2
3,10,18.0,246,5,16,0,3,79,0,0
3,10,18.0,246,5,0,1,3,70,2,0
3,10,18.0,246,5,13,1,1,11,4,0
3,10,18.0,246,5,12,1,14,107,1,0
3,10,27.0,302,3,20,1,1,16,4,15
3,1,9.0,50,6,10,1,0,96,0,12
3,1,9.0,50,6,4,0,4,82,2,12
3,6,25.0,39,2,0,1,0,53,0,13
3,4,3.0,279,5,1,1,12,83,4,27
2,4,16.0,19,2,17,1,10,43,1,2
3,6,25.0,39,2,9,0,2,86,0,13
3,6,26.0,348,4,6,0,1,81,4,3
3,6,26.0,348,4,23,0,10,47,0,3
3,6,26.0,348,4,20,1,16,130,2,3
3,6,26.0,348,4,22,1,0,96,1,3
3,8,17.0,74,2,6,2,15,96,3,6
3,8,17.0,74,2,8,0,10,22,3,6
3,8,17.0,74,2,22,0,2,2,1,6
3,8,17.0,74,2,12,0,15,31,0,6
3,8,17.0,74,2,1,0,8,33,4,6
3,1,19.0,29,1,8,0,16,50,3,10
3,8,17.0,74,2,18,0,14,25,0,6
3,8,17.0,74,2,1,0,5,6,3,6
3,8,26.0,278,5,6,0,16,50,3,3
3,8,26.0,278,5,20,0,6,89,4,3
3,8,27.0,78,6,16,1,4,75,0,15
3,8,27.0,78,6,20,0,16,37,2,15
3,5,24.0,58,6,14,0,8,27,3,14
3,5,24.0,58,6,1,0,1,81,4,14
3,5,24.0,58,6,18,0,1,1,0,14
3,5,24.0,58,6,9,0,1,59,3,14
3,5,24.0,58,6,14,2,2,69,3,14
3,5,25.0,350,3,7,0,12,61,3,13
3,5,24.0,58,6,4,0,8,19,3,14
3,5,24.0,58,6,13,3,13,48,0,14
3,5,25.0,350,3,14,0,3,115,4,13
3,5,25.0,350,3,14,0,3,70,3,13
3,5,25.0,350,3,18,2,6,7,3,13
3,6,8.0,59,3,0,0,3,30,1,8
3,6,8.0,59,3,7,1,13,48,0,8
3,6,8.0,59,3,13,2,2,86,0,8
3,6,8.0,59,3,11,0,10,22,3,8
3,6,8.0,59,3,2,1,11,10,4,8
3,6,10.0,149,1,6,0,14,24,1,4
3,6,10.0,149,1,6,0,14,25,4,4
3,6,10.0,149,1,16,2,6,14,0,4
3,6,10.0,149,1,20,0,0,26,0,4
3,6,8.0,59,3,4,0,13,29,2,8
3,6,24.0,31,1,21,2,3,115,3,14
3,6,24.0,31,1,2,0,13,28,3,14
2,11,21.0,192,3,4,2,8,118,3,21
2,5,4.0,96,6,11,0,4,127,2,30
2,11,12.0,118,5,1,2,0,12,0,28
2,11,28.0,123,3,14,1,5,12,0,18
2,6,30.0,208,3,11,3,14,32,1,19
2,1,22.0,69,4,14,1,12,17,4,26
2,2,8.0,21,5,3,1,14,32,1,8
2,1,22.0,69,4,11,0,6,89,4,26
2,0,7.0,9,6,14,3,12,61,3,11
2,4,22.0,30,1,3,0,10,22,2,26
2,0,15.0,11,3,22,1,10,23,1,1
3,8,27.0,78,6,2,2,3,103,3,15
3,8,27.0,78,6,20,1,10,12,0,15
3,8,27.0,78,6,5,0,8,41,3,15
3,4,3.0,279,5,7,1,10,22,0,27
3,4,3.0,279,5,20,0,2,2,1,27
3,4,3.0,279,5,11,1,10,47,1,27
3,4,3.0,279,5,2,0,4,75,4,27
3,4,3.0,279,5,12,0,10,47,2,27
3,4,3.0,279,5,14,0,7,57,2,27
3,4,8.0,292,2,6,0,11,18,0,8
3,1,26.0,248,1,9,0,7,62,1,3
3,8,17.0,74,2,21,1,1,16,0,6
3,1,8.0,62,5,12,0,14,107,1,8
3,8,17.0,74,2,0,1,1,67,0,6
3,8,26.0,278,5,22,0,14,125,0,3
3,8,26.0,278,5,14,0,6,89,1,3
3,8,26.0,278,5,13,0,16,130,1,3
3,8,27.0,78,6,20,1,10,12,0,15
3,4,3.0,279,5,7,1,10,22,0,27
3,4,3.0,279,5,5,0,13,99,4,27
3,4,3.0,279,5,6,1,5,6,1,27
3,4,3.0,279,5,22,2,12,84,3,27
3,4,3.0,279,5,8,0,9,87,4,27
3,4,3.0,279,5,8,0,11,10,3,27
3,4,3.0,279,5,14,0,6,89,3,27
3,4,3.0,279,5,2,0,10,22,3,27
3,4,3.0,279,5,3,0,0,77,2,27
3,4,8.0,292,2,0,2,0,15,3,8
3,8,17.0,74,2,2,0,6,116,1,6
3,4,3.0,279,5,22,1,0,77,1,27
3,8,17.0,74,2,19,0,1,11,3,6
3,8,27.0,78,6,19,1,3,30,4,15
2,6,7.0,59,5,2,0,14,107,2,11
3,4,8.0,292,2,16,0,6,7,3,8
2,6,5.0,83,2,13,2,13,21,0,24
3,8,17.0,74,2,17,2,10,47,0,6
3,4,8.0,292,2,0,1,0,64,2,8
2,1,6.0,32,1,13,1,13,38,4,23
3,4,8.0,292,2,22,0,10,6,3,8
2,0,15.0,11,3,18,0,0,77,1,1
3,8,26.0,278,5,17,2,5,12,3,3
3,4,8.0,292,2,9,0,2,86,3,8
2,0,15.0,11,3,22,1,5,12,0,1
3,8,26.0,278,5,3,0,9,93,1,3
3,4,8.0,292,2,17,1,8,27,2,8
3,11,6.0,252,0,14,1,9,93,4,23
3,8,26.0,278,5,0,2,15,51,3,3
3,4,8.0,292,2,19,0,10,22,3,8
3,4,17.0,19,5,15,2,13,29,2,6
3,8,26.0,278,5,23,2,10,22,0,3
3,8,27.0,78,6,17,0,6,89,4,15
3,1,10.0,17,3,18,1,12,17,4,4
3,1,10.0,17,3,16,1,10,12,1,4
3,10,16.0,201,2,18,3,3,44,4,2
3,1,19.0,29,1,0,0,15,108,3,10
3,1,19.0,29,1,11,0,11,117,0,10
3,1,19.0,29,1,12,0,0,77,1,10
3,3,23.0,57,2,18,0,5,12,2,17
3,3,23.0,57,2,18,2,11,124,0,17
3,3,24.0,357,4,5,2,0,77,3,14
3,3,24.0,357,4,15,0,7,137,1,14
3,3,24.0,357,4,0,1,0,64,0,14
3,7,1.0,98,6,17,1,13,13,0,7
3,3,24.0,357,4,1,0,8,19,1,14
3,3,24.0,357,4,2,2,16,37,3,14
3,3,24.0,357,4,18,0,5,6,3,14
3,3,25.0,347,5,5,1,10,52,1,13
3,5,10.0,155,6,17,1,8,9,2,4
3,5,10.0,155,6,22,0,2,2,4,4
3,5,15.0,200,4,14,0,2,69,3,1
3,5,17.0,212,6,17,3,16,37,3,6
3,5,17.0,212,6,0,2,5,64,3,6
3,5,17.0,212,6,2,0,16,74,1,6
3,5,17.0,212,6,12,2,9,95,0,6
3,5,17.0,212,6,9,0,13,29,2,6
3,5,17.0,212,6,5,3,14,24,3,6
3,5,24.0,58,6,22,2,3,30,0,14
3,5,24.0,58,6,22,0,10,47,3,14
3,5,24.0,58,6,1,0,1,59,3,14
3,5,15.0,200,4,1,0,16,130,4,1
3,5,10.0,155,6,7,3,1,1,2,4
3,5,17.0,212,6,8,2,2,2,3,6
3,5,23.0,168,5,23,0,3,30,3,17
3,5,23.0,168,5,22,1,13,48,4,17
3,5,23.0,168,5,18,0,0,77,3,17
3,5,24.0,58,6,7,1,9,95,4,14
3,5,23.0,168,5,4,0,10,12,0,17
3,5,24.0,58,6,9,0,1,35,3,14
3,5,24.0,58,6,18,1,13,21,1,14
3,5,24.0,58,6,13,0,4,75,2,14
3,5,25.0,350,3,2,0,7,137,4,13
3,5,25.0,350,3,4,0,2,3,4,13
3,5,25.0,350,3,9,2,13,99,0,13
3,5,25.0,350,3,9,2,13,123,0,13
3,6,8.0,59,3,11,1,2,13,4,8
3,6,8.0,59,3,4,0,10,47,3,8
3,6,8.0,59,3,12,2,2,86,4,8
3,6,8.0,59,3,11,1,7,137,1,8
3,6,10.0,149,1,21,2,16,130,3,4
3,6,8.0,59,3,4,3,6,126,3,8
3,6,24.0,31,1,6,1,5,64,4,14
3,6,24.0,31,1,8,0,5,6,0,14
3,6,24.0,31,1,4,0,13,28,3,14
3,6,10.0,149,1,11,1,9,93,4,4
3,6,24.0,31,1,18,0,13,36,1,14
3,10,2.0,358,2,0,2,1,1,3,22
3,10,2.0,358,2,0,0,13,36,4,22
3,10,2.0,358,2,0,0,0,12,1,22
3,10,2.0,358,2,22,0,0,85,1,22
3,10,2.0,358,2,12,0,12,80,0,22
3,10,2.0,358,2,19,1,13,99,4,22
3,1,18.0,82,0,21,1,11,117,0,0
3,10,2.0,358,2,18,2,0,68,3,22
3,10,9.0,150,2,16,2,13,48,3,12
3,10,9.0,150,2,5,2,2,69,0,12
3,10,10.0,245,4,0,2,8,41,0,4
3,10,10.0,245,4,15,1,15,114,4,4
3,10,10.0,245,4,23,2,13,38,0,4
3,10,10.0,245,4,3,0,5,12,3,4
3,10,10.0,245,4,7,1,4,45,0,4
2,5,12.0,184,3,3,0,13,99,2,28
2,4,13.0,345,3,19,0,3,30,1,25
2,5,1.0,307,2,17,1,7,20,1,7
2,4,13.0,345,3,9,1,0,68,0,25
2,2,2.0,282,6,13,3,8,9,4,22
2,0,22.0,237,3,23,0,0,53,3,26
3,11,20.0,340,0,5,1,4,82,1,29
3,11,20.0,340,0,17,0,0,64,1,29
3,4,9.0,18,4,23,0,5,6,2,12
3,4,17.0,19,5,12,1,0,15,1,6
3,4,17.0,19,5,13,0,10,47,3,6
3,4,17.0,19,5,14,2,3,44,3,6
3,4,17.0,19,5,15,0,10,47,0,6
3,6,27.0,116,5,17,0,11,133,2,15
3,4,27.0,274,0,17,0,14,131,1,15
3,4,17.0,19,5,4,0,12,84,1,6
3,4,27.0,274,0,6,0,6,91,1,15
3,4,17.0,19,5,1,0,1,35,3,6
3,4,27.0,274,0,0,0,14,25,0,15
3,5,23.0,168,5,8,2,10,22,3,17
3,4,27.0,274,0,14,0,10,47,1,15
3,5,23.0,168,5,12,3,6,128,1,17
3,4,27.0,274,0,18,0,9,57,0,15
3,5,24.0,58,6,6,1,7,62,0,14
3,4,27.0,274,0,1,0,9,109,4,15
3,5,23.0,168,5,18,0,8,19,0,17
3,2,1.0,16,6,0,1,3,76,1,7
3,5,24.0,58,6,0,2,5,6,3,14
3,2,10.0,28,0,21,0,10,22,3,4
3,5,24.0,58,6,13,2,4,75,0,14
3,2,1.0,16,6,1,0,14,24,2,7
3,5,24.0,58,6,22,0,9,57,3,14
3,5,24.0,58,6,17,0,4,45,2,14
3,5,24.0,58,6,12,3,1,16,3,14
3,5,24.0,58,6,3,1,13,99,4,14
3,5,25.0,350,3,13,1,14,125,4,13
3,1,18.0,82,0,8,1,9,101,4,0
3,1,18.0,82,0,9,0,8,33,4,0
3,1,18.0,82,0,9,0,2,2,0,0
3,1,27.0,262,2,6,3,7,31,3,15
3,1,27.0,262,2,7,0,4,82,1,15
3,1,27.0,262,2,15,3,9,93,1,15
3,8,1.0,66,0,21,0,0,12,1,7
3,8,1.0,66,0,11,0,2,69,4,7
3,8,1.0,66,0,18,0,0,77,1,7
3,8,2.0,77,1,12,0,2,13,3,22
3,8,1.0,66,0,11,1,1,81,1,7
3,8,3.0,363,2,17,0,14,34,1,27
3,4,8.0,292,2,1,0,10,47,0,8
3,4,8.0,292,2,1,1,12,56,4,8
3,4,8.0,292,2,9,0,9,63,0,8
3,4,9.0,18,4,6,0,0,53,4,12
3,4,9.0,18,4,2,0,3,70,3,12
3,4,9.0,18,4,17,0,5,12,0,12
3,1,19.0,29,1,4,3,0,26,0,10
3,4,9.0,18,4,14,1,11,58,1,12
3,4,17.0,19,5,3,0,16,72,1,6
3,4,17.0,19,5,8,2,13,38,0,6
3,4,27.0,274,0,6,2,10,47,3,15
3,4,27.0,274,0,19,2,13,38,3,15
3,4,27.0,274,0,14,0,6,128,1,15
3,2,1.0,16,6,16,0,14,131,1,7
3,4,27.0,274,0,13,1,0,64,2,15
3,2,1.0,16,6,13,0,1,105,0,7
3,2,1.0,16,6,1,0,10,22,2,7
3,2,1.0,16,6,9,0,1,1,3,7
3,2,10.0,28,0,20,1,6,73,4,4
3,2,20.0,264,4,10,2,6,7,4,29
3,2,20.0,264,4,12,0,2,2,4,29
3,8,2.0,77,1,0,0,8,27,2,22
3,8,1.0,66,0,7,0,3,30,3,7
3,8,3.0,363,2,9,1,5,12,2,27
3,8,8.0,76,0,6,0,10,47,1,8
3,8,8.0,76,0,2,2,9,49,3,8
3,8,8.0,76,0,14,0,1,1,3,8
3,8,8.0,76,0,18,0,2,92,0,8
3,8,16.0,73,1,6,0,7,120,3,2
3,8,16.0,73,1,1,0,8,65,2,2
3,8,16.0,73,1,22,0,10,22,2,2
3,8,18.0,75,4,8,0,15,114,1,0
3,10,18.0,246,5,4,0,2,86,3,0
3,10,27.0,302,3,10,0,10,47,3,15
3,10,27.0,302,3,17,3,1,67,3,15
3,10,27.0,302,3,22,0,15,85,1,15
3,10,27.0,302,3,12,0,6,89,4,15
3,10,27.0,302,3,14,0,13,21,3,15
3,1,1.0,203,5,16,2,15,31,3,7
3,1,1.0,203,5,10,2,7,62,3,7
3,1,9.0,50,6,16,0,8,9,2,12
3,1,9.0,50,6,16,1,7,111,0,12
3,1,9.0,50,6,19,0,16,139,3,12
3,1,9.0,50,6,9,0,10,23,3,12
3,1,18.0,82,0,16,0,10,23,1,0
3,1,18.0,82,0,1,0,6,128,1,0
3,1,18.0,82,0,10,0,11,8,1,0
3,4,2.0,141,4,1,2,3,79,1,22
3,4,2.0,141,4,12,2,13,38,1,22
3,1,18.0,82,0,18,0,7,20,3,0
3,1,18.0,82,0,18,0,0,68,4,0
3,1,27.0,262,2,17,0,5,12,3,15
3,1,27.0,262,2,22,0,12,17,0,15
3,2,10.0,28,0,19,2,3,44,3,4
3,8,17.0,74,2,21,1,1,67,0,6
3,4,27.0,274,0,23,1,16,72,0,15
3,8,17.0,74,2,10,3,0,53,3,6
3,8,17.0,74,2,0,1,13,29,0,6
3,8,17.0,74,2,15,0,8,27,1,6
3,1,18.0,82,0,9,2,2,86,3,0
3,7,1.0,98,6,15,3,4,75,4,7
3,1,27.0,262,2,17,0,7,20,0,15
3,1,27.0,262,2,15,0,2,2,4,15
3,1,27.0,262,2,3,1,9,101,4,15
3,1,27.0,262,2,19,0,0,26,3,15
3,1,1.0,203,5,17,3,0,77,1,7
3,3,23.0,57,2,18,0,10,22,3,17
3,3,24.0,357,4,16,1,11,124,0,14
3,3,24.0,357,4,15,1,16,113,4,14
3,3,25.0,347,5,14,0,1,16,4,13
3,3,25.0,347,5,19,2,1,105,3,13
3,5,10.0,155,6,11,0,2,13,3,4
3,5,10.0,155,6,1,2,9,134,2,4
3,5,15.0,200,4,0,1,3,44,0,1
3,5,15.0,200,4,13,1,3,79,4,1
3,5,15.0,200,4,15,0,6,89,0,1
3,5,17.0,212,6,20,0,16,39,1,6
3,5,17.0,212,6,13,1,1,16,4,6
3,5,17.0,212,6,4,0,6,116,4,6
3,6,24.0,31,1,2,1,14,24,0,14
3,5,17.0,212,6,2,1,10,52,4,6
3,5,23.0,168,5,5,0,13,69,3,17
3,5,6.0,277,1,12,1,0,31,4,23
3,5,4.0,114,3,9,1,10,52,1,30
3,6,20.0,215,5,8,1,11,15,1,29
3,10,6.0,242,3,2,1,15,46,4,23
3,6,5.0,342,4,20,0,14,24,2,24
3,10,28.0,216,0,17,1,9,87,4,18
3,10,28.0,216,0,5,1,6,91,4,18
3,10,31.0,135,4,22,0,4,5,1,20
3,1,15.0,1,5,4,0,14,24,3,1
3,8,15.0,72,0,18,0,10,47,2,1
3,4,31.0,67,5,18,0,6,7,3,20
3,4,31.0,67,5,18,1,13,48,2,20
3,6,20.0,215,5,22,3,9,102,1,29
3,8,15.0,72,0,14,3,2,69,4,1
3,4,15.0,132,2,0,1,7,129,1,1
3,4,23.0,30,4,17,1,5,64,1,17
3,11,21.0,192,1,9,1,13,28,0,21
2,0,30.0,290,0,5,3,13,69,2,19
2,2,11.0,128,0,10,0,12,80,1,9
2,2,5.0,251,1,14,0,14,24,1,24
3,11,21.0,192,1,13,0,16,139,2,21
2,11,1.0,222,0,15,0,8,27,3,7
3,8,17.0,74,2,19,0,5,64,0,6
3,8,17.0,74,2,9,0,13,28,2,6
3,8,26.0,278,5,10,0,9,63,4,3
3,8,26.0,278,5,9,0,6,89,3,3
3,1,8.0,62,5,11,1,11,10,4,8
3,1,8.0,62,5,17,0,9,101,4,8
3,8,27.0,78,6,6,0,5,6,1,15
3,8,27.0,78,6,15,0,0,26,3,15
3,9,6.0,51,4,1,3,5,12,1,23
3,9,23.0,167,3,22,1,0,53,4,17
3,9,23.0,167,3,1,0,12,17,1,17
3,7,1.0,98,6,6,1,9,27,0,7
3,7,1.0,98,6,22,2,1,59,2,7
3,7,1.0,98,6,12,2,5,6,0,7
3,7,7.0,293,5,17,0,13,29,4,11
3,7,7.0,293,5,11,2,4,45,0,11
3,7,7.0,293,5,15,0,13,29,3,11
3,11,23.0,232,4,12,2,2,3,3,17
3,5,9.0,206,5,12,0,8,9,2,12
3,5,16.0,239,5,8,1,6,7,1,2
3,5,16.0,239,5,12,0,9,93,4,2
3,5,18.0,195,3,0,2,13,29,1,0
3,3,17.0,54,4,18,0,2,123,4,6
3,6,26.0,348,4,16,0,5,12,3,3
3,1,26.0,248,1,16,0,13,38,3,3
3,9,23.0,167,3,8,0,5,12,1,17
3,5,18.0,195,3,8,0,2,2,2,0
3,5,18.0,195,3,3,0,4,45,4,0
3,5,18.0,195,3,8,0,8,27,1,0
3,5,18.0,195,3,3,2,6,7,4,0
3,5,18.0,195,3,2,0,15,96,3,0
3,5,7.0,349,2,12,0,13,28,1,11
3,5,7.0,349,2,3,1,9,93,4,11
3,5,7.0,349,2,19,0,2,40,2,11
3,3,8.0,148,1,13,2,8,19,3,8
3,5,7.0,349,2,13,0,12,61,3,11
3,5,9.0,206,5,1,2,15,46,3,12
3,5,9.0,206,5,8,0,12,17,2,12
3,5,9.0,206,5,13,0,3,30,2,12
3,5,16.0,239,5,20,0,8,9,2,2
3,5,16.0,239,5,13,0,12,100,3,2
3,5,16.0,239,5,2,0,14,24,4,2
3,5,16.0,239,5,19,0,5,12,3,2
3,3,1.0,180,1,14,0,12,80,0,7
3,9,22.0,92,6,22,1,13,21,1,26
3,3,21.0,338,0,2,1,2,71,0,21
3,5,18.0,195,3,0,0,13,21,1,0
3,5,18.0,195,3,15,3,5,64,3,0
3,5,18.0,195,3,3,2,2,92,1,0
3,5,18.0,195,3,12,2,6,7,3,0
3,5,18.0,195,3,1,0,8,27,4,0
3,5,18.0,195,3,1,0,9,101,4,0
3,5,16.0,239,5,18,0,5,12,0,2
3,6,1.0,158,3,8,3,14,88,3,7
3,6,1.0,158,3,8,2,8,41,3,7
3,6,1.0,158,3,1,0,10,47,0,7
3,5,18.0,195,3,19,0,2,35,0,0
3,5,18.0,195,3,1,0,3,79,1,0
3,5,18.0,195,3,12,0,8,41,2,0
3,5,18.0,195,3,5,1,12,121,2,0
3,6,1.0,158,3,11,1,10,43,1,7
3,6,1.0,158,3,8,0,15,114,1,7
3,6,1.0,158,3,0,1,7,20,4,7
3,6,1.0,158,3,20,1,4,75,4,7
3,6,9.0,236,0,15,0,13,48,0,12
3,3,24.0,357,4,6,3,6,14,0,14
3,7,17.0,95,0,17,1,11,15,0,6
3,7,17.0,95,0,10,1,11,15,0,6
3,11,25.0,88,6,15,0,13,29,0,13
3,11,25.0,88,6,8,0,10,12,3,13
3,11,25.0,88,6,16,1,9,57,0,13
3,11,25.0,88,6,1,1,1,35,4,13
3,11,23.0,232,4,19,1,12,104,0,17
3,9,6.0,51,4,15,1,1,35,4,23
3,9,6.0,51,4,4,0,12,104,1,23
3,9,16.0,107,3,12,0,9,54,4,2
3,9,16.0,107,3,1,2,0,77,1,2
3,9,23.0,167,3,0,0,16,74,1,17
3,9,23.0,167,3,18,2,9,134,3,17
3,7,1.0,98,6,6,1,9,27,0,7
3,7,1.0,98,6,13,0,1,11,3,7
3,7,1.0,98,6,13,1,0,15,4,7
3,7,1.0,98,6,3,0,5,64,3,7
3,7,1.0,98,6,11,1,14,126,1,7
3,7,7.0,293,5,22,0,9,10,3,11
3,7,7.0,293,5,13,3,0,68,4,11
3,6,9.0,236,0,20,0,11,117,1,12
3,6,9.0,236,0,2,0,6,128,1,12
3,6,9.0,236,0,22,1,8,19,4,12
3,6,9.0,236,0,1,0,10,22,1,12
3,6,9.0,236,0,20,1,0,15,1,12
3,6,25.0,39,2,16,0,5,6,3,13
3,6,25.0,39,2,15,0,4,127,4,13
3,6,25.0,39,2,9,2,13,21,2,13
3,6,25.0,39,2,9,0,13,29,1,13
2,1,11.0,353,3,22,1,13,69,1,9
3,3,23.0,57,2,17,2,10,47,3,17
3,3,17.0,54,4,12,0,4,66,2,6
3,9,22.0,92,6,1,0,10,23,1,26
3,3,18.0,165,5,5,3,9,57,0,0
3,3,23.0,57,2,16,0,4,70,3,17
3,3,23.0,57,2,21,1,13,28,0,17
3,3,23.0,57,2,22,0,0,64,3,17
3,3,23.0,57,2,20,0,5,64,3,17
3,3,1.0,180,1,12,0,2,2,4,7
3,3,23.0,57,2,2,0,8,41,2,17
3,3,23.0,57,2,15,1,14,34,1,17
3,3,23.0,57,2,9,0,13,13,1,17
3,3,23.0,57,2,16,0,13,99,1,17
3,3,24.0,357,4,12,0,5,64,3,14
3,3,25.0,347,5,19,0,5,6,0,13
3,3,25.0,347,5,18,2,5,6,3,13
3,7,8.0,94,6,14,2,0,85,1,8
3,7,17.0,95,0,15,0,2,69,0,6
3,7,17.0,95,0,10,1,3,30,0,6
3,7,17.0,95,0,22,0,13,99,3,6
3,7,17.0,95,0,11,1,9,134,0,6
3,7,17.0,95,0,2,0,16,37,3,6
3,7,23.0,202,3,15,2,6,7,0,17
2,2,5.0,251,1,4,1,1,59,4,24
2,7,1.0,160,5,17,0,2,2,4,7
2,8,3.0,299,1,22,0,14,24,2,27
2,8,2.0,363,0,5,1,9,95,4,22
2,8,3.0,299,1,19,1,5,12,0,27
2,0,5.0,260,4,13,0,14,24,2,24
2,0,5.0,260,4,8,0,2,71,3,24
2,4,29.0,139,1,18,0,10,22,3,16
2,2,13.0,231,2,19,0,9,93,1,25
2,9,1.0,126,4,17,1,5,64,2,7
2,9,2.0,323,5,3,0,4,45,1,22
2,9,27.0,179,1,20,1,7,8,4,15
2,5,8.0,206,2,23,0,6,7,4,8
2,6,9.0,149,3,8,2,11,98,2,12
0,4,1.0,144,3,17,1,1,59,1,7
2,10,12.0,346,5,16,0,5,6,0,28
2,10,1.0,358,0,17,0,12,61,1,7
2,1,19.0,151,0,20,1,2,86,1,10
2,5,27.0,259,0,18,1,8,9,4,15
2,10,2.0,310,1,23,0,1,11,4,22
0,5,1.0,109,0,17,0,10,22,1,7
3,6,9.0,236,0,3,0,2,123,0,12
2,0,6.0,15,5,21,0,5,64,1,23
2,0,6.0,15,5,22,0,3,103,1,23
2,0,8.0,48,3,9,2,2,40,3,8
2,0,16.0,12,0,1,0,6,89,4,2
2,0,16.0,12,0,1,0,15,46,1,2
2,0,23.0,55,0,17,0,2,86,3,17
2,0,23.0,55,0,15,0,5,12,3,17
2,0,23.0,55,0,12,0,2,2,2,17
2,0,23.0,55,0,19,0,11,55,1,17
2,0,23.0,55,0,18,0,1,11,1,17
2,8,14.0,72,6,8,0,6,89,2,5
2,2,25.0,3,0,3,1,14,34,1,13
2,0,23.0,55,0,4,1,9,95,4,17
2,0,23.0,55,0,12,1,9,134,4,17
2,0,24.0,281,1,0,2,4,75,3,14
2,0,24.0,281,1,4,0,11,133,2,14
2,0,24.0,281,1,19,0,4,66,2,14
2,0,24.0,281,1,17,1,3,30,2,14
2,0,25.0,14,2,20,2,5,12,3,13
2,0,26.0,23,4,13,0,11,15,1,3
2,0,26.0,23,4,2,0,13,36,1,3
2,0,26.0,23,4,22,0,14,32,3,3
2,0,26.0,23,4,8,0,9,49,1,3
2,0,26.0,23,4,4,1,3,70,4,3
3,11,5.0,240,3,22,1,1,105,4,24
3,11,15.0,331,2,6,0,0,64,3,1
3,11,15.0,331,2,18,0,15,46,0,1
3,11,22.0,250,2,17,2,9,57,0,26
3,11,22.0,250,2,16,0,16,37,1,26
3,11,22.0,250,2,6,0,9,57,1,26
3,11,22.0,250,2,2,0,13,48,4,26
3,11,22.0,250,2,12,0,10,23,3,26
3,11,22.0,250,2,16,0,10,30,0,26
3,9,1.0,126,6,10,0,1,11,4,7
3,9,1.0,126,6,4,0,13,38,1,7
3,9,14.0,106,5,23,0,10,52,1,5
3,9,15.0,226,6,16,0,2,3,4,1
3,9,15.0,226,6,6,1,13,38,0,1
3,9,15.0,226,6,13,0,15,31,1,1
3,9,15.0,226,6,2,3,6,7,0,1
3,9,15.0,226,6,8,1,13,36,1,1
3,9,17.0,255,0,23,0,11,55,1,6
3,9,17.0,255,0,17,1,1,16,0,6
3,9,22.0,92,6,15,0,10,12,0,26
3,9,22.0,92,6,3,0,0,26,0,26
3,9,22.0,92,6,22,0,12,56,3,26
3,3,24.0,357,4,6,1,12,83,2,14
3,3,24.0,357,4,5,2,10,22,1,14
3,3,23.0,57,2,8,1,16,74,0,17
3,3,24.0,357,4,3,3,12,80,0,14
3,3,24.0,357,4,9,0,10,6,3,14
3,3,24.0,357,4,18,1,6,14,2,14
3,6,24.0,31,1,8,0,9,87,0,14
3,6,24.0,31,1,19,0,1,35,4,14
3,10,16.0,201,2,21,1,11,124,1,2
3,10,16.0,201,2,13,0,0,12,4,2
3,10,16.0,201,2,13,2,2,69,3,2
3,10,16.0,201,2,22,0,5,12,3,2
3,10,16.0,201,2,2,0,5,12,3,2
3,10,16.0,201,2,14,1,0,68,4,2
3,10,16.0,201,2,18,0,5,47,3,2
3,1,2.0,171,6,16,0,2,86,3,22
3,1,2.0,171,6,6,1,9,57,0,22
3,1,2.0,171,6,15,1,15,31,4,22
3,1,2.0,171,6,3,1,9,83,4,22
3,1,2.0,171,6,19,0,13,48,2,22
3,1,2.0,171,6,3,1,8,118,4,22
3,6,9.0,236,0,19,1,6,7,0,12
3,6,9.0,236,0,18,1,16,50,0,12
3,6,9.0,236,0,13,0,13,38,1,12
3,6,25.0,39,2,17,0,13,28,1,13
3,6,25.0,39,2,16,0,5,6,3,13
3,5,16.0,239,5,18,0,6,89,0,2
3,3,24.0,357,4,12,1,11,133,1,14
3,3,25.0,347,5,13,2,16,130,2,13
3,3,25.0,347,5,19,0,2,35,4,13
3,3,25.0,347,5,4,3,8,27,0,13
3,5,10.0,155,6,1,0,10,22,1,4
3,5,15.0,200,4,3,1,14,88,1,1
3,5,15.0,200,4,13,0,3,103,2,1
3,5,17.0,212,6,6,0,2,92,2,6
2,0,9.0,129,0,15,0,8,9,2,12
2,0,9.0,129,0,4,0,16,42,3,12
2,0,14.0,190,6,15,1,8,33,1,5
2,0,17.0,0,1,2,1,13,29,1,6
2,0,17.0,0,1,9,0,16,50,1,6
2,0,18.0,13,2,15,1,6,7,0,0
2,0,18.0,13,2,19,0,9,63,1,0
3,11,7.0,253,1,6,0,16,50,4,11
3,11,7.0,253,1,20,0,14,125,3,11
3,11,7.0,253,1,3,1,6,116,4,11
3,11,9.0,311,4,19,1,14,126,4,12
3,11,17.0,110,5,3,2,10,47,1,6
3,11,17.0,110,5,19,0,10,43,0,6
3,5,18.0,195,3,9,1,0,12,4,0
3,6,25.0,39,2,13,0,8,9,0,13
3,6,25.0,39,2,4,0,11,117,2,13
3,6,25.0,39,2,22,1,4,127,4,13
3,6,26.0,348,4,22,0,15,31,1,3
3,6,25.0,39,2,8,1,2,2,0,13
3,6,26.0,348,4,3,2,13,28,1,3
3,6,26.0,348,4,12,0,2,86,0,3
3,6,27.0,116,5,14,1,9,95,1,15
3,6,27.0,116,5,8,0,2,92,2,15
3,6,27.0,116,5,9,0,12,58,2,15
3,10,1.0,208,1,17,2,10,12,3,7
3,10,1.0,208,1,17,1,12,17,0,7
3,10,1.0,208,1,18,0,5,12,0,7
3,10,8.0,213,1,7,1,15,96,1,8
3,10,16.0,201,2,10,0,2,86,1,2
3,10,16.0,201,2,4,0,3,115,3,2
3,10,16.0,201,2,14,0,10,30,3,2
3,10,16.0,201,2,1,2,2,2,3,2
3,6,9.0,236,0,17,0,1,59,1,12
3,6,9.0,236,0,3,0,0,31,3,12
2,2,2.0,282,6,13,1,0,85,1,22
2,3,2.0,182,1,13,0,4,75,4,22
2,0,22.0,237,3,13,1,9,95,1,26
2,0,22.0,237,3,17,0,8,19,0,26
3,7,11.0,197,1,14,0,1,67,0,9
3,9,5.0,89,2,9,0,2,2,1,24
3,11,1.0,222,2,17,0,10,47,0,7
3,9,28.0,315,5,18,1,13,28,0,18
3,9,28.0,315,5,3,0,0,26,3,18
3,3,4.0,285,5,13,0,2,86,2,30
3,3,21.0,338,0,22,0,12,61,2,21
3,3,13.0,210,3,8,1,15,51,0,25
3,3,21.0,338,0,2,1,6,7,0,21
3,9,22.0,92,6,20,1,9,87,4,26
3,9,25.0,344,1,16,2,5,12,3,13
3,9,25.0,344,1,17,1,5,12,0,13
3,9,25.0,344,1,8,0,10,47,3,13
3,9,25.0,344,1,2,1,1,59,4,13
3,9,25.0,344,1,9,0,0,26,1,13
3,9,22.0,92,6,1,2,13,21,3,26
3,7,6.0,93,4,7,1,1,105,0,23
2,0,8.0,48,3,4,1,9,83,4,8
2,0,8.0,48,3,5,1,0,26,0,8
3,7,14.0,125,5,0,1,3,115,1,5
3,7,14.0,125,5,22,0,4,4,1,5
3,7,14.0,125,5,18,0,3,115,1,5
3,7,15.0,205,6,23,0,8,27,1,1
3,7,15.0,205,6,15,0,10,22,1,1
3,7,23.0,202,3,14,0,8,33,3,17
3,7,23.0,202,3,9,2,1,11,4,17
3,7,23.0,202,3,18,0,4,5,1,17
3,3,1.0,180,1,10,0,5,12,1,7
3,3,1.0,180,1,5,0,9,101,1,7
3,3,1.0,180,1,19,0,10,47,3,7
3,3,17.0,54,4,10,1,1,35,4,6
3,3,17.0,54,4,6,0,10,47,0,6
3,3,17.0,54,4,17,1,0,85,1,6
3,3,17.0,54,4,18,0,2,86,4,6
3,3,18.0,165,5,0,2,6,7,0,0
3,3,18.0,165,5,2,0,3,30,0,0
3,3,18.0,165,5,11,1,1,67,4,0
3,3,18.0,165,5,4,0,5,6,2,0
3,3,17.0,54,4,19,1,2,123,4,6
3,3,18.0,165,5,9,0,14,125,2,0
3,3,23.0,57,2,11,0,4,45,4,17
3,3,23.0,57,2,21,1,2,69,0,17
3,3,23.0,57,2,10,1,7,31,0,17
3,3,23.0,57,2,11,1,2,69,0,17
2,4,8.0,18,1,5,1,16,42,4,8
2,4,8.0,18,1,8,0,10,43,1,8
2,4,8.0,18,1,18,0,15,85,1,8
2,4,9.0,79,2,16,0,0,0,0,12
2,4,9.0,79,2,20,2,13,48,0,12
2,4,9.0,79,2,15,1,8,118,4,12
2,4,9.0,79,2,18,3,0,12,1,12
2,4,25.0,80,5,16,0,5,12,3,13
2,4,25.0,80,5,20,0,16,42,3,13
2,4,25.0,80,5,22,0,12,84,3,13
2,4,25.0,80,5,19,0,0,26,3,13
2,4,31.0,16,4,6,0,0,26,3,20
2,4,31.0,16,4,6,0,13,29,1,20
2,4,31.0,16,4,6,0,10,47,0,20
2,4,31.0,16,4,2,0,5,6,3,20
2,4,31.0,16,4,14,0,1,1,1,20
2,4,31.0,16,4,1,0,12,56,3,20
2,2,1.0,143,5,17,0,14,25,4,7
3,7,23.0,202,3,22,1,1,105,4,17
3,7,15.0,205,6,4,0,16,50,1,1
3,7,16.0,40,3,6,0,5,6,0,2
3,7,16.0,40,3,9,1,3,30,0,2
3,7,16.0,40,3,0,1,10,47,0,2
3,9,22.0,92,6,5,0,14,24,2,26
3,7,24.0,68,0,13,0,3,30,3,14
3,7,26.0,316,2,16,0,5,12,3,3
3,7,26.0,316,2,9,0,5,12,1,3
3,7,26.0,316,2,18,0,1,1,2,3
3,6,25.0,39,2,1,0,10,47,3,13
3,6,26.0,348,4,16,2,7,129,3,3
3,6,26.0,348,4,5,0,16,139,3,3
3,6,26.0,348,4,3,0,14,25,1,3
3,6,26.0,348,4,3,0,6,128,1,3
3,6,26.0,348,4,12,0,12,84,3,3
3,6,27.0,116,5,6,2,14,25,3,15
3,6,25.0,39,2,14,0,10,47,2,13
3,6,27.0,116,5,12,0,6,7,2,15
3,10,1.0,208,1,3,1,9,87,4,7
3,10,1.0,208,1,4,1,12,135,4,7
3,10,8.0,213,1,0,0,11,18,1,8
3,10,8.0,213,1,19,0,13,69,4,8
3,10,8.0,213,1,9,0,13,48,2,8
3,3,1.0,180,1,18,0,2,3,0,7
3,3,1.0,180,1,9,2,14,131,1,7
3,3,17.0,54,4,2,0,4,82,1,6
3,3,17.0,54,4,2,0,5,12,1,6
3,3,17.0,54,4,14,0,16,72,1,6
3,3,26.0,343,6,14,1,16,50,1,3
3,5,13.0,184,1,9,3,6,7,0,25
3,5,1.0,109,4,17,0,2,86,1,7
3,5,1.0,109,4,4,0,8,118,4,7
3,5,1.0,109,4,2,0,5,6,0,7
3,5,9.0,206,5,3,0,12,104,4,12
2,7,26.0,53,1,14,0,16,50,1,3
1,2,7.0,153,0,11,3,12,56,4,11
2,7,27.0,34,2,3,3,9,9,1,15
2,8,10.0,306,1,15,3,5,0,2,4
2,5,28.0,24,1,17,0,13,48,1,18
2,6,3.0,159,0,2,0,14,107,4,27
2,8,13.0,296,5,14,0,11,117,1,25
2,2,4.0,127,0,17,0,6,7,1,30
2,4,27.0,218,3,13,0,4,45,2,15
2,6,1.0,352,6,13,0,2,86,2,7
2,2,12.0,276,1,13,1,11,129,4,28
2,2,22.0,230,5,4,0,6,89,1,26
3,7,12.0,181,2,9,1,0,31,0,28
3,3,5.0,324,6,18,1,10,47,1,24
3,3,5.0,324,6,11,0,10,47,3,24
0,3,15.0,35,6,8,1,5,64,1,1
3,9,21.0,362,5,2,0,4,79,2,21
3,5,31.0,196,6,14,2,7,78,3,20
2,3,28.0,325,3,14,1,12,104,1,18
0,8,1.0,66,5,17,0,1,11,4,7
2,5,3.0,114,5,23,0,10,22,2,27
2,5,20.0,351,0,13,1,3,44,4,29
0,4,12.0,134,4,19,3,11,133,4,28
3,3,24.0,357,4,12,0,16,113,1,14
3,7,7.0,293,5,19,0,0,15,1,11
3,7,8.0,94,6,16,1,9,10,0,8
3,7,8.0,94,6,2,0,5,6,0,8
3,11,17.0,110,5,17,0,5,12,3,6
3,11,17.0,110,5,16,0,10,22,1,6
3,11,17.0,110,5,10,1,11,15,0,6
3,11,17.0,110,5,21,1,6,132,0,6
3,11,17.0,110,5,12,1,1,16,4,6
3,11,17.0,110,5,19,0,8,9,1,6
3,11,23.0,232,4,6,0,4,82,1,17
3,11,23.0,232,4,17,0,8,19,3,17
3,11,23.0,232,4,6,0,2,13,1,17
3,11,23.0,232,4,11,0,0,77,3,17
3,11,23.0,232,4,5,2,7,120,3,17
3,11,23.0,232,4,12,0,13,99,0,17
3,11,23.0,232,4,18,0,9,109,1,17
3,11,24.0,194,5,0,1,14,34,0,14
3,11,24.0,194,5,13,2,15,51,3,14
3,5,9.0,206,5,22,0,9,54,2,12
3,5,9.0,206,5,9,2,12,61,4,12
3,5,16.0,239,5,21,1,3,44,1,2
3,5,16.0,239,5,4,0,0,64,1,2
3,5,16.0,239,5,18,0,14,97,1,2
3,5,18.0,195,3,17,0,9,10,3,0
3,5,16.0,239,5,18,1,0,85,0,2
3,5,16.0,239,5,19,3,14,125,2,2
3,6,1.0,158,3,6,2,15,46,3,7
3,6,1.0,158,3,7,0,15,39,1,7
3,6,1.0,158,3,7,2,6,7,3,7
3,6,1.0,158,3,17,0,8,9,1,7
3,6,1.0,158,3,1,0,6,132,4,7
3,6,9.0,236,0,13,1,6,89,1,12
3,6,9.0,236,0,13,1,9,54,1,12
3,6,9.0,236,0,12,0,13,48,0,12
3,6,9.0,236,0,22,0,8,9,1,12
3,6,9.0,236,0,2,1,9,10,4,12
3,5,16.0,239,5,23,1,11,58,4,2
3,5,16.0,239,5,5,3,4,103,3,2
3,5,18.0,195,3,11,0,14,25,2,0
3,5,18.0,195,3,15,1,10,52,1,0
3,5,16.0,239,5,8,0,10,43,4,2
3,11,24.0,194,5,12,0,8,41,2,14
3,11,25.0,88,6,16,0,3,103,4,13
3,11,25.0,88,6,13,0,1,67,4,13
3,11,24.0,194,5,4,1,14,88,4,14
3,11,24.0,194,5,9,1,1,1,0,14
3,11,25.0,88,6,14,1,6,116,4,13
3,11,24.0,194,5,4,0,7,78,1,14
3,9,6.0,51,4,11,0,4,121,2,23
3,9,6.0,51,4,20,0,6,91,3,23
3,9,16.0,107,3,12,0,5,6,0,2
3,9,16.0,107,3,9,0,9,102,1,2
3,9,23.0,167,3,6,0,9,101,1,17
3,9,23.0,167,3,11,1,3,70,4,17
3,9,23.0,167,3,11,2,13,28,2,17
3,9,23.0,167,3,13,1,8,41,1,17
3,5,13.0,184,1,3,0,2,2,0,25
3,5,27.0,328,1,17,0,4,75,4,15
2,11,10.0,360,2,2,1,1,11,4,4
2,11,26.0,364,5,14,2,6,89,3,3
2,11,26.0,364,5,19,3,13,28,2,3
2,5,17.0,195,5,9,1,3,44,1,6
3,6,9.0,236,0,3,0,3,30,0,12
3,6,25.0,39,2,6,0,13,123,3,13
3,6,25.0,39,2,15,0,9,109,2,13
3,6,25.0,39,2,17,0,0,53,3,13
3,6,25.0,39,2,2,1,8,19,2,13
3,5,9.0,206,5,12,1,9,9,4,12
3,5,16.0,239,5,18,0,11,117,1,2
3,6,26.0,348,4,3,1,13,69,4,3
3,6,26.0,348,4,14,0,15,51,3,3
3,6,27.0,116,5,17,1,0,53,0,15
3,6,27.0,116,5,13,0,2,2,1,15
3,6,27.0,116,5,17,1,14,25,0,15
3,6,27.0,116,5,23,0,12,80,1,15
3,6,27.0,116,5,18,0,1,11,4,15
3,10,1.0,208,1,0,0,13,38,1,7
3,10,1.0,208,1,16,0,14,25,1,7
3,10,1.0,208,1,0,0,0,85,3,7
3,10,1.0,208,1,2,0,13,38,1,7
3,10,1.0,208,1,12,0,11,58,4,7
3,11,23.0,232,4,22,0,3,103,3,17
3,11,23.0,232,4,18,1,12,83,0,17
3,11,24.0,194,5,10,0,10,22,3,14
3,11,24.0,194,5,15,2,9,27,0,14
3,11,24.0,194,5,15,2,4,66,0,14
3,11,24.0,194,5,3,1,1,16,4,14
3,11,25.0,88,6,19,0,7,120,0,13
3,7,17.0,95,0,17,1,10,22,1,6
3,7,17.0,95,0,1,0,15,31,2,6
3,9,6.0,51,4,17,0,3,103,4,23
3,9,6.0,51,4,19,1,9,95,4,23
3,3,24.0,357,4,6,1,1,1,0,14
3,3,24.0,357,4,13,0,9,63,3,14
3,3,23.0,57,2,16,0,5,6,3,17
3,3,24.0,357,4,15,1,11,15,1,14
3,3,18.0,165,5,2,1,13,38,1,0
3,3,25.0,347,5,22,2,11,124,0,13
3,3,25.0,347,5,12,2,10,22,3,13
3,3,25.0,347,5,1,0,1,1,0,13
3,3,25.0,347,5,11,1,9,95,4,13
3,3,25.0,347,5,18,0,10,12,1,13
3,3,25.0,347,5,14,1,9,134,4,13
3,5,10.0,155,6,17,0,10,12,1,4
2,7,18.0,330,0,2,1,1,11,2,0
0,2,8.0,258,2,11,3,12,56,0,8
2,7,25.0,316,0,13,3,7,111,3,13
2,7,25.0,316,0,5,0,14,107,4,13
2,5,9.0,155,4,13,1,3,79,4,12
2,6,19.0,215,2,18,0,8,41,1,10
2,1,11.0,353,3,22,0,13,29,3,9
2,0,22.0,237,3,4,3,14,24,0,26
3,9,13.0,91,4,4,0,15,108,1,25
3,9,28.0,315,5,13,3,14,107,3,18
2,2,27.0,257,2,14,0,16,108,4,15
3,11,27.0,322,0,2,3,2,2,1,15
3,9,28.0,315,5,9,2,4,4,1,18
3,3,2.0,120,2,21,1,6,7,0,22
3,3,21.0,338,0,18,1,5,64,1,21
3,6,6.0,83,5,6,0,14,25,2,23
3,5,22.0,163,4,18,0,14,88,4,26
3,5,22.0,163,4,2,0,12,135,1,26
3,6,6.0,83,5,18,0,6,7,2,23
3,1,23.0,69,6,9,0,14,25,1,17
3,1,20.0,151,2,5,0,4,136,4,29
3,10,13.0,346,3,13,1,7,57,1,25
3,1,8.0,62,5,1,0,5,12,3,8
3,1,8.0,62,5,14,0,2,3,3,8
3,1,8.0,62,5,13,1,13,69,1,8
3,1,10.0,17,3,7,1,1,67,0,4
3,1,10.0,17,3,22,0,15,114,1,4
3,1,19.0,29,1,22,0,6,89,3,10
3,5,18.0,195,3,13,3,8,9,3,0
3,10,1.0,208,1,18,2,13,29,3,7
3,10,8.0,213,1,2,1,12,56,1,8
3,1,19.0,29,1,18,1,13,69,0,10
3,1,24.0,64,3,15,1,7,54,4,14
3,1,24.0,64,3,1,2,8,27,3,14
3,1,24.0,64,3,9,0,6,91,1,14
3,1,25.0,65,0,21,0,16,37,1,13
3,1,25.0,65,0,11,0,8,9,0,13
3,1,25.0,65,0,16,2,16,74,1,13
3,1,25.0,65,0,13,0,10,22,3,13
3,1,24.0,64,3,9,1,6,91,2,14
3,1,26.0,248,1,17,0,0,85,3,3
3,3,17.0,54,4,11,0,7,20,1,6
3,3,17.0,54,4,22,1,1,16,4,6
3,3,18.0,165,5,15,0,15,114,4,0
3,3,18.0,165,5,14,0,9,95,3,0
3,3,18.0,165,5,14,0,10,52,1,0
3,3,18.0,165,5,1,0,13,48,1,0
3,3,18.0,165,5,18,0,9,93,1,0
3,3,23.0,57,2,15,0,8,27,1,17
3,3,25.0,347,5,19,0,13,28,1,13
3,3,24.0,357,4,1,0,1,59,2,14
3,3,23.0,57,2,1,0,2,40,2,17
3,5,15.0,200,4,19,0,7,120,3,1
3,5,17.0,212,6,9,0,13,29,3,6
3,10,8.0,213,1,9,0,3,30,3,8
3,10,16.0,201,2,17,0,9,10,0,2
3,10,16.0,201,2,12,0,5,12,3,2
3,10,16.0,201,2,1,0,0,26,0,2
3,1,2.0,171,6,12,0,9,101,2,22
3,1,2.0,171,6,5,1,6,7,4,22
3,1,2.0,171,6,11,1,0,0,1,22
3,1,8.0,62,5,6,1,13,38,0,8
3,1,8.0,62,5,14,0,16,37,1,8
3,6,9.0,236,0,18,2,2,2,3,12
3,6,25.0,39,2,16,0,5,12,2,13
3,6,25.0,39,2,17,0,10,47,1,13
3,6,25.0,39,2,8,0,16,130,2,13
3,6,25.0,39,2,12,0,10,47,3,13
3,6,25.0,39,2,14,0,3,44,4,13
3,6,25.0,39,2,16,0,3,44,3,13
3,6,25.0,39,2,16,1,2,13,0,13
3,6,25.0,39,2,1,1,13,21,0,13
3,6,26.0,348,4,3,0,1,11,4,3
3,6,26.0,348,4,8,1,11,18,1,3
3,6,26.0,348,4,18,0,5,64,0,3
3,5,17.0,212,6,22,2,10,22,3,6
3,6,24.0,31,1,18,1,9,10,4,14
2,2,1.0,143,5,18,0,8,41,1,7
2,4,31.0,16,4,17,0,4,82,1,20
2,4,31.0,16,4,19,0,2,60,0,20
2,2,16.0,6,6,12,0,6,132,3,2
2,2,16.0,6,6,18,0,0,53,0,2
2,2,24.0,233,3,13,0,5,6,2,14
2,2,24.0,233,3,12,1,10,22,1,14
2,2,26.0,136,1,17,1,15,31,4,3
2,2,26.0,136,1,21,0,0,12,1,3
2,2,26.0,136,1,20,1,6,128,1,3
2,2,26.0,136,1,22,0,16,72,3,3
2,2,26.0,136,1,3,0,8,9,3,3
2,2,26.0,136,1,22,0,0,96,3,3
2,2,26.0,136,1,11,1,1,67,4,3
2,2,26.0,136,1,19,1,9,83,4,3
2,0,1.0,47,3,20,0,3,115,1,7
2,0,1.0,47,3,13,2,9,109,0,7
3,6,26.0,348,4,12,1,2,13,0,3
3,6,26.0,348,4,18,1,12,100,1,3
3,6,27.0,116,5,14,0,2,13,2,15
3,6,27.0,116,5,9,2,1,11,3,15
3,10,1.0,208,1,20,0,2,86,1,7
3,10,1.0,208,1,5,0,7,8,4,7
3,10,1.0,208,1,20,1,11,98,4,7
3,10,1.0,208,1,19,0,1,81,1,7
3,10,1.0,208,1,14,0,2,40,1,7
3,3,16.0,263,2,11,0,14,131,1,2
3,5,1.0,109,4,11,0,1,1,1,7
3,10,1.0,208,1,1,0,9,93,1,7
3,10,1.0,208,1,18,0,13,29,2,7
3,10,8.0,213,1,17,0,7,111,3,8
3,10,8.0,213,1,16,0,12,58,2,8
3,10,8.0,213,1,16,2,10,22,3,8
3,10,8.0,213,1,20,0,16,37,3,8
3,10,8.0,213,1,2,2,15,51,2,8
3,10,8.0,213,1,9,2,16,50,0,8
3,10,16.0,201,2,17,0,6,132,1,2
2,0,1.0,47,3,1,0,1,81,1,7
3,9,23.0,167,3,13,0,11,94,2,17
2,0,1.0,47,3,13,1,14,34,1,7
3,3,1.0,180,1,18,0,3,103,4,7
3,3,17.0,54,4,16,0,10,47,0,6
3,3,17.0,54,4,22,0,0,64,3,6
3,3,18.0,165,5,0,1,5,12,0,0
3,3,18.0,165,5,3,0,2,123,4,0
3,3,23.0,57,2,17,0,9,101,3,17
3,3,23.0,57,2,2,0,8,9,3,17
3,3,17.0,54,4,4,2,8,27,1,6
3,7,1.0,98,6,0,0,2,123,0,7
3,3,18.0,165,5,0,0,3,76,0,0
3,3,18.0,165,5,13,1,15,112,4,0
3,3,23.0,57,2,16,1,11,8,1,17
3,3,23.0,57,2,10,2,0,53,3,17
3,3,23.0,57,2,13,0,16,37,3,17
3,3,23.0,57,2,22,0,16,37,1,17
3,3,23.0,57,2,8,0,9,63,1,17
2,6,20.0,193,4,2,0,1,16,0,29
2,7,17.0,154,3,1,0,0,64,0,6
2,7,19.0,266,1,1,0,10,47,0,10
2,7,26.0,53,1,17,0,1,81,1,3
2,8,13.0,296,5,13,0,3,115,1,25
2,7,19.0,266,1,16,1,8,118,4,10
2,7,19.0,266,1,13,1,11,10,4,10
2,2,12.0,276,1,17,1,14,32,1,28
2,2,21.0,209,4,4,0,0,26,3,21
2,4,30.0,67,2,18,2,15,51,0,19
3,9,12.0,177,2,17,0,3,30,1,28
3,11,10.0,360,5,13,1,6,91,0,4
3,7,3.0,269,0,3,0,6,14,2,27
3,11,10.0,360,5,14,0,5,12,3,4
0,0,1.0,8,5,0,0,8,118,1,7
2,5,19.0,214,3,20,3,10,47,0,10
2,11,2.0,265,1,22,0,14,32,4,22
2,9,26.0,267,0,8,2,1,59,2,3
2,7,19.0,266,1,20,1,10,52,1,10
2,6,20.0,193,4,20,1,5,6,0,29
2,10,4.0,336,4,14,2,8,41,3,30
3,3,16.0,263,2,17,0,4,121,3,2
3,3,26.0,343,6,21,0,8,33,4,3
3,3,26.0,343,6,5,1,9,58,4,3
3,5,1.0,109,4,4,0,6,89,1,7
3,5,1.0,109,4,18,0,8,118,1,7
3,3,16.0,263,2,8,0,14,24,3,2
3,3,16.0,263,2,1,0,14,25,1,2
3,3,8.0,148,1,22,1,0,12,0,8
3,3,26.0,343,6,5,0,4,75,1,3
3,3,26.0,343,6,8,2,6,7,4,3
2,0,8.0,48,3,17,3,10,23,1,8
3,7,14.0,125,5,18,1,0,68,1,5
3,3,8.0,148,1,12,1,10,47,1,8
3,3,26.0,343,6,16,1,0,12,0,3
3,3,26.0,343,6,8,0,13,36,2,3
3,3,26.0,343,6,22,0,3,70,2,3
3,3,26.0,343,6,3,0,13,48,3,3
3,3,26.0,343,6,12,3,9,102,2,3
3,5,1.0,109,4,12,0,3,30,3,7
3,5,1.0,109,4,3,2,14,25,0,7
3,5,1.0,109,4,1,0,8,9,1,7
3,5,1.0,109,4,12,0,11,18,2,7
3,5,7.0,349,2,15,0,7,111,3,11
3,5,7.0,349,2,19,0,2,86,1,11
3,5,9.0,206,5,8,2,3,30,3,12
3,5,7.0,349,2,17,1,11,98,0,11
3,5,9.0,206,5,8,1,12,56,4,12
3,5,7.0,349,2,19,0,4,75,2,11
3,5,16.0,239,5,5,1,6,14,0,2
3,5,16.0,239,5,19,0,11,133,3,2
3,3,7.0,289,0,20,1,11,15,1,11
3,3,8.0,148,1,12,2,11,129,0,8
3,3,8.0,148,1,19,0,16,74,1,8
3,3,15.0,35,1,16,2,1,11,0,1
3,3,15.0,35,1,4,1,16,50,1,1
3,7,6.0,93,4,13,0,13,28,2,23
3,7,6.0,93,4,17,1,10,22,1,23
3,3,8.0,148,1,1,0,12,100,4,8
3,3,16.0,263,2,6,0,10,23,1,2
3,3,15.0,35,1,17,1,1,105,0,1
3,3,16.0,263,2,3,1,1,81,4,2
3,3,26.0,343,6,18,0,15,51,3,3
3,5,1.0,109,4,3,0,8,19,4,7
3,3,24.0,357,4,20,0,13,48,4,14
3,3,24.0,357,4,15,0,10,47,2,14
3,11,25.0,88,6,7,0,14,107,0,13
3,11,23.0,232,4,9,1,13,38,2,17
3,11,24.0,194,5,8,0,11,15,1,14
3,11,25.0,88,6,3,0,15,108,3,13
3,11,23.0,232,4,13,0,2,40,2,17
3,11,25.0,88,6,20,0,1,105,4,13
3,11,25.0,88,6,4,0,1,11,3,13
3,11,25.0,88,6,20,1,14,107,4,13
2,0,1.0,47,3,22,0,4,5,3,7
3,9,6.0,51,4,22,0,6,7,4,23
3,9,6.0,51,4,22,0,0,64,3,23
3,7,1.0,98,6,0,1,13,38,0,7
3,7,1.0,98,6,5,0,6,73,4,7
3,7,1.0,98,6,4,0,5,6,3,7
3,7,7.0,293,5,3,0,2,86,1,11
2,2,15.0,220,5,16,1,8,19,0,1
3,6,1.0,158,3,16,1,9,102,4,7
3,6,1.0,158,3,8,0,14,106,3,7
3,6,1.0,158,3,15,0,7,120,4,7
3,6,1.0,158,3,8,0,5,12,3,7
3,6,1.0,158,3,18,0,13,69,4,7
3,6,9.0,236,0,23,0,0,77,4,12
3,6,9.0,236,0,2,0,14,25,1,12
3,6,9.0,236,0,4,0,10,47,3,12
3,6,25.0,39,2,17,0,10,47,3,13
3,6,25.0,39,2,16,0,13,99,1,13
3,6,25.0,39,2,22,0,14,107,1,13
3,6,25.0,39,2,6,1,5,6,0,13
3,6,25.0,39,2,16,0,15,31,3,13
3,6,25.0,39,2,1,0,10,22,3,13
3,6,25.0,39,2,19,0,8,19,3,13
3,6,25.0,39,2,14,0,14,32,3,13
3,6,26.0,348,4,3,2,13,28,3,3
3,6,26.0,348,4,23,1,11,18,1,3
3,3,26.0,343,6,4,0,1,11,3,3
3,5,1.0,109,4,13,2,14,24,0,7
3,7,7.0,293,5,8,0,16,72,3,11
3,7,7.0,293,5,9,0,5,6,2,11
3,7,8.0,94,6,7,1,8,27,4,8
3,7,8.0,94,6,5,0,8,27,1,8
3,7,1.0,98,6,19,0,15,108,4,7
3,7,8.0,94,6,8,2,1,1,2,8
3,7,8.0,94,6,2,2,7,137,0,8
3,7,17.0,95,0,16,0,10,47,0,6
3,7,17.0,95,0,17,0,10,47,3,6
3,7,17.0,95,0,15,1,14,107,1,6
3,7,17.0,95,0,1,0,16,50,1,6
3,7,23.0,202,3,8,0,2,92,1,17
3,7,23.0,202,3,13,1,1,35,4,17
3,7,17.0,95,0,3,1,13,99,4,6
3,7,17.0,95,0,18,0,10,22,2,6
3,7,23.0,202,3,13,0,2,86,0,17
3,7,23.0,202,3,5,1,2,71,4,17
3,3,1.0,180,1,2,0,2,2,1,7
3,3,17.0,54,4,0,0,0,26,1,6
3,3,17.0,54,4,4,0,2,86,3,6
3,5,1.0,109,4,14,0,14,25,0,7
3,5,7.0,349,2,16,0,2,40,0,11
3,5,7.0,349,2,16,1,9,93,4,11
3,5,7.0,349,2,21,0,8,9,3,11
3,5,7.0,349,2,8,2,15,119,0,11
3,5,7.0,349,2,12,0,8,9,3,11
3,3,15.0,35,1,12,1,7,129,0,1
3,5,7.0,349,2,18,0,9,93,3,11
3,5,9.0,206,5,20,0,5,6,0,12
3,5,16.0,239,5,11,1,14,126,4,2
3,5,16.0,239,5,4,2,13,29,3,2
3,5,16.0,239,5,14,0,9,49,1,2
3,5,18.0,195,3,16,0,13,48,3,0
3,5,18.0,195,3,19,0,15,31,4,0
3,5,18.0,195,3,19,0,14,131,2,0
3,6,1.0,158,3,15,2,3,70,2,7
3,6,1.0,158,3,12,0,0,15,2,7
3,6,1.0,158,3,3,1,12,61,1,7
3,6,1.0,158,3,4,0,16,50,1,7
3,5,7.0,349,2,21,1,0,77,0,11
3,6,9.0,236,0,20,0,13,29,2,12
2,11,19.0,321,5,9,0,11,15,2,10
2,11,26.0,364,5,13,1,13,28,1,3
2,11,27.0,322,6,14,0,12,135,4,15
2,7,8.0,273,5,5,0,6,89,2,8
2,3,2.0,182,1,12,1,3,76,1,22
2,7,25.0,316,0,12,3,9,49,0,13
2,7,25.0,316,0,8,1,10,47,2,13
2,3,8.0,44,0,18,3,13,28,2,8
2,4,13.0,345,3,3,0,6,89,2,25
2,6,11.0,162,1,3,0,10,23,1,9
2,0,12.0,198,4,14,0,6,7,4,28
2,2,2.0,282,6,1,0,14,25,1,22
3,7,13.0,238,4,1,1,5,12,1,25
3,11,20.0,340,0,20,1,2,86,1,29
3,9,5.0,89,2,16,3,6,7,4,24
3,3,2.0,120,2,2,0,1,59,1,22
2,11,19.0,321,5,8,2,6,89,2,10
2,11,19.0,321,5,12,0,5,64,2,10
2,7,25.0,316,0,10,3,15,39,4,13
2,3,8.0,44,0,18,0,5,12,3,8
3,1,26.0,248,1,0,1,16,50,0,3
3,5,10.0,155,6,8,0,2,86,3,4
3,5,10.0,155,6,19,2,12,61,4,4
3,6,24.0,31,1,9,1,6,7,0,14
3,6,24.0,31,1,18,2,2,86,3,14
3,5,15.0,200,4,15,1,10,23,1,1
3,5,15.0,200,4,2,0,14,110,3,1
3,5,15.0,200,4,4,0,0,64,3,1
3,5,17.0,212,6,6,0,5,12,0,6
3,5,15.0,200,4,16,1,5,12,0,1
3,5,17.0,212,6,13,2,1,35,3,6
3,5,23.0,168,5,17,0,16,130,1,17
3,3,23.0,57,2,12,1,15,114,1,17
3,3,24.0,357,4,1,0,8,41,1,14
3,3,25.0,347,5,7,1,8,19,4,13
3,3,25.0,347,5,22,0,7,120,3,13
3,3,25.0,347,5,2,0,13,69,4,13
3,3,25.0,347,5,12,0,10,6,3,13
3,3,25.0,347,5,4,0,10,43,3,13
3,3,25.0,347,5,11,1,13,38,4,13
3,3,24.0,357,4,14,3,9,57,0,14
3,5,10.0,155,6,13,1,1,1,1,4
3,1,26.0,248,1,7,0,9,9,4,3
3,1,26.0,248,1,4,0,2,13,3,3
3,1,26.0,248,1,7,1,11,18,1,3
3,6,9.0,236,0,14,1,6,7,4,12
3,10,1.0,208,1,19,2,13,28,2,7
3,1,8.0,62,5,21,1,14,24,2,8
3,1,8.0,62,5,22,1,12,61,4,8
3,1,10.0,17,3,6,0,10,47,0,4
3,1,10.0,17,3,0,1,12,58,4,4
3,1,10.0,17,3,10,0,11,18,2,4
3,1,10.0,17,3,11,0,13,38,2,4
3,1,10.0,17,3,15,0,9,49,1,4
3,1,10.0,17,3,20,1,11,117,1,4
3,1,19.0,29,1,21,2,16,74,0,10
3,1,24.0,64,3,21,0,15,31,4,14
3,1,24.0,64,3,15,0,10,22,1,14
3,1,24.0,64,3,17,1,0,96,0,14
3,1,24.0,64,3,22,0,10,22,2,14
3,1,24.0,64,3,8,2,2,69,0,14
3,1,24.0,64,3,1,2,10,47,2,14
3,1,25.0,65,0,17,0,11,18,3,13
3,1,24.0,64,3,3,1,9,83,4,14
3,1,25.0,65,0,0,0,10,47,3,13
3,5,10.0,155,6,14,2,15,46,3,4
3,5,10.0,155,6,18,0,2,2,1,4
3,5,15.0,200,4,17,2,9,54,3,1
3,5,15.0,200,4,6,0,16,50,1,1
3,5,15.0,200,4,15,0,0,64,3,1
3,5,17.0,212,6,2,0,8,9,3,6
3,5,17.0,212,6,12,3,9,54,4,6
3,6,8.0,59,3,17,0,12,17,1,8
3,5,15.0,200,4,13,0,15,51,4,1
3,5,15.0,200,4,2,0,5,6,2,1
3,5,15.0,200,4,22,0,10,22,0,1
3,5,15.0,200,4,12,0,1,11,3,1
3,5,15.0,200,4,12,2,16,37,3,1
3,3,25.0,347,5,1,0,16,65,4,13
3,5,10.0,155,6,2,0,15,39,4,4
3,5,10.0,155,6,14,3,8,118,3,4
3,5,15.0,200,4,18,0,13,28,1,1
3,5,10.0,155,6,3,3,2,69,3,4
3,5,17.0,212,6,13,0,13,69,1,6
3,5,17.0,212,6,3,0,5,6,2,6
3,1,24.0,64,3,2,1,11,58,4,14
3,1,25.0,65,0,5,1,4,66,4,13
3,1,25.0,65,0,15,1,13,38,2,13
3,1,24.0,64,3,2,0,0,26,3,14
3,10,8.0,213,1,14,1,2,86,4,8
3,10,16.0,201,2,2,0,10,47,0,2
3,1,2.0,171,6,0,0,9,95,4,22
3,1,2.0,171,6,17,0,4,4,1,22
3,1,2.0,171,6,5,0,13,21,1,22
3,1,2.0,171,6,19,0,8,33,1,22
3,10,8.0,213,1,5,0,6,7,0,8
3,1,2.0,171,6,4,0,16,50,1,22
3,1,2.0,171,6,2,0,0,26,2,22
3,1,2.0,171,6,9,0,2,2,3,22
3,5,1.0,109,4,17,3,14,97,4,7
3,1,8.0,62,5,1,0,15,46,1,8
3,1,10.0,17,3,23,1,1,35,0,4
3,1,24.0,64,3,17,0,0,12,3,14
3,1,24.0,64,3,17,2,16,72,3,14
3,1,24.0,64,3,10,0,15,39,0,14
3,1,24.0,64,3,23,0,7,122,3,14
3,5,5.0,96,0,11,0,4,75,2,24
3,6,3.0,99,1,13,1,16,130,4,27
3,10,22.0,314,1,22,0,13,4,2,26
3,8,6.0,87,6,22,1,0,53,1,23
3,8,15.0,72,0,18,0,16,130,3,1
3,8,15.0,72,0,18,3,13,29,4,1
3,3,19.0,138,6,5,0,13,28,0,10
3,2,26.0,3,2,20,0,7,20,0,3
3,2,26.0,3,2,19,0,5,12,3,3
3,2,27.0,136,4,10,0,2,2,2,15
3,2,27.0,136,4,3,0,11,18,1,15
3,2,9.0,21,3,1,0,14,24,2,12
3,0,1.0,8,0,20,0,5,6,3,7
3,4,2.0,141,4,2,0,0,77,1,22
3,4,16.0,25,4,6,0,0,31,1,2
3,4,16.0,25,4,3,2,2,86,3,2
3,4,19.0,142,3,0,0,4,75,3,10
3,4,19.0,142,3,5,0,13,48,1,10
3,0,1.0,8,0,22,0,9,57,3,7
3,4,19.0,142,3,13,0,16,74,0,10
3,4,19.0,142,3,13,0,11,124,0,10
3,4,19.0,142,3,8,0,10,22,3,10
3,4,19.0,142,3,2,0,1,35,4,10
3,4,28.0,218,1,16,0,7,62,3,18
3,4,28.0,218,1,16,0,0,12,0,18
3,4,28.0,218,1,14,1,12,17,4,18
3,2,3.0,282,0,6,0,8,118,1,27
3,2,3.0,282,0,0,0,5,6,0,27
3,2,3.0,282,0,17,0,10,47,3,27
3,3,22.0,166,1,18,1,13,38,0,26
3,3,28.0,187,0,15,0,6,7,0,18
3,6,28.0,309,6,15,0,14,97,3,18
3,7,30.0,42,3,20,3,6,7,0,19
3,1,21.0,45,4,15,0,5,12,3,21
3,1,14.0,183,4,3,3,10,47,1,5
3,10,31.0,135,4,15,0,5,6,0,20
3,1,21.0,45,4,3,1,9,63,4,21
3,1,6.0,97,2,6,0,7,137,3,23
3,1,29.0,112,5,5,0,13,38,2,16
3,1,30.0,100,6,14,3,7,137,3,19
3,8,15.0,72,0,18,0,15,96,1,1
3,8,30.0,103,1,18,0,9,10,0,19
3,8,29.0,301,0,19,1,1,11,0,16
3,4,4.0,178,6,9,0,8,9,1,30
3,4,15.0,132,2,15,2,10,22,0,1
3,4,15.0,132,2,12,3,15,46,4,1
3,0,16.0,11,1,4,0,5,6,0,2
3,2,22.0,209,6,4,0,10,22,1,26
3,2,29.0,140,6,9,0,11,133,3,16
3,2,30.0,131,3,19,0,3,44,4,19
3,2,7.0,153,5,5,0,2,69,0,11
2,5,19.0,214,3,11,0,15,51,2,10
2,9,26.0,267,0,15,0,4,75,2,3
2,7,17.0,154,3,18,2,13,48,3,6
2,7,26.0,53,1,8,1,2,2,0,3
2,5,20.0,351,0,12,1,10,22,1,29
2,6,3.0,159,0,19,1,14,34,1,27
2,6,2.0,99,3,12,1,10,12,1,22
2,8,13.0,296,5,1,1,8,9,4,25
2,2,4.0,127,0,2,1,14,25,0,30
2,8,4.0,101,2,17,0,14,25,1,30
2,2,4.0,127,0,4,0,8,9,0,30
2,4,30.0,67,2,15,3,16,42,1,19
2,0,28.0,191,6,13,1,10,52,4,18
3,9,10.0,156,0,8,3,12,80,0,4
3,3,30.0,304,2,18,2,6,128,3,19
3,5,2.0,307,5,23,1,11,133,4,22
3,0,5.0,122,5,19,0,16,37,2,24
3,5,31.0,196,6,19,0,14,24,1,20
3,6,23.0,84,0,9,0,9,102,3,17
3,4,24.0,27,5,17,3,10,30,3,14
3,4,14.0,345,1,12,3,1,35,3,5
3,4,7.0,133,1,15,1,11,133,1,11
3,6,23.0,84,0,17,1,0,77,0,17
3,2,3.0,282,0,19,0,12,104,3,27
3,2,3.0,282,0,4,0,3,79,1,27
3,2,3.0,282,0,8,1,9,10,4,27
3,2,3.0,282,0,2,1,0,26,4,27
3,2,8.0,258,6,6,0,16,50,1,8
3,2,8.0,258,6,11,0,9,134,1,8
3,2,8.0,258,6,14,0,8,41,3,8
3,2,8.0,258,6,18,0,13,38,4,8
3,8,18.0,75,4,15,2,5,47,3,0
3,8,16.0,73,1,17,0,12,56,4,2
2,2,17.0,7,3,9,0,7,137,0,6
3,8,16.0,73,1,18,1,1,1,4,2
3,4,1.0,144,2,6,0,9,134,4,7
3,4,1.0,144,2,6,1,10,52,1,7
3,4,1.0,144,2,17,1,3,30,4,7
3,4,1.0,144,2,8,2,10,23,1,7
3,4,1.0,144,2,22,0,7,78,3,7
3,4,2.0,141,4,11,0,5,6,2,22
3,8,18.0,75,4,20,2,1,16,2,0
3,4,16.0,25,4,17,0,14,32,1,2
3,4,16.0,25,4,17,0,1,11,4,2
3,4,19.0,142,3,20,1,0,12,1,10
3,11,23.0,232,4,15,0,16,72,0,17
3,11,19.0,321,3,3,3,3,115,2,10
3,4,19.0,142,3,18,0,2,92,0,10
2,3,22.0,57,0,20,1,1,105,4,26
3,0,17.0,12,2,2,2,4,75,3,6
3,0,1.0,8,0,19,1,9,10,4,7
3,7,12.0,181,2,17,1,14,32,0,28
2,3,22.0,57,0,4,0,10,22,0,26
3,4,28.0,218,1,1,2,5,6,3,18
3,11,23.0,232,4,4,1,11,124,0,17
3,2,1.0,16,6,17,1,0,12,2,7
2,2,25.0,3,0,8,0,2,2,2,13
3,1,23.0,69,6,13,0,5,47,3,17
3,1,23.0,69,6,9,0,0,31,0,17
3,4,7.0,133,1,14,1,14,32,4,11
3,11,24.0,194,5,9,0,5,12,1,14
3,1,31.0,305,3,13,2,4,79,0,20
3,2,24.0,22,0,13,0,16,74,2,14
3,7,12.0,181,2,16,0,0,53,0,28
3,4,16.0,25,4,12,0,2,2,0,2
0,8,2.0,77,6,11,0,13,99,2,22
3,2,25.0,233,1,22,3,5,6,0,13
3,9,6.0,51,4,9,2,4,4,3,23
3,2,26.0,3,2,13,3,14,25,0,3
0,10,15.0,60,6,4,0,2,86,4,1
2,0,8.0,48,3,4,0,0,77,1,8
2,3,30.0,109,1,6,0,1,59,1,19
3,2,17.0,6,0,12,1,13,38,0,6
3,0,11.0,10,4,20,0,14,24,2,9
3,9,16.0,107,3,11,0,15,31,1,2
3,0,1.0,8,0,3,1,9,87,4,7
2,10,10.0,298,2,3,0,2,92,1,4
3,0,8.0,9,0,4,1,10,47,0,8
2,0,16.0,12,0,19,1,12,135,4,2
3,0,8.0,9,0,3,1,8,9,1,8
2,5,6.0,349,0,6,0,5,12,3,23
3,9,23.0,167,3,23,1,14,97,1,17
3,2,6.0,251,4,14,0,12,121,1,23
2,0,23.0,55,0,8,1,7,54,4,17
3,11,1.0,222,2,17,0,1,35,2,7
2,5,6.0,349,0,2,0,14,25,1,23
3,2,2.0,143,3,0,3,6,14,2,22
3,2,24.0,22,0,12,1,9,93,0,14
2,1,16.0,63,5,16,1,9,63,4,2
2,5,22.0,168,2,18,0,2,86,3,26
3,0,10.0,129,2,13,0,11,18,1,4
3,2,24.0,22,0,11,1,9,95,4,14
3,2,3.0,282,0,2,2,6,89,3,27
2,1,16.0,63,5,11,0,9,49,1,2
2,5,22.0,168,2,17,0,16,113,1,26
3,5,20.0,214,1,19,1,11,18,2,29
0,2,1.0,16,2,13,0,0,12,1,7
3,2,3.0,282,0,8,1,6,91,4,27
2,8,7.0,76,6,13,1,9,83,4,11
3,5,19.0,146,0,13,1,10,22,2,10
3,5,22.0,163,4,22,1,9,109,0,26
3,2,3.0,282,0,20,1,16,50,4,27
2,4,15.0,25,1,17,0,6,7,0,1
2,4,15.0,25,1,8,2,14,97,0,1
2,4,15.0,25,1,14,0,14,34,3,1
2,6,10.0,355,0,19,0,9,95,0,4
2,10,12.0,346,5,3,1,3,44,4,28
2,4,17.0,26,4,9,0,10,22,1,6
2,2,6.0,153,2,14,2,0,64,3,23
2,2,6.0,153,2,2,0,11,124,0,23
2,2,15.0,220,5,8,0,5,6,3,1
2,2,25.0,3,0,12,0,16,50,0,13
2,0,6.0,15,5,9,0,3,79,0,23
2,0,8.0,48,3,23,0,9,63,1,8
2,0,23.0,55,0,16,0,5,6,0,17
2,0,23.0,55,0,9,0,13,48,4,17
2,0,26.0,23,4,13,0,7,78,1,3
3,11,15.0,331,2,9,0,7,78,4,1
3,11,22.0,250,2,12,0,1,59,2,26
3,9,1.0,126,6,16,0,14,32,1,7
3,9,1.0,126,6,14,0,4,45,0,7
3,9,1.0,126,6,1,0,14,32,1,7
2,0,25.0,14,2,0,0,9,49,1,13
2,0,25.0,14,2,6,0,1,67,0,13
2,0,26.0,23,4,6,0,16,37,1,3
2,7,1.0,160,5,17,0,3,76,4,7
3,11,22.0,250,2,1,0,5,12,1,26
3,11,22.0,250,2,1,0,6,7,4,26
2,0,23.0,55,0,12,3,8,27,0,17
3,9,14.0,106,5,0,0,2,92,1,5
3,9,14.0,106,5,8,0,4,66,4,5
3,9,14.0,106,5,12,0,11,124,3,5
3,9,15.0,226,6,12,0,3,4,0,1
3,9,17.0,255,0,2,1,6,14,4,6
3,9,17.0,255,0,18,0,5,12,3,6
3,7,14.0,125,5,9,0,0,12,1,5
3,7,15.0,205,6,16,1,5,12,0,1
3,7,16.0,40,3,4,0,8,27,0,2
3,7,24.0,68,0,14,0,14,32,4,14
3,3,7.0,289,0,18,0,13,69,4,11
3,3,8.0,148,1,2,0,8,19,3,8
3,3,15.0,35,1,21,1,10,47,0,1
3,3,26.0,343,6,23,3,6,7,3,3
3,5,1.0,109,4,6,0,0,68,3,7
3,5,7.0,349,2,13,1,12,135,4,11
3,5,7.0,349,2,1,0,9,101,3,11
3,5,31.0,196,6,1,0,2,2,1,20
3,5,31.0,196,6,12,0,10,22,3,20
3,5,19.0,146,0,1,0,12,84,1,10
2,11,30.0,170,1,18,0,6,7,0,19
2,11,30.0,170,1,7,1,5,6,1,19
2,7,30.0,43,6,14,0,0,31,3,19
2,7,12.0,238,1,17,1,3,30,1,28
2,5,15.0,239,2,6,1,5,12,0,1
0,0,29.0,191,5,12,1,1,35,4,16
2,8,16.0,74,0,3,0,6,7,3,2
2,8,17.0,75,1,4,0,1,59,3,6
2,4,31.0,16,4,8,2,4,75,0,20
2,4,31.0,16,4,1,0,9,54,3,20
2,2,1.0,143,5,11,1,13,99,1,7
2,2,16.0,6,6,1,0,8,9,1,2
2,2,16.0,6,6,9,0,2,69,0,2
2,0,1.0,47,3,22,0,5,6,0,7
2,2,26.0,136,1,18,0,12,17,3,3
2,0,14.0,190,6,18,0,15,39,1,5
2,0,17.0,0,1,11,0,16,50,1,6
2,0,17.0,0,1,10,0,1,11,4,6
2,0,17.0,0,1,5,0,8,41,1,6
2,0,18.0,13,2,17,0,6,7,3,0
2,0,18.0,13,2,6,0,10,47,0,0
2,0,18.0,13,2,15,1,6,7,0,0
2,2,24.0,233,3,5,0,10,47,3,14
3,1,18.0,82,0,9,1,0,15,0,0
2,0,17.0,0,1,2,3,6,116,3,6
3,11,23.0,232,4,5,2,4,70,3,17
2,6,13.0,173,4,0,1,9,27,0,25
3,4,14.0,345,1,17,0,0,68,4,5
3,1,23.0,69,6,20,1,11,98,4,17
3,2,3.0,282,0,4,2,8,9,3,27
2,6,13.0,173,4,7,1,12,104,0,25
3,1,31.0,305,3,14,1,11,55,1,20
3,2,7.0,153,5,4,1,5,6,0,11
2,6,13.0,173,4,6,1,0,12,0,25
3,8,20.0,319,6,12,0,10,47,0,29
3,2,7.0,153,5,11,1,0,53,4,11
3,2,3.0,282,0,18,1,11,18,4,27
2,6,16.0,244,3,2,2,13,48,0,2
3,4,7.0,133,1,11,1,14,125,4,11
3,5,31.0,196,6,13,0,12,104,2,20
3,2,8.0,258,6,5,0,8,27,1,8
3,4,13.0,221,0,4,1,15,46,4,25
3,9,11.0,52,1,11,3,14,107,1,9
3,2,9.0,21,3,19,0,13,48,0,12
2,6,21.0,185,5,1,2,14,25,3,21
3,4,13.0,221,0,13,0,2,2,2,25
3,6,23.0,84,0,13,0,6,89,1,17
3,6,23.0,84,0,9,0,7,137,3,17
3,1,4.0,286,0,20,0,4,79,3,30
3,8,22.0,354,0,3,1,5,12,2,26
3,4,14.0,345,1,11,1,15,31,4,5
3,4,14.0,345,1,11,1,6,128,4,5
3,8,14.0,296,3,3,0,9,57,2,5
3,0,7.0,15,3,5,0,10,47,0,11
3,0,7.0,15,3,2,0,2,69,1,11
3,2,12.0,128,2,13,1,0,85,1,28
3,2,12.0,128,2,17,1,10,12,1,28
3,2,12.0,128,2,1,0,4,4,1,28
3,2,7.0,153,5,15,0,14,24,2,11
3,2,16.0,220,3,14,0,6,7,0,2
3,2,13.0,276,4,13,3,0,68,3,25
3,2,24.0,22,0,8,3,11,15,0,14
3,0,5.0,122,5,2,3,5,12,2,24
3,0,16.0,11,1,18,0,5,12,0,2
2,7,4.0,204,0,1,3,9,57,3,30
2,11,9.0,311,1,21,1,5,12,0,12
2,10,19.0,223,5,18,1,9,101,4,10
2,9,3.0,217,6,11,1,14,88,4,27
2,11,11.0,175,4,19,1,1,105,4,9
2,11,20.0,340,6,17,2,8,41,3,29
2,11,20.0,340,6,11,0,8,33,1,29
2,11,23.0,232,1,1,2,4,66,0,17
2,11,23.0,232,1,9,0,8,27,1,17
2,9,12.0,177,0,5,1,12,104,4,28
2,9,12.0,177,0,14,0,7,31,1,28
2,7,5.0,93,1,12,0,7,62,4,24
2,7,29.0,42,5,7,0,8,27,1,16
2,7,31.0,180,3,17,0,9,95,3,20
2,7,31.0,180,3,10,1,16,50,1,20
2,3,5.0,303,5,3,0,2,86,1,24
2,3,6.0,289,6,6,0,6,7,4,23
2,3,6.0,289,6,19,0,13,99,1,23
2,3,13.0,33,6,2,1,10,47,0,25
2,5,21.0,163,1,5,0,5,6,2,21
2,5,21.0,163,1,3,0,6,91,1,21
2,5,21.0,163,1,14,0,10,23,3,21
2,5,30.0,196,4,13,0,1,59,1,19
2,5,30.0,196,4,2,0,2,2,3,19
2,6,4.0,342,1,19,0,16,130,3,30
2,6,6.0,169,4,22,2,3,79,3,23
2,6,6.0,169,4,8,0,7,78,4,23
2,6,23.0,31,3,9,1,6,73,0,17
2,6,24.0,39,0,8,2,4,4,1,14
2,6,24.0,39,0,4,2,2,123,0,14
2,11,27.0,322,6,3,1,5,12,1,15
2,10,6.0,243,6,2,0,9,27,3,23
2,10,6.0,243,6,2,0,0,53,1,23
2,1,5.0,97,0,1,0,7,20,3,24
2,1,25.0,248,3,8,0,2,123,1,13
2,9,28.0,315,2,14,0,14,24,3,18
2,7,5.0,93,1,16,0,13,13,0,24
2,7,5.0,93,1,3,1,8,33,4,24
2,7,20.0,81,2,8,0,2,40,1,29
2,7,20.0,81,2,19,0,6,89,4,29
2,7,21.0,211,4,13,0,0,77,0,21
2,11,3.0,288,2,19,2,2,2,1,27
2,11,4.0,275,4,9,0,10,23,1,30
2,9,3.0,217,6,21,0,11,18,1,27
2,9,14.0,106,2,15,1,14,25,4,5
2,9,14.0,106,2,22,0,11,15,2,5
2,9,23.0,167,5,23,1,10,47,1,17
2,7,13.0,125,2,14,0,0,12,3,25
2,3,4.0,324,4,22,0,13,36,1,30
2,3,15.0,263,0,5,1,2,60,4,1
2,3,21.0,166,3,17,1,7,62,0,21
2,3,21.0,166,3,18,0,2,40,0,21
2,3,21.0,166,3,15,1,14,131,1,21
2,5,24.0,350,5,6,1,3,115,4,14
3,2,9.0,21,3,2,0,4,103,3,12
2,10,5.0,242,5,23,1,0,77,0,24
3,4,13.0,221,0,12,3,8,118,3,25
3,2,9.0,21,3,4,1,10,47,1,12
2,10,7.0,213,3,15,1,1,16,4,11
3,2,11.0,297,1,17,0,8,33,0,9
3,4,13.0,221,0,23,3,6,7,3,25
2,10,14.0,60,3,23,0,7,20,1,5
3,2,24.0,22,0,15,1,10,43,1,14
2,10,14.0,60,3,22,0,13,48,4,5
3,0,8.0,9,0,9,1,5,64,2,8
3,2,11.0,297,1,4,1,9,83,4,9
2,10,15.0,201,0,23,1,14,25,1,1
3,0,8.0,9,0,14,0,11,117,1,8
3,2,17.0,6,0,0,0,0,68,0,6
2,10,15.0,201,0,1,0,14,125,2,1
3,2,17.0,6,0,20,0,11,90,1,6
3,2,17.0,6,0,22,0,9,95,2,6
3,2,17.0,6,0,3,0,5,6,2,6
3,2,17.0,6,0,8,0,9,27,2,6
3,5,4.0,114,3,1,0,8,27,1,30
3,10,22.0,314,1,17,3,10,22,1,26
3,10,31.0,135,4,17,0,7,111,1,20
3,10,14.0,174,0,5,0,15,31,3,5
3,1,14.0,183,4,13,0,13,38,0,5
3,1,21.0,45,4,3,0,3,44,3,21
3,1,29.0,112,5,11,1,11,129,4,16
3,8,7.0,70,3,0,0,15,114,3,11
3,8,15.0,72,0,2,2,12,61,3,1
3,8,13.0,189,6,17,0,6,89,2,25
3,8,30.0,103,1,1,2,15,46,4,19
3,4,15.0,132,2,4,1,14,126,4,1
3,4,31.0,67,5,5,1,6,89,4,20
3,4,31.0,67,5,3,0,14,107,2,20
3,4,29.0,313,2,14,0,7,120,4,16
3,2,22.0,209,6,17,1,1,16,2,26
3,0,15.0,190,0,8,0,4,79,1,1
3,0,15.0,190,0,8,1,12,121,1,1
3,2,22.0,209,6,21,3,5,6,0,26
3,2,18.0,7,1,3,2,4,79,0,0
3,2,18.0,7,1,9,2,8,118,1,0
3,2,18.0,7,1,19,0,5,12,1,0
3,2,26.0,3,2,17,0,0,85,3,3
3,2,26.0,3,2,13,1,10,22,2,3
3,2,26.0,3,2,3,0,12,61,1,3
3,2,26.0,3,2,3,1,0,0,1,3
3,2,27.0,136,4,8,0,4,75,1,15
3,2,27.0,136,4,14,1,5,6,0,15
3,2,27.0,136,4,1,2,6,7,0,15
3,0,1.0,8,0,17,0,7,120,3,7
3,0,12.0,113,5,17,2,1,11,3,28
3,0,12.0,113,5,4,0,14,25,0,28
3,2,18.0,7,1,16,0,0,68,0,0
3,2,18.0,7,1,16,0,0,0,3,0
3,2,18.0,7,1,16,0,10,12,1,0
3,2,17.0,6,0,12,1,9,58,4,6
3,2,18.0,7,1,23,0,11,15,2,0
3,2,17.0,6,0,11,1,0,15,1,6
3,2,18.0,7,1,11,0,1,67,4,0
3,0,17.0,12,2,22,0,2,86,4,6
3,0,17.0,12,2,1,0,1,105,0,6
3,0,18.0,0,4,4,0,12,61,3,0
3,0,18.0,0,4,14,0,14,24,2,0
3,0,19.0,13,5,3,2,11,117,3,10
3,0,18.0,0,4,19,2,6,7,0,0
3,0,19.0,13,5,19,0,7,111,1,10
3,0,20.0,172,6,17,1,5,12,0,29
3,0,18.0,0,4,8,0,14,88,3,0
3,0,20.0,172,6,8,0,3,79,3,29
3,0,18.0,0,4,1,0,12,135,4,0
3,0,20.0,172,6,12,1,9,101,4,29
3,0,19.0,13,5,3,2,1,11,3,10
3,0,19.0,13,5,13,0,8,27,2,10
3,0,11.0,10,4,10,1,10,22,0,9
3,2,18.0,7,1,7,1,0,77,1,0
3,2,18.0,7,1,22,3,9,134,3,0
3,2,17.0,6,0,2,1,9,87,4,6
3,2,18.0,7,1,12,2,12,104,3,0
3,2,18.0,7,1,6,0,10,47,0,0
3,2,26.0,3,2,21,0,16,50,1,3
3,2,26.0,3,2,21,0,6,128,1,3
3,2,26.0,3,2,8,0,7,111,1,3
3,2,26.0,3,2,14,3,9,87,0,3
3,2,26.0,3,2,12,0,13,48,3,3
3,2,27.0,136,4,16,1,13,36,1,15
3,2,26.0,3,2,19,1,7,78,4,3
3,2,26.0,3,2,16,3,10,22,0,3
3,2,27.0,136,4,8,0,13,29,2,15
2,3,20.0,338,6,8,1,8,27,1,29
3,2,4.0,254,1,8,3,11,15,0,30
2,6,12.0,317,2,13,1,8,27,1,28
3,2,16.0,220,3,13,1,12,84,1,2
2,1,7.0,62,2,23,0,13,36,4,11
3,0,20.0,172,6,15,0,10,47,3,29
2,1,7.0,62,2,15,0,6,89,1,11
2,1,8.0,50,4,7,0,5,6,3,8
2,11,22.0,250,0,18,0,16,72,1,26
2,11,22.0,250,0,18,1,2,71,0,26
2,9,14.0,106,2,16,0,5,12,0,5
2,9,14.0,106,2,12,0,9,102,3,5
2,9,15.0,226,4,11,0,15,114,1,1
2,9,21.0,362,2,16,0,12,56,4,21
2,9,21.0,362,2,16,0,0,64,3,21
2,7,6.0,293,2,8,0,14,24,1,23
2,7,6.0,293,2,19,0,2,71,4,23
2,7,6.0,293,2,17,1,8,19,0,23
2,3,4.0,324,4,2,2,1,11,3,30
2,3,14.0,35,3,20,0,0,77,2,5
2,3,14.0,35,3,4,0,9,57,3,5
2,3,15.0,263,0,3,0,2,60,3,1
2,3,15.0,263,0,14,0,3,70,3,1
2,3,21.0,166,3,23,1,3,79,4,21
2,3,23.0,357,1,13,0,8,19,2,17
2,7,3.0,186,3,6,0,13,38,2,27
2,7,3.0,186,3,17,1,13,28,4,27
2,11,1.0,222,0,17,0,9,93,2,7
2,11,1.0,222,0,17,0,14,110,4,7
2,0,5.0,260,4,7,1,8,27,1,24
3,11,21.0,192,1,9,2,2,86,1,21
2,7,19.0,266,1,12,1,12,56,4,10
2,3,9.0,4,1,2,0,2,92,1,12
2,10,4.0,336,4,1,2,14,24,0,30
2,8,5.0,87,4,13,0,15,39,3,24
2,8,6.0,70,5,11,0,10,22,0,23
2,11,31.0,227,2,18,1,16,42,4,20
2,3,13.0,33,6,18,0,1,67,3,25
2,1,5.0,97,0,22,1,13,48,4,24
2,11,7.0,253,3,12,0,8,27,0,11
2,3,18.0,138,4,6,1,10,22,1,0
2,6,20.0,193,4,12,1,11,94,0,29
2,2,4.0,127,0,11,0,2,60,2,30
2,2,4.0,127,0,8,0,14,131,1,30
2,2,12.0,276,1,15,1,5,6,0,28
2,3,23.0,357,1,9,2,7,57,2,17
2,5,6.0,349,0,13,0,15,31,0,23
2,5,22.0,168,2,22,0,14,24,0,26
2,5,24.0,350,5,14,0,10,47,0,14
2,6,13.0,173,4,0,1,11,15,4,25
2,10,5.0,242,5,14,0,8,27,3,24
2,10,15.0,201,0,13,0,0,26,0,1
2,1,13.0,183,1,16,0,5,12,1,25
2,1,13.0,183,1,0,0,1,59,3,25
2,1,13.0,183,1,14,1,1,11,2,25
2,1,24.0,65,6,17,1,2,86,1,14
2,8,14.0,72,6,16,0,2,86,1,5
2,2,6.0,153,2,20,0,11,15,1,23
2,2,6.0,153,2,22,0,14,88,3,23
2,2,14.0,130,4,19,0,11,117,1,5
2,2,15.0,220,5,6,0,0,85,3,1
2,2,17.0,7,3,15,0,2,123,3,6
2,8,13.0,296,5,11,1,3,79,2,25
3,3,5.0,324,6,8,0,9,87,4,24
2,8,7.0,76,6,11,0,0,31,2,11
2,2,23.0,22,6,12,1,13,69,0,17
2,0,8.0,48,3,2,1,3,30,1,8
2,0,8.0,48,3,16,1,10,43,1,8
2,0,16.0,12,0,14,1,15,112,4,2
3,0,20.0,172,6,22,0,5,6,3,29
3,0,20.0,172,6,14,3,6,116,0,29
3,0,20.0,172,6,2,0,9,102,3,29
3,2,25.0,233,1,16,2,10,22,3,13
3,0,14.0,5,3,19,0,1,67,3,5
2,2,30.0,8,6,2,1,6,7,0,19
2,2,30.0,8,6,16,0,4,138,0,19
2,2,4.0,127,0,9,0,10,47,3,30
3,7,10.0,329,0,13,0,0,68,4,4
3,3,30.0,304,2,22,1,10,47,1,19
3,3,30.0,304,2,14,1,11,15,0,19
3,5,19.0,146,0,22,2,4,45,2,10
3,5,31.0,196,6,3,0,13,69,2,20
3,5,12.0,327,0,12,1,2,13,0,28
3,5,12.0,327,0,3,0,14,24,2,28
3,5,14.0,36,2,16,1,0,53,1,5
3,3,30.0,304,2,1,1,9,134,4,19
3,5,12.0,327,0,14,0,2,2,2,28
3,8,21.0,46,3,12,3,5,12,0,21
3,8,14.0,296,3,22,3,1,81,4,5
3,2,7.0,153,5,17,1,0,53,2,11
3,2,7.0,153,5,13,1,2,2,4,11
3,0,14.0,5,3,14,3,13,21,1,5
3,0,13.0,198,6,13,1,13,21,4,25
0,0,1.0,8,5,17,0,10,23,1,7
3,2,30.0,131,3,4,1,9,95,0,19
3,0,5.0,122,5,12,0,14,131,1,24
2,10,20.0,341,6,20,1,6,73,2,29
2,1,19.0,151,0,3,3,1,59,3,10
3,11,13.0,312,0,5,1,11,94,4,25
3,11,21.0,192,1,15,2,1,67,2,21
3,11,21.0,192,1,19,1,14,126,4,21
3,9,4.0,295,1,13,0,16,50,2,30
3,3,19.0,138,6,2,0,10,43,2,10
3,3,19.0,138,6,19,1,0,12,1,10
3,5,4.0,114,3,3,0,1,59,2,30
3,3,29.0,325,1,2,0,3,44,4,16
3,3,27.0,361,3,11,3,12,17,2,15
3,1,5.0,219,1,4,0,1,1,4,24
3,10,31.0,135,4,18,0,10,22,0,20
3,8,6.0,87,6,12,0,1,11,4,23
3,4,15.0,132,2,9,0,10,47,1,1
3,2,22.0,209,6,12,1,1,11,4,26
3,2,29.0,140,6,14,0,7,57,2,16
3,2,23.0,230,3,8,1,11,10,0,17
3,2,16.0,220,3,5,1,10,47,0,2
3,0,8.0,9,0,15,3,14,25,3,8
3,1,23.0,69,6,19,0,10,47,0,17
3,1,31.0,305,3,17,0,6,132,4,20
3,4,7.0,133,1,9,1,14,24,1,11
3,4,6.0,176,0,12,1,4,121,0,23
3,4,7.0,133,1,20,1,10,22,4,11
3,1,20.0,151,2,17,1,14,24,1,29
3,2,13.0,276,4,19,0,9,57,2,25
3,2,16.0,220,3,14,1,13,38,2,2
3,2,23.0,230,3,11,1,13,21,4,17
3,8,24.0,85,2,9,1,11,18,1,14
3,4,18.0,26,6,1,0,10,43,1,0
3,4,18.0,26,6,13,0,13,36,1,0
3,4,11.0,121,6,19,1,5,6,2,9
3,4,26.0,80,3,19,1,0,64,0,3
3,2,19.0,137,2,2,0,12,83,4,10
3,0,10.0,129,2,1,0,9,93,4,4
3,8,25.0,86,4,22,0,8,33,2,13
3,1,17.0,63,3,18,0,6,116,3,6
3,9,8.0,90,6,13,1,13,28,1,8
3,6,15.0,49,3,13,3,9,57,1,1
3,8,10.0,71,2,17,0,2,92,1,4
3,10,15.0,60,1,19,1,3,44,2,1
3,0,6.0,260,6,2,3,8,27,1,23
3,2,11.0,297,1,18,0,10,22,2,9
3,3,30.0,304,2,18,1,9,57,0,19
3,2,17.0,6,0,1,0,14,110,3,6
3,9,23.0,167,3,14,0,2,86,1,17
3,5,12.0,327,0,15,1,1,1,4,28
3,2,26.0,3,2,16,2,7,20,3,3
3,7,7.0,293,5,19,0,9,93,0,11
2,8,13.0,296,5,2,3,1,1,0,25
3,2,27.0,136,4,17,0,8,27,3,15
3,2,18.0,7,1,16,0,5,12,3,0
3,7,23.0,202,3,19,0,15,119,0,17
3,5,21.0,351,2,17,1,5,64,1,21
3,2,26.0,3,2,9,0,2,40,2,3
3,2,27.0,136,4,9,0,0,31,2,15
3,0,1.0,8,0,13,0,2,86,3,7
3,0,1.0,8,0,9,0,6,128,1,7
3,0,2.0,47,1,16,0,0,53,3,22
3,0,1.0,8,0,14,2,6,7,2,7
3,0,1.0,8,0,20,1,13,69,4,7
3,0,2.0,47,1,13,0,6,73,1,22
3,7,1.0,98,6,4,0,11,15,2,7
3,0,12.0,113,5,21,1,15,39,0,28
3,0,12.0,113,5,3,0,16,72,1,28
3,0,12.0,113,5,1,0,13,29,4,28
3,2,10.0,28,0,2,1,10,47,1,4
3,2,25.0,233,1,11,1,2,69,0,13
3,0,17.0,12,2,19,2,6,14,0,6
3,0,17.0,12,2,1,0,13,21,1,6
3,0,18.0,0,4,1,0,0,64,1,0
3,0,19.0,13,5,11,0,16,74,3,10
3,0,19.0,13,5,11,0,5,6,1,10
3,0,19.0,13,5,20,1,11,55,4,10
3,0,18.0,0,4,15,0,14,88,3,0
3,0,20.0,172,6,12,2,2,40,2,29
3,0,12.0,113,5,8,0,12,83,0,28
3,0,12.0,113,5,8,2,1,11,3,28
3,0,12.0,113,5,2,0,5,6,0,28
3,4,8.0,292,2,6,0,10,47,3,8
3,0,17.0,12,2,14,2,15,114,2,6
3,0,18.0,0,4,1,2,5,6,3,0
3,0,18.0,0,4,11,0,15,51,2,0
3,0,11.0,10,4,17,0,9,54,1,9
3,0,20.0,172,6,5,0,5,6,2,29
3,0,20.0,172,6,11,1,9,102,4,29
3,0,20.0,172,6,12,0,15,51,4,29
3,0,20.0,172,6,2,0,8,33,0,29
3,2,25.0,233,1,14,1,16,37,4,13
3,2,25.0,233,1,19,1,10,23,1,13
3,0,11.0,10,4,14,0,16,37,4,9
3,0,11.0,10,4,3,2,9,27,3,9
3,10,1.0,208,1,11,1,11,133,1,7
3,2,25.0,233,1,21,1,5,6,0,13
3,0,11.0,10,4,12,1,5,6,2,9
3,0,1.0,8,0,9,0,9,101,0,7
3,0,2.0,47,1,18,0,15,51,1,22
3,0,12.0,113,5,20,0,10,52,1,28
3,0,1.0,8,0,23,0,11,94,2,7
3,0,1.0,8,0,1,0,16,72,4,7
3,0,1.0,8,0,1,0,11,90,1,7
3,0,2.0,47,1,0,1,13,38,0,22
3,0,2.0,47,1,16,1,1,105,0,22
3,0,1.0,8,0,19,1,6,128,4,7
3,0,2.0,47,1,22,1,4,136,4,22
3,0,2.0,47,1,2,0,5,64,3,22
3,0,2.0,47,1,22,0,14,24,4,22
3,0,2.0,47,1,4,2,11,98,2,22
3,0,2.0,47,1,14,1,9,134,4,22
3,0,12.0,113,5,12,0,14,25,4,28
3,0,12.0,113,5,12,0,9,9,2,28
3,0,12.0,113,5,19,1,7,129,4,28
3,0,1.0,8,0,14,1,9,109,4,7
3,0,1.0,8,0,9,0,7,78,0,7
3,0,1.0,8,0,18,0,0,12,0,7
3,0,2.0,47,1,6,0,0,64,1,22
3,0,1.0,8,0,14,0,0,53,4,7
3,0,2.0,47,1,15,0,13,99,2,22
3,0,2.0,47,1,22,0,11,15,3,22
3,0,2.0,47,1,11,1,15,114,1,22
3,0,2.0,47,1,2,0,2,2,3,22
3,0,2.0,47,1,8,0,0,85,0,22
3,0,12.0,113,5,7,1,5,12,0,28
3,0,12.0,113,5,11,0,12,135,1,28
3,0,12.0,113,5,6,0,2,86,3,28
3,0,12.0,113,5,19,0,10,47,0,28
3,0,12.0,113,5,9,0,10,23,1,28
3,0,20.0,172,6,7,0,13,28,0,29
3,0,20.0,172,6,20,0,13,38,4,29
3,4,7.0,133,1,6,1,11,133,0,11
3,7,3.0,269,0,4,1,0,12,3,27
3,10,11.0,298,5,17,1,3,103,4,9
3,1,22.0,164,5,19,3,9,57,0,26
3,8,9.0,124,1,15,0,0,53,4,12
3,5,14.0,36,2,18,1,10,52,1,5
1,11,2.0,265,3,17,0,16,130,4,22
3,2,18.0,7,1,0,0,8,19,4,0
3,5,14.0,36,2,13,1,10,12,0,5
3,4,24.0,27,5,17,1,11,133,1,14
3,4,26.0,80,3,18,0,2,13,1,3
3,6,23.0,84,0,1,1,7,57,1,17
3,2,7.0,153,5,2,1,4,127,4,11
3,2,2.0,143,3,9,1,13,28,0,22
3,7,13.0,238,4,5,0,14,131,2,25
3,2,7.0,153,5,3,0,10,6,3,11
3,2,2.0,143,3,1,0,14,24,2,22
3,2,7.0,153,5,20,1,5,64,4,11
3,2,19.0,137,2,6,0,10,52,1,10
3,2,28.0,257,5,1,1,0,77,0,18
3,2,28.0,257,5,17,0,3,30,1,18
3,7,31.0,43,0,18,0,1,35,3,20
3,5,8.0,199,4,7,0,9,93,4,8
3,10,15.0,60,1,18,0,14,24,4,1
3,1,7.0,32,4,18,1,8,19,0,11
3,1,17.0,63,3,2,1,3,30,0,6
3,1,11.0,111,0,13,3,10,47,1,9
3,10,24.0,261,4,13,3,9,10,4,14
3,8,25.0,86,4,4,1,1,105,4,13
3,2,18.0,7,1,11,1,11,10,4,0
3,2,18.0,7,1,15,0,4,4,1,0
3,2,17.0,6,0,9,1,2,69,1,6
3,2,18.0,7,1,11,1,0,64,0,0
3,2,18.0,7,1,12,1,7,129,4,0
3,2,18.0,7,1,14,1,12,83,4,0
3,2,26.0,3,2,0,0,15,46,3,3
3,2,26.0,3,2,8,0,3,76,0,3
3,2,26.0,3,2,2,0,0,26,2,3
3,2,26.0,3,2,1,0,13,29,3,3
3,2,26.0,3,2,9,2,13,21,3,3
3,2,26.0,3,2,1,0,10,22,1,3
3,2,27.0,136,4,16,1,5,6,0,15
3,2,27.0,136,4,19,2,6,89,3,15
3,0,1.0,8,0,0,0,14,131,1,7
3,0,1.0,8,0,10,0,12,56,1,7
3,0,1.0,8,0,19,1,0,26,0,7
3,0,1.0,8,0,7,1,3,4,0,7
3,0,1.0,8,0,3,1,9,87,4,7
3,2,9.0,21,3,15,2,1,35,0,12
3,2,9.0,21,3,3,0,10,52,3,12
3,2,9.0,21,3,13,2,3,115,2,12
3,2,9.0,21,3,22,0,9,57,2,12
3,2,11.0,297,1,3,0,3,79,2,9
3,2,11.0,297,1,17,1,1,1,0,9
3,2,11.0,297,1,9,0,6,7,0,9
3,2,17.0,6,0,3,1,1,105,1,6
3,2,17.0,6,0,8,1,14,126,4,6
3,2,17.0,6,0,19,1,11,15,1,6
3,2,18.0,7,1,16,0,3,79,3,0
3,2,18.0,7,1,16,0,14,107,1,0
3,2,26.0,3,2,8,1,9,10,4,3
3,2,26.0,3,2,1,0,5,12,1,3
3,2,27.0,136,4,13,2,13,69,2,15
3,2,26.0,3,2,4,0,13,48,1,3
3,2,27.0,136,4,12,0,13,21,3,15
3,2,27.0,136,4,12,0,10,47,0,15
3,2,27.0,136,4,18,0,1,35,4,15
3,0,1.0,8,0,13,0,1,11,1,7
3,0,1.0,8,0,15,1,8,9,1,7
3,0,1.0,8,0,22,0,13,38,4,7
3,1,1.0,203,5,13,0,13,38,3,7
3,0,2.0,47,1,10,0,3,70,1,22
3,0,2.0,47,1,13,0,5,6,2,22
3,2,10.0,28,0,14,1,0,64,1,4
3,0,19.0,13,5,23,1,12,56,4,10
3,0,19.0,13,5,1,0,5,12,0,10
3,0,18.0,0,4,3,0,6,7,2,0
3,0,20.0,172,6,19,1,7,111,1,29
3,0,2.0,47,1,1,0,3,30,3,22
3,2,8.0,258,6,2,0,2,2,1,8
3,2,9.0,21,3,6,0,0,12,0,12
3,2,9.0,21,3,8,3,2,3,2,12
3,2,9.0,21,3,11,1,12,104,4,12
3,2,11.0,297,1,5,0,6,7,3,9
3,2,17.0,6,0,17,1,1,35,2,6
3,2,17.0,6,0,7,0,6,128,0,6
3,2,17.0,6,0,22,0,9,95,2,6
3,2,17.0,6,0,8,2,1,16,0,6
3,2,17.0,6,0,2,0,6,14,2,6
3,2,17.0,6,0,19,1,9,10,4,6
3,2,17.0,6,0,2,0,2,40,1,6
3,2,17.0,6,0,4,2,5,6,3,6
3,2,17.0,6,0,1,2,9,95,3,6
3,2,17.0,6,0,9,0,14,24,0,6
3,2,18.0,7,1,17,2,12,17,3,0
3,2,18.0,7,1,15,0,2,3,4,0
3,2,18.0,7,1,8,2,16,50,3,0
3,2,26.0,3,2,17,0,6,89,3,3
3,2,26.0,3,2,0,0,5,12,3,3
3,1,17.0,63,3,19,3,2,60,2,6
3,8,11.0,306,4,16,0,1,81,1,9
3,3,1.0,180,1,0,2,2,2,0,7
3,8,24.0,85,2,9,1,7,120,4,14
3,0,10.0,129,2,8,0,9,93,1,4
3,3,1.0,180,1,9,1,9,83,4,7
3,4,18.0,26,6,12,0,8,41,3,0
3,3,1.0,180,1,9,1,13,69,0,7
3,2,2.0,143,3,18,1,15,85,4,22
3,3,18.0,165,5,9,0,7,111,0,0
3,3,25.0,347,5,3,0,14,88,2,13
3,2,2.0,143,3,13,0,15,46,2,22
3,3,25.0,347,5,20,1,2,40,4,13
3,2,2.0,143,3,8,0,5,6,3,22
3,7,17.0,95,0,16,0,3,30,0,6
3,6,18.0,308,2,17,0,13,69,1,0
3,5,17.0,212,6,19,0,0,64,1,6
3,10,17.0,256,4,14,1,9,101,0,6
3,5,24.0,58,6,22,2,10,47,3,14
3,0,1.0,8,0,8,1,9,87,4,7
3,6,8.0,59,3,17,2,16,42,3,8
3,0,1.0,8,0,8,0,8,19,3,7
3,2,8.0,258,6,3,1,13,21,1,8
3,0,2.0,47,1,23,0,16,37,1,22
3,0,1.0,8,0,13,1,11,18,4,7
2,11,22.0,250,0,22,0,14,125,0,26
2,11,22.0,250,0,8,0,4,136,1,26
2,9,4.0,295,3,0,0,5,6,0,30
2,9,7.0,271,2,8,0,5,6,0,11
2,9,7.0,271,2,1,1,9,10,4,11
2,9,7.0,271,2,1,0,16,74,1,11
2,9,14.0,106,2,19,0,2,13,1,5
2,10,15.0,201,0,4,0,8,33,3,1
2,1,7.0,62,2,14,0,0,12,1,11
2,1,8.0,50,4,9,0,0,26,0,8
2,1,16.0,63,5,15,0,8,41,2,2
2,8,7.0,76,6,3,0,13,36,3,11
3,7,6.0,93,4,11,0,11,18,0,23
3,7,14.0,125,5,7,0,9,95,4,5
3,7,14.0,125,5,13,1,13,99,0,5
3,7,15.0,205,6,2,0,13,38,4,1
2,8,14.0,72,6,15,1,11,133,1,5
3,5,9.0,206,5,1,1,13,29,1,12
3,5,16.0,239,5,16,0,0,12,3,2
3,6,1.0,158,3,16,0,10,23,0,7
3,6,1.0,158,3,21,0,9,95,4,7
3,6,1.0,158,3,19,0,0,53,4,7
3,6,9.0,236,0,22,1,6,73,1,12
3,6,25.0,39,2,21,0,0,12,0,13
3,10,1.0,208,1,9,0,5,6,3,7
3,10,8.0,213,1,6,2,2,2,2,8
3,1,19.0,29,1,16,0,13,44,3,10
3,1,19.0,29,1,0,2,15,114,3,10
3,1,25.0,65,0,10,1,4,121,0,13
3,1,25.0,65,0,8,1,15,112,4,13
3,1,26.0,248,1,16,0,13,28,0,3
2,1,15.0,2,4,22,1,9,101,4,1
2,11,11.0,175,4,7,1,2,13,0,9
2,11,29.0,270,0,5,1,14,106,4,16
2,11,31.0,227,2,2,0,13,21,0,20
2,9,12.0,177,0,20,0,6,89,1,28
2,6,14.0,49,5,3,1,9,83,4,5
2,1,5.0,97,0,16,0,0,12,3,24
2,1,5.0,97,0,3,0,5,6,2,24
2,1,14.0,1,2,22,0,5,6,0,5
2,1,14.0,1,2,9,0,16,113,1,5
2,1,15.0,2,4,11,0,10,23,0,1
2,1,25.0,248,3,22,0,14,97,1,13
2,1,25.0,248,3,1,1,1,35,4,13
2,8,6.0,70,5,0,1,9,101,4,23
2,8,6.0,70,5,16,2,1,35,3,23
2,8,6.0,70,5,0,2,6,128,3,23
2,8,16.0,74,0,9,0,2,40,0,2
2,8,17.0,75,1,12,1,9,10,4,6
3,7,8.0,94,6,13,1,8,118,4,8
3,7,23.0,202,3,0,0,5,64,3,17
2,0,22.0,237,3,8,3,7,137,4,26
2,0,12.0,198,4,11,0,13,21,2,28
3,9,20.0,119,4,2,1,5,0,1,29
3,11,20.0,340,0,19,0,5,47,2,29
3,7,21.0,81,5,11,1,10,12,1,21
0,10,1.0,208,6,18,0,15,96,4,7
3,3,30.0,304,2,13,0,10,6,0,19
3,1,26.0,248,1,8,0,0,15,1,3
3,9,1.0,126,6,6,0,4,82,1,7
3,5,16.0,239,5,17,0,1,16,0,2
3,8,26.0,278,5,22,0,5,6,2,3
3,8,26.0,278,5,22,0,8,33,3,3
3,9,1.0,126,6,22,1,2,2,4,7
3,9,14.0,106,5,14,0,14,24,2,5
3,9,17.0,255,0,17,0,13,48,1,6
3,9,17.0,255,0,0,1,8,19,0,6
3,9,17.0,255,0,0,1,13,69,0,6
3,9,25.0,344,1,3,0,5,6,0,13
3,0,2.0,47,1,22,0,2,86,0,22
3,0,2.0,47,1,9,0,2,69,3,22
3,0,12.0,113,5,6,0,0,53,0,28
3,0,12.0,113,5,13,0,10,12,0,28
3,0,12.0,113,5,14,1,3,115,4,28
3,0,12.0,113,5,9,0,14,110,1,28
3,0,12.0,113,5,12,0,5,6,2,28
3,10,15.0,60,1,22,3,2,69,0,1
3,10,15.0,60,1,12,1,1,67,0,1
3,4,26.0,80,3,12,1,9,27,0,3
3,4,26.0,80,3,19,1,13,13,0,3
3,8,28.0,224,3,5,3,0,15,1,18
3,4,18.0,26,6,22,0,12,80,2,0
3,2,2.0,143,3,1,0,12,56,3,22
3,2,2.0,143,3,2,0,11,133,0,22
3,11,31.0,227,5,5,0,5,6,2,20
3,10,7.0,243,0,5,1,7,122,1,11
3,1,11.0,111,0,11,0,5,6,2,9
3,1,17.0,63,3,4,1,12,83,4,6
3,8,24.0,85,2,8,1,10,47,2,14
3,2,19.0,137,2,18,0,7,8,2,10
3,7,9.0,273,3,19,0,8,41,1,12
3,0,10.0,129,2,22,1,10,47,2,4
3,0,7.0,15,3,3,3,9,49,0,11
3,2,7.0,153,5,3,2,16,74,2,11
3,11,19.0,321,3,14,2,9,54,2,10
3,9,10.0,156,0,17,0,8,19,4,4
3,9,18.0,359,1,19,1,0,64,0,0
3,7,3.0,269,0,12,1,5,6,2,27
2,0,10.0,10,1,5,0,9,9,2,4
3,3,12.0,104,6,22,0,15,114,2,28
2,2,10.0,297,3,2,3,9,54,1,4
3,5,14.0,36,2,2,1,14,24,1,5
2,6,1.0,352,6,17,0,11,133,4,7
3,5,14.0,36,2,13,0,15,114,2,5
3,3,5.0,324,6,17,3,5,12,1,24
3,5,14.0,36,2,17,1,0,77,1,5
3,5,20.0,214,1,5,0,14,24,2,29
3,2,24.0,22,0,22,1,15,85,4,14
3,0,8.0,9,0,12,3,11,117,2,8
3,2,6.0,251,4,11,0,14,24,1,23
3,1,23.0,69,6,18,2,16,37,3,17
3,4,6.0,176,0,6,1,0,77,1,23
3,4,13.0,221,0,15,0,14,24,2,25
3,0,8.0,9,0,13,0,8,27,2,8
3,0,8.0,9,0,15,1,10,47,1,8
3,8,15.0,72,0,19,1,10,22,1,1
3,8,13.0,189,6,22,1,9,95,4,25
3,4,15.0,132,2,21,1,2,2,4,1
3,4,15.0,132,2,1,0,10,43,1,1
3,0,15.0,190,0,3,0,3,79,0,1
3,2,22.0,209,6,18,3,1,1,2,26
3,2,30.0,131,3,12,1,3,76,0,19
3,2,29.0,140,6,14,0,12,17,1,16
3,2,30.0,131,3,18,2,10,52,1,19
3,4,30.0,139,4,17,1,10,52,0,19
3,2,4.0,254,1,22,1,5,6,0,30
3,2,23.0,230,3,22,0,8,41,2,17
3,1,23.0,69,6,18,0,6,89,4,17
3,8,30.0,103,1,5,0,2,60,4,19
3,8,29.0,301,0,12,3,5,6,0,16
3,4,15.0,132,2,15,0,0,31,3,1
3,4,29.0,313,2,3,0,3,70,3,16
3,0,16.0,11,1,9,2,4,121,0,2
2,8,1.0,77,3,6,0,2,69,4,7
3,0,16.0,11,1,3,3,7,62,4,2
3,0,15.0,190,0,15,0,0,0,2,1
3,2,14.0,231,5,19,1,15,31,4,5
2,1,23.0,64,5,3,0,16,39,3,17
2,2,17.0,7,3,23,1,13,99,4,6
2,6,23.0,31,3,14,0,7,78,3,17
2,0,6.0,15,5,12,0,15,46,4,23
2,0,26.0,23,4,7,0,12,17,1,3
2,7,29.0,42,5,4,2,6,89,3,16
2,8,15.0,73,3,12,0,6,14,1,1
2,2,14.0,130,4,23,0,10,47,3,5
2,0,24.0,281,1,17,0,9,87,3,14
2,6,23.0,31,3,11,1,13,48,4,17
2,6,24.0,39,0,22,1,12,61,1,14
2,10,16.0,256,1,16,0,9,57,0,2
2,10,16.0,256,1,3,1,13,21,4,2
2,10,23.0,261,1,0,0,15,31,4,17
0,8,1.0,66,5,17,0,9,49,1,7
2,7,2.0,269,6,22,0,11,15,2,22
0,0,1.0,8,5,11,0,2,2,4,7
0,0,27.0,23,2,17,1,12,56,1,15
2,3,3.0,285,2,14,1,2,2,0,27
2,5,20.0,351,0,14,1,6,7,0,29
2,11,2.0,265,1,1,0,7,78,1,22
0,0,11.0,10,0,4,0,8,41,0,9
0,0,16.0,11,6,17,3,8,9,0,2
2,6,20.0,193,4,9,0,2,2,4,29
2,5,20.0,351,0,1,1,10,47,2,29
2,0,24.0,281,1,23,0,0,77,1,14
2,0,24.0,281,1,18,0,11,15,2,14
2,4,17.0,26,4,20,0,3,79,1,6
2,2,6.0,153,2,6,0,8,118,1,23
2,2,7.0,258,4,21,1,15,51,0,11
2,2,7.0,258,4,6,1,11,55,0,11
2,2,7.0,258,4,8,0,15,114,2,11
2,2,14.0,130,4,0,0,15,46,1,5
2,2,14.0,130,4,22,2,8,41,3,5
2,2,14.0,130,4,8,3,8,65,4,5
2,2,15.0,220,5,2,0,8,9,3,1
2,2,17.0,7,3,13,0,11,122,1,6
2,2,14.0,130,4,22,0,13,28,2,5
2,2,23.0,22,6,0,1,0,64,0,17
2,2,23.0,22,6,6,1,8,19,0,17
2,2,23.0,22,6,6,2,12,80,3,17
2,2,23.0,22,6,2,0,13,29,2,17
2,2,23.0,22,6,12,0,8,9,2,17
2,2,23.0,22,6,13,1,15,46,4,17
2,2,23.0,22,6,9,0,5,12,0,17
2,10,15.0,201,0,15,2,2,69,3,1
2,1,7.0,62,2,0,3,14,106,2,11
2,2,23.0,22,6,14,1,0,31,1,17
2,10,23.0,261,1,15,0,2,2,1,17
2,10,23.0,261,1,3,0,9,93,0,17
2,10,23.0,261,1,19,0,13,69,1,17
2,1,5.0,97,0,21,1,3,103,4,24
2,1,5.0,97,0,14,0,0,96,3,24
2,1,15.0,2,4,23,0,7,78,3,1
2,1,15.0,2,4,19,0,15,31,0,1
2,1,25.0,248,3,14,0,15,39,1,13
2,1,25.0,248,3,2,0,11,18,2,13
2,8,5.0,87,4,0,0,1,59,1,24
2,8,5.0,87,4,0,2,6,7,3,24
2,8,5.0,87,4,15,0,3,44,4,24
2,8,5.0,87,4,13,0,6,7,1,24
2,8,5.0,87,4,2,0,6,7,1,24
2,8,15.0,73,3,14,0,16,130,1,1
2,1,14.0,1,2,6,0,5,12,3,5
2,1,14.0,1,2,22,0,7,137,4,5
2,1,14.0,1,2,9,2,14,34,3,5
2,1,14.0,1,2,9,3,8,41,3,5
2,1,15.0,2,4,4,0,9,49,3,1
2,1,25.0,248,3,5,2,16,37,2,13
2,1,25.0,248,3,13,0,8,41,0,13
2,9,11.0,52,3,3,0,6,14,4,9
2,9,11.0,52,3,4,1,7,111,0,9
2,9,10.0,156,6,22,1,13,29,4,4
0,0,18.0,0,0,17,1,13,48,1,0
2,9,25.0,344,3,13,0,9,9,2,13
2,5,11.0,327,6,8,0,8,9,4,9
2,7,28.0,268,4,8,1,4,138,4,18
2,5,27.0,259,0,8,1,12,56,1,15
2,6,10.0,355,0,2,1,12,84,0,4
2,11,1.0,222,0,17,0,15,51,1,7
2,9,11.0,52,3,18,0,10,23,1,9
0,4,1.0,144,3,11,3,15,39,0,7
2,9,1.0,126,4,22,0,9,63,2,7
2,1,4.0,219,3,17,0,13,38,2,30
2,1,1.0,171,4,13,0,13,38,2,7
0,6,1.0,158,4,17,1,12,80,1,7
2,8,1.0,77,3,7,0,14,24,1,7
2,4,5.0,176,6,7,0,10,43,1,24
2,1,25.0,248,3,9,2,13,99,2,13
2,8,5.0,87,4,17,0,0,53,3,24
2,8,5.0,87,4,17,0,6,89,1,24
2,8,5.0,87,4,16,2,10,47,3,24
2,8,5.0,87,4,5,0,13,36,1,24
2,8,5.0,87,4,1,0,15,85,1,24
2,8,5.0,87,4,18,0,13,48,3,24
2,1,25.0,248,3,5,1,9,27,0,13
2,8,6.0,70,5,13,0,2,123,3,23
2,8,15.0,73,3,15,0,6,91,2,1
2,8,15.0,73,3,13,0,13,38,1,1
2,8,15.0,73,3,2,0,5,6,0,1
2,11,20.0,340,6,20,0,4,82,1,29
2,7,31.0,180,3,5,0,0,64,2,20
2,7,24.0,41,3,1,1,11,133,2,14
2,3,5.0,303,5,3,0,14,25,1,24
2,3,5.0,303,5,1,2,3,76,3,24
2,3,5.0,303,5,17,3,13,29,0,24
2,2,6.0,153,2,17,0,3,79,1,23
2,2,6.0,153,2,6,0,13,48,0,23
2,2,6.0,153,2,23,3,12,56,0,23
2,2,6.0,153,2,8,2,10,22,0,23
2,2,7.0,258,4,0,0,13,21,4,11
2,2,14.0,130,4,2,0,8,14,3,5
2,6,21.0,185,5,17,0,14,24,2,21
2,10,5.0,242,5,15,1,9,87,4,24
2,2,14.0,130,4,8,0,5,12,0,5
2,2,14.0,130,4,4,1,2,69,0,5
2,2,15.0,220,5,13,1,16,65,4,1
2,4,15.0,25,1,17,3,14,24,1,1
2,2,15.0,220,5,8,1,9,10,4,1
2,2,17.0,7,3,15,1,4,66,4,6
2,2,17.0,7,3,10,0,8,27,1,6
2,2,17.0,7,3,13,1,13,99,4,6
2,2,17.0,7,3,23,1,1,81,0,6
2,2,17.0,7,3,4,1,13,21,4,6
2,2,23.0,22,6,11,0,5,6,1,17
2,2,23.0,22,6,3,0,12,80,1,17
2,2,23.0,22,6,15,0,14,97,4,17
2,2,23.0,22,6,8,0,12,104,2,17
2,0,6.0,15,5,15,1,8,9,4,23
2,3,6.0,289,6,18,1,15,51,0,23
2,3,6.0,289,6,4,0,0,77,1,23
2,3,7.0,148,3,18,1,6,89,1,11
2,3,13.0,33,6,17,0,15,39,1,25
2,1,5.0,97,0,18,1,12,17,4,24
2,3,13.0,33,6,8,0,10,22,3,25
2,3,13.0,33,6,2,0,15,108,1,25
2,3,13.0,33,6,19,0,1,11,3,25
2,5,7.0,199,1,17,0,10,23,0,11
2,5,7.0,199,1,7,0,8,41,3,11
2,5,14.0,200,1,17,0,15,51,1,5
2,8,6.0,70,5,1,0,3,115,0,23
2,8,5.0,87,4,17,0,12,84,1,24
2,8,5.0,87,4,15,1,0,64,4,24
2,8,15.0,73,3,19,0,8,33,4,1
2,8,15.0,73,3,9,2,9,10,3,1
2,8,15.0,73,3,12,0,9,102,4,1
2,8,16.0,74,0,20,0,16,72,3,2
2,8,16.0,74,0,15,0,16,72,3,2
2,8,17.0,75,1,6,2,10,22,3,6
2,8,17.0,75,1,17,0,12,17,1,6
2,8,16.0,74,0,14,0,8,9,1,2
2,0,6.0,15,5,22,0,2,86,1,23
2,0,6.0,15,5,3,1,6,7,4,23
2,0,6.0,15,5,4,0,10,47,2,23
2,0,6.0,15,5,19,0,11,18,1,23
2,0,6.0,15,5,18,1,7,137,0,23
2,0,8.0,48,3,6,2,12,80,3,8
2,0,8.0,48,3,12,0,1,81,4,8
2,0,8.0,48,3,2,1,9,83,4,8
2,0,16.0,12,0,17,0,12,56,0,2
2,0,16.0,12,0,2,0,16,42,1,2
2,0,16.0,12,0,12,2,3,103,0,2
2,0,16.0,12,0,14,1,1,81,4,2
2,0,16.0,12,0,9,1,15,46,1,2
2,0,23.0,55,0,16,0,14,25,1,17
2,0,23.0,55,0,21,3,10,47,0,17
2,0,23.0,55,0,11,0,14,131,1,17
2,0,23.0,55,0,8,0,9,49,2,17
2,0,23.0,55,0,9,0,2,86,4,17
2,0,23.0,55,0,18,0,7,120,1,17
2,0,23.0,55,0,18,2,3,30,3,17
2,1,4.0,219,3,18,2,10,22,3,30
2,2,13.0,231,2,1,1,10,12,1,25
2,1,12.0,207,0,12,1,9,49,1,28
2,6,29.0,145,6,8,1,0,85,4,16
2,5,11.0,327,6,16,0,5,12,2,9
2,8,17.0,75,1,2,0,5,6,1,6
2,8,17.0,75,1,19,0,2,13,1,6
2,4,8.0,18,1,22,0,12,17,1,8
2,4,8.0,18,1,2,1,3,30,4,8
2,4,8.0,18,1,4,0,2,92,1,8
2,4,8.0,18,1,19,0,10,22,1,8
2,4,9.0,79,2,21,0,3,30,3,12
2,4,9.0,79,2,11,0,13,123,4,12
2,4,25.0,80,5,16,1,4,75,0,13
2,4,25.0,80,5,21,1,16,72,0,13
2,6,14.0,49,5,14,1,14,110,4,5
2,6,23.0,31,3,2,0,3,30,3,17
2,11,23.0,232,1,14,2,10,23,3,17
2,7,3.0,186,3,22,0,13,99,2,27
0,0,18.0,0,0,13,3,1,1,1,0
2,2,15.0,220,5,4,0,10,30,3,1
2,2,15.0,220,5,18,0,4,45,1,1
2,2,17.0,7,3,16,1,14,106,4,6
2,2,17.0,7,3,12,0,9,95,2,6
2,2,17.0,7,3,14,0,2,2,1,6
2,2,17.0,7,3,22,3,2,35,4,6
2,2,23.0,22,6,18,0,10,22,1,17
2,2,23.0,22,6,9,0,14,106,1,17
2,2,25.0,3,0,3,0,9,54,1,13
2,2,23.0,22,6,2,0,5,6,2,17
2,6,13.0,173,4,3,0,1,11,2,25
2,6,13.0,173,4,20,3,8,41,1,25
2,6,21.0,185,5,10,1,14,32,4,21
2,5,23.0,58,4,19,3,6,7,3,17
0,9,1.0,126,2,17,1,14,131,1,7
2,1,24.0,65,6,9,3,16,108,3,14
2,8,14.0,72,6,17,0,3,30,1,5
2,10,7.0,213,3,12,0,1,11,4,11
2,10,7.0,213,3,12,0,9,102,3,11
2,10,7.0,213,3,12,0,11,117,3,11
2,10,7.0,213,3,1,0,2,86,1,11
2,10,14.0,60,3,6,1,0,26,0,5
2,11,29.0,270,0,15,0,15,112,4,16
2,11,29.0,270,0,2,0,1,11,1,16
2,11,29.0,270,0,19,1,14,126,4,16
2,11,29.0,270,0,4,0,16,37,3,16
2,11,31.0,227,2,16,0,0,26,0,20
2,11,31.0,227,2,8,2,13,29,2,20
2,6,6.0,169,4,11,1,12,100,4,23
2,6,8.0,236,6,11,0,1,11,1,8
2,6,8.0,236,6,5,0,14,24,3,8
2,6,8.0,236,6,12,0,8,27,1,8
2,6,8.0,236,6,4,2,1,11,3,8
2,6,8.0,236,6,4,0,0,0,3,8
2,10,21.0,314,3,11,3,4,138,0,21
2,2,1.0,143,5,20,0,16,37,4,7
2,2,24.0,233,3,19,1,0,0,4,14
2,6,14.0,49,5,15,1,8,33,4,5
2,6,14.0,49,5,3,0,14,34,4,5
2,6,22.0,84,6,6,0,16,37,1,26
2,6,22.0,84,6,5,0,12,84,3,26
2,6,23.0,31,3,6,2,14,106,3,17
2,10,14.0,60,3,18,0,4,75,1,5
2,10,14.0,60,3,12,0,13,99,4,5
2,10,14.0,60,3,12,0,11,55,2,5
2,1,7.0,62,2,17,1,11,15,1,11
2,1,13.0,183,1,16,0,1,81,3,25
2,1,13.0,183,1,0,2,15,51,3,25
2,1,13.0,183,1,8,0,11,15,3,25
2,1,16.0,63,5,18,0,2,92,1,2
2,1,23.0,64,5,0,1,4,45,0,17
2,1,23.0,64,5,8,1,10,23,1,17
2,1,24.0,65,6,3,0,13,99,1,14
2,1,24.0,65,6,18,0,6,7,0,14
2,8,7.0,76,6,15,2,6,14,0,11
2,8,7.0,76,6,8,0,2,69,1,11
2,8,14.0,72,6,0,0,0,85,3,5
2,7,13.0,125,2,12,0,1,1,1,25
2,6,21.0,185,5,15,0,3,30,2,21
2,6,21.0,185,5,23,0,14,25,1,21
2,8,14.0,72,6,5,0,3,44,3,5
2,8,14.0,72,6,13,2,10,6,3,5
2,4,14.0,132,0,19,0,15,31,4,5
2,4,17.0,26,4,0,1,16,74,4,6
2,6,22.0,84,6,14,1,16,72,1,26
2,6,24.0,39,0,6,3,13,69,3,14
2,6,24.0,39,0,15,0,8,19,4,14
2,10,6.0,243,6,6,0,10,23,1,23
2,10,6.0,243,6,12,0,2,71,4,23
2,10,6.0,243,6,23,1,14,107,4,23
2,10,16.0,256,1,16,2,0,12,3,2
2,10,16.0,256,1,2,0,8,9,2,2
2,10,23.0,261,1,19,0,6,89,3,17
2,1,5.0,97,0,17,0,8,118,1,24
2,5,14.0,200,1,4,0,3,103,0,5
2,5,14.0,200,1,2,0,15,114,0,5
2,5,21.0,163,1,4,0,2,86,3,21
2,5,21.0,163,1,12,0,2,92,3,21
2,5,29.0,294,2,8,1,13,13,1,16
2,5,29.0,294,2,1,0,14,34,1,16
2,5,30.0,196,4,17,0,3,30,1,19
2,5,21.0,163,1,2,0,8,118,2,21
2,5,30.0,196,4,3,0,9,54,0,19
2,5,30.0,196,4,20,1,12,104,4,19
2,5,30.0,196,4,9,0,4,4,1,19
2,6,4.0,342,1,16,0,0,0,1,30
2,0,26.0,23,4,12,0,15,31,4,3
2,0,24.0,281,1,0,0,5,6,4,14
2,0,26.0,23,4,4,2,13,29,0,3
3,11,5.0,240,3,17,0,12,61,1,24
2,1,14.0,1,2,9,0,10,12,3,5
2,1,14.0,1,2,1,2,7,57,0,5
2,1,14.0,1,2,9,0,4,79,0,5
2,1,15.0,2,4,8,1,10,22,4,1
2,1,25.0,248,3,16,0,1,11,4,13
2,1,25.0,248,3,21,2,10,47,3,13
2,1,25.0,248,3,3,0,0,77,0,13
2,1,25.0,248,3,8,0,11,18,1,13
2,1,25.0,248,3,8,0,4,82,0,13
2,8,5.0,87,4,20,0,9,9,1,24
2,8,5.0,87,4,6,2,13,123,3,24
2,8,5.0,87,4,4,0,6,89,4,24
2,8,6.0,70,5,19,0,6,128,3,23
2,8,6.0,70,5,2,2,10,47,0,23
2,8,15.0,73,3,5,1,1,11,0,1
2,8,15.0,73,3,9,1,13,21,0,1
2,8,16.0,74,0,12,0,6,89,3,2
2,8,17.0,75,1,17,1,14,32,4,6
2,8,17.0,75,1,22,0,15,119,3,6
2,8,17.0,75,1,1,0,15,114,1,6
3,11,5.0,240,3,6,0,3,103,4,24
3,11,15.0,331,2,16,0,13,38,4,1
3,11,15.0,331,2,0,0,9,102,3,1
3,11,15.0,331,2,9,0,7,20,4,1
3,11,22.0,250,2,16,0,5,12,3,26
3,11,22.0,250,2,21,1,5,12,0,26
3,11,22.0,250,2,8,1,11,18,1,26
3,11,22.0,250,2,19,2,9,95,3,26
3,9,1.0,126,6,16,0,14,107,1,7
2,10,14.0,60,3,22,0,1,16,2,5
2,10,14.0,60,3,9,0,0,12,0,5
2,10,15.0,201,0,4,1,7,111,1,1
2,1,7.0,62,2,17,2,8,9,3,11
2,1,7.0,62,2,6,0,10,47,0,11
2,1,7.0,62,2,3,2,15,96,3,11
2,1,7.0,62,2,21,0,4,121,3,11
2,1,7.0,62,2,19,0,8,27,1,11
2,1,8.0,50,4,4,2,6,89,3,8
2,1,7.0,62,2,12,1,3,103,0,11
2,1,13.0,183,1,16,0,5,64,3,25
2,4,8.0,18,1,0,0,8,41,4,8
2,4,8.0,18,1,11,0,2,40,3,8
2,4,8.0,18,1,17,0,14,88,3,8
2,4,8.0,18,1,3,0,11,15,1,8
2,7,24.0,41,3,17,1,0,68,0,14
2,7,24.0,41,3,19,0,12,84,1,14
2,7,24.0,41,3,19,0,1,16,4,14
2,7,24.0,41,3,9,0,7,62,3,14
2,7,24.0,41,3,11,1,4,138,4,14
2,7,29.0,42,5,21,1,9,27,0,16
2,7,31.0,180,3,11,0,9,63,1,20
2,7,31.0,180,3,9,0,13,28,1,20
2,3,5.0,303,5,9,0,6,14,4,24
2,3,6.0,289,6,5,0,1,35,4,23
2,3,6.0,289,6,2,0,15,39,4,23
2,3,6.0,289,6,18,0,2,2,0,23
2,3,7.0,148,3,18,0,8,27,4,11
2,3,12.0,210,5,2,0,10,52,1,28
2,3,12.0,210,5,2,0,8,9,2,28
2,3,13.0,33,6,12,2,9,10,3,25
2,9,21.0,362,2,14,1,0,26,0,21
2,3,4.0,324,4,9,3,2,13,3,30
2,3,4.0,324,4,0,0,1,35,1,30
2,1,13.0,183,1,19,0,14,106,4,25
2,1,13.0,183,1,1,2,4,82,3,25
2,1,13.0,183,1,1,1,14,25,2,25
2,1,13.0,183,1,9,0,8,9,4,25
2,1,16.0,63,5,17,3,3,44,4,2
2,1,16.0,63,5,19,0,3,30,3,2
2,1,16.0,63,5,8,0,0,64,3,2
2,1,23.0,64,5,15,0,0,68,3,17
2,1,23.0,64,5,22,0,5,64,2,17
2,0,6.0,15,5,17,1,14,25,4,23
2,0,6.0,15,5,15,1,7,78,4,23
2,0,6.0,15,5,13,2,12,61,3,23
2,0,8.0,48,3,3,0,13,69,2,8
2,2,23.0,22,6,2,0,5,64,0,17
2,0,16.0,12,0,4,0,15,51,1,2
2,0,23.0,55,0,21,0,7,57,1,17
2,0,23.0,55,0,18,0,6,91,4,17
2,0,8.0,48,3,20,2,1,59,3,8
2,0,8.0,48,3,11,0,13,38,3,8
2,0,8.0,48,3,9,0,4,5,3,8
2,1,13.0,183,1,6,0,5,12,1,25
2,1,13.0,183,1,8,0,2,2,3,25
2,1,13.0,183,1,1,2,5,12,3,25
2,1,13.0,183,1,9,0,8,41,1,25
2,1,16.0,63,5,17,0,5,12,3,2
2,1,16.0,63,5,20,0,5,6,0,2
2,1,16.0,63,5,17,1,9,87,4,2
2,1,16.0,63,5,4,0,6,128,1,2
2,8,17.0,75,1,0,1,9,57,0,6
2,8,17.0,75,1,10,0,16,72,1,6
2,10,6.0,243,6,21,1,9,63,0,23
2,10,6.0,243,6,12,0,16,72,4,23
2,2,16.0,6,6,3,2,13,69,2,2
2,10,16.0,256,1,16,0,14,25,3,2
2,10,16.0,256,1,10,0,16,50,1,2
2,10,16.0,256,1,11,2,9,93,0,2
2,10,21.0,314,3,17,1,10,22,2,21
2,10,21.0,314,3,16,1,2,40,0,21
2,10,21.0,314,3,17,1,10,22,0,21
2,10,21.0,314,3,21,0,1,1,4,21
2,10,21.0,314,3,8,1,1,105,4,21
2,10,23.0,261,1,0,0,0,12,3,17
2,10,23.0,261,1,6,0,7,62,3,17
2,1,5.0,97,0,0,1,3,30,0,24
2,1,14.0,1,2,7,0,0,12,3,5
2,1,14.0,1,2,18,0,8,41,1,5
2,1,15.0,2,4,6,0,1,67,3,1
2,1,15.0,2,4,9,0,5,6,0,1
2,1,25.0,248,3,14,0,0,0,3,13
2,1,25.0,248,3,18,0,2,69,4,13
2,1,25.0,248,3,12,0,11,18,3,13
2,8,6.0,70,5,22,0,14,106,1,23
2,6,24.0,39,0,18,0,7,122,3,14
2,10,6.0,243,6,6,0,7,62,2,23
2,10,6.0,243,6,23,3,14,24,0,23
2,10,6.0,243,6,3,1,16,50,1,23
2,10,16.0,256,1,0,2,1,105,2,2
2,10,16.0,256,1,3,0,10,47,3,2
2,10,21.0,314,3,13,0,8,33,1,21
2,10,21.0,314,3,13,0,10,43,3,21
2,1,23.0,64,5,6,0,9,101,4,17
2,1,23.0,64,5,5,1,14,32,4,17
2,1,23.0,64,5,15,0,15,31,3,17
2,8,7.0,76,6,14,2,1,11,3,11
2,8,7.0,76,6,9,1,4,79,0,11
2,8,14.0,72,6,2,0,5,6,2,5
2,8,14.0,72,6,12,0,5,6,0,5
2,8,14.0,72,6,19,0,5,6,1,5
2,6,13.0,173,4,16,0,14,25,4,25
2,4,14.0,132,0,9,0,0,12,0,5
2,4,15.0,25,1,0,0,9,63,1,1
2,4,15.0,25,1,17,3,6,7,3,1
2,4,14.0,132,0,14,3,9,57,3,5
2,4,15.0,25,1,18,0,0,77,0,1
2,4,15.0,25,1,14,1,13,29,1,1
2,4,14.0,132,0,2,0,2,86,3,5
2,4,17.0,26,4,4,0,10,47,3,6
2,4,15.0,25,1,20,1,12,61,0,1
2,4,15.0,25,1,14,2,7,62,3,1
2,10,21.0,314,3,4,0,4,75,2,21
2,10,23.0,261,1,17,0,0,77,2,17
2,10,23.0,261,1,16,0,13,38,3,17
2,10,23.0,261,1,19,0,13,38,3,17
2,1,5.0,97,0,18,0,6,89,3,24
2,2,1.0,143,5,1,0,8,118,1,7
2,1,14.0,1,2,6,0,0,12,0,5
2,7,23.0,68,6,20,0,10,52,1,17
2,7,23.0,68,6,2,2,2,2,1,17
2,7,23.0,68,6,1,0,7,137,1,17
2,7,23.0,68,6,13,1,1,16,4,17
2,7,23.0,68,6,18,0,6,128,3,17
2,7,20.0,81,2,13,0,13,38,2,29
2,7,24.0,41,3,18,2,0,64,3,14
2,7,29.0,42,5,15,0,10,47,2,16
2,2,17.0,7,3,20,1,13,48,4,6
2,2,23.0,22,6,0,0,10,47,0,17
2,2,14.0,130,4,13,0,6,89,2,5
2,2,23.0,22,6,15,1,1,35,4,17
2,9,12.0,177,0,2,1,2,60,4,28
2,9,12.0,177,0,13,1,3,115,4,28
2,9,20.0,119,1,10,0,11,18,1,29
2,9,20.0,119,1,13,0,0,77,1,29
2,9,20.0,119,1,4,0,7,120,2,29
2,9,28.0,315,2,17,2,10,23,3,18
2,9,28.0,315,2,22,0,9,95,1,18
2,9,29.0,98,4,11,2,5,12,3,16
2,9,29.0,98,4,3,0,7,120,0,16
2,7,5.0,93,1,20,0,0,77,1,24
2,7,5.0,93,1,7,1,0,68,0,24
2,7,5.0,93,1,2,0,0,68,3,24
2,7,20.0,81,2,6,0,15,46,1,29
2,7,20.0,81,2,17,0,5,6,0,29
2,7,20.0,81,2,2,0,13,48,2,29
2,7,21.0,211,4,17,0,0,12,1,21
2,7,21.0,211,4,17,0,3,30,0,21
2,7,23.0,68,6,17,0,8,9,2,17
2,6,8.0,236,6,17,1,15,96,4,8
2,7,23.0,68,6,21,0,7,62,4,17
2,8,26.0,78,4,18,1,3,44,2,3
2,9,2.0,323,5,20,1,13,28,4,22
2,9,10.0,156,6,22,3,11,133,3,4
2,7,1.0,160,5,5,1,16,65,4,7
2,7,3.0,186,3,11,0,12,56,0,27
2,9,1.0,126,4,2,0,14,32,1,7
2,9,1.0,126,4,8,1,0,68,4,7
2,1,12.0,207,0,18,0,0,12,0,28
2,5,27.0,259,0,14,0,11,117,1,15
2,8,3.0,299,1,9,0,15,77,0,27
2,4,12.0,221,6,18,3,3,44,1,28
0,4,1.0,144,3,13,0,0,26,1,7
2,10,2.0,310,1,18,0,8,9,1,22
2,2,23.0,22,6,22,0,11,94,3,17
2,2,25.0,3,0,11,0,10,23,2,13
2,2,25.0,3,0,13,0,12,61,2,13
2,2,25.0,3,0,20,0,0,64,2,13
2,2,25.0,3,0,13,0,13,28,0,13
2,2,25.0,3,0,11,1,13,123,4,13
2,2,25.0,3,0,14,0,8,9,1,13
2,2,25.0,3,0,14,0,1,11,4,13
2,2,14.0,130,4,6,0,9,49,3,5
2,2,14.0,130,4,19,0,13,48,3,5
2,2,14.0,130,4,8,1,7,111,1,5
2,2,23.0,22,6,6,1,8,19,0,17
2,2,23.0,22,6,22,0,0,77,0,17
2,6,13.0,173,4,4,3,10,12,4,25
2,6,21.0,185,5,2,1,15,119,2,21
2,10,15.0,201,0,8,0,11,90,1,1
2,1,13.0,183,1,18,2,9,9,2,25
2,2,25.0,3,0,13,2,15,46,3,13
2,1,5.0,97,0,0,2,10,22,0,24
2,1,5.0,97,0,6,0,2,123,1,24
2,1,5.0,97,0,2,0,15,114,3,24
2,1,5.0,97,0,4,0,15,108,1,24
2,1,14.0,1,2,23,0,3,79,0,5
2,1,14.0,1,2,1,0,4,121,3,5
2,1,15.0,2,4,13,0,15,51,3,1
2,1,25.0,248,3,13,1,10,12,1,13
2,1,25.0,248,3,14,0,3,4,0,13
2,8,6.0,70,5,0,1,13,99,0,23
2,8,6.0,70,5,17,2,13,28,3,23
2,8,6.0,70,5,14,1,10,23,1,23
2,8,6.0,70,5,9,1,5,6,0,23
2,8,15.0,73,3,11,0,13,21,0,1
2,8,15.0,73,3,12,0,7,20,4,1
2,8,15.0,73,3,22,3,12,61,1,1
2,8,16.0,74,0,2,0,6,106,2,2
2,8,17.0,75,1,0,0,10,47,0,6
2,8,17.0,75,1,20,2,13,99,3,6
2,2,25.0,3,0,8,0,6,128,4,13
2,0,6.0,15,5,17,0,6,7,3,23
2,0,6.0,15,5,3,0,1,105,4,23
2,0,6.0,15,5,1,0,16,37,1,23
2,0,6.0,15,5,2,1,1,105,4,23
2,8,15.0,73,3,18,1,4,66,0,1
2,8,16.0,74,0,13,0,5,47,3,2
2,8,17.0,75,1,17,0,5,12,3,6
2,8,17.0,75,1,0,1,13,13,0,6
2,2,24.0,233,3,9,3,5,6,1,14
2,8,17.0,75,1,3,0,1,59,3,6
2,5,14.0,200,1,22,0,15,39,0,5
2,5,21.0,163,1,17,2,2,40,3,21
2,2,25.0,3,0,10,0,9,57,1,13
2,2,25.0,3,0,14,2,2,69,0,13
2,2,25.0,3,0,2,0,7,122,2,13
2,2,25.0,3,0,15,1,14,25,1,13
2,0,8.0,48,3,18,0,12,80,0,8
2,0,16.0,12,0,9,2,11,15,1,2
2,0,23.0,55,0,6,0,8,9,1,17
2,0,23.0,55,0,11,0,15,114,1,17
2,0,23.0,55,0,19,0,5,6,0,17
2,0,23.0,55,0,23,1,14,97,4,17
2,0,23.0,55,0,2,2,16,37,3,17
2,0,24.0,281,1,15,1,8,19,2,14
2,0,24.0,281,1,22,0,9,27,3,14
2,0,24.0,281,1,19,0,8,27,1,14
2,0,25.0,14,2,4,0,10,22,3,13
2,0,25.0,14,2,1,1,12,100,4,13
2,0,25.0,14,2,14,1,9,57,0,13
2,0,26.0,23,4,6,0,14,25,1,3
3,11,5.0,240,3,13,0,9,63,4,24
3,11,15.0,331,2,4,0,9,87,0,1
2,5,21.0,163,1,0,0,16,50,1,21
2,5,21.0,163,1,3,0,13,38,3,21
2,5,21.0,163,1,19,0,4,66,0,21
2,5,29.0,294,2,6,0,10,22,3,16
2,5,29.0,294,2,16,0,0,12,0,16
2,5,29.0,294,2,10,0,0,64,1,16
2,5,29.0,294,2,18,0,16,42,1,16
2,5,30.0,196,4,20,0,6,7,2,19
2,5,29.0,294,2,9,3,1,11,4,16
2,6,4.0,342,1,6,2,3,30,3,30
2,6,4.0,342,1,6,0,2,71,4,30
2,6,4.0,342,1,13,0,8,33,0,30
2,6,4.0,342,1,17,1,0,31,1,30
2,6,6.0,169,4,11,0,6,89,3,23
2,6,6.0,169,4,3,0,10,47,0,23
2,6,6.0,169,4,5,0,3,30,2,23
2,6,8.0,236,6,3,2,10,52,0,8
2,6,14.0,49,5,4,0,5,12,3,5
2,6,22.0,84,6,0,2,10,47,0,26
2,6,22.0,84,6,20,0,14,25,3,26
2,6,22.0,84,6,8,0,3,44,1,26
2,6,23.0,31,3,10,1,0,77,1,17
2,6,23.0,31,3,15,0,4,5,1,17
2,6,23.0,31,3,8,2,13,28,2,17
2,6,23.0,31,3,12,0,9,54,3,17
2,6,24.0,39,0,10,0,16,50,1,14
2,6,23.0,31,3,5,1,0,0,1,17
2,10,6.0,243,6,22,1,10,23,1,23
2,10,16.0,256,1,6,0,2,2,1,2
2,10,16.0,256,1,1,1,13,21,4,2
2,10,21.0,314,3,19,2,11,94,3,21
2,1,5.0,97,0,14,1,5,6,0,24
2,1,5.0,97,0,18,0,13,28,3,24
2,2,16.0,6,6,18,2,16,50,1,2
2,2,16.0,6,6,12,0,5,6,3,2
2,2,16.0,6,6,2,1,11,122,0,2
2,2,24.0,233,3,13,0,13,99,2,14
2,1,14.0,1,2,6,0,0,12,1,5
2,1,14.0,1,2,2,0,6,128,3,5
3,11,22.0,250,2,20,0,12,135,4,26
3,11,22.0,250,2,11,0,14,25,0,26
3,11,22.0,250,2,8,1,9,95,4,26
3,11,22.0,250,2,19,0,2,86,1,26
3,11,22.0,250,2,4,0,12,83,2,26
2,0,25.0,14,2,16,0,2,86,1,13
2,0,25.0,14,2,16,2,10,47,3,13
2,0,24.0,281,1,14,2,0,26,1,14
2,0,25.0,14,2,3,0,8,41,4,13
2,0,23.0,55,0,3,0,5,12,3,17
2,0,25.0,14,2,8,0,13,38,2,13
2,0,26.0,23,4,17,1,10,52,1,3
2,0,26.0,23,4,17,2,3,115,3,3
2,1,23.0,64,5,19,2,0,12,0,17
2,1,23.0,64,5,1,0,4,82,3,17
2,1,24.0,65,6,17,0,2,2,1,14
2,1,24.0,65,6,21,0,3,115,3,14
2,1,24.0,65,6,11,0,7,20,1,14
2,1,24.0,65,6,15,0,9,57,0,14
2,1,24.0,65,6,19,0,10,47,3,14
2,8,7.0,76,6,16,0,16,37,3,11
2,8,7.0,76,6,11,0,2,2,4,11
2,8,7.0,76,6,13,2,0,77,0,11
2,8,7.0,76,6,14,0,6,89,1,11
2,5,6.0,349,0,10,1,0,12,0,23
2,3,4.0,324,4,11,0,13,48,2,30
2,8,14.0,72,6,10,1,10,47,0,5
2,8,14.0,72,6,11,1,7,8,4,5
2,8,14.0,72,6,1,2,2,69,3,5
2,4,14.0,132,0,13,1,1,16,4,5
2,4,14.0,132,0,2,0,5,6,2,5
2,6,4.0,342,1,7,0,5,12,3,30
2,6,4.0,342,1,9,0,14,106,3,30
2,6,6.0,169,4,13,1,2,71,4,23
2,6,6.0,169,4,11,2,4,45,2,23
2,6,6.0,169,4,2,0,1,11,4,23
2,6,6.0,169,4,6,3,8,19,4,23
2,6,22.0,84,6,2,0,15,39,0,26
2,6,23.0,31,3,5,1,13,21,4,17
2,6,24.0,39,0,10,0,1,35,4,14
2,6,24.0,39,0,22,2,14,106,4,14
2,5,30.0,196,4,19,0,10,22,0,19
2,6,4.0,342,1,8,2,16,37,0,30
2,6,4.0,342,1,8,0,1,105,3,30
2,6,4.0,342,1,9,2,6,89,3,30
2,6,6.0,169,4,17,0,9,49,1,23
2,6,6.0,169,4,15,0,1,59,2,23
2,6,6.0,169,4,1,1,1,1,0,23
2,6,8.0,236,6,6,0,4,75,1,8
2,4,14.0,132,0,14,0,5,12,3,5
2,4,14.0,132,0,9,0,0,53,3,5
2,4,14.0,132,0,15,0,1,11,3,5
2,4,15.0,25,1,0,0,10,22,3,1
2,4,15.0,25,1,16,0,2,40,0,1
2,4,15.0,25,1,6,1,12,121,0,1
2,4,15.0,25,1,16,1,16,72,0,1
2,4,15.0,25,1,15,0,15,51,0,1
2,4,14.0,132,0,12,1,2,123,4,5
2,4,15.0,25,1,11,1,1,11,4,1
2,4,17.0,26,4,13,3,10,23,3,6
2,4,17.0,26,4,13,0,12,56,3,6
2,4,15.0,25,1,6,2,13,13,3,1
2,4,17.0,26,4,2,2,11,90,0,6
2,10,7.0,213,3,14,1,1,59,1,11
2,10,15.0,201,0,14,2,2,92,3,1
2,10,15.0,201,0,19,1,6,7,4,1
2,4,17.0,26,4,9,1,1,35,0,6
2,2,6.0,153,2,6,0,0,12,3,23
2,2,6.0,153,2,21,0,13,21,3,23
2,2,6.0,153,2,0,1,9,109,0,23
2,2,6.0,153,2,23,1,10,12,1,23
2,2,6.0,153,2,14,2,0,77,1,23
2,5,29.0,294,2,15,0,4,5,2,16
2,3,6.0,289,6,13,3,9,54,1,23
2,6,14.0,49,5,17,0,5,6,1,5
2,6,14.0,49,5,12,0,15,39,0,5
2,6,22.0,84,6,0,0,0,12,1,26
2,6,22.0,84,6,4,0,2,3,4,26
2,6,22.0,84,6,12,0,0,31,3,26
2,6,23.0,31,3,8,0,2,86,3,17
2,6,23.0,31,3,18,0,0,64,1,17
2,6,24.0,39,0,7,1,10,47,0,14
2,6,24.0,39,0,20,0,6,7,4,14
2,6,24.0,39,0,4,0,1,11,4,14
2,6,24.0,39,0,9,0,5,6,3,14
2,6,24.0,39,0,12,0,7,57,2,14
2,6,23.0,31,3,15,0,1,59,0,17
2,10,6.0,243,6,6,0,2,92,0,23
2,10,6.0,243,6,6,0,10,22,3,23
2,5,7.0,199,1,9,0,15,46,3,11
2,5,13.0,36,0,19,0,13,38,0,25
2,5,7.0,199,1,21,1,0,77,1,11
2,5,21.0,163,1,1,0,15,31,1,21
2,5,29.0,294,2,6,0,6,7,3,16
2,5,29.0,294,2,11,0,10,47,3,16
2,2,7.0,258,4,19,0,8,9,1,11
2,2,7.0,258,4,12,2,6,89,1,11
2,2,7.0,258,4,1,0,1,11,4,11
2,2,14.0,130,4,16,3,5,64,3,5
2,10,5.0,242,5,16,0,5,6,3,24
2,10,5.0,242,5,5,0,0,77,0,24
2,10,7.0,213,3,21,1,8,118,2,11
2,10,7.0,213,3,19,0,14,24,2,11
2,10,14.0,60,3,20,2,10,22,3,5
2,10,14.0,60,3,14,0,9,49,2,5
2,10,15.0,201,0,6,0,8,27,1,1
2,10,14.0,60,3,18,0,3,44,4,5
2,10,14.0,60,3,18,0,13,69,1,5
2,10,15.0,201,0,5,0,13,29,2,1
2,10,15.0,201,0,11,0,13,28,3,1
2,10,14.0,60,3,22,1,4,127,4,5
2,10,15.0,201,0,3,0,8,33,2,1
2,10,15.0,201,0,8,0,2,86,4,1
2,10,15.0,201,0,1,0,7,62,3,1
2,10,15.0,201,0,4,2,16,130,3,1
2,5,29.0,294,2,16,2,5,6,3,16
2,5,29.0,294,2,4,0,14,25,1,16
2,5,29.0,294,2,18,0,5,6,0,16
2,5,30.0,196,4,6,1,2,86,0,19
2,5,30.0,196,4,11,0,13,28,1,19
2,5,29.0,294,2,3,0,16,72,3,16
2,5,30.0,196,4,18,0,8,65,2,19
1,11,1.0,222,6,23,0,7,8,1,7
2,6,4.0,342,1,1,2,9,49,3,30
2,6,4.0,342,1,18,0,5,6,0,30
2,6,6.0,169,4,20,0,9,93,3,23
2,6,6.0,169,4,15,0,13,99,3,23
2,6,8.0,236,6,13,0,0,85,3,8
2,6,8.0,236,6,9,0,16,50,1,8
2,8,5.0,87,4,12,3,13,21,1,24
2,2,16.0,6,6,9,1,11,98,0,2
2,9,5.0,89,0,18,0,13,29,2,24
2,9,12.0,177,0,17,0,12,104,4,28
2,9,12.0,177,0,0,0,2,86,1,28
2,9,12.0,177,0,14,0,15,119,0,28
2,11,1.0,222,0,17,1,5,12,0,7
2,11,1.0,222,0,0,0,0,12,3,7
2,11,18.0,332,4,2,1,0,26,1,0
0,1,1.0,203,1,17,0,10,22,1,7
2,9,11.0,52,3,19,1,3,79,1,9
2,10,2.0,310,1,2,3,13,99,3,22
2,7,10.0,197,3,19,3,10,12,1,4
2,11,1.0,222,0,17,0,13,28,2,7
2,2,5.0,251,1,6,2,5,6,0,24
2,6,18.0,291,1,16,0,5,6,3,0
2,6,18.0,291,1,18,3,1,59,4,0
2,9,11.0,52,3,14,0,8,27,1,9
2,9,10.0,156,6,22,1,8,118,1,4
2,9,27.0,179,1,9,0,1,16,2,15
2,9,27.0,179,1,3,1,2,123,2,15
2,10,2.0,310,1,19,0,5,64,1,22
2,1,12.0,207,0,9,0,1,67,2,28
2,1,12.0,207,0,14,0,8,19,1,28
2,1,21.0,164,2,4,3,0,31,4,21
2,1,21.0,164,2,21,0,1,11,4,21
2,1,19.0,151,0,15,0,2,2,1,10
2,1,10.0,111,6,17,3,14,25,0,4
2,7,1.0,160,5,17,0,8,27,1,7
2,5,25.0,37,6,13,0,5,6,1,13
2,4,1.0,141,1,17,0,8,27,1,7
2,10,1.0,358,0,17,1,9,95,4,7
2,4,1.0,141,1,17,0,5,6,1,7
2,2,13.0,231,2,12,1,10,52,1,25
2,10,1.0,358,0,12,0,13,69,1,7
2,8,12.0,189,4,9,0,3,70,1,28
2,1,12.0,207,0,13,0,0,64,2,28
2,0,5.0,260,4,19,1,2,86,0,24
2,0,5.0,260,4,4,1,9,134,1,24
2,0,5.0,260,4,5,0,10,47,3,24
2,0,5.0,260,4,23,1,9,95,4,24
2,10,1.0,358,0,17,0,15,46,1,7
2,10,15.0,201,0,19,0,9,83,4,1
2,10,15.0,201,0,2,0,13,13,1,1
2,1,7.0,62,2,12,0,6,89,4,11
2,1,8.0,50,4,16,2,2,69,3,8
2,1,7.0,62,2,18,0,12,80,2,11
2,1,13.0,183,1,16,0,14,107,1,25
2,1,13.0,183,1,21,1,2,69,0,25
2,2,14.0,130,4,12,0,14,106,1,5
2,2,14.0,130,4,11,1,12,84,1,5
2,2,14.0,130,4,4,2,12,104,4,5
2,2,15.0,220,5,13,0,2,2,0,1
2,4,15.0,25,1,9,0,6,7,4,1
2,2,15.0,220,5,22,0,10,47,3,1
2,2,17.0,7,3,5,0,2,60,2,6
2,2,17.0,7,3,5,0,1,59,3,6
2,3,13.0,33,6,14,0,10,6,3,25
2,5,7.0,199,1,2,0,4,79,2,11
2,5,13.0,36,0,20,0,2,86,4,25
2,5,13.0,36,0,20,1,14,126,4,25
2,5,13.0,36,0,9,0,16,74,1,25
2,5,14.0,200,1,4,0,13,21,1,5
2,5,21.0,163,1,12,0,0,26,3,21
2,5,29.0,294,2,17,0,5,12,0,16
2,4,25.0,80,5,13,1,2,71,4,13
2,4,25.0,80,5,12,0,10,43,0,13
2,4,25.0,80,5,13,1,2,71,4,13
2,4,25.0,80,5,11,1,11,15,4,13
2,4,25.0,80,5,1,0,9,95,1,13
2,4,25.0,80,5,18,0,0,12,1,13
2,4,31.0,16,4,9,2,6,91,3,20
2,2,1.0,143,5,7,0,4,4,1,7
2,4,31.0,16,4,19,0,8,118,3,20
2,4,31.0,16,4,14,0,10,23,1,20
2,2,1.0,143,5,3,2,15,46,2,7
2,2,1.0,143,5,12,0,16,50,3,7
2,2,1.0,143,5,4,0,13,29,1,7
2,2,1.0,143,5,1,2,2,13,3,7
2,0,24.0,281,1,3,2,0,15,0,14
2,2,15.0,220,5,17,1,9,93,4,1
2,0,24.0,281,1,9,1,10,47,1,14
2,0,25.0,14,2,21,0,10,47,1,13
2,0,25.0,14,2,4,0,8,41,3,13
2,0,25.0,14,2,1,0,5,64,1,13
2,0,26.0,23,4,21,2,10,22,0,3
2,0,26.0,23,4,5,0,4,5,1,3
2,0,26.0,23,4,14,0,2,40,2,3
2,0,23.0,55,0,8,0,5,12,2,17
3,11,5.0,240,3,1,2,11,18,0,24
2,4,17.0,26,4,13,3,0,64,2,6
3,11,15.0,331,2,8,0,8,27,3,1
3,11,15.0,331,2,18,0,13,99,1,1
3,11,22.0,250,2,6,0,7,137,1,26
3,11,22.0,250,2,6,2,7,78,0,26
2,2,23.0,22,6,5,1,13,99,4,17
2,2,23.0,22,6,22,1,11,94,4,17
2,0,8.0,48,3,14,1,6,14,0,8
3,11,22.0,250,2,7,2,10,47,0,26
3,11,22.0,250,2,3,0,0,26,2,26
3,11,22.0,250,2,14,0,10,47,2,26
2,4,31.0,16,4,21,1,9,57,0,20
2,2,1.0,143,5,19,0,7,54,4,7
2,2,16.0,6,6,2,0,4,4,1,2
2,2,16.0,6,6,12,0,13,21,1,2
2,2,16.0,6,6,14,1,14,125,4,2
2,2,24.0,233,3,6,0,5,6,1,14
2,2,24.0,233,3,5,0,2,3,4,14
2,2,24.0,233,3,21,1,15,119,4,14
2,2,24.0,233,3,22,0,11,18,1,14
2,2,24.0,233,3,15,0,9,101,2,14
2,4,31.0,16,4,8,0,5,6,2,20
2,8,17.0,75,1,8,0,10,22,0,6
2,8,17.0,75,1,19,2,2,69,3,6
2,8,17.0,75,1,18,0,14,25,3,6
2,8,16.0,74,0,1,3,5,12,0,2
2,1,15.0,2,4,1,0,4,4,3,1
2,8,15.0,73,3,0,0,4,66,2,1
2,1,25.0,248,3,13,0,14,24,2,13
2,4,8.0,18,1,1,0,10,12,3,8
3,9,1.0,126,6,17,0,10,47,2,7
3,9,1.0,126,6,15,0,14,25,0,7
3,9,1.0,126,6,2,0,11,124,0,7
3,9,1.0,126,6,18,0,7,20,0,7
3,9,14.0,106,5,5,0,2,92,0,5
3,9,14.0,106,5,7,1,7,129,1,5
3,9,14.0,106,5,4,0,16,72,3,5
3,9,14.0,106,5,19,0,5,64,3,5
3,9,15.0,226,6,11,0,3,76,1,1
3,9,14.0,106,5,19,1,1,67,0,5
3,9,15.0,226,6,13,0,8,9,3,1
3,9,15.0,226,6,21,1,3,30,0,1
3,9,15.0,226,6,8,0,4,138,3,1
3,9,15.0,226,6,13,1,8,27,1,1
3,9,17.0,255,0,6,2,6,7,0,6
3,9,22.0,92,6,6,0,1,11,4,26
3,9,22.0,92,6,2,2,2,69,2,26
3,9,22.0,92,6,4,0,13,48,1,26
3,9,25.0,344,1,7,0,1,35,1,13
2,2,23.0,22,6,5,1,11,10,4,17
2,2,25.0,3,0,10,0,11,15,3,13
2,2,25.0,3,0,10,1,5,64,0,13
2,2,25.0,3,0,13,0,7,137,3,13
2,4,9.0,79,2,22,1,14,131,1,12
2,4,8.0,18,1,20,1,13,48,0,8
2,4,25.0,80,5,22,0,8,9,0,13
3,10,14.0,174,0,1,0,3,70,3,5
3,10,21.0,341,0,15,1,14,107,4,21
3,10,21.0,341,0,9,0,1,67,3,21
3,10,21.0,341,0,13,1,6,116,4,21
3,10,22.0,314,1,21,1,12,56,2,26
3,10,21.0,341,0,15,0,0,26,1,21
3,10,21.0,341,0,7,2,9,63,3,21
3,10,21.0,341,0,21,1,4,5,0,21
3,10,21.0,341,0,13,0,1,1,1,21
3,10,21.0,341,0,4,0,11,124,3,21
3,2,6.0,251,4,9,0,0,77,1,23
3,3,11.0,337,5,13,1,10,47,1,9
3,2,16.0,220,3,1,0,0,15,1,2
3,0,23.0,237,1,6,0,16,72,1,17
2,1,11.0,353,3,18,2,16,130,0,9
2,1,18.0,29,3,1,0,13,13,1,0
3,1,28.0,300,4,4,1,10,30,2,18
3,10,22.0,314,1,0,0,5,6,3,26
3,9,22.0,92,6,2,0,12,61,1,26
2,1,26.0,262,0,1,1,3,76,4,3
2,8,18.0,280,2,9,2,15,77,3,0
2,6,28.0,335,5,17,0,11,117,4,18
2,4,4.0,235,5,4,0,13,99,2,30
2,4,4.0,235,5,1,1,6,7,0,30
2,3,1.0,120,0,17,0,6,89,4,7
3,11,20.0,340,0,1,0,0,64,2,29
3,10,21.0,341,0,1,0,4,4,1,21
3,10,12.0,333,6,8,0,2,2,1,28
3,10,22.0,314,1,6,2,16,72,0,26
3,10,22.0,314,1,13,0,5,12,3,26
3,10,22.0,314,1,11,1,14,126,1,26
3,10,22.0,314,1,22,0,5,64,1,26
3,10,22.0,314,1,9,0,14,25,2,26
3,10,28.0,216,0,5,1,15,114,1,18
3,10,29.0,318,1,10,0,10,47,3,16
3,10,29.0,318,1,21,1,13,28,0,16
3,10,29.0,318,1,2,0,8,41,4,16
3,10,29.0,318,1,16,0,5,12,3,16
3,10,30.0,157,2,6,2,6,7,3,19
3,10,30.0,157,2,0,0,2,2,4,19
3,10,30.0,157,2,16,0,2,2,1,19
3,8,4.0,299,4,20,0,3,30,1,30
3,2,22.0,209,6,10,1,8,9,4,26
3,6,5.0,342,4,9,2,5,12,2,24
3,10,30.0,157,2,14,3,9,101,0,19
3,10,30.0,157,2,4,2,16,65,0,19
3,10,30.0,157,2,14,0,3,103,3,19
3,8,5.0,101,5,15,0,9,54,2,24
2,8,18.0,280,2,9,1,5,12,1,0
2,0,29.0,228,3,3,1,11,90,0,16
3,11,20.0,340,0,1,1,7,20,4,29
3,11,20.0,340,0,9,1,2,86,1,29
3,3,21.0,338,0,1,1,10,23,1,21
3,3,21.0,338,0,1,1,12,56,0,21
3,11,3.0,288,5,2,3,3,44,1,27
3,10,13.0,346,3,19,2,8,118,3,25
3,1,28.0,300,4,19,1,0,15,2,18
3,10,6.0,242,3,8,0,10,23,2,23
3,6,28.0,309,6,16,0,5,6,2,18
3,10,12.0,333,6,0,1,1,35,4,28
3,10,14.0,174,0,2,0,10,47,3,5
3,10,31.0,135,4,4,0,3,70,1,20
3,1,14.0,183,4,13,0,1,11,3,5
3,10,14.0,174,0,2,2,6,89,3,5
3,10,14.0,174,0,12,1,9,134,4,5
3,10,20.0,223,3,10,0,5,64,0,29
3,10,21.0,341,0,21,2,10,52,1,21
3,10,21.0,341,0,21,2,5,6,3,21
3,10,21.0,341,0,8,0,3,30,0,21
3,10,21.0,341,0,12,0,3,70,3,21
3,10,21.0,341,0,2,0,12,17,3,21
3,10,21.0,341,0,18,0,4,136,1,21
3,10,22.0,314,1,16,0,10,22,3,26
3,10,22.0,314,1,13,0,4,127,1,26
3,10,12.0,333,6,17,1,7,137,1,28
3,10,22.0,314,1,13,3,11,15,0,26
3,10,14.0,174,0,14,0,0,12,2,5
3,10,28.0,216,0,3,0,2,86,2,18
3,10,28.0,216,0,19,0,5,6,3,18
3,10,28.0,216,0,23,1,4,127,4,18
2,1,18.0,29,3,8,0,15,31,1,0
2,8,18.0,280,2,13,1,12,100,4,0
2,6,27.0,309,4,4,0,4,136,1,15
2,4,4.0,235,5,18,1,3,30,4,30
2,4,4.0,235,5,17,3,10,52,1,30
3,11,1.0,222,2,19,0,16,37,4,7
2,0,22.0,237,3,13,1,10,22,1,26
3,11,12.0,118,3,17,0,5,12,0,28
3,11,12.0,118,3,10,1,14,32,4,28
3,10,22.0,314,1,10,2,10,23,0,26
3,10,21.0,341,0,21,0,12,100,1,21
3,10,22.0,314,1,16,2,12,80,3,26
3,10,22.0,314,1,0,0,0,53,0,26
3,6,16.0,38,0,0,0,16,50,3,2
3,1,14.0,183,4,19,0,2,2,3,5
3,1,14.0,183,4,1,0,10,47,3,5
3,3,26.0,343,6,18,0,10,22,2,3
3,1,14.0,183,4,7,1,14,34,4,5
3,1,15.0,1,5,4,3,11,133,3,1
3,1,15.0,1,5,15,1,9,83,4,1
2,3,24.0,347,2,9,1,0,64,0,14
2,5,22.0,168,2,13,0,13,99,0,26
2,1,13.0,183,1,17,1,14,24,4,25
2,4,17.0,26,4,9,0,8,27,3,6
2,2,17.0,7,3,17,0,13,13,1,6
3,9,17.0,255,0,17,0,13,69,4,6
3,3,16.0,263,2,20,0,8,118,1,2
3,3,6.0,303,3,13,0,8,41,2,23
2,1,23.0,64,5,11,1,9,93,4,17
2,8,7.0,76,6,1,0,15,46,2,11
2,4,14.0,132,0,8,1,15,46,4,5
3,3,16.0,263,2,4,1,14,88,1,2
3,3,15.0,35,1,19,3,5,6,0,1
3,2,11.0,297,1,1,1,1,59,4,9
3,2,11.0,297,1,13,3,1,16,3,9
3,2,11.0,297,1,22,1,10,47,1,9
2,11,13.0,312,6,22,0,12,80,1,25
2,8,15.0,73,3,14,1,15,119,4,1
3,7,17.0,95,0,2,1,7,62,0,6
3,10,18.0,246,5,3,1,13,28,1,0
3,10,27.0,302,3,17,1,10,47,0,15
3,3,18.0,165,5,2,0,8,41,0,0
3,4,14.0,345,1,1,1,6,89,0,5
3,4,14.0,345,1,12,1,4,66,4,5
3,1,21.0,45,4,6,0,7,120,3,21
3,1,21.0,45,4,0,1,3,30,4,21
3,1,21.0,45,4,11,0,13,123,2,21
3,1,21.0,45,4,5,0,0,53,1,21
3,1,21.0,45,4,13,1,12,61,4,21
3,1,29.0,112,5,2,0,8,27,1,16
3,1,29.0,112,5,14,1,13,29,0,16
3,1,30.0,100,6,12,0,11,117,1,19
3,1,30.0,100,6,20,1,1,35,4,19
3,1,30.0,100,6,19,0,5,12,3,19
3,8,6.0,87,6,21,0,5,6,2,23
3,1,6.0,97,2,15,0,14,24,2,23
3,8,6.0,87,6,1,0,15,31,0,23
3,8,6.0,87,6,2,0,2,92,3,23
3,8,7.0,70,3,15,0,11,18,3,11
3,10,14.0,174,0,8,3,8,118,0,5
3,8,7.0,70,3,2,0,11,55,3,11
3,8,13.0,189,6,23,0,0,26,1,25
3,8,13.0,189,6,22,0,2,2,1,25
3,8,15.0,72,0,0,1,0,26,0,1
3,8,7.0,70,3,3,1,7,54,4,11
3,8,29.0,301,0,17,0,8,27,1,16
3,4,4.0,178,6,22,0,2,86,2,30
3,4,4.0,178,6,3,0,3,30,0,30
3,4,4.0,178,6,1,0,3,30,3,30
3,4,15.0,132,2,16,0,5,12,1,1
3,4,15.0,132,2,15,1,12,135,4,1
3,4,15.0,132,2,12,0,9,101,3,1
3,4,20.0,115,0,21,0,10,12,1,29
3,4,20.0,115,0,22,0,2,13,3,29
3,4,20.0,115,0,22,1,9,49,4,29
3,4,20.0,115,0,2,0,0,77,1,29
3,4,23.0,30,4,6,1,10,47,0,17
3,4,23.0,30,4,0,0,0,26,1,17
3,4,23.0,30,4,12,0,16,50,3,17
3,2,12.0,128,2,17,0,13,21,1,28
3,4,23.0,30,4,19,0,16,50,1,17
3,4,23.0,30,4,4,0,11,133,1,17
3,4,23.0,30,4,5,1,11,133,4,17
3,4,29.0,313,2,6,0,11,15,4,16
3,4,29.0,313,2,0,0,16,39,0,16
3,4,29.0,313,2,16,1,8,27,1,16
3,4,29.0,313,2,22,2,10,43,3,16
3,4,29.0,313,2,8,1,5,6,0,16
3,4,31.0,67,5,10,2,0,12,3,20
3,8,30.0,103,1,10,0,1,67,2,19
3,8,30.0,103,1,1,0,1,11,1,19
3,8,30.0,103,1,6,0,0,12,2,19
3,4,4.0,178,6,15,0,0,77,2,30
3,4,4.0,178,6,18,2,13,28,1,30
3,4,15.0,132,2,14,1,5,64,1,1
3,4,15.0,132,2,8,0,1,11,1,1
3,4,20.0,115,0,21,0,8,9,1,29
3,4,23.0,30,4,17,2,9,93,0,17
3,10,31.0,135,4,18,1,3,115,4,20
3,10,7.0,243,0,17,0,9,49,2,11
3,10,19.0,117,6,14,1,6,89,1,10
3,10,19.0,117,6,10,0,2,123,0,10
2,10,31.0,203,2,4,1,13,48,0,20
2,8,8.0,124,3,18,1,12,135,4,8
2,8,23.0,85,0,19,1,12,83,4,17
2,4,16.0,19,2,22,0,4,5,1,2
2,4,16.0,19,2,4,3,5,6,0,2
2,0,31.0,365,1,4,0,2,86,2,20
3,8,4.0,299,4,1,0,4,82,1,30
3,8,4.0,299,4,18,0,0,15,3,30
3,1,29.0,112,5,4,3,0,12,1,16
3,8,6.0,87,6,8,0,12,84,0,23
3,8,7.0,70,3,17,1,4,45,0,11
3,8,7.0,70,3,11,3,15,46,3,11
3,8,7.0,70,3,17,1,14,32,0,11
3,8,7.0,70,3,10,1,7,8,0,11
3,8,7.0,70,3,4,0,14,25,3,11
3,8,7.0,70,3,5,1,11,133,4,11
3,1,14.0,183,4,13,1,12,80,1,5
3,1,15.0,1,5,11,0,4,79,4,1
3,1,15.0,1,5,19,0,0,68,3,1
3,1,15.0,1,5,9,0,14,107,0,1
3,1,21.0,45,4,3,0,11,124,4,21
3,1,21.0,45,4,16,1,1,1,0,21
3,1,21.0,45,4,12,0,4,136,2,21
3,1,21.0,45,4,12,0,9,87,4,21
3,1,21.0,45,4,4,0,1,59,3,21
3,1,21.0,45,4,14,0,13,21,1,21
3,1,29.0,112,5,3,0,2,86,2,16
3,1,29.0,112,5,14,0,5,12,0,16
3,1,30.0,100,6,17,2,3,44,3,19
3,8,12.0,284,5,8,0,6,128,2,28
3,8,14.0,296,3,1,3,6,7,0,5
3,10,4.0,356,5,17,0,2,2,0,30
3,9,2.0,323,3,9,1,13,69,0,22
3,9,27.0,179,4,13,3,9,57,1,15
3,7,28.0,34,5,15,0,2,2,2,18
3,11,1.0,222,2,17,3,8,27,0,7
3,3,11.0,337,5,8,0,2,2,2,9
3,6,4.0,159,2,9,1,13,99,1,30
3,6,12.0,162,4,12,3,9,93,4,28
3,6,12.0,162,4,14,2,6,7,3,28
3,5,20.0,214,1,13,2,10,23,3,29
3,1,4.0,286,0,19,1,12,135,4,30
3,1,29.0,112,5,9,3,9,95,3,16
3,1,30.0,100,6,15,0,10,47,2,19
3,1,30.0,100,6,13,0,13,38,0,19
3,8,4.0,299,4,16,0,10,47,0,30
3,8,4.0,299,4,15,0,10,22,3,30
3,8,4.0,299,4,17,1,0,12,1,30
3,8,4.0,299,4,17,0,14,24,1,30
3,8,4.0,299,4,9,0,1,16,4,30
3,8,4.0,299,4,15,0,7,57,2,30
3,1,30.0,100,6,4,0,13,29,2,19
3,8,6.0,87,6,19,0,13,48,3,23
3,8,6.0,87,6,12,0,7,20,1,23
3,1,14.0,183,4,1,0,10,22,3,5
3,1,15.0,1,5,6,0,10,12,0,1
3,1,15.0,1,5,13,3,13,28,3,1
3,1,14.0,183,4,1,1,6,132,1,5
3,1,21.0,45,4,0,1,1,59,0,21
3,1,21.0,45,4,11,0,0,53,0,21
3,1,14.0,183,4,15,1,5,6,0,5
3,1,29.0,112,5,17,0,0,64,0,16
3,1,29.0,112,5,17,1,2,35,0,16
3,1,29.0,112,5,18,0,7,78,3,16
3,1,30.0,100,6,11,0,9,63,1,19
3,3,11.0,337,5,11,0,9,57,2,9
3,3,21.0,338,0,8,0,0,26,2,21
3,6,12.0,162,4,18,3,16,50,4,28
3,10,5.0,336,6,1,2,6,14,3,24
3,1,29.0,112,5,12,1,2,60,1,16
3,1,30.0,100,6,15,0,0,26,0,19
3,1,29.0,112,5,21,1,10,43,1,16
3,8,4.0,299,4,8,0,2,40,3,30
3,8,4.0,299,4,4,0,15,31,0,30
3,8,6.0,87,6,16,2,2,123,3,23
3,8,6.0,87,6,12,0,12,84,1,23
3,8,6.0,87,6,12,0,12,100,2,23
3,8,7.0,70,3,20,1,8,19,4,11
3,8,15.0,72,0,16,1,1,67,0,1
3,8,15.0,72,0,15,1,2,86,4,1
3,8,7.0,70,3,6,0,11,133,2,11
3,8,7.0,70,3,20,0,9,9,3,11
3,8,6.0,87,6,5,1,13,28,1,23
3,8,6.0,87,6,11,0,8,27,2,23
3,8,7.0,70,3,8,0,9,63,1,11
3,8,7.0,70,3,4,0,16,130,3,11
3,8,13.0,189,6,10,0,5,64,3,25
3,8,13.0,189,6,4,0,2,2,1,25
3,3,3.0,182,4,2,1,5,12,1,27
3,1,28.0,300,4,18,2,6,7,3,18
3,3,26.0,343,6,14,1,9,95,1,3
3,2,29.0,140,6,17,2,9,93,3,16
3,10,14.0,174,0,18,2,9,95,3,5
3,10,31.0,135,4,16,1,0,12,1,20
3,3,26.0,343,6,15,1,13,21,1,3
3,7,15.0,205,6,17,0,14,24,1,1
3,10,16.0,201,2,0,1,9,49,4,2
3,1,25.0,65,0,19,1,1,105,0,13
3,4,9.0,18,4,2,2,2,13,0,12
3,4,27.0,274,0,17,1,0,31,0,15
3,2,20.0,264,4,4,0,5,6,2,29
2,4,17.0,26,4,5,1,13,38,0,6
2,2,14.0,130,4,22,1,12,80,1,5
3,7,24.0,68,0,13,1,4,136,4,14
3,7,6.0,93,4,9,0,6,89,1,23
3,7,6.0,93,4,11,0,12,56,0,23
3,3,26.0,343,6,19,0,8,9,2,3
3,8,14.0,296,3,5,1,13,29,0,5
3,8,12.0,284,5,14,1,5,12,1,28
3,4,14.0,345,1,2,1,14,125,4,5
3,4,23.0,30,4,15,1,2,86,1,17
3,4,23.0,30,4,14,0,0,64,2,17
3,4,23.0,30,4,18,1,8,19,0,17
3,4,29.0,313,2,16,0,10,22,1,16
3,4,29.0,313,2,0,0,5,6,0,16
3,4,29.0,313,2,17,1,10,47,1,16
3,4,29.0,313,2,21,0,10,30,3,16
3,4,31.0,67,5,13,1,5,6,1,20
3,4,31.0,67,5,22,2,2,69,0,20
3,4,31.0,67,5,19,0,1,67,4,20
3,4,31.0,67,5,14,2,8,9,3,20
3,4,4.0,178,6,17,0,13,48,0,30
3,4,4.0,178,6,10,0,13,48,3,30
3,4,4.0,178,6,15,0,1,35,3,30
3,4,15.0,132,2,10,1,9,83,0,1
3,4,15.0,132,2,13,0,16,39,3,1
3,4,15.0,132,2,4,2,1,59,0,1
3,4,15.0,132,2,18,0,7,111,1,1
3,4,20.0,115,0,23,1,10,22,4,29
3,4,4.0,178,6,13,0,8,9,0,30
3,4,20.0,115,0,18,0,7,120,2,29
3,4,23.0,30,4,17,0,8,118,1,17
3,4,20.0,115,0,5,0,1,16,2,29
3,4,29.0,313,2,7,0,0,26,1,16
3,4,29.0,313,2,15,1,3,79,0,16
3,4,29.0,313,2,3,0,6,132,1,16
3,4,29.0,313,2,21,2,3,76,3,16
3,4,29.0,313,2,21,1,0,12,1,16
3,4,29.0,313,2,18,0,10,47,3,16
3,4,31.0,67,5,7,0,10,22,1,20
3,4,29.0,313,2,7,1,5,12,1,16
3,4,31.0,67,5,13,0,1,35,3,20
3,8,29.0,301,0,8,3,16,37,1,16
3,8,29.0,301,0,19,0,10,47,3,16
3,8,30.0,103,1,17,2,13,28,3,19
3,8,29.0,301,0,23,1,9,93,4,16
3,8,30.0,103,1,14,0,6,89,3,19
3,8,30.0,103,1,8,2,8,118,0,19
3,8,30.0,103,1,15,3,1,105,3,19
3,4,4.0,178,6,17,0,8,118,1,30
3,4,4.0,178,6,0,1,13,48,4,30
3,4,4.0,178,6,10,0,0,77,1,30
3,4,4.0,178,6,15,0,4,4,1,30
3,4,4.0,178,6,5,1,3,30,4,30
3,4,4.0,178,6,22,0,16,139,1,30
3,4,15.0,132,2,16,0,0,77,3,1
3,4,15.0,132,2,9,1,0,26,0,1
3,4,20.0,115,0,11,2,6,14,0,29
3,4,20.0,115,0,15,0,14,107,1,29
3,4,20.0,115,0,19,0,11,15,0,29
3,4,20.0,115,0,20,1,3,30,4,29
3,4,20.0,115,0,19,1,11,18,1,29
3,4,23.0,30,4,0,2,9,95,3,17
3,4,23.0,30,4,11,0,7,111,1,17
3,2,5.0,127,2,10,0,10,12,1,24
3,2,5.0,127,2,9,0,10,47,1,24
3,2,14.0,231,5,6,2,0,64,0,5
3,2,14.0,231,5,20,0,6,7,4,5
3,0,14.0,5,3,1,0,0,26,3,5
3,2,14.0,231,5,23,1,2,123,0,5
3,2,14.0,231,5,1,2,5,6,3,5
3,2,21.0,108,5,6,0,13,38,0,21
3,2,21.0,108,5,3,2,15,108,0,21
3,2,21.0,108,5,22,1,3,103,1,21
3,2,21.0,108,5,4,3,11,133,0,21
3,2,21.0,108,5,19,0,5,12,1,21
3,2,21.0,108,5,19,0,0,77,3,21
3,2,21.0,108,5,8,1,2,123,4,21
3,2,22.0,209,6,8,0,8,27,1,26
3,2,22.0,209,6,22,1,1,16,4,26
3,2,22.0,209,6,9,0,14,25,3,26
3,2,29.0,140,6,21,0,10,47,2,16
3,4,30.0,139,4,20,1,13,99,4,19
3,2,29.0,140,6,14,0,8,9,1,16
3,8,6.0,87,6,4,3,11,15,2,23
3,1,30.0,100,6,8,0,0,12,2,19
3,8,13.0,189,6,12,0,2,86,3,25
3,8,15.0,72,0,17,0,11,94,3,1
3,8,15.0,72,0,14,0,3,44,3,1
3,8,15.0,72,0,13,0,16,37,2,1
3,8,15.0,72,0,5,0,2,60,0,1
3,10,6.0,242,3,15,1,13,48,0,23
3,3,20.0,105,3,12,0,9,93,4,29
3,8,29.0,301,0,11,0,13,29,3,16
3,8,29.0,301,0,11,3,14,25,0,16
3,8,30.0,103,1,8,0,16,37,1,19
3,8,30.0,103,1,4,0,13,21,1,19
3,8,30.0,103,1,1,2,14,106,3,19
3,4,4.0,178,6,4,0,6,7,1,30
3,4,15.0,132,2,21,0,11,133,3,1
3,4,15.0,132,2,0,3,14,25,0,1
3,4,20.0,115,0,16,0,4,5,3,29
3,4,20.0,115,0,4,0,9,102,3,29
3,8,15.0,72,0,9,2,5,12,3,1
3,8,30.0,103,1,16,0,0,26,3,19
3,8,30.0,103,1,2,0,8,41,1,19
3,8,30.0,103,1,4,2,16,50,3,19
3,8,30.0,103,1,4,0,13,38,4,19
3,4,4.0,178,6,5,0,2,86,2,30
3,4,4.0,178,6,8,0,2,2,0,30
3,4,4.0,178,6,19,1,13,99,1,30
3,4,15.0,132,2,0,0,0,77,1,1
3,4,15.0,132,2,6,0,16,50,1,1
3,4,15.0,132,2,1,0,2,13,1,1
3,4,20.0,115,0,15,2,1,59,3,29
3,4,23.0,30,4,0,0,5,6,0,17
3,4,20.0,115,0,4,3,9,95,3,29
3,4,23.0,30,4,3,0,15,114,2,17
3,4,23.0,30,4,15,2,1,35,0,17
3,4,23.0,30,4,19,0,11,18,0,17
3,4,23.0,30,4,18,0,9,101,0,17
3,4,31.0,67,5,10,1,6,7,0,20
3,4,31.0,67,5,13,0,14,88,2,20
3,4,31.0,67,5,14,0,6,132,4,20
3,4,31.0,67,5,14,2,8,9,3,20
3,4,31.0,67,5,10,2,0,12,3,20
3,4,23.0,30,4,22,0,2,13,1,17
3,4,31.0,67,5,22,1,13,99,4,20
3,4,31.0,67,5,2,0,16,72,3,20
3,2,5.0,127,2,6,0,5,12,1,24
3,2,5.0,127,2,16,1,13,123,1,24
3,2,5.0,127,2,12,1,16,37,4,24
3,2,5.0,127,2,1,3,4,138,3,24
3,7,25.0,41,1,17,1,5,6,0,13
3,5,26.0,37,0,1,3,1,35,4,3
3,6,18.0,308,2,1,1,16,37,2,0
3,6,18.0,308,2,1,0,8,9,1,0
3,6,18.0,308,2,13,0,0,0,0,0
3,10,19.0,117,6,19,1,2,86,4,10
3,10,19.0,117,6,16,1,0,0,1,10
2,8,24.0,86,1,18,0,13,13,4,14
2,8,30.0,144,0,1,2,0,53,3,19
3,6,2.0,352,0,19,1,0,26,4,22
3,0,13.0,198,6,2,0,0,77,1,25
3,2,5.0,127,2,9,0,5,6,0,24
3,2,14.0,231,5,17,1,11,117,0,5
3,2,14.0,231,5,15,1,5,6,1,5
3,2,14.0,231,5,3,1,9,95,4,5
3,2,14.0,231,5,21,2,6,7,0,5
3,2,21.0,108,5,6,1,14,32,1,21
3,2,30.0,131,3,22,2,0,31,3,19
3,2,30.0,131,3,18,0,8,19,0,19
3,0,4.0,229,4,17,0,14,106,4,30
3,0,4.0,229,4,15,1,1,59,4,30
3,0,4.0,229,4,1,2,6,73,0,30
3,0,4.0,229,4,23,1,6,132,4,30
3,0,5.0,122,5,8,1,10,22,1,24
3,0,5.0,122,5,12,0,15,119,4,24
3,0,4.0,229,4,3,0,13,69,3,30
3,0,15.0,190,0,7,1,5,12,0,1
3,0,15.0,190,0,19,1,12,17,4,1
3,0,15.0,190,0,9,0,13,99,4,1
3,0,15.0,190,0,14,0,10,22,0,1
3,1,5.0,219,1,17,1,1,35,0,24
2,8,18.0,280,2,2,1,6,91,4,0
3,1,5.0,219,1,16,0,3,30,3,24
3,1,5.0,219,1,7,0,11,15,2,24
3,1,5.0,219,1,7,1,9,10,0,24
3,1,5.0,219,1,16,1,14,25,0,24
3,1,5.0,219,1,1,0,0,12,1,24
3,1,5.0,219,1,14,0,2,86,4,24
3,1,6.0,97,2,11,1,0,77,0,23
3,1,6.0,97,2,8,1,16,74,4,23
3,1,6.0,97,2,1,1,11,129,4,23
3,10,31.0,135,4,2,1,13,48,1,20
3,1,14.0,183,4,16,1,0,68,0,5
3,1,14.0,183,4,15,0,12,56,2,5
3,1,15.0,1,5,16,0,11,15,3,1
3,1,15.0,1,5,6,2,10,47,1,1
3,1,15.0,1,5,3,0,5,6,2,1
3,1,15.0,1,5,4,1,13,38,4,1
3,10,22.0,314,1,22,2,1,11,0,26
3,10,28.0,216,0,16,0,11,122,3,18
3,10,29.0,318,1,20,0,14,25,1,16
3,10,29.0,318,1,2,1,9,95,4,16
3,10,29.0,318,1,1,0,8,41,3,16
3,10,30.0,157,2,2,0,6,89,3,19
3,10,31.0,135,4,16,1,0,26,1,20
3,10,28.0,216,0,4,1,4,138,4,18
3,10,31.0,135,4,17,1,9,10,4,20
3,10,31.0,135,4,19,2,2,2,2,20
3,10,31.0,135,4,19,0,11,15,4,20
3,10,31.0,135,4,1,0,1,59,3,20
3,10,29.0,318,1,17,1,9,109,2,16
3,1,5.0,219,1,21,1,6,7,0,24
3,1,5.0,219,1,11,1,0,53,1,24
3,1,6.0,97,2,16,0,10,23,2,23
3,1,5.0,219,1,1,0,10,47,3,24
3,1,6.0,97,2,21,0,0,64,3,23
3,1,5.0,219,1,9,3,7,137,4,24
3,1,6.0,97,2,14,0,4,4,3,23
2,8,30.0,144,0,1,0,6,89,1,19
2,0,31.0,365,1,14,1,0,31,0,20
3,11,6.0,252,0,22,1,9,63,4,23
3,4,25.0,20,6,18,1,16,74,1,13
0,2,7.0,153,1,20,3,8,27,4,11
2,8,25.0,278,2,14,1,8,9,0,13
2,8,23.0,85,0,15,0,0,77,1,17
2,8,25.0,278,2,4,1,2,13,4,13
2,8,23.0,85,0,22,0,12,61,2,17
2,4,16.0,19,2,11,3,13,38,4,2
3,11,14.0,147,1,17,3,14,24,4,5
3,1,14.0,183,4,16,1,13,99,0,5
3,1,14.0,183,4,10,0,6,7,0,5
3,1,14.0,183,4,22,1,11,133,4,5
3,1,14.0,183,4,13,1,7,54,4,5
3,8,4.0,299,4,4,1,5,6,0,30
3,8,6.0,87,6,8,0,12,84,1,23
3,8,6.0,87,6,15,2,1,1,3,23
3,8,6.0,87,6,19,0,11,15,0,23
3,8,6.0,87,6,13,1,0,96,1,23
3,8,6.0,87,6,22,0,12,56,1,23
3,8,7.0,70,3,3,0,3,103,1,11
3,8,7.0,70,3,2,0,15,114,3,11
3,8,7.0,70,3,20,0,9,93,2,11
3,8,13.0,189,6,0,0,8,9,1,25
3,8,13.0,189,6,23,3,0,26,2,25
3,8,13.0,189,6,15,1,6,91,4,25
3,8,13.0,189,6,2,0,16,65,0,25
3,8,13.0,189,6,13,2,0,68,2,25
3,8,15.0,72,0,17,0,10,47,3,1
3,8,15.0,72,0,6,1,13,48,0,1
3,8,15.0,72,0,2,1,9,102,4,1
3,8,15.0,72,0,18,0,8,9,3,1
3,8,15.0,72,0,1,0,6,91,3,1
3,8,29.0,301,0,11,0,0,31,1,16
3,8,29.0,301,0,2,0,10,12,1,16
3,8,29.0,301,0,9,2,10,22,2,16
3,8,29.0,301,0,4,0,15,31,2,16
3,8,30.0,103,1,9,2,6,91,3,19
3,8,29.0,301,0,4,3,0,53,3,16
3,1,15.0,1,5,19,1,9,58,4,1
3,1,15.0,1,5,0,1,0,12,0,1
3,1,21.0,45,4,0,1,5,64,0,21
3,1,21.0,45,4,22,1,2,13,4,21
3,1,21.0,45,4,10,1,2,2,4,21
3,1,21.0,45,4,1,0,5,6,3,21
3,1,29.0,112,5,13,0,1,11,1,16
3,1,29.0,112,5,4,0,15,31,4,16
3,1,30.0,100,6,17,0,4,79,0,19
3,1,29.0,112,5,23,3,9,95,3,16
3,8,4.0,299,4,17,0,15,31,3,30
3,8,4.0,299,4,17,2,14,25,2,30
2,2,27.0,257,2,1,0,8,33,4,15
2,0,29.0,228,3,4,0,6,7,4,16
3,11,12.0,118,3,9,0,8,9,1,28
3,11,12.0,118,3,3,1,1,67,4,28
3,7,28.0,34,5,11,1,11,55,1,18
3,7,28.0,34,5,1,1,14,97,0,18
3,8,14.0,296,3,22,1,2,2,4,5
3,4,14.0,345,1,2,0,5,64,0,5
3,8,13.0,189,6,9,0,9,87,1,25
3,8,13.0,189,6,4,0,2,123,1,25
3,8,7.0,70,3,5,1,6,132,4,11
3,8,15.0,72,0,15,0,15,51,2,1
3,8,15.0,72,0,12,2,11,8,3,1
3,8,15.0,72,0,22,1,5,64,1,1
3,8,29.0,301,0,6,0,6,7,4,16
3,8,29.0,301,0,17,0,10,47,0,16
3,8,29.0,301,0,21,0,7,111,1,16
3,8,29.0,301,0,5,2,12,121,2,16
3,8,29.0,301,0,2,0,9,54,4,16
3,8,29.0,301,0,13,0,14,32,3,16
3,8,29.0,301,0,4,0,3,103,3,16
3,8,29.0,301,0,4,0,16,37,2,16
3,8,30.0,103,1,14,1,10,22,4,19
3,4,4.0,178,6,17,1,15,31,0,30
3,6,20.0,215,5,3,0,8,27,1,29
3,6,28.0,309,6,7,2,8,27,3,18
3,6,28.0,309,6,3,0,10,23,1,18
3,8,5.0,101,5,2,0,8,33,2,24
3,6,28.0,309,6,22,3,11,15,0,18
3,6,28.0,309,6,20,1,14,88,4,18
3,10,6.0,242,3,15,0,0,26,3,23
3,10,6.0,242,3,13,0,15,96,0,23
3,10,6.0,242,3,12,2,2,86,0,23
3,10,12.0,333,6,2,0,10,52,0,28
3,10,12.0,333,6,8,0,16,72,0,28
3,10,12.0,333,6,19,0,1,11,3,28
3,10,12.0,333,6,4,0,12,56,3,28
3,10,14.0,174,0,15,0,9,95,4,5
3,6,19.0,291,4,7,1,7,111,2,10
3,10,14.0,174,0,23,0,9,49,3,5
3,10,14.0,174,0,18,0,2,92,4,5
3,10,12.0,333,6,18,0,5,12,0,28
3,10,20.0,223,3,18,2,10,52,3,29
3,4,21.0,339,1,11,1,2,2,4,21
3,10,21.0,341,0,0,2,2,60,0,21
3,10,21.0,341,0,22,0,9,102,2,21
3,10,21.0,341,0,8,0,5,64,3,21
3,10,21.0,341,0,4,0,10,6,3,21
3,10,21.0,341,0,9,0,2,86,1,21
3,10,21.0,341,0,9,2,15,51,3,21
3,10,22.0,314,1,0,0,0,12,0,26
3,10,22.0,314,1,7,0,8,27,4,26
3,10,22.0,314,1,18,2,9,93,3,26
3,10,28.0,216,0,6,2,1,35,4,18
3,10,28.0,216,0,16,0,9,109,1,18
3,10,28.0,216,0,14,0,9,54,1,18
3,10,28.0,216,0,18,0,12,61,1,18
3,10,28.0,216,0,9,0,5,6,0,18
3,10,29.0,318,1,17,1,12,104,2,16
3,10,29.0,318,1,12,0,1,35,3,16
3,10,30.0,157,2,16,0,2,2,1,19
3,4,14.0,345,1,4,1,12,134,2,5
3,10,30.0,157,2,5,0,13,38,0,19
3,10,30.0,157,2,12,0,9,63,3,19
3,10,30.0,157,2,15,2,8,9,3,19
3,10,30.0,157,2,9,1,0,12,1,19
3,1,5.0,219,1,17,1,5,6,0,24
3,1,5.0,219,1,22,0,16,113,1,24
3,1,5.0,219,1,13,0,13,99,4,24
3,1,5.0,219,1,14,0,8,41,1,24
3,1,5.0,219,1,1,2,1,11,3,24
3,1,5.0,219,1,18,2,4,121,0,24
3,1,5.0,219,1,1,1,12,56,4,24
3,1,6.0,97,2,15,1,5,12,1,23
3,1,6.0,97,2,17,0,10,30,0,23
3,1,6.0,97,2,9,2,6,14,4,23
3,1,14.0,183,4,0,0,15,85,3,5
3,1,14.0,183,4,20,2,5,12,3,5
3,10,20.0,223,3,22,0,14,24,1,29
3,10,22.0,314,1,13,0,9,95,3,26
3,10,20.0,223,3,8,0,5,6,3,29
3,10,20.0,223,3,18,0,13,28,3,29
3,6,13.0,317,5,17,0,7,57,1,25
3,10,20.0,223,3,18,2,0,31,4,29
3,10,21.0,341,0,17,0,1,11,3,21
3,10,21.0,341,0,16,2,13,38,3,21
3,7,4.0,186,1,13,0,14,25,0,30
3,7,19.0,330,2,17,0,4,75,1,10
3,7,19.0,330,2,16,0,10,12,3,10
3,7,27.0,53,4,8,0,7,78,1,15
3,7,27.0,53,4,15,0,9,109,3,15
3,7,27.0,53,4,4,0,3,30,3,15
3,7,27.0,53,4,2,0,9,93,1,15
3,7,27.0,53,4,13,0,10,52,2,15
3,7,29.0,268,6,5,0,4,127,1,16
3,7,29.0,268,6,18,0,6,73,1,16
3,7,30.0,42,3,16,1,5,64,1,19
3,7,29.0,268,6,14,1,9,10,4,16
3,5,19.0,146,0,21,0,10,47,1,10
3,7,30.0,42,3,6,1,3,103,2,19
3,7,30.0,42,3,9,0,0,26,4,19
3,3,19.0,138,6,11,0,9,27,3,10
3,3,19.0,138,6,11,0,0,77,1,10
3,3,19.0,138,6,18,0,0,31,1,10
3,3,20.0,105,3,2,0,3,115,3,29
3,3,22.0,166,1,15,3,6,7,0,26
3,3,22.0,166,1,1,0,16,74,1,26
3,3,22.0,166,1,19,0,0,77,0,26
3,3,27.0,361,3,20,1,13,99,4,15
3,3,28.0,187,0,9,0,5,12,0,18
3,3,28.0,187,0,4,1,1,59,4,18
3,3,29.0,325,1,21,0,15,31,1,16
3,3,27.0,361,3,21,1,1,105,4,15
3,10,14.0,174,0,22,0,8,33,2,5
3,10,14.0,174,0,18,0,8,27,0,5
3,10,20.0,223,3,16,2,0,53,3,29
3,10,20.0,223,3,19,0,8,9,3,29
3,10,20.0,223,3,18,0,15,31,3,29
3,10,21.0,341,0,5,0,10,52,2,21
3,10,21.0,341,0,5,0,9,63,4,21
3,10,21.0,341,0,18,1,11,55,4,21
2,4,9.0,79,2,21,0,14,106,4,12
2,4,25.0,80,5,17,1,7,120,4,13
2,0,1.0,47,3,8,0,9,95,2,7
2,0,14.0,190,6,11,2,3,70,3,5
3,9,23.0,167,3,2,1,9,58,4,17
3,7,17.0,95,0,14,1,15,51,1,6
3,7,23.0,202,3,19,0,6,14,1,17
3,7,1.0,98,6,8,2,10,23,2,7
3,5,10.0,155,6,2,0,13,28,3,4
3,10,2.0,358,2,9,0,15,46,4,22
3,8,3.0,363,2,15,1,1,59,4,27
3,8,8.0,76,0,23,1,6,14,4,8
3,1,27.0,262,2,13,1,11,94,4,15
3,3,12.0,104,6,4,0,12,80,2,28
3,5,28.0,259,2,11,0,2,2,1,18
3,10,22.0,314,1,0,0,1,11,4,26
3,10,22.0,314,1,13,0,10,47,3,26
3,10,22.0,314,1,13,0,13,99,2,26
3,10,22.0,314,1,14,0,4,82,3,26
3,10,22.0,314,1,6,1,13,28,0,26
3,10,22.0,314,1,1,1,11,10,4,26
3,10,22.0,314,1,18,0,5,12,1,26
3,10,22.0,314,1,9,0,2,40,1,26
3,10,28.0,216,0,6,0,14,34,1,18
3,10,28.0,216,0,11,1,14,126,4,18
3,10,28.0,216,0,11,1,4,136,4,18
3,10,29.0,318,1,0,2,0,31,3,16
3,10,29.0,318,1,17,1,1,67,4,16
3,10,29.0,318,1,20,0,5,6,1,16
3,10,29.0,318,1,9,0,7,62,3,16
3,10,29.0,318,1,18,0,2,69,0,16
3,5,30.0,294,5,4,0,5,12,3,19
3,6,3.0,99,1,17,0,4,45,2,27
3,6,3.0,99,1,16,0,7,120,3,27
3,6,3.0,99,1,21,1,2,92,0,27
3,6,13.0,317,5,3,1,9,49,1,25
3,6,14.0,173,6,6,0,9,27,0,5
3,6,14.0,173,6,15,0,1,59,4,5
3,6,14.0,173,6,11,1,5,6,2,5
3,6,14.0,173,6,1,0,16,37,1,5
3,6,14.0,173,6,1,0,11,133,4,5
3,6,19.0,291,4,8,0,16,74,4,10
3,6,19.0,291,4,3,0,1,16,0,10
3,6,20.0,215,5,0,1,2,2,0,29
3,6,20.0,215,5,13,0,7,120,0,29
3,6,20.0,215,5,19,0,6,7,2,29
3,6,19.0,291,4,5,1,14,32,4,10
3,10,12.0,333,6,21,0,10,47,3,28
3,10,14.0,174,0,17,2,9,93,3,5
3,10,14.0,174,0,10,0,11,15,3,5
3,10,14.0,174,0,8,0,6,14,4,5
3,6,13.0,317,5,11,0,7,62,3,25
3,6,13.0,317,5,22,2,15,96,3,25
3,6,19.0,291,4,18,2,16,37,3,10
3,6,20.0,215,5,21,1,9,101,4,29
3,6,20.0,215,5,22,0,16,72,2,29
3,6,20.0,215,5,1,0,7,120,4,29
3,10,30.0,157,2,9,0,0,77,3,19
3,10,30.0,157,2,9,0,9,49,3,19
3,10,30.0,157,2,14,0,10,30,0,19
3,10,30.0,157,2,16,2,7,120,3,19
3,10,30.0,157,2,2,0,9,134,1,19
3,10,30.0,157,2,22,0,10,22,0,19
3,10,31.0,135,4,4,0,2,13,1,20
3,10,31.0,135,4,8,0,14,25,3,20
3,10,29.0,318,1,23,3,10,22,3,16
3,1,5.0,219,1,3,0,5,6,0,24
3,1,5.0,219,1,0,1,6,7,0,24
3,1,6.0,97,2,14,0,15,77,3,23
3,1,6.0,97,2,20,1,0,64,0,23
3,1,14.0,183,4,22,1,7,54,4,5
3,1,15.0,1,5,20,0,6,128,1,1
3,1,15.0,1,5,15,0,8,27,1,1
3,1,15.0,1,5,4,0,10,23,1,1
3,1,15.0,1,5,8,2,14,24,1,1
3,1,14.0,183,4,19,1,0,12,1,5
3,10,30.0,157,2,14,0,10,30,0,19
3,1,21.0,45,4,4,0,16,74,3,21
3,1,14.0,183,4,9,2,5,6,3,5
3,1,15.0,1,5,2,0,15,112,3,1
3,1,15.0,1,5,19,0,9,95,3,1
3,1,15.0,1,5,4,0,8,9,1,1
3,1,15.0,1,5,18,0,10,52,3,1
3,1,15.0,1,5,15,1,0,0,4,1
3,1,15.0,1,5,17,1,10,12,1,1
3,1,21.0,45,4,6,1,14,25,0,21
3,1,21.0,45,4,8,0,14,34,1,21
3,10,31.0,135,4,1,0,13,69,4,20
3,1,21.0,45,4,17,1,13,29,1,21
3,1,21.0,45,4,4,0,0,85,1,21
3,1,29.0,112,5,17,0,2,2,1,16
3,1,29.0,112,5,6,2,13,13,0,16
3,1,30.0,100,6,6,1,0,64,4,19
3,1,30.0,100,6,21,1,7,122,4,19
3,1,30.0,100,6,20,1,1,35,4,19
3,1,30.0,100,6,9,0,2,2,1,19
3,1,30.0,100,6,1,0,10,22,2,19
3,8,4.0,299,4,8,0,0,77,1,30
3,1,29.0,112,5,22,2,16,37,3,16
3,1,29.0,112,5,2,0,2,86,3,16
3,1,29.0,112,5,0,3,16,37,4,16
3,1,29.0,112,5,9,0,11,15,0,16
3,1,29.0,112,5,16,0,0,68,1,16
3,1,29.0,112,5,18,0,16,50,0,16
3,1,30.0,100,6,13,0,14,24,1,19
3,1,30.0,100,6,14,0,11,133,0,19
3,8,4.0,299,4,17,1,13,48,0,30
3,8,6.0,87,6,4,0,16,72,1,23
3,8,6.0,87,6,22,0,1,11,3,23
3,8,6.0,87,6,14,0,4,75,3,23
3,8,6.0,87,6,9,2,9,102,3,23
3,8,6.0,87,6,12,1,14,24,4,23
3,8,7.0,70,3,22,1,7,54,4,11
3,8,7.0,70,3,4,0,1,1,1,11
3,8,7.0,70,3,18,2,12,104,2,11
3,8,13.0,189,6,16,0,11,117,0,25
3,8,13.0,189,6,11,0,11,55,3,25
2,7,1.0,160,5,17,0,13,99,3,7
3,8,13.0,189,6,4,2,2,2,3,25
3,8,15.0,72,0,7,0,0,26,3,1
3,8,15.0,72,0,23,1,15,114,4,1
3,8,15.0,72,0,13,0,8,19,0,1
3,8,29.0,301,0,6,1,9,57,0,16
3,10,30.0,157,2,12,0,9,49,4,19
3,10,30.0,157,2,17,0,0,77,3,19
3,8,5.0,101,5,4,2,9,95,3,24
3,8,5.0,101,5,1,0,14,32,4,24
3,8,14.0,296,3,9,1,1,105,0,5
3,10,28.0,216,0,22,0,11,94,3,18
3,10,31.0,135,4,12,0,2,13,1,20
3,10,30.0,157,2,19,0,5,0,2,19
3,10,22.0,314,1,12,0,14,25,1,26
3,10,22.0,314,1,19,0,9,49,1,26
3,10,12.0,333,6,10,0,14,24,2,28
3,10,28.0,216,0,16,0,14,34,4,18
3,10,28.0,216,0,11,1,9,102,2,18
3,10,28.0,216,0,19,0,8,9,3,18
3,10,28.0,216,0,19,0,14,110,4,18
3,10,29.0,318,1,5,0,11,18,1,16
3,10,28.0,216,0,5,1,7,20,0,18
3,10,29.0,318,1,22,0,11,133,3,16
3,10,29.0,318,1,4,0,8,33,3,16
3,10,29.0,318,1,1,0,0,26,0,16
3,10,29.0,318,1,19,0,15,112,4,16
3,10,30.0,157,2,7,0,2,40,1,19
3,1,4.0,286,0,14,0,2,2,2,30
3,1,12.0,353,1,8,1,13,99,2,28
3,10,29.0,318,1,9,1,7,120,0,16
3,10,30.0,157,2,0,0,8,9,0,19
3,10,30.0,157,2,4,2,10,6,3,19
3,10,30.0,157,2,6,0,9,63,3,19
3,10,30.0,157,2,0,0,8,9,0,19
3,10,30.0,157,2,17,0,8,33,0,19
3,10,30.0,157,2,16,0,9,95,2,19
3,6,13.0,317,5,4,0,3,76,1,25
3,10,30.0,157,2,12,0,13,28,2,19
3,10,31.0,135,4,21,1,10,47,0,20
3,10,28.0,216,0,3,1,12,84,1,18
3,10,31.0,135,4,8,2,10,43,3,20
3,1,5.0,219,1,7,1,9,109,0,24
3,1,5.0,219,1,11,2,0,53,0,24
3,1,5.0,219,1,8,0,2,2,1,24
3,1,5.0,219,1,14,0,10,30,0,24
3,1,6.0,97,2,16,0,9,93,1,23
3,1,6.0,97,2,23,0,16,42,1,23
3,1,6.0,97,2,13,0,13,28,4,23
3,1,6.0,97,2,22,0,11,98,3,23
3,8,12.0,284,5,8,0,0,0,2,28
3,8,14.0,296,3,11,1,9,134,4,5
3,8,14.0,296,3,9,2,10,22,3,5
3,1,6.0,97,2,4,0,13,99,3,23
3,1,14.0,183,4,3,2,13,69,3,5
3,1,14.0,183,4,8,1,13,48,4,5
3,1,14.0,183,4,1,0,5,0,2,5
3,1,14.0,183,4,9,0,11,15,3,5
3,10,29.0,318,1,15,0,0,26,1,16
3,10,30.0,157,2,6,0,5,12,0,19
3,10,29.0,318,1,9,2,2,86,3,16
3,10,30.0,157,2,6,0,6,89,3,19
3,10,30.0,157,2,17,0,8,33,3,19
3,10,30.0,157,2,0,0,8,9,3,19
3,10,30.0,157,2,20,0,1,67,1,19
3,10,30.0,157,2,8,0,8,41,3,19
3,10,30.0,157,2,2,0,0,77,3,19
3,10,30.0,157,2,9,0,12,61,1,19
3,10,30.0,157,2,18,0,5,64,1,19
3,10,31.0,135,4,15,0,13,29,3,20
3,10,31.0,135,4,4,0,4,75,1,20
3,10,31.0,135,4,13,0,2,71,4,20
3,8,12.0,284,5,17,1,3,30,2,28
3,1,5.0,219,1,6,0,11,15,3,24
3,1,5.0,219,1,20,0,8,118,1,24
3,1,5.0,219,1,9,0,9,63,3,24
3,1,5.0,219,1,9,2,0,77,3,24
3,1,6.0,97,2,21,1,1,81,0,23
3,1,6.0,97,2,10,0,2,86,1,23
3,1,14.0,183,4,11,0,16,50,3,5
3,1,14.0,183,4,1,0,6,7,1,5
3,1,14.0,183,4,5,2,12,84,1,5
3,3,28.0,187,0,1,1,3,115,1,18
3,3,29.0,325,1,4,0,6,132,3,16
3,3,29.0,325,1,1,2,2,123,1,16
3,5,3.0,161,6,3,0,8,9,2,27
3,5,3.0,161,6,19,0,5,6,1,27
3,7,30.0,42,3,5,0,15,46,4,19
3,5,4.0,114,3,2,2,14,88,2,30
3,5,5.0,96,0,12,0,10,22,2,24
3,5,5.0,96,0,9,0,11,117,1,24
3,5,6.0,277,1,21,1,14,32,4,23
3,5,5.0,96,0,22,0,14,24,2,24
3,6,3.0,99,1,3,0,11,124,1,27
3,6,3.0,99,1,22,2,10,43,3,27
3,1,4.0,286,0,3,0,5,0,1,30
3,1,4.0,286,0,7,0,2,2,3,30
3,6,3.0,99,1,15,1,4,82,2,27
3,3,29.0,325,1,22,0,6,89,1,16
3,6,5.0,342,4,4,0,5,64,0,24
2,0,29.0,228,3,3,1,12,100,4,16
2,3,26.0,361,5,19,0,16,108,4,3
3,11,1.0,222,2,6,0,10,6,3,7
3,11,1.0,222,2,6,0,13,123,1,7
3,11,1.0,222,2,0,0,0,12,3,7
3,11,1.0,222,2,16,0,0,15,0,7
2,3,28.0,325,3,23,0,10,22,3,18
3,11,1.0,222,2,16,0,5,12,2,7
0,0,21.0,287,4,11,1,3,30,1,21
2,3,28.0,325,3,16,1,10,12,0,18
2,3,28.0,325,3,13,0,0,12,1,18
2,3,1.0,120,0,17,0,4,82,4,7
2,6,16.0,244,3,23,3,5,6,3,2
2,9,26.0,267,0,9,0,0,85,3,3
2,8,29.0,103,3,9,0,9,95,4,16
2,1,13.0,183,1,17,0,2,35,4,25
2,7,2.0,269,6,20,0,11,117,0,22
2,4,1.0,141,1,21,0,7,20,3,7
2,3,24.0,347,2,18,1,13,38,0,14
2,7,9.0,329,6,14,0,8,65,3,12
2,7,9.0,329,6,1,0,5,12,1,12
2,7,19.0,266,1,18,0,11,122,3,10
2,8,27.0,224,5,6,0,5,6,2,15
2,3,24.0,347,2,0,1,5,6,0,14
2,7,26.0,53,1,0,0,13,21,0,3
2,4,1.0,141,1,12,0,4,121,3,7
2,5,24.0,350,5,19,1,15,39,4,14
3,11,3.0,288,5,6,2,13,21,3,27
2,7,26.0,53,1,23,0,5,6,0,3
2,11,15.0,331,0,19,1,14,110,0,1
3,11,3.0,288,5,16,0,10,47,3,27
2,7,26.0,53,1,16,0,2,86,1,3
2,8,3.0,299,1,1,0,8,41,3,27
2,9,6.0,51,1,18,1,16,72,2,23
3,11,10.0,360,5,8,1,12,17,4,4
2,10,7.0,213,3,22,0,14,131,4,11
3,11,3.0,288,5,21,0,10,22,3,27
2,7,27.0,34,2,17,0,2,86,1,15
2,4,5.0,176,6,3,0,16,50,3,24
2,9,4.0,295,3,13,0,2,69,0,30
3,11,3.0,288,5,19,2,7,120,2,27
3,11,4.0,275,6,17,0,10,22,3,30
3,11,4.0,275,6,15,0,5,64,2,30
3,11,12.0,118,3,19,2,9,54,3,28
2,9,17.0,255,6,14,1,9,134,0,6
3,11,12.0,118,3,22,1,8,65,4,28
3,11,20.0,340,0,3,0,9,93,1,29
3,11,20.0,340,0,3,0,5,6,3,29
3,11,20.0,340,0,4,0,5,6,0,29
3,11,20.0,340,0,13,1,14,126,4,29
3,11,20.0,340,0,15,1,11,10,4,29
3,11,26.0,364,3,15,0,15,114,3,3
3,11,26.0,364,3,1,0,8,27,4,3
3,11,27.0,322,0,17,0,10,22,1,15
3,11,27.0,322,0,16,0,7,129,2,15
3,11,27.0,322,0,5,0,2,92,1,15
3,11,27.0,322,0,8,0,14,24,1,15
2,11,28.0,123,3,2,1,4,127,2,18
3,11,19.0,321,3,19,1,7,111,4,10
2,7,9.0,329,6,18,0,12,121,4,12
2,7,16.0,95,6,17,0,7,111,3,2
2,7,16.0,95,6,15,0,2,13,1,2
2,7,16.0,95,6,11,0,9,27,2,2
2,7,16.0,95,6,4,1,11,15,0,2
2,7,17.0,154,3,6,1,1,67,0,6
2,7,16.0,95,6,12,1,9,93,0,2
2,7,16.0,95,6,5,0,12,121,0,2
2,7,17.0,154,3,0,1,1,67,0,6
2,7,17.0,154,3,19,0,1,16,3,6
2,7,17.0,154,3,4,0,1,11,3,6
2,7,16.0,95,6,12,1,3,115,2,2
2,7,19.0,266,1,20,0,6,7,0,10
2,7,19.0,266,1,4,0,13,36,1,10
2,7,26.0,53,1,16,1,10,22,0,3
2,11,17.0,110,2,14,2,8,27,0,6
2,9,12.0,177,0,13,2,9,63,4,28
2,6,24.0,39,0,5,1,3,115,4,14
2,6,22.0,84,6,5,1,11,124,4,26
2,8,17.0,75,1,11,0,2,86,0,6
2,3,13.0,33,6,19,0,15,51,1,25
2,6,8.0,236,6,18,1,9,102,1,8
2,2,1.0,143,5,1,1,1,1,4,7
2,2,26.0,136,1,8,1,9,9,4,3
2,6,24.0,39,0,4,3,1,11,0,14
2,10,16.0,256,1,18,0,3,115,1,2
2,4,25.0,80,5,8,1,9,93,4,13
2,0,14.0,190,6,17,0,5,0,2,5
2,10,23.0,261,1,15,0,11,133,1,17
3,11,25.0,88,6,5,0,12,56,2,13
2,11,24.0,194,2,8,0,0,68,3,14
2,11,24.0,194,2,14,0,8,118,3,14
2,11,24.0,194,2,9,0,13,48,1,14
2,9,8.0,90,4,19,0,6,7,3,8
2,9,8.0,90,4,22,0,7,120,4,8
2,9,8.0,90,4,8,2,13,28,2,8
2,9,16.0,107,5,15,0,8,27,1,2
2,9,16.0,107,5,2,0,14,25,3,2
2,9,16.0,107,5,12,2,7,120,3,2
2,9,16.0,107,5,11,0,13,38,2,2
2,10,10.0,298,2,14,0,7,120,3,4
2,10,11.0,333,4,11,1,11,15,1,9
2,5,19.0,214,3,17,3,5,6,1,10
2,9,18.0,359,3,15,0,8,9,2,0
2,9,16.0,107,5,0,0,11,117,2,2
2,9,19.0,234,0,18,0,15,46,0,10
2,5,16.0,212,4,19,1,9,27,0,2
2,7,7.0,94,4,13,3,0,68,4,11
2,1,17.0,82,6,18,1,13,28,0,6
2,11,5.0,240,5,3,1,5,64,1,24
2,6,7.0,59,5,13,1,3,30,0,11
2,6,30.0,208,3,12,0,4,82,2,19
2,10,24.0,56,2,9,0,3,79,1,14
2,11,5.0,240,5,13,1,3,79,0,24
2,3,30.0,109,1,1,0,2,86,1,19
3,11,12.0,118,3,18,0,6,128,1,28
2,4,5.0,176,6,22,0,0,15,3,24
2,6,21.0,185,5,4,0,6,132,3,21
3,11,1.0,222,2,21,0,8,19,0,7
3,11,20.0,340,0,13,0,11,15,3,29
3,11,20.0,340,0,19,0,11,15,1,29
3,11,20.0,340,0,8,0,5,6,3,29
3,11,20.0,340,0,12,1,11,10,4,29
3,11,20.0,340,0,1,1,14,126,4,29
3,11,20.0,340,0,12,1,7,54,4,29
3,11,26.0,364,3,22,3,5,12,0,3
3,11,26.0,364,3,12,1,4,138,4,3
3,11,26.0,364,3,2,0,7,137,3,3
3,11,26.0,364,3,18,0,1,59,0,3
3,11,26.0,364,3,1,2,12,80,3,3
3,9,5.0,89,2,12,0,0,85,3,24
2,1,11.0,353,3,14,1,2,2,4,9
3,9,5.0,89,2,16,1,9,9,4,24
3,9,5.0,89,2,18,0,2,13,4,24
3,9,5.0,89,2,1,1,9,54,1,24
3,9,13.0,91,4,17,1,13,48,0,25
2,9,25.0,344,3,13,3,12,17,2,13
2,3,16.0,54,1,17,3,0,68,2,2
2,1,12.0,207,0,16,2,1,35,0,28
2,1,12.0,207,0,5,0,3,79,3,28
2,1,12.0,207,0,20,0,5,6,2,28
2,1,12.0,207,0,2,0,4,66,3,28
2,1,12.0,207,0,1,0,12,80,1,28
2,1,21.0,164,2,19,0,16,74,1,21
2,1,21.0,164,2,19,0,2,123,4,21
2,1,27.0,300,1,4,0,16,72,0,15
2,1,29.0,100,4,0,2,9,102,3,16
2,8,1.0,77,3,0,0,10,43,1,7
2,8,2.0,363,0,16,0,6,73,3,22
2,1,19.0,151,0,11,3,12,61,1,10
2,8,3.0,299,1,22,0,2,35,4,27
2,8,3.0,299,1,2,0,3,30,4,27
2,8,9.0,71,0,17,0,0,12,3,12
2,8,9.0,71,0,4,0,0,53,3,12
2,8,9.0,71,0,8,0,13,28,1,12
2,10,26.0,302,5,9,0,5,12,3,3
2,7,27.0,34,2,23,0,7,20,3,15
2,7,27.0,34,2,22,0,8,41,1,15
2,7,27.0,34,2,8,0,10,52,1,15
2,3,3.0,285,2,16,0,0,12,0,27
2,3,3.0,285,2,14,0,7,78,4,27
2,3,3.0,285,2,18,0,16,37,1,27
2,3,9.0,4,1,16,0,0,12,3,12
2,3,9.0,4,1,2,0,9,49,1,12
2,3,18.0,138,4,16,2,5,6,3,0
2,3,18.0,138,4,10,0,5,6,3,0
2,3,18.0,138,4,8,1,10,22,1,0
2,3,18.0,138,4,3,0,7,20,3,0
2,3,28.0,325,3,17,1,7,111,0,18
2,3,28.0,325,3,5,0,1,16,3,18
2,7,16.0,95,6,14,0,2,69,2,2
2,7,16.0,95,6,18,1,10,47,1,2
2,7,16.0,95,6,23,1,11,15,4,2
2,7,17.0,154,3,12,0,12,121,1,6
2,7,19.0,266,1,22,0,8,33,1,10
3,11,20.0,340,0,14,1,11,8,0,29
3,9,2.0,323,3,18,0,9,54,1,22
3,9,13.0,91,4,9,2,15,31,1,25
3,9,13.0,91,4,18,0,0,12,1,25
3,9,28.0,315,5,22,0,15,39,0,18
3,9,28.0,315,5,13,0,12,80,2,18
3,9,28.0,315,5,8,0,10,47,1,18
3,9,27.0,179,4,19,1,13,38,0,15
3,7,5.0,204,2,21,1,10,22,0,24
3,7,5.0,204,2,23,1,2,86,0,24
3,7,5.0,204,2,22,0,14,110,3,24
3,7,11.0,197,1,13,0,2,13,1,9
3,7,11.0,197,1,8,0,0,12,0,9
3,11,30.0,170,4,13,0,9,57,0,19
3,11,30.0,170,4,8,2,0,31,3,19
3,11,30.0,170,4,18,0,2,92,1,19
3,9,2.0,323,3,11,0,14,131,2,22
3,9,2.0,323,3,12,0,15,31,2,22
3,9,5.0,89,2,13,0,13,99,3,24
2,1,27.0,300,1,6,0,10,23,1,15
2,1,27.0,300,1,16,0,10,12,3,15
2,1,27.0,300,1,10,2,5,6,3,15
3,11,29.0,270,2,11,0,2,2,1,16
2,1,6.0,32,1,14,2,9,134,1,23
3,9,20.0,119,4,13,1,8,33,4,29
3,9,20.0,119,4,2,0,5,0,3,29
3,9,13.0,91,4,1,0,9,134,3,25
0,1,31.0,305,4,13,0,9,102,4,20
3,9,27.0,179,4,13,0,2,2,1,15
2,4,5.0,176,6,22,2,0,77,3,24
3,9,27.0,179,4,23,1,13,21,1,15
3,9,20.0,119,4,16,1,13,99,0,29
2,3,24.0,347,2,7,2,10,22,2,14
2,11,1.0,222,0,22,0,2,2,1,7
2,4,12.0,221,6,2,0,9,93,1,28
3,9,28.0,315,5,2,0,1,81,2,18
2,6,30.0,208,3,18,0,16,42,3,19
3,9,20.0,119,4,21,2,14,32,3,29
2,6,16.0,244,3,19,0,2,2,1,2
3,9,28.0,315,5,4,0,9,57,3,18
2,0,31.0,365,1,12,0,14,34,0,20
2,2,6.0,153,2,12,0,14,24,1,23
2,3,5.0,303,5,17,0,5,12,1,24
2,3,7.0,148,3,5,0,6,89,2,11
2,5,7.0,199,1,6,0,0,85,3,11
2,6,24.0,39,0,18,0,2,40,4,14
2,6,22.0,84,6,6,1,3,30,4,26
2,9,29.0,98,4,19,0,9,27,0,16
2,11,11.0,175,4,17,1,5,6,1,9
2,1,25.0,248,3,18,1,0,15,0,13
2,5,21.0,163,1,19,2,12,17,0,21
2,5,21.0,163,1,18,0,5,12,0,21
2,2,26.0,136,1,19,1,1,59,4,3
2,11,23.0,232,1,18,1,7,137,2,17
2,9,12.0,177,0,4,1,4,79,2,28
2,10,21.0,314,3,13,0,3,44,1,21
3,11,9.0,311,4,8,3,1,67,0,12
3,11,25.0,88,6,18,2,5,12,0,13
2,9,29.0,98,4,2,0,16,50,1,16
3,11,27.0,322,0,9,0,10,47,1,15
2,1,11.0,353,3,2,0,2,92,3,9
2,1,18.0,29,3,7,1,5,12,0,0
2,1,18.0,29,3,13,3,0,0,2,0
2,1,18.0,29,3,12,0,12,56,0,0
2,1,18.0,29,3,12,1,9,83,2,0
2,1,26.0,262,0,21,1,5,64,1,3
2,8,20.0,46,5,19,0,15,39,2,29
2,8,20.0,46,5,11,1,14,126,4,29
2,8,20.0,46,5,14,0,14,24,1,29
2,8,20.0,46,5,14,0,2,60,4,29
2,8,20.0,46,5,2,1,10,23,1,29
2,8,21.0,354,6,21,0,2,69,3,21
2,8,18.0,280,2,18,0,16,50,0,0
2,8,21.0,354,6,4,0,11,15,1,21
2,5,1.0,307,2,22,0,5,6,0,7
2,5,26.0,328,3,9,0,12,80,4,3
2,8,21.0,354,6,9,0,6,7,3,21
2,4,4.0,235,5,2,0,7,62,3,30
2,4,10.0,121,4,8,0,0,0,0,4
2,4,13.0,345,3,17,0,16,37,1,25
2,4,13.0,345,3,14,0,10,47,1,25
2,10,1.0,358,0,9,0,10,22,3,7
2,10,1.0,358,0,18,2,1,11,3,7
2,10,2.0,310,1,0,0,6,128,1,22
2,10,2.0,310,1,7,0,15,114,1,22
2,10,2.0,310,1,13,0,4,66,3,22
2,10,2.0,310,1,16,0,5,12,0,22
2,10,2.0,310,1,14,2,6,132,3,22
2,10,12.0,346,5,16,0,15,51,1,28
2,10,12.0,346,5,19,0,7,78,1,28
2,10,17.0,246,2,17,0,2,86,4,6
2,10,17.0,246,2,8,0,3,115,2,6
2,10,19.0,223,5,17,0,5,12,3,10
2,10,17.0,246,2,4,0,14,34,0,6
2,9,10.0,156,6,11,1,2,60,4,4
2,8,1.0,77,3,15,0,12,61,1,7
3,11,2.0,265,4,14,1,5,6,0,22
2,10,19.0,223,5,19,0,15,119,2,10
2,10,19.0,223,5,8,1,13,99,4,10
2,10,20.0,341,6,19,0,4,5,1,29
2,9,18.0,359,3,19,0,2,123,1,0
2,9,18.0,359,3,14,2,8,19,4,0
2,9,18.0,359,3,19,0,8,9,4,0
2,9,19.0,234,0,22,0,4,82,3,10
2,9,19.0,234,0,19,2,9,109,0,10
2,9,19.0,234,0,14,0,11,18,4,10
2,9,18.0,359,3,11,0,13,28,2,0
2,9,24.0,272,6,20,2,9,57,3,14
2,9,24.0,272,6,8,0,2,123,2,14
2,9,24.0,272,6,18,2,0,12,1,14
2,9,26.0,267,0,12,0,2,13,3,3
2,9,26.0,267,0,8,0,0,77,3,3
2,9,26.0,267,0,14,0,8,41,4,3
2,0,29.0,228,3,12,1,9,10,4,16
2,8,3.0,299,1,14,0,10,22,1,27
2,10,24.0,56,2,11,0,10,47,1,14
2,3,12.0,210,5,2,0,4,45,2,28
3,7,17.0,95,0,21,1,10,22,1,6
3,9,28.0,315,5,19,1,1,35,4,18
2,8,9.0,71,0,20,1,10,22,0,12
2,10,18.0,117,4,14,0,9,93,1,0
3,11,20.0,340,0,14,0,0,64,2,29
2,11,11.0,175,4,5,0,11,133,2,9
3,7,5.0,204,2,17,0,2,3,1,24
2,10,31.0,203,2,12,1,14,25,0,20
2,8,12.0,189,4,6,0,13,38,3,28
2,9,26.0,267,0,9,0,10,47,2,3
2,8,3.0,299,1,5,0,1,59,2,27
2,11,13.0,312,6,1,1,4,75,4,25
3,11,31.0,227,5,5,0,5,6,0,20
2,7,2.0,269,6,5,0,16,37,2,22
3,11,26.0,364,3,17,2,2,2,3,3
2,8,9.0,71,0,13,1,13,38,1,12
3,3,1.0,180,1,13,0,8,41,1,7
2,5,5.0,277,3,4,0,2,40,1,24
3,7,5.0,204,2,10,0,0,12,3,24
2,7,2.0,269,6,2,0,0,12,3,22
3,11,26.0,364,3,23,0,14,34,1,3
2,8,1.0,77,3,13,0,3,76,1,7
2,1,27.0,300,1,11,2,1,11,3,15
2,1,27.0,300,1,4,0,10,6,0,15
2,1,29.0,100,4,3,0,1,11,0,16
2,1,29.0,100,4,12,0,10,12,3,16
2,1,29.0,100,4,1,0,2,86,3,16
2,8,1.0,77,3,0,1,9,57,0,7
2,8,1.0,77,3,9,2,16,50,3,7
2,8,2.0,363,0,5,1,12,61,4,22
2,8,2.0,363,0,14,0,3,115,3,22
2,8,3.0,299,1,16,0,2,2,1,27
2,7,9.0,329,6,1,0,0,64,3,12
2,7,26.0,53,1,2,0,9,87,2,3
2,7,27.0,34,2,16,0,11,15,0,15
2,7,26.0,53,1,2,0,8,19,3,3
2,7,27.0,34,2,19,0,13,48,2,15
2,3,3.0,285,2,12,0,8,27,1,27
2,3,3.0,285,2,3,0,6,116,1,27
2,3,9.0,4,1,9,0,1,67,4,12
2,3,18.0,138,4,23,0,10,22,3,0
2,3,18.0,138,4,22,0,15,77,3,0
2,3,18.0,138,4,7,1,6,7,4,0
2,3,26.0,361,5,3,1,15,96,4,3
2,3,28.0,325,3,16,2,7,78,0,18
3,9,12.0,177,2,18,1,0,64,1,28
3,9,18.0,359,1,9,1,13,21,1,0
3,7,2.0,160,3,15,0,9,87,4,22
2,3,28.0,325,3,3,0,14,25,2,18
2,3,28.0,325,3,19,0,13,38,4,18
2,5,3.0,114,5,16,2,5,6,3,27
3,9,13.0,91,4,15,0,5,6,0,25
3,9,13.0,91,4,13,1,8,118,1,25
3,9,13.0,91,4,8,0,12,100,1,25
3,9,20.0,119,4,11,0,9,49,1,29
2,1,26.0,262,0,14,1,4,45,0,3
3,9,20.0,119,4,12,0,0,64,0,29
3,9,20.0,119,4,9,1,7,62,2,29
3,9,27.0,179,4,15,0,14,97,1,15
3,9,27.0,179,4,23,1,2,2,4,15
3,9,13.0,91,4,0,0,0,0,2,25
3,9,28.0,315,5,8,0,4,45,2,18
3,9,28.0,315,5,18,0,5,12,3,18
3,7,5.0,204,2,17,2,5,64,3,24
3,7,11.0,197,1,2,1,12,17,4,9
3,7,11.0,197,1,8,0,1,59,4,9
3,7,11.0,197,1,2,1,16,130,1,9
3,7,13.0,238,4,19,2,13,69,2,25
3,7,13.0,238,4,12,2,9,57,0,25
3,11,27.0,322,0,21,1,13,28,0,15
3,11,30.0,170,4,8,0,7,120,4,19
3,11,30.0,170,4,19,0,15,112,1,19
3,11,30.0,170,4,4,2,5,64,0,19
3,11,30.0,170,4,22,1,1,81,4,19
2,8,3.0,299,1,21,0,10,47,3,27
2,1,27.0,300,1,6,0,3,79,4,15
2,1,27.0,300,1,21,0,4,66,0,15
2,1,27.0,300,1,18,0,8,9,3,15
2,1,29.0,100,4,20,0,2,71,4,16
2,1,29.0,100,4,5,0,8,27,4,16
2,1,29.0,100,4,21,1,12,61,2,16
2,1,27.0,300,1,21,1,16,74,1,15
2,8,1.0,77,3,17,1,12,135,4,7
2,8,1.0,77,3,11,0,14,25,1,7
2,8,1.0,77,3,2,0,9,54,3,7
2,8,1.0,77,3,23,1,1,1,1,7
2,8,2.0,363,0,16,1,0,53,4,22
2,8,2.0,363,0,8,0,2,35,3,22
2,8,2.0,363,0,4,0,7,120,4,22
2,8,3.0,299,1,7,0,1,35,3,27
2,8,3.0,299,1,13,2,9,57,3,27
2,8,3.0,299,1,22,0,12,56,0,27
2,8,9.0,71,0,21,0,15,46,3,12
2,8,9.0,71,0,17,1,1,35,0,12
2,8,9.0,71,0,15,0,16,74,1,12
2,8,9.0,71,0,13,0,4,79,3,12
3,11,30.0,170,4,12,3,8,27,1,19
3,9,2.0,323,3,17,0,3,30,3,22
3,9,2.0,323,3,19,2,15,108,0,22
3,9,5.0,89,2,23,1,10,52,1,24
3,9,5.0,89,2,2,0,11,117,1,24
2,3,17.0,165,2,18,1,0,26,1,6
2,1,26.0,262,0,15,1,6,116,4,3
3,9,13.0,91,4,2,2,9,27,3,25
3,11,26.0,364,3,3,2,1,67,0,3
2,8,12.0,189,4,22,0,10,47,2,28
2,7,25.0,316,0,18,3,3,30,1,13
2,9,29.0,98,4,22,0,5,64,0,16
2,8,12.0,189,4,8,0,13,38,4,28
3,7,5.0,204,2,13,0,0,26,2,24
2,10,24.0,56,2,1,0,6,7,1,14
2,3,17.0,165,2,1,2,10,47,3,6
2,9,29.0,98,4,19,3,15,46,0,16
2,8,12.0,189,4,14,0,6,89,2,28
2,10,31.0,203,2,4,0,7,31,1,20
2,3,27.0,187,6,18,0,8,41,2,15
3,7,11.0,197,1,9,0,11,94,3,9
2,5,29.0,294,2,19,0,2,86,4,16
2,9,10.0,156,6,1,0,6,132,1,4
2,10,30.0,135,1,2,1,2,86,4,19
3,7,11.0,197,1,9,0,14,106,4,9
2,7,9.0,329,6,21,2,1,105,0,12
2,6,24.0,39,0,20,1,9,93,1,14
2,8,19.0,319,4,3,1,6,91,4,10
2,1,17.0,82,6,18,1,13,28,0,6
3,11,26.0,364,3,4,1,16,113,1,3
3,11,26.0,364,3,1,0,9,93,1,3
2,11,11.0,175,4,15,0,5,6,1,9
2,8,6.0,70,5,12,0,3,115,1,23
2,6,6.0,169,4,22,3,3,76,1,23
2,6,23.0,31,3,17,1,0,31,2,17
2,6,23.0,31,3,20,0,2,2,1,17
2,10,23.0,261,1,19,3,14,126,3,17
2,8,16.0,74,0,23,1,3,76,4,2
2,8,17.0,75,1,15,1,13,21,1,6
2,5,13.0,36,0,13,1,16,50,4,25
2,6,8.0,236,6,22,0,12,61,2,8
2,6,8.0,236,6,12,0,10,12,1,8
2,6,8.0,236,6,12,0,16,74,3,8
2,6,6.0,169,4,2,2,1,11,3,23
2,8,17.0,75,1,14,3,9,27,0,6
2,2,26.0,136,1,1,1,9,58,4,3
2,10,23.0,261,1,12,0,0,12,1,17
3,11,17.0,110,5,23,0,5,47,2,6
2,11,6.0,252,6,8,0,11,15,2,23
2,3,7.0,148,3,13,0,8,41,2,11
3,11,27.0,322,0,17,0,6,7,4,15
3,11,27.0,322,0,9,0,10,22,1,15
3,11,26.0,364,3,18,1,8,41,1,3
3,11,30.0,170,4,16,0,16,50,2,19
3,11,30.0,170,4,13,0,1,35,4,19
2,0,29.0,228,3,18,0,9,57,3,16
3,11,1.0,222,2,17,0,6,7,0,7
3,11,1.0,222,2,10,0,8,27,4,7
3,11,1.0,222,2,22,0,0,77,0,7
3,11,3.0,288,5,18,0,13,36,1,27
3,11,4.0,275,6,22,1,16,74,4,30
3,11,12.0,118,3,0,0,14,24,3,28
3,11,12.0,118,3,8,2,3,103,3,28
2,10,29.0,157,0,2,0,14,24,2,16
2,1,11.0,353,3,1,0,0,77,1,9
2,1,11.0,353,3,12,1,10,12,1,9
3,11,12.0,118,3,10,1,9,57,0,28
2,1,2.0,188,5,5,1,0,53,4,22
2,0,21.0,241,6,14,0,2,2,1,21
2,0,30.0,290,0,8,1,11,55,4,19
3,11,11.0,175,6,18,1,16,50,0,9
2,7,1.0,160,5,22,0,11,94,2,7
2,5,2.0,161,4,2,0,2,2,3,22
2,1,4.0,219,3,17,0,8,118,1,30
2,1,2.0,188,5,3,0,9,27,2,22
2,1,4.0,219,3,23,0,10,43,3,30
2,1,4.0,219,3,13,0,16,74,3,30
2,1,4.0,219,3,22,1,12,61,1,30
2,1,4.0,219,3,14,2,15,96,0,30
2,1,12.0,207,0,0,1,7,62,0,28
2,1,12.0,207,0,3,0,5,64,3,28
2,1,19.0,151,0,16,2,6,7,1,10
2,1,19.0,151,0,21,0,8,9,3,10
2,1,19.0,151,0,22,0,16,37,2,10
2,1,21.0,164,2,13,0,8,9,3,21
2,1,10.0,111,6,2,0,10,12,0,4
3,11,29.0,270,2,15,0,7,111,4,16
3,9,4.0,295,1,18,2,13,29,3,30
3,9,4.0,295,1,14,3,7,111,0,30
2,7,9.0,329,6,10,1,16,72,1,12
2,7,9.0,329,6,13,0,1,16,0,12
2,7,9.0,329,6,15,0,2,86,3,12
2,7,16.0,95,6,16,0,7,20,3,2
2,7,16.0,95,6,2,0,12,56,1,2
2,7,16.0,95,6,14,2,2,86,1,2
2,7,16.0,95,6,18,2,16,50,1,2
2,7,17.0,154,3,0,2,9,101,3,6
2,7,17.0,154,3,15,1,10,43,0,6
2,7,17.0,154,3,14,0,0,0,3,6
2,7,17.0,154,3,4,0,0,77,3,6
2,7,17.0,154,3,11,1,4,4,4,6
2,7,19.0,266,1,0,0,3,79,3,10
2,8,26.0,78,4,10,1,0,31,1,3
3,7,21.0,81,5,6,1,3,30,4,21
2,11,6.0,252,6,1,0,1,11,1,23
2,4,19.0,115,6,6,0,0,77,0,10
2,1,15.0,2,4,9,3,16,37,4,1
2,11,5.0,240,5,22,0,1,11,4,24
3,7,21.0,81,5,21,0,2,40,3,21
2,6,7.0,59,5,13,0,2,2,2,11
2,1,25.0,248,3,16,0,6,132,4,13
2,4,16.0,19,2,17,1,14,34,1,2
2,2,2.0,282,6,6,0,12,121,1,22
2,8,9.0,71,0,19,0,8,41,3,12
2,10,24.0,56,2,5,0,1,35,3,14
2,0,7.0,9,6,9,0,6,132,1,11
2,2,2.0,282,6,5,0,14,107,4,22
2,8,9.0,71,0,15,1,13,48,4,12
2,7,15.0,40,5,9,0,14,24,1,1
2,5,13.0,36,0,13,0,13,29,2,25
2,2,2.0,282,6,4,2,4,75,3,22
2,8,12.0,189,4,20,1,14,125,4,28
2,1,17.0,82,6,3,0,5,12,3,6
2,0,31.0,365,1,0,1,0,64,0,20
2,2,2.0,282,6,19,0,16,50,4,22
2,2,3.0,254,3,14,0,13,21,4,27
2,2,27.0,257,2,20,0,15,31,4,15
2,2,27.0,257,2,19,2,12,84,0,15
2,2,27.0,257,2,23,0,5,12,1,15
2,0,12.0,198,4,7,0,14,34,3,28
2,0,12.0,198,4,5,0,4,127,4,28
2,0,12.0,198,4,12,0,6,7,4,28
2,0,12.0,198,4,12,2,8,27,0,28
2,9,17.0,255,6,22,0,5,6,1,6
2,0,13.0,5,5,11,0,16,37,1,25
2,0,12.0,198,4,10,1,14,107,1,28
2,0,22.0,237,3,21,1,0,0,1,26
2,0,22.0,237,3,22,0,16,37,3,26
2,10,20.0,341,6,18,0,10,47,2,29
2,10,26.0,302,5,21,1,10,47,0,3
2,10,26.0,302,5,22,0,12,80,3,3
2,10,26.0,302,5,22,0,0,12,1,3
2,10,26.0,302,5,3,1,12,80,4,3
2,10,26.0,302,5,7,0,3,70,3,3
2,10,26.0,302,5,12,0,13,38,2,3
2,10,27.0,216,6,6,0,2,86,1,15
2,10,27.0,216,6,8,1,2,86,4,15
2,10,26.0,302,5,23,1,10,52,1,3
2,1,1.0,171,4,5,0,1,59,2,7
2,1,1.0,171,4,14,0,2,2,1,7
2,1,1.0,171,4,14,0,2,69,3,7
2,1,1.0,171,4,19,0,9,95,1,7
2,1,1.0,171,4,12,0,6,128,3,7
2,1,2.0,188,5,21,1,13,21,0,22
2,1,2.0,188,5,9,0,10,22,3,22
2,1,4.0,219,3,6,0,2,2,0,30
2,1,4.0,219,3,13,0,4,127,2,30
2,1,4.0,219,3,22,0,13,21,1,30
2,1,4.0,219,3,18,0,13,36,1,30
2,1,10.0,111,6,15,0,14,131,1,4
2,1,10.0,111,6,9,0,12,61,1,4
2,3,7.0,148,3,9,0,10,47,3,11
2,6,23.0,31,3,16,0,7,137,4,17
1,11,1.0,222,6,0,0,9,102,1,7
2,8,16.0,74,0,12,2,13,48,3,2
2,11,13.0,312,6,20,1,6,126,1,25
2,2,1.0,143,5,11,0,7,137,1,7
2,2,1.0,143,5,9,2,6,116,3,7
2,0,9.0,129,0,14,0,0,26,1,12
2,10,23.0,261,1,7,1,2,13,0,17
2,9,29.0,98,4,3,0,2,3,2,16
3,11,23.0,232,4,8,0,5,64,0,17
2,1,12.0,207,0,7,0,10,22,3,28
2,1,12.0,207,0,19,2,14,32,3,28
2,1,12.0,207,0,19,2,3,44,3,28
2,1,12.0,207,0,8,1,16,139,4,28
2,1,19.0,151,0,23,0,7,62,2,10
2,11,18.0,332,4,23,0,2,86,1,0
2,1,19.0,151,0,13,1,12,104,1,10
2,1,19.0,151,0,13,3,15,51,1,10
2,1,21.0,164,2,13,0,8,41,3,21
2,1,21.0,164,2,19,1,12,56,2,21
2,1,21.0,164,2,14,0,2,71,4,21
2,1,21.0,164,2,1,0,2,69,1,21
2,1,1.0,171,4,0,0,0,53,3,7
2,1,1.0,171,4,21,1,7,62,0,7
2,1,1.0,171,4,22,2,1,59,1,7
2,1,2.0,188,5,21,1,9,93,0,22
2,1,2.0,188,5,13,0,3,76,1,22
2,10,26.0,302,5,12,1,9,93,4,3
2,0,22.0,237,3,8,0,8,118,2,26
2,0,27.0,249,5,17,1,3,30,4,15
2,0,27.0,249,5,16,0,0,12,3,15
2,0,27.0,249,5,22,0,10,22,3,15
2,0,27.0,249,5,19,0,10,47,3,15
2,0,27.0,249,5,14,1,4,45,4,15
2,0,29.0,228,3,13,1,13,13,1,16
2,8,30.0,144,0,13,0,6,91,0,19
2,6,8.0,236,6,13,0,8,41,2,8
2,0,31.0,365,1,2,1,3,79,0,20
2,11,20.0,340,6,12,0,1,11,1,29
2,8,12.0,189,4,18,2,6,7,3,28
2,10,25.0,61,4,8,1,3,30,1,13
2,0,31.0,365,1,22,1,9,95,1,20
2,10,24.0,56,2,23,1,10,47,1,14
2,8,12.0,189,4,18,0,8,19,3,28
2,9,5.0,89,0,8,0,14,32,2,24
2,10,30.0,135,1,14,1,2,86,4,19
2,8,12.0,189,4,18,0,6,7,4,28
2,10,31.0,203,2,19,3,7,54,4,20
3,11,24.0,194,5,15,0,1,11,2,14
2,1,17.0,82,6,14,1,5,12,0,6
2,10,26.0,302,5,16,0,7,120,3,3
3,11,25.0,88,6,13,2,3,30,0,13
2,2,1.0,143,5,13,0,12,80,1,7
2,5,3.0,114,5,5,0,2,69,3,27
2,5,3.0,114,5,22,2,0,31,0,27
2,5,10.0,326,5,14,0,2,86,1,4
2,5,10.0,326,5,19,0,7,57,2,4
2,5,10.0,326,5,18,0,5,12,0,4
3,9,11.0,52,1,15,0,8,33,2,9
2,1,3.0,286,6,1,1,1,81,4,27
2,1,28.0,112,2,17,1,4,45,0,18
3,9,19.0,234,2,22,2,10,47,3,10
3,7,10.0,329,0,9,0,3,115,3,4
3,7,10.0,329,0,23,1,6,7,4,4
3,7,12.0,181,2,9,0,7,20,1,28
3,11,10.0,360,5,14,3,14,24,0,4
0,4,16.0,25,0,11,0,10,47,2,2
2,5,19.0,214,3,6,1,0,0,1,10
2,5,19.0,214,3,16,0,16,74,1,10
2,5,20.0,351,0,6,0,5,12,3,29
2,0,30.0,290,0,0,1,0,26,1,19
3,11,2.0,265,4,8,0,15,96,4,22
2,11,1.0,222,0,2,1,10,22,0,7
2,1,2.0,188,5,23,0,10,43,2,22
2,1,2.0,188,5,8,0,9,63,3,22
2,1,2.0,188,5,1,0,8,9,3,22
2,1,4.0,219,3,21,2,0,68,3,30
2,1,10.0,111,6,1,0,2,69,0,4
2,1,12.0,207,0,17,2,14,106,3,28
2,1,12.0,207,0,13,0,11,18,1,28
2,1,12.0,207,0,21,2,10,22,3,28
2,1,19.0,151,0,17,0,13,29,3,10
2,1,19.0,151,0,4,0,6,89,2,10
2,10,1.0,358,0,4,0,4,121,1,7
2,8,12.0,189,4,19,1,16,37,4,28
2,8,9.0,71,0,14,0,14,24,2,12
2,8,19.0,319,4,20,0,8,41,1,10
3,9,20.0,119,4,6,0,6,89,1,29
3,9,20.0,119,4,8,0,10,22,2,29
3,9,27.0,179,4,6,0,4,66,2,15
3,9,27.0,179,4,8,2,6,132,3,15
3,9,27.0,179,4,12,2,13,69,3,15
3,9,27.0,179,4,4,0,10,22,1,15
3,9,27.0,179,4,19,1,10,47,0,15
3,9,28.0,315,5,8,2,13,13,3,18
3,7,11.0,197,1,4,0,0,77,1,9
3,7,11.0,197,1,18,0,3,103,1,9
3,7,5.0,204,2,4,0,5,0,2,24
3,7,21.0,81,5,6,0,16,130,4,21
3,7,21.0,81,5,22,0,0,31,2,21
3,7,21.0,81,5,12,0,10,43,1,21
3,7,21.0,81,5,2,0,8,65,3,21
3,7,21.0,81,5,14,1,9,83,4,21
3,7,21.0,81,5,1,0,13,99,4,21
3,7,22.0,211,6,0,1,10,12,2,26
3,7,21.0,81,5,10,1,10,47,0,21
3,7,22.0,211,6,1,0,4,4,1,26
2,8,19.0,319,4,7,1,2,40,0,10
2,8,19.0,319,4,3,2,7,62,0,10
2,8,19.0,319,4,18,0,9,102,3,10
2,8,19.0,319,4,13,1,6,128,4,10
2,8,26.0,78,4,20,0,6,7,2,3
2,8,26.0,78,4,8,2,0,68,3,3
2,1,17.0,82,6,8,1,2,13,1,6
2,10,31.0,203,2,8,1,11,98,0,20
2,10,26.0,302,5,8,0,11,117,3,3
3,11,8.0,283,2,16,2,0,64,3,8
2,10,26.0,302,5,8,0,9,101,3,3
2,10,30.0,135,1,17,0,15,46,2,19
3,9,7.0,271,5,17,0,11,94,2,11
2,10,26.0,302,5,9,0,2,86,3,3
2,11,5.0,240,5,17,2,2,86,1,24
2,10,27.0,216,6,13,2,14,125,3,15
2,10,27.0,216,6,8,0,2,40,2,15
2,0,31.0,365,1,18,0,1,11,4,20
2,9,24.0,272,6,20,1,9,101,4,14
2,9,24.0,272,6,12,1,3,30,4,14
2,10,20.0,341,6,12,0,10,12,0,29
2,10,1.0,358,0,17,3,3,103,1,7
2,10,26.0,302,5,21,0,8,27,1,3
2,7,28.0,268,4,14,0,2,40,4,18
2,3,16.0,54,1,0,1,13,99,1,2
2,3,16.0,54,1,3,0,10,47,1,2
2,3,16.0,54,1,18,2,11,18,3,2
2,3,19.0,105,5,21,1,5,6,0,10
2,3,19.0,105,5,2,0,12,56,0,10
2,3,19.0,105,5,20,1,2,13,1,10
2,3,19.0,105,5,14,0,16,42,1,10
2,8,12.0,189,4,17,1,1,81,4,28
2,8,19.0,319,4,13,0,6,89,2,10
2,8,19.0,319,4,4,0,6,91,4,10
2,3,19.0,105,5,18,0,12,104,2,10
2,3,19.0,105,5,3,1,1,81,4,10
2,3,25.0,343,4,6,0,10,47,0,13
2,3,25.0,343,4,18,2,6,7,3,13
2,5,2.0,161,4,4,0,10,47,2,22
2,5,8.0,206,2,0,0,14,24,1,8
2,5,18.0,146,6,20,0,10,22,1,0
2,5,18.0,146,6,18,2,6,91,3,0
2,5,18.0,146,6,12,0,0,85,1,0
2,5,25.0,37,6,20,1,13,38,4,13
2,5,25.0,37,6,12,1,9,101,4,13
2,5,27.0,259,0,5,0,12,56,3,15
2,5,27.0,259,0,12,0,13,28,3,15
2,5,27.0,259,0,22,1,12,80,1,15
2,5,25.0,37,6,15,0,9,95,2,13
2,6,9.0,149,3,20,0,0,0,3,12
2,6,9.0,149,3,3,1,14,25,4,12
2,6,9.0,149,3,4,1,0,12,0,12
2,6,9.0,149,3,14,1,12,135,4,12
2,6,10.0,355,0,12,0,7,57,3,4
2,6,9.0,149,3,20,0,12,17,4,12
2,4,12.0,221,6,22,0,8,41,2,28
2,6,18.0,291,1,20,0,0,77,1,0
2,6,18.0,291,1,3,0,10,22,3,0
2,6,18.0,291,1,14,0,3,44,3,0
2,6,18.0,291,1,9,0,6,132,1,0
2,6,29.0,145,6,23,0,9,134,0,16
2,10,1.0,358,0,6,0,15,77,0,7
2,6,29.0,145,6,4,0,14,24,2,16
2,11,2.0,265,1,0,1,10,43,0,22
2,11,2.0,265,1,19,2,3,30,3,22
2,11,2.0,265,1,4,2,6,7,3,22
2,11,7.0,253,3,18,0,10,22,3,11
2,11,7.0,253,3,1,0,14,24,3,11
2,11,8.0,283,0,19,0,10,47,3,8
2,11,8.0,283,0,2,1,0,77,1,8
2,11,8.0,283,0,1,0,16,37,0,8
2,11,17.0,110,2,0,0,3,76,1,6
2,11,17.0,110,2,10,0,2,2,1,6
2,11,17.0,110,2,7,1,10,52,0,6
2,11,17.0,110,2,5,0,8,118,1,6
2,11,17.0,110,2,2,0,0,15,1,6
2,3,28.0,325,3,2,3,3,30,1,18
2,4,3.0,178,4,18,0,5,6,3,27
2,0,11.0,113,2,12,0,6,73,1,9
2,10,11.0,333,4,14,2,8,33,3,9
2,10,18.0,117,4,1,1,9,10,4,0
2,11,24.0,194,2,0,0,4,121,3,14
2,11,24.0,194,2,14,1,3,76,4,14
2,11,24.0,194,2,18,1,11,133,0,14
2,9,8.0,90,4,12,0,5,6,0,8
2,1,8.0,50,4,10,1,2,123,4,8
2,1,24.0,65,6,13,0,7,20,0,14
2,3,23.0,357,1,18,1,14,32,2,17
2,3,15.0,263,0,19,2,7,78,3,1
0,0,31.0,290,3,4,1,15,119,0,20
2,9,7.0,271,2,3,0,7,137,2,11
2,8,27.0,224,5,13,1,1,59,4,15
2,8,27.0,224,5,4,0,0,12,2,15
2,10,27.0,216,6,22,3,9,54,3,15
2,10,27.0,216,6,9,0,15,46,1,15
2,8,28.0,301,6,3,0,1,59,3,18
2,1,1.0,171,4,6,1,0,0,0,7
2,8,28.0,301,6,3,0,6,128,1,18
2,1,1.0,171,4,0,0,10,22,1,7
2,1,2.0,188,5,13,1,0,85,1,22
2,10,27.0,216,6,13,2,13,38,2,15
2,1,4.0,219,3,0,1,7,120,0,30
2,1,4.0,219,3,11,0,9,87,4,30
2,1,4.0,219,3,5,0,0,12,3,30
2,1,4.0,219,3,11,1,9,93,1,30
3,7,22.0,211,6,16,0,8,9,3,26
3,7,22.0,211,6,13,0,14,24,1,26
3,7,21.0,81,5,3,1,0,64,4,21
2,8,18.0,280,2,4,0,2,86,4,0
2,11,10.0,360,2,13,0,7,111,1,4
3,7,22.0,211,6,8,3,0,64,0,26
3,7,21.0,81,5,3,0,10,12,0,21
3,7,22.0,211,6,9,0,5,6,3,26
3,7,22.0,211,6,3,0,5,6,0,26
3,9,20.0,119,4,8,0,1,81,2,29
3,7,28.0,34,5,12,2,7,111,3,18
3,7,28.0,34,5,11,1,1,105,4,18
3,7,28.0,34,5,14,1,12,80,4,18
3,7,28.0,34,5,19,0,0,15,4,18
3,3,2.0,120,2,16,0,0,12,3,22
3,3,3.0,182,4,14,0,6,132,3,27
3,3,3.0,182,4,4,0,4,121,1,27
3,3,3.0,182,4,1,2,16,50,0,27
3,7,21.0,81,5,4,0,10,47,2,21
3,3,4.0,285,5,23,0,13,21,0,30
3,3,11.0,337,5,23,0,5,12,1,9
3,3,11.0,337,5,8,1,2,86,1,9
2,1,4.0,219,3,2,0,9,9,2,30
2,1,4.0,219,3,4,2,0,85,3,30
2,1,10.0,111,6,16,0,10,23,1,4
2,1,10.0,111,6,0,0,10,47,1,4
3,11,29.0,270,2,23,0,16,42,1,16
3,9,4.0,295,1,20,1,8,19,4,30
3,9,4.0,295,1,19,1,3,103,0,30
2,1,10.0,111,6,15,0,0,64,3,4
2,8,12.0,189,4,17,0,13,21,1,28
2,8,12.0,189,4,5,0,9,9,0,28
2,8,12.0,189,4,13,0,12,100,2,28
2,8,12.0,189,4,12,0,2,69,0,28
2,8,12.0,189,4,19,0,14,25,3,28
2,8,19.0,319,4,19,0,15,31,1,10
2,8,19.0,319,4,18,0,3,103,1,10
2,1,1.0,171,4,13,1,0,26,1,7
2,8,26.0,78,4,8,0,2,2,0,3
2,8,26.0,78,4,6,0,5,12,0,3
2,8,27.0,224,5,13,0,8,41,2,15
2,8,26.0,78,4,12,0,5,6,3,3
2,8,28.0,301,6,8,0,15,31,0,18
2,8,29.0,103,3,12,0,16,37,4,16
2,8,28.0,301,6,2,0,13,69,4,18
3,3,13.0,210,3,3,0,8,33,1,25
3,3,13.0,210,3,15,0,5,6,2,25
2,4,19.0,115,6,8,0,8,65,2,10
2,2,3.0,254,3,9,0,9,49,1,27
2,2,27.0,257,2,10,0,8,9,1,15
2,2,27.0,257,2,2,0,2,13,1,15
2,2,27.0,257,2,9,0,8,19,3,15
2,0,12.0,198,4,19,0,10,47,3,28
2,0,27.0,249,5,15,0,7,20,2,15
2,0,27.0,249,5,2,0,0,77,3,15
2,0,29.0,228,3,7,0,16,37,3,16
2,0,27.0,249,5,2,0,16,74,1,15
2,8,26.0,78,4,8,2,6,89,1,3
2,8,28.0,301,6,2,0,12,135,3,18
2,8,29.0,103,3,2,0,12,84,0,16
2,8,29.0,103,3,19,0,8,118,3,16
2,8,29.0,103,3,8,0,0,53,0,16
2,8,29.0,103,3,1,0,2,86,1,16
2,8,27.0,224,5,1,0,13,48,2,15
2,4,1.0,141,1,16,0,2,86,3,7
2,10,12.0,346,5,23,1,10,47,0,28
2,10,17.0,246,2,16,0,3,76,1,6
2,10,17.0,246,2,0,0,10,22,1,6
2,10,17.0,246,2,20,1,0,85,1,6
2,10,19.0,223,5,14,2,1,11,3,10
2,10,20.0,341,6,10,0,10,47,3,29
2,10,20.0,341,6,1,1,12,61,1,29
2,10,26.0,302,5,0,0,0,68,1,3
2,10,27.0,216,6,2,0,3,4,0,15
2,7,8.0,273,5,4,1,9,102,4,8
2,7,8.0,273,5,20,1,4,127,0,8
2,3,2.0,182,1,18,0,15,51,1,22
2,3,8.0,44,0,18,0,5,12,0,8
3,11,3.0,288,5,13,0,10,23,1,27
3,11,30.0,170,4,0,1,15,114,0,19
3,9,2.0,323,3,14,0,2,2,4,22
3,9,2.0,323,3,14,0,8,33,1,22
3,9,2.0,323,3,5,1,13,48,0,22
3,9,5.0,89,2,16,0,15,77,3,24
3,9,5.0,89,2,7,0,16,50,1,24
3,9,5.0,89,2,7,1,1,16,0,24
2,1,11.0,353,3,18,1,8,9,0,9
2,1,26.0,262,0,18,3,14,24,4,3
3,9,13.0,91,4,15,3,3,76,2,25
2,0,13.0,5,5,17,1,5,12,1,25
3,9,13.0,91,4,3,2,11,133,3,25
3,9,13.0,91,4,8,1,4,4,1,25
2,6,4.0,342,1,6,0,6,7,0,30
2,6,4.0,342,1,6,0,8,19,3,30
2,6,4.0,342,1,14,0,15,77,3,30
2,6,6.0,169,4,16,0,6,7,4,23
3,9,1.0,126,6,6,1,12,61,1,7
3,9,15.0,226,6,22,0,10,47,0,1
2,6,6.0,169,4,20,1,14,126,4,23
2,6,14.0,49,5,9,0,7,20,4,5
2,6,22.0,84,6,2,0,16,65,2,26
2,6,22.0,84,6,14,0,9,101,1,26
2,6,22.0,84,6,18,0,2,69,3,26
2,6,23.0,31,3,2,0,8,9,3,17
2,6,24.0,39,0,17,0,2,2,3,14
2,6,22.0,84,6,1,0,9,49,4,26
2,10,6.0,243,6,6,3,5,64,3,23
2,10,6.0,243,6,16,0,14,107,1,23
2,10,6.0,243,6,2,0,11,133,0,23
2,6,22.0,84,6,17,0,15,39,1,26
2,10,16.0,256,1,6,2,1,11,3,2
2,0,6.0,15,5,3,1,1,105,4,23
2,0,16.0,12,0,2,2,10,52,1,2
2,0,16.0,12,0,8,2,10,23,1,2
2,0,16.0,12,0,19,1,12,17,4,2
2,0,23.0,55,0,21,0,1,11,2,17
2,0,23.0,55,0,12,0,4,4,3,17
2,0,23.0,55,0,4,1,1,81,4,17
2,0,24.0,281,1,7,0,10,47,1,14
2,0,24.0,281,1,15,0,2,2,1,14
2,0,24.0,281,1,3,0,13,38,3,14
2,0,23.0,55,0,15,1,7,31,0,17
3,11,5.0,240,3,0,0,0,12,3,24
3,11,5.0,240,3,3,0,2,2,1,24
3,11,15.0,331,2,16,0,6,89,1,1
3,11,15.0,331,2,3,0,7,129,1,1
3,11,15.0,331,2,3,0,11,124,0,1
3,11,22.0,250,2,0,2,14,34,3,26
3,11,22.0,250,2,16,1,0,53,0,26
3,9,1.0,126,6,17,0,7,20,4,7
2,0,16.0,12,0,4,1,16,42,1,2
2,0,23.0,55,0,8,1,0,64,1,17
2,0,23.0,55,0,12,2,7,111,0,17
2,0,23.0,55,0,1,0,11,55,4,17
2,0,24.0,281,1,6,0,0,12,3,14
2,0,24.0,281,1,21,0,11,18,1,14
2,0,24.0,281,1,17,0,2,2,4,14
2,0,24.0,281,1,0,0,13,69,1,14
2,0,23.0,55,0,22,1,6,91,4,17
2,0,24.0,281,1,2,0,10,22,3,14
2,0,24.0,281,1,23,1,7,54,4,14
2,0,25.0,14,2,10,0,2,92,1,13
2,0,25.0,14,2,10,1,10,22,0,13
2,0,25.0,14,2,20,1,10,12,0,13
2,0,25.0,14,2,19,3,9,93,3,13
2,0,26.0,23,4,22,0,9,54,2,3
2,0,16.0,12,0,21,1,12,58,4,2
2,4,9.0,79,2,17,0,12,56,4,12
2,4,9.0,79,2,23,2,12,84,0,12
2,4,25.0,80,5,4,0,1,11,4,13
2,4,31.0,16,4,22,0,0,12,0,20
2,4,31.0,16,4,18,0,0,12,1,20
2,2,16.0,6,6,20,0,13,48,1,2
2,2,16.0,6,6,3,1,13,99,4,2
2,2,16.0,6,6,7,1,9,134,4,2
2,2,16.0,6,6,22,0,14,24,2,2
2,2,24.0,233,3,10,1,11,133,0,14
2,2,24.0,233,3,3,0,8,27,1,14
2,2,24.0,233,3,19,0,2,92,3,14
3,7,14.0,125,5,14,0,2,2,3,5
2,2,24.0,233,3,8,2,0,64,3,14
0,4,30.0,139,0,17,0,13,28,4,19
2,2,24.0,233,3,14,1,9,93,4,14
2,2,26.0,136,1,6,0,9,63,3,3
2,2,26.0,136,1,19,0,8,33,1,3
2,2,26.0,136,1,19,0,12,100,4,3
2,0,1.0,47,3,11,1,6,116,4,7
2,0,1.0,47,3,13,1,13,21,1,7
3,11,5.0,240,3,2,0,3,30,4,24
2,0,1.0,47,3,17,0,7,78,4,7
2,2,14.0,130,4,14,0,2,2,1,5
3,11,5.0,240,3,14,0,6,89,1,24
3,11,15.0,331,2,22,0,10,23,3,1
2,0,23.0,55,0,5,0,14,24,2,17
3,11,22.0,250,2,6,0,8,27,1,26
3,11,22.0,250,2,23,0,7,122,3,26
3,11,22.0,250,2,23,1,15,39,0,26
3,11,22.0,250,2,22,0,2,86,1,26
2,1,7.0,62,2,14,0,7,57,4,11
3,3,6.0,303,3,3,0,10,47,2,23
2,4,25.0,80,5,4,0,6,73,0,13
2,8,5.0,87,4,18,0,1,105,4,24
3,3,6.0,303,3,6,0,8,27,1,23
2,2,14.0,130,4,9,0,10,12,0,5
3,9,1.0,126,6,13,0,5,6,0,7
2,2,14.0,130,4,18,0,6,7,0,5
2,2,17.0,7,3,11,2,13,28,3,6
2,2,17.0,7,3,6,1,8,19,0,6
2,2,23.0,22,6,23,0,14,24,1,17
2,2,23.0,22,6,12,2,9,93,0,17
2,2,25.0,3,0,5,0,10,47,3,13
2,2,25.0,3,0,2,1,13,99,2,13
2,2,25.0,3,0,4,0,4,70,3,13
2,2,25.0,3,0,4,0,5,6,0,13
2,0,6.0,15,5,16,1,3,30,4,23
3,11,22.0,250,2,3,1,9,102,4,26
3,9,1.0,126,6,7,0,0,77,1,7
3,9,1.0,126,6,11,1,14,125,0,7
3,9,1.0,126,6,15,0,2,92,1,7
3,9,1.0,126,6,12,0,0,12,0,7
2,0,9.0,129,0,5,0,14,110,3,12
2,0,14.0,190,6,8,0,14,25,0,5
2,0,14.0,190,6,8,0,0,53,1,5
2,0,14.0,190,6,9,2,1,35,3,5
2,0,17.0,0,1,21,1,3,30,1,6
2,0,17.0,0,1,10,0,16,74,3,6
2,0,17.0,0,1,10,2,15,51,0,6
2,0,17.0,0,1,14,0,6,128,3,6
2,0,17.0,0,1,12,1,4,136,4,6
2,0,18.0,13,2,14,0,14,25,1,0
2,0,17.0,0,1,21,3,3,30,2,6
3,11,7.0,253,1,17,2,5,12,3,11
3,11,9.0,311,4,6,1,9,87,1,12
3,11,9.0,311,4,15,1,1,16,4,12
2,0,1.0,47,3,5,0,9,57,0,7
2,0,1.0,47,3,13,0,5,64,3,7
2,0,1.0,47,3,5,0,8,27,3,7
2,0,1.0,47,3,13,1,12,61,1,7
2,0,1.0,47,3,8,0,2,86,2,7
2,0,1.0,47,3,1,0,0,26,1,7
2,0,1.0,47,3,18,0,0,12,0,7
2,0,9.0,129,0,13,1,12,104,4,12
2,0,9.0,129,0,22,1,14,34,1,12
2,0,14.0,190,6,16,0,14,25,2,5
3,9,1.0,126,6,4,0,8,9,0,7
2,2,23.0,22,6,1,0,9,49,1,17
2,0,8.0,48,3,14,1,15,119,0,8
2,0,23.0,55,0,15,0,6,14,2,17
3,9,14.0,106,5,3,1,15,119,1,5
3,9,14.0,106,5,9,0,1,16,3,5
3,9,15.0,226,6,17,0,5,6,0,1
3,9,15.0,226,6,6,2,8,9,3,1
3,9,15.0,226,6,2,0,8,41,4,1
3,9,17.0,255,0,0,0,5,6,1,6
3,9,22.0,92,6,0,1,3,30,4,26
3,9,22.0,92,6,0,1,9,57,0,26
3,9,22.0,92,6,4,2,9,57,0,26
3,9,25.0,344,1,0,0,2,40,3,13
3,9,25.0,344,1,11,0,13,99,4,13
3,7,6.0,93,4,22,0,13,21,1,23
3,7,6.0,93,4,7,1,0,26,0,23
3,7,6.0,93,4,11,1,15,119,1,23
3,9,22.0,92,6,12,0,10,43,1,26
3,9,22.0,92,6,4,0,10,22,2,26
2,0,14.0,190,6,6,0,16,108,1,5
2,0,14.0,190,6,3,3,5,6,0,5
2,0,14.0,190,6,9,0,10,47,1,5
2,0,14.0,190,6,12,1,2,71,4,5
2,0,17.0,0,1,17,0,9,93,3,6
2,0,17.0,0,1,17,0,5,6,1,6
2,0,17.0,0,1,15,0,5,6,0,6
2,0,17.0,0,1,15,0,9,83,2,6
2,0,17.0,0,1,19,1,8,27,2,6
2,0,18.0,13,2,15,1,6,7,0,0
2,0,18.0,13,2,19,0,10,22,1,0
2,0,18.0,13,2,4,0,15,46,1,0
2,0,18.0,13,2,15,1,6,7,0,0
3,11,7.0,253,1,23,1,9,95,1,11
3,11,7.0,253,1,18,0,0,53,0,11
2,0,14.0,190,6,2,0,10,23,1,5
2,0,14.0,190,6,18,0,8,65,1,5
2,0,14.0,190,6,1,0,1,59,3,5
2,0,17.0,0,1,16,0,0,53,3,6
3,9,22.0,92,6,18,0,11,18,1,26
3,9,25.0,344,1,20,0,4,4,1,13
3,9,25.0,344,1,11,2,5,6,0,13
3,9,25.0,344,1,22,0,10,22,2,13
3,9,25.0,344,1,9,0,2,3,4,13
3,9,25.0,344,1,2,1,9,134,4,13
3,9,22.0,92,6,3,0,2,2,2,26
2,0,16.0,12,0,19,1,14,106,4,2
3,7,6.0,93,4,18,0,0,85,1,23
3,7,6.0,93,4,11,1,9,57,1,23
3,7,6.0,93,4,23,1,13,36,1,23
3,9,1.0,126,6,3,0,5,6,2,7
3,7,23.0,202,3,23,1,9,49,1,17
3,7,23.0,202,3,18,0,8,9,1,17
3,11,24.0,194,5,4,2,9,9,3,14
3,11,24.0,194,5,20,1,11,117,1,14
3,11,24.0,194,5,18,0,9,54,4,14
3,11,25.0,88,6,13,0,10,47,0,13
3,11,25.0,88,6,3,2,16,37,2,13
3,11,25.0,88,6,13,0,2,69,2,13
3,11,25.0,88,6,5,1,1,67,4,13
3,11,25.0,88,6,14,1,15,39,4,13
3,11,25.0,88,6,1,2,2,2,3,13
3,9,6.0,51,4,8,1,14,125,4,23
3,9,6.0,51,4,19,0,14,34,3,23
3,9,16.0,107,3,8,0,13,21,2,2
3,9,16.0,107,3,2,1,1,105,4,2
3,9,16.0,107,3,14,1,11,10,4,2
3,9,23.0,167,3,7,0,2,86,1,17
3,9,23.0,167,3,13,1,8,41,1,17
3,9,23.0,167,3,4,1,13,48,4,17
3,9,23.0,167,3,1,0,5,64,2,17
3,7,1.0,98,6,1,2,13,38,0,7
3,7,7.0,293,5,12,0,0,85,0,11
3,3,1.0,180,1,17,3,3,30,1,7
3,3,25.0,347,5,18,1,1,105,4,13
3,7,7.0,293,5,8,1,9,134,4,11
3,7,7.0,293,5,4,1,14,106,4,11
3,7,8.0,94,6,2,0,5,6,3,8
3,7,8.0,94,6,19,0,12,121,1,8
3,7,8.0,94,6,14,0,3,30,1,8
3,7,17.0,95,0,7,0,13,123,1,6
3,7,17.0,95,0,4,0,16,130,1,6
3,7,23.0,202,3,16,0,6,128,0,17
3,9,23.0,167,3,20,1,1,59,4,17
3,7,1.0,98,6,6,0,8,27,1,7
3,7,1.0,98,6,16,0,13,36,1,7
3,7,1.0,98,6,22,1,1,67,4,7
3,7,1.0,98,6,4,0,15,114,1,7
3,7,1.0,98,6,9,0,13,29,1,7
3,7,7.0,293,5,16,1,0,12,0,11
3,7,7.0,293,5,14,0,10,23,1,11
3,7,7.0,293,5,8,0,16,72,1,11
3,7,8.0,94,6,8,2,16,130,0,8
3,7,7.0,293,5,2,1,11,8,1,11
3,7,8.0,94,6,19,0,11,94,2,8
3,7,8.0,94,6,17,1,10,12,1,8
3,7,8.0,94,6,1,0,15,51,3,8
3,7,17.0,95,0,22,0,11,18,2,6
3,7,17.0,95,0,8,1,1,35,4,6
3,7,17.0,95,0,15,0,2,2,2,6
3,7,17.0,95,0,3,1,10,12,1,6
3,7,23.0,202,3,13,0,14,32,1,17
3,7,23.0,202,3,5,0,13,38,1,17
3,7,23.0,202,3,5,0,5,6,3,17
3,7,23.0,202,3,22,0,2,86,2,17
3,3,1.0,180,1,20,2,5,6,0,7
3,3,1.0,180,1,22,3,11,133,4,7
3,3,1.0,180,1,4,0,0,64,4,7
3,7,23.0,202,3,23,0,11,117,1,17
3,3,7.0,289,0,22,2,16,130,1,11
3,3,7.0,289,0,14,0,1,35,1,11
3,3,6.0,303,3,12,2,16,39,3,23
3,3,7.0,289,0,18,0,13,48,1,11
3,3,8.0,148,1,17,0,15,46,2,8
3,3,7.0,289,0,2,1,9,101,4,11
3,3,7.0,289,0,8,1,1,59,4,11
3,3,8.0,148,1,3,1,13,123,4,8
3,3,8.0,148,1,2,1,10,22,1,8
3,3,7.0,289,0,1,0,4,75,1,11
3,3,8.0,148,1,18,0,11,129,3,8
3,3,15.0,35,1,17,2,2,3,2,1
3,3,15.0,35,1,2,2,5,6,3,1
3,3,15.0,35,1,9,0,7,20,4,1
3,3,15.0,35,1,18,0,11,117,1,1
3,3,16.0,263,2,21,2,9,93,3,2
3,3,16.0,263,2,13,0,8,33,1,2
2,0,26.0,23,4,17,0,4,5,1,3
3,3,15.0,35,1,4,1,14,126,0,1
3,3,15.0,35,1,18,1,9,10,4,1
3,3,16.0,263,2,19,0,8,9,1,2
3,7,23.0,202,3,15,0,2,92,4,17
3,7,23.0,202,3,12,0,3,76,0,17
3,7,23.0,202,3,17,0,0,12,0,17
3,7,23.0,202,3,2,0,14,24,2,17
3,3,1.0,180,1,4,0,5,6,0,7
3,3,1.0,180,1,14,1,12,83,4,7
3,9,17.0,255,0,13,3,2,86,1,6
3,11,9.0,311,4,0,1,16,37,0,12
3,11,9.0,311,4,18,0,6,89,1,12
3,11,17.0,110,5,14,0,1,11,1,6
3,11,23.0,232,4,6,0,8,9,1,17
2,0,18.0,13,2,23,0,3,79,4,0
2,0,18.0,13,2,15,1,6,7,0,0
2,0,18.0,13,2,3,0,5,6,2,0
2,0,18.0,13,2,13,0,14,24,2,0
3,11,7.0,253,1,17,1,0,64,0,11
3,11,7.0,253,1,8,1,3,30,4,11
3,11,7.0,253,1,1,0,14,107,2,11
3,11,7.0,253,1,2,1,8,118,4,11
3,11,9.0,311,4,5,0,14,24,0,12
3,11,9.0,311,4,14,0,0,64,2,12
3,11,9.0,311,4,9,1,11,15,1,12
3,11,17.0,110,5,5,0,11,18,1,6
3,11,23.0,232,4,13,0,14,25,3,17
3,11,23.0,232,4,12,0,0,85,1,17
3,11,23.0,232,4,8,0,13,29,1,17
3,9,16.0,107,3,23,0,0,26,2,2
3,7,6.0,93,4,4,0,11,15,3,23
1,4,17.0,19,0,16,2,10,47,3,6
3,3,8.0,148,1,0,2,5,64,3,8
3,3,8.0,148,1,15,0,7,78,0,8
3,3,6.0,303,3,12,0,10,43,1,23
3,3,8.0,148,1,3,0,13,29,4,8
3,3,8.0,148,1,17,1,0,26,1,8
3,3,8.0,148,1,18,2,6,91,3,8
3,3,15.0,35,1,9,0,1,1,1,1
3,3,16.0,263,2,0,0,12,56,1,2
3,3,16.0,263,2,20,0,7,120,1,2
3,3,16.0,263,2,15,0,1,59,4,2
3,3,15.0,35,1,4,1,16,50,1,1
3,3,26.0,343,6,3,0,0,12,0,3
3,3,26.0,343,6,13,1,2,86,4,3
3,3,26.0,343,6,17,1,7,129,4,3
3,3,7.0,289,0,2,0,13,28,1,11
2,8,14.0,72,6,4,3,10,22,2,5
3,7,6.0,93,4,19,3,6,7,3,23
3,3,7.0,289,0,9,0,2,86,2,11
3,3,7.0,289,0,19,1,9,83,4,11
3,3,8.0,148,1,17,2,5,6,3,8
3,3,7.0,289,0,11,1,13,38,4,11
3,3,6.0,303,3,13,0,9,83,2,23
3,3,15.0,35,1,17,0,5,12,3,1
3,3,15.0,35,1,2,0,2,35,2,1
3,3,16.0,263,2,16,0,0,77,3,2
3,3,16.0,263,2,16,2,0,64,3,2
3,3,16.0,263,2,15,0,11,117,1,2
3,3,16.0,263,2,22,0,0,15,2,2
3,3,16.0,263,2,3,0,10,52,3,2
3,3,15.0,35,1,9,2,12,104,3,1
3,3,15.0,35,1,14,1,2,86,4,1
3,3,15.0,35,1,6,3,3,30,3,1
2,0,8.0,48,3,12,0,9,9,2,8
3,3,26.0,343,6,2,0,14,25,3,3
3,3,26.0,343,6,19,0,3,79,1,3
3,3,26.0,343,6,14,0,2,86,3,3
3,3,26.0,343,6,4,0,10,47,3,3
3,3,16.0,263,2,14,1,13,38,0,2
3,3,16.0,263,2,14,1,13,38,0,2
3,3,15.0,35,1,12,1,0,53,2,1
3,7,26.0,316,2,3,0,13,48,3,3
3,7,26.0,316,2,22,0,15,51,1,3
3,7,26.0,316,2,9,0,14,107,3,3
3,3,6.0,303,3,0,1,14,126,4,23
3,11,23.0,232,4,19,0,5,6,0,17
3,11,24.0,194,5,20,0,15,77,3,14
3,11,24.0,194,5,20,0,5,6,0,14
3,11,23.0,232,4,18,1,8,41,1,17
3,11,24.0,194,5,12,0,2,2,4,14
3,11,23.0,232,4,16,0,2,86,1,17
1,11,1.0,222,6,16,0,1,1,4,7
3,11,24.0,194,5,23,0,8,27,1,14
3,11,24.0,194,5,14,0,14,107,4,14
3,11,25.0,88,6,6,2,6,128,3,13
3,11,25.0,88,6,5,0,2,86,0,13
3,11,24.0,194,5,19,0,2,2,1,14
3,11,25.0,88,6,8,0,10,22,1,13
3,11,25.0,88,6,2,0,5,6,1,13
3,11,25.0,88,6,18,1,4,45,0,13
3,11,23.0,232,4,3,0,0,96,2,17
3,9,6.0,51,4,0,1,0,85,0,23
3,9,6.0,51,4,3,0,3,30,3,23
3,9,6.0,51,4,12,0,10,47,3,23
3,9,6.0,51,4,5,1,14,88,4,23
3,11,7.0,253,1,17,1,1,11,1,11
2,4,25.0,80,5,22,0,14,24,2,13
2,4,31.0,16,4,6,0,5,12,0,20
2,4,31.0,16,4,3,1,8,118,1,20
2,4,31.0,16,4,4,0,1,16,3,20
2,4,31.0,16,4,17,0,14,25,1,20
2,4,31.0,16,4,2,1,11,15,0,20
2,2,1.0,143,5,5,1,13,99,4,7
2,4,31.0,16,4,8,0,4,127,3,20
2,2,1.0,143,5,5,1,1,105,4,7
2,2,1.0,143,5,17,0,13,21,1,7
2,8,17.0,75,1,6,0,6,132,4,6
2,8,17.0,75,1,16,0,13,13,0,6
2,8,17.0,75,1,15,0,1,105,4,6
2,8,17.0,75,1,3,0,10,23,1,6
2,8,17.0,75,1,8,0,2,86,1,6
2,8,17.0,75,1,19,0,4,138,3,6
2,2,25.0,3,0,14,0,5,6,0,13
2,8,14.0,72,6,9,1,1,67,0,5
2,8,14.0,72,6,2,1,7,120,4,5
2,4,14.0,132,0,12,1,9,93,4,5
2,2,15.0,220,5,17,1,6,91,1,1
2,0,6.0,15,5,12,1,12,83,4,23
2,2,15.0,220,5,20,1,5,6,0,1
2,0,8.0,48,3,6,0,5,12,3,8
2,0,8.0,48,3,20,0,16,74,1,8
2,0,8.0,48,3,11,0,12,104,3,8
2,0,8.0,48,3,2,0,16,74,2,8
2,0,8.0,48,3,10,1,9,109,0,8
2,0,8.0,48,3,4,0,14,24,4,8
2,0,8.0,48,3,12,1,9,101,4,8
2,0,8.0,48,3,18,0,7,122,2,8
2,0,16.0,12,0,13,0,15,39,3,2
2,0,16.0,12,0,4,0,9,102,1,2
2,0,6.0,15,5,20,0,9,101,2,23
2,8,17.0,75,1,19,0,9,87,2,6
2,4,8.0,18,1,0,0,15,46,3,8
2,4,8.0,18,1,21,1,10,47,0,8
2,4,8.0,18,1,5,0,13,48,1,8
2,4,8.0,18,1,13,0,10,22,1,8
2,4,8.0,18,1,3,0,8,9,4,8
2,4,8.0,18,1,2,0,14,25,0,8
2,4,9.0,79,2,14,0,15,31,3,12
2,4,9.0,79,2,9,2,6,91,3,12
2,2,24.0,233,3,19,1,6,7,0,14
2,2,24.0,233,3,19,0,10,52,3,14
3,11,7.0,253,1,10,3,9,93,4,11
2,4,31.0,16,4,2,0,7,57,2,20
2,4,31.0,16,4,3,3,3,30,2,20
2,4,31.0,16,4,1,0,8,19,3,20
2,2,1.0,143,5,6,0,13,38,2,7
2,2,1.0,143,5,17,0,13,38,4,7
2,5,29.0,294,2,6,2,3,30,3,16
2,5,29.0,294,2,16,0,10,47,3,16
2,5,29.0,294,2,7,1,0,77,0,16
2,5,29.0,294,2,19,0,6,89,1,16
2,10,3.0,356,2,4,0,9,63,3,27
2,10,10.0,298,2,1,3,7,54,3,4
2,6,26.0,116,2,22,0,5,64,1,3
0,8,1.0,66,5,13,0,14,88,4,7
2,1,20.0,45,1,11,1,13,48,4,29
2,7,26.0,53,1,2,1,2,86,1,3
2,1,28.0,112,2,12,1,2,92,1,18
2,2,21.0,209,4,0,1,6,7,0,21
2,8,4.0,101,2,9,0,3,30,1,30
2,0,19.0,172,4,17,1,11,55,4,10
2,2,22.0,230,5,7,1,13,99,4,26
2,11,2.0,265,1,14,3,14,110,3,22
2,3,28.0,325,3,18,3,2,69,0,18
2,9,19.0,234,0,17,3,3,103,3,10
2,11,27.0,322,6,13,1,9,10,4,15
2,5,26.0,328,3,2,1,3,30,0,3
2,6,11.0,162,1,14,0,10,47,2,9
2,7,11.0,181,0,12,0,10,22,1,9
2,7,25.0,316,0,12,1,6,7,0,13
2,3,10.0,337,2,6,1,1,11,0,4
2,3,10.0,337,2,22,1,3,79,1,4
2,5,12.0,184,3,2,0,8,41,3,28
2,10,21.0,314,3,23,3,5,6,0,21
2,8,6.0,70,5,18,0,16,50,1,23
2,8,6.0,70,5,18,1,7,62,2,23
2,5,29.0,294,2,1,1,11,98,4,16
2,5,30.0,196,4,1,0,8,33,4,19
2,8,5.0,87,4,4,1,9,95,0,24
2,8,6.0,70,5,4,0,4,5,1,23
2,8,6.0,70,5,12,0,8,27,3,23
2,8,15.0,73,3,16,1,5,12,1,1
2,8,15.0,73,3,1,0,8,9,4,1
2,4,8.0,18,1,6,0,0,53,3,8
3,9,25.0,344,1,17,2,1,105,0,13
3,9,25.0,344,1,22,0,5,64,2,13
3,9,25.0,344,1,12,0,10,47,1,13
3,9,25.0,344,1,14,0,10,47,1,13
3,9,25.0,344,1,12,1,1,67,4,13
3,9,17.0,255,0,20,0,6,7,0,6
3,7,6.0,93,4,9,1,9,87,4,23
3,9,1.0,126,6,4,0,9,93,1,7
3,9,14.0,106,5,2,2,13,29,3,5
3,9,15.0,226,6,8,0,0,26,0,1
3,9,14.0,106,5,1,0,13,28,4,5
3,9,15.0,226,6,17,1,4,45,0,1
3,9,14.0,106,5,14,0,2,71,4,5
2,9,14.0,106,2,11,3,0,77,4,5
3,9,15.0,226,6,4,0,0,26,0,1
3,9,17.0,255,0,15,0,12,84,1,6
3,9,17.0,255,0,14,2,10,22,3,6
3,9,17.0,255,0,13,2,3,44,3,6
3,9,15.0,226,6,4,0,7,57,4,1
2,2,23.0,22,6,19,3,10,23,3,17
2,0,16.0,12,0,15,3,5,12,1,2
2,0,9.0,129,0,2,0,3,30,3,12
2,0,9.0,129,0,12,0,16,74,3,12
2,0,9.0,129,0,20,1,14,25,1,12
2,0,9.0,129,0,16,1,11,124,4,12
2,0,14.0,190,6,6,1,2,2,0,5
2,0,14.0,190,6,2,0,8,41,4,5
2,0,17.0,0,1,17,0,2,92,1,6
2,0,17.0,0,1,6,0,10,22,1,6
2,0,17.0,0,1,16,0,6,7,0,6
2,0,17.0,0,1,7,0,10,23,1,6
2,0,17.0,0,1,3,2,9,109,0,6
2,0,17.0,0,1,12,0,15,96,0,6
2,0,18.0,13,2,16,0,0,12,0,0
2,0,18.0,13,2,15,1,6,7,0,0
2,0,18.0,13,2,0,0,12,61,4,0
2,0,18.0,13,2,8,0,8,9,3,0
2,0,18.0,13,2,19,0,15,119,4,0
3,11,7.0,253,1,16,1,11,55,4,11
3,11,7.0,253,1,21,1,0,15,4,11
3,11,7.0,253,1,19,1,9,87,4,11
3,11,7.0,253,1,12,1,9,63,4,11
3,9,22.0,92,6,14,0,4,127,4,26
3,9,22.0,92,6,13,1,9,101,4,26
3,9,25.0,344,1,16,0,16,130,1,13
3,9,25.0,344,1,17,0,15,108,4,13
3,9,25.0,344,1,16,2,5,64,3,13
3,9,25.0,344,1,13,0,10,47,1,13
3,7,15.0,205,6,6,1,6,116,0,1
3,7,15.0,205,6,15,0,10,12,1,1
3,7,15.0,205,6,12,0,1,11,4,1
3,7,24.0,68,0,12,2,9,57,3,14
3,9,15.0,226,6,13,1,9,63,4,1
3,9,22.0,92,6,18,2,5,6,3,26
3,7,24.0,68,0,13,1,1,35,4,14
3,7,26.0,316,2,6,0,1,105,0,3
3,7,26.0,316,2,15,0,12,80,1,3
3,7,26.0,316,2,12,1,2,86,0,3
3,7,26.0,316,2,14,0,8,118,4,3
3,3,6.0,303,3,8,1,1,59,4,23
3,3,7.0,289,0,20,0,1,16,1,11
3,3,7.0,289,0,2,2,10,23,1,11
3,3,7.0,289,0,1,0,10,23,1,11
3,3,7.0,289,0,1,2,6,7,0,11
3,7,24.0,68,0,17,0,5,0,1,14
3,3,8.0,148,1,17,2,14,34,3,8
3,3,8.0,148,1,0,2,7,57,3,8
3,3,7.0,289,0,2,0,8,41,2,11
3,3,7.0,289,0,12,0,11,15,0,11
3,7,14.0,125,5,3,2,14,110,0,5
3,7,14.0,125,5,19,0,5,6,0,5
3,7,24.0,68,0,9,1,2,71,4,14
3,7,26.0,316,2,13,0,4,127,1,3
3,7,24.0,68,0,14,0,11,6,3,14
3,7,26.0,316,2,18,0,16,50,1,3
3,7,26.0,316,2,9,0,16,139,3,3
3,9,22.0,92,6,17,1,11,94,1,26
3,3,7.0,289,0,16,0,14,24,1,11
3,3,6.0,303,3,2,1,9,10,4,23
3,3,7.0,289,0,11,0,10,47,2,11
3,3,7.0,289,0,5,0,15,108,2,11
3,3,6.0,303,3,14,0,2,71,4,23
3,3,7.0,289,0,14,0,7,111,4,11
3,3,7.0,289,0,1,1,1,81,4,11
3,3,8.0,148,1,17,0,16,139,4,8
3,3,8.0,148,1,16,0,5,12,3,8
3,3,8.0,148,1,0,0,10,23,1,8
3,3,8.0,148,1,6,2,3,44,3,8
3,3,8.0,148,1,6,1,3,4,0,8
3,3,8.0,148,1,15,2,10,12,0,8
3,3,8.0,148,1,18,0,16,50,1,8
3,3,15.0,35,1,6,1,5,12,2,1
3,3,15.0,35,1,12,1,11,55,0,1
3,3,15.0,35,1,18,2,12,104,3,1
3,3,15.0,35,1,19,1,13,99,0,1
3,3,16.0,263,2,8,0,2,2,1,2
3,9,25.0,344,1,3,0,10,22,3,13
3,9,16.0,107,3,20,0,2,92,1,2
3,9,16.0,107,3,20,0,5,6,0,2
3,9,16.0,107,3,8,2,15,51,3,2
3,9,16.0,107,3,2,0,5,6,0,2
3,7,17.0,95,0,4,1,0,53,1,6
3,9,16.0,107,3,15,0,7,122,2,2
3,9,23.0,167,3,16,0,11,18,1,17
3,9,23.0,167,3,5,0,6,132,1,17
3,9,23.0,167,3,10,1,14,24,1,17
3,9,23.0,167,3,3,1,1,35,4,17
3,9,23.0,167,3,19,2,6,7,0,17
2,0,18.0,13,2,9,0,10,52,1,0
2,0,9.0,129,0,8,0,16,72,4,12
3,11,7.0,253,1,1,2,1,105,4,11
3,11,9.0,311,4,7,0,16,113,3,12
3,11,9.0,311,4,5,0,11,122,3,12
3,11,9.0,311,4,15,0,12,83,1,12
3,11,9.0,311,4,8,0,16,37,3,12
3,11,9.0,311,4,12,3,11,124,0,12
3,11,17.0,110,5,3,0,15,51,1,6
3,11,23.0,232,4,6,1,14,110,0,17
3,11,23.0,232,4,16,0,8,118,3,17
3,11,23.0,232,4,23,0,10,22,2,17
3,11,23.0,232,4,18,0,7,62,1,17
3,11,23.0,232,4,9,1,3,44,4,17
3,11,24.0,194,5,6,1,3,44,0,14
3,7,1.0,98,6,4,3,1,105,3,7
3,7,23.0,202,3,3,0,6,91,2,17
3,7,23.0,202,3,14,1,7,20,4,17
3,7,23.0,202,3,19,1,8,33,4,17
3,11,24.0,194,5,8,2,3,115,3,14
3,11,9.0,311,4,23,1,10,47,0,12
3,11,9.0,311,4,17,1,3,115,0,12
3,11,9.0,311,4,8,0,14,34,2,12
3,11,9.0,311,4,8,1,15,114,4,12
3,11,17.0,110,5,16,0,2,86,1,6
3,11,17.0,110,5,5,0,13,38,2,6
3,11,17.0,110,5,2,0,9,87,0,6
3,11,17.0,110,5,12,0,16,37,3,6
3,11,17.0,110,5,19,0,10,47,3,6
3,11,23.0,232,4,6,2,2,2,3,17
3,9,25.0,344,1,2,0,6,132,1,13
3,7,6.0,93,4,11,0,16,74,2,23
3,7,14.0,125,5,0,1,13,21,0,5
3,7,14.0,125,5,2,0,5,12,0,5
3,7,15.0,205,6,16,2,3,4,3,1
3,7,15.0,205,6,7,1,4,138,0,1
3,7,15.0,205,6,11,0,0,12,3,1
3,7,16.0,40,3,12,0,5,6,2,2
3,7,24.0,68,0,22,0,13,69,3,14
3,7,24.0,68,0,1,0,14,25,1,14
3,9,15.0,226,6,8,0,0,68,3,1
3,9,22.0,92,6,9,0,16,139,1,26
3,7,6.0,93,4,3,2,1,67,3,23
3,9,25.0,344,1,13,1,0,15,4,13
3,7,24.0,68,0,18,0,5,64,3,14
3,7,24.0,68,0,1,2,6,7,0,14
3,7,26.0,316,2,1,0,8,27,4,3
3,3,6.0,303,3,5,0,14,106,4,23
3,3,6.0,303,3,3,2,14,24,0,23
3,3,7.0,289,0,13,0,9,83,0,11
3,3,6.0,303,3,5,0,12,61,2,23
3,11,23.0,232,4,7,1,16,50,0,17
3,11,23.0,232,4,8,0,8,27,3,17
3,11,23.0,232,4,4,1,7,8,1,17
3,11,24.0,194,5,13,0,14,88,2,14
3,11,24.0,194,5,22,0,3,115,0,14
3,11,24.0,194,5,19,0,4,121,4,14
3,7,14.0,125,5,18,0,0,12,0,5
3,7,14.0,125,5,9,1,2,13,0,5
3,7,15.0,205,6,4,0,0,53,1,1
3,7,16.0,40,3,11,0,8,33,2,2
3,7,24.0,68,0,6,0,0,26,1,14
3,7,24.0,68,0,3,0,5,6,0,14
3,7,24.0,68,0,4,0,12,61,4,14
3,7,24.0,68,0,2,0,4,45,3,14
2,0,17.0,0,1,13,2,11,133,0,6
2,0,17.0,0,1,4,0,11,55,0,6
2,0,17.0,0,1,2,0,15,31,2,6
2,0,17.0,0,1,2,1,3,103,4,6
2,0,18.0,13,2,17,0,1,35,4,0
2,0,18.0,13,2,21,0,1,35,4,0
2,0,18.0,13,2,11,0,6,7,1,0
2,0,18.0,13,2,15,1,6,7,0,0
2,0,18.0,13,2,15,1,6,7,0,0
2,0,17.0,0,1,13,0,16,37,1,6
2,0,18.0,13,2,12,0,14,126,1,0
2,0,18.0,13,2,14,2,0,64,2,0
3,9,16.0,107,3,4,1,9,109,0,2
3,9,16.0,107,3,19,0,0,96,1,2
3,7,24.0,68,0,4,0,4,75,1,14
3,7,26.0,316,2,21,0,5,12,0,3
3,7,6.0,93,4,0,0,10,43,1,23
2,0,23.0,55,0,8,1,3,79,2,17
3,9,15.0,226,6,18,1,10,47,0,1
3,9,15.0,226,6,22,0,4,82,2,1
3,7,6.0,93,4,3,2,6,7,1,23
3,7,6.0,93,4,8,0,2,2,1,23
3,7,14.0,125,5,1,2,6,7,0,5
3,7,15.0,205,6,1,2,6,89,0,1
3,7,15.0,205,6,14,0,2,40,2,1
3,7,15.0,205,6,1,0,0,77,1,1
3,7,16.0,40,3,5,0,10,6,0,2
3,7,15.0,205,6,4,1,11,55,0,1
3,7,16.0,40,3,14,0,16,42,1,2
3,7,16.0,40,3,13,1,10,47,1,2
3,7,24.0,68,0,3,0,8,65,3,14
3,7,24.0,68,0,13,0,2,71,2,14
3,7,26.0,316,2,21,0,8,9,1,3
3,7,26.0,316,2,22,0,8,65,1,3
3,7,26.0,316,2,9,0,11,18,1,3
3,3,6.0,303,3,22,2,13,48,3,23
3,3,6.0,303,3,1,0,5,47,2,23
3,9,15.0,226,6,12,0,5,12,3,1
3,9,15.0,226,6,4,0,1,11,3,1
3,9,17.0,255,0,6,0,6,128,3,6
3,9,17.0,255,0,21,2,11,15,3,6
3,9,17.0,255,0,5,0,11,133,0,6
3,9,17.0,255,0,15,0,10,23,1,6
3,9,17.0,255,0,12,0,13,28,1,6
3,9,22.0,92,6,16,2,10,22,1,26
3,9,22.0,92,6,15,0,9,95,2,26
3,11,5.0,240,3,19,1,14,32,4,24
2,0,23.0,55,0,13,0,11,124,3,17
3,9,22.0,92,6,15,0,15,96,0,26
3,9,22.0,92,6,12,0,8,9,3,26
3,9,22.0,92,6,19,0,3,79,4,26
3,9,22.0,92,6,18,2,8,9,1,26
2,10,16.0,256,1,19,0,6,91,1,2
2,10,21.0,314,3,21,1,15,31,0,21
2,10,21.0,314,3,8,0,10,47,1,21
2,10,23.0,261,1,22,0,10,52,3,17
2,10,23.0,261,1,13,3,8,9,0,17
2,1,5.0,97,0,13,0,0,77,1,24
2,1,5.0,97,0,2,2,11,18,0,24
2,1,5.0,97,0,9,0,14,25,4,24
2,1,15.0,2,4,23,0,7,31,0,1
2,1,14.0,1,2,18,1,2,3,4,5
2,1,14.0,1,2,13,0,15,46,2,5
2,1,15.0,2,4,16,0,0,64,3,1
2,1,25.0,248,3,1,0,2,2,3,13
2,1,25.0,248,3,8,0,15,31,2,13
3,9,1.0,126,6,15,0,11,133,2,7
2,2,25.0,3,0,9,1,0,68,4,13
2,2,23.0,22,6,22,0,14,24,2,17
3,9,1.0,126,6,2,0,16,72,2,7
3,9,1.0,126,6,2,0,9,83,2,7
3,9,14.0,106,5,6,1,13,38,0,5
3,9,14.0,106,5,7,1,0,53,0,5
3,9,14.0,106,5,10,0,13,29,4,5
3,9,14.0,106,5,8,0,2,86,0,5
3,11,17.0,110,5,13,3,14,32,4,6
3,11,25.0,88,6,11,1,6,7,0,13
2,2,16.0,6,6,16,0,5,6,0,2
2,2,16.0,6,6,6,1,14,25,0,2
2,2,16.0,6,6,18,0,10,52,0,2
2,2,24.0,233,3,0,0,5,6,0,14
2,2,24.0,233,3,9,0,9,134,1,14
2,2,26.0,136,1,15,0,9,27,0,3
2,2,26.0,136,1,1,0,2,69,1,3
2,2,26.0,136,1,1,1,11,15,0,3
2,0,1.0,47,3,20,0,1,16,4,7
2,0,1.0,47,3,20,1,13,36,0,7
2,0,1.0,47,3,15,0,8,33,2,7
2,0,1.0,47,3,8,0,5,12,3,7
2,0,1.0,47,3,14,2,13,36,2,7
2,0,1.0,47,3,13,1,14,25,4,7
2,0,9.0,129,0,6,0,10,47,1,12
2,0,9.0,129,0,23,0,14,25,0,12
2,0,9.0,129,0,1,0,8,19,2,12
2,3,20.0,338,6,1,1,14,25,0,29
2,11,19.0,321,5,5,0,9,54,2,10
2,3,11.0,104,4,14,1,11,18,0,9
2,3,8.0,44,0,18,3,13,28,3,8
0,2,1.0,16,2,2,0,10,43,1,7
2,0,22.0,237,3,11,3,10,47,2,26
2,3,11.0,104,4,14,0,13,21,2,9
2,6,11.0,162,1,3,1,3,30,4,9
3,9,14.0,106,5,19,0,0,64,3,5
3,9,14.0,106,5,1,0,9,27,0,5
3,9,15.0,226,6,10,0,2,2,4,1
3,9,15.0,226,6,8,0,2,71,4,1
3,9,1.0,126,6,11,1,6,7,4,7
3,9,1.0,126,6,23,0,6,132,2,7
3,9,1.0,126,6,8,2,9,93,3,7
3,11,22.0,250,2,12,1,6,7,0,26
3,9,14.0,106,5,0,2,13,13,3,5
2,2,14.0,130,4,15,1,10,43,1,5
2,2,23.0,22,6,19,3,1,11,2,17
1,7,19.0,330,6,13,3,8,118,2,10
2,2,23.0,22,6,9,1,9,49,4,17
2,0,8.0,48,3,1,2,10,22,3,8
2,0,8.0,48,3,13,0,12,80,3,8
3,9,14.0,106,5,1,0,10,47,3,5
3,9,14.0,106,5,4,0,2,86,3,5
3,9,15.0,226,6,6,0,0,64,3,1
2,0,9.0,129,0,13,0,1,35,0,12
2,0,9.0,129,0,18,1,15,119,0,12
2,0,9.0,129,0,2,1,9,93,4,12
2,2,1.0,143,5,13,0,0,68,4,7
2,2,1.0,143,5,19,0,15,31,3,7
2,2,1.0,143,5,18,0,5,6,3,7
2,2,1.0,143,5,4,3,10,47,0,7
2,2,16.0,6,6,3,0,10,47,3,2
2,2,16.0,6,6,12,0,0,26,0,2
2,2,16.0,6,6,3,0,7,62,1,2
2,2,16.0,6,6,11,1,6,89,4,2
2,2,24.0,233,3,22,0,6,91,1,14
2,2,24.0,233,3,2,0,4,79,4,14
2,2,24.0,233,3,14,0,5,64,0,14
2,2,26.0,136,1,17,1,5,64,1,3
2,2,26.0,136,1,16,0,8,33,0,3
2,2,26.0,136,1,2,0,7,20,1,3
2,2,26.0,136,1,19,1,9,93,4,3
2,0,1.0,47,3,16,0,8,41,4,7
2,0,1.0,47,3,13,0,16,130,1,7
2,0,1.0,47,3,2,1,7,20,0,7
3,9,15.0,226,6,10,1,2,86,0,1
3,9,15.0,226,6,16,1,14,25,0,1
3,9,14.0,106,5,19,1,13,28,0,5
3,9,14.0,106,5,18,1,8,41,1,5
3,9,15.0,226,6,14,0,8,41,3,1
3,9,15.0,226,6,18,0,0,15,1,1
3,9,14.0,106,5,6,0,11,94,1,5
3,9,17.0,255,0,23,1,10,22,0,6
3,9,17.0,255,0,16,1,9,134,4,6
3,9,17.0,255,0,11,0,1,11,0,6
3,9,17.0,255,0,19,0,1,67,1,6
3,9,17.0,255,0,19,0,4,121,2,6
2,1,23.0,64,5,12,0,1,35,3,17
2,1,23.0,64,5,1,0,8,27,1,17
2,1,24.0,65,6,16,0,9,102,1,14
2,1,23.0,64,5,14,1,12,56,0,17
2,1,24.0,65,6,22,0,7,78,3,14
2,1,24.0,65,6,1,0,1,67,3,14
2,1,24.0,65,6,14,0,13,29,2,14
2,8,7.0,76,6,2,2,16,50,0,11
2,8,7.0,76,6,9,1,11,15,4,11
2,8,14.0,72,6,10,0,4,127,4,5
2,0,9.0,129,0,17,1,11,122,1,12
2,0,9.0,129,0,20,0,5,6,3,12
2,0,14.0,190,6,21,0,2,92,3,5
2,0,14.0,190,6,22,0,13,99,2,5
2,0,14.0,190,6,9,0,13,28,4,5
2,0,14.0,190,6,15,1,8,118,4,5
2,0,18.0,13,2,16,0,6,7,3,0
2,4,8.0,18,1,1,0,15,46,4,8
2,4,9.0,79,2,6,0,0,53,0,12
2,4,8.0,18,1,19,0,6,128,1,8
2,4,9.0,79,2,20,0,4,138,1,12
2,4,9.0,79,2,15,0,2,40,1,12
2,4,8.0,18,1,22,0,3,76,4,8
2,4,8.0,18,1,2,1,13,21,4,8
2,4,9.0,79,2,4,1,8,27,4,12
2,4,8.0,18,1,4,0,4,82,1,8
2,4,31.0,16,4,0,1,10,47,0,20
2,4,31.0,16,4,15,0,0,31,1,20
2,4,31.0,16,4,14,2,2,69,3,20
2,2,1.0,143,5,15,2,2,2,3,7
2,2,1.0,143,5,12,0,1,11,4,7
2,2,16.0,6,6,17,1,15,39,1,2
2,2,16.0,6,6,13,0,16,74,1,2
2,8,14.0,72,6,11,0,2,123,4,5
2,6,13.0,173,4,13,1,10,47,1,25
2,8,14.0,72,6,8,0,15,46,2,5
2,8,14.0,72,6,13,1,1,11,1,5
2,4,14.0,132,0,11,0,5,6,3,5
2,4,14.0,132,0,8,0,1,67,3,5
2,4,14.0,132,0,14,1,9,10,4,5
2,4,15.0,25,1,7,2,16,74,0,1
2,4,15.0,25,1,11,0,0,26,1,1
2,4,15.0,25,1,5,0,10,23,1,1
2,4,15.0,25,1,7,0,7,20,0,1
2,4,15.0,25,1,14,2,14,126,3,1
2,4,17.0,26,4,10,0,4,82,1,6
2,4,15.0,25,1,2,1,13,38,0,1
2,4,17.0,26,4,3,0,10,22,1,6
2,2,6.0,153,2,6,0,2,2,1,23
2,2,6.0,153,2,3,0,0,12,3,23
2,2,7.0,258,4,21,1,15,51,0,11
2,2,7.0,258,4,12,2,9,49,3,11
2,2,14.0,130,4,11,0,12,17,1,5
2,2,14.0,130,4,5,0,6,116,1,5
2,0,1.0,47,3,10,0,6,7,1,7
2,2,16.0,6,6,12,0,4,127,1,2
2,2,24.0,233,3,12,0,4,82,1,14
2,2,24.0,233,3,3,0,12,61,2,14
2,2,24.0,233,3,1,0,10,52,1,14
2,2,26.0,136,1,10,0,10,22,1,3
2,2,26.0,136,1,22,1,9,83,1,3
2,2,26.0,136,1,5,1,9,63,4,3
2,0,1.0,47,3,6,0,1,67,1,7
2,2,24.0,233,3,8,0,11,18,1,14
2,2,24.0,233,3,13,1,4,4,1,14
2,2,24.0,233,3,14,2,11,117,3,14
2,2,26.0,136,1,2,0,6,91,1,3
2,2,26.0,136,1,14,1,10,52,1,3
2,0,1.0,47,3,7,0,2,2,1,7
2,0,1.0,47,3,23,0,11,18,1,7
2,0,9.0,129,0,16,1,2,86,0,12
2,0,9.0,129,0,3,1,14,88,4,12
2,0,9.0,129,0,3,1,2,71,2,12
2,0,9.0,129,0,4,0,10,22,1,12
2,2,14.0,130,4,0,0,5,12,3,5
2,2,14.0,130,4,3,2,7,57,3,5
2,8,14.0,72,6,2,1,15,114,1,5
2,8,14.0,72,6,1,1,14,107,4,5
2,8,14.0,72,6,14,2,2,69,3,5
2,8,14.0,72,6,16,3,16,65,4,5
2,4,30.0,67,2,21,1,5,64,0,19
2,4,30.0,67,2,14,0,8,9,4,19
2,4,30.0,67,2,9,0,7,78,4,19
2,2,4.0,127,0,10,1,15,119,0,30
2,2,10.0,297,3,17,0,0,77,1,4
2,2,10.0,297,3,21,1,11,15,0,4
2,2,10.0,297,3,23,1,11,55,4,4
2,2,12.0,276,1,6,2,9,63,4,28
2,2,12.0,276,1,0,0,0,31,0,28
2,2,19.0,264,1,7,0,13,99,4,10
2,2,19.0,264,1,3,2,6,128,3,10
2,2,21.0,209,4,1,1,11,94,1,21
2,2,19.0,264,1,8,1,1,1,4,10
2,10,2.0,310,1,16,0,15,31,0,22
2,10,17.0,246,2,1,1,11,15,1,6
2,10,27.0,216,6,18,0,13,29,3,15
2,1,1.0,171,4,1,0,2,92,1,7
2,1,2.0,188,5,1,0,12,17,2,22
2,8,3.0,299,1,9,1,11,15,0,27
2,2,22.0,230,5,4,0,1,35,1,26
2,1,20.0,45,1,6,0,2,123,4,29
2,10,10.0,298,2,4,0,7,129,1,4
2,1,28.0,112,2,8,0,8,118,3,18
2,4,26.0,274,6,19,2,14,125,3,3
2,1,28.0,112,2,2,0,16,139,1,18
2,8,10.0,306,1,20,0,3,79,1,4
2,8,10.0,306,1,14,0,13,48,0,4
2,8,11.0,284,2,17,0,1,35,0,9
2,8,11.0,284,2,15,0,1,67,3,9
2,8,11.0,284,2,1,0,9,93,3,9
2,8,13.0,296,5,4,0,14,34,1,25
2,4,2.0,279,2,16,1,1,81,4,22
2,4,2.0,279,2,12,0,9,9,1,22
2,4,11.0,134,5,0,0,12,100,4,9
2,4,11.0,134,5,11,0,0,85,4,9
2,4,11.0,134,5,3,0,1,67,3,9
2,4,20.0,339,3,13,0,6,7,2,29
2,4,20.0,339,3,23,3,6,7,3,29
2,4,20.0,339,3,14,0,0,15,0,29
2,4,21.0,152,0,0,0,12,100,3,21
2,4,21.0,152,0,20,0,0,15,1,21
2,4,29.0,139,1,9,1,11,98,0,16
2,4,1.0,141,1,17,1,0,85,1,7
2,4,26.0,274,6,0,1,9,54,0,3
2,6,2.0,99,3,19,1,1,105,0,22
2,6,1.0,352,6,14,0,7,62,2,7
2,4,26.0,274,6,22,3,9,95,4,3
2,4,27.0,218,3,17,0,0,85,1,15
2,4,27.0,218,3,12,0,1,16,0,15
2,4,2.0,279,2,10,0,0,26,2,22
2,4,2.0,279,2,8,1,7,62,0,22
2,4,2.0,279,2,3,1,16,72,1,22
2,4,3.0,178,4,12,0,15,31,1,27
2,4,3.0,178,4,12,0,3,30,0,27
2,4,11.0,134,5,4,0,8,19,2,9
2,4,20.0,339,3,16,2,7,137,0,29
2,4,20.0,339,3,20,1,9,54,4,29
2,4,20.0,339,3,15,1,5,6,1,29
2,4,20.0,339,3,8,0,11,15,1,29
2,4,20.0,339,3,18,1,8,27,1,29
2,4,26.0,274,6,0,0,7,137,1,3
2,4,26.0,274,6,20,2,10,6,0,3
2,4,26.0,274,6,15,1,8,9,1,3
2,4,27.0,218,3,17,1,2,2,0,15
2,4,27.0,218,3,12,0,0,77,1,15
2,4,27.0,218,3,12,2,2,2,2,15
2,4,30.0,67,2,6,0,7,120,3,19
2,4,30.0,67,2,17,3,5,12,1,19
2,4,30.0,67,2,15,0,3,44,1,19
2,4,30.0,67,2,8,1,10,22,1,19
2,4,30.0,67,2,10,1,10,22,1,19
2,4,30.0,67,2,5,1,8,41,2,19
2,2,4.0,127,0,0,1,10,23,0,30
2,2,4.0,127,0,3,2,12,84,3,30
2,4,26.0,274,6,4,1,10,23,1,3
2,4,27.0,218,3,3,1,3,79,4,15
2,4,30.0,67,2,0,0,10,12,3,19
2,4,30.0,67,2,22,1,2,92,1,19
2,2,10.0,297,3,22,2,10,47,0,4
2,2,10.0,297,3,13,0,6,7,2,4
2,2,12.0,276,1,6,0,14,32,0,28
2,2,19.0,264,1,11,1,14,97,4,10
2,2,21.0,209,4,3,0,11,133,1,21
2,2,21.0,209,4,15,1,14,34,1,21
2,2,21.0,209,4,5,1,10,23,0,21
2,2,21.0,209,4,22,0,2,2,0,21
2,2,19.0,264,1,1,2,12,61,3,10
2,2,21.0,209,4,2,0,4,82,3,21
2,2,21.0,209,4,14,1,10,23,0,21
2,2,22.0,230,5,21,0,13,38,1,26
2,2,22.0,230,5,5,3,8,41,0,26
2,2,19.0,264,1,10,2,4,4,1,10
2,2,22.0,230,5,8,0,0,85,3,26
2,2,22.0,230,5,18,0,10,47,3,26
2,2,22.0,230,5,22,1,3,30,4,26
2,2,28.0,140,4,13,1,9,109,4,18
2,2,30.0,8,6,15,1,13,28,0,19
2,9,6.0,51,1,4,0,9,95,2,23
2,3,27.0,187,6,5,1,5,6,1,15
2,10,4.0,336,4,23,0,4,75,4,30
2,6,2.0,99,3,6,3,8,19,3,22
2,2,30.0,8,6,3,1,6,116,4,19
2,4,26.0,274,6,1,1,14,126,4,3
2,8,10.0,306,1,3,0,2,2,1,4
2,8,10.0,306,1,12,0,11,133,3,4
2,8,13.0,296,5,1,0,0,53,3,25
2,4,2.0,279,2,16,0,5,12,3,22
2,4,3.0,178,4,20,0,1,81,1,27
2,4,11.0,134,5,21,0,1,11,3,9
2,4,11.0,134,5,16,2,10,47,3,9
2,4,11.0,134,5,8,2,9,27,0,9
2,4,11.0,134,5,4,2,6,91,0,9
2,4,11.0,134,5,18,2,5,6,0,9
2,4,21.0,152,0,11,0,6,91,4,21
2,4,20.0,339,3,14,2,3,44,3,29
2,4,21.0,152,0,2,0,15,39,3,21
2,4,21.0,152,0,1,0,5,6,0,21
2,4,21.0,152,0,1,0,10,47,2,21
2,4,26.0,274,6,6,1,16,74,0,3
2,4,27.0,218,3,17,1,16,37,0,15
2,4,27.0,218,3,16,0,10,43,3,15
2,2,4.0,127,0,21,1,11,15,0,30
2,2,10.0,297,3,20,0,13,69,2,4
2,2,12.0,276,1,15,0,16,50,3,28
2,2,12.0,276,1,4,0,10,47,0,28
2,2,22.0,230,5,23,0,1,1,4,26
2,8,10.0,306,1,22,0,12,61,1,4
2,4,2.0,279,2,16,0,0,26,3,22
2,4,2.0,279,2,8,0,8,41,4,22
2,4,2.0,279,2,2,0,12,61,3,22
2,4,2.0,279,2,7,1,1,81,4,22
2,4,2.0,279,2,6,0,5,12,0,22
2,4,2.0,279,2,14,0,8,27,1,22
2,4,12.0,221,6,13,1,15,114,1,28
2,4,12.0,221,6,4,0,0,85,1,28
2,2,13.0,231,2,21,0,5,64,3,25
2,2,20.0,108,2,13,3,10,22,2,29
2,4,3.0,178,4,6,1,14,110,0,27
2,4,3.0,178,4,15,0,5,6,2,27
2,4,3.0,178,4,8,0,3,30,0,27
2,4,3.0,178,4,22,2,1,11,2,27
2,4,3.0,178,4,16,1,13,29,4,27
2,4,11.0,134,5,8,1,10,12,1,9
2,4,11.0,134,5,13,1,12,104,4,9
2,4,11.0,134,5,14,2,9,54,3,9
2,4,11.0,134,5,9,2,0,26,0,9
2,4,20.0,339,3,6,1,14,97,0,29
2,4,20.0,339,3,21,1,10,47,0,29
2,4,20.0,339,3,22,2,1,105,0,29
2,4,20.0,339,3,2,1,12,17,1,29
2,2,30.0,8,6,2,0,11,94,2,19
2,2,30.0,8,6,8,0,2,123,1,19
2,2,30.0,8,6,9,0,2,40,4,19
2,8,19.0,319,4,21,3,10,47,2,10
2,4,1.0,141,1,19,1,4,66,1,7
2,2,30.0,8,6,23,0,5,6,3,19
2,0,4.0,122,2,17,2,16,50,0,30
2,0,10.0,10,1,6,0,9,109,4,4
2,0,10.0,10,1,16,0,0,12,0,4
2,0,10.0,10,1,16,0,13,69,0,4
2,0,10.0,10,1,21,2,2,86,0,4
2,0,10.0,10,1,16,1,2,2,0,4
2,0,10.0,10,1,8,0,1,59,0,4
2,0,10.0,10,1,9,0,10,47,3,4
2,0,11.0,113,2,8,0,13,28,1,9
2,0,11.0,113,2,8,1,14,110,4,9
2,0,19.0,172,4,8,0,6,128,1,10
2,0,20.0,287,5,9,0,14,24,1,29
2,0,28.0,191,6,14,1,10,47,1,18
3,11,10.0,360,5,3,0,4,4,1,4
3,11,10.0,360,5,12,0,1,35,0,4
2,4,20.0,339,3,9,2,11,90,3,29
2,4,21.0,152,0,21,0,2,13,0,21
2,4,21.0,152,0,2,0,2,86,3,21
2,0,3.0,229,1,12,1,9,95,1,27
2,0,5.0,260,4,11,3,15,31,0,24
2,4,21.0,152,0,5,0,16,72,1,21
2,4,21.0,152,0,19,0,9,57,0,21
2,4,21.0,152,0,11,0,10,43,3,21
2,4,21.0,152,0,12,1,14,24,1,21
2,4,26.0,274,6,11,0,13,29,4,3
2,4,26.0,274,6,3,0,0,12,3,3
2,4,26.0,274,6,8,0,6,91,1,3
2,9,7.0,271,2,9,0,2,69,1,11
2,3,22.0,57,0,22,3,11,90,4,26
2,3,23.0,357,1,3,3,12,80,0,17
2,5,31.0,158,5,5,2,6,91,3,20
2,3,18.0,138,4,4,0,4,82,1,0
2,3,18.0,138,4,4,0,6,132,3,0
2,3,26.0,361,5,11,0,4,138,3,3
2,3,26.0,361,5,13,0,2,92,1,3
2,3,26.0,361,5,19,0,12,17,1,3
2,3,26.0,361,5,6,0,10,47,0,3
2,3,28.0,325,3,11,0,6,132,2,18
2,3,28.0,325,3,2,1,14,106,4,18
2,5,10.0,326,5,12,0,2,2,2,4
2,5,10.0,326,5,18,2,4,103,3,4
2,5,10.0,326,5,12,0,0,77,2,4
2,5,19.0,214,3,17,1,5,6,0,10
2,5,19.0,214,3,14,2,2,123,3,10
2,5,20.0,351,0,23,0,10,22,2,29
2,5,20.0,351,0,5,0,10,12,2,29
2,5,19.0,214,3,12,0,5,6,0,10
2,5,19.0,214,3,19,0,4,82,1,10
2,10,2.0,310,1,8,1,6,128,1,22
2,10,2.0,310,1,21,1,11,18,0,22
2,10,2.0,310,1,16,0,0,53,3,22
2,5,19.0,214,3,22,3,9,101,1,10
2,5,20.0,351,0,13,0,8,41,3,29
2,5,20.0,351,0,14,2,16,72,2,29
2,5,20.0,351,0,9,3,0,0,3,29
2,5,28.0,24,1,17,0,8,27,3,18
2,5,28.0,24,1,6,0,13,123,0,18
2,5,28.0,24,1,4,0,2,13,3,18
2,5,28.0,24,1,18,0,16,139,1,18
2,5,28.0,24,1,3,1,3,115,4,18
2,6,3.0,159,0,17,2,10,22,3,27
2,6,3.0,159,0,7,1,9,109,4,27
2,6,1.0,352,6,7,1,7,57,1,7
2,6,2.0,99,3,13,0,9,10,4,22
2,6,2.0,99,3,4,3,14,110,0,22
2,6,17.0,308,0,0,1,13,123,0,6
2,6,17.0,308,0,0,1,1,35,0,6
2,6,17.0,308,0,7,1,14,34,0,6
2,6,20.0,193,4,12,0,10,22,3,29
2,6,20.0,193,4,1,0,9,63,1,29
2,6,20.0,193,4,14,0,9,87,2,29
2,6,26.0,116,2,23,0,8,33,4,3
2,6,26.0,116,2,2,2,11,94,0,3
2,5,28.0,24,1,0,0,0,68,1,18
2,5,28.0,24,1,23,0,13,29,1,18
2,6,1.0,352,6,1,0,5,12,3,7
2,6,1.0,352,6,9,0,4,75,1,7
2,6,1.0,352,6,21,3,13,28,0,7
2,6,1.0,352,6,19,0,3,30,3,7
2,6,2.0,99,3,16,0,15,85,1,22
2,6,2.0,99,3,16,1,14,107,0,22
2,6,2.0,99,3,1,0,6,7,4,22
2,6,3.0,159,0,11,0,9,54,3,27
2,6,3.0,159,0,12,1,5,64,1,27
2,6,3.0,159,0,23,1,8,9,4,27
2,6,17.0,308,0,9,0,2,92,3,6
2,6,17.0,308,0,9,2,8,41,3,6
2,6,20.0,193,4,21,1,0,64,0,29
2,6,20.0,193,4,2,0,13,21,3,29
2,6,20.0,193,4,4,0,13,38,3,29
2,6,20.0,193,4,19,0,4,127,3,29
2,6,20.0,193,4,9,0,1,105,4,29
2,6,26.0,116,2,20,0,3,44,1,3
2,5,2.0,161,4,20,1,13,48,1,22
2,5,2.0,161,4,8,0,8,118,1,22
2,5,2.0,161,4,1,1,5,12,2,22
2,5,2.0,161,4,4,0,12,61,1,22
2,3,16.0,54,1,7,1,3,103,1,2
2,5,8.0,206,2,22,0,2,71,4,8
2,5,18.0,146,6,17,1,8,9,4,0
2,6,18.0,291,1,6,0,8,33,4,0
2,5,20.0,351,0,13,1,9,95,4,29
2,5,20.0,351,0,22,0,6,128,3,29
2,5,20.0,351,0,19,0,12,80,3,29
2,5,28.0,24,1,16,0,4,121,3,18
2,5,28.0,24,1,8,0,15,114,3,18
2,5,28.0,24,1,19,0,8,33,1,18
2,5,28.0,24,1,14,0,8,9,3,18
2,6,1.0,352,6,14,0,8,27,1,7
2,10,4.0,336,4,3,0,10,12,3,30
2,10,4.0,336,4,8,0,0,26,2,30
2,10,4.0,336,4,18,2,6,89,1,30
2,10,4.0,336,4,18,0,14,25,2,30
2,10,9.0,245,1,16,0,5,64,3,12
2,10,4.0,336,4,1,0,5,12,0,30
2,10,9.0,245,1,17,1,9,10,4,12
2,10,9.0,245,1,6,1,9,27,0,12
2,10,9.0,245,1,18,0,9,87,3,12
2,10,3.0,356,2,14,0,13,21,1,27
2,10,4.0,336,4,16,0,3,115,1,30
2,10,4.0,336,4,23,0,0,68,4,30
2,10,4.0,336,4,3,0,7,122,0,30
2,10,4.0,336,4,16,2,1,11,3,30
2,10,4.0,336,4,2,2,1,67,3,30
2,10,9.0,245,1,20,1,3,115,1,12
2,10,9.0,245,1,15,0,3,76,3,12
2,10,9.0,245,1,3,0,8,9,3,12
2,10,9.0,245,1,12,1,5,6,1,12
2,10,9.0,245,1,12,0,6,7,2,12
2,10,10.0,298,2,12,2,2,60,3,4
2,10,10.0,298,2,9,0,2,123,4,4
2,10,11.0,333,4,7,1,16,72,1,9
2,10,11.0,333,4,13,0,4,75,1,9
2,10,11.0,333,4,1,0,5,12,3,9
2,10,18.0,117,4,5,2,2,92,0,0
2,10,18.0,117,4,8,2,13,69,3,0
2,6,26.0,116,2,17,0,12,84,3,3
2,6,26.0,116,2,16,0,2,2,3,3
2,6,26.0,116,2,17,2,3,103,3,3
2,10,1.0,358,0,23,1,0,12,0,7
2,6,29.0,145,6,1,0,13,29,1,16
2,6,9.0,149,3,19,0,14,24,2,12
2,10,17.0,246,2,16,0,10,52,3,6
2,6,26.0,116,2,16,0,8,41,1,3
2,6,26.0,116,2,22,1,15,39,4,3
2,6,26.0,116,2,8,2,1,105,3,3
2,10,3.0,356,2,17,0,4,66,2,27
2,10,3.0,356,2,8,0,1,67,1,27
2,10,4.0,336,4,0,1,1,16,0,30
2,10,4.0,336,4,2,0,2,92,3,30
2,10,3.0,356,2,1,0,13,48,1,27
2,10,4.0,336,4,23,1,0,12,0,30
2,10,4.0,336,4,5,1,13,99,1,30
2,10,9.0,245,1,16,0,0,53,3,12
2,10,9.0,245,1,6,0,16,74,1,12
2,10,9.0,245,1,19,0,10,12,3,12
2,10,10.0,298,2,6,0,5,12,3,4
2,10,9.0,245,1,9,0,11,18,3,12
2,10,10.0,298,2,16,0,9,109,4,4
2,10,10.0,298,2,10,0,7,20,3,4
2,6,1.0,352,6,17,3,9,109,2,7
2,6,26.0,116,2,15,0,13,38,2,3
2,6,26.0,116,2,18,2,15,51,3,3
2,10,3.0,356,2,6,2,3,79,3,27
2,10,3.0,356,2,8,0,15,96,0,27
2,10,3.0,356,2,14,0,9,49,1,27
2,10,3.0,356,2,22,2,8,9,0,27
2,10,3.0,356,2,12,1,6,89,4,27
2,10,4.0,336,4,23,0,1,16,3,30
2,10,9.0,245,1,16,0,2,2,1,12
2,10,9.0,245,1,23,0,5,6,0,12
2,6,1.0,352,6,17,0,15,96,1,7
2,10,9.0,245,1,10,1,0,53,4,12
2,10,9.0,245,1,14,2,10,22,1,12
2,10,9.0,245,1,9,1,10,47,1,12
2,10,10.0,298,2,6,0,16,74,3,4
2,10,9.0,245,1,18,1,8,33,2,12
2,10,10.0,298,2,0,0,0,68,3,4
2,10,10.0,298,2,0,0,14,25,4,4
2,10,10.0,298,2,10,2,16,113,1,4
2,1,21.0,164,2,19,2,13,48,2,21
2,8,3.0,299,1,18,0,4,45,2,27
2,8,3.0,299,1,17,1,4,79,0,27
2,8,3.0,299,1,9,0,2,71,3,27
2,8,3.0,299,1,11,3,6,7,3,27
2,10,10.0,298,2,2,0,12,17,2,4
2,10,10.0,298,2,2,0,6,7,3,4
2,5,17.0,195,5,12,3,6,7,0,6
2,7,11.0,181,0,9,3,0,26,0,9
2,3,8.0,44,0,14,1,11,124,0,8
2,3,8.0,44,0,22,1,14,32,1,8
2,7,25.0,316,0,0,1,10,47,1,13
2,3,27.0,187,6,1,1,9,109,0,15
2,7,18.0,330,0,17,0,4,136,1,0
2,5,9.0,155,4,9,1,15,77,0,12
2,8,10.0,306,1,9,2,11,133,3,4
2,8,11.0,284,2,21,0,5,0,2,9
2,8,10.0,306,1,20,1,16,108,4,4
2,8,11.0,284,2,22,1,7,62,4,9
2,8,11.0,284,2,18,0,2,2,1,9
2,8,13.0,296,5,8,0,0,77,1,25
2,8,13.0,296,5,2,3,0,64,3,25
2,8,4.0,101,2,13,0,6,116,0,30
2,4,2.0,279,2,17,0,12,80,3,22
2,4,2.0,279,2,21,1,2,86,4,22
2,1,28.0,112,2,18,0,2,13,0,18
2,1,28.0,112,2,14,0,10,52,3,18
2,8,10.0,306,1,7,0,7,111,1,4
2,8,10.0,306,1,16,2,11,15,3,4
2,8,10.0,306,1,8,0,4,121,1,4
2,8,10.0,306,1,4,0,4,79,3,4
2,8,29.0,103,3,14,0,10,47,1,16
2,10,17.0,246,2,17,2,15,46,1,6
2,1,2.0,188,5,3,0,8,41,2,22
2,8,2.0,363,0,1,0,16,65,0,22
2,8,10.0,306,1,9,2,8,41,3,4
2,8,11.0,284,2,3,2,4,4,0,9
2,8,11.0,284,2,5,0,6,7,0,9
2,8,11.0,284,2,22,0,11,15,1,9
2,8,11.0,284,2,12,1,2,3,4,9
2,8,13.0,296,5,21,1,14,110,0,25
2,8,13.0,296,5,12,0,10,22,1,25
2,8,13.0,296,5,12,0,5,47,2,25
2,8,13.0,296,5,19,0,3,79,4,25
2,8,13.0,296,5,22,0,12,17,2,25
2,8,11.0,284,2,14,1,6,128,4,9
2,4,2.0,279,2,6,0,13,99,4,22
2,4,2.0,279,2,13,0,7,111,1,22
2,4,3.0,178,4,8,0,8,41,0,27
2,4,3.0,178,4,22,0,9,134,2,27
2,4,3.0,178,4,1,0,5,64,3,27
2,4,3.0,178,4,14,3,9,93,0,27
2,4,2.0,279,2,8,1,6,89,1,22
2,4,11.0,134,5,6,1,12,17,4,9
2,4,11.0,134,5,5,0,5,12,2,9
2,4,11.0,134,5,13,0,10,47,0,9
2,4,11.0,134,5,19,0,1,104,2,9
2,5,13.0,36,0,5,0,9,95,2,25
2,5,29.0,294,2,14,0,2,86,4,16
0,10,20.0,223,4,17,3,3,30,2,29
2,10,16.0,256,1,8,0,6,89,1,2
2,11,6.0,252,6,14,1,4,136,4,23
2,4,1.0,141,1,18,0,5,64,3,7
2,1,1.0,171,4,17,0,12,17,1,7
2,4,20.0,339,3,6,1,7,120,0,29
2,4,20.0,339,3,13,2,11,90,3,29
2,4,20.0,339,3,13,2,10,22,3,29
2,4,20.0,339,3,13,2,9,87,2,29
2,4,20.0,339,3,9,1,8,9,2,29
2,4,20.0,339,3,15,0,8,33,0,29
2,4,21.0,152,0,14,0,12,56,2,21
2,4,21.0,152,0,14,1,9,10,4,21
2,4,21.0,152,0,18,2,4,136,3,21
2,4,21.0,152,0,18,0,9,95,1,21
2,4,26.0,274,6,19,0,8,118,1,3
2,4,26.0,274,6,19,0,11,117,3,3
2,4,26.0,274,6,12,2,3,103,3,3
2,4,26.0,274,6,19,2,8,41,3,3
2,4,26.0,274,6,9,0,4,82,1,3
2,4,26.0,274,6,18,0,16,139,1,3
2,4,26.0,274,6,9,0,11,18,3,3
2,4,2.0,279,2,2,0,9,54,4,22
2,4,3.0,178,4,0,1,13,99,0,27
2,4,3.0,178,4,12,0,15,31,2,27
2,4,11.0,134,5,17,1,10,6,0,9
2,4,21.0,152,0,21,1,13,99,4,21
2,4,26.0,274,6,21,2,3,44,0,3
2,4,26.0,274,6,13,2,12,61,3,3
2,4,30.0,67,2,6,0,9,27,3,19
2,4,30.0,67,2,6,2,3,30,4,19
2,4,30.0,67,2,6,1,13,123,4,19
2,4,30.0,67,2,16,2,11,6,2,19
2,6,3.0,159,0,4,0,6,7,3,27
2,6,2.0,99,3,17,0,10,23,1,22
2,6,3.0,159,0,4,0,9,102,1,27
2,6,17.0,308,0,6,2,7,20,3,6
2,8,3.0,299,1,15,0,14,34,3,27
2,6,17.0,308,0,12,0,3,44,1,6
2,6,17.0,308,0,5,1,6,128,4,6
2,6,26.0,116,2,23,0,15,96,1,3
2,6,26.0,116,2,3,1,16,113,2,3
2,6,26.0,116,2,13,1,10,43,2,3
2,10,3.0,356,2,14,0,15,108,3,27
2,10,10.0,298,2,17,1,11,58,4,4
2,10,9.0,245,1,17,1,6,91,4,12
2,10,10.0,298,2,14,0,9,9,2,4
2,10,10.0,298,2,14,0,7,62,3,4
2,10,11.0,333,4,20,0,10,12,3,9
2,10,11.0,333,4,22,0,6,7,2,9
2,10,11.0,333,4,1,0,14,24,1,9
2,10,18.0,117,4,5,1,10,23,1,0
2,10,18.0,117,4,22,0,9,54,1,0
2,10,18.0,117,4,12,0,0,77,3,0
2,10,18.0,117,4,1,0,9,93,1,0
2,10,11.0,333,4,23,1,10,47,0,9
2,1,3.0,286,6,7,1,10,47,0,27
2,1,3.0,286,6,22,0,0,68,1,27
2,1,9.0,17,5,10,2,10,22,1,12
2,8,12.0,189,4,13,0,6,89,2,28
2,4,1.0,141,1,11,0,9,57,1,7
2,4,1.0,141,1,16,0,14,25,1,7
2,1,9.0,17,5,18,0,12,100,1,12
2,1,3.0,286,6,12,0,3,30,2,27
2,1,9.0,17,5,9,0,0,26,0,12
2,1,20.0,45,1,14,0,2,71,3,29
2,1,20.0,45,1,9,0,15,39,1,29
2,10,10.0,298,2,2,0,2,69,3,4
2,10,10.0,298,2,19,0,1,11,3,4
2,10,10.0,298,2,15,0,16,39,0,4
2,10,18.0,117,4,6,1,0,12,1,0
2,10,18.0,117,4,22,0,0,26,1,0
2,10,18.0,117,4,14,0,13,48,3,0
2,10,18.0,117,4,9,0,15,31,0,0
2,10,18.0,117,4,7,2,2,86,3,0
2,10,28.0,318,3,1,0,11,117,3,18
2,10,28.0,318,3,9,0,2,40,1,18
2,9,12.0,177,0,15,0,13,69,2,28
2,9,28.0,315,2,8,0,15,51,3,18
2,10,28.0,318,3,9,0,12,84,1,18
2,1,3.0,286,6,17,0,8,27,3,27
2,1,3.0,286,6,11,2,14,126,4,27
2,1,3.0,286,6,5,0,10,22,2,27
2,1,3.0,286,6,1,0,5,6,3,27
2,1,9.0,17,5,8,2,13,48,3,12
2,1,9.0,17,5,14,0,4,5,3,12
2,1,28.0,112,2,6,2,3,70,3,18
2,8,4.0,101,2,11,0,2,60,2,30
2,8,4.0,101,2,8,0,15,46,3,30
2,8,4.0,101,2,12,0,16,108,0,30
2,8,10.0,306,1,16,0,5,6,0,4
2,8,10.0,306,1,16,0,8,118,1,4
2,8,10.0,306,1,12,0,1,84,0,4
2,8,11.0,284,2,17,0,12,83,3,9
2,8,10.0,306,1,8,0,3,70,1,4
2,8,10.0,306,1,18,0,13,28,1,4
2,8,11.0,284,2,0,1,13,38,0,9
2,8,11.0,284,2,5,0,7,20,1,9
2,8,11.0,284,2,12,0,10,12,1,9
2,8,11.0,284,2,19,2,1,11,3,9
2,8,11.0,284,2,9,0,10,30,3,9
2,8,13.0,296,5,3,2,12,61,3,25
2,8,13.0,296,5,1,0,4,66,3,25
2,4,2.0,279,2,6,2,5,6,3,22
2,4,2.0,279,2,21,1,1,81,4,22
2,4,2.0,279,2,12,0,9,27,3,22
2,4,2.0,279,2,2,0,4,82,2,22
2,1,28.0,112,2,15,0,13,28,3,18
2,1,28.0,112,2,9,0,9,87,2,18
2,6,26.0,116,2,15,0,14,24,2,3
2,8,4.0,101,2,6,2,15,77,3,30
2,8,4.0,101,2,4,0,10,52,1,30
2,8,10.0,306,1,16,0,5,12,3,4
2,8,11.0,284,2,17,0,12,61,1,9
2,9,17.0,255,6,1,1,13,38,2,6
2,7,8.0,273,5,12,0,8,33,4,8
2,7,25.0,316,0,9,1,11,15,1,13
2,3,17.0,165,2,3,0,4,82,1,6
2,4,26.0,274,6,14,2,7,54,3,3
2,6,2.0,99,3,2,0,0,53,3,22
2,6,2.0,99,3,12,0,2,60,3,22
2,6,2.0,99,3,14,0,4,82,3,22
2,6,2.0,99,3,12,0,10,22,3,22
2,6,2.0,99,3,4,0,5,12,2,22
2,6,3.0,159,0,11,1,13,69,4,27
2,6,2.0,99,3,6,1,13,99,2,22
2,6,2.0,99,3,14,0,0,77,3,22
2,6,17.0,308,0,2,0,1,81,3,6
2,6,20.0,193,4,23,0,3,70,1,29
2,6,20.0,193,4,11,1,10,22,1,29
2,6,20.0,193,4,3,0,10,22,3,29
2,10,2.0,310,1,1,0,5,6,0,22
2,6,20.0,193,4,18,0,0,64,4,29
2,6,20.0,193,4,1,2,0,85,0,29
2,6,20.0,193,4,18,0,13,29,3,29
2,5,18.0,146,6,15,1,11,117,0,0
2,5,25.0,37,6,5,0,13,36,1,13
2,6,10.0,355,0,8,0,8,9,3,4
2,10,2.0,310,1,12,1,13,48,4,22
2,10,2.0,310,1,14,0,13,99,4,22
2,6,3.0,159,0,3,2,15,51,1,27
0,8,1.0,66,5,17,0,10,47,1,7
2,6,3.0,159,0,4,2,10,22,2,27
2,6,17.0,308,0,14,0,8,41,3,6
2,6,17.0,308,0,15,1,10,52,1,6
2,6,20.0,193,4,15,0,11,117,0,29
2,6,20.0,193,4,10,1,11,18,1,29
2,6,26.0,116,2,17,0,0,12,3,3
2,6,26.0,116,2,16,0,0,26,3,3
2,6,26.0,116,2,16,0,5,12,3,3
2,6,26.0,116,2,2,0,3,70,4,3
2,6,26.0,116,2,12,0,10,12,0,3
2,6,26.0,116,2,12,0,0,64,3,3
2,6,26.0,116,2,14,0,10,23,1,3
2,6,26.0,116,2,14,0,2,86,4,3
2,10,3.0,356,2,6,0,14,24,4,27
2,10,3.0,356,2,4,0,14,24,3,27
2,6,26.0,116,2,12,0,1,67,1,3
2,6,26.0,116,2,18,1,5,0,1,3
2,10,3.0,356,2,16,0,1,35,0,27
2,10,3.0,356,2,2,0,9,87,3,27
2,10,4.0,336,4,6,0,5,12,0,30
2,10,4.0,336,4,15,2,2,2,0,30
2,10,4.0,336,4,5,1,13,99,4,30
2,10,4.0,336,4,1,0,9,57,0,30
2,5,2.0,161,4,1,1,9,57,0,22
2,10,2.0,310,1,6,0,16,113,1,22
2,6,10.0,355,0,4,0,6,89,3,4
2,1,1.0,171,4,16,0,8,41,3,7
2,10,9.0,245,1,16,0,9,54,3,12
2,6,26.0,116,2,3,1,10,47,1,3
2,10,9.0,245,1,18,0,11,18,3,12
2,10,10.0,298,2,17,0,6,91,4,4
2,10,10.0,298,2,6,0,0,64,3,4
2,10,10.0,298,2,8,0,13,38,4,4
2,10,10.0,298,2,22,2,3,79,3,4
2,10,10.0,298,2,19,0,13,38,3,4
2,10,10.0,298,2,14,1,16,37,4,4
2,10,10.0,298,2,1,0,5,12,0,4
2,10,10.0,298,2,13,1,10,47,2,4
2,10,11.0,333,4,22,0,2,3,4,9
2,10,11.0,333,4,3,0,2,3,4,9
2,6,26.0,116,2,5,0,2,2,1,3
2,6,26.0,116,2,11,0,12,56,1,3
2,6,26.0,116,2,12,0,16,42,1,3
2,6,26.0,116,2,22,1,3,79,4,3
2,10,3.0,356,2,16,0,0,0,3,27
2,10,3.0,356,2,7,2,14,106,3,27
2,10,3.0,356,2,23,0,6,91,1,27
2,10,3.0,356,2,11,0,9,54,3,27
2,1,2.0,188,5,14,0,7,137,3,22
2,5,18.0,146,6,1,1,14,25,0,0
2,5,25.0,37,6,11,3,3,30,0,13
2,11,1.0,222,0,17,0,0,26,1,7
0,4,1.0,144,3,17,0,11,18,1,7
2,10,3.0,356,2,13,0,9,95,3,27
2,10,3.0,356,2,2,0,8,9,3,27
2,10,3.0,356,2,19,2,13,99,1,27
2,10,4.0,336,4,16,2,1,11,3,30
2,4,26.0,274,6,14,0,16,39,0,3
2,4,26.0,274,6,1,0,0,26,0,3
2,4,27.0,218,3,15,0,4,82,3,15
2,4,27.0,218,3,19,2,16,74,0,15
2,4,30.0,67,2,17,0,0,85,1,19
2,4,30.0,67,2,6,0,10,30,0,19
2,4,30.0,67,2,22,0,3,70,1,19
3,11,10.0,360,5,11,0,8,9,0,4
2,4,5.0,176,6,9,1,12,58,4,24
2,4,29.0,139,1,1,0,5,64,1,16
2,4,29.0,139,1,4,1,9,9,0,16
2,11,5.0,240,5,20,0,3,44,4,24
2,7,15.0,40,5,13,1,9,87,2,1
2,7,22.0,202,5,8,0,10,22,1,26
2,5,5.0,277,3,21,3,14,125,2,24
2,6,30.0,208,3,11,1,12,56,4,19
2,10,8.0,150,0,23,1,1,1,1,8
2,10,8.0,150,0,1,1,1,11,2,8
2,1,22.0,69,4,13,1,9,93,4,26
0,0,20.0,172,2,22,3,13,38,0,29
2,11,22.0,250,0,18,0,1,35,3,26
2,9,6.0,51,1,8,1,4,66,4,23
2,9,15.0,226,4,1,0,2,69,4,1
0,11,1.0,222,3,17,0,16,130,1,7
2,7,13.0,125,2,15,1,9,93,4,25
2,11,15.0,331,0,17,0,1,16,4,1
2,3,15.0,263,0,2,1,3,30,1,1
2,5,31.0,158,5,13,1,9,27,1,20
2,5,23.0,58,4,9,2,6,7,3,17
2,5,31.0,158,5,0,1,10,12,0,20
2,10,7.0,213,3,12,0,1,1,4,11
2,10,5.0,242,5,2,1,0,85,1,24
3,11,10.0,360,5,19,0,0,26,0,4
3,11,18.0,332,6,2,0,7,20,1,0
3,11,18.0,332,6,8,0,0,15,3,0
3,11,28.0,123,1,12,0,4,75,1,18
3,11,28.0,123,1,4,0,15,108,2,18
3,9,10.0,156,0,10,2,6,7,3,4
3,9,11.0,52,1,0,0,13,69,0,9
3,9,11.0,52,1,8,2,2,60,0,9
3,9,12.0,177,2,0,0,8,9,1,28
3,9,12.0,177,2,3,0,8,118,3,28
3,9,12.0,177,2,6,2,0,68,0,28
3,9,12.0,177,2,13,0,6,7,4,28
3,9,18.0,359,1,10,0,3,76,3,0
3,9,19.0,234,2,16,0,5,12,0,10
3,9,19.0,234,2,16,0,0,31,3,10
3,9,19.0,234,2,13,0,3,79,3,10
3,9,19.0,234,2,14,0,13,36,3,10
3,9,21.0,362,5,7,0,16,50,1,21
2,2,29.0,131,5,9,1,10,43,2,16
3,7,19.0,330,2,1,0,8,118,1,10
3,9,21.0,362,5,22,0,0,12,0,21
2,2,30.0,8,6,19,0,10,52,1,19
2,0,4.0,122,2,22,2,10,43,1,30
2,0,10.0,10,1,5,0,2,86,2,4
2,0,10.0,10,1,11,0,16,74,2,4
2,0,11.0,113,2,11,0,13,99,1,9
2,2,12.0,276,1,22,1,14,110,0,28
2,0,20.0,287,5,0,2,1,35,4,29
2,0,11.0,113,2,10,1,1,59,4,9
2,0,20.0,287,5,8,0,12,134,3,29
3,11,10.0,360,5,20,0,12,61,1,4
3,11,10.0,360,5,18,0,2,86,2,4
3,11,18.0,332,6,5,1,13,21,4,0
3,11,19.0,321,3,16,0,16,50,0,10
3,11,19.0,321,3,9,0,8,9,2,10
3,11,28.0,123,1,22,0,4,75,1,18
3,11,28.0,123,1,8,0,2,2,1,18
3,11,28.0,123,1,9,0,5,64,3,18
3,9,10.0,156,0,11,0,2,40,2,4
3,9,11.0,52,1,3,0,13,48,2,9
2,2,11.0,128,0,13,0,6,73,2,9
2,2,18.0,137,0,18,0,10,47,3,0
2,2,18.0,137,0,9,0,8,27,0,0
2,2,20.0,108,2,3,0,4,66,1,29
2,4,1.0,141,1,15,3,10,47,1,7
3,9,11.0,52,1,5,1,4,127,4,9
3,9,11.0,52,1,14,0,8,19,3,9
3,9,11.0,52,1,17,0,13,36,1,9
3,9,18.0,359,1,3,0,1,105,1,0
3,9,18.0,359,1,22,0,1,16,0,0
2,4,30.0,67,2,3,0,1,11,4,19
2,4,30.0,67,2,14,1,0,64,2,19
2,4,30.0,67,2,9,0,10,43,1,19
2,1,28.0,112,2,18,1,5,12,0,18
2,8,4.0,101,2,4,0,8,9,1,30
2,8,4.0,101,2,19,0,10,12,3,30
2,8,10.0,306,1,0,1,3,44,0,4
2,1,20.0,45,1,0,0,11,15,3,29
2,1,20.0,45,1,21,2,4,79,3,29
2,1,20.0,45,1,22,0,11,98,1,29
2,1,28.0,112,2,22,0,2,69,3,18
2,1,28.0,112,2,19,2,14,24,1,18
2,8,4.0,101,2,0,0,8,19,3,30
2,7,1.0,160,5,9,1,6,89,0,7
0,6,1.0,158,4,17,0,13,29,1,7
2,5,8.0,206,2,6,1,1,35,0,8
2,8,4.0,101,2,10,1,1,1,2,30
2,8,4.0,101,2,22,0,11,117,1,30
2,8,4.0,101,2,0,1,6,73,4,30
2,8,4.0,101,2,4,0,5,64,1,30
2,8,10.0,306,1,16,0,14,88,1,4
2,8,10.0,306,1,17,2,6,89,1,4
2,8,10.0,306,1,2,0,6,89,1,4
2,8,10.0,306,1,22,0,3,79,2,4
2,8,11.0,284,2,17,0,10,43,1,9
2,8,11.0,284,2,6,2,4,82,3,9
2,8,10.0,306,1,18,1,6,7,0,4
2,8,11.0,284,2,1,0,4,75,3,9
2,8,10.0,306,1,1,3,7,62,1,4
2,8,13.0,296,5,12,0,10,6,3,25
2,11,7.0,253,3,11,2,16,50,2,11
2,11,7.0,253,3,9,1,13,21,0,11
2,11,17.0,110,2,17,0,7,111,1,6
2,11,24.0,194,2,11,0,2,2,1,14
2,9,16.0,107,5,1,0,8,27,1,2
2,9,19.0,234,0,8,0,9,93,1,10
2,9,24.0,272,6,9,2,7,120,3,14
2,9,24.0,272,6,18,0,0,0,0,14
2,9,26.0,267,0,8,0,16,72,2,3
2,9,26.0,267,0,1,0,2,92,0,3
2,7,2.0,269,6,17,0,12,100,4,22
2,7,2.0,269,6,4,0,14,24,1,22
2,7,2.0,269,6,14,0,2,92,1,22
2,7,15.0,40,5,15,0,13,29,1,1
2,7,22.0,202,5,4,1,10,43,0,26
2,7,9.0,329,6,20,0,13,99,2,12
2,7,9.0,329,6,15,0,4,75,3,12
2,7,9.0,329,6,13,1,2,71,4,12
2,7,9.0,329,6,17,2,5,6,3,12
2,7,16.0,95,6,2,0,5,6,3,2
2,7,19.0,266,1,8,2,7,120,0,10
2,7,19.0,266,1,9,0,8,41,4,10
2,7,26.0,53,1,3,0,1,11,4,3
2,7,26.0,53,1,14,2,8,27,3,3
2,7,27.0,34,2,7,1,3,30,0,15
2,7,27.0,34,2,7,1,10,22,0,15
2,3,3.0,285,2,5,0,11,117,1,27
2,3,3.0,285,2,15,0,2,86,1,27
2,3,3.0,285,2,9,0,1,11,4,27
2,3,9.0,4,1,16,0,14,25,3,12
2,3,9.0,4,1,6,2,10,47,0,12
2,3,9.0,4,1,13,0,13,36,0,12
2,3,26.0,361,5,12,0,5,12,0,3
2,3,28.0,325,3,0,0,7,78,1,18
2,3,28.0,325,3,15,0,9,57,4,18
2,10,2.0,310,1,9,0,10,47,1,22
2,1,2.0,188,5,15,1,9,57,4,22
2,1,2.0,188,5,13,1,6,7,0,22
2,5,10.0,326,5,4,0,6,132,3,4
2,5,19.0,214,3,15,1,13,48,4,10
2,5,20.0,351,0,17,0,14,34,1,29
2,5,20.0,351,0,5,0,5,64,3,29
2,5,20.0,351,0,19,0,10,22,3,29
2,5,28.0,24,1,4,1,1,3,0,18
2,5,28.0,24,1,9,0,9,101,4,18
2,5,28.0,24,1,19,1,0,64,1,18
2,6,1.0,352,6,2,0,2,2,3,7
2,6,1.0,352,6,2,0,9,54,4,7
2,6,2.0,99,3,21,0,13,99,4,22
2,6,2.0,99,3,23,0,6,14,3,22
2,6,2.0,99,3,15,0,13,29,3,22
2,6,2.0,99,3,8,0,2,86,1,22
2,10,11.0,333,4,20,1,9,10,4,9
2,10,10.0,298,2,12,3,3,30,3,4
2,10,18.0,117,4,21,2,6,91,0,0
2,10,18.0,117,4,11,0,1,35,3,0
2,10,18.0,117,4,2,0,2,86,0,0
2,10,18.0,117,4,14,0,16,130,1,0
2,10,18.0,117,4,4,0,8,19,4,0
2,10,28.0,318,3,22,1,12,104,4,18
2,10,28.0,318,3,8,0,2,86,3,18
2,1,3.0,286,6,17,0,13,123,4,27
2,1,3.0,286,6,2,0,8,27,1,27
2,10,28.0,318,3,6,1,3,70,4,18
2,1,9.0,17,5,6,0,14,131,1,12
2,1,9.0,17,5,16,0,14,25,1,12
2,1,9.0,17,5,23,0,14,97,3,12
2,1,9.0,17,5,5,0,9,102,4,12
2,1,9.0,17,5,5,0,16,37,2,12
2,1,9.0,17,5,14,2,15,31,0,12
2,1,20.0,45,1,5,3,0,12,3,29
2,1,9.0,17,5,11,0,0,15,2,12
2,10,28.0,318,3,20,2,10,47,3,18
2,1,3.0,286,6,0,0,6,116,3,27
2,1,3.0,286,6,12,0,13,36,4,27
2,1,3.0,286,6,14,0,1,59,4,27
2,1,3.0,286,6,22,1,12,80,4,27
2,1,9.0,17,5,4,0,2,92,3,12
2,1,20.0,45,1,21,0,2,92,3,29
2,1,20.0,45,1,0,1,7,137,0,29
2,1,20.0,45,1,15,0,10,43,0,29
2,1,20.0,45,1,3,0,6,7,3,29
2,1,20.0,45,1,13,3,14,25,0,29
2,1,20.0,45,1,16,0,5,64,3,29
2,1,20.0,45,1,2,2,0,68,0,29
2,1,20.0,45,1,1,2,5,12,2,29
2,1,28.0,112,2,12,0,0,26,3,18
2,10,10.0,298,2,15,0,0,26,3,4
2,10,10.0,298,2,22,1,3,30,4,4
2,10,10.0,298,2,9,0,7,62,0,4
2,10,10.0,298,2,14,2,14,25,3,4
2,10,11.0,333,4,0,0,16,74,1,9
2,10,11.0,333,4,6,0,1,105,0,9
2,10,11.0,333,4,19,0,2,69,3,9
2,10,18.0,117,4,16,0,0,12,0,0
2,10,18.0,117,4,7,1,10,52,1,0
2,10,18.0,117,4,17,1,4,79,1,0
2,10,18.0,117,4,11,0,4,79,4,0
2,10,18.0,117,4,16,0,5,12,3,0
2,10,28.0,318,3,17,0,2,2,1,18
2,10,28.0,318,3,16,0,5,12,3,18
2,10,28.0,318,3,8,2,6,89,2,18
2,10,28.0,318,3,5,0,13,48,0,18
2,10,28.0,318,3,14,0,6,128,4,18
2,10,28.0,318,3,14,0,12,121,1,18
2,1,3.0,286,6,23,0,5,6,0,27
2,1,9.0,17,5,16,2,15,77,3,12
2,1,9.0,17,5,12,0,1,11,4,12
2,1,9.0,17,5,1,2,10,47,0,12
2,1,20.0,45,1,21,0,16,50,1,29
2,10,11.0,333,4,0,0,16,74,4,9
2,10,11.0,333,4,21,0,9,87,1,9
2,10,11.0,333,4,14,0,2,13,1,9
2,10,18.0,117,4,7,1,0,12,1,0
2,10,18.0,117,4,19,0,3,44,3,0
2,10,18.0,117,4,19,0,2,86,1,0
2,10,18.0,117,4,12,0,2,2,4,0
2,10,18.0,117,4,22,0,7,78,3,0
2,10,18.0,117,4,4,0,4,75,1,0
2,10,10.0,298,2,16,0,5,12,3,4
2,10,28.0,318,3,6,0,13,38,4,18
2,10,28.0,318,3,6,1,3,115,4,18
2,1,3.0,286,6,4,2,11,58,4,27
2,1,3.0,286,6,1,0,13,38,1,27
2,1,20.0,45,1,3,0,4,4,1,29
2,1,28.0,112,2,0,0,6,7,0,18
3,2,1.0,16,6,10,0,9,93,0,7
3,2,1.0,16,6,13,0,15,114,2,7
3,2,1.0,16,6,3,0,13,48,4,7
3,2,1.0,16,6,8,0,15,39,1,7
3,2,1.0,16,6,2,0,2,86,4,7
3,2,1.0,16,6,18,0,15,114,2,7
3,2,1.0,16,6,19,0,11,117,1,7
3,4,28.0,218,1,13,0,2,86,3,18
3,2,3.0,282,0,3,0,10,52,1,27
3,2,3.0,282,0,2,0,8,27,3,27
3,2,3.0,282,0,9,1,1,105,0,27
2,5,20.0,351,0,14,1,12,17,4,29
3,2,3.0,282,0,14,1,12,17,4,27
3,2,8.0,258,6,16,0,14,106,1,8
3,10,9.0,150,2,18,0,14,24,1,12
3,10,9.0,150,2,1,2,2,69,3,12
3,10,2.0,358,2,17,0,1,35,4,22
3,10,10.0,245,4,0,0,7,20,0,4
3,10,10.0,245,4,9,2,6,89,4,4
3,10,18.0,246,5,16,1,3,79,0,0
3,10,18.0,246,5,2,0,8,27,3,0
3,10,18.0,246,5,9,0,2,13,3,0
3,10,27.0,302,3,17,1,7,62,4,15
3,10,27.0,302,3,7,1,2,2,1,15
3,10,27.0,302,3,18,0,12,100,3,15
3,1,1.0,203,5,0,2,4,82,1,7
3,1,1.0,203,5,12,0,13,99,2,7
3,1,1.0,203,5,4,0,14,24,1,7
3,2,1.0,16,6,12,1,1,105,1,7
3,2,1.0,16,6,9,0,0,77,0,7
3,2,1.0,16,6,14,0,5,64,0,7
3,2,1.0,16,6,9,0,1,59,2,7
3,2,1.0,16,6,22,0,8,27,1,7
3,2,10.0,28,0,15,0,13,48,3,4
3,8,16.0,73,1,11,0,8,41,1,2
3,2,10.0,28,0,4,3,14,25,0,4
3,2,10.0,28,0,14,2,1,59,2,4
3,2,20.0,264,4,6,1,10,22,0,29
3,2,20.0,264,4,4,2,6,128,3,29
3,2,20.0,264,4,4,0,16,74,1,29
3,2,20.0,264,4,15,1,9,87,4,29
3,2,20.0,264,4,8,1,9,87,4,29
3,2,25.0,233,1,10,1,9,9,0,13
3,2,25.0,233,1,21,0,9,93,0,13
3,6,1.0,158,3,17,3,4,121,4,7
3,8,27.0,78,6,3,3,9,27,0,15
3,4,17.0,19,5,2,0,8,19,0,6
3,1,1.0,203,5,18,1,12,100,4,7
3,3,1.0,180,1,13,0,14,24,4,7
3,1,18.0,82,0,18,0,2,40,4,0
3,1,27.0,262,2,16,0,8,27,4,15
3,1,27.0,262,2,21,1,13,48,0,15
3,1,27.0,262,2,11,0,10,22,2,15
3,1,27.0,262,2,22,2,11,15,1,15
3,8,1.0,66,0,21,0,13,29,1,7
3,1,27.0,262,2,14,3,1,81,4,15
3,8,16.0,73,1,19,1,13,99,1,2
3,4,19.0,142,3,3,0,6,89,1,10
3,2,9.0,21,3,18,0,11,15,1,12
3,2,17.0,6,0,17,0,8,41,4,6
3,0,1.0,8,0,4,3,11,94,4,7
3,0,2.0,47,1,6,1,14,107,0,22
3,4,19.0,142,3,2,0,13,99,1,10
3,4,28.0,218,1,19,0,6,14,2,18
3,4,28.0,218,1,5,1,14,32,4,18
3,4,28.0,218,1,2,0,8,118,0,18
3,2,3.0,282,0,15,0,10,52,3,27
3,2,3.0,282,0,5,0,8,9,4,27
3,2,3.0,282,0,15,0,15,114,3,27
3,2,25.0,233,1,0,1,5,6,0,13
3,0,3.0,334,2,21,0,1,59,4,27
3,0,3.0,334,2,5,0,12,80,3,27
3,0,3.0,334,2,13,0,2,40,1,27
3,0,3.0,334,2,22,0,14,34,1,27
3,0,3.0,334,2,3,0,14,24,1,27
3,0,17.0,12,2,11,0,5,6,0,6
3,0,17.0,12,2,17,0,0,77,0,6
3,0,17.0,12,2,4,0,10,22,3,6
3,0,17.0,12,2,18,0,1,16,4,6
3,0,17.0,12,2,16,2,10,23,1,6
3,0,17.0,12,2,16,0,5,12,0,6
3,0,18.0,0,4,8,2,9,109,0,0
3,0,18.0,0,4,19,0,3,44,3,0
3,0,18.0,0,4,4,3,15,37,0,0
3,0,17.0,12,2,6,0,1,100,0,6
3,0,18.0,0,4,1,2,4,138,4,0
3,8,1.0,66,0,23,0,4,75,1,7
3,2,11.0,297,1,6,0,8,33,0,9
2,8,13.0,296,5,9,0,8,41,1,25
3,4,19.0,142,3,1,1,5,12,2,10
3,2,8.0,258,6,21,2,4,45,3,8
3,4,17.0,19,5,8,2,14,25,1,6
3,7,3.0,269,0,17,1,3,30,1,27
3,2,11.0,297,1,3,1,11,133,4,9
3,2,11.0,297,1,18,0,7,20,1,9
3,2,11.0,297,1,8,1,9,95,4,9
3,2,17.0,6,0,8,0,14,25,3,6
3,2,17.0,6,0,3,1,7,122,4,6
3,8,16.0,73,1,4,0,10,22,2,2
3,2,17.0,6,0,14,1,14,25,1,6
3,2,17.0,6,0,22,0,0,85,0,6
3,2,18.0,7,1,0,1,10,22,4,0
3,0,3.0,334,2,3,0,16,50,3,27
3,0,3.0,334,2,19,0,6,89,1,27
3,0,3.0,334,2,19,0,12,135,3,27
3,0,3.0,334,2,1,0,8,9,3,27
3,0,3.0,334,2,5,1,10,47,1,27
3,0,9.0,48,1,2,0,13,38,0,12
3,0,19.0,13,5,5,0,0,26,3,10
3,0,9.0,48,1,22,3,14,25,0,12
3,0,9.0,48,1,9,0,10,47,3,12
3,0,11.0,10,4,17,0,13,13,0,9
3,0,11.0,10,4,15,1,14,125,4,9
3,0,11.0,10,4,3,2,7,122,1,9
3,0,11.0,10,4,2,0,4,82,1,9
3,0,11.0,10,4,13,0,11,15,1,9
3,0,11.0,10,4,8,1,1,105,1,9
3,0,17.0,12,2,22,0,15,96,4,6
3,2,10.0,28,0,15,2,1,35,0,4
3,0,17.0,12,2,19,1,14,126,4,6
3,0,3.0,334,2,14,0,12,17,1,27
3,0,9.0,48,1,0,0,5,6,1,12
3,0,9.0,48,1,3,0,14,88,0,12
3,0,9.0,48,1,5,1,14,24,0,12
3,0,9.0,48,1,2,0,0,85,0,12
3,2,8.0,258,6,15,0,2,2,2,8
3,0,1.0,8,0,4,1,9,95,4,7
3,2,8.0,258,6,13,1,3,79,0,8
3,2,8.0,258,6,12,0,3,30,4,8
3,2,8.0,258,6,19,0,8,41,4,8
3,2,8.0,258,6,4,0,8,41,1,8
3,2,3.0,282,0,5,1,3,30,1,27
3,2,8.0,258,6,9,0,8,27,1,8
3,2,9.0,21,3,7,0,5,6,3,12
3,2,9.0,21,3,2,0,15,39,1,12
3,2,8.0,258,6,13,1,6,7,4,8
3,2,11.0,297,1,10,0,9,9,4,9
3,2,11.0,297,1,13,0,1,105,1,9
3,2,11.0,297,1,5,0,0,77,1,9
3,2,11.0,297,1,11,1,9,93,4,9
3,2,17.0,6,0,21,1,13,28,0,6
3,2,9.0,21,3,7,1,2,69,4,12
3,2,17.0,6,0,3,0,5,6,3,6
3,2,17.0,6,0,8,1,10,30,0,6
3,0,9.0,48,1,20,1,11,133,4,12
3,0,11.0,10,4,21,0,5,64,2,9
3,0,11.0,10,4,22,0,5,6,1,9
3,0,11.0,10,4,12,0,10,22,3,9
3,0,11.0,10,4,19,0,2,2,3,9
3,0,11.0,10,4,9,0,8,33,1,9
3,0,17.0,12,2,0,0,13,48,4,6
3,0,17.0,12,2,6,0,8,118,1,6
3,0,17.0,12,2,21,0,1,11,3,6
3,0,18.0,0,4,3,2,8,27,3,0
3,0,18.0,0,4,0,1,11,15,0,0
3,0,18.0,0,4,15,1,1,81,4,0
3,0,17.0,12,2,17,1,14,34,1,6
3,0,18.0,0,4,22,0,15,114,2,0
3,0,18.0,0,4,14,2,9,54,3,0
3,0,18.0,0,4,18,0,13,38,2,0
3,0,18.0,0,4,1,1,5,6,0,0
3,6,1.0,158,3,17,0,2,2,3,7
3,0,19.0,13,5,19,0,1,11,1,10
3,4,27.0,274,0,19,0,9,93,0,15
3,4,27.0,274,0,1,2,9,95,3,15
3,4,2.0,141,4,21,0,10,47,3,22
3,4,2.0,141,4,2,0,13,28,3,22
3,4,2.0,141,4,18,0,2,86,3,22
3,4,16.0,25,4,22,1,0,68,4,2
3,4,16.0,25,4,18,0,10,47,1,2
3,4,16.0,25,4,1,0,4,138,1,2
3,4,19.0,142,3,21,0,16,50,4,10
3,4,16.0,25,4,12,3,5,12,3,2
3,4,19.0,142,3,5,1,5,0,2,10
3,4,19.0,142,3,15,0,8,27,2,10
3,4,19.0,142,3,12,0,14,24,3,10
3,8,16.0,73,1,12,0,15,112,1,2
3,7,2.0,160,3,17,1,15,51,1,22
3,8,1.0,66,0,12,0,8,27,1,7
3,4,17.0,19,5,3,1,8,9,4,6
3,4,28.0,218,1,6,0,0,12,0,18
3,0,19.0,13,5,8,0,3,79,1,10
3,4,28.0,218,1,19,0,3,79,1,18
3,8,1.0,66,0,16,1,2,92,0,7
2,8,13.0,296,5,4,3,9,10,0,25
3,6,8.0,59,3,16,0,8,9,0,8
3,4,17.0,19,5,19,1,0,31,4,6
3,8,18.0,75,4,17,0,10,47,1,0
3,2,3.0,282,0,5,1,6,7,1,27
3,7,2.0,160,3,7,1,0,26,1,22
3,4,28.0,218,1,4,0,13,38,2,18
3,8,2.0,77,1,17,3,3,30,0,22
3,8,2.0,77,1,0,0,7,120,1,22
3,8,2.0,77,1,5,1,9,93,4,22
3,1,27.0,262,2,8,1,7,120,2,15
3,8,2.0,77,1,1,2,2,2,3,22
3,8,2.0,77,1,8,0,15,51,3,22
3,4,2.0,141,4,2,1,12,17,4,22
3,4,2.0,141,4,4,0,4,121,2,22
3,4,1.0,144,2,6,0,10,47,3,7
3,4,16.0,25,4,8,0,2,86,2,2
3,4,1.0,144,2,17,0,2,13,1,7
3,8,2.0,77,1,9,0,0,15,1,22
3,8,2.0,77,1,18,1,5,12,0,22
3,8,1.0,66,0,11,1,9,102,4,7
3,8,1.0,66,0,22,0,5,6,1,7
3,8,1.0,66,0,8,0,15,31,3,7
3,8,1.0,66,0,8,1,3,103,4,7
3,8,1.0,66,0,22,1,12,80,4,7
3,8,2.0,77,1,3,0,2,40,4,22
3,8,2.0,77,1,6,1,11,98,1,22
3,8,3.0,363,2,6,1,6,7,0,27
3,8,3.0,363,2,4,0,2,13,1,27
3,8,3.0,363,2,19,0,0,64,1,27
3,8,3.0,363,2,9,0,0,15,2,27
3,8,8.0,76,0,17,0,4,79,2,8
3,8,9.0,124,1,0,1,7,129,0,12
3,8,9.0,124,1,6,0,1,67,3,12
3,8,9.0,124,1,6,1,13,29,4,12
3,8,9.0,124,1,12,1,12,100,4,12
3,8,9.0,124,1,1,0,16,74,3,12
3,8,8.0,76,0,9,3,1,1,3,8
3,8,16.0,73,1,6,2,5,6,3,2
3,8,16.0,73,1,11,0,16,50,1,2
3,8,16.0,73,1,21,1,2,13,4,2
3,8,16.0,73,1,17,2,15,114,2,2
3,8,3.0,363,2,16,2,6,7,3,27
3,8,3.0,363,2,21,0,6,7,0,27
3,8,3.0,363,2,15,0,12,80,3,27
3,8,3.0,363,2,12,0,5,47,3,27
3,8,3.0,363,2,4,0,15,39,2,27
3,8,3.0,363,2,9,0,11,98,4,27
3,8,8.0,76,0,11,0,14,25,2,8
3,8,8.0,76,0,9,0,9,93,1,8
3,8,9.0,124,1,10,0,2,13,1,12
3,8,8.0,76,0,19,1,13,28,4,8
3,8,9.0,124,1,9,2,12,93,3,12
3,8,16.0,73,1,0,0,0,68,3,2
3,8,16.0,73,1,4,0,13,36,3,2
3,8,16.0,73,1,2,1,0,77,1,2
3,8,18.0,75,4,21,1,2,86,0,0
3,8,9.0,124,1,5,3,2,69,0,12
3,8,9.0,124,1,1,1,10,12,1,12
3,4,1.0,144,2,6,0,9,102,2,7
3,4,1.0,144,2,4,0,6,116,1,7
3,4,1.0,144,2,14,0,9,101,3,7
3,4,1.0,144,2,2,0,1,11,3,7
3,4,1.0,144,2,20,0,10,47,3,7
3,4,2.0,141,4,3,1,9,93,4,22
3,4,2.0,141,4,12,0,5,12,0,22
3,8,16.0,73,1,9,2,11,133,3,2
3,8,18.0,75,4,15,0,13,48,2,0
3,8,18.0,75,4,2,0,16,108,4,0
3,8,18.0,75,4,14,0,9,134,0,0
3,4,2.0,141,4,11,0,1,1,3,22
3,2,9.0,21,3,11,1,11,18,1,12
3,2,9.0,21,3,3,1,2,3,4,12
3,8,18.0,75,4,4,2,10,22,3,0
3,8,18.0,75,4,8,0,16,37,3,0
3,8,18.0,75,4,17,0,11,133,1,0
3,8,18.0,75,4,22,1,0,0,4,0
3,4,1.0,144,2,7,0,11,18,1,7
3,4,1.0,144,2,20,0,13,21,1,7
3,4,1.0,144,2,18,0,6,128,1,7
3,4,2.0,141,4,17,2,12,61,3,22
3,4,2.0,141,4,7,1,3,103,0,22
3,4,2.0,141,4,11,2,4,79,0,22
3,4,2.0,141,4,12,0,13,21,2,22
3,8,9.0,124,1,14,0,1,59,4,12
3,8,9.0,124,1,0,0,0,12,3,12
3,6,8.0,59,3,5,0,8,118,3,8
3,4,27.0,274,0,3,0,15,114,2,15
2,0,19.0,172,4,7,0,0,77,1,10
3,2,3.0,282,0,4,0,5,6,0,27
2,6,3.0,159,0,9,2,16,72,3,27
3,2,3.0,282,0,23,0,0,53,3,27
3,2,3.0,282,0,8,0,1,1,3,27
3,8,18.0,75,4,21,0,13,29,3,0
3,8,17.0,74,2,1,0,7,20,1,6
2,4,11.0,134,5,2,2,5,64,3,9
3,9,19.0,234,2,8,0,1,11,4,10
3,2,3.0,282,0,9,1,1,105,0,27
3,8,18.0,75,4,15,0,8,27,3,0
3,6,8.0,59,3,5,0,11,18,1,8
3,2,3.0,282,0,18,0,4,82,3,27
2,2,4.0,127,0,1,0,13,36,1,30
3,3,12.0,104,6,3,0,10,47,3,28
3,5,31.0,196,6,2,0,11,117,0,20
3,5,19.0,146,0,2,1,16,50,0,10
3,5,21.0,351,2,5,0,14,24,2,21
3,5,21.0,351,2,0,0,0,12,1,21
3,5,19.0,146,0,1,0,9,87,2,10
3,10,3.0,310,4,16,2,13,13,0,27
3,5,20.0,214,1,4,3,2,2,4,29
3,4,27.0,274,0,8,2,8,27,3,15
3,2,1.0,16,6,11,0,16,72,0,7
3,2,1.0,16,6,10,1,8,41,1,7
3,2,1.0,16,6,9,0,1,11,1,7
3,2,1.0,16,6,9,0,8,27,1,7
3,2,10.0,28,0,4,2,2,2,2,4
3,2,20.0,264,4,15,0,14,32,2,29
3,2,20.0,264,4,13,0,10,43,3,29
3,2,25.0,233,1,16,0,5,12,0,13
3,0,3.0,334,2,13,0,16,50,3,27
3,0,3.0,334,2,2,2,2,69,0,27
3,0,3.0,334,2,19,0,2,13,2,27
3,0,11.0,10,4,11,0,8,41,2,9
3,0,11.0,10,4,4,0,16,37,3,9
3,0,17.0,12,2,21,0,11,18,1,6
3,0,17.0,12,2,15,0,8,41,0,6
3,0,17.0,12,2,13,0,4,75,1,6
3,10,1.0,208,1,13,0,9,54,4,7
3,1,26.0,248,1,15,0,6,7,0,3
3,8,17.0,74,2,0,0,6,7,0,6
3,10,2.0,358,2,19,2,16,50,1,22
3,10,2.0,358,2,4,0,15,112,1,22
3,10,9.0,150,2,6,0,13,99,3,12
3,10,9.0,150,2,5,1,13,48,0,12
3,4,16.0,25,4,3,0,13,29,1,2
3,4,16.0,25,4,19,0,13,48,1,2
3,4,16.0,25,4,3,1,16,50,4,2
3,4,16.0,25,4,1,0,10,47,1,2
3,4,16.0,25,4,9,0,14,110,0,2
3,4,19.0,142,3,7,1,10,22,0,10
3,4,19.0,142,3,20,1,5,64,1,10
3,4,19.0,142,3,2,0,2,3,4,10
3,4,19.0,142,3,8,1,11,58,1,10
3,4,28.0,218,1,16,0,8,9,1,18
3,4,28.0,218,1,7,2,1,35,0,18
3,4,28.0,218,1,2,0,10,22,3,18
3,4,28.0,218,1,12,0,6,14,3,18
3,4,28.0,218,1,22,1,13,99,4,18
3,4,28.0,218,1,2,0,6,7,3,18
3,2,3.0,282,0,6,0,15,39,4,27
3,4,19.0,142,3,1,1,15,96,1,10
3,2,3.0,282,0,17,1,11,15,1,27
3,4,19.0,142,3,3,0,2,69,0,10
3,8,17.0,74,2,1,0,8,27,3,6
3,8,17.0,74,2,14,1,6,89,4,6
3,8,17.0,74,2,12,1,2,3,4,6
3,8,26.0,278,5,3,1,16,50,1,3
3,8,26.0,278,5,3,0,2,60,2,3
3,8,27.0,78,6,0,0,14,24,1,15
3,8,27.0,78,6,21,1,5,0,2,15
3,8,26.0,278,5,1,2,3,30,3,3
3,8,27.0,78,6,20,3,10,23,1,15
3,8,27.0,78,6,18,0,5,12,3,15
3,4,3.0,279,5,5,0,5,12,0,27
3,4,3.0,279,5,13,0,8,118,4,27
3,4,3.0,279,5,4,0,10,22,1,27
3,4,3.0,279,5,5,1,1,81,4,27
3,4,3.0,279,5,2,1,9,101,4,27
3,4,8.0,292,2,6,0,1,11,4,8
3,4,8.0,292,2,12,0,10,23,3,8
3,4,8.0,292,2,19,1,8,9,4,8
3,4,9.0,18,4,13,2,5,6,0,12
3,4,9.0,18,4,12,0,8,118,1,12
3,4,9.0,18,4,22,1,12,83,4,12
3,4,17.0,19,5,11,0,14,125,4,6
3,4,17.0,19,5,15,2,6,7,3,6
3,4,17.0,19,5,5,0,8,41,4,6
3,1,25.0,65,0,15,0,14,24,2,13
3,4,27.0,274,0,12,0,0,31,3,15
3,4,27.0,274,0,12,0,8,118,3,15
3,4,27.0,274,0,9,1,14,125,4,15
3,4,27.0,274,0,19,2,8,33,3,15
3,4,27.0,274,0,15,1,9,49,1,15
3,4,27.0,274,0,2,0,2,86,2,15
3,8,17.0,74,2,14,1,11,133,1,6
3,4,27.0,274,0,1,1,0,53,0,15
3,2,8.0,258,6,13,0,2,86,2,8
2,2,4.0,127,0,10,1,1,11,0,30
3,6,8.0,59,3,12,0,8,9,2,8
2,10,10.0,298,2,5,1,9,63,4,4
3,8,2.0,77,1,11,2,8,118,2,22
3,6,8.0,59,3,9,1,11,133,4,8
3,2,1.0,16,6,2,0,10,22,1,7
3,2,8.0,258,6,19,0,2,13,1,8
3,2,3.0,282,0,4,2,3,44,3,27
2,2,30.0,8,6,3,0,4,82,2,19
3,8,16.0,73,1,8,0,0,64,0,2
3,6,8.0,59,3,8,1,11,18,1,8
3,2,1.0,16,6,12,0,8,33,4,7
3,0,2.0,47,1,18,1,1,35,1,22
2,4,27.0,218,3,5,1,1,1,4,15
3,8,18.0,75,4,1,0,2,69,1,0
3,6,10.0,149,1,0,0,5,64,3,4
3,2,8.0,258,6,19,2,0,31,0,8
2,8,13.0,296,5,22,0,12,61,1,25
3,9,21.0,362,5,2,0,14,24,2,21
3,7,3.0,269,0,22,1,8,33,0,27
2,0,10.0,10,1,20,1,12,83,4,4
3,11,11.0,175,6,1,0,14,24,2,9
3,9,3.0,217,0,22,1,15,114,4,27
3,3,20.0,105,3,17,1,7,31,1,29
3,3,19.0,138,6,17,1,10,30,2,10
3,3,20.0,105,3,14,0,6,128,2,29
3,3,29.0,325,1,17,1,3,30,1,16
3,5,6.0,277,1,18,0,9,93,1,23
3,5,6.0,277,1,11,1,2,2,1,23
3,10,12.0,333,6,12,1,5,64,4,28
3,10,30.0,157,2,16,0,6,7,0,19
3,1,5.0,219,1,19,1,8,41,1,24
3,1,5.0,219,1,14,0,9,27,0,24
3,1,30.0,100,6,2,0,5,6,0,19
3,1,21.0,45,4,18,0,5,12,2,21
3,8,29.0,301,0,17,1,10,22,4,16
3,4,15.0,132,2,16,1,6,91,4,1
3,8,6.0,87,6,17,0,14,110,2,23
3,4,31.0,67,5,12,1,6,89,4,20
3,4,31.0,67,5,22,0,13,28,2,20
2,5,27.0,259,0,13,3,11,90,4,15
2,9,1.0,126,4,17,0,10,47,1,7
2,6,10.0,355,0,17,3,9,101,1,4
3,10,1.0,208,1,17,0,4,79,3,7
3,10,1.0,208,1,12,1,1,1,4,7
3,10,1.0,208,1,9,0,12,61,1,7
3,10,8.0,213,1,14,1,16,50,1,8
3,10,8.0,213,1,9,0,0,12,3,8
3,10,16.0,201,2,16,0,5,6,3,2
3,10,16.0,201,2,3,0,6,89,1,2
3,10,16.0,201,2,14,2,9,95,3,2
3,10,16.0,201,2,14,2,13,38,2,2
3,10,16.0,201,2,18,0,5,6,1,2
2,1,13.0,183,1,18,1,15,31,4,25
3,1,2.0,171,6,20,1,5,12,0,22
3,1,2.0,171,6,13,1,13,38,1,22
3,1,8.0,62,5,4,0,2,92,1,8
3,1,8.0,62,5,23,1,9,95,1,8
3,1,10.0,17,3,6,0,1,105,1,4
3,1,10.0,17,3,7,0,15,77,3,4
3,1,10.0,17,3,1,0,1,105,3,4
3,1,19.0,29,1,16,0,2,69,3,10
3,1,19.0,29,1,16,0,0,12,3,10
3,1,19.0,29,1,5,0,13,29,2,10
3,1,24.0,64,3,0,1,15,39,0,14
3,1,24.0,64,3,0,1,13,48,0,14
3,1,24.0,64,3,15,0,12,84,0,14
3,10,8.0,213,1,9,0,10,47,0,8
3,6,1.0,158,3,13,0,15,114,1,7
3,1,26.0,248,1,18,0,5,12,0,3
3,1,24.0,64,3,9,1,15,51,0,14
3,1,24.0,64,3,4,1,11,129,2,14
3,1,24.0,64,3,8,1,1,105,0,14
3,1,25.0,65,0,19,0,16,74,1,13
3,1,24.0,64,3,14,0,13,38,4,14
3,1,25.0,65,0,9,0,13,21,1,13
3,1,26.0,248,1,6,0,8,41,3,3
3,1,26.0,248,1,21,0,0,12,0,3
3,4,17.0,19,5,6,2,10,47,3,6
3,4,17.0,19,5,3,1,0,12,4,6
3,4,27.0,274,0,16,0,0,68,3,15
3,4,27.0,274,0,13,0,6,73,2,15
2,11,8.0,283,0,8,1,13,123,2,8
0,0,19.0,13,1,20,1,11,133,1,10
2,6,20.0,193,4,22,2,10,47,3,29
2,7,2.0,269,6,17,0,0,0,2,22
2,8,13.0,296,5,15,0,16,50,2,25
2,2,12.0,276,1,17,0,10,12,1,28
0,0,1.0,8,5,17,0,13,38,3,7
2,10,11.0,333,4,3,1,2,2,4,9
2,4,30.0,67,2,22,0,11,133,2,19
2,2,22.0,230,5,22,0,13,28,0,26
3,9,12.0,177,2,15,1,7,129,1,28
3,6,10.0,149,1,13,0,10,22,3,4
3,2,8.0,258,6,23,3,6,116,1,8
3,2,8.0,258,6,23,0,9,54,1,8
3,8,18.0,75,4,19,2,10,47,1,0
3,6,10.0,149,1,19,0,2,92,1,4
2,4,16.0,19,2,17,1,1,11,4,2
3,2,8.0,258,6,20,1,12,100,4,8
3,8,18.0,75,4,9,0,0,15,0,0
3,6,8.0,59,3,8,0,6,14,2,8
2,0,15.0,11,3,1,0,5,12,1,1
3,2,9.0,21,3,6,2,1,16,3,12
3,8,18.0,75,4,11,1,3,115,4,0
3,2,10.0,28,0,12,2,3,44,0,4
3,4,2.0,141,4,6,1,1,105,0,22
3,6,24.0,31,1,6,2,1,11,3,14
2,4,24.0,20,4,22,0,13,28,2,14
3,4,2.0,141,4,2,0,6,89,1,22
3,2,10.0,28,0,8,1,0,77,1,4
2,4,6.0,133,3,13,3,5,12,1,23
3,9,24.0,272,0,9,1,0,31,4,14
2,0,15.0,11,3,15,1,1,67,2,1
2,0,15.0,11,3,17,3,12,135,1,1
3,5,26.0,37,0,17,0,2,40,1,3
3,10,15.0,60,1,1,1,1,67,4,1
3,10,26.0,61,6,23,1,16,37,1,3
3,10,25.0,56,5,19,1,13,28,0,13
3,10,7.0,243,0,13,3,12,135,1,11
3,11,6.0,252,0,8,1,14,32,4,23
3,9,9.0,320,3,22,3,8,27,1,12
3,3,9.0,44,2,2,1,13,99,4,12
3,6,15.0,49,3,17,3,15,39,4,1
3,1,7.0,32,4,9,0,4,45,0,11
3,1,11.0,111,0,17,1,10,47,2,9
3,6,7.0,169,6,1,0,12,100,4,11
3,10,17.0,256,4,18,0,11,98,4,6
3,10,17.0,256,4,2,1,8,27,1,6
3,10,17.0,256,4,9,1,8,27,2,6
3,10,26.0,61,6,12,1,13,28,0,3
3,8,25.0,86,4,2,1,10,47,0,13
3,2,20.0,264,4,18,0,12,84,1,29
3,2,10.0,28,0,22,0,15,114,1,4
3,2,25.0,233,1,6,0,16,50,1,13
3,2,25.0,233,1,6,0,4,45,1,13
3,2,25.0,233,1,2,0,3,115,0,13
3,2,25.0,233,1,18,1,9,87,0,13
3,0,3.0,334,2,17,1,0,31,4,27
3,0,3.0,334,2,12,0,3,79,0,27
3,0,11.0,10,4,16,1,3,103,0,9
3,0,11.0,10,4,7,0,13,36,3,9
3,0,11.0,10,4,13,0,1,59,1,9
3,0,11.0,10,4,13,0,15,96,3,9
3,0,9.0,48,1,3,1,0,53,0,12
3,0,11.0,10,4,9,2,12,104,3,9
3,2,10.0,28,0,16,1,16,139,4,4
3,2,10.0,28,0,4,2,6,128,1,4
3,0,17.0,12,2,0,0,0,12,3,6
3,0,17.0,12,2,0,0,1,11,4,6
3,2,8.0,258,6,3,0,15,39,1,8
3,2,8.0,258,6,8,0,9,101,3,8
3,2,9.0,21,3,13,0,13,28,4,12
3,2,9.0,21,3,13,0,5,0,1,12
3,2,8.0,258,6,12,0,12,135,2,8
3,8,8.0,76,0,13,3,11,8,4,8
3,8,18.0,75,4,8,0,16,37,3,0
3,2,11.0,297,1,15,0,10,47,0,9
3,2,11.0,297,1,11,1,6,7,4,9
3,2,17.0,6,0,3,1,2,40,1,6
3,2,17.0,6,0,2,0,2,86,4,6
3,2,17.0,6,0,19,0,2,86,4,6
3,2,17.0,6,0,18,2,1,11,3,6
3,2,18.0,7,1,11,0,10,47,2,0
3,2,18.0,7,1,15,0,4,103,3,0
3,2,18.0,7,1,2,1,2,71,4,0
3,2,18.0,7,1,14,0,5,12,3,0
3,2,18.0,7,1,1,0,2,40,2,0
3,2,18.0,7,1,5,0,10,47,3,0
3,2,17.0,6,0,18,1,9,27,0,6
2,2,5.0,251,1,18,2,11,133,3,24
2,10,12.0,346,5,4,0,3,70,3,28
2,2,11.0,128,0,13,1,4,4,4,9
2,4,28.0,313,0,3,0,14,24,2,18
2,3,19.0,105,5,3,3,13,28,4,10
3,11,29.0,270,2,1,1,13,48,1,16
2,11,9.0,311,1,13,0,2,86,1,12
3,9,3.0,217,0,19,1,9,101,4,27
3,3,19.0,138,6,17,3,11,124,1,10
3,3,29.0,325,1,17,3,9,49,1,16
3,7,19.0,330,2,0,1,0,0,0,10
3,3,20.0,105,3,17,1,7,31,1,29
3,3,19.0,138,6,9,0,14,25,2,10
3,5,4.0,114,3,2,3,12,80,1,30
3,5,5.0,96,0,9,0,10,47,0,24
3,4,2.0,141,4,12,0,2,40,3,22
3,2,10.0,28,0,14,0,12,56,1,4
3,4,2.0,141,4,20,1,3,76,4,22
3,2,20.0,264,4,6,1,4,79,0,29
3,4,16.0,25,4,15,1,6,7,0,2
3,4,2.0,141,4,13,1,13,21,4,22
3,2,20.0,264,4,22,1,9,54,4,29
3,2,25.0,233,1,16,0,5,12,3,13
3,2,25.0,233,1,3,0,14,25,0,13
3,2,25.0,233,1,6,1,4,75,0,13
3,2,25.0,233,1,4,0,0,31,0,13
3,2,25.0,233,1,6,0,3,76,0,13
3,0,3.0,334,2,7,0,16,130,1,27
3,0,3.0,334,2,2,0,11,18,1,27
3,0,3.0,334,2,13,0,11,117,0,27
3,8,27.0,78,6,2,0,14,24,1,15
3,4,3.0,279,5,17,1,13,38,0,27
3,4,3.0,279,5,13,0,10,6,3,27
3,4,8.0,292,2,16,2,0,0,3,8
3,4,8.0,292,2,15,0,11,124,0,8
3,4,9.0,18,4,12,0,9,49,1,12
3,4,9.0,18,4,0,1,12,104,4,12
3,4,8.0,292,2,14,1,9,102,4,8
3,4,17.0,19,5,17,0,10,47,1,6
3,4,17.0,19,5,19,2,5,6,0,6
3,4,27.0,274,0,7,1,0,0,0,15
3,4,27.0,274,0,3,0,15,108,4,15
3,2,1.0,16,6,22,2,14,34,0,7
3,2,1.0,16,6,14,0,0,31,1,7
3,2,10.0,28,0,23,0,0,15,1,4
3,6,6.0,83,5,16,3,9,134,3,23
3,6,22.0,185,3,1,0,2,29,1,26
2,2,3.0,254,3,18,0,1,67,0,27
2,6,11.0,162,1,10,1,0,12,1,9
2,0,22.0,237,3,4,1,9,87,4,26
3,11,26.0,364,3,13,1,9,95,4,3
2,0,22.0,237,3,3,1,5,6,0,26
3,11,3.0,288,5,5,1,9,58,4,27
3,7,11.0,197,1,4,3,8,118,1,9
3,7,22.0,211,6,13,0,6,91,2,26
3,3,14.0,33,0,12,1,8,9,4,5
3,3,14.0,33,0,22,0,9,10,4,5
3,3,14.0,33,0,14,1,4,75,2,5
3,7,22.0,211,6,4,0,3,79,1,26
3,7,22.0,211,6,9,3,10,43,1,26
3,6,30.0,145,0,22,3,9,93,0,19
3,3,21.0,338,0,23,0,16,130,1,21
3,5,13.0,184,1,13,1,12,84,0,25
3,5,13.0,184,1,2,3,3,30,3,25
3,5,22.0,163,4,3,1,9,101,0,26
3,5,22.0,163,4,1,3,14,24,3,26
3,6,30.0,145,0,9,3,8,33,0,19
3,1,23.0,69,6,1,1,2,2,0,17
3,8,1.0,66,0,1,0,13,38,0,7
3,7,17.0,95,0,17,0,1,16,4,6
3,8,3.0,363,2,22,0,4,4,3,27
3,8,3.0,363,2,2,2,14,107,3,27
3,8,3.0,363,2,11,1,6,128,1,27
3,8,8.0,76,0,11,0,6,73,2,8
3,8,8.0,76,0,0,1,16,42,1,8
3,8,8.0,76,0,2,0,2,69,1,8
3,8,8.0,76,0,12,0,8,118,1,8
3,8,8.0,76,0,9,2,7,20,3,8
3,8,9.0,124,1,0,1,13,21,0,12
3,8,9.0,124,1,10,0,0,77,1,12
3,8,9.0,124,1,22,2,3,76,3,12
3,8,9.0,124,1,2,0,1,67,0,12
3,8,16.0,73,1,6,0,0,12,3,2
3,8,16.0,73,1,0,0,13,99,3,2
3,8,16.0,73,1,22,0,13,28,3,2
3,8,16.0,73,1,22,1,8,19,4,2
3,8,18.0,75,4,21,1,2,92,0,0
3,4,16.0,25,4,19,0,15,114,2,2
3,2,9.0,21,3,14,1,2,123,0,12
3,2,9.0,21,3,8,2,9,10,3,12
3,8,18.0,75,4,20,0,10,22,1,0
3,8,18.0,75,4,15,1,10,22,1,0
3,1,18.0,82,0,10,0,1,1,4,0
3,1,18.0,82,0,11,3,5,12,1,0
3,6,24.0,31,1,7,0,8,9,3,14
3,1,18.0,82,0,19,3,12,61,4,0
3,1,18.0,82,0,14,2,16,74,3,0
3,1,18.0,82,0,18,0,13,13,3,0
3,1,27.0,262,2,6,0,10,43,1,15
3,1,27.0,262,2,8,3,6,89,3,15
3,1,27.0,262,2,1,0,2,86,3,15
3,1,18.0,82,0,15,0,14,24,2,0
3,8,1.0,66,0,18,0,4,4,1,7
3,6,24.0,31,1,7,0,4,121,1,14
3,6,24.0,31,1,8,1,11,15,1,14
3,1,27.0,262,2,8,2,10,47,0,15
3,6,24.0,31,1,8,0,14,131,1,14
3,4,2.0,141,4,9,0,14,106,4,22
3,8,1.0,66,0,2,2,2,92,3,7
3,6,24.0,31,1,4,0,9,95,1,14
3,4,2.0,141,4,0,1,10,23,1,22
3,8,2.0,77,1,16,0,0,26,3,22
3,6,24.0,31,1,14,0,14,34,4,14
3,4,16.0,25,4,20,0,4,75,1,2
3,8,2.0,77,1,16,2,15,39,0,22
3,10,2.0,358,2,20,2,4,66,2,22
3,4,16.0,25,4,3,0,9,27,3,2
3,8,2.0,77,1,0,2,0,77,3,22
3,10,2.0,358,2,17,2,13,99,1,22
3,4,16.0,25,4,10,2,5,64,3,2
3,8,2.0,77,1,1,0,8,9,2,22
3,4,16.0,25,4,20,1,3,30,4,2
3,8,8.0,76,0,20,0,9,134,1,8
3,10,2.0,358,2,3,0,7,120,3,22
3,4,16.0,25,4,9,0,9,101,3,2
3,0,19.0,13,5,19,0,4,136,4,10
3,0,18.0,0,4,12,0,1,35,4,0
3,0,19.0,13,5,9,0,9,87,3,10
3,0,19.0,13,5,13,0,9,93,3,10
3,0,20.0,172,6,10,0,5,6,0,29
3,0,20.0,172,6,22,0,15,39,1,29
3,0,20.0,172,6,1,0,3,30,0,29
3,0,11.0,10,4,13,3,15,46,0,9
3,0,3.0,334,2,2,1,10,22,1,27
3,0,9.0,48,1,0,1,8,27,4,12
3,0,9.0,48,1,2,0,7,120,1,12
3,0,9.0,48,1,14,0,0,12,1,12
3,0,9.0,48,1,2,1,0,53,0,12
3,0,11.0,10,4,23,0,10,22,0,9
3,0,11.0,10,4,5,0,5,6,2,9
3,0,11.0,10,4,15,0,16,65,0,9
3,0,11.0,10,4,8,2,1,35,0,9
3,0,17.0,12,2,13,2,5,6,0,6
3,8,8.0,76,0,8,2,7,20,3,8
3,8,9.0,124,1,17,0,3,70,2,12
3,8,9.0,124,1,0,0,0,64,3,12
3,8,9.0,124,1,14,0,16,50,1,12
3,8,16.0,73,1,15,0,6,89,1,2
3,8,16.0,73,1,3,0,15,46,3,2
3,8,16.0,73,1,3,0,16,37,2,2
3,8,18.0,75,4,7,0,6,7,3,0
3,8,16.0,73,1,13,0,16,130,3,2
3,8,18.0,75,4,19,0,5,6,2,0
3,4,1.0,144,2,0,0,8,27,1,7
3,4,2.0,141,4,6,0,16,42,1,22
3,4,2.0,141,4,11,2,13,99,0,22
3,10,27.0,302,3,17,3,6,7,0,15
3,4,2.0,141,4,13,2,3,103,0,22
3,2,8.0,258,6,0,0,0,64,3,8
3,0,2.0,47,1,3,0,2,86,0,22
3,2,8.0,258,6,22,2,11,18,1,8
3,2,8.0,258,6,20,0,10,23,1,8
3,2,8.0,258,6,8,0,3,30,2,8
3,2,8.0,258,6,13,1,3,79,0,8
3,0,17.0,12,2,14,2,10,47,3,6
3,0,17.0,12,2,4,2,13,69,3,6
3,0,18.0,0,4,2,2,16,74,3,0
3,0,18.0,0,4,2,0,5,6,2,0
3,0,18.0,0,4,4,2,8,27,0,0
3,0,18.0,0,4,1,0,4,66,1,0
3,0,19.0,13,5,10,0,10,23,1,10
3,0,19.0,13,5,4,2,13,28,2,10
3,0,18.0,0,4,7,0,16,42,1,0
3,0,19.0,13,5,18,0,6,89,1,10
3,2,20.0,264,4,13,0,9,27,2,29
3,2,25.0,233,1,16,0,0,12,0,13
3,2,25.0,233,1,0,2,0,64,3,13
3,2,25.0,233,1,0,2,1,59,3,13
3,2,25.0,233,1,4,0,6,7,1,13
3,2,9.0,21,3,5,0,12,80,0,12
3,2,9.0,21,3,15,2,1,1,0,12
3,2,9.0,21,3,5,0,8,41,2,12
3,2,9.0,21,3,9,0,16,50,3,12
3,2,11.0,297,1,16,1,13,21,0,9
3,2,11.0,297,1,23,0,10,12,1,9
3,2,11.0,297,1,11,0,13,36,1,9
3,0,9.0,48,1,21,2,9,93,3,12
3,8,8.0,76,0,15,0,1,11,2,8
3,8,18.0,75,4,22,1,3,30,1,0
3,4,1.0,144,2,17,0,13,21,1,7
3,0,9.0,48,1,20,0,11,18,1,12
3,4,1.0,144,2,17,2,6,89,2,7
3,4,1.0,144,2,15,0,15,46,3,7
3,0,11.0,10,4,16,1,10,22,0,9
3,2,10.0,28,0,16,3,9,27,0,4
3,0,11.0,10,4,22,0,1,1,4,9
3,2,10.0,28,0,13,0,1,11,3,4
3,2,10.0,28,0,4,0,10,22,1,4
3,2,10.0,28,0,2,1,5,64,1,4
3,5,1.0,109,4,17,3,5,6,0,7
3,4,27.0,274,0,22,0,10,47,0,15
3,2,20.0,264,4,20,0,9,102,1,29
3,2,25.0,233,1,17,0,5,6,3,13
3,4,27.0,274,0,23,1,9,49,1,15
3,2,1.0,16,6,13,1,2,13,4,7
3,2,25.0,233,1,0,1,12,84,0,13
3,2,25.0,233,1,15,0,13,36,3,13
3,2,25.0,233,1,4,0,16,42,1,13
3,2,25.0,233,1,9,0,10,23,3,13
3,0,3.0,334,2,23,1,1,67,0,27
3,0,3.0,334,2,17,1,15,114,2,27
3,0,3.0,334,2,9,0,8,27,0,27
3,0,9.0,48,1,6,2,11,94,2,12
3,2,18.0,7,1,4,1,15,31,2,0
3,4,1.0,144,2,2,0,16,130,3,7
3,4,1.0,144,2,14,0,2,3,2,7
3,4,2.0,141,4,16,0,10,22,1,22
3,4,2.0,141,4,17,1,4,5,0,22
3,4,2.0,141,4,4,0,13,29,1,22
3,4,2.0,141,4,2,0,5,6,2,22
3,4,2.0,141,4,1,0,14,107,3,22
3,4,2.0,141,4,1,0,11,94,1,22
3,4,2.0,141,4,5,0,9,87,2,22
3,4,16.0,25,4,10,0,9,95,1,2
3,4,16.0,25,4,20,0,15,114,2,2
3,4,16.0,25,4,13,3,8,19,0,2
3,4,1.0,144,2,9,1,10,22,2,7
3,4,2.0,141,4,2,0,8,33,2,22
3,4,2.0,141,4,3,1,6,116,1,22
3,4,16.0,25,4,13,2,10,23,3,2
3,4,16.0,25,4,20,1,9,63,4,2
3,4,19.0,142,3,0,2,14,25,2,10
3,4,19.0,142,3,0,1,1,59,0,10
3,4,19.0,142,3,0,1,13,48,0,10
3,4,28.0,218,1,0,2,10,47,3,18
3,4,28.0,218,1,19,0,9,54,1,18
3,2,3.0,282,0,23,1,5,6,0,27
3,2,3.0,282,0,14,0,10,22,3,27
2,0,1.0,47,3,17,0,8,41,4,7
3,2,3.0,282,0,9,0,2,86,0,27
3,0,11.0,10,4,8,0,3,70,2,9
3,0,11.0,10,4,1,1,4,79,0,9
3,0,11.0,10,4,9,0,1,59,2,9
3,10,1.0,208,1,14,0,5,6,0,7
3,10,1.0,208,1,1,0,12,80,1,7
3,10,8.0,213,1,17,0,1,11,4,8
3,10,8.0,213,1,0,0,13,99,1,8
3,10,8.0,213,1,16,0,1,105,3,8
3,5,16.0,239,5,14,3,1,67,2,2
3,6,1.0,158,3,20,0,5,0,2,7
3,6,9.0,236,0,13,0,10,22,1,12
0,8,29.0,301,5,18,0,0,12,0,16
2,0,15.0,11,3,13,0,9,134,2,1
2,0,15.0,11,3,8,1,1,11,0,1
2,0,31.0,365,1,17,0,9,87,0,20
2,8,8.0,124,3,13,2,2,2,2,8
3,10,15.0,60,1,1,1,9,27,0,1
3,1,7.0,32,4,18,3,14,107,4,11
3,10,7.0,243,0,5,1,1,59,4,11
2,11,21.0,192,3,9,1,16,39,0,21
2,7,12.0,238,1,18,1,8,33,4,28
2,3,29.0,304,0,20,1,0,0,1,16
2,11,28.0,123,3,19,0,4,79,0,18
2,6,30.0,208,3,4,0,13,28,2,19
2,1,6.0,32,1,12,1,13,38,0,23
2,7,22.0,202,5,4,0,7,62,4,26
2,7,22.0,202,5,12,0,12,61,1,26
2,7,30.0,43,6,11,1,6,7,1,19
2,1,22.0,69,4,12,1,2,86,4,26
2,5,15.0,239,2,13,3,12,104,4,1
2,6,7.0,59,5,18,1,2,123,2,11
3,6,22.0,185,3,2,3,9,93,2,26
3,5,22.0,163,4,17,0,0,53,3,26
3,4,22.0,152,2,1,0,15,108,1,26
3,2,13.0,276,4,19,3,5,12,1,25
3,2,24.0,22,0,12,0,13,69,3,14
3,2,23.0,230,3,1,0,5,6,0,17
3,11,27.0,322,0,13,0,13,13,2,15
2,0,13.0,5,5,2,3,1,16,0,25
3,9,13.0,91,4,9,2,9,95,3,25
3,7,13.0,238,4,1,0,6,73,1,25
3,9,20.0,119,4,1,3,2,2,4,29
3,9,5.0,89,2,18,1,10,22,0,24
3,9,5.0,89,2,14,0,16,50,2,24
3,9,28.0,315,5,17,1,0,26,2,18
3,3,21.0,338,0,6,0,7,62,1,21
3,7,22.0,211,6,4,3,6,7,3,26
3,3,14.0,33,0,13,0,13,28,1,5
3,5,11.0,326,3,8,2,15,114,2,9
3,6,30.0,145,0,1,1,12,61,0,19
3,6,30.0,145,0,14,0,9,54,1,19
3,1,23.0,69,6,16,0,0,26,1,17
3,10,23.0,247,2,2,3,0,85,4,17
3,1,20.0,151,2,3,0,1,16,1,29
3,1,23.0,69,6,13,3,12,61,3,17
2,6,3.0,159,0,11,3,0,26,1,27
2,6,20.0,193,4,9,1,13,48,4,29
2,10,4.0,336,4,16,0,6,7,0,30
2,7,16.0,95,6,12,2,16,37,2,2
0,0,16.0,11,6,11,0,11,133,2,2
2,7,2.0,269,6,13,0,7,137,2,22
2,11,10.0,360,2,16,0,0,12,0,4
2,11,10.0,360,2,20,0,5,6,2,4
2,11,10.0,360,2,12,0,12,121,1,4
2,11,10.0,360,2,4,2,14,131,3,4
2,11,10.0,360,2,5,1,12,80,4,4
2,11,19.0,321,5,4,2,8,19,3,10
2,11,19.0,321,5,23,1,16,65,4,10
2,11,25.0,88,4,0,0,16,37,1,13
2,11,25.0,88,4,1,0,2,40,4,13
2,11,25.0,88,4,1,2,13,38,1,13
2,3,10.0,337,2,8,0,4,4,1,4
2,3,11.0,104,4,0,0,8,19,4,9
2,3,11.0,104,4,13,0,5,6,3,9
2,11,1.0,222,0,6,0,13,21,0,7
2,11,1.0,222,0,16,2,16,130,3,7
2,11,1.0,222,0,16,2,9,101,3,7
2,11,1.0,222,0,0,0,5,6,0,7
2,11,1.0,222,0,10,1,8,41,1,7
2,11,1.0,222,0,5,2,7,57,0,7
2,11,1.0,222,0,3,0,2,123,3,7
2,5,12.0,184,3,5,1,1,1,4,28
2,11,1.0,222,0,16,0,10,47,3,7
2,11,9.0,311,1,10,0,10,23,1,12
2,11,16.0,225,1,0,2,4,66,3,2
2,11,16.0,225,1,22,2,5,12,0,2
2,11,16.0,225,1,2,1,12,56,4,2
2,11,18.0,332,4,0,1,3,115,0,0
2,3,8.0,44,0,2,0,14,32,3,8
2,6,19.0,215,2,1,0,10,47,2,10
2,9,2.0,323,5,19,2,2,92,1,22
2,6,17.0,308,0,22,1,11,8,4,6
2,6,1.0,352,6,17,0,13,48,2,7
2,3,11.0,104,4,8,2,13,21,4,9
2,3,11.0,104,4,14,0,5,6,0,9
2,3,11.0,104,4,9,0,4,127,4,9
2,3,11.0,104,4,15,1,1,59,4,9
2,3,17.0,165,2,17,2,16,50,1,6
2,3,17.0,165,2,6,1,16,50,0,6
2,3,17.0,165,2,16,0,0,12,3,6
2,3,17.0,165,2,9,0,8,118,3,6
2,3,20.0,338,6,1,0,0,26,0,29
2,3,20.0,338,6,5,1,9,10,4,29
2,3,27.0,187,6,5,0,3,76,2,15
2,3,27.0,187,6,4,0,8,41,1,15
2,5,1.0,307,2,12,0,13,99,1,7
2,5,1.0,307,2,12,0,13,99,1,7
2,5,9.0,155,4,13,2,2,2,3,12
2,5,12.0,184,3,0,1,14,88,0,28
2,5,12.0,184,3,23,2,1,11,0,28
2,5,12.0,184,3,8,0,2,86,4,28
2,6,10.0,355,0,18,1,14,25,1,4
2,6,10.0,355,0,4,1,4,4,0,4
2,9,2.0,323,5,9,0,1,11,3,22
2,9,9.0,320,5,0,2,0,12,3,12
2,9,9.0,320,5,19,0,2,86,1,12
2,9,9.0,320,5,11,1,8,9,1,12
2,9,9.0,320,5,11,0,11,133,3,12
2,9,11.0,52,3,0,0,1,67,3,9
2,9,9.0,320,5,21,1,0,15,1,12
2,9,11.0,52,3,13,0,4,66,2,9
2,9,25.0,344,3,7,0,12,80,2,13
2,9,25.0,344,3,13,0,1,59,2,13
2,9,25.0,344,3,22,1,10,43,1,13
2,9,27.0,179,1,0,0,11,18,1,15
2,9,27.0,179,1,7,0,2,40,2,15
2,7,1.0,160,5,1,2,6,7,3,7
2,3,19.0,105,5,3,0,13,48,4,10
0,8,15.0,72,5,17,3,7,20,4,1
2,7,3.0,186,3,15,0,10,22,1,27
2,5,12.0,184,3,1,0,5,12,0,28
2,5,17.0,195,5,13,1,1,1,4,6
2,5,17.0,195,5,2,0,14,110,0,6
2,5,17.0,195,5,23,1,13,48,4,6
2,5,17.0,195,5,15,1,1,67,4,6
2,5,26.0,328,3,16,2,5,6,3,3
2,5,26.0,328,3,15,0,9,134,2,3
2,5,26.0,328,3,22,0,7,78,4,3
2,5,26.0,328,3,8,0,6,132,4,3
2,6,11.0,162,1,17,0,14,125,2,9
2,6,11.0,162,1,2,0,13,48,1,9
2,6,11.0,162,1,8,0,8,41,4,9
2,6,12.0,317,2,17,0,16,72,1,28
2,6,12.0,317,2,2,0,12,121,1,28
2,6,19.0,215,2,21,0,0,12,3,10
2,6,19.0,215,2,23,0,3,70,3,10
2,6,19.0,215,2,7,2,2,86,1,10
2,9,27.0,179,1,21,1,13,28,0,15
2,6,19.0,215,2,14,0,5,6,2,10
3,9,25.0,344,1,9,0,12,61,1,13
3,2,25.0,233,1,9,0,14,24,1,13
2,9,2.0,323,5,13,0,4,5,1,22
2,3,10.0,337,2,17,0,2,86,0,4
3,2,25.0,233,1,18,0,5,47,2,13
2,9,2.0,323,5,1,1,14,106,2,22
3,7,6.0,93,4,11,1,13,123,1,23
2,6,25.0,348,1,0,2,3,30,3,13
2,3,19.0,105,5,22,0,6,14,2,10
3,0,3.0,334,2,6,0,10,22,3,27
2,11,26.0,364,5,21,1,9,83,4,3
2,9,2.0,323,5,18,2,13,13,0,22
3,7,14.0,125,5,5,2,6,73,0,5
2,6,25.0,348,1,16,1,2,123,0,13
2,3,27.0,187,6,17,1,3,70,2,15
2,3,25.0,343,4,23,0,13,21,1,13
2,9,27.0,179,1,12,0,6,89,1,15
2,3,27.0,187,6,18,0,10,12,1,15
2,3,25.0,343,4,2,0,4,4,1,13
2,9,9.0,320,5,16,0,0,77,1,12
3,11,7.0,253,1,1,0,13,29,4,11
2,9,25.0,344,3,4,0,2,92,3,13
2,11,27.0,322,6,19,0,2,40,4,15
3,7,24.0,68,0,13,2,16,74,0,14
2,3,25.0,343,4,2,0,10,47,2,13
2,9,9.0,320,5,0,2,14,25,3,12
2,6,17.0,308,0,16,0,12,17,1,6
2,9,1.0,126,4,11,3,8,118,1,7
3,10,2.0,358,2,19,0,6,91,1,22
2,5,1.0,307,2,19,0,13,29,1,7
2,9,27.0,179,1,18,2,13,28,3,15
2,3,25.0,343,4,12,2,4,5,3,13
2,9,10.0,156,6,21,0,10,22,1,4
2,3,16.0,54,1,11,1,3,30,1,2
3,10,2.0,358,2,1,0,14,24,3,22
2,9,17.0,255,6,8,0,2,92,2,6
3,7,23.0,202,3,8,0,9,102,3,17
2,5,1.0,307,2,19,0,16,50,1,7
2,3,25.0,343,4,4,0,13,99,3,13
2,7,1.0,160,5,3,0,10,22,2,7
0,4,1.0,144,3,17,0,9,54,2,7
2,5,8.0,206,2,13,3,4,66,0,8
3,10,9.0,150,2,1,0,4,82,3,12
2,7,8.0,273,5,12,0,12,61,1,8
3,3,1.0,180,1,9,0,7,78,3,7
2,5,9.0,155,4,8,0,1,59,3,12
2,7,1.0,160,5,3,0,2,2,1,7
2,7,1.0,160,5,8,0,2,69,0,7
2,11,1.0,222,0,17,1,7,8,4,7
2,11,15.0,331,0,3,0,1,59,2,1
2,11,22.0,250,0,23,0,13,36,1,26
0,0,24.0,55,3,14,3,5,12,0,14
2,3,30.0,109,1,14,1,4,136,4,19
2,9,7.0,271,2,13,0,12,56,1,11
0,0,7.0,15,4,5,3,9,49,1,11
2,7,3.0,186,3,22,0,13,36,1,27
2,7,3.0,186,3,22,1,9,101,4,27
2,7,10.0,197,3,5,0,0,85,0,4
2,7,10.0,197,3,15,0,6,89,2,4
2,7,28.0,268,4,17,2,11,6,3,18
2,7,28.0,268,4,12,1,8,41,4,18
2,7,28.0,268,4,14,0,12,100,1,18
2,7,28.0,268,4,9,0,4,75,1,18
2,7,28.0,268,4,14,0,6,89,1,18
2,3,16.0,54,1,0,0,8,41,1,2
2,3,16.0,54,1,21,0,4,4,4,2
2,3,16.0,54,1,5,0,6,128,3,2
2,3,16.0,54,1,8,2,12,61,0,2
2,7,1.0,160,5,13,1,1,81,4,7
2,7,1.0,160,5,1,0,14,24,1,7
2,7,1.0,160,5,11,1,11,18,1,7
2,7,1.0,160,5,12,3,11,117,0,7
2,7,3.0,186,3,15,0,9,93,4,27
2,7,3.0,186,3,2,2,13,28,2,27
2,7,3.0,186,3,18,0,5,6,3,27
2,7,1.0,160,5,13,1,13,38,4,7
2,11,24.0,194,2,17,1,16,74,1,14
2,7,1.0,160,5,2,3,8,27,2,7
2,7,10.0,197,3,17,1,2,2,4,4
2,7,10.0,197,3,15,0,10,47,3,4
2,7,28.0,268,4,6,2,7,8,2,18
2,7,28.0,268,4,2,0,12,56,0,18
2,7,28.0,268,4,4,0,10,43,3,18
2,7,28.0,268,4,1,0,5,6,0,18
2,6,18.0,291,1,16,0,9,102,0,0
2,3,16.0,54,1,17,0,8,118,3,2
2,3,16.0,54,1,20,0,7,62,4,2
2,3,16.0,54,1,22,0,1,67,1,2
2,3,16.0,54,1,19,0,3,70,0,2
2,9,27.0,179,1,18,0,16,37,1,15
2,7,1.0,160,5,0,1,4,4,0,7
2,7,1.0,160,5,4,0,10,6,2,7
2,7,3.0,186,3,6,0,9,102,1,27
2,7,3.0,186,3,13,0,5,6,3,27
2,7,3.0,186,3,3,0,0,26,2,27
2,11,2.0,265,1,2,0,1,16,4,22
2,7,3.0,186,3,5,0,9,95,2,27
2,7,3.0,186,3,9,2,8,118,4,27
2,7,10.0,197,3,9,2,15,46,0,4
2,7,28.0,268,4,14,0,8,9,0,18
2,3,16.0,54,1,21,0,3,70,1,2
2,8,19.0,319,4,19,0,9,87,4,10
0,6,9.0,236,5,4,0,11,98,4,12
2,11,16.0,225,1,0,1,10,12,0,2
2,3,16.0,54,1,3,0,8,33,1,2
2,3,16.0,54,1,22,0,4,5,1,2
2,3,16.0,54,1,1,0,9,57,0,2
2,3,25.0,343,4,0,1,13,48,0,13
2,3,25.0,343,4,5,0,12,80,4,13
2,3,25.0,343,4,13,0,15,85,1,13
2,3,25.0,343,4,22,1,11,15,1,13
2,5,2.0,161,4,2,0,6,128,3,22
2,7,10.0,197,3,12,1,8,65,4,4
2,7,28.0,268,4,3,0,1,1,1,18
2,3,16.0,54,1,11,0,1,11,2,2
2,9,24.0,272,6,14,0,10,22,3,14
2,6,26.0,116,2,14,1,8,19,0,3
2,10,28.0,318,3,4,0,8,19,3,18
2,10,28.0,318,3,10,0,2,40,2,18
2,3,18.0,138,4,18,1,0,31,1,0
2,3,16.0,54,1,13,1,13,21,1,2
2,3,16.0,54,1,14,0,9,87,3,2
2,3,19.0,105,5,7,1,13,21,4,10
2,3,19.0,105,5,7,1,13,28,0,10
2,9,11.0,52,3,23,0,7,120,1,9
3,0,2.0,47,1,6,2,3,30,1,22
2,5,12.0,184,3,23,1,2,71,4,28
2,5,8.0,206,2,6,0,13,69,4,8
2,7,18.0,330,0,17,0,2,13,3,0
2,3,25.0,343,4,13,0,9,49,3,13
2,9,12.0,177,0,6,2,0,26,3,28
2,9,1.0,126,4,17,0,7,78,4,7
2,11,1.0,222,0,6,0,1,16,3,7
2,7,18.0,330,0,8,0,14,88,3,0
2,3,25.0,343,4,18,0,15,85,0,13
2,5,17.0,195,5,13,0,2,69,4,6
2,5,21.0,163,1,9,3,11,94,4,21
3,4,31.0,67,5,9,0,4,75,1,20
2,11,9.0,311,1,16,0,0,12,0,12
2,7,18.0,330,0,8,0,14,126,1,0
0,0,2.0,47,6,13,0,14,24,1,22
2,5,1.0,307,2,5,0,7,62,2,7
2,5,21.0,163,1,12,1,3,79,2,21
3,8,29.0,301,0,11,1,5,0,2,16
2,3,1.0,120,0,13,0,9,95,2,7
2,5,25.0,37,6,20,0,0,96,3,13
2,5,9.0,155,4,22,0,8,9,2,12
2,5,12.0,184,3,17,0,5,12,3,28
2,5,17.0,195,5,8,0,16,130,3,6
2,5,17.0,195,5,3,1,1,16,4,6
2,5,17.0,195,5,11,0,13,99,2,6
2,6,11.0,162,1,16,1,10,23,1,9
2,6,11.0,162,1,2,0,1,67,4,9
2,6,11.0,162,1,2,0,5,6,3,9
2,6,12.0,317,2,23,0,8,33,4,28
2,6,12.0,317,2,13,1,16,74,1,28
0,11,9.0,311,0,10,1,15,51,4,12
2,9,9.0,320,5,22,0,10,12,2,12
2,9,9.0,320,5,4,0,11,122,1,12
2,9,9.0,320,5,23,1,7,111,1,12
2,9,10.0,156,6,17,2,5,6,0,4
2,9,10.0,156,6,9,2,15,46,3,4
2,9,25.0,344,3,15,0,11,90,0,13
2,9,27.0,179,1,16,1,5,6,1,15
2,9,10.0,156,6,4,0,4,79,2,4
2,9,11.0,52,3,5,0,1,67,2,9
0,4,1.0,144,3,11,0,10,23,1,7
2,9,11.0,52,3,12,0,10,47,2,9
2,9,11.0,52,3,20,1,13,28,4,9
2,9,25.0,344,3,0,0,7,20,3,13
2,6,12.0,317,2,14,0,16,139,3,28
2,6,12.0,317,2,9,1,5,64,2,28
2,6,19.0,215,2,14,0,16,37,1,10
2,6,19.0,215,2,2,0,8,33,0,10
2,6,25.0,348,1,17,0,2,71,4,13
2,6,25.0,348,1,12,2,12,80,3,13
2,6,25.0,348,1,1,1,2,35,0,13
2,6,19.0,215,2,10,2,2,2,1,10
2,5,12.0,184,3,12,0,14,25,0,28
2,5,17.0,195,5,20,1,2,40,4,6
2,5,26.0,328,3,13,2,13,38,3,3
2,5,26.0,328,3,15,2,1,11,1,3
2,3,11.0,104,4,1,0,16,113,4,9
2,5,26.0,328,3,8,0,8,118,4,3
2,5,26.0,328,3,3,0,2,86,4,3
2,6,11.0,162,1,21,0,2,13,1,9
2,6,11.0,162,1,7,0,0,64,0,9
0,1,4.0,286,5,6,3,7,62,2,30
0,6,30.0,145,5,22,0,13,99,2,19
2,6,11.0,162,1,17,0,0,12,0,9
2,6,11.0,162,1,12,0,6,7,3,9
2,6,11.0,162,1,1,0,4,75,0,9
2,6,12.0,317,2,21,2,10,22,3,28
2,6,12.0,317,2,7,1,14,107,2,28
2,6,19.0,215,2,17,0,12,17,1,10
2,6,19.0,215,2,22,0,5,6,0,10
2,6,19.0,215,2,14,1,6,7,0,10
2,6,19.0,215,2,22,1,3,44,4,10
2,6,25.0,348,1,6,1,1,67,4,13
2,6,25.0,348,1,0,0,13,29,3,13
2,6,25.0,348,1,22,0,2,40,4,13
2,6,25.0,348,1,6,0,5,64,0,13
2,6,25.0,348,1,19,0,14,24,1,13
2,6,27.0,309,4,0,0,4,127,4,15
2,6,25.0,348,1,19,2,1,105,3,13
2,6,27.0,309,4,11,0,10,22,3,15
2,6,27.0,309,4,12,0,4,115,3,15
2,6,27.0,309,4,1,1,10,47,1,15
2,6,28.0,335,5,7,2,2,40,0,18
2,6,28.0,335,5,19,0,11,133,0,18
2,11,12.0,118,5,17,0,9,63,2,28
2,11,14.0,147,3,19,3,14,110,0,5
2,7,7.0,94,4,18,2,11,94,3,11
2,11,21.0,192,3,14,2,15,51,3,21
2,3,19.0,105,5,18,1,9,10,4,10
2,3,16.0,54,1,17,1,13,99,1,2
2,9,25.0,344,3,13,0,1,35,2,13
2,9,25.0,344,3,2,0,8,41,0,13
2,9,25.0,344,3,7,1,2,2,4,13
2,9,25.0,344,3,14,0,5,12,1,13
2,9,27.0,179,1,17,0,1,59,3,15
2,8,5.0,87,4,17,0,3,79,1,24
3,0,16.0,11,1,17,1,9,10,4,2
2,11,16.0,225,1,15,0,0,77,1,2
2,6,10.0,355,0,1,1,13,29,0,4
2,3,8.0,44,0,1,0,12,121,2,8
0,6,20.0,215,1,17,0,9,49,1,29
2,6,18.0,291,1,13,1,9,10,4,0
2,8,16.0,74,0,11,1,10,22,1,2
2,5,2.0,161,4,6,1,10,47,0,22
2,7,2.0,269,6,5,0,3,115,2,22
2,6,15.0,38,6,11,0,1,11,2,1
2,9,2.0,323,5,14,0,3,115,2,22
3,0,20.0,172,6,8,2,3,30,0,29
3,7,24.0,68,0,2,0,5,6,0,14
2,11,16.0,225,1,1,0,13,29,2,2
2,7,16.0,95,6,11,1,2,3,4,2
2,5,2.0,161,4,3,0,10,47,1,22
2,9,11.0,52,3,6,0,0,77,1,9
3,0,20.0,172,6,18,1,10,47,0,29
2,11,21.0,192,3,18,1,1,11,2,21
2,11,28.0,123,3,1,1,0,85,0,18
2,11,30.0,170,1,1,0,13,69,4,19
2,11,28.0,123,3,19,1,0,15,1,18
3,4,24.0,27,5,17,1,11,124,1,14
3,8,17.0,74,2,3,2,7,120,0,6
3,8,17.0,74,2,14,0,14,25,3,6
3,4,3.0,279,5,15,0,10,12,3,27
3,4,9.0,18,4,17,0,13,29,4,12
3,4,9.0,18,4,13,0,14,106,1,12
3,2,25.0,233,1,5,0,4,5,1,13
3,0,19.0,13,5,14,0,10,47,2,10
3,7,13.0,238,4,15,0,1,11,0,25
3,0,10.0,129,2,1,1,4,45,0,4
3,9,26.0,267,2,8,0,7,62,4,3
3,6,17.0,244,1,17,0,12,84,2,6
3,6,7.0,169,6,4,2,5,6,0,11
3,1,7.0,32,4,9,0,4,75,1,11
3,7,23.0,202,3,15,0,10,22,2,17
3,3,25.0,347,5,19,1,0,77,1,13
0,1,20.0,151,3,20,3,8,19,0,29
3,8,16.0,73,1,14,1,11,133,0,2
3,2,8.0,258,6,14,0,16,74,1,8
3,3,18.0,165,5,4,0,2,92,3,0
3,3,18.0,165,5,14,0,10,22,2,0
3,3,23.0,57,2,14,0,15,114,2,17
3,3,24.0,357,4,11,0,6,7,4,14
3,3,25.0,347,5,0,0,9,27,1,13
2,11,1.0,222,0,6,0,7,111,1,7
2,11,1.0,222,0,16,0,0,53,3,7
2,11,10.0,360,2,21,0,13,48,1,4
2,11,10.0,360,2,15,1,4,79,0,4
2,11,9.0,311,1,3,1,2,35,4,12
2,11,9.0,311,1,14,3,10,47,3,12
2,11,23.0,232,1,8,0,14,131,2,17
2,11,23.0,232,1,15,1,11,133,4,17
0,0,1.0,8,5,19,0,14,34,1,7
2,11,24.0,194,2,22,0,5,64,1,14
2,11,17.0,110,2,19,3,0,26,0,6
2,11,1.0,222,0,6,0,5,12,3,7
2,11,9.0,311,1,2,0,14,107,3,12
0,1,1.0,203,1,17,0,10,47,1,7
2,11,9.0,311,1,13,1,13,29,4,12
2,11,9.0,311,1,4,1,9,83,4,12
2,11,9.0,311,1,9,0,8,41,1,12
2,11,18.0,332,4,5,1,12,135,4,0
2,11,18.0,332,4,22,0,9,27,2,0
2,11,18.0,332,4,1,0,13,13,4,0
2,9,1.0,126,4,0,0,1,59,3,7
2,9,1.0,126,4,22,1,12,56,4,7
2,9,1.0,126,4,8,0,4,75,1,7
2,9,1.0,126,4,9,0,0,26,2,7
2,11,14.0,147,3,8,0,13,36,3,5
0,0,29.0,191,5,12,1,13,99,1,16
2,11,1.0,222,0,17,0,3,76,0,7
2,11,1.0,222,0,0,0,14,32,4,7
2,11,1.0,222,0,16,0,10,47,3,7
2,11,1.0,222,0,0,0,15,119,0,7
2,11,1.0,222,0,20,0,11,55,1,7
2,11,1.0,222,0,9,0,5,12,0,7
2,11,16.0,225,1,5,0,8,9,3,2
2,11,16.0,225,1,8,0,2,29,0,2
2,11,16.0,225,1,22,0,13,99,0,2
2,11,16.0,225,1,2,0,2,92,2,2
2,11,18.0,332,4,22,1,13,69,4,0
2,9,1.0,126,4,12,0,5,6,3,7
2,9,2.0,323,5,17,1,10,12,0,22
2,9,2.0,323,5,8,1,3,115,4,22
2,9,9.0,320,5,4,0,15,31,1,12
2,9,9.0,320,5,19,0,8,27,4,12
2,9,9.0,320,5,14,0,13,38,2,12
2,9,9.0,320,5,8,1,11,55,1,12
2,9,10.0,156,6,12,0,3,103,0,4
2,9,10.0,156,6,19,1,2,3,4,4
0,0,14.0,5,4,15,1,8,41,1,5
2,9,5.0,89,0,19,1,13,38,4,24
0,2,30.0,131,4,9,0,0,77,1,19
2,11,1.0,222,0,16,0,1,81,4,7
2,11,1.0,222,0,6,0,6,73,3,7
3,7,24.0,68,0,12,0,13,48,3,14
2,9,11.0,52,3,5,1,2,71,4,9
2,11,18.0,332,4,13,0,12,135,4,0
2,3,11.0,104,4,8,0,2,92,1,9
3,7,26.0,316,2,14,0,9,93,1,3
2,5,2.0,161,4,20,0,14,25,0,22
2,9,11.0,52,3,12,1,5,64,1,9
2,3,17.0,165,2,22,0,0,77,1,6
3,7,26.0,316,2,14,0,14,25,1,3
3,3,7.0,289,0,13,0,1,11,2,11
3,3,15.0,35,1,4,0,12,104,4,1
3,3,15.0,35,1,19,0,0,26,1,1
3,5,1.0,109,4,9,2,10,52,2,7
3,5,7.0,349,2,23,0,1,105,4,11
3,5,7.0,349,2,6,0,5,6,0,11
3,5,9.0,206,5,8,3,14,32,0,12
3,5,16.0,239,5,0,1,6,7,0,2
3,5,18.0,195,3,17,1,5,12,0,0
2,7,24.0,41,3,10,0,8,9,3,14
2,5,7.0,199,1,8,0,15,108,1,11
2,9,2.0,323,5,9,0,3,44,3,22
2,9,11.0,52,3,15,0,2,92,1,9
2,1,4.0,219,3,12,1,8,9,0,30
3,7,15.0,205,6,18,0,4,75,1,1
3,7,15.0,205,6,18,2,10,47,1,1
3,7,24.0,68,0,11,0,5,6,0,14
3,11,29.0,270,2,9,1,0,15,4,16
3,3,7.0,289,0,3,2,2,35,0,11
3,3,7.0,289,0,12,1,9,10,4,11
3,3,8.0,148,1,14,0,7,137,1,8
3,3,15.0,35,1,5,2,16,37,1,1
3,3,16.0,263,2,7,1,9,109,4,2
3,3,26.0,343,6,23,0,10,47,2,3
3,3,26.0,343,6,13,0,8,27,3,3
3,5,7.0,349,2,6,0,16,74,1,11
3,5,7.0,349,2,17,0,0,64,2,11
3,4,3.0,279,5,9,2,3,30,3,27
3,4,3.0,279,5,18,0,0,85,1,27
3,0,3.0,334,2,2,0,9,57,0,27
3,0,9.0,48,1,9,2,12,100,3,12
3,0,11.0,10,4,23,1,11,18,1,9
3,0,20.0,172,6,12,2,10,47,0,29
3,0,20.0,172,6,4,0,13,38,1,29
3,0,17.0,12,2,12,0,14,25,0,6
3,0,8.0,9,0,5,1,13,38,1,8
3,8,27.0,78,6,3,0,5,6,0,15
3,0,18.0,0,4,22,0,1,11,2,0
3,0,20.0,172,6,15,0,5,6,2,29
3,0,20.0,172,6,14,0,16,50,1,29
2,6,15.0,38,6,15,1,10,22,1,1
2,10,13.0,174,6,19,1,13,28,0,25
2,1,6.0,32,1,13,1,15,46,4,23
2,1,22.0,69,4,9,3,1,35,4,26
0,2,8.0,258,2,17,0,2,13,0,8
3,6,30.0,145,0,18,1,7,129,4,19
2,5,7.0,199,1,12,0,14,25,4,11
2,5,13.0,36,0,16,1,11,15,4,25
2,5,13.0,36,0,8,0,0,53,3,25
2,5,13.0,36,0,1,0,0,26,2,25
2,5,14.0,200,1,18,2,0,31,0,5
2,5,29.0,294,2,14,2,8,118,3,16
2,6,4.0,342,1,12,1,2,69,0,30
2,6,6.0,169,4,4,0,8,9,3,23
2,6,6.0,169,4,14,0,15,46,0,23
2,6,8.0,236,6,14,0,6,91,1,8
2,6,8.0,236,6,20,1,12,61,1,8
2,4,9.0,79,2,8,1,0,31,4,12
2,4,9.0,79,2,5,1,7,120,1,12
2,4,9.0,79,2,18,0,7,62,3,12
2,0,9.0,129,0,20,1,14,97,4,12
2,0,9.0,129,0,12,0,8,41,0,12
3,8,21.0,46,3,22,0,6,89,4,21
3,5,18.0,195,3,15,0,2,123,2,0
3,6,25.0,39,2,12,0,4,75,4,13
3,6,27.0,116,5,11,1,4,79,4,15
3,6,27.0,116,5,9,1,12,61,2,15
3,8,26.0,278,5,19,2,2,2,3,3
3,4,17.0,19,5,2,0,2,71,4,6
3,4,27.0,274,0,17,1,8,27,4,15
3,2,20.0,264,4,19,1,9,83,4,29
2,3,17.0,165,2,12,1,15,31,4,6
2,11,18.0,332,4,15,0,1,81,3,0
2,11,18.0,332,4,12,0,16,139,3,0
2,3,20.0,338,6,5,1,11,117,0,29
2,11,18.0,332,4,19,0,9,93,1,0
2,9,11.0,52,3,4,0,2,13,1,9
2,3,27.0,187,6,5,1,5,6,1,15
2,11,18.0,332,4,3,1,12,80,4,0
2,9,1.0,126,4,11,0,6,89,1,7
2,9,11.0,52,3,18,2,14,25,0,9
2,5,1.0,307,2,13,0,13,28,1,7
2,5,9.0,155,4,16,0,16,139,1,12
2,5,9.0,155,4,12,0,2,86,3,12
2,5,9.0,155,4,18,0,1,16,0,12
2,5,12.0,184,3,17,0,2,40,2,28
2,5,12.0,184,3,22,1,10,22,1,28
2,7,25.0,316,0,3,2,15,119,0,13
2,3,1.0,120,0,13,2,0,68,3,7
2,3,2.0,182,1,5,3,10,22,3,22
2,3,2.0,182,1,12,0,8,33,2,22
2,3,2.0,182,1,14,1,9,93,4,22
2,3,8.0,44,0,5,1,11,55,4,8
2,3,10.0,337,2,0,1,13,38,0,4
2,3,10.0,337,2,23,0,3,115,1,4
2,3,10.0,337,2,13,0,2,3,2,4
2,3,10.0,337,2,19,0,9,57,0,4
2,9,16.0,107,5,12,1,10,22,4,2
2,3,10.0,337,2,4,0,13,13,1,4
2,3,8.0,44,0,1,0,11,117,1,8
2,3,10.0,337,2,14,2,2,86,2,4
2,3,10.0,337,2,2,1,11,18,0,4
2,3,11.0,104,4,22,0,2,69,3,9
2,3,17.0,165,2,2,0,9,49,1,6
2,3,17.0,165,2,4,1,2,69,4,6
2,3,17.0,165,2,2,2,15,31,2,6
2,3,20.0,338,6,12,0,8,9,3,29
2,3,27.0,187,6,6,2,0,0,3,15
2,3,27.0,187,6,2,0,1,16,4,15
2,3,27.0,187,6,5,1,5,6,1,15
2,5,1.0,307,2,10,0,0,15,0,7
2,11,26.0,364,5,3,1,9,93,1,3
2,11,27.0,322,6,11,1,11,133,4,15
2,9,17.0,255,6,13,0,1,11,4,6
2,9,17.0,255,6,10,1,4,82,1,6
2,9,17.0,255,6,8,0,0,77,3,6
2,7,8.0,273,5,4,0,7,120,3,8
2,7,11.0,181,0,0,0,12,17,3,9
2,7,11.0,181,0,7,1,0,15,0,9
2,7,11.0,181,0,8,2,4,4,3,9
2,9,19.0,234,0,14,0,14,24,1,10
2,7,11.0,181,0,19,0,2,2,3,9
2,7,11.0,181,0,20,0,7,57,3,9
2,7,18.0,330,0,17,1,11,58,4,0
2,7,18.0,330,0,16,0,13,48,0,0
2,7,18.0,330,0,20,2,10,47,3,0
2,7,18.0,330,0,2,0,10,6,3,0
2,7,25.0,316,0,3,1,3,30,4,13
2,3,1.0,120,0,2,1,15,39,1,7
2,3,1.0,120,0,12,0,0,77,2,7
2,3,2.0,182,1,2,0,13,21,2,22
2,3,8.0,44,0,23,0,5,12,0,8
2,3,8.0,44,0,5,1,8,33,4,8
2,3,8.0,44,0,13,0,2,2,3,8
2,3,8.0,44,0,9,0,9,57,0,8
2,3,10.0,337,2,21,0,6,7,0,4
2,9,6.0,51,1,18,2,10,22,3,23
2,11,15.0,331,0,17,3,9,57,0,1
2,3,30.0,109,1,19,0,12,80,1,19
2,9,9.0,320,5,9,2,6,7,3,12
2,9,10.0,156,6,2,0,9,134,4,4
2,9,11.0,52,3,2,0,14,131,1,9
2,9,11.0,52,3,12,1,13,28,4,9
2,9,11.0,52,3,12,1,13,48,0,9
2,9,10.0,156,6,22,2,14,32,3,4
2,11,1.0,222,0,17,0,1,67,3,7
2,9,16.0,107,5,15,0,13,28,2,2
2,11,17.0,110,2,18,2,6,89,0,6
2,11,13.0,312,6,16,0,8,27,1,25
2,11,18.0,332,4,3,0,13,38,2,0
0,2,27.0,136,0,5,3,9,57,0,15
2,9,8.0,90,4,1,0,3,30,2,8
2,9,24.0,272,6,11,1,4,127,4,14
2,11,16.0,225,1,14,0,16,39,4,2
2,9,1.0,126,4,14,0,13,28,1,7
2,9,25.0,344,3,16,0,8,118,1,13
2,9,2.0,323,5,20,1,16,50,4,22
2,9,1.0,126,4,4,0,11,98,1,7
2,9,27.0,179,1,2,1,4,66,4,15
2,9,2.0,323,5,22,0,10,47,3,22
2,9,1.0,126,4,14,0,4,82,1,7
2,9,27.0,179,1,14,0,7,137,2,15
2,9,2.0,323,5,14,0,6,128,1,22
2,9,1.0,126,4,12,0,7,78,0,7
2,11,10.0,360,2,6,1,6,7,0,4
2,11,10.0,360,2,6,2,15,114,3,4
2,11,19.0,321,5,3,0,10,43,3,10
2,11,19.0,321,5,3,0,11,133,2,10
2,11,25.0,88,4,8,2,6,91,3,13
2,11,25.0,88,4,8,0,2,40,2,13
2,11,25.0,88,4,20,0,6,91,1,13
2,7,8.0,273,5,7,0,13,28,2,8
2,7,11.0,181,0,16,1,13,28,0,9
2,7,18.0,330,0,8,0,5,64,3,0
2,7,18.0,330,0,13,0,7,20,4,0
2,3,8.0,44,0,19,0,12,80,1,8
2,3,8.0,44,0,4,0,15,39,3,8
2,3,8.0,44,0,3,1,11,55,4,8
2,3,10.0,337,2,6,0,5,6,3,4
2,11,10.0,360,2,16,0,5,12,2,4
2,11,10.0,360,2,23,0,5,6,3,4
2,11,10.0,360,2,4,0,5,6,0,4
2,11,19.0,321,5,10,0,16,139,4,10
2,11,19.0,321,5,3,0,0,12,3,10
2,11,19.0,321,5,12,1,6,14,4,10
2,11,19.0,321,5,11,0,9,49,2,10
2,11,19.0,321,5,1,0,10,47,2,10
2,11,19.0,321,5,5,3,14,25,2,10
2,11,25.0,88,4,16,1,13,99,0,13
2,11,8.0,283,0,9,0,16,50,1,8
2,9,8.0,90,4,15,3,14,110,3,8
2,11,24.0,194,2,23,1,10,22,1,14
2,7,2.0,269,6,13,1,11,58,4,22
2,7,17.0,154,3,18,1,14,25,0,6
0,0,30.0,228,6,3,1,12,58,4,19
2,11,14.0,147,3,16,0,10,22,3,5
2,11,31.0,227,2,13,1,13,38,4,20
2,11,29.0,270,0,20,1,4,82,1,16
2,11,27.0,322,6,13,1,3,115,1,15
2,11,25.0,88,4,13,3,6,7,3,13
2,11,25.0,88,4,5,1,16,42,1,13
2,11,26.0,364,5,8,0,14,24,1,3
2,3,10.0,337,2,23,0,6,7,3,4
2,3,10.0,337,2,7,1,1,11,0,4
2,3,10.0,337,2,14,0,13,29,4,4
2,3,11.0,104,4,23,1,4,127,4,9
2,3,11.0,104,4,13,0,8,33,2,9
2,3,17.0,165,2,23,2,0,53,1,6
2,3,17.0,165,2,1,0,14,131,1,6
2,3,20.0,338,6,13,2,6,7,3,29
2,3,20.0,338,6,13,2,14,25,3,29
2,3,20.0,338,6,15,1,7,8,4,29
2,3,27.0,187,6,11,0,1,59,3,15
2,3,27.0,187,6,12,0,12,61,1,15
2,3,27.0,187,6,13,0,4,75,3,15
2,3,27.0,187,6,14,0,1,105,0,15
2,11,8.0,283,0,14,1,8,65,4,8
2,11,17.0,110,2,18,0,5,6,1,6
2,9,8.0,90,4,15,0,12,100,4,8
0,0,1.0,8,5,13,0,6,89,4,7
2,9,8.0,90,4,14,3,14,110,0,8
2,9,8.0,90,4,12,1,11,98,4,8
0,0,11.0,10,0,17,1,2,2,1,9
2,3,9.0,4,1,2,3,10,47,3,12
2,5,1.0,307,2,22,1,14,88,2,7
2,5,1.0,307,2,9,0,6,7,0,7
2,3,27.0,187,6,1,0,9,101,2,15
2,5,9.0,155,4,17,0,0,15,2,12
2,9,9.0,320,5,19,0,4,70,3,12
2,9,9.0,320,5,19,1,0,12,1,12
2,6,25.0,348,1,3,0,11,15,3,13
2,9,9.0,320,5,18,0,16,37,1,12
2,9,9.0,320,5,18,1,5,6,0,12
2,9,10.0,156,6,13,0,14,24,3,4
2,6,25.0,348,1,19,0,16,72,1,13
2,9,10.0,156,6,11,1,13,69,4,4
2,5,12.0,184,3,3,0,0,68,2,28
2,9,10.0,156,6,11,3,10,22,3,4
2,5,12.0,184,3,14,0,15,39,2,28
2,9,10.0,156,6,4,0,14,107,1,4
2,9,11.0,52,3,2,0,9,95,1,9
2,9,11.0,52,3,18,0,3,4,0,9
2,9,25.0,344,3,13,0,16,130,2,13
2,9,25.0,344,3,1,0,2,86,1,13
2,9,27.0,179,1,6,0,11,98,1,15
2,9,27.0,179,1,16,0,16,113,4,15
2,9,27.0,179,1,22,0,11,15,0,15
2,9,27.0,179,1,14,0,0,68,4,15
2,3,19.0,105,5,0,0,16,37,1,10
2,3,19.0,105,5,16,1,7,57,0,10
2,3,19.0,105,5,15,0,2,69,1,10
2,3,19.0,105,5,0,0,5,12,0,10
2,3,19.0,105,5,0,1,9,102,4,10
2,3,25.0,343,4,11,0,12,80,3,13
2,3,25.0,343,4,11,1,1,105,4,13
2,3,25.0,343,4,12,0,2,13,3,13
2,5,2.0,161,4,17,1,9,9,0,22
2,5,2.0,161,4,13,0,1,35,4,22
2,11,27.0,322,6,0,0,12,61,1,15
2,6,28.0,335,5,12,0,0,64,2,18
2,10,29.0,157,0,6,1,14,88,2,16
2,10,29.0,157,0,13,0,13,99,1,16
2,10,29.0,157,0,3,0,12,17,1,16
2,1,11.0,353,3,0,0,9,101,3,9
2,1,18.0,29,3,6,0,9,101,4,0
2,1,18.0,29,3,11,1,11,10,4,0
2,1,18.0,29,3,11,1,9,95,4,0
2,1,18.0,29,3,6,1,0,0,4,0
2,1,18.0,29,3,12,2,0,77,3,0
2,1,26.0,262,0,5,1,13,13,1,3
2,1,26.0,262,0,2,1,6,7,0,3
2,8,18.0,280,2,0,0,10,12,0,0
2,11,26.0,364,5,17,1,9,27,0,3
2,11,26.0,364,5,2,0,15,112,1,3
2,11,26.0,364,5,12,1,16,50,1,3
2,11,26.0,364,5,8,0,13,21,0,3
2,11,1.0,222,0,0,1,5,6,0,7
2,11,16.0,225,1,1,1,2,92,2,2
2,1,10.0,111,6,14,1,8,65,4,4
2,8,19.0,319,4,1,1,12,80,1,10
2,8,19.0,319,4,7,1,5,6,0,10
2,5,8.0,206,2,16,0,12,56,1,8
2,5,8.0,206,2,6,0,15,114,1,8
2,6,10.0,355,0,14,0,5,6,4,4
0,4,1.0,144,3,17,1,0,0,1,7
2,7,10.0,197,3,12,0,10,43,1,4
2,7,10.0,197,3,4,2,0,77,0,4
2,3,16.0,54,1,1,0,5,64,1,2
2,3,19.0,105,5,0,1,11,90,4,10
2,3,19.0,105,5,12,0,14,32,1,10
2,3,19.0,105,5,5,1,9,95,4,10
2,3,25.0,343,4,2,0,10,52,3,13
2,3,25.0,343,4,12,0,14,106,4,13
2,5,12.0,184,3,19,2,8,9,3,28
2,5,12.0,184,3,17,0,9,101,3,28
2,5,17.0,195,5,12,2,9,63,3,6
2,5,17.0,195,5,2,1,1,59,1,6
2,5,26.0,328,3,18,0,16,72,1,3
2,6,11.0,162,1,17,0,15,31,2,9
2,6,11.0,162,1,7,0,8,118,3,9
2,11,25.0,88,4,11,1,8,41,0,13
2,6,12.0,317,2,5,0,14,131,1,28
2,6,12.0,317,2,15,0,4,75,1,28
2,6,12.0,317,2,19,0,5,12,0,28
2,6,19.0,215,2,23,0,5,12,2,10
2,6,19.0,215,2,9,0,8,33,4,10
2,6,19.0,215,2,9,2,13,28,3,10
2,6,25.0,348,1,2,0,13,13,1,13
2,6,27.0,309,4,20,0,4,4,1,15
2,9,26.0,267,0,5,1,12,80,1,3
2,9,27.0,179,1,4,0,6,91,1,15
2,9,27.0,179,1,14,0,8,9,1,15
2,3,19.0,105,5,16,1,3,30,4,10
2,5,8.0,206,2,17,1,5,12,0,8
2,5,25.0,37,6,18,3,5,12,3,13
2,6,9.0,149,3,13,0,13,69,2,12
2,9,25.0,344,3,20,0,6,128,1,13
2,9,27.0,179,1,16,0,13,38,0,15
2,9,27.0,179,1,13,0,5,6,2,15
2,7,1.0,160,5,3,0,6,7,0,7
2,7,1.0,160,5,19,0,13,69,3,7
2,7,1.0,160,5,19,1,13,29,4,7
2,7,1.0,160,5,2,2,9,49,0,7
2,7,3.0,186,3,6,0,6,7,1,27
2,7,3.0,186,3,16,1,1,1,0,27
2,7,3.0,186,3,3,0,16,113,2,27
2,7,3.0,186,3,19,0,14,25,0,27
2,6,27.0,309,4,3,0,2,2,2,15
2,6,27.0,309,4,4,0,5,6,3,15
2,6,27.0,309,4,4,0,14,25,3,15
2,6,27.0,309,4,3,0,1,81,4,15
2,3,10.0,337,2,16,2,2,86,4,4
2,3,10.0,337,2,8,2,8,19,3,4
2,3,11.0,104,4,1,1,11,18,0,9
2,3,11.0,104,4,18,0,2,71,3,9
2,3,17.0,165,2,8,0,1,67,3,6
2,3,17.0,165,2,12,0,14,25,1,6
2,3,20.0,338,6,21,1,5,12,0,29
2,3,20.0,338,6,10,0,13,29,2,29
2,3,20.0,338,6,22,0,3,44,3,29
2,3,20.0,338,6,1,0,14,24,1,29
2,3,20.0,338,6,9,0,14,24,3,29
2,7,3.0,186,3,14,0,0,26,3,27
2,7,3.0,186,3,18,0,0,77,3,27
2,7,10.0,197,3,16,0,13,28,3,4
2,7,10.0,197,3,21,0,6,7,0,4
2,7,10.0,197,3,0,1,13,21,1,4
2,7,10.0,197,3,4,1,9,57,0,4
2,5,8.0,206,2,18,3,7,122,4,8
2,9,1.0,126,4,13,2,5,6,0,7
2,9,2.0,323,5,5,0,13,21,1,22
2,9,2.0,323,5,5,1,11,58,4,22
2,11,9.0,311,1,12,0,5,64,3,12
2,11,16.0,225,1,17,0,16,108,3,2
2,11,16.0,225,1,6,0,0,64,2,2
2,11,16.0,225,1,3,0,10,12,1,2
2,11,18.0,332,4,20,0,9,87,2,0
2,11,18.0,332,4,1,2,0,31,0,0
2,11,18.0,332,4,10,1,10,23,1,0
2,11,1.0,222,0,16,0,10,30,0,7
2,11,10.0,360,2,3,3,9,27,0,4
2,11,19.0,321,5,17,2,1,35,2,10
2,11,19.0,321,5,19,1,10,43,1,10
2,11,19.0,321,5,9,2,13,28,3,10
2,11,19.0,321,5,1,0,7,137,1,10
2,11,25.0,88,4,11,0,5,6,2,13
2,11,25.0,88,4,11,1,1,81,4,13
2,11,26.0,364,5,17,0,9,95,2,3
2,11,26.0,364,5,23,0,10,22,1,3
2,11,19.0,321,5,5,0,9,95,2,10
2,11,26.0,364,5,13,1,1,81,4,3
2,11,25.0,88,4,12,1,14,24,4,13
2,11,26.0,364,5,9,2,13,38,2,3
2,11,19.0,321,5,6,0,9,95,2,10
2,11,1.0,222,0,4,0,13,29,3,7
2,11,1.0,222,0,14,0,7,57,4,7
2,11,9.0,311,1,8,2,10,22,3,12
2,11,9.0,311,1,1,2,14,25,0,12
2,11,16.0,225,1,17,0,10,12,1,2
2,11,16.0,225,1,17,1,14,110,4,2
2,11,16.0,225,1,2,0,7,57,2,2
2,11,16.0,225,1,4,1,12,17,4,2
2,11,18.0,332,4,16,1,3,30,0,0
2,11,18.0,332,4,21,1,3,79,0,0
2,11,18.0,332,4,19,2,1,59,3,0
2,11,18.0,332,4,14,0,9,49,1,0
2,11,18.0,332,4,17,1,3,30,0,0
2,9,1.0,126,4,1,0,10,47,3,7
2,9,1.0,126,4,18,2,4,70,3,7
2,9,2.0,323,5,7,0,8,33,1,22
2,9,2.0,323,5,20,1,1,35,4,22
2,11,19.0,321,5,8,0,2,86,2,10
2,11,25.0,88,4,8,0,2,71,4,13
2,11,25.0,88,4,6,2,8,27,3,13
2,11,26.0,364,5,21,1,4,5,0,3
2,11,26.0,364,5,15,1,12,135,4,3
2,11,26.0,364,5,8,0,1,105,0,3
2,11,26.0,364,5,12,1,2,2,0,3
2,11,27.0,322,6,5,0,2,86,4,15
2,11,27.0,322,6,1,0,6,89,1,15
2,9,17.0,255,6,10,1,0,53,4,6
2,9,17.0,255,6,3,0,0,85,3,6
2,9,17.0,255,6,8,0,0,77,1,6
2,7,8.0,273,5,5,0,3,30,2,8
2,7,8.0,273,5,2,0,0,64,0,8
2,7,11.0,181,0,22,0,13,123,2,9
2,11,27.0,322,6,23,1,13,21,2,15
2,11,27.0,322,6,15,1,15,119,1,15
2,11,17.0,110,2,10,1,10,47,1,6
0,0,1.0,8,5,17,1,0,26,1,7
0,4,10.0,79,1,17,3,16,113,4,4
2,11,24.0,194,2,12,1,6,7,4,14
2,11,24.0,194,2,22,0,6,128,1,14
2,11,26.0,364,5,22,0,1,67,0,3
2,11,27.0,322,6,14,2,12,17,2,15
2,11,27.0,322,6,4,1,9,102,4,15
2,9,17.0,255,6,5,0,2,2,1,6
2,7,8.0,273,5,22,0,0,53,3,8
2,7,8.0,273,5,8,0,13,29,0,8
2,7,8.0,273,5,20,1,1,59,4,8
2,7,11.0,181,0,17,1,2,123,0,9
2,7,11.0,181,0,19,0,2,92,1,9
2,7,11.0,181,0,8,0,10,22,0,9
2,7,18.0,330,0,22,1,2,2,1,0
2,7,18.0,330,0,1,2,4,66,2,0
2,7,25.0,316,0,6,0,5,12,0,13
2,7,25.0,316,0,16,0,8,118,1,13
2,7,25.0,316,0,20,0,1,11,1,13
2,7,25.0,316,0,8,0,5,6,0,13
2,3,1.0,120,0,4,0,10,52,4,7
2,3,1.0,120,0,10,0,8,118,1,7
2,3,2.0,182,1,16,0,0,96,1,22
2,3,8.0,44,0,15,0,4,127,2,8
2,8,10.0,306,1,9,2,1,11,0,4
2,8,11.0,284,2,23,0,8,19,4,9
2,8,11.0,284,2,11,0,5,6,0,9
2,8,11.0,284,2,22,0,9,9,2,9
2,8,11.0,284,2,18,0,10,22,2,9
2,8,13.0,296,5,0,1,14,110,0,25
2,8,13.0,296,5,10,1,15,51,0,25
2,8,13.0,296,5,23,0,10,22,1,25
2,8,13.0,296,5,8,2,2,2,3,25
2,2,10.0,297,3,12,0,10,23,2,4
3,5,3.0,161,6,8,0,2,69,0,27
2,6,15.0,38,6,9,1,13,29,4,1
2,4,2.0,279,2,0,2,10,47,3,22
3,10,5.0,336,6,15,0,16,42,3,24
3,10,5.0,336,6,9,0,14,34,3,24
3,10,5.0,336,6,5,0,5,12,1,24
3,10,13.0,346,3,20,1,10,52,4,25
3,10,13.0,346,3,23,0,5,12,3,25
3,1,23.0,69,6,2,0,3,103,3,17
3,1,23.0,69,6,1,0,4,5,0,17
3,1,23.0,69,6,1,0,13,48,1,17
3,1,23.0,69,6,16,1,5,6,0,17
3,1,28.0,300,4,17,1,15,46,1,18
3,1,23.0,69,6,6,2,7,122,2,17
3,3,21.0,338,0,13,0,15,46,3,21
2,8,21.0,354,6,17,1,5,6,1,21
3,1,28.0,300,4,16,0,6,128,1,18
3,1,28.0,300,4,20,0,10,22,2,18
3,1,28.0,300,4,13,1,1,67,4,18
3,1,28.0,300,4,19,1,16,50,1,18
3,1,28.0,300,4,1,0,0,15,1,18
3,1,28.0,300,4,22,1,12,121,2,18
3,1,31.0,305,3,2,0,16,130,3,20
3,3,28.0,187,0,5,1,12,61,1,18
3,3,28.0,187,0,22,0,1,35,4,18
3,10,22.0,314,1,17,1,9,101,1,26
3,1,30.0,100,6,13,0,15,31,1,19
3,8,7.0,70,3,1,1,11,18,0,11
2,2,18.0,137,0,15,0,9,57,3,0
2,2,18.0,137,0,2,0,9,95,4,0
2,2,20.0,108,2,15,0,1,59,3,29
3,3,29.0,325,1,0,0,4,66,3,16
3,3,29.0,325,1,20,0,10,47,1,16
3,3,29.0,325,1,20,0,0,77,1,16
3,3,29.0,325,1,0,0,14,88,1,16
3,3,29.0,325,1,22,2,16,37,3,16
3,3,28.0,187,0,23,1,12,56,4,18
3,5,3.0,161,6,11,1,11,18,0,27
3,5,3.0,161,6,22,0,10,22,2,27
3,5,3.0,161,6,20,0,13,21,2,27
3,8,23.0,102,1,8,0,1,59,3,17
3,5,3.0,161,6,17,1,1,105,0,27
3,5,4.0,114,3,9,3,6,7,4,30
3,3,20.0,105,3,20,0,16,50,1,29
3,7,19.0,330,2,17,0,7,111,3,10
2,4,2.0,279,2,0,2,4,66,2,22
2,4,2.0,279,2,11,0,0,12,1,22
2,4,2.0,279,2,1,0,6,128,4,22
2,4,3.0,178,4,20,1,2,86,4,27
2,4,2.0,279,2,13,1,10,47,1,22
3,8,23.0,102,1,4,1,4,121,4,17
2,4,3.0,178,4,1,0,3,44,1,27
2,4,11.0,134,5,17,2,16,74,0,9
2,4,11.0,134,5,15,2,12,56,2,9
3,7,2.0,160,3,12,0,3,76,1,22
3,7,3.0,269,0,17,3,0,12,0,27
2,4,21.0,152,0,22,1,0,77,1,21
2,4,11.0,134,5,14,0,3,44,0,9
3,11,21.0,192,1,17,0,14,107,4,21
3,3,29.0,325,1,4,0,12,56,3,16
2,4,11.0,134,5,19,0,14,107,3,9
2,4,20.0,339,3,13,0,1,35,0,29
2,4,30.0,67,2,19,1,16,139,1,19
2,2,4.0,127,0,16,0,4,121,2,30
2,2,4.0,127,0,15,0,2,13,4,30
2,2,4.0,127,0,13,3,9,49,0,30
3,8,20.0,319,6,22,0,9,27,2,29
3,8,20.0,319,6,14,1,6,132,4,29
3,8,23.0,102,1,12,0,7,20,3,17
3,4,5.0,235,3,0,1,4,4,1,24
3,4,6.0,176,0,10,0,0,77,0,23
3,4,6.0,176,0,15,0,8,41,4,23
3,4,6.0,176,0,8,1,9,83,1,23
2,4,19.0,115,6,7,1,16,74,2,10
2,4,19.0,115,6,8,0,8,27,2,10
3,8,20.0,319,6,10,0,7,137,3,29
3,8,20.0,319,6,8,0,4,5,2,29
3,8,20.0,319,6,4,0,5,6,1,29
3,8,20.0,319,6,9,0,9,101,2,29
3,8,23.0,102,1,22,0,14,24,3,17
3,8,23.0,102,1,23,0,6,132,0,17
3,8,23.0,102,1,15,1,10,23,1,17
3,4,4.0,178,6,19,1,4,127,4,30
3,8,23.0,102,1,18,0,4,75,4,17
3,8,30.0,103,1,15,1,0,53,1,19
3,11,21.0,192,1,11,0,14,34,3,21
3,8,23.0,102,1,14,0,6,116,1,17
2,6,15.0,38,6,9,0,0,64,3,1
2,8,13.0,296,5,8,0,0,77,1,25
3,11,21.0,192,1,16,1,1,105,0,21
2,2,10.0,297,3,9,2,9,102,3,4
3,7,19.0,330,2,0,0,16,108,4,10
2,2,20.0,108,2,9,1,9,27,0,29
3,3,19.0,138,6,23,1,11,90,1,10
3,6,12.0,162,4,16,0,5,6,3,28
3,8,23.0,102,1,4,2,9,101,0,17
3,3,29.0,325,1,4,2,3,115,3,16
3,7,19.0,330,2,4,0,8,41,3,10
3,5,3.0,161,6,18,2,13,28,3,27
2,4,2.0,279,2,15,0,12,80,0,22
2,2,10.0,297,3,3,1,1,81,1,4
3,4,5.0,235,3,15,0,12,17,2,24
3,3,22.0,166,1,17,0,10,47,3,26
3,11,21.0,192,1,6,0,4,82,1,21
3,7,19.0,330,2,2,0,4,45,1,10
3,3,21.0,338,0,20,0,5,6,0,21
3,4,5.0,235,3,3,1,4,138,1,24
3,5,4.0,114,3,5,2,3,30,3,30
2,4,2.0,279,2,16,1,16,65,0,22
2,2,12.0,276,1,6,1,16,50,0,28
2,2,12.0,276,1,11,1,15,31,4,28
2,2,12.0,276,1,22,1,11,94,2,28
2,2,12.0,276,1,3,0,5,6,3,28
2,2,12.0,276,1,3,0,0,26,3,28
2,2,12.0,276,1,22,2,16,72,0,28
2,2,12.0,276,1,12,0,16,65,1,28
2,2,12.0,276,1,4,0,6,128,1,28
2,2,12.0,276,1,12,1,7,129,1,28
2,2,19.0,264,1,6,0,2,2,3,10
2,2,19.0,264,1,8,0,14,24,1,10
3,4,6.0,176,0,12,0,13,36,4,23
3,4,7.0,133,1,17,0,0,26,3,11
3,4,6.0,176,0,1,0,13,29,1,23
3,4,7.0,133,1,18,1,10,47,4,11
3,4,12.0,134,3,11,1,13,48,4,28
3,4,12.0,134,3,22,0,11,133,2,28
3,4,12.0,134,3,22,0,16,50,2,28
3,4,12.0,134,3,9,1,6,7,0,28
3,4,13.0,221,0,11,0,2,86,1,25
3,9,20.0,119,4,13,1,3,30,2,29
3,6,12.0,162,4,3,0,7,62,3,28
3,4,13.0,221,0,13,1,6,128,1,25
3,8,23.0,102,1,13,0,11,15,2,17
3,4,22.0,152,2,16,0,5,12,3,26
3,4,22.0,152,2,0,2,4,45,3,26
3,4,22.0,152,2,21,2,0,96,3,26
3,4,22.0,152,2,23,0,1,16,4,26
3,4,22.0,152,2,7,0,16,50,3,26
3,4,13.0,221,0,2,0,0,77,3,25
3,4,22.0,152,2,1,0,0,0,3,26
3,4,30.0,139,4,14,0,14,25,2,19
3,4,30.0,139,4,4,1,6,128,1,19
3,9,4.0,295,1,8,0,16,113,3,30
3,7,19.0,330,2,17,0,12,100,3,10
3,7,19.0,330,2,17,1,7,122,4,10
3,7,19.0,330,2,14,2,3,30,0,10
3,7,27.0,53,4,21,1,12,56,0,15
3,7,27.0,53,4,20,0,16,74,4,15
3,7,27.0,53,4,13,1,1,105,4,15
3,7,27.0,53,4,12,0,16,113,2,15
3,7,27.0,53,4,9,2,16,50,1,15
3,7,29.0,268,6,1,1,8,9,1,16
3,7,30.0,42,3,6,1,14,32,2,19
3,7,30.0,42,3,2,0,2,86,0,19
3,3,19.0,138,6,4,0,1,11,3,10
3,3,19.0,138,6,9,0,8,118,1,10
3,3,20.0,105,3,0,0,8,27,1,29
3,3,19.0,138,6,9,0,6,7,3,10
3,3,20.0,105,3,3,1,12,83,4,29
3,3,19.0,138,6,18,2,15,96,3,10
2,8,29.0,103,3,4,0,1,59,4,16
2,4,1.0,141,1,17,0,14,25,1,7
3,1,30.0,100,6,18,1,5,6,0,19
2,1,15.0,2,4,2,0,12,61,4,1
3,7,17.0,95,0,7,0,2,35,4,6
2,11,13.0,312,6,19,3,2,2,3,25
2,7,5.0,93,1,17,0,11,18,1,24
2,7,21.0,211,4,18,2,1,11,1,21
3,3,18.0,165,5,1,0,0,31,1,0
3,5,10.0,155,6,12,1,10,23,1,4
2,5,21.0,163,1,9,0,8,27,3,21
3,9,6.0,51,4,17,1,13,99,4,23
2,8,17.0,75,1,17,1,4,138,4,6
3,7,17.0,95,0,0,0,9,93,1,6
2,11,11.0,175,4,1,1,15,46,2,9
1,1,1.0,203,0,17,0,3,115,0,7
2,5,30.0,196,4,2,0,3,30,2,19
3,3,1.0,180,1,3,1,10,47,1,7
3,7,1.0,98,6,17,0,16,113,1,7
2,2,1.0,143,5,13,1,3,115,1,7
2,6,14.0,49,5,1,0,2,92,1,5
2,1,5.0,97,0,13,1,10,47,1,24
2,0,1.0,47,3,12,1,14,126,4,7
3,6,10.0,149,1,9,0,4,82,1,4
3,6,24.0,31,1,8,1,15,114,4,14
3,8,29.0,301,0,8,2,13,69,3,16
3,3,28.0,187,0,9,0,13,99,2,18
3,3,29.0,325,1,0,0,7,78,4,16
3,3,28.0,187,0,11,1,10,23,1,18
3,3,29.0,325,1,8,0,9,109,1,16
3,3,29.0,325,1,2,0,5,12,3,16
3,3,29.0,325,1,4,0,6,89,1,16
3,3,29.0,325,1,18,0,14,107,3,16
3,3,22.0,166,1,21,0,0,31,1,26
3,11,21.0,192,1,18,1,9,102,1,21
3,7,19.0,330,2,14,0,5,47,0,10
2,4,11.0,134,5,6,0,5,6,3,9
2,4,19.0,115,6,2,1,6,7,0,10
3,7,11.0,197,1,13,0,2,2,2,9
3,4,5.0,235,3,13,2,11,94,3,24
3,5,4.0,114,3,22,0,6,128,1,30
3,3,22.0,166,1,21,3,4,138,4,26
3,7,19.0,330,2,9,0,12,61,1,10
3,1,13.0,207,2,14,0,5,6,0,25
2,4,11.0,134,5,13,0,4,82,1,9
3,4,5.0,235,3,20,1,9,101,4,24
3,4,5.0,235,3,19,2,4,45,3,24
3,11,29.0,270,2,6,0,2,92,4,16
3,3,22.0,166,1,8,0,11,133,2,26
3,5,4.0,114,3,8,0,6,7,2,30
3,7,27.0,53,4,21,1,14,125,0,15
3,1,20.0,151,2,6,3,5,6,3,29
2,4,11.0,134,5,3,0,10,23,3,9
3,4,5.0,235,3,23,1,12,61,4,24
3,4,5.0,235,3,9,2,3,44,3,24
3,3,27.0,361,3,17,0,0,64,3,15
3,3,27.0,361,3,3,0,9,57,3,15
3,3,27.0,361,3,2,0,5,12,0,15
3,3,27.0,361,3,4,0,10,12,3,15
3,3,27.0,361,3,20,1,11,15,1,15
3,3,28.0,187,0,0,2,14,32,0,18
2,10,1.0,358,0,17,0,5,6,1,7
0,4,1.0,144,3,17,1,4,75,2,7
2,2,18.0,137,0,13,2,10,47,0,0
2,2,18.0,137,0,1,2,7,20,0,0
2,2,18.0,137,0,12,1,9,10,4,0
2,2,20.0,108,2,17,0,16,74,3,29
2,2,20.0,108,2,0,0,6,7,3,29
2,2,20.0,108,2,0,1,7,62,0,29
2,2,20.0,108,2,5,0,12,61,1,29
2,2,20.0,108,2,14,0,16,37,1,29
2,2,20.0,108,2,9,0,10,47,1,29
2,4,26.0,274,6,13,0,9,27,3,3
2,4,20.0,339,3,18,1,0,77,1,29
2,4,27.0,218,3,5,0,8,19,0,15
2,6,26.0,116,2,14,2,15,31,0,3
2,10,3.0,356,2,4,0,10,47,1,27
2,10,3.0,356,2,8,1,13,36,1,27
2,10,4.0,336,4,18,0,14,25,3,30
2,10,9.0,245,1,16,0,12,121,1,12
2,10,9.0,245,1,9,1,11,129,4,12
2,10,9.0,245,1,12,0,13,48,4,12
2,10,10.0,298,2,6,0,0,12,0,4
2,10,10.0,298,2,15,0,13,38,4,4
2,10,10.0,298,2,3,2,10,47,3,4
2,10,10.0,298,2,1,2,14,24,0,4
2,10,11.0,333,4,11,0,9,109,4,9
2,10,11.0,333,4,19,2,8,65,3,9
2,10,11.0,333,4,11,1,11,55,4,9
2,10,18.0,117,4,1,0,2,60,1,0
2,10,18.0,117,4,4,0,8,33,1,0
2,10,18.0,117,4,18,2,8,41,0,0
2,10,28.0,318,3,4,0,13,29,4,18
2,10,18.0,117,4,23,3,14,34,4,0
2,4,28.0,313,0,13,0,14,24,2,18
2,2,29.0,131,5,3,0,8,118,1,16
2,8,29.0,103,3,8,0,14,24,2,16
2,0,2.0,334,0,10,0,6,89,0,22
2,0,2.0,334,0,12,2,13,29,1,22
2,0,2.0,334,0,5,0,13,38,2,22
2,0,2.0,334,0,4,0,13,28,0,22
2,0,2.0,334,0,12,1,9,10,4,22
2,0,3.0,229,1,15,0,1,105,4,27
2,0,3.0,229,1,12,1,9,93,4,27
2,0,3.0,229,1,12,1,6,128,4,27
3,6,5.0,342,4,11,1,14,97,1,24
2,1,2.0,188,5,9,2,0,53,3,22
2,8,9.0,71,0,18,0,10,47,2,12
2,8,9.0,71,0,1,1,5,12,0,12
2,8,9.0,71,0,17,0,7,20,1,12
2,0,2.0,334,0,19,3,11,117,3,22
2,2,29.0,131,5,8,3,0,26,0,16
2,0,5.0,260,4,18,0,12,100,0,24
2,0,21.0,241,6,6,0,10,22,2,21
2,0,21.0,241,6,8,0,5,6,2,21
2,0,21.0,241,6,9,0,14,34,0,21
2,0,21.0,241,6,20,1,8,27,1,21
2,0,30.0,290,0,13,0,2,123,0,19
2,0,30.0,290,0,15,0,6,7,3,19
2,0,30.0,290,0,14,0,6,14,4,19
3,11,2.0,265,4,6,0,3,76,1,22
3,11,2.0,265,4,0,1,4,5,0,22
3,11,2.0,265,4,4,0,11,94,2,22
3,11,11.0,175,6,0,0,12,56,1,9
3,11,11.0,175,6,3,2,10,22,3,9
3,11,11.0,175,6,12,2,10,22,3,9
3,11,11.0,175,6,2,1,7,54,4,9
3,11,11.0,175,6,14,2,13,13,2,9
3,11,11.0,175,6,18,2,9,95,2,9
3,11,13.0,312,0,6,2,8,27,3,25
3,11,13.0,312,0,20,0,8,118,0,25
3,11,13.0,312,0,20,0,9,49,1,25
2,10,1.0,358,0,17,2,11,94,3,7
3,11,13.0,312,0,8,2,3,30,3,25
3,11,13.0,312,0,2,0,13,69,3,25
3,11,13.0,312,0,1,0,2,2,4,25
3,11,13.0,312,0,2,0,2,2,3,25
3,11,13.0,312,0,2,1,12,56,4,25
3,5,5.0,96,0,1,0,7,120,3,24
3,7,27.0,53,4,18,0,10,6,3,15
2,2,4.0,127,0,4,0,9,83,0,30
3,9,3.0,217,0,21,2,13,13,1,27
3,9,21.0,362,5,17,1,14,125,4,21
3,1,20.0,151,2,20,1,14,110,0,29
3,7,2.0,160,3,17,1,16,50,1,22
3,4,5.0,235,3,5,0,5,6,2,24
3,7,10.0,329,0,11,1,2,3,4,4
3,1,20.0,151,2,12,2,8,118,3,29
3,7,29.0,268,6,21,2,3,115,0,16
3,8,5.0,101,5,12,1,11,124,1,24
3,4,5.0,235,3,13,0,10,22,3,24
3,5,6.0,277,1,6,2,6,89,0,23
3,9,3.0,217,0,10,1,5,6,0,27
3,1,22.0,164,5,19,0,2,60,3,26
3,1,20.0,151,2,18,2,8,27,1,29
3,7,29.0,268,6,15,0,4,45,2,16
3,5,2.0,307,5,14,1,8,19,2,22
3,4,6.0,176,0,13,2,3,70,3,23
3,5,6.0,277,1,13,0,5,6,3,23
3,9,3.0,217,0,21,1,9,109,0,27
2,4,11.0,134,5,18,0,2,69,3,9
3,1,20.0,151,2,4,0,13,28,0,29
3,1,23.0,69,6,6,0,5,64,3,17
3,1,23.0,69,6,1,0,11,122,3,17
3,1,28.0,300,4,21,1,9,27,0,18
3,1,28.0,300,4,2,0,3,30,1,18
3,1,31.0,305,3,12,2,16,74,0,20
3,1,31.0,305,3,19,0,11,117,2,20
3,1,31.0,305,3,15,1,1,1,4,20
3,8,20.0,319,6,3,0,2,2,1,29
3,8,23.0,102,1,6,0,5,6,2,17
3,8,23.0,102,1,17,0,2,86,0,17
3,8,20.0,319,6,17,0,9,95,1,29
3,8,23.0,102,1,3,0,8,41,4,17
3,8,23.0,102,1,19,1,9,10,4,17
3,4,5.0,235,3,14,1,1,67,4,24
2,2,4.0,127,0,8,0,4,76,0,30
2,2,10.0,297,3,6,1,2,13,0,4
2,2,10.0,297,3,3,0,8,118,1,4
2,2,10.0,297,3,22,1,2,92,4,4
2,2,10.0,297,3,19,0,16,50,1,4
2,2,10.0,297,3,4,1,7,8,4,4
2,2,12.0,276,1,0,0,1,59,1,28
2,2,12.0,276,1,22,2,5,6,0,28
2,2,12.0,276,1,4,0,14,32,0,28
2,10,11.0,333,4,11,3,13,38,4,9
2,2,19.0,264,1,5,0,0,31,2,10
2,2,19.0,264,1,12,0,10,47,3,10
2,2,19.0,264,1,1,2,1,35,3,10
2,2,21.0,209,4,13,0,14,34,2,21
2,2,21.0,209,4,12,0,2,123,2,21
2,2,22.0,230,5,19,0,16,139,0,26
2,2,22.0,230,5,8,1,12,61,4,26
2,2,28.0,140,4,6,0,9,49,1,18
2,2,28.0,140,4,21,1,2,69,0,18
2,4,21.0,152,0,7,0,4,66,1,21
2,2,28.0,140,4,5,0,5,6,2,18
2,2,28.0,140,4,2,2,11,18,0,18
2,6,28.0,335,5,11,3,13,38,1,18
3,4,5.0,235,3,16,1,0,12,1,24
3,4,7.0,133,1,22,0,8,9,1,11
3,4,7.0,133,1,14,1,13,36,4,11
3,4,12.0,134,3,13,0,8,118,4,28
3,4,12.0,134,3,15,1,0,77,4,28
3,4,12.0,134,3,19,3,8,118,3,28
3,4,13.0,221,0,0,2,3,79,3,25
3,4,13.0,221,0,13,0,13,38,2,25
3,4,13.0,221,0,20,1,2,86,4,25
3,4,12.0,134,3,1,1,2,69,4,28
3,4,22.0,152,2,6,1,13,28,0,26
3,4,22.0,152,2,16,0,0,12,0,26
3,4,22.0,152,2,16,0,2,2,3,26
3,4,22.0,152,2,9,1,0,26,0,26
3,1,31.0,305,3,21,0,1,35,4,20
3,1,31.0,305,3,23,1,14,32,0,20
3,1,31.0,305,3,8,0,2,2,1,20
3,1,31.0,305,3,1,0,9,57,3,20
3,1,31.0,305,3,8,0,9,9,3,20
3,1,31.0,305,3,22,1,2,2,1,20
3,8,20.0,319,6,9,3,16,108,0,29
3,3,29.0,325,1,10,0,9,49,1,16
3,3,29.0,325,1,21,0,0,64,3,16
3,5,3.0,161,6,22,0,3,115,3,27
3,5,4.0,114,3,5,1,10,22,4,30
3,5,4.0,114,3,22,1,16,72,4,30
3,5,5.0,96,0,11,2,4,5,3,24
3,5,5.0,96,0,5,1,9,49,1,24
3,5,5.0,96,0,4,0,10,47,2,24
2,2,18.0,137,0,8,1,7,111,1,0
2,2,18.0,137,0,14,1,6,7,0,0
2,2,18.0,137,0,8,0,5,6,0,0
3,5,4.0,114,3,4,1,7,129,4,30
3,5,5.0,96,0,18,0,11,18,3,24
3,7,29.0,268,6,13,0,13,48,1,16
2,2,20.0,108,2,0,0,0,53,3,29
2,2,20.0,108,2,14,0,4,75,1,29
2,2,29.0,131,5,14,1,6,132,1,16
2,2,29.0,131,5,12,1,15,114,0,16
3,5,30.0,294,5,17,0,4,136,4,19
3,5,30.0,294,5,22,0,10,47,1,19
3,5,30.0,294,5,19,0,0,26,3,19
3,6,3.0,99,1,12,0,2,2,0,27
3,8,23.0,102,1,6,0,5,12,3,17
3,8,23.0,102,1,1,0,2,69,0,17
3,9,3.0,217,0,3,0,12,100,4,27
3,11,13.0,312,0,14,0,16,42,1,25
2,4,20.0,339,3,3,0,11,15,0,29
3,4,6.0,176,0,20,0,11,133,2,23
2,4,20.0,339,3,1,0,13,69,4,29
3,4,7.0,133,1,20,0,10,47,2,11
2,2,10.0,297,3,13,1,2,60,4,4
3,5,6.0,277,1,3,1,9,93,1,23
2,4,21.0,152,0,16,1,13,99,0,21
3,9,3.0,217,0,5,1,1,81,4,27
2,2,10.0,297,3,19,1,12,56,4,4
2,2,19.0,264,1,3,0,15,31,0,10
2,4,29.0,139,1,17,0,9,83,1,16
2,4,21.0,152,0,18,2,5,12,3,21
3,9,3.0,217,0,2,1,3,30,0,27
2,2,10.0,297,3,20,1,14,131,1,4
2,2,19.0,264,1,19,1,1,67,4,10
3,6,30.0,145,0,16,0,1,11,1,19
2,4,26.0,274,6,13,1,7,54,4,3
3,4,5.0,235,3,1,1,1,59,4,24
3,9,3.0,217,0,8,0,11,8,1,27
2,2,12.0,276,1,10,1,2,86,0,28
2,2,21.0,209,4,11,0,3,30,3,21
3,6,29.0,335,3,13,0,0,77,1,16
3,6,30.0,145,0,12,2,2,2,3,19
3,11,12.0,118,3,12,0,4,75,1,28
3,11,12.0,118,3,11,1,11,15,0,28
3,11,20.0,340,0,14,1,13,36,1,29
3,11,20.0,340,0,19,1,11,8,1,29
3,11,20.0,340,0,8,2,13,48,3,29
3,9,2.0,323,3,16,1,12,56,4,22
3,6,30.0,145,0,12,0,11,133,2,19
3,6,30.0,145,0,18,2,9,95,1,19
3,6,30.0,145,0,14,0,2,3,4,19
3,10,4.0,356,5,3,0,11,0,3,30
3,10,4.0,356,5,9,0,12,80,3,30
3,10,5.0,336,6,0,0,1,1,0,24
3,10,5.0,336,6,0,0,2,92,0,24
3,10,5.0,336,6,0,1,10,47,0,24
3,10,5.0,336,6,3,0,0,31,0,24
3,10,4.0,356,5,9,1,13,99,4,30
2,4,26.0,274,6,1,1,5,6,1,3
2,4,27.0,218,3,1,0,0,53,0,15
2,4,26.0,274,6,15,0,4,45,3,3
2,4,26.0,274,6,23,0,15,51,1,3
2,4,30.0,67,2,0,0,6,7,3,19
2,4,30.0,67,2,20,1,9,57,0,19
2,4,30.0,67,2,12,0,5,6,3,19
2,4,27.0,218,3,19,2,6,89,3,15
2,2,4.0,127,0,8,1,1,81,4,30
2,2,4.0,127,0,4,1,9,93,4,30
2,2,4.0,127,0,8,1,10,22,1,30
2,2,4.0,127,0,13,3,10,22,3,30
2,1,3.0,286,6,19,1,12,100,4,27
2,1,9.0,17,5,6,0,15,108,0,12
2,1,20.0,45,1,17,1,5,12,0,29
2,1,20.0,45,1,7,0,0,26,0,29
2,1,28.0,112,2,0,2,13,28,0,18
2,1,28.0,112,2,2,0,8,27,1,18
2,1,28.0,112,2,12,0,14,131,1,18
2,1,28.0,112,2,1,0,2,40,1,18
2,8,4.0,101,2,21,2,3,79,3,30
2,4,29.0,139,1,12,0,16,50,2,16
3,7,29.0,268,6,23,0,12,56,1,16
3,7,30.0,42,3,11,0,2,2,0,19
3,3,19.0,138,6,16,1,14,34,0,10
3,3,19.0,138,6,5,0,14,24,2,10
3,3,19.0,138,6,14,0,5,6,3,10
3,3,19.0,138,6,4,0,12,135,1,10
3,3,19.0,138,6,1,0,7,62,1,10
3,3,20.0,105,3,21,1,6,116,0,29
3,3,20.0,105,3,1,2,14,34,3,29
3,3,20.0,105,3,14,0,10,12,0,29
3,3,20.0,105,3,1,0,10,52,3,29
3,3,22.0,166,1,6,0,0,12,0,26
3,3,22.0,166,1,13,0,8,27,1,26
3,3,22.0,166,1,22,0,10,47,2,26
3,3,22.0,166,1,22,1,12,83,4,26
3,3,27.0,361,3,9,0,11,94,1,15
3,3,28.0,187,0,17,0,4,75,1,18
3,3,28.0,187,0,21,0,16,50,4,18
3,3,27.0,361,3,22,3,15,46,3,15
3,3,28.0,187,0,5,0,6,128,4,18
3,3,28.0,187,0,22,2,7,57,2,18
2,8,4.0,101,2,14,0,10,30,0,30
2,8,4.0,101,2,3,0,13,38,0,30
2,8,10.0,306,1,15,0,13,99,1,4
2,8,10.0,306,1,13,0,5,12,3,4
2,8,10.0,306,1,13,0,13,29,0,4
2,8,10.0,306,1,6,0,5,12,0,4
2,8,10.0,306,1,14,0,0,12,1,4
2,0,20.0,287,5,18,0,5,0,2,29
2,0,19.0,172,4,22,3,8,41,4,10
2,4,21.0,152,0,20,1,7,122,1,21
3,11,18.0,332,6,8,0,15,46,2,0
3,10,3.0,310,4,9,1,8,33,0,27
3,10,3.0,310,4,13,1,3,79,1,27
3,9,4.0,295,1,21,0,10,22,3,30
3,3,29.0,325,1,9,2,13,29,2,16
3,5,2.0,307,5,14,0,11,117,0,22
2,2,12.0,276,1,5,1,0,77,1,28
3,4,7.0,133,1,15,0,13,28,0,11
3,7,27.0,53,4,9,1,1,105,0,15
2,2,19.0,264,1,16,0,10,47,2,10
3,11,1.0,222,2,0,0,13,13,0,7
3,10,12.0,333,6,18,0,8,9,3,28
3,7,27.0,53,4,16,1,5,12,0,15
3,3,30.0,304,2,10,0,1,35,2,19
2,2,19.0,264,1,21,2,0,0,3,10
3,10,12.0,333,6,17,1,10,12,0,28
3,11,1.0,222,2,21,3,1,105,3,7
3,7,29.0,268,6,8,0,9,54,1,16
2,2,21.0,209,4,13,2,11,94,0,21
2,2,19.0,264,1,0,0,8,19,4,10
2,8,12.0,189,4,5,1,3,30,4,28
2,8,12.0,189,4,17,0,8,118,2,28
3,3,28.0,187,0,11,0,8,41,3,18
2,8,1.0,77,3,17,3,10,12,2,7
2,6,15.0,38,6,16,3,13,28,2,1
2,10,8.0,150,0,17,0,2,86,3,8
2,10,8.0,150,0,20,1,2,86,4,8
2,10,8.0,150,0,15,0,1,35,4,8
2,10,8.0,150,0,9,1,6,7,4,8
2,10,13.0,174,6,17,1,10,47,1,25
2,10,13.0,174,6,6,0,13,48,4,25
2,10,13.0,174,6,13,0,4,75,0,25
2,10,22.0,247,0,7,0,15,39,0,26
2,10,22.0,247,0,2,0,5,12,3,26
2,10,22.0,247,0,9,2,13,38,3,26
2,10,22.0,247,0,5,0,11,94,2,26
2,10,24.0,56,2,1,0,8,118,1,14
2,10,24.0,56,2,14,0,10,22,1,14
2,10,25.0,61,4,17,2,6,89,3,13
2,10,30.0,135,1,0,0,13,29,4,19
2,10,31.0,203,2,6,0,8,27,3,20
2,10,31.0,203,2,21,2,6,89,0,20
2,10,31.0,203,2,11,0,7,78,4,20
2,10,30.0,135,1,16,0,0,12,3,19
2,0,24.0,281,1,13,0,7,120,4,14
2,2,7.0,258,4,8,0,9,93,3,11
3,1,19.0,29,1,7,1,10,22,0,10
3,3,26.0,343,6,22,1,3,44,1,3
2,3,30.0,109,1,7,1,10,22,1,19
2,0,8.0,48,3,13,3,3,30,2,8
2,2,17.0,7,3,9,0,9,87,0,6
3,9,14.0,106,5,11,0,11,18,2,5
2,3,30.0,109,1,22,1,0,53,0,19
2,3,15.0,263,0,8,3,2,13,0,1
2,10,15.0,201,0,12,3,4,138,0,1
2,10,15.0,201,0,18,0,0,12,1,1
2,2,7.0,258,4,2,0,14,110,0,11
2,1,16.0,63,5,18,1,11,133,4,2
2,8,7.0,76,6,1,0,0,26,1,11
3,6,9.0,236,0,2,1,11,133,2,12
2,1,8.0,50,4,9,1,14,25,0,8
2,1,23.0,64,5,0,0,13,29,2,17
2,0,26.0,23,4,14,2,0,64,0,3
2,3,15.0,263,0,13,3,4,75,4,1
3,11,5.0,240,3,18,0,14,125,0,24
2,10,15.0,201,0,17,0,1,35,4,1
3,7,15.0,205,6,19,1,0,26,1,1
3,7,24.0,68,0,22,3,13,69,3,14
2,4,29.0,139,1,1,0,13,28,1,16
3,3,28.0,187,0,15,0,13,28,3,18
3,3,28.0,187,0,13,0,2,60,2,18
3,3,28.0,187,0,2,0,7,120,0,18
3,3,28.0,187,0,3,2,14,25,3,18
3,3,28.0,187,0,19,0,0,64,3,18
3,3,28.0,187,0,14,2,11,133,3,18
3,3,29.0,325,1,16,0,3,44,3,16
3,3,29.0,325,1,21,0,7,111,0,16
3,3,29.0,325,1,20,0,14,24,1,16
3,3,29.0,325,1,12,0,5,6,0,16
3,3,29.0,325,1,4,2,2,86,1,16
3,3,29.0,325,1,2,3,7,129,1,16
2,2,19.0,264,1,1,2,5,6,3,10
2,4,3.0,178,4,17,0,4,136,4,27
2,2,28.0,140,4,3,3,8,27,4,18
2,10,28.0,318,3,12,2,2,2,3,18
2,10,28.0,318,3,14,0,12,83,2,18
3,7,27.0,53,4,11,3,11,117,1,15
2,2,19.0,264,1,17,0,6,7,1,10
2,2,19.0,264,1,16,1,14,25,0,10
3,7,30.0,42,3,19,0,5,0,3,19
3,7,30.0,42,3,4,0,0,26,1,19
3,11,27.0,322,0,13,3,2,92,3,15
2,2,21.0,209,4,0,0,14,107,4,21
2,2,22.0,230,5,4,0,5,6,0,26
3,3,19.0,138,6,6,1,4,5,1,10
3,11,27.0,322,0,8,0,15,46,3,15
2,2,21.0,209,4,21,0,3,70,1,21
2,2,21.0,209,4,15,0,5,6,2,21
2,2,21.0,209,4,8,0,10,47,0,21
2,2,21.0,209,4,2,2,0,68,0,21
2,2,21.0,209,4,19,2,10,22,2,21
2,2,21.0,209,4,4,0,0,68,3,21
2,2,21.0,209,4,23,1,9,63,4,21
2,2,22.0,230,5,5,3,10,12,3,26
2,4,20.0,339,3,13,2,12,100,0,29
2,4,20.0,339,3,2,0,14,25,0,29
3,4,6.0,176,0,15,0,8,41,3,23
3,4,7.0,133,1,0,0,13,38,3,11
3,4,7.0,133,1,8,0,0,12,1,11
3,4,7.0,133,1,2,0,12,61,3,11
3,4,12.0,134,3,1,3,1,105,3,28
3,4,13.0,221,0,3,0,1,1,3,25
3,3,21.0,338,0,10,3,9,101,2,21
3,10,13.0,346,3,13,1,15,114,1,25
3,10,13.0,346,3,1,0,0,0,3,25
3,10,23.0,247,2,1,0,5,64,3,17
3,10,23.0,247,2,19,0,1,11,3,17
3,1,13.0,207,2,17,2,2,2,3,25
3,1,13.0,207,2,21,2,0,31,3,25
3,1,13.0,207,2,21,0,4,45,3,25
3,1,13.0,207,2,23,3,12,84,0,25
3,1,13.0,207,2,8,0,5,12,0,25
3,9,28.0,315,5,1,0,1,35,1,18
3,7,28.0,34,5,1,1,14,25,0,18
2,0,13.0,5,5,20,1,12,100,1,25
2,0,29.0,228,3,3,1,9,109,4,16
2,4,20.0,339,3,4,0,11,55,1,29
2,4,21.0,152,0,3,0,13,123,2,21
2,4,21.0,152,0,4,1,9,93,4,21
2,4,20.0,339,3,4,0,7,129,4,29
2,4,26.0,274,6,20,0,11,15,0,3
2,4,20.0,339,3,13,3,8,27,1,29
2,4,26.0,274,6,15,2,3,4,3,3
2,4,26.0,274,6,12,0,6,91,1,3
2,4,26.0,274,6,3,1,12,80,4,3
2,4,26.0,274,6,19,0,2,86,1,3
0,0,1.0,8,5,17,0,1,11,4,7
2,4,27.0,218,3,12,0,1,35,4,15
2,4,27.0,218,3,14,2,10,22,0,15
2,4,30.0,67,2,6,0,0,0,0,19
2,4,30.0,67,2,6,0,9,27,3,19
2,4,30.0,67,2,14,1,0,64,4,19
2,4,30.0,67,2,12,2,14,25,1,19
2,4,26.0,274,6,8,0,2,60,2,3
2,2,4.0,127,0,17,1,0,15,0,30
3,5,5.0,96,0,1,0,13,48,1,24
3,5,6.0,277,1,0,0,0,12,1,23
3,5,5.0,96,0,23,1,3,30,1,24
3,5,6.0,277,1,0,0,6,7,1,23
3,5,6.0,277,1,13,0,4,79,3,23
3,5,6.0,277,1,19,0,2,69,4,23
3,5,5.0,96,0,6,1,11,129,4,24
3,3,22.0,166,1,17,0,5,6,1,26
3,4,4.0,178,6,9,0,15,51,1,30
3,8,29.0,301,0,13,3,5,6,0,16
3,3,28.0,187,0,14,1,0,26,1,18
3,3,28.0,187,0,18,0,5,6,0,18
3,3,29.0,325,1,6,1,14,25,0,16
3,3,28.0,187,0,18,0,13,99,0,18
3,3,29.0,325,1,13,0,15,77,3,16
3,3,29.0,325,1,3,0,10,47,0,16
3,3,29.0,325,1,12,0,13,99,0,16
2,2,22.0,230,5,12,0,2,69,2,26
3,3,19.0,138,6,0,0,15,46,1,10
2,2,22.0,230,5,1,1,2,2,1,26
3,3,19.0,138,6,20,0,13,28,2,10
2,2,21.0,209,4,3,0,14,24,2,21
3,3,19.0,138,6,8,0,5,6,2,10
2,0,28.0,191,6,17,0,9,63,1,18
3,3,19.0,138,6,8,0,11,55,1,10
3,6,3.0,99,1,4,0,12,84,3,27
3,6,5.0,342,4,16,0,13,69,1,24
3,6,5.0,342,4,5,2,14,25,0,24
3,6,5.0,342,4,9,0,13,28,4,24
3,6,5.0,342,4,14,0,6,7,3,24
3,6,13.0,317,5,15,1,13,21,4,25
3,5,30.0,294,5,13,0,14,24,2,19
3,6,13.0,317,5,19,1,0,31,4,25
3,6,13.0,317,5,9,0,15,114,4,25
3,6,14.0,173,6,16,0,15,96,3,5
3,6,14.0,173,6,13,0,14,25,0,5
3,7,27.0,53,4,3,0,0,64,2,15
3,7,29.0,268,6,0,0,13,28,3,16
3,7,29.0,268,6,20,1,11,18,1,16
3,7,29.0,268,6,3,0,4,127,1,16
3,7,27.0,53,4,1,1,1,67,0,15
3,7,29.0,268,6,19,0,5,64,0,16
3,9,2.0,323,3,8,0,1,11,2,22
3,7,28.0,34,5,13,0,8,33,2,18
3,7,28.0,34,5,18,1,8,9,1,18
3,1,13.0,207,2,9,0,8,27,1,25
3,1,13.0,207,2,18,2,8,9,1,25
3,1,13.0,207,2,16,0,5,12,3,25
3,1,20.0,151,2,6,2,14,32,0,29
3,1,20.0,151,2,22,0,10,6,3,29
3,1,20.0,151,2,14,2,10,47,0,29
3,1,31.0,305,3,2,1,16,37,4,20
3,1,31.0,305,3,1,0,4,138,3,20
3,8,20.0,319,6,5,0,12,56,2,29
3,8,20.0,319,6,1,2,8,41,1,29
3,8,23.0,102,1,21,1,4,66,1,17
3,8,23.0,102,1,20,0,5,12,3,17
3,8,23.0,102,1,19,0,14,110,4,17
3,8,23.0,102,1,1,0,11,15,0,17
3,4,5.0,235,3,1,0,5,6,3,24
3,4,5.0,235,3,19,0,8,41,3,24
3,4,6.0,176,0,6,0,5,12,3,23
3,4,6.0,176,0,1,0,2,40,1,23
3,4,6.0,176,0,14,2,8,27,3,23
3,7,29.0,268,6,1,0,0,53,0,16
3,7,30.0,42,3,23,0,2,86,1,19
3,7,29.0,268,6,1,1,1,105,0,16
3,7,30.0,42,3,2,0,15,31,0,19
3,7,30.0,42,3,9,0,14,32,1,19
3,3,19.0,138,6,0,0,16,50,1,10
2,4,29.0,139,1,11,1,8,9,4,16
3,3,19.0,138,6,20,2,4,4,1,10
3,3,20.0,105,3,5,0,4,66,1,29
3,3,22.0,166,1,6,0,8,27,1,26
3,3,22.0,166,1,2,0,4,75,1,26
3,3,22.0,166,1,3,0,9,102,0,26
3,3,22.0,166,1,8,0,3,30,1,26
3,3,22.0,166,1,1,0,3,44,3,26
3,3,22.0,166,1,1,0,7,111,1,26
3,3,22.0,166,1,9,1,11,117,0,26
3,3,20.0,105,3,19,1,7,111,1,29
3,3,27.0,361,3,2,2,16,130,3,15
3,3,28.0,187,0,15,0,10,52,2,18
3,3,28.0,187,0,6,1,13,123,2,18
3,9,3.0,217,0,16,1,5,12,0,27
3,9,3.0,217,0,22,1,9,87,4,27
2,2,28.0,140,4,14,0,2,2,3,18
2,2,28.0,140,4,11,1,14,88,4,18
2,2,28.0,140,4,19,0,4,82,2,18
2,2,28.0,140,4,3,1,16,130,4,18
2,2,28.0,140,4,19,1,9,102,4,18
2,2,4.0,127,0,4,0,8,9,3,30
2,2,10.0,297,3,15,0,2,2,4,4
3,5,29.0,24,4,18,0,10,47,3,16
3,3,19.0,138,6,22,0,13,29,4,10
3,5,29.0,24,4,5,0,10,6,3,16
3,3,19.0,138,6,18,1,11,124,2,10
2,2,28.0,140,4,5,0,8,9,2,18
3,3,20.0,105,3,6,0,2,3,0,29
2,2,28.0,140,4,14,1,13,48,1,18
3,3,20.0,105,3,15,0,13,48,1,29
2,2,30.0,8,6,21,1,10,23,1,19
3,3,20.0,105,3,12,0,9,57,3,29
2,2,30.0,8,6,11,0,13,99,2,19
3,3,22.0,166,1,11,0,3,30,1,26
2,2,30.0,8,6,4,0,12,80,2,19
3,3,20.0,105,3,17,1,7,31,0,29
3,5,6.0,277,1,19,1,14,24,1,23
3,3,22.0,166,1,13,0,16,50,1,26
3,5,6.0,277,1,14,2,6,73,0,23
3,5,3.0,161,6,12,0,14,24,2,27
3,5,3.0,161,6,6,0,16,50,1,27
3,5,3.0,161,6,13,0,3,44,3,27
3,5,3.0,161,6,19,0,8,9,0,27
3,8,29.0,301,0,18,0,0,26,2,16
2,2,20.0,108,2,17,1,3,79,0,29
2,4,28.0,313,0,18,1,3,30,2,18
2,0,2.0,334,0,18,0,5,12,0,22
3,5,4.0,114,3,15,0,3,44,3,30
3,5,3.0,161,6,13,0,4,75,2,27
3,5,4.0,114,3,22,0,11,18,2,30
3,5,4.0,114,3,6,0,0,68,1,30
3,5,4.0,114,3,3,1,9,134,4,30
3,5,4.0,114,3,22,1,10,52,1,30
3,5,5.0,96,0,6,0,13,28,1,24
3,5,3.0,161,6,15,0,8,41,2,27
3,5,5.0,96,0,19,0,13,38,2,24
3,5,5.0,96,0,22,1,4,75,1,24
3,5,5.0,96,0,4,0,8,27,0,24
3,5,4.0,114,3,3,0,5,6,2,30
3,7,1.0,98,6,18,0,0,12,1,7
2,4,9.0,79,2,19,3,15,51,3,12
3,1,18.0,82,0,19,0,1,16,1,0
3,8,18.0,75,4,11,2,1,16,2,0
3,3,18.0,165,5,13,1,14,25,1,0
3,3,18.0,165,5,15,0,12,83,2,0
2,2,16.0,6,6,22,0,4,82,2,2
3,5,23.0,168,5,12,3,2,35,4,17
2,0,9.0,129,0,18,0,5,12,0,12
3,11,23.0,232,4,11,0,13,38,2,17
2,2,1.0,143,5,17,0,1,67,1,7
2,11,29.0,270,0,13,0,2,40,2,16
2,9,20.0,119,1,7,0,0,31,1,29
2,7,5.0,93,1,17,1,2,2,1,24
3,3,1.0,180,1,15,0,10,22,1,7
3,5,10.0,155,6,8,3,12,84,0,4
2,6,14.0,49,5,11,0,16,74,4,5
3,5,5.0,96,0,7,1,11,10,4,24
3,5,5.0,96,0,3,1,11,133,1,24
3,5,6.0,277,1,16,2,8,27,3,23
3,5,30.0,294,5,17,0,10,22,1,19
3,5,30.0,294,5,19,0,10,22,1,19
3,5,30.0,294,5,1,0,0,85,1,19
3,6,3.0,99,1,17,1,2,2,4,27
3,3,20.0,105,3,12,0,5,47,3,29
3,3,20.0,105,3,19,0,0,77,1,29
3,3,20.0,105,3,22,1,10,52,4,29
3,1,29.0,112,5,20,1,11,10,4,16
3,3,22.0,166,1,1,0,5,6,0,26
3,10,12.0,333,6,14,0,13,36,3,28
3,1,15.0,1,5,14,3,14,25,3,1
3,5,22.0,163,4,15,0,15,31,1,26
3,5,27.0,328,1,12,0,2,13,0,15
3,5,27.0,328,1,19,0,8,41,3,15
0,10,9.0,150,3,8,0,2,2,1,12
3,5,27.0,328,1,1,0,10,22,1,15
3,5,27.0,328,1,18,2,11,90,3,15
3,6,4.0,159,2,0,0,0,12,3,30
3,6,4.0,159,2,0,0,10,22,1,30
3,6,4.0,159,2,2,0,1,67,1,30
3,6,4.0,159,2,12,0,10,12,1,30
3,6,4.0,159,2,19,0,2,86,0,30
3,6,6.0,83,5,11,0,11,98,4,23
3,6,11.0,355,2,17,0,15,31,3,9
3,6,11.0,355,2,8,0,8,118,3,9
3,6,11.0,355,2,2,0,12,61,3,9
3,6,11.0,355,2,18,0,13,21,1,9
3,6,22.0,185,3,4,0,6,89,0,26
3,6,29.0,335,3,17,2,2,60,3,16
3,6,29.0,335,3,15,0,4,4,1,16
3,6,29.0,335,3,2,2,1,105,4,16
3,6,30.0,145,0,6,1,5,6,0,19
2,4,26.0,274,6,12,0,13,21,1,3
2,4,26.0,274,6,4,2,2,71,3,3
2,4,27.0,218,3,5,0,3,115,4,15
2,4,27.0,218,3,6,1,3,79,0,15
2,4,30.0,67,2,21,0,7,20,4,19
2,4,30.0,67,2,7,1,16,50,0,19
2,4,30.0,67,2,3,0,2,35,2,19
2,4,26.0,274,6,8,3,0,26,3,3
2,4,27.0,218,3,15,0,10,47,0,15
2,4,27.0,218,3,22,0,15,51,0,15
2,4,27.0,218,3,5,1,12,100,4,15
2,4,27.0,218,3,2,0,12,61,1,15
3,1,12.0,353,1,4,0,2,35,2,28
3,1,12.0,353,1,15,1,1,1,0,28
3,1,22.0,164,5,4,1,3,4,0,26
3,1,22.0,164,5,18,0,14,107,4,26
3,3,5.0,324,6,1,0,10,22,2,24
2,4,27.0,218,3,4,0,2,92,1,15
2,4,27.0,218,3,19,0,15,108,1,15
3,3,27.0,361,3,3,0,8,41,1,15
3,3,27.0,361,3,20,1,11,133,1,15
3,3,27.0,361,3,18,0,10,23,3,15
2,8,12.0,189,4,12,1,3,70,0,28
2,4,1.0,141,1,17,0,1,11,3,7
3,9,4.0,295,1,3,2,5,6,0,30
3,9,4.0,295,1,19,0,13,36,1,30
3,9,4.0,295,1,1,0,16,50,1,30
3,9,4.0,295,1,22,0,15,51,3,30
2,7,30.0,43,6,3,2,13,29,0,19
3,3,4.0,285,5,22,0,5,6,0,30
2,7,22.0,202,5,22,0,1,35,2,26
2,7,30.0,43,6,22,0,2,2,2,19
2,7,30.0,43,6,19,0,8,41,2,19
2,7,22.0,202,5,1,0,4,66,2,26
2,3,29.0,304,0,8,0,9,57,0,16
2,5,4.0,96,6,14,0,10,6,3,30
2,5,15.0,239,2,0,2,0,85,3,1
2,5,15.0,239,2,3,3,11,55,2,1
2,5,16.0,212,4,2,3,9,57,0,2
2,5,16.0,212,4,17,1,10,47,0,2
2,6,5.0,83,2,3,0,8,41,4,24
2,6,5.0,83,2,1,2,6,116,0,24
2,6,7.0,59,5,8,0,13,38,1,11
2,1,22.0,69,4,17,0,4,45,3,26
2,1,22.0,69,4,12,0,6,89,4,26
2,1,30.0,305,5,17,1,2,2,2,19
2,1,30.0,305,5,21,2,0,64,3,19
2,1,30.0,305,5,8,0,15,46,3,19
2,1,30.0,305,5,4,2,4,45,3,19
2,1,31.0,66,6,4,2,6,91,3,20
2,1,31.0,66,6,18,0,10,47,1,20
2,8,8.0,124,3,19,0,2,86,1,8
2,8,8.0,124,3,2,0,2,86,3,8
2,8,22.0,102,3,0,1,5,6,0,26
2,8,22.0,102,3,2,2,13,69,3,26
2,8,22.0,102,3,1,0,8,41,3,26
2,8,23.0,85,0,16,0,10,22,3,17
2,8,23.0,85,0,7,0,13,29,4,17
2,8,22.0,102,3,11,0,1,11,0,26
2,8,24.0,86,1,0,0,1,11,1,14
2,8,24.0,86,1,15,0,2,29,3,14
2,8,24.0,86,1,22,2,1,81,4,14
2,8,24.0,86,1,22,2,13,28,1,14
2,8,4.0,101,2,6,0,0,26,3,30
2,8,4.0,101,2,16,0,2,123,3,30
2,8,4.0,101,2,18,0,8,9,1,30
2,3,28.0,325,3,13,0,3,44,1,18
2,3,28.0,325,3,7,1,13,38,0,18
2,5,3.0,114,5,10,1,10,22,2,27
2,5,3.0,114,5,13,0,10,47,2,27
2,5,3.0,114,5,5,0,10,47,3,27
2,5,3.0,114,5,12,2,10,22,0,27
2,5,10.0,326,5,4,2,13,13,3,4
2,1,28.0,112,2,0,0,6,7,0,18
3,9,10.0,156,0,12,1,12,61,4,4
3,9,18.0,359,1,1,1,14,32,4,0
3,9,19.0,234,2,22,0,13,21,3,10
3,9,18.0,359,1,7,1,15,114,2,0
3,7,2.0,160,3,15,3,0,64,0,22
3,7,10.0,329,0,14,1,13,36,1,4
2,6,1.0,352,6,17,3,0,31,0,7
2,8,13.0,296,5,2,0,0,77,1,25
2,7,26.0,53,1,12,0,10,12,3,3
2,5,20.0,351,0,10,0,9,93,1,29
2,2,20.0,108,2,1,0,3,30,4,29
2,2,29.0,131,5,4,2,1,67,0,16
2,0,2.0,334,0,4,2,8,27,3,22
2,0,2.0,334,0,4,0,10,47,0,22
2,0,3.0,229,1,0,0,0,68,3,27
2,0,3.0,229,1,21,0,8,19,4,27
2,0,3.0,229,1,7,1,5,6,0,27
2,0,3.0,229,1,5,0,16,113,1,27
2,0,3.0,229,1,5,0,4,82,2,27
2,0,3.0,229,1,16,0,13,38,1,27
2,1,21.0,164,2,13,0,2,86,1,21
2,1,19.0,151,0,18,1,14,34,0,10
2,1,27.0,300,1,0,2,10,6,3,15
2,0,3.0,229,1,1,0,10,23,1,27
2,0,3.0,229,1,9,0,1,59,4,27
2,0,2.0,334,0,3,1,14,34,4,22
2,11,28.0,123,3,22,0,15,31,1,18
2,0,3.0,229,1,9,2,13,69,3,27
2,0,5.0,260,4,17,0,9,9,1,24
2,0,5.0,260,4,17,0,8,118,1,24
0,0,31.0,290,3,1,1,0,64,1,20
2,11,22.0,250,0,12,1,11,94,2,26
2,9,14.0,106,2,2,3,3,76,1,5
2,5,6.0,349,0,19,1,3,44,4,23
2,0,8.0,48,3,15,0,14,25,2,8
2,8,7.0,76,6,11,0,4,45,2,11
2,11,15.0,331,0,17,3,8,19,0,1
2,11,15.0,331,0,8,1,12,61,4,1
2,10,12.0,346,5,18,0,7,120,1,28
2,11,12.0,118,5,4,0,12,80,4,28
2,10,7.0,213,3,16,3,14,24,1,11
2,0,23.0,55,0,2,1,1,16,4,17
3,9,25.0,344,1,17,1,1,1,4,13
3,9,1.0,126,6,17,3,5,6,0,7
3,7,24.0,68,0,10,0,14,24,2,14
2,5,6.0,349,0,19,0,8,27,4,23
2,0,23.0,55,0,7,1,1,67,4,17
2,0,26.0,23,4,5,1,14,125,4,3
3,3,14.0,33,0,12,0,0,26,3,5
2,7,22.0,202,5,8,0,2,40,1,26
2,10,30.0,135,1,15,0,9,49,1,19
3,3,21.0,338,0,18,0,0,12,1,21
2,10,31.0,203,2,1,1,12,56,0,20
2,10,12.0,346,5,14,1,5,6,0,28
2,11,12.0,118,5,1,2,4,136,0,28
2,10,30.0,135,1,13,2,7,137,3,19
2,7,22.0,202,5,1,1,10,22,1,26
2,5,28.0,24,1,2,0,5,6,3,18
2,11,14.0,147,3,21,1,10,12,1,5
2,5,4.0,96,6,4,0,5,12,3,30
3,9,26.0,267,2,18,0,9,102,1,3
2,11,14.0,147,3,18,0,5,64,3,5
2,10,30.0,135,1,19,0,5,6,3,19
2,10,12.0,346,5,14,0,7,20,4,28
2,5,28.0,24,1,8,0,7,62,2,18
3,5,11.0,326,3,23,0,7,20,4,9
2,11,28.0,123,3,4,0,10,23,3,18
3,3,4.0,285,5,8,2,6,132,3,30
2,5,5.0,277,3,19,2,9,9,0,24
2,8,24.0,86,1,2,1,16,50,0,14
2,1,31.0,66,6,14,1,16,50,0,20
2,2,18.0,137,0,17,1,1,35,0,0
2,11,24.0,194,2,13,0,4,4,4,14
3,5,11.0,326,3,12,0,15,119,1,9
2,1,31.0,66,6,1,1,5,12,1,20
2,5,15.0,239,2,21,0,4,66,2,1
2,2,18.0,137,0,15,0,11,15,2,0
2,10,30.0,135,1,14,0,13,99,4,19
3,5,11.0,326,3,19,0,10,22,2,9
2,1,30.0,305,5,19,0,11,117,0,19
3,3,11.0,337,5,14,1,14,88,4,9
2,8,8.0,124,3,12,1,5,0,2,8
2,11,30.0,170,1,16,0,2,69,2,19
2,5,15.0,239,2,10,0,10,12,3,1
2,1,1.0,171,4,13,0,7,31,3,7
2,10,30.0,135,1,14,1,1,1,0,19
2,2,18.0,137,0,19,0,10,22,3,0
2,8,8.0,124,3,13,0,6,89,2,8
3,3,11.0,337,5,9,0,9,93,1,9
2,5,28.0,24,1,1,0,9,102,4,18
3,5,11.0,326,3,20,0,12,56,2,9
3,9,24.0,272,0,22,2,13,28,2,14
2,10,31.0,203,2,8,0,16,108,3,20
2,2,20.0,108,2,8,0,10,22,3,29
2,8,23.0,85,0,2,0,16,139,4,17
2,2,20.0,108,2,10,1,2,60,4,29
2,6,1.0,352,6,1,0,15,112,4,7
3,3,13.0,210,3,16,0,0,53,3,25
2,10,31.0,203,2,19,0,10,47,0,20
3,5,13.0,184,1,5,0,6,128,1,25
2,8,24.0,86,1,0,1,0,68,1,14
2,5,15.0,239,2,8,0,8,9,4,1
2,11,30.0,170,1,4,0,2,71,4,19
2,1,21.0,164,2,16,0,11,94,3,21
2,6,1.0,352,6,22,0,0,12,0,7
3,3,13.0,210,3,4,0,15,85,0,25
2,1,6.0,32,1,7,0,1,59,3,23
3,5,13.0,184,1,8,0,7,111,1,25
2,8,23.0,85,0,17,1,4,75,1,17
2,0,2.0,334,0,19,0,13,48,0,22
2,6,1.0,352,6,2,0,13,38,4,7
2,6,2.0,99,3,12,3,0,12,0,22
2,6,2.0,99,3,22,1,14,131,1,22
2,6,3.0,159,0,5,1,12,61,4,27
2,6,3.0,159,0,13,0,4,82,3,27
2,6,17.0,308,0,17,1,2,69,0,6
2,6,3.0,159,0,11,0,4,79,2,27
2,6,3.0,159,0,19,0,8,33,3,27
2,6,1.0,352,6,12,0,16,139,3,7
2,6,17.0,308,0,21,1,10,22,4,6
2,6,17.0,308,0,21,3,6,7,3,6
2,6,17.0,308,0,11,1,3,115,4,6
2,6,1.0,352,6,14,0,1,16,4,7
2,6,20.0,193,4,6,0,7,31,4,29
2,6,20.0,193,4,6,0,0,12,0,29
2,6,17.0,308,0,4,1,10,22,1,6
2,1,31.0,66,6,19,3,14,24,1,20
3,7,31.0,43,0,14,1,13,99,4,20
2,7,14.0,205,4,15,0,7,62,1,5
2,7,14.0,205,4,3,0,1,81,3,5
2,7,14.0,205,4,19,0,14,25,0,5
2,7,14.0,205,4,9,0,12,61,2,5
2,7,14.0,205,4,9,2,6,7,0,5
2,7,15.0,40,5,5,0,15,108,1,1
2,7,15.0,40,5,3,0,15,51,0,1
2,7,15.0,40,5,1,0,8,41,1,1
2,7,22.0,202,5,22,1,9,10,4,26
2,7,30.0,43,6,4,0,2,2,1,19
2,5,4.0,96,6,17,0,16,72,1,30
2,5,4.0,96,6,5,3,8,19,0,30
2,5,5.0,277,3,2,1,8,9,4,24
2,5,5.0,277,3,12,0,0,26,1,24
2,5,15.0,239,2,7,2,8,27,3,1
2,5,15.0,239,2,6,1,2,60,0,1
2,5,15.0,239,2,15,0,13,99,4,1
2,5,15.0,239,2,1,0,8,118,1,1
2,5,15.0,239,2,12,0,2,2,1,1
2,11,5.0,240,5,15,1,1,35,4,24
2,6,26.0,116,2,0,0,5,12,2,3
2,6,26.0,116,2,11,0,5,6,3,3
2,6,26.0,116,2,22,0,3,115,1,3
2,6,26.0,116,2,20,0,9,49,4,3
2,6,26.0,116,2,9,2,8,9,2,3
2,6,26.0,116,2,1,0,8,118,4,3
2,10,3.0,356,2,0,1,9,95,0,27
2,10,3.0,356,2,15,0,13,28,2,27
2,10,3.0,356,2,12,0,0,85,3,27
2,10,3.0,356,2,19,0,6,128,1,27
2,10,3.0,356,2,14,0,13,28,0,27
2,10,18.0,117,4,16,1,16,130,2,0
2,10,3.0,356,2,4,1,13,69,4,27
2,10,3.0,356,2,17,1,5,6,1,27
2,3,3.0,285,2,4,0,12,80,2,27
2,10,4.0,336,4,4,0,16,74,0,30
2,10,4.0,336,4,4,2,16,72,3,30
2,10,9.0,245,1,21,1,3,79,0,12
2,10,9.0,245,1,10,1,3,30,4,12
2,10,9.0,245,1,4,0,13,29,2,12
2,10,9.0,245,1,4,0,13,99,4,12
2,10,10.0,298,2,21,0,8,118,0,4
2,0,2.0,334,0,6,0,3,115,1,22
2,0,2.0,334,0,8,2,2,13,3,22
2,4,29.0,139,1,21,0,13,13,1,16
2,4,29.0,139,1,13,0,13,38,4,16
2,4,28.0,313,0,2,1,9,58,4,18
2,4,29.0,139,1,18,0,2,123,0,16
2,2,5.0,251,1,0,0,5,12,3,24
2,2,5.0,251,1,20,0,8,41,1,24
2,2,5.0,251,1,7,1,11,15,0,24
3,3,20.0,105,3,22,3,10,52,4,29
2,5,11.0,327,6,13,0,13,99,2,9
2,6,29.0,145,6,8,1,7,120,4,16
2,2,5.0,251,1,1,2,4,82,1,24
2,2,11.0,128,0,6,0,0,31,1,9
2,2,11.0,128,0,3,0,9,54,2,9
2,2,11.0,128,0,4,2,8,41,3,9
2,2,11.0,128,0,14,0,12,84,1,9
2,2,11.0,128,0,1,1,9,27,0,9
2,2,13.0,231,2,15,0,13,29,4,25
2,2,13.0,231,2,3,0,1,1,1,25
2,11,5.0,240,5,4,0,6,7,1,24
2,11,5.0,240,5,1,0,5,6,3,24
2,11,12.0,118,5,8,0,0,26,1,28
2,11,12.0,118,5,6,1,3,30,4,28
2,11,30.0,170,1,5,0,13,38,4,19
2,11,5.0,240,5,13,1,7,57,4,24
2,0,2.0,334,0,9,0,9,49,1,22
2,9,22.0,92,4,6,0,8,33,0,26
2,5,15.0,239,2,19,0,9,49,1,1
2,10,29.0,157,0,14,1,9,109,0,16
2,8,23.0,85,0,4,1,13,48,4,17
2,11,5.0,240,5,9,0,10,47,3,24
2,0,3.0,229,1,6,1,9,58,4,27
2,5,15.0,239,2,22,0,2,123,4,1
2,8,21.0,354,6,14,0,5,6,0,21
2,9,22.0,92,4,13,1,10,22,4,26
2,2,29.0,131,5,12,2,15,114,2,16
2,11,12.0,118,5,8,0,14,34,3,28
2,7,7.0,94,4,11,3,1,1,3,11
2,0,3.0,229,1,17,0,12,100,1,27
2,5,16.0,212,4,17,1,14,107,0,2
2,8,24.0,86,1,3,3,3,30,1,14
3,6,4.0,159,2,6,0,3,30,3,30
2,11,12.0,118,5,8,0,14,32,1,28
2,0,3.0,229,1,21,1,14,34,4,27
2,0,3.0,229,1,13,0,11,94,3,27
2,0,3.0,229,1,19,1,9,93,4,27
2,0,3.0,229,1,18,1,10,47,1,27
2,0,3.0,229,1,17,0,2,86,1,27
2,0,5.0,260,4,19,0,5,6,0,24
2,0,5.0,260,4,2,2,13,48,3,24
2,2,29.0,131,5,8,2,15,51,2,16
2,2,29.0,131,5,12,0,11,15,2,16
2,2,29.0,131,5,14,0,11,90,2,16
2,2,29.0,131,5,19,1,11,10,4,16
2,2,29.0,131,5,12,0,16,65,2,16
2,0,2.0,334,0,15,0,3,103,2,22
2,0,2.0,334,0,13,0,9,101,3,22
2,0,3.0,229,1,0,0,6,73,1,27
2,0,3.0,229,1,16,0,15,51,3,27
2,0,2.0,334,0,20,1,13,123,1,22
2,0,3.0,229,1,22,0,0,26,3,27
2,11,14.0,147,3,19,0,4,66,1,5
2,11,14.0,147,3,18,0,6,116,3,5
2,11,14.0,147,3,8,0,8,41,3,5
2,10,25.0,61,4,18,1,2,86,0,13
2,10,25.0,61,4,20,0,0,31,2,13
2,6,30.0,208,3,13,0,6,128,1,19
2,6,30.0,208,3,19,0,10,23,3,19
2,6,30.0,208,3,4,0,7,120,3,19
2,10,8.0,150,0,16,1,1,1,1,8
2,10,13.0,174,6,9,2,16,74,3,25
2,10,22.0,247,0,13,0,14,88,4,26
2,10,22.0,247,0,22,2,11,117,0,26
2,10,22.0,247,0,15,1,10,23,1,26
2,10,24.0,56,2,6,0,7,78,0,14
2,10,26.0,302,5,13,3,8,41,1,3
2,1,12.0,207,0,13,1,1,35,0,28
2,8,2.0,363,0,17,0,5,6,0,22
2,1,27.0,300,1,19,3,6,7,3,15
2,8,1.0,77,3,13,1,13,69,1,7
2,0,3.0,229,1,12,1,11,98,4,27
2,0,5.0,260,4,4,1,16,108,0,24
2,0,5.0,260,4,19,1,9,134,4,24
2,0,21.0,241,6,17,0,8,33,1,21
2,0,21.0,241,6,22,0,10,47,3,21
2,0,21.0,241,6,19,0,2,2,4,21
2,0,21.0,241,6,17,1,14,32,0,21
2,0,30.0,290,0,16,0,13,36,1,19
2,2,18.0,137,0,16,1,1,67,0,0
2,2,18.0,137,0,13,0,14,106,1,0
2,2,18.0,137,0,0,1,1,35,0,0
2,2,18.0,137,0,20,1,7,62,2,0
2,2,18.0,137,0,12,0,3,103,3,0
2,2,18.0,137,0,1,0,13,48,0,0
2,2,18.0,137,0,19,1,4,75,4,0
2,2,20.0,108,2,2,0,6,128,1,29
2,1,20.0,45,1,16,0,0,53,3,29
2,1,20.0,45,1,17,0,5,6,1,29
2,1,3.0,286,6,6,2,1,105,3,27
2,2,28.0,140,4,19,0,9,87,0,18
2,1,3.0,286,6,3,0,14,25,2,27
2,1,9.0,17,5,17,2,13,21,3,12
2,1,9.0,17,5,0,1,6,7,2,12
2,1,9.0,17,5,19,0,0,53,0,12
2,1,20.0,45,1,17,0,16,42,1,29
2,1,20.0,45,1,22,0,5,64,3,29
2,1,20.0,45,1,18,2,6,73,3,29
2,1,28.0,112,2,17,0,1,105,3,18
2,1,28.0,112,2,16,2,0,64,3,18
2,1,28.0,112,2,12,0,16,74,0,18
2,1,28.0,112,2,15,1,1,11,4,18
2,10,24.0,56,2,23,0,0,77,3,14
2,10,24.0,56,2,3,0,0,64,3,14
2,10,25.0,61,4,16,1,8,118,0,13
2,10,30.0,135,1,21,0,0,77,1,19
2,5,15.0,239,2,15,1,0,12,0,1
2,8,30.0,144,0,18,0,8,118,3,19
3,6,4.0,159,2,15,2,5,64,0,30
2,7,7.0,94,4,22,0,5,64,3,11
2,11,12.0,118,5,20,1,9,63,4,28
2,11,14.0,147,3,5,2,6,7,3,5
3,3,13.0,210,3,19,0,10,23,3,25
2,5,16.0,212,4,13,0,6,7,0,2
2,2,29.0,131,5,8,0,0,26,2,16
2,4,24.0,20,4,13,0,8,27,2,14
2,11,14.0,147,3,20,1,2,2,4,5
2,5,16.0,212,4,2,0,11,15,0,2
3,3,13.0,210,3,1,2,13,21,0,25
2,7,7.0,94,4,1,0,9,134,2,11
2,2,29.0,131,5,22,0,5,64,1,16
2,11,21.0,192,3,12,1,9,10,4,21
2,11,30.0,170,1,18,0,10,47,3,19
2,6,15.0,38,6,17,0,6,7,1,1
3,3,13.0,210,3,1,0,4,82,3,25
3,6,6.0,83,5,21,0,1,67,2,23
2,7,7.0,94,4,13,0,13,69,2,11
2,8,29.0,103,3,6,2,11,15,3,16
2,11,28.0,123,3,21,1,3,30,0,18
2,9,22.0,92,4,4,1,3,115,4,26
2,6,15.0,38,6,0,1,0,26,0,1
2,7,15.0,40,5,17,1,12,104,4,1
3,6,6.0,83,5,13,0,13,38,3,23
3,6,6.0,83,5,17,1,16,72,2,23
3,6,6.0,83,5,20,1,1,16,4,23
3,6,6.0,83,5,2,3,4,5,1,23
3,6,4.0,159,2,4,0,14,24,2,30
3,6,11.0,355,2,13,0,8,19,4,9
2,6,28.0,335,5,9,1,9,63,4,18
2,8,18.0,280,2,1,1,11,117,1,0
2,8,20.0,46,5,20,0,9,95,2,29
0,2,1.0,16,2,17,0,1,35,4,7
3,6,11.0,355,2,4,0,3,44,3,9
2,5,28.0,24,1,16,0,9,109,3,18
2,5,28.0,24,1,7,0,5,6,0,18
2,5,28.0,24,1,4,0,15,51,1,18
2,5,28.0,24,1,4,0,16,50,1,18
2,5,28.0,24,1,1,0,7,111,3,18
2,5,28.0,24,1,22,0,6,89,3,18
2,6,1.0,352,6,5,0,13,99,3,7
2,6,1.0,352,6,15,0,8,27,1,7
2,6,2.0,99,3,6,0,7,20,1,22
2,6,2.0,99,3,3,0,4,5,3,22
2,6,2.0,99,3,19,0,2,86,0,22
2,6,3.0,159,0,16,1,13,28,0,27
2,6,3.0,159,0,15,2,4,45,3,27
2,6,3.0,159,0,1,2,16,72,3,27
2,6,17.0,308,0,6,0,1,59,4,6
2,6,17.0,308,0,5,1,1,59,1,6
2,6,20.0,193,4,6,0,7,31,4,29
2,6,17.0,308,0,2,0,2,86,2,6
2,9,15.0,226,4,11,0,10,47,1,1
2,11,15.0,331,0,2,0,1,35,4,1
2,4,15.0,25,1,17,0,8,27,1,1
3,9,1.0,126,6,14,1,0,26,1,7
0,0,24.0,55,3,12,1,12,61,4,14
2,3,23.0,357,1,21,1,4,45,0,17
3,9,25.0,344,1,2,0,10,47,0,13
3,7,24.0,68,0,1,2,14,32,3,14
2,11,4.0,275,4,13,0,12,100,2,30
2,7,4.0,204,0,13,0,8,27,2,30
2,7,13.0,125,2,9,0,8,27,1,25
2,5,31.0,158,5,4,1,3,30,0,20
2,4,15.0,25,1,20,0,13,29,1,1
2,10,7.0,213,3,17,3,13,38,4,11
2,10,7.0,213,3,2,1,5,6,1,11
2,10,7.0,213,3,12,1,3,44,2,11
2,10,5.0,242,5,8,0,16,113,1,24
2,2,14.0,130,4,22,1,12,80,1,5
2,5,31.0,158,5,17,0,0,26,1,20
2,1,16.0,63,5,18,1,11,98,4,2
2,1,16.0,63,5,5,1,0,12,0,2
3,11,5.0,240,3,17,1,9,93,4,24
2,1,27.0,300,1,7,1,5,12,1,15
0,0,18.0,0,0,17,3,10,47,2,0
2,8,19.0,319,4,19,0,13,38,2,10
2,10,26.0,302,5,13,1,3,44,1,3
2,8,3.0,299,1,18,0,4,45,2,27
3,6,20.0,215,5,12,3,13,48,2,29
2,0,5.0,260,4,7,2,3,79,1,24
2,0,5.0,260,4,8,2,13,38,3,24
2,0,3.0,229,1,19,1,14,125,4,27
2,0,5.0,260,4,12,1,9,10,1,24
2,0,5.0,260,4,19,2,1,35,3,24
2,2,29.0,131,5,18,0,14,24,2,16
2,0,21.0,241,6,17,2,8,27,3,21
2,11,1.0,222,0,17,0,1,16,4,7
2,0,21.0,241,6,2,0,12,61,1,21
2,0,21.0,241,6,8,0,14,107,3,21
2,0,21.0,241,6,1,0,8,27,3,21
2,4,28.0,313,0,18,0,12,104,2,18
2,6,10.0,355,0,19,1,5,6,0,4
2,4,28.0,313,0,18,0,4,138,3,18
2,6,20.0,193,4,8,2,6,7,3,29
2,2,10.0,297,3,12,1,6,7,4,4
2,2,12.0,276,1,1,0,9,57,3,28
2,11,28.0,123,3,0,1,2,86,0,18
2,7,7.0,94,4,17,1,14,25,0,11
2,8,29.0,103,3,20,0,16,74,1,16
2,10,10.0,298,2,4,3,5,12,3,4
2,7,7.0,94,4,2,0,10,47,3,11
3,11,16.0,225,4,0,0,10,47,1,2
2,11,28.0,123,3,17,0,14,125,2,18
2,8,29.0,103,3,11,0,2,69,0,16
2,10,11.0,333,4,9,0,12,121,1,9
2,7,12.0,238,1,23,0,10,43,0,28
2,0,15.0,11,3,17,0,7,111,1,1
2,10,11.0,333,4,2,0,0,64,3,9
2,7,12.0,238,1,17,1,11,10,4,28
2,10,11.0,333,4,18,0,8,41,0,9
2,11,28.0,123,3,4,0,13,29,4,18
2,7,15.0,40,5,3,0,0,26,2,1
3,11,31.0,227,5,12,1,13,28,0,20
2,10,11.0,333,4,9,0,15,51,3,9
2,11,30.0,170,1,16,0,13,21,0,19
2,7,12.0,238,1,23,0,2,2,4,28
2,7,12.0,238,1,9,0,9,57,0,28
2,10,11.0,333,4,20,1,3,44,4,9
2,8,25.0,278,2,11,1,0,85,1,13
2,7,22.0,202,5,17,2,13,21,3,26
2,10,18.0,117,4,16,1,10,47,0,0
2,10,18.0,117,4,1,0,12,121,1,0
2,9,22.0,92,4,14,0,5,12,0,26
3,7,31.0,43,0,22,1,9,54,4,20
2,7,22.0,202,5,9,0,2,86,1,26
2,10,18.0,117,4,17,1,7,111,4,0
2,10,28.0,318,3,13,2,6,14,3,18
2,11,5.0,240,5,16,1,6,7,0,24
2,10,18.0,117,4,10,1,3,44,2,0
2,7,14.0,205,4,19,2,15,51,1,5
2,7,30.0,43,6,13,0,8,9,2,19
2,11,5.0,240,5,9,0,6,73,1,24
2,3,29.0,304,0,21,1,6,7,0,16
2,10,28.0,318,3,0,2,0,53,3,18
2,10,28.0,318,3,19,0,8,33,4,18
2,7,15.0,40,5,10,0,12,83,0,1
2,11,12.0,118,5,16,0,0,12,0,28
2,10,10.0,298,2,1,0,9,87,3,4
2,11,12.0,118,5,11,0,8,9,3,28
2,10,11.0,333,4,5,0,3,76,0,9
2,7,15.0,40,5,7,1,9,27,2,1
2,4,16.0,19,2,14,1,2,71,4,2
2,11,12.0,118,5,13,0,0,77,1,28
2,7,15.0,40,5,3,1,11,58,4,1
2,3,29.0,304,0,13,2,2,92,1,16
2,10,18.0,117,4,3,0,6,7,2,0
2,7,14.0,205,4,0,0,5,12,0,5
2,10,28.0,318,3,9,0,10,30,2,18
2,7,22.0,202,5,16,1,10,12,0,26
2,3,29.0,304,0,3,0,14,25,2,16
2,3,29.0,304,0,5,1,1,81,4,16
2,3,29.0,304,0,0,0,9,54,4,16
2,5,4.0,96,6,11,0,14,25,3,30
2,10,8.0,150,0,18,0,7,8,0,8
2,10,13.0,174,6,11,0,10,47,3,25
2,10,22.0,247,0,5,2,6,7,0,26
2,10,22.0,247,0,14,0,14,34,3,26
2,10,22.0,247,0,20,1,0,31,4,26
2,10,24.0,56,2,17,0,11,15,3,14
2,10,22.0,247,0,15,0,13,36,4,26
2,10,22.0,247,0,1,1,4,5,4,26
2,10,25.0,61,4,17,0,16,37,4,13
2,10,25.0,61,4,9,0,7,129,3,13
2,10,30.0,135,1,0,0,11,98,1,19
2,10,30.0,135,1,8,0,16,50,3,19
2,10,25.0,61,4,13,0,12,61,1,13
2,1,6.0,32,1,11,0,2,92,1,23
2,1,6.0,32,1,14,0,5,64,3,23
2,1,6.0,32,1,18,0,9,49,1,23
2,1,17.0,82,6,17,0,6,89,3,6
2,1,17.0,82,6,14,0,7,137,4,6
2,6,30.0,208,3,14,0,15,108,1,19
2,10,8.0,150,0,7,1,8,41,0,8
2,10,8.0,150,0,12,0,13,29,1,8
2,10,8.0,150,0,1,1,13,21,1,8
2,10,8.0,150,0,9,2,7,20,3,8
2,10,13.0,174,6,5,0,12,100,4,25
2,10,13.0,174,6,13,0,14,32,3,25
2,10,13.0,174,6,4,1,7,78,3,25
2,10,13.0,174,6,1,0,16,72,1,25
2,10,24.0,56,2,0,1,10,22,2,14
2,10,25.0,61,4,13,0,10,22,1,13
2,10,24.0,56,2,19,0,10,47,1,14
2,10,25.0,61,4,12,0,12,80,3,13
2,10,25.0,61,4,18,0,5,12,2,13
2,10,30.0,135,1,9,0,0,77,3,19
2,10,31.0,203,2,6,0,5,6,3,20
2,10,30.0,135,1,15,0,9,95,1,19
2,10,31.0,203,2,13,0,15,119,2,20
2,1,6.0,32,1,21,1,1,16,2,23
2,6,30.0,208,3,20,0,10,22,2,19
2,6,30.0,208,3,13,1,11,58,4,19
2,1,6.0,32,1,3,0,9,57,0,23
2,1,6.0,32,1,13,2,0,26,3,23
2,1,17.0,82,6,4,0,10,43,3,6
2,11,30.0,170,1,4,0,3,115,4,19
2,9,22.0,92,4,13,0,1,11,2,26
2,7,12.0,238,1,21,0,5,6,3,28
2,7,15.0,40,5,22,0,13,13,3,1
2,7,22.0,202,5,12,0,9,134,1,26
2,7,22.0,202,5,2,3,6,7,0,26
2,4,6.0,133,3,5,0,16,37,3,23
0,6,19.0,291,0,4,0,13,38,1,10
2,11,5.0,240,5,11,1,12,80,4,24
2,1,3.0,286,6,11,0,1,35,4,27
2,10,25.0,61,4,16,1,13,48,0,13
2,7,14.0,205,4,8,0,16,37,3,5
2,10,18.0,117,4,8,0,9,134,2,0
2,1,9.0,17,5,17,1,5,6,0,12
2,0,15.0,11,3,17,3,1,1,4,1
3,9,26.0,267,2,15,0,15,31,2,3
2,8,8.0,124,3,13,0,10,47,3,8
3,9,24.0,272,0,5,0,1,81,1,14
2,10,28.0,318,3,6,3,0,64,0,18
2,3,28.0,325,3,8,0,6,7,0,18
2,11,5.0,240,5,11,1,1,35,4,24
2,10,28.0,318,3,16,1,11,133,0,18
2,8,22.0,102,3,12,1,13,29,4,26
2,2,28.0,140,4,1,0,10,22,1,18
2,3,28.0,325,3,8,0,6,7,1,18
2,11,12.0,118,5,20,1,2,3,4,28
2,10,28.0,318,3,18,0,16,42,3,18
2,1,17.0,82,6,9,0,15,39,0,6
2,2,30.0,8,6,15,0,2,2,2,19
2,5,3.0,114,5,13,0,13,29,2,27
2,11,14.0,147,3,8,1,9,49,4,5
2,1,3.0,286,6,17,2,8,41,0,27
2,5,15.0,239,2,16,0,3,30,2,1
2,11,14.0,147,3,23,0,5,6,3,5
2,10,28.0,318,3,2,2,7,57,3,18
2,5,3.0,114,5,22,0,10,47,0,27
2,11,21.0,192,3,15,0,15,51,1,21
2,1,3.0,286,6,17,0,3,44,3,27
2,5,3.0,114,5,13,0,7,62,3,27
2,11,12.0,118,5,8,1,4,127,4,28
2,1,3.0,286,6,4,0,0,64,3,27
2,11,21.0,192,3,2,0,11,15,2,21
2,1,3.0,286,6,0,1,1,59,0,27
2,5,3.0,114,5,14,0,13,28,1,27
2,11,21.0,192,3,5,2,8,33,3,21
2,1,9.0,17,5,3,0,14,107,1,12
2,1,9.0,17,5,6,0,0,0,3,12
2,5,3.0,114,5,22,0,9,9,0,27
2,11,28.0,123,3,9,0,10,23,1,18
2,1,9.0,17,5,13,0,9,57,0,12
2,6,15.0,38,6,12,0,13,69,4,1
2,6,30.0,208,3,6,0,3,4,3,19
2,5,15.0,239,2,4,0,8,9,1,1
2,5,16.0,212,4,21,1,11,117,0,2
2,5,16.0,212,4,16,1,0,0,4,2
2,3,29.0,304,0,4,3,11,15,0,16
2,5,15.0,239,2,17,1,2,86,0,1
2,6,5.0,83,2,13,0,6,7,2,24
2,6,5.0,83,2,12,0,9,57,3,24
2,2,9.0,28,6,18,2,1,67,0,12
2,6,30.0,208,3,12,3,1,35,3,19
2,6,30.0,208,3,2,1,1,35,0,19
2,6,30.0,208,3,15,1,6,128,1,19
2,6,5.0,83,2,8,0,8,9,0,24
2,6,5.0,83,2,14,0,9,57,4,24
2,6,5.0,83,2,0,0,0,53,3,24
2,6,15.0,38,6,8,0,8,41,3,1
2,6,30.0,208,3,6,0,2,92,0,19
2,6,30.0,208,3,17,0,9,9,0,19
2,6,30.0,208,3,20,0,8,9,4,19
2,6,30.0,208,3,1,0,9,57,0,19
2,6,30.0,208,3,14,1,8,41,4,19
3,3,14.0,33,0,0,1,14,34,0,5
3,3,13.0,210,3,20,1,8,27,1,25
3,3,14.0,33,0,22,0,1,59,0,5
3,3,14.0,33,0,9,1,12,56,2,5
3,3,21.0,338,0,18,0,8,41,3,21
3,5,11.0,326,3,22,1,13,48,4,9
3,5,13.0,184,1,17,0,2,2,0,25
2,11,27.0,322,6,14,2,5,64,3,15
2,7,18.0,330,0,8,1,11,94,0,0
3,3,3.0,182,4,18,0,8,27,1,27
3,3,4.0,285,5,16,0,14,126,1,30
3,3,11.0,337,5,13,1,12,83,4,9
3,3,11.0,337,5,18,0,7,120,4,9
3,3,11.0,337,5,1,0,13,123,4,9
3,3,13.0,210,3,9,0,13,29,2,25
3,3,14.0,33,0,17,2,2,2,3,5
3,3,14.0,33,0,16,2,1,105,3,5
3,3,11.0,337,5,22,1,5,6,0,9
2,6,30.0,208,3,17,1,5,6,0,19
2,10,8.0,150,0,6,0,2,86,1,8
2,10,8.0,150,0,7,1,14,32,0,8
2,10,8.0,150,0,13,2,9,83,3,8
2,10,8.0,150,0,16,2,8,19,3,8
2,10,8.0,150,0,14,0,12,17,3,8
2,10,8.0,150,0,19,2,7,120,3,8
2,7,15.0,40,5,18,2,12,100,3,1
2,7,15.0,40,5,18,1,8,19,0,1
2,1,9.0,17,5,10,0,16,139,1,12
2,5,3.0,114,5,18,0,0,26,1,27
2,11,28.0,123,3,19,2,6,73,3,18
2,1,9.0,17,5,8,0,13,38,4,12
0,6,21.0,193,2,17,0,15,51,1,21
2,5,10.0,326,5,0,1,16,74,0,4
2,11,14.0,147,3,3,0,13,38,2,5
2,2,11.0,128,0,16,0,5,6,3,9
2,2,11.0,128,0,15,1,4,4,1,9
2,2,11.0,128,0,19,0,13,99,1,9
2,5,2.0,161,4,14,3,14,25,0,22
2,5,25.0,37,6,13,3,8,27,1,13
2,10,17.0,246,2,18,0,1,35,0,6
2,10,17.0,246,2,1,0,12,61,3,6
2,11,18.0,332,4,13,0,1,11,3,0
2,10,20.0,341,6,13,2,0,68,3,29
2,2,11.0,128,0,4,2,6,128,0,9
2,2,11.0,128,0,9,0,9,95,3,9
2,2,11.0,128,0,10,0,14,24,1,9
2,2,13.0,231,2,15,0,10,47,2,25
2,2,13.0,231,2,3,2,0,64,0,25
2,2,13.0,231,2,2,2,15,51,3,25
2,2,11.0,128,0,12,0,0,77,1,9
2,2,13.0,231,2,0,0,7,20,3,25
2,2,13.0,231,2,2,1,5,12,1,25
2,2,13.0,231,2,22,2,2,2,3,25
2,2,13.0,231,2,19,0,8,9,0,25
2,2,18.0,137,0,5,1,2,2,1,0
2,3,9.0,4,1,5,0,4,66,4,12
2,3,9.0,4,1,12,0,15,39,0,12
2,3,9.0,4,1,14,0,12,80,0,12
2,3,18.0,138,4,11,0,2,71,4,0
2,3,18.0,138,4,3,0,9,134,3,0
2,3,18.0,138,4,23,1,4,79,4,0
2,3,26.0,361,5,3,1,0,31,4,3
2,6,26.0,116,2,22,0,1,16,0,3
2,6,26.0,116,2,9,1,3,115,1,3
2,4,27.0,218,3,22,1,1,67,0,15
2,2,4.0,127,0,19,1,11,58,4,30
2,2,4.0,127,0,16,0,0,64,0,30
2,2,28.0,140,4,9,1,9,102,4,18
2,2,28.0,140,4,16,1,6,7,2,18
2,10,3.0,356,2,6,0,13,48,4,27
2,10,3.0,356,2,7,0,4,103,3,27
2,10,3.0,356,2,8,0,1,67,1,27
2,10,3.0,356,2,19,0,16,113,2,27
2,10,9.0,245,1,17,0,16,50,3,12
2,10,9.0,245,1,12,0,16,113,1,12
2,10,10.0,298,2,5,0,5,6,0,4
2,10,10.0,298,2,13,0,9,9,3,4
2,10,10.0,298,2,14,0,6,89,2,4
2,11,28.0,123,3,8,0,1,67,0,18
2,11,30.0,170,1,22,0,15,46,2,19
2,9,22.0,92,4,13,2,6,89,3,26
2,9,22.0,92,4,4,0,7,31,1,26
2,9,22.0,92,4,19,0,1,59,1,26
2,9,22.0,92,4,19,0,16,65,0,26
2,7,7.0,94,4,22,0,8,27,2,11
2,6,9.0,149,3,1,0,9,54,2,12
2,6,10.0,355,0,18,0,9,93,3,4
2,5,19.0,214,3,12,0,9,93,1,10
2,9,22.0,92,4,11,0,9,102,2,26
2,5,19.0,214,3,8,0,5,6,2,10
2,5,20.0,351,0,19,0,2,60,2,29
2,9,22.0,92,4,15,0,12,104,0,26
2,5,20.0,351,0,1,0,14,25,1,29
2,1,9.0,17,5,18,2,2,86,0,12
2,9,22.0,92,4,12,0,1,67,4,26
2,5,28.0,24,1,16,0,5,12,0,18
2,10,9.0,245,1,21,0,8,118,0,12
2,7,7.0,94,4,2,2,8,41,0,11
3,5,13.0,184,1,12,0,4,82,3,25
2,7,12.0,238,1,19,0,4,75,1,28
2,8,18.0,280,2,17,0,12,61,3,0
2,2,19.0,264,1,19,0,3,30,0,10
3,9,27.0,179,4,12,2,0,96,3,15
3,9,27.0,179,4,20,0,12,61,1,15
3,7,5.0,204,2,23,1,2,86,0,24
3,7,11.0,197,1,17,0,2,86,1,9
3,7,11.0,197,1,4,0,1,1,0,9
3,7,21.0,81,5,21,1,0,0,1,21
3,7,21.0,81,5,3,0,9,95,3,21
3,7,21.0,81,5,8,3,11,15,0,21
3,7,21.0,81,5,1,2,5,12,0,21
3,7,21.0,81,5,18,0,6,132,1,21
3,7,28.0,34,5,6,0,14,25,3,18
3,7,28.0,34,5,20,0,16,50,3,18
3,7,28.0,34,5,3,0,10,22,2,18
3,7,28.0,34,5,3,1,10,47,1,18
3,3,2.0,120,2,5,0,11,18,1,22
3,3,2.0,120,2,13,0,5,6,3,22
3,3,2.0,120,2,22,0,11,98,1,22
2,8,20.0,46,5,12,0,2,35,2,29
2,3,11.0,104,4,5,1,7,62,1,9
2,5,1.0,307,2,11,0,6,7,0,7
2,8,29.0,103,3,12,2,8,19,0,16
2,8,29.0,103,3,7,1,16,50,0,16
2,4,1.0,141,1,2,2,2,123,3,7
2,4,5.0,176,6,21,2,12,83,0,24
2,5,18.0,146,6,6,1,10,22,1,0
2,4,5.0,176,6,6,1,9,10,4,24
2,4,5.0,176,6,22,2,13,69,3,24
2,4,5.0,176,6,22,0,5,64,3,24
2,4,5.0,176,6,1,0,16,65,3,24
2,4,5.0,176,6,11,1,5,64,1,24
2,4,12.0,221,6,5,0,5,12,3,28
2,4,12.0,221,6,19,2,13,48,3,28
2,4,12.0,221,6,4,0,1,11,3,28
2,4,18.0,142,5,11,0,2,2,4,0
2,4,18.0,142,5,11,0,7,78,4,0
2,4,18.0,142,5,5,1,10,23,1,0
2,4,18.0,142,5,19,2,6,91,2,0
2,4,18.0,142,5,9,1,9,102,1,0
2,4,28.0,313,0,15,0,1,11,2,18
2,11,25.0,88,4,9,0,10,47,0,13
2,7,11.0,181,0,13,0,1,35,1,9
2,4,4.0,235,5,5,1,10,23,1,30
2,4,4.0,235,5,14,0,13,29,0,30
3,3,2.0,120,2,18,0,9,49,1,22
3,3,2.0,120,2,18,1,1,105,0,22
3,3,3.0,182,4,15,2,10,52,0,27
3,3,3.0,182,4,8,2,12,61,3,27
3,3,3.0,182,4,19,1,10,47,0,27
2,6,17.0,308,0,16,0,0,68,3,6
2,7,12.0,238,1,14,0,4,82,1,28
2,6,17.0,308,0,7,1,14,34,0,6
2,6,17.0,308,0,5,1,3,76,0,6
2,7,22.0,202,5,22,0,1,35,2,26
2,6,17.0,308,0,14,0,5,12,1,6
2,7,30.0,43,6,8,0,12,84,3,19
2,2,18.0,137,0,17,0,8,27,3,0
2,4,23.0,27,2,2,2,16,50,1,17
2,2,18.0,137,0,6,0,5,6,3,0
2,3,29.0,304,0,19,0,15,51,1,16
2,2,18.0,137,0,1,0,16,108,1,0
2,2,18.0,137,0,14,0,6,128,3,0
2,2,11.0,128,0,17,2,5,12,3,9
2,2,13.0,231,2,18,0,6,128,1,25
2,2,18.0,137,0,17,1,3,79,4,0
2,1,4.0,219,3,17,0,13,36,4,30
2,10,27.0,216,6,17,1,6,14,0,15
2,2,18.0,137,0,13,1,10,12,0,0
2,2,18.0,137,0,15,1,13,38,4,0
2,2,18.0,137,0,14,1,9,58,4,0
2,2,18.0,137,0,15,1,9,57,4,0
2,4,1.0,141,1,13,1,6,116,1,7
2,2,20.0,108,2,6,0,8,27,4,29
2,2,20.0,108,2,8,0,13,69,4,29
2,2,29.0,131,5,23,0,13,29,1,16
2,2,29.0,131,5,8,0,13,28,2,16
2,2,11.0,128,0,2,0,4,79,1,9
2,6,17.0,308,0,9,0,10,6,3,6
2,6,17.0,308,0,1,0,14,24,2,6
2,6,20.0,193,4,22,0,6,91,4,29
2,6,20.0,193,4,8,2,2,86,3,29
2,6,20.0,193,4,9,2,15,114,2,29
2,6,20.0,193,4,14,0,10,43,3,29
2,6,20.0,193,4,4,0,14,34,3,29
2,6,26.0,116,2,16,0,4,75,1,3
2,6,26.0,116,2,16,0,15,77,0,3
2,10,3.0,356,2,0,1,14,24,0,27
2,6,3.0,159,0,4,0,4,82,2,27
2,6,2.0,99,3,5,0,4,75,1,22
2,2,21.0,209,4,22,1,4,45,4,21
3,5,21.0,351,2,4,0,14,24,4,21
2,10,3.0,356,2,3,0,14,25,3,27
2,10,3.0,356,2,22,0,10,47,3,27
2,10,3.0,356,2,14,0,0,85,1,27
2,10,3.0,356,2,9,0,10,47,0,27
2,10,11.0,333,4,7,2,10,22,0,9
2,11,28.0,123,3,17,1,3,76,0,18
2,7,14.0,205,4,16,0,10,47,3,5
2,7,15.0,40,5,6,0,0,64,1,1
2,7,22.0,202,5,10,2,10,47,3,26
2,7,22.0,202,5,21,1,8,27,0,26
2,7,22.0,202,5,2,0,12,100,1,26
2,3,29.0,304,0,2,1,12,84,0,16
2,2,9.0,28,6,3,0,0,12,1,12
2,5,4.0,96,6,13,0,13,28,4,30
2,5,4.0,96,6,2,0,11,94,0,30
2,5,5.0,277,3,23,1,5,12,0,24
2,2,18.0,137,0,4,0,15,119,4,0
2,2,18.0,137,0,9,2,6,7,3,0
2,10,2.0,310,1,1,1,13,38,4,22
2,10,12.0,346,5,19,1,15,46,2,28
2,10,12.0,346,5,14,0,16,72,0,28
2,1,19.0,151,0,4,2,6,14,3,10
2,2,18.0,137,0,20,1,9,10,4,0
2,2,20.0,108,2,0,0,0,12,3,29
2,2,20.0,108,2,21,0,8,9,1,29
2,2,20.0,108,2,10,0,1,11,1,29
2,2,20.0,108,2,6,0,1,59,4,29
2,2,20.0,108,2,14,0,0,26,1,29
2,2,29.0,131,5,20,0,3,44,3,16
2,2,29.0,131,5,15,0,2,60,3,16
2,2,29.0,131,5,13,2,14,88,3,16
2,2,29.0,131,5,8,2,13,123,2,16
2,2,29.0,131,5,12,2,6,132,0,16
2,2,29.0,131,5,7,0,12,135,2,16
2,5,5.0,277,3,11,0,10,47,0,24
2,5,5.0,277,3,12,0,8,118,1,24
2,5,5.0,277,3,12,0,2,86,2,24
2,5,16.0,212,4,6,1,13,48,0,2
2,6,5.0,83,2,17,1,1,67,2,24
2,6,5.0,83,2,23,0,13,13,0,24
2,6,5.0,83,2,13,0,2,69,0,24
2,6,5.0,83,2,2,2,13,29,0,24
2,6,7.0,59,5,6,1,10,47,0,11
2,6,5.0,83,2,14,0,8,118,2,24
2,6,7.0,59,5,1,0,9,95,1,11
2,6,15.0,38,6,8,3,9,57,0,1
2,6,15.0,38,6,14,0,10,47,3,1
2,6,15.0,38,6,14,0,9,63,4,1
2,6,30.0,208,3,10,0,12,135,2,19
3,9,24.0,272,0,8,0,9,87,2,14
3,5,26.0,37,0,13,1,15,51,4,3
2,7,7.0,94,4,2,1,2,86,1,11
2,7,12.0,238,1,21,1,14,32,0,28
2,7,14.0,205,4,11,2,9,101,3,5
2,6,25.0,348,1,6,0,6,91,4,13
2,6,25.0,348,1,6,0,0,64,3,13
2,6,25.0,348,1,3,0,2,92,1,13
2,5,5.0,277,3,20,3,7,8,4,24
2,8,18.0,280,2,12,0,7,57,2,0
2,5,5.0,277,3,13,0,9,95,2,24
2,5,5.0,277,3,2,3,5,12,0,24
2,6,28.0,335,5,3,3,9,87,0,18
2,8,20.0,46,5,15,0,4,45,2,29
2,11,17.0,110,2,9,0,4,79,0,6
2,11,24.0,194,2,15,0,9,101,3,14
2,8,20.0,46,5,23,1,10,23,1,29
2,10,29.0,157,0,2,0,12,100,1,16
2,9,19.0,234,0,14,0,4,82,1,10
2,8,21.0,354,6,8,0,5,6,3,21
2,11,24.0,194,2,19,2,6,91,3,14
2,10,29.0,157,0,22,2,1,59,3,16
2,7,17.0,154,3,18,0,8,27,0,6
2,8,21.0,354,6,14,2,9,63,3,21
2,9,8.0,90,4,15,0,5,6,3,8
2,8,10.0,306,1,17,0,3,30,1,4
2,5,8.0,206,2,23,0,15,39,1,8
2,4,10.0,121,4,15,0,10,47,0,4
2,9,8.0,90,4,22,2,3,70,0,8
2,1,11.0,353,3,7,2,10,43,3,9
2,5,8.0,206,2,7,2,16,50,4,8
2,10,1.0,358,0,22,0,5,12,1,7
2,4,13.0,345,3,17,0,12,17,3,25
2,9,8.0,90,4,4,0,15,51,0,8
2,1,11.0,353,3,5,1,10,22,4,9
2,5,8.0,206,2,4,1,10,43,1,8
2,5,11.0,327,6,23,0,3,79,1,9
2,5,11.0,327,6,19,0,1,81,4,9
2,5,11.0,327,6,5,1,13,21,1,9
2,5,11.0,327,6,1,0,15,39,1,9
2,5,18.0,146,6,6,0,7,20,1,0
2,5,18.0,146,6,12,2,8,118,0,0
2,5,18.0,146,6,19,0,7,20,3,0
2,5,25.0,37,6,7,1,3,30,2,13
2,5,25.0,37,6,9,2,16,50,3,13
2,5,27.0,259,0,21,2,0,53,0,15
2,5,27.0,259,0,16,0,12,61,1,15
2,5,18.0,146,6,16,0,12,56,3,0
2,5,11.0,327,6,8,2,16,42,2,9
2,3,26.0,361,5,2,0,3,103,4,3
2,5,10.0,326,5,5,1,2,123,1,4
2,5,25.0,37,6,21,0,10,43,2,13
2,10,20.0,341,6,9,0,2,2,2,29
2,6,18.0,291,1,18,1,10,22,1,0
2,6,18.0,291,1,18,0,1,1,2,0
2,9,27.0,179,1,18,0,7,20,4,15
2,7,1.0,160,5,16,0,5,12,3,7
2,7,1.0,160,5,11,0,5,6,3,7
2,7,1.0,160,5,15,1,2,123,4,7
2,7,1.0,160,5,8,0,9,95,3,7
2,7,1.0,160,5,22,0,8,9,3,7
2,7,3.0,186,3,17,0,13,28,0,27
2,7,3.0,186,3,22,2,2,3,0,27
2,7,3.0,186,3,19,0,9,63,1,27
2,7,10.0,197,3,11,0,13,38,0,4
2,7,10.0,197,3,3,0,13,21,4,4
2,7,10.0,197,3,2,0,13,99,2,4
2,7,10.0,197,3,12,0,1,1,0,4
2,7,28.0,268,4,14,0,16,50,1,18
2,7,28.0,268,4,14,1,1,35,4,18
2,11,30.0,170,1,5,3,6,91,3,19
2,6,25.0,348,1,4,1,0,12,0,13
2,6,27.0,309,4,8,1,0,77,1,15
2,6,25.0,348,1,9,0,0,0,0,13
2,6,27.0,309,4,8,0,15,31,3,15
2,6,27.0,309,4,8,2,6,73,3,15
2,7,8.0,273,5,8,0,5,6,2,8
2,3,17.0,165,2,1,0,5,64,3,6
2,5,1.0,307,2,2,0,9,54,1,7
2,5,1.0,307,2,6,1,11,94,4,7
2,3,1.0,120,0,7,1,0,85,0,7
2,3,1.0,120,0,19,0,2,86,3,7
2,3,1.0,120,0,18,0,3,103,3,7
2,3,2.0,182,1,17,0,10,23,1,22
2,3,2.0,182,1,16,2,1,67,3,22
2,3,2.0,182,1,10,0,14,107,3,22
2,3,8.0,44,0,12,0,8,118,3,8
2,3,8.0,44,0,4,0,12,135,3,8
2,6,18.0,291,1,23,0,8,9,1,0
2,6,18.0,291,1,19,0,14,106,3,0
2,6,18.0,291,1,1,0,1,35,4,0
2,6,18.0,291,1,1,0,0,26,3,0
2,6,29.0,145,6,7,1,10,22,0,16
2,6,29.0,145,6,23,0,0,64,1,16
2,6,29.0,145,6,14,0,10,23,2,16
2,10,1.0,358,0,16,0,7,8,3,7
2,10,2.0,310,1,6,0,6,132,4,22
2,6,29.0,145,6,1,1,0,85,1,16
2,9,25.0,344,3,9,1,16,72,2,13
2,10,12.0,346,5,6,0,2,123,4,28
2,10,12.0,346,5,3,1,7,78,4,28
2,10,12.0,346,5,13,1,14,110,4,28
2,10,17.0,246,2,17,0,13,38,0,6
2,10,17.0,246,2,2,0,5,6,3,6
2,10,19.0,223,5,17,2,8,118,3,10
2,10,20.0,341,6,12,0,9,57,3,29
2,10,20.0,341,6,8,2,1,16,3,29
2,10,20.0,341,6,4,1,2,86,4,29
2,10,20.0,341,6,8,0,11,133,0,29
2,0,11.0,113,2,19,1,2,123,0,9
2,8,20.0,46,5,8,0,0,53,0,29
2,9,18.0,359,3,13,0,1,59,2,0
2,11,27.0,322,6,13,0,14,25,0,15
2,10,1.0,358,0,4,2,5,12,3,7
2,9,16.0,107,5,17,0,13,28,4,2
2,11,8.0,283,0,12,1,12,56,1,8
2,10,26.0,302,5,6,0,0,26,3,3
2,4,19.0,115,6,15,0,1,67,3,10
2,4,4.0,235,5,17,1,6,7,0,30
2,1,18.0,29,3,21,1,13,21,0,0
2,4,10.0,121,4,2,1,8,118,1,4
2,1,18.0,29,3,12,0,14,24,1,0
2,10,2.0,310,1,16,2,0,12,3,22
2,9,16.0,107,5,13,0,2,86,2,2
2,4,19.0,115,6,12,0,4,79,0,10
2,9,19.0,234,0,15,0,11,15,0,10
2,11,8.0,283,0,9,0,6,128,1,8
2,10,26.0,302,5,20,0,10,6,3,3
2,11,8.0,283,0,2,2,8,9,3,8
2,9,16.0,107,5,14,0,4,136,3,2
2,4,13.0,345,3,17,0,3,76,1,25
2,5,26.0,328,3,6,1,0,77,1,3
2,9,19.0,234,0,20,1,13,13,4,10
2,3,15.0,263,0,4,1,4,82,1,1
2,11,17.0,110,2,21,0,11,90,4,6
2,9,18.0,359,3,0,0,0,15,2,0
2,4,13.0,345,3,2,0,10,12,3,25
2,5,1.0,307,2,13,0,3,79,4,7
2,9,19.0,234,0,3,1,5,12,1,10
2,1,18.0,29,3,4,0,4,136,4,0
2,9,18.0,359,3,14,2,2,86,0,0
2,11,17.0,110,2,10,1,1,59,4,6
2,4,13.0,345,3,22,1,13,28,1,25
2,4,19.0,115,6,13,2,14,32,2,10
2,9,24.0,272,6,6,0,10,22,1,14
2,11,2.0,265,1,17,0,16,130,3,22
2,1,18.0,29,3,12,0,5,64,1,0
2,5,18.0,146,6,3,0,9,87,1,0
2,4,19.0,115,6,20,0,0,53,3,10
2,2,3.0,254,3,3,0,0,64,2,27
2,10,18.0,117,4,18,0,2,2,2,0
2,11,2.0,265,1,20,0,0,64,4,22
2,1,26.0,262,0,12,0,2,86,1,3
2,5,25.0,37,6,17,2,5,6,3,13
2,2,2.0,282,6,15,0,8,9,1,22
2,2,3.0,254,3,13,0,6,128,2,27
2,5,28.0,24,1,18,0,2,3,4,18
2,5,12.0,184,3,15,1,1,67,4,28
2,5,2.0,161,4,1,3,14,25,3,22
2,6,9.0,149,3,6,2,14,34,3,12
2,2,2.0,282,6,5,0,16,130,1,22
2,2,3.0,254,3,8,0,15,31,3,27
2,2,3.0,254,3,14,0,6,7,2,27
2,1,11.0,353,3,11,0,9,9,1,9
2,1,26.0,262,0,11,1,7,54,1,3
2,1,18.0,29,3,12,0,5,6,3,0
2,8,18.0,280,2,3,0,8,33,1,0
2,8,18.0,280,2,16,2,1,59,3,0
2,8,18.0,280,2,19,2,10,22,0,0
2,8,20.0,46,5,9,0,0,85,1,29
2,8,20.0,46,5,10,0,4,75,3,29
2,8,20.0,46,5,12,0,13,48,3,29
2,8,20.0,46,5,9,0,5,6,3,29
2,7,9.0,329,6,4,2,7,111,0,12
2,7,16.0,95,6,12,3,13,38,0,2
2,7,16.0,95,6,19,0,9,9,4,2
2,7,17.0,154,3,7,1,1,67,0,6
2,7,16.0,95,6,12,1,3,115,4,2
2,7,17.0,154,3,2,1,11,55,4,6
2,11,2.0,265,1,6,1,13,21,0,22
2,11,2.0,265,1,21,2,6,89,0,22
2,11,2.0,265,1,19,0,1,105,3,22
2,11,7.0,253,3,3,0,3,76,3,11
2,11,8.0,283,0,12,0,2,69,2,8
2,8,21.0,354,6,17,0,9,93,1,21
2,8,21.0,354,6,22,2,16,74,3,21
2,8,20.0,46,5,0,0,10,47,3,29
2,8,21.0,354,6,2,0,16,39,2,21
2,4,4.0,235,5,0,1,13,48,0,30
2,5,9.0,155,4,12,1,3,115,4,12
2,5,26.0,328,3,1,0,15,46,1,3
2,5,1.0,307,2,17,0,13,38,1,7
2,4,4.0,235,5,6,1,6,89,0,30
2,4,4.0,235,5,12,2,6,89,4,30
2,4,10.0,121,4,21,0,7,57,0,4
2,4,13.0,345,3,16,0,8,118,1,25
2,4,13.0,345,3,17,1,14,25,0,25
2,4,13.0,345,3,15,1,14,32,4,25
2,4,13.0,345,3,8,0,9,49,3,25
2,4,13.0,345,3,4,2,8,41,3,25
2,4,13.0,345,3,14,0,2,92,0,25
2,2,2.0,282,6,1,1,8,41,1,22
2,2,2.0,282,6,4,0,7,62,2,22
2,2,3.0,254,3,1,0,9,95,3,27
2,2,27.0,257,2,6,0,13,38,0,15
2,2,27.0,257,2,0,0,0,12,1,15
2,2,27.0,257,2,8,0,10,47,0,15
2,2,27.0,257,2,12,0,10,22,3,15
2,11,8.0,283,0,9,0,10,22,1,8
2,11,8.0,283,0,9,0,2,69,3,8
2,11,8.0,283,0,0,0,10,22,2,8
2,11,17.0,110,2,21,0,16,108,1,6
2,11,17.0,110,2,10,2,3,4,3,6
2,11,17.0,110,2,8,0,5,6,3,6
2,11,7.0,253,3,11,1,13,21,2,11
2,1,9.0,17,5,5,0,0,12,1,12
0,1,18.0,82,5,11,1,2,60,1,0
2,0,10.0,10,1,22,2,6,14,3,4
2,10,10.0,298,2,17,0,3,30,3,4
2,11,17.0,110,2,14,2,0,53,0,6
2,11,17.0,110,2,17,0,0,64,0,6
2,11,24.0,194,2,21,2,15,108,3,14
2,11,24.0,194,2,10,0,0,64,0,14
2,11,24.0,194,2,10,0,0,15,3,14
2,11,24.0,194,2,3,1,12,135,4,14
2,11,24.0,194,2,14,0,9,49,1,14
2,11,24.0,194,2,14,0,8,33,0,14
2,9,8.0,90,4,17,0,11,18,1,8
2,9,8.0,90,4,3,1,14,125,4,8
2,9,16.0,107,5,12,1,10,12,0,2
2,9,18.0,359,3,23,0,2,86,1,0
2,9,18.0,359,3,19,0,15,31,1,0
2,9,18.0,359,3,1,0,7,137,1,0
2,9,18.0,359,3,4,0,13,48,0,0
2,9,19.0,234,0,16,0,0,12,1,10
2,9,19.0,234,0,16,0,3,30,1,10
2,9,24.0,272,6,14,1,16,42,1,14
2,9,24.0,272,6,18,0,15,31,3,14
2,9,26.0,267,0,8,0,14,97,3,3
2,9,19.0,234,0,17,0,4,4,1,10
2,9,19.0,234,0,3,0,14,107,4,10
2,2,27.0,257,2,22,2,2,69,3,15
2,5,2.0,161,4,6,0,0,26,1,22
2,10,28.0,318,3,19,0,2,13,2,18
2,5,8.0,206,2,17,0,5,6,0,8
2,0,22.0,237,3,12,1,1,35,4,26
2,5,8.0,206,2,0,1,9,9,0,8
2,5,12.0,184,3,2,0,13,121,3,28
2,0,19.0,172,4,4,3,10,52,1,10
2,6,9.0,149,3,11,0,15,119,4,12
2,0,29.0,228,3,6,0,13,29,4,16
2,5,8.0,206,2,16,0,0,26,0,8
2,5,12.0,184,3,4,0,10,47,3,28
3,11,19.0,321,3,4,3,5,6,0,10
2,6,9.0,149,3,13,1,9,63,4,12
2,0,29.0,228,3,17,0,10,6,3,16
2,5,8.0,206,2,7,1,8,27,0,8
2,5,12.0,184,3,9,0,0,77,3,28
2,9,26.0,267,0,13,0,5,6,0,3
2,6,9.0,149,3,1,0,16,37,1,12
2,11,24.0,194,2,11,0,1,81,4,14
2,5,2.0,161,4,16,1,0,12,0,22
2,1,10.0,111,6,4,0,14,25,1,4
2,5,17.0,195,5,8,0,7,20,1,6
2,9,26.0,267,0,23,1,10,52,1,3
2,6,10.0,355,0,2,0,0,31,3,4
2,11,24.0,194,2,19,0,3,70,3,14
2,9,26.0,267,0,20,1,12,80,1,3
2,5,17.0,195,5,2,0,5,6,0,6
2,8,19.0,319,4,20,1,4,75,1,10
2,9,8.0,90,4,5,1,2,92,4,8
2,9,26.0,267,0,18,2,9,54,3,3
2,7,2.0,269,6,2,2,2,3,2,22
2,7,2.0,269,6,5,1,8,9,4,22
2,7,9.0,329,6,6,0,5,64,1,12
2,7,9.0,329,6,13,0,4,121,1,12
2,7,16.0,95,6,4,2,5,47,3,2
2,7,19.0,266,1,16,0,1,67,0,10
2,7,19.0,266,1,7,0,8,9,1,10
2,7,19.0,266,1,15,3,3,79,3,10
2,7,19.0,266,1,2,0,6,132,3,10
2,7,26.0,53,1,2,2,15,46,3,3
2,7,26.0,53,1,1,0,13,38,1,3
2,11,28.0,123,3,19,1,0,15,1,18
2,5,4.0,96,6,20,0,4,45,2,30
2,9,22.0,92,4,14,0,9,134,1,26
2,0,12.0,198,4,16,1,14,106,4,28
2,0,12.0,198,4,8,0,2,3,4,28
2,0,12.0,198,4,22,1,1,105,4,28
2,0,12.0,198,4,19,0,8,118,1,28
2,0,12.0,198,4,2,0,1,11,1,28
2,0,12.0,198,4,4,0,3,44,3,28
2,11,26.0,364,5,18,2,5,6,3,3
2,0,13.0,5,5,2,0,8,27,0,25
2,0,22.0,237,3,16,0,13,29,0,26
2,0,22.0,237,3,6,0,5,12,0,26
2,0,22.0,237,3,22,2,13,99,0,26
2,0,27.0,249,5,11,0,9,49,1,15
2,0,27.0,249,5,1,0,8,9,2,15
2,0,29.0,228,3,0,1,11,124,0,16
2,0,27.0,249,5,7,1,13,13,1,15
2,0,27.0,249,5,7,1,13,13,0,15
2,0,29.0,228,3,4,0,5,6,0,16
3,11,1.0,222,2,21,0,3,70,2,7
2,4,10.0,121,4,16,0,10,52,1,4
2,4,10.0,121,4,5,0,12,100,3,4
0,5,25.0,350,4,8,0,9,95,3,13
2,4,10.0,121,4,9,1,3,4,0,4
2,4,19.0,115,6,15,0,5,6,3,10
2,11,28.0,123,3,11,3,9,57,0,18
2,4,19.0,115,6,19,0,5,12,0,10
2,2,2.0,282,6,17,1,14,125,4,22
2,2,2.0,282,6,4,1,12,135,4,22
2,2,2.0,282,6,12,2,7,137,3,22
2,2,3.0,254,3,8,0,4,75,4,27
2,2,3.0,254,3,4,0,8,41,3,27
2,2,3.0,254,3,2,0,6,116,3,27
2,2,3.0,254,3,1,0,5,12,3,27
2,2,27.0,257,2,6,0,13,21,1,15
2,2,27.0,257,2,17,0,5,12,0,15
2,0,12.0,198,4,16,1,14,25,4,28
2,0,12.0,198,4,13,0,14,88,2,28
2,0,12.0,198,4,7,1,1,1,4,28
2,0,13.0,5,5,3,0,16,50,1,25
2,0,13.0,5,5,19,0,12,17,4,25
2,0,22.0,237,3,10,2,7,120,0,26
2,11,25.0,88,4,20,1,14,24,1,13
2,0,22.0,237,3,0,2,13,21,4,26
3,11,1.0,222,2,11,0,3,79,1,7
3,11,1.0,222,2,2,0,15,96,3,7
2,11,20.0,340,6,13,1,0,53,1,29
2,3,7.0,148,3,11,1,13,29,1,11
2,3,13.0,33,6,8,2,9,134,3,25
2,9,20.0,119,1,2,1,13,69,4,29
2,5,7.0,199,1,9,2,5,6,0,11
2,7,26.0,53,1,2,0,12,84,1,3
2,7,27.0,34,2,16,0,15,96,1,15
2,7,27.0,34,2,16,0,0,26,0,15
2,7,27.0,34,2,21,0,8,41,1,15
2,7,27.0,34,2,21,0,10,30,3,15
2,7,27.0,34,2,22,0,9,49,1,15
2,3,3.0,285,2,8,0,14,34,1,27
2,3,3.0,285,2,19,2,3,30,3,27
2,3,9.0,4,1,13,0,10,23,3,12
2,3,18.0,138,4,19,0,0,53,3,0
2,3,26.0,361,5,21,2,12,56,1,3
2,3,26.0,361,5,3,0,12,61,2,3
2,3,26.0,361,5,8,2,10,47,3,3
2,3,26.0,361,5,19,0,8,9,4,3
2,3,26.0,361,5,14,0,14,25,1,3
2,6,12.0,317,2,8,0,2,69,4,28
2,8,19.0,319,4,17,1,4,45,4,10
0,8,1.0,66,5,17,0,9,134,3,7
2,5,11.0,327,6,23,0,4,127,4,9
2,6,9.0,149,3,18,0,7,31,1,12
2,6,12.0,317,2,19,0,3,103,3,28
2,6,18.0,291,1,6,0,3,44,3,0
2,9,16.0,107,5,13,3,4,121,2,2
2,5,11.0,327,6,14,0,5,64,3,9
2,9,16.0,107,5,4,2,1,105,3,2
2,6,12.0,317,2,2,2,5,12,3,28
2,6,18.0,291,1,0,0,8,9,4,0
2,5,11.0,327,6,18,2,0,0,3,9
2,9,18.0,359,3,0,0,5,6,3,0
2,6,18.0,291,1,6,0,0,53,0,0
2,5,18.0,146,6,14,0,13,36,4,0
2,5,18.0,146,6,0,0,2,40,2,0
2,5,25.0,37,6,0,1,16,37,0,13
2,5,25.0,37,6,22,0,4,82,3,13
2,5,27.0,259,0,10,1,11,15,1,15
2,5,27.0,259,0,12,2,13,48,3,15
2,5,2.0,161,4,14,2,0,15,3,22
2,5,8.0,206,2,6,0,0,12,3,8
2,5,8.0,206,2,7,1,4,66,0,8
2,1,26.0,262,0,1,0,15,31,4,3
2,1,26.0,262,0,18,1,8,27,4,3
2,8,18.0,280,2,12,0,0,31,2,0
2,8,18.0,280,2,14,0,2,86,3,0
2,8,18.0,280,2,12,0,15,31,0,0
2,8,18.0,280,2,17,0,12,84,1,0
2,8,18.0,280,2,9,0,2,13,3,0
2,8,20.0,46,5,11,3,6,7,0,29
2,8,20.0,46,5,12,0,8,27,2,29
2,8,21.0,354,6,8,3,9,134,4,21
2,8,18.0,280,2,19,0,14,24,2,0
2,4,4.0,235,5,2,0,13,38,2,30
2,4,4.0,235,5,15,1,14,25,4,30
2,4,4.0,235,5,18,2,13,48,3,30
2,4,10.0,121,4,17,0,0,64,0,4
2,4,10.0,121,4,0,0,14,24,1,4
2,4,10.0,121,4,2,0,8,41,3,4
2,4,13.0,345,3,3,0,0,64,0,25
2,4,13.0,345,3,20,1,12,80,4,25
2,4,19.0,115,6,6,2,5,6,0,10
2,4,19.0,115,6,12,0,12,104,4,10
2,2,2.0,282,6,21,1,16,65,0,22
2,2,2.0,282,6,15,1,14,125,4,22
0,10,1.0,208,6,19,0,2,86,4,7
2,11,26.0,364,5,15,2,13,69,2,3
2,6,27.0,309,4,15,0,2,92,1,15
2,11,27.0,322,6,4,1,15,114,4,15
2,6,27.0,309,4,12,0,14,32,0,15
2,6,27.0,309,4,8,3,5,12,0,15
2,6,27.0,309,4,20,1,0,77,1,15
2,6,28.0,335,5,3,0,8,65,4,18
2,10,29.0,157,0,0,2,2,86,0,16
2,1,11.0,353,3,9,0,2,92,1,9
2,1,11.0,353,3,18,2,8,9,3,9
2,1,18.0,29,3,17,0,12,104,4,0
2,1,18.0,29,3,23,0,3,76,3,0
2,8,18.0,280,2,11,0,16,37,3,0
2,8,20.0,46,5,13,0,10,22,3,29
2,8,20.0,46,5,10,1,3,70,0,29
2,8,20.0,46,5,13,0,9,9,2,29
2,8,21.0,354,6,19,0,6,91,1,21
2,8,21.0,354,6,9,2,14,25,3,21
2,4,4.0,235,5,11,0,9,27,2,30
2,4,4.0,235,5,14,1,13,28,4,30
2,5,26.0,328,3,23,0,12,104,1,3
2,5,26.0,328,3,19,0,5,64,3,3
2,6,11.0,162,1,9,2,2,123,3,9
2,6,12.0,317,2,16,0,0,12,3,28
2,6,12.0,317,2,4,1,9,95,4,28
2,6,19.0,215,2,16,2,1,35,3,10
2,9,19.0,234,0,8,0,10,22,0,10
2,8,27.0,224,5,18,0,10,43,1,15
2,6,19.0,215,2,16,0,5,12,0,10
2,10,2.0,310,1,0,0,15,46,3,22
2,9,19.0,234,0,2,0,10,22,0,10
2,10,2.0,310,1,4,0,12,61,1,22
2,3,30.0,109,1,14,0,15,31,1,19
2,9,24.0,272,6,21,1,8,9,0,14
2,6,19.0,215,2,7,1,6,14,1,10
2,7,1.0,160,5,17,1,11,94,4,7
2,10,2.0,310,1,18,0,14,110,2,22
2,9,26.0,267,0,15,0,13,48,1,3
2,6,19.0,215,2,8,0,8,27,3,10
2,6,18.0,291,1,20,0,4,5,1,0
2,6,18.0,291,1,3,0,2,92,0,0
2,6,18.0,291,1,14,0,10,30,3,0
2,6,18.0,291,1,13,1,0,31,4,0
2,6,29.0,145,6,3,0,0,64,3,16
2,6,29.0,145,6,4,0,9,27,3,16
3,11,27.0,322,0,7,1,5,6,0,15
3,11,27.0,322,0,8,3,2,92,2,15
3,11,30.0,170,4,4,1,12,17,4,19
3,9,2.0,323,3,0,1,14,25,0,22
3,9,2.0,323,3,15,2,2,2,0,22
3,9,2.0,323,3,8,0,14,25,3,22
3,9,2.0,323,3,15,1,8,41,4,22
3,9,2.0,323,3,20,1,9,95,4,22
3,9,5.0,89,2,15,2,10,47,2,24
3,9,5.0,89,2,15,0,11,98,0,24
2,10,29.0,157,0,9,0,8,41,1,16
2,1,11.0,353,3,11,1,3,44,2,9
2,1,11.0,353,3,8,0,7,137,3,9
2,1,18.0,29,3,12,0,8,9,3,0
2,1,18.0,29,3,18,2,5,47,2,0
2,1,26.0,262,0,13,0,10,52,0,3
2,1,26.0,262,0,2,0,16,37,1,3
2,8,18.0,280,2,9,0,6,7,4,0
2,8,18.0,280,2,18,0,2,2,1,0
2,8,20.0,46,5,3,0,0,77,2,29
2,8,20.0,46,5,22,0,8,9,2,29
2,8,20.0,46,5,18,0,0,68,3,29
2,8,21.0,354,6,15,0,3,44,3,21
2,8,21.0,354,6,15,0,1,59,4,21
2,9,8.0,90,4,9,0,9,101,1,8
2,9,16.0,107,5,3,1,2,40,1,2
2,9,16.0,107,5,1,0,9,134,1,2
2,9,18.0,359,3,9,0,14,25,3,0
2,9,18.0,359,3,18,2,9,49,3,0
2,9,19.0,234,0,5,0,13,38,2,10
2,9,19.0,234,0,8,0,16,130,3,10
2,9,19.0,234,0,12,0,6,89,2,10
2,9,19.0,234,0,18,0,16,130,3,10
2,2,21.0,209,4,13,3,4,5,3,21
2,11,27.0,322,6,18,0,1,67,1,15
2,1,9.0,17,5,18,1,14,32,4,12
2,1,9.0,17,5,16,1,11,94,4,12
2,9,19.0,234,0,1,0,6,7,3,10
2,9,26.0,267,0,15,0,13,38,1,3
2,7,2.0,269,6,10,2,9,54,3,22
2,7,9.0,329,6,8,2,0,68,2,12
2,7,9.0,329,6,3,0,14,34,4,12
2,6,29.0,145,6,9,0,15,39,1,16
2,6,29.0,145,6,1,2,1,35,3,16
2,6,29.0,145,6,11,1,12,80,1,16
2,10,1.0,358,0,17,1,11,15,0,7
2,10,1.0,358,0,11,1,14,24,4,7
2,10,1.0,358,0,12,0,13,99,4,7
2,10,1.0,358,0,14,0,7,20,4,7
2,10,2.0,310,1,14,0,1,35,1,22
2,10,2.0,310,1,18,0,1,35,4,22
2,10,12.0,346,5,11,0,13,21,1,28
2,10,12.0,346,5,12,0,12,17,2,28
2,10,17.0,246,2,17,0,9,57,0,6
2,10,17.0,246,2,6,0,0,53,3,6
2,10,19.0,223,5,10,1,1,16,1,10
2,10,20.0,341,6,16,2,14,88,3,29
2,0,5.0,260,4,1,0,5,12,3,24
2,10,19.0,223,5,9,1,2,2,0,10
2,10,20.0,341,6,3,0,13,36,2,29
2,9,26.0,267,0,22,2,13,123,2,3
2,3,22.0,57,0,21,1,15,31,0,26
2,6,25.0,348,1,5,0,4,82,1,13
2,6,25.0,348,1,12,0,2,69,3,13
0,0,31.0,290,3,14,1,2,86,0,20
2,6,29.0,145,6,2,1,1,16,4,16
2,7,9.0,329,6,17,0,15,31,0,12
2,11,15.0,331,0,15,1,0,0,1,1
2,5,25.0,37,6,5,3,3,30,0,13
0,2,17.0,6,5,1,0,10,23,2,6
2,6,25.0,348,1,4,1,11,90,1,13
2,9,3.0,217,6,17,1,3,79,1,27
2,10,17.0,246,2,23,0,13,36,2,6
2,10,17.0,246,2,13,0,13,48,3,6
2,10,17.0,246,2,12,1,8,9,1,6
2,10,17.0,246,2,13,0,0,85,0,6
2,10,19.0,223,5,13,0,6,89,0,10
2,10,20.0,341,6,6,0,5,6,0,29
2,10,19.0,223,5,22,0,0,12,0,10
2,10,20.0,341,6,13,0,6,88,3,29
2,10,20.0,341,6,4,2,14,97,3,29
2,10,20.0,341,6,14,2,16,50,1,29
2,10,20.0,341,6,18,2,0,26,3,29
2,2,2.0,282,6,6,1,14,125,2,22
2,2,2.0,282,6,15,1,13,48,4,22
2,2,3.0,254,3,2,0,9,93,4,27
2,2,3.0,254,3,1,1,9,102,4,27
2,2,27.0,257,2,6,0,8,118,1,15
2,2,27.0,257,2,20,0,6,7,2,15
2,2,27.0,257,2,21,0,1,1,1,15
2,2,27.0,257,2,15,0,2,2,3,15
2,0,12.0,198,4,17,2,2,60,3,28
2,0,13.0,5,5,0,2,8,27,3,25
2,9,17.0,255,6,6,0,11,98,4,6
2,0,22.0,237,3,20,0,12,61,3,26
2,0,22.0,237,3,14,0,6,91,4,26
2,0,22.0,237,3,23,1,1,35,4,26
2,0,29.0,228,3,6,2,5,64,3,16
3,11,1.0,222,2,21,0,14,32,1,7
3,11,1.0,222,2,4,0,2,40,3,7
3,11,1.0,222,2,1,2,15,31,0,7
3,11,1.0,222,2,6,0,15,39,0,7
3,11,4.0,275,6,5,0,14,32,0,30
3,11,4.0,275,6,19,2,6,7,3,30
3,11,12.0,118,3,16,1,15,51,0,28
2,10,18.0,117,4,11,0,13,38,0,0
2,10,10.0,298,2,17,0,2,2,1,4
2,10,11.0,333,4,2,1,3,103,0,9
2,11,2.0,265,1,2,0,9,49,4,22
2,11,2.0,265,1,0,1,7,31,1,22
2,11,7.0,253,3,7,0,1,67,0,11
2,11,7.0,253,3,12,0,2,13,2,11
2,11,7.0,253,3,14,0,9,57,0,11
2,11,7.0,253,3,18,0,13,69,1,11
2,11,8.0,283,0,7,1,0,85,0,8
2,11,7.0,253,3,22,0,6,128,4,11
2,11,8.0,283,0,2,0,10,22,3,8
2,11,8.0,283,0,14,1,12,80,1,8
2,11,17.0,110,2,15,1,15,51,2,6
2,11,24.0,194,2,11,0,11,133,2,14
2,9,8.0,90,4,20,0,7,111,1,8
2,9,8.0,90,4,20,1,1,59,4,8
2,9,8.0,90,4,18,0,10,47,3,8
2,11,17.0,110,2,14,0,6,14,1,6
2,11,17.0,110,2,18,0,2,13,4,6
2,11,24.0,194,2,0,2,14,25,3,14
2,11,24.0,194,2,20,0,7,62,3,14
2,10,20.0,341,6,12,0,5,6,3,29
2,10,26.0,302,5,17,0,1,35,4,3
2,10,26.0,302,5,18,0,12,121,3,3
2,10,27.0,216,6,6,1,14,25,0,15
2,10,27.0,216,6,7,1,15,119,0,15
2,10,26.0,302,5,19,1,0,12,1,3
2,10,27.0,216,6,18,0,15,31,4,15
2,1,1.0,171,4,6,1,14,25,0,7
2,1,1.0,171,4,20,2,3,30,2,7
2,1,1.0,171,4,15,0,0,77,3,7
2,1,1.0,171,4,9,1,14,25,0,7
2,1,2.0,188,5,7,3,4,127,1,22
2,1,2.0,188,5,7,1,0,64,0,22
2,1,4.0,219,3,6,2,1,1,2,30
2,6,9.0,149,3,8,0,0,77,3,12
2,6,9.0,149,3,2,0,14,125,3,12
2,6,9.0,149,3,12,0,4,82,3,12
2,6,9.0,149,3,1,0,12,100,4,12
2,6,10.0,355,0,6,1,1,67,0,4
2,6,10.0,355,0,20,0,14,131,2,4
2,6,18.0,291,1,19,0,9,101,0,0
3,11,20.0,340,0,8,1,4,82,1,29
3,11,20.0,340,0,9,1,14,34,4,29
2,7,9.0,329,6,11,2,14,88,2,12
2,7,4.0,204,0,12,3,8,27,4,30
2,7,9.0,329,6,17,2,10,22,3,12
2,6,25.0,348,1,15,1,11,18,1,13
2,7,16.0,95,6,13,2,6,7,2,2
2,7,16.0,95,6,8,0,6,128,1,2
2,10,18.0,117,4,4,1,6,73,2,0
2,6,26.0,116,2,20,1,10,47,0,3
3,11,19.0,321,3,4,1,5,6,1,10
2,6,29.0,145,6,22,0,6,132,3,16
2,6,29.0,145,6,2,0,14,25,2,16
2,10,1.0,358,0,20,0,1,59,2,7
2,10,1.0,358,0,16,1,14,24,4,7
2,10,1.0,358,0,8,0,11,117,1,7
2,10,2.0,310,1,6,0,11,94,1,22
2,10,2.0,310,1,16,0,11,15,3,22
2,10,2.0,310,1,12,0,4,45,0,22
2,4,12.0,221,6,22,0,0,26,3,28
2,4,18.0,142,5,1,3,2,2,0,0
2,4,18.0,142,5,8,1,11,117,0,0
2,0,21.0,241,6,4,1,3,115,0,21
2,10,2.0,310,1,4,2,13,38,3,22
2,10,12.0,346,5,17,0,13,28,1,28
2,10,12.0,346,5,11,0,4,121,2,28
2,9,17.0,255,6,9,0,12,61,3,6
2,10,12.0,346,5,3,0,13,99,4,28
2,5,8.0,206,2,0,1,8,9,0,8
2,5,8.0,206,2,10,1,3,103,0,8
2,5,8.0,206,2,5,0,12,80,1,8
2,5,11.0,327,6,17,0,6,7,0,9
2,0,29.0,228,3,0,0,5,12,1,16
2,0,27.0,249,5,7,1,13,13,1,15
3,11,1.0,222,2,16,0,0,53,0,7
3,11,1.0,222,2,21,2,2,2,3,7
3,11,1.0,222,2,21,0,15,112,3,7
3,11,1.0,222,2,10,0,15,85,1,7
3,11,1.0,222,2,7,2,4,4,2,7
3,11,1.0,222,2,10,1,9,57,0,7
3,11,4.0,275,6,23,0,5,6,0,30
3,11,4.0,275,6,4,0,13,21,1,30
3,11,4.0,275,6,16,1,10,22,2,30
3,11,12.0,118,3,20,0,4,45,1,28
3,11,20.0,340,0,17,0,13,48,1,29
0,10,1.0,208,6,17,0,6,89,4,7
3,11,20.0,340,0,7,0,3,44,1,29
3,11,20.0,340,0,2,0,1,59,0,29
3,11,26.0,364,3,16,0,9,9,4,3
3,11,26.0,364,3,3,0,9,27,3,3
3,11,26.0,364,3,19,0,9,49,1,3
3,11,27.0,322,0,17,1,7,62,4,15
3,11,27.0,322,0,16,0,15,108,1,15
3,11,27.0,322,0,0,0,5,6,0,15
3,11,27.0,322,0,17,1,4,4,0,15
3,11,27.0,322,0,20,0,11,129,3,15
2,11,2.0,265,1,21,0,0,53,3,22
2,11,2.0,265,1,12,1,2,40,4,22
2,11,2.0,265,1,9,2,10,6,3,22
2,11,7.0,253,3,6,0,7,120,3,11
2,10,10.0,298,2,14,3,6,7,2,4
2,4,3.0,178,4,9,1,13,13,0,27
2,6,25.0,348,1,14,0,10,43,3,13
2,10,28.0,318,3,2,0,10,47,1,18
2,3,10.0,337,2,22,0,2,92,0,4
2,11,27.0,322,6,18,1,10,47,1,15
2,10,27.0,216,6,23,0,3,30,0,15
2,3,11.0,104,4,16,0,3,76,1,9
2,3,11.0,104,4,6,0,4,79,3,9
2,3,10.0,337,2,6,1,11,133,0,4
2,3,11.0,104,4,4,0,0,77,4,9
2,3,20.0,338,6,16,1,3,30,1,29
2,3,20.0,338,6,8,1,9,93,1,29
2,3,20.0,338,6,15,1,4,5,1,29
2,3,20.0,338,6,1,1,0,26,1,29
2,3,27.0,187,6,6,2,0,64,3,15
2,3,27.0,187,6,20,0,9,63,1,15
2,3,27.0,187,6,19,0,16,42,1,15
2,3,27.0,187,6,14,0,6,89,0,15
2,3,27.0,187,6,12,0,2,2,0,15
2,3,27.0,187,6,1,0,5,6,0,15
2,5,1.0,307,2,18,1,11,133,0,7
2,5,1.0,307,2,12,0,15,37,0,7
2,3,8.0,44,0,13,0,9,101,4,8
2,5,9.0,155,4,14,2,1,11,3,12
2,5,12.0,184,3,0,0,7,20,3,28
2,10,26.0,302,5,5,1,0,15,4,3
2,10,26.0,302,5,5,0,11,133,3,3
2,10,26.0,302,5,14,0,6,89,1,3
2,5,18.0,146,6,6,1,10,43,0,0
2,5,18.0,146,6,19,0,10,47,3,0
2,5,25.0,37,6,11,0,15,119,2,13
2,5,25.0,37,6,13,0,13,38,2,13
2,5,25.0,37,6,19,0,13,29,2,13
2,5,25.0,37,6,2,2,11,54,2,13
2,5,27.0,259,0,3,0,1,35,0,15
2,5,27.0,259,0,3,0,2,2,4,15
2,6,9.0,149,3,21,0,10,52,3,12
2,6,9.0,149,3,8,0,9,10,0,12
2,6,10.0,355,0,6,1,13,48,0,4
2,6,10.0,355,0,16,0,10,6,3,4
2,6,10.0,355,0,15,0,14,32,3,4
2,6,29.0,145,6,13,0,5,12,3,16
2,10,2.0,310,1,16,0,0,85,0,22
2,10,2.0,310,1,13,0,6,89,4,22
2,11,7.0,253,3,2,0,6,89,3,11
2,11,7.0,253,3,20,1,13,38,4,11
2,11,7.0,253,3,18,0,10,22,3,11
2,11,8.0,283,0,2,2,7,111,0,8
2,11,8.0,283,0,18,2,6,7,3,8
2,11,8.0,283,0,9,0,3,76,3,8
2,11,17.0,110,2,5,1,15,46,0,6
2,5,19.0,214,3,9,3,1,35,3,10
2,6,20.0,193,4,8,2,1,59,3,29
1,6,29.0,335,2,11,1,6,91,1,16
2,2,30.0,8,6,1,1,13,38,0,19
2,11,17.0,110,2,2,0,2,71,3,6
2,11,17.0,110,2,8,0,6,7,0,6
2,10,12.0,346,5,17,1,12,100,2,28
2,0,21.0,241,6,18,0,6,7,1,21
3,11,2.0,265,4,12,0,14,107,4,22
3,11,2.0,265,4,18,0,0,26,1,22
2,9,11.0,52,3,13,1,5,12,2,9
2,9,1.0,126,4,17,3,0,96,4,7
2,9,2.0,323,5,20,0,2,2,1,22
2,10,17.0,246,2,12,0,0,77,3,6
2,10,17.0,246,2,12,0,13,36,3,6
2,10,17.0,246,2,14,0,13,99,1,6
2,10,19.0,223,5,20,1,1,67,4,10
2,10,19.0,223,5,14,0,15,114,3,10
2,10,19.0,223,5,13,1,1,59,4,10
2,10,20.0,341,6,17,2,13,79,3,29
2,10,26.0,302,5,19,1,1,35,4,3
2,10,26.0,302,5,9,1,12,56,4,3
2,10,26.0,302,5,2,1,9,83,1,3
2,10,26.0,302,5,14,0,4,82,1,3
2,10,27.0,216,6,10,2,16,50,2,15
2,10,27.0,216,6,19,0,10,22,1,15
2,11,17.0,110,2,2,0,5,6,2,6
0,8,19.0,280,1,19,0,11,90,2,10
2,1,1.0,171,4,17,2,15,46,3,7
2,7,8.0,273,5,11,0,7,111,0,8
2,7,18.0,330,0,6,1,9,10,4,0
2,1,2.0,188,5,1,0,15,46,3,22
2,7,18.0,330,0,8,0,0,26,1,0
2,1,1.0,171,4,17,0,8,41,2,7
2,7,25.0,316,0,22,0,3,76,1,13
2,9,1.0,126,4,17,0,0,0,4,7
2,3,1.0,120,0,17,1,10,23,1,7
2,1,4.0,219,3,19,0,7,20,3,30
2,3,1.0,120,0,16,0,8,118,3,7
2,1,4.0,219,3,4,0,0,53,0,30
2,6,27.0,309,4,3,0,5,6,0,15
2,1,4.0,219,3,13,1,7,129,1,30
2,5,2.0,161,4,20,0,2,86,1,22
2,1,10.0,111,6,6,0,12,61,3,4
2,5,2.0,161,4,2,2,6,89,3,22
2,5,8.0,206,2,5,0,13,21,1,8
2,5,8.0,206,2,8,0,15,112,1,8
2,5,11.0,327,6,20,2,16,50,4,9
2,5,11.0,327,6,3,3,2,69,0,9
2,8,27.0,224,5,11,0,5,6,2,15
2,5,8.0,206,2,20,0,11,15,1,8
2,5,8.0,206,2,0,0,11,133,1,8
2,5,8.0,206,2,4,2,8,118,3,8
2,5,8.0,206,2,14,1,13,48,4,8
2,5,8.0,206,2,1,0,13,21,3,8
2,5,11.0,327,6,4,0,13,36,0,9
2,5,11.0,327,6,12,1,13,38,1,9
2,5,18.0,146,6,16,0,11,6,2,0
2,5,27.0,259,0,16,1,9,54,4,15
2,5,27.0,259,0,2,0,1,59,1,15
2,6,9.0,149,3,17,0,6,91,1,12
2,6,27.0,309,4,2,0,11,90,0,15
2,6,27.0,309,4,14,0,6,89,0,15
2,6,27.0,309,4,18,2,5,47,3,15
2,6,27.0,309,4,17,0,7,20,4,15
2,6,28.0,335,5,13,1,12,56,4,18
2,6,28.0,335,5,9,0,16,50,1,18
2,6,28.0,335,5,9,2,6,132,3,18
2,6,28.0,335,5,7,3,11,90,0,18
2,10,29.0,157,0,4,0,12,17,3,16
2,1,11.0,353,3,23,0,14,34,2,9
2,1,11.0,353,3,21,2,5,6,3,9
2,1,11.0,353,3,13,0,11,18,3,9
2,1,11.0,353,3,12,2,2,92,3,9
2,1,11.0,353,3,6,1,4,127,4,9
2,1,18.0,29,3,17,0,8,41,1,0
2,1,18.0,29,3,13,0,1,35,4,0
2,6,9.0,149,3,10,1,5,64,0,12
2,6,9.0,149,3,3,0,2,123,2,12
2,6,9.0,149,3,3,0,10,22,1,12
2,6,9.0,149,3,18,0,6,7,2,12
2,6,9.0,149,3,9,0,12,56,3,12
2,6,9.0,149,3,17,1,1,67,0,12
2,6,10.0,355,0,6,1,1,67,0,4
2,6,10.0,355,0,19,0,5,12,3,4
2,6,10.0,355,0,14,0,15,31,4,4
2,6,10.0,355,0,2,1,12,56,4,4
2,6,10.0,355,0,18,0,16,72,1,4
2,3,16.0,54,1,4,0,2,13,1,2
2,3,16.0,54,1,1,0,10,22,3,2
2,3,16.0,54,1,14,0,1,1,1,2
2,3,19.0,105,5,11,0,5,6,2,10
2,3,19.0,105,5,5,0,3,79,1,10
2,3,25.0,343,4,4,1,14,25,1,13
2,5,2.0,161,4,16,1,5,12,0,22
2,1,18.0,29,3,2,0,8,19,3,0
2,1,18.0,29,3,12,0,8,27,0,0
2,6,27.0,309,4,19,0,8,118,1,15
2,6,27.0,309,4,1,0,9,95,0,15
2,6,27.0,309,4,18,0,13,99,3,15
2,6,27.0,309,4,13,1,0,77,1,15
2,6,27.0,309,4,5,2,4,66,3,15
2,6,28.0,335,5,9,0,0,77,3,18
2,10,2.0,310,1,17,0,6,14,4,22
2,5,27.0,259,0,4,1,9,54,4,15
2,6,9.0,149,3,5,0,5,6,2,12
2,6,9.0,149,3,1,2,1,35,3,12
2,6,10.0,355,0,15,0,9,63,3,4
2,6,10.0,355,0,4,2,8,41,3,4
2,6,18.0,291,1,22,0,13,48,3,0
2,4,12.0,221,6,19,1,4,75,0,28
2,4,12.0,221,6,14,1,7,111,0,28
2,6,29.0,145,6,8,0,7,111,1,16
2,6,29.0,145,6,3,0,16,37,2,16
2,6,27.0,309,4,21,1,11,15,0,15
2,6,27.0,309,4,18,0,13,21,3,15
2,6,27.0,309,4,9,1,11,133,4,15
2,6,28.0,335,5,15,0,5,12,3,18
2,6,28.0,335,5,3,0,11,133,0,18
2,6,27.0,309,4,3,3,12,56,0,15
2,6,27.0,309,4,4,3,9,83,4,15
2,10,29.0,157,0,4,2,8,118,3,16
2,3,1.0,120,0,18,3,7,120,2,7
2,10,29.0,157,0,3,0,2,92,2,16
2,10,29.0,157,0,12,0,4,75,3,16
2,1,11.0,353,3,16,2,5,12,3,9
2,1,11.0,353,3,2,0,10,47,3,9
2,1,11.0,353,3,3,1,9,134,1,9
2,1,11.0,353,3,19,0,10,47,3,9
2,11,7.0,253,3,11,0,6,7,4,11
2,11,7.0,253,3,0,1,4,4,2,11
2,11,8.0,283,0,13,0,9,93,1,8
2,11,8.0,283,0,12,1,14,88,4,8
2,11,8.0,283,0,1,0,4,76,3,8
2,3,18.0,138,4,12,3,6,7,0,0
2,3,18.0,138,4,13,0,0,26,2,0
0,4,7.0,133,6,17,3,14,110,0,11
0,2,18.0,7,6,17,1,9,134,4,0
2,0,20.0,287,5,1,3,10,22,1,29
2,0,28.0,191,6,1,1,13,123,4,18
2,0,19.0,172,4,2,0,16,113,1,10
2,11,17.0,110,2,2,2,14,88,2,6
2,11,2.0,265,1,23,2,1,59,4,22
0,8,27.0,78,2,13,0,5,12,0,15
2,10,28.0,318,3,4,1,3,70,0,18
3,2,24.0,22,0,15,0,6,89,2,14
3,11,31.0,227,5,13,0,9,95,1,20
3,2,24.0,22,0,19,1,1,59,4,14
2,10,15.0,201,0,18,1,1,81,2,1
3,11,31.0,227,5,11,1,11,117,1,20
3,0,8.0,9,0,21,0,15,96,3,8
3,11,31.0,227,5,14,2,0,64,0,20
3,0,8.0,9,0,15,1,16,72,0,8
2,10,7.0,213,3,9,0,1,59,3,11
3,11,31.0,227,5,14,0,0,77,1,20
3,0,8.0,9,0,9,0,2,123,0,8
2,1,16.0,63,5,18,1,11,133,4,2
3,9,7.0,271,5,20,1,2,13,1,11
3,0,8.0,9,0,9,0,12,56,1,8
2,1,24.0,65,6,23,0,16,37,2,14
2,8,14.0,72,6,15,0,14,24,2,5
3,10,13.0,346,3,8,1,6,7,0,25
2,1,8.0,50,4,13,0,13,48,3,8
3,6,25.0,39,2,18,1,3,79,4,13
2,1,24.0,65,6,1,3,2,69,1,14
3,6,28.0,309,6,13,0,5,64,0,18
3,7,24.0,68,0,8,3,0,12,1,14
3,2,17.0,6,0,12,1,16,72,0,6
2,1,25.0,248,3,16,0,5,64,3,13
2,8,16.0,74,0,21,1,0,12,0,2
3,3,1.0,180,1,5,0,9,134,2,7
2,11,20.0,340,6,18,1,0,77,0,29
0,4,29.0,313,3,14,0,11,94,2,16
2,9,29.0,98,4,1,0,0,64,0,16
3,3,1.0,180,1,17,1,0,31,2,7
3,5,10.0,155,6,5,0,12,80,1,4
3,5,17.0,212,6,17,1,11,129,4,6
2,5,14.0,200,1,3,0,11,55,1,5
2,6,14.0,49,5,17,1,3,30,1,5
2,10,21.0,314,3,2,1,6,7,0,21
2,10,16.0,256,1,20,0,0,26,1,2
2,10,23.0,261,1,19,1,6,7,0,17
2,6,6.0,169,4,18,0,12,80,1,23
3,6,10.0,149,1,19,1,9,58,4,4
1,11,1.0,222,6,17,0,2,86,3,7
2,0,18.0,13,2,17,1,6,89,1,0
3,7,8.0,94,6,7,1,10,52,1,8
3,3,18.0,165,5,13,1,15,46,1,0
3,8,16.0,73,1,23,0,14,24,2,2
2,4,25.0,80,5,13,0,6,89,2,13
2,2,16.0,6,6,22,0,13,69,2,2
3,9,21.0,362,5,18,0,0,85,1,21
3,7,2.0,160,3,6,0,12,80,1,22
3,7,2.0,160,3,16,0,5,6,1,22
3,7,2.0,160,3,11,0,7,57,1,22
3,7,3.0,269,0,6,0,13,48,0,27
3,7,3.0,269,0,11,0,14,24,1,27
3,7,3.0,269,0,9,0,5,12,2,27
3,7,10.0,329,0,21,0,7,120,4,4
3,7,10.0,329,0,22,0,10,47,3,4
3,7,10.0,329,0,4,1,0,26,0,4
3,7,12.0,181,2,6,2,13,29,3,28
2,0,4.0,122,2,16,0,3,30,1,30
2,0,4.0,122,2,21,0,0,31,1,30
2,0,4.0,122,2,11,0,11,133,0,30
3,1,6.0,97,2,9,2,13,69,3,23
2,0,4.0,122,2,19,0,16,139,1,30
3,10,28.0,216,0,16,1,2,2,2,18
3,10,20.0,223,3,17,0,1,11,0,29
3,10,28.0,216,0,4,1,12,56,4,18
3,10,22.0,314,1,12,0,10,22,2,26
3,10,28.0,216,0,11,1,4,127,4,18
2,4,24.0,20,4,17,2,11,133,3,14
3,9,18.0,359,1,16,0,2,3,0,0
3,10,28.0,216,0,14,0,2,40,2,18
3,10,28.0,216,0,12,2,8,41,0,18
3,10,28.0,216,0,21,1,14,24,0,18
3,10,29.0,318,1,16,0,16,50,1,16
3,0,16.0,11,1,17,1,11,117,0,2
3,10,29.0,318,1,0,2,6,7,3,16
3,10,29.0,318,1,8,2,4,136,3,16
3,10,29.0,318,1,14,0,8,41,3,16
3,10,30.0,157,2,22,0,8,19,4,19
3,10,31.0,135,4,23,0,7,8,2,20
3,10,30.0,157,2,1,1,12,61,4,19
2,0,15.0,11,3,13,0,5,6,0,1
3,9,10.0,156,0,19,1,1,67,0,4
3,10,31.0,135,4,22,1,9,93,4,20
3,6,14.0,173,6,22,2,1,16,0,5
3,6,14.0,173,6,18,0,0,12,3,5
3,6,19.0,291,4,6,1,12,100,2,10
3,6,19.0,291,4,22,2,1,11,3,10
2,2,29.0,131,5,22,0,11,8,1,16
3,10,13.0,346,3,14,1,9,101,4,25
3,10,13.0,346,3,9,1,10,22,2,25
3,0,23.0,237,1,0,0,16,130,1,17
3,0,21.0,287,3,17,0,16,65,1,21
3,0,23.0,237,1,18,0,15,31,2,17
3,4,22.0,152,2,1,2,3,44,3,26
3,4,22.0,152,2,5,0,1,11,4,26
3,4,30.0,139,4,5,0,2,86,2,19
3,2,4.0,254,1,17,0,10,47,0,30
3,2,4.0,254,1,0,0,0,0,0,30
3,2,4.0,254,1,11,0,8,27,1,30
3,2,4.0,254,1,13,0,6,128,4,30
2,0,11.0,113,2,20,0,12,61,1,9
2,0,10.0,10,1,14,1,9,134,4,4
2,0,11.0,113,2,12,0,13,21,1,9
2,0,11.0,113,2,8,0,2,69,4,9
2,0,11.0,113,2,4,0,12,121,1,9
2,0,11.0,113,2,18,0,12,83,4,9
3,0,8.0,9,0,2,0,7,62,2,8
3,6,28.0,309,6,2,1,16,42,4,18
3,2,13.0,276,4,19,0,13,38,2,25
3,9,7.0,271,5,14,0,14,24,2,11
2,4,23.0,27,2,18,1,3,44,0,17
3,9,11.0,52,1,1,0,0,68,4,9
3,0,21.0,287,3,13,2,6,73,4,21
3,6,28.0,309,6,19,0,9,134,3,18
3,9,7.0,271,5,15,2,10,47,0,11
2,4,24.0,20,4,22,0,5,6,2,14
3,2,13.0,276,4,16,1,5,12,0,25
3,9,18.0,359,1,14,0,12,17,3,0
2,8,1.0,77,3,13,0,15,119,1,7
3,1,14.0,183,4,21,0,0,26,3,5
3,0,21.0,287,3,1,2,10,47,3,21
3,9,8.0,90,6,19,0,8,118,3,8
3,2,16.0,220,3,22,0,10,22,1,2
2,4,24.0,20,4,1,0,2,40,4,14
3,1,14.0,183,4,5,0,8,9,4,5
3,11,27.0,322,0,9,0,2,69,0,15
3,10,4.0,356,5,13,3,11,117,0,30
3,10,13.0,346,3,4,1,12,84,2,25
3,10,13.0,346,3,20,0,11,18,1,25
3,6,28.0,309,6,6,1,3,79,2,18
3,10,6.0,242,3,19,0,7,62,3,23
3,10,6.0,242,3,18,0,7,62,4,23
3,10,6.0,242,3,9,0,1,11,4,23
3,9,4.0,295,1,22,0,8,33,1,30
3,2,22.0,209,6,20,1,16,72,0,26
3,2,22.0,209,6,3,0,4,79,2,26
2,4,5.0,176,6,18,0,0,85,1,24
2,8,1.0,77,3,17,0,4,5,1,7
3,10,12.0,333,6,21,1,1,67,0,28
3,10,12.0,333,6,2,0,8,33,3,28
3,10,14.0,174,0,11,0,0,15,2,5
3,10,14.0,174,0,8,0,14,34,2,5
3,10,14.0,174,0,14,2,6,89,3,5
3,10,20.0,223,3,0,0,9,93,1,29
3,10,20.0,223,3,22,0,13,48,3,29
3,10,20.0,223,3,14,0,1,1,2,29
3,10,21.0,341,0,20,0,4,4,1,21
3,9,12.0,177,2,0,0,10,22,3,28
3,10,21.0,341,0,23,1,2,2,1,21
3,10,22.0,314,1,16,0,10,22,1,26
3,10,22.0,314,1,0,0,13,28,3,26
3,10,22.0,314,1,18,0,2,13,3,26
2,4,16.0,19,2,21,3,7,57,0,2
2,4,16.0,19,2,8,0,10,22,3,2
2,4,22.0,30,1,0,0,5,6,3,26
2,4,22.0,30,1,22,0,2,69,4,26
2,4,22.0,30,1,2,0,3,4,0,26
2,4,22.0,30,1,19,0,9,27,3,26
2,8,8.0,124,3,13,0,3,30,2,8
3,6,16.0,38,0,15,3,1,16,4,2
3,7,18.0,154,1,9,2,11,133,3,0
2,8,30.0,144,0,1,1,14,34,2,19
2,2,9.0,28,6,15,2,15,119,2,12
3,8,19.0,280,5,9,0,0,26,4,10
3,8,19.0,280,5,4,2,4,75,3,10
2,2,9.0,28,6,19,0,8,27,4,12
2,4,23.0,27,2,5,0,0,96,4,17
3,11,16.0,225,4,22,0,9,54,4,2
3,11,16.0,225,4,14,0,2,40,4,2
3,11,16.0,225,4,3,1,6,14,4,2
3,4,11.0,121,6,12,3,1,16,3,9
3,0,14.0,5,3,19,1,8,41,4,5
2,0,11.0,113,2,22,0,14,25,2,9
3,9,11.0,52,1,12,1,9,95,4,9
3,9,12.0,177,2,0,0,0,12,3,28
3,9,12.0,177,2,16,1,13,29,2,28
3,9,12.0,177,2,15,0,13,48,4,28
3,9,12.0,177,2,21,1,3,76,0,28
3,9,12.0,177,2,12,0,15,39,0,28
3,9,18.0,359,1,6,0,8,41,1,0
3,9,18.0,359,1,19,0,2,40,4,0
3,9,18.0,359,1,13,0,0,53,3,0
3,9,18.0,359,1,18,0,9,95,0,0
3,9,19.0,234,2,6,0,3,70,3,10
3,9,19.0,234,2,11,0,1,11,3,10
3,9,18.0,359,1,14,1,4,79,0,0
3,9,18.0,359,1,2,0,8,41,2,0
3,9,19.0,234,2,19,0,4,121,1,10
3,9,21.0,362,5,21,0,9,27,0,21
3,9,21.0,362,5,23,0,11,133,1,21
3,9,21.0,362,5,11,1,13,28,2,21
3,9,21.0,362,5,13,1,7,129,1,21
3,9,21.0,362,5,1,0,13,29,4,21
2,1,16.0,63,5,5,3,0,12,1,2
2,1,8.0,50,4,9,0,8,118,4,8
3,7,26.0,316,2,18,1,13,29,0,3
3,3,15.0,35,1,18,1,0,77,1,1
3,1,19.0,29,1,21,0,12,121,3,10
3,6,1.0,158,3,23,3,14,25,4,7
3,3,26.0,343,6,13,1,0,31,4,3
3,7,24.0,68,0,17,1,11,117,0,14
2,0,6.0,15,5,13,0,11,133,3,23
3,11,15.0,331,2,14,0,10,52,2,1
3,11,15.0,331,2,6,0,12,56,1,1
3,6,9.0,236,0,20,0,15,46,1,12
3,2,1.0,16,6,13,3,14,34,0,7
2,10,7.0,213,3,12,1,4,45,4,11
3,1,14.0,183,4,15,0,15,114,2,5
3,0,7.0,15,3,13,0,10,43,0,11
3,6,28.0,309,6,9,0,9,9,3,18
3,10,6.0,242,3,0,0,0,96,1,23
2,0,15.0,11,3,15,1,13,99,4,1
3,6,17.0,244,1,8,1,3,115,0,6
3,1,14.0,183,4,18,0,10,47,0,5
3,2,16.0,220,3,8,1,1,16,4,2
3,1,14.0,183,4,18,0,1,35,4,5
3,10,11.0,298,5,8,2,6,7,2,9
3,10,30.0,157,2,19,0,0,26,0,19
3,6,17.0,244,1,12,0,9,63,2,6
3,1,15.0,1,5,0,1,4,138,1,1
3,2,23.0,230,3,13,0,8,118,1,17
3,1,15.0,1,5,14,1,8,118,2,1
3,10,12.0,333,6,16,0,2,13,1,28
2,8,8.0,124,3,9,0,14,25,1,8
3,9,12.0,177,2,22,1,11,94,4,28
3,10,30.0,157,2,14,1,2,3,4,19
3,1,15.0,1,5,13,3,12,80,0,1
3,1,15.0,1,5,1,0,10,22,3,1
3,10,12.0,333,6,5,1,1,1,4,28
3,9,18.0,359,1,14,0,13,123,4,0
3,9,19.0,234,2,12,0,2,40,3,10
3,9,19.0,234,2,19,2,10,47,3,10
3,0,4.0,229,4,3,1,12,56,1,30
3,7,30.0,42,3,8,0,16,74,3,19
3,10,12.0,333,6,8,0,16,130,1,28
3,10,12.0,333,6,18,0,15,39,2,28
3,4,31.0,67,5,22,0,13,28,2,20
3,4,29.0,313,2,22,0,4,82,1,16
3,2,21.0,108,5,15,2,13,69,3,21
3,2,22.0,209,6,13,0,2,123,2,26
3,0,22.0,241,0,8,0,1,59,1,26
3,0,22.0,241,0,6,0,8,41,1,26
3,10,14.0,174,0,4,0,1,1,3,5
3,5,3.0,161,6,17,3,8,27,4,27
3,10,20.0,223,3,6,2,6,7,3,29
3,10,20.0,223,3,0,0,5,47,3,29
3,10,20.0,223,3,21,0,12,56,3,29
3,10,20.0,223,3,22,1,6,128,1,29
3,10,20.0,223,3,22,1,16,74,1,29
3,10,20.0,223,3,19,0,1,59,3,29
3,10,20.0,223,3,4,0,10,22,3,29
3,10,21.0,341,0,17,1,5,12,1,21
3,10,21.0,341,0,9,2,8,41,3,21
3,10,22.0,314,1,21,1,14,97,2,26
3,10,22.0,314,1,7,0,8,27,4,26
3,10,20.0,223,3,9,0,2,86,4,29
3,10,14.0,174,0,8,0,0,77,2,5
3,10,29.0,318,1,16,0,10,22,1,16
3,10,29.0,318,1,10,0,16,113,1,16
3,10,29.0,318,1,23,0,2,86,2,16
3,10,29.0,318,1,3,0,8,27,1,16
3,10,29.0,318,1,9,0,5,6,3,16
3,10,29.0,318,1,18,0,3,44,3,16
3,10,30.0,157,2,6,0,9,63,3,19
3,10,30.0,157,2,10,0,10,47,0,19
3,10,30.0,157,2,23,1,13,38,1,19
3,10,30.0,157,2,5,0,2,13,1,19
3,10,28.0,216,0,17,3,14,25,2,18
3,10,30.0,157,2,22,0,10,22,0,19
3,10,29.0,318,1,17,0,3,44,3,16
3,10,30.0,157,2,9,0,13,21,4,19
3,10,31.0,135,4,17,0,13,29,2,20
2,0,15.0,11,3,15,0,13,36,1,1
2,4,6.0,133,3,11,1,9,134,4,23
2,4,7.0,292,0,19,1,0,12,0,11
2,4,23.0,27,2,4,3,5,6,0,17
3,1,11.0,111,0,12,1,6,7,0,9
2,2,8.0,21,5,19,2,1,81,3,8
3,6,2.0,352,0,22,0,8,9,2,22
3,6,17.0,244,1,6,0,15,114,2,6
3,7,25.0,41,1,9,0,14,25,0,13
3,1,7.0,32,4,18,1,10,47,0,11
3,4,11.0,121,6,8,0,4,138,4,9
2,2,9.0,28,6,9,0,13,69,4,12
2,4,22.0,30,1,11,0,6,91,1,26
2,2,8.0,21,5,20,1,9,102,4,8
2,2,8.0,21,5,19,3,10,47,3,8
2,0,7.0,9,6,17,1,7,20,0,11
2,0,7.0,9,6,23,0,10,22,1,11
2,0,7.0,9,6,14,1,9,101,4,11
2,0,15.0,11,3,4,2,0,12,3,1
2,0,15.0,11,3,8,0,6,132,2,1
2,0,15.0,11,3,8,0,1,1,0,1
2,0,31.0,365,1,2,1,16,72,4,20
2,0,31.0,365,1,16,0,8,118,4,20
2,0,31.0,365,1,1,0,15,114,0,20
3,11,6.0,252,0,7,1,3,30,0,23
3,11,6.0,252,0,2,0,11,15,2,23
3,11,6.0,252,0,14,0,0,0,4,23
3,11,8.0,283,2,16,0,8,27,0,8
3,11,14.0,147,1,7,0,15,39,1,5
3,11,14.0,147,1,22,0,0,53,0,5
3,11,16.0,225,4,2,0,3,30,3,2
2,4,24.0,20,4,6,0,1,11,4,14
2,4,24.0,20,4,22,2,4,4,1,14
2,4,24.0,20,4,13,0,9,102,0,14
2,4,24.0,20,4,20,0,14,24,2,14
2,2,8.0,21,5,12,1,14,125,1,8
2,2,8.0,21,5,4,0,4,82,1,8
2,2,9.0,28,6,20,0,6,7,1,12
2,2,9.0,28,6,19,2,3,79,0,12
2,0,7.0,9,6,21,1,8,9,1,11
2,0,7.0,9,6,13,0,13,99,3,11
3,9,9.0,320,3,2,1,3,76,4,12
3,10,31.0,135,4,15,0,2,69,2,20
3,9,18.0,359,1,7,0,5,12,0,0
3,1,21.0,45,4,17,0,9,49,3,21
3,1,15.0,1,5,15,1,1,105,4,1
3,2,23.0,230,3,7,0,0,64,2,17
3,10,12.0,333,6,12,0,3,76,3,28
3,9,9.0,320,3,13,1,3,76,1,12
3,7,26.0,316,2,14,0,2,86,1,3
3,1,21.0,45,4,13,0,8,19,4,21
3,9,18.0,359,1,16,2,11,15,3,0
3,2,24.0,22,0,16,0,5,12,1,14
3,10,31.0,135,4,4,2,8,41,3,20
3,10,12.0,333,6,12,0,14,106,3,28
3,9,9.0,320,3,8,0,11,133,0,12
2,0,6.0,15,5,14,0,4,82,1,23
3,1,21.0,45,4,22,0,14,131,3,21
3,9,18.0,359,1,5,0,10,22,3,0
3,2,24.0,22,0,2,0,4,66,2,14
3,10,31.0,135,4,4,0,7,20,2,20
3,10,12.0,333,6,19,0,10,12,3,28
3,9,8.0,90,6,1,1,5,6,2,8
3,1,29.0,112,5,20,1,8,118,1,16
3,1,29.0,112,5,5,0,8,118,2,16
3,1,29.0,112,5,22,0,11,18,1,16
3,1,29.0,112,5,9,0,6,132,3,16
3,6,20.0,215,5,15,0,2,2,1,29
3,6,20.0,215,5,6,1,2,69,0,29
3,6,28.0,309,6,16,2,0,31,3,18
3,6,28.0,309,6,15,0,13,21,3,18
3,6,28.0,309,6,22,0,12,121,2,18
3,6,20.0,215,5,19,2,13,28,2,29
3,6,28.0,309,6,2,0,0,53,4,18
3,11,19.0,321,3,5,2,6,73,3,10
3,11,19.0,321,3,9,0,14,25,0,10
3,11,28.0,123,1,16,0,10,22,0,18
3,11,28.0,123,1,13,0,8,19,1,18
3,11,28.0,123,1,11,0,7,54,4,18
3,4,24.0,27,5,9,0,10,52,0,14
3,2,12.0,128,2,14,1,14,34,0,28
3,10,11.0,298,5,18,1,2,69,4,9
3,11,28.0,123,1,1,0,16,130,1,18
2,0,20.0,287,5,15,0,9,93,0,29
2,0,19.0,172,4,4,2,10,22,1,10
2,0,20.0,287,5,8,0,0,77,1,29
2,0,20.0,287,5,19,0,6,89,3,29
2,0,28.0,191,6,6,0,6,7,4,18
2,0,19.0,172,4,13,1,13,48,4,10
2,0,28.0,191,6,11,1,1,67,4,18
2,0,28.0,191,6,2,0,9,93,4,18
3,10,6.0,242,3,15,0,16,37,3,23
3,10,6.0,242,3,2,0,13,69,2,23
3,10,6.0,242,3,14,0,2,2,4,23
3,10,6.0,242,3,12,0,5,64,0,23
3,10,12.0,333,6,13,0,0,0,1,28
3,10,12.0,333,6,9,2,14,24,0,28
3,4,29.0,313,2,5,0,7,20,1,16
3,4,31.0,67,5,18,0,13,36,3,20
3,2,22.0,209,6,8,2,4,82,3,26
3,10,14.0,174,0,7,1,0,12,1,5
3,10,14.0,174,0,5,1,1,67,4,5
3,10,14.0,174,0,14,0,16,72,0,5
3,10,14.0,174,0,9,0,16,139,3,5
3,10,14.0,174,0,1,1,11,55,4,5
3,10,20.0,223,3,8,2,12,56,3,29
3,10,20.0,223,3,4,0,1,1,3,29
2,0,28.0,191,6,9,0,10,47,2,18
3,10,11.0,298,5,9,0,6,89,1,9
3,2,15.0,130,6,9,0,3,30,2,1
3,11,10.0,360,5,4,0,9,95,1,4
3,11,10.0,360,5,0,1,1,35,0,4
3,11,18.0,332,6,0,1,0,12,0,0
3,11,18.0,332,6,17,1,5,6,0,0
3,11,18.0,332,6,15,1,3,103,4,0
3,11,18.0,332,6,3,0,11,18,0,0
3,11,18.0,332,6,3,1,0,26,1,0
3,11,18.0,332,6,3,0,6,91,2,0
3,11,19.0,321,3,19,0,11,15,3,10
3,11,28.0,123,1,13,0,5,6,0,18
3,11,28.0,123,1,13,0,11,117,2,18
3,11,28.0,123,1,9,0,15,114,1,18
3,9,10.0,156,0,6,0,2,40,1,4
3,9,10.0,156,0,2,0,8,19,4,4
3,9,11.0,52,1,22,0,10,47,0,9
3,9,11.0,52,1,1,0,4,45,1,9
3,9,11.0,52,1,14,0,11,90,1,9
3,10,30.0,157,2,19,0,10,30,0,19
2,8,25.0,278,2,6,2,16,130,3,13
3,10,12.0,333,6,9,0,7,122,3,28
3,9,28.0,315,5,20,0,11,133,2,18
2,8,25.0,278,2,9,1,2,69,4,13
3,1,5.0,219,1,17,2,2,86,0,24
3,9,19.0,234,2,0,0,0,12,0,10
2,0,6.0,15,5,19,0,14,24,2,23
3,10,12.0,333,6,18,0,5,12,0,28
3,0,8.0,9,0,21,0,7,20,4,8
2,8,30.0,144,0,20,1,15,31,4,19
3,9,18.0,359,1,8,1,9,93,4,0
3,3,26.0,343,6,8,0,2,92,0,3
2,2,8.0,21,5,15,2,7,57,3,8
3,0,8.0,9,0,20,1,1,59,1,8
2,4,6.0,133,3,13,2,6,89,3,23
3,9,21.0,362,5,17,0,15,31,1,21
3,1,5.0,219,1,4,1,4,75,1,24
3,1,24.0,64,3,18,1,0,85,1,14
2,2,8.0,21,5,13,0,11,94,2,8
3,0,8.0,9,0,3,1,15,114,1,8
2,4,16.0,19,2,5,0,10,22,2,2
3,1,12.0,353,1,11,3,14,25,2,28
3,10,22.0,314,1,4,0,9,95,3,26
2,3,22.0,57,0,12,3,6,7,3,26
2,9,21.0,362,2,9,1,5,6,0,21
2,9,21.0,362,2,19,1,11,55,4,21
2,4,17.0,26,4,21,1,0,85,0,6
3,5,9.0,206,5,12,1,2,13,0,12
2,2,7.0,258,4,8,0,5,0,4,11
2,2,17.0,7,3,5,0,13,99,2,6
2,2,14.0,130,4,13,1,5,12,1,5
2,10,7.0,213,3,17,0,9,54,4,11
2,8,7.0,76,6,18,3,9,57,3,11
2,0,25.0,14,2,17,0,2,92,1,13
2,0,25.0,14,2,10,0,5,0,1,13
2,0,26.0,23,4,17,1,15,31,1,3
3,6,27.0,116,5,2,3,9,93,3,15
3,1,19.0,29,1,18,0,6,89,3,10
2,4,17.0,26,4,19,0,16,50,0,6
2,2,7.0,258,4,9,0,16,42,3,11
2,0,11.0,113,2,22,2,10,22,3,9
2,0,11.0,113,2,8,0,2,13,1,9
2,0,11.0,113,2,8,1,8,9,1,9
2,0,11.0,113,2,2,0,13,99,3,9
2,0,19.0,172,4,17,2,13,36,4,10
2,0,19.0,172,4,15,1,1,11,1,10
2,0,20.0,287,5,21,1,10,22,0,29
2,0,10.0,10,1,18,1,11,18,0,4
2,0,11.0,113,2,1,0,14,24,1,9
2,0,11.0,113,2,5,2,13,38,3,9
2,0,19.0,172,4,11,0,9,134,3,10
2,0,19.0,172,4,13,0,2,86,1,10
2,0,20.0,287,5,0,1,8,27,0,29
2,0,20.0,287,5,4,0,8,19,1,29
2,0,28.0,191,6,19,2,10,47,3,18
3,11,10.0,360,5,3,0,5,6,0,4
3,11,10.0,360,5,3,0,9,95,1,4
2,4,30.0,67,2,20,0,14,24,2,19
3,11,18.0,332,6,0,1,0,0,0,0
3,2,4.0,254,1,7,0,0,64,1,30
3,2,4.0,254,1,6,1,0,0,1,30
3,2,4.0,254,1,21,1,6,91,0,30
3,2,4.0,254,1,13,0,15,46,3,30
3,2,4.0,254,1,22,0,14,24,4,30
3,2,4.0,254,1,4,2,10,23,3,30
3,6,12.0,162,4,12,1,5,64,2,28
3,10,5.0,336,6,5,1,0,77,1,24
3,10,5.0,336,6,4,0,10,22,3,24
3,10,13.0,346,3,19,0,2,40,1,25
3,10,13.0,346,3,17,1,15,39,1,25
3,2,4.0,254,1,1,2,16,37,4,30
3,2,4.0,254,1,19,1,11,129,4,30
3,2,6.0,251,4,15,0,10,47,2,23
3,2,6.0,251,4,2,0,7,78,0,23
3,2,6.0,251,4,12,0,16,50,0,23
3,2,13.0,276,4,22,1,8,65,4,25
3,2,13.0,276,4,12,1,16,50,4,25
3,2,13.0,276,4,14,2,12,61,3,25
3,2,16.0,220,3,19,0,1,35,4,2
2,4,6.0,133,3,11,1,12,61,1,23
2,4,7.0,292,0,16,0,2,60,3,11
2,4,7.0,292,0,5,0,4,75,1,11
2,4,7.0,292,0,3,0,16,39,3,11
2,4,6.0,133,3,14,1,0,12,0,23
2,4,7.0,292,0,9,1,11,129,4,11
2,4,16.0,19,2,6,0,3,79,3,2
2,4,16.0,19,2,6,0,10,47,0,2
2,4,16.0,19,2,8,2,13,29,2,2
2,4,22.0,30,1,17,0,10,52,2,26
2,4,22.0,30,1,1,1,16,130,2,26
2,4,23.0,27,2,8,0,13,99,1,17
2,4,23.0,27,2,6,0,0,12,3,17
2,5,15.0,239,2,19,3,14,106,0,1
1,8,1.0,66,4,13,3,6,91,4,7
2,8,30.0,144,0,2,0,14,24,2,19
2,4,7.0,292,0,4,1,15,85,4,11
2,4,23.0,27,2,12,0,0,64,3,17
2,4,23.0,27,2,14,0,5,6,1,17
2,2,9.0,28,6,4,1,8,33,0,12
3,1,22.0,164,5,1,1,10,47,1,26
3,0,21.0,287,3,16,1,9,95,0,21
3,7,2.0,160,3,5,0,2,40,3,22
3,0,23.0,237,1,16,0,13,4,4,17
3,0,23.0,237,1,19,0,1,59,1,17
3,7,2.0,160,3,20,1,8,19,1,22
3,10,21.0,341,0,13,0,11,15,0,21
3,4,30.0,139,4,7,2,11,98,0,19
2,0,7.0,9,6,14,0,8,33,4,11
3,10,28.0,216,0,6,0,0,31,1,18
2,4,7.0,292,0,9,0,0,96,1,11
3,7,2.0,160,3,9,0,0,0,3,22
2,4,23.0,27,2,17,0,9,93,1,17
3,10,28.0,216,0,23,1,9,102,2,18
3,10,28.0,216,0,6,0,10,22,3,18
3,10,28.0,216,0,8,0,14,34,1,18
3,10,28.0,216,0,20,0,4,138,3,18
3,10,29.0,318,1,6,0,0,12,0,16
3,10,29.0,318,1,17,1,12,80,0,16
3,10,29.0,318,1,14,0,14,32,4,16
3,10,29.0,318,1,18,0,11,15,3,16
3,10,30.0,157,2,6,0,2,40,1,19
3,10,30.0,157,2,6,0,14,25,1,19
3,9,19.0,234,2,14,0,8,19,4,10
3,9,18.0,359,1,18,0,10,47,0,0
3,9,21.0,362,5,17,0,16,65,4,21
3,7,2.0,160,3,13,3,0,53,0,22
3,7,2.0,160,3,2,2,5,0,3,22
2,0,28.0,191,6,3,0,1,35,4,18
2,0,28.0,191,6,8,0,8,118,1,18
2,0,28.0,191,6,9,0,12,80,1,18
3,11,10.0,360,5,9,0,5,12,1,4
3,11,18.0,332,6,4,0,4,75,1,0
3,11,18.0,332,6,4,2,16,37,3,0
3,11,18.0,332,6,19,1,4,5,4,0
3,11,18.0,332,6,19,2,14,24,0,0
3,11,18.0,332,6,13,0,13,29,4,0
3,11,19.0,321,3,11,1,8,27,1,10
3,11,28.0,123,1,0,2,1,67,3,18
3,11,28.0,123,1,8,0,9,10,1,18
3,11,28.0,123,1,8,0,6,7,2,18
3,11,28.0,123,1,19,1,1,59,4,18
3,9,10.0,156,0,13,0,0,64,4,4
3,9,10.0,156,0,4,0,4,5,1,4
2,0,15.0,11,3,13,2,1,11,0,1
2,0,15.0,11,3,19,0,9,63,1,1
2,0,31.0,365,1,3,0,0,26,1,20
2,0,31.0,365,1,12,2,9,93,0,20
3,7,18.0,154,1,1,1,11,133,4,0
2,4,23.0,27,2,11,1,3,103,1,17
2,4,22.0,30,1,17,0,10,47,2,26
2,2,9.0,28,6,5,0,9,93,0,12
3,8,19.0,280,5,4,1,2,3,4,10
3,6,2.0,352,0,19,0,4,82,3,22
3,6,18.0,308,2,16,1,12,61,1,0
3,2,2.0,143,3,13,3,9,101,0,22
3,11,6.0,252,0,19,0,15,119,3,23
2,0,7.0,9,6,8,3,8,27,0,11
2,0,31.0,365,1,16,3,11,117,2,20
2,0,31.0,365,1,16,0,9,57,3,20
2,0,31.0,365,1,14,0,2,69,4,20
3,11,6.0,252,0,21,1,8,41,0,23
3,11,6.0,252,0,3,0,6,7,2,23
3,11,6.0,252,0,2,1,9,63,4,23
3,11,6.0,252,0,4,0,9,101,1,23
3,11,8.0,283,2,6,0,13,61,0,8
3,11,14.0,147,1,4,2,3,79,0,5
3,11,14.0,147,1,4,0,2,123,4,5
3,9,12.0,177,2,18,1,10,43,1,28
3,9,18.0,359,1,6,2,2,2,0,0
3,9,18.0,359,1,16,0,3,79,1,0
3,9,18.0,359,1,0,1,3,115,2,0
3,9,18.0,359,1,13,0,10,43,3,0
3,9,18.0,359,1,9,0,10,22,3,0
3,9,19.0,234,2,17,0,9,102,4,10
2,0,4.0,122,2,16,0,2,40,1,30
2,0,4.0,122,2,17,0,2,92,0,30
2,0,4.0,122,2,18,0,13,21,2,30
2,0,10.0,10,1,15,0,5,6,2,4
2,0,10.0,10,1,13,0,1,67,1,4
2,0,11.0,113,2,10,2,8,41,3,9
2,0,11.0,113,2,22,0,14,24,4,9
2,0,11.0,113,2,18,0,0,26,1,9
2,0,19.0,172,4,7,0,8,27,1,10
3,4,21.0,339,1,16,1,0,68,4,21
2,0,19.0,172,4,3,0,10,43,3,10
2,0,20.0,287,5,11,0,10,22,2,29
2,0,20.0,287,5,12,3,10,52,0,29
2,0,20.0,287,5,4,1,12,56,4,29
3,11,16.0,225,4,17,0,13,38,2,2
3,4,30.0,139,4,18,0,3,103,3,19
2,4,23.0,27,2,2,2,13,13,1,17
3,2,4.0,254,1,17,0,8,41,3,30
2,4,22.0,30,1,21,1,3,76,2,26
3,2,6.0,251,4,8,0,13,69,1,23
2,4,24.0,20,4,20,0,13,69,2,14
3,7,10.0,329,0,21,1,15,39,0,4
2,4,22.0,30,1,12,0,9,57,3,26
3,2,6.0,251,4,19,2,13,36,3,23
3,2,13.0,276,4,6,0,0,12,0,25
3,2,13.0,276,4,11,1,9,95,4,25
3,6,12.0,162,4,11,0,9,102,2,28
3,11,27.0,322,0,20,0,2,2,4,15
3,11,30.0,170,4,12,0,16,50,2,19
3,11,26.0,364,3,14,0,16,74,1,3
3,2,13.0,276,4,11,0,11,15,3,25
3,2,13.0,276,4,4,0,6,7,3,25
2,0,28.0,191,6,13,0,10,22,1,18
2,0,28.0,191,6,13,0,4,121,1,18
3,11,10.0,360,5,21,1,13,69,0,4
3,11,10.0,360,5,0,0,9,134,4,4
3,11,18.0,332,6,5,0,5,6,0,0
3,11,18.0,332,6,6,1,5,12,0,0
3,11,19.0,321,3,6,1,15,119,4,10
3,11,19.0,321,3,1,2,10,47,2,10
3,11,28.0,123,1,11,0,1,1,4,18
3,11,28.0,123,1,2,2,6,89,2,18
3,11,28.0,123,1,8,0,2,2,4,18
3,11,28.0,123,1,4,2,12,61,3,18
3,9,10.0,156,0,21,0,14,24,1,4
3,9,10.0,156,0,8,0,2,40,1,4
3,9,10.0,156,0,14,2,16,50,0,4
3,9,10.0,156,0,19,1,1,67,4,4
3,9,11.0,52,1,0,0,0,77,1,9
3,9,11.0,52,1,16,0,6,7,1,9
3,2,12.0,128,2,17,1,0,85,1,28
3,0,7.0,15,3,13,0,8,41,2,11
3,0,7.0,15,3,9,1,14,125,4,11
3,10,30.0,157,2,5,0,13,69,1,19
3,10,30.0,157,2,9,0,16,37,4,19
3,10,31.0,135,4,6,2,2,2,3,20
3,10,31.0,135,4,16,0,8,19,4,20
3,10,31.0,135,4,19,0,9,93,3,20
3,10,31.0,135,4,18,2,3,103,3,20
3,1,5.0,219,1,10,2,5,64,3,24
3,1,6.0,97,2,0,0,8,41,1,23
3,1,5.0,219,1,14,2,5,6,3,24
3,1,6.0,97,2,15,0,2,86,2,23
3,1,14.0,183,4,11,0,16,50,3,5
3,1,14.0,183,4,13,0,5,12,3,5
3,6,20.0,215,5,16,2,5,64,3,29
3,6,20.0,215,5,21,1,3,79,0,29
3,6,14.0,173,6,1,1,0,26,1,5
3,6,20.0,215,5,14,1,5,12,0,29
3,6,20.0,215,5,14,0,9,49,1,29
3,6,20.0,215,5,14,0,11,18,4,29
3,6,28.0,309,6,17,2,12,104,3,18
3,6,28.0,309,6,13,0,2,3,3,18
3,6,28.0,309,6,19,1,2,13,4,18
3,6,28.0,309,6,20,1,9,87,4,18
3,2,16.0,220,3,0,1,10,47,1,2
3,2,16.0,220,3,11,0,13,13,2,2
3,2,16.0,220,3,1,0,8,27,2,2
3,2,23.0,230,3,10,0,0,31,1,17
3,2,23.0,230,3,6,0,11,18,1,17
3,2,23.0,230,3,2,0,12,56,2,17
3,2,23.0,230,3,11,1,9,63,4,17
3,2,23.0,230,3,15,0,11,117,2,17
3,2,24.0,22,0,16,0,14,32,1,14
3,2,24.0,22,0,11,1,15,51,4,14
3,9,18.0,359,1,18,0,4,45,4,0
2,4,23.0,27,2,17,0,15,31,4,17
3,9,18.0,359,1,17,0,0,77,1,0
2,4,24.0,20,4,22,0,15,108,1,14
2,4,22.0,30,1,18,2,1,11,1,26
3,9,19.0,234,2,0,0,0,12,3,10
3,9,19.0,234,2,3,0,2,92,0,10
2,4,24.0,20,4,2,0,13,28,2,14
3,9,19.0,234,2,12,0,10,43,2,10
2,4,23.0,27,2,12,0,1,67,4,17
2,4,24.0,20,4,11,0,11,90,1,14
2,4,23.0,27,2,21,0,3,30,1,17
2,4,24.0,20,4,22,1,13,69,2,14
2,4,7.0,292,0,9,0,14,24,3,11
2,4,24.0,20,4,18,0,7,20,0,14
2,4,24.0,20,4,16,0,0,26,1,14
2,2,8.0,21,5,19,1,9,87,4,8
2,4,24.0,20,4,17,3,2,71,1,14
2,2,8.0,21,5,1,0,13,28,3,8
2,4,24.0,20,4,5,0,11,94,1,14
2,2,8.0,21,5,5,3,2,86,1,8
2,2,9.0,28,6,21,0,7,137,1,12
2,4,22.0,30,1,19,1,8,19,0,26
2,2,8.0,21,5,19,0,9,93,1,8
2,2,9.0,28,6,18,0,13,38,4,12
2,4,24.0,20,4,5,2,1,105,4,14
2,2,9.0,28,6,6,1,2,3,2,12
2,4,24.0,20,4,4,0,16,50,1,14
2,2,9.0,28,6,15,0,14,25,4,12
2,0,7.0,9,6,7,1,15,108,0,11
2,2,9.0,28,6,22,0,8,9,2,12
2,0,7.0,9,6,2,2,13,69,0,11
2,4,24.0,20,4,9,2,7,137,3,14
2,2,9.0,28,6,13,0,8,41,0,12
2,0,7.0,9,6,3,0,11,15,0,11
2,0,7.0,9,6,22,0,10,47,0,11
2,0,7.0,9,6,7,1,9,10,0,11
2,0,15.0,11,3,6,0,15,46,2,1
3,10,14.0,174,0,6,0,6,7,0,5
3,10,14.0,174,0,7,1,7,62,4,5
3,10,14.0,174,0,14,0,2,86,4,5
3,10,14.0,174,0,18,0,14,24,2,5
3,10,20.0,223,3,17,0,2,86,2,29
3,10,20.0,223,3,16,2,6,132,3,29
3,10,20.0,223,3,9,0,13,28,1,29
3,10,20.0,223,3,18,2,10,22,3,29
3,10,21.0,341,0,3,0,5,0,1,21
3,10,21.0,341,0,13,1,11,55,2,21
3,10,21.0,341,0,13,1,0,77,4,21
3,10,21.0,341,0,4,0,10,47,0,21
3,10,21.0,341,0,9,0,3,44,1,21
3,10,22.0,314,1,6,0,13,123,4,26
3,10,21.0,341,0,11,0,15,39,2,21
3,10,22.0,314,1,23,0,13,48,1,26
3,10,22.0,314,1,15,0,3,79,1,26
3,10,22.0,314,1,20,1,9,10,4,26
3,7,27.0,53,4,9,0,11,15,2,15
3,0,23.0,237,1,17,0,0,68,4,17
3,0,23.0,237,1,13,0,5,64,3,17
3,0,21.0,287,3,14,0,11,94,2,21
3,2,23.0,230,3,21,1,4,75,0,17
3,2,23.0,230,3,8,0,2,2,3,17
3,2,24.0,22,0,7,0,2,13,0,14
3,2,24.0,22,0,13,0,0,31,2,14
3,2,24.0,22,0,4,0,7,120,3,14
3,2,24.0,22,0,14,0,15,96,4,14
3,2,24.0,22,0,14,2,15,114,0,14
3,0,8.0,9,0,4,3,3,44,0,8
3,0,21.0,287,3,22,0,8,9,0,21
3,9,5.0,89,2,21,1,0,0,1,24
3,9,5.0,89,2,14,2,16,72,3,24
3,0,21.0,287,3,20,1,13,48,4,21
3,0,21.0,287,3,14,0,14,24,1,21
3,0,21.0,287,3,19,0,14,25,1,21
3,0,21.0,287,3,23,0,8,9,1,21
3,0,21.0,287,3,9,0,14,25,3,21
3,0,21.0,287,3,4,1,9,10,4,21
3,0,23.0,237,1,8,2,4,75,1,17
3,9,10.0,156,0,6,3,9,101,1,4
3,9,10.0,156,0,20,0,16,72,1,4
3,9,10.0,156,0,17,1,0,26,0,4
3,9,11.0,52,1,10,1,1,105,2,9
3,9,11.0,52,1,5,0,10,22,1,9
3,9,11.0,52,1,8,0,9,95,3,9
3,9,11.0,52,1,19,2,14,107,0,9
3,9,11.0,52,1,18,0,1,35,4,9
3,9,11.0,52,1,9,0,15,51,0,9
3,9,12.0,177,2,16,0,8,118,1,28
3,9,12.0,177,2,13,0,15,108,3,28
3,9,12.0,177,2,22,0,6,91,4,28
3,7,18.0,154,1,12,0,9,57,0,0
2,0,15.0,11,3,5,1,9,95,1,1
3,7,25.0,41,1,8,1,13,38,0,13
3,4,11.0,121,6,13,0,8,41,2,9
0,10,4.0,356,1,17,0,16,65,4,30
2,2,30.0,8,6,16,2,8,27,2,19
2,0,4.0,122,2,23,0,2,86,1,30
2,0,4.0,122,2,4,0,1,59,1,30
2,0,4.0,122,2,1,0,4,121,1,30
2,0,10.0,10,1,6,0,5,12,0,4
2,0,10.0,10,1,16,0,16,39,0,4
2,0,10.0,10,1,15,0,4,82,1,4
2,0,10.0,10,1,14,2,10,23,1,4
2,0,11.0,113,2,8,0,6,7,1,9
2,0,19.0,172,4,15,0,2,2,4,10
2,0,19.0,172,4,12,0,11,133,2,10
2,0,19.0,172,4,20,1,7,129,1,10
2,0,20.0,287,5,0,0,13,38,0,29
2,0,20.0,287,5,12,2,5,6,0,29
2,0,20.0,287,5,19,2,14,25,0,29
2,0,20.0,287,5,4,0,0,77,3,29
2,0,28.0,191,6,23,0,3,44,4,18
3,2,7.0,153,5,2,0,3,115,2,11
3,5,21.0,351,2,17,1,8,27,1,21
3,10,11.0,298,5,1,0,2,86,1,9
3,2,15.0,130,6,13,0,8,33,2,1
3,7,26.0,316,2,18,1,13,29,0,3
3,9,1.0,126,6,17,1,11,55,1,7
3,3,26.0,343,6,14,3,6,7,2,3
3,3,26.0,343,6,12,3,8,27,3,3
3,4,3.0,279,5,8,0,9,95,3,27
2,2,14.0,130,4,15,0,1,11,4,5
3,5,16.0,239,5,1,0,13,48,1,2
3,2,10.0,28,0,22,1,3,30,1,4
3,11,15.0,331,2,1,0,5,6,2,1
0,0,4.0,229,0,7,3,14,24,4,30
2,5,31.0,158,5,4,0,14,126,1,20
2,4,15.0,25,1,17,0,16,42,1,1
2,9,21.0,362,2,9,1,5,6,0,21
2,7,13.0,125,2,1,0,0,77,1,25
2,2,17.0,7,3,12,1,0,96,1,6
3,3,15.0,35,1,17,0,14,24,1,1
3,6,9.0,236,0,15,0,6,89,2,12
2,6,16.0,244,3,2,0,9,102,3,2
2,10,7.0,213,3,12,0,12,61,1,11
2,2,15.0,220,5,1,0,0,15,1,1
3,6,19.0,291,4,5,2,0,15,2,10
3,6,19.0,291,4,5,0,9,57,3,10
3,6,19.0,291,4,4,2,14,25,0,10
3,6,20.0,215,5,14,0,11,18,1,29
3,6,28.0,309,6,7,0,8,27,2,18
3,6,28.0,309,6,23,1,13,29,4,18
3,6,28.0,309,6,15,0,14,32,1,18
2,0,31.0,365,1,13,0,11,55,1,20
2,0,31.0,365,1,4,2,14,107,0,20
3,11,6.0,252,0,12,0,2,69,0,23
3,11,8.0,283,2,9,1,9,63,4,8
3,11,8.0,283,2,18,0,3,76,0,8
3,9,24.0,272,0,3,0,2,71,2,14
3,1,17.0,63,3,13,1,11,18,0,6
3,8,28.0,224,3,6,1,10,22,1,18
3,4,11.0,121,6,9,3,3,115,0,9
3,4,11.0,121,6,8,2,8,65,2,9
3,4,11.0,121,6,14,0,8,65,4,9
3,6,2.0,352,0,1,0,5,6,3,22
3,10,21.0,341,0,21,2,5,6,0,21
3,10,21.0,341,0,6,1,1,105,0,21
3,10,21.0,341,0,17,1,9,93,4,21
3,10,21.0,341,0,1,0,15,39,3,21
3,10,22.0,314,1,19,0,14,34,3,26
3,10,22.0,314,1,8,0,0,85,1,26
3,10,22.0,314,1,19,0,13,29,1,26
3,10,22.0,314,1,17,1,11,90,0,26
3,10,28.0,216,0,10,1,8,9,1,18
3,10,28.0,216,0,14,0,9,54,1,18
3,10,28.0,216,0,14,0,9,54,1,18
3,10,28.0,216,0,2,1,3,76,1,18
3,10,29.0,318,1,22,2,0,53,3,16
3,10,29.0,318,1,4,0,4,66,0,16
3,10,29.0,318,1,18,2,15,39,4,16
3,6,14.0,173,6,7,1,5,6,0,5
3,6,14.0,173,6,23,2,10,22,1,5
2,0,2.0,334,0,20,0,6,7,3,22
3,6,19.0,291,4,16,0,11,94,3,10
3,9,21.0,362,5,17,0,2,40,3,21
3,9,21.0,362,5,5,0,10,47,3,21
3,9,19.0,234,2,18,1,7,137,4,10
3,9,21.0,362,5,11,0,9,27,3,21
3,9,21.0,362,5,22,2,8,33,3,21
3,9,21.0,362,5,17,1,10,22,1,21
3,9,18.0,359,1,16,0,5,12,3,0
3,7,2.0,160,3,6,0,16,37,1,22
3,7,2.0,160,3,5,0,13,29,2,22
3,7,2.0,160,3,8,2,12,61,3,22
3,7,2.0,160,3,9,2,3,30,0,22
3,7,3.0,269,0,2,0,1,1,4,27
3,7,3.0,269,0,19,0,6,7,3,27
3,7,3.0,269,0,14,0,15,46,0,27
3,7,10.0,329,0,14,2,4,121,3,4
3,7,10.0,329,0,1,1,2,86,1,4
3,7,12.0,181,2,0,0,5,12,3,28
3,7,12.0,181,2,22,0,16,74,1,28
3,7,12.0,181,2,13,0,13,21,1,28
3,7,12.0,181,2,2,0,4,66,2,28
2,2,28.0,140,4,13,0,8,33,2,18
3,2,13.0,276,4,8,0,12,61,0,25
3,10,5.0,336,6,5,0,6,132,1,24
2,6,29.0,145,6,2,0,5,12,1,16
2,10,27.0,216,6,21,0,16,50,3,15
2,0,2.0,334,0,22,1,9,10,4,22
2,0,2.0,334,0,18,0,4,82,1,22
2,0,3.0,229,1,0,0,13,38,4,27
2,0,3.0,229,1,13,1,3,44,2,27
2,2,29.0,131,5,22,1,14,107,4,16
3,7,21.0,81,5,2,0,0,15,2,21
3,6,29.0,335,3,16,0,14,34,1,16
3,9,3.0,217,0,15,0,1,11,0,27
3,5,13.0,184,1,15,0,14,25,4,25
3,5,12.0,327,0,1,1,13,38,0,28
3,6,29.0,335,3,9,0,2,40,1,16
3,6,30.0,145,0,21,2,13,21,3,19
3,6,29.0,335,3,4,1,2,92,4,16
3,6,30.0,145,0,22,2,2,2,3,19
2,1,9.0,17,5,14,0,1,59,4,12
3,6,30.0,145,0,11,0,16,130,4,19
3,6,30.0,145,0,22,1,1,67,4,19
3,6,30.0,145,0,14,2,13,29,2,19
2,0,29.0,228,3,1,0,2,86,4,16
3,11,20.0,340,0,1,0,5,0,2,29
3,11,20.0,340,0,19,2,6,89,1,29
3,9,13.0,91,4,9,2,5,12,3,25
2,8,21.0,354,6,6,0,2,13,1,21
2,8,18.0,280,2,17,0,1,16,4,0
2,9,17.0,255,6,17,0,9,134,1,6
2,4,10.0,121,4,1,0,8,118,1,4
3,10,4.0,356,5,6,0,6,89,1,30
3,10,4.0,356,5,20,0,14,126,3,30
3,10,4.0,356,5,22,0,3,30,1,30
3,10,4.0,356,5,14,0,0,26,1,30
3,10,5.0,336,6,17,0,4,75,2,24
3,10,5.0,336,6,10,0,2,86,1,24
0,5,1.0,109,0,17,0,7,111,4,7
2,0,2.0,334,0,11,1,0,68,4,22
2,0,30.0,290,0,13,0,11,18,1,19
2,0,30.0,290,0,15,0,3,30,3,19
2,0,30.0,290,0,20,3,4,45,3,19
2,0,30.0,290,0,4,0,4,127,1,19
3,11,2.0,265,4,17,0,16,130,1,22
3,11,2.0,265,4,21,0,10,23,1,22
2,2,29.0,131,5,11,3,2,123,0,16
3,11,2.0,265,4,15,0,8,41,3,22
3,11,13.0,312,0,15,0,4,75,1,25
3,11,13.0,312,0,12,1,1,16,4,25
3,11,11.0,175,6,21,0,13,21,1,9
3,5,3.0,161,6,11,0,2,86,0,27
1,1,24.0,64,2,17,3,9,49,4,14
3,6,28.0,309,6,6,1,0,12,0,18
3,10,12.0,333,6,18,2,6,89,3,28
2,1,19.0,151,0,8,0,2,13,1,10
2,8,9.0,71,0,19,0,10,23,2,12
3,11,21.0,192,1,17,1,7,137,4,21
3,11,29.0,270,2,17,0,3,30,3,16
3,5,22.0,163,4,16,0,4,45,3,26
3,5,22.0,163,4,6,1,16,37,2,26
3,5,22.0,163,4,20,2,6,7,3,26
3,5,22.0,163,4,10,0,7,20,0,26
3,5,22.0,163,4,13,0,6,7,2,26
3,5,27.0,328,1,8,0,9,87,1,15
3,6,4.0,159,2,8,0,12,61,1,30
3,6,4.0,159,2,1,0,3,70,3,30
3,6,4.0,159,2,14,0,13,99,3,30
3,6,4.0,159,2,1,0,12,56,4,30
3,6,6.0,83,5,8,0,2,40,1,23
3,6,6.0,83,5,14,0,8,41,1,23
3,6,11.0,355,2,16,0,5,6,0,9
3,6,11.0,355,2,13,1,11,94,4,9
3,6,12.0,162,4,6,0,16,74,2,28
3,6,11.0,355,2,12,0,4,45,4,9
2,6,19.0,215,2,12,1,11,18,0,10
3,5,27.0,328,1,17,3,8,27,0,15
3,6,12.0,162,4,14,0,6,89,4,28
3,6,22.0,185,3,15,0,16,42,1,26
2,8,24.0,86,1,19,0,4,75,4,14
2,8,24.0,86,1,4,0,6,91,0,14
2,8,24.0,86,1,19,0,4,75,4,14
2,8,25.0,278,2,16,0,1,1,3,13
2,5,4.0,96,6,2,0,5,6,2,30
2,5,5.0,277,3,12,0,2,60,1,24
2,5,15.0,239,2,6,0,16,37,4,1
2,5,16.0,212,4,6,0,9,49,4,2
2,5,16.0,212,4,9,0,0,31,2,2
2,6,5.0,83,2,6,1,13,28,1,24
2,6,15.0,38,6,9,0,15,39,0,1
2,10,8.0,150,0,14,0,15,31,1,8
2,10,22.0,247,0,6,1,10,12,0,26
2,10,22.0,247,0,6,0,11,58,1,26
2,10,24.0,56,2,18,0,0,26,3,14
2,10,25.0,61,4,1,0,4,121,1,13
2,10,31.0,203,2,14,0,7,62,1,20
2,8,22.0,102,3,5,0,10,6,0,26
2,1,9.0,17,5,11,0,9,27,2,12
2,6,21.0,185,5,11,3,2,2,3,21
2,10,24.0,56,2,1,1,5,0,2,14
3,1,20.0,151,2,16,0,5,12,3,29
3,5,13.0,184,1,22,2,11,15,0,25
3,5,12.0,327,0,4,1,5,6,0,28
2,1,9.0,17,5,8,0,8,33,1,12
2,1,20.0,45,1,2,1,3,115,1,29
2,1,20.0,45,1,9,0,0,53,0,29
2,0,4.0,122,2,6,3,0,12,0,30
2,4,21.0,152,0,19,1,1,67,4,21
2,4,21.0,152,0,12,1,14,24,1,21
2,1,20.0,45,1,9,0,0,12,1,29
2,1,20.0,45,1,18,0,10,22,3,29
2,1,28.0,112,2,0,0,6,7,0,18
2,1,28.0,112,2,6,0,5,12,3,18
2,8,4.0,101,2,3,0,4,66,2,30
2,8,4.0,101,2,19,0,1,11,1,30
2,8,4.0,101,2,1,0,2,2,3,30
2,8,10.0,306,1,0,0,8,27,1,4
2,8,10.0,306,1,5,0,4,75,1,4
2,8,10.0,306,1,13,0,8,27,1,4
2,8,11.0,284,2,3,2,8,41,3,9
2,8,11.0,284,2,8,0,12,80,1,9
2,8,11.0,284,2,9,0,1,67,4,9
2,8,13.0,296,5,16,0,10,23,1,25
3,9,3.0,217,0,3,2,2,2,0,27
2,8,13.0,296,5,22,0,11,117,2,25
3,10,23.0,247,2,4,0,5,12,1,17
3,1,13.0,207,2,0,0,0,26,3,25
2,0,29.0,228,3,18,0,14,24,1,16
2,0,29.0,228,3,22,1,5,0,2,16
2,0,27.0,249,5,12,0,13,13,1,15
2,3,1.0,120,0,6,0,2,2,1,7
3,5,13.0,184,1,21,1,13,48,0,25
3,5,13.0,184,1,2,0,6,14,1,25
3,5,13.0,184,1,19,0,16,65,3,25
3,5,13.0,184,1,19,0,13,29,1,25
3,5,22.0,163,4,16,0,16,50,3,26
3,5,22.0,163,4,8,0,14,24,1,26
3,5,22.0,163,4,3,3,5,64,3,26
3,5,27.0,328,1,7,2,10,23,0,15
3,5,27.0,328,1,2,1,3,76,1,15
3,5,27.0,328,1,12,0,13,99,3,15
3,5,27.0,328,1,14,0,0,12,1,15
3,5,27.0,328,1,9,0,6,116,1,15
3,6,4.0,159,2,6,0,6,7,0,30
3,6,4.0,159,2,10,2,9,49,3,30
3,6,4.0,159,2,4,0,16,37,1,30
3,6,6.0,83,5,21,2,12,104,3,23
3,6,6.0,83,5,22,1,11,55,4,23
3,6,11.0,355,2,17,0,13,38,3,9
3,6,11.0,355,2,11,1,10,22,1,9
3,6,12.0,162,4,17,2,6,7,3,28
3,6,12.0,162,4,17,2,7,122,3,28
3,6,12.0,162,4,22,2,10,22,3,28
3,6,22.0,185,3,23,1,3,30,1,26
2,10,29.0,157,0,13,0,13,13,0,16
3,11,1.0,222,2,19,1,7,137,0,7
3,11,1.0,222,2,13,0,6,91,1,7
3,11,20.0,340,0,3,0,14,32,3,29
3,11,20.0,340,0,19,1,14,24,0,29
3,11,20.0,340,0,4,0,6,14,2,29
3,6,22.0,185,3,15,0,0,64,3,26
3,6,22.0,185,3,14,0,0,15,2,26
3,6,29.0,335,3,6,2,14,34,4,16
3,6,29.0,335,3,16,0,2,71,4,16
3,6,29.0,335,3,8,2,6,73,3,16
3,6,29.0,335,3,22,0,14,25,3,16
3,6,30.0,145,0,10,0,2,123,3,19
3,6,30.0,145,0,18,0,0,77,0,19
3,6,30.0,145,0,17,0,2,35,2,19
2,1,31.0,66,6,13,0,15,96,4,20
2,8,8.0,124,3,13,0,11,98,1,8
2,8,23.0,85,0,18,0,3,115,4,17
2,8,23.0,85,0,18,2,10,22,3,17
2,8,24.0,86,1,17,1,3,103,4,14
2,8,24.0,86,1,4,1,11,55,4,14
2,6,15.0,38,6,5,0,10,12,2,1
2,6,15.0,38,6,5,0,8,33,3,1
2,6,30.0,208,3,16,0,0,12,3,19
2,6,30.0,208,3,6,1,9,109,4,19
2,6,30.0,208,3,5,2,4,45,0,19
2,6,30.0,208,3,7,1,14,88,1,19
2,6,30.0,208,3,9,0,8,27,0,19
3,5,26.0,37,0,12,1,11,8,4,3
3,5,26.0,37,0,18,1,6,73,0,3
2,6,30.0,208,3,9,3,12,121,3,19
2,10,8.0,150,0,9,2,4,79,0,8
2,10,8.0,150,0,0,0,13,29,2,8
2,10,8.0,150,0,18,0,9,93,1,8
3,11,29.0,270,2,6,0,0,53,0,16
3,11,29.0,270,2,2,0,11,18,1,16
2,1,17.0,82,6,16,0,0,12,0,6
3,5,13.0,184,1,12,0,0,64,2,25
3,5,21.0,351,2,18,0,8,118,3,21
2,1,28.0,112,2,2,0,2,123,3,18
3,1,20.0,151,2,13,0,14,107,2,29
2,2,17.0,7,3,12,1,13,99,4,6
3,5,13.0,184,1,22,0,14,34,2,25
2,1,22.0,69,4,3,1,14,25,4,26
2,1,16.0,63,5,19,1,13,38,0,2
3,11,10.0,360,5,19,1,9,134,4,4
3,5,13.0,184,1,8,0,10,47,0,25
3,9,3.0,217,0,22,0,2,71,4,27
3,1,20.0,151,2,10,0,2,86,1,29
2,8,22.0,102,3,5,1,2,69,0,26
2,1,31.0,66,6,5,0,11,58,0,20
2,8,7.0,76,6,0,1,3,76,0,11
2,0,10.0,10,1,17,1,12,58,4,4
3,9,3.0,217,0,4,2,15,119,0,27
3,9,4.0,295,1,17,2,12,100,3,30
3,9,4.0,295,1,17,1,13,13,0,30
3,9,4.0,295,1,14,0,13,29,4,30
3,9,4.0,295,1,14,2,6,7,3,30
3,9,4.0,295,1,9,0,10,30,0,30
3,7,4.0,186,1,14,1,11,55,4,30
2,8,26.0,78,4,23,1,10,22,1,3
3,7,19.0,330,2,22,0,6,91,4,10
3,7,27.0,53,4,0,1,1,1,0,15
3,7,27.0,53,4,12,0,1,35,1,15
3,9,3.0,217,0,10,0,2,13,1,27
2,10,12.0,346,5,19,0,8,19,4,28
3,9,3.0,217,0,10,0,7,62,0,27
3,9,3.0,217,0,23,1,9,95,2,27
3,9,3.0,217,0,22,0,3,4,0,27
3,9,3.0,217,0,13,1,12,56,4,27
3,9,4.0,295,1,22,0,10,12,0,30
3,9,4.0,295,1,23,1,1,105,0,30
2,6,20.0,193,4,9,0,13,99,1,29
3,7,4.0,186,1,16,0,4,75,1,30
2,8,2.0,363,0,12,3,4,127,0,22
2,8,9.0,71,0,12,0,1,16,2,12
2,8,19.0,319,4,5,1,13,38,1,10
2,4,1.0,141,1,8,1,6,7,0,7
2,8,29.0,103,3,18,1,6,7,0,16
3,7,4.0,186,1,14,1,11,55,4,30
3,7,4.0,186,1,9,0,9,49,1,30
3,7,4.0,186,1,1,0,13,38,3,30
3,7,19.0,330,2,7,2,10,47,3,10
3,7,19.0,330,2,22,1,12,83,4,10
3,7,19.0,330,2,15,0,11,98,4,10
3,7,27.0,53,4,15,0,16,37,1,15
3,7,27.0,53,4,20,1,10,47,4,15
3,7,27.0,53,4,12,0,1,35,4,15
3,6,30.0,145,0,9,0,5,0,2,19
3,10,4.0,356,5,17,2,0,15,3,30
3,10,4.0,356,5,0,0,0,77,1,30
3,6,30.0,145,0,9,0,2,2,1,19
3,10,4.0,356,5,22,1,9,93,4,30
3,10,4.0,356,5,9,0,10,22,1,30
3,10,5.0,336,6,2,0,2,86,3,24
3,10,13.0,346,3,17,1,10,43,0,25
2,1,26.0,262,0,6,3,5,6,1,3
2,7,18.0,330,0,13,0,1,67,0,0
3,11,27.0,322,0,10,1,5,12,1,15
3,9,2.0,323,3,9,0,2,2,3,22
3,10,13.0,346,3,19,0,16,65,0,25
3,10,13.0,346,3,4,0,9,54,4,25
3,10,13.0,346,3,10,1,11,94,1,25
3,10,13.0,346,3,2,0,10,23,3,25
3,10,13.0,346,3,9,1,4,4,1,25
3,10,23.0,247,2,6,0,1,35,4,17
3,10,23.0,247,2,0,0,16,37,1,17
3,10,23.0,247,2,23,2,10,22,3,17
3,10,23.0,247,2,12,0,10,47,1,17
3,10,23.0,247,2,19,0,9,49,1,17
3,10,13.0,346,3,17,0,2,2,4,25
3,1,13.0,207,2,16,0,10,23,1,25
3,1,13.0,207,2,7,0,1,59,2,25
3,1,13.0,207,2,8,1,3,44,4,25
3,1,13.0,207,2,8,0,1,11,4,25
3,1,13.0,207,2,14,0,13,29,4,25
3,1,20.0,151,2,6,1,15,39,0,29
3,1,20.0,151,2,16,0,11,15,3,29
3,1,20.0,151,2,21,1,11,124,0,29
3,1,20.0,151,2,20,2,2,86,0,29
3,10,5.0,336,6,14,0,13,48,4,24
3,11,30.0,170,4,20,1,8,9,4,19
3,7,28.0,34,5,12,0,10,22,2,18
3,10,5.0,336,6,1,0,2,2,0,24
3,10,5.0,336,6,15,1,3,30,0,24
3,10,13.0,346,3,21,2,11,122,3,25
3,10,13.0,346,3,12,2,12,61,3,25
3,10,23.0,247,2,17,0,16,37,4,17
3,10,23.0,247,2,22,0,14,34,3,17
3,10,23.0,247,2,22,1,15,51,1,17
3,10,23.0,247,2,1,0,4,75,3,17
3,1,13.0,207,2,23,2,0,12,1,25
3,1,13.0,207,2,8,0,1,11,4,25
3,1,20.0,151,2,0,2,0,15,0,29
3,6,21.0,193,6,20,1,7,54,4,21
2,1,30.0,305,5,9,0,7,20,1,19
2,7,7.0,94,4,4,0,10,22,3,11
3,6,26.0,348,4,14,0,12,56,2,3
2,8,21.0,354,6,22,0,1,16,2,21
3,1,23.0,69,6,14,0,6,88,3,17
2,8,4.0,101,2,16,2,1,11,3,30
2,7,14.0,205,4,21,1,11,117,0,5
2,1,9.0,17,5,14,0,2,92,4,12
2,0,29.0,228,3,12,0,10,47,0,16
3,1,23.0,69,6,19,0,10,47,3,17
2,8,4.0,101,2,17,0,13,99,1,30
2,7,14.0,205,4,18,2,8,118,1,5
2,1,28.0,112,2,20,0,14,24,1,18
2,4,3.0,178,4,10,0,6,73,1,27
3,11,3.0,288,5,21,1,10,52,1,27
3,1,28.0,300,4,9,0,2,71,4,18
2,8,4.0,101,2,0,1,11,15,0,30
2,7,14.0,205,4,1,0,6,128,3,5
2,1,28.0,112,2,7,1,5,12,0,18
2,4,3.0,178,4,3,0,12,80,4,27
3,5,13.0,184,1,3,0,6,89,3,25
2,8,4.0,101,2,18,0,8,9,1,30
3,1,31.0,305,3,6,0,16,42,3,20
2,8,4.0,101,2,13,0,2,2,4,30
3,1,31.0,305,3,19,0,4,79,0,20
2,7,12.0,238,1,17,1,3,79,2,28
2,1,28.0,112,2,8,0,2,40,1,18
2,4,3.0,178,4,8,0,0,64,3,27
3,5,27.0,328,1,2,0,5,12,3,15
2,8,4.0,101,2,22,0,9,57,3,30
2,8,10.0,306,1,0,0,14,34,3,4
3,1,31.0,305,3,9,0,11,15,1,20
2,7,15.0,40,5,22,0,10,47,1,1
2,1,28.0,112,2,19,0,4,79,0,18
2,4,20.0,339,3,9,0,0,64,1,29
3,5,27.0,328,1,22,0,0,31,0,15
2,6,1.0,352,6,11,3,13,28,0,7
2,8,10.0,306,1,7,0,5,6,0,4
2,8,10.0,306,1,1,0,14,34,1,4
2,8,11.0,284,2,6,0,0,12,0,9
2,8,10.0,306,1,9,0,14,110,3,4
2,8,11.0,284,2,17,0,8,41,3,9
2,8,11.0,284,2,0,1,13,28,0,9
2,8,10.0,306,1,1,1,12,80,4,4
2,8,11.0,284,2,20,0,7,31,4,9
2,8,11.0,284,2,8,0,2,3,4,9
2,8,13.0,296,5,2,2,1,59,0,25
2,8,13.0,296,5,9,0,13,21,1,25
2,10,4.0,336,4,13,2,10,22,2,30
3,7,3.0,269,0,18,0,15,51,1,27
3,7,3.0,269,0,2,1,1,67,4,27
2,4,2.0,279,2,2,2,2,123,3,22
2,4,2.0,279,2,8,1,2,86,1,22
3,11,29.0,270,2,16,0,5,12,0,16
3,11,29.0,270,2,23,2,12,84,3,16
3,11,29.0,270,2,20,0,13,48,1,16
3,11,29.0,270,2,19,1,9,54,1,16
3,11,29.0,270,2,14,0,8,41,4,16
3,11,29.0,270,2,8,0,13,38,1,16
3,9,3.0,217,0,19,1,9,101,4,27
3,9,4.0,295,1,17,0,16,139,3,30
3,9,3.0,217,0,12,1,2,69,0,27
3,9,4.0,295,1,16,0,13,38,1,30
3,9,4.0,295,1,12,0,15,39,3,30
3,7,4.0,186,1,6,0,11,15,0,30
3,7,4.0,186,1,20,0,10,22,3,30
2,0,30.0,290,0,21,1,10,22,1,19
2,0,30.0,290,0,15,0,5,12,1,19
2,0,30.0,290,0,5,0,0,12,3,19
2,0,30.0,290,0,19,2,10,22,1,19
2,0,30.0,290,0,19,1,9,87,4,19
3,6,22.0,185,3,5,0,4,136,4,26
3,6,22.0,185,3,17,1,0,53,0,26
3,6,22.0,185,3,14,0,1,16,4,26
3,6,22.0,185,3,1,2,3,76,3,26
3,6,29.0,335,3,16,0,5,12,1,16
3,6,29.0,335,3,11,0,10,43,1,16
3,6,29.0,335,3,22,0,2,2,1,16
3,6,29.0,335,3,15,1,14,125,4,16
3,6,29.0,335,3,15,0,10,47,2,16
3,6,29.0,335,3,1,0,13,99,3,16
3,6,30.0,145,0,20,0,5,6,2,19
3,6,30.0,145,0,3,1,9,93,4,19
3,10,4.0,356,5,6,1,16,65,0,30
3,10,5.0,336,6,17,0,2,86,1,24
3,10,4.0,356,5,9,1,9,49,1,30
3,10,5.0,336,6,15,0,5,12,0,24
3,10,5.0,336,6,18,0,4,82,3,24
3,10,5.0,336,6,18,2,6,7,3,24
3,10,13.0,346,3,23,0,5,6,2,25
3,10,13.0,346,3,23,0,10,22,1,25
3,10,13.0,346,3,13,0,10,6,3,25
3,10,23.0,247,2,21,2,15,46,3,17
2,0,30.0,290,0,9,0,9,54,1,19
3,11,2.0,265,4,22,0,4,136,4,22
3,11,11.0,175,6,20,2,5,64,0,9
3,11,11.0,175,6,5,0,1,67,0,9
3,11,11.0,175,6,9,0,2,69,4,9
3,6,3.0,99,1,19,1,12,104,0,27
3,6,28.0,309,6,12,1,10,52,1,18
2,8,29.0,103,3,15,2,0,0,2,16
2,8,29.0,103,3,2,0,5,6,2,16
2,8,29.0,103,3,22,1,11,117,1,16
2,8,3.0,299,1,17,0,3,30,3,27
2,8,9.0,71,0,14,1,5,6,1,12
2,4,1.0,141,1,16,0,1,11,4,7
2,8,1.0,77,3,11,0,1,59,4,7
3,11,21.0,192,1,4,2,9,93,0,21
3,11,21.0,192,1,9,0,13,69,3,21
3,11,21.0,192,1,2,1,9,109,4,21
2,7,22.0,202,5,17,2,6,14,3,26
3,6,6.0,83,5,7,2,9,27,3,23
3,5,27.0,328,1,1,0,0,77,1,15
3,5,29.0,24,4,9,0,1,16,2,16
2,4,21.0,152,0,2,0,14,34,3,21
3,10,13.0,346,3,20,1,15,114,1,25
3,6,6.0,83,5,20,0,6,89,4,23
3,6,4.0,159,2,16,2,16,37,3,30
3,10,5.0,336,6,2,0,9,54,1,24
2,4,21.0,152,0,1,1,3,44,4,21
2,0,19.0,172,4,15,1,1,11,1,10
3,10,13.0,346,3,1,0,10,47,3,25
3,6,6.0,83,5,14,0,0,12,0,23
3,6,4.0,159,2,21,0,0,64,1,30
3,10,5.0,336,6,5,3,5,64,3,24
2,4,3.0,178,4,3,1,1,105,4,27
2,0,28.0,191,6,8,0,11,18,1,18
3,10,13.0,346,3,4,0,9,54,1,25
3,6,11.0,355,2,19,3,6,7,3,9
3,6,28.0,309,6,4,2,10,47,2,18
3,10,13.0,346,3,17,0,8,41,4,25
2,4,3.0,178,4,4,2,12,100,3,27
3,11,28.0,123,1,17,0,6,89,1,18
3,10,23.0,247,2,21,0,4,5,1,17
3,6,11.0,355,2,14,0,3,4,2,9
2,0,3.0,229,1,8,0,4,121,2,27
2,0,5.0,260,4,8,1,9,10,4,24
2,2,18.0,137,0,16,0,16,65,3,0
2,0,21.0,241,6,15,0,4,45,3,21
2,0,21.0,241,6,1,0,2,69,1,21
2,0,21.0,241,6,18,1,14,88,4,21
2,0,30.0,290,0,1,0,13,48,1,19
3,11,2.0,265,4,14,0,6,89,3,22
3,11,11.0,175,6,22,0,15,119,4,9
3,11,11.0,175,6,8,0,10,43,2,9
3,11,11.0,175,6,14,0,9,102,1,9
3,11,11.0,175,6,9,0,6,7,0,9
3,11,11.0,175,6,13,0,13,28,2,9
3,11,13.0,312,0,4,1,12,135,1,25
3,11,13.0,312,0,14,1,9,93,4,25
3,11,29.0,270,2,15,0,12,83,2,16
3,11,29.0,270,2,14,0,8,41,3,16
3,11,29.0,270,2,18,0,14,106,1,16
3,11,29.0,270,2,14,0,2,13,3,16
3,9,3.0,217,0,16,2,0,64,3,27
3,9,3.0,217,0,13,0,6,89,2,27
2,8,4.0,101,2,5,0,5,12,3,30
2,8,10.0,306,1,17,0,1,16,4,4
2,0,4.0,122,2,14,1,3,30,1,30
2,0,20.0,287,5,8,0,6,7,0,29
3,11,28.0,123,1,9,0,9,63,4,18
2,8,10.0,306,1,8,0,0,77,0,4
2,4,21.0,152,0,18,0,12,80,4,21
2,4,20.0,339,3,22,0,15,46,3,29
2,8,10.0,306,1,4,0,8,41,4,4
2,8,11.0,284,2,6,0,9,93,3,9
2,8,13.0,296,5,17,2,6,89,3,25
2,8,13.0,296,5,16,1,14,34,0,25
2,8,13.0,296,5,13,0,2,69,3,25
2,8,13.0,296,5,2,0,2,2,2,25
2,8,13.0,296,5,3,1,16,72,4,25
2,4,2.0,279,2,6,0,2,123,1,22
2,10,4.0,336,4,16,1,15,96,1,30
2,10,3.0,356,2,17,1,5,6,1,27
2,10,4.0,336,4,9,0,10,52,1,30
2,10,9.0,245,1,18,0,8,118,1,12
2,10,10.0,298,2,17,0,0,96,1,4
2,10,11.0,333,4,11,1,14,97,4,9
3,9,3.0,217,0,13,2,8,41,0,27
2,0,21.0,241,6,10,0,8,27,0,21
2,0,21.0,241,6,14,3,0,26,3,21
2,0,30.0,290,0,12,0,2,86,1,19
3,11,11.0,175,6,22,0,14,25,1,9
3,11,11.0,175,6,13,1,9,49,1,9
3,11,11.0,175,6,18,0,0,85,1,9
3,11,11.0,175,6,4,1,13,21,4,9
3,11,11.0,175,6,2,0,9,57,2,9
3,11,13.0,312,0,3,0,5,6,0,25
3,11,13.0,312,0,2,1,3,44,1,25
3,11,21.0,192,1,16,0,4,127,4,21
3,11,21.0,192,1,2,0,6,73,0,21
3,11,21.0,192,1,1,0,11,117,1,21
3,11,21.0,192,1,14,1,12,56,4,21
3,11,21.0,192,1,18,0,10,12,0,21
3,11,29.0,270,2,21,0,4,79,3,16
3,11,29.0,270,2,0,0,5,12,0,16
2,10,9.0,245,1,16,0,11,15,3,12
2,10,11.0,333,4,4,1,12,61,1,9
2,6,17.0,308,0,14,1,14,34,2,6
2,10,18.0,117,4,21,2,16,74,0,0
2,10,18.0,117,4,20,1,11,124,4,0
2,10,28.0,318,3,0,1,9,87,2,18
2,10,28.0,318,3,8,2,8,27,0,18
2,10,28.0,318,3,5,1,1,11,1,18
2,1,3.0,286,6,3,1,12,80,4,27
2,1,3.0,286,6,13,0,15,39,0,27
3,10,13.0,346,3,11,1,14,25,4,25
2,8,10.0,306,1,17,0,5,6,3,4
3,6,12.0,162,4,5,0,0,64,3,28
2,4,3.0,178,4,11,1,1,67,4,27
3,10,23.0,247,2,0,1,16,50,0,17
2,8,10.0,306,1,7,0,4,79,1,4
2,4,3.0,178,4,3,0,5,0,3,27
3,6,12.0,162,4,13,2,3,44,0,28
3,1,13.0,207,2,10,0,10,47,0,25
2,8,10.0,306,1,22,0,2,86,3,4
2,8,10.0,306,1,9,2,8,27,2,4
2,8,11.0,284,2,17,0,13,29,4,9
2,8,11.0,284,2,0,0,12,83,0,9
2,8,11.0,284,2,20,0,6,89,1,9
3,6,11.0,355,2,18,0,12,56,1,9
3,6,12.0,162,4,0,0,10,47,1,28
3,6,12.0,162,4,16,0,15,114,1,28
3,6,11.0,355,2,22,0,3,44,3,9
3,6,11.0,355,2,3,0,14,24,2,9
3,6,12.0,162,4,4,2,16,50,3,28
3,6,12.0,162,4,19,1,15,114,4,28
3,6,12.0,162,4,3,1,9,10,4,28
3,6,22.0,185,3,17,0,8,9,3,26
3,6,22.0,185,3,16,2,6,89,3,26
3,6,22.0,185,3,15,1,9,95,4,26
3,3,3.0,182,4,19,0,13,38,2,27
3,3,3.0,182,4,2,0,12,61,1,27
3,3,3.0,182,4,1,0,8,27,2,27
3,3,3.0,182,4,18,0,5,64,1,27
3,10,13.0,346,3,2,2,16,37,3,25
3,3,4.0,285,5,0,0,3,70,4,30
2,7,11.0,181,0,6,1,11,55,4,9
0,2,1.0,16,2,20,0,2,2,2,7
2,6,19.0,215,2,16,0,8,27,4,10
3,3,4.0,285,5,3,1,10,43,1,30
3,3,11.0,337,5,7,1,0,64,0,9
2,4,28.0,313,0,11,1,0,0,0,18
2,4,28.0,313,0,2,0,0,26,0,18
2,4,29.0,139,1,21,1,8,65,4,16
2,4,29.0,139,1,1,0,13,21,1,16
2,2,5.0,251,1,21,0,15,51,3,24
2,2,5.0,251,1,13,0,8,19,3,24
2,2,5.0,251,1,12,0,2,86,2,24
2,2,5.0,251,1,12,0,10,47,0,24
2,4,28.0,313,0,3,0,9,95,2,18
2,2,5.0,251,1,6,1,4,4,1,24
2,4,28.0,313,0,17,0,2,86,1,18
2,2,11.0,128,0,5,0,2,92,1,9
2,2,11.0,128,0,13,3,9,95,0,9
2,2,11.0,128,0,19,2,4,45,3,9
2,2,13.0,231,2,6,0,14,131,1,25
2,2,13.0,231,2,17,2,7,78,3,25
2,2,13.0,231,2,6,0,10,43,3,25
2,2,13.0,231,2,6,1,14,25,0,25
2,2,11.0,128,0,8,2,0,68,3,9
2,2,18.0,137,0,21,0,7,8,1,0
3,3,29.0,325,1,13,1,13,28,1,16
2,10,2.0,310,1,19,0,15,51,4,22
3,6,28.0,309,6,14,0,13,21,1,18
2,8,13.0,296,5,0,2,9,10,0,25
2,8,13.0,296,5,15,0,6,7,0,25
2,8,13.0,296,5,13,0,9,63,2,25
2,8,13.0,296,5,21,1,14,110,0,25
2,8,13.0,296,5,8,1,13,28,1,25
2,8,13.0,296,5,8,0,7,54,3,25
2,4,2.0,279,2,2,0,16,37,3,22
2,9,16.0,107,5,17,3,15,96,1,2
2,4,2.0,279,2,17,0,13,28,3,22
2,4,3.0,178,4,16,0,10,22,0,27
2,4,3.0,178,4,21,1,15,51,4,27
2,1,28.0,112,2,5,0,16,139,4,18
2,1,28.0,112,2,3,0,13,28,3,18
2,8,4.0,101,2,23,0,15,96,1,30
2,8,4.0,101,2,19,0,13,28,1,30
2,8,4.0,101,2,14,2,15,114,2,30
2,8,4.0,101,2,1,2,1,67,0,30
2,8,4.0,101,2,16,0,5,12,0,30
3,3,11.0,337,5,1,0,13,21,1,9
3,3,13.0,210,3,1,0,9,93,3,25
3,3,14.0,33,0,5,0,0,31,1,5
3,3,14.0,33,0,22,0,4,82,0,5
3,3,14.0,33,0,22,1,15,51,4,5
3,3,21.0,338,0,4,0,2,2,1,21
3,5,11.0,326,3,3,0,3,4,0,9
3,5,11.0,326,3,14,0,7,20,1,9
3,5,11.0,326,3,14,0,0,96,1,9
3,1,13.0,207,2,8,0,3,115,3,25
3,1,20.0,151,2,16,0,0,77,1,29
2,4,11.0,134,5,12,0,11,15,0,9
3,6,22.0,185,3,20,0,16,74,4,26
2,10,13.0,174,6,12,0,14,34,0,25
2,10,22.0,247,0,17,0,0,68,1,26
3,6,22.0,185,3,6,1,5,6,0,26
2,4,11.0,134,5,1,1,2,86,4,9
3,6,29.0,335,3,2,0,2,2,1,16
2,10,22.0,247,0,14,0,16,50,2,26
3,1,20.0,151,2,11,0,2,2,1,29
2,4,20.0,339,3,21,1,16,37,0,29
2,10,22.0,247,0,1,0,0,77,3,26
2,4,20.0,339,3,3,2,0,12,0,29
3,6,29.0,335,3,1,0,6,7,3,16
3,6,29.0,335,3,9,1,16,42,4,16
3,6,29.0,335,3,8,1,15,112,1,16
3,10,4.0,356,5,8,1,13,29,1,30
3,6,30.0,145,0,13,1,15,46,4,19
3,10,5.0,336,6,11,0,2,40,2,24
3,6,4.0,159,2,22,2,12,80,4,30
3,6,6.0,83,5,17,1,7,137,4,23
3,6,6.0,83,5,14,0,13,69,4,23
3,6,6.0,83,5,13,0,8,19,3,23
3,6,11.0,355,2,0,0,6,132,3,9
3,11,29.0,270,2,10,0,14,25,1,16
3,11,29.0,270,2,10,1,14,32,0,16
3,11,29.0,270,2,14,3,9,134,3,16
2,0,3.0,229,1,13,0,3,79,1,27
2,0,21.0,241,6,15,1,2,3,2,21
2,0,21.0,241,6,11,1,16,50,4,21
2,8,19.0,319,4,2,0,1,11,1,10
2,8,28.0,301,6,12,1,10,12,1,18
2,8,28.0,301,6,13,2,2,3,3,18
2,4,5.0,176,6,14,1,9,10,4,24
2,1,27.0,300,1,11,0,5,6,2,15
2,8,12.0,189,4,9,1,4,45,4,28
2,8,9.0,71,0,17,0,7,31,4,12
2,4,1.0,141,1,1,1,6,7,2,7
2,0,30.0,290,0,11,1,16,72,0,19
2,0,30.0,290,0,8,2,4,4,3,19
2,0,30.0,290,0,12,0,5,64,0,19
3,11,2.0,265,4,5,0,0,26,0,22
3,11,2.0,265,4,11,1,6,7,4,22
3,11,11.0,175,6,8,2,2,13,3,9
3,11,11.0,175,6,12,1,2,86,1,9
3,11,13.0,312,0,11,0,2,3,4,25
2,3,1.0,120,0,5,3,2,86,0,7
2,8,21.0,354,6,1,2,7,78,3,21
2,8,21.0,354,6,8,0,13,99,2,21
3,6,12.0,162,4,0,0,0,0,2,28
3,6,11.0,355,2,5,1,5,12,1,9
3,6,12.0,162,4,14,0,9,54,1,28
3,6,12.0,162,4,14,0,14,131,1,28
3,6,12.0,162,4,18,0,5,6,3,28
3,6,12.0,162,4,1,0,9,63,1,28
3,6,12.0,162,4,22,0,13,21,4,28
3,6,22.0,185,3,14,1,4,5,1,26
3,6,29.0,335,3,20,0,6,89,1,16
3,6,29.0,335,3,5,0,14,25,3,16
3,6,29.0,335,3,17,2,12,61,3,16
3,6,30.0,145,0,16,2,6,91,3,19
3,6,22.0,185,3,9,0,11,90,1,26
3,6,22.0,185,3,14,0,8,27,3,26
3,11,13.0,312,0,15,1,11,18,1,25
3,11,21.0,192,1,11,0,10,22,3,21
3,11,21.0,192,1,8,0,6,7,2,21
3,11,29.0,270,2,2,0,1,11,4,16
2,2,20.0,108,2,6,0,5,12,0,29
2,2,20.0,108,2,8,0,3,30,2,29
2,2,20.0,108,2,1,0,13,13,4,29
2,2,20.0,108,2,9,0,5,0,2,29
2,2,20.0,108,2,17,0,12,121,1,29
2,2,29.0,131,5,11,1,2,2,4,16
2,2,29.0,131,5,14,0,8,9,0,16
2,0,2.0,334,0,15,0,9,87,2,22
2,0,2.0,334,0,19,0,9,95,2,22
3,6,5.0,342,4,4,2,2,2,3,24
2,4,21.0,152,0,23,0,6,91,4,21
3,1,20.0,151,2,2,0,1,67,2,29
2,10,24.0,56,2,16,0,7,57,4,14
3,1,23.0,69,6,8,2,8,118,3,17
2,10,24.0,56,2,11,0,12,80,1,14
2,4,21.0,152,0,15,0,8,41,4,21
3,1,23.0,69,6,19,0,11,18,4,17
2,4,21.0,152,0,19,0,9,54,1,21
2,4,26.0,274,6,17,1,6,7,0,3
3,1,23.0,69,6,14,0,8,9,1,17
2,10,25.0,61,4,17,0,4,82,1,13
2,4,20.0,339,3,8,2,12,56,0,29
3,7,29.0,268,6,1,1,1,105,0,16
3,7,29.0,268,6,12,0,8,9,3,16
3,7,30.0,42,3,17,1,5,64,1,19
3,7,30.0,42,3,13,0,6,73,2,19
2,10,1.0,358,0,17,0,8,27,1,7
3,7,30.0,42,3,12,0,0,15,0,19
3,7,30.0,42,3,18,0,13,29,1,19
3,10,12.0,333,6,9,0,8,27,1,28
3,10,22.0,314,1,18,0,8,9,1,26
3,10,22.0,314,1,14,0,13,36,0,26
3,1,6.0,97,2,13,1,2,13,4,23
3,7,30.0,42,3,9,0,2,2,4,19
3,7,30.0,42,3,2,0,13,38,3,19
3,7,30.0,42,3,15,0,8,118,2,19
3,3,19.0,138,6,13,1,2,92,4,10
3,3,19.0,138,6,9,0,6,132,0,10
3,3,19.0,138,6,23,2,13,36,2,10
3,3,20.0,105,3,7,1,13,48,0,29
3,3,20.0,105,3,8,0,13,29,2,29
3,3,19.0,138,6,14,0,2,92,4,10
2,7,22.0,202,5,8,0,1,16,1,26
2,7,30.0,43,6,16,1,11,98,0,19
2,7,30.0,43,6,8,0,11,117,3,19
2,7,30.0,43,6,8,3,6,14,0,19
0,0,30.0,228,6,17,0,16,113,1,19
2,3,29.0,304,0,16,0,2,86,3,16
2,3,29.0,304,0,11,0,2,3,3,16
2,3,29.0,304,0,22,2,15,108,3,16
2,4,22.0,30,1,12,1,1,105,4,26
2,8,30.0,144,0,17,0,3,79,1,19
2,4,7.0,292,0,8,3,15,31,1,11
3,5,8.0,199,4,9,1,10,52,1,8
2,5,4.0,96,6,17,0,2,86,4,30
2,5,4.0,96,6,10,0,13,38,2,30
2,5,4.0,96,6,17,1,3,30,0,30
2,5,4.0,96,6,14,2,1,67,3,30
2,5,5.0,277,3,17,1,13,36,1,24
2,5,5.0,277,3,17,0,12,61,0,24
2,5,5.0,277,3,1,2,5,6,3,24
2,5,16.0,212,4,3,0,2,40,2,2
2,5,15.0,239,2,9,1,14,125,0,1
2,5,16.0,212,4,22,1,1,105,4,2
2,5,15.0,239,2,13,0,16,74,1,1
2,5,16.0,212,4,8,0,2,2,1,2
2,5,16.0,212,4,22,2,16,37,3,2
2,5,15.0,239,2,11,3,0,85,4,1
2,6,5.0,83,2,17,0,4,82,1,24
2,6,5.0,83,2,15,0,14,25,1,24
2,6,5.0,83,2,2,0,9,57,0,24
2,6,5.0,83,2,2,0,1,11,4,24
2,6,5.0,83,2,2,0,1,16,4,24
2,6,5.0,83,2,19,0,9,63,3,24
2,6,5.0,83,2,15,0,5,12,1,24
2,6,5.0,83,2,3,0,9,27,3,24
2,6,7.0,59,5,6,0,15,85,1,11
2,6,30.0,208,3,19,1,5,64,0,19
2,10,22.0,247,0,22,0,1,67,0,26
2,6,15.0,38,6,17,1,12,80,4,1
2,6,15.0,38,6,13,0,14,34,1,1
2,6,15.0,38,6,15,0,10,22,2,1
2,6,15.0,38,6,1,0,11,15,1,1
2,10,25.0,61,4,3,0,16,50,2,13
2,1,17.0,82,6,6,1,12,100,2,6
2,1,17.0,82,6,22,0,9,101,3,6
3,1,23.0,69,6,18,1,8,9,0,17
2,1,17.0,82,6,1,0,13,48,3,6
3,1,23.0,69,6,22,0,8,9,2,17
3,1,28.0,300,4,22,0,13,28,3,18
2,1,22.0,69,4,21,0,13,48,0,26
3,1,31.0,305,3,6,2,10,43,3,20
2,1,22.0,69,4,2,0,12,82,3,26
3,10,4.0,356,5,16,0,3,76,2,30
2,1,22.0,69,4,14,0,11,15,0,26
3,10,4.0,356,5,6,1,12,17,0,30
2,1,22.0,69,4,4,2,16,72,3,26
3,10,4.0,356,5,15,0,8,9,0,30
2,1,30.0,305,5,8,2,6,89,3,19
3,3,19.0,138,6,13,0,12,56,3,10
2,1,30.0,305,5,4,0,13,21,3,19
3,3,19.0,138,6,4,0,9,54,2,10
3,3,20.0,105,3,11,0,13,29,1,29
2,8,2.0,363,0,17,1,14,34,0,22
2,8,12.0,189,4,9,0,3,115,0,28
2,8,12.0,189,4,9,1,8,19,0,28
2,4,1.0,141,1,18,0,6,128,1,7
2,4,1.0,141,1,17,0,16,130,2,7
3,9,3.0,217,0,8,1,12,17,1,27
3,9,4.0,295,1,15,0,3,115,4,30
3,9,4.0,295,1,11,0,3,30,4,30
3,9,4.0,295,1,2,1,9,87,4,30
3,7,4.0,186,1,8,2,9,57,2,30
3,7,19.0,330,2,0,0,0,64,2,10
3,7,19.0,330,2,16,1,7,122,4,10
3,7,19.0,330,2,22,1,3,76,1,10
3,7,19.0,330,2,1,2,11,133,0,10
3,7,27.0,53,4,19,0,9,87,4,15
3,7,27.0,53,4,1,1,10,47,0,15
3,7,27.0,53,4,2,0,14,24,2,15
3,7,29.0,268,6,22,0,0,12,0,16
3,7,29.0,268,6,22,0,10,52,3,16
3,7,29.0,268,6,10,0,5,6,0,16
3,6,30.0,145,0,18,1,0,12,0,19
3,10,4.0,356,5,8,0,0,96,3,30
3,10,4.0,356,5,9,0,5,64,1,30
3,10,5.0,336,6,3,0,13,29,0,24
3,10,5.0,336,6,2,0,10,12,1,24
3,10,5.0,336,6,18,0,15,51,1,24
3,10,13.0,346,3,17,0,15,51,3,25
3,11,12.0,118,3,4,1,5,6,0,28
2,4,4.0,235,5,17,1,5,64,0,30
3,11,1.0,222,2,17,0,1,59,1,7
3,7,28.0,34,5,3,0,2,86,2,18
3,6,30.0,145,0,13,3,6,7,0,19
3,10,13.0,346,3,23,1,14,25,1,25
3,10,23.0,247,2,7,0,14,24,1,17
3,10,23.0,247,2,22,2,10,22,2,17
3,10,23.0,247,2,13,0,2,2,1,17
3,1,13.0,207,2,10,1,4,82,1,25
3,1,13.0,207,2,22,0,2,86,1,25
3,1,13.0,207,2,4,1,7,62,4,25
3,1,20.0,151,2,17,0,16,72,1,29
3,1,23.0,69,6,16,1,2,86,0,17
3,1,23.0,69,6,22,2,8,41,3,17
2,0,24.0,281,1,9,0,8,9,1,14
2,2,17.0,7,3,5,0,14,24,1,6
0,2,13.0,276,0,11,0,10,52,2,25
2,1,23.0,64,5,19,1,4,45,4,17
2,11,4.0,275,4,9,3,7,78,3,30
2,11,15.0,331,0,8,2,14,88,3,1
2,9,21.0,362,2,18,3,0,0,3,21
2,9,21.0,362,2,8,0,1,59,3,21
2,4,17.0,26,4,8,2,8,118,3,6
2,6,13.0,173,4,4,0,6,89,4,25
3,6,1.0,158,3,19,1,13,69,2,7
2,10,15.0,201,0,13,3,7,129,1,1
2,10,14.0,60,3,3,1,1,81,2,5
2,10,14.0,60,3,20,1,4,127,4,5
2,1,30.0,305,5,23,1,1,81,4,19
2,1,31.0,66,6,17,0,2,123,2,20
2,1,30.0,305,5,1,0,10,22,3,19
2,1,31.0,66,6,4,0,13,36,4,20
2,8,8.0,124,3,11,2,4,82,1,8
2,8,8.0,124,3,22,0,2,69,2,8
2,8,22.0,102,3,21,2,0,12,3,26
2,8,22.0,102,3,2,1,14,126,4,26
2,8,23.0,85,0,10,2,2,69,3,17
2,8,23.0,85,0,5,0,2,2,2,17
2,8,23.0,85,0,12,0,4,66,1,17
2,8,24.0,86,1,17,0,14,34,1,14
2,8,24.0,86,1,4,0,1,35,3,14
2,8,24.0,86,1,4,0,4,82,3,14
2,8,24.0,86,1,10,1,2,92,1,14
2,10,25.0,61,4,14,0,12,80,3,13
2,10,30.0,135,1,3,0,10,22,3,19
2,10,30.0,135,1,13,0,1,1,4,19
2,10,30.0,135,1,12,0,8,33,2,19
2,10,30.0,135,1,11,0,16,65,4,19
2,1,6.0,32,1,4,0,0,64,0,23
2,1,17.0,82,6,19,0,2,92,4,6
2,1,17.0,82,6,14,0,2,2,3,6
3,7,4.0,186,1,5,0,4,82,1,30
3,7,4.0,186,1,9,0,0,26,2,30
3,7,4.0,186,1,18,0,5,12,0,30
3,10,22.0,314,1,1,0,0,53,4,26
2,4,1.0,141,1,5,0,16,50,2,7
3,7,19.0,330,2,8,3,14,25,0,10
3,7,19.0,330,2,22,0,11,15,1,10
3,7,19.0,330,2,8,3,13,48,3,10
3,7,19.0,330,2,22,3,12,121,1,10
3,7,19.0,330,2,1,2,9,10,0,10
3,7,27.0,53,4,17,0,13,99,4,15
3,7,27.0,53,4,21,1,14,25,0,15
3,7,27.0,53,4,13,0,12,80,1,15
3,7,27.0,53,4,2,1,2,86,1,15
3,7,29.0,268,6,6,0,0,77,1,16
3,7,29.0,268,6,22,0,9,49,4,16
3,7,29.0,268,6,2,0,1,105,1,16
3,7,30.0,42,3,6,1,7,137,4,19
3,7,29.0,268,6,1,1,8,27,4,16
3,7,29.0,268,6,12,0,9,101,3,16
3,7,30.0,42,3,8,2,9,63,0,19
2,1,17.0,82,6,18,2,4,82,3,6
2,1,22.0,69,4,9,0,13,21,2,26
2,1,30.0,305,5,7,0,2,2,3,19
2,1,30.0,305,5,14,0,0,26,3,19
2,1,30.0,305,5,1,0,4,75,4,19
2,1,30.0,305,5,4,1,11,117,2,19
2,1,31.0,66,6,8,0,0,12,3,20
2,1,31.0,66,6,4,0,11,124,1,20
2,8,8.0,124,3,17,0,9,93,2,8
2,8,8.0,124,3,11,1,1,105,4,8
2,8,8.0,124,3,1,0,16,65,4,8
3,7,11.0,197,1,4,0,1,16,3,9
2,6,1.0,352,6,14,0,6,7,0,7
3,7,13.0,238,4,17,0,4,5,1,25
2,6,1.0,352,6,2,0,13,123,2,7
3,7,13.0,238,4,15,0,0,26,1,25
2,4,11.0,134,5,11,0,12,104,0,9
3,3,12.0,104,6,22,1,2,3,0,28
3,7,13.0,238,4,19,0,11,47,3,25
2,7,9.0,329,6,0,0,15,46,4,12
3,7,13.0,238,4,1,2,2,2,3,25
2,7,2.0,269,6,22,3,14,110,3,22
3,7,21.0,81,5,22,0,1,81,1,21
2,5,28.0,24,1,17,1,15,46,1,18
3,11,26.0,364,3,14,0,14,32,4,3
2,6,1.0,352,6,9,2,13,29,0,7
3,7,21.0,81,5,13,1,4,127,4,21
2,6,2.0,99,3,16,2,3,44,0,22
3,7,21.0,81,5,13,1,11,94,1,21
3,7,22.0,211,6,6,2,2,86,3,26
2,6,2.0,99,3,13,0,7,129,0,22
3,7,22.0,211,6,10,1,5,12,1,26
2,6,2.0,99,3,15,0,6,128,4,22
3,7,22.0,211,6,10,0,2,40,1,26
3,7,22.0,211,6,5,0,12,84,4,26
2,6,2.0,99,3,19,0,16,72,0,22
3,7,22.0,211,6,8,0,13,38,1,26
2,6,3.0,159,0,17,0,11,18,1,27
2,8,9.0,71,0,13,3,6,7,0,12
2,8,9.0,71,0,8,2,14,110,0,12
2,8,12.0,189,4,9,1,14,24,1,28
2,8,12.0,189,4,6,1,1,35,4,28
2,8,19.0,319,4,2,2,3,44,3,10
2,8,19.0,319,4,12,0,10,47,0,10
2,1,1.0,171,4,17,3,8,19,4,7
2,8,26.0,78,4,5,0,5,47,3,3
2,8,26.0,78,4,2,2,2,86,4,3
2,8,26.0,78,4,12,0,14,34,3,3
2,1,29.0,100,4,0,0,16,37,3,16
2,8,26.0,78,4,9,0,6,7,3,3
2,8,26.0,78,4,9,0,6,89,3,3
2,8,26.0,78,4,1,2,6,89,3,3
2,8,27.0,224,5,9,0,0,77,3,15
2,7,28.0,268,4,17,3,9,27,0,18
2,5,2.0,161,4,14,0,8,65,1,22
2,5,27.0,259,0,1,0,0,68,3,15
2,8,27.0,224,5,13,1,16,139,1,15
2,8,26.0,78,4,15,0,14,32,1,3
2,1,27.0,300,1,11,1,2,35,4,15
3,7,28.0,34,5,6,0,5,6,3,18
3,7,28.0,34,5,6,0,2,13,3,18
3,7,28.0,34,5,21,0,8,27,1,18
3,9,28.0,315,5,21,1,13,28,4,18
3,9,28.0,315,5,21,0,0,64,2,18
3,9,28.0,315,5,22,1,1,81,4,18
3,7,5.0,204,2,15,0,15,31,1,24
3,7,5.0,204,2,15,0,16,113,2,24
3,7,5.0,204,2,8,0,9,54,1,24
3,7,5.0,204,2,14,0,4,82,3,24
3,7,5.0,204,2,10,0,13,29,4,24
3,7,5.0,204,2,20,1,8,41,0,24
3,7,11.0,197,1,17,1,14,110,0,9
3,7,13.0,238,4,22,0,2,86,0,25
3,7,13.0,238,4,4,0,7,137,1,25
3,7,11.0,197,1,19,0,0,64,1,9
3,7,22.0,211,6,16,1,0,53,0,26
3,7,22.0,211,6,9,1,7,122,4,26
2,8,18.0,280,2,1,2,16,37,3,0
2,8,18.0,280,2,12,2,6,91,3,0
2,3,27.0,187,6,1,1,9,58,2,15
2,6,3.0,159,0,21,2,0,64,3,27
2,6,2.0,99,3,15,0,6,91,2,22
2,6,3.0,159,0,8,0,15,51,0,27
2,6,3.0,159,0,13,0,1,67,3,27
2,6,17.0,308,0,16,1,3,30,4,6
2,6,17.0,308,0,8,2,16,74,4,6
2,6,17.0,308,0,2,0,9,95,1,6
2,6,17.0,308,0,11,1,12,61,1,6
2,6,17.0,308,0,1,0,14,125,1,6
2,6,20.0,193,4,0,1,8,19,0,29
2,6,20.0,193,4,7,1,10,22,0,29
3,5,12.0,327,0,19,1,14,88,4,28
2,4,20.0,339,3,18,0,0,85,1,29
2,4,21.0,152,0,11,3,2,2,0,21
2,5,3.0,114,5,5,1,16,113,4,27
2,5,3.0,114,5,11,3,10,12,0,27
3,5,19.0,146,0,22,1,11,98,4,10
2,6,3.0,159,0,1,0,11,133,0,27
3,3,21.0,338,0,1,2,6,7,2,21
2,6,17.0,308,0,2,0,2,40,4,6
2,6,17.0,308,0,19,0,10,12,3,6
2,6,17.0,308,0,22,1,2,86,4,6
2,6,20.0,193,4,16,0,16,50,1,29
2,11,3.0,288,2,12,0,13,13,1,27
2,5,24.0,350,5,19,0,5,12,1,14
2,5,23.0,58,4,22,1,3,79,1,17
2,5,24.0,350,5,19,1,16,72,0,14
2,0,24.0,281,1,13,1,9,54,1,14
2,0,23.0,55,0,13,3,9,27,0,17
2,11,4.0,275,4,18,2,0,77,1,30
3,9,1.0,126,6,13,0,1,11,0,7
2,1,16.0,63,5,11,0,10,52,3,2
3,9,25.0,344,1,7,1,10,47,0,13
2,11,4.0,275,4,2,0,16,37,4,30
3,3,8.0,148,1,17,0,10,43,0,8
3,3,8.0,148,1,5,0,13,29,2,8
2,8,26.0,78,4,4,1,3,76,4,3
3,11,12.0,118,3,1,0,8,118,1,28
2,3,28.0,325,3,23,1,13,123,1,18
2,5,31.0,158,5,4,0,14,106,4,20
2,4,29.0,139,1,19,2,16,37,0,16
2,6,16.0,244,3,8,0,6,132,2,2
2,6,3.0,159,0,0,0,10,22,0,27
2,1,29.0,100,4,6,1,14,125,0,16
2,7,26.0,53,1,16,0,0,26,3,3
2,1,29.0,100,4,17,1,13,48,0,16
2,2,5.0,251,1,6,1,10,47,0,24
2,8,26.0,78,4,18,1,10,12,1,3
2,2,17.0,7,3,1,3,7,57,0,6
3,11,20.0,340,0,17,0,11,133,4,29
2,1,29.0,100,4,9,0,10,22,3,16
2,1,29.0,100,4,7,1,3,44,4,16
2,2,5.0,251,1,7,0,10,12,1,24
2,8,28.0,301,6,15,0,4,5,1,18
2,8,26.0,78,4,22,2,0,68,2,3
2,9,17.0,255,6,3,0,13,29,2,6
2,7,26.0,53,1,5,0,4,121,2,3
2,6,2.0,99,3,9,1,11,90,0,22
3,3,21.0,338,0,12,1,10,22,1,21
2,8,28.0,301,6,8,0,5,64,1,18
2,1,10.0,111,6,23,0,6,7,4,4
2,1,10.0,111,6,5,0,12,121,1,4
2,10,29.0,157,0,3,1,13,99,1,16
2,2,5.0,251,1,12,0,1,1,0,24
2,7,26.0,53,1,23,2,7,120,0,3
2,6,3.0,159,0,8,0,4,138,2,27
3,5,11.0,326,3,20,0,4,4,1,9
2,8,28.0,301,6,14,0,8,9,1,18
2,1,12.0,207,0,17,2,11,94,3,28
2,1,29.0,100,4,12,0,7,20,3,16
2,1,29.0,100,4,4,1,0,12,0,16
3,11,29.0,270,2,13,0,5,0,2,16
2,1,29.0,100,4,12,0,1,59,2,16
2,1,29.0,100,4,9,0,9,10,4,16
2,8,1.0,77,3,16,0,16,50,0,7
2,8,1.0,77,3,6,1,12,135,4,7
2,8,2.0,363,0,21,1,4,4,0,22
3,9,2.0,323,3,22,0,3,70,0,22
3,9,5.0,89,2,17,0,2,86,1,24
3,9,5.0,89,2,17,2,2,86,1,24
3,9,5.0,89,2,10,0,5,6,1,24
3,11,30.0,170,4,3,0,12,17,3,19
3,9,5.0,89,2,2,0,3,70,2,24
3,9,5.0,89,2,4,0,1,105,4,24
3,9,13.0,91,4,17,1,10,22,1,25
3,9,13.0,91,4,23,0,10,22,1,25
3,9,13.0,91,4,9,2,9,93,0,25
3,9,20.0,119,4,20,0,0,77,1,29
3,9,20.0,119,4,4,0,15,119,0,29
3,9,27.0,179,4,20,0,2,13,3,15
3,9,27.0,179,4,11,2,8,27,1,15
3,5,11.0,326,3,16,0,8,27,3,9
3,5,11.0,326,3,10,0,0,68,1,9
3,5,11.0,326,3,11,0,11,133,2,9
3,5,11.0,326,3,3,1,7,137,1,9
2,5,26.0,328,3,17,3,7,129,0,3
2,8,2.0,363,0,13,0,13,38,2,22
2,8,2.0,363,0,2,0,4,4,3,22
2,8,2.0,363,0,0,1,7,137,4,22
2,8,3.0,299,1,6,0,8,27,1,27
2,8,9.0,71,0,13,0,6,7,3,12
2,8,2.0,363,0,19,3,7,137,1,22
2,8,9.0,71,0,2,0,6,91,1,12
2,8,9.0,71,0,10,1,3,30,0,12
2,8,9.0,71,0,18,0,1,1,4,12
2,8,12.0,189,4,13,0,14,106,4,28
2,8,12.0,189,4,3,0,10,22,3,28
2,8,12.0,189,4,8,2,2,71,3,28
2,8,12.0,189,4,11,0,8,27,2,28
2,8,12.0,189,4,15,1,12,135,4,28
2,8,12.0,189,4,3,3,9,83,1,28
2,8,19.0,319,4,16,0,0,77,1,10
2,8,19.0,319,4,3,1,3,115,4,10
2,8,19.0,319,4,14,0,2,2,4,10
2,8,19.0,319,4,12,0,10,47,2,10
2,8,19.0,319,4,3,1,14,126,4,10
2,8,19.0,319,4,14,0,11,58,2,10
2,8,19.0,319,4,20,1,6,116,4,10
2,8,26.0,78,4,21,1,14,25,0,3
2,8,26.0,78,4,20,0,15,108,0,3
2,10,11.0,333,4,6,2,8,41,3,9
2,3,28.0,325,3,14,1,2,92,1,18
2,5,3.0,114,5,11,0,1,1,0,27
2,5,3.0,114,5,14,0,13,48,4,27
2,5,19.0,214,3,18,0,8,27,3,10
2,5,19.0,214,3,14,2,14,24,0,10
2,5,20.0,351,0,15,2,16,72,3,29
2,5,28.0,24,1,6,0,11,90,4,18
2,5,28.0,24,1,0,1,8,27,1,18
2,6,1.0,352,6,19,0,10,47,2,7
2,6,1.0,352,6,10,1,15,46,4,7
2,6,1.0,352,6,19,0,6,132,4,7
2,6,1.0,352,6,1,0,1,35,4,7
3,3,12.0,104,6,1,1,2,123,4,28
3,3,12.0,104,6,2,1,16,130,0,28
2,4,26.0,274,6,4,2,9,10,3,3
2,2,10.0,297,3,18,1,0,15,0,4
2,2,12.0,276,1,16,0,8,9,0,28
2,2,12.0,276,1,13,1,10,22,1,28
2,8,27.0,224,5,11,0,0,26,0,15
2,8,27.0,224,5,20,0,8,118,1,15
2,8,27.0,224,5,13,0,12,61,2,15
2,8,27.0,224,5,22,0,13,69,4,15
2,8,27.0,224,5,22,0,8,27,1,15
2,8,27.0,224,5,8,1,9,27,0,15
2,8,27.0,224,5,1,1,12,121,1,15
2,8,28.0,301,6,6,1,9,93,4,18
2,8,28.0,301,6,5,0,4,121,1,18
2,8,28.0,301,6,13,0,11,117,1,18
2,8,28.0,301,6,4,0,2,69,0,18
2,8,29.0,103,3,6,0,3,70,3,16
2,7,26.0,53,1,9,1,11,18,1,3
2,8,26.0,78,4,2,1,2,86,1,3
2,1,12.0,207,0,22,0,4,66,1,28
3,11,20.0,340,0,20,0,9,27,2,29
2,1,26.0,262,0,14,1,11,133,0,3
2,2,5.0,251,1,8,0,16,37,4,24
2,2,5.0,251,1,14,0,13,29,2,24
2,2,5.0,251,1,1,1,9,10,4,24
3,11,20.0,340,0,4,1,9,93,4,29
3,11,27.0,322,0,11,0,16,39,0,15
2,7,27.0,34,2,6,0,10,47,1,15
2,1,19.0,151,0,5,0,1,67,4,10
2,2,5.0,251,1,14,1,9,93,4,24
2,2,5.0,251,1,18,2,11,133,3,24
2,8,28.0,301,6,22,1,16,42,4,18
3,11,26.0,364,3,0,0,5,6,1,3
2,8,28.0,301,6,17,1,0,77,1,18
3,7,28.0,34,5,14,0,14,32,1,18
2,7,27.0,34,2,13,1,4,5,4,15
2,1,19.0,151,0,13,0,11,0,2,10
2,2,11.0,128,0,17,0,11,117,1,9
2,2,5.0,251,1,9,1,6,128,4,24
2,5,26.0,328,3,5,0,13,48,2,3
2,6,25.0,348,1,0,0,0,68,3,13
2,6,25.0,348,1,6,1,3,30,4,13
3,5,11.0,326,3,12,0,12,84,2,9
3,5,11.0,326,3,9,2,1,11,3,9
3,5,11.0,326,3,20,0,6,14,1,9
3,3,3.0,182,4,5,0,14,24,2,27
3,5,22.0,163,4,6,2,1,11,0,26
3,5,22.0,163,4,12,2,16,65,3,26
0,2,1.0,16,2,11,0,6,7,4,7
3,5,22.0,163,4,4,0,7,111,3,26
3,5,27.0,328,1,4,0,0,53,4,15
3,5,27.0,328,1,14,3,5,64,3,15
3,5,27.0,328,1,12,0,5,64,3,15
3,6,4.0,159,2,16,2,0,31,3,30
3,6,4.0,159,2,7,1,0,12,1,30
3,6,4.0,159,2,16,0,10,52,1,30
3,6,4.0,159,2,16,0,13,38,1,30
3,6,4.0,159,2,19,0,2,2,1,30
3,3,2.0,120,2,23,0,0,68,1,22
3,3,2.0,120,2,3,0,9,93,3,22
3,5,12.0,327,0,18,1,7,120,4,28
2,6,1.0,352,6,19,0,6,14,3,7
2,6,2.0,99,3,22,0,16,50,3,22
2,6,3.0,159,0,17,2,9,10,0,27
2,9,26.0,267,0,8,2,2,92,3,3
2,9,26.0,267,0,20,1,14,25,1,3
2,9,26.0,267,0,14,2,4,103,3,3
2,9,26.0,267,0,5,0,9,95,2,3
2,7,2.0,269,6,13,0,14,110,4,22
2,7,9.0,329,6,2,2,10,22,3,12
2,7,9.0,329,6,8,2,16,50,3,12
2,7,9.0,329,6,19,0,10,12,3,12
2,7,16.0,95,6,20,0,7,8,2,2
2,7,17.0,154,3,22,2,6,89,0,6
2,7,17.0,154,3,12,0,6,132,4,6
2,7,16.0,95,6,1,0,10,22,2,2
2,7,27.0,34,2,0,1,1,105,0,15
2,3,3.0,285,2,2,0,5,6,0,27
2,1,9.0,17,5,11,0,11,133,1,12
2,3,3.0,285,2,19,0,3,30,4,27
3,3,2.0,120,2,15,1,4,75,4,22
3,3,3.0,182,4,14,0,14,25,1,27
3,3,4.0,285,5,6,0,8,27,1,30
3,3,4.0,285,5,8,0,5,64,2,30
3,3,11.0,337,5,2,2,3,30,3,9
3,3,11.0,337,5,2,0,5,12,3,9
3,3,11.0,337,5,1,2,6,7,0,9
3,3,13.0,210,3,2,0,6,7,4,25
3,3,13.0,210,3,3,1,0,0,4,25
3,3,13.0,210,3,5,0,8,118,1,25
3,3,14.0,33,0,12,0,16,50,0,5
3,3,21.0,338,0,20,0,5,6,0,21
3,3,21.0,338,0,11,1,2,123,4,21
3,3,21.0,338,0,16,1,9,9,1,21
3,3,21.0,338,0,18,0,5,6,0,21
2,4,13.0,345,3,12,0,1,59,1,25
3,5,11.0,326,3,17,1,8,41,0,9
3,5,11.0,326,3,3,0,0,53,0,9
3,5,13.0,184,1,23,0,10,22,3,25
3,5,13.0,184,1,22,2,1,59,3,25
3,11,31.0,227,5,7,1,8,118,1,20
3,11,31.0,227,5,23,0,0,77,1,20
3,11,14.0,147,1,0,3,1,11,3,5
3,9,26.0,267,2,18,1,0,53,0,3
2,11,5.0,240,5,13,0,5,6,0,24
2,11,5.0,240,5,4,0,2,123,4,24
2,11,5.0,240,5,4,0,16,50,0,24
2,11,5.0,240,5,8,0,14,125,2,24
2,11,5.0,240,5,4,3,9,49,3,24
2,11,12.0,118,5,12,0,0,12,0,28
2,11,12.0,118,5,4,0,2,86,1,28
2,11,12.0,118,5,11,1,13,28,4,28
2,11,21.0,192,3,22,0,6,128,3,21
2,11,21.0,192,3,6,1,0,26,1,21
2,11,21.0,192,3,9,1,15,39,0,21
2,11,21.0,192,3,13,1,9,101,4,21
2,11,28.0,123,3,16,1,2,2,1,18
2,11,28.0,123,3,6,0,2,13,1,18
2,11,28.0,123,3,7,0,4,136,4,18
2,8,28.0,301,6,8,0,0,0,2,18
2,1,19.0,151,0,15,1,2,71,4,10
3,3,2.0,120,2,16,0,11,15,0,22
2,2,11.0,128,0,5,1,13,38,1,9
3,7,27.0,53,4,8,1,9,83,4,15
2,7,27.0,34,2,18,0,15,96,3,15
3,11,26.0,364,3,16,0,16,74,1,3
2,3,3.0,285,2,14,2,2,3,3,27
2,2,11.0,128,0,3,0,16,72,1,9
3,3,2.0,120,2,13,0,3,115,1,22
2,1,19.0,151,0,11,1,10,47,0,10
3,11,27.0,322,0,0,1,15,46,4,15
2,8,28.0,301,6,16,1,13,29,0,18
2,3,9.0,4,1,16,0,2,13,1,12
2,8,29.0,103,3,16,0,5,12,3,16
2,4,28.0,313,0,22,0,8,118,3,18
3,3,3.0,182,4,0,2,10,22,1,27
2,1,19.0,151,0,4,0,10,22,3,10
3,11,27.0,322,0,21,1,15,46,0,15
2,8,27.0,224,5,4,1,13,38,0,15
2,3,9.0,4,1,16,0,2,2,4,12
2,8,1.0,77,3,17,1,0,26,1,7
2,4,28.0,313,0,4,0,6,73,1,18
3,3,3.0,182,4,19,0,5,6,0,27
3,11,27.0,322,0,3,0,0,26,2,15
2,8,27.0,224,5,22,0,10,47,0,15
2,8,28.0,301,6,5,1,9,49,4,18
2,8,28.0,301,6,9,0,6,91,1,18
2,8,28.0,301,6,1,1,6,7,0,18
2,8,27.0,224,5,8,0,13,38,2,15
2,8,29.0,103,3,12,1,7,57,4,16
2,8,29.0,103,3,9,0,0,64,3,16
3,7,28.0,34,5,0,2,9,134,2,18
3,7,28.0,34,5,13,2,13,29,3,18
3,3,2.0,120,2,16,0,10,47,0,22
3,3,2.0,120,2,6,0,15,96,0,22
3,3,2.0,120,2,14,2,4,127,0,22
3,3,2.0,120,2,17,0,5,64,1,22
3,3,2.0,120,2,12,1,4,75,1,22
2,3,27.0,187,6,3,0,16,37,2,15
2,5,9.0,155,4,1,1,14,126,2,12
2,5,9.0,155,4,15,0,8,118,2,12
2,5,17.0,195,5,10,0,13,13,4,6
3,3,13.0,210,3,4,1,0,26,1,25
3,3,14.0,33,0,0,0,10,22,1,5
3,3,14.0,33,0,17,1,4,75,4,5
2,8,21.0,354,6,0,0,0,53,0,21
2,4,10.0,121,4,14,0,6,7,3,4
2,11,19.0,321,5,14,3,8,27,0,10
3,3,14.0,33,0,17,2,5,6,3,5
2,4,1.0,141,1,6,0,13,28,3,7
2,4,1.0,141,1,16,0,0,85,3,7
2,4,1.0,141,1,4,0,6,73,3,7
2,4,1.0,141,1,4,0,16,74,2,7
2,4,1.0,141,1,1,0,6,89,4,7
2,4,1.0,141,1,2,0,10,52,1,7
2,4,5.0,176,6,16,1,6,7,0,24
2,4,5.0,176,6,16,1,5,64,1,24
2,4,5.0,176,6,10,2,12,83,0,24
2,4,5.0,176,6,9,2,6,91,0,24
2,4,12.0,221,6,3,0,10,22,3,28
2,4,12.0,221,6,2,2,4,5,3,28
2,4,12.0,221,6,9,2,15,96,2,28
2,4,18.0,142,5,14,0,4,76,3,0
2,4,18.0,142,5,18,2,15,31,3,0
2,4,18.0,142,5,1,0,6,89,1,0
2,7,10.0,197,3,6,1,5,12,1,4
2,5,25.0,37,6,11,0,5,0,2,13
2,4,28.0,313,0,3,0,11,117,0,18
2,4,29.0,139,1,16,0,15,96,3,16
2,4,29.0,139,1,0,0,9,101,4,16
2,4,29.0,139,1,10,1,1,67,0,16
2,5,20.0,351,0,6,0,12,61,1,29
2,5,20.0,351,0,17,0,10,22,3,29
2,5,20.0,351,0,7,2,15,46,3,29
2,5,20.0,351,0,6,3,1,67,0,29
2,5,19.0,214,3,1,1,0,12,0,10
2,5,20.0,351,0,22,1,3,44,4,29
2,5,19.0,214,3,13,1,0,26,1,10
2,5,28.0,24,1,6,0,2,2,0,18
2,5,28.0,24,1,13,0,0,64,3,18
2,5,28.0,24,1,2,0,12,61,2,18
2,5,28.0,24,1,9,2,15,51,1,18
2,6,1.0,352,6,6,2,8,118,3,7
2,6,1.0,352,6,13,0,6,89,3,7
2,6,1.0,352,6,15,0,2,86,0,7
2,6,1.0,352,6,3,0,5,6,0,7
2,6,1.0,352,6,4,2,8,41,3,7
2,6,2.0,99,3,5,1,9,134,4,22
2,6,1.0,352,6,19,1,5,64,0,7
2,6,2.0,99,3,3,0,10,47,3,22
2,6,2.0,99,3,4,1,0,31,4,22
2,6,2.0,99,3,9,0,15,31,1,22
2,6,3.0,159,0,16,1,1,105,0,27
2,6,3.0,159,0,21,0,10,12,3,27
3,3,14.0,33,0,21,0,15,114,1,5
3,3,14.0,33,0,5,0,8,27,1,5
3,3,14.0,33,0,5,0,5,6,2,5
3,3,14.0,33,0,22,0,3,79,3,5
3,3,14.0,33,0,8,1,11,15,1,5
3,3,14.0,33,0,8,0,8,41,1,5
3,3,14.0,33,0,2,0,15,108,1,5
3,3,13.0,210,3,3,3,9,57,0,25
3,3,21.0,338,0,2,2,15,112,3,21
3,3,21.0,338,0,11,0,1,11,0,21
3,3,21.0,338,0,8,0,4,75,2,21
2,3,9.0,4,1,11,0,13,38,2,12
2,4,1.0,141,1,16,0,5,6,1,7
3,3,3.0,182,4,1,2,9,57,3,27
3,9,10.0,156,0,13,1,14,125,1,4
2,4,1.0,141,1,8,0,8,9,0,7
2,1,21.0,164,2,13,0,0,26,3,21
3,3,19.0,138,6,23,1,11,90,1,10
2,11,1.0,222,0,17,0,2,2,1,7
3,11,27.0,322,0,18,1,1,59,4,15
2,3,17.0,165,2,5,0,9,102,2,6
3,9,18.0,359,1,18,0,8,9,1,0
2,10,2.0,310,1,2,0,1,105,3,22
2,6,3.0,159,0,5,1,9,9,4,27
2,5,9.0,155,4,19,1,15,77,2,12
2,1,21.0,164,2,1,0,2,69,0,21
3,7,10.0,329,0,17,2,15,108,3,4
2,4,29.0,139,1,21,0,10,47,3,16
3,7,20.0,266,4,15,0,5,6,3,29
3,3,4.0,285,5,3,0,2,35,2,30
2,1,21.0,164,2,12,0,12,56,3,21
2,11,7.0,253,3,13,0,8,27,0,11
2,8,27.0,224,5,22,0,14,24,2,15
2,4,29.0,139,1,16,0,1,11,3,16
3,7,20.0,266,4,2,3,1,59,0,29
3,7,20.0,266,4,1,1,6,7,0,29
2,3,28.0,325,3,13,0,9,27,0,18
2,3,28.0,325,3,13,0,12,61,2,18
2,3,28.0,325,3,22,0,13,36,1,18
2,3,28.0,325,3,22,0,2,2,2,18
2,3,28.0,325,3,14,1,11,15,4,18
2,3,28.0,325,3,1,2,12,56,3,18
2,5,3.0,114,5,20,0,6,7,2,27
2,5,3.0,114,5,11,0,8,41,1,27
2,5,3.0,114,5,13,1,12,104,4,27
2,5,10.0,326,5,0,1,10,12,0,4
2,5,10.0,326,5,8,3,5,6,0,4
2,5,10.0,326,5,23,0,6,91,2,4
2,5,10.0,326,5,14,0,9,54,3,4
2,5,19.0,214,3,12,0,4,121,0,10
2,5,19.0,214,3,3,1,1,81,4,10
2,5,19.0,214,3,9,0,7,78,1,10
2,5,19.0,214,3,9,0,13,29,4,10
2,5,20.0,351,0,23,0,9,95,2,29
2,5,20.0,351,0,5,2,10,23,1,29
2,4,28.0,313,0,15,1,6,7,0,18
2,4,29.0,139,1,0,0,4,75,3,16
2,10,26.0,302,5,13,3,13,36,1,3
2,1,4.0,219,3,2,0,13,28,0,30
2,1,4.0,219,3,3,1,16,139,4,30
2,1,2.0,188,5,3,1,11,124,1,22
2,1,4.0,219,3,4,0,10,47,0,30
2,1,10.0,111,6,19,0,12,61,4,4
2,9,1.0,126,4,17,1,0,26,1,7
2,0,30.0,290,0,8,1,13,29,0,19
2,4,1.0,141,1,17,0,8,41,4,7
2,1,19.0,151,0,13,0,10,12,0,10
2,1,19.0,151,0,15,1,11,122,4,10
2,1,19.0,151,0,1,2,8,9,0,10
2,1,21.0,164,2,16,0,0,12,3,21
2,1,21.0,164,2,8,3,10,47,3,21
2,1,21.0,164,2,2,3,10,30,3,21
2,1,27.0,300,1,16,0,10,12,3,15
2,3,30.0,109,1,13,1,13,99,4,19
2,9,14.0,106,2,13,0,14,25,1,5
0,0,23.0,237,6,3,1,14,34,4,17
2,0,23.0,55,0,20,1,13,29,1,17
2,0,24.0,281,1,4,0,6,89,3,14
2,10,15.0,201,0,11,1,3,115,1,1
2,9,23.0,167,5,22,1,9,54,4,17
2,0,24.0,281,1,18,0,15,39,1,14
3,9,25.0,344,1,2,0,14,24,2,13
0,11,1.0,222,3,17,0,12,84,2,7
2,3,15.0,263,0,19,3,13,28,3,1
2,3,14.0,35,3,14,1,3,30,0,5
2,3,21.0,166,3,12,1,10,52,1,21
2,5,20.0,351,0,5,0,6,91,2,29
2,5,20.0,351,0,12,0,11,90,3,29
2,7,19.0,266,1,23,1,6,7,2,10
2,7,17.0,154,3,22,3,8,19,3,6
2,7,27.0,34,2,17,1,9,9,2,15
2,7,26.0,53,1,19,1,15,51,0,3
2,3,3.0,285,2,0,0,2,86,4,27
2,3,3.0,285,2,17,0,2,123,4,27
2,3,9.0,4,1,16,0,6,89,1,12
2,3,18.0,138,4,9,0,16,50,3,0
2,3,18.0,138,4,18,0,13,99,3,0
2,3,26.0,361,5,0,0,16,37,1,3
2,6,1.0,352,6,14,0,3,30,4,7
3,11,10.0,360,5,1,0,12,61,2,4
2,10,28.0,318,3,5,1,0,31,4,18
2,1,20.0,45,1,19,1,1,67,4,29
2,8,11.0,284,2,4,1,16,37,4,9
3,7,2.0,160,3,18,1,0,68,2,22
3,7,10.0,329,0,3,3,1,16,3,4
2,1,27.0,300,1,21,2,5,6,3,15
2,1,27.0,300,1,23,1,16,50,0,15
2,4,5.0,176,6,13,0,14,125,2,24
2,11,7.0,253,3,18,0,8,9,1,11
2,1,21.0,164,2,18,0,12,100,4,21
2,4,29.0,139,1,13,0,10,43,1,16
3,3,11.0,337,5,12,0,5,6,2,9
2,1,27.0,300,1,0,1,7,62,0,15
3,7,13.0,238,4,16,0,11,10,1,25
2,4,28.0,313,0,19,1,1,59,4,18
2,4,5.0,176,6,1,2,6,132,0,24
3,7,13.0,238,4,11,2,2,35,0,25
2,4,5.0,176,6,12,2,12,83,3,24
2,4,29.0,139,1,0,1,3,30,4,16
3,3,11.0,337,5,22,0,10,30,3,9
2,1,27.0,300,1,0,1,0,64,0,15
3,7,13.0,238,4,8,0,13,13,3,25
2,4,12.0,221,6,11,0,14,24,4,28
2,4,29.0,139,1,15,0,12,121,1,16
2,2,5.0,251,1,16,1,13,38,4,24
2,2,5.0,251,1,11,0,8,9,0,24
2,2,5.0,251,1,19,0,10,12,0,24
2,2,5.0,251,1,1,0,0,15,0,24
2,2,11.0,128,0,6,0,10,22,3,9
2,2,11.0,128,0,17,1,11,15,0,9
2,2,11.0,128,0,23,0,10,43,1,9
3,5,22.0,163,4,2,0,10,47,0,26
3,5,22.0,163,4,14,0,4,138,4,26
3,5,22.0,163,4,9,0,13,21,1,26
3,3,13.0,210,3,17,1,9,93,4,25
3,5,27.0,328,1,21,2,9,93,3,15
3,6,4.0,159,2,16,2,0,53,3,30
3,6,4.0,159,2,6,0,7,120,0,30
3,6,4.0,159,2,0,1,1,59,0,30
3,6,4.0,159,2,13,0,6,7,1,30
3,6,4.0,159,2,22,0,12,80,2,30
3,6,4.0,159,2,8,0,13,48,1,30
3,11,27.0,322,0,4,1,9,101,4,15
3,11,27.0,322,0,15,1,1,67,4,15
3,11,27.0,322,0,11,1,1,1,4,15
3,11,30.0,170,4,3,0,5,64,3,19
3,11,30.0,170,4,14,0,1,59,4,19
3,11,30.0,170,4,9,0,9,95,1,19
3,11,30.0,170,4,1,0,12,17,4,19
3,11,30.0,170,4,23,1,13,48,4,19
3,9,2.0,323,3,21,1,6,116,0,22
2,6,17.0,308,0,20,1,14,88,4,6
2,6,17.0,308,0,14,0,11,117,3,6
2,6,20.0,193,4,17,0,16,39,4,29
2,6,20.0,193,4,16,0,16,74,3,29
2,6,20.0,193,4,2,1,14,32,4,29
2,6,20.0,193,4,4,0,6,132,1,29
2,6,26.0,116,2,10,0,1,1,1,3
2,6,26.0,116,2,17,1,3,44,1,3
2,6,26.0,116,2,2,0,9,10,4,3
2,6,26.0,116,2,12,0,2,13,4,3
2,10,3.0,356,2,6,1,12,83,4,27
2,10,3.0,356,2,20,0,9,87,0,27
2,10,4.0,336,4,16,2,10,23,3,30
2,10,4.0,336,4,6,0,5,12,0,30
2,10,4.0,336,4,2,0,4,82,2,30
2,10,3.0,356,2,19,1,10,47,1,27
2,10,4.0,336,4,20,1,7,57,1,30
2,10,9.0,245,1,12,0,11,117,1,12
2,10,9.0,245,1,14,0,8,33,4,12
2,10,9.0,245,1,14,2,8,41,1,12
2,10,10.0,298,2,15,0,1,1,1,4
2,10,9.0,245,1,6,0,5,12,0,12
2,10,10.0,298,2,18,0,2,92,1,4
2,2,11.0,128,0,2,2,12,61,3,9
2,2,13.0,231,2,11,1,15,46,1,25
2,2,13.0,231,2,23,0,0,85,1,25
2,2,13.0,231,2,15,1,15,119,4,25
2,2,13.0,231,2,15,0,6,7,0,25
2,2,13.0,231,2,1,0,10,52,1,25
2,2,13.0,231,2,14,0,4,79,0,25
2,2,11.0,128,0,22,1,3,103,4,9
2,1,27.0,300,1,11,0,8,118,4,15
3,7,21.0,81,5,23,1,5,6,0,21
2,1,27.0,300,1,10,1,9,57,0,15
2,4,18.0,142,5,5,0,5,6,2,0
3,3,11.0,337,5,14,0,9,101,1,9
2,4,28.0,313,0,16,2,10,22,3,18
3,3,11.0,337,5,8,0,2,92,3,9
3,3,13.0,210,3,16,0,8,27,1,25
2,8,27.0,224,5,9,3,14,106,0,15
3,7,21.0,81,5,14,0,15,37,0,21
2,10,9.0,245,1,9,0,0,68,1,12
2,1,27.0,300,1,19,0,13,123,4,15
3,7,22.0,211,6,11,1,12,135,4,26
3,7,21.0,81,5,1,0,13,28,2,21
2,10,9.0,245,1,9,0,0,26,3,12
2,1,27.0,300,1,5,0,5,6,0,15
3,7,28.0,34,5,6,0,16,113,1,18
3,7,21.0,81,5,1,1,9,95,4,21
2,10,10.0,298,2,6,0,8,118,3,4
3,11,27.0,322,0,4,0,9,101,1,15
3,7,28.0,34,5,5,0,13,38,2,18
3,7,22.0,211,6,20,0,8,33,1,26
2,10,10.0,298,2,11,0,9,57,0,4
3,11,30.0,170,4,6,0,5,64,1,19
3,7,28.0,34,5,8,1,9,57,1,18
3,7,22.0,211,6,2,0,2,86,2,26
3,7,28.0,34,5,6,0,7,137,1,18
3,7,28.0,34,5,0,3,0,12,3,18
3,7,28.0,34,5,17,1,7,20,4,18
3,7,28.0,34,5,2,2,6,7,3,18
3,7,28.0,34,5,11,0,0,64,2,18
3,7,28.0,34,5,5,1,11,117,1,18
3,3,2.0,120,2,17,0,9,101,1,22
3,3,2.0,120,2,13,0,2,123,1,22
3,3,2.0,120,2,19,0,9,95,2,22
3,3,2.0,120,2,14,0,9,54,1,22
3,3,2.0,120,2,18,0,10,47,3,22
3,3,2.0,120,2,14,0,0,12,1,22
3,3,3.0,182,4,23,0,1,11,4,27
2,8,19.0,319,4,0,2,16,74,0,10
2,8,19.0,319,4,20,1,0,53,4,10
2,8,19.0,319,4,21,1,8,19,0,10
2,8,19.0,319,4,7,0,16,37,3,10
2,8,19.0,319,4,15,1,15,114,4,10
2,8,19.0,319,4,15,1,6,116,4,10
2,8,19.0,319,4,19,1,6,91,4,10
2,8,26.0,78,4,13,0,2,86,3,3
2,8,26.0,78,4,8,0,3,30,3,3
2,8,27.0,224,5,9,2,15,51,1,15
2,8,28.0,301,6,12,0,11,94,3,18
2,8,2.0,363,0,16,0,15,46,4,22
2,8,2.0,363,0,0,0,2,71,4,22
2,8,2.0,363,0,15,2,4,127,3,22
2,8,2.0,363,0,14,0,3,115,3,22
2,8,3.0,299,1,17,1,5,64,1,27
2,8,3.0,299,1,7,0,8,9,3,27
2,8,3.0,299,1,14,0,16,37,1,27
2,8,3.0,299,1,18,0,3,76,2,27
2,9,18.0,359,3,19,2,4,76,3,0
2,3,18.0,138,4,16,0,5,6,2,0
2,3,18.0,138,4,3,0,5,6,0,0
2,3,18.0,138,4,19,0,2,86,4,0
2,3,18.0,138,4,4,0,9,10,3,0
2,3,26.0,361,5,0,1,2,92,0,3
2,3,28.0,325,3,16,0,2,86,0,18
2,5,28.0,24,1,2,0,5,12,0,18
2,9,18.0,359,3,5,1,10,23,1,0
3,3,10.0,4,4,19,0,12,17,2,4
3,3,12.0,104,6,1,0,9,93,1,28
2,6,1.0,352,6,23,1,3,44,4,7
2,6,1.0,352,6,8,0,8,9,4,7
2,6,1.0,352,6,19,0,13,99,4,7
2,6,1.0,352,6,19,0,9,9,3,7
2,6,1.0,352,6,14,0,9,9,0,7
2,6,1.0,352,6,1,0,2,2,0,7
2,6,2.0,99,3,17,0,13,38,1,22
2,6,2.0,99,3,14,0,8,27,2,22
2,6,2.0,99,3,20,0,16,37,4,22
3,9,28.0,315,5,18,2,4,75,1,18
3,9,27.0,179,4,8,0,2,40,3,15
3,7,5.0,204,2,17,0,0,77,1,24
2,8,18.0,280,2,3,0,10,22,3,0
3,7,5.0,204,2,9,0,10,47,3,24
3,7,11.0,197,1,0,0,1,11,4,9
3,11,30.0,170,4,11,0,8,9,1,19
3,7,28.0,34,5,22,2,11,18,3,18
3,11,30.0,170,4,4,1,6,89,1,19
3,7,28.0,34,5,4,0,11,124,4,18
2,10,9.0,245,1,9,1,6,116,4,12
2,0,22.0,237,3,12,0,10,12,1,26
2,10,11.0,333,4,16,2,8,41,0,9
2,10,11.0,333,4,2,0,5,6,0,9
2,0,27.0,249,5,12,0,10,6,0,15
3,9,2.0,323,3,4,0,5,6,3,22
2,10,11.0,333,4,14,0,10,43,3,9
3,9,5.0,89,2,17,1,4,79,2,24
2,10,18.0,117,4,16,1,5,6,0,0
3,9,5.0,89,2,6,0,5,6,3,24
3,9,20.0,119,4,17,0,15,51,0,29
3,9,13.0,91,4,14,0,4,45,2,25
3,9,20.0,119,4,15,0,13,99,2,29
3,9,20.0,119,4,12,0,2,92,4,29
3,9,20.0,119,4,1,0,2,86,1,29
3,9,27.0,179,4,0,0,7,120,1,15
3,9,27.0,179,4,3,0,10,47,3,15
3,9,27.0,179,4,15,1,5,64,1,15
3,9,27.0,179,4,18,0,11,18,1,15
3,7,11.0,197,1,9,2,10,22,0,9
3,7,11.0,197,1,18,2,16,37,3,9
2,1,29.0,100,4,2,0,1,105,3,16
2,1,29.0,100,4,1,2,15,46,0,16
2,1,29.0,100,4,9,0,4,103,3,16
2,1,27.0,300,1,1,2,0,12,3,15
3,7,27.0,53,4,8,0,10,43,3,15
2,4,1.0,141,1,13,0,3,79,3,7
2,4,1.0,141,1,1,0,13,48,3,7
2,4,1.0,141,1,19,1,16,139,1,7
2,4,1.0,141,1,9,0,13,28,0,7
2,4,5.0,176,6,6,1,6,7,0,24
2,8,27.0,224,5,20,0,13,38,2,15
2,4,5.0,176,6,2,0,10,22,3,24
2,4,5.0,176,6,12,0,5,12,3,24
2,4,5.0,176,6,19,0,7,137,3,24
2,4,5.0,176,6,4,2,15,51,3,24
2,10,1.0,358,0,18,3,5,64,0,7
2,4,12.0,221,6,11,0,0,0,1,28
2,4,12.0,221,6,3,0,5,64,2,28
2,4,12.0,221,6,14,0,3,103,3,28
2,4,18.0,142,5,15,0,0,64,3,0
2,4,18.0,142,5,13,0,14,131,1,0
2,4,18.0,142,5,15,2,11,133,3,0
2,4,18.0,142,5,4,0,5,12,3,0
2,4,18.0,142,5,1,0,10,52,3,0
2,4,18.0,142,5,14,2,16,72,0,0
2,4,28.0,313,0,2,1,9,83,4,18
2,4,28.0,313,0,14,0,7,120,1,18
2,1,29.0,100,4,4,0,0,77,3,16
2,8,1.0,77,3,15,2,3,30,0,7
2,8,1.0,77,3,1,2,0,26,0,7
2,8,2.0,363,0,17,1,1,11,1,22
2,8,2.0,363,0,1,1,0,64,0,22
2,8,9.0,71,0,21,0,11,15,3,12
2,8,9.0,71,0,2,2,13,28,1,12
2,8,9.0,71,0,12,0,9,93,3,12
2,8,9.0,71,0,20,0,1,59,2,12
2,1,29.0,100,4,11,0,16,74,0,16
2,8,12.0,189,4,9,0,6,128,1,28
2,8,12.0,189,4,1,1,13,48,4,28
2,8,12.0,189,4,6,0,10,47,3,28
2,3,28.0,325,3,6,2,16,50,3,18
2,3,28.0,325,3,11,0,13,36,1,18
2,3,28.0,325,3,3,0,12,56,1,18
2,3,28.0,325,3,22,0,10,47,1,18
2,0,29.0,228,3,21,0,10,12,1,16
3,11,1.0,222,2,17,0,5,12,0,7
2,10,18.0,117,4,15,1,1,105,4,0
3,11,1.0,222,2,10,0,8,9,1,7
2,10,18.0,117,4,1,0,2,3,4,0
3,11,1.0,222,2,21,2,5,6,3,7
2,10,18.0,117,4,15,0,2,86,1,0
3,11,1.0,222,2,19,0,14,24,4,7
2,10,28.0,318,3,10,0,14,107,1,18
3,11,3.0,288,5,2,0,2,92,1,27
2,10,28.0,318,3,4,0,13,48,4,18
3,11,4.0,275,6,19,0,10,22,0,30
2,1,3.0,286,6,2,0,10,52,0,27
3,11,4.0,275,6,14,0,2,123,0,30
2,1,3.0,286,6,5,0,14,24,3,27
3,11,4.0,275,6,12,2,8,9,0,30
3,11,12.0,118,3,0,1,14,97,4,28
2,6,20.0,193,4,6,0,8,27,0,29
2,6,20.0,193,4,11,0,1,11,3,29
2,6,20.0,193,4,15,0,4,121,0,29
2,6,20.0,193,4,19,1,0,53,0,29
2,6,20.0,193,4,11,0,2,13,1,29
2,6,20.0,193,4,14,2,16,37,0,29
2,6,26.0,116,2,16,0,0,12,0,3
2,6,26.0,116,2,3,0,2,86,0,3
2,6,26.0,116,2,14,2,8,9,3,3
2,6,26.0,116,2,4,0,2,69,1,3
2,6,26.0,116,2,18,2,11,90,3,3
2,10,3.0,356,2,12,0,14,24,4,27
2,10,4.0,336,4,6,0,8,41,3,30
2,10,4.0,336,4,0,2,1,11,3,30
2,10,4.0,336,4,22,2,2,40,3,30
2,10,4.0,336,4,19,0,12,17,3,30
2,10,4.0,336,4,1,0,15,51,4,30
2,10,9.0,245,1,16,0,1,67,0,12
2,10,9.0,245,1,6,2,5,12,1,12
2,10,9.0,245,1,22,2,0,64,0,12
2,10,9.0,245,1,13,0,6,73,4,12
2,8,28.0,301,6,4,0,1,81,4,18
2,10,27.0,216,6,1,1,0,26,1,15
2,8,9.0,71,0,22,1,0,53,4,12
2,3,25.0,343,4,19,3,9,87,3,13
2,11,1.0,222,0,17,0,9,93,1,7
2,5,18.0,146,6,18,1,11,90,4,0
3,7,27.0,53,4,14,1,14,107,0,15
2,8,29.0,103,3,15,1,1,105,4,16
2,4,1.0,141,1,6,1,9,102,4,7
2,4,1.0,141,1,9,2,6,128,0,7
2,4,5.0,176,6,5,0,5,12,0,24
2,4,5.0,176,6,5,1,1,105,4,24
2,4,5.0,176,6,1,0,2,86,2,24
2,4,1.0,141,1,18,0,15,77,3,7
2,4,5.0,176,6,3,1,9,49,1,24
2,8,28.0,301,6,12,0,12,80,4,18
2,4,12.0,221,6,1,0,15,114,3,28
2,4,12.0,221,6,18,0,14,106,4,28
2,4,18.0,142,5,14,0,9,49,1,0
2,4,29.0,139,1,7,0,16,139,1,16
2,4,29.0,139,1,10,2,2,69,3,16
2,4,29.0,139,1,6,2,4,70,3,16
2,4,29.0,139,1,14,0,0,64,1,16
3,11,12.0,118,3,6,1,2,2,0,28
3,11,1.0,222,2,6,0,5,12,0,7
2,1,3.0,286,6,3,0,2,92,0,27
2,5,3.0,114,5,19,0,10,6,3,27
2,5,10.0,326,5,1,2,8,41,2,4
2,5,19.0,214,3,4,1,9,93,4,10
2,5,19.0,214,3,13,1,1,16,4,10
2,5,19.0,214,3,9,0,13,69,0,10
2,2,5.0,251,1,20,0,0,15,1,24
2,4,12.0,221,6,19,0,5,12,1,28
2,4,12.0,221,6,19,1,1,1,1,28
2,4,12.0,221,6,18,0,9,49,1,28
2,5,2.0,161,4,10,1,7,20,1,22
2,5,27.0,259,0,9,1,14,24,1,15
2,11,18.0,332,4,20,0,12,121,1,0
2,11,16.0,225,1,17,0,8,65,1,2
3,3,20.0,105,3,2,0,14,24,2,29
3,5,5.0,96,0,12,0,13,38,4,24
2,4,12.0,221,6,9,2,2,86,1,28
2,4,18.0,142,5,22,0,6,14,3,0
2,4,18.0,142,5,4,0,2,2,0,0
2,4,18.0,142,5,4,0,13,28,1,0
2,4,28.0,313,0,15,0,5,6,0,18
2,4,28.0,313,0,2,0,8,33,4,18
2,4,28.0,313,0,14,0,1,35,4,18
2,4,29.0,139,1,6,0,11,15,3,16
3,3,13.0,210,3,16,0,11,6,2,25
3,3,13.0,210,3,23,0,5,6,0,25
3,3,14.0,33,0,20,0,7,20,1,5
3,3,14.0,33,0,21,0,5,6,1,5
3,3,14.0,33,0,15,0,13,21,1,5
3,3,21.0,338,0,16,0,10,43,1,21
3,3,21.0,338,0,16,2,2,2,1,21
3,3,21.0,338,0,10,0,4,5,1,21
3,7,13.0,238,4,5,0,9,95,2,25
3,3,21.0,338,0,5,0,5,6,0,21
3,5,11.0,326,3,5,0,9,87,2,9
3,5,11.0,326,3,4,0,8,41,3,9
3,5,11.0,326,3,9,0,15,37,0,9
3,5,13.0,184,1,17,0,6,89,3,25
3,5,13.0,184,1,3,0,3,44,1,25
3,5,13.0,184,1,18,0,6,128,1,25
3,5,22.0,163,4,17,0,0,53,1,26
3,5,22.0,163,4,16,0,13,48,0,26
3,5,22.0,163,4,15,0,12,84,4,26
2,5,19.0,214,3,15,1,14,25,4,10
2,5,20.0,351,0,3,0,11,124,1,29
2,5,20.0,351,0,12,0,15,114,3,29
2,5,28.0,24,1,16,0,6,7,0,18
2,5,28.0,24,1,16,0,15,46,2,18
2,5,28.0,24,1,12,0,4,127,1,18
2,5,28.0,24,1,1,0,2,92,1,18
2,6,1.0,352,6,16,1,1,11,0,7
2,8,24.0,86,1,13,0,7,62,1,14
2,8,24.0,86,1,3,0,0,0,3,14
2,8,24.0,86,1,17,1,16,37,4,14
2,3,30.0,109,1,18,0,9,95,4,19
3,5,13.0,184,1,16,0,2,2,3,25
2,8,24.0,86,1,8,0,9,49,1,14
2,8,23.0,85,0,18,0,10,47,3,17
2,8,25.0,278,2,16,0,5,12,3,13
2,8,25.0,278,2,16,0,7,62,3,13
2,8,24.0,86,1,18,0,11,15,2,14
2,8,30.0,144,0,5,1,6,7,0,19
2,8,30.0,144,0,22,0,8,19,2,19
2,8,30.0,144,0,1,0,10,22,3,19
3,10,5.0,336,6,14,2,1,81,3,24
3,10,13.0,346,3,5,3,11,58,0,25
3,10,13.0,346,3,3,0,15,39,3,25
3,10,13.0,346,3,23,0,5,12,3,25
3,10,13.0,346,3,1,2,8,27,3,25
3,10,13.0,346,3,11,1,14,25,4,25
3,9,2.0,323,3,14,2,1,35,3,22
3,9,5.0,89,2,10,0,5,6,1,24
3,9,5.0,89,2,11,0,0,64,3,24
3,9,13.0,91,4,16,0,14,34,3,25
3,9,13.0,91,4,15,2,10,47,0,25
3,9,13.0,91,4,15,0,12,104,0,25
3,9,13.0,91,4,12,0,2,86,0,25
3,9,20.0,119,4,8,0,8,27,3,29
2,5,1.0,307,2,8,2,6,89,3,7
3,9,3.0,217,0,4,2,5,64,3,27
3,9,3.0,217,0,12,0,11,98,0,27
3,7,4.0,186,1,9,1,16,37,4,30
3,7,27.0,53,4,5,1,4,45,4,15
2,1,2.0,188,5,9,1,8,33,1,22
3,3,20.0,105,3,8,1,7,111,1,29
3,3,20.0,105,3,17,0,8,9,0,29
3,3,20.0,105,3,13,0,11,94,2,29
0,4,1.0,144,3,23,0,11,98,2,7
2,11,1.0,222,0,17,0,12,84,1,7
2,7,10.0,197,3,2,1,13,13,4,4
2,4,18.0,142,5,2,3,5,6,3,0
3,3,13.0,210,3,2,0,6,132,1,25
2,0,2.0,334,0,4,2,1,59,0,22
2,4,18.0,142,5,19,0,3,30,0,0
2,0,21.0,241,6,14,0,3,79,1,21
2,8,26.0,78,4,11,3,4,136,4,3
2,2,11.0,128,0,14,0,4,5,1,9
2,9,2.0,323,5,11,0,2,69,4,22
3,11,11.0,175,6,4,1,11,133,4,9
3,11,2.0,265,4,13,3,3,4,3,22
3,9,4.0,295,1,1,2,11,18,3,30
2,10,17.0,246,2,17,1,7,111,2,6
3,11,30.0,170,4,5,1,5,0,2,19
3,9,27.0,179,4,8,2,16,72,3,15
3,9,27.0,179,4,14,1,8,41,2,15
3,9,27.0,179,4,6,0,8,33,0,15
3,7,5.0,204,2,15,0,2,123,1,24
3,7,5.0,204,2,8,0,14,25,0,24
3,7,11.0,197,1,16,0,2,92,1,9
3,7,11.0,197,1,6,0,5,12,0,9
3,7,11.0,197,1,13,0,12,104,4,9
3,7,11.0,197,1,9,0,5,6,0,9
3,6,29.0,335,3,17,0,16,130,3,16
2,4,4.0,235,5,11,1,1,59,4,30
2,2,3.0,254,3,11,3,7,57,3,27
3,6,29.0,335,3,9,0,5,6,2,16
3,6,30.0,145,0,17,0,2,13,1,19
3,6,30.0,145,0,17,2,8,118,3,19
3,6,30.0,145,0,2,2,2,69,0,19
3,6,30.0,145,0,12,1,6,91,1,19
3,10,4.0,356,5,11,0,8,27,0,30
3,10,5.0,336,6,2,1,3,79,4,24
3,10,13.0,346,3,4,2,2,71,3,25
3,10,13.0,346,3,18,0,5,64,1,25
3,10,13.0,346,3,19,1,7,20,4,25
3,10,23.0,247,2,17,2,2,2,3,17
3,10,23.0,247,2,3,0,13,69,4,17
3,10,23.0,247,2,12,2,12,61,0,17
3,1,13.0,207,2,6,0,10,47,3,25
3,1,13.0,207,2,17,0,13,21,3,25
3,1,13.0,207,2,5,0,6,14,4,25
3,1,13.0,207,2,20,0,6,7,2,25
3,1,20.0,151,2,0,2,5,6,0,29
3,1,20.0,151,2,18,2,2,2,3,29
3,1,23.0,69,6,10,0,5,12,3,17
2,1,6.0,32,1,2,2,3,79,3,23
3,6,11.0,355,2,14,0,9,49,1,9
2,5,21.0,163,1,17,2,7,111,1,21
2,10,25.0,61,4,4,0,2,3,4,13
3,6,11.0,355,2,0,0,5,12,3,9
3,5,22.0,163,4,17,1,12,104,4,26
2,1,17.0,82,6,2,0,12,121,1,6
2,1,21.0,164,2,15,1,4,66,4,21
3,3,13.0,210,3,13,0,2,3,2,25
2,1,22.0,69,4,13,0,13,13,0,26
2,1,22.0,69,4,14,1,9,10,2,26
2,1,30.0,305,5,20,0,5,6,3,19
2,1,31.0,66,6,16,2,2,40,3,20
2,1,30.0,305,5,20,1,9,10,1,19
2,1,31.0,66,6,12,0,6,116,1,20
2,1,31.0,66,6,11,1,2,60,4,20
2,1,31.0,66,6,2,0,10,22,1,20
2,1,31.0,66,6,13,0,2,69,4,20
2,1,30.0,305,5,2,0,10,22,2,19
2,8,8.0,124,3,20,0,2,92,1,8
2,8,8.0,124,3,3,0,12,121,1,8
2,8,8.0,124,3,2,0,5,12,3,8
2,8,8.0,124,3,1,2,1,81,3,8
2,8,22.0,102,3,6,0,10,47,2,26
2,8,22.0,102,3,6,2,8,41,3,26
2,8,22.0,102,3,0,2,6,7,0,26
2,8,23.0,85,0,15,0,0,53,0,17
2,8,23.0,85,0,14,1,12,83,4,17
2,8,23.0,85,0,13,0,0,77,1,17
2,8,24.0,86,1,18,0,14,106,1,14
2,8,25.0,278,2,22,0,1,11,4,13
2,8,25.0,278,2,2,0,3,30,3,13
2,8,24.0,86,1,18,0,16,50,0,14
2,8,30.0,144,0,8,0,2,40,3,19
2,8,30.0,144,0,13,1,13,38,4,19
2,4,6.0,133,3,17,0,5,12,0,23
2,4,6.0,133,3,23,0,6,7,2,23
2,4,6.0,133,3,19,0,10,47,3,23
2,4,7.0,292,0,15,0,11,15,2,11
2,4,16.0,19,2,23,0,11,58,2,2
2,4,16.0,19,2,19,0,9,87,2,2
2,10,31.0,203,2,19,0,8,118,3,20
2,10,31.0,203,2,18,0,2,40,4,20
2,10,31.0,203,2,18,1,11,124,2,20
2,10,31.0,203,2,18,0,5,6,3,20
2,1,6.0,32,1,21,1,1,1,0,23
2,1,6.0,32,1,15,0,5,6,2,23
2,1,6.0,32,1,10,0,2,92,1,23
2,1,6.0,32,1,4,0,2,3,2,23
2,1,17.0,82,6,7,1,5,12,0,6
2,1,17.0,82,6,1,0,3,30,1,6
2,1,17.0,82,6,8,1,4,127,4,6
3,11,27.0,322,0,23,1,2,86,1,15
3,9,2.0,323,3,8,0,2,2,1,22
3,6,12.0,162,4,16,0,10,12,1,28
3,6,12.0,162,4,10,1,10,47,0,28
3,6,12.0,162,4,12,0,11,94,3,28
3,6,12.0,162,4,19,2,13,38,3,28
3,6,12.0,162,4,22,1,11,55,4,28
3,6,22.0,185,3,20,0,0,26,2,26
3,6,22.0,185,3,11,1,0,12,1,26
3,6,22.0,185,3,9,0,2,92,1,26
3,6,22.0,185,3,12,3,5,6,0,26
3,6,29.0,335,3,12,2,8,118,3,16
3,6,29.0,335,3,1,0,13,29,2,16
3,6,29.0,335,3,1,1,8,118,1,16
3,6,30.0,145,0,20,0,5,6,2,19
3,6,30.0,145,0,11,1,16,42,4,19
2,8,21.0,354,6,8,1,0,85,0,21
3,6,30.0,145,0,12,0,0,77,3,19
3,6,30.0,145,0,14,0,11,58,2,19
3,10,4.0,356,5,6,2,13,28,3,30
2,1,22.0,69,4,10,0,12,56,3,26
2,1,22.0,69,4,3,0,11,133,0,26
2,1,22.0,69,4,22,0,9,63,2,26
3,3,9.0,44,2,14,1,0,0,0,12
2,1,22.0,69,4,22,0,10,30,3,26
2,1,22.0,69,4,2,0,0,64,2,26
2,1,22.0,69,4,19,2,8,41,0,26
2,1,22.0,69,4,12,0,0,31,0,26
2,1,22.0,69,4,1,0,9,95,3,26
2,1,22.0,69,4,18,1,2,71,4,26
2,1,22.0,69,4,18,0,14,107,3,26
2,1,22.0,69,4,19,0,13,38,2,26
2,10,30.0,135,1,17,0,8,33,3,19
2,10,30.0,135,1,11,0,0,31,3,19
2,10,30.0,135,1,13,0,9,87,1,19
2,10,30.0,135,1,14,0,0,26,3,19
2,10,30.0,135,1,4,0,10,22,1,19
3,10,4.0,356,5,21,0,3,70,3,30
3,10,4.0,356,5,21,0,12,61,1,30
3,10,4.0,356,5,6,0,6,7,0,30
3,10,4.0,356,5,15,0,2,86,2,30
3,10,4.0,356,5,8,0,16,72,3,30
3,6,12.0,162,4,20,0,4,79,1,28
3,6,6.0,83,5,12,1,0,26,4,23
3,6,12.0,162,4,20,1,1,67,0,28
3,6,12.0,162,4,13,0,8,33,2,28
3,6,22.0,185,3,6,2,15,114,3,26
3,6,22.0,185,3,17,2,16,37,3,26
3,6,22.0,185,3,16,0,6,89,1,26
3,6,22.0,185,3,20,0,0,26,2,26
2,4,6.0,133,3,6,0,2,86,1,23
2,3,29.0,304,0,15,1,1,16,4,16
2,3,29.0,304,0,13,0,6,89,2,16
2,5,4.0,96,6,13,0,8,27,1,30
2,5,4.0,96,6,11,1,2,71,4,30
2,5,5.0,277,3,21,1,0,68,0,24
2,5,5.0,277,3,15,0,4,79,0,24
2,5,5.0,277,3,2,0,13,38,2,24
2,5,5.0,277,3,12,0,5,6,0,24
2,5,5.0,277,3,14,0,6,7,3,24
2,5,15.0,239,2,3,1,7,137,4,1
2,5,15.0,239,2,19,1,7,20,4,1
2,6,5.0,83,2,0,0,14,24,4,24
2,6,5.0,83,2,0,1,9,102,2,24
2,6,5.0,83,2,0,0,7,20,2,24
2,6,7.0,59,5,12,0,6,14,3,11
2,6,15.0,38,6,15,1,9,87,4,1
2,6,30.0,208,3,11,0,4,82,1,19
3,6,22.0,185,3,9,1,16,72,0,26
3,6,30.0,145,0,17,0,8,9,1,19
3,6,29.0,335,3,8,0,14,88,2,16
3,6,30.0,145,0,17,1,6,7,0,19
3,6,30.0,145,0,14,2,2,2,0,19
3,6,30.0,145,0,2,0,13,38,4,19
3,11,3.0,288,5,14,1,2,86,1,27
3,11,12.0,118,3,23,1,11,122,1,28
3,6,30.0,145,0,9,0,3,115,4,19
3,6,30.0,145,0,12,1,12,17,4,19
3,10,5.0,336,6,17,0,7,20,4,24
3,10,5.0,336,6,3,0,14,24,2,24
3,10,4.0,356,5,17,1,15,114,1,30
3,10,5.0,336,6,14,2,4,103,3,24
3,10,5.0,336,6,9,2,2,2,3,24
3,10,4.0,356,5,2,1,13,36,4,30
3,10,4.0,356,5,22,0,8,118,1,30
3,10,13.0,346,3,0,1,13,38,0,25
3,10,13.0,346,3,11,3,8,118,3,25
3,10,13.0,346,3,19,0,2,40,1,25
2,6,30.0,208,3,1,0,9,57,0,19
2,10,8.0,150,0,10,0,6,7,2,8
2,10,8.0,150,0,5,0,10,43,1,8
2,10,8.0,150,0,22,1,12,17,4,8
2,10,13.0,174,6,16,0,14,25,0,25
2,10,13.0,174,6,14,0,10,47,3,25
2,10,13.0,174,6,19,0,4,82,3,25
2,8,25.0,278,2,12,0,9,57,0,13
2,8,25.0,278,2,14,0,14,106,1,13
2,8,22.0,102,3,16,0,6,91,3,26
2,8,30.0,144,0,6,1,10,47,0,19
2,8,30.0,144,0,19,2,11,117,3,19
2,4,6.0,133,3,17,0,10,47,3,23
2,4,6.0,133,3,22,0,10,52,2,23
2,4,7.0,292,0,20,0,16,74,4,11
2,4,7.0,292,0,6,1,0,53,0,11
2,4,7.0,292,0,5,0,13,29,1,11
2,4,7.0,292,0,10,0,6,73,1,11
2,4,7.0,292,0,14,0,5,6,3,11
2,4,16.0,19,2,16,0,0,26,3,2
3,7,27.0,53,4,8,2,3,30,2,15
2,10,27.0,216,6,3,3,10,47,2,15
2,1,21.0,164,2,9,1,10,47,1,21
2,10,1.0,358,0,13,0,14,32,4,7
3,6,3.0,99,1,9,1,12,83,0,27
2,8,28.0,301,6,3,0,10,47,2,18
3,6,3.0,99,1,18,1,0,0,4,27
2,0,5.0,260,4,8,2,6,132,3,24
2,0,30.0,290,0,3,1,12,135,4,19
3,10,12.0,333,6,12,0,14,24,2,28
2,7,1.0,160,5,4,0,5,12,0,7
2,8,26.0,78,4,6,3,0,31,3,3
2,1,1.0,171,4,17,3,6,116,4,7
0,4,25.0,20,2,22,0,11,94,2,13
2,9,1.0,126,4,17,0,0,53,4,7
2,5,2.0,161,4,14,3,0,12,0,22
3,11,2.0,265,4,21,1,13,21,1,22
3,7,30.0,42,3,9,1,0,26,1,19
2,4,9.0,79,2,7,0,0,77,2,12
0,2,30.0,131,4,13,0,16,37,0,19
2,11,29.0,270,0,3,1,11,15,1,16
2,9,29.0,98,4,20,3,5,12,2,16
2,7,5.0,93,1,18,3,0,26,0,24
2,2,26.0,136,1,13,1,9,27,0,3
2,0,9.0,129,0,2,0,3,79,3,12
2,7,24.0,41,3,12,1,11,133,4,14
2,5,14.0,200,1,4,0,15,114,3,5
3,11,23.0,232,4,5,0,13,48,2,17
3,9,6.0,51,4,13,1,0,85,1,23
2,10,22.0,247,0,1,0,16,50,1,26
2,10,22.0,247,0,3,0,10,22,3,26
2,10,24.0,56,2,17,0,16,74,1,14
2,10,24.0,56,2,6,0,4,75,4,14
2,10,24.0,56,2,16,0,7,62,3,14
2,6,15.0,38,6,0,2,5,6,3,1
2,6,15.0,38,6,9,0,16,130,1,1
2,6,15.0,38,6,8,0,2,2,2,1
2,6,30.0,208,3,16,0,0,77,0,19
2,6,30.0,208,3,0,1,1,16,0,19
2,6,30.0,208,3,7,0,13,21,1,19
2,6,30.0,208,3,11,1,2,13,1,19
2,6,30.0,208,3,18,0,6,89,4,19
2,6,30.0,208,3,23,0,6,7,1,19
2,10,8.0,150,0,17,1,13,99,1,8
2,10,8.0,150,0,15,0,5,6,2,8
3,9,9.0,320,3,17,1,9,93,4,12
3,3,11.0,337,5,14,0,15,46,3,9
3,11,27.0,322,0,12,1,1,105,4,15
3,9,13.0,91,4,15,0,0,96,0,25
3,9,13.0,91,4,4,0,14,25,1,25
3,9,13.0,91,4,9,2,11,55,0,25
3,9,13.0,91,4,9,0,2,86,1,25
3,9,27.0,179,4,5,0,3,79,3,15
3,9,27.0,179,4,13,0,0,77,3,15
3,9,27.0,179,4,9,2,13,38,0,15
3,7,5.0,204,2,5,0,4,75,1,24
3,7,5.0,204,2,0,0,5,12,3,24
3,7,5.0,204,2,12,3,9,57,0,24
3,7,5.0,204,2,1,0,13,28,1,24
3,9,2.0,323,3,6,0,4,79,3,22
3,7,11.0,197,1,15,1,2,40,1,9
3,7,11.0,197,1,8,2,0,15,3,9
3,7,11.0,197,1,18,0,5,12,3,9
3,7,13.0,238,4,15,2,7,62,0,25
2,10,29.0,157,0,19,1,0,12,0,16
2,10,8.0,150,0,14,0,15,39,4,8
2,10,8.0,150,0,4,1,15,112,1,8
2,10,13.0,174,6,21,0,0,12,1,25
2,10,13.0,174,6,11,1,9,58,4,25
2,10,13.0,174,6,2,0,8,9,3,25
2,6,30.0,208,3,9,1,10,47,2,19
2,10,22.0,247,0,4,0,10,47,0,26
2,10,24.0,56,2,6,2,7,20,3,14
2,10,24.0,56,2,0,2,0,77,3,14
2,5,4.0,96,6,15,1,9,101,4,30
2,5,5.0,277,3,5,0,14,107,3,24
2,5,5.0,277,3,20,0,1,105,4,24
2,5,15.0,239,2,16,1,15,46,4,1
2,5,15.0,239,2,14,0,16,72,0,1
2,5,15.0,239,2,19,0,2,86,1,1
2,5,15.0,239,2,18,0,0,68,0,1
2,5,16.0,212,4,20,1,0,0,1,2
2,5,16.0,212,4,20,0,11,90,1,2
2,6,5.0,83,2,12,0,16,113,2,24
2,6,5.0,83,2,12,2,7,78,3,24
2,6,5.0,83,2,12,0,15,39,4,24
3,7,13.0,238,4,0,1,5,64,0,25
3,7,13.0,238,4,14,0,4,66,4,25
3,7,21.0,81,5,20,0,2,40,2,21
3,7,21.0,81,5,7,1,10,22,1,21
3,7,22.0,211,6,7,0,5,0,0,26
3,3,14.0,33,0,21,1,5,6,0,5
3,3,14.0,33,0,13,0,5,6,3,5
3,3,14.0,33,0,5,0,11,124,4,5
2,1,26.0,262,0,15,0,10,47,1,3
2,1,26.0,262,0,12,1,4,127,4,3
3,3,21.0,338,0,20,1,7,111,1,21
3,5,11.0,326,3,6,0,13,48,3,9
2,10,25.0,61,4,1,0,15,114,1,13
2,10,25.0,61,4,9,2,2,2,3,13
2,1,30.0,305,5,4,0,16,50,1,19
2,1,30.0,305,5,14,2,0,15,2,19
2,1,30.0,305,5,18,2,14,32,1,19
2,1,30.0,305,5,3,0,9,49,0,19
2,1,31.0,66,6,22,0,8,41,1,20
2,8,8.0,124,3,23,0,1,59,4,8
2,8,8.0,124,3,21,1,0,26,0,8
2,8,8.0,124,3,22,0,9,10,0,8
2,8,8.0,124,3,8,2,13,28,1,8
2,8,8.0,124,3,14,0,13,29,1,8
2,8,8.0,124,3,2,0,16,139,3,8
2,8,22.0,102,3,15,0,1,59,0,26
2,8,22.0,102,3,23,1,7,62,4,26
2,8,22.0,102,3,8,3,5,6,0,26
2,8,22.0,102,3,4,2,2,69,0,26
2,8,22.0,102,3,19,1,0,96,4,26
2,8,23.0,85,0,1,0,8,41,1,17
2,8,24.0,86,1,16,0,0,12,4,14
2,8,23.0,85,0,19,1,2,69,0,17
2,8,24.0,86,1,14,1,12,61,4,14
2,10,24.0,56,2,2,1,9,10,4,14
2,10,25.0,61,4,15,0,16,113,4,13
2,10,24.0,56,2,14,0,5,0,2,14
2,10,25.0,61,4,12,0,14,24,3,13
2,10,25.0,61,4,9,1,16,108,4,13
2,10,25.0,61,4,18,0,3,30,3,13
2,10,30.0,135,1,17,0,5,64,3,19
2,10,30.0,135,1,6,0,3,30,1,19
2,10,30.0,135,1,21,0,13,38,0,19
2,10,30.0,135,1,23,0,0,12,1,19
2,10,30.0,135,1,5,2,15,31,0,19
2,10,30.0,135,1,22,0,16,130,3,19
2,10,30.0,135,1,22,1,5,6,0,19
2,10,30.0,135,1,18,2,9,102,2,19
3,5,27.0,328,1,2,0,4,75,0,15
3,5,27.0,328,1,19,2,6,7,1,15
3,5,27.0,328,1,18,0,13,28,4,15
3,5,27.0,328,1,9,0,1,11,1,15
3,6,4.0,159,2,0,0,2,60,4,30
3,6,4.0,159,2,17,2,12,61,3,30
3,6,6.0,83,5,22,0,5,6,0,23
3,6,11.0,355,2,6,0,7,111,4,9
2,8,21.0,354,6,13,0,6,91,2,21
2,8,21.0,354,6,1,1,6,7,2,21
3,6,11.0,355,2,17,0,13,99,1,9
3,6,11.0,355,2,13,0,13,28,3,9
3,6,11.0,355,2,3,0,2,2,4,9
3,6,11.0,355,2,12,0,13,36,1,9
3,6,11.0,355,2,1,0,2,86,1,9
3,7,21.0,81,5,22,0,15,108,3,21
3,7,28.0,34,5,13,0,2,71,1,18
3,7,28.0,34,5,22,0,13,28,3,18
3,7,28.0,34,5,13,0,0,26,2,18
3,9,28.0,315,5,22,0,9,54,2,18
3,7,28.0,34,5,14,0,6,89,3,18
3,7,28.0,34,5,22,1,7,54,4,18
2,10,30.0,135,1,9,0,10,47,3,19
2,10,31.0,203,2,16,2,4,82,3,20
2,10,31.0,203,2,23,0,6,7,2,20
2,10,30.0,135,1,6,2,0,53,3,19
2,10,31.0,203,2,3,1,2,2,4,20
2,10,31.0,203,2,21,0,16,50,1,20
2,10,22.0,247,0,6,0,7,20,0,26
2,10,22.0,247,0,6,1,6,132,2,26
2,10,22.0,247,0,7,0,10,12,1,26
2,10,22.0,247,0,2,0,8,19,4,26
2,10,24.0,56,2,6,0,9,93,1,14
2,10,24.0,56,2,14,0,9,58,4,14
2,10,25.0,61,4,11,0,9,95,1,13
2,10,24.0,56,2,4,1,8,27,1,14
2,10,22.0,247,0,22,0,12,121,1,26
2,10,25.0,61,4,3,0,10,47,2,13
2,10,30.0,135,1,12,0,14,106,3,19
2,10,31.0,203,2,20,2,15,46,3,20
2,10,31.0,203,2,18,0,0,26,1,20
2,1,6.0,32,1,0,0,0,26,3,23
2,1,6.0,32,1,22,1,13,36,1,23
3,7,31.0,43,0,12,0,9,49,1,20
0,8,23.0,102,6,13,0,11,133,2,17
2,7,4.0,204,0,12,1,6,7,0,30
3,6,11.0,355,2,16,0,5,12,0,9
3,6,11.0,355,2,17,1,16,65,0,9
3,6,11.0,355,2,14,0,12,61,1,9
3,6,6.0,83,5,5,0,9,93,1,23
3,6,12.0,162,4,8,1,9,10,4,28
3,6,22.0,185,3,15,0,2,123,3,26
3,6,22.0,185,3,5,1,3,115,0,26
3,6,22.0,185,3,19,0,5,6,2,26
3,6,30.0,145,0,17,1,0,31,4,19
3,6,30.0,145,0,19,2,8,118,3,19
3,10,4.0,356,5,16,2,2,86,3,30
3,10,4.0,356,5,5,0,11,58,2,30
3,6,30.0,145,0,12,1,13,28,2,19
3,10,4.0,356,5,1,0,1,67,3,30
3,10,5.0,336,6,16,0,9,102,3,24
3,10,5.0,336,6,5,0,12,84,1,24
2,10,31.0,203,2,0,1,14,25,2,20
2,1,6.0,32,1,16,0,15,46,3,23
2,1,6.0,32,1,4,1,5,6,0,23
2,1,17.0,82,6,17,1,15,46,0,6
2,1,17.0,82,6,18,1,14,24,4,6
2,1,17.0,82,6,15,1,6,89,1,6
2,1,22.0,69,4,7,2,13,36,1,26
2,1,22.0,69,4,22,0,13,36,2,26
2,1,22.0,69,4,4,2,16,72,3,26
2,1,30.0,305,5,8,0,14,34,3,19
2,1,31.0,66,6,3,0,10,47,2,20
2,1,30.0,305,5,18,3,13,28,3,19
2,1,31.0,66,6,5,1,2,13,4,20
2,8,8.0,124,3,3,0,16,139,1,8
2,8,8.0,124,3,22,1,2,86,1,8
2,8,8.0,124,3,22,0,0,0,3,8
2,8,8.0,124,3,19,3,4,79,3,8
2,8,22.0,102,3,17,1,16,42,4,26
2,8,24.0,86,1,19,0,2,2,1,14
2,8,24.0,86,1,9,0,3,79,3,14
2,8,25.0,278,2,0,0,0,85,3,13
2,8,25.0,278,2,17,1,3,115,0,13
2,8,24.0,86,1,21,0,13,29,2,14
2,8,23.0,85,0,13,1,6,91,4,17
2,8,30.0,144,0,9,0,7,120,3,19
2,4,6.0,133,3,16,0,11,90,3,23
2,4,6.0,133,3,11,1,13,48,4,23
2,4,6.0,133,3,2,0,11,124,2,23
2,4,6.0,133,3,1,0,8,27,1,23
2,4,6.0,133,3,12,0,13,38,1,23
2,4,6.0,133,3,15,0,2,69,2,23
2,4,6.0,133,3,8,1,14,24,1,23
2,4,7.0,292,0,9,0,1,35,0,11
2,4,7.0,292,0,18,2,5,6,3,11
2,4,7.0,292,0,18,0,2,40,4,11
2,4,16.0,19,2,16,0,8,27,3,2
2,4,16.0,19,2,22,1,2,86,4,2
2,1,30.0,305,5,6,1,8,19,0,19
2,1,30.0,305,5,8,0,4,138,3,19
2,1,30.0,305,5,8,2,6,89,3,19
2,1,30.0,305,5,10,1,1,67,4,19
2,1,30.0,305,5,8,2,5,6,3,19
2,1,31.0,66,6,3,0,14,25,2,20
2,1,31.0,66,6,14,2,14,32,3,20
2,1,31.0,66,6,18,0,5,12,3,20
2,8,8.0,124,3,17,2,0,0,3,8
2,8,8.0,124,3,23,0,6,73,1,8
2,8,8.0,124,3,2,0,16,139,2,8
2,8,8.0,124,3,22,3,4,5,4,8
2,8,8.0,124,3,23,1,13,29,4,8
2,8,22.0,102,3,9,0,2,86,3,26
2,8,23.0,85,0,6,0,11,15,0,17
2,8,23.0,85,0,6,0,13,21,1,17
2,8,22.0,102,3,8,0,14,24,1,26
2,8,23.0,85,0,12,0,13,99,1,17
2,8,23.0,85,0,1,0,10,22,3,17
2,8,24.0,86,1,6,2,14,25,3,14
2,8,24.0,86,1,7,0,5,12,1,14
2,8,24.0,86,1,5,0,10,52,1,14
2,8,24.0,86,1,1,1,9,93,4,14
2,8,25.0,278,2,17,0,14,131,3,13
2,8,24.0,86,1,1,2,3,115,3,14
2,8,25.0,278,2,16,1,0,26,1,13
2,8,25.0,278,2,5,0,5,12,1,13
2,8,22.0,102,3,8,2,10,52,0,26
2,8,22.0,102,3,12,1,2,71,4,26
2,8,22.0,102,3,4,0,9,83,1,26
2,8,23.0,85,0,6,2,10,47,3,17
2,8,23.0,85,0,17,0,6,128,1,17
2,8,23.0,85,0,21,1,8,19,0,17
2,8,23.0,85,0,2,3,13,38,2,17
2,8,23.0,85,0,6,0,16,42,1,17
3,5,22.0,163,4,15,0,0,64,4,26
3,6,4.0,159,2,23,2,11,10,0,30
3,6,4.0,159,2,7,1,9,57,0,30
3,6,6.0,83,5,17,0,15,51,3,23
3,6,6.0,83,5,7,1,10,43,0,23
3,6,11.0,355,2,2,0,16,42,1,9
3,6,11.0,355,2,3,0,16,50,4,9
3,6,11.0,355,2,1,0,13,29,4,9
3,6,11.0,355,2,19,0,2,69,0,9
3,6,12.0,162,4,17,0,1,59,2,28
3,6,11.0,355,2,1,1,15,39,0,9
3,6,12.0,162,4,11,1,13,21,4,28
3,6,12.0,162,4,5,0,6,7,3,28
3,6,12.0,162,4,2,0,8,118,1,28
3,6,11.0,355,2,21,1,13,21,2,9
3,6,22.0,185,3,10,0,10,43,0,26
3,3,21.0,338,0,6,0,4,5,1,21
3,5,11.0,326,3,6,0,4,75,1,9
2,8,21.0,354,6,9,1,0,31,4,21
2,8,18.0,280,2,13,0,13,99,2,0
2,8,21.0,354,6,1,0,11,94,0,21
3,5,11.0,326,3,10,0,3,44,3,9
3,5,11.0,326,3,2,0,9,27,2,9
3,5,11.0,326,3,12,1,9,54,4,9
3,5,13.0,184,1,16,0,16,39,0,25
3,5,13.0,184,1,3,0,0,15,2,25
3,5,22.0,163,4,3,0,0,77,1,26
3,5,22.0,163,4,2,0,2,13,3,26
3,5,22.0,163,4,4,0,3,76,3,26
3,5,22.0,163,4,1,0,2,13,3,26
2,6,7.0,59,5,7,0,13,48,1,11
2,6,7.0,59,5,1,0,2,40,0,11
2,6,15.0,38,6,13,0,5,6,2,1
3,11,31.0,227,5,22,0,7,8,4,20
2,6,15.0,38,6,19,2,10,47,0,1
2,6,30.0,208,3,19,1,10,47,2,19
2,10,8.0,150,0,20,0,7,62,1,8
2,10,8.0,150,0,7,2,4,75,3,8
2,10,13.0,174,6,15,1,2,60,4,25
2,10,13.0,174,6,15,2,0,53,3,25
2,10,13.0,174,6,2,0,5,12,1,25
2,10,13.0,174,6,22,0,4,82,1,25
2,6,30.0,208,3,8,0,5,6,3,19
2,6,30.0,208,3,13,0,0,15,0,19
2,6,30.0,208,3,4,1,15,31,1,19
2,6,30.0,208,3,17,1,13,38,0,19
2,10,8.0,150,0,19,0,5,64,3,8
2,10,8.0,150,0,4,0,1,1,3,8
2,10,13.0,174,6,13,1,5,12,1,25
2,10,22.0,247,0,16,0,14,34,1,26
2,10,22.0,247,0,6,0,16,37,3,26
2,10,22.0,247,0,3,0,10,23,1,26
2,10,22.0,247,0,4,0,5,6,0,26
2,10,24.0,56,2,17,2,5,12,3,14
2,10,24.0,56,2,17,0,8,41,4,14
2,10,24.0,56,2,0,0,14,24,3,14
2,10,24.0,56,2,2,0,16,74,3,14
2,10,24.0,56,2,1,2,11,98,3,14
3,9,8.0,90,6,11,0,4,75,2,8
3,9,24.0,272,0,8,2,13,28,2,14
2,10,25.0,61,4,16,1,2,60,2,13
2,10,25.0,61,4,16,2,8,41,3,13
2,10,24.0,56,2,4,1,6,132,0,14
2,10,25.0,61,4,5,1,2,86,4,13
2,10,30.0,135,1,10,0,15,46,3,19
2,10,30.0,135,1,20,0,15,112,3,19
2,10,25.0,61,4,3,0,9,93,1,13
2,10,30.0,135,1,14,0,2,86,0,19
2,10,30.0,135,1,1,0,10,22,1,19
3,9,26.0,267,2,10,1,13,21,4,3
3,5,27.0,328,1,13,0,8,9,4,15
3,6,4.0,159,2,0,2,9,95,3,30
3,6,4.0,159,2,17,1,12,100,4,30
3,6,6.0,83,5,7,0,10,22,2,23
3,6,11.0,355,2,6,0,2,86,3,9
3,3,13.0,210,3,17,0,4,138,3,25
3,3,13.0,210,3,12,0,6,7,0,25
3,3,13.0,210,3,19,0,2,69,4,25
3,3,13.0,210,3,8,0,3,30,3,25
3,3,13.0,210,3,1,1,13,38,4,25
3,3,13.0,210,3,17,1,2,2,0,25
2,1,21.0,164,2,2,2,12,61,3,21
2,3,24.0,347,2,8,3,5,12,0,14
2,1,19.0,151,0,12,3,8,27,3,10
0,5,1.0,109,0,13,3,1,11,4,7
3,6,2.0,352,0,13,1,13,99,1,22
2,4,16.0,19,2,0,2,10,43,3,2
2,4,16.0,19,2,21,0,4,75,1,2
2,4,22.0,30,1,1,0,1,11,1,26
2,4,22.0,30,1,0,2,5,12,2,26
2,4,23.0,27,2,17,0,4,79,2,17
2,1,31.0,66,6,4,0,13,29,3,20
2,8,8.0,124,3,7,1,0,12,0,8
2,8,8.0,124,3,1,0,3,103,3,8
2,8,22.0,102,3,12,0,10,22,3,26
2,8,23.0,85,0,3,0,16,74,3,17
2,8,23.0,85,0,18,2,11,117,3,17
2,8,24.0,86,1,1,0,0,64,0,14
2,8,24.0,86,1,12,0,11,122,3,14
2,8,25.0,278,2,0,0,5,12,3,13
2,8,25.0,278,2,17,1,0,31,0,13
2,8,30.0,144,0,17,0,16,139,3,19
2,8,30.0,144,0,11,0,9,93,1,19
2,6,30.0,208,3,3,3,8,19,0,19
2,4,6.0,133,3,5,0,12,84,1,23
2,4,6.0,133,3,8,0,5,6,2,23
2,4,6.0,133,3,12,0,9,10,0,23
2,4,6.0,133,3,13,1,1,81,4,23
2,4,7.0,292,0,17,0,15,96,4,11
2,4,7.0,292,0,20,0,6,7,2,11
2,4,7.0,292,0,14,1,9,93,4,11
2,4,16.0,19,2,7,2,13,29,3,2
2,4,16.0,19,2,0,1,2,123,4,2
2,4,22.0,30,1,6,0,10,52,3,26
2,4,22.0,30,1,6,0,8,118,4,26
2,4,22.0,30,1,0,1,8,27,0,26
2,4,6.0,133,3,4,0,3,79,0,23
2,4,7.0,292,0,12,2,9,101,3,11
3,6,2.0,352,0,23,0,11,117,1,22
2,4,7.0,292,0,12,0,9,10,3,11
2,4,7.0,292,0,3,1,6,89,4,11
2,4,16.0,19,2,17,0,0,0,1,2
2,4,16.0,19,2,16,0,0,15,4,2
2,4,16.0,19,2,0,1,2,123,4,2
2,4,16.0,19,2,18,0,16,37,1,2
2,4,22.0,30,1,16,0,0,15,1,26
2,4,22.0,30,1,16,0,9,87,3,26
2,4,22.0,30,1,0,1,15,119,0,26
2,4,22.0,30,1,19,0,2,86,0,26
2,4,23.0,27,2,17,0,0,26,3,17
2,4,23.0,27,2,16,0,5,12,3,17
2,4,23.0,27,2,0,0,0,26,1,17
2,4,23.0,27,2,6,0,0,26,2,17
2,4,22.0,30,1,18,2,1,11,1,26
2,4,23.0,27,2,9,0,12,61,1,17
2,4,24.0,20,4,16,0,0,26,4,14
2,4,24.0,20,4,21,2,5,64,3,14
2,4,22.0,30,1,0,2,8,41,3,26
2,4,22.0,30,1,16,0,6,128,3,26
2,4,22.0,30,1,1,0,8,9,1,26
2,4,22.0,30,1,9,0,13,36,4,26
2,4,22.0,30,1,8,1,8,41,1,26
2,4,23.0,27,2,16,0,10,47,0,17
2,4,23.0,27,2,16,0,5,6,0,17
2,4,23.0,27,2,8,0,1,1,1,17
2,4,23.0,27,2,8,2,10,47,3,17
2,4,23.0,27,2,4,0,16,50,4,17
2,4,23.0,27,2,9,2,0,64,3,17
2,4,22.0,30,1,19,3,15,96,3,26
2,4,24.0,20,4,12,0,6,73,1,14
2,4,24.0,20,4,8,0,12,80,2,14
2,4,24.0,20,4,1,2,11,55,3,14
2,2,8.0,21,5,17,1,14,25,0,8
2,2,8.0,21,5,17,0,2,13,1,8
2,2,8.0,21,5,17,0,11,10,4,8
2,2,8.0,21,5,16,1,9,27,0,8
2,2,8.0,21,5,11,0,6,7,3,8
2,2,8.0,21,5,23,0,12,61,4,8
2,2,8.0,21,5,8,0,10,47,3,8
2,2,8.0,21,5,13,0,9,101,2,8
2,4,16.0,19,2,4,0,15,31,2,2
2,4,16.0,19,2,1,0,8,27,1,2
2,4,22.0,30,1,11,0,7,57,4,26
2,4,22.0,30,1,2,0,15,96,0,26
3,3,13.0,210,3,14,1,9,87,4,25
2,3,30.0,109,1,5,1,3,76,1,19
3,3,14.0,33,0,14,0,10,52,1,5
3,3,14.0,33,0,9,0,13,21,1,5
3,3,21.0,338,0,3,0,15,114,2,21
2,10,30.0,135,1,9,0,16,37,3,19
2,10,30.0,135,1,9,3,4,66,3,19
2,10,31.0,203,2,7,1,4,66,4,20
2,10,31.0,203,2,8,0,10,47,0,20
2,10,31.0,203,2,2,1,7,20,4,20
2,10,31.0,203,2,16,1,0,68,1,20
2,1,6.0,32,1,16,0,4,66,0,23
2,1,6.0,32,1,22,0,4,121,2,23
2,1,6.0,32,1,2,0,12,100,1,23
2,10,31.0,203,2,8,1,14,126,4,20
2,1,6.0,32,1,14,0,2,13,1,23
2,1,6.0,32,1,19,1,13,38,4,23
2,1,22.0,69,4,12,0,0,26,3,26
2,1,22.0,69,4,12,0,4,127,2,26
2,1,30.0,305,5,11,0,15,114,3,19
2,10,30.0,135,1,8,2,2,2,3,19
2,10,30.0,135,1,19,0,3,79,1,19
2,10,30.0,135,1,22,1,0,12,1,19
2,5,15.0,239,2,13,3,11,133,4,1
2,1,6.0,32,1,6,0,9,102,3,23
3,3,21.0,338,0,1,0,15,46,3,21
3,3,21.0,338,0,9,2,11,18,3,21
2,5,1.0,307,2,11,0,3,30,1,7
3,5,11.0,326,3,3,0,9,63,1,9
3,5,11.0,326,3,12,2,15,31,2,9
2,8,21.0,354,6,11,1,16,139,1,21
3,5,13.0,184,1,21,2,7,120,0,25
3,5,13.0,184,1,15,0,3,70,1,25
3,5,11.0,326,3,19,0,13,28,1,9
3,5,13.0,184,1,2,0,5,6,0,25
3,5,22.0,163,4,9,2,1,35,0,26
3,5,22.0,163,4,1,0,3,103,3,26
3,5,22.0,163,4,4,0,6,91,1,26
3,5,22.0,163,4,18,0,3,70,3,26
3,5,22.0,163,4,2,0,2,13,1,26
3,5,27.0,328,1,0,0,8,9,3,15
3,5,27.0,328,1,13,0,2,86,3,15
2,1,6.0,32,1,0,0,9,57,0,23
2,1,6.0,32,1,7,1,0,0,0,23
2,1,6.0,32,1,22,0,15,96,3,23
2,1,6.0,32,1,9,0,15,39,4,23
2,1,17.0,82,6,17,2,3,103,3,6
2,1,17.0,82,6,17,2,10,6,3,6
2,1,17.0,82,6,17,1,11,98,4,6
2,1,17.0,82,6,15,0,12,80,1,6
2,1,17.0,82,6,22,0,2,69,0,6
2,1,17.0,82,6,21,1,11,133,4,6
2,1,22.0,69,4,0,0,4,79,3,26
2,1,22.0,69,4,5,0,13,99,1,26
2,1,22.0,69,4,18,1,9,95,4,26
3,5,26.0,37,0,4,2,2,86,1,3
2,1,30.0,305,5,5,0,5,6,3,19
2,1,30.0,305,5,12,0,10,23,1,19
2,10,31.0,203,2,22,0,6,73,3,20
2,1,31.0,66,6,17,0,15,108,3,20
2,1,31.0,66,6,3,0,9,87,3,20
2,6,7.0,59,5,7,1,3,115,4,11
2,6,7.0,59,5,9,0,2,2,1,11
2,6,15.0,38,6,16,0,7,111,1,1
2,6,15.0,38,6,8,2,1,11,3,1
2,6,15.0,38,6,18,0,12,61,1,1
2,6,30.0,208,3,17,0,6,7,0,19
2,6,30.0,208,3,20,0,8,41,3,19
2,6,30.0,208,3,14,0,0,26,3,19
2,6,30.0,208,3,18,0,2,92,4,19
2,10,13.0,174,6,17,2,6,7,3,25
2,10,13.0,174,6,22,0,13,28,2,25
2,10,13.0,174,6,1,0,2,40,1,25
2,10,13.0,174,6,8,0,12,61,3,25
2,10,22.0,247,0,5,0,1,11,0,26
2,10,22.0,247,0,12,0,10,22,2,26
2,10,24.0,56,2,6,0,12,56,3,14
2,10,24.0,56,2,6,0,10,23,1,14
2,10,24.0,56,2,11,0,1,1,1,14
2,10,24.0,56,2,0,1,10,47,0,14
2,10,24.0,56,2,5,0,4,82,1,14
2,10,25.0,61,4,8,0,4,75,1,13
2,5,24.0,350,5,12,3,13,69,3,14
2,6,21.0,185,5,12,0,8,118,1,21
2,6,21.0,185,5,5,1,14,34,1,21
2,9,21.0,362,2,9,1,5,6,0,21
2,4,17.0,26,4,13,0,16,72,2,6
2,7,6.0,293,2,14,1,8,27,0,23
2,7,13.0,125,2,18,1,9,10,2,25
2,7,13.0,125,2,16,1,5,64,1,25
2,7,4.0,204,0,17,0,10,12,0,30
2,3,21.0,166,3,17,1,6,7,0,21
3,7,15.0,205,6,7,0,1,1,1,1
3,3,2.0,120,2,5,0,8,41,0,22
3,3,2.0,120,2,8,0,10,47,3,22
3,3,2.0,120,2,8,0,10,43,3,22
3,3,3.0,182,4,13,0,12,61,2,27
3,3,3.0,182,4,4,0,3,70,1,27
3,3,3.0,182,4,14,0,3,44,0,27
3,3,4.0,285,5,3,0,6,89,1,30
3,3,4.0,285,5,4,0,11,117,1,30
3,3,11.0,337,5,20,0,9,57,3,9
3,3,13.0,210,3,5,0,9,101,0,25
2,1,18.0,29,3,9,3,9,49,1,0
2,1,18.0,29,3,13,0,16,37,3,0
3,3,13.0,210,3,9,0,5,6,3,25
3,3,13.0,210,3,22,1,9,58,4,25
3,3,13.0,210,3,5,0,9,49,2,25
3,3,14.0,33,0,13,0,10,47,3,5
3,3,14.0,33,0,8,0,15,114,1,5
3,3,21.0,338,0,2,0,9,95,1,21
3,3,21.0,338,0,2,1,13,48,4,21
3,5,11.0,326,3,15,0,8,33,2,9
2,9,15.0,226,4,14,0,16,72,1,1
2,3,30.0,109,1,1,1,11,15,0,19
2,5,6.0,349,0,13,1,8,41,4,23
2,3,15.0,263,0,2,3,10,23,1,1
2,11,3.0,288,2,3,0,2,40,2,27
2,8,14.0,72,6,9,0,6,89,0,5
2,9,21.0,362,2,1,0,16,50,1,21
2,9,21.0,362,2,9,1,5,6,0,21
2,0,24.0,281,1,5,3,9,93,0,14
2,0,25.0,14,2,9,0,9,9,1,13
2,10,7.0,213,3,1,1,14,24,1,11
3,7,14.0,125,5,2,1,13,13,1,5
3,5,11.0,326,3,2,0,4,121,3,9
3,5,13.0,184,1,6,0,6,128,1,25
3,5,13.0,184,1,6,1,1,105,0,25
3,5,13.0,184,1,16,1,14,107,0,25
3,5,13.0,184,1,13,2,14,25,0,25
3,5,13.0,184,1,14,0,1,59,3,25
3,5,13.0,184,1,0,0,14,131,0,25
3,5,13.0,184,1,1,2,3,103,3,25
3,5,13.0,184,1,14,0,9,87,1,25
3,5,27.0,328,1,20,0,12,80,1,15
3,5,27.0,328,1,15,2,8,19,2,15
3,5,27.0,328,1,19,0,9,49,0,15
3,5,27.0,328,1,14,0,7,57,1,15
3,5,27.0,328,1,17,1,3,44,1,15
3,6,4.0,159,2,16,2,10,30,0,30
3,6,4.0,159,2,6,0,1,59,4,30
3,6,4.0,159,2,19,0,9,93,1,30
3,6,6.0,83,5,12,0,16,42,1,23
3,6,6.0,83,5,23,1,9,49,1,23
3,6,11.0,355,2,16,0,5,6,0,9
3,6,11.0,355,2,12,2,0,26,3,9
3,11,1.0,222,2,7,0,10,23,1,7
3,11,1.0,222,2,6,0,14,25,1,7
3,11,1.0,222,2,18,1,0,15,4,7
3,11,3.0,288,5,17,1,10,43,1,27
3,11,4.0,275,6,15,1,1,16,4,30
3,11,4.0,275,6,2,0,4,127,4,30
3,11,3.0,288,5,22,3,2,2,2,27
3,11,12.0,118,3,14,2,9,95,3,28
3,11,20.0,340,0,0,0,5,12,1,29
3,11,20.0,340,0,20,1,11,15,0,29
3,11,20.0,340,0,19,1,12,56,4,29
3,11,26.0,364,3,0,0,0,26,3,3
2,3,20.0,338,6,17,1,10,22,2,29
2,5,1.0,307,2,13,1,7,54,4,7
2,5,12.0,184,3,22,0,4,75,0,28
3,11,26.0,364,3,13,0,3,76,3,3
3,11,27.0,322,0,18,2,9,93,3,15
2,0,12.0,198,4,10,3,5,6,0,28
3,11,30.0,170,4,17,0,2,2,1,19
3,11,30.0,170,4,15,0,12,80,2,19
3,11,30.0,170,4,22,0,15,31,4,19
3,11,12.0,118,3,11,1,11,10,4,28
3,11,30.0,170,4,5,1,16,139,4,19
2,1,6.0,32,1,22,1,7,62,1,23
3,8,12.0,284,5,15,0,11,94,0,28
3,10,24.0,261,4,15,1,10,23,1,14
3,8,12.0,284,5,2,0,1,1,3,28
3,10,26.0,61,6,15,1,7,57,1,3
3,8,12.0,284,5,13,1,4,75,4,28
3,8,12.0,284,5,3,1,15,39,4,28
3,5,27.0,328,1,18,0,0,77,1,15
3,8,12.0,284,5,12,0,13,38,2,28
3,5,27.0,328,1,8,3,6,116,0,15
3,8,12.0,284,5,9,1,10,47,1,28
3,5,27.0,328,1,16,1,8,19,2,15
3,5,27.0,328,1,4,3,5,64,3,15
3,3,30.0,304,2,18,0,7,20,1,19
3,7,13.0,238,4,20,0,7,62,1,25
3,3,12.0,104,6,13,1,2,69,1,28
3,8,5.0,101,5,11,0,10,22,3,24
3,10,4.0,356,5,2,0,13,38,0,30
3,5,19.0,146,0,18,0,9,101,4,10
3,5,20.0,214,1,19,2,6,7,3,29
3,8,5.0,101,5,18,0,9,87,3,24
3,5,28.0,259,2,5,2,10,52,3,18
3,5,28.0,259,2,9,1,13,99,4,18
3,5,29.0,24,4,21,0,6,14,1,16
3,5,28.0,259,2,12,1,13,48,0,18
3,5,29.0,24,4,8,0,5,12,3,16
3,5,29.0,24,4,8,0,2,92,0,16
3,5,29.0,24,4,8,2,14,32,2,16
3,5,31.0,196,6,12,0,14,24,3,20
3,5,31.0,196,6,1,0,1,11,1,20
3,5,31.0,196,6,18,0,7,20,3,20
3,6,21.0,193,6,16,1,8,27,0,21
3,6,21.0,193,6,1,0,5,12,0,21
3,4,15.0,132,2,2,2,1,11,3,1
3,6,23.0,84,0,21,2,14,25,3,17
3,5,14.0,36,2,0,0,16,74,3,5
3,5,14.0,36,2,17,0,13,29,1,5
3,5,14.0,36,2,0,1,13,48,4,5
3,10,24.0,261,4,2,1,13,38,0,14
3,9,24.0,272,0,6,1,15,119,2,14
3,9,24.0,272,0,21,0,14,32,4,14
3,9,24.0,272,0,15,2,8,33,3,14
3,9,24.0,272,0,2,2,2,2,3,14
3,9,24.0,272,0,16,1,9,63,1,14
3,9,26.0,267,2,3,0,9,87,2,3
3,7,9.0,273,3,19,0,4,82,1,12
3,7,18.0,154,1,21,0,7,31,4,0
3,7,18.0,154,1,15,0,14,25,3,0
3,7,18.0,154,1,17,0,0,26,3,0
3,7,25.0,41,1,17,0,16,72,1,13
3,7,25.0,41,1,13,2,15,39,1,13
3,7,25.0,41,1,23,1,12,17,0,13
3,7,25.0,41,1,21,1,12,83,4,13
3,7,25.0,41,1,19,0,13,48,3,13
3,7,25.0,41,1,19,0,0,26,1,13
3,7,25.0,41,1,9,1,0,85,1,13
3,9,8.0,90,6,9,0,4,79,3,8
3,10,26.0,61,6,16,1,14,24,1,3
3,5,14.0,36,2,4,0,9,49,4,5
3,5,14.0,36,2,9,2,6,7,0,5
3,5,19.0,146,0,20,0,2,3,3,10
3,5,19.0,146,0,20,0,2,92,1,10
3,5,19.0,146,0,3,0,4,82,3,10
3,5,19.0,146,0,8,2,15,114,3,10
3,5,20.0,214,1,21,0,1,1,0,29
3,5,20.0,214,1,9,0,5,6,3,29
3,5,20.0,214,1,9,0,15,46,2,29
3,5,20.0,214,1,18,0,0,12,0,29
3,5,21.0,351,2,11,0,5,6,2,21
3,5,21.0,351,2,13,2,10,47,3,21
3,5,28.0,259,2,16,0,0,12,0,18
3,5,28.0,259,2,17,0,5,6,0,18
3,5,19.0,146,0,13,0,2,92,1,10
3,8,5.0,101,5,13,1,1,11,4,24
3,8,14.0,296,3,22,0,10,6,3,5
3,5,28.0,259,2,4,0,13,48,1,18
3,5,28.0,259,2,14,0,1,59,3,18
3,5,29.0,24,4,8,0,9,95,2,16
3,5,29.0,24,4,14,0,8,9,1,16
2,7,1.0,160,5,11,3,8,19,0,7
3,6,20.0,215,5,23,3,13,48,3,29
3,10,31.0,135,4,9,0,8,33,1,20
3,8,29.0,301,0,8,0,5,12,1,16
3,8,29.0,301,0,1,0,1,11,4,16
3,8,29.0,301,0,1,2,6,132,3,16
3,8,30.0,103,1,16,0,11,133,3,19
3,8,29.0,301,0,18,1,8,9,0,16
3,8,30.0,103,1,10,1,3,79,1,19
3,8,30.0,103,1,4,0,0,53,3,19
3,8,30.0,103,1,14,0,1,67,1,19
3,8,30.0,103,1,16,1,9,54,4,19
3,4,4.0,178,6,15,0,8,27,1,30
3,4,4.0,178,6,18,2,0,64,3,30
3,4,15.0,132,2,16,0,5,12,1,1
3,4,15.0,132,2,6,0,4,5,1,1
3,1,4.0,286,0,21,0,16,37,4,30
3,7,25.0,41,1,19,0,7,20,0,13
3,5,29.0,24,4,5,0,0,77,2,16
3,6,16.0,38,0,11,0,6,132,0,2
3,8,20.0,319,6,5,0,5,6,2,29
3,5,12.0,327,0,13,3,1,81,0,28
3,5,29.0,24,4,6,0,9,54,4,16
3,6,16.0,38,0,12,0,5,12,0,2
3,4,15.0,132,2,9,2,16,37,0,1
3,4,14.0,345,1,2,3,15,51,2,5
3,5,2.0,307,5,3,0,4,75,2,22
3,6,16.0,38,0,17,0,1,35,4,2
3,5,29.0,24,4,0,2,0,64,0,16
3,7,25.0,41,1,15,1,12,56,1,13
3,1,3.0,188,3,10,0,14,24,2,27
3,7,9.0,273,3,14,0,14,34,4,12
3,4,29.0,313,2,18,2,11,124,0,16
3,7,31.0,43,0,15,0,6,7,3,20
3,5,12.0,327,0,16,1,0,12,0,28
3,1,30.0,100,6,2,0,16,72,1,19
3,8,4.0,299,4,21,0,10,43,0,30
3,8,4.0,299,4,0,1,0,12,1,30
3,8,4.0,299,4,1,0,16,50,1,30
3,8,4.0,299,4,14,1,7,137,0,30
3,8,6.0,87,6,2,2,8,118,3,23
3,8,6.0,87,6,8,0,3,70,3,23
3,8,7.0,70,3,23,2,11,117,3,11
3,8,7.0,70,3,11,1,14,106,4,11
3,8,13.0,189,6,10,0,14,24,1,25
3,8,13.0,189,6,12,2,7,122,4,25
3,8,15.0,72,0,7,1,1,105,0,1
3,5,4.0,114,3,15,0,2,86,2,30
3,6,20.0,215,5,1,2,1,11,3,29
3,3,28.0,187,0,9,0,5,6,2,18
3,6,13.0,317,5,3,3,12,84,0,25
3,10,6.0,242,3,18,0,13,38,4,23
3,8,15.0,72,0,8,0,13,99,4,1
3,8,15.0,72,0,14,0,15,51,0,1
3,4,31.0,67,5,3,2,6,91,0,20
3,4,31.0,67,5,20,1,6,116,4,20
3,4,31.0,67,5,19,0,12,84,1,20
3,4,31.0,67,5,14,2,6,7,3,20
3,2,5.0,127,2,17,0,11,0,0,24
3,2,5.0,127,2,16,0,10,12,1,24
3,2,5.0,127,2,6,1,6,91,0,24
3,2,5.0,127,2,16,0,9,134,4,24
3,2,5.0,127,2,8,0,12,56,0,24
3,2,5.0,127,2,1,0,4,66,4,24
3,8,4.0,299,4,7,1,1,105,0,30
3,2,14.0,231,5,14,0,7,120,1,5
3,2,14.0,231,5,3,1,0,68,4,5
3,2,14.0,231,5,22,1,0,68,4,5
3,10,6.0,242,3,13,3,14,25,0,23
3,2,21.0,108,5,2,0,5,64,2,21
3,2,21.0,108,5,8,0,2,86,2,21
3,2,21.0,108,5,19,0,6,73,1,21
3,2,21.0,108,5,12,2,4,66,2,21
3,2,21.0,108,5,3,1,8,33,4,21
3,2,21.0,108,5,18,0,1,35,3,21
3,4,4.0,178,6,19,0,5,47,2,30
3,2,22.0,209,6,13,0,0,64,3,26
3,2,22.0,209,6,12,0,14,34,3,26
3,2,22.0,209,6,22,1,1,1,4,26
3,8,29.0,301,0,14,2,8,9,3,16
3,8,29.0,301,0,9,0,13,99,3,16
3,8,30.0,103,1,10,1,5,6,0,19
3,8,30.0,103,1,3,0,14,110,3,19
3,8,30.0,103,1,8,1,14,125,4,19
3,4,4.0,178,6,15,0,15,46,1,30
3,4,15.0,132,2,6,0,1,67,2,1
3,4,15.0,132,2,13,0,6,14,4,1
3,4,15.0,132,2,14,0,0,77,1,1
3,4,15.0,132,2,2,0,1,35,3,1
3,4,20.0,115,0,21,1,5,12,0,29
3,4,20.0,115,0,16,1,14,25,0,29
3,4,20.0,115,0,9,0,10,47,0,29
3,4,23.0,30,4,23,0,3,44,3,17
3,3,20.0,105,3,4,0,4,82,1,29
3,4,29.0,313,2,23,0,9,10,4,16
3,4,29.0,313,2,12,0,8,27,0,16
3,4,29.0,313,2,19,0,4,75,1,16
3,3,9.0,44,2,20,2,9,87,3,12
3,5,29.0,24,4,15,0,8,9,0,16
3,7,31.0,43,0,19,0,0,68,1,20
3,10,15.0,60,1,3,0,4,82,1,1
3,3,9.0,44,2,6,0,10,47,2,12
3,8,25.0,86,4,13,0,10,23,1,13
3,8,28.0,224,3,8,0,10,12,3,18
3,7,31.0,43,0,5,1,12,135,4,20
3,7,31.0,43,0,18,0,10,22,0,20
3,7,31.0,43,0,1,2,9,95,0,20
3,3,9.0,44,2,7,0,12,61,1,12
3,3,9.0,44,2,6,1,3,76,4,12
3,3,9.0,44,2,19,0,16,39,3,12
3,3,9.0,44,2,8,1,3,30,1,12
3,3,9.0,44,2,1,0,15,51,1,12
3,5,8.0,199,4,21,1,9,57,0,8
3,5,8.0,199,4,5,2,9,102,0,8
3,5,8.0,199,4,4,0,14,34,2,8
3,5,8.0,199,4,19,2,1,59,1,8
3,8,5.0,101,5,2,0,8,41,1,24
3,8,5.0,101,5,4,0,10,22,1,24
3,8,5.0,101,5,13,1,12,80,4,24
3,8,5.0,101,5,13,0,2,3,2,24
3,8,12.0,284,5,20,0,15,114,4,28
3,3,9.0,44,2,21,1,8,19,0,12
3,5,12.0,327,0,21,0,1,16,4,28
3,1,4.0,286,0,9,1,0,77,4,30
3,3,9.0,44,2,2,0,6,89,1,12
3,5,12.0,327,0,14,0,6,91,1,28
3,7,18.0,154,1,14,1,3,30,0,0
3,5,29.0,24,4,20,1,9,63,4,16
3,4,4.0,178,6,6,1,3,30,4,30
3,5,29.0,24,4,13,0,8,118,2,16
3,1,4.0,286,0,10,1,13,21,4,30
3,5,14.0,36,2,6,0,3,44,3,5
3,1,11.0,111,0,12,0,2,40,3,9
3,5,29.0,24,4,19,2,14,97,0,16
3,6,16.0,38,0,1,0,14,107,3,2
3,4,15.0,132,2,7,0,13,48,3,1
3,1,12.0,353,1,8,0,5,6,0,28
3,1,22.0,164,5,21,1,13,21,0,26
3,9,8.0,90,6,5,0,13,99,2,8
3,7,9.0,273,3,14,0,15,31,2,12
3,3,9.0,44,2,2,1,10,12,1,12
3,1,7.0,32,4,19,1,11,98,4,11
3,9,8.0,90,6,2,0,2,86,4,8
3,9,9.0,320,3,19,0,10,43,1,12
3,9,26.0,267,2,11,2,0,26,3,3
3,9,26.0,267,2,11,2,5,6,3,3
3,9,26.0,267,2,12,0,10,6,3,3
3,9,26.0,267,2,18,0,4,82,1,3
3,7,9.0,273,3,16,0,0,26,1,12
3,7,9.0,273,3,15,0,9,54,2,12
3,7,9.0,273,3,8,0,16,74,1,12
3,7,18.0,154,1,16,0,0,26,1,0
3,7,18.0,154,1,21,0,14,34,1,0
3,7,18.0,154,1,2,2,13,29,1,0
3,7,18.0,154,1,9,0,6,7,4,0
3,7,31.0,43,0,22,0,6,89,1,20
3,7,31.0,43,0,19,0,13,38,1,20
3,7,31.0,43,0,19,0,15,114,2,20
3,7,25.0,41,1,0,0,12,104,0,13
3,3,9.0,44,2,7,1,1,105,4,12
3,6,30.0,145,0,9,0,2,2,3,19
3,5,13.0,184,1,13,0,16,74,4,25
3,8,20.0,319,6,19,1,7,122,1,29
3,8,20.0,319,6,15,0,15,114,2,29
3,4,13.0,221,0,22,1,10,47,0,25
3,2,16.0,220,3,10,1,15,114,4,2
3,8,5.0,101,5,16,2,3,103,3,24
3,8,5.0,101,5,6,3,14,25,3,24
3,8,5.0,101,5,1,0,0,64,3,24
3,8,12.0,284,5,6,0,5,6,3,28
3,6,23.0,84,0,17,3,14,110,0,17
3,6,23.0,84,0,3,0,13,38,1,17
3,6,23.0,84,0,14,0,9,9,4,17
3,4,14.0,345,1,18,0,6,106,3,5
3,4,21.0,339,1,5,3,1,105,3,21
3,10,3.0,310,4,5,0,5,12,3,27
3,10,3.0,310,4,2,0,4,136,4,27
3,10,11.0,298,5,7,0,14,25,0,9
3,10,11.0,298,5,20,0,12,56,4,9
3,4,20.0,115,0,16,0,0,26,3,29
3,4,20.0,115,0,16,0,8,27,2,29
3,4,20.0,115,0,16,0,3,30,3,29
3,4,20.0,115,0,16,1,14,107,0,29
3,4,20.0,115,0,22,0,8,19,0,29
3,4,20.0,115,0,4,0,2,69,3,29
3,4,20.0,115,0,15,3,3,103,3,29
3,6,14.0,173,6,13,0,8,27,3,5
3,4,23.0,30,4,0,0,5,12,0,17
3,4,20.0,115,0,19,0,14,24,2,29
3,4,23.0,30,4,2,0,7,78,1,17
3,4,23.0,30,4,12,0,4,66,2,17
3,4,29.0,313,2,13,0,1,35,2,16
3,4,29.0,313,2,6,0,13,69,3,16
3,4,29.0,313,2,22,0,1,59,1,16
3,4,29.0,313,2,19,1,2,86,2,16
3,4,29.0,313,2,17,3,0,77,3,16
3,1,21.0,45,4,3,3,1,105,0,21
3,1,29.0,112,5,9,1,6,7,0,16
3,1,30.0,100,6,6,0,0,64,3,19
3,6,21.0,193,6,9,0,11,124,3,21
3,10,11.0,298,5,22,1,16,139,4,9
3,10,11.0,298,5,18,1,0,68,1,9
3,10,11.0,298,5,18,0,1,105,4,9
3,1,3.0,188,3,16,0,2,86,1,27
3,1,3.0,188,3,8,0,6,73,3,27
3,1,3.0,188,3,4,0,1,16,0,27
3,1,3.0,188,3,9,0,4,75,4,27
3,1,3.0,188,3,9,0,15,77,3,27
3,1,4.0,286,0,10,0,6,7,4,30
3,1,3.0,188,3,19,0,1,11,1,27
3,1,4.0,286,0,11,1,8,19,1,30
3,1,12.0,353,1,23,0,4,75,3,28
3,1,12.0,353,1,10,0,8,27,1,28
3,1,12.0,353,1,13,0,15,77,3,28
3,1,22.0,164,5,10,1,13,69,4,26
3,1,22.0,164,5,3,0,7,62,0,26
3,4,29.0,313,2,4,2,5,6,3,16
3,4,15.0,132,2,15,0,6,89,3,1
3,5,31.0,196,6,7,0,16,50,1,20
3,6,17.0,244,1,16,0,5,0,3,6
3,5,12.0,327,0,3,1,9,58,4,28
3,1,21.0,45,4,18,0,5,12,0,21
3,4,15.0,132,2,2,0,11,90,3,1
3,5,31.0,196,6,13,0,0,0,0,20
3,7,18.0,154,1,2,0,2,92,1,0
3,5,8.0,199,4,18,1,7,31,1,8
3,6,16.0,38,0,9,2,9,101,3,2
3,5,19.0,146,0,2,2,11,133,0,10
3,5,31.0,196,6,8,0,6,89,2,20
3,1,21.0,45,4,4,1,16,108,0,21
3,4,20.0,115,0,20,0,2,40,3,29
3,7,9.0,273,3,8,0,2,69,0,12
3,6,17.0,244,1,22,0,3,30,3,6
3,5,19.0,146,0,18,1,9,49,4,10
3,9,8.0,90,6,13,0,16,37,2,8
3,8,4.0,299,4,4,3,9,10,4,30
3,4,20.0,115,0,5,0,6,116,2,29
3,7,9.0,273,3,4,0,1,105,4,12
3,6,17.0,244,1,22,0,15,51,1,6
3,6,17.0,244,1,2,0,1,67,3,6
3,6,17.0,244,1,18,0,2,92,1,6
3,6,17.0,244,1,9,0,10,22,1,6
3,6,18.0,308,2,0,0,10,22,1,0
3,6,17.0,244,1,8,0,5,6,2,6
3,6,18.0,308,2,16,0,13,48,4,0
3,6,18.0,308,2,22,0,10,22,1,0
3,6,16.0,38,0,13,1,12,56,1,2
3,6,18.0,308,2,14,0,7,31,4,0
3,6,18.0,308,2,9,2,16,74,3,0
3,6,18.0,308,2,14,1,11,133,4,0
3,6,18.0,308,2,1,0,6,89,1,0
3,6,17.0,244,1,0,0,5,12,0,6
3,6,16.0,38,0,5,0,14,24,2,2
3,6,17.0,244,1,5,3,6,128,1,6
3,7,18.0,154,1,22,2,6,7,0,0
3,7,18.0,154,1,8,0,10,47,2,0
3,7,18.0,154,1,4,0,3,70,1,0
3,7,18.0,154,1,1,1,12,56,4,0
3,7,25.0,41,1,0,1,3,30,1,13
3,7,25.0,41,1,10,2,1,59,0,13
3,7,25.0,41,1,11,0,12,80,4,13
3,7,31.0,43,0,19,0,6,7,4,20
3,7,31.0,43,0,9,2,8,19,2,20
3,3,9.0,44,2,23,0,7,111,3,12
3,3,9.0,44,2,3,0,14,25,2,12
3,3,9.0,44,2,8,0,14,32,1,12
3,3,9.0,44,2,11,1,5,6,1,12
3,5,8.0,199,4,15,1,9,58,4,8
3,5,26.0,37,0,6,1,8,27,0,3
3,5,26.0,37,0,15,0,4,136,3,3
3,5,26.0,37,0,2,0,13,61,3,3
3,6,2.0,352,0,15,0,4,138,3,22
3,6,2.0,352,0,8,0,0,96,2,22
3,6,2.0,352,0,9,0,9,102,1,22
3,6,7.0,169,6,15,0,13,28,3,11
3,3,9.0,44,2,5,0,4,75,1,12
3,3,9.0,44,2,14,1,12,61,4,12
3,5,8.0,199,4,5,2,3,30,3,8
3,6,17.0,244,1,22,3,15,51,3,6
3,5,8.0,199,4,19,0,10,47,3,8
3,5,26.0,37,0,13,0,14,24,1,3
3,5,26.0,37,0,14,0,8,9,1,3
3,6,2.0,352,0,16,0,13,38,1,22
3,6,2.0,352,0,16,0,2,86,3,22
3,6,2.0,352,0,12,0,3,30,0,22
3,6,15.0,49,3,5,1,9,95,1,1
3,6,16.0,38,0,4,0,3,30,3,2
3,6,16.0,38,0,4,0,2,40,3,2
3,6,16.0,38,0,8,0,13,28,3,2
3,6,17.0,244,1,21,1,13,29,0,6
3,6,17.0,244,1,7,1,0,53,0,6
3,6,17.0,244,1,11,0,4,4,1,6
3,6,17.0,244,1,4,0,2,86,4,6
3,6,17.0,244,1,0,0,11,122,3,6
3,4,4.0,178,6,21,0,6,7,1,30
3,4,4.0,178,6,21,0,2,123,1,30
3,4,4.0,178,6,18,0,6,7,0,30
3,4,4.0,178,6,20,0,7,20,2,30
3,4,15.0,132,2,17,2,8,9,3,1
3,4,15.0,132,2,0,0,14,131,3,1
3,4,15.0,132,2,11,0,2,86,1,1
3,4,15.0,132,2,2,0,2,69,0,1
3,4,15.0,132,2,1,0,15,119,3,1
3,4,20.0,115,0,6,2,15,31,3,29
3,4,20.0,115,0,16,0,13,28,1,29
3,4,20.0,115,0,17,2,2,92,3,29
3,4,15.0,132,2,1,3,1,35,3,1
3,4,20.0,115,0,13,0,9,57,0,29
3,4,20.0,115,0,19,0,4,79,0,29
3,4,20.0,115,0,20,1,11,55,4,29
3,4,20.0,115,0,8,0,14,24,2,29
3,4,23.0,30,4,20,0,6,126,3,17
3,4,23.0,30,4,5,1,4,45,4,17
3,4,20.0,115,0,14,2,8,41,2,29
3,4,20.0,115,0,14,0,6,89,3,29
3,4,20.0,115,0,23,1,11,94,4,29
3,4,20.0,115,0,5,1,1,35,4,29
3,5,22.0,163,4,6,1,5,12,0,26
3,1,4.0,286,0,4,2,1,67,3,30
3,5,20.0,214,1,15,0,10,47,3,29
3,10,22.0,314,1,11,3,0,26,0,26
3,4,20.0,115,0,13,1,0,31,4,29
3,7,18.0,154,1,1,1,12,56,4,0
3,5,19.0,146,0,3,1,10,47,1,10
3,7,18.0,154,1,21,0,4,127,4,0
3,8,13.0,189,6,9,0,10,47,1,25
3,4,20.0,115,0,22,0,15,31,1,29
3,10,15.0,60,1,13,1,11,15,1,1
3,5,26.0,37,0,6,0,1,59,1,3
3,7,18.0,154,1,2,2,10,22,1,0
3,4,29.0,313,2,14,0,0,26,0,16
3,9,8.0,90,6,5,0,14,24,2,8
3,4,20.0,115,0,17,0,6,116,2,29
3,7,18.0,154,1,19,1,0,64,1,0
3,7,18.0,154,1,4,0,16,74,1,0
3,4,31.0,67,5,20,0,6,89,1,20
3,9,8.0,90,6,3,0,6,89,3,8
3,4,20.0,115,0,1,0,9,9,3,29
3,5,26.0,37,0,15,0,8,9,1,3
3,7,18.0,154,1,9,1,9,83,4,0
3,4,31.0,67,5,23,1,9,95,4,20
3,9,9.0,320,3,22,2,16,50,1,12
3,4,20.0,115,0,18,2,9,93,3,29
3,4,23.0,30,4,5,0,10,47,3,17
2,7,1.0,160,5,17,3,11,58,4,7
3,4,23.0,30,4,5,0,8,41,2,17
3,4,23.0,30,4,8,0,15,51,3,17
3,4,23.0,30,4,8,0,10,47,3,17
3,4,29.0,313,2,21,1,10,47,0,16
3,4,29.0,313,2,23,0,6,91,3,16
3,4,29.0,313,2,9,0,7,57,4,16
3,3,9.0,44,2,19,2,3,30,1,12
3,3,9.0,44,2,18,0,1,11,1,12
3,5,8.0,199,4,17,2,0,85,3,8
3,5,8.0,199,4,15,2,14,110,0,8
3,5,8.0,199,4,4,0,3,4,0,8
3,5,8.0,199,4,4,2,13,48,3,8
3,5,26.0,37,0,22,1,16,50,4,3
3,5,26.0,37,0,5,1,15,114,4,3
3,6,2.0,352,0,7,1,1,67,0,22
3,6,2.0,352,0,3,2,11,117,0,22
3,3,9.0,44,2,0,0,3,115,0,12
3,3,9.0,44,2,0,2,15,112,3,12
3,3,9.0,44,2,7,1,8,19,0,12
3,3,9.0,44,2,22,0,13,99,4,12
3,3,9.0,44,2,2,0,15,31,0,12
3,3,9.0,44,2,12,2,2,86,0,12
3,3,9.0,44,2,4,0,2,40,1,12
3,3,9.0,44,2,13,0,9,27,2,12
3,4,22.0,152,2,18,0,10,30,0,26
3,8,20.0,319,6,3,1,14,126,4,29
3,8,20.0,319,6,9,0,13,69,1,29
3,1,4.0,286,0,8,0,1,11,1,30
3,1,4.0,286,0,2,0,6,89,0,30
3,1,4.0,286,0,2,2,14,125,2,30
3,1,4.0,286,0,14,0,3,76,1,30
3,1,4.0,286,0,9,0,4,45,3,30
3,8,14.0,296,3,1,0,5,0,2,5
3,1,12.0,353,1,17,0,8,27,3,28
3,1,12.0,353,1,13,0,11,117,1,28
3,1,12.0,353,1,18,0,0,12,3,28
3,1,22.0,164,5,21,0,13,69,3,26
3,1,22.0,164,5,22,0,16,50,1,26
3,1,22.0,164,5,22,0,13,48,2,26
3,1,22.0,164,5,19,0,12,17,1,26
3,8,5.0,101,5,17,0,14,34,3,24
3,8,5.0,101,5,2,2,6,91,2,24
3,8,5.0,101,5,12,2,13,29,2,24
3,8,5.0,101,5,12,0,0,64,0,24
3,8,12.0,284,5,20,0,2,123,3,28
3,3,9.0,44,2,9,0,10,47,2,12
3,3,9.0,44,2,8,1,7,62,4,12
3,3,9.0,44,2,21,0,0,0,0,12
3,5,8.0,199,4,21,1,6,7,0,8
3,5,26.0,37,0,7,2,6,89,0,3
3,5,26.0,37,0,11,0,5,6,2,3
3,5,26.0,37,0,9,0,5,12,0,3
3,5,26.0,37,0,18,2,13,99,0,3
3,6,2.0,352,0,1,0,8,118,1,22
3,6,2.0,352,0,3,3,7,122,0,22
3,6,7.0,169,6,6,0,15,114,1,11
3,6,15.0,49,3,11,0,10,22,2,1
3,6,15.0,49,3,11,0,2,92,1,1
3,6,15.0,49,3,15,0,2,86,2,1
3,6,15.0,49,3,8,0,8,118,2,1
3,6,15.0,49,3,5,1,9,95,1,1
3,6,15.0,49,3,5,1,9,95,1,1
3,3,9.0,44,2,17,0,8,118,1,12
3,6,2.0,352,0,23,0,3,103,4,22
3,7,18.0,154,1,9,2,3,30,0,0
3,2,5.0,127,2,21,0,5,6,1,24
3,3,9.0,44,2,6,2,15,37,3,12
3,6,2.0,352,0,2,0,8,41,0,22
3,9,8.0,90,6,18,0,1,59,1,8
3,2,5.0,127,2,19,0,13,21,4,24
3,3,9.0,44,2,11,0,13,69,2,12
3,9,9.0,320,3,17,0,2,40,1,12
3,9,8.0,90,6,13,0,15,51,4,8
3,9,24.0,272,0,16,0,15,39,3,14
3,11,16.0,225,4,19,0,9,87,4,2
3,9,7.0,271,5,8,0,12,104,3,11
3,9,24.0,272,0,14,0,5,12,0,14
3,9,24.0,272,0,9,0,9,95,4,14
3,9,26.0,267,2,22,0,5,6,1,3
3,9,26.0,267,2,8,0,6,91,1,3
3,9,24.0,272,0,17,0,5,12,3,14
3,9,26.0,267,2,2,0,10,12,1,3
3,7,9.0,273,3,8,0,15,46,3,12
3,7,9.0,273,3,15,0,9,57,0,12
3,7,18.0,154,1,6,0,5,12,1,0
3,7,18.0,154,1,6,0,0,85,0,0
3,5,27.0,328,1,9,0,5,6,0,15
3,5,27.0,328,1,18,1,15,31,1,15
3,1,31.0,305,3,1,0,16,113,4,20
3,8,20.0,319,6,13,1,10,47,1,29
3,5,22.0,163,4,5,0,14,24,2,26
3,4,29.0,313,2,0,0,5,6,1,16
3,4,31.0,67,5,17,0,14,24,1,20
3,4,31.0,67,5,15,1,13,99,1,20
0,1,1.0,203,1,13,3,13,38,0,7
3,4,31.0,67,5,13,0,8,33,2,20
3,4,31.0,67,5,15,1,6,89,4,20
3,8,15.0,72,0,17,0,2,92,1,1
3,8,15.0,72,0,9,0,15,119,4,1
3,8,29.0,301,0,11,0,13,48,2,16
3,8,29.0,301,0,15,1,2,86,4,16
3,8,30.0,103,1,16,0,5,12,3,19
3,4,4.0,178,6,17,2,5,12,3,30
3,4,4.0,178,6,6,2,1,35,3,30
3,5,5.0,96,0,13,0,8,27,2,24
3,6,14.0,173,6,18,2,0,53,3,5
3,6,13.0,317,5,19,0,0,0,3,25
3,6,13.0,317,5,14,3,4,121,0,25
3,4,4.0,178,6,5,0,11,58,2,30
3,4,4.0,178,6,3,0,13,29,0,30
3,4,4.0,178,6,1,0,8,9,1,30
3,4,15.0,132,2,6,0,10,47,1,1
2,2,1.0,143,5,17,0,13,21,2,7
3,4,28.0,218,1,18,0,9,109,2,18
3,2,11.0,297,1,3,0,16,37,1,9
3,8,1.0,66,0,17,0,5,64,2,7
3,9,6.0,51,4,22,0,1,16,2,23
3,7,8.0,94,6,8,0,2,2,2,8
3,11,17.0,110,5,8,0,12,135,2,6
3,10,18.0,246,5,1,0,11,15,3,0
3,7,1.0,98,6,23,1,13,99,4,7
3,7,1.0,98,6,0,0,14,126,1,7
3,7,1.0,98,6,2,0,2,86,4,7
3,10,2.0,358,2,6,3,0,12,0,22
3,9,23.0,167,3,8,0,9,54,2,17
3,1,1.0,203,5,13,1,11,15,0,7
3,8,3.0,363,2,2,0,9,63,1,27
3,8,3.0,363,2,18,1,6,7,0,27
3,7,17.0,95,0,9,1,11,18,0,6
3,5,20.0,214,1,3,1,7,137,4,29
3,5,21.0,351,2,17,0,8,118,3,21
3,5,19.0,146,0,2,1,11,18,1,10
3,5,20.0,214,1,12,1,4,75,4,29
3,5,21.0,351,2,1,0,4,138,1,21
3,5,28.0,259,2,16,2,15,114,3,18
3,5,28.0,259,2,0,2,9,49,3,18
3,5,28.0,259,2,12,0,3,30,1,18
3,5,28.0,259,2,14,0,0,64,3,18
3,5,28.0,259,2,18,0,14,131,1,18
3,5,28.0,259,2,14,1,13,36,0,18
3,9,24.0,272,0,3,2,6,7,0,14
3,10,25.0,56,5,5,3,9,101,4,13
3,7,18.0,154,1,19,1,6,7,4,0
3,7,9.0,273,3,6,3,12,84,0,12
3,7,9.0,273,3,9,0,2,2,4,12
3,7,25.0,41,1,0,1,11,55,4,13
3,7,18.0,154,1,7,2,0,85,3,0
3,7,25.0,41,1,22,0,13,28,2,13
3,10,15.0,60,1,17,3,2,2,0,1
3,7,18.0,154,1,17,1,5,6,1,0
3,8,29.0,301,0,18,0,5,12,0,16
3,7,31.0,43,0,1,0,7,62,0,20
3,7,31.0,43,0,18,1,0,68,1,20
3,7,31.0,43,0,14,2,16,37,0,20
3,3,9.0,44,2,21,2,0,64,3,12
3,9,8.0,90,6,3,0,10,47,2,8
3,4,2.0,141,4,13,0,9,93,2,22
3,3,1.0,180,1,16,0,15,31,1,7
2,2,26.0,136,1,7,3,0,64,0,3
2,0,18.0,13,2,1,1,0,68,0,0
3,2,3.0,282,0,14,1,14,25,0,27
3,4,19.0,142,3,19,0,2,71,4,10
2,2,26.0,136,1,18,0,10,6,3,3
2,2,26.0,136,1,14,2,7,78,3,3
2,2,26.0,136,1,17,1,14,110,4,3
2,0,18.0,13,2,13,0,7,111,1,0
3,11,9.0,311,4,6,3,10,52,1,12
3,4,28.0,218,1,14,3,15,96,3,18
3,10,18.0,246,5,7,1,6,7,0,0
3,0,1.0,8,0,12,0,12,56,4,7
3,5,17.0,212,6,1,0,9,95,3,6
3,5,17.0,212,6,4,0,13,38,2,6
3,3,1.0,180,1,8,0,3,44,2,7
3,5,25.0,350,3,22,3,11,15,0,13
3,6,10.0,149,1,22,1,0,0,4,4
3,10,2.0,358,2,12,1,1,35,4,22
3,10,10.0,245,4,2,2,6,7,3,4
3,1,1.0,203,5,6,0,4,79,3,7
3,5,29.0,24,4,14,0,16,130,2,16
3,5,29.0,24,4,1,0,9,95,0,16
3,5,29.0,24,4,1,3,14,24,3,16
3,5,31.0,196,6,21,2,6,7,0,20
3,5,31.0,196,6,19,0,2,123,0,20
3,5,31.0,196,6,19,2,3,30,0,20
3,5,31.0,196,6,1,1,5,64,0,20
3,5,21.0,351,2,8,0,9,57,0,21
3,6,21.0,193,6,2,0,6,7,4,21
3,6,21.0,193,6,14,2,12,84,3,21
3,6,21.0,193,6,22,1,2,123,1,21
3,6,21.0,193,6,2,0,3,30,0,21
3,6,21.0,193,6,1,0,10,52,1,21
3,6,21.0,193,6,1,0,4,76,3,21
3,6,23.0,84,0,6,0,4,45,3,17
3,6,23.0,84,0,23,0,13,21,1,17
3,6,23.0,84,0,18,0,10,47,3,17
3,10,3.0,310,4,17,1,1,105,0,27
3,10,3.0,310,4,1,2,15,114,0,27
3,10,11.0,298,5,6,0,11,15,3,9
3,10,11.0,298,5,4,0,3,30,1,9
3,5,29.0,24,4,22,0,14,24,2,16
3,1,20.0,151,2,9,1,6,7,0,29
3,1,28.0,300,4,13,1,15,46,1,18
3,7,22.0,211,6,13,3,0,15,0,26
3,6,22.0,185,3,13,2,16,74,3,26
3,9,5.0,89,2,17,0,2,2,3,24
3,6,6.0,83,5,5,0,6,89,2,23
3,4,13.0,221,0,8,2,1,11,3,25
3,4,13.0,221,0,17,1,0,0,1,25
3,4,22.0,152,2,4,1,7,111,4,26
3,1,3.0,188,3,19,0,13,36,3,27
3,1,3.0,188,3,1,2,14,32,3,27
3,1,3.0,188,3,21,0,14,25,2,27
3,10,3.0,310,4,18,0,10,30,0,27
3,10,11.0,298,5,17,1,7,120,2,9
3,10,11.0,298,5,12,1,10,47,1,9
3,1,3.0,188,3,3,0,5,12,0,27
3,1,3.0,188,3,2,0,4,75,1,27
3,1,3.0,188,3,9,0,8,19,3,27
3,1,3.0,188,3,5,0,16,74,4,27
3,8,30.0,103,1,15,0,6,73,1,19
3,3,9.0,44,2,20,1,10,22,0,12
3,7,18.0,154,1,22,1,0,96,1,0
3,8,29.0,301,0,18,0,14,25,3,16
3,6,15.0,49,3,3,0,10,43,2,1
3,3,9.0,44,2,21,2,5,6,3,12
3,8,30.0,103,1,3,0,16,50,4,19
3,10,17.0,256,4,12,1,13,28,1,6
3,5,26.0,37,0,13,0,14,24,1,3
3,8,30.0,103,1,18,0,5,6,0,19
3,10,19.0,117,6,18,3,1,16,4,10
3,9,9.0,320,3,23,1,11,55,4,12
3,9,9.0,320,3,19,2,9,63,4,12
3,9,7.0,271,5,13,0,8,118,4,11
3,9,8.0,90,6,20,0,4,82,2,8
3,9,24.0,272,0,2,0,2,86,1,14
3,9,24.0,272,0,14,1,12,17,4,14
3,11,14.0,147,1,17,3,1,105,0,5
3,9,26.0,267,2,2,0,0,0,1,3
3,5,31.0,196,6,19,0,9,54,3,20
3,5,31.0,196,6,12,0,8,9,1,20
3,6,21.0,193,6,19,0,16,130,3,21
3,6,21.0,193,6,13,1,15,31,4,21
3,6,21.0,193,6,13,1,0,53,4,21
3,6,23.0,84,0,6,0,0,12,3,17
3,6,23.0,84,0,20,0,2,86,4,17
3,6,23.0,84,0,15,0,1,67,4,17
3,5,19.0,146,0,22,1,9,134,4,10
3,6,23.0,84,0,19,0,14,25,1,17
3,6,23.0,84,0,19,1,5,12,1,17
3,6,23.0,84,0,9,0,15,31,3,17
3,6,23.0,84,0,3,1,1,81,4,17
3,6,23.0,84,0,2,0,13,69,3,17
3,10,3.0,310,4,13,0,2,13,3,27
3,5,14.0,36,2,3,0,10,12,3,5
3,5,14.0,36,2,1,0,1,35,1,5
3,5,19.0,146,0,21,0,15,114,1,10
3,5,12.0,327,0,5,0,2,38,2,28
3,5,19.0,146,0,8,2,13,123,3,10
3,5,19.0,146,0,14,0,7,111,4,10
3,9,8.0,90,6,2,0,7,8,3,8
3,7,9.0,273,3,13,0,2,60,4,12
3,7,9.0,273,3,12,0,3,103,3,12
3,7,18.0,154,1,6,0,9,102,0,0
3,7,18.0,154,1,7,0,8,27,1,0
3,7,18.0,154,1,15,0,16,50,1,0
3,7,18.0,154,1,4,0,14,25,2,0
3,7,18.0,154,1,4,0,16,50,1,0
3,7,18.0,154,1,9,0,7,78,0,0
3,7,25.0,41,1,16,0,7,120,3,13
3,7,25.0,41,1,20,1,12,80,0,13
3,4,26.0,80,3,21,1,5,64,1,3
3,6,18.0,308,2,16,2,0,68,3,0
3,11,14.0,147,1,4,1,9,83,4,5
3,11,14.0,147,1,1,2,9,49,3,5
3,11,16.0,225,4,8,0,13,48,0,2
3,11,16.0,225,4,22,0,9,101,0,2
3,11,16.0,225,4,8,1,4,79,1,2
3,11,31.0,227,5,13,2,15,114,0,20
3,11,31.0,227,5,3,1,14,24,4,20
3,11,31.0,227,5,2,0,5,6,3,20
3,11,31.0,227,5,13,0,16,72,2,20
3,9,7.0,271,5,13,1,2,13,1,11
3,9,8.0,90,6,17,0,3,115,1,8
3,9,8.0,90,6,5,0,10,22,0,8
3,9,8.0,90,6,3,0,1,59,2,8
3,9,8.0,90,6,15,0,5,6,2,8
3,9,8.0,90,6,18,2,13,69,2,8
3,9,8.0,90,6,9,2,16,50,1,8
3,9,9.0,320,3,16,1,0,53,4,12
3,9,9.0,320,3,13,0,8,41,3,12
3,9,9.0,320,3,16,0,0,53,3,12
3,11,8.0,283,2,10,2,1,67,4,8
3,11,16.0,225,4,9,1,15,46,4,2
3,10,19.0,117,6,14,1,10,23,2,10
3,3,9.0,44,2,7,1,12,17,0,12
3,5,30.0,294,5,8,0,13,99,2,19
3,3,9.0,44,2,13,0,2,2,1,12
3,6,14.0,173,6,22,3,2,86,1,5
3,3,9.0,44,2,3,0,0,12,1,12
3,8,30.0,103,1,14,1,5,64,1,19
3,3,9.0,44,2,4,0,12,17,1,12
3,5,25.0,350,3,18,0,15,96,0,13
3,5,8.0,199,4,9,2,2,2,3,8
3,7,1.0,98,6,17,0,6,128,4,7
3,4,15.0,132,2,6,0,15,114,1,1
3,8,18.0,75,4,13,1,3,103,1,0
3,4,2.0,141,4,22,0,5,6,0,22
3,3,18.0,165,5,12,1,10,47,1,0
3,5,15.0,200,4,17,0,16,47,4,1
3,7,1.0,98,6,8,3,0,77,1,7
3,4,1.0,144,2,11,0,10,12,1,7
3,10,2.0,358,2,11,1,13,123,1,22
3,10,2.0,358,2,14,2,3,30,1,22
2,0,18.0,13,2,8,0,4,75,1,0
3,4,28.0,218,1,14,1,6,7,0,18
3,8,9.0,124,1,13,1,13,99,1,12
3,9,6.0,51,4,2,0,0,68,0,23
3,11,7.0,253,1,20,1,5,12,0,11
3,7,8.0,94,6,14,1,12,84,0,8
3,7,17.0,95,0,11,1,9,49,1,6
3,10,27.0,302,3,14,0,8,9,1,15
3,9,16.0,107,3,2,0,5,6,2,2
3,7,7.0,293,5,8,1,16,113,1,11
3,1,27.0,262,2,4,1,13,38,0,15
3,8,12.0,284,5,13,0,4,127,2,28
3,8,14.0,296,3,16,2,2,86,1,5
3,8,14.0,296,3,12,0,1,1,1,5
3,8,14.0,296,3,12,0,10,43,4,5
3,8,14.0,296,3,3,1,10,47,1,5
3,8,21.0,46,3,6,1,2,2,0,21
3,8,21.0,46,3,20,0,13,38,3,21
3,8,21.0,46,3,8,1,13,38,0,21
3,8,21.0,46,3,1,1,16,72,1,21
3,8,21.0,46,3,13,0,13,99,3,21
3,8,22.0,354,0,12,2,6,106,3,26
3,8,22.0,354,0,14,0,9,57,0,26
3,4,14.0,345,1,16,0,12,56,3,5
3,4,14.0,345,1,12,2,5,64,1,5
3,4,14.0,345,1,4,1,14,125,4,5
3,4,21.0,339,1,0,0,7,78,3,21
3,4,21.0,339,1,8,2,2,2,3,21
3,4,24.0,27,5,3,2,3,30,0,14
3,2,13.0,276,4,23,3,9,10,3,25
3,10,23.0,247,2,9,1,9,27,0,17
3,5,29.0,24,4,8,2,16,37,3,16
3,5,29.0,24,4,18,0,0,85,1,16
3,5,31.0,196,6,2,0,4,136,3,20
3,5,31.0,196,6,14,0,11,94,3,20
3,5,21.0,351,2,22,0,9,57,0,21
3,6,21.0,193,6,14,0,13,48,3,21
3,6,21.0,193,6,20,1,9,93,4,21
3,6,23.0,84,0,8,0,11,55,0,17
3,10,3.0,310,4,17,2,15,46,3,27
3,10,3.0,310,4,9,2,3,30,3,27
3,10,11.0,298,5,8,0,8,118,0,9
3,10,11.0,298,5,19,0,8,41,4,9
3,10,11.0,298,5,18,1,10,43,1,9
3,1,3.0,188,3,20,0,2,86,4,27
3,1,4.0,286,0,13,0,13,36,4,30
3,1,4.0,286,0,9,2,14,32,3,30
3,1,28.0,300,4,4,3,9,63,0,18
3,2,4.0,254,1,9,2,10,22,1,30
3,2,13.0,276,4,1,1,9,95,4,25
3,4,15.0,132,2,19,1,2,86,1,1
3,4,15.0,132,2,14,2,9,95,0,1
3,4,20.0,115,0,6,0,2,86,1,29
3,4,20.0,115,0,16,2,0,12,3,29
3,4,20.0,115,0,15,0,3,79,0,29
3,8,29.0,301,0,15,1,3,115,1,16
3,8,30.0,103,1,1,0,15,108,3,19
3,8,30.0,103,1,18,2,9,10,3,19
3,4,4.0,178,6,0,0,6,7,4,30
3,5,4.0,114,3,22,1,12,58,0,30
3,5,30.0,294,5,21,1,13,38,0,19
3,5,5.0,96,0,19,0,0,0,1,24
3,5,30.0,294,5,22,0,2,2,2,19
3,6,20.0,215,5,18,2,16,50,0,29
3,10,6.0,242,3,18,1,3,30,0,23
3,10,14.0,174,0,9,2,9,95,3,5
3,10,14.0,174,0,14,0,13,36,1,5
3,10,14.0,174,0,19,1,15,39,4,5
3,11,1.0,222,2,17,0,15,85,1,7
3,6,12.0,162,4,19,0,3,70,1,28
3,5,27.0,328,1,17,1,4,45,4,15
3,6,22.0,185,3,2,0,0,85,3,26
3,5,28.0,259,2,14,0,7,57,2,18
3,5,29.0,24,4,1,1,16,50,1,16
3,5,29.0,24,4,22,0,13,29,2,16
3,5,29.0,24,4,1,0,10,47,3,16
3,5,31.0,196,6,16,2,12,104,3,20
3,5,31.0,196,6,22,0,16,72,1,20
3,6,21.0,193,6,2,0,7,20,3,21
3,8,5.0,101,5,9,1,14,32,1,24
3,8,12.0,284,5,19,0,16,130,1,28
3,4,14.0,345,1,2,0,8,9,3,5
3,6,21.0,193,6,1,0,14,25,1,21
3,6,23.0,84,0,16,0,10,23,1,17
3,6,23.0,84,0,8,0,6,91,1,17
3,6,23.0,84,0,22,2,6,89,0,17
3,1,4.0,286,0,21,0,10,23,3,30
3,1,4.0,286,0,23,2,2,86,0,30
3,1,4.0,286,0,11,0,4,138,4,30
3,5,26.0,37,0,6,2,6,7,3,3
3,5,26.0,37,0,13,0,7,120,4,3
3,5,26.0,37,0,23,1,12,104,4,3
3,5,26.0,37,0,18,0,7,20,1,3
3,6,2.0,352,0,16,2,12,84,3,22
3,6,2.0,352,0,16,1,16,65,0,22
3,6,2.0,352,0,12,0,10,47,3,22
3,6,2.0,352,0,12,0,4,121,2,22
3,6,7.0,169,6,16,0,0,53,0,11
3,6,2.0,352,0,12,1,15,31,4,22
3,7,18.0,154,1,19,0,10,12,2,0
3,7,18.0,154,1,18,2,14,88,1,0
3,7,25.0,41,1,6,0,0,12,3,13
3,7,25.0,41,1,6,0,10,30,0,13
3,7,25.0,41,1,6,0,7,20,0,13
2,11,26.0,364,5,17,4,2,40,3,3
0,6,1.0,158,4,17,4,6,7,3,7
2,7,24.0,41,3,8,4,9,9,3,14
2,5,12.0,184,3,22,4,9,57,0,28
0,4,7.0,133,6,17,4,16,113,3,11
2,7,17.0,154,3,20,4,12,84,3,6
2,11,26.0,364,5,19,4,14,97,4,3
2,11,2.0,265,1,12,4,13,13,3,22
2,7,17.0,154,3,6,4,5,64,3,6
2,5,12.0,184,3,18,4,8,33,3,28
2,11,2.0,265,1,1,4,1,59,4,22
2,7,17.0,154,3,13,4,13,13,0,6
2,5,12.0,184,3,3,4,8,9,4,28
2,11,8.0,283,0,12,4,6,7,3,8
3,2,28.0,257,5,6,1,2,2,2,18
3,2,28.0,257,5,15,0,11,55,1,18
3,0,11.0,10,4,2,0,13,4,2,9
2,5,11.0,327,6,4,4,6,132,4,9
2,11,29.0,270,0,22,4,13,48,3,16
2,7,17.0,154,3,18,4,8,9,3,6
2,7,17.0,154,3,9,4,0,26,3,6
2,7,19.0,266,1,9,4,14,24,3,10
2,7,19.0,266,1,18,4,0,77,3,10
2,7,19.0,266,1,20,4,9,95,3,10
2,7,19.0,266,1,19,4,16,37,3,10
2,7,19.0,266,1,22,4,0,0,1,10
2,7,19.0,266,1,22,4,8,41,3,10
2,7,19.0,266,1,13,4,9,87,3,10
2,7,19.0,266,1,12,4,9,27,3,10
2,7,19.0,266,1,18,4,14,97,3,10
2,7,19.0,266,1,15,4,14,25,3,10
2,7,26.0,53,1,14,4,12,80,3,3
2,3,2.0,182,1,10,4,6,7,3,22
2,3,2.0,182,1,19,4,4,4,3,22
2,3,2.0,182,1,14,4,15,119,3,22
2,3,2.0,182,1,18,4,1,16,4,22
2,3,8.0,44,0,15,4,6,7,3,8
2,3,8.0,44,0,20,4,0,53,3,8
2,3,8.0,44,0,13,4,9,87,3,8
2,3,8.0,44,0,1,4,0,26,3,8
2,3,25.0,343,4,18,4,8,41,3,13
2,5,11.0,327,6,3,4,6,7,0,9
2,5,11.0,327,6,13,4,6,7,3,9
2,5,11.0,327,6,22,4,0,26,0,9
2,5,11.0,327,6,18,4,9,101,4,9
2,5,11.0,327,6,4,4,15,114,4,9
2,7,31.0,180,3,21,4,2,2,3,20
2,7,31.0,180,3,12,4,0,64,3,20
2,7,31.0,180,3,11,4,1,1,4,20
2,7,31.0,180,3,17,4,16,50,4,20
0,2,30.0,131,4,11,4,6,7,0,19
2,7,31.0,180,3,11,4,1,11,3,20
0,2,30.0,131,4,2,4,13,29,0,19
2,3,5.0,303,5,3,4,14,25,3,24
2,3,6.0,289,6,4,4,16,65,3,23
2,3,6.0,289,6,23,4,1,67,3,23
2,3,6.0,289,6,13,4,4,66,3,23
2,3,6.0,289,6,19,4,12,104,4,23
2,3,6.0,289,6,11,4,6,7,3,23
2,3,6.0,289,6,12,4,4,45,2,23
2,7,26.0,53,1,22,4,8,33,3,3
2,7,26.0,53,1,3,4,9,109,3,3
2,7,26.0,53,1,19,4,0,31,3,3
2,7,26.0,53,1,9,4,10,47,0,3
2,7,26.0,53,1,23,4,6,7,3,3
2,7,26.0,53,1,22,4,14,25,2,3
2,7,26.0,53,1,19,4,14,25,3,3
2,7,26.0,53,1,1,4,9,10,4,3
2,7,27.0,34,2,14,4,16,37,3,15
2,7,27.0,34,2,16,4,6,89,4,15
2,7,27.0,34,2,18,4,7,129,4,15
2,7,27.0,34,2,19,4,2,2,3,15
2,7,27.0,34,2,22,4,4,79,3,15
2,3,3.0,285,2,6,4,10,23,1,27
2,3,3.0,285,2,12,4,9,134,3,27
2,3,3.0,285,2,3,4,1,1,3,27
2,3,3.0,285,2,13,4,12,61,3,27
2,3,3.0,285,2,0,4,12,61,3,27
2,3,9.0,4,1,1,4,14,106,3,12
2,3,8.0,44,0,18,4,9,63,4,8
2,3,10.0,337,2,14,4,9,101,4,4
2,3,10.0,337,2,19,4,13,38,0,4
2,3,10.0,337,2,14,4,16,50,3,4
2,3,10.0,337,2,23,4,14,25,0,4
2,3,11.0,104,4,3,4,0,26,3,9
0,2,1.0,16,2,11,4,8,19,3,7
2,3,11.0,104,4,4,4,14,25,3,9
2,3,17.0,165,2,20,4,1,11,3,6
2,3,17.0,165,2,4,4,6,126,3,6
2,3,17.0,165,2,19,4,16,37,3,6
2,3,17.0,165,2,6,4,0,26,3,6
2,3,7.0,148,3,11,4,13,28,0,11
2,11,6.0,252,6,2,4,14,25,3,23
2,3,12.0,210,5,14,4,12,121,4,28
2,3,12.0,210,5,10,4,6,7,2,28
2,3,12.0,210,5,1,4,16,37,3,28
2,3,12.0,210,5,14,4,8,118,3,28
2,11,6.0,252,6,6,4,6,89,3,23
2,3,12.0,210,5,20,4,16,130,3,28
2,3,12.0,210,5,18,4,16,139,4,28
2,3,13.0,33,6,17,4,6,91,4,25
2,11,6.0,252,6,16,4,8,27,3,23
2,3,13.0,33,6,9,4,9,27,3,25
2,5,7.0,199,1,14,4,9,63,3,11
2,5,7.0,199,1,19,4,3,30,3,11
2,11,6.0,252,6,11,4,15,39,3,23
2,11,6.0,252,6,19,4,12,61,3,23
2,5,7.0,199,1,12,4,6,7,3,11
2,5,7.0,199,1,11,4,13,21,2,11
2,9,1.0,126,4,12,4,12,100,3,7
2,5,12.0,184,3,12,4,14,25,3,28
3,2,28.0,257,5,23,1,1,11,4,18
2,6,10.0,355,0,14,4,7,8,4,4
2,11,8.0,283,0,14,4,13,29,4,8
3,4,9.0,18,4,2,0,0,12,1,12
2,5,11.0,327,6,1,4,9,87,1,9
3,2,28.0,257,5,14,0,12,56,0,18
3,0,10.0,129,2,6,1,11,15,0,4
2,11,29.0,270,0,17,4,6,7,0,16
2,11,26.0,364,5,1,4,3,76,3,3
3,2,28.0,257,5,4,1,10,52,0,18
2,9,1.0,126,4,7,4,1,59,1,7
2,5,11.0,327,6,4,4,2,40,3,9
3,2,1.0,16,6,21,1,6,89,2,7
2,11,8.0,283,0,13,4,6,7,3,8
3,0,25.0,281,4,0,0,8,9,1,13
2,11,31.0,227,2,1,4,13,21,1,20
2,5,12.0,184,3,23,4,6,7,1,28
2,5,12.0,184,3,18,4,16,50,4,28
2,5,12.0,184,3,19,4,13,28,3,28
2,5,12.0,184,3,9,4,12,83,4,28
2,5,17.0,195,5,9,4,14,131,4,6
2,11,26.0,364,5,4,4,13,13,4,3
2,5,17.0,195,5,5,4,7,129,3,6
2,5,17.0,195,5,2,4,8,41,3,6
2,5,18.0,146,6,17,4,1,11,3,0
2,5,18.0,146,6,5,4,9,57,3,0
2,5,25.0,37,6,2,4,11,55,4,13
2,5,25.0,37,6,2,4,4,121,3,13
0,8,17.0,74,3,17,4,6,7,3,6
2,5,27.0,259,0,11,4,9,87,3,15
2,5,27.0,259,0,14,4,7,78,3,15
2,11,18.0,332,4,14,4,9,9,0,0
2,11,18.0,332,4,5,4,6,89,3,0
2,11,18.0,332,4,9,4,14,24,3,0
2,6,9.0,149,3,9,4,14,106,4,12
3,2,25.0,233,1,19,3,14,25,0,13
2,11,18.0,332,4,18,4,6,7,3,0
2,11,18.0,332,4,22,4,10,52,3,0
2,11,18.0,332,4,9,4,16,37,4,0
2,6,3.0,159,0,1,4,1,105,4,27
2,6,3.0,159,0,9,4,7,20,3,27
2,6,3.0,159,0,5,4,0,0,3,27
2,6,3.0,159,0,9,4,14,126,4,27
2,6,3.0,159,0,13,4,6,7,3,27
2,6,3.0,159,0,4,4,9,109,3,27
2,6,3.0,159,0,6,4,7,54,3,27
2,6,3.0,159,0,11,4,13,38,3,27
2,6,3.0,159,0,19,4,8,41,3,27
2,6,3.0,159,0,19,4,6,89,3,27
2,6,3.0,159,0,15,4,6,7,3,27
0,0,1.0,8,5,12,4,2,69,3,7
2,11,24.0,194,2,18,4,8,41,4,14
2,11,24.0,194,2,18,4,6,116,3,14
2,6,17.0,308,0,9,4,6,7,3,6
2,6,17.0,308,0,17,4,7,57,4,6
2,6,17.0,308,0,4,4,5,6,0,6
2,11,24.0,194,2,3,4,8,41,3,14
2,5,26.0,328,3,4,4,9,109,4,3
2,5,26.0,328,3,17,4,7,54,4,3
2,5,26.0,328,3,9,4,8,9,4,3
2,5,26.0,328,3,4,4,14,25,3,3
2,5,26.0,328,3,14,4,16,50,3,3
2,11,26.0,364,5,9,4,6,7,3,3
2,11,26.0,364,5,14,4,6,7,3,3
2,11,27.0,322,6,22,4,7,62,3,15
2,11,27.0,322,6,21,4,6,7,3,15
2,11,27.0,322,6,17,4,14,25,0,15
2,11,27.0,322,6,1,4,12,61,4,15
2,11,27.0,322,6,22,4,12,80,3,15
2,11,27.0,322,6,10,4,6,7,3,15
2,9,17.0,255,6,10,4,16,139,2,6
2,9,17.0,255,6,4,4,14,25,3,6
2,9,17.0,255,6,1,4,9,93,4,6
2,7,8.0,273,5,3,4,13,48,3,8
2,7,8.0,273,5,16,4,11,133,3,8
2,7,8.0,273,5,9,4,6,14,4,8
2,7,8.0,273,5,19,4,4,121,3,8
2,6,12.0,317,2,4,4,1,81,4,28
2,11,20.0,340,6,9,4,8,65,4,29
2,5,21.0,163,1,12,4,2,2,3,21
2,5,21.0,163,1,18,4,0,77,3,21
2,5,21.0,163,1,17,4,13,38,0,21
2,5,21.0,163,1,9,4,9,58,4,21
2,11,20.0,340,6,18,4,16,74,4,29
2,5,21.0,163,1,14,4,9,54,3,21
2,5,21.0,163,1,1,4,16,74,3,21
2,11,20.0,340,6,19,4,1,11,4,29
2,11,23.0,232,1,19,4,8,41,3,17
2,5,21.0,163,1,15,4,7,111,0,21
2,5,29.0,294,2,1,4,12,61,4,16
2,11,23.0,232,1,2,4,16,65,3,17
2,5,29.0,294,2,18,4,6,7,4,16
2,5,29.0,294,2,10,4,8,118,3,16
2,5,29.0,294,2,14,4,9,101,3,16
2,5,29.0,294,2,6,4,10,22,3,16
2,5,30.0,196,4,1,4,3,30,3,19
2,5,30.0,196,4,19,4,5,12,0,19
2,9,1.0,126,4,16,4,3,44,3,7
2,6,9.0,149,3,9,4,8,33,3,12
2,6,9.0,149,3,14,4,9,49,1,12
2,6,9.0,149,3,21,4,1,16,3,12
2,6,9.0,149,3,18,4,6,128,4,12
2,9,1.0,126,4,12,4,6,116,4,7
2,9,1.0,126,4,1,4,12,104,4,7
2,5,11.0,327,6,18,4,8,9,4,9
3,8,18.0,75,4,22,0,4,45,2,0
2,11,8.0,283,0,10,4,8,9,4,8
3,0,10.0,129,2,2,1,7,120,4,4
2,11,31.0,227,2,1,4,6,89,3,20
2,9,12.0,177,0,9,4,8,41,3,28
3,0,25.0,281,4,15,0,5,6,0,13
2,6,10.0,355,0,9,4,9,93,3,4
2,5,11.0,327,6,18,4,11,55,4,9
3,2,18.0,7,1,12,1,9,95,4,0
2,11,8.0,283,0,19,4,7,20,4,8
3,0,25.0,281,4,17,0,10,47,0,13
2,9,12.0,177,0,14,4,1,16,3,28
2,6,10.0,355,0,7,4,6,7,2,4
2,5,11.0,327,6,13,4,14,25,3,9
3,1,1.0,203,5,17,0,8,41,4,7
2,11,6.0,252,6,14,4,16,50,4,23
3,0,9.0,48,1,12,0,9,93,0,12
3,4,9.0,18,4,18,0,3,79,1,12
3,4,17.0,19,5,9,1,16,37,1,6
3,4,17.0,19,5,9,1,0,85,1,6
3,0,24.0,55,2,11,1,14,25,0,14
3,0,24.0,55,2,3,1,0,31,0,14
2,7,8.0,273,5,16,2,3,30,3,8
3,0,25.0,281,4,21,1,11,15,1,13
3,0,25.0,281,4,1,0,2,71,4,13
3,0,26.0,14,5,0,0,4,70,3,3
3,0,26.0,14,5,5,1,7,137,4,3
3,0,26.0,14,5,18,0,9,95,1,3
3,0,25.0,281,4,17,1,15,39,1,13
3,0,26.0,14,5,22,0,11,15,2,3
3,0,27.0,23,6,18,2,15,46,3,15
3,0,28.0,249,3,16,0,5,64,3,18
3,0,27.0,23,6,4,0,10,22,1,15
3,0,28.0,249,3,0,0,10,23,0,18
3,4,11.0,121,6,19,1,9,109,4,9
3,4,18.0,26,6,21,2,14,32,1,0
3,4,18.0,26,6,21,0,0,77,3,0
3,4,18.0,26,6,11,0,2,2,4,0
3,4,18.0,26,6,15,1,13,21,4,0
3,4,18.0,26,6,5,1,13,48,4,0
3,4,25.0,20,6,0,1,0,96,0,13
3,4,25.0,20,6,20,0,5,64,2,13
3,4,25.0,20,6,21,1,13,28,1,13
3,4,25.0,20,6,22,2,11,133,0,13
3,4,26.0,80,3,17,0,10,22,1,3
3,4,25.0,20,6,18,0,8,118,0,13
3,4,26.0,80,3,20,1,8,19,4,3
3,2,2.0,143,3,21,1,14,25,0,22
3,2,2.0,143,3,23,0,4,75,1,22
3,2,2.0,143,3,2,0,3,103,3,22
3,2,2.0,143,3,9,2,10,47,3,22
3,8,10.0,71,2,15,0,14,24,2,4
3,2,27.0,136,4,18,0,14,24,1,15
3,2,19.0,137,2,21,0,12,104,0,10
3,2,19.0,137,2,0,0,14,24,1,10
3,4,10.0,79,5,20,1,7,120,4,4
3,4,10.0,79,5,14,0,4,66,2,4
3,4,11.0,121,6,19,0,12,100,0,9
3,4,11.0,121,6,12,0,5,6,0,9
3,4,11.0,121,6,5,0,13,28,2,9
3,4,18.0,26,6,17,0,0,53,3,0
3,4,18.0,26,6,13,0,15,112,1,0
3,4,18.0,26,6,20,1,1,67,4,0
3,4,25.0,20,6,16,1,7,129,4,13
3,4,25.0,20,6,22,2,8,41,2,13
3,4,25.0,20,6,23,1,7,120,4,13
3,4,25.0,20,6,15,1,12,121,4,13
3,4,25.0,20,6,18,0,1,67,1,13
3,4,25.0,20,6,20,1,7,120,4,13
3,4,25.0,20,6,18,0,10,23,1,13
3,4,26.0,80,3,22,1,3,103,4,3
3,4,26.0,80,3,22,2,11,94,3,3
3,4,26.0,80,3,5,1,2,92,4,3
3,4,26.0,80,3,4,1,1,11,4,3
3,0,16.0,11,1,18,1,10,47,1,2
3,6,12.0,162,4,17,0,14,97,4,28
3,0,23.0,237,1,18,1,15,31,4,17
3,0,24.0,55,2,7,1,15,51,0,14
3,0,24.0,55,2,8,1,5,12,1,14
3,0,25.0,281,4,4,1,10,47,0,13
3,0,26.0,14,5,17,1,14,107,4,3
3,0,27.0,23,6,16,0,9,49,4,15
3,0,27.0,23,6,16,1,12,17,0,15
3,0,26.0,14,5,3,0,14,24,2,3
3,0,27.0,23,6,3,0,2,86,4,15
3,0,27.0,23,6,3,0,1,1,1,15
3,0,27.0,23,6,12,0,8,27,1,15
3,0,27.0,23,6,18,0,14,32,1,15
3,0,28.0,249,3,16,0,9,93,0,18
3,0,27.0,23,6,18,2,11,0,3,15
3,0,27.0,23,6,4,1,12,83,4,15
3,0,28.0,249,3,18,0,12,84,1,18
3,4,26.0,80,3,20,1,8,33,4,3
3,8,25.0,86,4,12,3,5,0,2,13
3,2,2.0,143,3,8,0,9,57,0,22
3,2,2.0,143,3,14,0,2,69,3,22
3,2,2.0,143,3,2,1,10,47,0,22
3,2,19.0,137,2,0,1,0,12,0,10
2,6,10.0,355,0,19,4,6,7,3,4
2,9,12.0,177,0,10,4,1,1,4,28
3,8,8.0,76,0,1,2,6,128,3,8
0,0,10.0,129,3,3,4,6,7,3,4
3,2,18.0,7,1,18,3,0,64,3,0
2,11,1.0,222,0,5,4,8,41,4,7
2,5,18.0,146,6,7,4,6,7,3,0
3,8,13.0,189,6,13,0,4,4,1,25
2,9,20.0,119,1,18,4,0,53,3,29
2,9,2.0,323,5,4,4,12,84,3,22
2,11,1.0,222,0,22,4,1,105,4,7
2,5,18.0,146,6,13,4,14,25,3,0
3,4,13.0,221,0,22,3,8,118,2,25
2,9,18.0,359,3,13,4,8,41,0,0
2,9,2.0,323,5,19,4,12,135,4,22
2,11,1.0,222,0,2,4,12,17,3,7
0,2,26.0,3,3,5,4,5,6,0,3
3,4,30.0,139,4,2,0,5,6,0,19
2,9,18.0,359,3,18,4,7,20,4,0
2,9,18.0,359,3,18,4,6,7,3,0
2,9,18.0,359,3,21,4,14,131,3,0
2,9,18.0,359,3,4,4,2,40,3,0
2,9,19.0,234,0,17,4,8,27,4,10
2,9,19.0,234,0,2,4,14,25,0,10
2,9,19.0,234,0,3,4,9,63,3,10
2,9,24.0,272,6,1,4,16,72,3,14
2,9,24.0,272,6,2,4,6,7,3,14
2,9,24.0,272,6,23,4,1,59,4,14
2,9,24.0,272,6,13,4,6,89,3,14
2,9,27.0,179,1,21,4,13,38,4,15
2,7,1.0,160,5,9,4,6,7,4,7
2,7,1.0,160,5,12,4,1,35,3,7
2,7,1.0,160,5,13,4,15,119,3,7
2,7,3.0,186,3,11,4,9,87,2,27
2,7,3.0,186,3,23,4,9,109,4,27
2,7,3.0,186,3,15,4,10,22,3,27
2,7,10.0,197,3,1,4,0,15,3,4
2,9,26.0,267,0,12,4,9,27,3,3
2,9,26.0,267,0,20,4,11,55,3,3
2,11,2.0,265,1,1,1,14,110,4,22
3,0,25.0,281,4,17,1,16,72,4,13
2,9,26.0,267,0,1,4,16,37,4,3
2,9,26.0,267,0,1,4,9,95,3,3
2,9,26.0,267,0,0,4,9,54,4,3
2,7,2.0,269,6,8,4,13,36,3,22
2,7,2.0,269,6,19,4,8,41,3,22
2,7,2.0,269,6,10,4,6,7,3,22
2,7,2.0,269,6,12,4,16,39,3,22
2,7,2.0,269,6,18,4,6,91,4,22
2,7,2.0,269,6,9,4,13,21,0,22
2,7,2.0,269,6,4,4,6,91,0,22
2,7,9.0,329,6,20,4,12,104,3,12
2,7,9.0,329,6,0,4,14,97,3,12
2,7,9.0,329,6,13,4,0,12,3,12
2,7,9.0,329,6,20,4,6,91,3,12
2,9,20.0,119,1,6,4,16,139,4,29
2,9,20.0,119,1,17,4,8,118,4,29
2,9,20.0,119,1,2,4,4,138,3,29
2,9,20.0,119,1,17,4,15,51,3,29
2,9,28.0,315,2,3,4,14,88,3,18
2,9,28.0,315,2,13,4,7,20,4,18
2,9,28.0,315,2,4,4,9,93,3,18
2,9,28.0,315,2,19,4,2,13,4,18
2,9,29.0,98,4,4,4,2,92,4,16
2,9,29.0,98,4,5,4,16,72,4,16
2,9,29.0,98,4,17,4,6,7,0,16
2,7,9.0,329,6,10,4,6,7,3,12
2,7,9.0,329,6,22,4,8,9,3,12
2,7,9.0,329,6,13,4,1,1,1,12
2,7,9.0,329,6,5,4,13,28,3,12
2,7,9.0,329,6,23,4,14,126,3,12
2,7,16.0,95,6,19,4,9,93,3,2
2,7,16.0,95,6,22,4,15,114,3,2
2,7,17.0,154,3,19,4,9,10,4,6
2,7,11.0,181,0,4,4,8,27,3,9
2,7,18.0,330,0,8,4,8,9,3,0
2,7,18.0,330,0,11,4,0,68,4,0
2,7,18.0,330,0,9,4,16,74,3,0
0,5,8.0,199,0,13,4,9,27,0,8
2,7,18.0,330,0,18,4,8,27,4,0
2,7,18.0,330,0,2,4,15,119,4,0
2,7,18.0,330,0,13,4,6,7,0,0
2,7,25.0,316,0,2,4,3,30,4,13
2,7,5.0,93,1,9,4,4,66,3,24
2,7,5.0,93,1,9,4,11,133,3,24
2,7,5.0,93,1,1,4,14,25,3,24
2,7,5.0,93,1,1,4,14,25,3,24
2,7,5.0,93,1,22,4,11,124,4,24
2,7,5.0,93,1,18,4,14,25,4,24
2,7,20.0,81,2,1,4,8,27,3,29
2,7,20.0,81,2,11,4,1,35,2,29
2,7,20.0,81,2,23,4,13,48,4,29
2,7,20.0,81,2,20,4,1,35,4,29
2,7,21.0,211,4,17,4,9,95,4,21
2,7,21.0,211,4,11,4,5,6,0,21
2,7,10.0,197,3,4,4,6,7,3,4
2,7,10.0,197,3,11,4,7,57,3,4
2,7,10.0,197,3,4,4,9,57,0,4
2,7,10.0,197,3,14,4,8,65,0,4
2,3,16.0,54,1,15,4,14,25,3,2
2,3,16.0,54,1,12,4,9,57,2,2
2,3,25.0,343,4,17,4,3,79,3,13
2,7,21.0,211,4,9,4,3,30,3,21
2,7,21.0,211,4,22,4,15,39,0,21
2,7,21.0,211,4,18,4,2,3,4,21
2,7,21.0,211,4,8,4,14,24,3,21
2,9,9.0,320,5,12,4,6,7,3,12
3,4,5.0,235,3,3,1,9,95,4,24
2,11,1.0,222,0,8,4,10,22,4,7
3,0,25.0,281,4,1,0,2,13,1,13
2,9,9.0,320,5,13,4,15,51,3,12
2,3,26.0,361,5,5,4,12,80,3,3
2,11,17.0,110,2,11,1,11,15,1,6
2,9,9.0,320,5,15,4,9,63,3,12
2,11,9.0,311,1,8,4,9,63,3,12
2,3,26.0,361,5,4,4,14,25,3,3
2,9,9.0,320,5,5,4,9,63,3,12
2,11,17.0,110,2,8,0,10,52,1,6
2,11,9.0,311,1,6,4,2,69,3,12
2,3,26.0,361,5,7,4,11,18,3,3
3,4,6.0,176,0,13,1,14,106,1,23
3,0,25.0,281,4,14,1,9,95,4,13
2,6,29.0,145,6,12,4,6,7,3,16
2,11,24.0,194,2,6,2,10,22,3,14
2,9,18.0,359,3,13,0,13,29,1,0
2,9,18.0,359,3,12,2,1,59,3,0
2,9,19.0,234,0,6,0,1,11,4,10
2,9,18.0,359,3,18,0,5,12,0,0
2,9,19.0,234,0,23,3,8,118,3,10
2,9,19.0,234,0,0,0,14,24,1,10
2,9,8.0,90,4,12,0,3,115,4,8
2,9,19.0,234,0,3,3,0,77,0,10
2,7,27.0,34,2,0,1,1,105,0,15
2,7,27.0,34,2,18,0,10,22,3,15
2,3,3.0,285,2,16,0,0,64,0,27
2,3,3.0,285,2,21,0,0,85,3,27
2,3,18.0,138,4,20,0,13,13,0,0
2,3,18.0,138,4,12,0,0,12,3,0
2,1,3.0,286,6,13,0,6,73,0,27
2,1,20.0,45,1,16,0,0,53,3,29
2,1,20.0,45,1,21,2,0,31,3,29
2,1,20.0,45,1,19,0,2,123,4,29
2,1,20.0,45,1,9,0,3,70,3,29
2,8,4.0,101,2,9,0,12,100,4,30
2,8,4.0,101,2,1,0,8,118,3,30
2,4,21.0,152,0,16,0,10,47,3,21
2,4,21.0,152,0,14,0,8,41,4,21
2,4,26.0,274,6,13,0,6,7,0,3
2,4,26.0,274,6,12,0,15,108,3,3
2,4,27.0,218,3,5,0,5,6,0,15
2,4,27.0,218,3,12,2,3,79,1,15
2,4,30.0,67,2,17,0,5,12,1,19
2,4,30.0,67,2,0,3,16,50,0,19
2,4,20.0,339,3,6,1,16,37,0,29
2,2,4.0,127,0,23,1,5,6,0,30
2,2,10.0,297,3,13,0,7,62,2,4
2,2,10.0,297,3,13,0,1,1,1,4
2,2,10.0,297,3,4,2,10,43,3,4
2,2,12.0,276,1,0,0,0,53,0,28
2,2,19.0,264,1,18,0,5,6,3,10
2,2,22.0,230,5,15,0,7,137,0,26
2,2,22.0,230,5,12,0,4,5,1,26
2,2,22.0,230,5,4,2,10,47,3,26
2,2,28.0,140,4,19,1,9,134,4,18
2,0,4.0,122,2,16,2,5,64,3,30
2,0,4.0,122,2,3,0,8,41,1,30
2,0,4.0,122,2,9,2,2,71,0,30
2,0,4.0,122,2,9,0,15,96,2,30
2,0,4.0,122,2,16,0,5,12,3,30
2,0,11.0,113,2,17,0,1,1,2,9
2,0,11.0,113,2,3,0,9,57,0,9
2,0,11.0,113,2,14,0,5,6,0,9
2,0,20.0,287,5,5,0,4,4,1,29
3,7,10.0,329,0,15,0,13,69,2,4
3,7,10.0,329,0,4,1,1,105,4,4
3,7,20.0,266,4,9,0,10,52,1,29
3,7,3.0,269,0,8,0,1,67,0,27
3,7,10.0,329,0,12,0,0,15,3,4
3,3,10.0,4,4,5,0,9,87,4,4
3,3,12.0,104,6,6,0,0,12,1,28
3,0,13.0,198,6,12,0,12,80,3,25
3,0,24.0,55,2,16,0,8,9,0,14
3,0,24.0,55,2,12,0,4,136,1,14
2,7,16.0,95,6,12,0,12,61,1,2
2,7,19.0,266,1,0,0,10,22,1,10
3,0,24.0,55,2,6,0,1,59,1,14
3,0,24.0,55,2,16,1,15,51,0,14
3,7,17.0,95,0,12,1,9,27,0,6
2,3,24.0,347,2,3,1,13,38,2,14
2,1,8.0,50,4,11,3,2,13,4,8
3,7,24.0,68,0,13,0,2,86,2,14
2,5,2.0,161,4,16,0,10,47,1,22
2,2,20.0,108,2,18,2,11,0,3,29
2,2,18.0,137,0,15,1,14,126,4,0
2,4,4.0,235,5,11,0,5,6,1,30
2,11,8.0,283,0,21,1,7,62,0,8
2,1,9.0,17,5,1,0,16,39,3,12
2,8,10.0,306,1,23,0,4,79,3,4
2,7,7.0,94,4,17,0,16,113,1,11
2,10,31.0,203,2,21,1,13,99,1,20
3,4,18.0,26,6,2,2,8,27,3,0
3,3,28.0,187,0,22,3,16,113,3,18
3,3,29.0,325,1,0,1,10,22,0,16
0,7,9.0,273,4,2,4,5,6,0,12
2,11,16.0,225,1,17,4,16,50,4,2
3,0,18.0,0,4,5,1,12,58,4,0
3,0,28.0,249,3,11,0,2,2,4,18
2,3,26.0,361,5,18,4,8,27,4,3
3,4,17.0,19,5,19,1,0,68,0,6
2,11,16.0,225,1,4,4,8,27,3,2
3,4,18.0,26,6,3,0,5,6,2,0
2,9,9.0,320,5,10,4,7,78,3,12
2,3,26.0,361,5,4,4,4,82,3,3
3,2,1.0,16,6,15,1,6,116,4,7
2,11,16.0,225,1,18,4,1,35,3,2
3,4,18.0,26,6,8,0,6,132,3,0
2,5,30.0,196,4,5,4,5,6,3,19
2,3,28.0,325,3,17,4,8,118,3,18
3,10,5.0,336,6,17,3,16,42,4,24
2,11,16.0,225,1,6,4,6,7,3,2
3,4,18.0,26,6,4,0,14,131,0,0
2,5,30.0,196,4,17,4,8,118,0,19
2,3,28.0,325,3,4,4,6,7,3,18
2,5,3.0,114,5,10,4,12,80,4,27
2,5,3.0,114,5,10,4,12,135,4,27
2,11,2.0,265,1,4,4,13,21,3,22
2,5,10.0,326,5,16,4,1,105,4,4
2,11,2.0,265,1,0,4,7,137,4,22
2,5,10.0,326,5,15,4,11,122,3,4
2,11,2.0,265,1,6,4,1,105,4,22
2,11,2.0,265,1,4,4,13,28,3,22
2,3,17.0,165,2,9,4,1,105,4,6
2,3,17.0,165,2,1,4,0,53,3,6
2,3,20.0,338,6,6,4,6,73,3,29
2,3,20.0,338,6,19,4,9,109,4,29
2,3,20.0,338,6,1,4,6,73,3,29
2,3,20.0,338,6,2,4,9,10,4,29
2,3,27.0,187,6,4,4,9,95,3,15
2,3,27.0,187,6,12,4,14,25,4,15
2,5,1.0,307,2,4,4,6,7,3,7
2,5,13.0,36,0,14,4,8,27,2,25
2,11,6.0,252,6,14,4,12,104,4,23
2,11,11.0,175,4,12,4,12,80,3,9
2,11,11.0,175,4,1,4,16,139,3,9
2,11,11.0,175,4,4,4,16,65,3,9
2,5,13.0,36,0,18,4,9,102,3,25
2,5,13.0,36,0,19,4,14,125,3,25
2,11,11.0,175,4,12,4,14,25,3,9
2,11,11.0,175,4,11,4,10,47,3,9
2,5,14.0,200,1,14,4,8,19,3,5
2,11,13.0,312,6,19,4,14,110,3,25
2,11,13.0,312,6,4,4,9,93,4,25
2,11,13.0,312,6,18,4,3,30,4,25
2,11,13.0,312,6,17,4,6,7,3,25
2,11,13.0,312,6,18,4,12,61,3,25
2,11,13.0,312,6,9,4,7,20,4,25
2,5,14.0,200,1,21,4,11,55,4,5
2,11,20.0,340,6,1,4,6,7,3,29
2,11,20.0,340,6,19,4,3,79,3,29
2,11,20.0,340,6,4,4,1,67,4,29
2,11,20.0,340,6,1,4,13,28,3,29
2,5,10.0,326,5,23,4,3,79,3,4
2,5,10.0,326,5,1,4,3,70,3,4
2,5,19.0,214,3,17,4,15,108,4,10
2,5,19.0,214,3,1,4,12,61,3,10
2,5,19.0,214,3,6,4,14,131,4,10
2,5,19.0,214,3,12,4,8,19,3,10
2,5,19.0,214,3,22,4,7,62,3,10
2,11,2.0,265,1,2,4,6,89,3,22
2,11,2.0,265,1,7,4,8,27,3,22
2,11,2.0,265,1,8,4,2,69,3,22
2,11,7.0,253,3,19,4,8,27,3,11
2,11,7.0,253,3,22,4,9,87,4,11
2,11,7.0,253,3,3,4,9,27,3,11
2,11,7.0,253,3,7,4,6,14,4,11
2,11,7.0,253,3,14,4,14,88,4,11
2,11,8.0,283,0,12,4,9,101,4,8
2,5,20.0,351,0,20,4,3,103,3,29
2,5,20.0,351,0,17,4,13,28,0,29
2,11,8.0,283,0,2,4,10,23,3,8
2,11,8.0,283,0,13,4,6,7,3,8
2,5,20.0,351,0,12,4,3,79,3,29
2,11,8.0,283,0,1,4,6,128,3,8
2,5,28.0,24,1,12,4,8,118,3,18
2,5,28.0,24,1,11,4,16,74,3,18
2,11,8.0,283,0,14,4,7,8,4,8
2,5,28.0,24,1,8,4,15,51,4,18
2,6,1.0,352,6,16,4,14,126,4,7
2,11,8.0,283,0,18,4,5,12,3,8
2,6,1.0,352,6,9,4,6,91,3,7
2,11,17.0,110,2,23,4,3,103,0,6
2,6,1.0,352,6,1,4,8,33,4,7
2,6,1.0,352,6,1,4,0,77,3,7
2,6,2.0,99,3,17,4,14,25,4,22
2,6,2.0,99,3,11,4,9,101,4,22
2,5,9.0,155,4,18,4,12,80,3,12
2,5,9.0,155,4,2,4,13,28,3,12
2,11,19.0,321,5,15,4,4,5,3,10
2,5,9.0,155,4,0,4,14,24,0,12
2,11,19.0,321,5,10,4,16,72,3,10
2,5,9.0,155,4,18,4,10,47,0,12
2,5,9.0,155,4,19,4,8,33,3,12
2,11,10.0,360,2,14,4,15,96,2,4
3,2,16.0,220,3,9,1,7,20,4,2
2,6,4.0,342,1,3,4,14,25,3,30
2,6,4.0,342,1,12,4,16,39,3,30
3,4,26.0,80,3,16,1,9,57,0,3
2,11,10.0,360,2,23,4,14,110,3,4
3,8,23.0,102,1,11,0,8,118,1,17
2,6,4.0,342,1,17,4,12,135,4,30
2,11,19.0,321,5,14,4,8,9,4,10
3,6,22.0,185,3,23,1,11,15,1,26
2,6,4.0,342,1,18,4,8,19,3,30
3,4,26.0,80,3,17,0,10,22,0,3
2,11,19.0,321,5,9,4,7,137,3,10
3,4,22.0,152,2,4,3,8,27,3,26
3,4,25.0,20,6,14,1,16,37,4,13
2,11,25.0,88,4,1,4,16,37,3,13
3,8,10.0,71,2,2,0,8,9,1,4
2,6,4.0,342,1,6,4,14,106,3,30
3,4,26.0,80,3,21,1,11,18,2,3
2,11,25.0,88,4,12,4,6,7,3,13
3,8,10.0,71,2,14,0,9,54,1,4
2,6,4.0,342,1,4,4,6,7,3,30
3,4,26.0,80,3,23,1,9,93,4,3
2,11,6.0,252,6,12,4,6,126,3,23
2,11,6.0,252,6,15,4,6,7,3,23
2,11,6.0,252,6,15,4,12,80,3,23
2,11,6.0,252,6,19,4,0,64,3,23
2,11,6.0,252,6,1,4,6,7,3,23
2,11,6.0,252,6,1,4,2,2,4,23
2,11,6.0,252,6,6,4,16,37,4,23
2,11,11.0,175,4,19,4,6,128,4,9
2,11,11.0,175,4,20,4,8,118,3,9
2,11,11.0,175,4,1,4,13,48,3,9
2,11,11.0,175,4,15,4,15,108,3,9
2,11,11.0,175,4,4,4,13,99,3,9
2,11,11.0,175,4,5,4,2,2,3,9
2,11,17.0,110,2,9,4,13,38,3,6
2,11,17.0,110,2,1,4,14,25,3,6
2,11,24.0,194,2,21,4,6,7,3,14
0,0,1.0,8,5,11,4,6,7,3,7
2,9,8.0,90,4,11,4,6,7,3,8
2,9,8.0,90,4,9,4,16,113,3,8
0,0,1.0,8,5,20,4,1,105,0,7
2,11,18.0,332,4,20,4,15,31,3,0
2,11,18.0,332,4,5,4,10,47,4,0
2,11,18.0,332,4,4,4,0,31,3,0
2,11,18.0,332,4,13,4,6,7,4,0
2,9,2.0,323,5,20,4,3,79,0,22
2,9,2.0,323,5,5,4,13,28,0,22
2,11,25.0,88,4,8,4,6,7,3,13
2,11,25.0,88,4,13,4,8,41,3,13
2,11,25.0,88,4,4,4,6,89,3,13
0,4,1.0,144,3,19,4,9,27,0,7
2,9,11.0,52,3,4,4,8,41,4,9
2,9,11.0,52,3,2,4,8,33,3,9
2,9,11.0,52,3,13,4,6,89,3,9
2,9,11.0,52,3,4,4,16,37,3,9
0,4,1.0,144,3,11,4,16,50,3,7
2,9,11.0,52,3,14,4,8,41,3,9
2,9,25.0,344,3,12,4,6,7,0,13
2,9,25.0,344,3,1,4,6,89,3,13
2,9,25.0,344,3,14,4,9,93,4,13
2,11,13.0,312,6,21,4,6,7,3,25
2,11,13.0,312,6,17,4,10,22,0,25
2,11,20.0,340,6,12,4,8,41,3,29
2,11,23.0,232,1,12,4,0,12,3,17
2,11,23.0,232,1,4,4,2,69,4,17
2,11,23.0,232,1,3,4,11,117,3,17
2,11,23.0,232,1,1,4,8,27,4,17
2,9,8.0,90,4,9,4,14,126,3,8
2,9,8.0,90,4,4,4,9,49,3,8
2,9,8.0,90,4,11,4,6,89,3,8
2,9,8.0,90,4,4,4,8,41,3,8
2,9,8.0,90,4,9,4,7,137,3,8
2,9,16.0,107,5,6,4,14,25,3,2
2,9,16.0,107,5,14,4,10,47,3,2
2,9,16.0,107,5,9,4,11,129,4,2
2,9,16.0,107,5,6,4,1,11,0,2
2,9,16.0,107,5,1,4,8,9,4,2
2,9,16.0,107,5,8,4,4,127,3,2
2,9,18.0,359,3,10,4,1,81,2,0
2,9,18.0,359,3,5,4,13,21,0,0
2,9,18.0,359,3,16,4,1,105,4,0
2,7,8.0,273,5,10,4,6,7,3,8
2,7,8.0,273,5,6,4,8,27,3,8
2,7,8.0,273,5,4,4,1,81,4,8
2,7,8.0,273,5,1,4,14,24,3,8
2,7,8.0,273,5,13,4,8,9,3,8
2,7,8.0,273,5,22,4,8,33,0,8
2,7,11.0,181,0,9,4,9,95,3,9
2,7,11.0,181,0,3,4,8,27,3,9
2,11,29.0,270,0,16,4,9,83,4,16
2,6,6.0,169,4,1,4,8,65,3,23
3,8,19.0,280,5,13,0,12,17,0,10
2,6,6.0,169,4,15,4,14,24,3,23
3,2,2.0,143,3,8,0,2,86,0,22
3,8,19.0,280,5,17,1,0,0,1,10
2,6,6.0,169,4,23,4,9,63,4,23
3,8,19.0,280,5,3,0,2,86,4,10
2,6,6.0,169,4,18,4,12,80,4,23
3,2,2.0,143,3,2,2,7,122,3,22
3,8,24.0,85,2,17,2,1,11,3,14
2,6,6.0,169,4,9,4,14,25,3,23
3,2,2.0,143,3,22,1,1,11,4,22
3,2,19.0,137,2,16,0,0,12,0,10
3,2,19.0,137,2,21,0,14,25,4,10
3,2,19.0,137,2,22,0,11,10,4,10
3,2,28.0,257,5,6,0,8,9,2,18
3,2,28.0,257,5,13,1,16,139,4,18
3,2,19.0,137,2,1,0,2,2,1,10
3,0,10.0,129,2,16,0,10,30,0,4
3,0,10.0,129,2,13,1,15,31,0,4
3,8,9.0,124,1,17,1,3,30,0,12
3,8,9.0,124,1,5,1,10,43,1,12
3,4,19.0,142,3,17,1,9,102,4,10
3,0,10.0,129,2,3,0,0,77,3,4
3,0,10.0,129,2,14,0,0,77,1,4
3,0,10.0,129,2,5,1,7,31,2,4
3,0,10.0,129,2,18,0,10,47,3,4
3,0,25.0,281,4,16,0,13,69,1,13
3,2,18.0,7,1,18,2,1,59,3,0
3,2,18.0,7,1,1,1,0,68,1,0
3,8,16.0,73,1,12,0,10,22,1,2
3,0,10.0,129,2,6,0,5,12,1,4
3,0,25.0,281,4,18,1,16,130,4,13
3,0,26.0,14,5,7,1,10,52,4,3
3,0,26.0,14,5,1,0,13,123,1,3
3,0,26.0,14,5,1,0,2,86,1,3
3,0,26.0,14,5,18,2,2,86,3,3
3,0,27.0,23,6,13,0,1,16,3,15
3,0,27.0,23,6,12,0,10,47,2,15
3,0,28.0,249,3,16,0,5,6,0,18
3,0,27.0,23,6,7,0,8,19,0,15
3,0,28.0,249,3,15,1,3,76,4,18
3,0,28.0,249,3,19,0,10,47,0,18
3,0,28.0,249,3,4,0,3,76,3,18
3,0,28.0,249,3,9,0,12,84,3,18
3,2,28.0,257,5,14,0,14,34,3,18
3,0,10.0,129,2,16,0,13,48,0,4
3,0,26.0,14,5,17,0,16,72,1,3
3,0,26.0,14,5,19,0,4,4,1,3
3,0,27.0,23,6,20,0,8,27,4,15
3,0,27.0,23,6,12,0,0,26,0,15
3,0,28.0,249,3,15,0,4,82,1,18
3,0,25.0,281,4,20,0,16,72,3,13
3,0,25.0,281,4,2,0,13,29,2,13
3,0,25.0,281,4,14,0,1,11,4,13
3,0,25.0,281,4,1,1,6,132,0,13
3,0,26.0,14,5,15,0,2,86,4,3
3,0,28.0,249,3,0,1,0,0,0,18
3,0,28.0,249,3,4,0,13,99,1,18
3,0,28.0,249,3,4,0,5,6,0,18
3,0,28.0,249,3,13,1,9,49,1,18
3,0,27.0,23,6,2,0,14,24,2,15
3,0,26.0,14,5,15,0,9,95,2,3
3,8,1.0,66,0,17,0,1,67,4,7
3,4,17.0,19,5,22,0,2,92,2,6
3,4,17.0,19,5,8,0,12,61,2,6
3,2,1.0,16,6,20,1,8,33,4,7
3,0,11.0,10,4,1,3,13,69,4,9
3,4,16.0,25,4,8,0,12,84,0,2
3,4,1.0,144,2,12,0,8,118,4,7
3,2,27.0,136,4,18,0,3,115,1,15
3,2,26.0,3,2,18,0,10,30,0,3
3,4,8.0,292,2,17,0,2,86,4,8
3,4,17.0,19,5,20,0,6,91,2,6
3,8,24.0,85,2,17,0,6,7,4,14
3,8,24.0,85,2,11,1,5,12,1,14
3,8,25.0,86,4,8,0,3,103,3,13
2,6,6.0,169,4,9,4,12,17,4,23
3,8,25.0,86,4,19,0,2,86,1,13
3,8,25.0,86,4,2,1,10,47,0,13
3,8,28.0,224,3,16,0,16,113,1,18
2,6,8.0,236,6,9,4,14,34,4,8
2,6,8.0,236,6,1,4,7,20,4,8
3,8,28.0,224,3,3,0,0,15,2,18
3,4,10.0,79,5,17,2,14,24,3,4
2,6,14.0,49,5,12,4,13,38,3,5
2,11,24.0,194,2,19,4,16,65,0,14
2,6,17.0,308,0,17,4,15,31,4,6
2,6,17.0,308,0,18,4,1,16,4,6
2,11,24.0,194,2,19,4,7,62,3,14
2,6,20.0,193,4,17,4,12,121,3,29
2,6,20.0,193,4,15,4,13,123,3,29
2,6,20.0,193,4,2,4,14,34,4,29
2,6,20.0,193,4,4,4,8,33,3,29
2,6,20.0,193,4,19,4,14,25,3,29
2,9,8.0,90,4,9,4,6,132,3,8
2,6,20.0,193,4,9,4,8,118,3,29
2,6,20.0,193,4,7,4,15,31,3,29
2,9,8.0,90,4,1,4,0,77,3,8
2,6,20.0,193,4,19,4,9,49,3,29
2,9,16.0,107,5,22,4,8,33,3,2
2,6,26.0,116,2,1,4,6,7,3,3
2,6,26.0,116,2,3,4,0,85,3,3
2,6,26.0,116,2,18,4,4,127,3,3
2,6,26.0,116,2,9,4,16,39,3,3
2,9,16.0,107,5,3,4,14,25,3,2
2,6,12.0,317,2,14,4,6,7,3,28
2,6,12.0,317,2,16,4,14,34,3,28
2,6,12.0,317,2,7,4,16,72,3,28
2,6,19.0,215,2,1,4,4,66,3,10
2,6,19.0,215,2,6,4,14,25,3,10
2,6,19.0,215,2,18,4,8,41,3,10
2,6,19.0,215,2,14,4,14,97,4,10
2,6,19.0,215,2,0,4,6,7,3,10
2,6,19.0,215,2,17,4,6,7,3,10
2,6,25.0,348,1,17,4,7,8,2,13
2,6,25.0,348,1,10,4,12,135,4,13
2,6,25.0,348,1,1,4,5,6,3,13
2,6,25.0,348,1,14,4,10,22,3,13
2,7,11.0,181,0,12,4,7,57,3,9
2,6,25.0,348,1,8,4,8,27,3,13
2,6,25.0,348,1,0,4,16,37,3,13
2,6,25.0,348,1,13,4,4,79,3,13
2,6,25.0,348,1,16,4,16,50,3,13
2,6,27.0,309,4,7,4,13,21,3,15
2,6,29.0,145,6,16,4,1,81,4,16
2,6,29.0,145,6,19,4,6,91,3,16
2,6,29.0,145,6,20,4,10,12,0,16
2,6,29.0,145,6,17,4,8,9,4,16
2,6,29.0,145,6,13,4,12,80,0,16
2,6,29.0,145,6,4,4,9,101,4,16
2,9,10.0,156,6,4,4,6,7,0,4
2,10,1.0,358,0,13,4,16,113,3,7
2,10,1.0,358,0,23,4,6,7,0,7
2,9,10.0,156,6,5,4,13,21,4,4
2,9,11.0,52,3,2,4,13,28,3,9
2,10,1.0,358,0,8,4,7,54,4,7
2,9,11.0,52,3,5,4,12,17,3,9
2,9,11.0,52,3,13,4,8,41,3,9
2,10,1.0,358,0,4,4,6,128,3,7
2,9,25.0,344,3,19,4,14,106,4,13
2,9,25.0,344,3,10,4,6,7,4,13
2,10,1.0,358,0,16,4,6,7,3,7
2,9,25.0,344,3,17,4,13,28,0,13
3,4,10.0,79,5,15,0,8,27,4,4
3,4,10.0,79,5,5,0,0,26,3,4
3,4,11.0,121,6,16,0,5,12,3,9
3,4,10.0,79,5,17,1,11,90,0,4
3,4,11.0,121,6,12,2,13,48,2,9
3,4,11.0,121,6,20,1,13,28,1,9
3,8,24.0,85,2,9,0,16,50,1,14
3,8,24.0,85,2,18,2,15,46,1,14
3,8,24.0,85,2,1,1,5,6,0,14
3,8,24.0,85,2,9,0,10,22,3,14
3,8,25.0,86,4,18,0,15,31,0,13
3,8,25.0,86,4,8,3,11,18,2,13
3,8,24.0,85,2,17,3,10,30,0,14
3,4,10.0,79,5,22,2,2,69,0,4
3,4,18.0,26,6,16,0,16,130,4,0
3,4,18.0,26,6,5,0,10,22,2,0
3,4,18.0,26,6,5,0,9,57,3,0
3,4,18.0,26,6,0,1,3,76,1,0
3,4,18.0,26,6,4,0,0,96,3,0
3,4,25.0,20,6,11,0,13,48,3,13
3,4,25.0,20,6,5,0,5,6,3,13
3,4,25.0,20,6,4,0,2,86,3,13
3,4,26.0,80,3,5,0,8,9,4,3
3,4,26.0,80,3,3,0,1,59,1,3
3,4,26.0,80,3,4,0,5,6,1,3
3,4,26.0,80,3,9,0,11,98,1,3
3,4,26.0,80,3,19,0,14,25,3,3
3,4,26.0,80,3,3,0,5,64,3,3
3,2,2.0,143,3,16,2,11,15,3,22
3,2,2.0,143,3,11,0,5,6,2,22
3,2,2.0,143,3,11,2,14,25,1,22
3,2,2.0,143,3,19,0,1,59,2,22
3,2,2.0,143,3,20,1,1,1,4,22
3,2,2.0,143,3,1,0,10,52,3,22
3,2,19.0,137,2,6,0,2,86,3,10
3,2,19.0,137,2,21,0,0,64,0,10
3,2,19.0,137,2,7,1,9,27,0,10
3,2,19.0,137,2,12,2,5,6,0,10
3,2,19.0,137,2,18,1,5,6,0,10
3,0,10.0,129,2,16,0,5,6,0,4
3,0,10.0,129,2,19,1,9,10,4,4
3,0,10.0,129,2,19,1,2,3,4,4
3,0,25.0,281,4,12,0,13,99,4,13
3,0,25.0,281,4,4,0,3,79,1,13
3,4,18.0,26,6,6,0,9,87,1,0
3,4,18.0,26,6,5,0,10,52,0,0
3,4,18.0,26,6,14,0,5,6,3,0
3,4,25.0,20,6,3,0,5,6,3,13
3,4,26.0,80,3,21,0,0,53,1,3
3,4,26.0,80,3,7,0,13,13,1,3
3,4,26.0,80,3,13,0,9,102,3,3
3,4,26.0,80,3,11,1,12,17,4,3
3,2,2.0,143,3,6,0,10,22,3,22
3,4,18.0,26,6,17,1,0,85,0,0
3,2,2.0,143,3,1,2,9,102,3,22
3,4,25.0,20,6,2,0,8,9,2,13
3,2,19.0,137,2,0,1,0,77,4,10
3,2,19.0,137,2,12,1,7,78,4,10
3,2,19.0,137,2,4,0,8,9,4,10
3,2,19.0,137,2,22,1,0,68,4,10
2,10,17.0,246,2,8,4,5,64,3,6
2,4,5.0,176,6,6,4,13,99,4,24
2,2,12.0,276,1,13,4,11,90,3,28
2,4,5.0,176,6,9,4,3,30,3,24
2,1,11.0,353,3,1,4,9,101,4,9
2,0,3.0,229,1,14,4,14,107,3,27
2,4,5.0,176,6,18,4,14,106,4,24
2,1,11.0,353,3,1,4,14,106,3,9
2,0,3.0,229,1,17,4,12,61,4,27
2,2,12.0,276,1,10,4,2,92,3,28
2,4,12.0,221,6,0,4,12,83,4,28
2,1,11.0,353,3,20,4,6,7,3,9
2,0,3.0,229,1,9,4,12,61,4,27
3,11,3.0,288,5,11,4,3,30,3,27
3,11,13.0,312,0,8,4,10,47,3,25
2,0,3.0,229,1,0,4,9,101,4,27
2,10,23.0,261,1,18,4,6,7,3,17
3,11,9.0,311,4,16,4,14,25,4,12
2,10,23.0,261,1,8,4,13,28,3,17
3,11,17.0,110,5,4,4,8,19,0,6
2,10,23.0,261,1,17,4,2,69,0,17
2,1,5.0,97,0,19,4,8,33,1,24
3,11,17.0,110,5,13,4,6,7,0,6
2,1,14.0,1,2,12,4,11,133,3,5
2,1,14.0,1,2,1,4,1,1,4,5
2,1,14.0,1,2,1,4,11,122,4,5
3,11,23.0,232,4,5,4,1,1,3,17
2,1,14.0,1,2,8,4,10,30,3,5
2,1,14.0,1,2,1,4,6,7,3,5
3,11,23.0,232,4,9,4,0,85,3,17
3,11,23.0,232,4,19,4,6,132,2,17
3,11,24.0,194,5,2,4,8,27,0,14
2,1,16.0,63,5,22,4,5,6,0,2
3,11,24.0,194,5,13,4,10,23,3,14
3,11,24.0,194,5,23,4,16,72,4,14
2,0,22.0,237,3,23,4,8,41,4,26
3,7,5.0,204,2,9,4,9,109,4,24
2,0,27.0,249,5,17,4,8,27,4,15
2,0,27.0,249,5,12,4,13,48,4,15
3,7,11.0,197,1,15,4,15,39,4,9
2,0,27.0,249,5,22,4,2,71,4,15
3,7,11.0,197,1,2,4,14,25,0,9
2,0,27.0,249,5,16,4,8,33,3,15
2,0,27.0,249,5,18,4,7,78,3,15
2,0,29.0,228,3,16,4,7,20,3,16
2,0,29.0,228,3,13,4,13,38,3,16
2,0,29.0,228,3,6,4,12,104,4,16
3,11,1.0,222,2,13,4,8,41,3,7
3,7,13.0,238,4,17,4,9,109,4,25
3,7,13.0,238,4,0,4,16,50,3,25
3,11,1.0,222,2,4,4,15,51,3,7
3,11,1.0,222,2,5,4,1,67,3,7
3,11,1.0,222,2,19,4,9,63,4,7
3,11,1.0,222,2,17,4,6,7,3,7
3,7,13.0,238,4,14,4,7,78,3,25
3,7,13.0,238,4,16,4,12,100,4,25
3,11,1.0,222,2,14,4,9,87,4,7
2,10,5.0,242,5,23,4,2,35,3,24
2,10,5.0,242,5,1,4,4,121,3,24
2,10,5.0,242,5,8,4,2,86,3,24
2,10,5.0,242,5,9,4,6,91,4,24
2,10,5.0,242,5,18,4,1,11,4,24
2,10,5.0,242,5,1,4,6,91,4,24
2,10,5.0,242,5,1,4,14,126,3,24
2,10,5.0,242,5,9,4,9,87,4,24
2,10,7.0,213,3,18,4,14,88,4,11
2,10,7.0,213,3,15,4,13,48,3,11
2,10,7.0,213,3,14,4,12,56,3,11
2,10,7.0,213,3,15,4,0,0,3,11
2,10,7.0,213,3,21,4,1,11,4,11
2,10,7.0,213,3,18,4,1,59,4,11
2,10,7.0,213,3,5,4,0,85,3,11
2,10,14.0,60,3,9,4,15,31,3,5
2,10,14.0,60,3,13,4,13,36,3,5
2,10,9.0,245,1,12,4,2,2,3,12
2,10,14.0,60,3,5,4,5,64,3,5
2,10,14.0,60,3,1,4,8,27,4,5
2,0,10.0,10,1,14,4,0,31,4,4
2,0,10.0,10,1,13,4,13,48,3,4
2,1,20.0,45,1,15,4,9,87,3,29
2,0,10.0,10,1,0,4,7,111,3,4
2,0,10.0,10,1,5,4,1,11,3,4
2,0,10.0,10,1,15,4,8,9,4,4
2,0,10.0,10,1,18,4,16,130,3,4
2,7,2.0,269,6,0,4,11,15,3,22
2,0,10.0,10,1,17,4,6,7,0,4
2,0,10.0,10,1,19,4,16,108,3,4
2,0,11.0,113,2,9,4,6,7,2,9
2,0,11.0,113,2,14,4,0,68,4,9
2,0,11.0,113,2,14,4,0,26,3,9
2,0,11.0,113,2,17,4,14,34,4,9
2,0,11.0,113,2,8,4,6,7,3,9
2,0,11.0,113,2,13,4,6,7,0,9
2,0,11.0,113,2,17,4,8,33,3,9
2,0,11.0,113,2,18,4,4,5,3,9
2,0,11.0,113,2,18,4,8,9,4,9
2,0,19.0,172,4,9,4,8,118,3,10
2,0,3.0,229,1,5,4,6,128,3,27
2,0,3.0,229,1,0,4,12,80,4,27
2,0,3.0,229,1,13,4,7,111,3,27
2,0,3.0,229,1,3,4,1,105,0,27
2,0,3.0,229,1,22,4,12,80,0,27
2,0,3.0,229,1,12,4,2,40,3,27
2,1,18.0,29,3,15,4,11,15,3,0
2,6,21.0,185,5,14,4,16,108,4,21
2,8,18.0,280,2,11,4,0,26,1,0
3,11,13.0,312,0,0,4,5,12,3,25
2,0,3.0,229,1,22,4,6,7,0,27
2,4,12.0,221,6,1,4,15,114,3,28
2,6,17.0,308,0,9,4,10,47,3,6
2,1,16.0,63,5,13,4,13,28,0,2
3,11,1.0,222,2,11,4,8,65,0,7
2,10,19.0,223,5,4,4,15,46,3,10
2,4,12.0,221,6,4,4,13,48,3,28
2,2,12.0,276,1,12,4,13,99,3,28
2,6,21.0,185,5,18,4,14,125,4,21
2,0,3.0,229,1,12,4,13,48,3,27
2,8,18.0,280,2,17,4,13,28,0,0
2,4,12.0,221,6,6,4,6,14,4,28
2,2,21.0,209,4,17,4,9,87,3,21
3,11,21.0,192,1,12,4,14,24,3,21
2,6,21.0,185,5,13,4,8,19,3,21
2,0,3.0,229,1,18,4,16,42,3,27
3,11,4.0,275,6,3,4,8,41,3,30
2,1,16.0,63,5,0,4,8,27,4,2
2,4,12.0,221,6,1,4,14,131,3,28
2,1,18.0,29,3,12,4,16,130,3,0
2,2,21.0,209,4,1,4,6,89,4,21
2,4,12.0,221,6,5,4,11,18,3,28
3,11,21.0,192,1,2,4,2,69,3,21
2,6,21.0,185,5,14,4,5,6,3,21
2,1,16.0,63,5,14,4,6,7,3,2
2,8,18.0,280,2,17,4,4,127,4,0
2,1,18.0,29,3,1,4,8,118,4,0
2,4,12.0,221,6,12,4,4,4,3,28
2,4,12.0,221,6,23,4,9,27,3,28
2,4,12.0,221,6,17,4,0,0,3,28
2,10,1.0,358,0,9,4,16,50,3,7
2,10,1.0,358,0,18,4,8,33,4,7
2,10,1.0,358,0,1,4,8,41,4,7
2,10,1.0,358,0,2,4,9,95,3,7
2,10,1.0,358,0,14,4,9,54,3,7
2,3,14.0,35,3,14,4,1,1,4,5
2,3,14.0,35,3,7,4,5,64,3,5
2,3,4.0,324,4,18,4,7,129,4,30
2,3,21.0,166,3,9,4,6,91,4,21
2,3,21.0,166,3,11,4,9,49,3,21
2,3,21.0,166,3,1,4,6,116,4,21
2,3,22.0,57,0,2,4,1,67,3,26
2,3,24.0,347,2,1,4,9,49,4,14
2,3,24.0,347,2,9,4,8,27,3,14
2,3,24.0,347,2,6,4,16,65,4,14
2,3,24.0,347,2,4,4,0,15,3,14
2,5,22.0,168,2,17,4,0,53,3,26
2,5,22.0,168,2,17,4,6,7,0,26
2,5,23.0,58,4,1,4,9,63,4,17
2,9,14.0,106,2,8,4,6,14,4,5
2,9,14.0,106,2,12,4,14,24,3,5
2,9,14.0,106,2,19,4,12,84,3,5
2,9,14.0,106,2,14,4,14,25,3,5
2,3,23.0,357,1,1,4,14,25,3,17
2,6,16.0,244,3,4,4,6,7,3,2
2,6,16.0,244,3,14,4,9,95,4,2
2,6,16.0,244,3,2,4,14,25,3,2
2,6,16.0,244,3,9,4,16,72,4,2
2,5,21.0,163,1,17,4,10,23,3,21
2,2,26.0,136,1,10,4,3,76,3,3
2,2,26.0,136,1,22,4,2,86,1,3
2,2,26.0,136,1,12,4,8,41,3,3
2,5,21.0,163,1,17,4,6,126,3,21
2,5,21.0,163,1,3,4,1,11,3,21
2,5,21.0,163,1,7,4,12,56,4,21
2,0,1.0,47,3,18,4,2,86,0,7
2,5,21.0,163,1,8,4,0,26,3,21
2,0,1.0,47,3,16,4,1,35,4,7
2,5,21.0,163,1,3,4,6,7,3,21
2,0,1.0,47,3,20,4,14,25,4,7
2,0,1.0,47,3,11,4,8,9,0,7
2,0,9.0,129,0,17,4,4,5,3,12
2,0,9.0,129,0,1,4,6,7,4,12
2,0,9.0,129,0,2,4,15,119,3,12
2,0,9.0,129,0,22,4,6,132,4,12
2,5,21.0,163,1,18,4,6,7,3,21
2,0,9.0,129,0,18,4,6,7,3,12
2,0,9.0,129,0,18,4,5,64,3,12
2,5,21.0,163,1,6,4,1,11,3,21
2,0,9.0,129,0,19,4,15,39,3,12
2,10,1.0,358,0,0,4,6,7,4,7
2,4,18.0,142,5,12,4,13,38,3,0
2,4,18.0,142,5,9,4,0,15,4,0
2,4,28.0,313,0,11,4,13,38,3,18
2,4,28.0,313,0,9,4,11,10,4,18
2,4,28.0,313,0,17,4,10,6,3,18
2,4,28.0,313,0,4,4,8,19,3,18
2,4,28.0,313,0,15,4,11,94,3,18
2,4,28.0,313,0,4,4,12,104,3,18
2,4,28.0,313,0,18,4,9,87,4,18
2,10,1.0,358,0,1,4,13,48,3,7
2,4,28.0,313,0,6,4,15,108,4,18
2,4,28.0,313,0,2,4,7,31,3,18
2,4,28.0,313,0,13,4,16,50,3,18
2,4,29.0,139,1,2,4,6,7,3,16
2,4,29.0,139,1,5,4,7,20,3,16
2,4,29.0,139,1,4,4,1,105,0,16
2,4,29.0,139,1,18,4,8,33,4,16
2,4,29.0,139,1,3,4,6,7,3,16
2,4,29.0,139,1,18,4,10,52,3,16
2,4,29.0,139,1,1,4,2,13,3,16
2,6,17.0,308,0,15,4,9,95,3,6
2,2,12.0,276,1,6,4,8,9,3,28
2,2,12.0,276,1,1,4,16,72,3,28
2,6,20.0,193,4,13,4,1,67,3,29
2,2,12.0,276,1,11,4,13,99,3,28
2,2,12.0,276,1,13,4,1,16,3,28
2,2,19.0,264,1,13,4,14,106,3,10
2,2,19.0,264,1,6,4,10,47,3,10
2,2,19.0,264,1,9,4,16,50,3,10
2,2,19.0,264,1,6,4,10,12,3,10
2,2,19.0,264,1,17,4,6,128,3,10
2,2,19.0,264,1,12,4,11,8,4,10
2,2,21.0,209,4,1,4,16,113,4,21
2,10,3.0,356,2,19,4,1,35,3,27
2,4,10.0,121,4,5,4,1,11,3,4
2,0,3.0,229,1,18,4,9,10,4,27
3,11,21.0,192,1,23,4,14,25,4,21
2,6,21.0,185,5,4,4,11,10,4,21
3,11,4.0,275,6,22,4,6,7,3,30
2,1,18.0,29,3,12,4,9,54,3,0
2,2,22.0,230,5,7,4,6,7,3,26
2,4,10.0,121,4,14,4,15,114,3,4
2,1,16.0,63,5,1,4,7,111,4,2
2,10,17.0,246,2,13,4,8,27,3,6
2,0,14.0,190,6,23,4,5,12,0,5
2,6,21.0,185,5,18,4,6,7,3,21
2,1,26.0,262,0,11,4,8,41,3,3
3,11,21.0,192,1,4,4,12,61,3,21
3,11,27.0,322,0,10,4,8,41,4,15
3,7,13.0,238,4,9,4,2,2,3,25
3,11,4.0,275,6,22,4,9,27,3,30
2,0,5.0,260,4,22,4,13,29,0,24
2,0,14.0,190,6,22,4,16,42,3,5
2,6,21.0,185,5,4,4,6,128,4,21
3,11,1.0,222,2,17,4,7,31,0,7
3,11,21.0,192,1,0,4,8,19,4,21
2,10,19.0,223,5,20,4,0,0,3,10
3,11,21.0,192,1,15,4,10,23,0,21
2,10,20.0,341,6,18,4,14,25,4,29
3,11,29.0,270,2,14,4,12,84,3,16
3,11,29.0,270,2,18,4,1,35,4,16
3,11,29.0,270,2,12,4,10,22,3,16
2,10,20.0,341,6,9,4,14,97,4,29
2,1,16.0,63,5,17,4,8,33,3,2
2,1,16.0,63,5,19,4,6,89,3,2
2,1,23.0,64,5,17,4,11,58,4,17
2,1,23.0,64,5,5,4,14,25,3,17
2,1,23.0,64,5,19,4,6,7,3,17
2,1,23.0,64,5,14,4,4,138,4,17
2,1,23.0,64,5,17,4,15,108,3,17
2,1,23.0,64,5,9,4,1,11,4,17
2,1,23.0,64,5,14,4,15,46,3,17
2,1,23.0,64,5,1,4,1,81,4,17
2,1,24.0,65,6,3,4,8,27,0,14
2,1,24.0,65,6,12,4,16,139,3,14
2,1,24.0,65,6,9,4,14,88,4,14
2,1,24.0,65,6,14,4,12,17,3,14
2,1,24.0,65,6,19,4,3,76,4,14
2,1,24.0,65,6,17,4,14,25,0,14
2,1,24.0,65,6,7,4,0,77,3,14
2,1,24.0,65,6,23,4,0,31,3,14
2,8,7.0,76,6,23,4,14,131,2,11
2,8,7.0,76,6,9,4,1,59,4,11
2,8,7.0,76,6,20,4,3,115,3,11
2,8,7.0,76,6,1,4,6,91,3,11
3,7,22.0,211,6,1,4,0,85,3,26
3,7,22.0,211,6,6,4,14,25,4,26
3,7,22.0,211,6,0,4,13,28,0,26
3,11,20.0,340,0,11,4,2,69,0,29
3,11,20.0,340,0,4,4,8,19,4,29
3,11,20.0,340,0,4,4,13,48,3,29
3,11,20.0,340,0,6,4,12,100,4,29
3,11,20.0,340,0,20,4,8,33,3,29
3,11,20.0,340,0,12,4,1,59,4,29
3,11,26.0,364,3,22,4,9,27,3,3
3,7,28.0,34,5,7,4,13,48,0,18
3,3,2.0,120,2,1,4,1,81,4,22
3,11,26.0,364,3,8,4,5,12,3,3
3,3,2.0,120,2,19,4,9,27,3,22
3,3,2.0,120,2,19,4,2,2,4,22
3,11,26.0,364,3,19,4,6,89,0,3
3,11,26.0,364,3,19,4,9,54,4,3
3,11,26.0,364,3,14,4,6,89,4,3
3,11,26.0,364,3,8,4,13,29,3,3
3,11,26.0,364,3,22,4,6,126,3,3
3,11,26.0,364,3,8,4,15,51,3,3
3,3,3.0,182,4,17,4,12,61,3,27
3,11,29.0,270,2,13,4,0,12,3,16
3,9,3.0,217,0,12,4,8,9,3,27
2,10,20.0,341,6,13,4,8,9,3,29
3,9,3.0,217,0,12,4,14,110,3,27
3,9,3.0,217,0,23,4,6,7,4,27
2,10,26.0,302,5,5,4,16,42,3,3
2,10,26.0,302,5,0,4,10,47,3,3
3,9,3.0,217,0,12,4,6,7,3,27
2,10,27.0,216,6,17,4,9,10,4,15
2,10,27.0,216,6,22,4,6,7,0,15
2,10,27.0,216,6,7,4,14,25,2,15
2,1,1.0,171,4,15,4,6,14,3,7
2,1,1.0,171,4,17,4,6,7,3,7
3,9,4.0,295,1,17,4,16,50,3,30
2,1,1.0,171,4,13,4,14,25,3,7
3,9,4.0,295,1,2,4,13,48,3,30
3,9,4.0,295,1,20,4,1,81,4,30
3,9,4.0,295,1,3,4,16,37,1,30
2,1,1.0,171,4,18,4,8,41,4,7
3,11,18.0,332,6,12,4,16,37,4,0
2,1,28.0,112,2,9,4,9,87,4,18
3,11,18.0,332,6,16,4,8,19,3,0
3,11,18.0,332,6,19,4,6,7,3,0
3,11,18.0,332,6,9,4,7,137,4,0
3,11,18.0,332,6,18,4,8,27,0,0
2,1,28.0,112,2,12,4,8,9,3,18
3,11,19.0,321,3,19,4,13,38,3,10
3,11,19.0,321,3,17,4,15,96,3,10
3,11,19.0,321,3,19,4,2,86,2,10
3,11,19.0,321,3,11,4,6,7,4,10
2,1,28.0,112,2,22,4,1,35,3,18
3,11,19.0,321,3,4,4,12,80,3,10
3,11,19.0,321,3,14,4,14,131,3,10
2,1,28.0,112,2,17,4,14,25,4,18
3,11,28.0,123,1,18,4,11,55,4,18
3,11,28.0,123,1,8,4,14,106,4,18
3,11,4.0,275,6,14,4,9,49,3,30
2,1,26.0,262,0,21,4,16,37,1,3
2,0,5.0,260,4,1,4,13,123,3,24
2,6,21.0,185,5,9,4,9,63,4,21
2,4,10.0,121,4,6,4,8,19,3,4
3,11,4.0,275,6,13,4,3,79,3,30
2,1,26.0,262,0,19,4,6,7,3,3
2,10,17.0,246,2,1,4,0,15,3,6
2,10,17.0,246,2,9,4,13,36,3,6
2,6,21.0,185,5,14,4,6,7,3,21
3,7,13.0,238,4,11,4,2,2,3,25
2,4,13.0,345,3,22,4,9,49,3,25
2,10,17.0,246,2,17,4,5,12,3,6
2,1,26.0,262,0,14,4,5,12,3,3
2,6,21.0,185,5,23,4,6,91,4,21
3,7,13.0,238,4,4,4,14,34,3,25
2,8,18.0,280,2,11,4,8,19,3,0
2,4,13.0,345,3,4,4,8,27,3,25
2,0,21.0,241,6,12,4,9,57,3,21
2,1,26.0,262,0,1,4,7,62,4,3
2,6,21.0,185,5,20,4,6,7,3,21
3,7,13.0,238,4,2,4,8,33,3,25
3,11,12.0,118,3,8,4,7,137,3,28
2,6,21.0,185,5,16,4,9,95,4,21
2,4,13.0,345,3,15,4,13,48,3,25
3,11,12.0,118,3,22,4,10,23,3,28
2,0,21.0,241,6,1,4,16,50,3,21
2,0,21.0,241,6,1,4,13,69,3,21
2,6,21.0,185,5,13,4,9,57,3,21
2,4,13.0,345,3,22,4,12,61,3,25
3,11,12.0,118,3,1,4,12,80,3,28
2,5,9.0,155,4,19,4,4,4,1,12
2,0,30.0,290,0,5,4,14,131,2,19
2,10,5.0,242,5,4,4,2,35,3,24
2,8,19.0,319,4,19,4,14,25,3,10
2,8,18.0,280,2,12,4,2,13,4,0
3,11,3.0,288,5,9,4,8,33,3,27
2,4,13.0,345,3,13,4,1,105,3,25
2,1,14.0,1,2,9,4,8,9,4,5
2,10,5.0,242,5,19,4,6,7,3,24
2,8,19.0,319,4,9,4,13,69,3,10
3,11,12.0,118,3,2,4,6,7,0,28
3,7,13.0,238,4,2,4,16,139,4,25
2,4,13.0,345,3,14,4,14,25,3,25
2,1,14.0,1,2,10,4,14,24,0,5
2,10,5.0,242,5,13,4,6,7,3,24
2,10,11.0,333,4,1,4,8,9,3,9
2,2,30.0,8,6,3,4,6,7,3,19
2,2,30.0,8,6,17,4,6,132,3,19
2,2,30.0,8,6,12,4,6,116,3,19
2,2,30.0,8,6,1,4,11,55,4,19
2,2,30.0,8,6,7,4,14,107,3,19
2,2,30.0,8,6,19,4,0,26,3,19
2,2,30.0,8,6,9,4,8,27,3,19
2,2,30.0,8,6,1,4,0,77,3,19
2,2,30.0,8,6,19,4,0,26,3,19
2,10,18.0,117,4,16,4,13,69,3,0
2,10,18.0,117,4,14,4,9,87,3,0
2,1,3.0,286,6,21,4,0,26,3,27
2,1,3.0,286,6,19,4,0,31,4,27
2,1,3.0,286,6,5,4,1,11,0,27
2,1,9.0,17,5,9,4,6,7,4,12
2,1,9.0,17,5,4,4,10,47,0,12
2,1,9.0,17,5,1,4,8,33,4,12
2,1,9.0,17,5,18,4,14,126,4,12
2,0,10.0,10,1,14,4,0,77,3,4
2,1,9.0,17,5,14,4,14,88,3,12
2,0,18.0,13,2,8,4,16,50,3,0
2,0,18.0,13,2,9,4,8,27,4,0
2,0,18.0,13,2,13,4,6,7,3,0
2,0,18.0,13,2,16,4,16,42,3,0
2,0,18.0,13,2,4,4,10,22,3,0
2,0,18.0,13,2,15,4,0,85,3,0
2,6,23.0,31,3,9,4,6,89,3,17
2,0,18.0,13,2,14,4,14,25,0,0
3,11,7.0,253,1,7,4,8,41,4,11
2,10,16.0,256,1,17,4,14,32,1,2
2,10,21.0,314,3,14,4,1,105,3,21
2,10,23.0,261,1,2,4,1,59,3,17
2,10,23.0,261,1,17,4,6,73,3,17
3,11,7.0,253,1,15,4,8,33,3,11
3,11,9.0,311,4,12,4,0,68,3,12
3,11,9.0,311,4,12,4,14,25,3,12
3,11,9.0,311,4,18,4,14,110,4,12
3,11,9.0,311,4,1,4,6,7,3,12
2,10,23.0,261,1,17,4,14,106,4,17
2,2,18.0,137,0,15,4,0,26,3,0
2,2,18.0,137,0,2,4,6,128,3,0
2,2,18.0,137,0,11,4,10,6,3,0
2,2,18.0,137,0,13,4,12,56,0,0
2,2,18.0,137,0,17,4,7,78,4,0
2,2,18.0,137,0,15,4,0,26,1,0
2,2,18.0,137,0,12,4,3,103,3,0
2,2,18.0,137,0,19,4,14,88,0,0
2,10,12.0,346,5,4,4,8,27,3,28
2,10,12.0,346,5,4,4,3,30,3,28
2,2,20.0,108,2,12,4,8,27,3,29
2,2,20.0,108,2,14,4,15,46,4,29
2,10,17.0,246,2,8,4,6,7,3,6
2,2,20.0,108,2,13,4,14,25,3,29
2,2,20.0,108,2,9,4,16,74,3,29
2,2,20.0,108,2,4,4,12,80,4,29
2,2,20.0,108,2,12,4,14,88,4,29
2,2,20.0,108,2,3,4,14,88,4,29
2,2,29.0,131,5,4,4,8,9,3,16
2,2,29.0,131,5,9,4,6,91,1,16
2,2,29.0,131,5,14,4,14,126,2,16
2,2,29.0,131,5,16,4,1,35,0,16
2,2,29.0,131,5,1,4,8,9,3,16
2,2,29.0,131,5,9,4,9,95,4,16
2,0,2.0,334,0,2,4,6,116,3,22
2,0,2.0,334,0,12,4,6,7,3,22
2,0,2.0,334,0,9,4,14,126,4,22
2,0,2.0,334,0,3,4,2,69,3,22
2,0,2.0,334,0,17,4,13,38,0,22
2,0,2.0,334,0,12,4,6,89,4,22
2,0,2.0,334,0,1,4,10,22,3,22
2,0,2.0,334,0,1,4,13,38,4,22
2,0,2.0,334,0,14,4,16,139,4,22
3,7,21.0,81,5,10,4,8,33,4,21
2,8,19.0,319,4,17,4,14,25,3,10
3,11,25.0,88,6,16,4,11,129,4,13
3,11,3.0,288,5,9,4,7,120,4,27
2,0,14.0,190,6,2,4,4,4,3,5
2,4,13.0,345,3,9,4,8,19,0,25
2,8,20.0,46,5,20,4,9,95,3,29
2,8,19.0,319,4,4,4,16,108,3,10
2,1,14.0,1,2,5,4,13,38,3,5
2,5,29.0,294,2,5,4,5,12,3,16
2,6,2.0,99,3,1,4,14,106,4,22
2,8,26.0,78,4,17,4,6,7,3,3
3,11,25.0,88,6,4,4,13,36,3,13
2,0,14.0,190,6,7,4,9,93,2,5
2,4,13.0,345,3,1,4,1,81,4,25
2,4,27.0,218,3,12,4,16,65,3,15
3,11,3.0,288,5,13,4,11,117,3,27
2,5,27.0,259,0,4,4,8,41,3,15
3,11,25.0,88,6,4,4,14,32,3,13
2,0,14.0,190,6,17,4,1,81,4,5
2,4,13.0,345,3,19,4,6,7,3,25
2,4,27.0,218,3,19,4,16,37,3,15
2,4,27.0,218,3,11,4,1,59,3,15
2,6,2.0,99,3,1,4,6,89,3,22
2,4,27.0,218,3,3,4,3,79,3,15
2,4,27.0,218,3,14,4,8,19,0,15
2,4,27.0,218,3,10,4,14,25,3,15
2,4,27.0,218,3,1,4,12,80,3,15
2,4,30.0,67,2,18,4,14,25,4,19
2,11,24.0,194,2,2,4,15,46,3,14
2,4,30.0,67,2,19,4,3,30,4,19
2,4,30.0,67,2,11,4,9,101,3,19
2,4,30.0,67,2,17,4,12,61,3,19
2,11,24.0,194,2,18,4,8,33,3,14
2,2,4.0,127,0,4,4,8,9,3,30
2,2,4.0,127,0,6,4,6,132,3,30
2,2,10.0,297,3,14,4,16,72,2,4
2,2,10.0,297,3,1,4,14,24,3,4
2,2,10.0,297,3,14,4,6,7,3,4
2,2,10.0,297,3,5,4,14,88,4,4
2,6,10.0,355,0,5,4,12,121,3,4
2,6,10.0,355,0,9,4,11,8,4,4
2,8,27.0,224,5,23,4,6,7,3,15
2,8,27.0,224,5,1,4,6,128,4,15
2,8,27.0,224,5,15,4,0,77,3,15
2,8,27.0,224,5,3,4,14,110,0,15
2,8,28.0,301,6,9,4,8,19,4,18
2,8,28.0,301,6,20,4,9,95,3,18
2,8,28.0,301,6,17,4,1,1,4,18
2,8,28.0,301,6,6,4,5,6,3,18
2,8,28.0,301,6,4,4,14,88,3,18
2,8,28.0,301,6,19,4,15,46,3,18
2,8,28.0,301,6,12,4,9,49,3,18
2,6,18.0,291,1,9,4,6,128,3,0
2,8,28.0,301,6,18,4,14,126,4,18
2,6,18.0,291,1,9,4,8,41,3,0
2,8,29.0,103,3,17,4,8,27,3,16
2,8,29.0,103,3,5,4,6,7,3,16
2,8,29.0,103,3,20,4,0,68,3,16
3,11,12.0,118,3,8,4,12,56,0,28
3,11,12.0,118,3,22,4,14,25,3,28
3,11,12.0,118,3,1,4,2,86,3,28
2,8,20.0,46,5,17,4,6,116,3,29
2,8,20.0,46,5,18,4,2,2,3,29
2,8,21.0,354,6,16,4,12,61,3,21
2,8,21.0,354,6,13,4,3,30,3,21
2,8,21.0,354,6,22,4,14,24,3,21
2,8,21.0,354,6,14,4,12,61,3,21
2,4,4.0,235,5,1,4,10,23,3,30
2,4,4.0,235,5,12,4,7,57,3,30
2,4,4.0,235,5,9,4,6,91,4,30
2,4,10.0,121,4,1,4,16,50,4,4
2,4,10.0,121,4,16,4,6,7,3,4
2,4,10.0,121,4,6,4,8,19,3,4
3,11,26.0,364,3,13,4,10,47,3,3
2,4,10.0,121,4,8,4,8,27,3,4
2,4,10.0,121,4,6,4,6,7,3,4
2,4,10.0,121,4,4,4,8,9,4,4
2,4,10.0,121,4,3,4,5,6,3,4
2,3,14.0,35,3,23,4,2,123,3,5
2,3,14.0,35,3,20,4,8,9,3,5
2,3,14.0,35,3,1,4,14,88,4,5
2,11,24.0,194,2,19,4,1,59,3,14
2,2,10.0,297,3,2,4,9,54,4,4
2,2,10.0,297,3,0,4,14,25,4,4
2,11,24.0,194,2,22,4,8,41,3,14
2,6,2.0,99,3,4,4,9,27,3,22
2,2,10.0,297,3,4,4,1,11,3,4
2,2,10.0,297,3,11,4,10,23,3,4
2,6,2.0,99,3,8,4,6,7,3,22
2,2,10.0,297,3,9,4,14,88,4,4
2,6,2.0,99,3,7,4,6,7,3,22
2,2,10.0,297,3,7,4,6,7,0,4
2,2,10.0,297,3,9,4,16,108,3,4
2,6,3.0,159,0,22,4,4,4,3,27
2,2,12.0,276,1,9,4,11,94,2,28
2,6,17.0,308,0,2,4,8,33,3,6
2,8,26.0,78,4,12,4,1,11,3,3
3,11,25.0,88,6,11,4,14,34,3,13
2,4,19.0,115,6,19,4,8,41,3,10
2,8,26.0,78,4,3,4,8,27,3,3
3,11,25.0,88,6,6,4,0,53,2,13
2,5,27.0,259,0,18,4,2,2,3,15
2,5,9.0,155,4,0,4,14,24,0,12
2,5,9.0,155,4,0,4,14,24,0,12
3,11,3.0,288,5,18,4,11,117,3,27
3,9,6.0,51,4,19,4,14,25,4,23
2,8,26.0,78,4,9,4,0,77,3,3
2,2,2.0,282,6,19,4,1,105,3,22
2,1,15.0,2,4,15,4,8,118,3,1
3,11,3.0,288,5,4,4,8,27,3,27
2,5,27.0,259,0,14,4,3,30,3,15
2,2,2.0,282,6,6,4,6,91,4,22
2,1,15.0,2,4,12,4,8,19,3,1
2,5,27.0,259,0,2,4,5,12,3,15
2,2,2.0,282,6,9,4,13,38,4,22
2,1,15.0,2,4,3,4,12,80,3,1
3,11,4.0,275,6,2,4,6,7,3,30
2,6,18.0,291,1,1,4,6,7,3,0
3,9,6.0,51,4,5,4,9,57,3,23
2,1,15.0,2,4,2,4,9,49,3,1
3,9,6.0,51,4,9,4,6,7,4,23
3,9,6.0,51,4,22,4,0,85,3,23
3,9,6.0,51,4,20,4,6,7,4,23
2,1,15.0,2,4,13,4,6,7,3,1
3,9,6.0,51,4,23,4,0,12,3,23
3,9,6.0,51,4,14,4,9,10,4,23
3,9,6.0,51,4,11,4,8,19,4,23
3,9,16.0,107,3,13,4,0,15,0,2
2,10,14.0,60,3,14,4,9,10,4,5
2,10,14.0,60,3,6,4,1,105,3,5
2,10,14.0,60,3,15,4,9,27,3,5
2,10,15.0,201,0,12,4,11,55,4,1
2,10,15.0,201,0,18,4,6,7,4,1
2,10,15.0,201,0,13,4,6,7,3,1
2,10,15.0,201,0,17,4,6,7,3,1
2,10,15.0,201,0,4,4,3,115,3,1
2,10,15.0,201,0,2,4,6,7,3,1
2,10,15.0,201,0,6,4,13,69,3,1
2,10,15.0,201,0,23,4,11,18,3,1
2,10,15.0,201,0,11,4,0,0,3,1
2,1,7.0,62,2,23,4,10,22,3,11
2,1,7.0,62,2,9,4,10,47,3,11
2,1,7.0,62,2,21,4,8,118,0,11
2,1,8.0,50,4,14,4,1,11,4,8
2,1,8.0,50,4,1,4,8,65,4,8
2,0,19.0,172,4,17,4,9,87,4,10
2,0,19.0,172,4,4,4,13,69,3,10
2,1,20.0,45,1,22,4,16,37,1,29
2,0,19.0,172,4,12,4,0,26,3,10
2,0,19.0,172,4,9,4,6,91,3,10
2,0,19.0,172,4,14,4,13,28,3,10
2,0,19.0,172,4,19,4,14,25,4,10
2,1,20.0,45,1,5,4,6,7,0,29
2,0,19.0,172,4,14,4,8,27,3,10
2,0,19.0,172,4,14,4,0,0,3,10
2,0,19.0,172,4,16,4,7,78,4,10
2,0,19.0,172,4,13,4,9,27,0,10
2,1,20.0,45,1,20,4,9,9,3,29
2,0,20.0,287,5,14,4,7,62,0,29
2,0,20.0,287,5,12,4,9,49,3,29
2,0,20.0,287,5,19,4,12,104,3,29
2,0,20.0,287,5,8,4,9,95,0,29
2,1,20.0,45,1,14,4,7,62,3,29
2,0,20.0,287,5,12,4,6,7,3,29
2,1,8.0,50,4,14,4,8,27,3,8
2,1,8.0,50,4,17,4,6,7,3,8
2,1,8.0,50,4,6,4,2,40,4,8
2,1,8.0,50,4,12,4,1,67,3,8
2,1,8.0,50,4,12,4,9,27,3,8
2,1,8.0,50,4,4,4,14,25,3,8
2,1,8.0,50,4,1,4,15,39,3,8
2,1,8.0,50,4,1,4,6,73,3,8
2,1,8.0,50,4,22,4,6,89,3,8
2,1,13.0,183,1,11,4,9,87,3,25
2,1,13.0,183,1,6,4,14,110,3,25
2,1,13.0,183,1,16,4,16,39,3,25
2,1,13.0,183,1,13,4,1,16,0,25
2,1,16.0,63,5,17,4,7,78,3,2
2,0,14.0,190,6,1,4,12,80,4,5
3,11,12.0,118,3,6,4,15,85,4,28
2,6,9.0,149,3,21,4,9,93,4,12
2,8,29.0,103,3,12,4,3,44,4,16
3,7,21.0,81,5,23,4,6,7,4,21
2,6,9.0,149,3,18,4,6,7,4,12
2,0,14.0,190,6,1,4,13,99,4,5
3,11,12.0,118,3,15,4,1,105,0,28
2,8,29.0,103,3,19,4,6,132,3,16
2,6,9.0,149,3,18,4,9,63,4,12
2,5,29.0,294,2,1,4,2,71,4,16
3,11,12.0,118,3,18,4,6,7,4,28
2,8,29.0,103,3,20,4,1,59,0,16
2,6,9.0,149,3,1,4,7,111,3,12
2,0,17.0,0,1,6,4,0,53,3,6
3,11,12.0,118,3,5,4,1,16,3,28
3,7,22.0,211,6,15,4,0,53,3,26
3,7,22.0,211,6,1,4,9,49,3,26
3,9,16.0,107,3,13,4,3,103,3,2
2,1,25.0,248,3,13,4,8,33,3,13
3,9,16.0,107,3,18,4,1,105,4,2
2,8,5.0,87,4,12,4,0,77,3,24
3,9,16.0,107,3,1,4,6,73,4,2
3,9,16.0,107,3,12,4,2,40,4,2
2,8,6.0,70,5,9,4,9,87,2,23
3,9,16.0,107,3,12,4,11,10,4,2
2,8,6.0,70,5,4,4,8,118,3,23
2,8,6.0,70,5,0,4,13,48,3,23
3,9,23.0,167,3,19,4,9,54,4,17
3,9,23.0,167,3,1,4,8,41,3,17
3,9,23.0,167,3,17,4,12,104,4,17
2,8,6.0,70,5,19,4,8,9,3,23
2,8,6.0,70,5,9,4,8,33,3,23
2,8,6.0,70,5,2,4,15,96,3,23
2,8,6.0,70,5,14,4,6,89,4,23
2,8,6.0,70,5,17,4,14,106,3,23
2,8,15.0,73,3,18,4,6,91,4,1
2,8,15.0,73,3,18,4,6,7,3,1
2,10,17.0,246,2,17,4,12,80,4,6
2,0,30.0,290,0,15,4,1,105,3,19
2,0,30.0,290,0,14,4,8,118,3,19
2,10,17.0,246,2,21,4,2,2,4,6
3,11,2.0,265,4,14,4,7,57,3,22
2,10,17.0,246,2,1,4,6,116,4,6
2,10,17.0,246,2,22,4,16,74,3,6
3,11,2.0,265,4,20,4,5,6,0,22
3,11,2.0,265,4,5,4,10,47,0,22
3,11,11.0,175,6,4,4,16,65,3,9
3,11,11.0,175,6,2,4,9,87,4,9
3,11,11.0,175,6,19,4,9,27,3,9
3,11,11.0,175,6,19,4,7,57,1,9
3,11,11.0,175,6,12,4,6,128,3,9
3,11,11.0,175,6,9,4,0,77,3,9
3,11,11.0,175,6,1,4,12,84,4,9
2,10,17.0,246,2,13,4,16,37,1,6
3,11,13.0,312,0,14,4,8,19,3,25
2,0,28.0,191,6,13,4,12,104,4,18
2,0,28.0,191,6,7,4,6,7,4,18
2,0,28.0,191,6,1,4,14,131,3,18
2,0,28.0,191,6,5,4,1,105,0,18
2,0,28.0,191,6,20,4,1,105,4,18
2,0,28.0,191,6,10,4,8,65,4,18
2,0,28.0,191,6,4,4,8,118,3,18
2,0,28.0,191,6,22,4,13,38,3,18
3,11,10.0,360,5,13,4,6,7,3,4
3,11,10.0,360,5,22,4,6,89,4,4
3,11,10.0,360,5,15,4,15,119,3,4
2,1,20.0,45,1,18,4,6,132,4,29
3,11,10.0,360,5,7,4,6,7,4,4
2,1,20.0,45,1,23,4,14,25,3,29
2,1,28.0,112,2,13,4,0,15,0,18
2,1,28.0,112,2,12,4,9,83,4,18
3,11,10.0,360,5,1,4,8,65,3,4
3,11,18.0,332,6,17,4,7,78,3,0
2,1,28.0,112,2,6,4,9,27,3,18
3,11,13.0,312,0,7,4,6,7,4,25
3,11,13.0,312,0,18,4,0,26,3,25
3,11,13.0,312,0,13,4,0,0,3,25
2,10,19.0,223,5,20,4,10,47,3,10
3,11,13.0,312,0,19,4,6,7,3,25
3,11,13.0,312,0,4,4,6,73,3,25
2,6,9.0,149,3,20,4,14,24,2,12
2,5,29.0,294,2,20,4,8,118,3,16
2,6,9.0,149,3,19,4,5,6,0,12
2,8,29.0,103,3,3,4,14,25,3,16
2,6,9.0,149,3,17,4,6,128,3,12
2,5,29.0,294,2,14,4,3,79,3,16
2,6,10.0,355,0,13,4,13,28,0,4
2,5,30.0,196,4,13,4,1,67,3,19
2,3,5.0,303,5,22,4,8,33,3,24
2,8,29.0,103,3,18,4,9,109,4,16
2,8,29.0,103,3,10,4,8,33,4,16
2,6,18.0,291,1,2,4,7,62,3,0
2,8,29.0,103,3,6,4,8,27,4,16
2,8,29.0,103,3,6,4,6,7,0,16
2,4,1.0,141,1,18,4,15,96,3,7
2,4,1.0,141,1,4,4,6,89,3,7
2,6,18.0,291,1,5,4,9,95,3,0
2,4,1.0,141,1,9,4,0,31,3,7
2,4,1.0,141,1,17,4,9,54,3,7
2,10,1.0,358,0,15,4,16,42,3,7
2,4,1.0,141,1,1,4,6,132,4,7
2,4,1.0,141,1,21,4,12,104,0,7
2,4,1.0,141,1,0,4,6,132,4,7
2,4,1.0,141,1,12,4,12,121,4,7
2,4,5.0,176,6,1,4,9,87,4,24
2,2,1.0,143,5,17,4,0,64,3,7
2,5,13.0,36,0,9,4,6,7,0,25
2,2,1.0,143,5,3,4,13,48,3,7
2,2,1.0,143,5,10,4,6,7,3,7
2,2,1.0,143,5,1,4,4,138,4,7
2,2,1.0,143,5,1,4,14,125,4,7
2,2,1.0,143,5,19,4,12,100,4,7
2,2,16.0,6,6,8,4,14,25,0,2
2,2,16.0,6,6,14,4,14,106,4,2
2,2,16.0,6,6,19,4,8,118,3,2
2,2,16.0,6,6,9,4,9,57,3,2
2,5,14.0,200,1,9,4,6,7,3,5
2,2,16.0,6,6,1,4,9,109,4,2
2,2,16.0,6,6,14,4,4,75,3,2
2,5,14.0,200,1,8,4,11,124,3,5
2,2,24.0,233,3,18,4,1,105,4,14
2,2,2.0,282,6,11,4,10,52,3,22
3,9,2.0,323,3,3,4,12,61,3,22
3,9,2.0,323,3,18,4,7,137,4,22
2,2,2.0,282,6,8,4,10,47,3,22
2,2,2.0,282,6,9,4,14,25,4,22
2,2,2.0,282,6,4,4,8,41,3,22
2,2,3.0,254,3,18,4,14,126,4,27
2,2,3.0,254,3,1,4,1,16,3,27
2,2,3.0,254,3,4,4,14,97,4,27
2,2,27.0,257,2,7,4,6,7,3,15
2,2,27.0,257,2,12,4,12,80,2,15
3,9,20.0,119,4,3,4,9,87,3,29
2,2,27.0,257,2,1,4,4,138,2,15
3,9,20.0,119,4,4,4,14,25,3,29
2,2,27.0,257,2,16,4,7,137,4,15
3,9,20.0,119,4,22,4,6,7,3,29
2,0,12.0,198,4,0,4,13,28,3,28
2,0,12.0,198,4,19,4,16,139,3,28
2,4,5.0,176,6,13,4,1,35,3,24
2,4,5.0,176,6,1,4,1,35,4,24
2,4,5.0,176,6,9,4,6,91,3,24
2,4,25.0,80,5,5,4,1,67,3,13
2,0,17.0,0,1,17,4,5,12,0,6
2,6,8.0,236,6,21,4,9,101,4,8
2,4,25.0,80,5,12,4,7,62,4,13
2,6,8.0,236,6,1,4,0,53,3,8
2,3,6.0,289,6,9,4,11,10,1,23
2,6,8.0,236,6,17,4,8,33,3,8
2,3,7.0,148,3,17,4,6,7,4,11
2,6,8.0,236,6,8,4,1,11,3,8
2,4,25.0,80,5,1,4,11,8,4,13
2,6,8.0,236,6,7,4,6,7,0,8
2,3,7.0,148,3,10,4,8,65,3,11
2,6,14.0,49,5,5,4,1,11,0,5
2,4,25.0,80,5,17,4,1,81,4,13
2,0,12.0,198,4,19,4,14,24,4,28
2,4,25.0,80,5,1,4,4,5,3,13
3,9,27.0,179,4,3,4,14,25,3,15
2,4,25.0,80,5,23,4,16,74,3,13
2,0,12.0,198,4,9,4,7,31,0,28
2,3,7.0,148,3,19,4,4,66,3,11
2,3,12.0,210,5,1,4,8,27,3,28
2,3,13.0,33,6,2,4,1,67,3,25
2,5,7.0,199,1,6,4,6,7,3,11
2,5,7.0,199,1,23,4,14,125,3,11
2,5,13.0,36,0,13,4,14,25,3,25
2,5,13.0,36,0,18,4,10,47,3,25
2,5,13.0,36,0,0,4,14,88,4,25
2,5,13.0,36,0,2,4,6,89,3,25
2,2,1.0,143,5,20,4,2,2,3,7
2,2,1.0,143,5,9,4,1,59,4,7
2,5,13.0,36,0,21,4,14,126,0,25
2,4,20.0,339,3,3,4,8,65,3,29
2,4,20.0,339,3,23,4,12,17,2,29
2,6,1.0,352,6,19,4,14,107,4,7
2,11,17.0,110,2,0,4,10,47,0,6
2,4,21.0,152,0,17,4,6,91,4,21
2,6,1.0,352,6,4,4,8,27,0,7
2,4,21.0,152,0,13,4,13,28,0,21
2,11,17.0,110,2,3,4,13,48,3,6
2,4,21.0,152,0,15,4,1,16,3,21
2,6,1.0,352,6,9,4,8,118,3,7
2,6,2.0,99,3,1,4,2,60,4,22
2,4,21.0,152,0,4,4,6,128,3,21
2,4,21.0,152,0,17,4,9,49,4,21
2,4,21.0,152,0,3,4,8,118,3,21
2,4,26.0,274,6,14,4,13,99,4,3
2,4,26.0,274,6,16,4,1,1,2,3
2,11,17.0,110,2,16,4,4,45,3,6
2,6,2.0,99,3,18,4,8,19,4,22
2,4,26.0,274,6,17,4,8,9,4,3
2,4,26.0,274,6,3,4,5,6,3,3
2,11,17.0,110,2,3,4,6,89,1,6
2,11,22.0,250,0,1,4,8,118,3,26
2,11,22.0,250,0,12,4,14,25,3,26
2,11,22.0,250,0,6,4,6,73,4,26
2,11,22.0,250,0,9,4,6,14,3,26
2,11,15.0,331,0,0,4,8,41,4,1
2,11,15.0,331,0,14,4,6,7,3,1
2,11,15.0,331,0,12,4,14,25,3,1
2,11,15.0,331,0,19,4,8,41,3,1
2,11,15.0,331,0,13,4,15,31,3,1
2,11,4.0,275,4,2,4,6,89,3,30
2,11,4.0,275,4,4,4,14,24,3,30
2,11,3.0,288,2,12,4,14,126,4,27
0,0,31.0,290,3,19,4,3,115,3,20
2,1,26.0,262,0,9,4,6,89,4,3
3,11,3.0,288,5,3,4,1,11,0,27
2,1,26.0,262,0,17,4,12,135,4,3
3,11,3.0,288,5,18,4,8,118,3,27
2,8,18.0,280,2,8,4,2,92,4,0
2,0,12.0,198,4,18,4,5,12,3,28
2,0,12.0,198,4,1,4,14,25,4,28
3,9,27.0,179,4,10,4,9,87,3,15
2,0,12.0,198,4,4,4,14,106,4,28
3,9,27.0,179,4,20,4,6,7,0,15
2,0,13.0,5,5,14,4,16,72,3,25
2,0,13.0,5,5,8,4,15,51,0,25
2,0,13.0,5,5,9,4,14,32,4,25
2,0,13.0,5,5,13,4,9,57,4,25
2,0,13.0,5,5,1,4,14,24,3,25
2,0,22.0,237,3,19,4,11,58,4,26
3,9,28.0,315,5,22,4,9,27,3,18
2,0,22.0,237,3,17,4,15,119,0,26
2,0,22.0,237,3,14,4,9,93,4,26
2,0,22.0,237,3,9,4,6,89,4,26
2,0,22.0,237,3,1,4,12,80,4,26
2,10,10.0,298,2,13,4,6,128,3,4
2,2,22.0,230,5,9,4,9,102,4,26
2,2,22.0,230,5,15,4,14,25,3,26
2,2,22.0,230,5,20,4,13,21,4,26
2,2,22.0,230,5,10,4,12,17,3,26
2,2,22.0,230,5,9,4,6,7,4,26
2,2,22.0,230,5,1,4,0,53,3,26
2,2,22.0,230,5,12,4,8,19,3,26
2,2,28.0,140,4,18,4,6,91,4,18
2,2,28.0,140,4,17,4,7,54,4,18
2,2,28.0,140,4,13,4,15,39,0,18
2,2,28.0,140,4,13,4,4,127,3,18
2,2,28.0,140,4,12,4,3,30,3,18
2,2,28.0,140,4,14,4,2,2,3,18
2,10,10.0,298,2,3,4,11,124,3,4
2,2,28.0,140,4,17,4,7,54,4,18
2,2,28.0,140,4,20,4,9,49,3,18
2,2,28.0,140,4,12,4,3,30,3,18
2,2,28.0,140,4,4,4,3,115,0,18
2,2,28.0,140,4,12,4,6,7,0,18
2,2,28.0,140,4,1,4,10,23,3,18
2,2,5.0,251,1,16,4,8,33,4,24
2,10,2.0,310,1,17,4,16,50,4,22
2,2,5.0,251,1,9,4,5,12,3,24
2,10,12.0,346,5,2,4,10,47,3,28
2,10,12.0,346,5,19,4,8,9,4,28
2,2,5.0,251,1,14,4,8,9,3,24
2,2,11.0,128,0,20,4,0,15,3,9
2,2,11.0,128,0,4,4,6,128,2,9
2,2,11.0,128,0,4,4,7,137,3,9
2,2,13.0,231,2,0,4,16,72,2,25
2,2,13.0,231,2,19,4,0,31,3,25
2,10,12.0,346,5,15,4,1,67,4,28
2,2,13.0,231,2,6,4,8,33,3,25
2,2,13.0,231,2,12,4,1,59,4,25
2,10,12.0,346,5,17,4,14,25,3,28
2,2,13.0,231,2,7,4,6,132,3,25
2,10,12.0,346,5,10,4,16,50,3,28
2,10,12.0,346,5,12,4,8,9,3,28
2,2,18.0,137,0,22,4,8,118,0,0
2,2,18.0,137,0,11,4,0,77,0,0
2,6,16.0,244,3,14,4,16,130,3,2
2,6,16.0,244,3,17,4,14,88,4,2
2,6,16.0,244,3,15,4,14,25,3,2
2,6,16.0,244,3,11,4,7,54,3,2
2,6,16.0,244,3,2,4,7,137,3,2
3,8,28.0,224,3,12,0,5,12,2,18
3,1,3.0,188,3,13,1,0,0,4,27
3,0,7.0,15,3,22,0,10,43,1,11
3,4,10.0,79,5,8,0,5,64,3,4
3,8,22.0,354,0,2,1,1,67,2,26
3,0,7.0,15,3,15,0,6,91,4,11
3,8,22.0,354,0,13,0,13,28,1,26
3,0,7.0,15,3,23,1,2,69,4,11
3,0,23.0,237,1,1,1,2,2,2,17
3,0,7.0,15,3,8,0,8,33,3,11
3,4,11.0,121,6,6,2,10,47,0,9
3,8,23.0,102,1,11,1,5,6,1,17
3,0,7.0,15,3,4,0,3,79,3,11
1,0,26.0,14,0,12,0,0,15,1,3
3,4,5.0,235,3,16,0,8,9,4,24
3,2,29.0,140,6,14,2,6,91,3,16
3,0,13.0,198,6,8,0,13,29,3,25
3,0,14.0,5,3,8,0,2,3,4,5
3,0,14.0,5,3,19,0,16,72,1,5
3,0,14.0,5,3,9,0,4,66,3,5
3,1,14.0,183,4,1,0,0,0,3,5
3,1,14.0,183,4,14,0,5,64,0,5
3,1,14.0,183,4,14,1,7,20,4,5
3,8,7.0,70,3,4,0,14,24,1,11
3,0,15.0,190,0,18,0,2,69,4,1
3,0,16.0,11,1,17,0,0,12,0,2
3,0,16.0,11,1,3,0,12,121,3,2
3,0,16.0,11,1,22,2,14,34,0,2
3,0,22.0,241,0,19,0,15,108,1,26
3,0,22.0,241,0,19,0,10,43,0,26
3,0,29.0,191,0,1,0,9,95,2,16
3,0,30.0,228,1,13,0,16,37,1,19
3,0,30.0,228,1,4,0,10,22,0,19
3,10,13.0,346,3,17,3,9,27,0,25
3,10,14.0,174,0,8,1,2,123,4,5
3,6,16.0,38,0,18,2,16,130,3,2
3,10,21.0,341,0,12,1,6,89,1,21
3,2,22.0,209,6,17,1,0,12,0,26
3,2,22.0,209,6,13,2,8,9,0,26
3,2,22.0,209,6,22,1,9,63,4,26
3,2,22.0,209,6,9,0,7,120,3,26
3,2,22.0,209,6,3,3,11,117,0,26
3,2,29.0,140,6,20,0,13,13,1,16
3,2,29.0,140,6,20,0,3,30,3,16
3,2,29.0,140,6,19,2,2,2,0,16
3,2,29.0,140,6,9,0,4,75,1,16
3,2,30.0,131,3,15,0,8,19,0,19
3,2,30.0,131,3,22,2,16,74,0,19
3,2,30.0,131,3,3,1,2,13,1,19
3,2,29.0,140,6,9,0,5,6,1,16
3,2,30.0,131,3,23,1,13,48,4,19
3,2,30.0,131,3,2,3,9,9,0,19
3,0,4.0,229,4,7,1,16,65,0,30
3,0,4.0,229,4,20,0,10,22,2,30
3,0,4.0,229,4,9,0,2,2,1,30
3,0,4.0,229,4,17,1,0,64,0,30
3,0,5.0,122,5,10,1,9,87,0,24
3,2,13.0,276,4,17,0,4,121,2,25
3,0,5.0,122,5,11,0,9,9,2,24
3,0,15.0,190,0,6,0,12,61,1,1
3,2,22.0,209,6,4,2,9,95,3,26
3,2,14.0,231,5,5,2,7,62,0,5
3,2,29.0,140,6,7,1,10,22,0,16
3,2,29.0,140,6,4,0,6,91,1,16
3,2,29.0,140,6,12,0,6,91,1,16
3,10,21.0,341,0,2,1,1,35,0,21
3,10,14.0,174,0,13,3,12,17,3,5
3,10,21.0,341,0,2,1,11,133,4,21
3,1,5.0,219,1,13,0,2,40,4,24
3,8,13.0,189,6,13,0,4,66,2,25
3,4,20.0,115,0,4,1,15,46,0,29
3,4,23.0,30,4,3,0,9,83,0,17
3,2,14.0,231,5,1,0,8,33,4,5
3,2,29.0,140,6,12,2,8,27,3,16
3,2,29.0,140,6,9,2,0,26,3,16
3,2,29.0,140,6,5,1,11,117,0,16
3,0,4.0,229,4,5,0,12,61,1,30
3,0,4.0,229,4,17,0,2,69,1,30
3,0,4.0,229,4,8,0,2,2,0,30
3,0,4.0,229,4,22,0,2,86,3,30
3,0,4.0,229,4,19,1,16,139,4,30
3,0,5.0,122,5,19,1,1,81,4,24
3,2,5.0,127,2,19,0,11,94,1,24
3,2,14.0,231,5,22,0,5,12,0,5
3,2,14.0,231,5,15,1,16,50,1,5
3,2,14.0,231,5,14,1,2,2,1,5
3,2,21.0,108,5,21,2,9,10,4,21
3,2,21.0,108,5,15,0,2,40,2,21
3,2,21.0,108,5,22,1,2,86,1,21
3,2,21.0,108,5,13,1,16,72,1,21
3,2,21.0,108,5,22,1,15,96,4,21
3,2,22.0,209,6,6,0,15,114,1,26
3,2,29.0,140,6,6,0,3,103,0,16
3,2,22.0,209,6,3,2,13,21,3,26
3,4,20.0,115,0,13,0,0,77,3,29
3,10,30.0,157,2,19,0,8,65,3,19
3,2,29.0,140,6,8,0,10,47,2,16
3,2,29.0,140,6,10,1,3,76,4,16
3,4,11.0,121,6,8,1,13,38,0,9
3,4,5.0,235,3,11,3,12,83,2,24
3,4,11.0,121,6,1,1,5,6,1,9
3,2,30.0,131,3,20,0,2,86,1,19
3,6,18.0,308,2,19,3,5,12,3,0
3,1,7.0,32,4,0,2,0,31,3,11
3,10,7.0,243,0,17,0,4,136,4,11
3,2,30.0,131,3,4,0,12,61,1,19
3,4,18.0,26,6,12,0,4,4,1,0
3,1,7.0,32,4,18,1,2,2,2,11
3,10,7.0,243,0,7,1,0,26,0,11
3,2,30.0,131,3,2,1,2,2,4,19
3,4,18.0,26,6,12,0,6,89,1,0
3,1,11.0,111,0,16,1,1,67,0,9
3,10,7.0,243,0,14,0,5,12,0,11
3,0,4.0,229,4,13,0,9,27,2,30
3,4,25.0,20,6,21,1,15,51,0,13
3,1,11.0,111,0,14,0,3,103,3,9
3,10,7.0,243,0,6,1,11,8,4,11
3,10,7.0,243,0,1,2,10,47,3,11
3,10,15.0,60,1,6,0,10,47,3,1
3,10,15.0,60,1,16,2,10,47,1,1
3,10,15.0,60,1,0,2,13,29,1,1
3,8,23.0,102,1,1,0,8,27,1,17
3,1,1.0,203,5,13,3,11,98,4,7
3,8,8.0,76,0,15,3,1,81,3,8
3,2,26.0,3,2,0,1,10,47,0,3
3,4,19.0,142,3,22,0,13,29,2,10
3,10,27.0,302,3,17,0,9,101,3,15
3,8,8.0,76,0,3,0,5,6,2,8
3,0,2.0,47,1,13,1,14,32,4,22
3,8,18.0,75,4,9,1,11,18,1,0
3,2,20.0,264,4,13,0,15,96,1,29
2,5,24.0,350,5,17,3,5,6,0,14
3,10,16.0,201,2,12,1,14,125,0,2
3,6,9.0,236,0,13,0,8,33,4,12
3,10,16.0,201,2,22,0,9,95,2,2
3,0,11.0,10,4,2,3,5,6,0,9
3,0,9.0,48,1,17,3,8,41,1,12
3,7,6.0,93,4,15,0,6,89,2,23
3,7,16.0,40,3,9,1,7,137,4,2
3,9,1.0,126,6,11,1,1,67,0,7
3,11,15.0,331,2,13,1,5,6,1,1
3,3,8.0,148,1,3,0,9,109,4,8
3,7,24.0,68,0,1,1,15,31,0,14
3,6,1.0,158,3,8,0,11,133,2,7
3,7,15.0,205,6,17,3,2,2,3,1
3,6,1.0,158,3,14,0,0,68,2,7
3,5,7.0,349,2,13,3,12,80,1,11
3,4,3.0,279,5,19,1,9,10,4,27
3,1,2.0,171,6,13,1,12,83,1,22
3,0,13.0,198,6,21,0,5,12,1,25
3,0,13.0,198,6,12,0,10,23,1,25
3,0,13.0,198,6,22,0,12,17,3,25
3,0,14.0,5,3,10,1,10,6,0,5
3,0,13.0,198,6,12,0,10,47,2,25
3,0,24.0,55,2,17,0,15,119,4,14
3,0,24.0,55,2,18,0,10,23,1,14
3,0,13.0,198,6,1,0,10,47,1,25
3,0,14.0,5,3,6,0,1,35,3,5
3,0,14.0,5,3,3,0,8,9,0,5
3,0,14.0,5,3,1,1,4,75,4,5
3,0,24.0,55,2,17,0,7,137,1,14
3,0,24.0,55,2,17,0,11,133,2,14
3,0,24.0,55,2,2,0,11,117,1,14
3,8,21.0,46,3,2,0,12,80,2,21
3,10,15.0,60,1,2,0,2,69,1,1
3,10,15.0,60,1,3,1,1,81,0,1
3,10,17.0,256,4,6,1,8,118,1,6
3,2,19.0,137,2,19,1,0,53,0,10
3,2,19.0,137,2,4,0,9,87,4,10
3,10,26.0,61,6,2,1,9,93,4,3
3,1,11.0,111,0,13,3,13,48,0,9
3,2,28.0,257,5,18,0,0,77,3,18
3,2,28.0,257,5,20,1,11,55,4,18
3,10,17.0,256,4,5,0,0,26,3,6
3,10,17.0,256,4,12,0,1,59,3,6
3,10,17.0,256,4,3,1,7,62,4,6
3,10,17.0,256,4,18,0,13,99,3,6
3,10,19.0,117,6,16,0,15,112,3,10
3,10,25.0,56,5,16,1,3,44,0,13
3,10,25.0,56,5,8,1,15,51,4,13
3,10,25.0,56,5,3,0,8,9,0,13
3,0,5.0,122,5,4,1,11,117,1,24
3,10,26.0,61,6,8,2,12,61,3,3
3,10,26.0,61,6,22,0,10,22,3,3
3,10,26.0,61,6,2,0,8,27,3,3
3,2,28.0,257,5,11,1,7,20,4,18
3,2,28.0,257,5,14,0,13,13,0,18
3,2,28.0,257,5,11,1,12,56,1,18
3,10,26.0,61,6,1,0,16,37,3,3
3,10,26.0,61,6,23,1,5,64,1,3
3,6,17.0,244,1,3,0,0,31,1,6
3,1,7.0,32,4,20,0,0,12,3,11
3,1,7.0,32,4,1,1,15,46,4,11
3,1,11.0,111,0,11,0,0,64,3,9
3,1,11.0,111,0,5,1,6,116,1,9
3,1,11.0,111,0,4,0,10,22,2,9
3,1,11.0,111,0,13,1,2,2,4,9
3,1,11.0,111,0,18,2,10,47,3,9
3,1,16.0,2,6,23,0,2,86,4,2
3,0,4.0,229,4,2,1,3,44,4,30
3,8,28.0,224,3,20,0,1,59,4,18
3,8,19.0,280,5,8,0,0,26,2,10
3,1,11.0,111,0,22,0,6,132,3,9
3,8,28.0,224,3,8,0,13,28,1,18
3,1,16.0,2,6,16,1,1,67,0,2
3,8,28.0,224,3,8,0,16,50,3,18
3,1,16.0,2,6,19,0,11,133,3,2
3,8,28.0,224,3,4,0,12,56,3,18
3,1,17.0,63,3,11,0,3,30,3,6
3,8,28.0,224,3,14,0,14,107,1,18
3,0,24.0,55,2,22,0,13,28,3,14
3,0,5.0,122,5,4,2,1,35,0,24
3,1,17.0,63,3,2,0,2,123,2,6
3,0,4.0,229,4,2,1,14,25,0,30
3,1,17.0,63,3,2,0,10,47,0,6
3,10,25.0,56,5,21,2,1,11,3,13
3,8,28.0,224,3,14,2,15,31,3,18
3,0,30.0,228,1,7,0,7,31,3,19
3,0,15.0,190,0,23,0,1,1,4,1
3,8,10.0,71,2,17,0,1,16,1,4
3,0,5.0,122,5,2,0,4,4,1,24
3,0,29.0,191,0,1,0,13,38,4,16
3,1,17.0,63,3,2,0,10,22,3,6
3,1,16.0,2,6,19,0,14,131,4,2
3,8,10.0,71,2,16,0,5,12,3,4
3,8,10.0,71,2,0,1,16,72,0,4
3,8,10.0,71,2,5,0,3,44,3,4
3,8,10.0,71,2,13,0,0,31,2,4
3,8,11.0,306,4,20,0,10,47,0,9
3,8,11.0,306,4,11,1,9,9,4,9
3,8,11.0,306,4,19,0,13,38,2,9
3,8,19.0,280,5,17,1,10,22,1,10
3,8,10.0,71,2,11,0,14,25,3,4
3,8,24.0,85,2,4,0,10,12,1,14
3,1,7.0,32,4,14,0,1,59,4,11
3,1,7.0,32,4,19,0,15,51,1,11
3,1,11.0,111,0,7,1,7,20,0,9
3,1,11.0,111,0,4,0,8,118,1,9
3,1,11.0,111,0,19,0,2,69,2,9
3,1,11.0,111,0,14,0,6,14,3,9
3,2,28.0,257,5,4,0,1,59,2,18
3,0,27.0,23,6,17,1,0,64,4,15
2,0,7.0,9,6,8,0,15,31,1,11
3,4,10.0,79,5,10,1,5,6,2,4
3,0,10.0,129,2,1,1,12,17,2,4
3,1,11.0,111,0,3,1,10,47,1,9
3,1,16.0,2,6,17,0,9,101,2,2
3,1,16.0,2,6,16,2,10,47,3,2
3,1,16.0,2,6,12,0,12,61,1,2
3,1,16.0,2,6,14,0,4,45,4,2
3,1,17.0,63,3,17,1,1,105,0,6
3,1,16.0,2,6,14,0,14,107,1,2
3,1,11.0,111,0,13,1,0,77,2,9
3,1,17.0,63,3,22,2,8,19,0,6
3,1,16.0,2,6,4,1,5,12,1,2
3,8,10.0,71,2,17,0,5,0,3,4
3,8,10.0,71,2,0,1,7,20,4,4
3,10,19.0,117,6,11,1,14,25,4,10
3,10,19.0,117,6,12,1,4,4,4,10
3,10,24.0,261,4,7,0,12,84,2,14
3,10,24.0,261,4,5,0,5,12,0,14
3,10,24.0,261,4,1,1,12,61,1,14
3,10,24.0,261,4,1,0,0,53,3,14
3,10,25.0,56,5,5,0,5,12,2,13
3,10,25.0,56,5,11,0,11,55,1,13
3,10,25.0,56,5,12,1,6,7,1,13
3,10,26.0,61,6,15,0,11,124,1,3
3,10,26.0,61,6,2,0,0,26,3,3
3,10,26.0,61,6,19,0,16,42,3,3
3,10,26.0,61,6,2,0,11,18,3,3
3,1,7.0,32,4,20,1,9,49,1,11
3,1,11.0,111,0,0,0,0,12,3,9
3,1,16.0,2,6,17,2,5,6,3,2
3,1,16.0,2,6,21,0,10,6,3,2
3,1,16.0,2,6,16,1,1,67,0,2
3,0,10.0,129,2,17,1,14,88,4,4
3,0,28.0,249,3,11,0,3,76,1,18
3,1,16.0,2,6,14,0,2,2,1,2
3,10,24.0,261,4,4,3,9,27,0,14
3,1,7.0,32,4,1,2,1,16,3,11
3,10,24.0,261,4,20,1,5,0,2,14
3,1,11.0,111,0,8,0,15,114,2,9
3,1,11.0,111,0,8,2,10,23,3,9
3,1,11.0,111,0,4,0,7,120,4,9
3,1,11.0,111,0,6,1,3,30,0,9
3,1,16.0,2,6,8,0,8,33,2,2
3,1,16.0,2,6,8,1,1,16,4,2
3,0,28.0,249,3,19,1,7,8,4,18
3,1,16.0,2,6,19,2,11,58,0,2
3,1,16.0,2,6,9,0,8,27,1,2
3,1,17.0,63,3,7,2,5,12,0,6
3,1,17.0,63,3,5,2,1,59,3,6
3,1,17.0,63,3,13,0,5,6,3,6
3,1,17.0,63,3,8,0,0,26,3,6
3,1,16.0,2,6,13,0,2,69,2,2
3,8,10.0,71,2,22,2,4,82,3,4
3,10,24.0,261,4,1,2,4,4,3,14
3,8,10.0,71,2,17,0,5,6,2,4
3,10,24.0,261,4,20,1,13,38,0,14
3,0,15.0,190,0,8,0,5,6,2,1
3,8,10.0,71,2,16,0,8,41,0,4
3,4,10.0,79,5,15,2,12,17,1,4
3,0,15.0,190,0,2,2,13,29,3,1
3,0,30.0,228,1,12,0,10,23,1,19
3,0,5.0,122,5,3,1,10,22,4,24
3,10,25.0,56,5,14,0,16,65,0,13
3,8,10.0,71,2,20,0,11,58,2,4
3,4,10.0,79,5,12,1,8,27,1,4
3,0,15.0,190,0,12,0,15,39,1,1
3,0,15.0,190,0,2,0,10,47,2,1
3,10,25.0,56,5,9,2,7,111,3,13
3,0,30.0,228,1,11,0,14,131,2,19
3,4,10.0,79,5,17,0,12,56,1,4
3,0,15.0,190,0,22,0,13,21,1,1
3,0,30.0,228,1,18,0,14,107,3,19
3,0,31.0,290,2,13,0,8,33,1,20
3,0,31.0,290,2,8,0,10,47,0,20
3,0,30.0,228,1,18,1,15,96,0,19
3,0,31.0,290,2,18,0,3,30,1,20
3,0,15.0,190,0,13,0,11,98,2,1
3,0,16.0,11,1,17,0,10,47,1,2
3,0,15.0,190,0,21,0,0,15,3,1
3,0,16.0,11,1,16,0,0,85,1,2
3,10,7.0,243,0,5,0,13,38,2,11
3,10,7.0,243,0,14,0,2,86,1,11
3,10,7.0,243,0,1,2,11,133,0,11
3,10,15.0,60,1,17,0,13,36,4,1
3,4,18.0,26,6,19,1,0,26,1,0
3,10,7.0,243,0,15,0,11,15,1,11
3,1,11.0,111,0,16,1,1,67,0,9
3,10,19.0,117,6,23,1,7,120,4,10
3,10,19.0,117,6,12,1,13,21,1,10
3,10,24.0,261,4,0,0,0,12,3,14
3,4,25.0,20,6,17,1,0,12,1,13
3,2,19.0,137,2,15,0,2,2,4,10
3,1,17.0,63,3,18,0,3,79,1,6
3,8,11.0,306,4,1,1,1,67,4,9
3,8,19.0,280,5,19,0,2,13,3,10
3,10,24.0,261,4,11,0,5,6,2,14
3,10,24.0,261,4,4,2,12,61,2,14
3,10,25.0,56,5,20,0,2,71,4,13
3,10,25.0,56,5,7,2,10,22,3,13
3,10,25.0,56,5,5,0,1,1,3,13
3,0,16.0,11,1,10,0,5,12,1,2
3,0,15.0,190,0,1,1,9,27,0,1
3,0,16.0,11,1,12,0,11,124,0,2
3,10,31.0,135,4,17,1,6,128,1,20
3,0,16.0,11,1,4,1,11,94,1,2
3,0,16.0,11,1,8,1,9,93,4,2
3,4,31.0,67,5,5,3,2,69,4,20
3,0,15.0,190,0,4,3,13,29,1,1
3,0,22.0,241,0,15,0,2,40,3,26
3,0,29.0,191,0,12,0,0,64,0,16
3,0,30.0,228,1,16,1,13,36,1,19
3,0,30.0,228,1,18,0,0,64,3,19
3,0,31.0,290,2,15,0,0,26,1,20
3,0,31.0,290,2,22,0,7,129,2,20
3,0,5.0,122,5,6,1,14,110,0,24
3,0,5.0,122,5,6,0,8,19,3,24
3,10,25.0,56,5,4,0,0,31,4,13
3,10,26.0,61,6,17,0,10,22,4,3
3,10,26.0,61,6,16,1,14,25,1,3
3,10,26.0,61,6,0,0,7,78,4,3
3,10,26.0,61,6,16,1,9,95,0,3
3,10,26.0,61,6,20,0,8,118,1,3
3,10,25.0,56,5,5,0,5,6,2,13
3,10,26.0,61,6,2,0,8,118,1,3
3,10,26.0,61,6,22,1,9,95,4,3
3,10,26.0,61,6,17,1,5,12,0,3
3,10,26.0,61,6,3,0,14,24,2,3
3,1,7.0,32,4,6,0,4,79,3,11
3,1,16.0,2,6,12,1,13,21,4,2
3,4,26.0,80,3,19,3,1,35,3,3
3,4,25.0,20,6,19,0,8,41,3,13
3,6,17.0,244,1,13,0,2,69,3,6
3,10,15.0,60,1,1,0,9,93,1,1
3,10,15.0,60,1,1,0,5,6,0,1
3,10,15.0,60,1,16,0,5,12,3,1
3,10,17.0,256,4,4,0,8,9,1,6
3,10,17.0,256,4,14,0,14,106,1,6
3,10,19.0,117,6,7,0,8,33,3,10
3,10,19.0,117,6,13,0,4,45,2,10
3,10,19.0,117,6,4,1,0,12,1,10
3,10,24.0,261,4,17,2,16,74,0,14
3,10,24.0,261,4,17,2,1,11,0,14
3,10,24.0,261,4,22,2,8,33,3,14
3,10,24.0,261,4,8,0,3,70,2,14
3,6,7.0,169,6,2,0,0,31,1,11
3,6,7.0,169,6,9,0,13,38,0,11
3,6,7.0,169,6,2,0,10,12,0,11
3,6,15.0,49,3,22,1,1,16,1,1
3,6,18.0,308,2,9,1,10,22,1,0
3,10,7.0,243,0,16,3,10,22,2,11
3,1,11.0,111,0,15,0,13,29,1,9
3,0,29.0,191,0,4,0,13,99,1,16
3,4,10.0,79,5,5,0,1,35,3,4
3,0,15.0,190,0,14,0,1,67,3,1
3,0,15.0,190,0,12,1,4,75,1,1
3,10,26.0,61,6,21,1,10,52,2,3
3,4,10.0,79,5,15,1,12,61,4,4
3,0,30.0,228,1,18,0,16,50,0,19
3,0,15.0,190,0,18,1,3,70,0,1
3,0,15.0,190,0,22,2,8,65,4,1
3,8,10.0,71,2,3,0,13,99,1,4
3,4,10.0,79,5,8,0,8,9,1,4
3,0,16.0,11,1,11,0,1,35,4,2
3,2,28.0,257,5,13,0,8,9,2,18
3,0,31.0,290,2,0,0,2,40,1,20
3,0,16.0,11,1,21,1,10,22,0,2
3,2,28.0,257,5,3,0,2,3,3,18
3,0,28.0,249,3,19,1,13,48,0,18
3,2,26.0,3,2,2,0,8,41,1,3
3,2,27.0,136,4,3,0,8,27,2,15
3,0,2.0,47,1,5,3,15,51,3,22
3,0,12.0,113,5,11,0,14,24,2,28
3,0,12.0,113,5,12,1,12,84,0,28
3,0,12.0,113,5,4,3,9,109,3,28
3,3,1.0,180,1,10,0,3,30,1,7
3,1,27.0,262,2,9,1,6,7,0,15
3,8,16.0,73,1,13,1,11,18,1,2
3,10,26.0,61,6,3,0,15,51,3,3
3,10,26.0,61,6,14,1,10,12,2,3
3,10,26.0,61,6,2,0,5,6,3,3
3,1,7.0,32,4,16,1,1,1,0,11
3,1,7.0,32,4,2,0,4,4,1,11
3,1,11.0,111,0,16,0,9,93,1,9
3,1,11.0,111,0,16,2,10,6,3,9
3,1,11.0,111,0,15,0,16,50,3,9
3,1,11.0,111,0,18,0,12,61,1,9
3,1,16.0,2,6,16,1,1,67,0,2
3,1,17.0,63,3,12,2,3,79,0,6
3,1,17.0,63,3,1,0,2,92,0,6
3,1,17.0,63,3,11,0,2,69,0,6
3,8,10.0,71,2,16,1,0,96,4,4
3,8,10.0,71,2,19,0,8,27,0,4
3,8,10.0,71,2,2,0,4,127,4,4
3,8,10.0,71,2,20,1,13,48,4,4
3,8,11.0,306,4,18,0,2,2,3,9
3,8,11.0,306,4,18,1,16,130,0,9
3,8,19.0,280,5,7,0,5,6,2,10
3,4,24.0,27,5,2,0,7,120,1,14
3,8,19.0,280,5,12,0,2,86,1,10
3,8,24.0,85,2,21,0,0,26,4,14
3,8,25.0,86,4,21,1,13,61,0,13
3,8,25.0,86,4,13,0,2,40,3,13
3,8,25.0,86,4,12,0,10,22,2,13
3,8,25.0,86,4,4,0,8,9,3,13
3,8,25.0,86,4,9,0,0,64,0,13
3,8,28.0,224,3,8,0,9,27,0,18
3,8,28.0,224,3,14,0,4,75,3,18
3,8,10.0,71,2,5,1,10,23,2,4
3,8,10.0,71,2,7,1,9,57,0,4
3,8,10.0,71,2,1,0,2,13,1,4
3,8,10.0,71,2,18,0,9,57,3,4
3,8,11.0,306,4,16,0,0,26,1,9
3,6,15.0,49,3,9,0,3,70,4,1
3,8,11.0,306,4,22,3,12,83,0,9
3,8,11.0,306,4,1,0,1,59,4,9
3,8,19.0,280,5,13,0,0,77,2,10
3,8,19.0,280,5,21,0,3,70,0,10
3,8,19.0,280,5,11,3,5,12,0,10
3,8,24.0,85,2,0,0,13,29,1,14
3,8,24.0,85,2,15,0,1,35,3,14
3,8,24.0,85,2,3,0,15,31,3,14
3,8,24.0,85,2,14,0,10,43,1,14
3,8,24.0,85,2,2,2,13,21,3,14
3,8,25.0,86,4,17,2,2,86,1,13
3,8,25.0,86,4,13,0,0,53,0,13
3,8,25.0,86,4,2,1,7,54,4,13
3,8,24.0,85,2,13,3,5,64,3,14
3,8,28.0,224,3,17,3,2,92,4,18
3,1,16.0,2,6,20,0,4,82,1,2
3,1,16.0,2,6,23,0,11,94,0,2
3,1,16.0,2,6,20,0,4,82,4,2
3,1,16.0,2,6,12,0,8,27,1,2
3,1,17.0,63,3,8,0,10,47,0,6
3,0,10.0,129,2,18,0,4,75,1,4
3,8,10.0,71,2,17,1,12,135,4,4
3,8,11.0,306,4,0,0,2,2,1,9
3,8,11.0,306,4,13,0,2,69,1,9
3,8,11.0,306,4,4,0,8,27,1,9
3,8,19.0,280,5,3,0,11,94,3,10
3,8,24.0,85,2,6,2,16,50,0,14
3,8,24.0,85,2,6,0,0,26,1,14
3,8,24.0,85,2,0,1,14,24,1,14
3,8,24.0,85,2,10,0,16,42,1,14
3,8,24.0,85,2,1,0,13,38,1,14
3,8,25.0,86,4,7,1,2,86,4,13
3,8,25.0,86,4,8,0,12,80,0,13
3,8,25.0,86,4,20,1,2,86,4,13
3,8,25.0,86,4,15,1,13,28,1,13
3,8,25.0,86,4,4,0,4,82,1,13
3,8,10.0,71,2,19,2,5,6,3,4
3,0,30.0,228,1,18,0,6,128,1,19
3,2,6.0,251,4,3,0,9,49,2,23
3,0,22.0,241,0,2,0,8,33,3,26
3,4,10.0,79,5,2,0,2,13,1,4
3,8,10.0,71,2,14,0,16,37,3,4
3,0,22.0,241,0,15,0,14,24,4,26
3,0,21.0,287,3,14,1,4,75,0,21
3,4,10.0,79,5,19,0,9,134,3,4
3,8,10.0,71,2,19,0,6,89,3,4
3,2,29.0,140,6,15,1,5,6,0,16
3,0,15.0,190,0,20,1,1,67,4,1
3,0,21.0,287,3,4,1,14,25,0,21
3,4,10.0,79,5,9,0,0,12,0,4
3,8,11.0,306,4,14,0,8,41,4,9
3,0,29.0,191,0,13,0,10,22,2,16
3,2,30.0,131,3,14,0,14,25,2,19
3,2,7.0,153,5,8,0,2,86,4,11
3,4,10.0,79,5,9,0,10,47,3,4
3,4,11.0,121,6,2,0,15,39,1,9
3,4,11.0,121,6,22,1,13,29,1,9
3,4,11.0,121,6,14,0,3,30,1,9
3,8,25.0,86,4,8,1,11,10,4,13
3,8,25.0,86,4,19,0,13,28,3,13
3,8,28.0,224,3,17,0,12,104,4,18
3,8,28.0,224,3,21,1,14,25,0,18
3,8,28.0,224,3,11,0,4,82,3,18
3,8,28.0,224,3,5,0,8,41,0,18
3,8,28.0,224,3,0,1,1,16,0,18
3,8,28.0,224,3,8,0,12,61,0,18
3,8,28.0,224,3,2,0,6,132,4,18
3,8,28.0,224,3,14,0,14,106,1,18
3,4,10.0,79,5,6,1,11,117,0,4
3,4,10.0,79,5,16,1,13,48,0,4
3,4,10.0,79,5,19,0,13,48,4,4
3,4,10.0,79,5,22,1,3,103,4,4
3,4,10.0,79,5,13,0,16,37,1,4
3,4,11.0,121,6,20,0,7,129,1,9
3,4,10.0,79,5,8,3,14,25,0,4
3,4,11.0,121,6,3,0,12,56,4,9
3,4,11.0,121,6,3,0,13,28,0,9
3,4,11.0,121,6,19,1,3,30,4,9
3,4,11.0,121,6,9,0,5,12,3,9
3,4,11.0,121,6,4,1,7,137,1,9
3,4,11.0,121,6,18,2,14,97,0,9
3,4,25.0,20,6,22,2,2,71,2,13
3,4,25.0,20,6,12,0,8,27,0,13
3,4,26.0,80,3,0,1,11,15,0,3
3,4,25.0,20,6,7,3,8,118,0,13
3,4,26.0,80,3,13,0,14,97,4,3
3,4,26.0,80,3,9,0,16,37,1,3
3,4,26.0,80,3,3,1,0,0,1,3
3,4,5.0,235,3,8,0,0,77,2,24
3,4,5.0,235,3,15,0,0,96,2,24
3,8,23.0,102,1,19,1,7,111,4,17
3,8,7.0,70,3,9,0,1,59,2,11
3,1,14.0,183,4,13,0,12,61,4,5
3,8,7.0,70,3,15,1,0,64,0,11
3,4,23.0,30,4,16,1,16,50,0,17
3,4,20.0,115,0,15,1,5,12,1,29
3,8,22.0,354,0,1,3,6,7,0,26
3,4,21.0,339,1,8,1,0,26,1,21
3,2,2.0,143,3,0,0,8,9,1,22
3,2,2.0,143,3,20,0,3,30,0,22
3,2,2.0,143,3,10,1,1,105,4,22
3,2,2.0,143,3,22,0,7,31,1,22
3,2,19.0,137,2,21,0,13,21,4,10
3,2,19.0,137,2,21,1,5,6,0,10
3,2,19.0,137,2,18,0,12,83,2,10
3,2,19.0,137,2,12,0,1,59,0,10
3,2,19.0,137,2,1,2,8,27,3,10
3,2,28.0,257,5,0,1,13,38,0,18
3,2,28.0,257,5,11,0,15,96,2,18
3,2,28.0,257,5,4,0,8,27,1,18
3,2,28.0,257,5,9,0,0,12,3,18
3,2,28.0,257,5,1,2,2,2,3,18
3,0,10.0,129,2,8,0,14,24,1,4
3,0,10.0,129,2,19,0,4,75,1,4
3,0,10.0,129,2,4,1,9,10,4,4
3,0,10.0,129,2,1,0,1,59,3,4
3,1,16.0,2,6,1,0,8,41,1,2
3,1,16.0,2,6,18,1,12,80,1,2
3,1,17.0,63,3,0,1,0,53,0,6
3,8,19.0,280,5,16,0,7,62,1,10
3,0,29.0,191,0,5,0,14,131,3,16
3,0,15.0,190,0,18,1,0,64,0,1
3,0,22.0,241,0,20,0,9,10,2,26
3,0,16.0,11,1,21,0,8,27,0,2
3,2,7.0,153,5,20,1,1,35,4,11
3,8,19.0,280,5,22,0,12,58,3,10
3,0,29.0,191,0,1,0,5,12,0,16
3,0,15.0,190,0,14,0,4,4,1,1
3,2,12.0,128,2,6,0,0,12,3,28
3,8,24.0,85,2,7,0,7,20,1,14
3,0,30.0,228,1,7,0,16,113,1,19
3,0,15.0,190,0,1,1,9,27,0,1
3,2,12.0,128,2,23,0,2,3,3,28
3,8,24.0,85,2,10,0,0,26,3,14
3,1,10.0,17,3,9,0,6,91,1,4
3,0,16.0,11,1,3,0,5,6,0,2
3,2,12.0,128,2,21,0,8,33,1,28
3,8,24.0,85,2,2,1,13,21,4,14
3,8,17.0,74,2,14,1,11,18,1,6
3,1,24.0,64,3,13,0,2,2,4,14
3,2,25.0,233,1,21,1,12,56,1,13
3,0,3.0,334,2,4,0,9,57,3,27
2,2,25.0,3,0,8,1,8,19,0,13
3,2,1.0,16,6,3,1,5,12,1,7
0,9,26.0,267,3,17,0,13,123,2,3
3,9,25.0,344,1,5,1,1,59,4,13
3,6,27.0,116,5,22,0,14,24,2,15
3,10,16.0,201,2,3,3,9,93,1,2
3,1,19.0,29,1,13,0,14,106,0,10
3,7,15.0,205,6,1,0,9,95,1,1
2,2,15.0,220,5,17,1,3,30,0,1
3,5,18.0,195,3,22,0,14,24,2,0
3,5,18.0,195,3,1,1,13,21,4,0
3,3,8.0,148,1,22,1,2,2,1,8
3,5,18.0,195,3,11,0,11,124,4,0
3,10,1.0,208,1,15,0,13,21,3,7
2,6,16.0,244,3,17,1,12,56,1,2
3,4,3.0,279,5,4,3,14,32,0,27
3,0,24.0,55,2,14,0,10,23,1,14
3,0,24.0,55,2,8,0,0,15,2,14
3,0,6.0,260,6,19,0,9,134,1,23
3,0,13.0,198,6,20,0,14,25,1,25
3,0,13.0,198,6,12,1,7,57,4,25
3,0,14.0,5,3,13,0,8,33,1,5
3,0,14.0,5,3,13,0,7,57,2,5
3,0,14.0,5,3,13,0,2,86,1,5
3,0,14.0,5,3,2,1,8,41,4,5
3,9,19.0,234,2,5,0,8,33,2,10
3,0,24.0,55,2,6,1,10,47,0,14
3,0,24.0,55,2,15,0,10,47,0,14
3,0,24.0,55,2,4,0,11,117,1,14
3,0,14.0,5,3,19,3,2,2,4,5
3,0,30.0,228,1,10,1,2,69,2,19
3,2,30.0,131,3,12,3,13,36,3,19
3,0,5.0,122,5,18,1,9,95,4,24
3,0,5.0,122,5,13,0,5,6,0,24
3,0,5.0,122,5,4,1,4,45,0,24
3,0,22.0,241,0,9,0,16,74,0,26
3,0,29.0,191,0,21,0,14,25,4,16
3,0,29.0,191,0,19,0,13,29,1,16
3,0,29.0,191,0,18,0,4,121,1,16
3,0,29.0,191,0,2,0,15,39,1,16
3,0,30.0,228,1,17,0,8,33,4,19
3,0,30.0,228,1,8,1,7,8,4,19
3,0,30.0,228,1,19,0,11,90,1,19
3,0,30.0,228,1,9,3,3,76,1,19
3,2,5.0,127,2,19,3,1,105,0,24
3,0,31.0,290,2,2,2,10,52,3,20
3,1,9.0,50,6,19,0,16,72,4,12
3,2,17.0,6,0,18,1,5,64,0,6
3,2,18.0,7,1,14,0,9,9,0,0
3,10,18.0,246,5,19,1,0,53,4,0
3,10,18.0,246,5,14,0,2,86,3,0
3,10,18.0,246,5,9,1,10,47,0,0
3,10,2.0,358,2,15,1,6,89,1,22
3,2,27.0,136,4,2,1,13,38,4,15
3,2,27.0,136,4,23,0,14,131,1,15
3,1,9.0,50,6,17,0,1,105,1,12
3,8,8.0,76,0,5,0,9,134,0,8
3,1,27.0,262,2,13,1,12,61,1,15
3,8,18.0,75,4,18,0,3,44,0,0
3,0,13.0,198,6,23,0,10,22,3,25
3,0,13.0,198,6,2,2,6,89,0,25
3,0,13.0,198,6,8,0,9,49,3,25
3,0,13.0,198,6,14,0,9,57,2,25
3,0,13.0,198,6,15,1,1,67,4,25
3,0,13.0,198,6,14,0,8,41,3,25
3,0,14.0,5,3,0,0,15,114,1,5
3,0,13.0,198,6,3,0,14,34,4,25
3,8,24.0,85,2,19,0,14,25,2,14
3,0,22.0,241,0,6,0,1,35,0,26
3,2,12.0,128,2,4,0,8,27,0,28
3,4,16.0,25,4,4,3,1,81,3,2
3,0,16.0,11,1,2,0,10,47,2,2
3,2,15.0,130,6,13,1,6,73,1,1
3,2,18.0,7,1,17,0,14,24,1,0
3,0,22.0,241,0,22,0,9,93,4,26
3,2,6.0,251,4,20,1,11,10,1,23
3,1,1.0,203,5,17,0,1,11,4,7
3,0,22.0,241,0,17,0,6,89,1,26
3,0,22.0,241,0,19,1,14,88,4,26
3,4,31.0,67,5,9,0,14,24,2,20
3,2,5.0,127,2,9,0,9,93,1,24
3,2,14.0,231,5,3,0,1,1,2,5
3,0,5.0,122,5,14,3,16,65,3,24
3,0,15.0,190,0,19,0,10,6,4,1
3,0,16.0,11,1,16,1,14,106,2,2
3,4,20.0,115,0,1,2,15,39,3,29
3,8,30.0,103,1,4,1,0,12,0,19
3,4,23.0,30,4,3,0,4,75,2,17
3,4,23.0,30,4,22,0,11,117,0,17
3,0,16.0,11,1,12,0,8,9,1,2
3,0,16.0,11,1,19,0,14,131,1,2
3,0,16.0,11,1,1,0,8,118,3,2
3,0,16.0,11,1,14,0,13,38,2,2
3,0,15.0,190,0,14,0,12,135,2,1
3,2,21.0,108,5,11,1,0,15,2,21
3,0,22.0,241,0,21,1,14,34,1,26
3,0,22.0,241,0,20,0,7,20,2,26
3,0,22.0,241,0,15,0,15,31,0,26
3,0,22.0,241,0,19,0,6,89,4,26
3,0,29.0,191,0,16,0,3,115,0,16
3,0,29.0,191,0,6,2,5,12,0,16
3,0,29.0,191,0,4,1,11,15,4,16
3,0,30.0,228,1,6,0,4,82,3,19
3,0,30.0,228,1,6,1,12,104,0,19
3,0,30.0,228,1,13,0,9,10,0,19
3,0,30.0,228,1,15,0,5,6,0,19
3,0,16.0,11,1,6,0,1,35,4,2
3,0,16.0,11,1,22,0,13,38,0,2
3,0,16.0,11,1,9,2,4,127,0,2
3,0,15.0,190,0,23,0,14,24,2,1
2,3,19.0,105,5,5,3,12,61,4,10
3,0,4.0,229,4,13,3,8,27,3,30
3,0,22.0,241,0,12,1,9,87,4,26
3,10,25.0,56,5,22,0,5,6,0,13
3,10,25.0,56,5,0,1,1,67,0,13
3,10,26.0,61,6,20,0,13,29,4,3
3,10,25.0,56,5,4,1,9,101,4,13
3,10,26.0,61,6,14,0,11,133,2,3
3,6,16.0,38,0,22,0,15,51,3,2
3,6,16.0,38,0,8,0,14,34,2,2
3,6,16.0,38,0,20,0,11,58,3,2
3,6,15.0,49,3,18,0,0,64,0,1
3,6,16.0,38,0,12,0,6,128,1,2
3,6,16.0,38,0,9,0,9,101,1,2
3,6,17.0,244,1,17,1,1,81,2,6
3,6,17.0,244,1,5,0,15,46,1,6
3,6,17.0,244,1,0,1,0,12,1,6
3,6,18.0,308,2,0,0,14,107,2,0
3,6,18.0,308,2,3,0,1,67,0,0
3,6,16.0,38,0,15,0,1,11,2,2
3,6,18.0,308,2,8,0,10,47,2,0
3,6,18.0,308,2,12,0,2,2,3,0
3,10,7.0,243,0,3,0,5,6,0,11
3,0,29.0,191,0,7,1,13,99,0,16
3,0,29.0,191,0,13,0,0,15,2,16
3,0,29.0,191,0,2,2,7,20,2,16
3,0,29.0,191,0,9,1,3,79,4,16
3,0,30.0,228,1,7,1,10,22,0,19
3,0,30.0,228,1,5,0,3,76,4,19
3,2,6.0,251,4,5,3,14,126,4,23
3,0,23.0,237,1,14,1,4,121,0,17
3,0,30.0,228,1,19,0,8,41,0,19
3,8,16.0,73,1,8,1,2,71,4,2
3,0,31.0,290,2,17,0,3,79,1,20
3,8,18.0,75,4,1,1,8,27,0,0
3,2,26.0,3,2,11,3,12,83,0,3
3,1,10.0,17,3,2,1,16,37,1,4
3,1,15.0,1,5,22,0,11,117,3,1
3,2,10.0,28,0,19,0,12,135,2,4
3,8,17.0,74,2,1,3,4,76,3,6
3,10,16.0,201,2,15,1,0,0,2,2
3,2,1.0,16,6,17,0,0,12,1,7
3,4,17.0,19,5,22,0,9,101,0,6
3,0,11.0,10,4,11,0,13,28,2,9
3,5,1.0,109,4,3,1,5,6,1,7
3,0,11.0,10,4,22,1,12,58,4,9
3,1,25.0,65,0,1,3,14,24,1,13
3,8,17.0,74,2,15,1,9,49,1,6
3,8,27.0,78,6,9,0,6,89,1,15
3,1,24.0,64,3,14,0,9,101,2,14
3,3,8.0,148,1,21,1,7,57,1,8
3,5,7.0,349,2,22,0,14,24,2,11
3,1,2.0,171,6,2,0,0,0,1,22
3,4,3.0,279,5,19,0,14,34,3,27
3,4,3.0,279,5,22,0,0,0,2,27
3,2,20.0,264,4,9,0,4,5,1,29
3,2,20.0,264,4,22,2,15,39,3,29
3,5,23.0,168,5,18,0,13,38,4,17
3,0,2.0,47,1,14,0,11,18,3,22
3,4,19.0,142,3,4,0,14,106,2,10
3,1,27.0,262,2,10,0,6,89,3,15
3,2,11.0,297,1,15,1,1,35,4,9
3,4,1.0,144,2,17,3,10,30,2,7
3,0,2.0,47,1,17,0,14,97,1,22
3,0,12.0,113,5,4,1,12,84,0,28
3,4,1.0,144,2,17,0,8,9,4,7
3,8,8.0,76,0,12,0,5,6,3,8
3,8,8.0,76,0,20,1,1,59,4,8
3,8,9.0,124,1,18,2,11,133,3,12
3,8,23.0,102,1,19,3,15,46,4,17
3,4,22.0,152,2,3,0,13,36,1,26
3,8,15.0,72,0,8,0,13,69,0,1
3,4,4.0,178,6,20,0,15,51,2,30
3,8,30.0,103,1,18,0,11,117,1,19
3,8,23.0,102,1,4,0,1,1,1,17
3,8,23.0,102,1,19,3,14,25,0,17
3,4,7.0,133,1,16,3,5,64,0,11
3,4,6.0,176,0,3,1,2,86,1,23
3,4,7.0,133,1,8,1,8,33,1,11
3,4,20.0,115,0,17,2,4,45,3,29
3,0,5.0,122,5,14,0,2,13,1,24
3,4,24.0,27,5,21,1,0,85,1,14
3,2,20.0,264,4,1,1,0,53,4,29
3,8,17.0,74,2,16,1,13,28,1,6
3,10,16.0,201,2,22,0,14,24,2,2
3,6,26.0,348,4,17,1,9,93,4,3
3,2,1.0,16,6,8,0,12,61,1,7
3,1,2.0,171,6,11,1,6,73,4,22
3,8,17.0,74,2,16,1,15,96,4,6
3,8,27.0,78,6,4,0,7,111,3,15
3,4,9.0,18,4,8,1,6,128,1,12
3,4,8.0,292,2,16,1,10,47,1,8
3,1,10.0,17,3,21,3,8,19,0,4
3,10,1.0,208,1,20,3,12,135,4,7
3,6,1.0,158,3,5,0,4,82,1,7
3,2,16.0,220,3,9,0,7,20,4,2
3,2,16.0,220,3,11,3,8,118,1,2
3,11,20.0,340,0,11,0,12,80,0,29
3,4,8.0,292,2,17,1,1,16,0,8
3,4,9.0,18,4,1,0,3,79,1,12
3,4,9.0,18,4,19,1,5,12,1,12
3,2,25.0,233,1,14,0,8,118,3,13
3,2,10.0,28,0,2,0,4,66,2,4
3,6,25.0,39,2,21,1,0,96,2,13
3,1,2.0,171,6,19,3,13,99,4,22
3,1,10.0,17,3,6,1,10,12,1,4
3,0,20.0,172,6,19,0,13,36,1,29
3,8,7.0,70,3,5,0,4,82,2,11
3,0,31.0,290,2,17,0,8,65,4,20
3,0,30.0,228,1,8,1,15,114,1,19
3,0,30.0,228,1,18,0,12,17,1,19
3,0,31.0,290,2,12,2,8,118,0,20
3,0,31.0,290,2,14,0,5,6,0,20
3,2,15.0,130,6,8,0,13,28,4,1
3,2,15.0,130,6,11,0,10,47,2,1
3,0,6.0,260,6,13,0,1,35,1,23
3,0,6.0,260,6,5,1,12,61,4,23
3,0,6.0,260,6,18,0,8,27,1,23
3,0,24.0,55,2,21,1,9,134,1,14
3,0,6.0,260,6,13,0,6,89,0,23
3,0,7.0,15,3,15,0,9,57,3,11
3,0,7.0,15,3,22,2,2,2,3,11
3,0,7.0,15,3,19,0,0,12,3,11
3,0,7.0,15,3,3,1,15,51,1,11
3,0,13.0,198,6,17,0,7,20,4,25
3,0,13.0,198,6,6,1,11,133,4,25
3,0,13.0,198,6,14,0,8,19,1,25
3,4,24.0,27,5,1,2,16,72,0,14
3,2,7.0,153,5,3,0,14,97,2,11
3,2,7.0,153,5,13,1,7,62,4,11
3,2,7.0,153,5,19,0,8,118,1,11
3,2,7.0,153,5,4,0,16,50,3,11
3,1,13.0,207,2,1,0,5,6,0,25
3,0,21.0,287,3,5,0,15,77,0,21
3,0,31.0,290,2,4,0,0,26,0,20
3,2,7.0,153,5,12,0,7,62,3,11
3,2,7.0,153,5,9,0,8,27,4,11
3,2,7.0,153,5,4,1,6,116,4,11
3,2,12.0,128,2,17,2,10,47,3,28
3,2,12.0,128,2,23,1,0,26,0,28
3,1,3.0,188,3,11,3,7,20,4,27
3,0,14.0,5,3,14,0,14,24,2,5
3,2,12.0,128,2,19,0,4,127,4,28
3,2,12.0,128,2,17,1,8,27,0,28
3,2,12.0,128,2,1,0,10,22,1,28
3,2,12.0,128,2,1,1,13,69,1,28
3,2,15.0,130,6,21,0,10,47,0,1
3,2,15.0,130,6,15,1,13,21,0,1
3,2,15.0,130,6,2,3,15,96,0,1
3,2,15.0,130,6,7,1,3,79,0,1
3,0,13.0,198,6,17,0,14,24,1,25
3,0,5.0,122,5,8,0,0,0,2,24
3,1,5.0,219,1,2,0,2,2,1,24
3,8,7.0,70,3,13,0,9,9,4,11
3,2,14.0,231,5,8,1,10,47,0,5
3,2,14.0,231,5,9,1,5,6,0,5
3,2,14.0,231,5,12,2,6,7,2,5
2,10,20.0,341,6,20,0,1,11,4,29
3,4,18.0,26,6,8,1,14,25,1,0
3,6,15.0,49,3,18,2,6,7,3,1
3,6,15.0,49,3,1,1,7,111,0,1
3,6,16.0,38,0,13,0,4,75,1,2
3,6,16.0,38,0,20,1,12,80,4,2
3,6,16.0,38,0,19,0,15,114,1,2
3,6,16.0,38,0,9,0,16,42,1,2
3,6,17.0,244,1,14,0,3,115,4,6
3,6,17.0,244,1,18,0,0,53,3,6
3,6,15.0,49,3,4,3,9,54,0,1
3,4,29.0,313,2,22,4,5,12,3,16
3,8,30.0,103,1,22,4,9,95,3,19
3,4,29.0,313,2,17,4,12,61,3,16
3,0,9.0,48,1,9,4,1,11,4,12
3,0,4.0,229,4,1,4,15,46,3,30
3,11,31.0,227,5,9,4,9,49,3,20
3,8,30.0,103,1,5,4,3,79,0,19
2,8,22.0,102,3,1,4,8,27,3,26
2,4,22.0,30,1,21,4,3,30,0,26
3,4,29.0,313,2,17,4,1,11,4,16
3,4,29.0,313,2,8,4,13,29,0,16
3,4,31.0,67,5,16,4,14,107,4,20
3,4,31.0,67,5,7,4,1,59,3,20
3,4,31.0,67,5,16,4,1,1,4,20
3,4,31.0,67,5,2,4,5,12,3,20
3,4,31.0,67,5,12,4,6,7,3,20
3,4,31.0,67,5,19,4,6,7,3,20
3,4,31.0,67,5,5,4,16,139,4,20
3,4,31.0,67,5,9,4,11,98,4,20
3,4,31.0,67,5,6,4,6,7,4,20
3,4,31.0,67,5,20,4,6,7,3,20
3,4,31.0,67,5,9,4,0,26,1,20
3,4,31.0,67,5,18,4,8,19,3,20
3,4,31.0,67,5,20,4,16,74,4,20
3,2,5.0,127,2,1,4,14,106,3,24
3,8,26.0,278,5,14,4,8,19,4,3
3,8,17.0,74,2,1,4,14,24,3,6
3,1,25.0,65,0,18,4,16,39,4,13
3,1,25.0,65,0,1,4,8,27,3,13
3,1,25.0,65,0,9,4,6,89,3,13
3,2,30.0,131,3,19,4,5,12,3,19
3,1,24.0,64,3,16,4,8,19,3,14
3,1,19.0,29,1,4,4,7,111,3,10
3,0,11.0,10,4,12,4,0,77,3,9
3,0,11.0,10,4,10,4,8,9,3,9
3,0,11.0,10,4,12,4,6,7,2,9
3,0,11.0,10,4,23,4,6,7,4,9
3,0,11.0,10,4,14,4,16,74,3,9
3,0,11.0,10,4,9,4,8,9,3,9
3,0,17.0,12,2,16,4,16,74,4,6
3,0,17.0,12,2,9,4,8,19,3,6
3,0,17.0,12,2,4,4,7,78,3,6
3,0,17.0,12,2,13,4,6,128,3,6
3,0,17.0,12,2,0,4,1,81,4,6
3,0,17.0,12,2,6,4,1,16,2,6
3,0,17.0,12,2,5,4,12,17,3,6
3,2,5.0,127,2,22,4,16,130,3,24
3,2,5.0,127,2,6,4,1,16,4,24
3,2,5.0,127,2,9,4,9,101,4,24
3,2,5.0,127,2,23,4,10,22,3,24
3,2,5.0,127,2,4,4,8,19,0,24
3,2,5.0,127,2,9,4,4,82,3,24
3,2,5.0,127,2,4,4,14,25,3,24
3,2,5.0,127,2,2,4,8,41,3,24
3,2,5.0,127,2,13,4,13,69,3,24
3,2,14.0,231,5,14,4,11,8,4,5
3,2,14.0,231,5,4,4,7,8,4,5
3,2,14.0,231,5,18,4,12,80,4,5
3,2,21.0,108,5,8,4,16,42,3,21
3,2,21.0,108,5,11,4,3,30,3,21
3,2,21.0,108,5,8,4,3,115,3,21
3,2,21.0,108,5,4,4,7,8,2,21
3,2,21.0,108,5,19,4,3,115,3,21
3,2,21.0,108,5,9,4,13,28,2,21
3,2,21.0,108,5,2,4,9,93,3,21
3,2,21.0,108,5,9,4,12,61,4,21
3,2,21.0,108,5,14,4,14,126,4,21
3,2,21.0,108,5,19,4,1,67,4,21
3,2,21.0,108,5,4,4,4,45,4,21
3,2,22.0,209,6,23,4,15,114,3,26
3,2,22.0,209,6,12,4,7,62,3,26
3,2,22.0,209,6,18,4,12,17,3,26
3,2,22.0,209,6,17,4,11,10,4,26
3,2,22.0,209,6,19,4,1,81,4,26
3,2,22.0,209,6,1,4,16,37,4,26
3,2,22.0,209,6,10,4,6,7,3,26
3,2,22.0,209,6,0,4,11,10,4,26
3,2,22.0,209,6,19,4,8,9,3,26
3,2,22.0,209,6,2,4,8,9,3,26
3,2,22.0,209,6,9,4,6,7,3,26
3,2,22.0,209,6,6,4,7,137,4,26
3,2,29.0,140,6,15,4,9,63,3,16
3,2,29.0,140,6,19,4,14,107,3,16
3,2,29.0,140,6,10,4,6,89,3,16
3,2,29.0,140,6,13,4,1,35,3,16
3,2,29.0,140,6,13,4,14,24,3,16
3,2,29.0,140,6,4,4,13,38,0,16
3,2,29.0,140,6,2,4,15,96,3,16
3,2,29.0,140,6,13,4,13,21,1,16
3,2,11.0,297,1,22,4,16,50,2,9
3,2,11.0,297,1,17,4,12,83,4,9
3,2,17.0,6,0,20,4,13,48,0,6
3,2,26.0,3,2,2,4,10,30,3,3
3,2,27.0,136,4,3,4,2,69,3,15
3,2,29.0,140,6,18,4,3,79,3,16
3,2,29.0,140,6,3,4,13,38,0,16
3,2,29.0,140,6,3,4,8,41,3,16
3,2,30.0,131,3,12,4,3,70,4,19
3,2,30.0,131,3,4,4,16,113,3,19
3,2,30.0,131,3,14,4,14,125,4,19
3,2,30.0,131,3,4,4,15,46,3,19
3,2,30.0,131,3,7,4,10,52,3,19
3,2,30.0,131,3,1,4,9,102,3,19
3,2,30.0,131,3,18,4,15,46,3,19
3,2,30.0,131,3,1,4,14,88,4,19
3,2,30.0,131,3,8,4,8,27,4,19
3,5,26.0,37,0,3,4,6,7,3,3
3,0,5.0,122,5,10,4,11,129,4,24
3,0,9.0,48,1,10,4,9,102,3,12
2,8,22.0,102,3,17,4,1,105,3,26
3,11,31.0,227,5,2,4,9,27,0,20
3,8,30.0,103,1,14,4,8,118,3,19
3,5,26.0,37,0,4,4,0,77,3,3
2,4,22.0,30,1,8,4,14,25,2,26
3,11,31.0,227,5,12,4,8,41,3,20
3,0,5.0,122,5,11,4,9,27,3,24
2,8,22.0,102,3,12,4,1,59,3,26
3,0,9.0,48,1,9,4,8,27,3,12
3,2,30.0,131,3,3,4,6,7,3,19
3,10,17.0,256,4,16,4,12,135,4,6
3,5,26.0,37,0,9,4,2,2,3,3
3,2,30.0,131,3,22,4,13,29,3,19
3,10,17.0,256,4,19,4,6,7,3,6
3,11,31.0,227,5,1,4,6,89,4,20
3,0,5.0,122,5,19,4,12,80,3,24
3,8,30.0,103,1,15,4,13,48,3,19
2,8,22.0,102,3,9,4,13,29,2,26
2,4,22.0,30,1,11,4,9,57,3,26
3,0,9.0,48,1,4,4,1,16,4,12
2,4,22.0,30,1,8,4,6,91,3,26
3,0,4.0,229,4,10,4,8,33,4,30
2,4,22.0,30,1,14,4,16,108,3,26
3,5,26.0,37,0,14,4,12,61,4,3
3,10,19.0,117,6,19,4,1,105,3,10
3,9,7.0,271,5,20,4,6,7,4,11
3,8,30.0,103,1,18,4,14,24,3,19
2,8,22.0,102,3,16,4,8,9,3,26
3,0,5.0,122,5,22,4,2,2,3,24
3,0,9.0,48,1,15,4,2,92,3,12
3,0,5.0,122,5,3,4,16,74,3,24
3,0,4.0,229,4,23,4,6,7,2,30
2,4,22.0,30,1,19,4,13,29,3,26
3,6,2.0,352,0,17,4,9,109,4,22
3,10,19.0,117,6,22,4,13,48,3,10
2,8,22.0,102,3,12,4,2,69,3,26
3,4,4.0,178,6,21,4,6,7,0,30
3,9,7.0,271,5,2,4,4,127,3,11
3,0,9.0,48,1,12,4,1,35,4,12
3,0,5.0,122,5,9,4,2,2,3,24
3,0,4.0,229,4,14,4,8,9,3,30
3,0,4.0,229,4,4,4,9,95,3,30
3,0,4.0,229,4,8,4,2,2,3,30
3,0,4.0,229,4,23,4,13,123,4,30
2,10,31.0,203,2,4,4,16,139,3,20
2,10,31.0,203,2,17,4,1,105,4,20
2,10,31.0,203,2,3,4,14,25,3,20
2,10,31.0,203,2,16,4,5,12,3,20
2,1,6.0,32,1,17,4,6,7,4,23
2,1,6.0,32,1,4,4,8,118,3,23
2,1,6.0,32,1,4,4,14,106,3,23
2,1,6.0,32,1,2,4,8,41,3,23
2,1,6.0,32,1,1,4,1,67,4,23
2,1,6.0,32,1,1,4,6,7,3,23
2,1,6.0,32,1,6,4,6,89,4,23
2,1,6.0,32,1,22,4,14,25,3,23
2,1,6.0,32,1,3,4,13,38,3,23
2,1,6.0,32,1,9,4,12,80,4,23
2,1,6.0,32,1,5,4,13,48,4,23
2,1,17.0,82,6,17,4,14,88,4,6
2,1,17.0,82,6,18,4,2,13,3,6
2,1,17.0,82,6,9,4,10,43,3,6
2,1,17.0,82,6,12,4,9,49,3,6
2,1,17.0,82,6,13,4,10,47,3,6
3,0,17.0,12,2,4,4,1,11,3,6
3,0,17.0,12,2,4,4,8,9,0,6
3,0,17.0,12,2,3,4,13,38,3,6
3,0,18.0,0,4,18,4,9,10,4,0
3,0,18.0,0,4,8,4,16,37,4,0
3,0,18.0,0,4,23,4,6,132,2,0
3,0,18.0,0,4,14,4,3,30,3,0
3,0,18.0,0,4,14,4,14,32,3,0
3,0,18.0,0,4,12,4,2,40,3,0
3,0,18.0,0,4,10,4,6,89,4,0
3,0,18.0,0,4,9,4,14,88,4,0
3,0,18.0,0,4,9,4,8,65,4,0
3,0,18.0,0,4,18,4,8,41,3,0
3,0,18.0,0,4,12,4,6,126,1,0
3,0,18.0,0,4,13,4,2,3,4,0
3,0,18.0,0,4,9,4,11,55,4,0
3,0,19.0,13,5,9,4,16,65,4,10
3,0,19.0,13,5,9,4,16,130,3,10
3,2,6.0,251,4,8,4,1,105,3,23
3,2,6.0,251,4,22,4,5,12,3,23
3,10,4.0,356,5,11,4,9,93,3,30
3,2,6.0,251,4,5,4,8,27,0,23
3,10,5.0,336,6,12,4,6,7,3,24
3,10,23.0,247,2,16,4,16,37,3,17
2,1,17.0,82,6,15,4,6,14,3,6
2,1,17.0,82,6,7,4,12,61,2,6
2,1,17.0,82,6,9,4,12,135,4,6
2,1,17.0,82,6,9,4,9,63,3,6
2,1,22.0,69,4,8,4,4,138,3,26
2,1,22.0,69,4,8,4,2,86,1,26
2,1,30.0,305,5,3,4,9,87,4,19
2,1,30.0,305,5,18,4,7,137,4,19
2,1,30.0,305,5,19,4,8,9,3,19
2,1,30.0,305,5,1,4,7,137,4,19
2,1,30.0,305,5,19,4,16,37,4,19
2,1,30.0,305,5,9,4,6,7,4,19
2,1,30.0,305,5,16,4,6,7,4,19
2,1,30.0,305,5,1,4,14,25,4,19
2,1,31.0,66,6,12,4,7,20,3,20
2,1,31.0,66,6,4,4,7,111,3,20
2,1,31.0,66,6,11,4,0,26,3,20
2,8,8.0,124,3,9,4,6,7,3,8
2,8,8.0,124,3,9,4,6,7,4,8
3,0,19.0,13,5,13,4,8,41,3,10
3,0,19.0,13,5,18,4,13,36,3,10
3,0,19.0,13,5,9,4,13,29,4,10
3,0,19.0,13,5,1,4,12,56,4,10
3,0,19.0,13,5,20,4,6,128,4,10
3,0,20.0,172,6,14,4,8,33,4,29
3,0,20.0,172,6,9,4,6,7,3,29
3,0,20.0,172,6,14,4,14,126,2,29
3,0,20.0,172,6,4,4,9,63,3,29
3,0,20.0,172,6,22,4,6,7,3,29
3,0,20.0,172,6,4,4,6,132,4,29
3,0,20.0,172,6,2,4,16,37,3,29
3,0,20.0,172,6,17,4,16,50,1,29
3,0,20.0,172,6,18,4,14,25,4,29
3,0,20.0,172,6,18,4,6,7,3,29
3,0,20.0,172,6,4,4,8,9,4,29
3,0,20.0,172,6,9,4,14,88,3,29
3,0,20.0,172,6,18,4,16,113,3,29
3,10,19.0,117,6,3,4,1,35,3,10
2,8,22.0,102,3,17,4,9,27,0,26
3,4,4.0,178,6,12,4,8,65,3,30
3,6,2.0,352,0,4,4,1,35,4,22
3,0,9.0,48,1,14,4,5,6,3,12
3,0,5.0,122,5,16,4,6,7,4,24
3,9,8.0,90,6,18,4,6,7,4,8
3,9,8.0,90,6,16,4,6,7,3,8
2,8,23.0,85,0,19,4,6,7,3,17
3,10,19.0,117,6,4,4,15,31,3,10
2,4,22.0,30,1,14,4,7,111,4,26
3,0,9.0,48,1,11,4,8,19,4,12
3,9,8.0,90,6,1,4,6,73,3,8
3,6,2.0,352,0,8,4,8,41,3,22
3,0,5.0,122,5,22,4,8,9,0,24
2,8,23.0,85,0,8,4,3,30,4,17
3,4,4.0,178,6,1,4,14,32,4,30
3,10,19.0,117,6,0,4,0,85,3,10
2,4,22.0,30,1,13,4,13,48,4,26
3,0,9.0,48,1,23,4,9,95,4,12
3,9,8.0,90,6,15,4,9,95,3,8
3,6,2.0,352,0,7,4,6,7,4,22
3,0,5.0,122,5,17,4,7,129,4,24
2,8,23.0,85,0,21,4,6,7,3,17
3,10,19.0,117,6,13,4,16,65,0,10
2,8,23.0,85,0,20,4,9,95,3,17
2,4,23.0,27,2,11,4,6,7,3,17
3,0,9.0,48,1,1,4,2,92,3,12
3,9,8.0,90,6,1,4,9,95,3,8
3,6,2.0,352,0,18,4,9,87,3,22
3,0,5.0,122,5,13,4,6,7,0,24
3,4,4.0,178,6,1,4,7,129,4,30
3,10,24.0,261,4,6,4,13,99,3,14
2,8,23.0,85,0,1,4,2,69,3,17
3,10,24.0,261,4,3,4,1,59,0,14
3,0,9.0,48,1,14,4,8,33,1,12
2,4,23.0,27,2,10,4,11,10,4,17
3,9,8.0,90,6,1,4,13,28,3,8
3,6,2.0,352,0,14,4,12,17,2,22
3,0,5.0,122,5,8,4,13,38,3,24
3,4,15.0,132,2,19,4,13,38,1,1
2,8,23.0,85,0,17,4,9,95,3,17
3,10,24.0,261,4,23,4,14,25,0,14
2,4,23.0,27,2,19,4,2,13,1,17
3,9,8.0,90,6,19,4,16,72,3,8
3,9,8.0,90,6,23,4,6,7,0,8
3,9,8.0,90,6,2,4,9,57,3,8
3,9,9.0,320,3,16,4,13,28,4,12
3,9,9.0,320,3,4,4,15,39,4,12
3,9,9.0,320,3,18,4,14,97,3,12
3,9,9.0,320,3,9,4,1,1,4,12
3,9,9.0,320,3,19,4,8,9,3,12
3,9,9.0,320,3,9,4,8,65,3,12
3,9,24.0,272,0,1,4,1,105,4,14
3,9,24.0,272,0,23,4,0,53,3,14
3,9,24.0,272,0,1,4,11,10,4,14
3,9,24.0,272,0,9,4,1,16,4,14
3,9,24.0,272,0,18,4,16,37,4,14
3,9,24.0,272,0,9,4,1,16,3,14
3,9,24.0,272,0,8,4,6,7,3,14
3,9,24.0,272,0,18,4,0,12,3,14
3,9,24.0,272,0,1,4,9,93,3,14
3,9,24.0,272,0,21,4,6,7,4,14
3,9,24.0,272,0,1,4,3,115,3,14
3,9,26.0,267,2,4,4,6,7,3,3
3,9,26.0,267,2,14,4,4,75,1,3
3,9,26.0,267,2,4,4,16,130,3,3
3,9,26.0,267,2,18,4,1,81,4,3
3,9,26.0,267,2,5,4,9,87,3,3
3,7,9.0,273,3,2,4,1,81,4,12
3,7,9.0,273,3,4,4,14,25,3,12
3,7,9.0,273,3,8,4,2,2,4,12
3,7,9.0,273,3,1,4,6,7,4,12
3,7,9.0,273,3,20,4,9,95,3,12
3,7,9.0,273,3,14,4,8,9,3,12
3,7,9.0,273,3,14,4,12,84,3,12
3,0,8.0,9,0,19,4,6,14,3,8
3,7,9.0,273,3,21,4,6,7,3,12
3,7,9.0,273,3,19,4,1,67,3,12
3,7,9.0,273,3,15,4,13,29,4,12
3,7,9.0,273,3,11,4,0,26,3,12
3,7,9.0,273,3,10,4,6,14,4,12
3,7,18.0,154,1,4,4,6,89,0,0
3,7,18.0,154,1,18,4,6,7,3,0
3,7,18.0,154,1,20,4,1,59,3,0
3,7,25.0,41,1,21,4,3,30,3,13
3,7,25.0,41,1,9,4,6,7,3,13
3,7,25.0,41,1,20,4,6,7,4,13
3,7,25.0,41,1,4,4,1,11,4,13
3,7,25.0,41,1,2,4,8,9,3,13
3,7,25.0,41,1,22,4,9,57,0,13
3,7,31.0,43,0,10,4,6,7,4,20
3,7,31.0,43,0,17,4,6,7,0,20
3,7,31.0,43,0,10,4,13,21,3,20
3,7,31.0,43,0,4,4,9,54,4,20
3,7,31.0,43,0,15,4,8,41,3,20
3,7,31.0,43,0,18,4,13,38,3,20
3,7,31.0,43,0,3,4,6,14,3,20
3,7,31.0,43,0,1,4,7,8,3,20
3,3,9.0,44,2,2,4,1,67,3,12
3,3,9.0,44,2,20,4,8,27,0,12
3,3,9.0,44,2,12,4,2,2,4,12
3,3,9.0,44,2,22,4,4,82,3,12
3,3,9.0,44,2,5,4,11,133,3,12
3,3,9.0,44,2,22,4,16,65,4,12
3,3,9.0,44,2,1,4,6,7,3,12
3,3,9.0,44,2,4,4,8,9,3,12
3,3,9.0,44,2,2,4,10,52,3,12
3,5,8.0,199,4,6,4,6,7,0,8
3,5,8.0,199,4,19,4,6,132,4,8
3,5,8.0,199,4,4,4,16,50,4,8
3,5,8.0,199,4,13,4,10,52,3,8
3,5,8.0,199,4,18,4,12,135,2,8
3,5,8.0,199,4,23,4,6,7,4,8
3,5,8.0,199,4,3,4,0,12,3,8
3,5,8.0,199,4,21,4,13,38,3,8
3,5,8.0,199,4,14,4,11,10,4,8
3,5,8.0,199,4,14,4,8,118,3,8
3,5,8.0,199,4,14,4,14,25,4,8
3,5,26.0,37,0,14,4,14,25,3,3
3,5,26.0,37,0,6,4,1,11,4,3
3,5,26.0,37,0,3,4,6,7,3,3
3,5,26.0,37,0,21,4,9,57,3,3
3,5,26.0,37,0,4,4,1,67,0,3
3,5,26.0,37,0,18,4,12,84,4,3
2,8,23.0,85,0,13,4,1,11,0,17
3,0,15.0,190,0,9,4,16,50,3,1
3,0,11.0,10,4,4,4,15,39,3,9
3,4,15.0,132,2,5,4,9,57,0,1
3,10,24.0,261,4,13,4,6,7,0,14
3,0,11.0,10,4,23,4,9,109,3,9
2,8,23.0,85,0,18,4,6,91,4,17
2,4,23.0,27,2,2,4,6,7,3,17
3,0,15.0,190,0,2,4,14,106,4,1
3,4,15.0,132,2,1,4,11,124,4,1
3,0,11.0,10,4,6,4,15,114,3,9
2,4,23.0,27,2,20,4,6,7,0,17
3,0,15.0,190,0,18,4,6,7,3,1
3,4,15.0,132,2,1,4,3,70,0,1
3,10,24.0,261,4,1,4,3,30,3,14
3,0,11.0,10,4,18,4,13,21,3,9
2,8,23.0,85,0,2,4,7,62,3,17
2,4,23.0,27,2,16,4,0,77,2,17
3,0,15.0,190,0,11,4,6,7,3,1
3,0,15.0,190,0,1,4,16,113,3,1
3,0,2.0,47,1,10,4,0,26,3,22
3,0,12.0,113,5,5,4,11,15,3,28
3,0,12.0,113,5,17,4,12,83,4,28
3,0,16.0,11,1,18,4,8,27,0,2
3,0,16.0,11,1,19,4,13,28,3,2
3,0,16.0,11,1,17,4,15,39,0,2
3,0,16.0,11,1,2,4,3,79,3,2
3,0,16.0,11,1,9,4,6,128,3,2
3,0,16.0,11,1,18,4,12,121,3,2
3,0,16.0,11,1,19,4,9,101,3,2
3,0,16.0,11,1,9,4,4,127,1,2
3,0,16.0,11,1,14,4,1,59,4,2
3,0,16.0,11,1,15,4,8,9,3,2
3,0,22.0,241,0,8,4,13,29,3,26
3,0,22.0,241,0,21,4,2,2,0,26
3,0,22.0,241,0,1,4,1,11,3,26
3,0,22.0,241,0,1,4,8,27,3,26
3,0,22.0,241,0,9,4,9,102,4,26
3,0,22.0,241,0,19,4,14,25,3,26
3,0,22.0,241,0,8,4,9,54,3,26
3,0,22.0,241,0,3,4,8,118,3,26
3,0,29.0,191,0,6,4,6,7,4,16
3,0,30.0,228,1,1,4,2,2,3,19
3,0,30.0,228,1,7,4,6,14,4,19
3,0,30.0,228,1,19,4,7,57,3,19
3,0,30.0,228,1,17,4,1,11,4,19
3,0,30.0,228,1,20,4,8,118,4,19
3,0,30.0,228,1,17,4,2,3,4,19
3,0,31.0,290,2,17,4,6,116,4,20
3,0,31.0,290,2,15,4,8,19,3,20
3,0,31.0,290,2,4,4,6,73,3,20
3,0,31.0,290,2,6,4,14,25,1,20
3,0,31.0,290,2,9,4,2,2,4,20
3,0,31.0,290,2,3,4,12,61,0,20
3,0,31.0,290,2,22,4,6,7,2,20
3,0,31.0,290,2,3,4,6,116,2,20
3,5,17.0,212,6,14,4,8,9,4,6
3,5,17.0,212,6,18,4,13,99,3,6
3,5,23.0,168,5,8,4,7,137,2,17
3,5,23.0,168,5,4,4,15,77,3,17
3,0,12.0,113,5,1,4,6,89,4,28
3,2,13.0,276,4,4,4,5,6,3,25
3,2,13.0,276,4,9,4,14,106,4,25
3,2,13.0,276,4,4,4,15,39,3,25
3,2,13.0,276,4,9,4,1,16,4,25
3,2,13.0,276,4,0,4,7,62,3,25
3,2,13.0,276,4,5,4,14,25,3,25
3,2,16.0,220,3,7,4,1,81,4,2
3,2,16.0,220,3,15,4,16,50,3,2
3,2,16.0,220,3,6,4,9,95,3,2
3,2,23.0,230,3,17,4,1,11,4,17
3,2,24.0,22,0,13,4,13,48,0,14
3,0,8.0,9,0,23,4,8,19,4,8
3,0,8.0,9,0,18,4,2,86,0,8
3,5,23.0,168,5,14,4,2,86,3,17
3,5,24.0,58,6,9,4,14,125,4,14
3,5,24.0,58,6,3,4,0,31,3,14
3,0,23.0,237,1,8,4,9,101,3,17
3,1,31.0,305,3,14,4,9,109,4,20
3,0,23.0,237,1,1,4,4,5,3,17
3,1,31.0,305,3,2,4,8,118,3,20
3,8,20.0,319,6,18,4,9,102,3,29
3,8,20.0,319,6,9,4,1,67,3,29
3,8,20.0,319,6,19,4,8,33,4,29
3,8,20.0,319,6,14,4,8,33,4,29
3,8,20.0,319,6,18,4,8,65,4,29
3,8,20.0,319,6,3,4,14,25,3,29
3,8,23.0,102,1,15,4,13,28,0,17
2,8,8.0,124,3,20,4,9,87,3,8
2,8,8.0,124,3,1,4,16,37,3,8
2,8,8.0,124,3,12,4,14,25,4,8
2,8,8.0,124,3,4,4,9,102,3,8
2,8,8.0,124,3,23,4,9,87,3,8
2,8,8.0,124,3,12,4,2,92,3,8
2,8,8.0,124,3,9,4,11,55,4,8
2,8,8.0,124,3,22,4,5,12,3,8
2,8,22.0,102,3,2,4,8,33,3,26
2,8,22.0,102,3,14,4,12,61,3,26
3,10,24.0,261,4,1,4,3,44,3,14
3,4,20.0,115,0,9,4,13,99,3,29
3,2,25.0,233,1,19,4,1,11,4,13
2,8,23.0,85,0,22,4,16,139,0,17
2,4,23.0,27,2,9,4,6,91,4,17
3,4,20.0,115,0,16,4,6,128,4,29
3,10,24.0,261,4,4,4,13,38,3,14
3,2,25.0,233,1,8,4,15,51,3,13
2,8,23.0,85,0,8,4,2,2,0,17
2,4,24.0,20,4,17,4,8,19,0,14
3,4,20.0,115,0,19,4,11,124,3,29
3,10,24.0,261,4,1,4,8,9,3,14
3,2,20.0,264,4,19,4,1,35,3,29
2,8,23.0,85,0,20,4,14,106,3,17
2,4,24.0,20,4,1,4,7,20,3,14
3,4,20.0,115,0,17,4,16,72,3,29
3,10,24.0,261,4,11,4,16,50,4,14
2,10,13.0,174,6,23,4,15,119,0,25
2,8,23.0,85,0,1,4,16,72,3,17
2,4,24.0,20,4,4,4,8,118,3,14
3,4,30.0,139,4,9,4,12,80,4,19
3,10,24.0,261,4,18,4,14,88,4,14
2,10,13.0,174,6,16,4,14,97,4,25
2,8,23.0,85,0,4,4,7,62,3,17
2,8,23.0,85,0,20,4,9,95,3,17
2,8,24.0,86,1,4,4,16,74,3,14
2,8,24.0,86,1,23,4,8,27,3,14
2,8,24.0,86,1,18,4,0,31,3,14
2,8,24.0,86,1,8,4,13,28,1,14
2,8,24.0,86,1,6,4,12,104,4,14
2,8,24.0,86,1,17,4,13,48,3,14
2,8,24.0,86,1,1,4,0,85,3,14
2,8,24.0,86,1,17,4,4,121,0,14
2,8,25.0,278,2,11,4,9,109,4,13
2,8,25.0,278,2,14,4,9,93,3,13
2,8,25.0,278,2,17,4,14,24,3,13
2,8,25.0,278,2,9,4,14,24,3,13
2,8,25.0,278,2,9,4,9,63,4,13
2,8,25.0,278,2,9,4,9,93,4,13
2,8,25.0,278,2,17,4,12,61,3,13
2,8,25.0,278,2,15,4,14,24,3,13
2,8,25.0,278,2,6,4,14,25,3,13
2,8,25.0,278,2,0,4,9,27,0,13
2,8,25.0,278,2,6,4,0,26,3,13
2,8,25.0,278,2,16,4,3,103,0,13
2,8,25.0,278,2,13,4,9,95,3,13
2,8,25.0,278,2,19,4,8,41,3,13
2,8,30.0,144,0,22,4,2,69,3,19
2,8,30.0,144,0,1,4,8,19,4,19
2,8,30.0,144,0,22,4,9,27,3,19
2,8,30.0,144,0,8,4,6,116,3,19
2,8,30.0,144,0,3,4,2,13,4,19
2,8,30.0,144,0,13,4,13,38,3,19
2,8,30.0,144,0,18,4,14,131,4,19
2,4,6.0,133,3,9,4,1,59,3,23
3,0,30.0,228,1,14,4,6,128,3,19
3,0,30.0,228,1,23,4,6,14,2,19
3,0,30.0,228,1,19,4,6,89,3,19
3,0,30.0,228,1,1,4,8,19,3,19
3,0,29.0,191,0,8,4,3,30,3,16
3,0,29.0,191,0,1,4,6,126,3,16
3,0,29.0,191,0,8,4,13,48,3,16
3,0,29.0,191,0,12,4,6,89,4,16
2,4,6.0,133,3,7,4,14,110,3,23
2,4,6.0,133,3,17,4,6,7,3,23
2,4,6.0,133,3,17,4,10,47,3,23
2,4,6.0,133,3,11,4,1,81,2,23
2,4,6.0,133,3,3,4,0,85,3,23
2,4,6.0,133,3,11,4,3,79,3,23
2,4,6.0,133,3,3,4,2,2,3,23
2,4,6.0,133,3,19,4,7,111,0,23
2,4,6.0,133,3,9,4,6,7,3,23
2,4,6.0,133,3,13,4,13,38,0,23
2,4,6.0,133,3,12,4,9,49,3,23
2,4,6.0,133,3,14,4,9,57,3,23
2,4,6.0,133,3,13,4,16,72,3,23
2,4,6.0,133,3,11,4,9,95,4,23
2,4,7.0,292,0,13,4,6,89,3,11
2,4,7.0,292,0,12,4,6,7,3,11
2,4,7.0,292,0,19,4,11,0,3,11
2,4,7.0,292,0,11,4,14,24,0,11
2,4,7.0,292,0,17,4,6,7,1,11
2,4,7.0,292,0,18,4,7,57,3,11
2,4,7.0,292,0,5,4,13,28,3,11
2,4,16.0,19,2,13,4,8,19,4,2
2,4,16.0,19,2,18,4,8,19,4,2
2,4,16.0,19,2,22,4,14,24,3,2
2,4,16.0,19,2,14,4,14,88,4,2
2,4,16.0,19,2,17,4,10,43,3,2
2,4,16.0,19,2,15,4,16,130,3,2
2,4,22.0,30,1,14,4,2,2,4,26
2,4,22.0,30,1,18,4,14,131,3,26
2,4,22.0,30,1,9,4,7,20,4,26
2,4,22.0,30,1,4,4,7,137,3,26
2,4,24.0,20,4,1,4,1,81,4,14
3,4,30.0,139,4,4,4,6,7,3,19
3,10,24.0,261,4,22,4,9,10,3,14
2,10,13.0,174,6,22,4,2,69,3,25
2,4,24.0,20,4,4,4,13,99,0,14
3,10,24.0,261,4,3,4,14,131,3,14
3,4,30.0,139,4,9,4,12,100,4,19
2,10,13.0,174,6,14,4,2,69,3,25
2,4,24.0,20,4,4,4,6,7,3,14
3,10,25.0,56,5,19,4,1,11,0,13
2,4,24.0,20,4,9,4,9,87,4,14
3,4,30.0,139,4,19,4,6,7,3,19
2,10,13.0,174,6,9,4,9,63,4,25
3,10,25.0,56,5,4,4,4,45,4,13
2,4,24.0,20,4,22,4,6,89,3,14
3,4,30.0,139,4,3,4,2,60,3,19
2,10,13.0,174,6,20,4,8,19,3,25
3,10,25.0,56,5,14,4,8,19,0,13
3,4,30.0,139,4,2,4,8,27,3,19
2,10,13.0,174,6,19,4,9,102,3,25
3,10,25.0,56,5,22,4,10,22,3,13
2,2,8.0,21,5,4,4,6,128,3,8
3,4,30.0,139,4,7,4,14,107,3,19
2,10,13.0,174,6,18,4,12,80,4,25
3,10,25.0,56,5,9,4,7,8,4,13
3,10,25.0,56,5,6,4,14,34,3,13
3,10,25.0,56,5,9,4,10,23,3,13
3,10,25.0,56,5,14,4,16,50,3,13
3,10,25.0,56,5,11,4,8,19,0,13
3,10,25.0,56,5,4,4,4,4,3,13
3,10,25.0,56,5,9,4,11,10,4,13
3,10,25.0,56,5,9,4,12,80,2,13
3,10,25.0,56,5,9,4,9,9,4,13
3,10,25.0,56,5,12,4,14,25,3,13
3,10,26.0,61,6,1,4,0,12,3,3
3,10,26.0,61,6,2,4,0,68,3,3
3,10,26.0,61,6,19,4,15,96,3,3
3,10,26.0,61,6,1,4,3,30,4,3
3,10,26.0,61,6,0,4,16,50,3,3
3,10,26.0,61,6,13,4,0,77,4,3
3,10,26.0,61,6,19,4,13,99,3,3
3,10,26.0,61,6,18,4,6,7,4,3
3,10,26.0,61,6,1,4,2,123,4,3
3,1,7.0,32,4,17,4,16,65,2,11
3,1,7.0,32,4,15,4,2,69,3,11
3,1,7.0,32,4,22,4,5,12,3,11
3,1,7.0,32,4,1,4,15,51,4,11
3,1,7.0,32,4,13,4,2,86,0,11
3,1,7.0,32,4,6,4,5,12,3,11
3,1,7.0,32,4,12,4,1,67,4,11
3,1,7.0,32,4,13,4,1,11,3,11
3,1,11.0,111,0,17,4,13,48,0,9
3,1,11.0,111,0,6,4,6,116,3,9
3,1,11.0,111,0,1,4,0,26,3,9
3,1,11.0,111,0,18,4,12,100,4,9
3,1,11.0,111,0,11,4,14,34,3,9
3,1,11.0,111,0,18,4,8,41,4,9
3,1,11.0,111,0,9,4,6,89,4,9
3,1,11.0,111,0,2,4,14,25,3,9
3,1,11.0,111,0,12,4,10,22,3,9
3,1,11.0,111,0,9,4,8,19,3,9
3,1,11.0,111,0,14,4,8,19,3,9
3,1,16.0,2,6,12,4,5,64,3,2
3,1,16.0,2,6,18,4,16,37,3,2
3,1,16.0,2,6,23,4,15,119,3,2
3,1,16.0,2,6,9,4,1,11,4,2
3,1,16.0,2,6,18,4,10,12,0,2
3,1,16.0,2,6,19,4,15,51,3,2
3,1,16.0,2,6,1,4,1,11,3,2
3,1,16.0,2,6,14,4,8,19,2,2
3,1,16.0,2,6,20,4,6,7,3,2
3,1,16.0,2,6,20,4,9,87,4,2
3,1,17.0,63,3,4,4,2,69,3,6
3,1,17.0,63,3,14,4,10,47,2,6
3,1,17.0,63,3,14,4,4,127,1,6
3,1,17.0,63,3,9,4,6,128,3,6
3,1,17.0,63,3,2,4,6,7,3,6
3,1,17.0,63,3,9,4,12,61,4,6
3,1,17.0,63,3,18,4,13,48,3,6
3,1,17.0,63,3,17,4,1,105,0,6
3,1,17.0,63,3,18,4,10,47,1,6
3,1,17.0,63,3,15,4,9,102,4,6
3,1,17.0,63,3,17,4,8,65,4,6
3,1,17.0,63,3,2,4,9,95,3,6
3,8,10.0,71,2,14,4,6,91,3,4
3,8,10.0,71,2,6,4,16,37,4,4
3,8,10.0,71,2,1,4,1,59,4,4
3,8,10.0,71,2,17,4,0,53,3,4
3,8,10.0,71,2,8,4,8,33,4,4
3,6,2.0,352,0,15,4,13,38,3,22
2,2,8.0,21,5,6,4,9,27,3,8
3,2,4.0,254,1,19,4,8,65,3,30
2,10,13.0,174,6,1,4,14,106,4,25
3,6,2.0,352,0,9,4,16,130,4,22
2,2,8.0,21,5,2,4,12,121,3,8
3,2,4.0,254,1,5,4,6,7,3,30
2,10,13.0,174,6,2,4,7,20,3,25
3,6,2.0,352,0,4,4,3,79,4,22
2,2,8.0,21,5,17,4,1,35,2,8
3,2,4.0,254,1,12,4,3,115,3,30
2,2,8.0,21,5,4,4,8,118,3,8
3,2,4.0,254,1,17,4,8,9,3,30
3,2,4.0,254,1,22,4,16,74,3,30
3,2,4.0,254,1,4,4,13,38,3,30
3,2,4.0,254,1,5,4,8,118,4,30
3,2,4.0,254,1,11,4,16,72,3,30
3,2,4.0,254,1,1,4,6,128,4,30
3,2,4.0,254,1,9,4,13,123,3,30
3,2,4.0,254,1,13,4,9,9,4,30
3,2,4.0,254,1,5,4,9,102,3,30
3,4,19.0,142,3,9,4,6,7,3,10
3,4,28.0,218,1,17,4,12,84,3,18
3,4,28.0,218,1,16,4,9,95,3,18
3,2,3.0,282,0,1,4,7,137,4,27
3,2,3.0,282,0,13,4,2,86,4,27
3,2,11.0,297,1,18,4,8,9,3,9
3,4,20.0,115,0,19,4,12,17,3,29
3,4,20.0,115,0,1,4,14,106,4,29
3,4,20.0,115,0,12,4,13,48,4,29
3,4,20.0,115,0,7,4,15,31,3,29
3,4,20.0,115,0,2,4,14,25,0,29
3,4,20.0,115,0,0,4,14,110,3,29
3,4,20.0,115,0,9,4,1,105,4,29
3,4,20.0,115,0,11,4,8,27,3,29
3,4,23.0,30,4,1,4,9,63,4,17
3,4,23.0,30,4,13,4,1,105,0,17
3,4,23.0,30,4,23,4,6,7,0,17
3,4,23.0,30,4,1,4,10,47,3,17
3,4,23.0,30,4,5,4,16,37,1,17
3,4,23.0,30,4,6,4,9,93,4,17
3,4,23.0,30,4,19,4,9,134,4,17
3,4,23.0,30,4,10,4,13,29,0,17
3,4,23.0,30,4,4,4,3,103,3,17
3,4,23.0,30,4,1,4,9,101,4,17
3,4,23.0,30,4,4,4,13,28,3,17
3,4,29.0,313,2,23,4,15,31,3,16
3,4,29.0,313,2,14,4,1,105,4,16
3,0,24.0,55,2,0,4,11,18,1,14
3,0,24.0,55,2,8,4,8,27,3,14
3,0,24.0,55,2,13,4,6,7,0,14
3,0,24.0,55,2,1,4,2,71,4,14
3,0,24.0,55,2,8,4,14,131,3,14
2,10,24.0,56,2,20,4,1,67,3,14
2,10,24.0,56,2,18,4,2,86,4,14
2,10,24.0,56,2,7,4,7,62,3,14
2,10,24.0,56,2,18,4,13,48,0,14
2,10,24.0,56,2,8,4,16,72,3,14
2,10,24.0,56,2,9,4,9,101,4,14
2,10,24.0,56,2,17,4,2,69,3,14
2,10,24.0,56,2,17,4,3,30,3,14
2,10,24.0,56,2,14,4,13,48,3,14
2,10,25.0,61,4,16,4,14,125,3,13
2,10,25.0,61,4,1,4,8,27,4,13
2,10,25.0,61,4,16,4,8,27,3,13
2,10,25.0,61,4,18,4,6,116,3,13
2,10,25.0,61,4,11,4,7,20,3,13
2,10,25.0,61,4,8,4,12,80,3,13
2,10,25.0,61,4,2,4,8,27,2,13
2,10,25.0,61,4,22,4,0,26,3,13
2,10,30.0,135,1,1,4,14,110,4,19
2,10,30.0,135,1,14,4,9,93,3,19
2,10,30.0,135,1,18,4,2,3,4,19
2,10,31.0,203,2,9,4,12,135,4,20
3,4,29.0,313,2,8,4,6,7,2,16
3,4,29.0,313,2,2,4,9,57,3,16
3,4,29.0,313,2,18,4,8,33,4,16
2,10,13.0,174,6,19,4,13,28,3,25
3,6,2.0,352,0,19,4,16,72,3,22
2,2,8.0,21,5,8,4,14,25,3,8
2,10,13.0,174,6,4,4,9,57,3,25
3,6,2.0,352,0,13,4,13,38,3,22
2,2,9.0,28,6,20,4,4,76,3,12
2,10,13.0,174,6,20,4,12,17,3,25
3,6,2.0,352,0,12,4,9,93,4,22
2,2,9.0,28,6,1,4,8,41,4,12
2,10,22.0,247,0,1,4,12,104,3,26
3,6,2.0,352,0,1,4,1,105,4,22
2,2,9.0,28,6,12,4,3,79,1,12
2,10,22.0,247,0,1,4,8,9,1,26
3,6,7.0,169,6,9,4,8,118,3,11
2,2,9.0,28,6,23,4,12,83,4,12
2,10,22.0,247,0,10,4,8,41,3,26
2,10,22.0,247,0,3,4,14,106,3,26
2,10,22.0,247,0,0,4,16,37,3,26
2,10,22.0,247,0,11,4,6,7,0,26
2,10,22.0,247,0,10,4,16,50,3,26
2,10,22.0,247,0,1,4,7,111,3,26
2,10,22.0,247,0,18,4,11,133,3,26
3,0,7.0,15,3,9,4,11,129,4,11
3,0,7.0,15,3,12,4,9,101,4,11
3,0,13.0,198,6,14,4,0,77,2,25
3,0,13.0,198,6,1,4,4,127,4,25
3,0,13.0,198,6,9,4,4,115,3,25
3,0,13.0,198,6,1,4,7,54,4,25
3,0,13.0,198,6,17,4,9,83,4,25
3,0,13.0,198,6,17,4,8,9,4,25
3,0,13.0,198,6,23,4,4,103,3,25
3,0,13.0,198,6,5,4,16,113,4,25
3,0,14.0,5,3,2,4,15,39,3,5
3,0,14.0,5,3,14,4,11,129,3,5
3,0,14.0,5,3,20,4,6,116,4,5
3,0,14.0,5,3,7,4,8,33,4,5
3,0,14.0,5,3,20,4,12,61,3,5
3,0,14.0,5,3,19,4,15,112,1,5
3,0,14.0,5,3,3,4,2,92,0,5
3,0,14.0,5,3,13,4,8,27,0,5
3,4,13.0,221,0,12,4,8,27,3,25
3,4,13.0,221,0,8,4,1,59,4,25
3,4,13.0,221,0,18,4,15,85,3,25
3,4,22.0,152,2,1,4,11,90,4,26
3,4,22.0,152,2,16,4,0,68,3,26
3,2,1.0,16,6,17,4,0,15,0,7
3,2,1.0,16,6,10,4,5,6,3,7
3,4,27.0,274,0,7,4,13,36,3,15
3,4,27.0,274,0,17,4,16,50,4,15
3,4,27.0,274,0,17,4,6,7,4,15
3,4,27.0,274,0,7,4,11,98,3,15
3,4,9.0,18,4,21,4,3,70,3,12
3,4,9.0,18,4,6,4,16,37,3,12
3,4,8.0,292,2,3,4,8,41,3,8
3,8,27.0,78,6,17,4,13,48,0,15
3,8,26.0,278,5,18,4,6,7,4,3
3,8,26.0,278,5,1,4,14,107,4,3
3,8,26.0,278,5,1,4,2,69,3,3
3,8,26.0,278,5,4,4,1,105,4,3
3,8,26.0,278,5,13,4,12,61,3,3
3,8,26.0,278,5,4,4,3,30,3,3
3,8,26.0,278,5,1,4,9,101,4,3
3,8,26.0,278,5,19,4,1,81,4,3
3,8,26.0,278,5,12,4,0,12,3,3
3,8,26.0,278,5,1,4,16,42,1,3
3,8,26.0,278,5,13,4,5,6,0,3
3,4,1.0,144,2,15,4,15,39,3,7
3,4,1.0,144,2,8,4,14,24,3,7
3,4,2.0,141,4,9,4,1,16,4,22
3,4,2.0,141,4,12,4,8,27,4,22
3,4,16.0,25,4,14,4,6,91,4,2
3,4,16.0,25,4,19,4,3,79,0,2
3,8,30.0,103,1,9,4,8,27,3,19
3,8,30.0,103,1,4,4,11,15,3,19
3,8,30.0,103,1,11,4,14,25,3,19
3,6,7.0,169,6,1,4,10,43,3,11
2,2,9.0,28,6,9,4,2,69,3,12
3,6,7.0,169,6,11,4,8,9,1,11
3,6,7.0,169,6,2,4,5,6,3,11
2,2,9.0,28,6,14,4,1,81,4,12
3,6,7.0,169,6,21,4,15,24,3,11
2,2,9.0,28,6,2,4,14,25,4,12
3,6,7.0,169,6,18,4,9,49,3,11
3,6,7.0,169,6,1,4,6,73,3,11
2,2,9.0,28,6,23,4,5,12,3,12
3,6,7.0,169,6,12,4,1,67,0,11
2,2,9.0,28,6,14,4,14,25,3,12
3,6,7.0,169,6,19,4,4,82,3,11
2,2,9.0,28,6,2,4,9,87,4,12
2,0,7.0,9,6,12,4,6,91,3,11
2,0,7.0,9,6,13,4,8,27,3,11
2,0,7.0,9,6,18,4,14,131,4,11
2,0,15.0,11,3,18,4,2,13,3,1
2,0,15.0,11,3,18,4,2,71,4,1
2,0,15.0,11,3,18,4,13,48,4,1
2,0,15.0,11,3,23,4,8,9,4,1
2,0,15.0,11,3,23,4,9,9,1,1
3,10,10.0,245,4,10,4,9,10,3,4
3,8,1.0,66,0,17,4,15,39,0,7
3,8,8.0,76,0,9,4,11,15,3,8
2,0,15.0,11,3,6,4,13,69,4,1
2,0,31.0,365,1,9,4,0,53,3,20
2,0,31.0,365,1,3,4,13,38,0,20
2,0,31.0,365,1,15,4,8,118,3,20
2,0,31.0,365,1,22,4,2,69,3,20
3,11,6.0,252,0,15,4,8,9,3,23
3,11,6.0,252,0,8,4,1,16,3,23
3,11,6.0,252,0,5,4,1,67,3,23
3,11,6.0,252,0,5,4,13,38,3,23
3,11,8.0,283,2,4,4,0,26,3,8
3,11,8.0,283,2,9,4,13,28,3,8
3,11,8.0,283,2,5,4,2,92,4,8
3,11,8.0,283,2,19,4,13,48,3,8
3,11,14.0,147,1,23,4,7,78,0,5
3,11,14.0,147,1,9,4,2,123,4,5
3,11,14.0,147,1,17,4,8,118,3,5
3,11,14.0,147,1,1,4,16,42,3,5
3,11,14.0,147,1,8,4,7,129,3,5
3,11,14.0,147,1,18,4,12,61,4,5
3,0,21.0,287,3,18,4,6,91,4,21
3,0,21.0,287,3,2,4,14,25,0,21
3,0,23.0,237,1,1,4,1,105,3,17
3,8,20.0,319,6,12,4,3,44,3,29
3,11,14.0,147,1,14,4,0,15,3,5
3,11,14.0,147,1,9,4,12,135,4,5
3,11,14.0,147,1,10,4,1,11,3,5
3,11,16.0,225,4,4,4,0,15,3,2
3,11,16.0,225,4,12,4,14,25,3,2
3,11,16.0,225,4,6,4,8,27,0,2
3,11,16.0,225,4,8,4,8,27,3,2
3,11,16.0,225,4,6,4,15,31,3,2
3,11,16.0,225,4,14,4,8,27,2,2
3,11,16.0,225,4,9,4,6,7,4,2
3,11,31.0,227,5,19,4,6,7,2,20
3,11,31.0,227,5,4,4,6,14,3,20
3,11,31.0,227,5,23,4,8,19,4,20
3,6,15.0,49,3,9,4,2,69,4,1
3,6,15.0,49,3,14,4,14,106,0,1
3,6,15.0,49,3,18,4,16,42,3,1
3,6,15.0,49,3,3,4,12,83,3,1
3,6,15.0,49,3,16,4,9,63,4,1
3,6,15.0,49,3,8,4,12,80,4,1
3,6,15.0,49,3,18,4,12,61,4,1
3,6,15.0,49,3,18,4,16,37,3,1
3,6,15.0,49,3,18,4,1,105,4,1
3,6,15.0,49,3,22,4,8,19,3,1
3,6,15.0,49,3,17,4,8,33,4,1
3,6,16.0,38,0,18,4,8,19,4,2
3,6,16.0,38,0,17,4,10,47,3,2
3,6,16.0,38,0,4,4,9,27,3,2
3,6,16.0,38,0,12,4,7,62,3,2
3,6,16.0,38,0,6,4,9,10,4,2
3,6,16.0,38,0,17,4,9,27,3,2
3,6,16.0,38,0,17,4,14,97,0,2
3,6,17.0,244,1,4,4,7,57,0,6
3,6,17.0,244,1,14,4,14,106,4,6
3,6,17.0,244,1,9,4,0,77,3,6
3,6,17.0,244,1,14,4,1,35,3,6
3,6,17.0,244,1,22,4,13,28,0,6
3,6,17.0,244,1,9,4,16,37,3,6
3,6,17.0,244,1,15,4,8,9,3,6
3,6,17.0,244,1,17,4,2,86,3,6
3,6,17.0,244,1,9,4,1,16,4,6
3,6,17.0,244,1,16,4,1,81,4,6
3,6,17.0,244,1,4,4,14,106,4,6
3,6,18.0,308,2,6,4,15,112,4,0
3,6,18.0,308,2,9,4,0,68,3,0
3,6,18.0,308,2,1,4,1,105,2,0
3,6,18.0,308,2,3,4,9,134,3,0
3,6,18.0,308,2,6,4,1,105,4,0
3,6,18.0,308,2,13,4,9,57,3,0
3,6,18.0,308,2,13,4,11,18,3,0
3,6,18.0,308,2,4,4,14,24,3,0
3,6,18.0,308,2,17,4,9,54,0,0
3,10,7.0,243,0,10,4,9,101,4,11
3,10,7.0,243,0,17,4,1,59,4,11
3,10,7.0,243,0,23,4,8,41,3,11
3,10,7.0,243,0,12,4,6,116,3,11
3,10,7.0,243,0,13,4,2,92,3,11
3,10,7.0,243,0,2,4,14,25,3,11
3,10,7.0,243,0,2,4,9,57,0,11
3,10,7.0,243,0,15,4,2,13,3,11
3,10,7.0,243,0,9,4,6,89,3,11
3,10,7.0,243,0,10,4,3,30,3,11
3,10,15.0,60,1,8,4,14,110,3,1
3,10,15.0,60,1,4,4,14,32,1,1
3,10,15.0,60,1,14,4,13,69,0,1
3,10,15.0,60,1,5,4,2,2,3,1
3,10,15.0,60,1,14,4,10,30,3,1
3,10,15.0,60,1,18,4,8,33,4,1
3,10,15.0,60,1,9,4,4,103,3,1
3,10,15.0,60,1,9,4,9,95,4,1
3,10,15.0,60,1,13,4,6,7,0,1
3,10,15.0,60,1,9,4,3,79,3,1
3,10,15.0,60,1,9,4,0,12,3,1
3,10,15.0,60,1,16,4,14,106,4,1
3,10,15.0,60,1,22,4,6,7,0,1
3,10,17.0,256,4,8,4,13,28,3,6
3,10,17.0,256,4,3,4,6,7,3,6
3,10,17.0,256,4,6,4,1,105,0,6
3,10,17.0,256,4,14,4,5,6,0,6
3,10,17.0,256,4,17,4,9,102,4,6
3,6,10.0,149,1,13,4,15,51,3,4
3,3,4.0,285,5,3,4,16,130,0,30
3,11,15.0,331,2,12,4,8,27,0,1
2,2,23.0,22,6,17,4,6,7,3,17
2,2,23.0,22,6,1,4,4,76,3,17
3,7,27.0,53,4,13,4,8,33,3,15
3,5,19.0,146,0,15,4,14,24,4,10
3,7,11.0,197,1,19,4,1,1,4,9
3,9,6.0,51,4,13,4,14,24,3,23
3,9,6.0,51,4,5,4,15,37,3,23
3,6,10.0,149,1,14,4,0,0,3,4
3,9,16.0,107,3,13,4,14,25,3,2
3,6,10.0,149,1,4,4,1,35,3,4
3,6,10.0,149,1,3,4,13,28,3,4
3,9,16.0,107,3,11,4,7,120,4,2
3,9,16.0,107,3,2,4,14,110,0,2
3,9,16.0,107,3,13,4,2,13,3,2
3,9,23.0,167,3,17,4,16,50,3,17
3,9,23.0,167,3,23,4,14,25,3,17
3,6,24.0,31,1,18,4,0,85,3,14
3,9,23.0,167,3,17,4,13,28,0,17
3,9,23.0,167,3,7,4,16,130,3,17
3,10,2.0,358,2,19,4,5,12,0,22
3,9,23.0,167,3,2,4,9,134,3,17
2,0,6.0,15,5,19,4,0,68,3,23
2,0,6.0,15,5,14,4,15,108,3,23
2,0,6.0,15,5,11,4,9,95,3,23
2,0,6.0,15,5,20,4,12,104,4,23
2,2,25.0,3,0,14,4,13,38,3,13
2,0,6.0,15,5,1,4,16,50,2,23
2,0,8.0,48,3,16,4,14,25,4,8
2,0,8.0,48,3,6,4,13,28,4,8
2,0,8.0,48,3,19,4,1,11,0,8
2,0,8.0,48,3,12,4,9,109,3,8
2,0,8.0,48,3,13,4,8,27,3,8
2,0,8.0,48,3,1,4,16,50,3,8
2,0,8.0,48,3,9,4,8,19,3,8
2,0,8.0,48,3,2,4,8,27,0,8
2,0,16.0,12,0,5,4,13,99,3,2
2,0,16.0,12,0,4,4,6,7,3,2
2,0,16.0,12,0,11,4,3,30,3,2
2,0,16.0,12,0,18,4,8,118,3,2
2,0,23.0,55,0,2,4,10,23,3,17
2,0,23.0,55,0,14,4,5,64,4,17
3,10,4.0,356,5,6,4,11,10,4,30
3,10,4.0,356,5,20,4,6,7,3,30
3,10,4.0,356,5,2,4,8,41,3,30
3,7,28.0,34,5,9,4,6,132,3,18
3,7,28.0,34,5,19,4,6,91,4,18
3,10,4.0,356,5,7,4,6,91,3,30
3,7,28.0,34,5,13,4,12,61,3,18
3,10,4.0,356,5,3,4,12,80,3,30
3,10,5.0,336,6,19,4,16,74,3,24
3,10,5.0,336,6,8,4,6,7,0,24
3,10,5.0,336,6,9,4,8,41,3,24
3,7,28.0,34,5,1,4,12,100,4,18
3,10,5.0,336,6,9,4,6,7,3,24
3,10,5.0,336,6,9,4,8,33,3,24
3,10,5.0,336,6,14,4,16,50,3,24
3,10,5.0,336,6,9,4,6,128,3,24
3,3,2.0,120,2,6,4,9,95,4,22
3,10,13.0,346,3,6,4,8,19,4,25
3,10,13.0,346,3,19,4,12,61,3,25
3,10,13.0,346,3,4,4,2,92,3,25
3,5,5.0,96,0,1,4,2,86,4,24
3,5,5.0,96,0,14,4,16,130,3,24
3,5,5.0,96,0,14,4,16,139,2,24
3,5,5.0,96,0,17,4,13,69,4,24
3,5,6.0,277,1,6,4,1,105,4,23
3,5,6.0,277,1,18,4,0,53,3,23
3,5,6.0,277,1,13,4,14,24,3,23
3,5,6.0,277,1,20,4,7,122,3,23
3,5,6.0,277,1,8,4,12,56,3,23
3,5,6.0,277,1,15,4,6,7,3,23
3,5,6.0,277,1,12,4,6,7,3,23
3,5,6.0,277,1,19,4,10,23,3,23
3,5,6.0,277,1,11,4,1,59,3,23
3,5,30.0,294,5,22,4,9,49,4,19
3,5,30.0,294,5,9,4,6,91,4,19
3,5,30.0,294,5,11,4,8,33,3,19
3,5,30.0,294,5,9,4,11,124,4,19
3,5,30.0,294,5,4,4,10,22,1,19
2,4,1.0,141,1,6,4,6,7,3,7
3,5,30.0,294,5,1,4,8,33,2,19
3,5,14.0,36,2,2,4,6,7,3,5
3,5,14.0,36,2,22,4,9,27,3,5
3,5,14.0,36,2,19,4,6,7,4,5
3,5,14.0,36,2,2,4,9,109,4,5
3,5,14.0,36,2,4,4,10,6,3,5
3,5,14.0,36,2,14,4,4,103,3,5
3,5,14.0,36,2,10,4,6,7,3,5
3,5,14.0,36,2,18,4,6,7,4,5
3,5,14.0,36,2,13,4,7,78,3,5
3,5,14.0,36,2,1,4,1,16,4,5
2,4,21.0,152,0,22,4,1,67,0,21
3,5,19.0,146,0,22,4,3,79,3,10
3,5,19.0,146,0,17,4,7,137,3,10
3,11,28.0,123,1,8,4,16,65,0,18
3,11,15.0,331,2,15,4,13,28,0,1
3,7,11.0,197,1,1,4,9,49,3,9
3,7,27.0,53,4,3,4,1,11,3,15
3,3,4.0,285,5,7,4,9,49,3,30
2,2,23.0,22,6,12,4,14,25,3,17
2,2,25.0,3,0,12,4,6,128,3,13
3,11,15.0,331,2,23,4,6,91,4,1
3,7,11.0,197,1,0,4,2,123,3,9
3,3,4.0,285,5,14,4,8,9,3,30
2,2,23.0,22,6,4,4,6,7,3,17
3,7,27.0,53,4,18,4,14,32,4,15
3,11,22.0,250,2,14,4,4,82,3,26
2,0,6.0,15,5,9,4,14,88,4,23
3,6,6.0,83,5,8,4,11,15,3,23
3,6,6.0,83,5,22,4,1,54,3,23
3,7,11.0,197,1,9,4,6,7,3,9
3,7,11.0,197,1,18,4,6,7,3,9
3,6,11.0,355,2,2,4,6,7,3,9
3,7,11.0,197,1,9,4,6,7,3,9
3,7,11.0,197,1,17,4,14,24,3,9
3,6,11.0,355,2,12,4,0,15,3,9
3,7,11.0,197,1,2,4,0,77,3,9
3,6,11.0,355,2,22,4,6,89,1,9
2,0,17.0,0,1,1,4,8,41,3,6
3,5,17.0,212,6,8,4,15,39,3,6
3,5,17.0,212,6,4,4,6,7,3,6
3,5,17.0,212,6,9,4,8,33,4,6
3,5,17.0,212,6,18,4,9,54,4,6
2,0,17.0,0,1,9,4,2,2,4,6
3,5,17.0,212,6,22,4,6,7,3,6
2,0,18.0,13,2,16,4,4,127,4,0
3,5,17.0,212,6,3,4,14,24,3,6
2,0,18.0,13,2,1,4,7,57,4,0
2,4,26.0,274,6,18,4,10,23,3,3
2,2,25.0,3,0,12,4,16,72,3,13
3,11,28.0,123,1,17,4,3,79,3,18
2,0,18.0,13,2,17,4,1,1,4,0
3,5,23.0,168,5,3,4,0,12,3,17
2,0,18.0,13,2,19,4,13,48,4,0
2,10,6.0,243,6,14,4,15,31,3,23
3,5,23.0,168,5,15,4,1,67,3,17
3,5,23.0,168,5,9,4,8,65,4,17
3,5,23.0,168,5,3,4,6,7,3,17
2,10,6.0,243,6,10,4,6,7,3,23
3,5,24.0,58,6,13,4,9,87,3,14
2,10,16.0,256,1,13,4,8,19,0,2
2,10,16.0,256,1,13,4,0,53,3,2
3,11,7.0,253,1,18,4,1,59,3,11
3,3,10.0,4,4,19,4,2,2,4,4
2,4,11.0,134,5,9,4,10,52,3,9
3,3,10.0,4,4,2,4,2,2,3,4
3,3,10.0,4,4,6,4,16,37,3,4
2,4,11.0,134,5,18,4,1,59,4,9
3,3,12.0,104,6,8,4,6,128,0,28
3,3,12.0,104,6,11,4,13,69,0,28
3,3,12.0,104,6,16,4,16,37,4,28
3,3,12.0,104,6,16,4,7,62,3,28
3,3,12.0,104,6,6,4,8,19,3,28
3,3,12.0,104,6,18,4,13,13,3,28
3,3,12.0,104,6,19,4,6,89,3,28
3,3,12.0,104,6,4,4,14,25,3,28
3,3,12.0,104,6,9,4,12,135,3,28
3,3,30.0,304,2,17,4,8,19,3,19
3,3,30.0,304,2,20,4,10,43,3,19
3,3,30.0,304,2,16,4,12,104,4,19
3,3,30.0,304,2,9,4,12,121,3,19
2,8,26.0,78,4,13,4,9,87,3,3
2,8,26.0,78,4,18,4,12,100,4,3
2,8,26.0,78,4,4,4,10,47,3,3
2,8,27.0,224,5,4,4,6,91,4,15
2,8,27.0,224,5,20,4,6,7,3,15
3,5,3.0,161,6,11,4,1,67,4,27
3,5,3.0,161,6,23,4,14,25,3,27
2,8,27.0,224,5,21,4,8,9,3,15
2,8,27.0,224,5,14,4,16,74,3,15
3,5,4.0,114,3,4,4,8,118,3,30
3,5,4.0,114,3,1,4,3,79,4,30
3,5,4.0,114,3,1,4,9,57,4,30
3,5,4.0,114,3,2,4,6,91,3,30
3,5,4.0,114,3,1,4,8,19,4,30
2,8,27.0,224,5,17,4,2,60,0,15
2,8,28.0,301,6,9,4,15,31,3,18
3,5,5.0,96,0,17,4,1,105,4,24
2,8,28.0,301,6,12,4,0,0,3,18
2,8,29.0,103,3,19,4,7,122,4,16
2,8,29.0,103,3,14,4,3,76,4,16
2,8,14.0,72,6,1,4,16,113,3,5
2,1,13.0,183,1,19,4,8,9,0,25
2,1,13.0,183,1,20,4,0,64,3,25
2,1,13.0,183,1,11,4,15,39,3,25
2,1,13.0,183,1,18,4,15,77,3,25
2,1,13.0,183,1,18,4,1,67,3,25
2,1,7.0,62,2,2,4,14,106,3,11
2,1,7.0,62,2,3,4,14,106,3,11
2,10,14.0,60,3,6,4,10,12,3,5
2,10,14.0,60,3,12,4,8,9,3,5
2,2,15.0,220,5,14,4,8,27,2,1
3,11,22.0,250,2,8,4,11,47,3,26
2,0,6.0,15,5,2,4,1,81,4,23
2,2,23.0,22,6,2,4,13,38,3,17
3,3,11.0,337,5,18,4,14,126,4,9
3,7,27.0,53,4,19,4,8,41,3,15
2,4,26.0,274,6,10,4,9,93,3,3
2,2,25.0,3,0,17,4,13,38,0,13
3,11,22.0,250,2,12,4,9,63,3,26
2,2,23.0,22,6,14,4,9,54,4,17
2,1,12.0,207,0,13,4,8,118,3,28
3,3,11.0,337,5,11,4,0,53,3,9
2,0,6.0,15,5,12,4,2,35,2,23
3,7,13.0,238,4,22,4,0,31,3,25
3,5,19.0,146,0,17,4,14,110,3,10
2,1,28.0,112,2,1,4,14,25,2,18
2,2,25.0,3,0,12,4,14,25,3,13
3,11,28.0,123,1,9,4,0,26,3,18
3,11,22.0,250,2,17,4,6,126,3,26
3,7,13.0,238,4,13,4,5,6,0,25
2,4,26.0,274,6,13,4,8,41,4,3
2,2,25.0,3,0,9,4,7,137,3,13
2,8,15.0,73,3,11,4,1,105,0,1
3,11,22.0,250,2,12,4,14,24,1,26
3,6,12.0,162,4,23,4,9,57,4,28
3,5,19.0,146,0,2,4,7,137,3,10
2,2,25.0,3,0,2,4,13,48,3,13
3,7,1.0,98,6,4,4,6,7,3,7
3,11,22.0,250,2,4,4,14,25,0,26
3,6,12.0,162,4,14,4,7,31,3,28
2,2,15.0,220,5,20,4,9,95,3,1
3,7,7.0,293,5,6,4,6,89,4,11
3,11,22.0,250,2,18,4,11,18,3,26
3,5,19.0,146,0,4,4,15,46,4,10
2,2,15.0,220,5,23,4,9,95,3,1
2,8,15.0,73,3,5,4,13,28,0,1
3,11,22.0,250,2,1,4,12,83,4,26
3,9,1.0,126,6,17,4,15,39,1,7
3,9,1.0,126,6,17,4,0,26,3,7
3,9,1.0,126,6,19,4,11,18,3,7
3,9,1.0,126,6,18,4,16,37,3,7
3,9,14.0,106,5,4,4,14,24,3,5
3,9,14.0,106,5,1,4,9,10,4,5
3,9,14.0,106,5,9,4,9,101,4,5
3,9,14.0,106,5,18,4,2,40,3,5
2,6,17.0,308,0,5,4,16,37,0,6
3,5,28.0,259,2,12,4,6,7,3,18
3,5,28.0,259,2,4,4,2,3,4,18
3,5,28.0,259,2,18,4,14,125,4,18
3,5,28.0,259,2,18,4,6,14,4,18
3,5,28.0,259,2,6,4,9,49,3,18
3,5,28.0,259,2,18,4,6,91,4,18
3,5,29.0,24,4,13,4,12,17,3,16
3,5,29.0,24,4,19,4,9,95,3,16
3,5,29.0,24,4,17,4,6,91,4,16
3,5,29.0,24,4,17,4,9,83,3,16
3,5,29.0,24,4,1,4,1,81,4,16
2,6,17.0,308,0,1,4,0,53,3,6
2,6,17.0,308,0,15,4,12,80,3,6
3,5,31.0,196,6,2,4,15,46,3,20
3,5,31.0,196,6,17,4,9,49,3,20
3,5,31.0,196,6,19,4,2,69,3,20
3,5,31.0,196,6,19,4,10,47,3,20
3,5,31.0,196,6,0,4,8,9,4,20
3,5,31.0,196,6,1,4,6,7,0,20
3,5,31.0,196,6,0,4,2,92,4,20
2,2,12.0,276,1,9,4,15,85,2,28
3,6,13.0,317,5,4,4,4,82,3,25
3,6,13.0,317,5,6,4,12,100,4,25
2,4,18.0,142,5,19,4,12,84,3,0
3,6,13.0,317,5,9,4,9,87,4,25
3,6,13.0,317,5,7,4,16,130,3,25
2,4,18.0,142,5,18,4,1,105,4,0
3,6,13.0,317,5,23,4,6,7,3,25
2,4,28.0,313,0,17,4,8,27,0,18
3,6,14.0,173,6,18,4,7,62,3,5
2,2,5.0,251,1,2,4,4,4,3,24
3,6,14.0,173,6,1,4,3,103,3,5
3,6,14.0,173,6,8,4,9,57,3,5
3,6,14.0,173,6,2,4,13,48,0,5
3,6,14.0,173,6,14,4,9,63,4,5
2,2,5.0,251,1,12,4,15,51,0,24
3,6,14.0,173,6,17,4,9,93,3,5
3,6,14.0,173,6,12,4,15,51,3,5
2,2,5.0,251,1,5,4,11,133,3,24
2,2,13.0,231,2,7,4,6,7,4,25
3,6,14.0,173,6,22,4,13,29,3,5
3,6,14.0,173,6,1,4,14,125,4,5
2,2,13.0,231,2,8,4,9,57,3,25
3,9,14.0,106,5,19,4,2,71,3,5
3,9,15.0,226,6,21,4,9,10,4,1
3,9,17.0,255,0,18,4,16,42,3,6
3,9,17.0,255,0,4,4,7,54,3,6
3,9,17.0,255,0,19,4,13,38,0,6
3,9,17.0,255,0,1,4,16,37,3,6
3,9,17.0,255,0,4,4,12,135,4,6
3,9,17.0,255,0,17,4,6,7,0,6
3,9,17.0,255,0,15,4,13,29,3,6
3,9,22.0,92,6,2,4,6,91,4,26
3,9,22.0,92,6,8,4,0,31,4,26
3,9,22.0,92,6,22,4,5,6,3,26
3,9,22.0,92,6,4,4,7,57,4,26
3,9,22.0,92,6,11,4,7,122,3,26
3,9,22.0,92,6,18,4,14,106,4,26
3,9,25.0,344,1,3,4,14,25,3,13
3,7,6.0,93,4,19,4,11,124,4,23
3,7,6.0,93,4,23,4,6,7,3,23
3,7,6.0,93,4,19,4,1,16,4,23
3,7,6.0,93,4,1,4,15,51,3,23
3,7,6.0,93,4,16,4,9,87,3,23
3,7,6.0,93,4,18,4,6,7,4,23
3,7,6.0,93,4,10,4,6,7,4,23
3,7,6.0,93,4,23,4,6,7,3,23
3,7,6.0,93,4,2,4,8,41,3,23
3,7,6.0,93,4,16,4,1,16,4,23
3,6,12.0,162,4,4,4,3,76,4,28
2,2,15.0,220,5,12,4,14,107,3,1
3,6,12.0,162,4,8,4,1,11,3,28
2,2,15.0,220,5,3,4,3,44,3,1
2,0,23.0,55,0,2,4,8,65,0,17
3,6,12.0,162,4,13,4,9,102,3,28
2,2,14.0,130,4,14,4,13,69,3,5
3,6,12.0,162,4,12,4,12,100,4,28
2,2,14.0,130,4,1,4,8,19,3,5
2,4,19.0,115,6,14,4,3,115,3,10
2,2,23.0,22,6,22,4,8,9,3,17
3,7,13.0,238,4,4,4,6,14,4,25
2,1,12.0,207,0,22,4,5,6,0,28
2,2,7.0,258,4,17,4,8,19,0,11
2,4,19.0,115,6,12,4,5,12,0,10
2,2,23.0,22,6,3,4,3,30,4,17
3,11,1.0,222,2,13,4,8,27,0,7
2,8,17.0,75,1,19,4,14,25,3,6
2,1,19.0,151,0,19,4,7,137,4,10
3,3,11.0,337,5,15,4,15,119,3,9
2,4,19.0,115,6,15,4,1,1,2,10
2,4,19.0,115,6,13,4,8,19,0,10
2,4,19.0,115,6,19,4,8,19,3,10
2,4,9.0,79,2,19,4,12,121,2,12
3,7,17.0,95,0,20,4,6,89,3,6
3,7,17.0,95,0,19,4,1,11,3,6
2,4,9.0,79,2,1,4,0,64,3,12
2,4,25.0,80,5,12,4,14,25,3,13
2,4,25.0,80,5,23,4,13,48,3,13
2,4,25.0,80,5,23,4,14,25,3,13
3,7,23.0,202,3,18,4,9,57,4,17
3,3,1.0,180,1,17,4,16,50,3,7
3,3,1.0,180,1,5,4,8,27,2,7
3,3,1.0,180,1,14,4,0,85,3,7
3,3,1.0,180,1,12,4,8,27,3,7
2,4,31.0,16,4,1,4,15,114,3,20
3,3,1.0,180,1,15,4,10,22,4,7
3,3,1.0,180,1,20,4,9,27,3,7
2,4,31.0,16,4,6,4,13,29,1,20
2,4,31.0,16,4,12,4,13,48,0,20
3,3,17.0,54,4,13,4,3,30,0,6
3,7,4.0,186,1,18,4,9,54,4,30
2,1,1.0,171,4,2,4,9,49,3,7
2,1,4.0,219,3,1,4,13,38,3,30
3,7,4.0,186,1,22,4,13,48,3,30
2,1,4.0,219,3,3,4,8,19,0,30
2,1,4.0,219,3,18,4,16,37,4,30
3,7,4.0,186,1,19,4,6,14,4,30
3,7,4.0,186,1,5,4,6,7,3,30
3,7,4.0,186,1,1,4,13,48,4,30
3,7,4.0,186,1,19,4,6,132,4,30
2,1,4.0,219,3,4,4,14,34,3,30
2,1,4.0,219,3,18,4,6,128,3,30
3,7,19.0,330,2,17,4,8,9,4,10
2,1,10.0,111,6,19,4,6,7,3,4
2,1,12.0,207,0,11,4,6,89,3,28
3,7,19.0,330,2,8,4,2,2,3,10
3,7,19.0,330,2,9,4,9,93,3,10
2,1,12.0,207,0,8,4,0,53,3,28
3,7,27.0,53,4,8,4,14,25,3,15
3,7,27.0,53,4,3,4,1,11,3,15
2,2,6.0,153,2,14,4,8,41,3,23
2,2,6.0,153,2,4,4,6,7,3,23
2,2,7.0,258,4,8,4,0,26,3,11
2,2,7.0,258,4,9,4,14,106,4,11
2,2,7.0,258,4,17,4,8,19,3,11
2,2,7.0,258,4,12,4,10,6,3,11
2,2,7.0,258,4,14,4,6,132,3,11
2,2,14.0,130,4,1,4,10,23,3,5
2,2,14.0,130,4,7,4,10,52,4,5
2,2,14.0,130,4,4,4,8,9,3,5
2,2,14.0,130,4,20,4,9,9,3,5
2,2,15.0,220,5,1,4,9,63,4,1
2,2,15.0,220,5,17,4,8,65,4,1
2,2,15.0,220,5,17,4,10,43,0,1
2,2,15.0,220,5,12,4,2,40,4,1
2,2,15.0,220,5,19,4,8,118,3,1
2,2,15.0,220,5,1,4,1,1,4,1
3,9,12.0,177,2,9,4,11,55,4,28
3,9,12.0,177,2,2,4,11,117,3,28
3,9,12.0,177,2,15,4,12,80,3,28
3,9,12.0,177,2,17,4,1,35,4,28
3,9,12.0,177,2,0,4,13,38,1,28
3,9,18.0,359,1,17,4,0,12,3,0
2,8,4.0,101,2,21,4,2,60,2,30
3,9,18.0,359,1,12,4,13,29,3,0
3,9,18.0,359,1,14,4,9,49,3,0
2,8,4.0,101,2,5,4,9,95,3,30
2,8,4.0,101,2,18,4,14,32,2,30
2,8,10.0,306,1,17,4,4,75,4,4
3,9,18.0,359,1,19,4,9,27,0,0
2,8,10.0,306,1,3,4,13,28,3,4
3,9,19.0,234,2,11,4,2,86,0,10
3,9,19.0,234,2,1,4,6,91,3,10
3,9,19.0,234,2,3,4,6,7,3,10
3,9,21.0,362,5,3,4,14,24,3,21
3,9,21.0,362,5,19,4,1,35,3,21
3,9,21.0,362,5,22,4,14,25,3,21
3,9,21.0,362,5,7,4,8,9,4,21
2,0,24.0,281,1,4,4,7,57,4,14
2,2,6.0,153,2,14,4,14,25,3,23
2,0,24.0,281,1,14,4,15,39,3,14
2,2,23.0,22,6,8,4,6,116,3,17
2,2,6.0,153,2,17,4,8,19,3,23
3,7,7.0,293,5,12,4,6,7,3,11
2,0,24.0,281,1,7,4,16,37,3,14
3,3,23.0,57,2,12,4,1,105,4,17
2,4,17.0,26,4,14,4,16,50,4,6
2,4,8.0,18,1,14,4,14,32,3,8
2,0,24.0,281,1,23,4,8,19,0,14
3,3,23.0,57,2,12,4,9,109,4,17
2,4,15.0,25,1,13,4,14,131,3,1
2,4,8.0,18,1,15,4,9,134,3,8
2,0,24.0,281,1,5,4,7,129,3,14
2,0,24.0,281,1,9,4,8,9,3,14
2,0,24.0,281,1,2,4,3,115,3,14
2,0,26.0,23,4,20,4,9,10,3,3
2,0,26.0,23,4,2,4,8,41,3,3
2,0,26.0,23,4,4,4,0,0,3,3
2,0,26.0,23,4,1,4,8,19,4,3
2,0,26.0,23,4,4,4,9,57,3,3
3,11,5.0,240,3,6,4,8,65,4,24
3,11,5.0,240,3,4,4,12,61,3,24
3,11,5.0,240,3,2,4,13,48,3,24
3,11,5.0,240,3,22,4,6,7,0,24
3,11,15.0,331,2,15,4,0,77,3,1
3,11,15.0,331,2,17,4,16,65,4,1
2,4,18.0,142,5,8,4,6,132,4,0
3,6,3.0,99,1,17,4,9,54,3,27
3,6,3.0,99,1,4,4,14,32,3,27
3,6,3.0,99,1,9,4,14,24,4,27
2,4,18.0,142,5,4,4,12,80,4,0
3,6,3.0,99,1,14,4,15,46,3,27
3,6,3.0,99,1,18,4,15,96,3,27
3,6,3.0,99,1,9,4,6,7,3,27
3,7,29.0,268,6,8,4,6,132,3,16
2,4,18.0,142,5,1,4,9,93,4,0
3,6,3.0,99,1,8,4,6,128,3,27
3,6,5.0,342,4,4,4,14,97,4,24
3,6,5.0,342,4,18,4,13,29,3,24
3,6,5.0,342,4,17,4,8,19,3,24
3,6,5.0,342,4,7,4,2,123,4,24
2,4,18.0,142,5,2,4,6,7,3,0
3,6,5.0,342,4,0,4,3,30,0,24
3,6,5.0,342,4,9,4,6,7,4,24
3,6,5.0,342,4,8,4,8,9,3,24
3,6,5.0,342,4,8,4,14,126,3,24
3,6,5.0,342,4,20,4,16,113,3,24
3,6,5.0,342,4,2,4,6,91,3,24
3,6,5.0,342,4,9,4,14,25,4,24
3,5,19.0,146,0,3,4,13,99,4,10
3,5,19.0,146,0,18,4,1,11,3,10
3,5,19.0,146,0,12,4,1,81,4,10
3,5,19.0,146,0,1,4,1,81,4,10
3,5,19.0,146,0,8,4,7,120,1,10
3,5,19.0,146,0,4,4,14,107,0,10
2,4,26.0,274,6,18,4,2,69,1,3
2,4,27.0,218,3,12,4,1,81,4,15
3,5,20.0,214,1,19,4,3,44,4,29
2,4,27.0,218,3,9,4,7,120,3,15
2,4,27.0,218,3,9,4,8,9,3,15
2,4,30.0,67,2,12,4,14,25,3,19
2,4,30.0,67,2,19,4,0,26,3,19
3,5,20.0,214,1,4,4,14,131,3,29
2,2,4.0,127,0,12,4,9,27,3,30
3,5,20.0,214,1,11,4,8,19,3,29
3,5,20.0,214,1,13,4,16,50,3,29
3,5,21.0,351,2,21,4,13,48,4,21
2,2,10.0,297,3,1,4,16,74,3,4
2,2,10.0,297,3,18,4,6,126,3,4
2,6,3.0,159,0,13,4,13,28,0,27
3,10,13.0,346,3,19,4,12,84,3,25
3,10,13.0,346,3,21,4,5,12,3,25
3,10,13.0,346,3,14,4,7,20,3,25
3,10,13.0,346,3,18,4,7,54,4,25
3,10,13.0,346,3,22,4,15,114,4,25
3,10,23.0,247,2,14,4,6,7,3,17
3,10,23.0,247,2,9,4,1,59,4,17
3,10,23.0,247,2,16,4,6,128,3,17
3,10,23.0,247,2,10,4,6,7,0,17
3,10,23.0,247,2,17,4,16,74,3,17
3,10,23.0,247,2,17,4,7,54,4,17
3,10,23.0,247,2,1,4,0,64,0,17
3,10,23.0,247,2,8,4,15,114,3,17
3,10,23.0,247,2,16,4,13,99,3,17
3,3,2.0,120,2,1,4,7,120,3,22
3,1,13.0,207,2,15,4,1,1,3,25
3,3,3.0,182,4,7,4,6,7,4,27
3,3,3.0,182,4,19,4,1,67,3,27
3,1,13.0,207,2,2,4,3,103,3,25
3,3,23.0,57,2,19,4,3,79,3,17
2,4,15.0,25,1,9,4,16,50,3,1
3,3,24.0,357,4,4,4,9,109,4,14
3,6,22.0,185,3,1,4,14,97,4,26
3,3,24.0,357,4,19,4,10,22,3,14
2,4,14.0,132,0,10,4,9,87,3,5
2,4,14.0,132,0,18,4,14,131,3,5
3,7,29.0,268,6,2,4,7,78,4,16
3,3,24.0,357,4,6,4,6,7,3,14
2,4,14.0,132,0,2,4,1,16,3,5
3,7,29.0,268,6,7,4,6,7,4,16
3,6,22.0,185,3,12,4,12,135,4,26
3,3,24.0,357,4,19,4,8,118,3,14
2,8,13.0,296,5,16,4,2,2,0,25
2,1,21.0,164,2,18,4,16,50,3,21
3,6,22.0,185,3,9,4,8,9,3,26
3,3,24.0,357,4,14,4,14,25,3,14
3,7,12.0,181,2,22,4,8,9,3,28
2,1,21.0,164,2,17,4,6,73,3,21
3,6,22.0,185,3,9,4,15,119,2,26
3,3,24.0,357,4,18,4,7,20,4,14
3,7,20.0,266,4,14,4,9,109,4,29
2,1,27.0,300,1,9,4,6,132,4,15
3,6,22.0,185,3,9,4,14,125,2,26
3,3,24.0,357,4,18,4,0,15,1,14
3,3,24.0,357,4,3,4,2,2,3,14
3,3,24.0,357,4,20,4,13,99,3,14
3,3,24.0,357,4,22,4,8,41,3,14
3,3,24.0,357,4,1,4,12,17,4,14
3,3,24.0,357,4,11,4,16,130,0,14
3,3,24.0,357,4,1,4,6,91,4,14
2,2,26.0,136,1,1,4,4,66,3,3
2,2,26.0,136,1,13,4,6,89,3,3
2,0,1.0,47,3,9,4,2,3,3,7
3,3,25.0,347,5,1,4,0,85,3,13
3,3,25.0,347,5,20,4,9,58,3,13
3,7,30.0,42,3,17,4,9,63,4,19
3,7,30.0,42,3,18,4,8,33,4,19
3,3,19.0,138,6,8,4,6,7,3,10
3,3,19.0,138,6,19,4,13,48,3,10
2,8,1.0,77,3,13,4,5,12,3,7
2,8,1.0,77,3,13,4,13,38,0,7
2,8,2.0,363,0,9,4,6,7,3,22
3,3,20.0,105,3,17,4,12,61,3,29
3,3,20.0,105,3,19,4,8,9,3,29
2,8,2.0,363,0,6,4,16,65,4,22
2,5,25.0,37,6,17,4,7,78,3,13
3,3,22.0,166,1,17,4,1,105,3,26
3,3,22.0,166,1,2,4,2,71,4,26
3,3,22.0,166,1,15,4,0,77,3,26
3,3,22.0,166,1,23,4,9,54,4,26
2,11,1.0,222,0,17,4,15,51,1,7
2,8,2.0,363,0,14,4,7,54,2,22
3,3,27.0,361,3,13,4,7,62,3,15
3,7,3.0,269,0,7,4,12,61,3,27
3,7,3.0,269,0,8,4,16,72,4,27
3,7,3.0,269,0,12,4,2,40,3,27
3,7,3.0,269,0,14,4,8,41,4,27
3,7,3.0,269,0,18,4,13,48,4,27
3,7,3.0,269,0,18,4,7,20,3,27
3,7,3.0,269,0,10,4,8,33,4,27
2,8,13.0,296,5,3,4,7,137,4,25
3,7,10.0,329,0,13,4,6,89,4,4
2,8,13.0,296,5,1,4,6,7,4,25
3,7,10.0,329,0,5,4,8,33,0,4
2,8,13.0,296,5,5,4,8,118,3,25
3,7,10.0,329,0,5,4,1,67,3,4
2,8,13.0,296,5,14,4,1,1,4,25
3,7,10.0,329,0,12,4,15,85,3,4
3,7,10.0,329,0,4,4,16,72,3,4
3,7,10.0,329,0,10,4,16,50,4,4
2,8,13.0,296,5,20,4,1,1,2,25
3,7,10.0,329,0,4,4,14,25,0,4
3,7,12.0,181,2,18,4,9,10,4,28
3,7,12.0,181,2,11,4,2,2,3,28
3,9,13.0,91,4,15,4,13,38,3,25
3,3,21.0,338,0,0,4,2,71,3,21
3,3,21.0,338,0,6,4,6,7,4,21
3,3,21.0,338,0,6,4,8,19,4,21
3,3,21.0,338,0,10,4,10,47,3,21
3,9,13.0,91,4,17,4,2,92,3,25
3,9,13.0,91,4,15,4,1,1,3,25
3,9,20.0,119,4,1,4,14,25,3,29
3,9,20.0,119,4,0,4,6,7,3,29
3,5,13.0,184,1,9,4,6,7,0,25
3,5,13.0,184,1,0,4,1,105,4,25
3,5,13.0,184,1,18,4,14,106,4,25
3,5,13.0,184,1,18,4,14,106,4,25
3,9,27.0,179,4,20,4,2,2,3,15
3,5,13.0,184,1,15,4,10,47,3,25
3,5,13.0,184,1,0,4,0,64,3,25
3,9,27.0,179,4,4,4,6,7,2,15
3,9,27.0,179,4,9,4,16,65,4,15
3,9,27.0,179,4,7,4,6,73,4,15
3,9,27.0,179,4,6,4,1,105,4,15
3,9,27.0,179,4,15,4,5,64,3,15
3,9,28.0,315,5,1,4,9,57,4,18
2,4,8.0,18,1,9,4,4,103,3,8
3,6,22.0,185,3,17,4,13,28,0,26
3,7,20.0,266,4,21,4,14,24,3,29
2,7,29.0,42,5,17,4,6,7,3,16
2,1,29.0,100,4,2,4,13,48,0,16
3,6,22.0,185,3,9,4,14,97,4,26
3,6,22.0,185,3,9,4,9,9,3,26
3,7,13.0,238,4,23,4,2,92,3,25
3,11,7.0,253,1,4,4,15,39,3,11
3,5,24.0,58,6,14,4,11,117,3,14
3,5,24.0,58,6,12,4,6,7,3,14
3,5,24.0,58,6,11,4,10,22,3,14
3,11,9.0,311,4,20,4,6,7,4,12
3,11,9.0,311,4,23,4,1,35,2,12
3,11,17.0,110,5,12,4,3,103,3,6
3,5,25.0,350,3,12,4,16,37,3,13
3,11,17.0,110,5,4,4,8,118,3,6
3,5,25.0,350,3,19,4,9,57,3,13
3,11,17.0,110,5,14,4,8,19,3,6
3,5,25.0,350,3,18,4,14,32,4,13
3,5,25.0,350,3,1,4,1,81,3,13
3,5,25.0,350,3,9,4,12,56,3,13
3,11,17.0,110,5,20,4,6,132,4,6
3,11,23.0,232,4,2,4,9,63,4,17
3,6,8.0,59,3,4,4,11,117,0,8
3,11,23.0,232,4,1,4,16,108,3,17
3,11,24.0,194,5,8,4,6,73,0,14
3,11,25.0,88,6,8,4,1,81,4,13
3,6,8.0,59,3,12,4,2,13,2,8
3,3,30.0,304,2,9,4,0,53,3,19
3,3,30.0,304,2,18,4,8,118,3,19
3,3,30.0,304,2,9,4,16,50,3,19
3,5,2.0,307,5,4,4,13,38,3,22
3,5,2.0,307,5,6,4,8,9,4,22
2,4,21.0,152,0,1,4,9,27,3,21
3,5,2.0,307,5,6,4,6,7,0,22
3,5,2.0,307,5,8,4,8,19,3,22
3,5,2.0,307,5,1,4,1,67,4,22
3,5,2.0,307,5,16,4,14,110,0,22
3,5,2.0,307,5,1,4,9,109,4,22
3,5,2.0,307,5,17,4,14,110,3,22
3,5,2.0,307,5,14,4,8,9,0,22
3,5,12.0,327,0,18,4,15,108,3,28
3,5,12.0,327,0,4,4,8,27,3,28
3,5,12.0,327,0,5,4,0,53,3,28
3,5,12.0,327,0,12,4,14,110,3,28
3,5,12.0,327,0,19,4,2,71,4,28
3,5,14.0,36,2,18,4,9,10,4,5
3,5,14.0,36,2,1,4,9,10,4,5
3,7,13.0,238,4,19,4,14,25,3,25
3,6,29.0,335,3,17,4,16,50,3,16
3,7,21.0,81,5,17,4,0,77,4,21
3,7,21.0,81,5,14,4,7,20,3,21
3,6,29.0,335,3,17,4,1,105,4,16
3,7,21.0,81,5,18,4,14,106,4,21
3,7,21.0,81,5,1,4,6,89,3,21
3,7,21.0,81,5,8,4,0,53,3,21
3,7,21.0,81,5,14,4,6,89,3,21
3,7,21.0,81,5,19,4,2,2,4,21
3,6,30.0,145,0,6,4,6,89,4,19
3,7,22.0,211,6,13,4,10,22,3,26
3,7,22.0,211,6,5,4,14,125,3,26
3,6,30.0,145,0,16,4,2,60,4,19
3,6,30.0,145,0,9,4,16,130,3,19
3,6,30.0,145,0,14,4,1,105,3,19
3,7,22.0,211,6,5,4,6,7,3,26
3,6,30.0,145,0,20,4,15,119,4,19
3,7,28.0,34,5,9,4,1,105,4,18
3,6,30.0,145,0,18,4,16,65,3,19
3,6,30.0,145,0,19,4,0,68,4,19
3,7,28.0,34,5,9,4,2,69,3,18
3,6,30.0,145,0,17,4,9,57,2,19
3,9,6.0,51,4,9,4,8,19,4,23
3,6,8.0,59,3,10,4,9,9,3,8
3,6,10.0,149,1,0,4,8,33,3,4
3,9,6.0,51,4,19,4,8,65,3,23
3,7,20.0,266,4,14,4,2,2,4,29
2,4,8.0,18,1,12,4,6,7,3,8
3,7,20.0,266,4,12,4,16,65,3,29
3,7,20.0,266,4,18,4,13,99,4,29
3,7,8.0,94,6,17,4,14,110,0,8
3,7,20.0,266,4,1,4,9,109,4,29
3,7,8.0,94,6,17,4,12,56,4,8
2,8,13.0,296,5,11,4,7,57,3,25
2,4,8.0,18,1,16,4,8,27,3,8
3,3,5.0,324,6,3,4,1,67,3,24
2,4,8.0,18,1,1,4,14,126,3,8
3,7,8.0,94,6,22,4,13,28,3,8
3,7,30.0,42,3,7,4,16,130,3,19
2,4,8.0,18,1,4,4,0,53,3,8
3,7,17.0,95,0,8,4,8,9,3,6
3,7,17.0,95,0,0,4,12,84,1,6
3,7,17.0,95,0,19,4,15,39,3,6
2,4,9.0,79,2,0,4,0,12,3,12
2,8,14.0,72,6,13,4,9,95,3,5
2,8,14.0,72,6,15,4,8,41,2,5
2,8,14.0,72,6,9,4,16,37,3,5
2,8,14.0,72,6,21,4,16,72,3,5
2,8,14.0,72,6,14,4,6,14,4,5
2,8,14.0,72,6,15,4,13,28,4,5
2,4,14.0,132,0,21,4,6,7,3,5
2,4,14.0,132,0,9,4,6,7,3,5
2,4,14.0,132,0,2,4,7,54,4,5
2,4,14.0,132,0,11,4,14,110,0,5
2,4,14.0,132,0,4,4,16,74,4,5
2,4,14.0,132,0,1,4,6,7,4,5
2,4,15.0,25,1,13,4,6,7,3,1
2,4,15.0,25,1,19,4,13,38,3,1
2,4,15.0,25,1,8,4,6,7,3,1
2,4,15.0,25,1,17,4,8,65,0,1
2,4,15.0,25,1,5,4,8,41,3,1
2,4,15.0,25,1,4,4,12,121,1,1
2,4,15.0,25,1,4,4,12,84,3,1
2,4,15.0,25,1,1,4,6,7,3,1
3,11,28.0,123,1,13,4,12,17,3,18
2,1,28.0,112,2,18,4,9,49,4,18
3,9,10.0,156,0,11,4,9,10,3,4
3,9,10.0,156,0,19,4,6,7,4,4
2,8,4.0,101,2,13,4,13,38,3,30
3,9,10.0,156,0,1,4,6,7,4,4
2,8,4.0,101,2,14,4,16,72,3,30
3,9,10.0,156,0,19,4,6,7,3,4
3,9,10.0,156,0,1,4,14,34,3,4
3,9,11.0,52,1,1,4,8,41,1,9
3,9,11.0,52,1,19,4,8,33,3,9
3,9,11.0,52,1,12,4,16,37,0,9
3,9,11.0,52,1,19,4,1,105,4,9
3,9,11.0,52,1,18,4,15,46,4,9
3,9,11.0,52,1,3,4,2,2,4,9
3,9,11.0,52,1,1,4,15,39,3,9
3,9,12.0,177,2,18,4,16,130,0,28
3,9,12.0,177,2,15,4,1,35,4,28
3,9,12.0,177,2,6,4,16,37,3,28
2,4,15.0,25,1,18,4,0,12,3,1
2,4,15.0,25,1,5,4,8,9,3,1
2,4,15.0,25,1,11,4,14,25,3,1
2,4,15.0,25,1,15,4,11,15,3,1
2,4,15.0,25,1,4,4,9,49,2,1
2,4,17.0,26,4,13,4,16,130,3,6
2,4,17.0,26,4,18,4,1,59,4,6
2,4,17.0,26,4,19,4,8,118,1,6
2,4,17.0,26,4,19,4,6,128,4,6
2,4,17.0,26,4,9,4,14,34,4,6
2,4,17.0,26,4,20,4,16,50,0,6
2,4,17.0,26,4,15,4,9,87,3,6
2,2,6.0,153,2,17,4,8,19,3,23
2,2,6.0,153,2,3,4,7,78,3,23
2,2,6.0,153,2,8,4,2,2,4,23
2,2,6.0,153,2,8,4,1,16,3,23
2,2,6.0,153,2,19,4,10,23,3,23
3,3,3.0,182,4,6,4,9,9,3,27
3,3,3.0,182,4,14,4,16,37,3,27
3,3,4.0,285,5,22,4,14,24,3,30
3,3,4.0,285,5,23,4,14,25,3,30
3,3,4.0,285,5,14,4,2,86,3,30
3,11,27.0,322,0,22,4,10,23,2,15
3,11,27.0,322,0,13,4,9,57,0,15
3,11,27.0,322,0,12,4,12,104,4,15
3,3,5.0,324,6,18,4,9,134,4,24
2,8,1.0,77,3,23,4,8,19,4,7
3,3,5.0,324,6,13,4,15,51,3,24
3,7,30.0,42,3,14,4,4,75,1,19
3,3,5.0,324,6,9,4,14,97,3,24
2,8,1.0,77,3,9,4,6,7,4,7
3,3,5.0,324,6,20,4,13,48,4,24
2,8,1.0,77,3,18,4,4,82,1,7
3,3,5.0,324,6,2,4,8,118,3,24
2,8,1.0,77,3,9,4,8,118,3,7
2,4,2.0,279,2,3,4,15,85,3,22
3,7,30.0,42,3,17,4,16,130,3,19
2,4,3.0,178,4,17,4,3,30,0,27
2,4,31.0,16,4,11,4,16,139,3,20
3,3,5.0,324,6,14,4,0,64,3,24
2,2,1.0,143,5,3,4,13,48,0,7
3,3,5.0,324,6,10,4,14,125,4,24
3,3,5.0,324,6,23,4,9,87,3,24
2,2,1.0,143,5,20,4,6,7,3,7
3,3,10.0,4,4,16,4,6,7,3,4
2,2,1.0,143,5,19,4,1,35,4,7
3,3,10.0,4,4,9,4,2,69,3,4
3,3,27.0,361,3,21,4,12,17,3,15
3,3,27.0,361,3,2,4,16,65,3,15
3,3,27.0,361,3,18,4,14,125,4,15
3,3,27.0,361,3,9,4,9,109,4,15
3,3,27.0,361,3,1,4,1,16,4,15
3,3,28.0,187,0,19,4,6,7,3,18
2,8,2.0,363,0,13,4,2,13,0,22
3,3,28.0,187,0,4,4,12,56,3,18
2,8,9.0,71,0,17,4,7,137,4,12
2,8,12.0,189,4,6,4,0,15,3,28
2,8,19.0,319,4,1,4,11,55,4,10
2,8,19.0,319,4,14,4,12,61,4,10
2,5,27.0,259,0,8,4,8,19,3,15
3,3,29.0,325,1,0,4,6,7,3,16
2,8,19.0,319,4,5,4,0,53,3,10
3,3,29.0,325,1,9,4,12,104,4,16
3,3,29.0,325,1,18,4,1,81,4,16
3,3,29.0,325,1,22,4,12,56,3,16
2,8,19.0,319,4,18,4,16,37,3,10
2,5,27.0,259,0,15,4,8,9,2,15
3,3,29.0,325,1,11,4,0,15,0,16
2,8,26.0,78,4,9,4,12,100,4,3
2,8,26.0,78,4,17,4,1,59,3,3
3,3,25.0,347,5,16,4,9,93,4,13
3,3,25.0,347,5,4,4,1,35,4,13
3,3,25.0,347,5,14,4,9,93,3,13
3,3,25.0,347,5,23,4,8,65,4,13
3,3,25.0,347,5,9,4,6,91,4,13
3,3,25.0,347,5,13,4,14,25,0,13
3,3,25.0,347,5,9,4,1,105,4,13
3,3,25.0,347,5,1,4,6,132,3,13
3,5,10.0,155,6,3,4,0,53,3,4
2,0,9.0,129,0,19,4,14,24,3,12
2,0,9.0,129,0,12,4,4,5,3,12
3,5,10.0,155,6,16,4,12,56,3,4
3,5,10.0,155,6,9,4,0,31,2,4
3,5,10.0,155,6,19,4,15,119,3,4
3,5,15.0,200,4,17,4,6,89,3,1
3,5,15.0,200,4,17,4,9,109,4,1
2,0,14.0,190,6,22,4,0,12,3,5
2,0,14.0,190,6,17,4,11,90,3,5
3,5,15.0,200,4,6,4,8,9,4,1
3,5,15.0,200,4,7,4,6,91,1,1
2,0,17.0,0,1,18,4,16,37,3,6
3,9,28.0,315,5,14,4,7,20,3,18
3,9,28.0,315,5,20,4,14,25,3,18
3,9,28.0,315,5,22,4,8,9,3,18
3,9,28.0,315,5,18,4,10,22,4,18
3,9,28.0,315,5,17,4,2,2,4,18
3,7,5.0,204,2,6,4,6,7,3,24
3,7,5.0,204,2,16,4,8,9,3,24
3,7,5.0,204,2,9,4,14,88,4,24
2,2,1.0,143,5,11,4,7,57,3,7
3,3,17.0,54,4,13,4,1,105,0,6
2,2,1.0,143,5,17,4,5,12,1,7
2,2,16.0,6,6,18,4,1,1,4,2
2,2,16.0,6,6,22,4,5,6,0,2
2,2,16.0,6,6,13,4,2,69,3,2
2,2,16.0,6,6,20,4,14,110,0,2
2,2,24.0,233,3,9,4,14,97,2,14
2,2,24.0,233,3,16,4,6,132,4,14
2,2,24.0,233,3,4,4,0,77,3,14
2,2,24.0,233,3,5,4,14,25,3,14
2,2,24.0,233,3,12,4,13,99,3,14
3,3,23.0,57,2,17,4,6,7,4,17
3,3,23.0,57,2,4,4,6,7,4,17
2,2,26.0,136,1,4,4,6,7,3,3
2,4,19.0,115,6,18,4,14,97,4,10
3,3,13.0,210,3,7,4,14,25,2,25
3,9,2.0,323,3,4,4,10,23,0,22
3,9,2.0,323,3,14,4,6,7,4,22
3,3,13.0,210,3,3,4,12,17,3,25
3,3,13.0,210,3,19,4,7,62,3,25
3,9,5.0,89,2,1,4,6,7,0,24
3,9,5.0,89,2,6,4,6,7,3,24
3,3,13.0,210,3,10,4,6,7,4,25
3,9,5.0,89,2,14,4,13,36,3,24
3,3,13.0,210,3,2,4,13,48,3,25
3,3,13.0,210,3,3,4,10,22,3,25
3,3,13.0,210,3,21,4,10,47,3,25
3,9,5.0,89,2,1,4,5,6,3,24
3,9,5.0,89,2,19,4,2,2,3,24
3,3,14.0,33,0,21,4,15,119,3,5
3,9,13.0,91,4,22,4,1,105,3,25
3,9,13.0,91,4,13,4,13,48,3,25
3,3,21.0,338,0,14,4,10,12,3,21
3,9,13.0,91,4,20,4,6,7,4,25
3,7,2.0,160,3,20,4,5,12,3,22
3,7,2.0,160,3,19,4,12,104,3,22
2,8,10.0,306,1,4,4,1,59,4,4
3,7,2.0,160,3,14,4,6,7,4,22
2,8,10.0,306,1,5,4,1,67,0,4
3,7,2.0,160,3,14,4,6,7,0,22
3,7,2.0,160,3,2,4,2,86,3,22
2,8,10.0,306,1,20,4,15,39,3,4
3,7,2.0,160,3,17,4,11,10,4,22
2,8,10.0,306,1,11,4,0,77,1,4
3,7,2.0,160,3,2,4,7,20,3,22
3,7,2.0,160,3,7,4,6,14,4,22
2,8,11.0,284,2,11,4,10,23,3,9
3,7,2.0,160,3,7,4,6,116,4,22
2,8,11.0,284,2,12,4,8,41,3,9
3,7,3.0,269,0,1,4,15,31,3,27
3,7,3.0,269,0,13,4,4,5,3,27
2,8,13.0,296,5,17,4,13,29,0,25
3,7,3.0,269,0,18,4,4,75,3,27
3,7,3.0,269,0,1,4,13,28,3,27
3,7,3.0,269,0,18,4,0,53,3,27
2,2,17.0,7,3,18,4,13,29,4,6
2,2,17.0,7,3,19,4,14,88,3,6
2,2,17.0,7,3,4,4,8,19,4,6
2,2,17.0,7,3,5,4,6,128,3,6
2,2,17.0,7,3,12,4,6,128,3,6
2,2,17.0,7,3,2,4,8,41,3,6
2,2,17.0,7,3,15,4,9,101,3,6
2,2,17.0,7,3,8,4,16,37,2,6
2,2,23.0,22,6,19,4,6,7,0,17
2,2,23.0,22,6,15,4,6,128,3,17
3,4,24.0,27,5,11,1,6,14,4,14
3,4,24.0,27,5,22,0,8,65,2,14
3,4,24.0,27,5,14,2,10,47,3,14
3,4,24.0,27,5,4,0,2,2,1,14
3,6,14.0,173,6,1,2,16,72,2,5
3,1,12.0,353,1,18,0,6,73,1,28
3,1,22.0,164,5,13,0,0,85,1,26
3,6,20.0,215,5,12,1,0,31,0,29
3,1,22.0,164,5,13,0,5,6,2,26
3,10,31.0,135,4,5,0,9,58,2,20
3,1,22.0,164,5,15,0,10,22,1,26
3,4,4.0,178,6,16,2,8,27,2,30
3,4,4.0,178,6,23,0,1,81,4,30
3,1,22.0,164,5,2,0,0,26,2,26
3,4,4.0,178,6,4,0,2,2,2,30
3,1,22.0,164,5,3,1,7,20,4,26
3,1,22.0,164,5,2,0,0,26,3,26
2,0,17.0,0,1,16,1,10,52,0,6
3,6,7.0,169,6,20,0,16,113,4,11
3,4,15.0,132,2,16,0,3,79,1,1
3,4,20.0,115,0,16,2,8,27,3,29
3,4,20.0,115,0,20,0,0,53,4,29
3,4,20.0,115,0,23,2,2,2,3,29
3,4,20.0,115,0,13,0,14,88,2,29
3,8,22.0,354,0,0,1,13,38,0,26
3,8,22.0,354,0,19,0,9,54,1,26
3,8,21.0,46,3,5,3,13,28,3,21
3,8,22.0,354,0,2,0,8,27,1,26
3,8,22.0,354,0,23,0,12,61,3,26
3,4,14.0,345,1,17,0,16,37,1,5
3,4,14.0,345,1,12,0,15,51,1,5
3,4,14.0,345,1,1,0,6,14,1,5
3,4,21.0,339,1,0,0,9,27,1,21
3,4,24.0,27,5,21,0,15,114,1,14
3,4,24.0,27,5,2,0,12,80,1,14
3,4,24.0,27,5,11,1,8,65,4,14
3,8,14.0,296,3,12,0,12,61,3,5
3,8,21.0,46,3,20,0,13,29,3,21
3,10,24.0,261,4,17,0,13,13,0,14
3,8,21.0,46,3,15,0,5,64,0,21
3,8,22.0,354,0,17,2,9,95,3,26
3,8,21.0,46,3,6,1,10,30,0,21
3,8,22.0,354,0,3,1,13,28,1,26
3,8,22.0,354,0,15,2,13,29,2,26
3,8,22.0,354,0,1,3,10,47,1,26
3,4,20.0,115,0,4,0,4,75,4,29
3,4,20.0,115,0,19,0,11,15,1,29
3,4,20.0,115,0,14,0,13,123,1,29
3,4,20.0,115,0,14,1,12,56,4,29
3,4,23.0,30,4,6,3,6,14,4,17
3,4,23.0,30,4,16,0,10,23,1,17
3,4,23.0,30,4,1,2,10,47,3,17
3,4,23.0,30,4,17,1,10,47,0,17
3,4,29.0,313,2,10,0,10,47,3,16
3,4,31.0,67,5,16,0,5,12,1,20
3,4,31.0,67,5,11,0,1,11,2,20
3,4,31.0,67,5,20,0,5,6,2,20
3,4,31.0,67,5,19,0,14,24,1,20
3,4,31.0,67,5,12,0,2,86,3,20
3,4,31.0,67,5,1,2,9,95,2,20
3,2,21.0,108,5,17,0,0,77,1,21
3,4,31.0,67,5,18,2,15,31,3,20
2,0,30.0,290,0,8,0,2,2,0,19
3,2,5.0,127,2,6,0,3,76,1,24
3,2,5.0,127,2,17,1,9,57,0,24
3,2,5.0,127,2,21,1,4,75,0,24
3,2,5.0,127,2,13,1,1,59,4,24
3,2,14.0,231,5,7,2,4,45,0,5
3,2,14.0,231,5,11,1,13,36,1,5
3,2,14.0,231,5,12,0,15,46,1,5
3,2,21.0,108,5,20,1,11,55,4,21
3,2,22.0,209,6,23,0,1,105,2,26
3,2,21.0,108,5,18,1,15,114,0,21
3,2,22.0,209,6,13,0,1,11,4,26
3,2,22.0,209,6,5,1,9,101,4,26
3,2,22.0,209,6,11,1,9,95,4,26
3,2,21.0,108,5,13,1,0,53,1,21
3,2,29.0,140,6,17,0,8,41,4,16
3,4,31.0,67,5,11,1,9,134,4,20
3,2,5.0,127,2,1,0,16,50,0,24
3,4,31.0,67,5,19,2,0,53,3,20
3,4,31.0,67,5,14,2,8,9,3,20
3,2,1.0,16,6,15,1,14,88,4,7
3,2,5.0,127,2,17,0,12,61,1,24
3,2,5.0,127,2,16,0,5,0,3,24
3,2,5.0,127,2,16,2,11,124,0,24
3,2,5.0,127,2,10,1,13,21,0,24
3,2,5.0,127,2,4,0,1,11,3,24
3,2,14.0,231,5,5,0,5,6,0,5
3,2,14.0,231,5,19,0,4,75,1,5
3,2,21.0,108,5,1,0,2,40,1,21
3,1,7.0,32,4,20,0,5,6,0,11
3,1,7.0,32,4,19,0,0,26,0,11
3,10,7.0,243,0,1,0,6,128,1,11
3,10,7.0,243,0,9,1,7,54,4,11
3,10,7.0,243,0,9,0,9,134,1,11
3,10,15.0,60,1,23,1,9,63,2,1
3,4,18.0,26,6,23,0,6,116,2,0
3,1,11.0,111,0,5,1,5,64,1,9
3,1,17.0,63,3,1,1,13,28,0,6
3,4,26.0,80,3,3,0,11,124,1,3
3,2,19.0,137,2,12,1,16,50,4,10
3,4,18.0,26,6,14,0,14,106,1,0
3,10,15.0,60,1,19,0,1,11,4,1
3,10,17.0,256,4,4,1,9,95,4,6
3,10,17.0,256,4,5,0,7,78,1,6
3,10,19.0,117,6,1,0,9,101,2,10
3,10,19.0,117,6,23,1,10,47,1,10
3,10,24.0,261,4,7,3,8,118,4,14
3,8,22.0,354,0,17,0,11,117,1,26
3,10,24.0,261,4,16,1,9,93,4,14
3,10,27.0,302,3,14,0,8,9,3,15
3,6,7.0,169,6,5,0,12,17,2,11
3,2,5.0,127,2,19,2,1,59,1,24
3,10,24.0,261,4,4,0,5,6,0,14
3,2,21.0,108,5,0,0,7,78,1,21
3,4,27.0,274,0,22,0,5,6,2,15
3,4,21.0,339,1,1,3,13,99,3,21
3,10,24.0,261,4,21,1,2,3,4,14
3,10,27.0,302,3,22,1,2,69,4,15
3,2,21.0,108,5,14,0,13,21,1,21
3,1,3.0,188,3,4,1,10,30,2,27
3,6,7.0,169,6,20,2,8,33,3,11
3,0,11.0,10,4,8,0,2,123,3,9
3,2,5.0,127,2,9,2,4,4,0,24
3,2,12.0,128,2,0,0,16,42,1,28
3,10,24.0,261,4,14,0,10,23,1,14
3,10,27.0,302,3,17,1,10,47,1,15
3,6,14.0,173,6,13,1,6,89,1,5
3,6,7.0,169,6,1,0,16,50,4,11
3,9,1.0,126,6,11,1,1,67,0,7
3,9,14.0,106,5,20,1,13,38,0,5
3,10,16.0,201,2,16,0,11,117,0,2
3,1,26.0,248,1,16,0,6,128,1,3
3,9,15.0,226,6,11,0,15,51,2,1
3,11,5.0,240,3,17,3,1,105,1,24
3,0,19.0,13,5,7,0,5,6,2,10
3,3,7.0,289,0,13,1,14,125,4,11
3,5,1.0,109,4,18,0,4,75,1,7
3,6,1.0,158,3,18,1,1,67,0,7
3,2,10.0,28,0,19,0,5,6,2,4
3,1,19.0,29,1,6,0,2,92,0,10
3,2,20.0,264,4,19,0,13,48,3,29
3,10,16.0,201,2,22,0,11,15,3,2
3,0,5.0,122,5,13,1,8,27,4,24
3,0,5.0,122,5,2,1,12,84,1,24
3,0,15.0,190,0,0,1,10,43,0,1
3,0,15.0,190,0,20,0,13,29,2,1
3,0,15.0,190,0,7,0,8,118,1,1
3,0,15.0,190,0,15,0,5,6,2,1
3,0,15.0,190,0,22,0,9,57,0,1
3,0,15.0,190,0,19,0,14,88,4,1
3,0,15.0,190,0,2,2,14,25,0,1
3,0,15.0,190,0,4,0,0,0,0,1
3,0,15.0,190,0,1,2,13,13,1,1
3,0,15.0,190,0,20,1,2,60,4,1
3,0,15.0,190,0,14,2,16,113,1,1
3,0,16.0,11,1,1,2,2,69,3,2
2,4,1.0,141,1,14,0,11,98,2,7
3,2,29.0,140,6,13,1,1,105,4,16
3,2,29.0,140,6,1,2,3,70,3,16
3,2,30.0,131,3,15,2,11,117,2,19
3,2,30.0,131,3,3,2,3,115,0,19
3,2,30.0,131,3,12,1,11,55,4,19
3,10,23.0,247,2,7,1,10,22,1,17
3,10,23.0,247,2,19,0,14,24,2,17
3,8,20.0,319,6,16,3,15,51,4,29
3,2,15.0,130,6,9,0,6,89,2,1
3,2,15.0,130,6,14,0,2,69,2,1
3,2,15.0,130,6,13,1,14,97,1,1
3,0,6.0,260,6,6,1,15,85,0,23
3,0,6.0,260,6,11,0,5,6,0,23
3,0,6.0,260,6,0,1,14,110,0,23
3,0,6.0,260,6,19,0,13,48,1,23
3,0,7.0,15,3,6,2,5,6,3,11
3,0,7.0,15,3,22,0,6,91,1,11
3,0,7.0,15,3,23,1,4,127,4,11
3,0,6.0,260,6,12,0,3,30,0,23
3,0,7.0,15,3,15,0,1,59,2,11
3,0,13.0,198,6,17,0,6,89,3,25
3,0,13.0,198,6,13,0,9,109,2,25
3,0,13.0,198,6,4,0,16,74,0,25
3,0,14.0,5,3,11,1,12,104,4,5
3,0,14.0,5,3,1,2,5,6,0,5
3,0,14.0,5,3,18,0,10,22,1,5
3,0,13.0,198,6,11,0,11,47,2,25
3,0,24.0,55,2,21,0,8,9,3,14
3,0,24.0,55,2,10,1,13,38,0,14
3,2,30.0,131,3,18,0,14,24,1,19
3,2,30.0,131,3,18,0,8,27,1,19
3,0,4.0,229,4,23,0,0,15,1,30
3,0,4.0,229,4,5,0,1,67,3,30
3,0,4.0,229,4,19,0,11,122,3,30
3,0,4.0,229,4,23,1,3,79,4,30
3,4,20.0,115,0,9,1,3,79,0,29
3,4,23.0,30,4,8,0,2,86,2,17
3,4,23.0,30,4,12,1,9,87,0,17
3,10,14.0,174,0,8,1,10,47,0,5
3,6,3.0,99,1,18,0,14,131,1,27
3,0,4.0,229,4,4,0,15,31,1,30
3,0,4.0,229,4,14,0,0,26,1,30
3,0,4.0,229,4,14,0,4,4,0,30
3,0,4.0,229,4,1,0,5,6,0,30
3,0,5.0,122,5,20,0,8,118,1,24
3,0,5.0,122,5,1,1,10,47,0,24
3,4,24.0,27,5,4,0,2,92,1,14
3,2,12.0,128,2,16,0,9,134,2,28
3,2,12.0,128,2,3,2,16,72,3,28
3,2,12.0,128,2,8,0,7,62,2,28
3,2,15.0,130,6,10,0,14,25,1,1
3,2,12.0,128,2,9,1,0,64,0,28
3,0,14.0,5,3,9,0,10,22,1,5
3,9,11.0,52,1,1,0,11,94,2,9
3,0,6.0,260,6,11,2,5,6,0,23
3,0,6.0,260,6,13,0,0,68,3,23
3,0,6.0,260,6,3,0,5,6,2,23
3,8,5.0,101,5,16,1,5,12,0,24
3,7,1.0,98,6,22,0,9,95,4,7
3,6,23.0,84,0,9,2,7,20,3,17
3,4,30.0,139,4,5,1,1,105,4,19
3,2,21.0,108,5,18,0,15,31,1,21
3,10,3.0,310,4,21,1,13,21,0,27
3,8,5.0,101,5,19,0,14,97,4,24
2,10,25.0,61,4,17,0,15,112,1,13
3,7,17.0,95,0,4,1,11,133,0,6
3,7,23.0,202,3,12,0,5,64,0,17
3,2,5.0,127,2,9,0,8,9,4,24
3,2,13.0,276,4,19,1,9,93,4,25
3,8,5.0,101,5,9,0,0,64,3,24
3,10,25.0,56,5,6,0,16,50,0,13
3,2,13.0,276,4,1,0,10,22,1,25
3,10,3.0,310,4,6,1,13,28,0,27
3,6,7.0,169,6,4,2,8,33,1,11
3,2,21.0,108,5,1,2,5,6,3,21
3,1,18.0,82,0,20,1,5,6,2,0
3,8,12.0,284,5,16,0,4,4,1,28
3,10,25.0,56,5,13,0,8,27,1,13
3,2,5.0,127,2,14,0,2,92,1,24
3,10,11.0,298,5,11,0,2,86,1,9
3,10,11.0,298,5,8,0,8,41,3,9
3,2,16.0,220,3,5,2,1,11,3,2
3,6,15.0,49,3,7,2,8,118,3,1
3,1,3.0,188,3,8,0,10,23,1,27
3,8,12.0,284,5,7,1,0,31,0,28
3,8,2.0,77,1,15,0,5,12,0,22
3,2,22.0,209,6,11,0,9,93,1,26
3,10,25.0,56,5,14,0,8,118,3,13
3,2,14.0,231,5,5,1,1,81,4,5
3,10,24.0,261,4,9,2,2,2,1,14
3,1,3.0,188,3,1,0,2,123,4,27
3,6,15.0,49,3,15,1,2,2,4,1
3,1,3.0,188,3,18,1,1,35,4,27
3,4,6.0,176,0,1,2,5,64,3,23
3,8,14.0,296,3,0,1,11,124,0,5
3,2,22.0,209,6,17,0,5,0,1,26
3,2,14.0,231,5,8,0,6,7,1,5
3,10,26.0,61,6,16,0,9,27,0,3
3,6,15.0,49,3,12,0,13,48,3,1
3,10,5.0,336,6,1,3,10,23,3,24
3,1,3.0,188,3,8,0,5,6,2,27
3,5,23.0,168,5,8,1,6,132,4,17
3,8,14.0,296,3,7,1,5,6,1,5
3,2,22.0,209,6,12,0,10,12,3,26
3,10,26.0,61,6,13,0,9,57,4,3
3,4,23.0,30,4,2,0,11,18,0,17
3,6,15.0,49,3,4,0,8,9,1,1
3,4,3.0,279,5,17,1,9,101,0,27
3,1,3.0,188,3,1,0,8,9,1,27
3,1,4.0,286,0,23,0,3,44,3,30
3,1,4.0,286,0,4,0,9,95,0,30
3,1,4.0,286,0,4,0,8,118,1,30
3,1,4.0,286,0,18,1,12,80,4,30
3,1,12.0,353,1,0,0,16,108,2,28
3,1,12.0,353,1,12,0,10,23,3,28
3,1,12.0,353,1,18,2,2,13,2,28
3,1,22.0,164,5,21,1,10,22,0,26
3,6,17.0,244,1,5,1,14,24,1,6
3,6,17.0,244,1,9,0,14,25,1,6
3,6,18.0,308,2,5,0,0,15,1,0
3,6,18.0,308,2,4,1,14,125,4,0
3,6,7.0,169,6,8,2,5,6,0,11
3,6,7.0,169,6,22,0,14,24,2,11
3,6,15.0,49,3,6,0,10,43,4,1
3,6,15.0,49,3,22,0,10,6,3,1
3,6,15.0,49,3,5,1,9,95,1,1
3,6,15.0,49,3,18,2,10,52,3,1
3,6,16.0,38,0,23,0,14,25,3,2
3,6,16.0,38,0,8,0,11,133,2,2
3,6,16.0,38,0,8,2,10,23,1,2
3,6,16.0,38,0,13,0,2,13,1,2
3,6,16.0,38,0,9,0,3,115,4,2
3,6,16.0,38,0,8,0,8,41,2,2
3,6,17.0,244,1,17,0,1,11,3,6
3,6,16.0,38,0,18,1,2,71,4,2
3,6,17.0,244,1,6,0,1,1,1,6
3,6,17.0,244,1,0,0,15,46,3,6
3,6,30.0,145,0,2,1,15,114,4,19
3,4,22.0,152,2,12,3,16,139,4,26
3,10,10.0,245,4,9,0,12,84,1,4
3,10,10.0,245,4,18,0,0,64,3,4
3,1,1.0,203,5,18,1,8,33,1,7
3,2,17.0,6,0,7,1,4,75,1,6
3,2,18.0,7,1,17,0,11,18,1,0
3,8,9.0,124,1,9,2,15,85,3,12
3,10,2.0,358,2,5,3,8,33,4,22
2,0,14.0,190,6,18,2,5,12,0,5
2,2,26.0,136,1,6,0,0,26,0,3
3,11,7.0,253,1,7,0,0,64,2,11
3,11,9.0,311,4,5,3,12,80,1,12
3,8,3.0,363,2,19,1,0,68,4,27
3,3,25.0,347,5,4,0,6,128,1,13
3,8,2.0,77,1,13,3,15,31,4,22
3,2,8.0,258,6,18,1,15,114,1,8
3,9,6.0,51,4,1,1,16,50,0,23
3,6,17.0,244,1,20,0,5,64,3,6
3,6,18.0,308,2,17,0,0,26,0,0
3,6,17.0,244,1,9,2,8,41,3,6
3,6,18.0,308,2,16,1,0,77,0,0
3,6,18.0,308,2,5,2,10,22,3,0
3,6,18.0,308,2,19,0,3,76,1,0
3,10,7.0,243,0,0,1,11,55,2,11
3,10,7.0,243,0,13,0,0,77,1,11
3,6,7.0,169,6,11,1,4,66,4,11
3,6,15.0,49,3,17,2,14,88,3,1
3,6,15.0,49,3,22,3,5,6,0,1
3,6,15.0,49,3,8,0,13,123,3,1
3,1,11.0,111,0,9,0,9,57,0,9
3,6,15.0,49,3,11,1,15,119,4,1
3,6,15.0,49,3,19,2,6,7,2,1
3,6,15.0,49,3,0,0,0,12,1,1
3,6,16.0,38,0,1,0,4,127,1,2
3,6,16.0,38,0,18,2,2,71,4,2
3,6,17.0,244,1,10,0,13,99,1,6
3,6,17.0,244,1,23,1,9,87,4,6
3,6,17.0,244,1,11,2,7,137,3,6
3,6,17.0,244,1,11,2,10,22,3,6
3,4,20.0,115,0,1,0,5,12,0,29
3,4,23.0,30,4,1,1,14,131,0,17
3,4,29.0,313,2,16,0,15,51,1,16
3,10,14.0,174,0,4,0,11,98,2,5
3,10,14.0,174,0,12,3,3,115,1,5
3,4,29.0,313,2,13,0,6,128,3,16
3,4,31.0,67,5,11,0,10,22,3,20
3,4,31.0,67,5,2,2,2,86,3,20
3,4,31.0,67,5,19,0,1,11,3,20
3,4,31.0,67,5,19,0,15,51,3,20
3,2,5.0,127,2,20,0,7,137,1,24
3,2,5.0,127,2,19,0,1,11,4,24
3,3,1.0,180,1,13,3,11,98,4,7
3,8,14.0,296,3,4,0,8,33,4,5
3,1,22.0,164,5,11,1,3,30,4,26
2,2,25.0,3,0,9,0,10,6,2,13
3,7,1.0,98,6,17,0,15,114,1,7
3,2,22.0,209,6,12,2,10,47,3,26
3,10,26.0,61,6,3,2,10,47,0,3
3,0,19.0,13,5,21,0,5,6,3,10
3,8,14.0,296,3,4,0,15,37,3,5
3,6,15.0,49,3,9,0,14,25,1,1
3,8,14.0,296,3,14,2,13,38,2,5
3,10,2.0,358,2,1,0,13,28,1,22
3,2,21.0,108,5,8,1,9,49,0,21
3,10,26.0,61,6,4,2,14,125,0,3
3,9,14.0,106,5,13,0,13,21,2,5
3,10,26.0,61,6,19,0,6,7,2,3
3,8,21.0,46,3,11,0,15,46,3,21
3,5,26.0,37,0,15,3,9,95,3,3
3,8,5.0,101,5,0,1,14,25,0,24
3,2,29.0,140,6,21,0,16,74,3,16
3,10,2.0,358,2,12,0,6,7,4,22
3,1,25.0,65,0,13,1,14,24,2,13
3,10,26.0,61,6,18,2,5,6,3,3
3,8,21.0,46,3,2,0,7,20,4,21
3,10,26.0,61,6,13,0,9,95,2,3
3,8,5.0,101,5,22,3,11,124,0,24
3,10,9.0,150,2,7,0,16,37,4,12
3,1,9.0,50,6,1,1,11,98,2,12
3,4,2.0,141,4,12,1,11,98,4,22
3,1,1.0,203,5,13,3,1,105,4,7
3,7,1.0,98,6,12,1,8,27,1,7
3,7,1.0,98,6,3,1,12,80,1,7
3,4,30.0,139,4,18,3,16,50,4,19
3,4,7.0,133,1,7,0,10,22,0,11
3,2,13.0,276,4,19,0,0,64,2,25
3,2,13.0,276,4,13,0,2,86,2,25
3,4,21.0,339,1,21,0,8,9,4,21
3,4,21.0,339,1,20,0,16,50,1,21
3,4,21.0,339,1,3,2,2,2,3,21
3,4,21.0,339,1,8,0,9,95,2,21
3,4,21.0,339,1,14,2,10,47,3,21
3,4,21.0,339,1,22,0,2,123,3,21
3,4,24.0,27,5,21,1,14,25,0,14
3,4,24.0,27,5,14,2,5,64,3,14
3,4,24.0,27,5,22,0,8,9,2,14
3,4,24.0,27,5,20,1,9,134,1,14
3,1,4.0,286,0,11,1,10,52,4,30
3,0,14.0,5,3,6,1,14,25,1,5
3,4,21.0,339,1,0,0,0,12,3,21
3,2,7.0,153,5,11,0,4,75,3,11
3,2,7.0,153,5,4,2,8,9,3,11
3,2,7.0,153,5,18,0,2,40,4,11
3,2,7.0,153,5,9,0,4,138,0,11
3,2,7.0,153,5,9,1,4,75,0,11
3,2,12.0,128,2,0,0,10,30,0,28
3,2,12.0,128,2,23,0,5,12,1,28
3,2,12.0,128,2,19,1,10,47,1,28
3,11,7.0,253,1,11,1,6,7,2,11
3,8,3.0,363,2,14,1,6,7,0,27
3,5,10.0,155,6,9,0,8,19,4,4
3,8,3.0,363,2,9,1,12,56,4,27
3,8,2.0,77,1,6,0,0,12,0,22
3,5,25.0,350,3,5,1,13,21,1,13
3,7,1.0,98,6,13,0,10,47,1,7
3,8,1.0,66,0,14,0,8,9,1,7
3,10,2.0,358,2,20,1,15,85,0,22
3,3,1.0,180,1,17,0,2,86,4,7
3,8,1.0,66,0,17,0,1,1,1,7
3,8,16.0,73,1,12,1,0,26,1,2
3,0,1.0,8,0,19,3,9,93,0,7
3,2,26.0,3,2,21,1,3,79,1,3
3,2,13.0,276,4,3,0,12,61,2,25
3,8,20.0,319,6,3,2,16,42,3,29
3,8,20.0,319,6,18,0,14,24,2,29
3,2,24.0,22,0,12,0,1,11,0,14
3,3,14.0,33,0,8,3,14,25,0,5
3,4,13.0,221,0,17,0,2,13,1,25
3,4,22.0,152,2,19,0,2,86,0,26
3,2,15.0,130,6,6,2,7,120,3,1
3,2,15.0,130,6,23,0,2,71,3,1
3,2,15.0,130,6,11,0,4,138,3,1
3,2,15.0,130,6,5,0,0,26,1,1
3,2,15.0,130,6,12,0,14,24,1,1
3,2,15.0,130,6,8,0,10,52,2,1
3,4,24.0,27,5,12,0,2,2,2,14
3,4,24.0,27,5,19,2,8,27,1,14
3,2,7.0,153,5,11,0,10,47,0,11
3,2,7.0,153,5,4,1,0,53,4,11
3,2,7.0,153,5,1,0,3,44,4,11
3,2,7.0,153,5,1,1,8,9,1,11
3,2,12.0,128,2,0,0,8,41,1,28
3,2,12.0,128,2,16,1,14,25,0,28
3,2,12.0,128,2,16,0,5,12,3,28
3,2,12.0,128,2,14,0,16,37,1,28
3,2,12.0,128,2,18,0,6,132,4,28
3,2,12.0,128,2,17,0,5,6,0,28
3,2,15.0,130,6,11,0,14,34,2,1
3,10,19.0,117,6,14,0,15,77,3,10
3,10,19.0,117,6,9,0,2,92,3,10
3,10,19.0,117,6,18,0,10,47,3,10
3,1,7.0,32,4,6,1,14,24,2,11
3,1,7.0,32,4,6,0,0,64,3,11
3,5,1.0,109,4,11,0,0,96,2,7
3,6,15.0,49,3,14,1,9,95,1,1
3,2,29.0,140,6,1,0,13,21,1,16
3,8,5.0,101,5,8,1,9,63,4,24
2,3,2.0,182,1,22,0,9,93,2,22
3,6,15.0,49,3,22,0,1,1,2,1
3,5,28.0,259,2,13,0,14,24,2,18
3,8,12.0,284,5,23,0,16,74,1,28
3,1,12.0,353,1,16,0,8,118,1,28
3,1,22.0,164,5,17,1,0,12,0,26
3,1,22.0,164,5,5,0,2,13,4,26
3,1,22.0,164,5,9,0,2,2,1,26
3,1,22.0,164,5,9,1,10,12,0,26
3,8,5.0,101,5,17,0,1,11,3,24
3,8,5.0,101,5,16,2,6,89,3,24
3,8,5.0,101,5,11,2,14,32,3,24
3,8,12.0,284,5,22,0,12,80,2,28
3,8,12.0,284,5,2,0,3,30,3,28
3,8,14.0,296,3,17,0,0,64,4,5
3,6,17.0,244,1,5,0,4,82,1,6
3,6,17.0,244,1,12,0,11,18,1,6
3,6,17.0,244,1,4,0,9,95,3,6
3,6,18.0,308,2,6,2,6,91,0,0
3,6,18.0,308,2,16,2,5,47,3,0
3,3,8.0,148,1,18,0,6,89,0,8
3,6,15.0,49,3,9,3,9,87,3,1
3,6,18.0,308,2,12,0,5,6,0,0
3,6,16.0,38,0,22,3,10,52,4,2
3,10,7.0,243,0,15,0,1,105,3,11
3,10,7.0,243,0,5,0,5,6,0,11
3,10,7.0,243,0,3,0,6,89,3,11
3,10,15.0,60,1,16,1,15,51,0,1
3,10,15.0,60,1,3,1,12,83,4,1
3,10,15.0,60,1,8,0,8,9,3,1
3,1,16.0,2,6,13,1,13,99,4,2
3,4,26.0,80,3,1,1,10,43,1,3
3,1,11.0,111,0,9,0,2,2,1,9
3,1,11.0,111,0,5,1,7,120,4,9
3,8,11.0,306,4,8,1,5,6,0,9
3,2,28.0,257,5,4,3,12,61,3,18
3,2,28.0,257,5,22,0,12,61,2,18
3,2,28.0,257,5,13,0,5,12,2,18
3,10,15.0,60,1,2,2,7,57,3,1
3,4,23.0,30,4,15,1,10,22,1,17
3,4,29.0,313,2,12,0,5,64,3,16
3,4,29.0,313,2,16,0,0,26,0,16
3,4,29.0,313,2,2,0,8,41,3,16
3,4,31.0,67,5,20,0,15,108,1,20
3,4,31.0,67,5,22,0,0,53,3,20
3,4,31.0,67,5,9,2,15,31,3,20
3,2,5.0,127,2,6,0,6,7,3,24
3,2,5.0,127,2,6,0,10,43,1,24
3,2,5.0,127,2,16,0,8,27,0,24
3,2,5.0,127,2,15,0,3,30,3,24
3,2,5.0,127,2,2,0,10,47,2,24
3,2,14.0,231,5,11,0,6,89,3,5
3,2,14.0,231,5,8,0,6,89,2,5
3,2,14.0,231,5,4,0,14,25,1,5
3,2,14.0,231,5,20,1,16,139,4,5
3,2,21.0,108,5,21,1,8,41,0,21
3,2,21.0,108,5,9,0,0,31,3,21
3,2,21.0,108,5,18,0,4,66,1,21
3,2,22.0,209,6,16,0,10,47,3,26
3,10,17.0,256,4,17,0,5,12,0,6
3,10,17.0,256,4,16,1,0,96,4,6
3,10,17.0,256,4,22,0,12,56,0,6
3,10,17.0,256,4,4,0,14,34,3,6
3,6,17.0,244,1,18,1,11,133,1,6
3,10,17.0,256,4,14,1,10,12,0,6
3,6,2.0,352,0,2,0,13,38,3,22
3,6,2.0,352,0,12,0,5,64,0,22
3,6,2.0,352,0,19,0,5,6,0,22
3,6,2.0,352,0,19,0,14,25,1,22
3,6,15.0,49,3,13,0,3,30,2,1
3,5,28.0,259,2,0,0,1,105,3,18
3,6,22.0,185,3,9,2,16,65,3,26
3,10,7.0,243,0,2,0,9,54,4,11
3,5,7.0,349,2,23,1,0,12,0,11
3,10,2.0,358,2,4,2,2,123,2,22
3,1,1.0,203,5,17,0,6,116,3,7
3,2,3.0,282,0,12,0,7,20,1,27
3,4,2.0,141,4,10,0,13,38,3,22
3,8,8.0,76,0,12,1,3,115,2,8
3,8,9.0,124,1,4,0,7,120,4,12
3,8,8.0,76,0,2,1,0,26,1,8
3,2,27.0,136,4,11,1,10,22,1,15
3,2,27.0,136,4,14,0,0,26,2,15
3,2,27.0,136,4,13,1,2,92,4,15
3,0,1.0,8,0,18,2,16,74,3,7
3,0,1.0,8,0,12,1,0,12,0,7
3,0,2.0,47,1,4,3,14,25,0,22
3,2,11.0,297,1,9,0,5,6,0,9
3,6,11.0,355,2,11,1,6,89,1,9
3,1,13.0,207,2,23,1,10,47,0,25
3,4,22.0,152,2,3,1,11,15,4,26
3,2,15.0,130,6,14,2,4,70,3,1
3,2,15.0,130,6,14,0,2,69,2,1
3,2,15.0,130,6,22,0,0,0,2,1
3,2,15.0,130,6,6,3,11,15,3,1
3,0,6.0,260,6,11,1,2,3,4,23
3,0,6.0,260,6,2,0,2,86,4,23
3,0,6.0,260,6,4,0,1,16,3,23
3,0,6.0,260,6,19,1,13,21,1,23
3,0,6.0,260,6,4,0,13,38,0,23
3,8,12.0,284,5,5,1,7,54,1,28
3,8,14.0,296,3,3,2,11,8,1,5
3,8,14.0,296,3,3,0,13,69,2,5
3,8,14.0,296,3,8,0,16,113,3,5
3,8,14.0,296,3,11,0,13,99,2,5
3,8,14.0,296,3,3,2,8,9,3,5
3,8,21.0,46,3,11,0,8,27,2,21
3,8,21.0,46,3,9,0,0,0,3,21
3,8,21.0,46,3,0,1,8,27,4,21
3,2,7.0,153,5,12,3,9,101,2,11
3,1,25.0,65,0,11,3,0,68,0,13
3,3,26.0,343,6,8,0,6,91,0,3
3,3,26.0,343,6,8,2,15,114,2,3
2,0,16.0,12,0,8,0,1,59,0,2
3,11,15.0,331,2,14,1,5,12,0,1
3,1,2.0,171,6,9,0,16,50,1,22
3,5,1.0,109,4,15,0,6,7,2,7
3,1,19.0,29,1,13,1,4,45,0,10
3,7,14.0,125,5,13,3,2,2,1,5
3,3,7.0,289,0,5,0,1,35,4,11
3,3,8.0,148,1,11,1,15,114,4,8
3,5,7.0,349,2,13,0,14,106,1,11
3,4,3.0,279,5,19,1,11,18,1,27
3,1,24.0,64,3,15,0,10,47,2,14
3,2,20.0,264,4,4,1,16,37,4,29
3,5,1.0,109,4,11,3,0,77,4,7
3,10,16.0,201,2,14,0,16,50,3,2
3,10,1.0,208,1,11,0,1,11,4,7
3,10,23.0,247,2,9,0,15,31,4,17
3,2,13.0,276,4,10,0,9,57,2,25
3,2,6.0,251,4,14,3,9,27,3,23
3,2,4.0,254,1,16,0,10,23,1,30
3,4,13.0,221,0,9,1,4,138,1,25
3,4,22.0,152,2,3,3,8,19,0,26
3,2,29.0,140,6,1,0,12,61,1,16
3,2,29.0,140,6,19,3,5,12,0,16
3,2,30.0,131,3,23,0,3,76,0,19
3,2,30.0,131,3,5,0,11,18,3,19
3,2,30.0,131,3,2,2,8,41,3,19
3,8,30.0,103,1,16,0,14,24,3,19
3,8,30.0,103,1,1,0,13,48,1,19
3,8,30.0,103,1,18,0,13,99,1,19
3,5,5.0,96,0,13,0,10,43,2,24
3,6,22.0,185,3,12,3,14,24,2,26
3,6,1.0,158,3,13,0,2,86,2,7
3,5,28.0,259,2,6,0,5,12,0,18
3,8,21.0,46,3,2,0,3,115,1,21
3,6,1.0,158,3,18,1,13,48,0,7
3,5,28.0,259,2,18,3,8,33,1,18
3,8,21.0,46,3,4,2,13,48,3,21
3,6,1.0,158,3,17,0,14,24,1,7
3,8,5.0,101,5,19,0,8,118,2,24
3,8,21.0,46,3,15,0,6,116,4,21
3,4,3.0,279,5,8,0,8,9,1,27
3,5,28.0,259,2,18,2,10,47,3,18
3,8,21.0,46,3,3,1,16,42,4,21
3,8,21.0,46,3,2,0,9,27,3,21
3,8,22.0,354,0,22,1,4,75,4,26
3,8,22.0,354,0,1,0,2,69,4,26
3,8,22.0,354,0,13,0,0,26,3,26
3,1,22.0,164,5,17,1,9,10,4,26
3,8,22.0,354,0,1,1,14,125,4,26
3,4,14.0,345,1,16,0,6,7,3,5
3,4,14.0,345,1,5,2,12,56,0,5
3,4,14.0,345,1,22,0,12,56,2,5
3,4,14.0,345,1,14,2,5,64,3,5
3,4,14.0,345,1,19,0,4,66,3,5
3,4,21.0,339,1,6,2,15,114,3,21
3,4,21.0,339,1,6,0,11,58,2,21
3,4,21.0,339,1,22,0,6,7,0,21
3,4,21.0,339,1,2,0,3,4,0,21
3,4,21.0,339,1,9,1,5,6,0,21
2,0,17.0,0,1,17,1,9,93,0,6
3,10,7.0,243,0,7,2,4,79,3,11
3,2,17.0,6,0,13,0,0,96,3,6
3,7,7.0,293,5,14,0,5,6,0,11
3,7,17.0,95,0,14,0,15,85,0,6
3,10,9.0,150,2,2,1,0,26,1,12
3,7,1.0,98,6,3,0,12,61,1,7
3,1,9.0,50,6,8,0,13,29,1,12
3,3,17.0,54,4,17,1,11,18,0,6
3,5,25.0,350,3,16,1,9,109,1,13
3,5,23.0,168,5,13,0,14,34,2,17
3,10,9.0,150,2,6,0,10,30,3,12
3,2,3.0,282,0,14,2,4,75,3,27
3,6,10.0,149,1,11,0,9,101,3,4
3,10,2.0,358,2,12,0,2,123,3,22
2,0,9.0,129,0,9,0,9,109,3,12
3,4,12.0,134,3,3,2,2,2,2,28
3,4,13.0,221,0,0,1,0,12,1,25
3,4,22.0,152,2,9,1,9,93,4,26
3,6,11.0,355,2,6,0,14,34,0,9
3,4,24.0,27,5,16,1,10,47,0,14
3,4,24.0,27,5,15,0,6,7,3,14
3,4,24.0,27,5,13,0,2,60,3,14
3,4,24.0,27,5,22,1,12,80,4,14
3,8,12.0,284,5,12,0,10,47,0,28
3,8,14.0,296,3,11,0,8,118,3,5
3,8,14.0,296,3,5,0,9,9,2,5
3,8,14.0,296,3,2,0,12,17,0,5
3,8,21.0,46,3,21,0,13,28,4,21
3,8,21.0,46,3,0,1,7,31,0,21
3,7,2.0,160,3,8,0,5,12,1,22
3,8,21.0,46,3,13,0,2,2,1,21
3,8,21.0,46,3,19,0,13,29,1,21
3,8,21.0,46,3,5,0,5,6,0,21
3,8,22.0,354,0,5,0,15,114,2,26
3,0,14.0,5,3,14,1,10,22,0,5
3,8,22.0,354,0,1,0,5,12,0,26
3,4,14.0,345,1,10,0,10,22,3,5
3,4,14.0,345,1,3,0,10,22,3,5
3,4,3.0,279,5,2,1,6,7,4,27
3,8,28.0,224,3,18,0,13,99,3,18
3,10,8.0,213,1,0,0,5,6,0,8
3,9,1.0,126,6,15,0,2,86,0,7
3,2,25.0,233,1,13,3,7,78,0,13
3,2,25.0,233,1,23,3,5,6,0,13
3,0,3.0,334,2,18,0,9,95,4,27
3,2,10.0,28,0,13,0,9,9,2,4
3,8,22.0,354,0,22,0,1,11,2,26
3,4,14.0,345,1,21,0,10,47,1,5
3,4,14.0,345,1,16,0,0,12,1,5
3,4,14.0,345,1,3,0,4,82,1,5
3,5,21.0,351,2,8,1,6,89,1,21
3,0,14.0,5,3,9,0,10,6,3,5
3,8,14.0,296,3,5,1,12,56,1,5
3,4,14.0,345,1,2,0,13,29,0,5
3,4,14.0,345,1,12,2,8,41,3,5
3,4,14.0,345,1,1,3,5,6,3,5
3,4,21.0,339,1,9,0,12,61,1,21
3,4,21.0,339,1,4,0,9,134,3,21
3,4,21.0,339,1,1,0,9,95,4,21
3,4,24.0,27,5,2,0,13,99,3,14
3,4,24.0,27,5,14,0,2,86,4,14
3,2,7.0,153,5,9,1,0,26,1,11
3,2,22.0,209,6,0,1,10,47,0,26
3,2,22.0,209,6,20,0,8,27,3,26
3,2,21.0,108,5,12,0,12,80,0,21
3,2,22.0,209,6,3,0,10,52,2,26
3,2,21.0,108,5,18,1,9,93,4,21
3,2,29.0,140,6,7,0,8,9,0,16
3,2,30.0,131,3,8,0,3,30,0,19
3,2,30.0,131,3,2,1,9,101,4,19
3,0,4.0,229,4,5,1,1,16,4,30
3,0,5.0,122,5,22,0,0,64,0,24
3,0,15.0,190,0,6,0,10,47,3,1
3,0,15.0,190,0,17,1,4,45,0,1
3,0,4.0,229,4,7,2,13,38,3,30
3,0,4.0,229,4,9,0,10,47,2,30
3,0,4.0,229,4,4,0,2,69,3,30
3,0,4.0,229,4,19,2,16,37,3,30
3,0,4.0,229,4,2,1,9,49,4,30
3,0,4.0,229,4,19,1,14,126,1,30
3,0,4.0,229,4,8,3,15,39,1,30
3,6,30.0,145,0,1,3,9,10,0,19
3,1,13.0,207,2,16,2,11,18,0,25
3,6,30.0,145,0,17,1,8,41,1,19
3,4,24.0,27,5,1,0,10,30,0,14
3,2,7.0,153,5,17,2,14,106,2,11
3,2,7.0,153,5,19,0,3,79,2,11
3,2,7.0,153,5,18,0,9,102,3,11
3,2,12.0,128,2,14,0,9,134,3,28
3,2,15.0,130,6,13,0,6,73,0,1
3,2,15.0,130,6,12,1,10,47,1,1
3,2,15.0,130,6,4,0,10,22,3,1
3,2,15.0,130,6,20,0,9,101,1,1
3,0,6.0,260,6,8,0,4,82,2,23
3,0,6.0,260,6,19,1,11,58,4,23
3,0,7.0,15,3,2,0,2,86,2,11
3,0,6.0,260,6,17,0,6,89,4,23
3,0,6.0,260,6,22,3,8,27,1,23
3,0,7.0,15,3,14,3,9,57,0,11
3,0,7.0,15,3,18,0,0,0,3,11
3,0,7.0,15,3,19,0,0,64,2,11
3,2,15.0,130,6,1,0,7,111,1,1
3,2,15.0,130,6,15,0,10,52,0,1
3,1,11.0,111,0,8,1,0,77,0,9
3,5,29.0,24,4,15,1,3,76,4,16
3,8,11.0,306,4,9,0,5,6,0,9
3,8,11.0,306,4,18,0,11,15,0,9
3,5,29.0,24,4,19,0,0,96,2,16
3,10,15.0,60,1,15,0,13,29,4,1
3,5,28.0,259,2,14,1,9,49,4,18
3,10,15.0,60,1,15,2,10,47,0,1
3,5,29.0,24,4,18,0,0,64,1,16
3,10,15.0,60,1,4,1,11,133,0,1
3,5,31.0,196,6,15,0,0,15,2,20
3,10,15.0,60,1,1,0,9,102,3,1
3,5,31.0,196,6,5,0,4,5,2,20
3,6,21.0,193,6,6,0,8,19,1,21
3,6,23.0,84,0,6,0,13,38,2,17
3,6,23.0,84,0,8,0,2,123,1,17
3,10,3.0,310,4,16,0,16,42,3,27
3,10,3.0,310,4,16,0,10,47,0,27
3,10,3.0,310,4,7,1,0,64,0,27
3,10,3.0,310,4,22,2,10,12,0,27
3,10,3.0,310,4,19,0,5,6,0,27
3,10,3.0,310,4,2,1,12,135,1,27
3,10,11.0,298,5,17,0,15,46,4,9
3,10,11.0,298,5,17,0,13,21,4,9
3,0,20.0,172,6,18,1,6,132,4,29
3,9,17.0,255,0,13,0,5,12,1,6
0,11,1.0,222,3,17,0,16,50,1,7
3,9,1.0,126,6,22,0,1,81,3,7
3,9,17.0,255,0,19,1,13,38,0,6
3,9,14.0,106,5,2,1,1,67,0,5
3,9,14.0,106,5,0,1,1,105,0,5
3,3,8.0,148,1,18,0,7,78,2,8
3,1,2.0,171,6,17,3,5,64,3,22
3,1,24.0,64,3,12,0,15,96,3,14
3,3,7.0,289,0,13,0,10,23,2,11
3,3,8.0,148,1,17,0,13,38,4,8
3,5,18.0,195,3,13,2,0,15,1,0
3,5,18.0,195,3,19,1,5,12,0,0
3,5,18.0,195,3,4,1,5,6,0,0
3,7,15.0,205,6,10,0,1,16,2,1
3,4,3.0,279,5,2,1,5,12,1,27
3,8,17.0,74,2,1,0,13,48,1,6
3,10,11.0,298,5,3,0,15,31,2,9
3,1,3.0,188,3,5,0,2,2,3,27
3,1,3.0,188,3,5,2,0,26,1,27
3,1,3.0,188,3,9,2,6,7,3,27
3,1,3.0,188,3,22,0,14,106,1,27
3,1,12.0,353,1,16,0,5,12,3,28
3,1,4.0,286,0,22,1,1,59,4,30
3,1,12.0,353,1,15,0,9,49,1,28
3,1,12.0,353,1,4,0,1,35,3,28
3,1,12.0,353,1,19,0,2,2,3,28
3,1,12.0,353,1,1,0,2,2,3,28
3,8,14.0,296,3,6,1,10,47,4,5
3,8,14.0,296,3,16,1,13,38,0,5
3,8,14.0,296,3,2,0,16,74,3,5
3,8,21.0,46,3,6,0,3,44,4,21
3,8,21.0,46,3,11,2,2,35,3,21
3,8,21.0,46,3,13,1,8,9,1,21
3,8,21.0,46,3,8,2,14,25,0,21
3,8,21.0,46,3,18,0,2,71,1,21
3,8,22.0,354,0,18,0,8,27,1,26
3,4,14.0,345,1,11,1,6,89,4,5
3,4,14.0,345,1,8,0,8,9,0,5
3,4,14.0,345,1,4,0,11,117,1,5
3,4,14.0,345,1,4,1,9,10,4,5
3,4,21.0,339,1,5,0,13,38,2,21
3,4,21.0,339,1,4,0,14,25,1,21
3,4,24.0,27,5,16,2,5,6,3,14
3,10,17.0,256,4,17,0,16,37,3,6
3,10,17.0,256,4,14,0,0,64,1,6
3,10,19.0,117,6,7,0,4,121,3,10
3,10,19.0,117,6,7,1,14,34,0,10
3,10,19.0,117,6,0,1,13,69,0,10
3,10,19.0,117,6,20,0,10,47,3,10
3,10,19.0,117,6,18,0,2,86,4,10
3,10,24.0,261,4,21,2,8,27,1,14
3,10,19.0,117,6,13,0,9,134,2,10
3,10,24.0,261,4,4,0,11,18,1,14
3,10,24.0,261,4,13,1,6,89,1,14
3,10,25.0,56,5,6,2,0,0,2,13
3,4,18.0,26,6,5,0,10,47,3,0
3,6,16.0,38,0,19,0,2,40,1,2
3,1,11.0,111,0,18,0,15,46,2,9
3,10,7.0,243,0,22,2,9,102,3,11
3,10,7.0,243,0,22,0,4,4,2,11
3,10,7.0,243,0,4,0,6,128,1,11
3,10,7.0,243,0,19,0,0,77,3,11
3,10,7.0,243,0,1,0,10,22,1,11
3,10,7.0,243,0,9,1,7,20,2,11
3,10,7.0,243,0,3,2,0,31,3,11
3,10,7.0,243,0,4,0,1,105,4,11
3,10,15.0,60,1,4,1,13,36,4,1
3,10,15.0,60,1,2,0,14,32,3,1
3,10,17.0,256,4,17,0,8,118,3,6
3,10,17.0,256,4,20,0,0,0,3,6
3,10,15.0,60,1,14,0,1,35,0,1
3,10,17.0,256,4,12,0,6,14,1,6
3,10,17.0,256,4,12,0,9,63,1,6
3,10,17.0,256,4,22,0,5,6,2,6
3,10,19.0,117,6,8,0,10,47,0,10
3,10,19.0,117,6,20,1,7,122,4,10
3,10,19.0,117,6,4,0,2,92,3,10
3,10,19.0,117,6,8,0,12,80,4,10
3,8,14.0,296,3,0,0,5,12,1,5
3,8,14.0,296,3,21,1,10,47,0,5
3,8,14.0,296,3,0,1,13,38,2,5
3,8,12.0,284,5,19,0,8,41,1,28
3,5,20.0,214,1,0,0,7,78,4,29
3,5,20.0,214,1,5,0,13,28,2,29
3,5,20.0,214,1,12,0,0,64,3,29
3,5,20.0,214,1,4,0,1,35,3,29
3,5,20.0,214,1,19,0,2,69,2,29
3,5,20.0,214,1,18,0,2,92,1,29
3,5,19.0,146,0,4,1,5,12,2,10
3,5,20.0,214,1,14,0,4,121,1,29
3,5,20.0,214,1,9,0,9,93,1,29
3,5,28.0,259,2,6,2,9,49,3,18
3,5,28.0,259,2,16,0,0,12,3,18
3,5,28.0,259,2,0,0,4,103,3,18
3,5,28.0,259,2,15,2,6,14,3,18
3,2,14.0,231,5,8,0,0,15,3,5
3,4,28.0,218,1,4,0,2,71,2,18
3,4,28.0,218,1,0,3,5,64,2,18
3,2,3.0,282,0,12,0,11,133,2,27
3,5,30.0,294,5,9,0,2,40,4,19
3,5,30.0,294,5,8,3,9,10,2,19
3,6,3.0,99,1,0,0,13,21,1,27
3,2,8.0,258,6,4,0,6,7,1,8
3,6,3.0,99,1,13,0,7,20,4,27
3,2,8.0,258,6,13,0,8,41,2,8
3,6,3.0,99,1,15,0,8,9,3,27
3,2,9.0,21,3,7,0,1,67,3,12
3,6,5.0,342,4,11,1,11,15,0,24
3,4,2.0,141,4,1,0,14,106,4,22
3,3,29.0,325,1,4,0,15,39,2,16
3,3,1.0,180,1,10,0,5,6,2,7
3,10,10.0,245,4,15,0,16,37,4,4
2,3,23.0,357,1,0,0,11,94,1,17
3,3,20.0,105,3,8,0,0,68,3,29
3,2,3.0,282,0,15,0,8,27,2,27
3,2,9.0,21,3,15,0,9,87,3,12
3,2,9.0,21,3,16,1,2,40,4,12
3,2,9.0,21,3,3,0,5,6,0,12
3,2,11.0,297,1,23,0,5,6,0,9
3,2,11.0,297,1,13,0,10,6,3,9
3,2,11.0,297,1,14,1,12,61,4,9
3,5,7.0,349,2,22,0,5,12,3,11
3,11,22.0,250,2,13,3,10,47,1,26
3,9,25.0,344,1,17,1,9,95,4,13
3,7,16.0,40,3,2,0,2,71,2,2
3,1,8.0,62,5,18,0,2,92,1,8
2,9,15.0,226,4,14,0,2,123,3,1
2,9,23.0,167,5,22,0,8,41,0,17
2,7,4.0,204,0,1,0,3,103,1,30
2,7,6.0,293,2,16,2,15,31,3,23
2,3,4.0,324,4,20,0,2,86,1,30
2,3,4.0,324,4,12,2,16,37,3,30
2,3,4.0,324,4,14,0,6,7,1,30
2,3,4.0,324,4,4,0,1,105,4,30
2,3,14.0,35,3,6,0,0,68,1,5
2,3,14.0,35,3,16,1,10,52,0,5
2,3,15.0,263,0,23,0,10,22,0,1
2,3,15.0,263,0,11,0,0,26,2,1
2,3,15.0,263,0,1,0,8,33,1,1
2,6,1.0,352,6,13,1,0,15,1,7
2,3,14.0,35,3,22,0,9,57,3,5
3,3,28.0,187,0,19,0,6,89,3,18
3,3,28.0,187,0,9,0,6,89,1,18
3,3,27.0,361,3,21,1,0,26,1,15
3,3,29.0,325,1,21,2,0,12,3,16
3,3,28.0,187,0,12,1,14,24,0,18
3,3,27.0,361,3,11,0,13,75,2,15
3,3,29.0,325,1,9,0,0,26,1,16
3,5,3.0,161,6,21,0,13,28,4,27
3,5,3.0,161,6,11,1,10,22,1,27
2,1,4.0,219,3,2,1,9,109,4,30
2,1,12.0,207,0,22,0,9,49,1,28
3,5,3.0,161,6,3,0,10,22,3,27
3,5,3.0,161,6,5,1,11,133,1,27
3,5,3.0,161,6,2,1,2,123,1,27
3,5,3.0,161,6,12,0,13,21,1,27
3,5,6.0,277,1,6,0,8,19,0,23
3,5,6.0,277,1,1,0,6,7,0,23
3,3,27.0,361,3,20,1,3,44,1,15
3,2,30.0,131,3,9,0,8,41,1,19
3,2,11.0,297,1,18,0,2,40,2,9
3,2,17.0,6,0,10,2,2,2,0,6
3,2,17.0,6,0,4,1,9,58,4,6
3,2,18.0,7,1,16,0,8,27,0,0
3,2,18.0,7,1,5,0,8,41,1,0
3,3,18.0,165,5,13,0,0,0,2,0
3,2,18.0,7,1,19,1,9,102,4,0
3,2,18.0,7,1,23,1,11,122,4,0
3,2,26.0,3,2,16,0,1,59,1,3
3,2,26.0,3,2,8,0,2,86,1,3
3,2,27.0,136,4,2,0,0,77,1,15
3,0,1.0,8,0,6,2,14,131,3,7
3,0,1.0,8,0,3,2,9,102,2,7
3,0,1.0,8,0,0,2,2,2,2,7
3,0,1.0,8,0,8,1,9,102,4,7
3,0,2.0,47,1,16,0,6,7,0,22
3,0,2.0,47,1,7,0,8,118,1,22
3,10,9.0,150,2,18,0,14,24,1,12
3,10,10.0,245,4,6,2,1,11,3,4
2,3,14.0,35,3,14,2,13,28,1,5
2,0,25.0,14,2,2,3,0,12,1,13
3,7,26.0,316,2,17,1,14,88,0,3
3,3,16.0,263,2,3,1,3,30,0,2
2,3,14.0,35,3,22,0,0,77,2,5
2,3,4.0,324,4,9,1,3,30,0,30
2,3,15.0,263,0,20,1,12,80,1,1
2,3,21.0,166,3,23,0,0,15,3,21
2,3,21.0,166,3,6,0,6,89,4,21
2,3,21.0,166,3,3,0,2,86,3,21
2,3,21.0,166,3,3,0,9,27,0,21
2,3,22.0,57,0,11,0,0,26,1,26
2,3,21.0,166,3,22,1,9,58,4,21
2,3,22.0,57,0,22,0,4,66,0,26
2,3,22.0,57,0,2,0,15,96,0,26
2,3,22.0,57,0,1,2,1,11,3,26
2,3,23.0,357,1,16,0,0,26,2,17
2,3,14.0,35,3,4,0,1,67,1,5
3,3,20.0,105,3,12,2,10,43,1,29
2,6,3.0,159,0,6,0,10,22,3,27
3,6,13.0,317,5,8,1,1,1,4,25
2,3,14.0,35,3,1,0,3,44,1,5
2,3,23.0,357,1,20,0,1,16,4,17
2,6,1.0,352,6,11,0,1,16,4,7
3,1,30.0,100,6,11,0,14,25,1,19
2,9,20.0,119,1,18,2,6,7,3,29
3,3,22.0,166,1,22,3,9,95,3,26
3,6,14.0,173,6,6,0,10,12,3,5
2,3,3.0,285,2,7,0,5,12,3,27
2,3,23.0,357,1,2,0,9,49,1,17
2,2,22.0,230,5,13,3,10,22,2,26
2,9,20.0,119,1,13,1,13,69,0,29
2,0,1.0,47,3,4,1,9,87,2,7
2,3,15.0,263,0,10,0,9,87,1,1
3,6,14.0,173,6,20,0,2,69,4,5
2,3,9.0,4,1,5,0,14,106,1,12
3,3,22.0,166,1,22,0,14,24,0,26
2,3,23.0,357,1,2,3,6,7,0,17
0,10,24.0,261,0,17,0,2,86,1,14
2,11,2.0,265,1,14,0,11,15,1,22
2,3,13.0,33,6,5,1,4,4,1,25
3,3,1.0,180,1,13,0,13,38,4,7
2,3,21.0,166,3,3,0,11,18,2,21
3,6,19.0,291,4,7,0,16,42,1,10
2,6,17.0,308,0,8,1,7,137,4,6
3,3,22.0,166,1,8,3,9,57,0,26
3,3,27.0,361,3,17,0,4,127,4,15
3,3,28.0,187,0,10,0,1,1,3,18
3,3,28.0,187,0,19,0,15,31,3,18
3,3,28.0,187,0,1,0,5,6,0,18
3,3,29.0,325,1,9,0,13,28,3,16
3,3,29.0,325,1,18,0,10,47,2,16
3,5,3.0,161,6,2,0,4,4,1,27
3,10,2.0,358,2,16,0,8,118,1,22
3,10,2.0,358,2,16,0,11,18,1,22
3,10,2.0,358,2,19,2,7,111,3,22
3,10,9.0,150,2,7,0,5,6,3,12
3,10,9.0,150,2,10,1,0,53,4,12
3,10,9.0,150,2,15,0,16,113,0,12
3,10,10.0,245,4,10,0,13,29,4,4
3,10,10.0,245,4,8,0,10,22,1,4
3,10,9.0,150,2,4,0,0,0,2,12
3,10,10.0,245,4,8,0,13,38,3,4
3,3,1.0,180,1,0,0,15,51,3,7
3,1,1.0,203,5,19,2,2,69,0,7
3,11,23.0,232,4,18,0,4,75,4,17
3,11,23.0,232,4,15,3,9,101,1,17
3,11,24.0,194,5,12,0,5,12,3,14
3,11,24.0,194,5,8,1,14,32,1,14
3,11,25.0,88,6,6,0,1,16,0,13
3,11,25.0,88,6,21,0,7,20,4,13
3,11,25.0,88,6,18,0,13,29,2,13
2,7,13.0,125,2,0,0,4,5,1,25
2,7,4.0,204,0,12,1,3,30,0,30
2,7,13.0,125,2,14,0,9,134,2,25
2,3,4.0,324,4,20,0,5,6,0,30
2,3,14.0,35,3,9,2,6,106,3,5
2,3,15.0,263,0,14,0,8,27,3,1
2,3,21.0,166,3,14,2,14,97,1,21
2,3,22.0,57,0,21,0,14,25,2,26
2,3,22.0,57,0,8,0,5,6,2,26
2,3,23.0,357,1,13,0,13,29,1,17
2,3,23.0,357,1,1,0,13,48,1,17
2,3,23.0,357,1,1,2,3,103,3,17
2,3,23.0,357,1,1,0,0,31,2,17
2,3,24.0,347,2,6,0,9,134,3,14
2,3,24.0,347,2,22,0,10,22,0,14
2,3,24.0,347,2,19,0,15,96,1,14
2,3,24.0,347,2,22,1,11,117,0,14
2,3,30.0,109,1,22,0,7,20,0,19
2,3,30.0,109,1,2,0,6,89,4,19
2,3,30.0,109,1,2,0,9,101,1,19
2,3,30.0,109,1,1,2,3,44,3,19
3,5,3.0,161,6,22,1,10,23,4,27
3,7,4.0,186,1,20,2,2,86,1,30
3,7,19.0,330,2,6,0,6,7,0,10
3,7,19.0,330,2,22,0,3,30,0,10
3,7,19.0,330,2,3,0,14,24,3,10
3,7,19.0,330,2,14,0,15,108,1,10
3,6,5.0,342,4,22,0,14,32,2,24
2,6,10.0,355,0,19,1,11,8,4,4
3,8,30.0,103,1,15,1,0,31,4,19
3,7,27.0,53,4,17,0,13,36,3,15
3,7,27.0,53,4,17,1,14,25,0,15
3,7,29.0,268,6,6,0,2,92,1,16
3,7,29.0,268,6,3,2,12,80,1,16
3,7,27.0,53,4,18,1,5,64,0,15
3,7,19.0,330,2,6,3,3,79,1,10
3,3,19.0,138,6,20,0,13,69,4,10
3,3,19.0,138,6,2,0,5,64,0,10
3,3,19.0,138,6,1,0,0,77,1,10
3,3,20.0,105,3,22,1,8,9,1,29
3,3,20.0,105,3,19,0,1,35,4,29
3,9,6.0,51,4,2,2,16,50,1,23
3,9,23.0,167,3,0,1,9,87,0,17
3,9,23.0,167,3,14,2,14,106,3,17
3,9,23.0,167,3,14,2,9,54,3,17
3,7,1.0,98,6,6,0,5,64,0,7
3,7,1.0,98,6,7,0,1,11,1,7
3,7,1.0,98,6,15,0,9,101,0,7
3,7,1.0,98,6,20,1,8,118,1,7
3,7,23.0,202,3,11,0,2,40,2,17
3,3,1.0,180,1,21,0,15,114,1,7
2,3,23.0,357,1,1,2,13,99,0,17
2,4,3.0,178,4,9,3,9,93,4,27
2,3,21.0,166,3,12,0,5,6,2,21
3,3,17.0,54,4,21,1,12,61,4,6
3,8,6.0,87,6,5,1,14,88,4,23
3,7,17.0,95,0,9,3,11,15,0,6
2,3,24.0,347,2,23,1,16,74,0,14
2,6,3.0,159,0,17,1,3,79,0,27
2,11,17.0,110,2,6,0,0,0,1,6
1,11,1.0,222,6,3,0,8,33,4,7
2,3,21.0,166,3,9,0,9,87,1,21
3,10,20.0,223,3,14,0,4,66,1,29
3,3,23.0,57,2,6,0,0,12,3,17
3,6,19.0,291,4,20,0,0,26,1,10
2,3,24.0,347,2,18,0,15,112,3,14
2,10,11.0,333,4,2,3,13,48,0,9
2,0,28.0,191,6,17,0,12,104,2,18
2,3,15.0,263,0,15,0,10,22,3,1
2,6,13.0,173,4,20,0,11,15,0,25
3,6,19.0,291,4,8,0,2,71,4,10
3,6,20.0,215,5,8,0,10,47,0,29
3,6,20.0,215,5,2,0,3,44,0,29
3,6,20.0,215,5,4,0,13,28,1,29
3,6,28.0,309,6,15,0,5,12,1,18
3,6,28.0,309,6,13,1,15,46,4,18
3,5,30.0,294,5,3,3,3,115,4,19
3,6,28.0,309,6,12,0,10,43,1,18
3,3,29.0,325,1,16,2,9,134,3,16
3,3,29.0,325,1,13,0,1,67,1,16
3,8,9.0,124,1,22,0,10,22,1,12
3,8,9.0,124,1,17,0,11,124,1,12
3,8,16.0,73,1,7,1,0,53,0,2
3,8,16.0,73,1,5,0,12,61,4,2
3,8,16.0,73,1,8,0,1,67,2,2
3,8,16.0,73,1,19,0,12,80,0,2
3,8,16.0,73,1,19,0,15,96,3,2
2,10,6.0,243,6,18,1,0,12,0,23
3,8,16.0,73,1,1,0,13,36,2,2
3,8,16.0,73,1,12,0,16,37,3,2
3,8,16.0,73,1,14,3,15,46,3,2
3,8,18.0,75,4,6,0,0,64,0,0
3,3,29.0,325,1,1,0,6,7,3,16
3,5,3.0,161,6,8,2,1,16,3,27
3,5,3.0,161,6,18,2,14,25,3,27
3,5,4.0,114,3,10,0,0,85,1,30
3,5,5.0,96,0,0,0,2,86,0,24
3,5,5.0,96,0,11,0,13,29,1,24
3,3,19.0,138,6,11,0,9,95,2,10
3,5,6.0,277,1,16,0,0,68,3,23
3,5,5.0,96,0,5,1,11,133,1,24
3,5,4.0,114,3,19,1,12,61,4,30
3,5,6.0,277,1,2,3,14,25,1,23
2,10,1.0,358,0,17,0,8,27,0,7
2,2,5.0,251,1,9,0,7,137,3,24
3,5,3.0,161,6,13,0,6,89,2,27
3,5,30.0,294,5,17,0,3,30,3,19
3,5,30.0,294,5,6,0,1,35,4,19
3,5,30.0,294,5,4,0,7,20,2,19
3,5,30.0,294,5,18,0,12,121,3,19
3,6,3.0,99,1,17,1,5,6,2,27
3,6,3.0,99,1,20,1,12,56,1,27
3,6,3.0,99,1,11,0,10,22,0,27
3,6,3.0,99,1,2,0,10,12,0,27
3,8,16.0,73,1,14,3,15,46,3,2
3,4,1.0,144,2,6,0,4,5,0,7
3,4,1.0,144,2,21,1,14,110,0,7
3,4,1.0,144,2,8,0,10,47,3,7
3,8,3.0,363,2,14,2,0,31,3,27
3,8,3.0,363,2,8,0,1,16,3,27
3,8,3.0,363,2,1,0,2,86,0,27
3,8,3.0,363,2,9,0,10,22,1,27
3,8,8.0,76,0,14,0,14,106,4,8
3,8,9.0,124,1,7,2,6,7,3,12
3,8,8.0,76,0,19,1,11,124,1,8
2,3,13.0,33,6,4,0,0,15,3,25
2,3,12.0,210,5,11,3,11,15,1,28
3,6,4.0,159,2,10,1,3,79,0,30
2,6,12.0,317,2,16,0,16,113,1,28
2,6,12.0,317,2,14,2,0,0,3,28
3,11,1.0,222,2,17,0,10,12,1,7
3,11,1.0,222,2,17,1,9,58,0,7
2,6,1.0,352,6,17,3,9,10,4,7
2,6,21.0,185,5,20,1,3,115,4,21
2,2,12.0,276,1,5,1,0,77,1,28
2,3,23.0,357,1,7,1,0,15,0,17
2,3,24.0,347,2,12,0,0,26,3,14
3,8,1.0,66,0,21,0,0,12,1,7
2,10,4.0,336,4,18,1,0,53,1,30
2,6,21.0,185,5,22,0,3,76,1,21
2,9,19.0,234,0,10,1,3,76,4,10
2,9,18.0,359,3,18,0,2,2,1,0
3,11,19.0,321,3,0,0,13,48,4,10
3,5,19.0,146,0,12,1,5,12,0,10
2,0,4.0,122,2,9,1,0,31,0,30
3,7,3.0,269,0,4,1,15,31,0,27
3,6,23.0,84,0,18,0,3,30,4,17
3,3,5.0,324,6,17,3,14,125,4,24
3,7,20.0,266,4,2,0,9,102,2,29
3,7,12.0,181,2,17,0,14,126,4,28
2,5,20.0,351,0,3,0,16,37,2,29
2,6,20.0,193,4,12,1,2,3,0,29
2,10,4.0,336,4,3,1,7,57,1,30
3,5,2.0,307,5,7,1,5,6,0,22
2,6,21.0,185,5,21,0,16,72,1,21
2,6,16.0,244,3,5,1,15,31,4,2
2,6,21.0,185,5,21,1,9,93,4,21
2,6,21.0,185,5,19,0,11,90,2,21
2,10,5.0,242,5,21,0,14,25,3,24
2,10,5.0,242,5,13,1,11,133,1,24
2,10,5.0,242,5,1,1,13,28,1,24
2,10,5.0,242,5,1,2,0,77,3,24
2,10,5.0,242,5,9,2,8,41,3,24
2,10,7.0,213,3,16,0,11,15,0,11
2,10,7.0,213,3,15,0,10,52,3,11
2,5,24.0,350,5,8,0,1,11,2,14
2,5,24.0,350,5,12,2,7,20,3,14
2,5,24.0,350,5,23,1,12,80,4,14
2,5,24.0,350,5,9,2,3,30,3,14
2,5,31.0,158,5,5,1,1,16,4,20
2,5,31.0,158,5,4,0,2,92,1,20
2,5,31.0,158,5,4,0,6,89,3,20
2,6,13.0,173,4,6,1,6,91,0,25
2,6,13.0,173,4,5,0,9,54,1,25
3,8,16.0,73,1,1,2,6,116,3,2
3,8,16.0,73,1,22,1,0,53,1,2
3,4,1.0,144,2,12,3,0,26,0,7
3,4,1.0,144,2,18,0,0,12,0,7
3,4,1.0,144,2,9,0,14,24,4,7
3,4,16.0,25,4,4,2,8,27,3,2
3,4,19.0,142,3,8,0,5,12,3,10
3,4,28.0,218,1,6,0,14,34,1,18
3,2,3.0,282,0,2,0,0,64,3,27
3,10,27.0,302,3,23,1,10,12,0,15
3,10,27.0,302,3,22,0,6,7,3,15
3,10,27.0,302,3,19,0,9,49,1,15
3,1,1.0,203,5,10,0,9,63,1,7
3,1,1.0,203,5,23,0,8,41,4,7
3,1,9.0,50,6,17,0,11,18,1,12
3,1,9.0,50,6,8,0,8,41,1,12
3,1,9.0,50,6,2,0,2,2,1,12
3,1,9.0,50,6,14,2,10,23,1,12
3,1,9.0,50,6,20,0,5,6,0,12
3,3,18.0,165,5,12,0,14,131,1,0
3,1,18.0,82,0,11,0,14,126,4,0
2,1,12.0,207,0,9,1,1,35,4,28
2,10,1.0,358,0,17,0,9,102,1,7
3,3,20.0,105,3,5,1,12,83,4,29
3,3,19.0,138,6,23,1,11,90,1,10
3,3,19.0,138,6,23,1,11,90,1,10
3,3,19.0,138,6,23,1,11,90,1,10
3,3,22.0,166,1,13,0,6,89,1,26
3,3,22.0,166,1,14,0,7,120,4,26
3,3,28.0,187,0,8,0,6,7,0,18
3,3,28.0,187,0,20,1,4,45,4,18
3,3,28.0,187,0,1,2,2,2,3,18
3,3,22.0,166,1,22,1,11,133,1,26
3,3,27.0,361,3,6,0,10,47,1,15
3,3,27.0,361,3,7,1,1,105,4,15
3,3,27.0,361,3,4,1,12,56,1,15
3,3,27.0,361,3,12,0,10,22,3,15
3,3,28.0,187,0,12,2,6,14,2,18
3,3,28.0,187,0,4,2,13,38,2,18
3,3,29.0,325,1,22,2,8,19,4,16
3,3,28.0,187,0,12,1,3,79,0,18
3,3,29.0,325,1,8,0,16,72,0,16
3,3,29.0,325,1,14,1,12,56,4,16
3,5,3.0,161,6,13,0,9,10,4,27
3,5,4.0,114,3,13,0,10,47,3,30
2,7,26.0,53,1,8,1,10,22,1,3
2,3,18.0,138,4,1,0,11,55,4,0
2,3,23.0,357,1,18,1,7,54,0,17
2,8,4.0,101,2,12,3,5,12,0,30
3,8,1.0,66,0,19,0,8,41,1,7
2,6,21.0,185,5,8,1,12,80,4,21
2,6,21.0,185,5,2,0,13,61,3,21
2,3,23.0,357,1,18,0,9,57,0,17
2,10,5.0,242,5,8,0,4,75,4,24
2,8,10.0,306,1,22,3,12,56,0,4
3,8,1.0,66,0,14,0,9,102,2,7
2,3,21.0,166,3,8,0,10,12,3,21
2,3,30.0,109,1,21,0,5,6,0,19
2,10,5.0,242,5,2,0,3,30,3,24
2,2,30.0,8,6,13,0,16,72,2,19
3,8,1.0,66,0,8,1,10,22,1,7
2,3,24.0,347,2,19,0,12,56,4,14
2,3,30.0,109,1,12,2,15,114,2,19
2,10,7.0,213,3,23,0,16,42,1,11
3,8,1.0,66,0,22,1,12,121,4,7
3,3,17.0,54,4,1,2,9,95,3,6
2,5,6.0,349,0,11,0,8,9,2,23
2,10,7.0,213,3,20,1,9,87,4,11
3,7,20.0,266,4,2,1,12,56,4,29
2,4,27.0,218,3,22,1,6,132,1,15
2,2,4.0,127,0,18,2,11,133,3,30
2,2,10.0,297,3,9,0,0,77,1,4
2,0,20.0,287,5,8,1,0,77,1,29
2,0,19.0,172,4,4,1,2,35,4,10
3,1,27.0,262,2,21,1,14,34,4,15
3,1,27.0,262,2,8,0,2,3,4,15
3,1,27.0,262,2,14,0,2,92,0,15
3,8,1.0,66,0,8,0,3,44,1,7
3,8,2.0,77,1,3,3,13,99,3,22
3,8,1.0,66,0,14,3,1,81,4,7
3,8,3.0,363,2,0,0,2,86,3,27
3,8,3.0,363,2,15,0,10,22,3,27
3,8,3.0,363,2,19,0,0,77,1,27
3,8,2.0,77,1,15,1,15,51,4,22
2,5,21.0,163,1,5,0,8,27,1,21
2,5,30.0,196,4,12,0,4,138,4,19
0,2,30.0,131,4,2,0,13,123,2,19
3,8,8.0,76,0,6,0,10,47,2,8
3,8,8.0,76,0,12,0,10,47,3,8
3,8,8.0,76,0,18,0,3,70,3,8
3,8,9.0,124,1,3,0,6,7,4,12
3,1,27.0,262,2,17,0,13,28,1,15
3,8,16.0,73,1,18,0,8,118,1,2
2,6,13.0,173,4,21,1,6,91,0,25
2,6,13.0,173,4,19,0,10,47,3,25
2,6,16.0,244,3,17,0,0,15,2,2
2,6,16.0,244,3,19,0,8,33,2,2
2,6,16.0,244,3,1,1,8,65,1,2
2,6,21.0,185,5,20,0,10,22,3,21
2,6,21.0,185,5,12,0,5,64,3,21
2,6,21.0,185,5,4,0,16,50,1,21
3,8,17.0,74,2,15,3,1,3,0,6
2,6,21.0,185,5,1,0,0,12,3,21
2,10,5.0,242,5,21,1,14,32,0,24
2,10,5.0,242,5,3,0,3,70,3,24
2,10,5.0,242,5,12,2,6,116,1,24
2,9,4.0,295,3,12,1,15,39,1,30
2,9,7.0,271,2,6,0,8,27,1,11
2,9,7.0,271,2,21,0,2,40,1,11
2,9,13.0,91,1,11,0,14,24,1,25
2,9,14.0,106,2,6,0,16,50,1,5
2,9,13.0,91,1,15,1,3,30,0,25
2,1,23.0,64,5,17,3,13,38,4,17
3,3,26.0,343,6,14,1,11,10,4,3
3,5,4.0,114,3,2,0,2,123,2,30
3,5,4.0,114,3,22,0,10,47,1,30
3,5,4.0,114,3,12,0,10,22,3,30
3,5,5.0,96,0,13,0,7,111,1,24
3,5,5.0,96,0,18,0,10,22,1,24
3,5,5.0,96,0,9,0,9,93,1,24
3,5,5.0,96,0,13,1,3,30,1,24
3,5,6.0,277,1,1,2,12,56,1,23
3,5,30.0,294,5,2,0,8,41,1,19
3,5,30.0,294,5,9,1,4,82,2,19
3,6,3.0,99,1,6,0,9,101,0,27
3,3,22.0,166,1,13,0,14,107,0,26
3,3,28.0,187,0,20,0,3,115,4,18
3,3,28.0,187,0,15,0,12,61,1,18
3,3,27.0,361,3,18,1,15,51,0,15
3,3,28.0,187,0,14,2,11,90,3,18
3,8,16.0,73,1,13,3,9,27,0,2
3,8,18.0,75,4,10,1,8,9,1,0
3,4,1.0,144,2,14,0,10,43,3,7
3,4,16.0,25,4,9,0,3,44,1,2
3,4,19.0,142,3,8,1,1,16,4,10
3,4,28.0,218,1,0,1,10,22,0,18
3,4,28.0,218,1,17,1,14,25,0,18
2,5,22.0,168,2,6,0,2,86,1,26
2,3,24.0,347,2,12,0,9,9,3,14
2,5,6.0,349,0,12,2,3,79,3,23
2,9,21.0,362,2,17,0,9,95,1,21
3,3,16.0,263,2,23,3,9,10,0,2
3,10,10.0,245,4,22,0,0,12,2,4
2,3,24.0,347,2,1,0,4,79,2,14
3,7,6.0,93,4,5,3,3,79,1,23
2,2,14.0,130,4,15,3,8,27,2,5
3,9,1.0,126,6,13,0,16,42,0,7
2,9,14.0,106,2,13,1,2,92,4,5
2,9,15.0,226,4,17,0,13,29,1,1
3,11,13.0,312,0,16,0,8,27,1,25
3,11,21.0,192,1,2,0,9,57,0,21
3,11,21.0,192,1,4,0,15,31,3,21
3,11,29.0,270,2,10,2,2,86,3,16
3,3,22.0,166,1,13,1,2,92,4,26
3,3,20.0,105,3,17,1,7,31,0,29
3,3,20.0,105,3,17,1,7,31,1,29
3,3,22.0,166,1,13,3,9,102,1,26
3,11,29.0,270,2,7,1,15,37,0,16
3,9,4.0,295,1,2,0,13,29,3,30
3,9,4.0,295,1,15,1,7,137,4,30
3,7,4.0,186,1,17,2,2,13,0,30
3,9,3.0,217,0,3,1,9,102,4,27
3,7,19.0,330,2,11,0,6,7,1,10
3,7,27.0,53,4,16,0,5,6,3,15
3,7,29.0,268,6,5,0,7,78,4,16
3,7,29.0,268,6,1,1,1,105,0,16
2,6,18.0,291,1,5,3,16,42,4,0
3,8,15.0,72,0,22,0,6,91,2,1
3,10,9.0,150,2,1,0,5,6,0,12
3,10,10.0,245,4,6,0,8,41,1,4
3,10,9.0,150,2,9,2,6,89,3,12
3,10,10.0,245,4,16,1,3,103,0,4
3,10,10.0,245,4,8,2,2,2,3,4
3,10,10.0,245,4,18,0,3,79,4,4
3,10,18.0,246,5,4,0,15,112,3,0
3,10,27.0,302,3,23,0,1,105,4,15
3,10,27.0,302,3,22,0,1,105,0,15
3,10,27.0,302,3,22,0,3,30,0,15
3,10,27.0,302,3,1,0,7,62,4,15
2,9,20.0,119,1,15,1,14,125,4,29
3,5,24.0,58,6,5,0,9,95,2,14
3,5,24.0,58,6,14,0,5,6,0,14
3,5,24.0,58,6,1,0,2,60,0,14
3,5,25.0,350,3,6,0,7,78,1,13
3,5,23.0,168,5,17,1,5,12,1,17
3,5,25.0,350,3,18,0,11,18,3,13
3,6,8.0,59,3,22,0,0,31,3,8
3,6,24.0,31,1,19,0,10,52,0,14
2,9,13.0,91,1,2,0,5,6,2,25
2,9,15.0,226,4,19,0,0,77,1,1
2,9,15.0,226,4,12,0,8,19,3,1
2,9,15.0,226,4,4,0,16,50,3,1
2,9,15.0,226,4,14,2,3,30,3,1
2,9,15.0,226,4,8,0,13,48,4,1
2,9,21.0,362,2,17,0,4,82,1,21
2,9,21.0,362,2,20,1,16,72,2,21
2,9,21.0,362,2,1,2,6,91,0,21
2,9,23.0,167,5,7,0,13,38,2,17
2,7,6.0,293,2,10,0,8,9,3,23
2,7,13.0,125,2,10,0,5,12,1,25
2,3,4.0,324,4,16,2,10,22,1,30
2,3,14.0,35,3,0,1,6,91,0,5
2,3,14.0,35,3,5,0,16,37,1,5
2,3,14.0,35,3,23,0,9,87,2,5
2,3,14.0,35,3,8,0,15,119,2,5
2,3,14.0,35,3,4,0,9,49,3,5
2,3,15.0,263,0,13,0,1,11,1,1
3,7,26.0,316,2,12,0,2,71,2,3
3,7,24.0,68,0,12,1,16,37,1,14
2,7,6.0,293,2,10,0,2,92,0,23
3,7,29.0,268,6,4,2,2,71,3,16
3,3,19.0,138,6,15,0,13,29,1,10
3,3,19.0,138,6,22,2,3,76,0,10
3,3,19.0,138,6,1,1,7,120,0,10
3,3,20.0,105,3,8,0,2,13,1,29
2,5,22.0,168,2,4,2,2,2,3,26
2,3,21.0,166,3,9,2,6,91,3,21
2,5,6.0,349,0,12,0,14,125,4,23
2,5,23.0,58,4,19,0,8,27,1,17
2,3,22.0,57,0,21,1,2,123,0,26
3,10,10.0,245,4,15,1,4,127,4,4
3,8,17.0,74,2,12,1,7,120,1,6
2,5,6.0,349,0,12,0,13,99,3,23
2,5,6.0,349,0,22,1,12,135,4,23
2,5,22.0,168,2,3,0,9,57,0,26
2,5,22.0,168,2,22,3,12,56,0,26
2,5,22.0,168,2,19,0,0,85,1,26
2,5,22.0,168,2,18,0,15,51,2,26
2,5,22.0,168,2,18,0,9,102,1,26
2,5,23.0,58,4,4,0,10,47,3,17
2,5,24.0,350,5,7,0,10,23,3,14
2,5,24.0,350,5,4,0,6,7,3,14
2,5,31.0,158,5,8,3,13,123,1,20
2,6,13.0,173,4,17,0,2,92,0,25
2,6,13.0,173,4,14,0,8,19,3,25
3,10,9.0,150,2,17,0,1,81,4,12
3,10,10.0,245,4,11,1,14,32,4,4
3,10,9.0,150,2,6,1,5,6,0,12
3,10,10.0,245,4,9,0,2,60,4,4
3,10,18.0,246,5,12,0,16,65,2,0
3,10,18.0,246,5,18,0,15,31,1,0
3,10,27.0,302,3,16,0,7,111,3,15
3,10,27.0,302,3,15,3,9,93,3,15
3,10,27.0,302,3,22,0,16,72,0,15
3,1,1.0,203,5,13,0,6,128,3,7
3,1,1.0,203,5,12,0,13,38,0,7
3,1,1.0,203,5,19,0,15,31,3,7
3,1,1.0,203,5,9,0,15,108,1,7
3,1,9.0,50,6,21,1,5,6,0,12
3,1,27.0,262,2,6,1,5,6,0,15
3,1,27.0,262,2,9,0,0,77,1,15
3,8,1.0,66,0,16,0,14,25,1,7
2,9,12.0,177,0,2,0,15,46,1,28
2,9,20.0,119,1,18,0,14,131,1,29
3,8,3.0,363,2,16,0,10,47,0,27
3,8,2.0,77,1,22,1,13,123,1,22
3,8,3.0,363,2,19,0,8,41,0,27
2,6,13.0,173,4,19,0,3,30,3,25
2,6,13.0,173,4,15,1,0,26,1,25
2,6,13.0,173,4,2,0,5,6,0,25
2,6,16.0,244,3,21,1,14,107,0,2
2,6,16.0,244,3,14,2,6,7,3,2
2,6,16.0,244,3,22,3,11,98,2,2
2,6,21.0,185,5,5,1,11,15,1,21
2,6,21.0,185,5,15,1,14,25,1,21
2,6,21.0,185,5,4,0,2,92,1,21
2,10,5.0,242,5,7,0,0,0,3,24
2,10,5.0,242,5,23,0,9,9,2,24
2,10,5.0,242,5,4,2,4,4,3,24
2,10,5.0,242,5,9,2,6,7,3,24
2,10,7.0,213,3,13,2,10,47,3,11
2,10,14.0,60,3,21,1,3,115,4,5
2,10,14.0,60,3,15,0,5,6,0,5
2,10,14.0,60,3,4,0,1,105,3,5
2,10,14.0,60,3,19,1,4,136,1,5
2,10,15.0,201,0,22,0,15,112,3,1
2,1,7.0,62,2,16,1,11,15,4,11
2,10,6.0,243,6,20,0,12,56,1,23
3,7,23.0,202,3,22,0,2,2,2,17
3,3,25.0,347,5,11,0,13,38,2,13
3,4,28.0,218,1,16,2,2,13,3,18
3,4,28.0,218,1,5,0,9,93,4,18
3,4,28.0,218,1,0,0,10,30,0,18
3,4,28.0,218,1,1,1,7,8,4,18
3,2,3.0,282,0,2,1,0,68,1,27
3,2,11.0,297,1,17,0,8,33,2,9
3,2,11.0,297,1,16,0,5,12,0,9
3,2,11.0,297,1,12,0,8,41,0,9
3,2,17.0,6,0,5,0,5,6,3,6
3,2,17.0,6,0,8,2,13,21,3,6
3,2,17.0,6,0,9,0,5,12,3,6
3,2,18.0,7,1,17,0,9,10,0,0
3,2,26.0,3,2,18,0,16,50,3,3
3,2,26.0,3,2,12,1,0,12,0,3
3,0,2.0,47,1,18,0,0,12,0,22
3,10,10.0,245,4,15,0,8,118,0,4
3,10,27.0,302,3,18,0,5,6,2,15
2,5,24.0,350,5,2,0,4,82,3,14
3,10,27.0,302,3,8,0,5,6,2,15
2,5,31.0,158,5,21,1,1,35,0,20
2,5,31.0,158,5,2,0,14,131,3,20
2,5,31.0,158,5,8,0,13,123,3,20
2,5,31.0,158,5,20,0,14,125,2,20
2,6,13.0,173,4,15,1,2,2,4,25
2,6,16.0,244,3,10,0,7,57,1,2
2,6,16.0,244,3,6,1,13,99,0,2
2,6,21.0,185,5,16,0,10,47,0,21
0,8,1.0,66,5,17,0,2,86,4,7
2,7,26.0,53,1,23,1,16,37,4,3
2,11,8.0,283,0,2,3,6,88,0,8
2,11,17.0,110,2,7,1,15,51,0,6
2,9,19.0,234,0,22,0,11,133,3,10
2,9,26.0,267,0,18,0,2,86,3,3
2,7,27.0,34,2,19,0,9,63,1,15
2,6,2.0,99,3,14,0,11,98,0,22
2,6,1.0,352,6,13,1,3,70,1,7
2,10,4.0,336,4,22,0,0,77,1,30
2,6,17.0,308,0,5,0,12,104,4,6
2,1,3.0,286,6,4,1,15,31,1,27
2,10,4.0,336,4,9,2,14,34,3,30
2,1,28.0,112,2,16,0,8,27,0,18
2,10,10.0,298,2,20,3,6,91,1,4
2,4,30.0,67,2,18,1,5,12,0,19
2,2,28.0,140,4,8,0,4,5,1,18
2,4,27.0,218,3,9,3,6,7,3,15
2,4,27.0,218,3,1,3,6,7,3,15
2,5,28.0,24,1,2,1,14,32,4,18
3,4,2.0,141,4,23,0,9,109,4,22
3,4,16.0,25,4,11,1,12,80,4,2
3,4,16.0,25,4,15,0,11,90,3,2
3,4,19.0,142,3,1,2,0,15,3,10
3,4,19.0,142,3,1,0,1,59,0,10
3,10,2.0,358,2,4,0,11,133,2,22
2,6,14.0,49,5,12,0,1,16,0,5
3,1,9.0,50,6,1,0,9,63,4,12
3,1,18.0,82,0,13,1,1,81,4,0
3,1,27.0,262,2,16,0,10,6,3,15
3,8,1.0,66,0,16,0,13,13,0,7
3,8,1.0,66,0,22,1,12,135,4,7
3,8,2.0,77,1,0,0,14,34,4,22
3,8,2.0,77,1,0,1,2,2,0,22
3,8,2.0,77,1,1,0,0,53,1,22
3,8,9.0,124,1,6,1,10,12,1,12
2,3,12.0,210,5,1,0,15,51,1,28
2,6,14.0,49,5,14,3,1,105,3,5
3,8,8.0,76,0,13,0,8,9,1,8
3,8,9.0,124,1,3,1,11,117,1,12
3,8,16.0,73,1,13,0,0,77,3,2
3,3,19.0,138,6,19,0,1,11,2,10
3,3,19.0,138,6,22,0,8,41,1,10
2,0,30.0,290,0,1,1,1,11,0,19
3,3,22.0,166,1,16,0,4,103,2,26
3,3,22.0,166,1,16,1,11,10,4,26
3,11,29.0,270,2,22,0,14,24,2,16
3,7,4.0,186,1,2,0,10,47,0,30
3,7,4.0,186,1,12,1,1,59,4,30
3,7,27.0,53,4,11,0,12,56,1,15
3,7,29.0,268,6,13,0,1,11,2,16
3,7,30.0,42,3,6,0,10,47,3,19
3,7,30.0,42,3,2,0,6,132,2,19
3,3,19.0,138,6,15,0,0,12,1,10
3,3,20.0,105,3,6,0,2,3,0,29
3,3,20.0,105,3,15,0,11,117,0,29
3,8,30.0,103,1,9,2,9,134,3,19
3,1,1.0,203,5,11,0,5,6,2,7
3,1,9.0,50,6,4,0,1,11,4,12
3,1,18.0,82,0,10,0,14,107,3,0
3,1,18.0,82,0,12,0,13,38,0,0
3,1,18.0,82,0,14,0,10,47,3,0
3,1,27.0,262,2,16,0,10,30,0,15
3,1,27.0,262,2,15,0,1,105,3,15
3,1,27.0,262,2,13,0,6,7,1,15
3,8,1.0,66,0,8,0,9,93,4,7
3,8,2.0,77,1,17,0,16,42,1,22
3,8,1.0,66,0,19,2,4,45,2,7
3,8,2.0,77,1,0,1,0,12,2,22
3,8,3.0,363,2,6,0,13,36,1,27
2,3,30.0,109,1,17,0,10,22,1,19
2,3,30.0,109,1,6,0,5,6,1,19
2,3,30.0,109,1,16,0,8,19,1,19
2,5,6.0,349,0,13,1,1,1,4,23
2,5,6.0,349,0,4,0,2,2,3,23
2,5,22.0,168,2,0,0,16,50,3,26
2,5,22.0,168,2,4,1,12,17,4,26
2,3,30.0,109,1,0,0,5,12,3,19
2,3,30.0,109,1,21,2,0,53,3,19
2,3,30.0,109,1,15,0,11,117,1,19
2,3,30.0,109,1,13,0,0,64,3,19
2,3,30.0,109,1,15,0,9,54,1,19
2,3,30.0,109,1,14,0,14,88,3,19
2,5,6.0,349,0,13,0,10,52,3,23
2,5,6.0,349,0,13,1,7,57,4,23
2,5,6.0,349,0,5,0,9,134,2,23
2,5,22.0,168,2,10,0,0,15,4,26
2,5,22.0,168,2,18,0,10,22,3,26
2,5,22.0,168,2,18,0,1,11,2,26
2,5,22.0,168,2,2,0,7,62,2,26
2,5,23.0,58,4,4,0,10,22,2,17
2,5,24.0,350,5,4,0,2,69,4,14
2,5,24.0,350,5,9,1,2,13,1,14
2,5,31.0,158,5,6,1,11,94,4,20
3,8,3.0,363,2,5,1,9,9,4,27
3,8,8.0,76,0,17,0,2,86,0,8
2,5,21.0,163,1,11,0,3,115,3,21
2,7,5.0,93,1,18,1,8,9,4,24
2,5,21.0,163,1,1,1,7,20,4,21
3,1,1.0,203,5,2,0,14,24,4,7
3,1,9.0,50,6,8,0,13,29,3,12
3,1,27.0,262,2,11,0,2,2,3,15
3,1,27.0,262,2,21,1,10,47,0,15
3,6,10.0,149,1,9,0,12,135,3,4
3,8,1.0,66,0,13,2,9,27,0,7
3,8,1.0,66,0,4,0,9,83,1,7
3,8,2.0,77,1,9,1,9,93,4,22
3,8,3.0,363,2,23,0,5,12,1,27
3,8,3.0,363,2,1,0,6,7,2,27
3,8,8.0,76,0,11,0,10,47,1,8
3,8,8.0,76,0,9,2,0,0,3,8
3,8,16.0,73,1,5,0,12,104,4,2
3,8,16.0,73,1,16,1,11,15,4,2
3,8,18.0,75,4,15,0,4,66,3,0
3,4,1.0,144,2,6,0,5,6,2,7
3,3,22.0,166,1,4,0,11,124,0,26
3,3,22.0,166,1,2,2,13,48,2,26
3,3,22.0,166,1,12,1,7,129,1,26
3,3,19.0,138,6,6,1,1,11,4,10
3,3,19.0,138,6,6,2,8,27,3,10
3,3,19.0,138,6,11,0,14,34,3,10
3,3,19.0,138,6,2,0,2,86,1,10
2,10,1.0,358,0,17,0,13,69,3,7
3,3,20.0,105,3,6,0,0,26,1,29
3,3,20.0,105,3,17,0,3,79,3,29
3,3,19.0,138,6,18,1,6,128,0,10
3,3,19.0,138,6,9,0,5,12,0,10
3,3,20.0,105,3,15,0,2,40,3,29
2,3,22.0,57,0,19,0,14,106,4,26
2,3,22.0,57,0,12,0,7,120,3,26
2,3,21.0,166,3,1,0,10,47,2,21
2,3,23.0,357,1,22,2,7,20,2,17
2,3,23.0,357,1,2,0,6,7,1,17
2,3,23.0,357,1,18,0,8,118,4,17
2,3,24.0,347,2,6,1,14,125,2,14
2,3,30.0,109,1,19,0,16,130,1,19
2,5,6.0,349,0,16,1,5,6,2,23
2,5,6.0,349,0,8,0,2,86,0,23
2,5,22.0,168,2,16,1,1,11,0,26
2,5,22.0,168,2,15,0,6,7,3,26
2,5,22.0,168,2,12,0,2,71,4,26
2,5,23.0,58,4,0,0,3,30,3,17
2,5,23.0,58,4,4,2,2,60,2,17
2,5,23.0,58,4,12,0,14,24,0,17
2,5,23.0,58,4,18,0,14,24,1,17
3,8,2.0,77,1,7,0,8,118,1,22
3,8,2.0,77,1,7,1,15,85,4,22
3,8,2.0,77,1,3,0,0,85,4,22
3,8,2.0,77,1,19,0,3,115,3,22
3,8,2.0,77,1,12,1,11,15,0,22
3,8,3.0,363,2,16,0,5,12,3,27
3,8,3.0,363,2,8,0,10,22,1,27
2,7,21.0,211,4,12,0,13,21,3,21
3,8,3.0,363,2,8,0,8,118,3,27
3,8,3.0,363,2,4,0,7,57,3,27
3,8,3.0,363,2,19,0,5,12,2,27
3,8,3.0,363,2,9,2,14,25,3,27
3,8,8.0,76,0,3,0,9,93,3,8
3,8,8.0,76,0,19,0,4,66,1,8
3,8,9.0,124,1,17,1,11,124,0,12
3,8,2.0,77,1,18,0,8,41,4,22
3,8,9.0,124,1,22,0,10,47,3,12
3,3,23.0,57,2,16,0,1,67,0,17
3,3,23.0,57,2,16,3,16,39,0,17
2,5,23.0,58,4,14,0,10,23,3,17
2,5,24.0,350,5,17,1,3,30,4,14
2,5,24.0,350,5,3,0,6,128,1,14
2,7,13.0,125,2,17,0,13,28,0,25
2,7,13.0,125,2,23,0,5,64,3,25
2,7,13.0,125,2,0,1,4,45,0,25
2,3,4.0,324,4,6,0,12,80,1,30
2,3,4.0,324,4,14,0,14,24,1,30
2,3,4.0,324,4,4,2,16,42,3,30
2,3,14.0,35,3,10,0,5,12,2,5
2,3,14.0,35,3,2,0,3,30,0,5
2,3,21.0,166,3,6,1,3,76,4,21
2,3,21.0,166,3,1,0,15,39,3,21
2,3,21.0,166,3,2,0,0,77,0,21
2,3,22.0,57,0,17,2,8,41,3,26
2,3,22.0,57,0,0,1,2,123,2,26
2,3,22.0,57,0,8,1,14,107,0,26
2,3,22.0,57,0,4,0,13,13,0,26
2,3,23.0,357,1,21,0,3,79,1,17
2,3,22.0,57,0,16,0,5,12,0,26
2,3,23.0,357,1,3,0,14,106,1,17
3,3,24.0,357,4,2,1,5,64,1,14
3,3,25.0,347,5,9,0,10,52,0,13
3,5,10.0,155,6,5,0,15,114,4,4
3,5,17.0,212,6,21,1,6,91,4,6
3,5,23.0,168,5,14,0,14,88,3,17
3,5,24.0,58,6,12,0,1,67,3,14
3,5,25.0,350,3,20,0,4,4,1,13
3,6,8.0,59,3,18,0,0,85,3,8
3,6,8.0,59,3,3,0,8,9,3,8
3,6,8.0,59,3,4,0,13,38,2,8
3,6,24.0,31,1,17,1,12,104,2,14
3,10,2.0,358,2,17,0,13,99,1,22
3,10,2.0,358,2,14,0,4,75,1,22
3,10,2.0,358,2,1,0,9,49,1,22
3,10,9.0,150,2,23,0,0,85,1,12
2,0,10.0,10,1,13,4,7,57,3,4
3,5,7.0,349,2,19,4,11,10,4,11
2,0,10.0,10,1,18,4,1,81,4,4
3,5,7.0,349,2,16,4,16,37,3,11
3,5,7.0,349,2,4,4,9,10,2,11
2,0,19.0,172,4,11,4,2,2,0,10
3,5,7.0,349,2,16,4,16,74,3,11
2,0,19.0,172,4,5,4,14,25,3,10
3,5,9.0,206,5,3,4,16,50,0,12
2,0,20.0,287,5,8,4,0,77,3,29
3,5,9.0,206,5,13,4,2,13,3,12
3,11,10.0,360,5,4,4,8,41,3,4
3,11,10.0,360,5,19,4,12,17,4,4
3,5,9.0,206,5,4,4,14,106,4,12
3,11,18.0,332,6,4,4,14,32,3,0
3,11,18.0,332,6,1,4,7,137,4,0
3,5,9.0,206,5,7,4,14,131,3,12
3,5,9.0,206,5,14,4,12,56,3,12
3,11,19.0,321,3,12,4,1,35,0,10
3,6,4.0,159,2,14,4,6,91,4,30
3,11,28.0,123,1,12,4,0,31,3,18
3,6,4.0,159,2,14,4,8,19,3,30
3,11,28.0,123,1,17,4,0,26,3,18
3,6,4.0,159,2,16,4,1,81,3,30
3,11,28.0,123,1,13,4,8,33,3,18
3,1,31.0,305,3,8,4,2,123,4,20
3,1,31.0,305,3,19,4,14,25,3,20
3,1,31.0,305,3,17,4,13,28,0,20
3,1,31.0,305,3,18,4,16,37,4,20
3,9,2.0,323,3,4,4,2,3,3,22
3,9,2.0,323,3,19,4,3,76,3,22
3,9,2.0,323,3,9,4,12,104,4,22
3,9,2.0,323,3,14,4,7,137,3,22
3,3,11.0,337,5,17,4,6,7,3,9
3,9,2.0,323,3,5,4,3,44,3,22
3,3,11.0,337,5,15,4,13,28,3,9
3,3,13.0,210,3,15,4,12,84,3,25
3,3,13.0,210,3,19,4,5,6,3,25
3,3,13.0,210,3,23,4,14,24,3,25
3,3,13.0,210,3,3,4,6,7,0,25
3,3,13.0,210,3,18,4,2,13,4,25
3,8,23.0,102,1,9,4,16,130,4,17
3,8,23.0,102,1,1,4,1,11,3,17
3,3,13.0,210,3,5,4,1,67,0,25
3,8,23.0,102,1,18,4,11,55,3,17
3,3,29.0,325,1,3,4,8,9,3,16
3,5,3.0,161,6,17,4,12,80,3,27
3,5,3.0,161,6,10,4,8,27,4,27
3,5,3.0,161,6,18,4,6,7,4,27
3,5,3.0,161,6,1,4,4,4,3,27
3,5,4.0,114,3,20,4,2,40,3,30
3,5,4.0,114,3,9,4,0,53,3,30
3,5,5.0,96,0,22,4,1,35,4,24
3,5,5.0,96,0,4,4,6,7,3,24
3,5,5.0,96,0,22,4,14,25,0,24
3,5,5.0,96,0,5,4,9,101,3,24
3,5,30.0,294,5,3,4,16,130,3,19
3,5,30.0,294,5,17,4,8,19,3,19
3,6,3.0,99,1,6,4,11,55,4,27
3,6,3.0,99,1,17,4,9,54,3,27
3,6,5.0,342,4,14,4,14,25,0,24
3,6,5.0,342,4,9,4,8,9,3,24
3,6,13.0,317,5,9,4,16,50,4,25
3,6,13.0,317,5,22,4,13,29,3,25
3,7,8.0,94,6,23,4,12,56,3,8
3,8,1.0,66,0,9,4,8,41,4,7
3,8,1.0,66,0,9,4,8,41,4,7
3,8,1.0,66,0,15,4,6,7,3,7
3,8,1.0,66,0,17,4,8,19,1,7
3,7,17.0,95,0,2,4,11,98,3,6
3,8,2.0,77,1,13,4,6,7,2,22
3,8,2.0,77,1,15,4,6,7,3,22
3,8,2.0,77,1,15,4,8,41,4,22
3,8,2.0,77,1,15,4,2,13,1,22
3,8,2.0,77,1,9,4,8,118,3,22
3,8,2.0,77,1,14,4,8,33,3,22
3,8,3.0,363,2,9,4,6,7,3,27
3,8,3.0,363,2,15,4,8,19,3,27
3,8,3.0,363,2,9,4,1,59,3,27
3,8,3.0,363,2,1,4,12,100,3,27
3,8,3.0,363,2,9,4,9,10,4,27
3,8,3.0,363,2,19,4,6,7,3,27
3,8,3.0,363,2,7,4,0,85,3,27
3,3,14.0,33,0,4,4,14,25,3,5
3,3,14.0,33,0,9,4,5,6,3,5
3,8,23.0,102,1,17,4,1,67,4,17
3,8,23.0,102,1,23,4,8,19,4,17
3,3,14.0,33,0,4,4,16,74,3,5
3,3,14.0,33,0,1,4,3,115,0,5
3,3,21.0,338,0,4,4,14,88,4,21
3,5,11.0,326,3,18,4,13,48,3,9
3,5,11.0,326,3,9,4,9,63,3,9
3,5,11.0,326,3,23,4,6,128,4,9
3,5,11.0,326,3,20,4,6,7,3,9
3,5,13.0,184,1,9,4,6,7,3,25
3,5,13.0,184,1,15,4,2,2,0,25
3,5,22.0,163,4,1,4,6,116,4,26
3,5,22.0,163,4,18,4,9,10,4,26
3,10,12.0,333,6,1,4,1,105,4,28
3,7,6.0,93,4,5,4,6,7,2,23
3,5,20.0,214,1,13,4,12,61,1,29
3,9,14.0,106,5,10,4,8,19,3,5
3,1,9.0,50,6,9,4,14,125,4,12
3,5,22.0,163,4,12,4,8,33,3,26
3,10,20.0,223,3,17,4,6,91,3,29
3,6,9.0,236,0,1,4,12,135,4,12
3,6,4.0,159,2,4,4,14,126,4,30
3,5,20.0,214,1,1,4,8,33,3,29
3,5,20.0,214,1,12,4,6,89,3,29
3,5,21.0,351,2,18,4,1,11,3,21
3,5,21.0,351,2,1,4,9,95,4,21
2,2,10.0,297,3,23,4,15,51,3,4
2,2,10.0,297,3,17,4,9,27,3,4
3,5,28.0,259,2,18,4,14,110,4,18
3,5,31.0,196,6,13,4,14,110,0,20
3,6,21.0,193,6,23,4,0,53,3,21
3,6,23.0,84,0,1,4,6,73,3,17
3,6,23.0,84,0,11,4,7,31,3,17
3,6,23.0,84,0,11,4,0,26,4,17
3,5,29.0,24,4,3,4,9,57,3,16
3,5,31.0,196,6,4,4,0,85,3,20
3,5,31.0,196,6,19,4,6,116,4,20
3,1,4.0,286,0,1,4,12,100,4,30
3,8,9.0,124,1,18,4,6,7,3,12
3,8,9.0,124,1,14,4,6,116,4,12
3,8,9.0,124,1,18,4,6,128,3,12
3,8,9.0,124,1,12,4,6,7,3,12
3,8,9.0,124,1,3,4,12,121,3,12
3,8,9.0,124,1,5,4,6,7,3,12
3,8,9.0,124,1,18,4,6,14,4,12
3,8,9.0,124,1,20,4,3,30,0,12
3,8,9.0,124,1,9,4,5,12,3,12
3,8,16.0,73,1,19,4,9,93,3,2
3,7,23.0,202,3,9,4,12,61,4,17
3,7,23.0,202,3,1,4,0,53,3,17
3,8,16.0,73,1,9,4,16,130,4,2
3,8,18.0,75,4,1,4,4,127,3,0
3,7,23.0,202,3,4,4,12,84,4,17
3,8,18.0,75,4,13,4,6,7,0,0
3,8,18.0,75,4,20,4,8,33,3,0
3,8,18.0,75,4,17,4,13,29,3,0
3,3,15.0,35,1,15,4,14,25,3,1
3,3,15.0,35,1,18,4,1,11,4,1
3,3,15.0,35,1,22,4,13,28,3,1
3,5,18.0,195,3,19,4,15,119,3,0
3,5,18.0,195,3,1,4,6,89,4,0
3,5,18.0,195,3,9,4,0,15,3,0
3,5,18.0,195,3,1,4,13,48,3,0
3,5,18.0,195,3,15,4,13,21,0,0
3,6,1.0,158,3,23,4,9,87,3,7
3,6,1.0,158,3,4,4,1,35,4,7
3,6,1.0,158,3,12,4,5,12,3,7
3,6,1.0,158,3,5,4,6,7,3,7
3,6,1.0,158,3,19,4,1,16,3,7
3,6,1.0,158,3,13,4,6,7,3,7
3,6,1.0,158,3,1,4,6,7,3,7
3,6,1.0,158,3,4,4,2,71,4,7
3,6,1.0,158,3,20,4,7,137,3,7
3,6,1.0,158,3,18,4,0,0,2,7
3,6,9.0,236,0,17,4,1,105,4,12
3,6,9.0,236,0,14,4,8,9,3,12
3,4,12.0,134,3,8,4,8,19,0,28
3,6,11.0,355,2,17,4,14,25,3,9
3,6,11.0,355,2,20,4,13,48,3,9
3,4,12.0,134,3,9,4,2,40,2,28
3,4,13.0,221,0,18,4,9,109,4,25
3,4,13.0,221,0,11,4,8,19,3,25
3,4,13.0,221,0,20,4,9,57,3,25
3,6,11.0,355,2,4,4,6,7,3,9
3,4,13.0,221,0,22,4,9,57,3,25
3,6,12.0,162,4,16,4,1,59,3,28
3,4,13.0,221,0,23,4,9,87,3,25
3,4,13.0,221,0,9,4,15,119,4,25
3,4,13.0,221,0,7,4,6,89,3,25
3,4,13.0,221,0,6,4,2,2,3,25
3,4,13.0,221,0,20,4,9,95,3,25
3,4,13.0,221,0,9,4,8,41,3,25
3,4,13.0,221,0,1,4,7,111,3,25
3,4,13.0,221,0,14,4,6,91,4,25
3,4,13.0,221,0,1,4,0,53,3,25
3,4,22.0,152,2,4,4,3,79,0,26
3,4,22.0,152,2,19,4,15,39,3,26
3,6,12.0,162,4,14,4,12,135,4,28
3,6,9.0,236,0,18,4,0,31,3,12
3,6,9.0,236,0,3,4,12,84,3,12
3,6,9.0,236,0,0,4,8,33,4,12
3,6,9.0,236,0,15,4,9,101,3,12
3,6,9.0,236,0,9,4,6,132,4,12
3,6,9.0,236,0,10,4,14,24,3,12
3,6,9.0,236,0,0,4,0,0,3,12
3,6,9.0,236,0,9,4,13,21,3,12
3,6,9.0,236,0,19,4,9,57,3,12
3,6,9.0,236,0,2,4,6,7,3,12
3,3,3.0,182,4,4,4,16,72,0,27
3,1,9.0,50,6,17,4,10,23,3,12
3,10,12.0,333,6,17,4,13,38,3,28
3,4,6.0,176,0,17,4,11,124,4,23
3,7,6.0,93,4,0,4,4,66,3,23
3,5,22.0,163,4,4,4,8,19,4,26
3,6,9.0,236,0,9,4,12,135,4,12
3,3,3.0,182,4,4,4,6,89,3,27
3,10,20.0,223,3,22,4,8,33,0,29
3,1,9.0,50,6,14,4,12,83,3,12
3,6,9.0,236,0,1,4,8,33,4,12
3,4,7.0,133,1,4,4,14,24,3,11
3,5,27.0,328,1,3,4,1,16,3,15
3,10,12.0,333,6,3,4,6,128,3,28
3,1,13.0,207,2,18,4,2,86,3,25
3,10,20.0,223,3,1,4,6,91,4,29
3,1,9.0,50,6,21,4,9,10,4,12
3,7,6.0,93,4,12,4,2,40,3,23
3,6,25.0,39,2,9,4,6,7,4,13
3,1,9.0,50,6,4,4,10,12,0,12
3,7,14.0,125,5,13,4,14,131,3,5
3,10,21.0,341,0,5,4,10,47,3,21
3,5,27.0,328,1,16,4,14,32,4,15
3,10,12.0,333,6,1,4,6,128,4,28
3,1,13.0,207,2,9,4,6,91,3,25
3,4,7.0,133,1,17,4,14,25,4,11
3,6,25.0,39,2,17,4,10,30,3,13
3,11,30.0,170,4,10,4,1,16,3,19
3,7,14.0,125,5,15,4,8,27,3,5
3,10,21.0,341,0,13,4,8,41,3,21
3,5,27.0,328,1,12,4,3,115,3,15
3,5,27.0,328,1,2,4,0,68,2,15
3,5,27.0,328,1,18,4,8,9,3,15
3,9,10.0,156,0,22,4,7,137,0,4
3,9,10.0,156,0,4,4,3,30,3,4
3,9,10.0,156,0,11,4,12,17,3,4
3,9,18.0,359,1,1,4,14,32,4,0
3,9,18.0,359,1,9,4,1,35,3,0
3,9,18.0,359,1,6,4,12,17,4,0
3,9,18.0,359,1,2,4,16,72,3,0
3,9,19.0,234,2,12,4,1,105,3,10
3,9,19.0,234,2,2,4,1,35,3,10
3,7,2.0,160,3,17,4,6,89,3,22
3,7,2.0,160,3,9,4,1,1,4,22
3,7,2.0,160,3,19,4,9,109,4,22
3,7,2.0,160,3,1,4,2,69,3,22
3,7,10.0,329,0,9,4,6,89,4,4
3,7,10.0,329,0,6,4,8,9,0,4
3,7,10.0,329,0,23,4,6,7,0,4
3,7,10.0,329,0,9,4,16,50,4,4
3,7,10.0,329,0,14,4,8,33,3,4
3,7,10.0,329,0,18,4,6,132,4,4
3,7,10.0,329,0,18,4,16,65,4,4
3,7,26.0,316,2,15,4,5,12,3,3
3,7,26.0,316,2,2,4,9,95,3,3
3,7,26.0,316,2,6,4,12,80,4,3
3,3,6.0,303,3,1,4,7,8,3,23
3,3,6.0,303,3,13,4,15,51,3,23
3,3,6.0,303,3,19,4,1,105,0,23
3,3,6.0,303,3,14,4,6,7,3,23
3,3,6.0,303,3,17,4,16,37,0,23
3,3,6.0,303,3,6,4,7,111,3,23
3,3,6.0,303,3,20,4,6,7,3,23
3,3,6.0,303,3,1,4,16,130,3,23
3,3,7.0,289,0,17,4,8,27,0,11
3,3,7.0,289,0,14,4,5,64,3,11
3,3,7.0,289,0,17,4,0,64,3,11
3,3,7.0,289,0,23,4,6,89,4,11
3,3,7.0,289,0,20,4,6,7,2,11
3,3,7.0,289,0,20,4,2,13,3,11
3,3,7.0,289,0,9,4,8,9,3,11
3,3,7.0,289,0,8,4,10,47,3,11
3,3,8.0,148,1,3,4,14,25,3,8
3,3,8.0,148,1,5,4,1,35,4,8
3,7,23.0,202,3,9,4,11,15,3,17
3,8,3.0,363,2,3,4,6,89,3,27
3,8,3.0,363,2,1,4,16,50,3,27
3,8,3.0,363,2,9,4,1,59,4,27
3,8,3.0,363,2,14,4,7,120,3,27
3,8,3.0,363,2,22,4,13,99,3,27
3,8,3.0,363,2,10,4,6,7,3,27
3,8,3.0,363,2,13,4,2,2,3,27
3,8,8.0,76,0,13,4,15,96,0,8
3,8,8.0,76,0,8,4,1,11,4,8
3,7,23.0,202,3,18,4,8,33,3,17
3,8,8.0,76,0,1,4,16,50,3,8
3,8,8.0,76,0,15,4,15,114,3,8
3,8,8.0,76,0,14,4,2,2,4,8
3,8,9.0,124,1,18,4,4,45,4,12
3,8,9.0,124,1,1,4,6,14,3,12
3,8,9.0,124,1,14,4,14,32,4,12
3,8,9.0,124,1,0,4,16,42,4,12
3,6,13.0,317,5,22,4,9,109,3,25
3,6,14.0,173,6,9,4,6,7,4,5
3,6,14.0,173,6,14,4,12,61,3,5
3,6,14.0,173,6,12,4,2,92,3,5
3,6,19.0,291,4,11,4,9,57,3,10
3,6,20.0,215,5,14,4,0,31,3,29
3,6,20.0,215,5,1,4,12,61,3,29
3,6,20.0,215,5,9,4,8,65,4,29
3,6,28.0,309,6,1,4,13,38,4,18
3,6,28.0,309,6,19,4,6,7,3,18
3,6,28.0,309,6,9,4,12,84,4,18
3,6,28.0,309,6,17,4,8,19,3,18
3,6,28.0,309,6,7,4,8,27,3,18
3,10,6.0,242,3,9,4,12,100,4,23
3,10,6.0,242,3,18,4,12,121,3,23
3,3,28.0,187,0,18,4,1,105,4,18
3,3,28.0,187,0,10,4,3,76,3,18
3,3,29.0,325,1,18,4,0,53,3,16
3,3,29.0,325,1,1,4,16,130,3,16
3,10,20.0,223,3,19,4,2,86,0,29
3,10,20.0,223,3,1,4,9,63,4,29
3,10,20.0,223,3,22,4,15,96,3,29
3,10,20.0,223,3,4,4,11,90,4,29
3,10,20.0,223,3,1,4,14,107,3,29
3,10,20.0,223,3,13,4,16,139,3,29
3,4,7.0,133,1,16,4,8,27,3,11
3,1,13.0,207,2,23,4,7,120,3,25
3,6,25.0,39,2,8,4,16,37,0,13
3,10,21.0,341,0,16,4,16,42,4,21
3,10,12.0,333,6,17,4,9,87,4,28
3,11,30.0,170,4,19,4,3,79,3,19
3,11,30.0,170,4,11,4,0,0,3,19
3,7,14.0,125,5,9,4,2,86,3,5
3,4,7.0,133,1,0,4,14,32,3,11
3,1,13.0,207,2,12,4,8,41,3,25
3,6,25.0,39,2,22,4,14,25,3,13
3,10,12.0,333,6,19,4,1,16,3,28
3,1,23.0,69,6,21,4,5,6,3,17
3,7,14.0,125,5,2,4,6,7,3,5
3,10,21.0,341,0,10,4,16,72,3,21
3,6,4.0,159,2,17,4,16,113,3,30
3,1,13.0,207,2,9,4,9,87,4,25
3,1,13.0,207,2,0,4,14,88,4,25
3,1,13.0,207,2,12,4,2,69,3,25
3,1,13.0,207,2,13,4,1,1,4,25
3,3,3.0,182,4,4,4,9,63,4,27
3,3,3.0,182,4,19,4,1,11,4,27
3,3,3.0,182,4,9,4,1,16,2,27
3,1,20.0,151,2,9,4,7,8,4,29
3,3,4.0,285,5,1,4,14,125,4,30
3,1,20.0,151,2,4,4,16,50,3,29
3,3,11.0,337,5,2,4,4,121,2,9
3,1,20.0,151,2,19,4,9,109,4,29
3,1,20.0,151,2,1,4,9,54,4,29
3,3,11.0,337,5,1,4,8,65,2,9
3,1,20.0,151,2,6,4,13,38,3,29
3,11,30.0,170,4,0,4,8,19,3,19
3,10,3.0,310,4,4,4,1,11,4,27
3,10,3.0,310,4,23,4,7,31,3,27
3,10,3.0,310,4,18,4,12,61,4,27
3,10,3.0,310,4,6,4,2,2,4,27
3,10,3.0,310,4,3,4,0,26,3,27
3,10,3.0,310,4,9,4,11,10,4,27
3,10,3.0,310,4,3,4,13,48,3,27
3,10,3.0,310,4,1,4,1,59,4,27
3,10,3.0,310,4,0,4,14,25,3,27
3,10,3.0,310,4,9,4,9,101,4,27
3,10,3.0,310,4,19,4,1,59,4,27
3,10,11.0,298,5,13,4,6,7,3,9
3,10,11.0,298,5,20,4,9,10,4,9
3,10,11.0,298,5,1,4,8,65,3,9
3,10,11.0,298,5,1,4,12,83,4,9
3,1,3.0,188,3,4,4,14,24,3,27
3,1,3.0,188,3,0,4,2,86,0,27
3,1,3.0,188,3,17,4,9,101,4,27
3,1,3.0,188,3,2,4,14,24,3,27
3,1,3.0,188,3,14,4,14,34,4,27
3,1,3.0,188,3,1,4,0,53,3,27
3,1,3.0,188,3,20,4,14,25,3,27
3,10,10.0,245,4,13,4,9,93,3,4
3,10,10.0,245,4,5,4,13,123,0,4
3,10,10.0,245,4,19,4,6,7,4,4
3,10,10.0,245,4,13,4,12,80,3,4
3,10,18.0,246,5,7,4,9,27,0,0
3,10,18.0,246,5,17,4,1,105,4,0
3,10,18.0,246,5,13,4,6,7,3,0
3,10,18.0,246,5,4,4,6,89,4,0
3,10,18.0,246,5,4,4,3,44,4,0
3,10,18.0,246,5,10,4,1,59,4,0
3,10,18.0,246,5,11,4,8,27,3,0
3,10,18.0,246,5,0,4,16,37,3,0
3,10,18.0,246,5,5,4,13,48,2,0
3,10,18.0,246,5,13,4,7,57,1,0
3,10,27.0,302,3,2,4,9,54,3,15
3,10,27.0,302,3,3,4,13,36,3,15
3,10,27.0,302,3,16,4,6,7,4,15
3,10,27.0,302,3,14,4,4,66,3,15
3,10,27.0,302,3,1,4,16,37,3,15
3,7,1.0,98,6,13,4,8,118,3,7
3,7,1.0,98,6,9,4,14,88,4,7
3,7,1.0,98,6,19,4,9,109,2,7
2,2,20.0,108,2,21,4,13,28,3,29
3,6,20.0,215,5,21,4,14,125,4,29
3,6,28.0,309,6,18,4,1,105,4,18
2,2,20.0,108,2,1,4,6,132,3,29
2,2,20.0,108,2,6,4,8,118,3,29
2,0,2.0,334,0,7,4,13,38,3,22
2,0,5.0,260,4,13,4,6,116,3,24
3,6,28.0,309,6,16,4,14,25,3,18
2,0,5.0,260,4,12,4,1,1,4,24
3,6,28.0,309,6,9,4,3,30,3,18
3,10,6.0,242,3,0,4,1,11,4,23
3,10,6.0,242,3,18,4,12,80,4,23
3,10,6.0,242,3,10,4,15,31,3,23
3,10,6.0,242,3,6,4,12,61,3,23
3,10,6.0,242,3,9,4,3,70,0,23
3,10,6.0,242,3,5,4,14,32,4,23
2,0,5.0,260,4,22,4,16,130,4,24
3,10,6.0,242,3,6,4,6,7,3,23
3,10,6.0,242,3,5,4,9,54,3,23
3,10,6.0,242,3,13,4,13,28,0,23
3,10,6.0,242,3,17,4,6,7,3,23
2,0,5.0,260,4,18,4,8,33,4,24
3,10,6.0,242,3,19,4,0,12,3,23
3,10,12.0,333,6,9,4,8,33,4,28
3,10,12.0,333,6,13,4,7,111,3,28
3,10,12.0,333,6,9,4,8,41,2,28
3,10,12.0,333,6,16,4,12,61,4,28
3,10,12.0,333,6,8,4,15,96,3,28
3,1,23.0,69,6,22,4,11,8,3,17
3,6,25.0,39,2,9,4,14,125,4,13
3,10,22.0,314,1,0,4,9,102,4,26
3,4,7.0,133,1,18,4,16,65,3,11
3,10,12.0,333,6,22,4,8,41,3,28
3,7,14.0,125,5,16,4,6,7,0,5
3,6,25.0,39,2,8,4,10,47,3,13
3,10,12.0,333,6,22,4,12,61,3,28
3,6,6.0,83,5,9,4,12,61,4,23
3,6,25.0,39,2,1,4,11,55,4,13
3,7,14.0,125,5,18,4,16,72,4,5
3,10,22.0,314,1,17,4,13,21,3,26
3,10,12.0,333,6,20,4,14,25,2,28
3,4,7.0,133,1,4,4,6,128,3,11
3,6,26.0,348,4,19,4,13,38,3,3
3,7,14.0,125,5,17,4,7,120,2,5
3,10,22.0,314,1,8,4,6,91,3,26
3,1,23.0,69,6,6,4,13,48,4,17
3,10,14.0,174,0,4,4,2,69,3,5
3,4,7.0,133,1,18,4,16,130,3,11
3,6,26.0,348,4,1,4,6,7,3,3
3,7,15.0,205,6,10,4,8,9,4,1
3,10,22.0,314,1,9,4,8,41,4,26
3,1,23.0,69,6,11,4,15,46,3,17
3,10,22.0,314,1,17,4,12,104,4,26
3,10,14.0,174,0,4,4,14,25,3,5
3,4,7.0,133,1,1,4,7,111,4,11
3,6,26.0,348,4,17,4,6,91,3,3
3,1,28.0,300,4,23,4,9,93,3,18
3,10,22.0,314,1,21,4,16,139,4,26
3,10,14.0,174,0,20,4,9,10,3,5
3,4,7.0,133,1,14,4,0,68,3,11
3,5,31.0,196,6,18,4,6,7,3,20
3,6,26.0,348,4,9,4,1,105,4,3
3,5,31.0,196,6,8,4,14,25,3,20
3,10,14.0,174,0,19,4,7,129,1,5
3,1,28.0,300,4,17,4,14,34,1,18
3,10,22.0,314,1,17,4,2,92,4,26
3,4,7.0,133,1,18,4,7,137,3,11
3,6,26.0,348,4,5,4,10,23,3,3
3,6,6.0,83,5,9,4,6,128,3,23
3,5,31.0,196,6,9,4,14,106,4,20
3,10,14.0,174,0,18,4,1,81,4,5
3,1,28.0,300,4,0,4,1,35,3,18
3,10,14.0,174,0,12,4,9,57,3,5
3,11,30.0,170,4,0,4,9,27,3,19
3,6,26.0,348,4,14,4,0,64,3,3
3,10,22.0,314,1,9,4,13,69,4,26
3,6,6.0,83,5,1,4,8,19,4,23
3,1,3.0,188,3,6,4,8,19,0,27
3,1,28.0,300,4,9,4,12,80,4,18
3,6,26.0,348,4,1,4,14,32,4,3
3,10,22.0,314,1,19,4,2,71,3,26
3,11,30.0,170,4,19,4,12,104,2,19
3,6,26.0,348,4,0,4,8,41,3,3
3,1,3.0,188,3,0,4,12,17,4,27
3,6,6.0,83,5,17,4,2,2,4,23
3,10,22.0,314,1,17,4,9,101,4,26
3,6,6.0,83,5,2,4,2,92,3,23
3,6,21.0,193,6,4,4,14,25,3,21
3,11,30.0,170,4,19,4,15,37,3,19
3,6,26.0,348,4,19,4,12,61,3,3
3,1,3.0,188,3,14,4,15,77,3,27
3,6,21.0,193,6,9,4,16,37,4,21
3,6,6.0,83,5,4,4,12,80,4,23
3,10,22.0,314,1,1,4,9,10,4,26
3,11,30.0,170,4,17,4,2,40,3,19
3,6,26.0,348,4,18,4,8,33,3,3
3,6,26.0,348,4,8,4,13,48,3,3
3,6,26.0,348,4,5,4,3,115,0,3
3,6,27.0,116,5,18,4,9,102,4,15
3,6,27.0,116,5,6,4,12,135,4,15
3,6,27.0,116,5,18,4,6,116,4,15
3,6,27.0,116,5,8,4,14,131,3,15
3,6,27.0,116,5,14,4,2,92,3,15
3,6,27.0,116,5,14,4,10,22,3,15
3,6,27.0,116,5,1,4,14,25,3,15
3,10,1.0,208,1,12,4,14,106,3,7
3,10,1.0,208,1,8,4,14,25,4,7
3,10,1.0,208,1,1,4,14,97,3,7
3,10,1.0,208,1,10,4,6,7,0,7
3,10,1.0,208,1,16,4,10,22,4,7
3,10,1.0,208,1,16,4,1,11,3,7
3,10,1.0,208,1,18,4,0,96,3,7
3,10,1.0,208,1,7,4,4,76,3,7
3,10,1.0,208,1,17,4,8,19,0,7
3,10,8.0,213,1,1,4,7,137,4,8
3,10,8.0,213,1,2,4,7,62,3,8
3,10,8.0,213,1,3,4,2,2,3,8
3,10,8.0,213,1,20,4,6,7,3,8
3,10,8.0,213,1,1,4,10,30,3,8
3,10,8.0,213,1,11,4,13,13,1,8
3,10,8.0,213,1,1,4,1,105,3,8
3,10,16.0,201,2,19,4,10,22,3,2
3,10,16.0,201,2,13,4,14,24,0,2
3,10,16.0,201,2,19,4,6,7,3,2
3,10,16.0,201,2,1,4,9,54,4,2
3,10,16.0,201,2,17,4,13,28,0,2
3,1,2.0,171,6,4,4,9,101,4,22
3,1,2.0,171,6,14,4,8,19,4,22
3,1,2.0,171,6,4,4,13,28,1,22
3,4,22.0,152,2,9,4,14,88,4,26
3,6,22.0,185,3,17,4,0,15,3,26
3,4,22.0,152,2,4,4,4,127,3,26
3,6,22.0,185,3,4,4,14,126,4,26
3,6,22.0,185,3,19,4,15,96,4,26
3,4,30.0,139,4,18,4,9,63,3,19
3,6,29.0,335,3,0,4,8,33,4,16
3,6,29.0,335,3,19,4,7,111,3,16
3,6,29.0,335,3,9,4,9,101,4,16
3,4,30.0,139,4,6,4,16,37,3,19
3,6,29.0,335,3,1,4,9,49,4,16
3,4,30.0,139,4,19,4,13,28,3,19
3,4,30.0,139,4,1,4,8,9,3,19
3,4,30.0,139,4,14,4,4,82,3,19
3,6,29.0,335,3,9,4,12,61,3,16
3,6,29.0,335,3,9,4,16,65,4,16
3,2,4.0,254,1,15,4,12,17,4,30
3,6,29.0,335,3,2,4,11,124,3,16
3,6,30.0,145,0,1,4,15,119,3,19
3,6,30.0,145,0,19,4,7,62,3,19
3,6,30.0,145,0,12,4,2,71,4,19
3,8,18.0,75,4,9,4,8,33,3,0
3,8,18.0,75,4,19,4,13,48,3,0
3,3,1.0,180,1,23,4,2,40,3,7
3,3,1.0,180,1,2,4,6,7,3,7
3,8,18.0,75,4,4,4,6,91,4,0
3,8,18.0,75,4,18,4,2,2,4,0
3,8,18.0,75,4,1,4,2,3,4,0
3,8,18.0,75,4,1,4,14,106,4,0
3,4,1.0,144,2,17,4,8,27,3,7
3,4,1.0,144,2,18,4,7,8,4,7
3,3,1.0,180,1,19,4,12,135,4,7
3,3,17.0,54,4,17,4,16,130,0,6
3,3,17.0,54,4,13,4,6,7,3,6
3,4,1.0,144,2,12,4,6,116,4,7
3,4,1.0,144,2,4,4,6,7,4,7
3,3,17.0,54,4,22,4,6,91,4,6
3,4,1.0,144,2,18,4,6,14,4,7
3,4,1.0,144,2,15,4,1,105,3,7
3,4,1.0,144,2,12,4,3,44,3,7
3,1,3.0,188,3,4,4,12,104,4,27
3,10,28.0,216,0,17,4,8,65,2,18
3,9,2.0,323,3,1,4,12,100,4,22
3,6,21.0,193,6,17,4,10,22,0,21
3,1,3.0,188,3,14,4,12,61,3,27
3,6,6.0,83,5,1,4,12,80,4,23
2,2,12.0,276,1,12,4,15,39,3,28
3,1,28.0,300,4,4,4,12,61,4,18
3,10,28.0,216,0,20,4,7,57,3,18
3,5,16.0,239,5,14,4,1,105,4,2
3,9,2.0,323,3,4,4,6,7,3,22
3,6,21.0,193,6,20,4,6,7,3,21
3,10,28.0,216,0,22,4,6,7,0,18
2,2,21.0,209,4,18,4,1,59,4,21
3,5,16.0,239,5,2,4,12,84,3,2
3,1,31.0,305,3,2,4,8,19,3,20
3,6,21.0,193,6,19,4,9,27,3,21
3,10,28.0,216,0,9,4,11,8,4,18
2,2,21.0,209,4,12,4,9,57,0,21
3,5,16.0,239,5,11,4,6,116,3,2
2,2,12.0,276,1,6,4,16,139,4,28
3,10,28.0,216,0,22,4,6,132,4,18
2,2,21.0,209,4,1,4,9,10,2,21
3,5,16.0,239,5,12,4,16,130,0,2
3,5,16.0,239,5,12,4,16,65,4,2
3,5,16.0,239,5,17,4,1,105,0,2
3,5,16.0,239,5,18,4,1,67,4,2
3,5,16.0,239,5,14,4,13,48,3,2
3,5,16.0,239,5,9,4,16,37,3,2
3,5,16.0,239,5,18,4,9,101,2,2
3,5,16.0,239,5,1,4,6,7,3,2
3,5,16.0,239,5,18,4,8,9,4,2
3,5,18.0,195,3,1,4,6,7,4,0
3,5,18.0,195,3,5,4,9,27,3,0
3,5,18.0,195,3,20,4,13,99,3,0
3,5,18.0,195,3,3,4,6,7,3,0
3,5,18.0,195,3,19,4,14,24,3,0
3,3,26.0,343,6,1,4,2,69,3,3
3,3,16.0,263,2,17,4,8,9,3,2
3,3,15.0,35,1,1,4,0,68,0,1
3,3,15.0,35,1,3,4,8,19,3,1
3,3,15.0,35,1,4,4,11,133,3,1
3,3,15.0,35,1,9,4,3,115,2,1
3,10,30.0,157,2,13,4,0,77,4,19
3,10,30.0,157,2,4,4,3,30,3,19
3,10,30.0,157,2,1,4,4,70,3,19
3,10,30.0,157,2,12,4,1,81,4,19
3,10,30.0,157,2,21,4,8,33,4,19
3,10,31.0,135,4,9,4,8,9,3,20
3,10,31.0,135,4,1,4,9,93,3,20
3,10,31.0,135,4,2,4,8,118,3,20
3,10,31.0,135,4,18,4,8,27,3,20
3,10,31.0,135,4,17,4,12,80,3,20
3,10,31.0,135,4,16,4,9,63,3,20
3,10,31.0,135,4,14,4,15,46,4,20
3,10,31.0,135,4,14,4,6,7,3,20
3,1,5.0,219,1,19,4,13,13,3,24
3,1,5.0,219,1,0,4,9,54,3,24
3,1,5.0,219,1,15,4,9,95,3,24
3,1,5.0,219,1,14,4,1,35,3,24
3,1,5.0,219,1,5,4,14,25,3,24
3,1,5.0,219,1,8,4,13,69,3,24
3,1,5.0,219,1,7,4,0,77,3,24
3,1,5.0,219,1,22,4,10,22,3,24
3,1,5.0,219,1,9,4,9,95,3,24
3,1,5.0,219,1,4,4,2,69,3,24
3,1,5.0,219,1,15,4,1,67,1,24
3,1,5.0,219,1,18,4,8,9,3,24
3,1,5.0,219,1,18,4,6,7,3,24
3,1,6.0,97,2,18,4,0,53,3,23
3,1,6.0,97,2,13,4,3,30,0,23
3,1,6.0,97,2,6,4,5,12,3,23
3,1,6.0,97,2,5,4,5,6,3,23
3,1,6.0,97,2,18,4,8,41,4,23
3,1,6.0,97,2,4,4,7,20,3,23
3,1,6.0,97,2,1,4,8,19,3,23
3,1,14.0,183,4,11,4,1,59,3,5
3,1,14.0,183,4,19,4,10,52,3,5
3,1,14.0,183,4,6,4,7,20,0,5
3,1,14.0,183,4,6,4,13,69,3,5
3,1,14.0,183,4,9,4,6,7,3,5
3,1,14.0,183,4,16,4,6,91,4,5
3,1,14.0,183,4,18,4,0,53,3,5
3,9,2.0,323,3,17,4,14,106,4,22
0,11,26.0,364,4,11,4,6,7,3,3
2,2,22.0,230,5,13,4,6,7,3,26
3,7,30.0,42,3,3,4,6,7,3,19
2,2,22.0,230,5,20,4,9,87,2,26
3,7,30.0,42,3,1,4,8,41,4,19
2,2,28.0,140,4,1,4,6,91,3,18
3,7,30.0,42,3,8,4,6,7,0,19
2,2,28.0,140,4,4,4,6,7,3,18
3,7,30.0,42,3,9,4,14,106,4,19
3,7,30.0,42,3,2,4,16,72,3,19
3,7,30.0,42,3,15,4,14,34,3,19
2,2,30.0,8,6,13,4,1,11,3,19
3,7,30.0,42,3,1,4,8,27,3,19
3,7,30.0,42,3,4,4,2,71,4,19
3,3,20.0,105,3,20,4,14,25,2,29
3,3,20.0,105,3,20,4,6,7,3,29
3,3,20.0,105,3,6,4,14,32,4,29
3,3,20.0,105,3,11,4,6,7,0,29
3,3,27.0,361,3,9,4,14,32,3,15
3,3,27.0,361,3,15,4,16,113,3,15
3,3,27.0,361,3,12,4,8,33,3,15
3,3,27.0,361,3,23,4,8,27,4,15
3,3,28.0,187,0,14,4,8,19,4,18
3,3,28.0,187,0,9,4,9,87,4,18
3,3,29.0,325,1,13,4,6,128,4,16
2,8,26.0,78,4,23,4,6,7,3,3
3,3,29.0,325,1,23,4,1,16,3,16
3,3,29.0,325,1,1,4,2,92,3,16
3,9,1.0,126,6,1,4,1,81,4,7
3,9,1.0,126,6,18,4,16,74,3,7
3,11,22.0,250,2,9,4,6,132,4,26
3,11,22.0,250,2,3,4,8,65,4,26
3,11,15.0,331,2,1,4,6,89,3,1
3,11,5.0,240,3,8,4,9,27,0,24
2,0,25.0,14,2,13,4,16,50,3,13
2,0,25.0,14,2,12,4,6,89,3,13
2,0,24.0,281,1,12,4,16,74,3,14
2,0,8.0,48,3,13,4,6,128,4,8
2,0,8.0,48,3,19,4,8,118,3,8
3,9,1.0,126,6,17,4,2,2,3,7
3,7,24.0,68,0,11,4,5,12,0,14
3,7,24.0,68,0,1,4,14,25,3,14
3,7,26.0,316,2,15,4,6,7,3,3
3,7,26.0,316,2,15,4,3,79,3,3
3,7,26.0,316,2,17,4,13,13,3,3
3,7,26.0,316,2,16,4,9,54,4,3
3,7,26.0,316,2,9,4,1,81,4,3
3,7,26.0,316,2,17,4,13,48,3,3
3,1,9.0,50,6,21,4,8,19,3,12
3,1,9.0,50,6,11,4,16,37,3,12
3,1,9.0,50,6,9,4,4,79,3,12
3,1,9.0,50,6,9,4,1,59,4,12
3,7,7.0,293,5,4,4,2,2,3,11
3,1,18.0,82,0,18,4,8,19,4,0
3,1,18.0,82,0,8,4,2,40,3,0
3,1,18.0,82,0,0,4,16,65,0,0
3,1,18.0,82,0,12,4,0,15,3,0
3,1,18.0,82,0,20,4,6,7,0,0
3,1,27.0,262,2,16,4,1,105,4,15
3,1,27.0,262,2,18,4,14,97,4,15
3,7,7.0,293,5,22,4,1,1,0,11
3,1,27.0,262,2,15,4,1,105,3,15
3,7,7.0,293,5,12,4,5,6,3,11
3,7,8.0,94,6,0,4,3,79,3,8
3,7,8.0,94,6,23,4,14,25,3,8
2,0,4.0,122,2,16,4,14,25,0,30
2,0,4.0,122,2,12,4,8,19,3,30
2,0,4.0,122,2,9,4,8,19,3,30
3,6,21.0,193,6,1,4,14,106,4,21
3,10,28.0,216,0,0,4,13,13,3,18
2,0,4.0,122,2,16,4,12,104,4,30
3,10,28.0,216,0,23,4,14,110,3,18
2,0,4.0,122,2,19,4,8,118,3,30
3,10,28.0,216,0,14,4,15,39,0,18
3,6,21.0,193,6,9,4,8,9,4,21
2,0,4.0,122,2,8,4,13,28,0,30
3,10,28.0,216,0,12,4,0,77,3,18
3,6,21.0,193,6,9,4,14,125,4,21
3,10,14.0,174,0,19,4,8,19,3,5
3,10,29.0,318,1,5,4,6,7,3,16
3,6,21.0,193,6,8,4,2,13,3,21
3,10,14.0,174,0,20,4,6,7,3,5
3,10,29.0,318,1,4,4,0,31,3,16
3,6,23.0,84,0,20,4,1,105,3,17
3,10,14.0,174,0,6,4,8,19,4,5
3,10,29.0,318,1,19,4,6,7,3,16
2,2,12.0,276,1,11,4,6,7,0,28
3,10,14.0,174,0,20,4,12,17,2,5
3,10,29.0,318,1,18,4,16,50,3,16
3,10,29.0,318,1,13,4,14,32,4,16
3,10,29.0,318,1,12,4,6,7,3,16
3,10,29.0,318,1,1,4,9,49,3,16
3,10,29.0,318,1,8,4,12,80,3,16
3,10,30.0,157,2,8,4,6,132,2,19
3,10,30.0,157,2,23,4,11,124,4,19
3,10,30.0,157,2,9,4,9,49,4,19
3,3,8.0,148,1,8,4,15,39,3,8
3,3,8.0,148,1,14,4,9,57,0,8
3,3,8.0,148,1,23,4,8,27,3,8
3,3,8.0,148,1,12,4,13,48,3,8
3,3,8.0,148,1,21,4,2,13,4,8
3,3,8.0,148,1,18,4,6,128,4,8
3,3,8.0,148,1,4,4,12,80,3,8
3,3,8.0,148,1,12,4,16,39,0,8
3,3,15.0,35,1,0,4,10,47,3,1
3,3,15.0,35,1,22,4,14,25,3,1
3,3,15.0,35,1,18,4,1,105,0,1
3,3,16.0,263,2,9,4,15,112,4,2
3,3,16.0,263,2,17,4,12,121,3,2
3,3,16.0,263,2,10,4,8,118,3,2
3,3,26.0,343,6,18,4,6,89,3,3
3,3,26.0,343,6,18,4,9,10,4,3
3,3,26.0,343,6,19,4,3,79,3,3
3,3,26.0,343,6,4,4,6,132,4,3
3,3,26.0,343,6,19,4,8,65,0,3
3,3,26.0,343,6,23,4,14,25,3,3
3,5,1.0,109,4,12,4,16,72,3,7
3,5,1.0,109,4,14,4,16,50,3,7
3,5,1.0,109,4,5,4,6,7,3,7
3,7,10.0,329,0,18,4,1,11,3,4
3,3,5.0,324,6,4,4,2,13,3,24
3,3,5.0,324,6,9,4,12,61,4,24
3,3,30.0,304,2,11,4,9,83,3,19
2,4,21.0,152,0,18,4,14,106,4,21
3,5,2.0,307,5,11,4,5,64,4,22
3,5,19.0,146,0,17,4,4,79,4,10
2,4,21.0,152,0,3,4,2,92,1,21
3,5,19.0,146,0,1,4,4,75,3,10
3,5,19.0,146,0,8,4,14,25,3,10
3,5,19.0,146,0,12,4,6,91,3,10
3,5,19.0,146,0,12,4,12,84,3,10
3,5,19.0,146,0,18,4,1,81,4,10
3,5,20.0,214,1,19,4,9,102,4,29
3,5,20.0,214,1,8,4,0,26,3,29
3,5,20.0,214,1,18,4,0,53,0,29
3,5,20.0,214,1,9,4,12,135,1,29
3,5,1.0,109,4,1,4,14,32,4,7
3,5,1.0,109,4,14,4,5,12,3,7
3,5,1.0,109,4,13,4,13,29,3,7
3,5,1.0,109,4,14,4,14,32,4,7
3,5,1.0,109,4,17,4,14,34,3,7
3,5,1.0,109,4,20,4,12,17,3,7
3,5,1.0,109,4,17,4,8,27,4,7
3,5,1.0,109,4,9,4,6,14,4,7
3,5,1.0,109,4,3,4,8,9,3,7
3,5,1.0,109,4,9,4,9,109,3,7
3,5,7.0,349,2,0,4,10,30,3,11
3,5,7.0,349,2,16,4,7,20,3,11
3,5,7.0,349,2,9,4,3,76,3,11
3,10,14.0,174,0,9,4,0,68,3,5
3,10,14.0,174,0,0,4,8,33,4,5
3,10,20.0,223,3,2,4,11,10,4,29
3,10,20.0,223,3,4,4,8,19,3,29
2,0,30.0,290,0,1,4,12,84,3,19
3,11,2.0,265,4,12,4,16,130,3,22
3,6,23.0,84,0,6,4,12,61,3,17
3,11,2.0,265,4,9,4,14,97,4,22
3,11,13.0,312,0,2,4,14,106,4,25
2,2,19.0,264,1,22,4,6,7,0,10
3,11,13.0,312,0,4,4,8,19,4,25
2,2,21.0,209,4,9,4,4,75,3,21
3,11,21.0,192,1,12,4,16,74,3,21
3,6,23.0,84,0,15,4,14,126,3,17
3,11,21.0,192,1,1,4,14,32,3,21
3,6,23.0,84,0,17,4,1,81,4,17
3,11,29.0,270,2,6,4,16,37,3,16
3,10,2.0,358,2,14,4,14,107,3,22
3,10,2.0,358,2,9,4,14,88,3,22
3,10,2.0,358,2,12,4,0,68,3,22
3,10,2.0,358,2,18,4,1,105,0,22
3,10,2.0,358,2,17,4,16,74,3,22
3,10,2.0,358,2,12,4,6,116,1,22
3,10,9.0,150,2,9,4,8,19,3,12
3,10,9.0,150,2,8,4,9,57,3,12
3,7,1.0,98,6,13,4,2,86,0,7
3,10,9.0,150,2,17,4,0,15,4,12
3,10,9.0,150,2,14,4,15,77,3,12
3,10,9.0,150,2,15,4,14,24,1,12
3,10,10.0,245,4,21,4,6,116,3,4
3,10,10.0,245,4,1,4,12,80,2,4
3,7,1.0,98,6,19,4,3,115,3,7
3,7,1.0,98,6,15,4,16,74,3,7
3,7,1.0,98,6,5,4,9,27,3,7
3,10,10.0,245,4,12,4,6,89,3,4
3,6,19.0,291,4,23,4,2,71,3,10
3,6,19.0,291,4,9,4,6,7,3,10
3,6,19.0,291,4,19,4,12,61,4,10
3,6,19.0,291,4,20,4,12,17,3,10
3,6,19.0,291,4,13,4,14,126,3,10
3,6,19.0,291,4,18,4,2,2,3,10
3,6,19.0,291,4,9,4,6,132,3,10
3,6,19.0,291,4,6,4,14,106,4,10
3,6,19.0,291,4,19,4,6,7,3,10
3,6,19.0,291,4,9,4,12,135,4,10
2,2,13.0,231,2,12,4,3,79,3,25
3,6,20.0,215,5,15,4,2,60,3,29
3,6,20.0,215,5,19,4,0,64,0,29
3,6,20.0,215,5,13,4,14,25,4,29
3,6,20.0,215,5,20,4,9,57,3,29
3,6,20.0,215,5,1,4,1,59,3,29
3,6,20.0,215,5,15,4,13,28,3,29
3,7,15.0,205,6,13,4,8,33,3,1
3,7,15.0,205,6,12,4,11,15,3,1
3,7,15.0,205,6,14,4,6,128,4,1
3,7,15.0,205,6,8,4,7,122,3,1
3,7,15.0,205,6,18,4,1,35,3,1
3,7,16.0,40,3,6,4,1,16,4,2
3,7,16.0,40,3,1,4,10,23,3,2
3,7,16.0,40,3,21,4,15,114,0,2
3,7,16.0,40,3,1,4,16,72,4,2
3,7,16.0,40,3,22,4,2,92,1,2
3,7,16.0,40,3,2,4,14,24,1,2
3,7,16.0,40,3,3,4,11,98,4,2
3,7,16.0,40,3,18,4,0,26,3,2
3,7,16.0,40,3,5,4,4,66,3,2
3,7,24.0,68,0,11,4,1,11,3,14
3,7,6.0,93,4,2,4,9,95,2,23
3,9,25.0,344,1,15,4,6,7,3,13
3,9,25.0,344,1,22,4,12,61,2,13
3,9,25.0,344,1,18,4,8,9,3,13
3,11,29.0,270,2,5,4,13,28,3,16
3,9,3.0,217,0,13,4,13,38,3,27
3,9,3.0,217,0,12,4,8,9,3,27
3,9,3.0,217,0,8,4,14,25,3,27
3,9,3.0,217,0,14,4,13,99,4,27
3,9,3.0,217,0,19,4,8,65,4,27
2,10,27.0,216,6,9,4,15,31,3,15
3,9,3.0,217,0,2,4,1,81,4,27
3,9,3.0,217,0,8,4,8,9,4,27
3,9,4.0,295,1,14,4,6,7,3,30
3,9,4.0,295,1,7,4,6,7,3,30
3,9,4.0,295,1,14,4,2,92,3,30
3,7,4.0,186,1,7,4,7,120,3,30
3,7,4.0,186,1,19,4,15,51,3,30
3,7,4.0,186,1,7,4,15,51,4,30
3,7,19.0,330,2,22,4,6,7,3,10
3,7,19.0,330,2,22,4,9,27,3,10
3,7,19.0,330,2,14,4,3,79,3,10
3,7,27.0,53,4,23,4,6,7,4,15
3,7,27.0,53,4,1,4,14,25,0,15
3,7,27.0,53,4,19,4,14,24,3,15
3,7,29.0,268,6,4,4,3,44,3,16
3,7,29.0,268,6,9,4,14,88,4,16
3,7,29.0,268,6,17,4,9,93,4,16
3,10,27.0,302,3,17,4,13,21,0,15
3,1,1.0,203,5,3,4,9,93,3,7
3,1,1.0,203,5,18,4,8,65,4,7
3,1,1.0,203,5,16,4,8,118,3,7
3,1,1.0,203,5,8,4,13,28,0,7
3,1,1.0,203,5,18,4,8,41,3,7
3,1,1.0,203,5,4,4,3,30,3,7
3,1,1.0,203,5,20,4,1,67,3,7
3,1,1.0,203,5,9,4,14,32,4,7
3,1,1.0,203,5,17,4,9,27,0,7
3,1,1.0,203,5,7,4,8,33,4,7
3,1,1.0,203,5,7,4,6,7,3,7
3,7,7.0,293,5,1,4,0,53,3,11
3,1,9.0,50,6,17,4,8,19,0,12
3,1,9.0,50,6,1,4,8,9,3,12
3,1,1.0,203,5,17,0,8,19,1,7
4,7,20.0,266,6,1,0,1,11,3,29
3,4,26.0,80,3,10,4,11,122,3,3
3,8,10.0,71,2,18,4,12,135,3,4
4,6,14.0,173,0,17,0,9,10,1,5
5,3,10.0,4,5,17,2,1,105,3,4
5,10,3.0,310,5,12,0,3,30,3,27
5,10,13.0,346,0,15,2,2,2,4,25
5,10,18.0,246,6,2,1,1,67,2,0
5,10,18.0,246,6,23,1,12,61,1,0
5,8,20.0,319,3,9,0,0,26,1,29
5,8,20.0,319,3,3,1,9,102,4,29
5,8,21.0,46,0,18,0,1,1,3,21
5,8,21.0,46,0,18,0,7,20,3,21
5,8,27.0,78,3,18,2,0,0,1,15
5,4,3.0,279,6,20,1,3,79,1,27
5,4,4.0,178,3,22,0,1,1,0,30
5,4,19.0,142,0,8,2,6,89,2,10
5,4,27.0,274,1,0,2,8,27,3,15
5,0,19.0,13,6,4,2,9,63,3,10
4,11,3.0,288,3,16,2,14,88,0,27
4,11,4.0,275,0,14,0,15,51,1,30
4,11,5.0,240,1,14,0,1,1,3,24
4,11,11.0,175,0,19,0,10,22,3,9
4,11,27.0,322,2,21,1,14,107,0,15
4,9,28.0,315,3,3,0,10,47,3,18
5,3,8.0,148,2,17,1,0,85,0,8
5,1,14.0,183,5,3,1,12,17,1,5
5,9,26.0,267,4,6,0,15,96,1,3
4,6,18.0,308,5,20,1,8,9,0,0
4,6,27.0,116,3,11,0,7,78,1,15
4,4,11.0,121,0,14,1,3,30,0,9
5,2,26.0,3,4,18,1,5,12,0,3
3,11,1.0,222,2,4,0,7,111,4,7
4,10,18.0,246,3,2,3,1,1,3,0
4,1,1.0,203,3,17,0,14,34,1,7
4,1,28.0,300,6,11,2,9,54,0,18
5,11,23.0,232,5,9,0,4,82,1,17
5,11,23.0,232,5,11,1,2,86,4,17
5,11,30.0,170,5,17,0,16,37,1,19
5,9,7.0,271,6,16,1,13,21,0,11
5,7,21.0,81,6,3,0,9,10,3,21
5,7,31.0,43,1,6,0,13,13,0,20
4,7,22.0,211,0,23,1,6,89,2,26
4,7,22.0,211,0,1,1,13,21,1,26
4,7,28.0,34,3,5,1,15,114,1,18
4,7,29.0,268,0,17,1,1,35,4,16
4,7,31.0,43,2,16,0,5,12,0,20
4,7,28.0,34,3,22,0,14,25,1,18
4,3,14.0,33,2,7,1,10,22,0,5
4,3,14.0,33,2,9,1,16,37,0,5
4,3,20.0,105,1,14,2,14,25,3,29
4,3,23.0,57,5,19,2,10,22,3,17
4,3,28.0,187,2,1,1,10,47,1,18
4,5,3.0,161,0,7,1,2,13,0,27
4,5,4.0,114,1,12,0,4,79,0,30
4,5,22.0,163,6,3,0,11,133,0,26
4,10,20.0,223,1,13,1,9,109,4,29
4,10,29.0,318,4,0,1,11,124,1,16
4,10,22.0,314,4,17,0,5,12,1,26
4,10,30.0,157,5,5,1,2,3,4,19
4,1,29.0,112,3,8,0,2,71,3,16
4,8,29.0,301,2,18,1,10,52,2,16
4,4,6.0,176,2,7,1,0,85,0,23
5,7,27.0,53,5,1,2,11,18,3,15
5,3,1.0,180,2,6,2,0,68,3,7
5,3,9.0,44,4,16,2,10,22,3,12
5,5,10.0,155,3,20,1,8,19,1,4
5,5,20.0,214,2,8,0,1,11,4,29
5,5,20.0,214,2,8,0,11,15,2,29
5,5,29.0,24,5,5,2,10,52,3,16
5,6,10.0,149,2,17,1,12,104,4,4
5,6,20.0,215,6,21,1,3,79,0,29
5,6,20.0,215,6,18,2,0,31,3,29
5,10,28.0,216,1,16,2,13,38,3,18
5,1,2.0,171,3,20,0,5,6,2,22
5,1,10.0,17,0,7,1,11,55,4,4
5,1,10.0,17,0,19,0,4,4,3,4
5,1,12.0,353,2,19,2,5,6,3,28
5,1,19.0,29,2,17,2,5,12,3,10
4,4,8.0,292,5,19,2,1,11,4,8
5,6,26.0,348,5,11,1,9,27,0,3
5,6,29.0,335,0,19,1,11,94,1,16
5,1,11.0,111,1,5,1,12,17,4,9
5,1,18.0,82,1,9,0,5,0,1,0
5,8,27.0,78,3,9,1,15,39,1,15
5,8,27.0,78,3,17,1,9,27,0,15
5,2,19.0,137,4,1,0,16,130,4,10
5,11,8.0,283,4,5,1,8,19,4,8
4,7,5.0,204,5,2,1,0,64,0,24
4,7,28.0,34,3,2,1,5,6,2,18
4,3,23.0,57,5,19,0,0,12,1,17
5,6,29.0,335,0,9,0,11,117,1,16
4,6,23.0,84,2,23,1,10,47,0,17
4,6,28.0,309,0,9,0,3,115,3,18
4,6,30.0,145,2,19,0,2,69,0,19
5,3,6.0,303,0,4,0,16,50,0,23
5,11,16.0,225,5,12,2,3,30,0,2
5,9,10.0,156,1,8,2,13,38,0,4
3,2,2.0,143,3,14,4,2,69,3,22
5,3,8.0,148,2,4,0,14,32,4,8
3,8,10.0,71,2,19,4,11,122,4,4
4,6,22.0,185,1,22,1,1,59,4,26
5,9,26.0,267,4,12,2,12,61,0,3
5,1,15.0,1,6,12,1,12,56,4,1
3,2,1.0,16,6,4,0,2,2,4,7
4,9,28.0,315,3,12,0,10,47,0,18
3,2,2.0,143,3,1,4,9,83,3,22
5,3,5.0,324,3,13,1,15,31,2,24
5,1,15.0,1,6,15,1,2,86,1,1
3,8,10.0,71,2,19,4,6,7,3,4
4,10,7.0,243,2,1,0,16,37,4,11
5,3,8.0,148,2,1,2,11,18,3,8
5,11,19.0,321,0,23,0,1,16,4,10
5,6,18.0,308,4,13,0,8,41,0,0
5,11,16.0,225,5,18,2,5,6,3,2
3,2,2.0,143,3,1,4,9,10,3,22
3,2,2.0,143,3,9,4,13,38,3,22
3,2,2.0,143,3,6,4,1,81,4,22
3,2,2.0,143,3,17,4,8,27,0,22
3,2,2.0,143,3,1,4,7,120,2,22
3,2,2.0,143,3,12,4,6,116,4,22
3,2,2.0,143,3,6,4,9,93,4,22
3,2,2.0,143,3,15,4,6,7,0,22
3,2,2.0,143,3,19,4,9,93,4,22
3,2,19.0,137,2,4,4,3,30,3,10
3,2,19.0,137,2,17,4,11,94,4,10
3,2,19.0,137,2,9,4,4,5,3,10
3,2,19.0,137,2,6,4,14,25,3,10
3,2,19.0,137,2,19,4,6,7,3,10
3,2,19.0,137,2,18,4,6,116,4,10
3,2,19.0,137,2,22,4,14,107,4,10
3,2,19.0,137,2,15,4,6,7,3,10
3,2,19.0,137,2,4,4,2,71,3,10
3,2,19.0,137,2,0,4,5,12,3,10
3,2,19.0,137,2,11,4,14,34,3,10
3,2,19.0,137,2,3,4,13,21,3,10
3,2,19.0,137,2,12,4,10,43,3,10
3,2,19.0,137,2,1,4,16,113,2,10
3,2,19.0,137,2,18,4,3,30,3,10
3,2,19.0,137,2,9,4,11,8,3,10
3,2,19.0,137,2,14,4,10,22,3,10
3,2,19.0,137,2,2,4,9,57,3,10
3,2,28.0,257,5,19,4,2,2,4,18
3,2,28.0,257,5,19,4,15,119,3,18
3,2,28.0,257,5,5,4,10,47,3,18
3,2,28.0,257,5,22,4,5,12,3,18
3,2,28.0,257,5,5,4,10,47,3,18
3,2,28.0,257,5,4,4,14,32,4,18
3,2,28.0,257,5,16,4,1,81,4,18
3,2,28.0,257,5,9,4,16,74,3,18
3,2,28.0,257,5,7,4,14,24,0,18
3,2,28.0,257,5,19,4,9,95,3,18
3,2,28.0,257,5,2,4,1,16,3,18
3,2,28.0,257,5,19,4,6,89,3,18
3,2,28.0,257,5,14,4,16,130,4,18
3,0,10.0,129,2,4,4,16,37,3,4
3,0,10.0,129,2,2,4,8,118,3,4
3,0,10.0,129,2,9,4,13,29,3,4
3,0,10.0,129,2,19,4,8,9,3,4
3,0,10.0,129,2,19,4,13,13,3,4
3,0,10.0,129,2,8,4,13,29,2,4
3,0,10.0,129,2,9,4,6,128,4,4
3,0,10.0,129,2,8,4,11,15,3,4
3,0,10.0,129,2,1,4,6,128,3,4
3,0,25.0,281,4,2,4,1,11,3,13
3,0,25.0,281,4,3,4,7,31,3,13
3,0,25.0,281,4,6,4,12,84,4,13
3,0,26.0,14,5,11,4,7,137,0,3
3,0,26.0,14,5,1,4,16,72,4,3
3,0,26.0,14,5,19,4,16,50,0,3
3,0,26.0,14,5,4,4,10,47,0,3
3,0,26.0,14,5,6,4,1,11,3,3
3,0,26.0,14,5,8,4,9,27,3,3
3,0,26.0,14,5,14,4,16,50,3,3
3,0,27.0,23,6,17,4,15,119,3,15
3,0,27.0,23,6,12,4,9,57,3,15
3,0,27.0,23,6,0,4,1,11,3,15
3,0,27.0,23,6,9,4,4,121,3,15
3,0,27.0,23,6,9,4,10,47,3,15
3,0,27.0,23,6,17,4,13,123,3,15
3,0,28.0,249,3,9,4,6,89,4,18
3,0,28.0,249,3,2,4,6,128,3,18
3,0,28.0,249,3,14,4,1,16,3,18
3,0,28.0,249,3,1,4,15,114,3,18
3,0,28.0,249,3,1,4,0,68,4,18
3,0,28.0,249,3,13,4,7,54,4,18
3,0,28.0,249,3,2,4,2,69,3,18
5,11,16.0,225,5,20,1,9,57,4,2
5,9,1.0,126,3,11,1,1,16,1,7
5,9,1.0,126,3,18,1,9,27,0,7
5,3,5.0,324,3,11,1,5,12,1,24
3,5,28.0,259,2,13,0,13,21,1,18
5,10,9.0,150,4,0,1,5,12,1,12
5,1,7.0,32,5,17,3,13,21,3,11
3,4,15.0,132,2,4,3,0,31,3,1
5,11,13.0,312,1,11,1,0,26,1,25
5,10,25.0,56,6,19,1,5,12,0,13
3,0,31.0,290,2,9,1,4,121,0,20
5,6,15.0,49,0,4,2,10,22,3,1
5,8,9.0,124,2,13,0,13,99,4,12
5,11,2.0,265,5,12,2,5,6,3,22
5,11,2.0,265,5,18,1,7,20,2,22
5,11,2.0,265,5,5,1,9,101,4,22
5,11,8.0,283,4,10,1,1,11,4,8
5,11,16.0,225,5,19,1,8,65,4,2
5,10,9.0,150,4,13,1,13,21,1,12
5,11,8.0,283,4,11,0,10,22,2,8
4,10,7.0,243,2,9,0,10,47,2,11
5,1,16.0,2,3,0,1,11,122,4,2
5,11,19.0,321,0,16,0,4,79,4,10
5,5,25.0,350,0,4,0,14,125,4,13
5,11,3.0,288,6,11,1,10,22,1,27
5,3,4.0,285,6,15,0,10,6,0,30
5,5,7.0,349,4,12,0,9,49,4,11
5,9,15.0,226,3,23,1,13,21,1,1
4,10,13.0,346,1,23,0,1,11,3,25
5,1,16.0,2,3,6,1,2,3,0,2
5,2,17.0,6,1,14,1,16,37,0,6
5,11,10.0,360,6,18,0,8,9,3,4
5,3,4.0,285,6,9,2,13,21,3,30
3,8,10.0,71,2,4,4,11,55,4,4
5,5,7.0,349,4,18,2,6,89,3,11
4,10,20.0,223,1,20,0,15,46,1,29
5,7,16.0,40,0,12,1,7,31,0,2
5,1,16.0,2,3,2,1,13,99,4,2
5,9,16.0,107,0,14,1,13,38,1,2
5,11,10.0,360,6,5,1,16,65,4,4
5,3,4.0,285,6,20,1,3,103,4,30
5,11,13.0,312,1,10,1,15,51,0,25
4,10,29.0,318,4,16,1,6,91,0,16
5,1,23.0,69,3,23,1,12,121,1,17
4,11,26.0,364,1,14,1,10,6,2,3
4,9,16.0,107,1,2,1,14,25,0,2
3,8,11.0,306,4,19,4,16,72,3,9
5,11,13.0,312,1,1,0,15,31,2,25
4,10,30.0,157,5,19,2,10,22,1,19
5,6,10.0,149,2,11,0,6,89,1,4
5,7,17.0,95,1,19,1,14,25,0,6
5,10,3.0,310,5,22,2,8,41,3,27
5,6,19.0,291,5,17,1,1,67,1,10
3,8,11.0,306,4,17,4,1,105,4,9
5,11,13.0,312,1,19,1,14,88,4,25
5,7,20.0,266,5,13,1,13,38,4,29
5,11,3.0,288,6,15,1,2,35,4,27
5,1,3.0,188,0,11,0,10,22,2,27
3,8,11.0,306,4,12,4,8,41,2,9
4,1,15.0,1,3,17,0,3,115,3,1
5,11,15.0,331,4,8,2,9,93,0,1
5,6,10.0,149,2,2,1,3,30,4,4
5,11,3.0,288,6,22,1,16,74,1,27
5,1,3.0,188,0,19,1,6,128,4,27
3,8,11.0,306,4,5,4,4,82,3,9
5,11,15.0,331,4,8,1,15,119,4,1
5,10,28.0,216,1,4,3,11,15,3,18
5,1,12.0,353,2,9,1,9,57,0,28
5,1,19.0,29,2,22,1,6,7,0,10
5,4,30.0,139,5,1,1,0,26,1,19
5,2,21.0,108,6,18,1,5,64,0,21
4,9,27.0,179,6,16,0,11,15,1,15
5,11,26.0,364,0,17,1,1,67,0,3
5,11,26.0,364,0,16,1,3,44,0,3
5,9,19.0,234,4,4,1,5,64,4,10
4,9,18.0,359,4,0,1,0,0,0,0
4,9,25.0,344,4,13,1,10,22,1,13
4,9,18.0,359,4,13,0,2,13,1,0
4,7,24.0,68,2,6,1,10,22,0,14
3,2,30.0,131,3,18,0,15,51,2,19
5,11,17.0,110,6,8,1,15,114,1,6
5,11,19.0,321,0,14,2,14,32,0,10
5,11,19.0,321,0,19,1,8,65,4,10
5,9,26.0,267,4,9,2,9,102,3,3
5,9,26.0,267,4,8,0,0,77,2,3
5,3,29.0,325,2,13,0,0,12,3,16
5,5,11.0,326,0,6,1,11,55,0,9
5,5,11.0,326,0,19,0,11,98,1,9
5,5,27.0,328,2,2,2,16,108,2,15
5,6,11.0,355,4,6,1,14,25,0,9
5,6,18.0,308,4,6,3,9,57,0,0
5,6,18.0,308,4,9,2,7,57,2,0
5,6,18.0,308,4,9,0,13,29,3,0
4,9,28.0,315,3,8,0,10,47,2,18
5,7,2.0,160,0,15,2,11,15,1,22
5,7,10.0,329,1,3,1,7,129,4,4
5,1,19.0,29,2,12,1,13,48,4,10
5,2,4.0,254,2,18,1,15,119,0,30
4,7,27.0,53,6,22,0,11,90,1,15
4,3,27.0,361,1,18,2,0,64,3,15
5,7,30.0,42,0,12,1,11,18,0,19
5,4,26.0,80,0,22,1,14,125,4,3
2,9,1.0,126,4,9,0,13,99,1,7
5,9,22.0,92,3,8,1,5,6,2,26
4,9,17.0,255,2,17,1,14,32,1,6
4,7,28.0,34,3,1,0,2,92,1,18
4,7,31.0,43,2,13,2,6,14,0,20
4,3,13.0,210,1,8,2,2,2,3,25
4,3,14.0,33,2,18,0,13,28,3,5
4,3,14.0,33,2,9,1,10,47,2,5
5,11,8.0,283,4,20,1,14,106,1,8
4,3,14.0,33,2,22,3,16,37,3,5
5,0,30.0,228,2,7,1,16,130,0,19
5,8,10.0,71,4,17,3,12,104,3,4
5,6,29.0,335,0,14,2,4,136,3,16
5,5,11.0,326,0,13,1,9,134,4,9
5,5,11.0,326,0,2,0,5,6,0,9
5,2,19.0,137,4,4,1,9,83,4,10
5,4,4.0,178,3,13,1,10,23,1,30
5,4,4.0,178,3,0,0,16,50,3,30
5,8,21.0,46,0,17,1,3,79,4,21
5,8,20.0,319,3,21,1,12,17,4,29
5,8,19.0,280,6,5,1,8,27,1,10
5,8,19.0,280,6,11,1,13,99,4,10
5,4,27.0,274,1,13,0,4,4,1,15
5,4,3.0,279,6,2,0,10,47,2,27
5,1,13.0,207,4,3,0,16,39,0,25
4,5,8.0,199,6,11,2,1,16,3,8
4,5,19.0,146,2,1,0,2,86,3,10
5,7,31.0,43,1,18,1,1,105,0,20
5,7,6.0,93,5,17,1,4,75,1,23
5,3,16.0,263,4,18,1,13,48,0,2
5,7,23.0,202,0,17,0,2,86,0,17
4,9,5.0,89,5,6,0,4,79,3,24
5,6,26.0,348,5,0,3,0,64,3,3
5,6,11.0,355,4,16,1,10,43,2,9
5,8,27.0,78,3,3,0,5,6,0,15
5,8,22.0,354,1,0,1,14,131,0,26
5,8,10.0,71,4,6,1,1,105,0,4
5,1,4.0,286,1,5,0,0,12,3,30
5,1,4.0,286,1,9,1,10,52,1,30
5,1,3.0,188,0,17,2,13,28,3,27
5,10,4.0,356,6,23,0,0,31,2,30
5,5,27.0,328,2,21,2,1,11,0,15
5,3,10.0,4,5,12,0,4,4,2,4
5,3,28.0,187,1,8,2,9,49,3,18
5,3,28.0,187,1,12,2,9,49,3,18
5,1,13.0,207,4,22,0,11,117,1,25
4,6,21.0,193,0,22,1,3,44,1,21
3,8,11.0,306,4,14,4,16,50,1,9
5,11,20.0,340,1,10,1,13,28,2,29
5,11,23.0,232,5,9,1,1,16,4,17
4,1,29.0,112,3,0,0,2,123,1,16
5,4,27.0,274,1,16,2,11,133,3,15
3,8,19.0,280,5,14,4,13,48,3,10
4,6,22.0,185,1,14,1,6,7,2,26
5,9,15.0,226,3,6,0,10,22,3,1
4,1,29.0,112,3,23,1,4,121,1,16
4,6,21.0,193,0,22,1,0,77,1,21
5,9,15.0,226,3,12,0,0,64,3,1
4,1,29.0,112,3,2,1,10,22,4,16
5,4,27.0,274,1,9,0,3,30,1,15
4,10,13.0,346,1,14,0,8,41,1,25
4,8,22.0,354,2,23,1,15,46,0,26
4,10,21.0,341,2,5,1,1,59,4,21
5,11,16.0,225,5,20,1,4,66,4,2
5,7,19.0,330,4,6,2,5,6,0,10
5,9,10.0,156,1,23,1,6,7,4,4
5,11,19.0,321,0,20,1,15,114,1,10
5,11,2.0,265,5,22,1,1,16,1,22
5,4,29.0,313,4,5,2,8,33,2,16
4,9,4.0,295,4,8,2,1,59,3,30
5,9,20.0,119,5,12,0,9,109,4,29
5,7,12.0,181,4,21,0,11,133,0,28
5,7,12.0,181,4,18,0,14,32,0,28
5,7,26.0,316,4,21,1,3,115,0,3
5,7,28.0,34,6,0,2,1,59,3,18
5,7,28.0,34,6,19,0,8,41,3,18
5,3,2.0,120,4,6,1,0,31,4,22
5,3,2.0,120,4,18,0,11,94,3,22
5,3,11.0,337,6,6,1,13,21,0,9
5,3,11.0,337,6,8,0,2,2,0,9
5,5,1.0,109,5,3,0,9,102,2,7
5,11,2.0,265,5,8,1,8,9,4,22
5,5,1.0,109,5,4,1,13,99,4,7
5,5,2.0,307,6,3,1,13,36,4,22
5,5,4.0,114,0,0,1,1,35,0,30
5,5,12.0,327,1,21,1,9,27,0,28
5,5,12.0,327,1,14,0,9,54,1,28
5,5,19.0,146,1,16,0,2,2,3,10
5,5,20.0,214,2,1,2,7,111,0,29
5,5,28.0,259,4,14,0,7,111,3,18
5,9,16.0,107,0,0,2,10,47,3,2
5,9,21.0,362,6,17,2,14,106,3,21
5,9,21.0,362,6,11,1,6,7,4,21
5,7,5.0,204,4,15,0,11,122,3,24
5,3,30.0,304,4,22,1,0,15,4,19
3,0,14.0,5,3,3,1,10,47,2,5
5,11,22.0,250,4,19,1,9,10,0,26
5,11,15.0,331,4,17,1,6,7,0,1
4,5,4.0,114,1,3,2,4,4,3,30
4,5,4.0,114,1,2,1,3,79,1,30
4,5,4.0,114,1,6,1,0,53,2,30
4,5,31.0,196,0,17,2,10,23,3,20
4,6,5.0,342,6,13,1,5,6,0,24
4,6,14.0,173,0,20,0,16,37,3,5
4,6,22.0,185,1,11,1,1,1,0,26
4,6,23.0,84,2,7,1,10,12,1,17
4,6,23.0,84,2,4,1,11,129,2,17
4,6,28.0,309,0,1,0,8,9,1,18
4,6,30.0,145,2,6,1,10,52,1,19
4,10,4.0,356,3,23,1,2,3,4,30
4,10,12.0,333,0,18,2,1,35,3,28
4,10,13.0,346,1,6,0,2,86,1,25
4,3,14.0,33,2,3,1,13,48,4,5
4,3,23.0,57,5,1,1,14,97,1,17
4,11,25.0,88,0,13,1,1,59,4,13
5,3,15.0,35,2,9,1,0,12,1,1
5,5,14.0,36,4,18,2,2,40,1,5
5,10,24.0,261,5,16,1,13,48,0,14
5,1,12.0,353,2,9,1,10,6,0,28
5,3,1.0,180,2,10,0,13,29,4,7
4,11,2.0,265,6,2,2,8,118,1,22
5,0,22.0,241,1,13,0,5,6,3,26
5,8,17.0,74,4,1,2,8,33,3,6
5,4,1.0,144,4,17,1,0,77,1,7
5,2,17.0,6,1,4,1,12,58,4,6
4,11,14.0,147,4,2,1,1,59,4,5
4,3,18.0,165,3,12,0,5,12,0,0
4,10,3.0,310,6,18,0,8,9,3,27
5,1,9.0,50,3,20,1,0,68,1,12
5,1,9.0,50,3,12,1,5,64,2,12
5,1,25.0,65,1,9,2,8,41,3,13
4,10,19.0,117,0,12,1,16,72,0,10
4,0,1.0,8,2,8,1,5,12,1,7
4,0,28.0,249,1,15,3,9,10,2,18
4,5,3.0,161,0,14,2,5,6,3,27
4,5,22.0,163,6,2,2,6,7,3,26
4,5,30.0,294,3,21,1,13,38,0,19
5,3,10.0,4,5,8,2,7,120,3,4
5,3,10.0,4,5,23,1,2,2,1,4
4,5,30.0,294,3,13,1,13,28,1,19
4,6,5.0,342,6,19,1,6,132,4,24
5,2,5.0,127,4,17,0,2,2,3,24
4,10,22.0,314,4,13,1,4,82,1,26
5,11,13.0,312,1,1,1,6,7,1,25
3,8,19.0,280,5,18,4,9,95,4,10
4,10,29.0,318,4,17,1,3,79,4,16
5,11,23.0,232,5,22,1,8,41,4,17
5,2,22.0,209,3,12,0,3,79,3,26
5,0,13.0,198,3,1,1,0,12,0,25
5,0,19.0,13,6,14,0,8,118,1,10
4,11,3.0,288,3,18,1,0,0,0,27
4,11,5.0,240,1,10,1,5,12,0,24
4,11,5.0,240,1,1,1,15,51,2,24
4,11,10.0,360,3,14,1,10,52,2,4
4,11,13.0,312,2,0,0,8,65,3,25
5,3,28.0,187,1,8,0,10,22,1,18
5,11,26.0,364,0,12,2,9,102,0,3
5,9,7.0,271,6,13,1,13,28,0,11
5,3,8.0,148,2,1,1,2,86,0,8
5,6,18.0,308,4,5,1,1,81,4,0
5,6,26.0,348,5,15,0,8,33,2,3
5,1,4.0,286,1,0,1,13,28,0,30
5,1,11.0,111,1,12,1,13,29,1,9
5,1,20.0,151,4,13,2,5,6,0,29
5,1,18.0,82,1,8,0,16,130,0,0
5,8,20.0,319,3,1,1,7,129,1,29
5,4,3.0,279,6,9,1,9,93,4,27
5,4,4.0,178,3,5,0,14,25,0,30
5,4,4.0,178,3,2,1,14,32,4,30
5,2,27.0,136,5,16,1,13,28,4,15
5,2,27.0,136,5,9,2,16,50,3,15
5,2,5.0,127,4,2,2,10,47,2,24
5,2,19.0,137,4,9,2,0,64,0,10
5,2,22.0,209,3,22,1,12,84,4,26
5,2,27.0,136,5,6,0,12,56,0,15
5,2,27.0,136,5,9,2,8,19,3,15
5,0,19.0,13,6,21,1,3,30,0,10
2,6,28.0,335,5,15,1,10,23,2,18
5,1,17.0,63,0,1,1,0,0,4,6
5,8,17.0,74,4,13,1,12,17,4,6
5,0,15.0,190,1,3,1,16,130,0,1
5,3,5.0,324,3,13,2,1,11,3,24
5,8,17.0,74,4,23,1,3,79,1,6
4,9,15.0,226,0,5,1,4,138,0,1
4,11,5.0,240,1,0,1,13,99,4,24
4,11,11.0,175,0,19,2,7,57,3,9
4,11,21.0,192,4,16,1,4,66,0,21
4,11,21.0,192,4,14,0,14,24,1,21
4,11,21.0,192,4,1,2,0,68,0,21
4,11,27.0,322,2,6,0,0,12,0,15
4,9,19.0,234,5,4,0,11,15,1,10
4,9,20.0,119,6,0,1,10,52,2,29
4,9,20.0,119,6,0,1,0,64,0,29
4,9,22.0,92,0,15,1,11,58,4,26
4,7,29.0,268,0,3,2,10,43,1,16
4,7,31.0,43,2,20,1,16,74,0,20
5,2,27.0,136,5,3,1,1,81,4,15
5,0,13.0,198,3,0,0,16,37,1,25
5,0,19.0,13,6,4,0,3,115,1,10
4,11,3.0,288,3,12,1,1,81,4,27
4,11,11.0,175,0,19,2,13,38,3,9
5,3,8.0,148,2,4,2,10,22,3,8
5,7,17.0,95,1,8,1,3,30,1,6
3,0,24.0,55,2,23,1,14,126,1,14
5,10,9.0,150,4,8,0,7,120,3,12
5,1,6.0,97,4,21,2,13,29,3,23
4,11,13.0,312,2,16,0,8,27,4,25
4,11,11.0,175,0,18,0,2,123,0,9
5,9,10.0,156,1,18,0,2,2,4,4
4,11,27.0,322,2,18,0,5,12,1,15
4,11,4.0,275,0,20,0,5,12,2,30
4,9,5.0,89,5,16,1,4,5,1,24
4,9,13.0,91,6,23,2,14,107,3,25
4,9,13.0,91,6,2,0,10,22,3,25
4,9,13.0,91,6,14,2,8,9,2,25
4,9,13.0,91,6,14,2,14,25,0,25
4,9,19.0,234,5,6,1,13,123,2,10
4,9,20.0,119,6,6,1,11,58,4,29
4,7,12.0,181,5,2,0,2,69,0,28
4,10,29.0,318,4,4,1,7,8,4,16
3,8,19.0,280,5,21,4,2,3,4,10
5,9,15.0,226,3,1,2,1,59,3,1
3,8,19.0,280,5,13,4,2,71,3,10
5,9,21.0,362,6,3,2,0,12,3,21
4,7,5.0,204,5,13,0,8,27,1,24
3,8,19.0,280,5,4,4,0,26,0,10
5,9,21.0,362,6,14,2,10,47,0,21
3,8,19.0,280,5,18,4,1,11,3,10
4,7,12.0,181,5,20,0,8,9,0,28
5,7,14.0,125,6,21,1,11,133,0,5
3,8,24.0,85,2,6,4,9,109,3,14
4,7,14.0,125,3,0,1,6,14,0,5
5,7,14.0,125,6,19,1,7,62,4,5
3,8,24.0,85,2,13,4,14,25,3,14
4,7,14.0,125,3,3,1,3,30,4,5
5,4,1.0,144,4,20,0,2,60,3,7
5,7,14.0,125,6,18,0,5,6,3,5
5,7,21.0,81,6,13,0,5,6,2,21
5,7,21.0,81,6,23,1,10,47,0,21
5,7,22.0,211,3,2,0,1,11,4,26
5,7,31.0,43,1,3,0,5,6,0,20
5,7,31.0,43,1,22,0,7,62,3,20
5,10,15.0,60,2,1,1,6,128,4,1
5,1,2.0,171,3,9,2,8,41,3,22
5,11,26.0,364,0,14,2,10,6,3,3
5,9,20.0,119,5,13,1,1,11,4,29
5,7,10.0,329,1,10,0,0,64,3,4
4,8,22.0,354,2,6,0,15,119,1,26
4,9,20.0,119,6,1,1,10,22,1,29
4,9,22.0,92,0,4,2,10,52,3,26
4,9,22.0,92,0,11,1,6,116,4,26
4,9,28.0,315,3,18,2,16,65,3,18
4,7,20.0,266,6,13,1,12,17,4,29
4,3,13.0,210,1,0,1,1,105,0,25
4,3,13.0,210,1,13,0,12,80,4,25
4,5,29.0,24,6,13,0,15,39,0,16
4,5,30.0,294,3,8,0,2,92,0,19
4,6,14.0,173,0,2,0,15,108,1,5
4,6,22.0,185,1,2,2,14,126,1,26
4,6,22.0,185,1,1,2,1,11,3,26
4,6,28.0,309,0,19,0,14,34,1,18
4,6,30.0,145,2,9,0,15,46,1,19
5,7,10.0,329,1,15,1,0,15,4,4
5,7,12.0,181,4,2,1,12,61,1,28
5,7,12.0,181,4,13,1,11,124,4,28
5,7,17.0,95,1,1,0,2,92,3,6
5,7,25.0,41,2,0,0,9,93,3,13
4,7,30.0,42,1,4,1,2,13,0,19
4,3,19.0,138,0,18,1,7,120,0,10
5,7,26.0,316,4,23,1,16,72,4,3
5,7,26.0,316,4,20,0,2,2,3,3
5,7,26.0,316,4,19,1,7,8,4,3
5,3,1.0,180,2,0,0,11,15,1,7
5,3,1.0,180,2,18,1,0,68,1,7
5,3,2.0,120,4,1,1,8,19,1,22
5,3,2.0,120,4,1,0,5,6,0,22
4,10,7.0,243,2,12,0,11,18,1,11
4,10,21.0,341,2,21,2,16,65,0,21
4,10,21.0,341,2,1,0,13,48,0,21
4,11,28.0,123,4,15,2,8,33,2,18
4,11,28.0,123,4,3,1,7,62,4,18
4,9,19.0,234,5,9,2,15,96,0,10
4,9,28.0,315,3,4,0,10,22,3,18
4,7,29.0,268,0,19,2,15,39,3,16
4,3,13.0,210,1,1,0,5,12,3,25
4,3,14.0,33,2,11,1,3,30,1,5
5,11,2.0,265,5,1,2,9,101,3,22
4,3,14.0,33,2,2,0,16,113,1,5
4,3,20.0,105,1,20,0,0,64,3,29
4,3,28.0,187,2,16,1,1,35,0,18
4,3,28.0,187,2,1,2,10,22,3,18
4,5,30.0,294,3,0,1,10,47,1,19
4,6,14.0,173,0,18,2,2,92,3,5
4,5,29.0,24,6,20,0,14,24,2,16
5,3,16.0,263,4,12,0,8,27,4,2
5,3,21.0,338,1,6,0,5,6,0,21
5,5,7.0,349,4,9,0,6,89,1,11
5,5,24.0,58,3,1,0,1,59,4,14
5,6,30.0,145,1,1,1,0,53,4,19
5,10,23.0,247,4,11,1,10,47,1,17
5,10,31.0,135,5,2,0,3,115,3,20
5,1,8.0,62,6,19,2,8,9,3,8
5,1,14.0,183,5,12,0,2,86,4,5
4,7,22.0,211,0,6,1,10,22,0,26
3,8,24.0,85,2,22,4,16,50,3,14
4,7,22.0,211,0,11,1,2,13,1,26
4,7,22.0,211,0,13,2,11,94,3,26
3,8,24.0,85,2,20,4,5,12,3,14
3,8,24.0,85,2,9,4,7,129,4,14
3,8,24.0,85,2,7,4,13,28,0,14
3,8,24.0,85,2,4,4,6,73,4,14
3,8,24.0,85,2,14,4,6,128,4,14
3,8,24.0,85,2,4,4,4,4,2,14
3,8,24.0,85,2,4,4,16,37,0,14
3,8,24.0,85,2,18,4,0,26,3,14
3,8,25.0,86,4,1,4,9,101,4,13
3,8,25.0,86,4,18,4,2,3,4,13
3,8,25.0,86,4,0,4,1,16,0,13
3,8,25.0,86,4,9,4,6,7,3,13
3,8,25.0,86,4,18,4,16,50,4,13
3,8,25.0,86,4,9,4,6,7,4,13
3,8,25.0,86,4,14,4,9,10,4,13
3,8,25.0,86,4,10,4,14,25,3,13
3,8,28.0,224,3,1,4,14,24,3,18
3,8,28.0,224,3,14,4,15,112,4,18
3,8,28.0,224,3,9,4,6,14,4,18
3,8,28.0,224,3,9,4,8,27,4,18
3,8,28.0,224,3,11,4,12,135,3,18
3,8,28.0,224,3,17,4,7,54,2,18
3,8,28.0,224,3,17,4,6,7,3,18
3,4,10.0,79,5,13,4,3,30,0,4
3,4,10.0,79,5,15,4,2,86,3,4
3,4,10.0,79,5,1,4,6,128,4,4
3,4,10.0,79,5,1,4,0,12,3,4
3,4,10.0,79,5,18,4,9,63,4,4
3,4,10.0,79,5,19,4,10,22,4,4
3,4,11.0,121,6,9,4,9,10,4,9
3,4,11.0,121,6,19,4,9,63,4,9
3,4,11.0,121,6,9,4,14,106,4,9
3,4,11.0,121,6,1,4,9,101,4,9
3,4,11.0,121,6,5,4,1,105,3,9
3,4,11.0,121,6,13,4,6,7,0,9
3,4,11.0,121,6,18,4,6,128,4,9
3,4,11.0,121,6,11,4,9,95,4,9
3,4,11.0,121,6,23,4,6,7,4,9
3,4,18.0,26,6,11,4,5,6,0,0
3,4,18.0,26,6,4,4,9,57,3,0
3,4,18.0,26,6,4,4,6,91,3,0
3,4,18.0,26,6,9,4,6,91,4,0
3,4,18.0,26,6,12,4,6,128,3,0
3,4,18.0,26,6,5,4,10,47,3,0
3,4,18.0,26,6,20,4,9,101,3,0
3,4,18.0,26,6,3,4,8,27,3,0
3,4,18.0,26,6,7,4,1,67,3,0
3,4,18.0,26,6,10,4,9,87,2,0
3,4,18.0,26,6,1,4,14,106,4,0
3,4,18.0,26,6,8,4,14,32,3,0
3,4,25.0,20,6,5,4,2,13,3,13
3,4,25.0,20,6,14,4,6,7,3,13
3,4,25.0,20,6,12,4,8,19,3,13
3,4,25.0,20,6,3,4,15,46,3,13
3,4,25.0,20,6,14,4,1,16,3,13
3,4,25.0,20,6,19,4,4,127,4,13
3,4,25.0,20,6,19,4,12,100,4,13
3,4,25.0,20,6,17,4,16,42,2,13
3,4,25.0,20,6,13,4,13,48,3,13
3,4,25.0,20,6,2,4,9,109,4,13
3,4,25.0,20,6,6,4,6,7,3,13
3,4,25.0,20,6,14,4,6,89,3,13
3,4,25.0,20,6,22,4,8,19,3,13
3,4,26.0,80,3,12,4,3,79,3,3
3,4,26.0,80,3,4,4,1,81,4,3
3,4,26.0,80,3,18,4,6,91,3,3
3,4,26.0,80,3,19,4,6,7,3,3
3,4,26.0,80,3,14,4,11,15,4,3
5,3,27.0,361,0,1,0,2,92,3,15
4,3,28.0,187,2,4,0,4,4,3,18
5,5,7.0,349,4,1,2,10,47,0,11
4,3,23.0,57,5,10,0,1,81,1,17
4,5,4.0,114,1,21,1,0,64,1,30
5,5,13.0,184,2,21,1,1,11,4,25
5,11,7.0,253,2,21,0,2,69,4,11
5,5,13.0,184,2,16,0,6,7,3,25
5,6,23.0,84,1,17,1,5,12,1,17
5,6,8.0,59,0,0,1,0,15,0,8
5,6,13.0,317,6,14,0,2,2,2,25
5,6,23.0,84,1,21,1,1,11,0,17
5,11,13.0,312,1,0,1,0,53,0,25
5,10,6.0,242,0,6,1,15,51,0,23
5,9,7.0,271,6,2,2,13,48,2,11
5,10,23.0,247,4,11,2,15,51,3,17
5,11,8.0,283,4,11,1,10,23,1,8
5,9,16.0,107,0,22,1,14,32,4,2
5,10,23.0,247,4,5,0,5,6,2,17
5,11,19.0,321,0,22,1,3,79,0,10
5,10,31.0,135,5,9,0,10,47,2,20
5,11,19.0,321,0,8,1,1,11,1,10
5,1,16.0,2,3,6,2,10,47,3,2
5,9,1.0,126,3,15,1,14,110,4,7
5,7,5.0,204,4,11,1,15,114,1,24
5,1,16.0,2,3,6,1,9,87,4,2
5,9,1.0,126,3,17,1,14,25,4,7
5,9,26.0,267,4,16,0,0,12,3,3
5,6,19.0,291,5,1,0,16,50,1,10
5,10,26.0,61,3,6,1,7,31,0,3
5,8,10.0,71,4,9,2,12,17,3,4
5,8,21.0,46,0,12,0,10,47,3,21
5,4,4.0,178,3,10,2,13,48,3,30
5,4,19.0,142,0,4,0,9,57,0,10
5,4,27.0,274,1,12,1,1,105,0,15
5,3,10.0,4,5,9,0,10,47,3,4
5,5,27.0,328,2,17,0,1,11,4,15
5,6,18.0,308,4,19,0,13,48,1,0
5,6,19.0,291,5,5,0,5,6,0,10
5,6,19.0,291,5,8,1,4,82,1,10
5,6,19.0,291,5,2,0,8,9,3,10
5,10,10.0,245,5,2,1,15,114,1,4
5,10,26.0,61,3,14,2,12,80,3,3
5,10,26.0,61,3,9,2,10,22,3,3
5,10,29.0,318,2,17,1,15,51,2,16
5,10,29.0,318,2,18,0,13,29,0,16
5,1,3.0,188,0,11,0,15,114,3,27
5,1,3.0,188,0,9,1,13,48,0,27
5,1,4.0,286,1,4,0,0,26,3,30
5,11,19.0,321,0,2,1,10,52,0,10
5,3,10.0,4,5,4,0,0,0,0,4
5,6,18.0,308,4,17,1,7,57,0,0
5,6,19.0,291,5,21,1,13,28,1,10
5,10,16.0,201,4,12,1,10,47,1,2
5,6,26.0,348,5,3,0,10,52,3,3
5,10,4.0,356,6,1,2,11,133,1,30
5,1,18.0,82,1,15,0,1,67,0,0
5,1,20.0,151,4,5,1,8,27,2,29
5,8,10.0,71,4,12,2,2,60,0,4
5,8,19.0,280,6,20,0,2,86,1,10
5,4,3.0,279,6,0,1,1,67,1,27
5,4,19.0,142,0,2,0,4,136,1,10
5,2,27.0,136,5,12,1,9,95,4,15
4,11,21.0,192,4,21,1,12,104,0,21
4,11,27.0,322,2,4,2,12,17,3,15
4,11,27.0,322,2,1,2,14,32,0,15
4,9,13.0,91,6,6,1,2,2,2,25
4,9,13.0,91,6,6,1,2,2,0,25
4,9,19.0,234,5,8,2,6,7,3,10
5,1,18.0,82,1,15,0,5,6,3,0
4,7,1.0,98,0,2,1,0,64,0,7
4,7,1.0,98,0,17,1,7,20,1,7
5,8,26.0,278,6,21,1,5,64,0,3
5,4,25.0,20,3,15,0,13,29,3,13
5,11,21.0,192,2,13,0,4,82,1,21
5,1,18.0,82,1,18,0,11,90,3,0
5,1,20.0,151,4,8,2,7,62,4,29
5,8,10.0,71,4,16,1,6,91,0,4
5,8,19.0,280,6,13,0,4,138,3,10
5,4,27.0,274,1,1,1,12,56,4,15
5,2,13.0,276,5,14,1,9,57,0,25
5,2,19.0,137,4,3,0,6,128,0,10
5,0,13.0,198,3,4,0,6,91,0,25
4,11,3.0,288,3,5,2,0,53,0,27
4,11,10.0,360,3,2,0,8,41,1,4
4,11,13.0,312,2,16,0,0,53,3,25
4,11,13.0,312,2,0,2,4,138,3,25
4,9,5.0,89,5,10,2,13,38,2,24
4,9,13.0,91,6,10,1,13,21,0,25
4,9,13.0,91,6,2,0,15,46,0,25
4,9,20.0,119,6,14,2,2,2,0,29
5,7,6.0,93,5,17,0,2,71,4,23
5,7,14.0,125,6,18,2,2,69,0,5
5,9,14.0,106,6,2,1,10,43,2,5
5,7,16.0,40,0,18,2,14,110,0,2
5,11,27.0,322,1,16,1,9,9,0,15
4,6,19.0,291,6,10,1,10,23,4,10
5,7,2.0,160,0,1,0,13,13,4,22
5,11,3.0,288,6,18,2,8,27,1,27
5,11,27.0,322,1,16,1,0,85,0,15
5,11,27.0,322,1,6,0,10,22,1,15
5,9,11.0,52,2,6,0,0,26,2,9
5,9,20.0,119,5,12,0,10,47,3,29
5,9,11.0,52,2,13,1,5,6,0,9
5,7,12.0,181,4,22,1,10,22,0,28
5,7,17.0,95,1,4,2,14,106,3,6
5,7,17.0,95,1,1,2,0,53,3,6
5,7,20.0,266,5,13,0,8,33,2,29
5,7,20.0,266,5,3,1,1,1,1,29
5,7,25.0,41,2,17,0,4,75,1,13
5,7,27.0,53,5,12,0,4,45,2,15
5,7,27.0,53,5,12,1,3,103,0,15
5,7,28.0,34,6,18,0,16,42,0,18
5,10,18.0,246,6,1,2,8,19,3,0
5,10,18.0,246,6,17,1,0,77,4,0
5,8,14.0,296,0,17,1,7,120,4,5
5,8,9.0,124,2,23,0,13,21,1,12
5,11,5.0,240,0,9,3,13,29,4,24
5,10,13.0,346,0,1,1,16,74,1,25
5,5,29.0,24,5,1,0,10,22,1,16
5,5,29.0,24,5,9,0,16,42,3,16
5,10,19.0,117,3,12,2,6,89,3,10
5,10,18.0,246,6,2,2,9,93,3,0
5,1,2.0,171,3,8,0,13,38,2,22
5,1,2.0,171,3,18,2,8,41,3,22
5,1,29.0,112,6,9,0,8,41,4,16
5,8,3.0,363,4,18,1,6,73,0,27
5,8,4.0,299,5,20,0,10,22,1,30
5,8,5.0,101,6,5,0,12,56,3,24
5,8,11.0,306,5,21,1,3,76,0,9
5,8,29.0,301,1,22,0,1,67,3,16
4,3,1.0,180,4,17,0,13,38,4,7
4,8,20.0,319,0,4,0,10,6,3,29
5,1,31.0,305,0,19,1,3,44,4,20
5,2,18.0,7,2,20,3,5,6,2,0
5,2,18.0,7,2,17,1,10,12,1,0
5,9,14.0,106,6,9,1,3,4,0,5
5,2,25.0,233,2,22,2,9,49,0,13
5,9,17.0,255,1,18,1,9,101,2,6
5,4,20.0,115,1,13,0,5,64,0,29
5,4,20.0,115,1,13,1,8,9,1,29
5,4,20.0,115,1,22,1,0,0,0,29
5,2,4.0,254,2,6,2,8,41,3,30
5,2,12.0,128,4,17,1,10,47,2,28
5,2,20.0,264,5,21,1,1,67,0,29
5,2,21.0,108,6,5,1,6,7,4,21
5,2,21.0,108,6,12,2,1,67,3,21
5,0,3.0,334,4,7,1,14,34,0,27
5,9,20.0,119,5,18,1,11,55,2,29
5,10,3.0,310,5,13,2,10,22,3,27
5,6,28.0,309,3,19,1,9,10,1,18
5,10,18.0,246,6,3,0,10,47,3,0
5,10,21.0,341,1,22,1,1,67,4,21
5,1,2.0,171,3,10,0,5,12,3,22
5,1,10.0,17,0,23,1,15,31,4,4
5,8,4.0,299,5,3,1,9,10,1,30
5,8,28.0,224,0,17,1,10,22,0,18
5,4,5.0,235,0,5,1,9,109,4,24
5,4,13.0,221,1,21,1,3,79,1,25
4,10,12.0,333,0,19,0,5,12,2,28
4,10,22.0,314,4,8,0,10,23,3,26
4,10,30.0,157,5,3,0,1,11,4,19
4,4,6.0,176,2,13,0,14,24,2,23
4,4,13.0,221,2,16,0,7,20,0,25
5,7,10.0,329,1,16,1,5,6,0,4
5,7,17.0,95,1,18,2,8,41,3,6
5,7,20.0,266,5,2,1,11,15,1,29
5,7,25.0,41,2,6,1,3,44,0,13
5,7,26.0,316,4,19,2,16,108,3,3
4,3,21.0,338,2,23,1,0,31,0,21
4,1,14.0,183,6,1,1,2,3,4,5
5,7,27.0,53,5,3,0,5,6,0,15
5,7,12.0,181,4,16,2,9,101,3,28
5,7,19.0,330,4,18,2,1,11,3,10
5,7,19.0,330,4,12,1,12,61,4,10
5,4,19.0,142,0,4,1,11,8,0,10
4,5,22.0,163,6,20,0,16,37,3,26
4,5,22.0,163,6,0,1,0,26,0,26
4,6,5.0,342,6,14,1,8,118,1,24
4,6,21.0,193,0,8,0,1,11,3,21
4,6,22.0,185,1,4,0,2,2,3,26
5,6,18.0,308,4,8,1,9,54,4,0
5,10,29.0,318,2,7,1,5,6,0,16
5,1,11.0,111,1,7,1,6,7,0,9
5,1,13.0,207,4,10,1,3,44,0,25
5,1,13.0,207,4,13,1,12,17,4,25
5,1,13.0,207,4,19,2,8,27,0,25
5,1,18.0,82,1,11,0,10,22,3,0
5,1,18.0,82,1,14,1,1,35,1,0
5,1,20.0,151,4,6,1,6,7,0,29
5,8,10.0,71,4,23,0,13,99,1,4
5,8,10.0,71,4,13,1,13,48,4,4
5,8,19.0,280,6,11,2,6,7,0,10
5,7,20.0,266,5,11,1,11,124,1,29
5,7,25.0,41,2,22,0,10,22,1,13
5,7,26.0,316,4,22,1,5,64,1,3
5,7,27.0,53,5,21,0,15,39,1,15
5,3,11.0,337,6,10,0,0,15,1,9
5,3,11.0,337,6,4,0,2,69,0,9
5,5,1.0,109,5,13,1,12,135,4,7
5,5,1.0,109,5,13,0,16,74,1,7
5,5,1.0,109,5,1,0,10,22,2,7
5,5,4.0,114,0,22,1,14,97,4,30
5,5,10.0,155,3,20,1,4,82,1,4
5,5,19.0,146,1,5,2,5,6,0,10
5,6,20.0,215,6,21,1,3,70,0,29
5,6,20.0,215,6,3,0,5,6,3,29
5,0,8.0,9,1,0,1,0,26,1,8
5,0,8.0,9,1,7,1,4,121,1,8
5,0,15.0,190,1,17,2,3,70,3,1
5,9,9.0,320,0,8,1,12,61,1,12
5,7,5.0,204,4,12,0,0,12,0,24
5,0,5.0,122,6,16,0,1,1,4,24
4,5,5.0,96,2,17,0,4,45,0,24
5,5,1.0,109,5,10,0,9,93,1,7
4,7,3.0,269,2,6,1,14,110,2,27
4,6,13.0,317,3,0,1,13,48,0,25
5,3,26.0,343,3,8,0,2,3,2,3
5,8,2.0,77,2,2,1,16,50,1,22
5,6,1.0,158,0,17,1,0,77,0,7
4,7,4.0,186,4,13,1,4,138,1,30
4,7,13.0,238,6,3,1,0,53,0,25
5,5,17.0,212,3,3,2,13,21,3,6
5,0,24.0,55,4,21,1,1,11,0,14
5,6,9.0,236,1,3,1,2,2,1,12
5,10,12.0,333,3,7,3,14,125,2,28
5,7,9.0,273,0,9,1,10,43,4,12
5,10,2.0,358,4,9,1,14,97,4,22
5,11,18.0,332,3,12,0,13,61,3,0
5,9,18.0,359,2,16,1,5,0,1,0
5,10,20.0,223,0,14,1,6,7,4,29
5,1,1.0,203,6,14,1,3,30,4,7
4,8,21.0,46,1,1,1,3,103,4,21
5,6,2.0,352,1,8,0,0,64,2,22
4,11,7.0,253,4,19,1,9,102,4,11
4,5,17.0,212,0,4,1,11,124,4,6
5,0,25.0,281,5,20,0,13,48,0,13
4,4,3.0,279,3,18,0,3,30,3,27
4,6,17.0,244,4,8,3,9,134,3,6
4,1,19.0,29,4,2,3,13,38,3,10
5,9,14.0,106,6,14,0,6,7,0,5
5,5,22.0,163,5,16,1,16,37,0,26
4,9,8.0,90,0,12,1,15,46,0,8
4,10,2.0,358,5,6,1,11,122,1,22
4,10,31.0,135,6,9,2,9,93,3,20
4,1,5.0,219,4,20,2,6,128,3,24
4,1,5.0,219,4,18,0,2,2,3,24
4,1,23.0,69,0,8,1,11,94,0,17
4,1,24.0,64,1,14,2,12,100,3,14
4,8,4.0,299,6,11,2,10,47,3,30
4,8,7.0,70,1,6,0,2,86,3,11
4,7,30.0,42,1,12,0,5,6,0,19
4,3,12.0,104,0,14,1,7,129,1,28
4,3,21.0,338,2,16,0,7,20,3,21
4,3,21.0,338,2,14,1,14,88,4,21
4,3,22.0,166,4,5,0,0,12,1,26
4,3,22.0,166,4,8,1,10,22,1,26
4,5,23.0,168,3,21,1,16,50,0,17
4,5,23.0,168,3,8,1,4,136,4,17
4,5,28.0,259,5,16,1,0,64,0,18
4,5,28.0,259,5,15,1,1,35,4,18
5,1,28.0,300,5,17,0,8,41,1,18
5,8,28.0,224,0,12,1,8,9,0,18
5,4,5.0,235,0,1,1,5,64,1,24
4,10,2.0,358,5,1,3,14,131,3,22
5,0,2.0,47,2,2,2,0,68,3,22
5,10,14.0,174,1,8,0,10,47,1,5
4,4,2.0,141,6,20,1,12,58,4,22
4,8,3.0,363,5,2,1,14,131,4,27
5,3,5.0,324,3,19,1,11,90,0,24
5,3,7.0,289,1,15,1,1,59,4,11
5,2,16.0,220,0,12,1,6,7,1,2
4,11,8.0,283,5,16,1,14,34,0,8
4,11,8.0,283,5,8,0,14,125,2,8
4,11,18.0,332,0,20,1,10,22,1,0
4,11,14.0,147,4,20,0,9,49,4,5
4,11,14.0,147,4,13,2,9,102,3,5
4,11,17.0,110,3,7,0,9,102,1,6
4,11,17.0,110,3,2,2,3,103,0,6
4,11,18.0,332,0,9,0,11,15,2,0
4,11,17.0,110,3,19,1,12,56,4,6
4,11,23.0,232,6,0,1,4,127,0,17
4,11,23.0,232,6,15,1,16,72,1,17
4,11,23.0,232,6,1,1,10,12,0,17
4,11,17.0,110,3,5,1,13,48,1,6
4,11,26.0,364,1,14,1,9,83,4,3
4,11,26.0,364,1,18,1,0,53,1,3
4,9,9.0,320,1,16,0,5,6,0,12
4,9,16.0,107,1,5,2,9,54,3,2
4,9,16.0,107,1,14,2,5,12,1,2
4,9,24.0,272,2,5,2,12,135,1,14
4,7,10.0,329,2,10,0,8,41,1,4
4,3,18.0,165,3,6,1,14,126,4,0
4,5,7.0,349,5,13,1,13,123,1,11
4,5,10.0,155,0,5,2,1,16,3,4
4,6,1.0,158,1,11,1,2,40,1,7
4,10,18.0,246,3,16,2,0,12,3,0
4,10,18.0,246,3,11,0,13,36,1,0
4,10,18.0,246,3,22,2,10,6,3,0
5,4,31.0,67,6,21,0,10,22,1,20
5,2,23.0,230,0,1,2,15,108,3,17
5,0,7.0,15,0,17,1,5,12,1,11
5,0,7.0,15,0,6,0,10,12,3,11
5,0,7.0,15,0,0,1,0,0,0,11
5,0,8.0,9,1,3,2,10,52,1,8
5,0,9.0,48,2,20,0,2,69,0,12
5,0,8.0,9,1,9,1,1,105,0,8
5,0,15.0,190,1,9,1,10,12,2,1
5,0,24.0,55,4,16,2,4,4,4,14
4,6,13.0,317,3,22,2,2,86,1,25
5,7,4.0,186,2,12,1,11,8,0,30
4,6,15.0,49,1,21,1,4,45,0,1
5,0,24.0,55,4,0,0,9,83,3,14
5,0,5.0,122,6,1,2,2,69,3,24
4,4,22.0,152,5,1,1,2,92,4,26
4,5,11.0,326,1,19,1,11,55,2,9
4,3,5.0,324,0,19,2,14,25,3,24
5,7,22.0,211,3,18,0,15,96,0,26
4,11,6.0,252,2,20,0,8,9,1,23
4,3,11.0,337,3,20,1,13,48,0,9
5,0,22.0,241,1,17,0,3,103,3,26
4,5,23.0,168,3,21,1,13,28,0,17
4,4,22.0,152,5,14,1,12,17,1,26
4,6,20.0,215,3,15,0,10,47,0,29
5,0,15.0,190,1,17,0,10,47,0,1
5,7,31.0,43,1,1,0,5,12,2,20
4,10,8.0,213,4,13,0,15,46,4,8
4,3,19.0,138,0,7,0,9,57,2,10
4,11,2.0,265,6,2,0,10,22,0,22
4,5,28.0,259,5,12,0,14,25,0,18
5,5,23.0,168,6,9,0,1,59,3,17
4,5,10.0,155,0,15,1,4,75,4,4
4,5,10.0,155,0,4,1,2,86,0,4
5,1,23.0,69,3,16,2,0,26,0,17
5,1,8.0,62,6,1,1,7,20,1,8
5,8,17.0,74,4,4,0,2,69,1,6
5,8,25.0,86,5,2,1,14,34,4,13
5,4,6.0,176,1,17,0,0,85,0,23
5,4,6.0,176,1,1,1,12,58,4,23
5,4,8.0,292,4,21,1,4,66,0,8
5,2,15.0,130,3,8,1,1,105,4,1
5,9,8.0,90,3,4,2,13,99,0,8
5,8,18.0,75,5,19,1,13,99,4,0
5,6,1.0,158,0,17,0,11,15,1,7
5,0,31.0,290,4,1,0,10,52,1,20
4,9,21.0,362,3,4,1,3,115,0,21
4,7,13.0,238,6,1,1,10,43,0,25
4,3,6.0,303,1,13,1,10,52,1,23
5,3,3.0,182,5,2,1,5,6,2,27
5,3,3.0,182,5,3,2,16,50,2,27
5,5,26.0,37,1,13,1,12,61,1,3
4,7,21.0,81,3,5,1,14,131,4,21
5,7,1.0,98,3,3,0,8,9,2,7
5,5,18.0,195,0,18,1,12,100,4,0
4,5,21.0,351,5,18,1,14,34,1,21
5,6,9.0,236,1,2,1,6,7,2,12
5,0,12.0,113,6,13,1,10,47,1,28
5,11,25.0,88,3,4,1,13,99,2,13
4,9,21.0,362,3,12,2,7,20,1,21
4,10,5.0,336,0,14,0,11,18,1,24
5,3,26.0,343,3,15,0,5,6,2,3
4,5,31.0,196,0,15,1,7,78,4,20
4,6,14.0,173,0,0,1,1,11,0,5
4,6,14.0,173,0,21,0,10,47,3,5
4,6,22.0,185,1,5,1,5,6,0,26
4,6,28.0,309,0,2,0,10,47,3,18
4,6,30.0,145,2,11,0,0,77,1,19
4,6,22.0,185,1,1,1,15,114,1,26
4,10,13.0,346,1,15,0,0,26,2,25
4,10,21.0,341,2,0,1,0,96,0,21
4,10,29.0,318,4,20,0,11,15,2,16
4,1,15.0,1,3,6,2,13,36,0,1
4,1,15.0,1,3,3,2,6,89,3,1
4,8,23.0,102,4,16,1,4,4,1,17
4,8,23.0,102,4,10,1,10,47,0,17
4,8,29.0,301,2,10,1,0,26,0,16
4,4,6.0,176,2,6,2,7,111,3,23
4,4,6.0,176,2,18,0,0,12,0,23
4,4,13.0,221,2,3,1,10,22,2,25
4,6,3.0,99,4,2,2,8,27,3,27
4,6,7.0,169,0,17,0,12,61,3,11
4,6,7.0,169,0,9,0,16,50,3,11
5,3,1.0,180,2,21,1,5,6,0,7
5,3,17.0,54,5,11,1,12,61,4,6
5,5,2.0,307,6,13,0,5,6,3,22
5,5,10.0,155,3,8,0,10,22,2,4
5,5,12.0,327,1,22,0,15,77,3,28
5,5,20.0,214,2,20,0,0,64,2,29
5,5,20.0,214,2,15,0,14,107,3,29
5,5,20.0,214,2,19,0,5,12,3,29
4,11,25.0,88,0,23,1,8,33,0,13
5,7,20.0,266,5,13,1,10,47,1,29
5,5,28.0,259,4,6,1,15,51,1,18
5,6,20.0,215,6,5,2,6,7,0,29
5,7,17.0,95,1,12,1,13,48,4,6
5,10,13.0,346,0,17,1,5,6,1,25
5,10,21.0,341,1,16,0,5,12,3,21
5,10,28.0,216,1,19,0,5,6,2,18
5,1,2.0,171,3,19,2,5,47,3,22
5,1,12.0,353,2,5,1,2,2,0,28
5,1,19.0,29,2,9,0,13,28,0,10
5,8,4.0,299,5,21,2,10,12,3,30
5,8,4.0,299,5,6,1,13,28,0,30
5,8,3.0,363,4,21,1,6,14,4,27
5,8,5.0,101,6,12,0,15,96,0,24
5,8,5.0,101,6,20,1,1,35,4,24
5,8,29.0,301,1,0,0,10,47,0,16
5,8,29.0,301,1,21,0,8,9,1,16
5,4,5.0,235,0,4,0,4,4,3,24
5,4,13.0,221,1,22,2,3,103,0,25
5,4,20.0,115,1,1,1,11,15,4,29
5,4,30.0,139,5,2,2,13,48,3,19
5,2,4.0,254,2,9,0,3,44,1,30
5,2,12.0,128,4,17,1,6,91,0,28
5,0,3.0,334,4,0,1,0,0,0,27
5,0,4.0,229,5,17,1,3,30,2,30
5,0,5.0,122,6,21,2,13,48,3,24
4,10,14.0,174,2,9,0,16,113,3,5
4,0,21.0,287,1,19,1,0,0,1,21
5,5,12.0,327,1,1,1,11,129,4,28
4,3,19.0,138,0,21,1,10,22,0,10
4,11,22.0,250,5,12,2,9,87,0,26
4,3,1.0,180,4,9,0,14,32,4,7
5,3,24.0,357,5,4,0,2,69,3,14
4,1,20.0,151,5,9,0,1,11,4,29
4,3,19.0,138,0,15,1,10,47,1,10
5,5,19.0,146,1,0,0,16,50,3,10
4,9,4.0,295,4,16,1,4,75,1,30
4,11,6.0,252,2,6,1,11,133,0,23
5,5,24.0,58,3,11,1,11,15,4,14
5,4,2.0,141,5,17,0,5,6,3,22
4,1,5.0,219,4,21,0,1,11,4,24
4,5,5.0,96,2,19,0,11,117,0,24
5,5,19.0,146,1,0,1,14,106,0,10
4,9,4.0,295,4,5,1,14,88,4,30
4,11,8.0,283,5,7,1,6,7,0,8
4,11,14.0,147,4,6,1,5,12,0,5
4,11,14.0,147,4,12,1,6,7,4,5
4,9,15.0,226,0,6,0,8,27,1,1
4,7,10.0,329,2,7,1,1,1,0,4
4,7,9.0,273,1,12,1,3,115,0,12
4,3,2.0,120,5,5,1,15,114,4,22
4,3,8.0,148,4,19,1,9,49,1,8
4,5,7.0,349,5,2,0,4,5,0,11
4,5,8.0,199,6,11,0,5,6,3,8
4,5,8.0,199,6,3,1,13,28,1,8
4,5,18.0,195,1,17,1,0,77,2,0
4,5,19.0,146,2,0,0,0,53,3,10
4,6,1.0,158,1,6,0,11,90,1,7
4,6,24.0,31,4,6,0,0,64,4,14
4,10,18.0,246,3,22,2,13,21,3,0
4,10,26.0,61,0,6,1,10,12,1,3
4,1,2.0,171,0,15,0,10,47,0,22
4,1,3.0,188,1,18,2,3,44,0,27
4,2,22.0,209,0,22,2,1,81,3,26
4,10,1.0,208,4,15,1,11,117,1,7
4,7,8.0,94,0,17,1,10,47,0,8
4,7,27.0,53,6,1,0,3,70,1,15
4,5,9.0,206,3,9,1,10,52,1,12
4,1,9.0,50,0,0,1,6,91,0,12
4,1,11.0,111,2,16,0,10,22,3,9
4,1,16.0,2,0,5,1,13,99,4,2
4,1,16.0,2,0,20,1,11,18,1,2
4,1,25.0,65,2,15,0,2,13,0,13
4,8,2.0,77,4,14,2,9,101,3,22
4,8,11.0,306,6,17,1,4,121,0,9
4,8,11.0,306,6,19,0,0,15,2,9
4,4,9.0,18,6,0,1,0,68,0,12
4,11,18.0,332,0,12,1,11,15,1,0
5,8,6.0,87,3,10,1,0,12,0,23
5,8,17.0,74,4,9,1,14,25,4,6
5,8,23.0,102,2,0,1,10,47,0,17
5,4,8.0,292,4,16,0,5,64,0,8
5,4,8.0,292,4,16,0,5,12,1,8
5,4,9.0,18,5,21,0,7,78,4,12
5,2,15.0,130,3,0,0,5,6,0,1
5,2,15.0,130,3,7,2,10,22,1,1
5,0,8.0,9,1,6,0,3,76,1,8
5,0,8.0,9,1,0,0,0,12,1,8
5,0,9.0,48,2,0,2,12,61,1,12
5,0,16.0,11,2,5,0,10,47,3,2
5,0,24.0,55,4,19,2,8,19,3,14
4,11,6.0,252,2,17,0,2,86,1,23
4,11,6.0,252,2,17,1,16,74,2,23
4,11,14.0,147,4,22,1,11,55,4,5
4,11,18.0,332,0,14,2,10,43,0,0
5,10,31.0,135,5,8,0,8,33,2,20
5,1,8.0,62,6,21,0,2,69,3,8
5,1,14.0,183,5,19,2,15,31,0,5
5,1,15.0,1,6,13,0,10,47,3,1
5,1,17.0,63,0,9,0,15,46,3,6
5,1,22.0,164,6,1,0,14,34,3,26
5,1,23.0,69,3,3,2,10,22,3,17
5,8,24.0,85,4,11,0,9,134,2,14
4,3,29.0,325,4,13,1,9,27,0,16
4,5,12.0,327,2,6,0,15,39,1,28
4,1,7.0,32,6,1,0,5,12,2,11
4,3,4.0,285,3,22,2,2,123,3,30
4,1,4.0,286,2,12,1,9,83,1,30
4,1,13.0,207,5,17,0,0,26,3,25
5,1,21.0,45,5,4,1,0,31,4,21
4,10,31.0,135,6,11,1,4,136,4,20
4,6,4.0,159,5,16,1,10,52,0,30
4,6,7.0,169,0,6,0,3,79,0,11
4,6,12.0,162,6,18,2,6,7,3,28
4,6,13.0,317,3,13,1,12,84,4,25
4,6,20.0,215,3,17,1,13,99,1,29
4,10,6.0,242,1,16,0,0,26,3,23
4,10,31.0,135,6,14,0,12,80,3,20
4,1,21.0,45,6,9,0,5,47,3,21
4,8,5.0,101,3,18,0,3,79,1,24
5,0,3.0,334,4,23,1,0,77,1,27
4,9,4.0,295,4,2,0,11,58,3,30
4,9,4.0,295,4,8,2,5,12,0,30
4,9,27.0,179,6,21,2,5,6,0,15
4,1,21.0,45,6,0,1,2,13,0,21
4,3,19.0,138,0,10,1,16,113,0,10
4,9,14.0,106,3,11,1,0,53,1,5
4,5,5.0,96,2,14,0,13,69,2,24
5,6,23.0,84,1,15,1,7,120,4,17
4,1,14.0,183,6,3,1,13,21,1,5
4,9,14.0,106,3,19,2,3,79,2,5
5,0,4.0,229,5,14,1,14,126,4,30
4,7,13.0,238,6,18,1,10,22,0,25
5,8,17.0,74,4,13,2,6,89,3,6
4,5,31.0,196,0,20,1,2,71,4,20
5,5,19.0,146,1,12,0,16,37,1,10
5,6,25.0,39,4,21,1,6,7,0,13
4,9,27.0,179,6,15,2,8,19,0,15
4,8,21.0,46,1,7,0,8,27,3,21
5,8,25.0,86,5,5,2,13,28,0,13
4,2,24.0,22,2,8,0,15,108,3,14
4,5,31.0,196,0,17,1,4,121,0,20
5,6,25.0,39,4,22,1,6,7,4,13
4,3,12.0,104,0,9,2,13,21,2,28
5,5,19.0,146,1,13,1,15,31,4,10
5,1,21.0,45,5,17,0,2,2,3,21
5,8,25.0,86,5,1,0,11,18,1,13
5,4,31.0,67,6,4,0,10,43,1,20
5,2,17.0,6,1,14,1,5,6,0,6
5,0,24.0,55,4,4,0,14,25,1,14
4,11,17.0,110,3,12,2,2,86,3,6
4,11,17.0,110,3,2,1,8,9,4,6
4,9,9.0,320,1,1,2,15,46,3,12
4,9,16.0,107,1,22,2,11,94,3,2
4,7,10.0,329,2,0,0,0,12,0,4
4,11,23.0,232,6,0,1,0,0,0,17
4,11,23.0,232,6,3,1,0,0,0,17
4,11,23.0,232,6,1,0,8,41,3,17
4,11,23.0,232,6,1,0,13,21,1,17
4,9,9.0,320,1,8,1,5,12,1,12
4,5,27.0,328,4,16,1,1,105,0,15
4,1,20.0,151,5,12,0,5,0,3,29
4,5,6.0,277,4,15,0,0,64,2,23
5,0,28.0,249,0,12,1,11,10,4,18
5,0,12.0,113,6,13,3,3,30,0,28
4,7,11.0,197,4,5,1,9,93,4,9
5,10,30.0,157,4,15,0,9,49,4,19
4,9,8.0,90,0,23,1,10,23,1,8
4,9,8.0,90,0,22,1,9,101,4,8
4,7,17.0,95,2,6,0,5,12,0,6
4,7,17.0,95,2,12,1,11,124,0,6
4,1,18.0,82,2,14,0,1,59,4,0
4,8,26.0,278,3,9,1,0,68,0,3
5,10,22.0,314,2,9,2,6,7,3,26
4,3,1.0,180,4,8,0,10,52,3,7
4,3,17.0,54,6,4,1,5,6,2,6
4,5,14.0,36,5,12,0,8,9,3,5
4,10,23.0,247,5,3,1,14,24,1,17
4,5,21.0,351,5,3,1,10,43,2,21
4,10,5.0,336,0,9,0,16,74,4,24
4,4,13.0,221,2,9,0,9,63,4,25
4,4,14.0,345,4,23,1,6,73,1,5
4,4,14.0,345,4,18,2,7,78,3,5
4,4,22.0,152,5,8,0,2,86,1,26
4,4,21.0,339,4,13,2,11,94,0,21
4,8,29.0,301,2,6,0,13,28,2,16
4,8,29.0,301,2,14,2,2,86,1,16
4,4,21.0,339,4,10,1,0,53,0,21
5,8,10.0,71,4,1,1,9,57,0,4
4,7,5.0,204,5,7,1,1,1,4,24
3,6,1.0,158,3,9,0,10,43,1,7
5,1,11.0,111,1,9,1,14,32,0,9
0,11,1.0,222,3,17,0,10,12,1,7
5,6,18.0,308,4,13,1,11,117,0,0
4,6,21.0,193,0,12,1,8,27,2,21
4,8,3.0,363,5,6,1,9,95,0,27
4,4,1.0,144,5,9,1,15,46,1,7
4,10,10.0,245,6,19,0,14,24,2,4
5,0,6.0,260,3,4,1,16,130,2,23
4,7,13.0,238,6,12,1,0,31,0,25
4,3,6.0,303,1,15,1,2,3,0,23
5,8,30.0,103,2,14,3,13,48,4,19
4,9,16.0,107,1,12,0,1,81,4,2
4,9,16.0,107,1,14,0,13,4,3,2
4,7,9.0,273,1,7,1,1,67,0,12
4,7,15.0,205,0,21,1,9,87,0,1
4,11,26.0,364,1,13,1,9,27,0,3
4,3,8.0,148,4,14,0,8,19,3,8
4,1,25.0,65,2,15,1,5,64,1,13
4,8,27.0,78,0,17,1,8,9,4,15
4,2,4.0,254,4,11,1,9,95,1,30
4,5,8.0,199,6,6,0,10,23,1,8
4,5,8.0,199,6,10,3,9,10,4,8
4,5,8.0,199,6,5,0,13,21,0,8
4,5,8.0,199,6,3,2,10,22,3,8
4,5,10.0,155,0,17,1,10,47,0,4
4,5,10.0,155,0,12,0,4,127,4,4
4,5,16.0,239,3,12,0,4,75,1,2
4,11,26.0,364,1,7,1,11,15,0,3
4,9,9.0,320,1,3,0,2,69,0,12
4,5,13.0,184,4,9,0,12,83,2,25
4,6,7.0,169,0,16,1,2,86,4,11
4,6,12.0,162,6,23,0,2,123,1,28
4,6,12.0,162,6,14,2,6,73,3,28
4,0,15.0,190,2,19,0,16,74,1,1
5,6,25.0,39,4,21,0,7,62,3,13
4,10,30.0,157,5,19,1,5,64,0,19
5,5,28.0,259,4,6,1,6,7,0,18
5,1,19.0,29,2,4,0,9,87,3,10
4,3,21.0,338,2,12,0,8,118,1,21
5,5,21.0,351,4,11,0,8,27,1,21
5,10,26.0,61,3,2,3,12,56,2,3
5,1,19.0,29,2,14,1,10,47,1,10
4,5,5.0,96,2,17,2,14,32,3,24
5,1,13.0,207,4,13,1,11,129,4,25
5,10,6.0,242,0,16,0,2,86,3,23
4,1,29.0,112,3,17,1,0,26,0,16
5,1,28.0,300,5,6,0,0,53,0,18
5,3,21.0,338,1,0,0,3,70,1,21
4,10,21.0,341,2,9,1,0,0,1,21
5,10,17.0,256,5,16,0,15,39,1,6
4,1,15.0,1,3,18,2,5,0,3,1
5,5,30.0,294,6,9,0,10,47,2,19
4,5,11.0,326,1,16,1,2,2,0,9
5,3,24.0,357,5,7,1,3,30,4,14
5,1,16.0,2,3,6,1,2,123,0,2
5,10,17.0,256,5,0,1,13,28,0,6
5,10,17.0,256,5,8,0,10,12,1,6
5,10,17.0,256,5,13,1,10,22,1,6
5,10,23.0,247,4,4,2,15,51,0,17
4,9,1.0,126,0,20,1,12,56,4,7
4,11,20.0,340,2,12,2,7,20,4,29
4,11,22.0,250,5,7,1,0,0,0,26
4,11,29.0,270,5,1,2,9,54,3,16
4,9,12.0,177,5,9,2,5,12,3,28
4,9,14.0,106,3,1,1,14,110,1,5
5,5,28.0,259,4,6,1,13,48,0,18
5,6,10.0,149,2,4,0,2,2,1,4
5,6,28.0,309,3,16,0,13,99,3,18
5,10,13.0,346,0,17,2,10,47,0,25
5,1,10.0,17,0,23,0,10,22,3,4
5,1,12.0,353,2,3,0,8,41,3,28
5,1,12.0,353,2,8,0,1,1,0,28
5,1,28.0,300,5,1,1,6,14,0,18
5,8,4.0,299,5,8,0,13,38,1,30
5,8,5.0,101,6,10,3,7,62,3,24
5,4,13.0,221,1,16,1,14,97,0,25
5,4,13.0,221,1,11,1,1,1,4,25
5,2,4.0,254,2,9,2,12,61,1,30
5,4,5.0,235,0,3,1,12,17,0,24
5,2,12.0,128,4,1,0,0,12,3,28
5,2,21.0,108,6,21,1,13,99,1,21
4,6,27.0,116,3,14,1,11,133,0,15
4,6,27.0,116,3,1,3,9,134,4,15
5,2,21.0,108,6,19,1,10,22,4,21
5,0,4.0,229,5,5,1,1,1,4,30
5,0,5.0,122,6,19,0,11,117,0,24
4,9,2.0,323,1,7,1,1,1,0,22
4,9,2.0,323,1,14,0,7,111,1,22
5,5,10.0,155,3,17,1,0,12,1,4
4,9,3.0,217,2,13,2,4,45,0,27
5,0,3.0,334,4,5,2,1,105,0,27
5,0,4.0,229,5,9,1,6,7,0,30
5,0,22.0,241,1,0,0,0,15,1,26
4,11,29.0,270,5,10,1,0,53,0,16
4,9,3.0,217,2,21,0,5,64,2,27
4,9,4.0,295,4,5,0,11,8,1,30
4,9,4.0,295,4,9,1,14,126,4,30
4,9,12.0,177,5,20,1,10,43,4,28
4,9,14.0,106,3,6,0,2,86,0,5
4,9,14.0,106,3,20,1,12,121,1,5
4,7,6.0,93,6,9,0,13,121,3,23
4,7,30.0,42,1,19,2,1,59,3,19
4,9,1.0,126,0,20,1,10,22,1,7
5,10,31.0,135,5,20,1,2,71,4,20
5,1,8.0,62,6,15,0,11,18,1,8
5,1,16.0,2,3,8,0,0,77,3,2
5,1,16.0,2,3,1,0,1,67,3,2
5,1,16.0,2,3,9,2,0,31,0,2
5,9,13.0,91,5,9,0,13,21,4,25
5,9,15.0,226,3,15,2,1,59,0,1
5,9,15.0,226,3,8,0,0,64,2,1
5,7,16.0,40,0,0,2,13,48,1,2
5,7,22.0,211,3,4,0,13,48,3,26
5,7,22.0,211,3,19,1,15,39,0,26
5,7,31.0,43,1,16,1,3,103,0,20
5,3,8.0,148,2,6,1,8,19,0,8
5,3,21.0,338,1,17,1,10,23,0,21
5,5,7.0,349,4,17,1,8,9,0,11
5,5,7.0,349,4,11,0,10,22,3,11
5,3,14.0,33,1,17,2,5,64,1,5
5,11,18.0,332,3,14,1,9,93,4,0
5,5,26.0,37,1,18,0,6,89,1,3
4,3,3.0,182,6,22,1,16,50,0,27
4,3,5.0,324,0,15,0,10,47,1,24
4,7,3.0,269,2,11,2,13,99,0,27
4,3,11.0,337,3,3,0,0,31,2,9
4,3,12.0,104,0,0,1,9,93,0,28
4,3,21.0,338,2,12,0,5,6,3,21
4,3,21.0,338,2,18,0,1,1,1,21
4,3,30.0,304,5,5,1,14,126,4,19
5,6,6.0,83,6,8,1,10,47,0,23
4,6,3.0,99,4,1,0,0,96,3,27
5,5,7.0,349,4,2,0,9,57,3,11
5,11,23.0,232,5,1,2,9,101,0,17
4,8,22.0,354,2,23,0,1,11,0,26
5,10,14.0,174,1,1,1,7,129,2,5
5,11,30.0,170,5,23,1,13,99,1,19
5,5,13.0,184,2,16,0,7,20,4,25
4,8,22.0,354,2,2,1,11,133,0,26
5,1,28.0,300,5,19,1,6,14,0,18
4,6,4.0,159,5,5,0,5,64,0,30
5,11,30.0,170,5,7,1,1,67,0,19
5,5,13.0,184,2,16,1,13,48,0,25
4,8,23.0,102,4,10,2,11,18,3,17
5,1,29.0,112,6,13,1,1,1,4,16
4,6,7.0,169,0,6,1,13,69,0,11
4,11,23.0,232,6,16,1,0,12,0,17
5,5,13.0,184,2,18,0,9,87,0,25
5,5,11.0,326,0,12,1,0,0,0,9
5,8,3.0,363,4,21,1,0,15,2,27
5,9,16.0,107,0,0,1,5,64,0,2
4,6,7.0,169,0,22,1,4,127,1,11
5,5,23.0,168,6,1,1,4,138,1,17
4,7,29.0,268,0,14,1,11,18,0,16
5,8,4.0,299,5,8,2,10,22,1,30
5,9,16.0,107,0,4,1,9,83,4,2
4,6,12.0,162,6,11,0,14,107,1,28
4,6,12.0,162,6,14,0,15,108,1,28
4,6,12.0,162,6,16,1,2,13,0,28
4,6,15.0,49,1,18,0,13,13,1,1
4,6,20.0,215,3,11,1,5,64,1,29
4,6,20.0,215,3,9,1,10,52,4,29
4,6,20.0,215,3,9,2,14,107,3,29
4,6,20.0,215,3,18,1,10,47,1,29
4,6,29.0,335,1,21,0,1,11,3,16
4,10,14.0,174,2,3,3,12,56,3,5
5,2,15.0,130,3,18,1,5,12,0,1
5,2,17.0,6,1,7,2,14,24,1,6
5,2,17.0,6,1,13,0,1,59,1,6
5,2,17.0,6,1,13,1,0,0,4,6
5,0,7.0,15,0,16,1,8,19,0,11
5,0,8.0,9,1,19,0,5,6,0,8
5,0,9.0,48,2,21,1,10,52,1,12
5,0,9.0,48,2,3,2,13,28,4,12
5,0,9.0,48,2,8,1,0,15,1,12
5,0,15.0,190,1,14,1,6,7,1,1
5,0,15.0,190,1,18,0,1,11,4,1
4,11,6.0,252,2,21,1,10,47,0,23
5,11,20.0,340,1,23,0,12,121,1,29
5,11,23.0,232,5,4,0,12,121,3,17
5,11,23.0,232,5,1,0,10,47,2,17
5,9,7.0,271,6,4,0,15,39,1,11
5,9,15.0,226,3,4,0,7,111,2,1
5,9,15.0,226,3,1,1,8,65,1,1
5,9,15.0,226,3,1,0,13,29,1,1
5,9,16.0,107,0,4,1,12,83,4,2
5,9,21.0,362,6,6,1,14,32,0,21
5,7,5.0,204,4,12,1,9,10,0,24
5,7,6.0,93,5,16,1,13,28,0,23
5,7,22.0,211,3,7,1,13,29,2,26
5,3,6.0,303,0,11,0,10,23,1,23
4,2,20.0,264,6,21,1,1,105,0,29
4,2,20.0,264,6,18,0,5,12,3,29
4,3,18.0,165,3,12,1,10,22,2,0
4,5,16.0,239,3,12,1,11,133,0,2
5,1,27.0,262,4,5,0,3,44,4,15
5,4,28.0,218,2,22,1,10,12,1,18
5,7,8.0,94,3,13,1,15,46,2,8
5,8,12.0,284,6,8,0,13,38,2,28
4,3,29.0,325,4,5,1,10,43,2,16
4,5,14.0,36,5,17,1,0,31,0,5
5,3,3.0,182,5,17,1,6,7,4,27
5,5,18.0,195,0,23,1,3,79,4,0
4,7,4.0,186,4,4,2,11,117,2,30
5,11,25.0,88,3,4,2,9,95,3,13
5,1,1.0,203,6,2,0,6,128,3,7
5,10,1.0,208,2,11,1,8,9,4,7
4,3,29.0,325,4,4,1,9,109,0,16
4,3,29.0,325,4,1,1,1,67,0,16
4,10,14.0,174,2,15,1,12,80,1,5
4,10,14.0,174,2,22,0,6,7,3,5
5,10,18.0,246,6,0,1,5,12,1,0
4,11,22.0,250,5,3,1,3,76,1,26
4,10,31.0,135,6,1,2,10,52,3,20
4,5,11.0,326,1,20,0,6,89,4,9
4,5,13.0,184,4,14,2,6,132,3,25
4,5,20.0,214,4,12,1,15,114,1,29
4,5,23.0,168,3,3,0,2,40,3,17
4,5,28.0,259,5,16,1,6,7,0,18
4,6,3.0,99,4,16,2,5,12,3,27
4,5,20.0,214,4,13,0,2,86,1,29
4,6,4.0,159,5,2,2,6,132,3,30
4,6,12.0,162,6,20,0,14,25,1,28
4,10,14.0,174,2,3,0,11,133,0,5
4,10,14.0,174,2,12,0,13,36,0,5
4,1,5.0,219,4,22,0,0,64,2,24
4,1,5.0,219,4,18,0,10,22,3,24
4,1,24.0,64,1,3,2,9,102,3,14
4,8,13.0,189,0,13,0,15,108,4,25
5,8,3.0,363,4,12,2,5,0,3,27
5,7,16.0,40,0,23,1,16,130,0,2
5,6,13.0,317,6,14,0,8,9,3,25
5,8,5.0,101,6,13,1,9,63,4,24
5,7,16.0,40,0,8,0,3,30,4,2
5,4,29.0,313,4,4,2,8,27,1,16
5,6,8.0,59,0,12,3,1,16,3,8
5,7,21.0,81,6,2,2,7,111,0,21
5,6,23.0,84,1,0,1,2,92,2,17
5,4,30.0,139,5,18,1,15,31,1,19
5,7,23.0,202,0,6,0,0,26,0,17
5,2,4.0,254,2,12,1,13,99,4,30
5,6,30.0,145,1,20,1,7,78,1,19
5,7,31.0,43,1,3,2,7,129,0,20
5,0,3.0,334,4,22,0,13,21,1,27
5,10,23.0,247,4,11,1,10,22,1,17
5,7,31.0,43,1,13,2,7,122,0,20
5,0,3.0,334,4,3,0,9,9,4,27
5,10,31.0,135,5,22,0,2,86,1,20
5,5,13.0,184,2,16,1,7,20,0,25
5,5,23.0,168,6,17,0,2,2,3,17
5,7,7.0,293,6,19,3,13,38,4,11
4,7,25.0,41,4,13,1,15,114,1,13
4,8,10.0,71,5,2,1,0,64,0,4
5,2,9.0,21,0,13,0,5,64,0,12
5,9,24.0,272,1,11,0,10,23,1,14
5,11,12.0,118,0,22,0,2,3,2,28
5,4,20.0,115,1,7,1,0,31,4,29
5,4,20.0,115,1,3,0,9,134,4,29
5,4,20.0,115,1,5,3,7,137,4,29
5,4,30.0,139,5,19,0,4,66,2,19
4,6,7.0,169,0,21,0,0,85,1,11
5,7,20.0,266,5,9,0,10,43,1,29
5,5,12.0,327,1,22,1,13,29,4,28
5,2,12.0,128,4,6,0,6,128,1,28
5,2,12.0,128,4,18,2,10,22,3,28
5,3,11.0,337,6,21,2,10,22,3,9
5,3,17.0,54,5,9,2,9,102,3,6
5,5,1.0,109,5,11,0,2,86,4,7
5,5,1.0,109,5,3,2,8,27,2,7
5,5,2.0,307,6,23,0,8,65,4,22
5,5,2.0,307,6,8,0,2,123,0,22
4,10,29.0,318,4,22,2,10,43,0,16
4,10,30.0,157,5,12,0,9,93,0,19
4,8,22.0,354,2,18,0,5,12,3,26
4,8,29.0,301,2,14,3,5,64,3,16
4,4,6.0,176,2,16,0,4,121,3,23
4,4,8.0,292,5,1,0,1,59,3,8
4,4,30.0,139,6,15,0,2,2,3,19
5,5,27.0,328,2,14,1,13,38,0,15
5,1,11.0,111,1,11,3,8,33,0,9
5,3,4.0,285,6,18,2,10,47,0,30
4,9,13.0,91,6,13,1,14,32,1,25
0,6,1.0,158,4,11,0,6,14,1,7
5,5,2.0,307,6,12,2,2,92,3,22
5,5,3.0,161,3,13,1,14,25,1,27
5,5,3.0,161,3,2,0,10,22,3,27
4,10,6.0,242,1,17,1,11,90,1,23
5,5,4.0,114,0,12,2,6,91,3,30
5,5,12.0,327,1,21,1,0,26,0,28
5,5,29.0,24,5,22,0,1,11,3,16
5,10,3.0,310,5,7,2,5,6,3,27
5,10,28.0,216,1,17,1,9,93,4,18
5,1,2.0,171,3,22,1,9,57,4,22
5,1,10.0,17,0,11,1,12,100,4,4
5,1,12.0,353,2,11,1,14,32,4,28
5,1,19.0,29,2,11,0,5,12,3,10
5,1,28.0,300,5,22,2,12,56,3,18
5,11,3.0,288,6,17,1,12,135,1,27
5,11,3.0,288,6,7,0,13,99,1,27
5,11,26.0,364,0,4,1,15,108,1,3
5,9,19.0,234,4,22,2,0,53,3,10
5,6,13.0,317,6,23,1,0,53,0,25
5,6,30.0,145,1,17,1,13,99,4,19
5,10,6.0,242,0,10,1,15,112,4,23
5,10,17.0,256,5,8,1,1,16,1,6
4,6,11.0,355,5,12,2,16,113,3,9
5,7,2.0,160,0,14,0,6,7,2,22
5,7,10.0,329,1,16,2,14,24,0,4
5,3,1.0,180,2,2,1,11,18,0,7
5,3,1.0,180,2,13,0,2,86,2,7
5,7,26.0,316,4,3,1,9,134,1,3
5,5,2.0,307,6,8,2,16,74,1,22
4,9,13.0,91,6,3,0,0,26,1,25
5,7,12.0,181,4,14,0,11,18,2,28
3,4,1.0,144,2,17,0,2,86,1,7
5,10,17.0,256,5,11,1,0,26,1,6
5,0,5.0,122,6,22,1,1,59,4,24
5,8,23.0,102,2,7,1,5,6,0,17
5,0,5.0,122,6,15,2,16,50,3,24
5,8,23.0,102,2,3,1,14,25,2,17
5,4,8.0,292,4,9,1,7,120,4,8
5,0,22.0,241,1,22,0,13,48,0,26
4,11,20.0,340,2,3,0,6,132,4,29
4,9,3.0,217,2,13,0,8,33,1,27
4,9,4.0,295,4,14,2,7,111,0,30
4,11,16.0,225,6,11,0,2,69,1,2
4,7,16.0,40,1,7,1,5,12,1,2
4,10,11.0,298,3,4,1,9,83,1,9
5,10,30.0,157,4,14,2,14,97,0,19
5,4,26.0,80,0,2,1,15,39,0,3
5,2,1.0,16,3,19,1,11,129,4,7
5,11,12.0,118,0,3,0,5,6,2,28
4,7,3.0,269,2,5,0,0,53,3,27
5,2,20.0,264,5,10,1,11,15,0,29
5,2,21.0,108,6,20,0,8,27,4,21
5,0,5.0,122,6,23,0,4,66,1,24
5,0,5.0,122,6,19,1,0,64,1,24
4,11,2.0,265,6,5,1,12,61,1,22
4,11,29.0,270,5,20,1,0,64,0,16
4,9,2.0,323,1,19,1,15,39,0,22
4,9,4.0,295,4,15,0,9,93,0,30
4,9,14.0,106,3,20,2,3,76,0,5
4,9,14.0,106,3,12,0,1,59,1,5
4,9,14.0,106,3,4,1,1,16,4,5
4,7,3.0,269,2,20,0,1,1,1,27
4,7,30.0,42,1,20,0,2,2,1,19
4,7,30.0,42,1,2,0,5,64,0,19
4,3,21.0,338,2,13,0,2,86,1,21
4,5,5.0,96,2,7,1,16,130,0,24
4,5,20.0,214,4,5,2,13,38,3,29
4,6,4.0,159,5,13,0,5,12,0,30
4,6,4.0,159,5,16,1,11,10,0,30
4,6,13.0,317,3,16,0,8,27,3,25
5,8,26.0,278,6,5,1,0,53,1,3
5,4,16.0,25,5,13,1,0,15,4,2
5,9,6.0,51,5,20,1,0,12,1,23
5,4,26.0,80,0,1,0,16,72,0,3
5,2,1.0,16,3,17,1,7,122,1,7
3,3,22.0,166,1,5,0,0,31,1,26
5,10,5.0,336,3,4,1,3,79,0,24
4,6,20.0,215,3,13,1,4,121,1,29
4,6,29.0,335,1,6,0,10,47,2,16
4,10,6.0,242,1,1,0,1,11,1,23
5,8,11.0,306,5,8,0,15,96,3,9
5,4,5.0,235,0,17,2,0,77,3,24
5,4,30.0,139,5,5,1,4,127,1,19
5,4,30.0,139,5,9,0,3,103,3,19
5,2,4.0,254,2,8,1,9,83,4,30
5,2,20.0,264,5,1,2,1,67,3,29
5,2,20.0,264,5,5,1,1,81,4,29
2,2,1.0,143,5,17,0,8,118,4,7
5,0,3.0,334,4,4,0,10,23,1,27
5,0,5.0,122,6,4,0,16,37,0,24
4,11,20.0,340,2,22,2,10,22,2,29
5,3,8.0,148,2,17,1,1,1,1,8
5,6,8.0,59,0,22,1,12,80,4,8
0,8,1.0,66,5,13,0,9,93,1,7
5,1,23.0,69,3,7,0,6,7,0,17
4,10,24.0,261,6,17,1,9,102,0,14
4,9,16.0,107,1,5,0,6,128,1,2
4,9,15.0,226,0,18,1,4,75,1,1
4,9,24.0,272,2,21,1,3,4,0,14
4,7,9.0,273,1,8,0,3,79,3,12
4,7,15.0,205,0,7,1,11,98,0,1
4,7,18.0,154,4,19,0,7,111,0,0
4,3,18.0,165,3,7,1,9,93,0,0
4,5,8.0,199,6,2,2,1,16,3,8
4,5,16.0,239,3,7,2,4,75,0,2
4,10,3.0,310,6,0,1,12,61,0,27
4,6,1.0,158,1,17,0,14,25,1,7
4,10,26.0,61,0,6,1,10,12,0,3
4,10,26.0,61,0,13,0,3,44,3,3
4,5,18.0,195,1,10,0,8,65,1,0
4,5,19.0,146,2,20,0,2,2,1,10
4,6,1.0,158,1,13,1,8,33,0,7
4,6,24.0,31,4,4,2,10,6,3,14
4,10,26.0,61,0,7,1,10,47,0,3
4,10,26.0,61,0,8,1,5,6,1,3
4,1,11.0,111,2,20,0,7,62,0,9
4,1,11.0,111,2,14,0,16,37,4,9
4,8,2.0,77,4,12,1,0,0,1,22
4,8,11.0,306,6,4,2,10,47,0,9
4,8,27.0,78,0,12,2,13,28,3,15
4,8,27.0,78,0,22,1,0,85,0,15
4,4,9.0,18,6,2,2,14,88,0,12
4,4,28.0,218,4,1,0,0,26,3,18
4,2,4.0,254,4,23,0,12,121,4,30
4,2,20.0,264,6,11,0,9,101,0,29
5,11,5.0,240,0,8,1,16,72,2,24
4,11,14.0,147,4,6,1,13,48,0,5
4,11,14.0,147,4,21,1,1,81,0,5
4,11,14.0,147,4,5,1,2,35,4,5
4,11,17.0,110,3,16,1,1,105,0,6
4,11,17.0,110,3,4,2,2,2,3,6
4,9,16.0,107,1,3,0,9,95,1,2
4,7,7.0,293,3,1,1,11,55,4,11
4,7,18.0,154,4,8,2,6,7,0,0
4,7,23.0,202,1,22,0,2,2,0,17
4,3,8.0,148,4,5,0,5,64,2,8
4,5,19.0,146,2,17,0,9,101,0,10
4,5,19.0,146,2,1,1,15,119,4,10
4,6,1.0,158,1,17,1,13,99,4,7
2,5,1.0,307,2,17,0,6,7,1,7
4,5,19.0,146,2,15,0,9,93,1,10
4,3,29.0,325,4,7,1,0,12,2,16
5,6,29.0,335,0,1,3,0,26,3,16
5,4,27.0,274,1,17,0,2,2,1,15
4,11,4.0,275,0,21,1,0,12,2,30
4,10,30.0,157,5,5,1,14,131,4,19
4,4,22.0,152,5,11,1,15,46,0,26
4,1,15.0,1,3,18,0,1,11,1,1
4,2,24.0,22,2,12,0,8,27,2,14
4,0,6.0,260,0,21,1,13,48,0,23
4,0,13.0,198,0,9,0,2,2,1,25
4,0,15.0,190,2,17,3,5,12,3,1
5,8,27.0,78,3,17,1,10,12,1,15
5,4,19.0,142,0,4,1,14,32,4,10
5,1,3.0,188,0,21,0,2,86,1,27
4,7,31.0,43,2,7,1,0,0,0,20
4,5,22.0,163,6,1,1,1,1,0,26
4,4,5.0,235,1,13,1,15,46,0,24
4,6,29.0,335,1,18,1,10,43,1,16
4,10,14.0,174,2,16,0,6,7,3,5
4,10,31.0,135,6,6,1,3,103,4,20
4,1,5.0,219,4,23,2,12,104,3,24
4,1,21.0,45,6,21,1,15,51,0,21
4,1,21.0,45,6,22,2,13,28,3,21
4,1,23.0,69,0,2,0,8,19,3,17
5,1,23.0,69,3,8,0,13,99,1,17
5,8,17.0,74,4,3,1,1,67,4,6
5,4,7.0,133,2,19,3,9,9,3,11
5,4,9.0,18,5,0,0,9,49,0,12
5,4,8.0,292,4,9,3,0,85,3,8
5,4,31.0,67,6,15,2,7,57,2,20
5,4,31.0,67,6,18,1,7,20,4,20
5,2,15.0,130,3,4,0,9,54,1,1
5,2,17.0,6,1,16,1,0,64,2,6
5,2,17.0,6,1,15,2,9,93,3,6
5,2,23.0,230,0,14,2,5,6,0,17
5,0,7.0,15,0,21,1,2,2,0,11
5,0,8.0,9,1,2,2,8,118,3,8
5,0,15.0,190,1,3,1,6,91,1,1
5,0,24.0,55,4,6,0,16,74,0,14
5,0,8.0,9,1,5,1,13,29,1,8
4,3,9.0,44,5,17,0,2,86,1,12
5,0,21.0,287,0,19,1,0,53,4,21
4,3,29.0,325,4,20,1,14,126,4,16
5,6,4.0,159,4,2,0,14,34,0,30
5,10,1.0,208,2,20,1,13,99,4,7
5,1,21.0,45,5,19,1,4,138,4,21
5,8,30.0,103,2,1,1,15,85,4,19
5,11,1.0,222,4,13,0,9,93,1,7
5,4,24.0,27,6,19,1,7,8,4,14
5,7,24.0,68,1,3,3,13,48,2,14
5,11,5.0,240,0,13,1,7,129,1,24
4,4,20.0,115,2,18,0,4,75,1,29
4,4,20.0,115,2,19,1,0,15,0,29
5,8,1.0,66,1,5,0,8,27,1,7
4,9,26.0,267,5,18,1,3,79,0,3
4,8,13.0,189,0,13,1,0,0,4,25
4,8,14.0,296,1,23,1,5,6,0,5
4,8,30.0,103,4,5,1,1,59,1,19
5,2,21.0,108,6,18,1,0,12,2,21
4,9,12.0,177,5,3,1,13,99,1,28
4,7,3.0,269,2,0,3,11,15,3,27
4,7,30.0,42,1,11,1,0,26,2,19
4,6,12.0,162,6,8,1,1,16,4,28
4,6,12.0,162,6,14,2,11,133,3,28
4,10,6.0,242,1,15,0,9,102,0,23
4,10,6.0,242,1,9,1,5,64,1,23
4,10,14.0,174,2,16,1,1,11,4,5
4,11,16.0,225,6,8,1,5,6,2,2
4,1,10.0,17,1,4,0,1,11,0,4
4,6,11.0,355,5,1,1,16,50,0,9
5,10,23.0,247,4,19,1,13,38,4,17
5,10,25.0,56,6,17,0,5,12,1,13
5,10,25.0,56,6,15,0,8,19,3,13
5,1,16.0,2,3,0,1,7,111,4,2
5,1,17.0,63,0,16,1,0,31,0,6
5,1,17.0,63,0,13,1,13,48,4,6
5,1,17.0,63,0,13,1,6,91,4,6
5,8,6.0,87,3,14,0,10,22,3,23
5,8,17.0,74,4,4,0,16,65,3,6
5,8,25.0,86,5,0,1,5,6,0,13
5,4,8.0,292,4,9,0,10,47,1,8
5,4,31.0,67,6,18,0,5,6,3,20
5,4,31.0,67,6,19,0,2,2,1,20
5,2,17.0,6,1,19,0,10,12,0,6
5,2,17.0,6,1,13,1,3,70,1,6
5,0,7.0,15,0,3,2,3,79,0,11
5,0,7.0,15,0,4,1,1,59,4,11
5,9,6.0,51,5,8,0,0,85,3,23
5,9,22.0,92,3,8,1,1,81,1,26
5,9,24.0,272,1,17,1,13,48,0,14
5,9,24.0,272,1,10,1,10,12,0,14
4,9,10.0,156,2,9,1,10,22,1,4
4,10,24.0,261,6,12,2,7,120,3,14
5,2,25.0,233,2,0,1,2,86,0,13
4,6,21.0,193,0,4,1,0,53,0,21
5,7,7.0,293,6,11,2,0,26,3,11
5,7,24.0,68,1,21,1,2,86,1,14
5,7,24.0,68,1,3,2,2,86,3,14
5,3,15.0,35,2,14,0,12,80,3,1
4,6,8.0,59,1,1,0,12,80,1,8
5,5,6.0,277,2,23,1,6,7,0,23
5,5,6.0,277,2,5,1,5,12,0,23
5,5,22.0,163,5,2,0,4,79,3,26
5,5,25.0,350,0,13,1,1,16,4,13
5,5,25.0,350,0,18,2,12,61,1,13
5,5,25.0,350,0,18,0,2,69,3,13
5,6,15.0,49,0,22,0,16,74,3,1
5,6,15.0,49,0,18,0,9,134,2,1
5,10,14.0,174,1,17,1,9,93,4,5
5,10,14.0,174,1,15,2,15,51,1,5
5,8,14.0,296,0,6,0,13,29,4,5
4,5,9.0,206,3,23,0,2,2,1,12
4,5,9.0,206,3,22,0,4,66,0,12
4,5,26.0,37,2,17,0,13,38,3,3
4,4,18.0,26,0,0,2,10,47,3,0
4,5,25.0,350,1,5,1,5,6,1,13
4,6,8.0,59,1,6,2,10,30,3,8
4,6,8.0,59,1,17,1,0,31,1,8
5,6,7.0,169,3,13,1,1,67,4,11
5,10,8.0,213,2,22,1,0,77,4,8
5,1,6.0,97,4,5,1,1,67,1,23
5,1,7.0,32,5,8,1,8,9,1,11
5,4,25.0,20,3,8,2,16,39,0,13
5,2,8.0,258,3,10,1,2,92,1,8
5,2,16.0,220,0,13,0,10,12,3,2
5,2,24.0,22,1,8,1,3,76,1,14
5,0,17.0,12,4,5,1,2,71,4,6
5,0,17.0,12,4,7,1,9,83,1,6
4,11,1.0,222,5,13,1,14,25,0,7
4,11,9.0,311,6,21,2,0,77,0,12
4,11,24.0,194,3,14,2,9,49,3,14
4,9,18.0,359,4,20,1,11,117,0,0
4,9,18.0,359,4,10,1,0,26,0,0
5,8,14.0,296,0,22,0,15,39,0,5
5,6,15.0,49,0,13,1,0,12,1,1
5,8,14.0,296,0,9,0,4,75,4,5
5,8,14.0,296,0,15,1,9,134,4,5
5,8,14.0,296,0,14,1,16,72,0,5
5,4,15.0,132,4,13,0,0,15,0,1
5,2,1.0,16,3,5,2,13,28,2,7
5,2,9.0,21,0,3,0,6,89,1,12
5,0,18.0,0,5,1,0,9,95,4,0
5,0,26.0,14,6,9,1,16,113,0,3
4,9,8.0,90,0,13,0,1,11,4,8
4,6,26.0,348,6,18,3,14,25,3,3
4,10,16.0,201,5,9,0,11,133,2,2
4,9,10.0,156,2,12,0,4,115,3,4
4,9,26.0,267,5,2,0,11,117,0,3
4,9,26.0,267,5,14,1,9,63,4,3
4,7,2.0,160,1,12,2,14,25,0,22
4,7,1.0,98,0,17,1,1,1,0,7
4,7,1.0,98,0,8,0,10,52,1,7
4,7,27.0,53,6,3,1,6,91,4,15
4,3,9.0,44,5,20,1,1,105,4,12
4,3,15.0,35,4,2,2,6,91,3,1
4,3,17.0,54,6,18,2,7,62,3,6
4,3,27.0,361,1,13,1,9,49,1,15
4,3,27.0,361,1,22,0,8,9,1,15
5,0,17.0,12,4,23,1,11,18,1,6
4,7,8.0,94,0,12,0,2,2,1,8
5,10,7.0,243,1,16,0,1,59,4,11
4,11,1.0,222,5,17,0,15,51,1,7
4,7,26.0,316,5,4,1,6,7,0,3
4,3,15.0,35,4,9,2,6,91,3,1
5,6,14.0,173,3,17,1,3,115,4,5
4,9,7.0,271,3,18,1,7,62,0,11
4,3,27.0,361,1,1,1,6,116,0,15
4,5,1.0,109,6,14,2,12,80,3,7
4,5,9.0,206,3,8,1,16,72,4,12
4,5,25.0,350,1,21,1,5,6,0,13
0,8,1.0,66,5,13,0,10,52,1,7
4,5,27.0,328,4,19,0,10,47,0,15
4,5,27.0,328,4,14,2,12,104,3,15
4,7,25.0,41,4,9,2,4,66,2,13
4,3,24.0,357,6,14,2,7,129,3,14
5,11,5.0,240,0,1,2,8,118,3,24
5,11,31.0,227,6,2,0,13,48,1,20
5,9,6.0,51,5,6,0,7,20,0,23
5,9,6.0,51,5,13,2,5,12,0,23
5,9,12.0,177,4,6,1,13,28,0,28
5,9,12.0,177,4,7,1,6,7,0,28
5,9,24.0,272,1,22,2,6,91,0,14
5,5,6.0,277,2,17,0,1,1,4,23
5,9,23.0,167,0,3,1,12,17,4,17
4,10,27.0,302,1,17,0,7,54,3,15
5,7,13.0,238,5,19,0,5,6,0,25
5,4,18.0,26,3,20,0,10,47,1,0
5,3,20.0,105,0,19,3,1,105,3,29
4,6,21.0,193,0,0,1,10,22,0,21
4,4,17.0,19,3,15,1,11,10,4,6
5,10,16.0,201,4,0,2,14,24,0,2
4,1,20.0,151,5,2,2,5,6,0,29
4,10,13.0,346,1,18,0,2,86,4,25
4,4,17.0,19,3,1,0,3,70,3,6
4,1,24.0,64,1,6,0,7,57,3,14
4,6,8.0,59,1,21,0,14,25,2,8
5,1,9.0,50,3,12,1,0,15,4,12
5,10,15.0,60,2,12,2,2,69,0,1
4,1,20.0,151,5,18,0,12,17,3,29
4,10,30.0,157,5,0,1,0,53,0,19
5,1,30.0,100,3,15,1,7,129,2,19
5,7,18.0,154,2,4,1,0,26,1,0
4,3,1.0,180,4,8,0,11,117,3,7
4,3,7.0,289,2,1,0,13,121,3,11
4,3,9.0,44,5,18,1,3,115,0,12
4,3,10.0,4,6,21,1,2,3,0,4
4,3,27.0,361,1,7,1,10,52,0,15
4,7,26.0,316,5,2,2,13,48,0,3
4,3,9.0,44,5,8,0,10,23,1,12
4,3,10.0,4,6,18,1,5,12,0,4
4,3,27.0,361,1,13,1,4,75,1,15
4,5,9.0,206,3,0,1,0,12,0,12
4,5,25.0,350,1,18,2,8,118,1,13
4,5,26.0,37,2,21,2,0,26,3,3
4,5,27.0,328,4,21,1,0,64,0,15
4,6,8.0,59,1,0,1,4,45,0,8
4,6,27.0,116,3,4,0,8,118,4,15
4,10,8.0,213,4,12,1,9,134,2,8
4,10,10.0,245,6,3,0,5,6,3,4
5,5,18.0,195,0,8,1,10,47,0,0
5,7,8.0,94,3,17,0,13,29,4,8
5,11,1.0,222,4,17,0,8,41,1,7
5,10,24.0,261,5,20,2,13,48,3,14
5,10,24.0,261,5,14,0,0,26,3,14
5,10,30.0,157,4,3,1,12,17,4,19
5,8,1.0,66,1,2,2,0,64,0,7
5,8,7.0,70,0,14,1,9,101,4,11
5,8,8.0,76,1,16,1,0,26,0,8
5,8,15.0,72,1,7,2,6,128,3,1
5,8,14.0,296,0,6,1,0,85,2,5
5,8,15.0,72,1,19,2,1,59,0,1
5,4,15.0,132,4,21,1,13,28,1,1
5,4,15.0,132,4,4,0,0,26,2,1
5,4,24.0,27,6,22,1,10,23,1,14
5,0,10.0,129,4,12,0,5,64,2,4
5,0,18.0,0,5,13,2,1,1,0,0
5,0,25.0,281,5,20,0,8,27,0,13
4,10,16.0,201,5,1,0,6,116,3,2
4,8,1.0,66,2,1,1,1,105,0,7
4,5,2.0,307,3,13,1,10,52,1,22
5,0,26.0,14,6,23,1,5,6,0,3
4,11,25.0,88,0,9,2,9,54,3,13
5,7,3.0,269,1,8,1,13,21,1,27
5,2,30.0,131,0,12,2,0,26,1,19
4,9,8.0,90,0,16,2,11,6,2,8
4,9,8.0,90,0,21,1,12,121,0,8
4,3,24.0,357,6,5,0,7,57,4,14
4,3,24.0,357,6,8,1,8,19,4,14
4,3,24.0,357,6,2,0,8,9,1,14
4,3,25.0,347,3,18,0,15,31,1,13
4,3,25.0,347,3,11,1,12,61,4,13
4,5,2.0,307,3,17,2,13,99,1,22
4,6,10.0,149,4,22,0,15,77,3,4
4,6,10.0,149,4,5,0,1,81,1,4
4,6,17.0,244,4,9,2,12,84,0,6
4,6,25.0,39,5,18,0,2,86,1,13
4,10,16.0,201,5,21,2,2,86,1,2
4,10,16.0,201,5,14,0,3,30,3,2
4,4,25.0,20,0,4,3,1,105,3,13
4,2,18.0,7,4,20,1,9,95,4,0
4,10,25.0,56,3,1,0,0,64,3,13
3,7,1.0,98,6,4,0,9,49,1,7
5,5,4.0,114,0,13,1,9,49,1,30
5,10,18.0,246,6,1,3,14,107,2,0
5,2,4.0,254,2,0,1,13,21,4,30
4,6,7.0,169,0,3,1,4,66,4,11
4,6,15.0,49,1,16,1,11,133,4,1
4,6,13.0,317,3,13,2,10,47,3,25
4,2,16.0,220,1,12,2,9,57,0,2
5,0,21.0,287,0,2,1,11,129,4,21
5,0,11.0,10,5,17,1,5,6,0,9
4,10,28.0,216,2,13,0,0,26,3,18
4,10,28.0,216,2,18,0,10,52,3,18
4,1,19.0,29,4,19,0,0,77,1,10
4,1,18.0,82,2,17,2,5,6,3,0
4,1,19.0,29,4,5,1,14,32,4,10
4,8,1.0,66,2,16,2,8,9,3,7
4,9,26.0,267,5,8,0,16,113,2,3
4,7,16.0,40,1,0,0,16,37,3,2
4,7,16.0,40,1,14,0,11,55,3,2
4,7,16.0,40,1,12,1,1,67,4,2
4,7,25.0,41,4,21,1,14,110,0,13
5,7,29.0,268,3,16,1,10,47,0,16
4,6,9.0,236,2,1,0,16,50,1,12
5,1,7.0,32,5,14,0,0,64,3,11
4,10,29.0,318,4,17,0,8,41,3,16
4,1,26.0,248,4,1,2,5,6,3,3
5,1,25.0,65,1,3,0,2,2,3,13
5,7,29.0,268,3,12,0,9,87,2,16
4,6,18.0,308,5,12,2,7,78,0,0
5,1,7.0,32,5,11,1,5,0,2,11
5,8,19.0,280,6,22,0,12,84,1,10
4,1,26.0,248,4,13,2,1,59,1,3
5,7,29.0,268,3,2,2,9,102,3,16
5,8,16.0,73,2,16,1,2,123,0,2
4,6,8.0,59,1,14,0,10,52,1,8
5,1,9.0,50,3,3,0,12,135,1,12
5,11,6.0,252,1,2,0,8,19,1,23
5,3,5.0,324,3,8,0,11,18,2,24
4,8,3.0,363,5,13,2,6,91,2,27
4,6,19.0,291,6,2,0,10,23,1,10
5,8,16.0,73,2,20,2,5,6,3,2
5,8,16.0,73,2,16,0,5,64,3,2
4,10,1.0,208,4,16,0,0,85,0,7
5,11,6.0,252,1,14,0,13,38,1,23
5,3,5.0,324,3,3,1,1,81,4,24
4,8,3.0,363,5,4,1,15,51,1,27
5,5,8.0,199,5,13,1,5,64,4,8
4,6,19.0,291,6,3,1,12,61,1,10
5,8,24.0,85,4,21,1,12,135,0,14
4,10,31.0,135,6,18,0,15,39,3,20
4,10,1.0,208,4,8,0,5,6,2,7
5,9,5.0,89,4,6,2,1,105,3,24
4,8,8.0,76,2,21,0,0,64,3,8
4,10,1.0,208,4,17,0,4,45,3,7
5,5,30.0,294,6,18,0,13,69,1,19
5,8,16.0,73,2,7,1,10,12,2,2
4,1,5.0,219,4,6,1,10,47,1,24
5,8,24.0,85,4,13,1,0,96,2,14
4,10,8.0,213,4,1,1,0,64,0,8
4,8,8.0,76,2,20,1,14,25,4,8
4,10,1.0,208,4,4,0,10,22,3,7
5,5,31.0,196,3,11,1,14,25,4,20
5,8,24.0,85,4,8,1,15,31,4,14
4,1,23.0,69,0,16,1,10,22,4,17
5,4,25.0,20,3,14,0,10,23,1,13
4,10,9.0,150,5,14,1,8,27,0,12
5,9,23.0,167,0,11,0,10,52,3,17
4,11,1.0,222,5,11,0,9,49,1,7
4,10,9.0,150,5,12,0,13,38,3,12
5,6,6.0,83,6,17,0,13,21,1,23
5,6,4.0,159,4,17,1,10,12,0,30
5,4,12.0,134,0,6,1,11,18,1,28
5,4,17.0,19,6,8,1,8,19,1,6
5,0,23.0,237,2,17,1,9,134,4,17
4,11,1.0,222,5,6,0,0,77,0,7
4,11,9.0,311,6,11,1,0,0,1,12
5,5,5.0,96,1,22,0,2,2,3,24
5,6,16.0,38,1,2,1,11,133,4,2
4,11,24.0,194,3,12,1,9,101,4,14
4,9,1.0,126,0,5,0,0,77,1,7
4,9,1.0,126,0,3,1,1,59,1,7
4,9,7.0,271,3,16,1,14,110,0,11
4,3,15.0,35,4,19,2,9,102,3,1
4,5,9.0,206,3,11,1,10,23,1,12
4,5,9.0,206,3,18,2,6,91,3,12
4,5,26.0,37,2,13,1,0,12,2,3
4,5,27.0,328,4,16,1,10,47,0,15
4,6,9.0,236,2,21,1,11,133,0,12
4,6,19.0,291,6,18,2,7,137,0,10
4,10,1.0,208,4,7,1,16,130,0,7
4,10,1.0,208,4,13,0,12,84,0,7
4,10,8.0,213,4,17,0,3,30,1,8
5,3,6.0,303,0,6,1,7,111,2,23
5,5,7.0,349,4,9,0,5,6,0,11
5,6,5.0,342,5,2,1,2,92,0,24
5,6,8.0,59,0,0,1,1,67,1,8
5,1,23.0,69,3,18,1,14,25,0,17
5,8,6.0,87,3,20,0,8,41,1,23
5,2,15.0,130,3,10,1,9,134,4,1
4,4,9.0,18,6,11,1,9,101,4,12
4,4,28.0,218,4,6,1,4,82,0,18
4,2,4.0,254,4,20,1,9,134,1,30
4,2,17.0,6,2,8,1,13,48,1,6
5,6,10.0,149,2,19,1,8,33,0,4
4,8,7.0,70,1,3,2,1,11,4,11
4,8,7.0,70,1,18,0,0,53,3,11
4,8,13.0,189,0,0,2,10,47,2,25
4,8,13.0,189,0,13,1,13,69,4,25
4,8,30.0,103,4,10,0,0,26,2,19
4,4,4.0,178,0,18,1,14,131,1,30
4,4,7.0,133,4,16,1,8,19,0,11
4,2,5.0,127,5,6,1,0,77,0,24
3,2,29.0,140,6,13,1,0,31,0,16
5,11,24.0,194,6,13,1,1,35,4,14
5,11,24.0,194,6,19,1,12,104,4,14
5,9,12.0,177,4,0,1,14,25,0,28
5,9,24.0,272,1,23,2,1,59,2,14
5,3,13.0,210,0,11,1,0,77,1,25
5,5,22.0,163,5,5,1,8,33,4,26
5,5,25.0,350,0,14,0,5,6,0,13
5,6,15.0,49,0,14,1,0,12,0,1
5,6,17.0,244,2,6,2,15,108,3,6
5,6,17.0,244,2,13,0,16,130,3,6
5,10,14.0,174,1,16,2,5,12,3,5
5,8,1.0,66,1,6,2,0,77,3,7
5,8,8.0,76,1,6,2,9,27,3,8
5,8,7.0,70,0,3,1,1,16,1,11
5,8,14.0,296,0,10,1,10,6,0,5
5,4,15.0,132,4,13,2,5,6,0,1
5,11,5.0,240,0,7,0,10,23,3,24
5,11,5.0,240,0,21,1,10,47,0,24
5,11,12.0,118,0,13,1,7,54,4,28
4,10,8.0,213,4,4,0,16,37,3,8
4,10,9.0,150,5,21,1,0,64,0,12
4,10,17.0,256,6,17,1,5,12,0,6
4,9,6.0,51,6,20,1,0,64,0,23
4,9,18.0,359,4,22,0,10,12,1,0
4,7,1.0,98,0,4,2,1,59,3,7
4,7,1.0,98,0,9,0,10,23,1,7
4,7,8.0,94,0,2,1,9,134,1,8
4,7,8.0,94,0,20,0,14,24,2,8
4,7,27.0,53,6,13,1,9,9,4,15
4,7,27.0,53,6,22,1,1,105,4,15
4,3,9.0,44,5,17,0,13,61,1,12
4,3,9.0,44,5,2,2,6,89,3,12
4,3,9.0,44,5,19,0,8,19,4,12
4,3,17.0,54,6,22,0,10,22,1,6
5,9,23.0,167,0,18,1,13,48,0,17
5,5,16.0,239,6,3,3,1,59,3,2
5,6,16.0,38,1,18,2,5,64,3,2
4,5,1.0,109,6,15,1,2,123,4,7
4,5,1.0,109,6,18,2,0,31,3,7
4,5,1.0,109,6,0,1,11,133,4,7
5,2,7.0,153,6,6,1,5,64,0,11
5,9,23.0,167,0,1,2,8,27,3,17
4,10,8.0,213,4,4,3,10,23,3,8
4,8,20.0,319,0,17,1,15,31,0,29
4,10,17.0,256,6,4,2,3,103,3,6
5,2,6.0,251,5,6,1,5,12,0,23
5,7,29.0,268,3,8,2,10,12,0,16
4,7,22.0,211,0,11,1,0,31,4,26
4,10,19.0,117,0,17,0,2,40,1,10
4,4,11.0,121,0,21,1,15,51,0,9
4,1,31.0,305,1,15,2,7,111,0,20
4,10,24.0,261,6,2,0,5,12,3,14
5,7,30.0,42,0,4,0,2,86,3,19
4,10,12.0,333,0,14,0,9,54,1,28
4,10,19.0,117,0,7,1,14,34,1,10
4,1,31.0,305,1,19,0,10,23,1,20
5,2,8.0,258,3,3,1,8,19,1,8
4,10,27.0,302,1,10,0,13,69,2,15
5,3,5.0,324,3,2,0,5,6,3,24
4,1,29.0,112,3,14,1,5,12,0,16
4,10,24.0,261,6,21,1,1,67,0,14
5,6,1.0,158,0,17,0,14,24,1,7
5,4,15.0,132,4,4,3,9,27,3,1
4,10,27.0,302,1,18,2,5,12,0,15
4,10,27.0,302,1,18,1,6,128,1,15
4,1,17.0,63,1,23,0,1,59,3,6
5,0,1.0,8,1,18,0,5,6,0,7
4,11,1.0,222,5,16,0,3,115,0,7
4,11,9.0,311,6,12,0,9,54,4,12
4,11,24.0,194,3,16,0,7,20,1,14
4,9,1.0,126,0,8,2,3,44,0,7
4,9,1.0,126,0,4,0,10,47,3,7
4,9,6.0,51,6,12,0,8,9,3,23
5,6,9.0,236,1,7,1,11,18,1,12
5,1,30.0,100,3,19,3,14,97,0,19
5,4,10.0,79,6,22,2,4,45,1,4
4,9,25.0,344,4,13,0,9,49,2,13
4,7,1.0,98,0,1,2,1,11,3,7
4,7,26.0,316,5,0,1,0,64,0,3
5,2,25.0,233,2,16,0,4,75,3,13
4,7,24.0,68,2,15,1,1,16,4,14
4,3,27.0,361,1,1,1,12,121,1,15
4,5,27.0,328,4,12,0,8,9,0,15
4,6,8.0,59,1,4,1,15,114,1,8
4,6,19.0,291,6,7,1,5,64,0,10
4,6,19.0,291,6,22,2,6,7,3,10
5,5,25.0,350,0,9,2,16,113,3,13
5,6,24.0,31,2,19,0,5,12,3,14
5,10,5.0,336,3,8,2,6,128,0,24
5,10,5.0,336,3,23,1,1,35,4,24
5,10,14.0,174,1,4,2,14,32,0,5
5,6,24.0,31,2,8,0,2,13,4,14
5,10,14.0,174,1,23,1,0,77,4,5
5,10,14.0,174,1,8,2,14,24,3,5
5,8,9.0,124,2,17,0,2,86,3,12
5,8,14.0,296,0,14,1,9,95,4,5
5,4,24.0,27,6,4,0,0,31,2,14
5,4,26.0,80,0,19,2,13,79,0,3
5,2,1.0,16,3,2,1,13,99,4,7
5,2,9.0,21,0,17,2,7,57,3,12
5,0,18.0,0,5,0,1,0,64,0,0
5,0,25.0,281,5,8,1,2,2,0,13
5,0,26.0,14,6,1,2,11,15,0,3
5,0,27.0,23,3,19,0,2,69,0,15
5,0,27.0,23,3,22,3,14,25,0,15
4,11,7.0,253,4,1,2,7,57,1,11
4,11,15.0,331,5,16,1,14,25,0,1
4,11,16.0,225,6,1,2,9,54,3,2
4,9,17.0,255,2,3,1,12,80,4,6
4,7,2.0,160,1,5,0,13,38,0,22
4,7,2.0,160,1,12,2,12,56,0,22
4,6,17.0,244,4,1,3,8,9,0,6
4,1,19.0,29,4,21,1,3,30,4,10
4,3,25.0,347,3,6,1,11,98,0,13
4,6,2.0,352,2,1,2,14,25,2,22
4,6,10.0,149,4,6,1,7,62,4,4
4,6,16.0,38,2,16,2,8,41,1,2
4,6,16.0,38,2,21,0,6,7,4,2
4,6,16.0,38,2,10,1,15,119,0,2
4,6,17.0,244,4,15,0,5,64,3,6
4,6,26.0,348,6,14,2,5,12,1,3
4,1,8.0,62,3,0,1,7,111,0,8
4,1,18.0,82,2,14,2,2,2,0,0
4,1,18.0,82,2,8,1,8,33,1,0
4,1,19.0,29,4,9,0,6,7,3,10
4,1,19.0,29,4,1,2,1,59,3,10
5,0,31.0,290,4,1,1,1,67,0,20
4,3,6.0,303,1,4,0,5,6,4,23
4,3,6.0,303,1,5,1,1,105,0,23
5,3,12.0,104,3,12,1,3,79,1,28
4,6,27.0,116,3,18,1,10,47,1,15
4,10,9.0,150,5,15,1,7,78,4,12
4,10,9.0,150,5,22,0,14,24,2,12
4,10,17.0,256,6,17,2,5,6,3,6
4,10,17.0,256,6,19,0,10,47,3,6
5,3,7.0,289,1,2,2,10,47,3,11
4,2,15.0,130,0,4,0,10,23,1,1
4,10,27.0,302,1,15,2,1,105,0,15
5,5,15.0,200,5,1,1,7,62,2,1
4,1,20.0,151,5,3,1,6,91,4,29
5,11,12.0,118,0,5,1,0,77,1,28
4,6,6.0,83,3,5,1,12,17,4,23
4,7,14.0,125,3,18,1,5,6,0,5
5,5,30.0,294,6,4,2,6,91,2,19
4,9,7.0,271,3,1,2,5,6,3,11
5,5,22.0,163,5,8,1,11,133,1,26
4,1,13.0,207,5,18,0,16,50,1,25
5,9,3.0,217,1,0,0,0,64,0,27
5,5,31.0,196,3,18,0,13,21,2,20
5,10,14.0,174,1,18,2,3,115,3,5
4,1,22.0,164,3,13,2,0,12,3,26
5,9,3.0,217,1,18,1,16,50,4,27
4,1,27.0,262,5,11,1,14,106,1,15
4,3,15.0,35,4,3,1,12,84,1,1
5,2,1.0,16,3,17,0,7,62,1,7
4,10,5.0,336,0,17,0,14,25,1,24
4,4,5.0,235,1,10,1,5,0,0,24
4,5,6.0,277,4,4,1,13,48,1,23
4,1,13.0,207,5,3,0,14,131,1,25
4,1,22.0,164,3,18,1,14,110,0,26
4,10,4.0,356,3,13,3,1,67,0,30
5,8,22.0,354,1,1,1,4,4,4,26
4,1,15.0,1,3,18,1,14,25,1,1
4,11,11.0,175,0,15,1,15,39,0,9
4,8,24.0,85,5,22,0,13,38,2,14
4,5,15.0,200,6,8,0,10,47,1,1
4,4,24.0,27,3,19,1,14,97,0,14
5,10,27.0,302,0,6,3,11,129,3,15
4,1,22.0,164,3,17,1,8,41,4,26
4,11,7.0,253,4,14,1,9,27,1,11
4,9,10.0,156,2,8,1,10,47,2,4
4,1,18.0,82,2,16,1,14,25,4,0
4,7,10.0,329,2,6,1,7,20,0,4
4,7,15.0,205,0,17,0,11,90,1,1
4,7,15.0,205,0,17,1,0,64,0,1
4,7,18.0,154,4,11,2,0,77,0,0
4,3,8.0,148,4,17,1,10,52,0,8
4,5,8.0,199,6,22,2,13,48,0,8
4,10,3.0,310,6,12,0,11,133,2,27
4,10,3.0,310,6,1,0,2,92,4,27
4,1,1.0,203,3,0,2,14,25,3,7
4,1,16.0,2,0,9,3,3,44,4,2
4,4,28.0,218,4,14,3,14,131,3,18
5,11,4.0,275,3,20,0,10,6,0,30
5,11,22.0,250,4,6,1,0,77,1,26
5,11,29.0,270,4,17,1,3,79,0,16
5,11,29.0,270,4,21,1,1,105,0,16
5,9,4.0,295,2,16,2,9,101,2,30
5,9,4.0,295,2,10,1,5,6,1,30
5,9,23.0,167,0,16,1,2,86,2,17
5,9,12.0,177,4,18,1,10,47,1,28
5,11,14.0,147,2,19,1,8,9,4,5
5,11,22.0,250,4,2,2,7,20,0,26
5,11,29.0,270,4,22,0,13,38,1,16
5,9,5.0,89,4,10,1,1,11,0,24
5,9,23.0,167,0,7,1,0,12,1,17
5,9,23.0,167,0,2,0,5,6,2,17
5,9,23.0,167,0,12,1,9,9,4,17
5,7,15.0,205,3,8,0,10,6,3,1
5,7,15.0,205,3,18,1,2,2,0,1
5,7,29.0,268,3,20,0,9,54,1,16
5,7,29.0,268,3,12,2,10,52,0,16
5,7,29.0,268,3,1,0,2,40,1,16
5,3,14.0,33,1,21,1,6,7,0,5
5,3,30.0,304,4,16,1,0,15,2,19
5,3,30.0,304,4,19,0,1,105,3,19
5,5,16.0,239,6,5,2,11,15,0,2
5,5,30.0,294,6,13,0,15,119,3,19
5,11,4.0,275,3,21,2,16,37,0,30
5,11,14.0,147,2,12,1,12,56,4,5
5,11,14.0,147,2,13,1,8,65,4,5
5,11,29.0,270,4,19,0,10,43,4,16
5,9,23.0,167,0,22,1,4,75,1,17
5,7,4.0,186,2,0,0,14,32,0,30
5,7,4.0,186,2,19,2,13,13,3,30
5,7,13.0,238,5,11,1,10,23,1,25
5,3,7.0,289,1,7,1,0,0,0,11
5,3,7.0,289,1,8,0,12,17,0,11
5,3,7.0,289,1,14,0,3,115,3,11
5,3,22.0,166,2,1,2,16,130,3,26
5,3,30.0,304,4,13,2,13,38,3,19
5,5,8.0,199,5,1,2,10,12,3,8
5,5,15.0,200,5,4,0,13,28,2,1
5,5,31.0,196,3,23,1,9,93,4,20
5,6,6.0,83,6,17,0,16,50,3,23
5,6,6.0,83,6,14,2,16,65,3,23
5,6,7.0,169,3,7,0,9,57,4,11
5,6,14.0,173,3,0,1,15,119,0,5
5,6,14.0,173,3,5,2,6,89,3,5
5,6,14.0,173,3,15,2,14,107,3,5
5,3,13.0,210,0,4,1,0,15,1,25
4,7,14.0,125,3,19,1,15,51,2,5
4,8,10.0,71,5,12,0,4,75,3,4
3,10,31.0,135,4,11,0,1,105,1,20
4,7,1.0,98,0,17,1,4,66,1,7
5,5,31.0,196,3,9,0,8,65,1,20
5,2,10.0,28,1,19,2,11,8,0,4
4,8,30.0,103,4,15,1,8,33,0,19
5,2,18.0,7,2,10,1,5,64,0,0
4,3,15.0,35,4,3,0,16,74,1,1
5,6,6.0,83,6,9,2,10,47,3,23
4,1,20.0,151,5,9,1,11,94,4,29
4,8,25.0,86,6,21,0,6,14,3,13
4,4,4.0,178,0,3,2,6,91,0,30
5,2,25.0,233,2,0,1,6,73,0,13
5,6,6.0,83,6,2,1,1,81,4,23
4,8,3.0,363,5,10,1,10,47,0,27
4,4,10.0,79,3,6,1,3,30,0,4
5,2,26.0,3,4,4,0,7,20,3,3
5,9,23.0,167,0,12,2,6,73,3,17
4,8,3.0,363,5,5,1,3,30,1,27
4,4,10.0,79,3,1,2,2,92,1,4
4,4,7.0,133,4,12,2,6,91,0,11
4,8,4.0,299,6,8,1,13,69,4,30
4,8,3.0,363,5,18,0,0,77,1,27
5,9,11.0,52,2,1,0,10,47,2,9
4,9,4.0,295,4,8,2,1,59,3,30
4,9,2.0,323,1,17,1,13,99,1,22
5,11,27.0,322,1,12,1,12,135,1,15
5,7,2.0,160,0,1,0,10,23,1,22
5,11,10.0,360,6,6,0,14,131,1,4
3,8,8.0,76,0,15,1,3,115,2,8
5,0,14.0,5,0,14,1,0,85,0,5
5,0,22.0,241,1,9,1,6,7,0,26
4,8,8.0,76,2,6,1,3,115,0,8
5,4,17.0,19,6,13,3,9,93,3,6
5,4,18.0,26,3,15,2,7,120,0,0
5,4,23.0,30,5,6,1,7,54,1,17
5,4,25.0,20,3,16,1,1,67,0,13
5,2,8.0,258,3,6,0,12,61,1,8
5,2,10.0,28,1,14,2,6,89,2,4
5,2,26.0,3,4,12,2,13,28,3,3
5,0,1.0,8,1,3,2,15,114,0,7
4,11,1.0,222,5,0,0,16,50,3,7
4,11,9.0,311,6,5,0,5,6,0,12
4,9,6.0,51,6,3,1,0,53,0,23
4,9,7.0,271,3,15,1,9,95,4,11
4,9,25.0,344,4,16,0,5,12,3,13
4,9,25.0,344,4,0,0,13,13,3,13
4,9,25.0,344,4,7,0,1,105,1,13
4,7,8.0,94,0,20,0,7,120,3,8
4,7,24.0,68,2,21,1,0,77,1,14
4,7,2.0,160,1,9,0,2,40,1,22
4,7,16.0,40,1,14,0,1,11,3,2
4,7,25.0,41,4,5,0,5,6,2,13
4,3,16.0,263,5,8,0,10,12,3,2
4,3,25.0,347,3,21,2,13,21,2,13
4,3,25.0,347,3,16,0,16,113,1,13
4,3,25.0,347,3,22,1,1,81,4,13
4,3,25.0,347,3,9,1,5,6,0,13
4,3,26.0,343,0,18,1,7,57,0,3
4,6,2.0,352,2,5,0,7,111,1,22
4,6,10.0,149,4,16,1,0,26,0,4
4,6,10.0,149,4,15,1,16,50,0,4
4,6,10.0,149,4,12,1,12,84,1,4
4,8,1.0,66,2,10,0,9,54,4,7
4,8,19.0,280,3,17,1,11,133,0,10
4,6,11.0,355,5,18,0,8,9,3,9
5,9,18.0,359,2,17,1,0,31,2,0
4,6,16.0,38,2,13,0,16,113,1,2
4,6,17.0,244,4,13,0,11,55,3,6
4,6,17.0,244,4,22,0,10,22,1,6
4,6,25.0,39,5,12,0,16,42,1,13
4,6,25.0,39,5,8,1,4,121,1,13
4,10,2.0,358,5,6,1,9,57,0,22
4,10,25.0,56,3,3,1,11,18,1,13
4,10,28.0,216,2,15,0,5,6,2,18
4,1,19.0,29,4,5,1,13,48,4,10
4,8,19.0,280,3,3,0,2,86,0,10
4,8,19.0,280,3,12,0,14,34,3,10
4,8,25.0,86,6,15,1,1,105,4,13
4,8,28.0,224,1,6,1,15,96,0,18
4,8,28.0,224,1,14,0,14,32,3,18
4,4,2.0,141,6,18,0,3,115,3,22
4,4,3.0,279,3,11,1,10,47,4,27
4,4,10.0,79,3,8,2,4,82,2,4
4,8,5.0,101,3,5,0,14,125,3,24
4,4,17.0,19,3,11,1,15,39,0,6
5,0,1.0,8,1,21,2,0,64,0,7
5,0,1.0,8,1,4,1,12,58,4,7
4,4,31.0,67,3,5,1,14,97,1,20
4,8,5.0,101,3,8,1,2,40,4,24
4,8,19.0,280,3,2,1,6,132,1,10
5,0,17.0,12,4,6,0,5,64,2,6
5,11,26.0,364,0,13,0,1,59,1,3
5,10,28.0,216,1,22,1,0,12,1,18
4,4,25.0,20,0,23,1,6,89,4,13
5,5,4.0,114,0,6,3,1,35,3,30
5,4,5.0,235,0,4,3,1,11,2,24
4,4,25.0,20,0,13,1,2,71,4,13
5,4,15.0,132,4,21,1,10,43,0,1
5,4,24.0,27,6,11,0,0,64,2,14
5,4,26.0,80,0,0,1,5,64,0,3
5,2,1.0,16,3,7,1,15,85,0,7
5,0,2.0,47,2,17,1,9,87,1,22
5,0,10.0,129,4,18,0,14,24,1,4
5,0,10.0,129,4,13,1,6,73,1,4
5,0,26.0,14,6,0,1,0,15,1,3
4,11,7.0,253,4,10,1,10,22,0,11
4,11,15.0,331,5,0,0,2,123,3,1
4,1,17.0,63,1,16,1,15,46,2,6
4,7,1.0,98,0,7,2,2,92,3,7
4,3,17.0,54,6,13,1,14,126,4,6
4,10,1.0,208,4,14,1,10,23,1,7
4,8,9.0,124,4,6,1,10,22,0,12
4,8,9.0,124,4,22,2,7,111,2,12
4,8,17.0,74,5,22,0,5,6,2,6
4,8,17.0,74,5,9,0,6,7,3,6
4,8,18.0,75,6,3,1,10,43,4,0
4,8,18.0,75,6,5,0,14,24,2,0
4,8,20.0,319,0,3,0,5,64,2,29
4,8,20.0,319,0,5,1,9,93,4,29
4,4,11.0,121,0,2,0,16,74,3,9
4,4,12.0,134,1,10,1,0,12,0,28
4,4,12.0,134,1,12,0,2,13,3,28
4,4,19.0,142,1,6,0,4,82,3,10
4,4,26.0,80,1,11,1,10,23,2,3
4,11,31.0,227,3,8,2,8,118,3,20
4,9,17.0,255,2,16,2,14,25,0,6
4,11,31.0,227,3,8,0,16,113,1,20
5,11,31.0,227,6,4,1,10,23,2,20
4,9,17.0,255,2,1,2,12,61,0,6
4,9,26.0,267,5,11,1,9,95,4,3
4,7,25.0,41,4,2,0,4,75,1,13
4,3,24.0,357,6,6,0,11,15,3,14
5,9,24.0,272,1,22,1,11,98,4,14
5,9,24.0,272,1,22,2,14,24,4,14
4,11,7.0,253,4,5,1,0,12,1,11
4,3,16.0,263,5,18,1,5,6,0,2
5,5,22.0,163,5,20,1,7,54,4,26
5,5,25.0,350,0,11,1,3,115,4,13
5,6,15.0,49,0,11,1,10,23,1,1
5,6,17.0,244,2,1,0,13,21,2,6
5,6,24.0,31,2,14,0,7,120,3,14
5,10,30.0,157,4,12,2,6,7,3,19
5,8,7.0,70,0,17,0,10,22,3,11
5,8,7.0,70,0,8,0,14,25,3,11
5,8,7.0,70,0,11,1,3,115,1,11
5,8,8.0,76,1,20,0,8,9,4,8
5,8,8.0,76,1,14,2,2,13,0,8
5,4,24.0,27,6,18,2,12,61,3,14
5,2,9.0,21,0,3,2,5,6,0,12
5,0,2.0,47,2,2,0,6,89,1,22
5,0,10.0,129,4,18,0,2,40,3,4
5,0,18.0,0,5,2,1,15,112,1,0
5,0,27.0,23,3,4,0,7,57,0,15
4,11,15.0,331,5,6,1,0,96,0,1
4,9,8.0,90,0,17,0,2,69,4,8
4,9,8.0,90,0,17,2,1,1,3,8
5,9,3.0,217,1,12,1,9,101,4,27
4,6,29.0,335,1,11,1,10,47,0,16
5,11,5.0,240,0,21,0,2,92,1,24
4,11,1.0,222,5,16,0,16,72,1,7
5,11,31.0,227,6,20,1,12,84,1,20
4,11,9.0,311,6,17,1,6,7,0,12
5,11,31.0,227,6,17,1,14,88,4,20
4,1,31.0,305,1,21,1,5,12,1,20
4,9,1.0,126,0,23,1,9,134,1,7
5,9,6.0,51,5,2,0,1,11,3,23
4,1,31.0,305,1,16,3,1,105,0,20
4,9,6.0,51,6,13,0,9,49,4,23
5,7,15.0,205,3,19,2,3,30,3,1
5,7,30.0,42,0,8,0,2,2,1,19
5,5,5.0,96,1,22,0,9,87,1,24
5,5,16.0,239,6,21,1,13,13,0,2
5,5,16.0,239,6,8,2,12,135,3,2
5,5,16.0,239,6,12,0,11,94,3,2
5,6,6.0,83,6,7,1,2,2,2,23
5,6,7.0,169,3,16,1,7,62,0,11
5,6,14.0,173,3,21,1,0,53,0,5
5,6,16.0,38,1,0,2,10,6,3,2
5,6,16.0,38,1,23,0,0,31,3,2
5,6,16.0,38,1,19,0,1,11,4,2
5,10,15.0,60,2,9,0,16,50,3,1
5,10,22.0,314,2,6,0,5,6,3,26
5,10,22.0,314,2,8,1,2,86,4,26
5,1,6.0,97,4,8,2,5,6,3,23
5,1,6.0,97,4,2,0,0,77,1,23
4,8,4.0,299,6,9,1,3,30,4,30
4,8,13.0,189,0,1,2,14,32,3,25
4,8,13.0,189,0,6,1,8,27,2,25
4,8,30.0,103,4,23,2,13,21,1,19
4,8,30.0,103,4,21,1,8,33,0,19
4,4,7.0,133,4,9,0,2,92,1,11
4,4,16.0,25,6,0,1,4,75,0,2
4,4,23.0,30,6,7,1,6,116,0,17
4,4,29.0,313,5,8,0,1,67,4,16
4,4,31.0,67,3,14,2,7,20,3,20
4,2,16.0,220,1,21,1,9,109,0,2
4,2,16.0,220,1,15,1,12,135,1,2
5,1,7.0,32,5,15,2,0,26,0,11
5,6,14.0,173,3,5,1,8,33,4,5
2,6,1.0,352,6,11,0,1,59,4,7
5,10,8.0,213,2,13,1,3,79,0,8
5,10,8.0,213,2,9,1,13,21,0,8
5,1,6.0,97,4,20,0,12,56,4,23
5,1,7.0,32,5,9,2,4,75,3,11
5,1,24.0,64,0,15,1,1,67,4,14
5,1,24.0,64,0,3,0,5,12,3,14
5,1,24.0,64,0,1,0,5,6,3,14
5,1,25.0,65,1,6,1,8,118,1,13
5,1,25.0,65,1,1,2,15,31,0,13
5,1,26.0,248,2,7,2,6,132,3,3
5,1,31.0,305,0,6,1,15,112,0,20
5,8,26.0,278,6,13,0,15,39,2,3
5,4,23.0,30,5,16,1,10,6,0,17
5,4,25.0,20,3,21,0,2,69,2,13
5,4,25.0,20,3,16,1,9,54,1,13
5,2,7.0,153,6,10,2,10,22,1,11
5,2,8.0,258,3,17,0,5,47,3,8
5,2,8.0,258,3,5,1,12,61,4,8
5,6,15.0,49,0,14,1,9,49,4,1
5,2,10.0,28,1,0,1,1,105,0,4
5,2,16.0,220,0,8,0,9,95,4,2
5,0,1.0,8,1,19,1,11,58,4,7
5,0,1.0,8,1,4,1,12,83,4,7
5,0,17.0,12,4,15,1,4,82,1,6
5,11,6.0,252,1,8,1,0,77,4,23
5,11,14.0,147,2,16,0,10,47,3,5
5,9,4.0,295,2,21,1,2,2,0,30
5,9,5.0,89,4,13,1,1,67,4,24
5,9,14.0,106,6,8,2,1,59,0,5
4,9,7.0,271,3,4,0,10,47,2,11
5,9,6.0,51,5,4,2,10,6,3,23
5,8,26.0,278,6,22,0,0,64,2,3
5,4,17.0,19,6,16,1,5,12,0,6
5,4,17.0,19,6,8,0,8,9,0,6
5,4,17.0,19,6,18,2,9,95,3,6
5,4,18.0,26,3,0,2,14,24,0,0
5,4,23.0,30,5,3,2,2,86,1,17
5,11,31.0,227,6,18,0,5,6,3,20
5,9,12.0,177,4,14,1,5,12,1,28
5,9,22.0,92,3,10,1,13,21,1,26
5,9,24.0,272,1,2,0,0,64,3,14
5,4,24.0,27,6,22,1,2,2,1,14
5,4,24.0,27,6,19,0,12,84,4,14
5,11,28.0,123,2,23,1,1,35,0,18
5,1,1.0,203,6,19,0,14,24,1,7
5,11,28.0,123,2,23,1,12,83,0,18
5,11,28.0,123,2,4,1,9,49,1,18
5,8,12.0,284,6,2,1,0,77,1,28
5,4,23.0,30,5,19,2,6,7,2,17
5,2,6.0,251,5,20,0,2,13,3,23
5,2,6.0,251,5,13,2,13,48,0,23
5,2,6.0,251,5,3,2,5,6,3,23
5,2,6.0,251,5,23,1,9,83,1,23
5,2,7.0,153,6,18,0,16,42,3,11
5,2,10.0,28,1,6,1,0,96,4,4
5,2,16.0,220,0,0,2,10,22,3,2
5,2,18.0,7,2,14,2,6,7,3,0
5,2,25.0,233,2,16,0,9,102,0,13
5,2,25.0,233,2,8,1,13,99,4,13
5,0,23.0,237,2,0,2,6,132,3,17
5,0,23.0,237,2,19,1,9,134,4,17
4,11,1.0,222,5,23,2,8,41,3,7
4,11,1.0,222,5,5,1,4,136,4,7
4,9,1.0,126,0,5,0,5,6,0,7
5,11,4.0,275,3,15,2,8,41,0,30
5,11,6.0,252,1,17,0,16,37,1,23
5,11,6.0,252,1,23,2,9,109,0,23
5,11,21.0,192,2,14,2,0,15,0,21
5,11,22.0,250,4,22,0,14,34,1,26
5,11,29.0,270,4,13,0,2,86,3,16
5,11,29.0,270,4,3,0,2,71,4,16
5,9,4.0,295,2,22,2,13,61,3,30
5,9,23.0,167,0,8,2,13,28,0,17
5,9,23.0,167,0,4,2,6,91,4,17
5,7,4.0,186,2,0,0,2,69,3,30
5,7,15.0,205,3,5,0,13,38,1,1
5,7,29.0,268,3,12,0,12,80,3,16
5,7,29.0,268,3,14,0,13,69,1,16
5,7,30.0,42,0,19,2,7,54,3,19
5,3,5.0,324,3,14,2,7,57,0,24
5,3,22.0,166,2,6,2,16,108,3,26
5,3,30.0,304,4,21,2,0,64,3,19
5,5,8.0,199,5,12,0,5,12,3,8
5,5,16.0,239,6,23,1,8,118,4,2
5,5,30.0,294,6,11,0,5,6,2,19
5,5,30.0,294,6,13,0,10,52,3,19
5,5,31.0,196,3,0,2,10,47,3,20
5,6,7.0,169,3,4,2,12,61,3,11
5,9,6.0,51,5,15,1,10,22,1,23
5,9,22.0,92,3,23,1,1,1,4,26
5,3,13.0,210,0,1,1,9,93,4,25
5,3,15.0,35,2,16,1,0,15,0,1
5,3,23.0,57,4,22,2,4,4,0,17
5,5,6.0,277,2,6,0,10,30,0,23
5,5,14.0,36,4,14,1,10,22,1,5
5,5,25.0,350,0,19,0,3,115,3,13
5,6,17.0,244,2,10,1,2,86,2,6
5,6,22.0,185,0,5,1,15,46,1,26
4,10,26.0,61,0,6,1,12,80,4,3
4,1,2.0,171,0,22,1,9,109,4,22
4,1,1.0,203,3,22,1,13,36,2,7
4,1,11.0,111,2,15,1,9,63,4,9
4,1,16.0,2,0,0,1,13,28,0,2
4,4,28.0,218,4,6,2,2,2,3,18
5,6,6.0,83,6,4,1,10,47,1,23
5,10,8.0,213,2,20,1,3,30,4,8
5,10,22.0,314,2,0,1,13,38,0,26
5,1,7.0,32,5,4,2,2,69,0,11
5,1,25.0,65,1,18,0,13,13,0,13
5,8,16.0,73,2,6,2,0,68,3,2
5,5,30.0,294,6,13,0,8,9,2,19
5,6,7.0,169,3,13,1,15,46,0,11
5,6,7.0,169,3,3,1,1,16,4,11
5,6,16.0,38,1,17,1,6,89,0,2
5,6,16.0,38,1,5,1,0,77,1,2
5,10,15.0,60,2,1,0,7,62,3,1
5,10,15.0,60,2,4,2,10,47,3,1
5,10,16.0,201,4,7,1,14,25,0,2
5,10,22.0,314,2,12,2,1,35,0,26
5,1,6.0,97,4,3,1,4,127,4,23
5,1,9.0,50,3,9,1,3,30,2,12
5,1,24.0,64,0,5,1,1,1,4,14
5,1,31.0,305,0,22,1,2,2,1,20
5,8,16.0,73,2,17,1,15,114,1,2
5,8,14.0,296,0,8,1,10,12,1,5
5,6,28.0,309,3,14,0,9,27,0,18
4,1,24.0,64,1,13,1,3,115,4,14
4,8,4.0,299,6,15,1,9,57,4,30
4,8,7.0,70,1,21,1,16,72,4,11
4,8,7.0,70,1,22,0,15,31,4,11
4,8,13.0,189,0,19,0,8,27,1,25
4,4,29.0,313,5,8,2,14,131,0,16
4,4,29.0,313,5,15,1,2,35,4,16
4,2,5.0,127,5,3,0,2,123,2,24
4,2,8.0,258,0,11,0,15,96,3,8
5,8,24.0,85,4,7,2,8,27,3,14
5,4,16.0,25,5,8,1,9,49,4,2
5,4,16.0,25,5,9,0,8,33,1,2
5,4,17.0,19,6,11,1,9,93,4,6
5,4,23.0,30,5,12,2,10,52,0,17
5,4,25.0,20,3,1,2,9,93,3,13
5,2,16.0,220,0,3,3,5,64,3,2
5,2,24.0,22,1,17,0,1,35,3,14
5,2,24.0,22,1,15,0,9,57,3,14
2,7,28.0,268,4,1,4,8,19,4,18
2,10,20.0,341,6,6,4,10,47,3,29
2,10,20.0,341,6,22,4,9,83,3,29
2,3,16.0,54,1,13,4,8,9,4,2
2,3,16.0,54,1,18,4,15,31,3,2
2,10,26.0,302,5,18,4,16,108,3,3
2,10,26.0,302,5,19,4,8,41,3,3
2,10,26.0,302,5,14,4,16,50,3,3
2,10,26.0,302,5,9,4,1,81,4,3
2,3,19.0,105,5,12,4,6,7,2,10
2,3,19.0,105,5,19,4,9,101,0,10
2,9,19.0,234,0,18,4,6,89,4,10
2,10,28.0,318,3,14,4,4,5,3,18
2,10,28.0,318,3,12,4,3,44,3,18
2,10,28.0,318,3,14,4,12,17,4,18
2,10,28.0,318,3,1,4,9,49,4,18
2,10,28.0,318,3,4,4,6,91,3,18
2,9,6.0,51,1,18,4,8,118,3,23
2,5,22.0,168,2,9,4,8,9,3,26
2,10,28.0,318,3,1,4,12,135,4,18
2,10,28.0,318,3,18,4,6,7,3,18
2,10,28.0,318,3,1,4,6,126,3,18
2,10,28.0,318,3,10,4,12,135,2,18
2,10,28.0,318,3,9,4,6,7,3,18
2,9,19.0,234,0,4,4,10,47,3,10
2,9,19.0,234,0,18,4,2,13,3,10
2,9,19.0,234,0,19,4,14,24,3,10
2,9,19.0,234,0,14,4,0,31,3,10
2,1,9.0,17,5,17,4,8,118,3,12
2,9,24.0,272,6,21,4,9,95,3,14
2,9,26.0,267,0,14,4,6,7,0,3
2,10,6.0,243,6,15,4,8,27,4,23
2,10,6.0,243,6,22,4,16,72,0,23
2,10,6.0,243,6,20,4,6,7,3,23
2,10,6.0,243,6,1,4,14,107,4,23
2,10,6.0,243,6,1,4,4,136,4,23
2,4,3.0,178,4,17,4,1,59,3,27
2,11,29.0,270,0,19,4,11,15,3,16
2,10,6.0,243,6,4,4,6,128,3,23
2,10,6.0,243,6,19,4,14,25,3,23
2,10,6.0,243,6,12,4,3,79,3,23
2,10,6.0,243,6,17,4,11,10,3,23
2,10,6.0,243,6,11,4,10,12,3,23
2,10,6.0,243,6,9,4,16,37,4,23
2,10,6.0,243,6,9,4,2,69,4,23
2,10,16.0,256,1,11,4,14,25,3,2
2,10,16.0,256,1,17,4,6,7,3,2
2,10,16.0,256,1,9,4,6,14,4,2
2,10,16.0,256,1,15,4,9,93,4,2
2,11,23.0,232,1,15,4,8,41,3,17
2,10,16.0,256,1,9,4,11,98,4,2
2,10,16.0,256,1,12,4,13,48,3,2
2,10,16.0,256,1,19,4,14,32,4,2
2,3,2.0,182,1,18,4,6,7,0,22
2,1,11.0,353,3,18,4,9,101,4,9
2,3,2.0,182,1,12,4,9,95,2,22
2,3,2.0,182,1,12,4,9,93,3,22
2,3,2.0,182,1,12,4,6,132,4,22
2,3,2.0,182,1,13,4,9,95,3,22
2,3,2.0,182,1,16,4,9,95,3,22
2,3,2.0,182,1,22,4,12,56,3,22
2,3,2.0,182,1,18,4,6,7,0,22
2,3,2.0,182,1,3,4,9,27,3,22
2,3,8.0,44,0,14,4,0,53,3,8
2,3,8.0,44,0,1,4,1,11,4,8
2,2,2.0,282,6,19,4,13,38,3,22
2,8,18.0,280,2,9,4,8,65,4,0
2,8,18.0,280,2,5,4,4,5,3,0
2,8,18.0,280,2,15,4,7,62,3,0
2,3,8.0,44,0,9,4,7,62,3,8
2,3,8.0,44,0,18,4,1,11,4,8
2,3,8.0,44,0,2,4,8,19,0,8
2,3,8.0,44,0,14,4,15,51,4,8
2,3,10.0,337,2,6,4,11,15,4,4
2,3,11.0,104,4,18,4,2,40,4,9
2,3,11.0,104,4,18,4,13,38,4,9
2,11,15.0,331,0,22,4,8,33,3,1
2,11,22.0,250,0,5,4,6,7,0,26
2,11,22.0,250,0,19,4,2,2,4,26
2,11,22.0,250,0,14,4,9,63,3,26
2,9,3.0,217,6,17,4,6,128,4,27
2,9,3.0,217,6,3,4,13,38,3,27
2,9,3.0,217,6,13,4,12,80,3,27
2,9,3.0,217,6,4,4,3,115,3,27
2,9,3.0,217,6,15,4,14,24,3,27
2,9,3.0,217,6,8,4,14,25,3,27
2,9,3.0,217,6,5,4,12,121,1,27
2,9,4.0,295,3,21,4,8,19,3,30
2,9,4.0,295,3,11,4,6,7,3,30
2,9,4.0,295,3,19,4,14,110,0,30
2,9,4.0,295,3,14,4,6,7,3,30
2,9,6.0,51,1,6,4,9,93,4,23
2,9,6.0,51,1,14,4,0,68,3,23
2,9,6.0,51,1,20,4,8,33,4,23
2,9,6.0,51,1,18,4,1,105,3,23
2,9,6.0,51,1,14,4,8,9,4,23
2,9,6.0,51,1,2,4,6,14,0,23
2,7,5.0,93,1,3,4,6,7,3,24
2,10,2.0,310,1,10,4,6,7,3,22
2,7,20.0,81,2,18,4,12,17,4,29
2,11,3.0,288,2,4,4,5,6,3,27
2,10,21.0,314,3,3,4,16,72,3,21
2,3,19.0,105,5,18,4,13,28,3,10
2,4,3.0,178,4,1,4,14,131,3,27
2,5,22.0,168,2,9,4,8,27,2,26
2,3,21.0,166,3,22,4,0,0,4,21
2,10,3.0,356,2,18,4,16,37,4,27
2,6,11.0,162,1,14,4,13,99,4,9
2,10,10.0,298,2,9,4,14,131,0,4
2,10,26.0,302,5,11,4,6,7,3,3
2,4,11.0,134,5,17,4,0,31,0,9
2,8,9.0,71,0,11,4,9,95,3,12
2,8,9.0,71,0,11,4,9,87,3,12
2,8,9.0,71,0,14,4,9,63,4,12
2,8,9.0,71,0,7,4,14,106,2,12
2,8,9.0,71,0,9,4,16,72,3,12
2,11,16.0,225,1,2,4,0,64,3,2
2,8,12.0,189,4,11,4,5,12,3,28
2,8,12.0,189,4,14,4,0,53,4,28
2,8,12.0,189,4,18,4,9,63,3,28
2,8,12.0,189,4,17,4,9,27,0,28
2,8,12.0,189,4,9,4,6,128,3,28
2,8,12.0,189,4,21,4,6,7,3,28
2,8,12.0,189,4,9,4,9,102,4,28
2,8,12.0,189,4,1,4,6,73,4,28
2,8,12.0,189,4,10,4,1,105,4,28
2,8,12.0,189,4,14,4,11,10,4,28
2,11,29.0,270,0,18,4,9,87,4,16
2,11,16.0,225,1,19,4,0,26,3,2
2,8,19.0,319,4,4,4,6,128,4,10
2,5,31.0,158,5,18,4,8,41,4,20
2,5,31.0,158,5,14,4,8,41,4,20
2,5,31.0,158,5,16,4,13,123,3,20
2,5,31.0,158,5,14,4,2,86,3,20
2,5,31.0,158,5,10,4,15,51,3,20
2,5,31.0,158,5,3,4,9,9,3,20
2,5,31.0,158,5,9,4,8,9,3,20
2,6,13.0,173,4,17,4,14,106,4,25
2,6,13.0,173,4,2,4,14,34,3,25
2,6,13.0,173,4,3,4,13,48,0,25
2,6,13.0,173,4,10,4,1,105,4,25
2,6,13.0,173,4,8,4,0,64,0,25
2,6,13.0,173,4,6,4,14,25,0,25
2,6,13.0,173,4,23,4,9,27,3,25
2,6,13.0,173,4,18,4,6,7,3,25
2,6,13.0,173,4,20,4,15,31,3,25
2,6,13.0,173,4,18,4,14,97,4,25
2,6,13.0,173,4,19,4,10,23,3,25
2,6,13.0,173,4,3,4,15,51,0,25
2,6,13.0,173,4,5,4,8,27,0,25
2,6,13.0,173,4,5,4,13,13,3,25
2,4,11.0,134,5,17,4,11,10,3,9
2,5,28.0,24,1,19,4,7,137,3,18
2,4,11.0,134,5,20,4,0,12,3,9
2,4,11.0,134,5,12,4,7,137,4,9
2,5,28.0,24,1,2,4,6,7,3,18
2,4,20.0,339,3,17,4,6,7,3,29
2,4,20.0,339,3,17,4,11,90,4,29
2,4,20.0,339,3,1,4,13,38,4,29
2,4,20.0,339,3,9,4,11,55,4,29
2,4,20.0,339,3,19,4,9,27,3,29
2,4,20.0,339,3,21,4,3,44,3,29
2,4,20.0,339,3,14,4,11,94,4,29
2,4,20.0,339,3,14,4,8,33,4,29
2,4,20.0,339,3,22,4,3,115,3,29
2,4,20.0,339,3,22,4,12,61,3,29
2,4,20.0,339,3,15,4,4,79,3,29
2,4,20.0,339,3,4,4,6,128,3,29
2,4,20.0,339,3,1,4,9,101,4,29
2,4,20.0,339,3,15,4,10,23,3,29
2,9,15.0,226,4,22,4,9,87,3,1
2,9,15.0,226,4,4,4,16,50,3,1
2,9,15.0,226,4,6,4,5,12,3,1
2,9,15.0,226,4,8,4,16,42,4,1
2,9,13.0,91,1,14,4,0,77,0,25
2,9,13.0,91,1,2,4,0,68,3,25
2,9,7.0,271,2,8,4,6,7,3,11
2,9,6.0,51,1,14,4,6,7,3,23
2,9,6.0,51,1,14,4,13,69,3,23
2,9,6.0,51,1,19,4,14,25,4,23
2,9,6.0,51,1,8,4,16,139,3,23
2,9,4.0,295,3,15,4,14,25,3,30
2,9,4.0,295,3,19,4,15,46,3,30
2,9,4.0,295,3,20,4,13,38,3,30
2,9,4.0,295,3,1,4,8,41,3,30
2,9,4.0,295,3,19,4,6,128,0,30
2,9,4.0,295,3,18,4,1,105,4,30
2,9,4.0,295,3,18,4,6,7,3,30
2,9,3.0,217,6,18,4,16,50,3,27
2,9,3.0,217,6,1,4,6,7,3,27
2,11,22.0,250,0,19,4,11,55,1,26
2,1,11.0,353,3,9,4,6,7,3,9
2,0,22.0,237,3,2,4,1,16,4,26
2,1,11.0,353,3,8,4,8,9,3,9
2,1,11.0,353,3,1,4,16,72,4,9
2,1,11.0,353,3,23,4,9,63,3,9
2,1,11.0,353,3,3,4,12,100,3,9
2,1,11.0,353,3,15,4,6,7,3,9
2,1,11.0,353,3,1,4,9,63,4,9
2,10,3.0,356,2,6,4,6,73,3,27
2,6,11.0,162,1,16,4,15,119,3,9
2,10,26.0,302,5,23,4,12,104,4,3
2,9,18.0,359,3,1,4,14,32,3,0
2,10,3.0,356,2,22,4,5,12,3,27
2,7,4.0,204,0,19,4,6,7,0,30
2,6,11.0,162,1,22,4,6,73,3,9
2,9,18.0,359,3,1,4,1,81,4,0
2,10,23.0,261,1,13,4,11,18,0,17
2,11,31.0,227,2,3,4,13,13,3,20
2,7,20.0,81,2,17,4,0,15,3,29
2,5,22.0,168,2,9,4,6,91,3,26
2,11,31.0,227,2,12,4,13,48,3,20
2,7,20.0,81,2,8,4,6,7,3,29
2,10,3.0,356,2,17,4,8,9,3,27
2,10,10.0,298,2,4,4,5,6,0,4
2,1,27.0,300,1,3,4,9,27,0,15
2,10,10.0,298,2,13,4,16,72,1,4
2,10,26.0,302,5,15,4,6,7,0,3
2,9,15.0,226,4,1,4,3,70,1,1
2,10,3.0,356,2,6,4,0,53,3,27
2,10,23.0,261,1,11,4,8,27,0,17
2,1,27.0,300,1,9,4,2,71,3,15
2,7,20.0,81,2,8,4,2,40,3,29
2,9,20.0,119,1,13,4,14,32,3,29
2,10,10.0,298,2,18,4,16,50,4,4
2,5,23.0,58,4,9,4,8,9,4,17
2,10,3.0,356,2,12,4,12,84,3,27
2,9,16.0,107,5,7,4,2,86,3,2
2,10,4.0,336,4,1,4,12,61,3,30
2,10,4.0,336,4,11,4,5,12,3,30
2,10,4.0,336,4,14,4,6,132,3,30
2,10,4.0,336,4,1,4,16,65,4,30
2,10,4.0,336,4,19,4,2,2,1,30
2,10,9.0,245,1,6,4,1,35,4,12
2,10,9.0,245,1,4,4,6,89,3,12
2,10,9.0,245,1,14,4,1,16,4,12
2,9,16.0,107,5,2,4,3,30,0,2
2,10,9.0,245,1,22,4,9,57,3,12
2,9,18.0,359,3,9,4,6,7,0,0
2,10,9.0,245,1,23,4,9,49,3,12
2,9,18.0,359,3,1,4,6,7,3,0
2,10,9.0,245,1,20,4,6,7,3,12
2,10,9.0,245,1,9,4,6,7,3,12
2,6,14.0,49,5,13,4,4,127,3,5
2,6,14.0,49,5,1,4,0,12,3,5
2,6,14.0,49,5,4,4,0,96,4,5
2,6,14.0,49,5,9,4,14,126,4,5
2,6,22.0,84,6,11,4,13,38,3,26
2,6,22.0,84,6,17,4,9,63,4,26
2,6,22.0,84,6,17,4,14,32,4,26
2,6,22.0,84,6,10,4,9,95,3,26
2,6,22.0,84,6,1,4,9,49,3,26
2,6,22.0,84,6,3,4,6,7,3,26
2,6,22.0,84,6,4,4,14,126,4,26
2,6,22.0,84,6,9,4,9,95,4,26
2,6,22.0,84,6,22,4,9,134,4,26
2,6,22.0,84,6,20,4,9,87,2,26
2,6,23.0,31,3,14,4,7,20,4,17
2,6,23.0,31,3,19,4,6,91,4,17
2,6,23.0,31,3,21,4,6,7,3,17
2,6,23.0,31,3,4,4,13,48,3,17
2,6,23.0,31,3,17,4,8,9,4,17
2,6,23.0,31,3,1,4,1,11,4,17
2,6,27.0,309,4,3,4,11,90,3,15
2,6,27.0,309,4,22,4,0,77,3,15
2,6,27.0,309,4,16,4,4,75,4,15
2,6,27.0,309,4,8,4,5,64,3,15
2,6,27.0,309,4,18,4,12,61,4,15
2,6,27.0,309,4,19,4,6,73,3,15
2,6,27.0,309,4,9,4,4,82,3,15
2,6,27.0,309,4,14,4,16,139,1,15
2,6,28.0,335,5,6,4,12,104,3,18
2,7,11.0,181,0,18,4,14,126,4,9
2,7,11.0,181,0,3,4,9,87,3,9
2,6,28.0,335,5,9,4,1,81,4,18
2,7,11.0,181,0,19,4,16,113,3,9
2,6,28.0,335,5,2,4,2,92,3,18
2,7,18.0,330,0,20,4,6,91,2,0
2,10,29.0,157,0,23,4,9,101,2,16
2,7,18.0,330,0,0,4,7,57,3,0
2,7,18.0,330,0,19,4,13,99,3,0
2,10,29.0,157,0,16,4,6,7,3,16
2,7,18.0,330,0,0,4,6,7,4,0
0,0,4.0,229,0,13,4,8,65,3,30
2,9,25.0,344,3,3,4,8,27,0,13
2,10,2.0,310,1,17,4,5,64,3,22
2,10,2.0,310,1,2,4,0,85,3,22
2,10,12.0,346,5,23,4,8,27,2,28
2,9,25.0,344,3,23,4,2,92,3,13
2,9,27.0,179,1,9,4,7,62,3,15
2,9,27.0,179,1,13,4,13,28,3,15
2,9,27.0,179,1,17,4,6,7,0,15
2,9,27.0,179,1,22,4,10,22,3,15
2,9,27.0,179,1,18,4,9,95,4,15
2,7,1.0,160,5,12,4,14,24,4,7
2,7,1.0,160,5,9,4,3,30,3,7
2,7,1.0,160,5,17,4,9,95,1,7
2,7,1.0,160,5,21,4,8,27,3,7
2,7,1.0,160,5,10,4,6,7,0,7
2,7,3.0,186,3,11,4,16,72,3,27
2,7,3.0,186,3,1,4,12,135,4,27
2,7,3.0,186,3,3,4,9,27,3,27
2,7,10.0,197,3,19,4,10,52,3,4
2,7,28.0,268,4,15,4,8,118,3,18
0,0,31.0,290,3,1,4,8,41,3,20
0,0,31.0,290,3,2,4,8,41,4,20
0,0,31.0,290,3,4,4,6,132,3,20
0,0,31.0,290,3,4,4,6,91,3,20
0,0,31.0,290,3,4,4,14,106,3,20
2,11,3.0,288,2,12,4,9,58,3,27
2,11,31.0,227,2,19,4,2,2,3,20
2,10,10.0,298,2,1,4,1,105,4,4
2,7,20.0,81,2,15,4,6,7,0,29
2,5,11.0,327,6,16,4,6,91,4,9
2,10,27.0,216,6,11,4,12,56,2,15
2,5,23.0,58,4,1,4,9,109,3,17
2,9,20.0,119,1,12,4,7,137,4,29
2,10,23.0,261,1,9,4,6,7,0,17
2,10,10.0,298,2,15,4,6,73,3,4
2,1,27.0,300,1,14,4,0,77,3,15
2,5,23.0,58,4,9,4,14,25,2,17
2,3,19.0,105,5,18,4,9,101,4,10
2,10,23.0,261,1,4,4,14,34,3,17
2,9,28.0,315,2,17,4,13,28,0,18
2,10,10.0,298,2,6,4,11,124,3,4
2,5,23.0,58,4,9,4,14,126,4,17
2,7,21.0,211,4,1,4,13,13,3,21
2,3,19.0,105,5,11,4,6,7,3,10
2,10,27.0,216,6,15,4,4,4,3,15
2,3,19.0,105,5,1,4,12,121,4,10
2,10,27.0,216,6,6,4,6,7,3,15
2,3,25.0,343,4,2,4,0,77,3,13
2,3,25.0,343,4,12,4,6,7,3,13
2,3,25.0,343,4,18,4,12,100,4,13
2,1,1.0,171,4,0,4,16,42,4,7
2,3,25.0,343,4,8,4,12,100,4,13
2,5,2.0,161,4,16,4,6,7,3,22
2,1,1.0,171,4,17,4,8,9,3,7
2,5,2.0,161,4,9,4,9,87,4,22
2,1,2.0,188,5,23,4,13,28,3,22
2,3,11.0,104,4,23,4,7,120,4,9
2,8,20.0,46,5,17,4,1,67,3,29
2,8,20.0,46,5,14,4,6,128,3,29
2,8,20.0,46,5,14,4,8,65,3,29
2,3,11.0,104,4,13,4,8,9,3,9
2,8,21.0,354,6,1,4,16,72,3,21
2,3,11.0,104,4,14,4,8,65,3,9
2,3,11.0,104,4,18,4,6,89,3,9
2,8,21.0,354,6,1,4,6,91,3,21
2,3,11.0,104,4,14,4,14,126,3,9
2,8,21.0,354,6,1,4,9,102,4,21
2,3,17.0,165,2,10,4,2,40,4,6
2,4,4.0,235,5,20,4,14,107,3,30
2,3,20.0,338,6,22,4,9,87,3,29
2,4,4.0,235,5,23,4,9,87,3,30
2,3,20.0,338,6,9,4,11,117,3,29
2,4,4.0,235,5,14,4,15,119,3,30
2,4,4.0,235,5,2,4,15,114,3,30
2,4,4.0,235,5,6,4,1,67,4,30
2,3,20.0,338,6,19,4,14,25,3,29
2,3,20.0,338,6,22,4,1,59,3,29
2,3,27.0,187,6,14,4,8,9,3,15
2,1,20.0,45,1,14,4,10,43,3,29
2,7,9.0,329,6,19,4,3,30,3,12
2,7,9.0,329,6,20,4,2,71,3,12
2,7,16.0,95,6,14,4,4,127,3,2
2,7,16.0,95,6,9,4,8,9,4,2
2,7,16.0,95,6,18,4,3,76,3,2
2,7,16.0,95,6,4,4,4,75,3,2
2,7,16.0,95,6,12,4,14,24,3,2
2,7,16.0,95,6,19,4,3,79,3,2
2,7,16.0,95,6,9,4,1,35,0,2
2,7,17.0,154,3,14,4,6,7,3,6
2,7,17.0,154,3,15,4,5,6,3,6
2,7,19.0,266,1,12,4,0,12,3,10
2,1,28.0,112,2,12,4,1,81,4,18
2,1,28.0,112,2,17,4,1,11,4,18
2,3,3.0,285,2,12,4,8,19,3,27
2,3,9.0,4,1,18,4,6,7,3,12
2,3,18.0,138,4,17,4,9,57,3,0
2,9,7.0,271,2,3,4,8,118,3,11
2,9,7.0,271,2,14,4,12,17,3,11
2,9,13.0,91,1,9,4,6,7,3,25
2,9,13.0,91,1,18,4,8,9,3,25
2,9,13.0,91,1,19,4,8,9,4,25
2,9,13.0,91,1,8,4,2,69,3,25
2,9,13.0,91,1,5,4,13,28,0,25
2,9,13.0,91,1,13,4,1,1,3,25
2,9,14.0,106,2,18,4,6,7,3,5
2,9,15.0,226,4,5,4,14,110,4,1
2,9,21.0,362,2,14,4,14,25,3,21
2,9,21.0,362,2,5,4,2,69,3,21
2,9,21.0,362,2,6,4,8,27,3,21
2,9,21.0,362,2,1,4,8,27,4,21
2,9,21.0,362,2,17,4,12,135,4,21
2,9,23.0,167,5,18,4,1,81,4,17
2,9,23.0,167,5,4,4,16,74,4,17
2,9,23.0,167,5,14,4,6,7,3,17
2,7,4.0,204,0,14,4,12,61,3,30
2,7,4.0,204,0,8,4,8,27,3,30
2,10,16.0,256,1,17,4,16,139,4,2
2,10,16.0,256,1,14,4,14,25,4,2
2,10,21.0,314,3,13,4,4,121,3,21
2,10,21.0,314,3,17,4,6,91,4,21
2,10,21.0,314,3,4,4,14,126,4,21
2,10,21.0,314,3,20,4,9,87,3,21
2,10,21.0,314,3,14,4,8,9,3,21
2,10,21.0,314,3,15,4,11,90,3,21
2,10,23.0,261,1,19,4,3,79,3,17
2,5,23.0,58,4,19,4,3,115,3,17
2,7,21.0,211,4,6,4,14,24,3,21
2,1,27.0,300,1,17,4,13,48,3,15
2,1,29.0,100,4,17,4,8,33,4,16
2,1,15.0,2,4,13,4,1,59,4,1
2,9,5.0,89,0,2,4,2,40,3,24
2,5,24.0,350,5,19,4,1,67,3,14
2,1,29.0,100,4,19,4,6,7,3,16
2,9,29.0,98,4,9,4,6,91,0,16
2,5,24.0,350,5,14,4,12,135,4,14
2,5,11.0,327,6,12,4,9,27,0,9
2,8,6.0,70,5,18,4,13,48,3,23
2,9,29.0,98,4,9,4,1,59,4,16
2,5,24.0,350,5,18,4,16,42,4,14
2,1,29.0,100,4,19,4,8,19,2,16
2,7,21.0,211,4,12,4,9,27,3,21
2,7,21.0,211,4,11,4,1,67,0,21
2,7,23.0,68,6,23,4,14,126,4,17
2,1,19.0,151,0,19,4,2,60,0,10
2,1,19.0,151,0,10,4,6,7,3,10
2,1,19.0,151,0,19,4,10,23,1,10
2,1,19.0,151,0,12,4,8,27,3,10
2,1,19.0,151,0,9,4,12,104,4,10
2,1,19.0,151,0,21,4,7,20,3,10
2,1,19.0,151,0,18,4,12,80,4,10
2,1,19.0,151,0,3,4,0,31,0,10
2,1,19.0,151,0,14,4,6,7,3,10
2,1,19.0,151,0,0,4,13,38,0,10
2,1,21.0,164,2,15,4,16,108,3,21
2,5,11.0,327,6,5,4,9,101,0,9
2,5,11.0,327,6,14,4,0,15,3,9
2,1,21.0,164,2,16,4,12,135,4,21
2,1,21.0,164,2,9,4,0,12,3,21
2,1,21.0,164,2,0,4,6,128,4,21
2,1,21.0,164,2,20,4,16,37,3,21
2,1,27.0,300,1,15,4,0,26,3,15
2,1,27.0,300,1,17,4,6,7,3,15
2,3,18.0,138,4,6,4,8,41,1,0
2,8,4.0,101,2,16,4,7,20,3,30
2,8,4.0,101,2,4,4,10,22,3,30
2,8,4.0,101,2,8,4,9,9,3,30
2,8,4.0,101,2,17,4,0,53,3,30
2,3,18.0,138,4,9,4,11,124,3,0
2,8,4.0,101,2,0,4,8,19,4,30
2,8,4.0,101,2,6,4,4,127,4,30
2,3,26.0,361,5,19,4,6,7,3,3
2,8,4.0,101,2,11,4,6,7,3,30
2,8,4.0,101,2,19,4,12,104,2,30
2,8,4.0,101,2,20,4,6,7,3,30
2,3,26.0,361,5,9,4,1,11,4,3
2,8,10.0,306,1,1,4,7,111,3,4
2,8,10.0,306,1,14,4,7,20,3,4
2,3,26.0,361,5,17,4,1,67,3,3
2,3,26.0,361,5,8,4,11,98,3,3
2,3,28.0,325,3,9,4,6,128,4,18
2,3,28.0,325,3,9,4,11,55,4,18
2,5,10.0,326,5,12,4,9,57,3,4
2,8,10.0,306,1,14,4,2,71,4,4
2,3,23.0,357,1,13,4,9,57,3,17
2,9,23.0,167,5,6,4,6,128,4,17
2,3,23.0,357,1,9,4,16,50,4,17
2,9,23.0,167,5,2,4,6,7,3,17
2,9,23.0,167,5,17,4,6,116,4,17
2,3,24.0,347,2,21,4,1,1,3,14
2,3,24.0,347,2,14,4,11,133,3,14
2,3,24.0,347,2,7,4,15,39,3,14
2,9,23.0,167,5,19,4,14,25,3,17
2,3,24.0,347,2,16,4,9,57,4,14
2,9,23.0,167,5,17,4,11,10,2,17
2,3,24.0,347,2,0,4,9,93,3,14
2,9,23.0,167,5,16,4,1,35,3,17
2,3,30.0,109,1,8,4,12,121,0,19
2,3,30.0,109,1,14,4,8,118,3,19
2,3,30.0,109,1,8,4,3,70,0,19
2,3,30.0,109,1,9,4,8,33,3,19
2,3,30.0,109,1,2,4,16,50,3,19
2,10,10.0,298,2,6,4,8,33,4,4
2,3,30.0,109,1,4,4,14,107,3,19
2,11,19.0,321,5,18,4,12,104,3,10
2,11,25.0,88,4,14,4,9,63,3,13
2,11,26.0,364,5,22,4,8,41,0,3
2,11,26.0,364,5,11,4,2,13,3,3
2,4,19.0,115,6,9,4,0,26,3,10
2,4,19.0,115,6,13,4,13,69,3,10
2,11,26.0,364,5,4,4,9,49,3,3
2,5,12.0,184,3,2,4,13,48,0,28
2,4,19.0,115,6,19,4,7,122,3,10
2,4,19.0,115,6,2,4,11,15,3,10
2,4,19.0,115,6,1,4,14,25,3,10
2,4,19.0,115,6,1,4,9,102,1,10
2,5,12.0,184,3,5,4,6,7,3,28
2,2,2.0,282,6,1,4,6,7,3,22
2,5,26.0,328,3,23,4,9,9,2,3
2,6,11.0,162,1,2,4,11,133,3,9
2,9,29.0,98,4,19,4,11,98,3,16
2,1,2.0,188,5,12,4,13,28,0,22
2,5,18.0,146,6,4,4,0,31,3,0
0,10,27.0,302,4,13,4,16,74,4,15
2,1,15.0,2,4,1,4,12,61,4,1
2,10,11.0,333,4,2,4,2,86,3,9
2,5,18.0,146,6,19,4,8,27,3,0
2,1,15.0,2,4,14,4,6,91,3,1
2,11,9.0,311,1,9,4,6,7,4,12
2,9,18.0,359,3,18,4,9,87,3,0
2,8,1.0,77,3,21,4,1,105,4,7
2,9,29.0,98,4,17,4,1,11,4,16
2,7,5.0,93,1,8,4,9,87,3,24
2,1,2.0,188,5,14,4,16,50,0,22
2,8,2.0,363,0,14,4,8,9,3,22
2,9,18.0,359,3,4,4,6,7,3,0
2,5,18.0,146,6,23,4,0,15,0,0
2,8,1.0,77,3,13,4,10,22,3,7
2,5,18.0,146,6,13,4,4,82,3,0
2,8,2.0,363,0,14,4,3,115,3,22
2,8,2.0,363,0,19,4,1,11,3,22
2,8,15.0,73,3,22,4,1,1,0,1
2,8,15.0,73,3,1,4,6,91,4,1
2,7,23.0,68,6,3,4,6,73,3,17
2,8,15.0,73,3,15,4,4,127,3,1
2,8,15.0,73,3,14,4,14,25,4,1
2,8,15.0,73,3,1,4,5,64,4,1
2,7,23.0,68,6,12,4,2,2,3,17
2,8,16.0,74,0,19,4,1,105,3,2
2,8,16.0,74,0,9,4,7,20,3,2
2,8,16.0,74,0,7,4,7,111,2,2
2,8,16.0,74,0,4,4,7,129,4,2
2,8,16.0,74,0,9,4,13,48,3,2
2,8,17.0,75,1,4,4,10,47,3,6
2,8,17.0,75,1,9,4,9,95,4,6
2,8,17.0,75,1,18,4,13,99,4,6
2,8,17.0,75,1,11,4,12,56,3,6
2,7,24.0,41,3,7,4,6,89,0,14
2,8,17.0,75,1,12,4,4,127,3,6
2,8,17.0,75,1,18,4,2,2,3,6
2,6,11.0,162,1,1,4,8,19,3,9
2,2,2.0,282,6,14,4,3,103,4,22
2,2,2.0,282,6,23,4,9,87,2,22
2,6,11.0,162,1,23,4,12,135,4,9
2,2,2.0,282,6,5,4,3,79,3,22
2,2,2.0,282,6,2,4,16,130,3,22
2,2,3.0,254,3,20,4,16,37,3,27
2,6,11.0,162,1,13,4,6,7,3,9
2,6,11.0,162,1,20,4,14,107,4,9
2,6,11.0,162,1,2,4,8,33,3,9
2,6,12.0,317,2,12,4,6,91,4,28
2,6,12.0,317,2,4,4,14,88,3,28
2,2,27.0,257,2,18,4,3,44,3,15
2,2,27.0,257,2,1,4,14,110,3,15
2,6,12.0,317,2,9,4,8,19,3,28
2,6,12.0,317,2,9,4,7,122,4,28
2,6,12.0,317,2,6,4,0,53,3,28
2,6,12.0,317,2,17,4,16,50,4,28
2,6,19.0,215,2,20,4,12,61,3,10
2,6,25.0,348,1,22,4,9,57,0,13
2,8,11.0,284,2,16,4,9,93,3,9
2,8,11.0,284,2,18,4,16,72,0,9
2,5,10.0,326,5,0,4,6,7,4,4
2,8,11.0,284,2,9,4,9,54,4,9
2,8,11.0,284,2,5,4,15,114,1,9
2,8,11.0,284,2,20,4,8,9,3,9
2,5,10.0,326,5,19,4,1,67,0,4
2,5,20.0,351,0,13,4,7,120,4,29
2,5,20.0,351,0,23,4,13,99,0,29
2,5,20.0,351,0,1,4,6,132,3,29
2,5,20.0,351,0,17,4,14,110,0,29
2,5,20.0,351,0,19,4,6,7,3,29
2,5,20.0,351,0,19,4,6,7,3,29
2,5,20.0,351,0,1,4,9,95,4,29
2,5,20.0,351,0,1,4,15,119,3,29
2,5,20.0,351,0,8,4,6,7,3,29
2,8,13.0,296,5,13,4,9,95,3,25
2,5,20.0,351,0,15,4,12,121,0,29
2,3,30.0,109,1,1,4,7,111,3,19
2,3,30.0,109,1,9,4,9,101,4,19
2,5,6.0,349,0,4,4,15,46,3,23
2,5,6.0,349,0,14,4,2,2,0,23
2,5,6.0,349,0,19,4,8,9,3,23
2,5,22.0,168,2,15,4,14,25,3,26
2,9,23.0,167,5,17,4,6,7,3,17
2,5,22.0,168,2,19,4,11,133,3,26
2,5,22.0,168,2,20,4,5,64,3,26
2,10,11.0,333,4,1,4,8,27,4,9
2,11,9.0,311,1,4,4,8,9,0,12
2,10,18.0,117,4,14,4,7,8,4,0
2,1,2.0,188,5,7,4,6,91,4,22
2,9,18.0,359,3,17,4,13,28,0,0
2,10,18.0,117,4,20,4,9,87,3,0
2,9,18.0,359,3,20,4,14,107,4,0
2,9,19.0,234,0,4,4,14,110,3,10
2,7,18.0,330,0,20,4,7,78,4,0
2,10,29.0,157,0,15,4,5,64,3,16
2,10,29.0,157,0,9,4,12,84,3,16
2,10,29.0,157,0,10,4,9,102,3,16
2,10,29.0,157,0,9,4,1,81,4,16
2,10,29.0,157,0,12,4,0,0,3,16
2,10,29.0,157,0,7,4,14,34,4,16
2,1,11.0,353,3,16,4,8,9,4,9
2,7,25.0,316,0,13,4,10,47,3,13
2,7,25.0,316,0,17,4,9,102,4,13
2,1,11.0,353,3,17,4,9,49,1,9
2,1,11.0,353,3,13,4,14,25,0,9
2,3,1.0,120,0,20,4,9,101,3,7
2,7,5.0,93,1,1,4,6,89,3,24
2,3,1.0,120,0,17,4,0,68,3,7
2,3,1.0,120,0,2,4,6,7,3,7
2,3,1.0,120,0,19,4,11,90,3,7
2,1,11.0,353,3,18,4,0,15,0,9
2,3,1.0,120,0,9,4,16,37,3,7
2,3,1.0,120,0,18,4,14,32,3,7
2,3,1.0,120,0,7,4,6,7,3,7
2,3,1.0,120,0,6,4,16,130,3,7
2,6,23.0,31,3,12,4,8,27,3,17
2,6,23.0,31,3,6,4,1,16,3,17
2,6,23.0,31,3,18,4,8,19,3,17
2,6,23.0,31,3,14,4,2,86,3,17
2,6,23.0,31,3,18,4,14,110,3,17
2,6,23.0,31,3,13,4,14,107,4,17
2,6,23.0,31,3,2,4,15,46,4,17
2,6,23.0,31,3,7,4,14,25,0,17
2,6,24.0,39,0,11,4,0,31,3,14
2,6,24.0,39,0,3,4,12,80,3,14
2,6,24.0,39,0,0,4,2,2,3,14
2,6,24.0,39,0,9,4,6,7,3,14
2,6,24.0,39,0,5,4,15,39,3,14
2,6,24.0,39,0,3,4,15,31,3,14
2,6,24.0,39,0,6,4,13,38,3,14
2,6,24.0,39,0,3,4,6,7,0,14
2,10,6.0,243,6,18,4,0,12,1,23
2,10,6.0,243,6,18,4,6,91,3,23
2,11,3.0,288,2,19,4,11,124,3,27
2,11,3.0,288,2,4,4,6,89,3,27
2,11,3.0,288,2,4,4,8,41,3,27
2,11,3.0,288,2,16,4,2,71,4,27
2,11,3.0,288,2,14,4,6,7,3,27
2,11,3.0,288,2,19,4,2,13,1,27
2,11,3.0,288,2,12,4,14,106,0,27
2,11,4.0,275,4,1,4,14,25,3,30
2,11,4.0,275,4,1,4,12,121,3,30
2,11,4.0,275,4,18,4,8,27,3,30
2,11,4.0,275,4,18,4,9,49,3,30
2,11,4.0,275,4,9,4,6,7,3,30
2,11,4.0,275,4,18,4,3,76,3,30
2,11,4.0,275,4,10,4,13,21,3,30
2,11,4.0,275,4,19,4,14,24,3,30
2,11,4.0,275,4,22,4,6,7,3,30
2,11,15.0,331,0,18,4,0,53,3,1
2,11,15.0,331,0,2,4,9,102,4,1
2,11,15.0,331,0,9,4,3,76,3,1
2,11,15.0,331,0,3,4,14,25,4,1
2,7,28.0,268,4,14,4,1,11,3,18
2,10,19.0,223,5,14,4,8,41,3,10
2,10,19.0,223,5,23,4,15,51,3,10
2,10,19.0,223,5,9,4,6,7,4,10
2,10,19.0,223,5,9,4,8,33,4,10
2,10,19.0,223,5,20,4,14,25,4,10
2,10,19.0,223,5,1,4,9,63,4,10
2,7,28.0,268,4,20,4,8,27,3,18
2,8,2.0,363,0,9,4,13,28,4,22
2,1,15.0,2,4,9,4,13,48,3,1
2,1,2.0,188,5,14,4,1,105,3,22
2,8,2.0,363,0,23,4,12,17,3,22
2,11,9.0,311,1,5,4,1,105,0,12
2,8,2.0,363,0,13,4,6,7,3,22
2,8,3.0,299,1,5,4,12,80,3,27
2,8,3.0,299,1,6,4,6,128,1,27
2,8,3.0,299,1,7,4,8,118,3,27
2,8,3.0,299,1,1,4,6,7,3,27
2,8,3.0,299,1,18,4,1,67,4,27
2,8,3.0,299,1,14,4,6,7,3,27
2,8,3.0,299,1,2,4,12,121,3,27
2,8,3.0,299,1,12,4,7,111,3,27
2,8,3.0,299,1,9,4,8,118,3,27
2,8,9.0,71,0,19,4,2,2,3,12
2,8,9.0,71,0,3,4,15,39,0,12
2,7,24.0,41,3,4,4,8,27,3,14
2,8,17.0,75,1,12,4,6,128,3,6
2,8,17.0,75,1,4,4,14,25,0,6
2,8,17.0,75,1,19,4,14,25,3,6
2,8,17.0,75,1,9,4,3,30,3,6
2,7,29.0,42,5,4,4,11,55,4,16
2,7,29.0,42,5,9,4,15,51,3,16
2,7,29.0,42,5,17,4,9,95,4,16
2,7,31.0,180,3,17,4,9,49,3,20
2,7,31.0,180,3,4,4,11,124,4,20
2,7,31.0,180,3,19,4,11,117,3,20
2,4,9.0,79,2,14,4,9,109,2,12
2,4,9.0,79,2,18,4,2,40,2,12
2,4,9.0,79,2,18,4,11,124,3,12
2,7,31.0,180,3,1,4,8,9,3,20
2,3,5.0,303,5,14,4,10,22,3,24
2,4,25.0,80,5,3,4,7,78,4,13
2,4,25.0,80,5,18,4,6,7,3,13
2,6,25.0,348,1,9,4,16,50,3,13
2,6,25.0,348,1,13,4,15,37,3,13
2,6,25.0,348,1,3,4,6,7,3,13
2,0,12.0,198,4,18,4,16,50,3,28
2,6,28.0,335,5,8,4,14,24,0,18
2,0,13.0,5,5,4,4,13,36,4,25
2,6,28.0,335,5,20,4,9,95,3,18
2,0,13.0,5,5,13,4,8,33,0,25
2,6,28.0,335,5,23,4,9,95,3,18
2,10,29.0,157,0,18,4,14,25,4,16
2,10,29.0,157,0,9,4,6,7,3,16
2,0,22.0,237,3,8,4,6,7,3,26
2,10,29.0,157,0,3,4,11,133,0,16
2,10,29.0,157,0,9,4,15,51,3,16
2,10,29.0,157,0,5,4,9,54,4,16
2,10,29.0,157,0,17,4,13,48,0,16
2,1,11.0,353,3,9,4,8,65,4,9
2,1,11.0,353,3,14,4,11,117,3,9
2,1,11.0,353,3,8,4,6,7,3,9
2,4,2.0,279,2,18,4,12,100,4,22
2,4,2.0,279,2,14,4,0,68,3,22
2,4,2.0,279,2,14,4,2,69,3,22
2,5,20.0,351,0,14,4,15,112,3,29
2,4,2.0,279,2,19,4,11,10,3,22
2,4,2.0,279,2,8,4,3,44,3,22
2,5,20.0,351,0,1,4,14,25,3,29
2,4,2.0,279,2,9,4,14,25,4,22
2,4,2.0,279,2,14,4,14,25,4,22
2,4,3.0,178,4,17,4,1,59,3,27
2,4,3.0,178,4,15,4,6,7,3,27
2,4,3.0,178,4,19,4,9,63,1,27
2,4,3.0,178,4,19,4,4,127,3,27
2,4,3.0,178,4,4,4,13,48,3,27
2,4,3.0,178,4,22,4,6,7,3,27
2,4,3.0,178,4,4,4,0,68,4,27
2,4,3.0,178,4,10,4,9,57,3,27
2,7,5.0,93,1,9,4,14,25,3,24
2,1,15.0,2,4,18,4,0,68,3,1
2,1,2.0,188,5,11,4,5,6,3,22
2,1,25.0,248,3,12,4,6,7,3,13
2,1,25.0,248,3,19,4,8,27,3,13
2,1,25.0,248,3,20,4,9,87,3,13
2,1,25.0,248,3,2,4,9,95,3,13
2,1,25.0,248,3,19,4,9,10,4,13
2,7,5.0,93,1,14,4,8,33,3,24
2,1,25.0,248,3,15,4,4,45,4,13
2,1,10.0,111,6,9,4,6,91,3,4
2,1,10.0,111,6,22,4,9,49,3,4
2,1,10.0,111,6,7,4,8,41,4,4
2,1,10.0,111,6,1,4,10,22,3,4
2,1,10.0,111,6,16,4,9,57,3,4
2,1,10.0,111,6,2,4,6,7,3,4
2,1,10.0,111,6,12,4,8,41,3,4
2,1,10.0,111,6,12,4,7,20,3,4
2,1,12.0,207,0,0,4,8,118,3,28
2,1,12.0,207,0,1,4,7,78,3,28
2,5,8.0,206,2,9,4,12,61,3,8
2,1,12.0,207,0,14,4,7,120,3,28
2,5,8.0,206,2,21,4,6,7,4,8
2,1,12.0,207,0,9,4,0,64,3,28
2,5,8.0,206,2,1,4,15,39,1,8
2,5,8.0,206,2,12,4,1,105,3,8
2,1,12.0,207,0,14,4,1,16,4,28
2,1,12.0,207,0,9,4,6,7,3,28
2,5,1.0,307,2,14,4,1,105,3,7
2,5,1.0,307,2,9,4,3,115,3,7
2,4,10.0,121,4,4,4,1,11,4,4
2,4,10.0,121,4,9,4,7,54,4,4
0,2,25.0,233,6,17,4,0,31,4,13
2,4,10.0,121,4,19,4,11,10,3,4
2,5,1.0,307,2,8,4,6,7,3,7
2,5,1.0,307,2,1,4,2,13,3,7
2,5,1.0,307,2,17,4,6,132,4,7
2,5,1.0,307,2,21,4,16,108,3,7
0,0,28.0,249,4,17,4,13,28,0,18
2,11,10.0,360,2,18,4,8,118,2,4
2,11,10.0,360,2,18,4,14,25,3,4
2,11,10.0,360,2,1,4,14,25,0,4
2,11,10.0,360,2,14,4,6,7,3,4
2,11,10.0,360,2,8,4,6,116,0,4
2,11,10.0,360,2,12,4,1,105,3,4
2,11,10.0,360,2,12,4,8,9,3,4
2,11,10.0,360,2,17,4,13,29,4,4
2,4,19.0,115,6,2,4,7,120,3,10
2,3,21.0,166,3,22,4,14,32,0,21
2,3,21.0,166,3,17,4,9,49,4,21
2,7,4.0,204,0,8,4,8,27,3,30
2,3,21.0,166,3,19,4,10,22,3,21
2,3,21.0,166,3,18,4,1,59,4,21
2,3,22.0,57,0,13,4,13,21,0,26
2,3,22.0,57,0,18,4,6,91,3,26
2,3,22.0,57,0,23,4,16,37,3,26
2,9,23.0,167,5,17,4,6,7,3,17
2,3,22.0,57,0,6,4,2,2,3,26
2,3,22.0,57,0,5,4,8,9,0,26
2,3,22.0,57,0,3,4,16,50,3,26
2,3,22.0,57,0,13,4,9,109,3,26
2,3,22.0,57,0,14,4,6,89,3,26
2,3,22.0,57,0,14,4,13,36,4,26
2,3,22.0,57,0,1,4,7,137,3,26
2,3,22.0,57,0,12,4,11,10,3,26
2,3,23.0,357,1,18,4,2,86,3,17
2,3,23.0,357,1,4,4,3,79,3,17
2,3,23.0,357,1,10,4,2,92,1,17
2,3,23.0,357,1,12,4,15,96,3,17
2,3,23.0,357,1,12,4,13,123,3,17
2,7,5.0,93,1,21,4,2,69,4,24
2,8,5.0,87,4,17,4,1,11,4,24
2,8,5.0,87,4,15,4,9,95,3,24
2,8,5.0,87,4,19,4,6,89,3,24
2,8,5.0,87,4,23,4,14,25,3,24
2,8,5.0,87,4,1,4,14,126,4,24
2,1,2.0,188,5,4,4,8,118,4,22
2,5,8.0,206,2,3,4,2,69,3,8
2,1,4.0,219,3,13,4,7,57,3,30
2,1,4.0,219,3,5,4,12,84,2,30
2,1,4.0,219,3,18,4,1,67,3,30
2,1,4.0,219,3,16,4,14,107,4,30
2,5,8.0,206,2,17,4,6,7,3,8
2,5,8.0,206,2,8,4,8,27,3,8
2,1,4.0,219,3,6,4,1,59,4,30
2,5,8.0,206,2,17,4,11,98,3,8
2,5,8.0,206,2,2,4,13,28,0,8
2,1,4.0,219,3,9,4,6,7,3,30
2,5,8.0,206,2,1,4,15,46,1,8
2,7,4.0,204,0,12,4,2,69,3,30
2,7,4.0,204,0,18,4,7,120,3,30
2,7,4.0,204,0,2,4,6,7,3,30
2,7,4.0,204,0,22,4,8,9,3,30
2,7,4.0,204,0,12,4,14,97,3,30
2,7,6.0,293,2,9,4,6,7,3,23
2,7,6.0,293,2,4,4,16,130,3,23
2,7,6.0,293,2,14,4,14,34,3,23
2,7,6.0,293,2,9,4,14,25,1,23
2,7,6.0,293,2,17,4,8,19,3,23
2,7,6.0,293,2,18,4,6,7,3,23
2,7,6.0,293,2,14,4,16,108,3,23
2,7,6.0,293,2,17,4,0,0,3,23
2,7,6.0,293,2,14,4,6,132,1,23
2,9,5.0,89,0,18,4,8,41,4,24
2,10,23.0,261,1,16,4,8,19,3,17
2,10,23.0,261,1,18,4,14,97,3,17
2,10,23.0,261,1,18,4,7,20,3,17
2,1,5.0,97,0,17,4,2,86,0,24
2,1,5.0,97,0,18,4,16,37,3,24
2,1,5.0,97,0,4,4,8,9,3,24
2,1,5.0,97,0,9,4,8,19,4,24
2,1,5.0,97,0,14,4,4,45,3,24
2,1,5.0,97,0,2,4,1,11,0,24
2,1,5.0,97,0,14,4,16,130,3,24
2,1,5.0,97,0,19,4,3,70,3,24
2,1,5.0,97,0,1,4,6,91,4,24
2,1,5.0,97,0,4,4,6,7,3,24
2,9,5.0,89,0,23,4,13,28,3,24
2,9,5.0,89,0,14,4,6,7,4,24
2,9,12.0,177,0,3,4,8,19,3,28
2,9,12.0,177,0,20,4,13,29,3,28
2,9,12.0,177,0,18,4,0,53,3,28
2,9,12.0,177,0,19,4,6,7,3,28
2,9,20.0,119,1,5,4,14,25,3,29
2,7,13.0,125,2,9,4,4,66,3,25
2,7,13.0,125,2,17,4,10,23,3,25
2,7,13.0,125,2,18,4,1,81,4,25
2,3,4.0,324,4,0,4,8,19,3,30
2,3,4.0,324,4,13,4,0,64,3,30
2,3,4.0,324,4,11,4,5,12,0,30
2,3,4.0,324,4,1,4,0,53,3,30
2,3,4.0,324,4,14,4,6,128,4,30
2,3,4.0,324,4,9,4,12,83,4,30
2,3,4.0,324,4,23,4,6,91,3,30
2,3,14.0,35,3,20,4,0,12,3,5
2,7,13.0,125,2,21,4,10,52,3,25
2,3,15.0,263,0,19,4,11,10,4,1
2,3,15.0,263,0,14,4,11,133,3,1
2,3,15.0,263,0,19,4,0,64,3,1
2,3,15.0,263,0,19,4,11,133,4,1
2,3,15.0,263,0,14,4,3,30,3,1
2,3,15.0,263,0,9,4,14,25,3,1
5,10,11.0,298,6,9,0,10,22,2,9
5,10,12.0,333,3,7,0,10,22,3,28
5,1,1.0,203,6,4,0,1,1,2,7
5,1,21.0,45,5,21,1,14,97,4,21
5,8,12.0,284,6,3,1,9,10,1,28
5,8,13.0,189,3,20,1,2,86,1,25
5,8,13.0,189,3,12,2,1,16,3,25
5,8,13.0,189,3,5,1,12,100,4,25
5,8,18.0,75,5,0,0,4,75,3,0
5,2,2.0,143,0,20,2,9,63,3,22
5,2,3.0,282,1,18,0,16,37,3,27
5,3,19.0,138,3,22,0,15,37,0,10
5,3,20.0,105,0,11,1,2,92,0,29
5,3,20.0,105,0,2,2,5,6,0,29
5,3,26.0,343,3,2,1,9,10,4,3
5,3,25.0,347,6,23,0,14,24,2,13
5,5,18.0,195,0,22,0,10,22,3,0
4,10,17.0,256,6,15,2,16,39,0,6
4,10,19.0,117,0,6,2,9,95,3,10
5,7,9.0,273,0,14,0,2,2,2,12
5,4,10.0,79,6,6,1,13,99,1,4
4,3,25.0,347,3,19,1,13,48,0,13
4,1,26.0,248,4,21,2,10,47,3,3
4,1,26.0,248,4,20,1,1,11,4,3
4,8,9.0,124,4,9,0,6,7,0,12
4,8,9.0,124,4,22,0,16,50,3,12
4,8,18.0,75,6,0,1,11,133,4,0
4,8,20.0,319,0,15,0,10,12,0,29
4,1,17.0,63,1,17,1,15,46,0,6
4,1,17.0,63,1,2,0,13,48,4,6
4,8,3.0,363,5,4,0,1,11,0,27
4,8,8.0,76,2,4,1,9,95,4,8
4,9,23.0,167,1,13,0,8,9,2,17
4,7,24.0,68,2,6,1,15,31,2,14
4,3,15.0,35,4,8,1,16,113,2,1
4,10,27.0,302,1,18,1,4,66,0,15
3,9,21.0,362,5,13,0,12,61,1,21
4,7,22.0,211,0,12,1,0,64,0,26
5,5,21.0,351,4,18,0,2,2,4,21
5,6,1.0,158,0,11,1,1,16,4,7
5,6,9.0,236,1,22,0,9,87,0,12
5,8,2.0,77,2,13,0,16,50,3,22
5,0,21.0,287,0,4,2,11,15,2,21
5,6,9.0,236,1,4,2,7,57,2,12
5,6,21.0,193,3,19,1,0,64,1,21
5,10,11.0,298,6,1,2,5,6,3,9
5,10,12.0,333,3,18,2,13,13,3,28
5,1,1.0,203,6,22,0,9,54,1,7
5,1,27.0,262,4,0,1,14,24,0,15
5,1,27.0,262,4,19,0,13,28,1,15
5,1,30.0,100,3,17,2,13,29,3,19
5,8,30.0,103,2,23,1,8,27,1,19
5,4,11.0,121,3,16,0,3,30,3,9
5,4,11.0,121,3,9,0,13,69,4,9
5,4,11.0,121,3,8,0,2,2,2,9
5,4,12.0,134,0,7,1,14,107,4,28
5,6,9.0,236,1,10,0,7,20,3,12
5,6,21.0,193,3,5,2,0,31,3,21
5,10,1.0,208,2,16,0,11,15,0,7
5,10,1.0,208,2,2,0,7,20,1,7
5,10,1.0,208,2,4,2,8,19,3,7
5,7,1.0,98,3,12,2,15,119,2,7
5,10,20.0,223,0,4,2,0,26,3,29
5,1,1.0,203,6,12,0,15,51,3,7
5,1,27.0,262,4,17,1,2,3,4,15
5,1,30.0,100,3,22,0,6,89,3,19
5,8,12.0,284,6,19,0,8,118,0,28
5,8,13.0,189,3,4,0,10,6,0,25
5,8,18.0,75,5,7,1,16,50,1,0
5,8,18.0,75,5,15,1,10,47,2,0
5,4,2.0,141,5,8,1,8,41,1,22
5,4,10.0,79,6,16,0,13,38,0,4
5,4,21.0,339,2,16,1,4,45,0,21
5,4,28.0,218,2,0,0,1,11,4,18
5,2,3.0,282,1,20,0,13,29,1,27
5,2,3.0,282,1,2,2,7,62,3,27
5,6,1.0,158,0,1,0,5,6,0,7
5,6,3.0,99,2,6,0,13,48,1,27
4,8,8.0,76,2,1,0,2,13,0,8
5,6,3.0,99,2,10,0,16,113,4,27
5,6,2.0,352,1,17,1,14,24,0,22
5,6,4.0,159,4,5,0,10,12,1,30
5,6,9.0,236,1,17,1,9,134,4,12
5,6,9.0,236,1,22,0,9,87,1,12
5,10,2.0,358,4,18,0,9,87,3,22
5,10,12.0,333,3,17,2,14,32,3,28
5,1,27.0,262,4,10,2,13,38,3,15
5,1,30.0,100,3,6,2,6,128,2,19
5,1,30.0,100,3,0,1,6,91,0,19
5,1,30.0,100,3,9,0,11,15,0,19
5,11,16.0,225,5,9,0,9,57,0,2
4,8,9.0,124,4,17,1,13,69,0,12
5,4,14.0,345,2,0,0,5,12,0,5
4,3,26.0,343,0,1,1,11,133,4,3
5,0,28.0,249,0,22,1,9,87,4,18
5,7,11.0,197,2,9,0,5,12,2,9
5,4,14.0,345,2,16,0,15,108,3,5
4,11,11.0,175,0,8,3,1,105,3,9
4,8,18.0,75,6,17,0,4,75,4,0
4,5,2.0,307,3,22,0,5,6,2,22
5,8,12.0,284,6,13,1,4,127,4,28
5,7,5.0,204,4,17,2,10,47,3,24
5,7,3.0,269,1,0,2,15,51,3,27
5,8,13.0,189,3,8,1,5,64,1,25
4,3,23.0,57,5,3,1,12,61,1,17
5,4,31.0,67,6,9,1,1,11,0,20
4,3,20.0,105,1,17,1,7,111,2,29
4,3,25.0,347,3,20,1,10,12,1,13
4,11,30.0,170,6,5,2,10,47,0,19
5,3,12.0,104,3,21,1,9,49,4,28
5,4,14.0,345,2,0,1,9,63,0,5
5,7,3.0,269,1,5,1,10,22,1,27
4,8,18.0,75,6,12,0,10,47,1,0
5,8,12.0,284,6,15,1,16,39,1,28
4,8,20.0,319,0,11,0,9,109,0,29
5,0,8.0,9,1,17,1,0,26,1,8
4,10,21.0,341,2,18,1,10,22,2,21
4,5,17.0,212,0,6,1,16,37,0,6
5,3,12.0,104,3,0,1,15,96,0,28
5,7,8.0,94,3,19,3,9,27,0,8
5,4,21.0,339,2,16,2,9,95,3,21
5,8,18.0,75,5,13,0,0,12,1,0
4,4,12.0,134,1,13,1,9,49,1,28
5,0,7.0,15,0,22,1,2,71,4,11
4,5,17.0,212,0,5,1,12,17,2,6
4,8,24.0,85,5,0,1,7,111,0,14
4,11,30.0,170,6,11,0,6,7,2,19
5,3,12.0,104,3,14,0,8,33,1,28
5,7,8.0,94,3,14,2,13,28,3,8
5,8,30.0,103,2,10,2,10,22,3,19
5,4,21.0,339,2,7,1,10,12,0,21
4,7,15.0,205,0,17,1,10,22,1,1
4,5,24.0,58,0,1,0,0,64,1,14
4,10,4.0,356,3,13,2,13,99,3,30
4,10,23.0,247,5,2,1,3,30,0,17
4,9,11.0,52,4,17,0,10,43,2,9
5,3,19.0,138,3,2,3,1,35,0,10
5,8,30.0,103,2,9,0,3,103,3,19
5,4,28.0,218,2,19,1,9,95,0,18
4,5,10.0,155,0,1,1,10,43,1,4
4,6,10.0,149,4,8,1,5,64,1,4
4,6,11.0,355,5,6,2,9,57,3,9
4,6,16.0,38,2,7,1,3,103,0,2
5,7,1.0,98,3,18,0,3,79,1,7
5,4,14.0,345,2,5,1,5,64,0,5
4,3,4.0,285,3,17,1,16,42,1,30
4,6,16.0,38,2,8,1,7,137,4,2
4,6,25.0,39,5,4,2,8,41,3,13
4,6,11.0,355,5,6,2,9,57,3,9
4,1,8.0,62,3,5,0,0,26,3,8
4,1,10.0,17,1,6,0,6,7,0,4
4,1,18.0,82,2,16,0,8,27,4,0
5,11,24.0,194,6,1,2,8,19,0,14
5,11,31.0,227,6,22,1,2,69,4,20
4,11,7.0,253,4,2,1,5,64,1,11
4,7,19.0,330,5,16,1,5,12,0,10
4,8,16.0,73,4,14,1,0,31,2,2
4,8,15.0,72,2,0,1,5,12,0,1
5,4,22.0,152,4,13,1,9,83,4,26
4,3,6.0,303,1,1,1,9,93,4,23
4,10,24.0,261,6,11,1,12,61,4,14
4,10,27.0,302,1,7,1,0,68,0,15
4,10,27.0,302,1,8,2,7,137,0,15
4,1,17.0,63,1,10,1,9,134,4,6
4,1,17.0,63,1,7,1,2,35,0,6
4,1,17.0,63,1,22,0,11,18,0,6
4,5,1.0,109,6,7,1,14,25,0,7
4,5,1.0,109,6,11,1,7,57,4,7
5,10,16.0,201,4,13,1,0,12,1,2
5,2,6.0,251,5,12,1,9,95,1,23
5,0,1.0,8,1,15,1,12,56,4,7
4,7,1.0,98,0,4,0,8,27,4,7
4,5,26.0,37,2,18,1,11,124,0,3
4,6,8.0,59,1,18,2,13,69,3,8
4,6,9.0,236,2,12,0,10,47,1,12
4,6,18.0,308,5,16,1,6,7,0,0
4,10,17.0,256,6,17,2,10,47,3,6
5,11,31.0,227,6,19,0,2,2,1,20
5,7,7.0,293,6,3,1,4,136,4,11
5,7,24.0,68,1,12,2,10,22,0,14
5,3,23.0,57,4,13,2,2,2,3,17
5,5,6.0,277,2,15,1,0,12,2,23
5,5,14.0,36,4,16,1,9,57,0,5
5,5,22.0,163,5,18,0,10,47,3,26
5,6,17.0,244,2,21,1,0,31,0,6
5,6,22.0,185,0,21,1,15,31,0,26
5,8,7.0,70,0,20,1,12,100,4,11
5,8,8.0,76,1,22,0,12,83,4,8
5,8,14.0,296,0,0,1,9,10,4,5
5,8,14.0,296,0,8,0,16,50,3,5
5,8,15.0,72,1,18,0,10,22,3,1
5,8,15.0,72,1,18,1,6,14,0,1
5,4,26.0,80,0,8,0,5,6,1,3
5,4,26.0,80,0,8,2,2,2,3,3
5,4,26.0,80,0,12,0,3,70,3,3
4,7,12.0,181,5,17,1,11,98,0,28
4,7,28.0,34,3,14,1,10,23,1,18
4,6,22.0,185,1,10,1,11,133,0,26
4,5,3.0,161,0,14,2,2,86,1,27
4,6,14.0,173,0,14,0,16,37,1,5
5,2,5.0,127,4,23,1,11,133,4,24
5,2,5.0,127,4,14,2,10,12,3,24
5,4,24.0,27,6,20,1,0,12,1,14
5,0,18.0,0,5,13,1,8,19,1,0
4,11,7.0,253,4,6,1,0,15,0,11
4,11,15.0,331,5,23,1,11,18,1,1
4,11,25.0,88,0,7,1,10,22,1,13
4,11,31.0,227,3,19,2,15,46,0,20
4,9,8.0,90,0,21,1,13,48,0,8
4,9,10.0,156,2,15,0,4,79,0,4
4,7,16.0,40,1,21,2,3,44,0,2
4,7,16.0,40,1,14,2,4,127,0,2
4,7,17.0,95,2,2,0,13,36,1,6
4,7,25.0,41,4,5,0,15,39,0,13
4,7,25.0,41,4,8,1,12,83,4,13
4,7,25.0,41,4,20,1,9,134,4,13
4,3,24.0,357,6,9,0,8,41,1,14
4,3,25.0,347,3,17,1,9,57,0,13
4,3,25.0,347,3,5,2,0,77,0,13
4,5,24.0,58,0,6,0,6,7,3,14
4,5,24.0,58,0,20,1,12,84,1,14
4,6,10.0,149,4,6,1,0,31,0,4
4,6,16.0,38,2,23,1,0,64,0,2
5,1,3.0,188,0,15,1,9,109,4,27
4,1,30.0,100,0,8,1,8,33,0,19
5,7,1.0,98,3,4,0,4,82,1,7
5,4,22.0,152,4,2,0,14,24,2,26
5,3,20.0,105,0,0,1,9,87,0,29
5,4,6.0,176,1,13,0,13,28,4,23
5,8,18.0,75,5,2,1,0,77,1,0
4,9,21.0,362,3,6,1,14,97,0,21
4,10,23.0,247,5,18,0,7,62,3,17
4,5,12.0,327,2,14,2,14,32,3,28
5,3,19.0,138,3,9,1,15,46,0,10
4,1,9.0,50,0,11,0,3,115,1,12
4,8,11.0,306,6,8,0,5,6,2,9
5,1,27.0,262,4,11,1,6,132,1,15
5,7,8.0,94,3,6,1,5,6,1,8
4,7,4.0,186,4,11,3,10,22,0,30
5,7,16.0,40,0,13,3,10,47,3,2
4,4,9.0,18,6,8,0,10,52,1,12
4,5,14.0,36,5,12,2,7,120,0,5
5,5,9.0,206,6,14,2,13,21,3,12
5,4,10.0,79,6,1,1,11,90,1,4
5,7,11.0,197,2,21,2,10,12,3,9
4,1,6.0,97,5,11,1,0,64,0,23
4,7,13.0,238,6,21,0,14,24,1,25
5,6,5.0,342,5,4,1,11,15,1,24
5,1,23.0,69,3,19,1,9,93,0,17
4,3,8.0,148,4,6,1,9,10,2,8
5,5,13.0,184,2,3,1,15,46,1,25
4,1,16.0,2,0,14,1,9,58,4,2
5,11,13.0,312,1,2,1,7,62,0,25
5,3,21.0,338,1,4,1,4,5,4,21
5,6,13.0,317,6,5,0,13,38,1,25
5,10,25.0,56,6,6,1,14,125,1,13
4,10,15.0,60,4,22,1,0,31,4,1
4,4,15.0,132,5,19,1,11,15,1,1
5,0,15.0,190,1,11,1,3,44,4,1
5,11,23.0,232,5,12,1,9,27,0,17
5,5,13.0,184,2,1,2,10,22,3,25
5,0,8.0,9,1,4,0,2,2,0,8
4,5,10.0,155,0,17,1,10,43,1,4
4,5,16.0,239,3,22,2,9,93,3,2
4,6,1.0,158,1,18,2,11,90,1,7
4,5,16.0,239,3,2,1,7,31,4,2
5,7,3.0,269,1,18,1,9,87,0,27
5,5,21.0,351,4,21,1,14,25,4,21
5,5,21.0,351,4,22,1,6,7,0,21
5,6,21.0,193,3,8,1,2,92,2,21
5,6,21.0,193,3,18,1,0,31,4,21
4,0,17.0,12,5,19,1,7,20,1,6
4,1,7.0,32,6,4,1,14,88,4,11
4,7,21.0,81,3,12,1,7,111,4,21
5,3,4.0,285,6,1,1,5,64,0,30
5,3,28.0,187,1,19,1,5,6,0,18
5,3,28.0,187,1,17,0,2,40,2,18
5,1,3.0,188,0,12,1,4,5,4,27
4,9,22.0,92,0,2,1,1,81,1,26
4,6,14.0,173,0,23,1,10,47,0,5
4,5,31.0,196,0,19,1,0,77,0,20
4,10,12.0,333,0,12,1,8,41,0,28
5,6,1.0,158,0,17,0,2,86,4,7
4,10,23.0,247,5,14,1,4,45,4,17
4,6,17.0,244,4,23,1,7,54,0,6
4,6,17.0,244,4,18,0,7,111,1,6
4,6,26.0,348,6,9,2,2,13,3,3
4,10,11.0,298,3,7,1,15,31,0,9
4,10,25.0,56,3,2,2,12,61,0,13
4,1,8.0,62,3,16,0,13,99,1,8
4,1,10.0,17,1,21,0,8,9,2,4
4,1,18.0,82,2,16,1,13,29,0,0
4,1,18.0,82,2,2,2,5,6,3,0
4,1,19.0,29,4,15,2,0,26,0,10
4,1,19.0,29,4,1,1,9,101,0,10
4,1,27.0,262,5,9,2,9,134,2,15
4,1,27.0,262,5,13,1,13,123,1,15
4,8,1.0,66,2,20,1,9,10,4,7
4,8,1.0,66,2,20,0,14,24,2,7
4,8,10.0,71,5,14,0,11,133,3,4
4,8,19.0,280,3,22,0,14,24,2,10
4,5,17.0,212,0,10,0,16,72,1,6
4,6,2.0,352,2,16,0,1,59,4,22
5,4,7.0,133,2,17,1,7,120,0,11
4,11,23.0,232,6,20,1,10,47,1,17
5,6,23.0,84,1,1,1,11,133,1,17
4,7,15.0,205,0,5,1,9,10,4,1
4,10,18.0,246,3,18,1,15,31,4,0
4,1,25.0,65,2,12,1,12,61,0,13
4,1,16.0,2,0,12,1,11,15,2,2
4,4,9.0,18,6,17,1,16,139,0,12
4,6,10.0,149,4,0,2,5,12,3,4
4,6,10.0,149,4,5,0,5,6,0,4
4,6,26.0,348,6,21,1,13,28,2,3
4,10,11.0,298,3,21,1,10,47,0,9
4,10,11.0,298,3,1,2,14,25,2,9
4,10,16.0,201,5,22,0,5,6,2,2
4,10,25.0,56,3,3,2,15,31,1,13
4,10,28.0,216,2,22,0,7,120,3,18
4,10,28.0,216,2,9,0,1,35,4,18
4,1,8.0,62,3,17,1,4,4,1,8
4,1,18.0,82,2,21,1,8,118,0,0
4,1,27.0,262,5,13,2,10,47,3,15
4,8,1.0,66,2,11,1,0,64,4,7
4,4,2.0,141,6,3,0,4,75,3,22
4,4,18.0,26,0,2,1,4,75,1,0
4,4,18.0,26,0,14,2,0,96,3,0
4,4,18.0,26,0,4,1,4,127,4,0
4,4,20.0,115,2,22,0,0,77,1,29
4,2,11.0,297,4,7,1,1,67,0,9
5,8,23.0,102,2,4,1,7,120,0,17
5,4,1.0,144,4,1,0,0,53,0,7
4,6,6.0,83,3,0,2,7,120,3,23
5,11,1.0,222,4,23,2,10,22,3,7
5,4,12.0,134,0,0,1,14,110,0,28
4,1,6.0,97,5,0,0,0,77,0,23
4,7,13.0,238,6,4,2,8,19,3,25
5,7,11.0,197,2,7,1,3,115,0,9
5,7,18.0,154,2,8,0,8,27,3,0
4,6,6.0,83,3,22,2,14,88,2,23
5,3,3.0,182,5,11,1,1,11,4,27
4,1,22.0,164,3,23,1,10,52,1,26
5,4,14.0,345,2,2,1,10,22,2,5
3,0,25.0,281,4,11,1,15,51,4,13
5,5,17.0,212,3,13,0,8,33,2,6
5,3,12.0,104,3,23,1,0,64,4,28
4,1,22.0,164,3,9,0,8,41,3,26
5,4,28.0,218,2,8,2,12,80,0,18
5,11,1.0,222,4,14,2,2,123,0,7
5,5,18.0,195,0,19,1,1,67,1,0
4,10,23.0,247,5,6,2,4,82,3,17
5,3,18.0,165,6,18,0,16,50,1,0
4,1,22.0,164,3,11,1,14,25,1,26
5,1,5.0,219,2,16,2,11,18,2,24
5,11,9.0,311,5,4,2,4,75,0,12
4,7,13.0,238,6,9,0,9,27,0,25
5,5,18.0,195,0,9,0,13,29,1,0
4,10,23.0,247,5,6,1,12,84,0,17
5,3,20.0,105,0,6,0,5,6,0,29
4,8,15.0,72,2,13,0,10,6,3,1
5,1,5.0,219,2,14,0,2,2,1,24
5,3,1.0,180,2,13,1,6,128,1,7
5,1,5.0,219,2,8,0,11,18,3,24
5,5,26.0,37,1,18,2,13,29,1,3
3,2,1.0,16,6,17,1,5,6,1,7
4,8,15.0,72,2,4,0,13,29,3,1
5,3,20.0,105,0,22,0,4,121,3,29
4,8,30.0,103,4,3,1,8,33,0,19
4,7,19.0,330,5,5,0,0,0,0,10
5,1,30.0,100,3,11,1,1,105,4,19
5,9,1.0,126,3,12,1,10,47,1,7
4,8,15.0,72,2,14,1,8,19,0,1
5,3,25.0,347,6,19,1,3,30,0,13
4,2,16.0,220,1,23,1,15,85,0,2
4,7,19.0,330,5,13,0,15,108,1,10
5,8,30.0,103,2,17,1,6,7,0,19
5,4,22.0,152,4,5,1,1,59,4,26
5,4,28.0,218,2,18,1,6,7,0,18
5,2,3.0,282,1,17,1,15,31,4,27
5,2,14.0,231,6,23,1,2,13,1,5
5,2,30.0,131,0,5,0,10,47,0,19
5,0,12.0,113,6,16,0,8,41,4,28
5,0,20.0,172,3,22,0,2,92,1,29
5,0,21.0,287,0,2,2,9,57,0,21
5,0,28.0,249,0,9,1,13,21,4,18
4,7,11.0,197,4,16,1,6,7,0,9
4,7,11.0,197,4,14,2,2,71,0,9
4,7,19.0,330,5,2,0,9,57,0,10
4,3,6.0,303,1,13,0,6,7,0,23
4,5,6.0,277,4,8,1,14,126,0,23
4,5,12.0,327,2,17,0,2,3,4,28
4,5,15.0,200,6,21,1,6,91,0,1
4,6,6.0,83,3,11,0,13,21,1,23
4,6,6.0,83,3,11,2,10,22,1,23
4,6,6.0,83,3,4,0,10,47,3,23
4,10,5.0,336,0,0,1,13,21,0,24
4,10,15.0,60,4,21,0,0,64,3,1
4,5,6.0,277,4,14,2,5,12,3,23
4,5,12.0,327,2,21,1,9,57,0,28
4,5,15.0,200,6,2,2,12,135,3,1
4,5,21.0,351,5,22,1,1,1,4,21
4,6,6.0,83,3,8,2,7,20,0,23
4,6,6.0,83,3,15,1,5,6,1,23
4,10,5.0,336,0,18,1,3,44,2,24
4,10,15.0,60,4,19,2,9,87,0,1
4,10,15.0,60,4,6,1,6,7,1,1
4,10,23.0,247,5,17,1,3,115,0,17
4,10,23.0,247,5,18,2,8,27,3,17
4,1,4.0,286,2,16,1,2,123,4,30
4,1,7.0,32,6,14,0,9,57,0,11
4,1,22.0,164,3,8,0,13,21,0,26
4,8,15.0,72,2,0,1,10,47,0,1
4,8,21.0,46,1,3,0,6,89,0,21
4,8,21.0,46,1,3,0,16,42,1,21
4,4,5.0,235,1,16,0,0,12,3,24
4,4,5.0,235,1,6,0,1,67,3,24
4,4,15.0,132,5,23,1,10,22,0,1
4,4,15.0,132,5,6,1,5,6,0,1
4,2,6.0,251,6,22,1,1,59,4,23
4,2,13.0,276,6,2,0,15,39,0,25
5,11,1.0,222,4,19,0,12,135,1,7
5,11,9.0,311,5,4,1,5,6,1,12
5,11,11.0,175,3,2,0,11,18,3,9
5,11,18.0,332,3,12,0,2,60,1,0
5,11,28.0,123,2,3,0,4,4,1,18
5,9,3.0,217,1,21,0,8,9,1,27
5,9,8.0,90,3,13,1,1,67,4,8
5,9,8.0,90,3,12,1,7,111,4,8
5,9,8.0,90,3,4,0,11,15,2,8
5,9,9.0,320,0,4,1,12,135,4,12
5,9,25.0,344,2,16,0,14,97,4,13
5,9,25.0,344,2,5,0,9,49,1,13
5,9,27.0,179,5,4,2,10,22,1,15
5,9,27.0,179,5,4,1,9,83,4,15
5,9,25.0,344,2,17,1,5,12,0,13
5,9,28.0,315,6,22,2,13,13,0,18
5,7,1.0,98,3,21,0,9,134,4,7
5,7,1.0,98,3,1,0,16,74,0,7
5,7,3.0,269,1,9,2,16,108,3,27
5,7,9.0,273,0,13,1,9,95,4,12
5,8,2.0,77,2,6,2,6,128,3,22
5,6,11.0,355,4,1,2,8,27,3,9
5,5,17.0,212,3,21,2,0,77,3,6
4,8,21.0,46,1,2,2,10,22,3,21
4,4,16.0,25,6,18,0,3,103,3,2
4,4,16.0,25,6,18,1,9,93,0,2
5,6,2.0,352,1,17,1,10,43,1,22
5,8,2.0,77,2,12,0,9,101,4,22
5,6,4.0,159,4,18,2,2,2,2,30
4,8,24.0,85,5,21,1,4,45,0,14
5,8,23.0,102,2,2,0,2,71,2,17
5,5,18.0,195,0,15,0,10,47,3,0
4,10,21.0,341,2,16,1,9,27,0,21
5,8,30.0,103,2,9,1,6,132,0,19
5,6,21.0,193,3,7,1,0,0,0,21
5,5,18.0,195,0,9,1,14,126,1,0
4,4,5.0,235,1,6,0,5,12,3,24
5,4,9.0,18,5,17,1,0,26,1,12
4,8,23.0,102,4,2,1,14,32,4,17
5,4,10.0,79,6,16,1,15,114,4,4
5,6,21.0,193,3,5,2,14,32,0,21
5,7,1.0,98,3,15,1,2,92,4,7
4,4,15.0,132,5,21,1,0,96,1,1
5,2,23.0,230,0,17,1,9,102,4,17
4,8,23.0,102,4,10,1,7,129,1,17
5,4,11.0,121,3,0,1,15,51,2,9
5,6,27.0,116,6,3,0,2,71,4,15
5,7,1.0,98,3,8,0,5,64,0,7
5,7,3.0,269,1,7,0,14,107,1,27
5,7,3.0,269,1,13,2,14,106,0,27
5,7,11.0,197,2,8,0,0,77,1,9
5,7,18.0,154,2,21,2,14,106,0,0
5,3,12.0,104,3,15,2,10,47,0,28
5,3,18.0,165,6,11,1,6,7,0,0
5,3,20.0,105,0,17,2,12,80,3,29
5,3,25.0,347,6,4,1,9,57,0,13
5,3,25.0,347,6,5,1,0,77,1,13
5,5,9.0,206,6,17,1,8,41,0,12
5,5,18.0,195,0,17,1,16,50,0,0
5,5,18.0,195,0,20,0,1,11,4,0
5,5,18.0,195,0,3,1,9,134,4,0
5,6,1.0,158,0,10,1,13,48,0,7
5,6,1.0,158,0,8,1,11,10,4,7
5,6,3.0,99,2,15,0,10,6,3,27
5,6,3.0,99,2,16,1,13,99,1,27
5,6,3.0,99,2,18,1,0,53,1,27
5,9,25.0,344,2,2,0,14,34,0,13
5,9,27.0,179,5,19,1,0,64,4,15
5,7,1.0,98,3,5,0,1,35,0,7
5,7,1.0,98,3,21,1,14,24,0,7
5,7,9.0,273,0,6,2,16,108,0,12
5,7,9.0,273,0,22,1,13,99,4,12
5,7,18.0,154,2,0,0,0,12,0,0
5,3,20.0,105,0,6,0,13,48,0,29
5,3,20.0,105,0,4,2,9,27,0,29
5,3,26.0,343,3,21,2,1,105,0,3
5,5,17.0,212,3,11,0,5,12,3,6
5,5,17.0,212,3,12,2,4,5,3,6
5,5,17.0,212,3,14,0,10,43,3,6
5,5,17.0,212,3,17,1,12,121,0,6
5,5,21.0,351,4,12,0,0,15,1,21
5,5,21.0,351,4,9,0,12,61,4,21
5,6,4.0,159,4,17,1,0,31,4,30
5,6,4.0,159,4,5,0,10,47,0,30
5,6,4.0,159,4,15,2,11,18,3,30
5,6,21.0,193,3,17,2,3,30,3,21
5,1,1.0,203,6,13,0,5,6,0,7
5,1,1.0,203,6,15,0,0,15,1,7
5,4,13.0,221,1,3,1,5,12,1,25
4,3,21.0,338,2,16,2,0,64,0,21
5,4,13.0,221,1,1,3,9,87,3,25
4,5,23.0,168,3,20,0,10,22,1,17
4,6,15.0,49,1,16,2,6,89,3,1
4,4,4.0,178,0,1,3,11,55,2,30
4,6,15.0,49,1,9,1,0,26,0,1
4,2,16.0,220,1,18,1,12,17,4,2
4,7,30.0,42,1,19,1,14,25,0,19
5,11,27.0,322,1,13,1,9,102,4,15
5,1,29.0,112,6,11,1,0,12,1,16
5,3,1.0,180,2,11,1,15,112,1,7
5,7,18.0,154,2,12,0,14,24,3,0
5,3,18.0,165,6,18,0,10,22,3,0
5,3,18.0,165,6,1,1,9,27,0,0
5,3,20.0,105,0,2,2,7,20,2,29
5,3,26.0,343,3,0,1,11,124,2,3
5,5,9.0,206,6,6,1,2,13,1,12
5,5,9.0,206,6,18,0,4,79,1,12
5,5,18.0,195,0,2,2,5,6,3,0
5,5,21.0,351,4,2,2,9,95,3,21
5,6,3.0,99,2,16,1,7,62,2,27
5,6,3.0,99,2,21,1,13,28,0,27
5,10,1.0,208,2,12,1,15,39,4,7
5,10,11.0,298,6,2,0,0,26,0,9
5,7,6.0,93,5,2,2,4,45,4,23
4,0,22.0,241,2,21,2,8,19,0,26
5,4,11.0,121,3,2,1,8,118,1,9
5,10,1.0,208,2,12,0,8,27,1,7
5,7,6.0,93,5,4,1,1,35,0,23
4,0,30.0,228,4,6,2,10,47,0,19
4,2,6.0,251,6,1,0,8,41,1,23
4,0,31.0,290,5,11,0,14,25,1,20
5,4,14.0,345,2,14,2,6,91,0,5
5,10,1.0,208,2,12,1,10,22,1,7
4,0,31.0,290,5,12,0,2,13,3,20
5,4,8.0,292,4,1,3,10,22,3,8
4,4,5.0,235,1,2,1,9,102,2,24
4,5,10.0,155,0,5,0,13,48,1,4
5,4,21.0,339,2,18,1,2,13,1,21
5,10,11.0,298,6,2,1,5,64,0,9
5,1,4.0,286,1,12,1,11,90,0,30
5,10,27.0,302,0,22,1,0,15,4,15
5,4,28.0,218,2,1,1,1,1,4,18
4,1,13.0,207,5,17,1,16,74,1,25
4,6,14.0,173,0,4,1,11,18,0,5
5,1,3.0,188,0,15,1,1,59,4,27
5,1,5.0,219,2,5,1,11,15,1,24
5,2,2.0,143,0,1,0,10,47,3,22
5,2,3.0,282,1,23,2,9,10,3,27
5,4,2.0,141,5,17,1,15,51,1,22
5,2,3.0,282,1,7,1,1,16,0,27
5,2,28.0,257,6,14,1,13,48,0,18
5,2,29.0,140,3,16,1,0,15,0,16
5,0,6.0,260,3,5,0,1,59,3,23
5,0,29.0,191,1,0,1,1,16,0,16
4,7,13.0,238,6,5,0,10,52,1,25
4,7,21.0,81,3,1,0,2,2,3,21
4,3,4.0,285,3,14,2,15,96,3,30
4,3,4.0,285,3,18,0,13,38,3,30
4,3,29.0,325,4,10,1,0,68,0,16
4,3,29.0,325,4,18,1,1,105,0,16
5,2,11.0,297,2,5,2,8,27,3,9
5,2,14.0,231,6,17,2,15,39,3,5
5,2,14.0,231,6,20,1,6,116,1,5
5,2,14.0,231,6,14,2,7,20,3,5
5,2,30.0,131,0,13,0,0,64,1,19
5,0,6.0,260,3,14,0,9,102,4,23
5,0,6.0,260,3,14,2,3,79,3,23
5,0,12.0,113,6,8,2,16,113,3,28
5,0,12.0,113,6,2,0,14,34,2,28
5,0,21.0,287,0,23,0,10,23,1,21
5,0,20.0,172,3,8,1,6,91,0,29
5,0,31.0,290,4,21,1,16,65,0,20
5,0,12.0,113,6,18,3,16,42,4,28
4,11,12.0,118,1,2,0,10,22,1,28
4,11,12.0,118,1,8,0,12,80,0,28
4,11,30.0,170,6,16,1,2,2,0,19
4,9,11.0,52,4,7,1,10,22,1,9
4,7,11.0,197,4,8,1,13,36,1,9
4,7,21.0,81,3,15,0,10,47,0,21
4,7,21.0,81,3,3,0,11,133,0,21
4,3,4.0,285,3,15,2,8,27,3,30
4,5,6.0,277,4,12,2,2,86,3,23
5,2,14.0,231,6,9,2,11,117,0,5
5,2,14.0,231,6,18,0,16,37,1,5
5,2,28.0,257,6,7,1,5,12,0,18
5,2,30.0,131,0,3,0,9,54,2,19
5,0,6.0,260,3,12,1,1,81,4,23
5,0,11.0,10,5,20,1,11,18,1,9
5,0,20.0,172,3,6,0,10,43,1,29
5,0,21.0,287,0,3,0,8,9,1,21
5,0,28.0,249,0,2,2,12,84,3,18
5,0,31.0,290,4,1,2,15,51,1,20
4,11,12.0,118,1,8,1,5,12,1,28
4,11,12.0,118,1,19,1,9,93,4,28
4,9,11.0,52,4,7,1,11,15,0,9
4,7,11.0,197,4,8,0,1,105,0,9
4,7,11.0,197,4,8,1,10,12,1,9
4,7,21.0,81,3,15,0,13,28,3,21
4,7,21.0,81,3,1,2,1,59,3,21
4,3,6.0,303,1,1,1,14,24,1,23
4,3,29.0,325,4,6,1,11,15,0,16
4,5,12.0,327,2,16,1,5,64,0,28
4,5,12.0,327,2,8,1,5,12,1,28
4,5,14.0,36,5,22,2,6,128,0,5
5,2,2.0,143,0,18,0,7,31,3,22
5,2,2.0,143,0,3,0,8,33,1,22
5,2,30.0,131,0,19,1,11,129,4,19
5,0,11.0,10,5,7,1,13,29,0,9
5,0,12.0,113,6,13,0,16,72,3,28
5,0,12.0,113,6,19,1,11,122,4,28
5,0,20.0,172,3,8,2,2,92,2,29
5,0,20.0,172,3,2,0,1,11,3,29
5,0,21.0,287,0,1,3,2,69,3,21
4,5,14.0,36,5,9,2,15,31,0,5
4,9,5.0,89,5,13,1,12,56,1,24
5,1,21.0,45,5,23,1,10,22,0,21
4,3,28.0,187,2,11,1,8,33,0,18
4,1,15.0,1,3,6,1,0,26,0,1
5,1,30.0,100,3,4,2,9,95,2,19
4,11,5.0,240,1,2,1,14,25,0,24
4,0,8.0,9,2,16,1,9,134,1,8
4,5,21.0,351,5,10,2,0,68,0,21
5,11,8.0,283,4,12,0,10,22,3,8
4,2,22.0,209,0,12,1,10,22,4,26
5,11,1.0,222,4,6,2,0,68,0,7
4,5,21.0,351,5,13,0,10,47,0,21
3,0,20.0,172,6,1,1,14,24,0,29
4,8,29.0,301,2,17,1,9,102,4,16
5,11,1.0,222,4,7,1,14,110,0,7
4,5,21.0,351,5,11,1,8,27,1,21
4,1,15.0,1,3,6,1,12,84,1,1
4,0,15.0,190,2,22,1,6,128,1,1
5,10,26.0,61,3,17,1,10,22,2,3
0,11,1.0,222,3,11,0,6,89,1,7
4,11,11.0,175,0,22,1,8,33,1,9
4,6,5.0,342,6,18,0,10,22,3,24
4,8,23.0,102,4,4,1,0,85,0,17
4,4,30.0,139,6,12,0,11,98,3,19
4,2,21.0,108,3,3,0,0,15,3,21
4,2,24.0,22,2,16,0,0,12,0,14
4,0,6.0,260,0,14,2,6,128,3,23
4,0,8.0,9,2,1,0,8,41,3,8
4,0,13.0,198,0,17,0,5,6,0,25
4,0,22.0,241,2,6,0,10,22,3,26
4,0,30.0,228,4,4,2,8,19,0,19
4,2,18.0,7,4,1,1,9,101,4,0
4,2,18.0,7,4,14,0,7,62,3,0
4,2,29.0,140,0,5,2,13,99,3,16
5,9,6.0,51,5,1,1,1,35,1,23
5,7,7.0,293,6,14,1,7,54,4,11
5,6,24.0,31,2,17,1,9,101,1,14
5,10,30.0,157,4,2,1,9,9,0,19
5,8,7.0,70,0,1,3,9,27,0,11
5,0,25.0,281,5,8,1,7,111,1,13
4,3,24.0,357,6,14,3,12,83,3,14
4,4,20.0,115,2,14,0,1,1,3,29
4,2,10.0,28,2,1,0,8,41,4,4
4,2,11.0,297,4,21,1,2,13,1,9
4,5,21.0,351,5,19,0,14,32,1,21
4,5,21.0,351,5,7,1,5,64,0,21
4,6,6.0,83,3,13,1,5,0,1,23
4,1,6.0,97,5,10,1,6,7,0,23
4,1,12.0,353,4,6,0,10,47,3,28
4,1,22.0,164,3,16,0,10,22,1,26
4,8,16.0,73,4,9,0,10,43,3,2
4,8,21.0,46,1,6,2,3,30,3,21
4,8,24.0,85,5,4,0,10,43,3,14
4,8,24.0,85,5,14,0,13,13,0,14
4,6,6.0,83,3,17,1,3,30,1,23
4,4,24.0,27,3,1,1,6,7,0,14
5,2,2.0,143,0,16,1,3,103,0,22
5,2,2.0,143,0,3,2,11,18,1,22
4,2,27.0,136,6,19,2,16,72,3,15
4,0,19.0,13,3,6,1,7,8,4,10
4,0,27.0,23,0,16,0,0,12,3,15
4,2,29.0,140,0,20,1,14,25,4,16
4,0,11.0,10,6,21,1,1,67,0,9
4,0,19.0,13,3,1,2,10,47,3,10
4,0,27.0,23,0,12,1,12,56,4,15
5,2,2.0,143,0,19,1,1,35,4,22
5,2,11.0,297,2,11,1,2,86,0,9
5,2,14.0,231,6,12,2,6,89,3,5
5,2,28.0,257,6,7,1,10,22,1,18
5,2,28.0,257,6,18,0,3,44,0,18
5,2,28.0,257,6,18,2,16,37,3,18
5,0,6.0,260,3,4,0,0,0,0,23
5,0,28.0,249,0,15,2,1,67,0,18
4,11,30.0,170,6,17,1,5,64,0,19
5,6,1.0,158,0,17,0,8,27,1,7
4,7,21.0,81,3,9,1,10,23,1,21
4,3,4.0,285,3,21,1,11,15,1,30
4,3,4.0,285,3,15,1,1,16,4,30
5,3,10.0,4,5,19,3,0,53,3,4
5,0,19.0,13,6,2,2,11,90,2,10
3,6,1.0,158,3,20,0,8,65,1,7
5,11,9.0,311,5,13,1,13,29,4,12
4,8,23.0,102,4,1,0,16,37,1,17
4,8,23.0,102,4,4,0,7,78,4,17
5,11,9.0,311,5,3,0,3,70,1,12
5,6,18.0,308,4,2,2,8,118,3,0
4,4,6.0,176,2,8,2,9,57,0,23
5,11,9.0,311,5,2,0,14,131,1,12
5,0,19.0,13,6,11,1,2,86,1,10
4,4,13.0,221,2,5,1,3,76,4,25
5,11,9.0,311,5,15,1,15,39,4,12
4,7,12.0,181,5,14,1,16,108,1,28
4,4,22.0,152,5,3,0,10,22,2,26
5,11,9.0,311,5,22,1,5,64,1,12
4,7,20.0,266,6,9,1,3,103,0,29
4,4,22.0,152,5,3,0,8,27,0,26
4,4,22.0,152,5,13,1,7,120,1,26
4,4,30.0,139,6,10,2,9,54,3,19
4,2,22.0,209,0,1,1,0,15,4,26
4,2,24.0,22,2,16,2,10,52,0,14
4,2,25.0,233,4,15,0,15,119,0,13
4,0,6.0,260,0,13,0,8,33,2,23
4,0,8.0,9,2,16,2,6,7,3,8
4,0,13.0,198,0,11,1,12,84,1,25
5,5,8.0,199,5,18,2,12,121,3,8
5,1,25.0,65,1,3,1,15,114,1,13
5,0,17.0,12,4,4,1,9,27,0,6
4,3,27.0,361,1,3,1,13,29,0,15
4,5,1.0,109,6,17,0,14,106,1,7
4,1,17.0,63,1,16,1,0,53,0,6
4,8,9.0,124,4,8,0,9,10,3,12
4,8,9.0,124,4,22,0,15,108,1,12
4,8,9.0,124,4,8,2,2,2,0,12
4,8,9.0,124,4,11,1,12,80,1,12
4,8,17.0,74,5,4,2,6,7,0,6
4,8,18.0,75,6,22,0,1,11,3,0
4,8,18.0,75,6,16,1,14,32,0,0
4,8,20.0,319,0,17,2,14,32,0,29
5,11,31.0,227,6,12,1,13,29,0,20
5,8,15.0,72,1,18,1,9,57,0,1
4,9,17.0,255,2,6,1,8,33,2,6
4,9,10.0,156,2,7,1,6,128,1,4
4,8,25.0,86,6,5,1,12,135,4,13
4,8,26.0,278,3,16,0,10,47,3,3
4,8,26.0,278,3,19,2,13,69,2,3
4,8,28.0,224,1,4,0,4,115,3,18
4,8,28.0,224,1,9,0,16,50,3,18
4,4,2.0,141,6,0,1,3,103,0,22
4,2,2.0,143,1,12,0,1,11,3,22
4,2,10.0,28,2,9,1,0,31,0,4
4,2,11.0,297,4,1,1,3,103,1,9
4,2,18.0,7,4,23,1,0,64,2,0
4,2,18.0,7,4,8,1,9,87,4,0
4,4,1.0,144,5,8,2,0,26,0,7
4,1,26.0,248,4,18,2,8,41,3,3
4,1,26.0,248,4,1,2,14,125,3,3
5,3,14.0,33,1,4,0,1,105,0,5
5,5,16.0,239,6,4,1,16,37,2,2
5,1,26.0,248,2,4,1,7,120,0,3
5,1,31.0,305,0,12,1,15,119,0,20
4,7,27.0,53,6,17,1,11,15,4,15
4,8,20.0,319,0,8,1,10,52,4,29
4,1,17.0,63,1,13,2,1,1,3,6
4,0,1.0,8,2,22,1,10,12,1,7
4,0,29.0,191,2,5,1,4,138,4,16
5,11,9.0,311,5,18,1,4,75,1,12
5,11,11.0,175,3,19,2,8,118,3,9
4,3,28.0,187,2,18,2,12,100,3,18
5,9,9.0,320,0,2,0,9,93,0,12
5,9,25.0,344,2,1,1,12,56,4,13
5,9,8.0,90,3,2,2,11,94,0,8
5,11,1.0,222,4,21,0,4,75,0,7
5,11,9.0,311,5,12,0,15,51,3,12
5,11,11.0,175,3,21,1,11,124,0,9
5,11,18.0,332,3,12,2,1,16,3,0
5,11,25.0,88,3,3,0,10,47,0,13
5,9,8.0,90,3,9,0,8,118,3,8
5,9,9.0,320,0,22,2,16,113,3,12
5,11,28.0,123,2,2,1,13,28,2,18
5,9,28.0,315,6,15,2,3,103,3,18
5,9,28.0,315,6,13,1,14,24,4,18
5,9,28.0,315,6,17,1,10,47,0,18
5,7,8.0,94,3,8,2,16,113,3,8
5,7,11.0,197,2,23,2,7,20,3,9
5,7,11.0,197,2,1,0,5,6,3,9
5,3,12.0,104,3,0,0,13,13,0,28
5,3,12.0,104,3,6,1,11,15,0,28
5,3,12.0,104,3,17,1,7,111,4,28
5,11,1.0,222,4,9,0,9,10,3,7
3,0,28.0,249,3,17,1,5,12,1,18
5,11,11.0,175,3,3,0,6,89,1,9
5,11,11.0,175,3,2,1,9,95,4,9
5,11,11.0,175,3,3,1,13,99,4,9
5,11,18.0,332,3,12,1,9,10,4,0
5,11,25.0,88,3,13,1,7,54,4,13
5,11,28.0,123,2,13,0,9,102,1,18
5,11,28.0,123,2,11,0,2,86,1,18
5,9,2.0,323,0,3,2,11,133,3,22
5,9,8.0,90,3,16,1,11,18,1,8
5,9,8.0,90,3,12,2,13,21,3,8
5,9,25.0,344,2,17,1,9,27,0,13
5,9,27.0,179,5,1,2,8,27,1,15
5,7,1.0,98,3,13,0,4,127,0,7
5,7,3.0,269,1,8,2,9,101,0,27
5,7,8.0,94,3,21,1,3,44,0,8
5,7,1.0,98,3,13,1,10,47,2,7
5,7,8.0,94,3,12,2,8,27,3,8
5,7,8.0,94,3,14,0,6,73,0,8
5,7,9.0,273,0,8,0,13,99,3,12
5,7,18.0,154,2,6,0,0,68,3,0
5,11,1.0,222,4,8,0,8,118,1,7
5,11,18.0,332,3,13,0,9,93,0,0
5,11,25.0,88,3,18,0,8,65,1,13
5,11,28.0,123,2,0,1,0,68,1,18
5,9,2.0,323,0,21,1,9,27,0,22
5,11,18.0,332,3,15,1,11,10,4,0
5,9,9.0,320,0,7,1,1,105,0,12
5,9,9.0,320,0,13,1,14,25,4,12
5,9,18.0,359,2,14,0,1,11,1,0
5,9,18.0,359,2,0,1,15,46,0,0
5,9,27.0,179,5,4,1,11,58,4,15
5,7,1.0,98,3,21,1,14,25,0,7
4,10,4.0,356,3,9,1,13,28,0,30
4,0,13.0,198,0,18,2,5,12,3,25
4,4,13.0,221,2,9,2,11,18,3,25
4,8,23.0,102,4,22,0,10,47,3,17
4,4,21.0,339,4,13,0,13,38,2,21
4,4,21.0,339,4,15,0,3,70,1,21
4,4,22.0,152,5,2,1,2,71,4,26
4,4,22.0,152,5,13,1,2,2,1,26
4,2,14.0,231,3,21,1,0,0,2,5
4,2,14.0,231,3,2,2,15,85,3,5
4,2,14.0,231,3,19,2,16,50,3,5
4,2,14.0,231,3,2,1,2,2,4,5
4,2,21.0,108,3,5,1,6,91,4,21
4,2,22.0,209,0,13,1,15,114,1,26
4,2,25.0,233,4,6,0,14,25,1,13
4,0,8.0,9,2,18,1,6,7,0,8
4,0,13.0,198,0,17,1,15,119,0,25
4,0,13.0,198,0,13,1,1,1,4,25
4,0,15.0,190,2,17,0,6,91,1,1
4,0,15.0,190,2,5,0,8,118,4,1
5,9,1.0,126,3,17,0,13,21,4,7
5,10,26.0,61,3,14,1,10,23,2,3
4,8,23.0,102,4,9,0,3,30,3,17
4,4,21.0,339,4,14,0,10,43,1,21
4,4,22.0,152,5,23,1,1,59,1,26
4,2,15.0,130,0,3,0,9,57,0,1
4,0,6.0,260,0,11,0,14,34,2,23
4,0,6.0,260,0,19,0,12,61,1,23
4,0,6.0,260,0,19,1,14,24,1,23
4,0,8.0,9,2,15,2,13,48,3,8
4,0,30.0,228,4,3,1,6,89,4,19
4,0,31.0,290,5,17,2,12,56,0,20
4,0,30.0,228,4,7,1,1,105,4,19
4,0,31.0,290,5,12,2,0,31,0,20
5,10,4.0,356,6,13,0,16,37,1,30
5,1,3.0,188,0,15,1,12,56,1,27
5,11,8.0,283,4,2,1,12,61,4,8
4,10,22.0,314,4,14,1,8,27,1,26
4,6,30.0,145,2,7,1,10,47,1,19
4,10,4.0,356,3,5,1,12,61,4,30
5,9,1.0,126,3,20,0,13,38,2,7
5,6,11.0,355,4,9,1,8,27,2,9
5,10,10.0,245,5,9,0,8,27,4,4
5,4,19.0,142,0,3,1,0,15,4,10
5,4,19.0,142,0,17,1,9,27,0,10
5,2,27.0,136,5,22,1,5,64,2,15
4,10,12.0,333,0,8,1,2,86,4,28
4,0,31.0,290,5,15,1,0,77,1,20
5,8,2.0,77,2,1,0,6,132,3,22
5,8,12.0,284,6,13,1,14,88,4,28
5,4,10.0,79,6,6,1,9,9,0,4
5,4,11.0,121,3,17,2,10,22,1,9
5,4,11.0,121,3,20,1,7,62,1,9
5,11,30.0,170,5,14,0,1,59,3,19
5,9,21.0,362,6,0,1,5,12,1,21
5,9,16.0,107,0,17,3,6,128,0,2
5,7,5.0,204,4,7,1,10,22,0,24
5,11,8.0,283,4,8,0,13,38,1,8
5,11,8.0,283,4,2,0,0,64,0,8
5,11,8.0,283,4,3,0,14,24,2,8
5,11,16.0,225,5,22,1,9,83,4,2
5,11,16.0,225,5,9,0,10,52,1,2
5,3,29.0,325,2,11,0,13,21,1,16
5,6,19.0,291,5,8,0,9,87,2,10
5,9,10.0,156,1,17,0,9,57,2,4
3,6,6.0,83,5,18,3,15,46,0,23
5,11,20.0,340,1,17,1,12,104,4,29
5,7,16.0,40,0,18,0,6,91,1,2
5,3,8.0,148,2,16,2,12,80,2,8
5,11,23.0,232,5,17,1,1,11,4,17
5,5,16.0,239,6,2,0,11,94,0,2
5,3,22.0,166,2,22,2,7,57,4,26
5,1,26.0,248,2,13,3,7,54,1,3
5,1,24.0,64,0,12,3,10,52,0,14
3,0,24.0,55,2,17,0,7,137,1,14
5,6,14.0,173,3,4,0,1,105,3,5
5,3,4.0,285,6,12,3,9,57,0,30
5,6,14.0,173,3,2,0,6,88,3,5
5,6,16.0,38,1,14,0,15,39,1,2
3,7,3.0,269,0,13,0,7,57,4,27
5,11,4.0,275,3,13,1,13,48,0,30
5,9,1.0,126,3,17,3,16,72,0,7
5,1,18.0,82,1,18,1,5,64,4,0
5,11,25.0,88,3,15,0,2,2,0,13
5,7,18.0,154,2,16,0,10,30,0,0
5,7,6.0,93,5,18,0,8,9,2,23
5,7,6.0,93,5,4,1,13,28,0,23
5,7,21.0,81,6,22,0,6,132,3,21
5,3,16.0,263,4,1,0,16,139,1,2
5,5,7.0,349,4,11,0,2,2,2,11
5,11,23.0,232,5,2,1,12,121,1,17
5,11,30.0,170,5,4,0,14,24,2,19
5,11,30.0,170,5,8,0,8,27,0,19
5,7,22.0,211,3,21,1,0,64,1,26
5,3,8.0,148,2,17,0,13,48,4,8
5,1,22.0,164,6,11,0,10,47,2,26
5,11,13.0,312,1,8,1,11,133,4,25
5,6,15.0,49,0,7,1,2,92,0,1
5,6,15.0,49,0,5,0,16,37,4,1
5,6,15.0,49,0,8,0,10,12,1,1
5,6,17.0,244,2,2,0,2,3,0,6
5,6,22.0,185,0,16,0,0,26,3,26
5,11,5.0,240,0,13,0,5,12,0,24
5,11,5.0,240,0,9,0,11,15,2,24
5,11,5.0,240,0,15,0,5,6,2,24
5,11,8.0,283,4,10,0,9,87,1,8
5,11,8.0,283,4,23,0,3,44,3,8
5,11,16.0,225,5,16,0,13,21,1,2
5,11,17.0,110,6,19,2,10,22,3,6
5,11,19.0,321,0,23,0,10,22,0,10
5,11,19.0,321,0,15,0,5,6,0,10
5,11,19.0,321,0,4,0,8,19,4,10
5,9,1.0,126,3,8,1,14,24,1,7
5,9,1.0,126,3,1,1,12,58,4,7
5,9,10.0,156,1,12,0,0,77,3,4
5,9,10.0,156,1,2,2,13,99,0,4
5,9,10.0,156,1,14,0,8,41,4,4
5,7,19.0,330,4,17,1,1,81,4,10
5,7,19.0,330,4,8,0,8,118,0,10
5,3,4.0,285,6,2,0,14,24,2,30
5,8,3.0,363,4,7,1,1,35,0,27
5,8,3.0,363,4,17,0,10,47,3,27
5,8,3.0,363,4,14,2,11,94,3,27
5,8,3.0,363,4,18,0,2,86,1,27
5,8,4.0,299,5,16,1,1,105,0,30
5,8,11.0,306,5,0,1,6,7,2,9
5,8,11.0,306,5,15,1,9,102,4,9
5,8,29.0,301,1,10,1,10,47,1,16
5,8,28.0,224,0,22,0,9,134,3,18
5,8,29.0,301,1,11,1,9,27,0,16
3,2,26.0,3,2,17,1,9,27,0,3
5,7,25.0,41,2,4,0,12,135,1,13
5,3,9.0,44,4,8,1,8,9,4,12
5,5,10.0,155,3,8,0,0,26,2,4
5,5,10.0,155,3,13,0,8,9,2,4
5,1,10.0,17,0,12,2,16,72,1,4
5,5,12.0,327,1,5,0,10,47,3,28
5,5,12.0,327,1,4,0,9,63,4,28
5,5,12.0,327,1,14,0,9,93,3,28
5,5,19.0,146,1,16,1,13,13,2,10
5,5,19.0,146,1,23,0,2,13,1,10
5,11,12.0,118,0,19,1,7,129,4,28
5,11,24.0,194,6,6,0,8,9,1,14
5,11,24.0,194,6,13,3,0,12,0,14
5,11,31.0,227,6,0,1,12,80,0,20
5,11,31.0,227,6,13,0,2,40,2,20
5,5,25.0,350,0,22,1,7,62,0,13
5,11,8.0,283,4,6,0,3,115,1,8
5,5,14.0,36,4,18,0,9,93,1,5
5,6,14.0,173,3,17,1,11,15,1,5
5,8,28.0,224,0,3,0,6,7,2,18
5,6,17.0,244,2,4,1,2,92,1,6
5,8,5.0,101,6,11,1,12,61,1,24
5,9,6.0,51,5,10,1,10,6,0,23
5,11,8.0,283,4,16,1,0,0,0,8
5,8,11.0,306,5,2,0,7,122,3,9
5,4,5.0,235,0,15,0,10,47,0,24
5,6,22.0,185,0,23,0,1,11,3,26
5,4,23.0,30,5,14,1,15,31,0,17
5,5,25.0,350,0,3,0,4,121,1,13
5,9,6.0,51,5,13,1,16,139,4,23
5,11,8.0,283,4,5,0,9,54,1,8
5,1,6.0,97,4,11,0,13,38,2,23
5,4,5.0,235,0,18,0,15,114,1,24
5,6,22.0,185,0,4,0,0,0,3,26
5,5,25.0,350,0,22,1,1,59,4,13
5,8,5.0,101,6,18,0,2,2,1,24
5,1,10.0,17,0,1,0,11,94,3,4
5,3,28.0,187,1,6,0,3,30,0,18
5,9,6.0,51,5,15,0,15,51,1,23
5,11,8.0,283,4,14,0,10,47,0,8
5,1,11.0,111,1,16,0,16,37,1,9
5,4,5.0,235,0,18,0,11,133,2,24
5,6,24.0,31,2,16,0,10,52,1,14
5,6,15.0,49,0,21,0,3,30,3,1
5,6,15.0,49,0,5,0,8,41,4,1
5,6,17.0,244,2,17,0,0,77,1,6
5,6,17.0,244,2,4,0,2,2,4,6
5,6,17.0,244,2,1,0,0,15,2,6
5,6,17.0,244,2,12,0,11,15,3,6
5,6,24.0,31,2,20,0,9,63,1,14
5,6,24.0,31,2,1,0,4,4,0,14
5,10,5.0,336,3,5,0,14,125,0,24
5,10,5.0,336,3,22,0,15,114,3,24
5,10,5.0,336,3,4,0,15,119,1,24
5,11,31.0,227,6,18,1,4,75,0,20
5,1,19.0,29,2,12,0,15,112,3,10
5,1,19.0,29,2,8,0,6,7,2,10
5,8,4.0,299,5,1,0,0,26,3,30
5,8,4.0,299,5,14,0,0,26,3,30
5,1,28.0,300,5,15,0,11,94,2,18
5,8,11.0,306,5,15,1,15,46,4,9
5,10,21.0,341,1,20,0,15,39,1,21
5,10,21.0,341,1,22,0,14,24,2,21
5,10,28.0,216,1,15,0,14,24,2,18
5,1,2.0,171,3,5,0,7,122,0,22
5,1,10.0,17,0,12,0,16,74,1,4
5,1,12.0,353,2,14,0,3,79,1,28
5,1,19.0,29,2,0,2,13,28,3,10
5,1,28.0,300,5,17,1,9,93,4,18
5,1,29.0,112,6,16,0,3,30,1,16
5,1,29.0,112,6,0,1,14,25,0,16
5,7,12.0,181,4,12,3,5,6,2,28
5,5,10.0,155,3,2,0,0,12,3,4
3,4,1.0,144,2,17,0,12,58,4,7
5,10,28.0,216,1,8,2,8,9,3,18
5,1,29.0,112,6,3,0,2,2,0,16
5,8,3.0,363,4,13,0,13,29,2,27
5,10,18.0,246,6,13,0,7,120,4,0
5,10,4.0,356,6,19,1,0,15,4,30
0,11,1.0,222,3,17,0,1,105,3,7
5,10,26.0,61,3,7,0,9,87,0,3
5,10,26.0,61,3,8,0,8,33,4,3
5,10,29.0,318,2,22,0,0,31,3,16
5,10,29.0,318,2,2,1,15,31,1,16
5,1,3.0,188,0,5,0,9,95,0,27
5,1,3.0,188,0,15,0,13,29,1,27
5,1,3.0,188,0,14,0,10,52,1,27
5,1,11.0,111,1,21,0,0,26,3,9
5,1,11.0,111,1,0,1,13,99,1,9
5,1,11.0,111,1,22,1,3,103,4,9
5,1,18.0,82,1,16,0,0,12,3,0
5,1,11.0,111,1,6,1,4,127,1,9
5,1,13.0,207,4,16,1,7,8,4,25
5,1,13.0,207,4,7,1,6,116,0,25
5,1,13.0,207,4,15,0,5,6,2,25
5,1,18.0,82,1,17,0,6,128,1,0
5,1,18.0,82,1,2,0,4,136,4,0
0,11,1.0,222,3,17,0,14,25,3,7
5,10,5.0,336,3,18,0,10,47,3,24
5,10,14.0,174,1,12,2,14,24,0,5
5,10,14.0,174,1,6,0,15,46,3,5
5,10,24.0,261,5,11,0,6,91,1,14
5,10,24.0,261,5,4,1,6,89,2,14
5,10,30.0,157,4,22,0,1,1,3,19
5,10,30.0,157,4,22,0,16,74,2,19
5,8,1.0,66,1,4,0,10,47,1,7
5,8,1.0,66,1,14,0,15,108,3,7
5,8,1.0,66,1,12,1,14,88,0,7
5,8,7.0,70,0,18,0,15,31,2,11
5,8,8.0,76,1,9,0,14,24,1,8
5,8,7.0,70,0,16,1,5,6,2,11
5,8,1.0,66,1,8,0,10,23,1,7
5,8,14.0,296,0,16,0,0,26,0,5
5,8,14.0,296,0,3,1,1,81,4,5
5,8,14.0,296,0,19,3,12,104,0,5
5,8,15.0,72,1,1,0,11,133,1,1
5,4,15.0,132,4,6,1,9,27,0,1
5,8,9.0,124,2,9,1,5,12,0,12
5,10,14.0,174,1,2,0,5,6,0,5
5,8,3.0,363,4,13,2,5,12,2,27
5,8,4.0,299,5,2,0,5,6,2,30
5,8,5.0,101,6,19,0,5,12,3,24
5,8,5.0,101,6,8,0,11,133,2,24
5,8,3.0,363,4,1,1,10,22,0,27
5,3,1.0,180,2,17,0,6,116,1,7
5,8,28.0,224,0,13,0,2,2,2,18
5,3,28.0,187,1,5,0,13,29,2,18
5,7,24.0,68,1,0,0,0,12,3,14
5,9,12.0,177,4,7,0,3,44,1,28
5,1,11.0,111,1,5,0,0,77,4,9
5,1,12.0,353,2,14,0,5,12,1,28
5,4,20.0,115,1,16,0,8,19,4,29
5,9,12.0,177,4,20,0,6,132,1,28
5,7,24.0,68,1,8,1,16,74,1,14
5,11,8.0,283,4,15,0,10,47,3,8
5,3,27.0,361,0,11,0,6,128,1,15
5,7,20.0,266,5,2,0,6,91,1,29
5,1,18.0,82,1,0,1,14,25,0,0
5,8,28.0,224,0,1,0,14,34,3,18
5,7,24.0,68,1,15,0,5,12,3,14
5,11,16.0,225,5,15,0,2,2,3,2
5,3,29.0,325,2,4,0,16,39,0,16
5,11,17.0,110,6,16,0,7,137,4,6
5,5,4.0,114,0,9,0,10,22,3,30
5,3,9.0,44,4,13,0,9,95,2,12
5,1,18.0,82,1,20,0,6,132,1,0
5,8,29.0,301,1,17,2,13,21,0,16
5,9,22.0,92,3,23,0,2,2,4,26
5,7,24.0,68,1,1,2,15,114,0,14
5,11,17.0,110,6,0,0,8,41,1,6
5,5,20.0,214,2,0,0,4,127,4,29
5,8,28.0,224,0,19,3,14,32,4,18
3,11,15.0,331,2,13,0,9,57,4,1
5,1,19.0,29,2,16,0,13,48,1,10
5,9,22.0,92,3,22,3,9,134,4,26
5,3,13.0,210,0,8,0,9,109,0,25
5,1,19.0,29,2,3,0,14,107,1,10
5,1,18.0,82,1,14,0,14,32,1,0
5,11,17.0,110,6,13,2,15,119,3,6
5,8,29.0,301,1,14,0,14,131,1,16
5,1,19.0,29,2,4,0,15,77,3,10
5,9,24.0,272,1,21,0,11,124,1,14
5,5,11.0,326,0,18,0,13,21,1,9
5,3,13.0,210,0,14,0,10,47,0,25
5,8,19.0,280,6,22,2,8,33,3,10
5,11,19.0,321,0,0,1,16,37,4,10
5,4,13.0,221,1,6,1,10,22,2,25
5,5,19.0,146,1,7,0,7,137,1,10
5,9,24.0,272,1,19,0,3,79,4,14
5,1,19.0,29,2,9,0,8,118,3,10
5,5,27.0,328,2,14,2,7,111,0,15
5,4,13.0,221,1,16,0,10,43,3,25
5,3,15.0,35,2,5,0,10,47,0,1
5,5,20.0,214,2,2,0,15,108,1,29
5,9,24.0,272,1,2,0,9,57,0,14
5,1,28.0,300,5,0,0,2,86,1,18
5,11,19.0,321,0,15,0,0,77,2,10
5,4,13.0,221,1,13,0,3,76,3,25
5,9,26.0,267,4,19,1,11,55,4,3
5,3,15.0,35,2,1,0,7,57,2,1
5,3,23.0,57,4,17,0,6,7,1,17
5,3,23.0,57,4,15,0,1,35,4,17
5,3,23.0,57,4,19,0,3,79,0,17
5,5,6.0,277,2,15,0,7,57,3,23
5,5,6.0,277,2,22,0,6,128,1,23
5,5,6.0,277,2,9,0,9,9,4,23
5,5,6.0,277,2,10,0,7,129,2,23
5,5,14.0,36,4,15,0,11,117,1,5
5,5,14.0,36,4,5,0,9,27,0,5
5,5,14.0,36,4,14,2,1,59,3,5
5,5,22.0,163,5,0,1,14,126,0,26
5,5,22.0,163,5,5,2,8,27,0,26
5,11,5.0,240,0,2,0,13,28,1,24
5,5,22.0,163,5,20,1,3,76,1,26
5,5,22.0,163,5,15,1,1,105,4,26
5,5,22.0,163,5,2,1,11,10,4,26
5,9,6.0,51,5,3,0,9,49,1,23
5,10,19.0,117,3,5,3,13,29,2,10
5,10,19.0,117,3,8,2,8,27,0,10
5,10,21.0,341,1,17,0,10,22,3,21
5,10,21.0,341,1,16,0,14,34,1,21
5,10,21.0,341,1,4,0,10,43,3,21
5,10,28.0,216,1,12,0,16,50,3,18
5,10,28.0,216,1,1,0,7,120,4,18
5,10,28.0,216,1,4,0,9,27,3,18
5,1,2.0,171,3,17,0,9,87,3,22
5,1,2.0,171,3,7,1,12,61,0,22
5,1,2.0,171,3,11,1,1,59,4,22
5,1,2.0,171,3,18,0,15,46,0,22
5,1,10.0,17,0,3,0,5,6,3,4
5,1,10.0,17,0,22,0,10,47,0,4
5,1,12.0,353,2,17,1,8,33,0,28
5,1,12.0,353,2,9,0,10,43,1,28
5,1,19.0,29,2,17,0,8,19,0,10
5,1,19.0,29,2,21,0,3,115,4,10
5,1,19.0,29,2,14,0,4,82,1,10
5,1,28.0,300,5,6,0,10,52,1,18
5,10,4.0,356,6,15,0,10,47,2,30
5,7,19.0,330,4,11,0,4,4,2,10
5,3,10.0,4,5,15,0,14,24,2,4
5,9,12.0,177,4,6,0,9,101,0,28
5,9,12.0,177,4,4,2,5,6,3,28
5,9,12.0,177,4,14,0,7,111,1,28
5,9,22.0,92,3,6,0,13,21,1,26
5,9,22.0,92,3,21,0,5,6,0,26
5,9,22.0,92,3,5,1,1,81,4,26
5,9,22.0,92,3,4,0,1,59,2,26
5,9,22.0,92,3,4,0,1,16,3,26
5,9,24.0,272,1,11,0,0,53,4,14
5,9,24.0,272,1,3,0,2,86,3,14
5,9,24.0,272,1,19,0,6,7,2,14
5,9,24.0,272,1,11,0,9,93,1,14
5,7,24.0,68,1,5,2,16,74,0,14
5,3,13.0,210,0,22,0,13,38,2,25
5,3,15.0,35,2,15,0,16,37,4,1
5,3,15.0,35,2,4,0,10,22,4,1
5,3,23.0,57,4,2,0,2,86,1,17
5,3,23.0,57,4,3,1,9,49,4,17
3,4,1.0,144,2,22,0,1,16,1,7
5,1,28.0,300,5,3,1,2,123,1,18
5,1,28.0,300,5,15,1,1,105,1,18
5,1,29.0,112,6,0,1,10,22,0,16
5,1,28.0,300,5,13,2,3,79,3,18
5,1,29.0,112,6,14,0,16,37,1,16
5,1,28.0,300,5,14,3,5,6,0,18
5,8,3.0,363,4,13,0,12,121,1,27
5,8,3.0,363,4,1,0,16,37,4,27
5,8,4.0,299,5,11,0,0,85,4,30
5,8,4.0,299,5,19,2,13,21,2,30
5,8,4.0,299,5,18,0,4,127,4,30
5,8,4.0,299,5,9,0,14,131,3,30
5,8,11.0,306,5,12,0,10,22,3,9
5,8,11.0,306,5,1,0,2,86,4,9
5,8,11.0,306,5,4,0,8,118,1,9
5,8,11.0,306,5,22,0,14,24,2,9
5,8,29.0,301,1,16,0,0,12,0,16
5,11,19.0,321,0,13,2,6,7,0,10
5,10,18.0,246,6,17,1,15,114,1,0
5,6,19.0,291,5,17,0,13,99,1,10
5,5,28.0,259,4,0,1,12,56,1,18
5,7,19.0,330,4,23,2,3,79,0,10
5,4,13.0,221,1,3,0,14,24,2,25
5,9,24.0,272,1,1,0,15,51,0,14
5,11,19.0,321,0,5,1,4,79,4,10
5,6,18.0,308,4,3,0,8,41,2,0
5,6,19.0,291,5,17,0,11,15,3,10
5,6,26.0,348,5,6,1,2,35,0,3
5,6,29.0,335,0,15,0,3,30,2,16
5,6,29.0,335,0,19,0,10,6,3,16
5,10,4.0,356,6,4,0,8,9,3,30
5,10,10.0,245,5,17,2,10,12,3,4
5,10,24.0,261,5,14,0,10,52,1,14
5,10,30.0,157,4,17,0,3,30,0,19
5,10,30.0,157,4,20,0,6,91,3,19
5,10,30.0,157,4,9,0,6,7,1,19
5,8,1.0,66,1,19,0,2,2,0,7
5,8,7.0,70,0,17,2,6,7,0,11
5,8,8.0,76,1,17,0,0,12,1,8
5,8,8.0,76,1,21,0,0,31,2,8
5,8,9.0,124,2,22,0,16,37,3,12
5,8,9.0,124,2,12,0,4,5,4,12
5,8,14.0,296,0,5,1,6,91,4,5
5,8,14.0,296,0,14,0,13,29,2,5
5,8,15.0,72,1,16,0,0,12,3,1
5,8,15.0,72,1,23,0,15,85,1,1
5,11,31.0,227,6,0,0,10,47,3,20
5,11,31.0,227,6,14,1,10,22,0,20
5,3,23.0,57,4,17,0,9,101,1,17
5,3,23.0,57,4,22,0,1,59,2,17
5,3,23.0,57,4,1,0,6,89,3,17
5,3,23.0,57,4,2,0,11,15,3,17
5,10,10.0,245,5,20,0,2,2,1,4
5,10,10.0,245,5,4,0,2,86,4,4
5,3,29.0,325,2,16,0,1,35,4,16
5,3,29.0,325,2,19,0,9,134,0,16
5,5,11.0,326,0,6,1,5,6,0,9
5,5,11.0,326,0,19,0,10,47,0,9
5,5,27.0,328,2,19,0,1,1,0,15
5,5,27.0,328,2,4,0,14,24,2,15
5,6,11.0,355,4,0,0,13,99,2,9
5,6,11.0,355,4,4,1,0,96,4,9
5,6,19.0,291,5,14,2,7,78,3,10
5,6,26.0,348,5,17,0,1,1,1,3
5,6,26.0,348,5,13,2,14,125,2,3
5,6,26.0,348,5,8,0,10,47,3,3
5,6,26.0,348,5,22,1,1,1,4,3
5,6,29.0,335,0,6,0,3,70,3,16
5,6,29.0,335,0,8,0,11,18,1,16
5,6,29.0,335,0,3,1,6,89,4,16
5,10,4.0,356,6,17,1,12,104,2,30
5,10,10.0,245,5,10,2,16,72,0,4
5,10,10.0,245,5,1,0,11,18,1,4
5,10,10.0,245,5,18,0,4,138,1,4
5,10,26.0,61,3,17,0,2,92,1,3
5,3,23.0,57,4,18,0,7,62,2,17
5,5,6.0,277,2,6,2,0,68,0,23
5,5,22.0,163,5,5,0,8,9,1,26
5,5,22.0,163,5,22,1,7,54,4,26
5,5,25.0,350,0,6,1,7,120,0,13
5,5,25.0,350,0,23,0,14,34,1,13
5,5,25.0,350,0,10,0,7,78,4,13
5,5,25.0,350,0,13,3,16,50,1,13
5,5,25.0,350,0,3,0,2,92,0,13
5,5,25.0,350,0,18,0,0,64,3,13
5,6,17.0,244,2,16,0,3,30,3,6
5,6,17.0,244,2,7,0,6,7,1,6
5,6,17.0,244,2,6,1,7,129,1,6
5,6,17.0,244,2,4,0,5,6,2,6
5,6,22.0,185,0,0,1,5,64,0,26
5,6,22.0,185,0,14,0,10,47,0,26
5,6,22.0,185,0,3,1,1,16,4,26
5,10,5.0,336,3,7,0,4,75,1,24
5,6,15.0,49,0,22,0,2,123,3,1
5,6,15.0,49,0,12,0,5,6,3,1
5,6,15.0,49,0,9,0,14,107,1,1
5,6,15.0,49,0,1,0,5,6,0,1
5,10,18.0,246,6,2,0,4,82,3,0
5,10,19.0,117,3,20,1,3,30,1,10
5,10,21.0,341,1,21,0,13,38,3,21
5,10,21.0,341,1,22,2,14,126,0,21
5,10,28.0,216,1,16,0,6,7,3,18
5,1,2.0,171,3,8,0,9,49,4,22
5,1,2.0,171,3,9,0,11,94,1,22
5,1,10.0,17,0,15,0,0,64,3,4
5,7,19.0,330,4,8,0,9,102,2,10
5,5,28.0,259,4,22,0,13,29,4,18
5,7,19.0,330,4,5,0,15,51,4,10
5,10,26.0,61,3,22,3,14,126,3,3
5,11,19.0,321,0,9,0,11,18,1,10
5,7,7.0,293,6,21,1,12,80,0,11
5,9,1.0,126,3,20,1,12,61,4,7
5,4,29.0,313,4,6,0,4,5,1,16
5,7,7.0,293,6,1,1,1,59,4,11
5,5,28.0,259,4,18,0,15,31,3,18
3,3,20.0,105,3,17,3,11,15,0,29
5,10,26.0,61,3,13,0,13,13,3,3
5,9,10.0,156,1,9,2,5,6,3,4
5,7,19.0,330,4,1,0,8,118,0,10
5,5,28.0,259,4,20,1,10,23,1,18
5,3,13.0,210,0,16,2,0,77,1,25
5,10,29.0,318,2,18,0,7,62,3,16
5,3,4.0,285,6,8,0,6,89,1,30
5,5,28.0,259,4,18,1,5,12,0,18
5,4,29.0,313,4,23,1,1,59,4,16
5,6,10.0,149,2,6,1,14,24,0,4
5,1,3.0,188,0,3,0,0,26,1,27
5,1,4.0,286,1,17,0,13,99,1,30
5,6,10.0,149,2,21,0,6,7,1,4
5,7,19.0,330,4,7,0,2,13,1,10
5,9,10.0,156,1,1,0,5,6,0,4
5,4,30.0,139,5,23,0,5,12,3,19
5,3,4.0,285,6,9,0,8,9,1,30
5,1,3.0,188,0,14,1,11,15,0,27
5,6,28.0,309,3,8,0,8,9,3,18
5,3,10.0,4,5,13,0,15,51,1,4
5,9,26.0,267,4,13,0,10,47,2,3
5,4,30.0,139,5,5,1,1,1,4,19
5,3,10.0,4,5,3,2,11,94,3,4
5,6,18.0,308,4,3,0,4,138,3,0
5,3,10.0,4,5,5,0,10,47,3,4
5,6,28.0,309,3,14,0,15,51,3,18
3,5,1.0,109,4,13,0,13,36,1,7
5,3,27.0,361,0,22,0,5,47,3,15
5,6,18.0,308,4,8,1,8,19,1,0
5,3,10.0,4,5,4,0,8,9,1,4
5,6,28.0,309,3,9,0,2,86,3,18
5,3,27.0,361,0,9,0,7,20,3,15
5,9,26.0,267,4,8,2,8,27,2,3
5,6,18.0,308,4,1,0,8,118,4,0
5,10,3.0,310,5,23,0,8,33,1,27
5,3,28.0,187,1,16,0,6,7,0,18
5,3,28.0,187,1,22,0,5,6,3,18
5,3,28.0,187,1,2,0,8,9,3,18
5,10,14.0,174,1,16,0,12,61,1,5
5,10,24.0,261,5,4,1,13,99,4,14
5,10,24.0,261,5,1,0,10,52,1,14
5,10,24.0,261,5,4,0,5,12,1,14
5,10,30.0,157,4,19,1,2,86,1,19
5,10,30.0,157,4,22,0,6,128,4,19
5,10,30.0,157,4,19,0,5,6,0,19
5,8,1.0,66,1,16,0,5,6,3,7
5,8,1.0,66,1,0,0,14,34,3,7
5,8,1.0,66,1,17,1,1,105,0,7
5,8,1.0,66,1,10,0,14,25,3,7
5,8,1.0,66,1,18,0,11,0,3,7
5,8,7.0,70,0,14,0,4,4,3,11
5,8,8.0,76,1,6,2,16,139,3,8
5,8,9.0,124,2,6,2,4,138,3,12
5,8,9.0,124,2,19,0,10,22,3,12
5,8,14.0,296,0,6,0,8,9,2,5
5,8,14.0,296,0,1,1,9,10,4,5
5,4,15.0,132,4,11,0,10,22,3,1
5,6,22.0,185,0,13,1,14,126,4,26
5,3,28.0,187,1,22,3,5,12,0,18
5,3,28.0,187,1,4,3,5,64,2,18
5,3,29.0,325,2,13,0,1,59,4,16
5,3,29.0,325,2,2,0,1,11,4,16
5,3,29.0,325,2,4,0,6,128,1,16
5,3,29.0,325,2,9,0,16,65,3,16
5,3,29.0,325,2,13,1,11,18,1,16
5,5,11.0,326,0,20,0,10,47,3,9
5,5,11.0,326,0,12,0,14,125,3,9
5,5,27.0,328,2,13,1,2,92,1,15
3,6,1.0,158,3,2,0,10,22,1,7
5,5,27.0,328,2,15,0,2,92,1,15
5,6,11.0,355,4,16,1,14,25,0,9
5,6,11.0,355,4,15,1,15,112,4,9
5,6,11.0,355,4,18,1,9,95,2,9
5,6,26.0,348,5,11,0,7,120,4,3
5,6,26.0,348,5,21,1,10,47,1,3
5,6,26.0,348,5,18,1,0,0,2,3
5,6,29.0,335,0,6,0,7,20,0,16
5,6,29.0,335,0,23,1,11,15,1,16
5,10,4.0,356,6,17,2,15,51,3,30
5,10,4.0,356,6,4,0,4,66,3,30
5,10,4.0,356,6,18,0,7,111,3,30
5,4,5.0,235,0,13,0,13,29,3,24
5,4,5.0,235,0,22,0,1,11,4,24
5,10,18.0,246,6,19,0,8,118,1,0
5,10,19.0,117,3,20,0,16,42,1,10
5,10,19.0,117,3,10,0,1,1,4,10
5,10,19.0,117,3,5,0,5,12,2,10
3,2,17.0,6,0,23,0,14,24,1,6
3,0,1.0,8,0,12,0,15,114,1,7
5,5,4.0,114,0,12,0,15,114,1,30
5,10,13.0,346,0,9,1,2,123,0,25
3,0,1.0,8,0,5,0,1,35,4,7
5,6,28.0,309,3,19,1,6,7,0,18
5,6,10.0,149,2,13,3,8,19,0,4
5,10,19.0,117,3,8,0,1,16,0,10
5,10,28.0,216,1,0,0,5,64,2,18
5,1,12.0,353,2,7,0,0,26,0,28
5,1,12.0,353,2,13,0,6,126,1,28
5,1,12.0,353,2,9,0,7,8,2,28
5,1,19.0,29,2,16,0,0,26,3,10
5,6,15.0,49,0,8,3,9,93,1,1
5,5,22.0,163,5,3,1,10,47,1,26
5,5,25.0,350,0,23,0,14,106,3,13
5,11,2.0,265,5,15,0,10,23,1,22
5,6,19.0,291,5,14,0,6,7,1,10
5,3,27.0,361,0,4,0,8,9,0,15
5,11,2.0,265,5,9,0,5,12,3,22
5,6,26.0,348,5,17,0,8,41,1,3
5,6,26.0,348,5,18,0,0,64,0,3
5,0,13.0,198,3,14,0,12,135,4,25
5,11,8.0,283,4,13,0,13,38,4,8
5,10,3.0,310,5,20,1,7,31,4,27
5,10,4.0,356,6,17,0,8,41,1,30
5,1,20.0,151,4,20,0,2,92,0,29
5,10,13.0,346,0,2,0,1,1,4,25
5,10,4.0,356,6,13,0,8,9,2,30
5,1,20.0,151,4,10,1,7,8,4,29
5,11,8.0,283,4,14,0,8,9,1,8
5,10,10.0,245,5,20,0,15,46,1,4
5,8,19.0,280,6,22,0,14,106,2,10
5,3,27.0,361,0,18,2,11,94,2,15
5,10,10.0,245,5,12,0,6,89,3,4
5,8,20.0,319,3,11,1,1,59,4,29
5,11,16.0,225,5,5,0,12,61,1,2
5,5,6.0,277,2,12,0,2,86,1,23
5,10,26.0,61,3,3,3,5,6,0,3
5,8,19.0,280,6,11,0,12,83,3,10
5,8,20.0,319,3,4,1,13,38,0,29
5,8,21.0,46,0,12,0,1,16,3,21
5,8,21.0,46,0,1,0,6,89,3,21
5,8,27.0,78,3,23,0,14,107,3,15
5,8,27.0,78,3,2,2,3,76,2,15
5,8,27.0,78,3,22,0,11,90,3,15
5,8,27.0,78,3,22,1,1,16,4,15
5,4,3.0,279,6,13,2,0,85,0,27
5,11,17.0,110,6,19,2,0,96,0,6
5,11,17.0,110,6,14,0,0,31,1,6
5,11,19.0,321,0,15,0,13,29,1,10
5,11,19.0,321,0,15,0,9,10,0,10
5,1,11.0,111,1,1,1,9,83,4,9
5,11,19.0,321,0,8,2,15,77,3,10
5,8,9.0,124,2,6,2,9,63,3,12
5,4,24.0,27,6,10,0,2,60,4,14
5,4,15.0,132,4,2,0,2,86,1,1
5,4,24.0,27,6,19,0,7,129,2,14
2,1,1.0,171,4,1,0,11,98,4,7
5,4,26.0,80,0,15,0,16,50,1,3
5,4,26.0,80,0,22,0,14,110,4,3
5,4,26.0,80,0,2,0,16,139,4,3
5,10,24.0,261,5,19,0,10,47,3,14
5,10,30.0,157,4,14,0,10,47,1,19
5,8,1.0,66,1,11,0,7,137,1,7
5,8,7.0,70,0,0,2,6,128,3,11
5,8,7.0,70,0,4,0,8,9,1,11
5,8,7.0,70,0,12,0,16,113,1,11
5,8,7.0,70,0,20,1,13,48,1,11
5,8,8.0,76,1,6,2,8,33,3,8
5,8,7.0,70,0,15,1,11,98,4,11
5,8,8.0,76,1,2,2,8,41,0,8
5,8,8.0,76,1,1,0,7,62,1,8
5,8,8.0,76,1,19,1,1,1,4,8
5,8,9.0,124,2,16,0,11,15,3,12
5,6,15.0,49,0,22,3,5,0,2,1
5,8,9.0,124,2,10,0,13,48,4,12
5,4,30.0,139,5,13,3,4,75,4,19
5,4,30.0,139,5,17,0,10,43,1,19
5,4,30.0,139,5,9,0,8,19,4,19
5,2,4.0,254,2,23,0,0,26,3,30
5,2,4.0,254,2,22,0,10,22,3,30
5,2,4.0,254,2,12,0,2,69,3,30
5,2,4.0,254,2,9,2,6,89,3,30
5,2,12.0,128,4,13,0,9,49,2,28
5,2,12.0,128,4,0,1,0,68,0,28
5,2,20.0,264,5,22,0,7,120,1,29
5,2,20.0,264,5,5,0,14,24,2,29
5,4,5.0,235,0,13,0,1,1,2,24
5,4,13.0,221,1,17,0,14,25,1,25
5,4,13.0,221,1,16,0,9,93,1,25
5,4,13.0,221,1,7,0,14,32,1,25
5,4,13.0,221,1,3,0,2,69,0,25
5,4,13.0,221,1,4,0,1,16,3,25
5,4,13.0,221,1,19,0,16,65,0,25
5,4,20.0,115,1,7,1,6,7,0,29
5,4,20.0,115,1,19,0,13,21,4,29
5,10,13.0,346,0,22,0,10,12,0,25
5,10,13.0,346,0,18,0,7,20,4,25
5,11,19.0,321,0,19,1,16,42,4,10
5,11,19.0,321,0,4,0,2,3,3,10
5,11,19.0,321,0,9,0,2,86,4,10
5,11,19.0,321,0,2,0,14,24,2,10
5,9,1.0,126,3,15,1,1,59,4,7
5,9,10.0,156,1,16,0,0,53,0,4
5,9,26.0,267,4,20,0,5,6,3,3
5,9,26.0,267,4,1,0,0,26,1,3
5,3,27.0,361,0,22,1,1,105,4,15
5,3,27.0,361,0,8,2,3,30,3,15
5,11,16.0,225,5,22,0,10,22,1,2
5,5,22.0,163,5,10,2,5,6,3,26
5,3,27.0,361,0,22,0,10,47,3,15
5,3,28.0,187,1,9,0,14,32,1,18
5,10,26.0,61,3,14,0,9,54,1,3
5,5,25.0,350,0,16,0,4,75,1,13
5,3,28.0,187,1,16,0,0,53,0,18
5,1,3.0,188,0,16,2,10,47,0,27
5,11,16.0,225,5,9,1,15,39,0,2
5,3,23.0,57,4,11,0,13,28,4,17
5,3,28.0,187,1,23,0,14,24,2,18
5,9,1.0,126,3,22,3,15,96,0,7
5,11,17.0,110,6,15,0,5,64,3,6
5,3,23.0,57,4,8,0,16,50,3,17
5,5,11.0,326,0,13,0,12,135,2,9
5,10,29.0,318,2,12,0,0,26,0,16
5,11,17.0,110,6,19,0,11,117,0,6
5,3,23.0,57,4,19,0,8,41,1,17
5,3,23.0,57,4,20,1,12,56,1,17
5,5,6.0,277,2,16,0,0,12,3,23
5,5,6.0,277,2,4,0,16,72,0,23
5,11,5.0,240,0,22,0,3,115,1,24
3,0,22.0,241,0,13,0,0,0,2,26
5,5,6.0,277,2,18,0,3,115,1,23
5,5,14.0,36,4,17,1,0,26,1,5
5,5,14.0,36,4,4,0,10,47,0,5
5,5,14.0,36,4,1,0,2,60,4,5
5,5,22.0,163,5,20,0,2,86,1,26
5,5,22.0,163,5,13,2,4,4,0,26
5,5,22.0,163,5,15,0,11,15,2,26
5,5,22.0,163,5,12,0,14,25,2,26
5,5,25.0,350,0,17,0,10,52,3,13
5,5,25.0,350,0,1,0,7,62,3,13
5,6,15.0,49,0,6,0,10,23,1,1
5,10,13.0,346,0,19,0,5,6,0,25
5,10,18.0,246,6,11,0,10,47,3,0
5,10,18.0,246,6,8,1,6,91,2,0
5,10,19.0,117,3,0,0,0,77,0,10
5,10,18.0,246,6,8,0,14,24,2,0
5,10,19.0,117,3,5,0,10,22,0,10
5,10,18.0,246,6,18,0,6,7,0,0
5,10,19.0,117,3,22,0,8,9,0,10
5,10,21.0,341,1,7,1,13,28,0,21
5,10,21.0,341,1,8,0,13,99,0,21
5,10,21.0,341,1,18,0,1,59,4,21
5,10,21.0,341,1,2,0,16,74,0,21
5,11,2.0,265,5,6,0,6,132,1,22
5,10,28.0,216,1,15,0,16,50,0,18
5,10,28.0,216,1,18,0,3,44,3,18
5,10,28.0,216,1,4,0,14,24,2,18
5,1,2.0,171,3,15,0,15,114,1,22
5,1,2.0,171,3,13,0,0,85,3,22
5,1,2.0,171,3,2,0,15,31,3,22
5,1,2.0,171,3,1,0,14,25,4,22
5,1,10.0,17,0,10,2,5,12,3,4
5,1,10.0,17,0,22,0,9,95,2,4
5,1,10.0,17,0,15,0,10,47,1,4
3,1,1.0,203,5,7,0,14,24,1,7
5,5,12.0,327,1,13,0,2,86,4,28
3,8,1.0,66,0,17,0,2,92,1,7
5,1,12.0,353,2,17,0,3,103,3,28
5,1,12.0,353,2,5,2,6,7,0,28
5,1,19.0,29,2,16,0,5,12,3,10
5,1,19.0,29,2,9,0,5,12,3,10
5,1,29.0,112,6,0,0,9,93,3,16
5,1,29.0,112,6,22,0,1,35,4,16
5,1,29.0,112,6,7,1,13,29,2,16
5,1,29.0,112,6,13,2,8,118,0,16
5,5,11.0,326,0,14,0,11,133,3,9
5,6,19.0,291,5,16,0,9,102,2,10
5,6,29.0,335,0,1,0,9,102,3,16
5,11,2.0,265,5,21,1,4,66,0,22
5,11,2.0,265,5,9,0,0,31,3,22
5,5,27.0,328,2,6,0,9,87,1,15
5,11,17.0,110,6,14,0,6,7,2,6
5,6,11.0,355,4,16,1,0,0,0,9
5,1,3.0,188,0,4,0,15,114,1,27
5,11,19.0,321,0,17,1,8,19,0,10
5,6,11.0,355,4,15,0,10,22,0,9
5,1,4.0,286,1,17,0,5,6,1,30
5,11,19.0,321,0,21,1,4,79,0,10
5,6,11.0,355,4,8,0,3,76,3,9
5,11,19.0,321,0,13,0,3,79,2,10
5,6,11.0,355,4,5,3,16,72,1,9
5,9,14.0,106,6,16,0,13,99,1,5
5,9,1.0,126,3,4,0,15,114,2,7
5,10,10.0,245,5,18,0,8,65,1,4
5,9,5.0,89,4,3,1,14,25,4,24
5,9,10.0,156,1,8,0,7,111,0,4
5,6,18.0,308,4,6,0,10,6,3,0
5,6,18.0,308,4,17,0,10,52,1,0
5,3,30.0,304,4,15,1,2,2,4,19
5,9,10.0,156,1,4,1,9,10,4,4
5,6,18.0,308,4,6,0,15,31,0,0
5,6,18.0,308,4,6,0,5,12,1,0
5,5,23.0,168,6,17,0,10,43,3,17
5,5,24.0,58,3,18,1,13,29,2,14
5,5,13.0,184,2,17,1,9,93,4,25
5,6,25.0,39,4,4,1,13,99,1,13
5,6,23.0,84,1,17,0,3,44,1,17
3,11,1.0,222,2,1,0,2,2,1,7
5,3,8.0,148,2,17,1,9,10,1,8
5,7,22.0,211,3,12,0,3,115,4,26
5,11,23.0,232,5,21,1,2,2,1,17
3,5,11.0,326,3,17,0,16,72,4,9
5,6,5.0,342,5,13,0,13,29,2,24
5,5,19.0,146,1,14,0,16,130,1,10
5,5,20.0,214,2,2,0,2,2,3,29
5,5,20.0,214,2,1,0,14,24,1,29
5,5,28.0,259,4,17,0,14,107,4,18
5,5,28.0,259,4,22,2,15,39,0,18
5,5,29.0,24,5,0,0,14,107,1,16
5,6,10.0,149,2,17,1,13,28,4,4
5,6,20.0,215,6,19,0,6,7,2,29
5,6,20.0,215,6,11,1,10,23,1,29
5,6,28.0,309,3,11,0,8,118,2,18
5,9,11.0,52,2,0,0,1,35,4,9
5,10,3.0,310,5,5,0,9,93,1,27
5,10,3.0,310,5,12,0,8,118,3,27
5,10,3.0,310,5,9,0,10,47,0,27
5,10,13.0,346,0,9,1,10,47,1,25
5,10,18.0,246,6,7,0,6,7,0,0
5,10,18.0,246,6,5,0,7,62,4,0
5,3,13.0,210,0,14,0,10,47,0,25
5,3,13.0,210,0,9,0,11,18,1,25
5,3,15.0,35,2,21,0,12,84,1,1
5,3,15.0,35,2,16,1,10,22,0,1
5,3,23.0,57,4,1,0,5,6,3,17
5,3,23.0,57,4,1,0,5,6,2,17
5,5,6.0,277,2,23,2,0,15,4,23
5,5,14.0,36,4,9,0,10,47,3,5
5,5,14.0,36,4,2,0,11,58,4,5
5,6,15.0,49,0,16,0,0,12,0,1
5,6,24.0,31,2,3,0,16,37,0,14
5,6,24.0,31,2,18,0,5,64,0,14
5,10,5.0,336,3,7,1,5,64,1,24
5,10,5.0,336,3,7,0,13,29,1,24
5,10,5.0,336,3,15,0,9,87,4,24
5,10,5.0,336,3,8,0,1,67,1,24
5,10,5.0,336,3,13,1,0,31,4,24
5,10,14.0,174,1,17,2,0,26,3,5
5,10,24.0,261,5,10,0,8,41,1,14
5,10,24.0,261,5,22,2,13,48,0,14
5,10,24.0,261,5,12,0,3,30,2,14
5,8,10.0,71,4,13,0,14,25,2,4
5,4,4.0,178,3,4,3,6,91,3,30
5,6,18.0,308,4,17,0,7,120,4,0
5,3,7.0,289,1,17,3,8,27,0,11
5,7,29.0,268,3,13,3,2,2,3,16
0,0,1.0,8,5,17,0,10,47,3,7
5,6,17.0,244,2,6,0,4,127,4,6
5,6,17.0,244,2,6,0,11,18,1,6
5,6,17.0,244,2,17,0,7,120,3,6
5,6,17.0,244,2,6,0,6,116,4,6
5,9,10.0,156,1,4,3,6,73,0,4
5,6,17.0,244,2,16,0,0,64,3,6
5,6,22.0,185,0,0,2,4,45,3,26
5,6,22.0,185,0,19,0,16,113,2,26
5,6,24.0,31,2,6,0,8,27,3,14
5,8,8.0,76,1,17,0,14,34,2,8
5,6,17.0,244,2,4,0,2,86,1,6
5,6,24.0,31,2,10,0,4,82,3,14
5,10,5.0,336,3,14,0,1,35,4,24
5,10,14.0,174,1,4,0,14,24,3,5
5,10,24.0,261,5,21,1,5,6,0,14
5,10,24.0,261,5,8,1,2,71,4,14
5,10,24.0,261,5,14,0,16,42,3,14
5,10,24.0,261,5,3,1,7,8,4,14
5,10,5.0,336,3,13,1,9,102,1,24
5,10,14.0,174,1,21,0,9,93,3,5
5,10,14.0,174,1,6,0,8,33,0,5
5,1,28.0,300,5,15,0,13,99,1,18
5,1,28.0,300,5,2,0,1,1,1,18
5,1,28.0,300,5,3,0,5,6,2,18
5,1,29.0,112,6,11,0,14,24,2,16
5,8,3.0,363,4,6,0,0,12,0,27
5,8,3.0,363,4,5,1,8,9,0,27
5,8,3.0,363,4,5,3,6,7,3,27
5,8,3.0,363,4,1,0,2,2,3,27
5,8,4.0,299,5,17,0,6,73,3,30
5,8,4.0,299,5,17,2,14,34,3,30
5,8,4.0,299,5,11,0,6,132,0,30
5,8,4.0,299,5,1,0,1,59,1,30
5,8,5.0,101,6,7,0,7,31,3,24
5,8,5.0,101,6,12,0,8,9,1,24
5,8,5.0,101,6,18,1,0,12,0,24
5,8,4.0,299,5,4,0,14,24,2,30
5,8,3.0,363,4,15,0,5,0,0,27
5,8,11.0,306,5,8,0,14,25,0,9
5,8,11.0,306,5,4,1,10,22,1,9
5,8,11.0,306,5,2,1,10,22,1,9
5,8,28.0,224,0,17,0,8,118,3,18
5,8,28.0,224,0,5,1,12,83,1,18
5,8,29.0,301,1,0,0,0,26,3,16
5,9,14.0,106,6,11,0,15,31,2,5
5,7,30.0,42,0,2,1,5,6,1,19
5,3,30.0,304,4,22,0,1,11,2,19
5,9,5.0,89,4,6,0,9,49,1,24
5,6,16.0,38,1,16,0,11,15,3,2
5,1,31.0,305,0,14,0,2,92,3,20
5,3,7.0,289,1,0,0,4,75,4,11
5,9,26.0,267,4,6,0,0,0,4,3
5,9,26.0,267,4,20,0,8,41,4,3
5,9,26.0,267,4,4,1,12,56,4,3
3,0,19.0,13,5,13,1,3,76,1,10
5,4,3.0,279,6,14,0,4,76,3,27
5,11,8.0,283,4,17,0,16,37,1,8
5,11,8.0,283,4,2,0,14,34,0,8
5,11,8.0,283,4,22,1,13,29,1,8
5,11,16.0,225,5,7,0,6,128,1,2
5,11,16.0,225,5,15,0,2,3,3,2
5,11,16.0,225,5,3,0,5,6,0,2
3,0,11.0,10,4,13,3,12,121,2,9
5,11,17.0,110,6,13,0,16,72,2,6
5,11,17.0,110,6,1,0,16,42,1,6
5,11,17.0,110,6,1,0,10,43,1,6
5,9,1.0,126,3,21,1,1,105,0,7
5,9,1.0,126,3,3,2,2,123,0,7
5,9,1.0,126,3,1,0,15,46,1,7
5,9,10.0,156,1,12,0,4,82,1,4
5,9,10.0,156,1,1,0,7,120,1,4
5,9,26.0,267,4,8,0,5,6,0,3
5,7,19.0,330,4,9,0,10,47,0,10
5,3,4.0,285,6,21,0,0,64,0,30
5,3,4.0,285,6,22,0,12,80,2,30
5,3,10.0,4,5,2,0,3,103,1,4
5,3,27.0,361,0,22,1,3,30,4,15
5,3,27.0,361,0,1,0,8,41,1,15
5,3,28.0,187,1,17,0,5,64,2,18
5,3,29.0,325,2,17,0,0,26,3,16
5,11,2.0,265,5,10,1,8,9,2,22
5,11,2.0,265,5,8,0,8,41,4,22
5,11,8.0,283,4,6,0,0,26,1,8
5,11,8.0,283,4,20,0,5,64,1,8
5,11,8.0,283,4,3,1,1,11,4,8
5,11,8.0,283,4,2,0,13,38,1,8
5,11,16.0,225,5,5,0,10,52,0,2
5,11,16.0,225,5,22,2,5,6,3,2
5,11,16.0,225,5,18,0,10,47,0,2
5,11,17.0,110,6,6,0,8,27,1,6
5,11,19.0,321,0,8,2,10,12,3,10
5,11,19.0,321,0,3,0,12,80,0,10
5,11,19.0,321,0,22,2,10,12,3,10
5,9,1.0,126,3,13,2,2,123,3,7
5,9,1.0,126,3,22,1,9,58,4,7
5,9,10.0,156,1,19,0,14,107,1,4
5,9,26.0,267,4,4,2,14,25,3,3
5,9,16.0,107,0,2,1,11,133,4,2
5,7,6.0,93,5,13,0,4,138,2,23
5,7,23.0,202,0,22,0,13,48,3,17
5,11,23.0,232,5,8,3,1,11,3,17
5,11,5.0,240,0,2,1,9,101,0,24
5,7,17.0,95,1,15,0,10,22,1,6
5,7,7.0,293,6,12,1,10,23,1,11
5,7,17.0,95,1,19,1,0,31,2,6
5,5,6.0,277,2,14,0,9,49,2,23
5,7,20.0,266,5,9,0,4,82,1,29
4,5,14.0,36,5,14,3,4,127,4,5
5,6,22.0,185,0,14,1,8,33,0,26
5,8,8.0,76,1,7,0,0,12,2,8
4,5,21.0,351,5,16,1,10,22,1,21
5,7,25.0,41,2,22,0,12,104,4,13
5,8,9.0,124,2,16,0,15,119,0,12
4,10,5.0,336,0,23,1,0,53,4,24
5,11,26.0,364,0,5,0,9,95,3,3
4,4,12.0,134,1,17,0,0,15,0,28
5,7,25.0,41,2,2,0,4,75,1,13
5,7,26.0,316,4,5,1,8,41,1,3
5,7,26.0,316,4,15,0,2,40,3,3
5,7,26.0,316,4,12,0,14,34,3,3
5,7,27.0,53,5,0,0,13,38,4,15
5,7,26.0,316,4,16,1,0,15,1,3
5,7,27.0,53,5,20,2,2,13,3,15
5,11,3.0,288,6,11,0,0,15,2,27
5,11,10.0,360,6,2,0,14,25,2,4
5,11,10.0,360,6,19,2,2,2,3,4
5,11,10.0,360,6,3,1,7,54,4,4
5,11,26.0,364,0,17,2,9,93,3,3
5,11,26.0,364,0,5,0,14,88,0,3
5,11,27.0,322,1,21,0,2,2,4,15
5,11,27.0,322,1,19,0,9,93,3,15
5,11,26.0,364,0,5,0,9,95,3,3
5,9,11.0,52,2,1,0,8,118,1,9
5,9,17.0,255,1,15,0,3,115,4,6
5,9,19.0,234,4,3,1,9,93,1,10
5,9,19.0,234,4,12,0,13,38,0,10
5,3,17.0,54,5,20,0,2,2,3,6
5,10,19.0,117,3,13,0,5,6,0,10
5,9,20.0,119,5,0,0,0,68,3,29
5,9,19.0,234,4,13,1,14,25,0,10
5,7,2.0,160,0,3,1,12,61,4,22
5,7,2.0,160,0,12,0,3,4,0,22
5,7,2.0,160,0,13,0,14,131,2,22
5,7,2.0,160,0,14,0,15,39,0,22
5,7,2.0,160,0,9,1,8,41,1,22
5,7,2.0,160,0,20,1,0,64,1,22
5,7,2.0,160,0,9,0,10,12,1,22
5,7,10.0,329,1,2,0,9,57,3,4
5,7,10.0,329,1,1,2,7,120,0,4
5,7,12.0,181,4,6,0,0,12,0,28
5,7,12.0,181,4,12,0,0,53,3,28
5,7,12.0,181,4,6,0,5,12,2,28
5,7,17.0,95,1,17,0,12,17,1,6
5,7,17.0,95,1,6,0,8,9,1,6
5,7,17.0,95,1,8,2,14,34,3,6
3,0,5.0,122,5,9,0,5,47,2,24
5,9,12.0,177,4,17,0,14,131,1,28
5,7,24.0,68,1,4,1,11,15,0,14
5,7,17.0,95,1,14,0,13,48,4,6
5,7,17.0,95,1,14,0,16,130,1,6
5,7,25.0,41,2,17,0,12,61,1,13
5,7,25.0,41,2,6,0,10,23,1,13
5,7,25.0,41,2,23,0,10,52,1,13
5,7,25.0,41,2,22,1,0,0,1,13
5,7,25.0,41,2,1,0,1,35,4,13
5,7,26.0,316,4,17,0,3,79,3,3
1,9,1.0,126,1,13,0,0,53,0,7
5,7,25.0,41,2,20,0,10,23,1,13
5,7,27.0,53,5,16,0,9,57,3,15
5,7,27.0,53,5,3,0,1,11,4,15
5,7,27.0,53,5,8,0,5,6,2,15
5,7,28.0,34,6,3,1,12,104,4,18
5,7,28.0,34,6,1,0,4,103,3,18
5,7,28.0,34,6,1,0,14,24,2,18
5,3,1.0,180,2,16,0,9,93,1,7
5,3,2.0,120,4,20,0,1,11,1,22
5,11,10.0,360,6,14,1,12,61,4,4
5,11,26.0,364,0,4,0,0,96,4,3
5,9,11.0,52,2,6,2,1,35,4,9
5,9,11.0,52,2,16,2,12,84,0,9
5,9,11.0,52,2,5,0,9,49,1,9
5,9,17.0,255,1,8,0,2,86,1,6
5,9,17.0,255,1,2,0,5,6,0,6
5,9,17.0,255,1,14,2,2,2,3,6
5,9,19.0,234,4,11,0,13,99,1,10
5,9,19.0,234,4,4,0,2,92,1,10
5,11,10.0,360,6,17,0,1,35,0,4
5,11,10.0,360,6,23,0,7,78,3,4
5,11,10.0,360,6,8,1,14,32,4,4
5,11,26.0,364,0,14,2,1,67,3,3
5,11,27.0,322,1,13,0,10,47,0,15
5,11,27.0,322,1,18,0,10,30,0,15
3,0,31.0,290,2,18,0,0,26,0,20
5,9,11.0,52,2,8,1,4,138,4,9
5,9,11.0,52,2,9,2,9,95,3,9
5,9,19.0,234,4,12,0,2,35,4,10
5,9,19.0,234,4,11,0,11,94,2,10
5,7,2.0,160,0,2,1,0,64,0,22
5,7,10.0,329,1,6,0,6,89,1,4
5,7,10.0,329,1,5,1,13,13,1,4
5,7,10.0,329,1,12,1,1,105,1,4
5,9,20.0,119,5,19,0,2,60,1,29
5,5,28.0,259,4,12,0,13,36,1,18
4,7,2.0,160,1,17,1,8,9,0,22
5,3,17.0,54,5,5,0,0,64,2,6
5,7,10.0,329,1,12,1,5,64,1,4
5,5,29.0,24,5,0,1,0,31,1,16
4,10,5.0,336,0,4,2,8,41,3,24
4,9,17.0,255,2,13,1,10,47,1,6
5,5,29.0,24,5,4,0,15,112,3,16
3,0,15.0,190,0,21,0,9,95,1,1
5,7,12.0,181,4,0,0,12,80,4,28
5,3,17.0,54,5,8,0,11,15,1,6
5,10,19.0,117,3,3,0,13,38,3,10
4,4,19.0,142,1,14,1,9,83,4,10
5,7,10.0,329,1,13,0,11,94,3,4
5,6,10.0,149,2,6,0,5,12,3,4
4,3,18.0,165,3,13,1,4,4,1,0
4,4,6.0,176,2,14,1,10,47,0,23
4,2,3.0,282,2,0,1,15,51,1,27
5,10,18.0,246,6,8,1,16,50,2,0
5,9,16.0,107,0,13,3,13,48,0,2
5,7,10.0,329,1,3,0,8,41,3,4
5,7,12.0,181,4,16,0,13,48,1,28
5,6,10.0,149,2,0,0,8,118,3,4
4,1,16.0,2,0,12,1,8,118,1,2
5,7,2.0,160,0,18,1,9,87,1,22
4,2,3.0,282,2,22,2,7,120,0,27
5,10,21.0,341,1,23,1,2,123,0,21
4,4,1.0,144,5,5,1,1,1,1,7
5,6,28.0,309,3,2,0,2,92,3,18
5,5,1.0,109,5,15,0,14,131,2,7
5,6,10.0,149,2,15,1,14,126,4,4
5,7,12.0,181,4,14,0,10,52,3,28
5,3,17.0,54,5,12,1,6,7,0,6
4,4,9.0,18,6,14,1,14,126,4,12
5,7,12.0,181,4,19,0,13,28,3,28
5,7,16.0,40,0,4,0,12,61,1,2
4,0,2.0,47,4,1,0,8,41,2,22
5,6,28.0,309,3,9,0,1,67,1,18
5,5,1.0,109,5,19,0,6,7,3,7
5,6,20.0,215,6,10,0,2,2,1,29
5,5,11.0,326,0,9,1,9,27,0,9
5,6,19.0,291,5,15,0,14,24,2,10
5,6,29.0,335,0,19,0,10,30,2,16
5,9,1.0,126,3,18,0,0,53,1,7
5,7,24.0,68,1,14,0,9,95,1,14
3,0,30.0,228,1,9,0,10,12,1,19
5,11,12.0,118,0,7,1,2,86,0,28
3,11,2.0,265,4,13,0,15,31,2,22
5,9,6.0,51,5,14,0,0,77,1,23
5,9,24.0,272,1,16,1,12,80,0,14
5,9,24.0,272,1,14,0,9,93,1,14
5,7,7.0,293,6,22,0,16,72,2,11
5,6,20.0,215,6,8,0,12,80,3,29
3,4,2.0,141,4,13,3,13,28,1,22
5,6,28.0,309,3,22,0,4,127,4,18
5,6,28.0,309,3,4,1,11,15,4,18
5,10,3.0,310,5,16,0,0,12,3,27
5,10,3.0,310,5,5,0,7,78,3,27
5,10,13.0,346,0,10,0,10,12,3,25
5,10,13.0,346,0,3,0,13,13,1,25
5,10,13.0,346,0,14,0,3,103,3,25
5,10,18.0,246,6,17,0,1,59,2,0
5,10,18.0,246,6,14,0,8,9,1,0
5,10,18.0,246,6,5,1,13,69,4,0
5,10,18.0,246,6,19,0,1,59,0,0
5,3,1.0,180,2,17,0,1,16,3,7
5,10,21.0,341,1,23,0,13,123,4,21
5,10,21.0,341,1,15,0,5,64,1,21
5,10,21.0,341,1,9,0,14,110,3,21
5,5,20.0,214,2,4,0,9,9,2,29
5,5,20.0,214,2,1,0,5,64,2,29
5,5,20.0,214,2,20,0,0,77,2,29
5,5,28.0,259,4,16,0,0,12,0,18
5,5,28.0,259,4,3,0,11,18,1,18
5,5,29.0,24,5,23,0,8,118,1,16
5,5,25.0,350,0,14,0,2,2,2,13
5,6,18.0,308,4,12,0,2,86,3,0
5,11,5.0,240,0,11,0,7,20,1,24
5,11,12.0,118,0,13,2,7,20,1,28
5,11,12.0,118,0,3,0,15,112,3,28
5,11,12.0,118,0,1,2,6,7,0,28
3,0,4.0,229,4,3,0,9,95,0,30
5,6,17.0,244,2,9,3,1,105,0,6
5,11,24.0,194,6,19,0,12,104,2,14
5,11,31.0,227,6,22,0,3,115,4,20
5,9,6.0,51,5,8,1,7,62,4,23
5,9,12.0,177,4,13,0,8,41,2,28
5,9,22.0,92,3,14,2,12,61,0,26
5,9,24.0,272,1,3,0,4,5,3,14
5,7,24.0,68,1,4,0,0,53,3,14
5,7,24.0,68,1,9,0,9,102,4,14
5,3,13.0,210,0,12,0,4,66,0,25
5,3,15.0,35,2,16,2,13,21,0,1
5,3,15.0,35,2,23,1,1,35,0,1
5,3,15.0,35,2,12,0,13,99,2,1
5,3,15.0,35,2,12,0,10,22,2,1
5,11,5.0,240,0,11,0,11,117,1,24
5,11,5.0,240,0,4,1,15,51,4,24
5,11,5.0,240,0,22,1,5,6,1,24
5,11,12.0,118,0,17,0,12,61,1,28
5,11,12.0,118,0,17,1,1,81,0,28
5,11,24.0,194,6,7,1,3,4,0,14
5,11,24.0,194,6,3,1,1,35,4,14
5,11,31.0,227,6,13,1,12,100,4,20
5,11,31.0,227,6,2,0,14,25,2,20
5,11,31.0,227,6,3,0,10,47,1,20
5,9,12.0,177,4,4,0,8,9,3,28
5,9,12.0,177,4,2,2,12,17,0,28
5,3,29.0,325,2,18,1,5,12,0,16
5,3,27.0,361,0,17,0,5,64,2,15
5,6,10.0,149,2,11,0,15,39,1,4
5,6,10.0,149,2,11,0,6,132,2,4
5,7,27.0,53,5,12,0,15,46,1,15
5,6,10.0,149,2,19,0,2,3,4,4
5,6,20.0,215,6,11,0,15,77,3,29
5,6,20.0,215,6,1,0,11,117,3,29
5,6,20.0,215,6,8,0,13,13,1,29
5,10,13.0,346,0,6,1,3,115,4,25
5,10,13.0,346,0,1,0,16,37,4,25
5,10,18.0,246,6,17,0,8,33,3,0
5,10,18.0,246,6,22,0,1,11,2,0
5,10,18.0,246,6,19,3,6,7,0,0
4,8,5.0,101,3,13,1,10,43,4,24
5,7,17.0,95,1,0,1,13,29,1,6
5,2,23.0,230,0,6,0,13,48,0,17
5,5,1.0,109,5,18,0,3,44,4,7
5,9,6.0,51,5,9,1,6,128,1,23
5,7,30.0,42,0,17,0,5,6,1,19
5,3,30.0,304,4,23,1,7,111,1,19
4,4,23.0,30,6,2,1,14,126,4,17
5,7,17.0,95,1,12,0,10,22,3,6
5,5,5.0,96,1,17,1,9,9,1,24
5,5,1.0,109,5,4,0,7,62,2,7
5,5,16.0,239,6,13,0,10,47,2,2
5,7,24.0,68,1,13,0,6,116,3,14
4,2,5.0,127,5,20,1,3,115,4,24
5,7,17.0,95,1,18,0,8,41,1,6
5,0,16.0,11,2,21,2,10,6,2,2
5,6,28.0,309,3,19,0,7,57,0,18
5,10,16.0,201,4,17,1,0,64,1,2
5,5,2.0,307,6,9,0,9,58,3,22
5,6,6.0,83,6,22,0,8,41,3,23
5,11,27.0,322,1,19,0,10,47,2,15
4,8,5.0,101,3,18,0,16,50,3,24
5,7,20.0,266,5,13,0,10,22,3,29
5,0,16.0,11,2,14,0,15,31,0,2
5,10,3.0,310,5,7,0,8,118,1,27
4,7,8.0,94,0,2,0,12,56,3,8
4,0,1.0,8,2,17,1,2,86,0,7
4,0,21.0,287,1,17,1,2,86,0,21
4,2,1.0,16,0,22,1,6,7,0,7
5,6,20.0,215,6,18,1,5,6,1,29
5,8,11.0,306,5,18,1,3,30,0,9
4,8,26.0,278,3,4,2,11,8,3,3
4,8,28.0,224,1,16,0,10,47,3,18
4,8,28.0,224,1,9,1,1,35,4,18
4,4,17.0,19,3,6,1,11,124,0,6
5,10,13.0,346,0,9,0,14,24,3,25
4,6,7.0,169,0,23,1,7,20,1,11
4,8,4.0,299,6,11,1,13,99,1,30
5,3,11.0,337,6,19,0,5,6,2,9
5,5,20.0,214,2,4,1,3,30,1,29
5,8,11.0,306,5,13,1,0,96,4,9
4,4,17.0,19,3,5,0,4,79,1,6
4,4,18.0,26,0,7,1,16,50,0,0
4,2,2.0,143,1,6,0,10,22,1,22
4,2,2.0,143,1,9,0,7,78,4,22
4,2,18.0,7,4,8,2,8,33,2,0
5,3,13.0,210,0,17,1,0,26,2,25
4,5,2.0,307,3,12,0,8,33,4,22
4,0,26.0,14,3,2,3,12,80,3,3
3,3,23.0,57,2,11,0,1,105,0,17
5,8,29.0,301,1,9,1,15,39,4,16
4,3,5.0,324,0,18,1,5,64,0,24
4,5,13.0,184,4,18,1,10,23,1,25
4,8,14.0,296,1,2,1,14,107,1,5
4,2,16.0,220,1,18,1,11,15,1,2
5,1,29.0,112,6,13,1,15,39,1,16
5,0,14.0,5,0,13,1,15,51,1,5
4,6,12.0,162,6,11,1,5,12,2,28
4,8,30.0,103,4,13,1,8,33,0,19
4,5,23.0,168,3,13,1,8,27,1,17
4,4,16.0,25,6,11,0,12,58,4,2
4,2,7.0,153,3,17,1,12,83,4,11
5,6,10.0,149,2,21,0,0,53,0,4
5,3,1.0,180,2,17,0,9,49,1,7
4,11,29.0,270,5,19,1,16,37,0,16
4,2,14.0,231,3,17,1,9,93,4,5
4,1,3.0,188,1,9,1,9,10,4,27
4,1,9.0,50,0,17,1,12,100,4,12
5,10,31.0,135,5,18,1,13,48,0,20
5,4,7.0,133,2,16,2,5,6,3,11
5,7,31.0,43,1,3,1,13,28,1,20
4,1,21.0,45,6,9,1,0,77,1,21
4,4,4.0,178,0,9,2,12,58,3,30
4,1,18.0,82,2,10,1,13,99,4,0
4,8,1.0,66,2,22,0,1,67,4,7
4,8,19.0,280,3,21,1,10,47,0,10
4,8,19.0,280,3,12,0,5,6,0,10
4,4,2.0,141,6,2,0,5,64,3,22
4,4,3.0,279,3,6,0,16,50,3,27
4,4,10.0,79,3,21,1,8,19,0,4
4,4,20.0,115,2,17,0,16,50,3,29
4,4,20.0,115,2,23,1,12,83,4,29
4,4,20.0,115,2,20,1,4,75,0,29
4,2,9.0,21,1,13,0,1,11,1,12
4,0,9.0,48,4,6,0,4,75,3,12
4,1,10.0,17,1,19,1,11,90,0,4
4,0,18.0,0,6,0,1,3,76,4,0
4,0,18.0,0,6,14,0,2,2,1,0
4,0,26.0,14,3,18,0,9,9,1,3
4,2,15.0,130,0,13,1,16,72,0,1
3,2,29.0,140,6,3,0,6,89,1,16
4,4,25.0,20,0,23,1,10,23,1,13
4,2,2.0,143,1,21,1,14,32,4,22
4,2,9.0,21,1,1,0,8,19,4,12
4,2,10.0,28,2,6,0,7,20,1,4
4,2,11.0,297,4,12,2,9,93,0,9
4,4,11.0,121,0,16,1,14,24,4,9
3,10,3.0,310,4,11,0,1,11,4,27
4,10,17.0,256,6,17,1,10,22,1,6
4,11,9.0,311,6,13,1,14,25,1,12
4,8,9.0,124,4,2,2,10,12,1,12
4,8,20.0,319,0,19,1,0,31,4,29
4,4,11.0,121,0,19,1,5,64,0,9
2,6,1.0,352,6,11,0,4,4,1,7
4,2,11.0,297,4,18,1,3,103,4,9
4,2,10.0,28,2,8,1,8,33,2,4
4,2,27.0,136,6,9,2,7,111,3,15
4,2,29.0,140,0,6,0,6,89,1,16
4,4,4.0,178,0,7,0,7,120,4,30
5,9,11.0,52,2,17,2,9,93,3,9
5,10,3.0,310,5,20,1,7,31,4,27
5,9,5.0,89,4,2,2,11,94,0,24
5,7,20.0,266,5,1,0,3,70,4,29
4,11,8.0,283,5,4,1,11,124,4,8
4,4,7.0,133,4,12,0,1,11,3,11
5,9,14.0,106,6,13,0,15,96,0,5
3,2,3.0,282,0,13,0,13,48,1,27
5,9,11.0,52,2,4,0,6,14,4,9
5,9,17.0,255,1,21,0,14,131,0,6
5,5,3.0,161,3,0,1,10,47,0,27
5,7,25.0,41,2,8,0,5,6,0,13
5,9,16.0,107,0,10,1,5,12,1,2
4,4,31.0,67,3,4,1,2,69,4,20
5,9,20.0,119,5,17,0,6,89,1,29
5,3,5.0,324,3,19,3,14,25,0,24
5,5,3.0,161,3,22,0,2,2,1,27
4,7,10.0,329,2,1,0,4,4,1,4
4,2,8.0,258,0,4,0,0,12,3,8
5,9,19.0,234,4,14,0,7,57,1,10
5,5,3.0,161,3,18,0,5,12,2,27
5,3,14.0,33,1,3,0,2,86,0,5
5,5,4.0,114,0,17,0,0,12,3,30
5,7,25.0,41,2,19,0,9,49,0,13
5,0,24.0,55,4,12,1,9,57,0,14
4,2,30.0,131,1,19,0,1,59,3,19
5,10,3.0,310,5,3,1,9,63,1,27
5,9,20.0,119,5,2,0,0,77,0,29
3,0,1.0,8,0,17,0,0,53,1,7
5,5,2.0,307,6,22,0,6,89,2,22
4,0,7.0,15,1,1,2,15,51,3,11
5,7,26.0,316,4,2,0,2,3,2,3
4,10,26.0,61,0,18,1,10,47,1,3
5,7,2.0,160,0,19,2,1,67,0,22
5,11,21.0,192,2,16,0,5,12,0,21
5,5,4.0,114,0,12,0,4,79,3,30
4,0,14.0,5,1,20,1,0,31,0,5
5,7,26.0,316,4,19,1,1,59,4,3
4,11,8.0,283,5,4,2,15,112,2,8
5,9,23.0,167,0,13,1,11,133,4,17
5,7,4.0,186,2,17,1,15,31,0,30
5,5,15.0,200,5,2,0,14,24,2,1
5,6,14.0,173,3,22,0,11,124,2,5
5,3,14.0,33,1,22,0,0,77,1,5
5,3,22.0,166,2,18,0,4,66,1,26
5,3,22.0,166,2,3,1,15,39,1,26
5,3,22.0,166,2,3,0,7,78,2,26
5,9,23.0,167,0,16,0,5,12,2,17
5,7,30.0,42,0,12,0,13,28,4,19
5,3,7.0,289,1,8,1,9,87,2,11
5,3,30.0,304,4,8,0,6,91,3,19
5,5,11.0,326,0,3,1,8,27,0,9
5,6,19.0,291,5,23,0,2,86,0,10
5,9,10.0,156,1,14,1,9,95,0,4
5,6,19.0,291,5,2,0,14,24,2,10
5,10,4.0,356,6,18,0,7,78,2,30
3,0,18.0,0,4,22,0,12,56,0,0
5,9,12.0,177,4,5,1,12,61,4,28
5,9,12.0,177,4,5,0,11,133,3,28
5,9,12.0,177,4,19,3,13,29,1,28
5,9,22.0,92,3,21,2,10,23,0,26
5,9,22.0,92,3,20,0,10,12,3,26
5,9,22.0,92,3,3,0,16,50,4,26
5,9,22.0,92,3,8,0,4,138,2,26
5,9,22.0,92,3,8,0,10,6,0,26
5,9,22.0,92,3,8,0,9,102,4,26
5,9,24.0,272,1,8,0,14,126,1,14
5,7,7.0,293,6,3,0,6,91,2,11
5,7,7.0,293,6,9,0,1,67,1,11
5,7,7.0,293,6,19,0,10,47,2,11
5,7,12.0,181,4,14,0,13,38,0,28
5,7,20.0,266,5,19,1,11,58,4,29
5,7,20.0,266,5,18,0,8,27,0,29
5,7,25.0,41,2,17,2,0,0,3,13
5,7,25.0,41,2,18,0,4,75,1,13
5,7,27.0,53,5,4,2,0,77,1,15
5,3,2.0,120,4,3,0,1,11,4,22
5,3,9.0,44,4,11,1,9,57,0,12
5,3,9.0,44,4,15,0,14,32,1,12
5,3,11.0,337,6,15,0,0,26,1,9
5,3,17.0,54,5,22,0,8,19,4,6
5,3,17.0,54,5,8,1,8,41,0,6
5,5,1.0,109,5,21,1,14,107,0,7
5,5,3.0,161,3,19,0,4,127,4,27
5,5,10.0,155,3,11,0,10,22,2,4
5,5,10.0,155,3,17,1,0,12,0,4
5,9,11.0,52,2,9,3,13,29,1,9
3,2,25.0,233,1,7,1,10,43,4,13
5,11,5.0,240,0,10,1,0,64,1,24
5,11,5.0,240,0,21,3,11,133,0,24
5,11,12.0,118,0,22,0,11,133,0,28
5,11,12.0,118,0,20,0,0,12,2,28
5,11,31.0,227,6,5,0,5,64,3,20
5,11,31.0,227,6,3,0,0,64,3,20
5,9,6.0,51,5,11,0,11,133,3,23
5,9,6.0,51,5,13,2,0,15,0,23
5,9,6.0,51,5,8,0,1,11,3,23
5,7,7.0,293,6,18,0,10,43,1,11
5,3,13.0,210,0,13,0,7,62,0,25
5,3,15.0,35,2,3,0,2,69,3,1
5,3,23.0,57,4,21,0,16,74,1,17
5,5,14.0,36,4,17,0,13,28,1,5
5,5,14.0,36,4,13,0,2,92,2,5
5,5,14.0,36,4,22,0,8,19,3,5
5,5,22.0,163,5,8,0,10,47,3,26
5,5,22.0,163,5,2,0,7,20,3,26
5,5,22.0,163,5,4,0,13,13,1,26
5,5,25.0,350,0,0,0,5,6,0,13
5,5,25.0,350,0,4,0,7,78,3,13
5,5,25.0,350,0,4,0,2,2,3,13
5,6,15.0,49,0,18,0,8,118,1,1
5,6,17.0,244,2,6,1,16,130,0,6
5,6,17.0,244,2,5,1,3,44,4,6
5,6,15.0,49,0,17,1,0,31,4,1
5,6,17.0,244,2,8,0,14,25,0,6
4,0,25.0,281,6,5,0,0,26,2,13
3,0,31.0,290,2,12,0,8,41,2,20
4,1,2.0,171,0,12,2,9,57,0,22
4,2,7.0,153,3,0,1,0,26,4,11
5,7,2.0,160,0,9,0,12,56,1,22
4,8,27.0,78,0,17,1,4,79,1,15
4,2,7.0,153,3,7,1,7,57,0,11
5,7,10.0,329,1,21,0,11,15,1,4
3,5,18.0,195,3,19,0,2,13,4,0
5,10,13.0,346,0,23,0,10,22,0,25
3,0,19.0,13,5,19,3,9,49,0,10
5,10,13.0,346,0,5,0,11,98,3,25
5,7,6.0,93,5,1,2,14,34,0,23
4,2,7.0,153,3,19,1,0,26,4,11
5,5,4.0,114,0,14,0,11,90,1,30
3,0,17.0,12,2,3,0,3,79,1,6
3,0,19.0,13,5,13,0,13,99,1,10
5,9,10.0,156,1,15,1,11,58,4,4
3,2,1.0,16,6,17,0,15,51,2,7
5,7,27.0,53,5,20,0,0,85,2,15
5,7,27.0,53,5,13,1,7,111,1,15
5,7,26.0,316,4,14,0,10,22,2,3
5,7,27.0,53,5,9,2,5,12,3,15
5,7,27.0,53,5,15,0,11,55,1,15
5,7,28.0,34,6,15,1,9,95,4,18
5,7,28.0,34,6,9,0,5,12,0,18
5,3,1.0,180,2,7,1,14,25,0,7
5,7,25.0,41,2,14,3,8,41,1,13
5,3,1.0,180,2,19,0,2,13,1,7
5,3,1.0,180,2,15,0,8,33,3,7
5,3,9.0,44,4,3,1,1,16,4,12
5,3,9.0,44,4,18,0,0,77,1,12
5,11,15.0,331,4,13,3,11,18,1,1
5,3,16.0,263,4,1,1,10,47,0,2
5,7,23.0,202,0,11,0,2,2,2,17
5,3,11.0,337,6,8,2,10,52,3,9
5,3,11.0,337,6,12,2,3,70,0,9
5,3,17.0,54,5,4,0,12,83,3,6
5,3,17.0,54,5,2,3,14,25,0,6
5,5,1.0,109,5,21,0,0,77,1,7
5,5,1.0,109,5,1,3,9,95,4,7
5,3,2.0,120,4,22,0,2,2,3,22
5,3,9.0,44,4,4,0,1,11,3,12
5,3,9.0,44,4,9,0,3,70,1,12
5,3,9.0,44,4,12,0,14,24,2,12
5,3,11.0,337,6,17,3,14,25,0,9
5,3,11.0,337,6,11,0,13,38,2,9
5,9,14.0,106,6,23,1,5,12,1,5
5,7,4.0,186,2,4,0,10,47,2,30
5,7,29.0,268,3,19,1,10,47,0,16
5,7,30.0,42,0,12,1,10,47,0,19
5,11,22.0,250,4,16,0,9,93,1,26
5,9,14.0,106,6,17,3,2,69,1,5
5,7,29.0,268,3,2,0,5,64,3,16
5,3,17.0,54,5,22,0,5,6,2,6
5,3,17.0,54,5,8,1,12,104,4,6
5,5,1.0,109,5,16,1,1,105,0,7
5,5,1.0,109,5,11,0,2,123,4,7
5,5,1.0,109,5,11,0,2,69,2,7
5,5,2.0,307,6,19,0,10,47,0,22
5,5,2.0,307,6,16,1,4,136,1,22
5,5,3.0,161,3,16,0,0,64,1,27
5,3,2.0,120,4,19,0,13,28,4,22
5,3,9.0,44,4,21,0,10,52,1,12
5,3,9.0,44,4,12,0,10,47,3,12
5,3,11.0,337,6,3,1,9,93,4,9
5,3,17.0,54,5,6,0,0,53,3,6
5,3,17.0,54,5,15,2,11,133,0,6
5,3,17.0,54,5,2,0,15,96,0,6
5,5,1.0,109,5,7,0,5,6,3,7
5,5,1.0,109,5,1,0,10,12,1,7
5,5,3.0,161,3,11,0,6,7,4,27
5,5,3.0,161,3,3,3,10,12,0,27
5,5,3.0,161,3,13,1,6,116,4,27
5,5,3.0,161,3,1,0,9,9,4,27
5,5,4.0,114,0,22,0,14,34,2,30
5,5,10.0,155,3,5,0,2,123,2,4
5,7,26.0,316,4,8,1,3,44,4,3
5,7,25.0,41,2,8,0,8,118,3,13
5,7,27.0,53,5,20,0,13,48,4,15
5,7,28.0,34,6,17,1,13,123,0,18
5,7,27.0,53,5,13,0,5,12,0,15
5,7,27.0,53,5,22,0,10,47,0,15
5,3,1.0,180,2,15,0,8,9,1,7
5,3,1.0,180,2,14,0,11,18,1,7
5,3,2.0,120,4,17,0,15,31,3,22
5,3,2.0,120,4,23,1,0,31,2,22
5,3,2.0,120,4,14,2,3,70,3,22
5,3,11.0,337,6,3,0,2,86,3,9
5,5,4.0,114,0,1,2,11,15,3,30
5,7,6.0,93,5,3,0,16,50,1,23
5,5,10.0,155,3,21,1,14,34,0,4
5,7,12.0,181,4,2,0,8,41,3,28
4,0,5.0,122,3,5,0,8,19,3,24
5,10,13.0,346,0,8,0,10,47,3,25
5,7,12.0,181,4,20,1,4,66,4,28
5,1,15.0,1,6,0,1,10,47,1,1
4,0,14.0,5,1,17,1,10,47,1,5
5,5,10.0,155,3,7,1,0,85,0,4
5,10,13.0,346,0,2,0,9,93,1,25
5,7,25.0,41,2,15,0,13,29,4,13
4,7,10.0,329,2,17,1,11,90,0,4
4,0,14.0,5,1,17,1,9,93,1,5
3,4,1.0,144,2,20,0,9,93,1,7
5,3,27.0,361,0,8,1,8,9,1,15
5,3,29.0,325,2,18,0,13,38,1,16
5,9,1.0,126,3,13,1,1,1,4,7
5,10,18.0,246,6,11,0,2,2,4,0
5,10,18.0,246,6,15,2,10,22,3,0
5,10,18.0,246,6,3,0,11,124,3,0
5,10,18.0,246,6,14,0,4,136,4,0
5,10,19.0,117,3,21,0,10,22,2,10
5,10,18.0,246,6,22,0,14,24,2,0
5,5,1.0,109,5,1,1,11,117,1,7
5,5,2.0,307,6,23,0,0,15,1,22
5,5,2.0,307,6,11,0,0,64,3,22
5,5,2.0,307,6,2,0,13,48,3,22
5,5,2.0,307,6,7,0,4,45,1,22
5,5,2.0,307,6,2,0,0,64,4,22
5,5,2.0,307,6,8,2,4,115,3,22
5,5,3.0,161,3,19,0,8,27,1,27
5,5,3.0,161,3,22,0,9,93,1,27
5,9,20.0,119,5,14,3,5,12,1,29
5,5,3.0,161,3,18,1,13,29,0,27
5,3,15.0,35,2,16,0,10,30,0,1
2,1,1.0,171,4,1,0,0,85,1,7
5,5,4.0,114,0,8,0,14,25,3,30
5,5,10.0,155,3,16,0,5,6,3,4
5,5,10.0,155,3,7,1,6,7,0,4
5,5,10.0,155,3,11,0,3,76,4,4
5,5,12.0,327,1,17,0,3,44,1,28
5,5,12.0,327,1,13,0,8,118,3,28
5,5,19.0,146,1,22,1,13,29,1,10
5,5,20.0,214,2,16,2,6,128,3,29
5,5,19.0,146,1,14,1,14,25,0,10
5,5,20.0,214,2,13,3,0,85,0,29
5,5,20.0,214,2,12,0,4,4,0,29
5,7,27.0,53,5,1,3,11,15,0,15
5,7,27.0,53,5,15,1,0,15,1,15
5,3,1.0,180,2,6,0,5,12,3,7
5,3,1.0,180,2,22,0,1,11,3,7
5,7,28.0,34,6,13,0,1,11,2,18
5,3,9.0,44,4,17,0,10,22,3,12
5,3,9.0,44,4,20,1,15,114,4,12
5,3,9.0,44,4,14,3,9,27,3,12
5,3,11.0,337,6,19,0,12,104,1,9
5,3,17.0,54,5,6,0,10,12,0,6
5,5,11.0,326,0,14,1,13,29,1,9
5,5,27.0,328,2,1,0,11,117,1,15
5,9,1.0,126,3,5,0,6,89,2,7
5,11,5.0,240,0,22,1,5,6,0,24
5,11,12.0,118,0,10,1,16,74,0,28
5,11,12.0,118,0,15,0,2,71,2,28
5,11,12.0,118,0,8,0,8,33,0,28
5,11,24.0,194,6,22,1,9,10,4,14
5,11,24.0,194,6,14,1,2,60,4,14
5,9,12.0,177,4,5,0,16,130,3,28
5,9,12.0,177,4,19,0,10,47,0,28
5,9,22.0,92,3,2,0,13,21,3,26
5,9,24.0,272,1,8,0,9,109,4,14
5,7,7.0,293,6,9,0,4,127,1,11
5,7,7.0,293,6,13,0,16,113,1,11
5,7,7.0,293,6,9,0,9,95,2,11
5,5,1.0,109,5,2,0,8,41,1,7
5,5,1.0,109,5,14,2,10,47,0,7
5,5,3.0,161,3,19,2,3,4,0,27
5,5,4.0,114,0,19,0,1,11,4,30
5,5,10.0,155,3,17,1,0,31,0,4
5,5,10.0,155,3,6,1,0,85,0,4
5,5,28.0,259,4,11,0,7,111,0,18
5,5,28.0,259,4,8,1,1,35,4,18
5,5,12.0,327,1,0,0,10,12,1,28
5,7,25.0,41,2,9,0,10,6,3,13
4,2,30.0,131,1,16,2,6,89,0,19
4,3,18.0,165,3,2,1,13,69,2,0
5,5,12.0,327,1,16,0,10,47,0,28
5,7,26.0,316,4,2,0,6,7,2,3
4,0,5.0,122,3,13,0,0,15,4,24
4,4,19.0,142,1,10,0,11,15,1,10
5,7,10.0,329,1,4,2,10,47,0,4
5,7,26.0,316,4,4,0,7,57,1,3
4,0,7.0,15,1,19,2,13,28,3,11
5,5,19.0,146,1,22,0,12,121,1,10
5,7,27.0,53,5,4,0,16,50,1,15
4,4,27.0,274,2,13,0,6,73,0,15
5,7,27.0,53,5,14,0,10,22,1,15
4,0,14.0,5,1,8,1,4,4,1,5
3,0,8.0,9,0,12,0,10,47,2,8
5,6,8.0,59,0,7,1,5,12,0,8
5,0,24.0,55,4,17,2,10,22,2,14
5,11,23.0,232,5,19,1,9,57,0,17
5,8,17.0,74,4,18,2,8,41,2,6
5,4,8.0,292,4,1,1,9,27,0,8
4,1,3.0,188,1,4,0,0,26,3,27
4,1,11.0,111,2,20,0,4,5,1,9
4,1,9.0,50,0,17,1,10,52,1,12
5,3,21.0,338,1,4,1,5,12,2,21
4,10,18.0,246,3,22,1,14,32,1,0
4,3,29.0,325,4,18,0,13,99,1,16
4,6,6.0,83,3,21,1,7,20,0,23
4,10,15.0,60,4,8,1,14,24,4,1
4,10,23.0,247,5,23,0,10,22,3,17
4,1,4.0,286,2,1,0,16,72,0,30
4,1,6.0,97,5,16,1,10,22,1,23
4,1,7.0,32,6,5,0,5,6,3,11
4,1,12.0,353,4,2,1,10,52,2,28
4,1,13.0,207,5,9,2,10,6,3,25
4,1,22.0,164,3,5,2,0,31,3,26
4,1,22.0,164,3,21,1,5,6,0,26
4,8,15.0,72,2,20,1,5,6,1,1
4,8,15.0,72,2,3,0,15,108,1,1
4,8,24.0,85,5,12,0,2,86,3,14
4,4,5.0,235,1,16,0,5,12,0,24
4,4,5.0,235,1,3,1,7,20,1,24
4,0,4.0,229,6,13,1,8,9,4,30
3,11,1.0,222,2,17,0,12,80,1,7
5,5,13.0,184,2,16,0,16,72,3,25
5,0,16.0,11,2,13,1,12,56,1,2
4,7,15.0,205,0,15,0,10,47,1,1
3,11,27.0,322,0,4,0,13,28,1,15
4,5,16.0,239,3,8,1,9,87,1,2
4,8,27.0,78,0,13,1,14,24,1,15
4,10,1.0,208,4,17,0,9,87,4,7
4,4,11.0,121,0,19,1,8,9,0,9
4,10,15.0,60,4,1,2,1,59,3,1
4,10,15.0,60,4,18,0,10,23,3,1
4,1,4.0,286,2,10,0,5,6,0,30
4,1,6.0,97,5,15,0,9,27,2,23
4,1,7.0,32,6,7,1,12,134,0,11
4,1,7.0,32,6,19,3,9,57,3,11
4,1,12.0,353,4,3,0,5,6,2,28
4,1,12.0,353,4,18,0,2,69,1,28
4,1,12.0,353,4,0,1,10,47,0,28
4,1,13.0,207,5,17,1,0,53,0,25
4,8,24.0,85,5,20,1,11,124,4,14
4,4,5.0,235,1,8,0,6,7,4,24
4,2,6.0,251,6,17,0,2,13,2,23
4,4,15.0,132,5,19,3,5,6,3,1
4,2,23.0,230,1,19,2,13,38,3,17
5,11,31.0,227,6,5,2,7,137,0,20
5,11,27.0,322,1,16,0,4,45,2,15
5,11,27.0,322,1,7,0,6,89,1,15
5,11,3.0,288,6,18,0,2,86,0,27
5,11,27.0,322,1,4,0,12,121,1,15
5,11,10.0,360,6,13,1,13,48,4,4
5,5,20.0,214,2,17,0,16,37,3,29
5,7,28.0,34,6,4,0,14,24,1,18
4,4,26.0,80,1,14,1,9,93,4,3
5,5,20.0,214,2,16,0,0,31,0,29
5,7,28.0,34,6,9,0,10,23,1,18
4,2,1.0,16,0,21,1,3,44,0,7
5,5,20.0,214,2,16,0,5,12,3,29
5,3,1.0,180,2,15,0,3,76,3,7
4,2,3.0,282,2,12,0,8,118,1,27
5,5,20.0,214,2,21,0,8,19,1,29
4,2,26.0,3,5,19,0,12,84,3,3
5,5,20.0,214,2,12,0,4,82,1,29
5,3,1.0,180,2,15,1,1,105,0,7
4,0,3.0,334,5,15,0,1,105,0,27
5,3,1.0,180,2,19,0,8,118,1,7
4,10,9.0,150,5,12,2,7,120,2,12
4,2,26.0,3,5,8,1,1,105,4,3
5,5,2.0,307,6,6,0,13,69,4,22
5,11,26.0,364,0,3,1,2,2,4,3
5,11,27.0,322,1,23,2,10,22,3,15
5,11,27.0,322,1,2,0,14,25,0,15
5,9,11.0,52,2,0,0,10,47,0,9
5,9,17.0,255,1,0,0,4,127,2,6
3,0,19.0,13,5,21,0,5,6,3,10
5,9,19.0,234,4,15,0,15,39,3,10
5,9,17.0,255,1,2,1,2,86,1,6
5,9,20.0,119,5,11,1,12,61,1,29
5,9,20.0,119,5,13,1,1,105,4,29
5,7,2.0,160,0,20,0,11,18,1,22
5,7,2.0,160,0,5,0,10,47,0,22
5,7,2.0,160,0,18,0,8,118,3,22
5,7,10.0,329,1,1,0,10,47,3,4
5,7,10.0,329,1,8,0,1,11,3,4
5,7,12.0,181,4,14,2,6,7,3,28
5,7,17.0,95,1,13,1,9,109,4,6
5,7,17.0,95,1,9,0,5,6,0,6
5,7,20.0,266,5,12,0,12,17,4,29
5,7,20.0,266,5,22,0,3,30,1,29
5,7,25.0,41,2,16,0,0,12,1,13
5,7,25.0,41,2,11,0,8,9,1,13
5,11,3.0,288,6,22,0,14,34,4,27
5,11,3.0,288,6,1,0,5,6,1,27
5,11,10.0,360,6,21,2,16,50,2,4
5,11,26.0,364,0,7,1,16,72,0,3
5,11,26.0,364,0,4,0,11,94,3,3
5,11,27.0,322,1,6,0,5,6,0,15
5,11,27.0,322,1,4,0,2,60,1,15
5,9,11.0,52,2,20,1,3,79,1,9
5,9,10.0,156,1,16,0,10,23,1,4
5,9,10.0,156,1,7,0,7,129,1,4
5,9,17.0,255,1,4,1,1,81,4,6
5,9,17.0,255,1,4,1,1,11,4,6
5,9,19.0,234,4,16,0,0,12,0,10
5,9,19.0,234,4,3,0,2,71,4,10
5,9,19.0,234,4,16,1,5,6,0,10
5,9,19.0,234,4,3,0,0,77,1,10
5,9,20.0,119,5,16,0,10,6,3,29
5,9,20.0,119,5,4,0,13,38,2,29
5,9,19.0,234,4,14,0,0,77,4,10
5,9,20.0,119,5,12,1,7,137,4,29
5,7,2.0,160,0,2,0,5,12,3,22
5,7,10.0,329,1,17,2,11,15,0,4
5,7,10.0,329,1,6,1,5,6,0,4
5,7,12.0,181,4,6,0,4,82,1,28
5,7,12.0,181,4,5,0,5,0,0,28
5,7,12.0,181,4,4,0,2,92,1,28
5,7,10.0,329,1,0,1,0,26,1,4
5,9,13.0,91,5,10,1,12,56,0,25
5,9,16.0,107,0,20,0,4,5,4,2
5,9,13.0,91,5,8,1,11,18,1,25
5,9,13.0,91,5,8,0,10,52,0,25
3,10,23.0,247,2,11,0,14,25,1,17
5,11,15.0,331,4,1,0,7,137,4,1
5,7,31.0,43,1,2,0,1,105,0,20
5,3,8.0,148,2,19,3,0,26,0,8
4,2,26.0,3,5,17,0,15,51,1,3
5,5,3.0,161,3,17,2,14,24,1,27
4,4,27.0,274,2,21,1,0,85,0,15
5,5,4.0,114,0,17,1,7,111,0,30
4,4,19.0,142,1,12,3,0,77,3,10
4,2,3.0,282,2,2,0,2,2,4,27
4,6,15.0,49,1,7,1,10,47,1,1
4,6,15.0,49,1,17,0,10,47,3,1
4,6,15.0,49,1,13,1,16,72,0,1
5,7,17.0,95,1,12,1,16,74,1,6
5,6,20.0,215,6,18,2,0,31,3,29
5,1,19.0,29,2,16,1,11,10,2,10
5,8,11.0,306,5,19,1,13,29,4,9
4,5,11.0,326,1,9,1,11,55,2,9
4,8,5.0,101,3,9,1,11,124,2,24
4,6,15.0,49,1,20,0,0,26,1,1
4,0,25.0,281,6,18,1,5,64,0,13
4,4,21.0,339,4,20,0,5,6,0,21
4,0,6.0,260,0,12,1,9,58,0,23
4,0,13.0,198,0,11,1,12,84,1,25
5,7,2.0,160,0,12,1,11,15,2,22
5,3,9.0,44,4,17,1,7,120,1,12
5,1,29.0,112,6,9,3,12,61,3,16
4,11,29.0,270,5,16,1,5,0,1,16
4,9,4.0,295,4,13,1,0,26,1,30
4,3,5.0,324,0,9,0,8,41,1,24
4,8,5.0,101,3,7,3,1,105,0,24
4,4,23.0,30,6,12,0,9,93,3,17
4,4,29.0,313,5,18,0,8,27,1,16
4,4,4.0,178,0,0,2,2,40,3,30
4,4,29.0,313,5,20,1,13,29,4,16
4,4,29.0,313,5,8,2,1,16,3,16
4,4,31.0,67,3,19,0,15,96,0,20
4,4,31.0,67,3,9,2,10,23,3,20
4,2,8.0,258,0,2,0,9,83,3,8
4,2,8.0,258,0,10,1,13,123,1,8
4,2,18.0,7,4,10,1,9,49,1,0
4,2,29.0,140,0,0,1,3,30,0,16
4,2,7.0,153,3,9,1,5,12,1,11
4,6,4.0,159,5,17,1,12,121,2,30
4,2,7.0,153,3,16,2,4,75,0,11
4,0,25.0,281,6,18,1,6,116,1,13
5,9,6.0,51,5,8,0,8,9,3,23
5,8,14.0,296,0,1,1,5,12,1,5
5,0,27.0,23,3,9,1,9,87,2,15
4,5,17.0,212,0,3,1,5,12,0,6
4,0,27.0,23,0,15,1,11,55,4,15
4,0,27.0,23,0,15,0,14,32,0,15
4,2,3.0,282,2,2,1,6,89,1,27
4,2,12.0,128,5,17,1,12,61,0,28
4,0,1.0,8,2,15,1,11,98,2,7
4,0,3.0,334,5,11,1,1,67,4,27
4,0,28.0,249,1,19,0,0,26,0,18
4,4,19.0,142,1,12,1,7,129,4,10
4,2,1.0,16,0,3,1,14,88,1,7
4,2,1.0,16,0,5,1,12,17,1,7
5,3,22.0,166,2,21,1,5,12,0,26
5,5,16.0,239,6,17,1,9,134,4,2
5,4,17.0,19,6,16,1,5,12,0,6
4,3,17.0,54,6,9,1,5,6,1,6
4,8,12.0,284,3,4,0,1,1,3,28
4,4,11.0,121,0,16,1,13,28,0,9
4,8,20.0,319,0,4,1,9,83,4,29
4,4,11.0,121,0,13,1,1,35,4,9
5,5,4.0,114,0,22,0,2,86,3,30
5,5,4.0,114,0,19,2,4,45,3,30
5,5,10.0,155,3,5,0,8,41,3,4
5,5,12.0,327,1,8,0,15,96,1,28
5,5,12.0,327,1,1,0,0,12,3,28
5,5,12.0,327,1,9,0,7,120,4,28
5,5,19.0,146,1,16,0,3,103,4,10
5,5,19.0,146,1,6,2,14,25,3,10
5,5,19.0,146,1,6,1,7,31,0,10
5,5,19.0,146,1,4,0,9,83,1,10
5,5,19.0,146,1,12,1,11,15,4,10
5,5,20.0,214,2,14,0,16,37,3,29
5,5,20.0,214,2,19,0,15,108,3,29
5,5,28.0,259,4,16,0,1,11,3,18
5,5,28.0,259,4,8,0,2,60,3,18
5,5,29.0,24,5,19,0,0,77,1,16
5,5,29.0,24,5,14,0,13,38,0,16
5,6,10.0,149,2,16,0,5,12,1,4
5,6,10.0,149,2,14,0,11,117,3,4
5,6,10.0,149,2,16,0,4,75,0,4
5,6,20.0,215,6,6,0,0,26,2,29
5,9,11.0,52,2,12,3,8,65,1,9
5,6,20.0,215,6,0,1,4,4,0,29
5,6,20.0,215,6,3,2,9,93,4,29
5,6,20.0,215,6,18,3,4,136,3,29
5,5,10.0,155,3,15,2,10,47,2,4
5,5,12.0,327,1,6,0,2,35,4,28
5,5,20.0,214,2,6,0,8,27,1,29
5,5,20.0,214,2,4,0,9,63,4,29
5,11,10.0,360,6,0,0,0,26,4,4
5,9,11.0,52,2,16,0,10,23,1,9
5,9,19.0,234,4,6,0,7,120,0,10
5,5,20.0,214,2,4,1,5,6,1,29
5,5,20.0,214,2,19,0,12,83,4,29
5,5,28.0,259,4,20,0,5,6,3,18
5,5,28.0,259,4,18,0,0,64,2,18
5,5,29.0,24,5,5,0,5,6,2,16
5,5,29.0,24,5,3,0,8,118,1,16
5,6,10.0,149,2,16,0,13,99,3,4
5,6,20.0,215,6,0,0,10,47,3,29
5,6,20.0,215,6,6,0,10,47,3,29
5,6,20.0,215,6,14,0,8,33,2,29
5,6,28.0,309,3,21,1,13,28,0,18
5,6,28.0,309,3,15,0,2,3,2,18
5,10,3.0,310,5,22,2,10,43,3,27
5,10,3.0,310,5,18,0,13,21,1,27
5,10,13.0,346,0,8,3,16,37,4,25
5,10,18.0,246,6,6,1,3,79,1,0
5,3,27.0,361,0,12,1,14,97,1,15
5,3,27.0,361,0,3,1,1,67,1,15
5,10,18.0,246,6,3,0,10,22,3,0
5,9,17.0,255,1,7,0,5,12,2,6
5,9,19.0,234,4,6,0,14,131,1,10
5,9,17.0,255,1,5,0,13,48,3,6
5,9,19.0,234,4,4,0,3,76,1,10
5,9,20.0,119,5,22,0,16,50,3,29
5,9,20.0,119,5,12,0,8,27,4,29
4,9,12.0,177,5,13,2,0,64,0,28
4,9,5.0,89,5,14,3,7,20,0,24
4,9,12.0,177,5,14,2,16,139,1,28
4,9,20.0,119,6,13,1,11,133,1,29
4,9,12.0,177,5,1,0,5,6,3,28
4,9,22.0,92,0,21,0,16,42,1,26
4,7,17.0,95,2,4,0,16,72,1,6
4,6,21.0,193,0,10,0,7,62,0,21
4,6,25.0,39,5,9,0,8,41,0,13
4,6,28.0,309,0,3,0,9,27,2,18
4,7,25.0,41,4,2,0,4,127,1,13
4,6,25.0,39,5,9,0,0,12,1,13
4,9,28.0,315,3,11,0,4,75,4,18
4,9,28.0,315,3,3,0,4,136,4,18
4,9,28.0,315,3,5,0,2,35,2,18
4,9,28.0,315,3,8,0,2,40,2,18
4,7,3.0,269,2,8,0,12,80,0,27
4,7,3.0,269,2,14,0,13,21,1,27
4,3,19.0,138,0,16,0,0,53,1,10
4,11,2.0,265,6,2,0,8,41,2,22
4,9,4.0,295,4,4,3,10,22,1,30
4,9,4.0,295,4,1,1,15,31,1,30
4,9,4.0,295,4,5,1,16,50,1,30
4,6,7.0,169,0,4,1,14,32,0,11
4,6,15.0,49,1,5,1,9,57,0,1
4,5,28.0,259,5,3,1,11,15,4,18
4,7,6.0,93,6,8,0,14,24,2,23
4,7,30.0,42,1,21,0,6,7,3,19
4,7,30.0,42,1,16,0,1,59,1,19
4,7,30.0,42,1,5,0,3,30,3,19
4,3,3.0,182,6,20,0,15,85,0,27
4,3,3.0,182,6,23,1,7,20,0,27
4,3,3.0,182,6,22,0,3,76,1,27
4,3,5.0,324,0,5,1,11,18,1,24
4,3,11.0,337,3,10,1,16,42,1,9
4,3,11.0,337,3,18,1,1,35,0,9
4,3,12.0,104,0,16,0,16,50,3,28
4,3,12.0,104,0,13,0,9,102,1,28
4,3,12.0,104,0,20,0,9,57,2,28
4,3,19.0,138,0,2,0,5,12,1,10
4,6,2.0,352,2,19,0,3,30,4,22
4,6,10.0,149,4,7,1,1,104,0,4
4,6,11.0,355,5,17,2,10,22,0,9
4,6,11.0,355,5,21,1,0,53,0,9
4,6,11.0,355,5,13,0,13,48,3,9
4,6,11.0,355,5,13,1,1,81,4,9
4,6,11.0,355,5,2,0,10,47,2,9
4,6,11.0,355,5,4,2,2,13,1,9
4,6,11.0,355,5,9,0,5,6,3,9
4,6,16.0,38,2,3,0,5,12,3,2
4,6,16.0,38,2,8,3,16,72,4,2
4,6,16.0,38,2,19,0,16,37,4,2
4,6,17.0,244,4,0,2,11,15,3,6
4,6,17.0,244,4,4,0,16,50,3,6
4,6,17.0,244,4,22,0,10,47,0,6
5,7,31.0,43,1,1,0,15,114,4,20
5,8,6.0,87,3,9,0,1,59,1,23
5,4,6.0,176,1,7,3,0,0,3,23
5,4,31.0,67,6,18,0,10,47,3,20
5,4,31.0,67,6,8,2,8,33,2,20
5,1,17.0,63,0,8,1,13,28,0,6
5,0,9.0,48,2,8,0,5,6,3,12
5,2,17.0,6,1,1,2,11,133,2,6
5,2,15.0,130,3,11,0,8,9,2,1
4,9,16.0,107,1,14,0,4,82,1,2
4,7,15.0,205,0,2,0,14,25,2,1
4,11,26.0,364,1,3,0,11,58,2,3
4,3,2.0,120,5,19,0,2,86,4,22
5,2,17.0,6,1,18,0,15,31,1,6
4,6,24.0,31,4,18,1,7,20,0,14
5,11,23.0,232,5,9,3,2,123,4,17
5,11,30.0,170,5,14,1,11,18,1,19
5,6,30.0,145,1,4,3,1,81,0,19
4,11,2.0,265,6,18,0,15,96,0,22
4,11,20.0,340,2,19,0,4,5,1,29
4,11,22.0,250,5,14,0,4,5,0,26
4,11,22.0,250,5,4,0,10,22,3,26
4,9,2.0,323,1,20,0,8,19,0,22
4,9,2.0,323,1,5,0,2,40,2,22
4,9,2.0,323,1,9,0,6,7,4,22
4,9,2.0,323,1,8,2,13,21,2,22
4,9,2.0,323,1,1,0,14,34,4,22
4,9,3.0,217,2,0,1,8,9,1,27
4,9,3.0,217,2,23,0,5,12,1,27
4,9,4.0,295,4,6,0,10,47,0,30
5,2,21.0,108,6,18,0,1,11,4,21
4,6,7.0,169,0,7,1,6,91,0,11
4,9,4.0,295,4,13,0,1,35,4,30
4,9,4.0,295,4,1,0,9,95,1,30
4,7,25.0,41,4,15,1,9,95,1,13
4,11,31.0,227,3,9,0,15,119,1,20
4,6,26.0,348,6,21,0,6,7,3,3
4,11,31.0,227,3,13,0,9,83,2,20
5,0,26.0,14,6,11,1,12,56,0,3
4,6,25.0,39,5,16,1,1,67,0,13
4,7,2.0,160,1,0,0,13,21,3,22
4,6,26.0,348,6,9,0,5,12,0,3
4,6,26.0,348,6,8,0,10,6,0,3
5,0,18.0,0,5,12,1,0,64,0,0
4,10,2.0,358,5,16,1,14,25,0,22
4,5,2.0,307,3,16,1,14,25,0,22
4,10,2.0,358,5,22,0,10,47,3,22
4,5,17.0,212,0,23,0,8,118,1,6
4,10,2.0,358,5,9,0,3,115,3,22
4,5,17.0,212,0,12,1,2,13,1,6
4,6,2.0,352,2,13,1,2,69,1,22
4,10,11.0,298,3,6,0,11,94,3,9
4,6,2.0,352,2,2,0,15,77,3,22
4,10,11.0,298,3,17,1,0,68,0,9
4,11,3.0,288,3,12,0,10,22,0,27
4,11,4.0,275,0,10,1,0,0,0,30
4,11,4.0,275,0,8,0,5,12,3,30
4,11,10.0,360,3,19,0,13,38,3,4
4,11,11.0,175,0,13,0,9,87,2,9
4,11,11.0,175,0,12,2,15,46,0,9
4,9,5.0,89,5,20,0,14,24,2,24
4,9,19.0,234,5,12,0,16,130,2,10
4,9,20.0,119,6,20,0,11,90,4,29
4,9,20.0,119,6,2,0,10,43,0,29
4,9,20.0,119,6,16,0,13,29,0,29
4,9,22.0,92,0,5,0,5,6,0,26
4,9,22.0,92,0,16,1,13,99,0,26
4,9,28.0,315,3,0,0,2,86,1,18
4,7,12.0,181,5,19,0,8,9,0,28
4,6,30.0,145,2,17,1,3,103,4,19
4,10,22.0,314,4,8,3,15,51,0,26
4,7,12.0,181,5,9,0,16,37,0,28
4,7,14.0,125,3,8,0,10,23,2,5
5,0,5.0,122,6,15,0,16,50,2,24
5,0,14.0,5,0,7,2,4,66,3,5
5,0,14.0,5,0,11,0,15,39,1,5
5,0,14.0,5,0,3,0,13,29,1,5
5,0,22.0,241,1,15,0,14,24,2,26
5,0,22.0,241,1,22,0,4,138,0,26
5,0,14.0,5,0,17,0,3,30,4,5
4,11,2.0,265,6,14,0,8,65,4,22
4,11,20.0,340,2,14,0,4,66,0,29
4,11,20.0,340,2,16,2,8,65,0,29
4,11,22.0,250,5,23,2,13,48,3,26
4,11,29.0,270,5,8,0,11,15,0,16
4,11,29.0,270,5,1,0,13,48,0,16
4,9,2.0,323,1,17,0,10,23,1,22
4,9,2.0,323,1,22,0,10,43,1,22
4,9,3.0,217,2,20,0,14,25,0,27
4,9,3.0,217,2,23,1,16,74,1,27
4,9,3.0,217,2,8,0,15,46,4,27
4,9,3.0,217,2,2,2,6,91,1,27
4,7,3.0,269,2,23,1,0,64,0,27
4,7,3.0,269,2,5,1,10,22,4,27
4,6,2.0,352,2,12,0,1,11,4,22
4,6,10.0,149,4,11,0,12,135,4,4
4,6,10.0,149,4,22,0,9,109,2,4
4,6,10.0,149,4,2,0,14,24,1,4
4,6,10.0,149,4,22,0,1,105,3,4
4,6,10.0,149,4,12,0,7,31,1,4
4,6,10.0,149,4,14,0,16,72,4,4
4,6,11.0,355,5,17,0,13,48,4,9
4,6,16.0,38,2,13,0,11,133,0,2
4,6,16.0,38,2,3,0,1,11,4,2
4,6,16.0,38,2,17,1,15,51,4,2
4,6,16.0,38,2,9,0,0,26,0,2
4,6,17.0,244,4,22,0,7,129,4,6
4,9,17.0,255,2,14,0,13,99,3,6
4,7,2.0,160,1,20,1,14,24,1,22
4,5,2.0,307,3,5,0,10,47,0,22
4,5,2.0,307,3,7,1,14,25,0,22
4,5,17.0,212,0,2,0,13,38,2,6
4,5,17.0,212,0,1,0,9,93,3,6
4,5,24.0,58,0,20,0,5,64,3,14
4,5,24.0,58,0,19,0,4,79,0,14
4,6,2.0,352,2,16,0,5,12,3,22
4,6,2.0,352,2,19,0,8,9,3,22
4,7,14.0,125,3,22,2,6,7,3,5
4,7,20.0,266,6,6,0,7,20,4,29
4,7,20.0,266,6,11,2,9,49,2,29
4,11,11.0,175,0,14,0,10,22,2,9
4,11,19.0,321,1,6,0,10,22,3,10
4,11,21.0,192,4,15,0,5,12,3,21
4,3,21.0,338,2,13,0,13,29,1,21
4,3,24.0,357,6,17,0,13,38,0,14
4,10,11.0,298,3,12,0,10,47,3,9
4,10,25.0,56,3,5,0,3,103,1,13
4,10,25.0,56,3,11,0,5,12,2,13
4,6,22.0,185,1,9,1,8,41,2,26
5,6,16.0,38,1,16,0,0,26,1,2
4,10,28.0,216,2,12,0,5,6,0,18
4,11,11.0,175,0,19,1,11,15,4,9
4,3,26.0,343,0,2,0,9,95,4,3
4,10,25.0,56,3,5,0,11,124,3,13
4,10,25.0,56,3,9,2,10,12,2,13
4,10,28.0,216,2,0,0,0,64,3,18
4,7,25.0,41,4,14,0,10,47,0,13
4,3,16.0,263,5,13,1,12,104,4,2
4,9,19.0,234,5,0,0,5,12,0,10
4,7,5.0,204,5,13,0,4,138,2,24
4,7,5.0,204,5,12,1,8,19,4,24
4,7,12.0,181,5,4,0,12,104,1,28
4,7,20.0,266,6,2,0,13,99,0,29
4,7,20.0,266,6,23,0,13,69,4,29
4,7,22.0,211,0,23,0,10,47,2,26
4,7,20.0,266,6,1,1,5,6,0,29
4,7,22.0,211,0,12,0,9,95,1,26
4,7,28.0,34,3,12,2,10,43,3,18
4,7,29.0,268,0,11,0,9,54,2,16
4,7,29.0,268,0,18,0,1,35,3,16
4,7,29.0,268,0,18,1,11,122,1,16
4,3,24.0,357,6,22,1,13,21,1,14
4,3,24.0,357,6,11,1,14,125,4,14
4,7,28.0,34,3,13,0,1,67,1,18
5,2,27.0,136,5,2,0,9,9,1,15
5,0,13.0,198,3,6,0,8,19,4,25
5,0,13.0,198,3,11,0,4,66,1,25
5,0,13.0,198,3,12,1,14,32,4,25
5,0,19.0,13,6,14,0,5,6,3,10
5,0,30.0,228,2,23,0,10,52,2,19
5,0,30.0,228,2,9,0,5,6,1,19
5,0,30.0,228,2,0,0,0,77,1,19
4,11,3.0,288,3,0,2,1,105,0,27
4,11,3.0,288,3,7,0,15,31,1,27
5,0,1.0,8,1,18,0,5,12,3,7
5,0,17.0,12,4,13,1,4,4,1,6
5,0,23.0,237,2,19,1,10,23,4,17
5,2,7.0,153,6,3,3,0,15,3,11
5,1,26.0,248,2,15,0,1,35,2,3
4,7,24.0,68,2,17,1,13,99,4,14
5,2,6.0,251,5,11,1,16,72,1,23
5,0,23.0,237,2,2,1,13,28,1,17
4,3,1.0,180,4,0,0,10,22,1,7
5,4,25.0,20,3,18,0,10,22,3,13
5,4,23.0,30,5,15,0,2,69,2,17
5,1,9.0,50,3,18,1,12,100,4,12
5,1,9.0,50,3,14,0,11,15,2,12
5,8,26.0,278,6,17,0,13,28,1,3
5,0,23.0,237,2,11,1,3,44,4,17
5,4,23.0,30,5,8,0,2,92,1,17
5,4,17.0,19,6,12,3,8,9,3,6
5,2,10.0,28,1,6,0,10,47,1,4
5,2,18.0,7,2,2,0,9,57,0,0
5,2,18.0,7,2,6,0,5,6,3,0
4,11,24.0,194,3,19,0,12,61,1,14
4,9,7.0,271,3,22,0,14,32,3,11
4,9,12.0,177,5,17,0,7,111,2,28
4,9,14.0,106,3,8,2,11,133,0,5
4,9,14.0,106,3,19,1,9,54,1,5
5,2,12.0,128,4,15,0,8,9,3,28
5,2,12.0,128,4,9,1,0,31,1,28
5,2,20.0,264,5,17,1,3,44,1,29
5,2,20.0,264,5,0,0,2,40,3,29
5,2,20.0,264,5,3,0,0,31,2,29
5,2,21.0,108,6,12,0,16,50,3,21
5,2,21.0,108,6,12,0,9,95,0,21
5,2,21.0,108,6,2,0,2,71,4,21
5,0,3.0,334,4,11,1,4,121,1,27
5,0,3.0,334,4,3,0,13,29,1,27
5,0,3.0,334,4,19,0,2,69,0,27
5,0,4.0,229,5,9,0,10,22,1,30
5,0,5.0,122,6,7,0,8,27,2,24
5,0,5.0,122,6,15,0,0,77,2,24
5,0,5.0,122,6,19,2,6,7,3,24
5,0,14.0,5,0,16,0,3,44,1,5
5,0,14.0,5,0,23,0,13,29,1,5
5,6,16.0,38,1,22,3,13,38,0,2
4,3,26.0,343,0,17,0,4,66,1,3
4,3,25.0,347,3,0,0,3,76,1,13
5,1,31.0,305,0,2,0,0,96,3,20
4,3,26.0,343,0,14,1,7,129,4,3
4,10,28.0,216,2,4,1,15,51,0,18
5,11,6.0,252,1,8,1,9,93,4,23
4,9,19.0,234,5,22,0,9,101,0,10
4,3,25.0,347,3,3,0,12,61,1,13
4,10,30.0,157,5,20,3,11,94,4,19
4,7,14.0,125,3,21,0,16,42,4,5
4,11,13.0,312,2,5,0,8,19,4,25
4,1,8.0,62,3,7,1,15,85,0,8
4,5,2.0,307,3,5,0,8,27,4,22
5,11,6.0,252,1,13,1,11,18,0,23
4,7,14.0,125,3,3,0,0,26,3,5
4,1,8.0,62,3,22,0,16,72,0,8
4,11,13.0,312,2,5,0,6,128,4,25
4,9,19.0,234,5,16,1,10,22,0,10
4,1,8.0,62,3,20,0,9,63,3,8
3,9,21.0,362,5,19,0,14,110,4,21
4,5,2.0,307,3,18,0,9,83,1,22
4,1,8.0,62,3,13,1,1,105,4,8
4,9,20.0,119,6,14,0,1,67,4,29
4,7,14.0,125,3,12,0,6,128,1,5
4,11,13.0,312,2,15,0,5,6,0,25
4,1,10.0,17,1,1,0,0,77,3,4
4,3,26.0,343,0,22,3,5,6,0,3
4,1,8.0,62,3,1,0,0,85,2,8
4,9,20.0,119,6,1,0,15,114,2,29
4,7,20.0,266,6,6,0,2,13,3,29
4,11,19.0,321,1,1,0,14,32,4,10
4,1,10.0,17,1,18,0,16,74,0,4
5,8,24.0,85,4,11,1,6,89,1,14
4,5,17.0,212,0,0,1,0,68,0,6
4,1,10.0,17,1,6,2,11,18,3,4
4,7,22.0,211,0,21,1,7,137,2,26
4,11,19.0,321,1,14,0,4,138,0,10
3,6,1.0,158,3,17,0,1,67,1,7
4,11,21.0,192,4,2,0,5,12,2,21
5,4,3.0,279,6,13,0,9,9,2,27
5,2,22.0,209,3,10,0,5,6,1,26
5,2,22.0,209,3,10,0,5,12,3,26
5,2,22.0,209,3,8,0,10,47,0,26
5,2,27.0,136,5,3,0,0,96,2,15
5,0,19.0,13,6,15,0,4,103,3,10
5,0,30.0,228,2,2,0,2,40,2,19
4,11,4.0,275,0,17,0,3,115,3,30
4,7,17.0,95,2,14,3,12,84,1,6
4,7,25.0,41,4,23,0,2,86,2,13
4,7,25.0,41,4,20,0,10,22,3,13
4,7,25.0,41,4,11,1,1,81,4,13
4,7,25.0,41,4,3,1,9,10,1,13
4,3,16.0,263,5,23,0,2,86,1,2
4,3,16.0,263,5,5,0,13,28,1,2
4,3,16.0,263,5,8,0,3,44,0,2
4,3,16.0,263,5,5,0,13,21,3,2
4,3,16.0,263,5,8,0,14,25,0,2
4,3,24.0,357,6,6,0,8,27,4,14
4,3,24.0,357,6,19,0,5,6,0,14
4,3,25.0,347,3,13,0,2,2,4,13
4,3,26.0,343,0,7,1,14,25,0,3
4,3,26.0,343,0,1,0,5,12,3,3
4,3,26.0,343,0,9,0,0,77,4,3
4,3,26.0,343,0,4,0,8,9,2,3
4,3,26.0,343,0,8,0,5,12,0,3
4,5,2.0,307,3,17,0,0,77,1,22
4,5,17.0,212,0,17,0,3,76,1,6
4,9,7.0,271,3,13,3,6,7,0,11
4,9,1.0,126,0,22,1,9,10,4,7
4,9,25.0,344,4,19,1,10,12,0,13
4,9,1.0,126,0,19,2,2,69,3,7
4,9,18.0,359,4,0,1,0,12,1,0
4,7,1.0,98,0,13,3,4,4,4,7
4,9,25.0,344,4,17,0,1,67,1,13
4,11,1.0,222,5,17,1,1,67,4,7
4,11,24.0,194,3,8,0,9,87,2,14
0,11,24.0,194,1,17,0,3,76,4,14
5,4,17.0,19,6,3,1,9,9,0,6
5,0,17.0,12,4,1,1,11,133,2,6
5,8,26.0,278,6,5,0,0,15,2,3
5,4,18.0,26,3,18,1,1,67,0,0
4,9,7.0,271,3,9,0,10,47,1,11
4,7,1.0,98,0,3,0,16,74,2,7
4,7,24.0,68,2,19,1,14,107,1,14
4,9,23.0,167,1,13,3,12,61,0,17
4,3,9.0,44,5,8,0,16,50,2,12
5,2,26.0,3,4,2,1,9,87,0,3
4,9,6.0,51,6,13,0,8,41,2,23
5,2,18.0,7,2,5,3,10,30,0,0
5,6,23.0,84,1,21,0,14,110,4,17
5,7,31.0,43,1,17,0,14,131,1,20
5,10,23.0,247,4,2,0,9,95,3,17
2,3,1.0,120,0,1,0,14,88,1,7
5,1,15.0,1,6,2,1,4,79,2,1
5,1,15.0,1,6,18,1,13,29,4,1
5,4,31.0,67,6,4,1,9,58,4,20
0,2,1.0,16,2,17,0,11,8,1,7
5,0,9.0,48,2,1,0,11,18,0,12
0,10,1.0,208,6,20,0,8,9,4,7
4,7,15.0,205,0,23,1,10,22,1,1
4,9,16.0,107,1,13,3,12,61,0,2
4,5,16.0,239,3,22,0,2,86,2,2
4,3,18.0,165,3,8,3,11,15,0,0
4,3,18.0,165,3,4,1,0,85,1,0
5,4,1.0,144,4,17,1,0,26,1,7
4,7,10.0,329,2,3,0,9,95,2,4
4,4,9.0,18,6,12,3,13,48,0,12
5,6,23.0,84,1,1,2,7,78,0,17
5,10,6.0,242,0,21,1,3,76,1,23
5,8,6.0,87,3,22,0,8,41,1,23
5,4,31.0,67,6,1,0,7,137,1,20
5,4,31.0,67,6,4,1,10,47,1,20
4,3,11.0,337,3,9,2,2,69,2,9
4,3,11.0,337,3,1,1,7,129,4,9
4,3,12.0,104,0,15,1,11,117,1,28
4,3,19.0,138,0,16,0,7,111,3,10
4,3,19.0,138,0,7,0,13,13,1,10
4,3,19.0,138,0,0,1,10,23,0,10
4,3,19.0,138,0,14,0,6,132,3,10
4,3,21.0,338,2,5,0,12,17,2,21
4,3,21.0,338,2,9,1,3,44,0,21
4,3,22.0,166,4,10,0,5,6,3,26
4,3,22.0,166,4,3,2,2,60,3,26
4,1,18.0,82,2,6,0,10,22,3,0
4,7,22.0,211,0,14,0,10,47,3,26
4,5,24.0,58,0,23,1,3,79,0,14
5,4,18.0,26,3,16,3,0,12,0,0
4,9,20.0,119,6,18,1,10,12,1,29
4,1,18.0,82,2,0,0,5,12,3,0
2,6,1.0,352,6,17,3,8,41,1,7
4,1,10.0,17,1,3,0,5,64,3,4
4,5,24.0,58,0,16,1,9,87,0,14
4,7,22.0,211,0,8,0,10,23,2,26
4,1,18.0,82,2,7,0,6,89,1,0
4,9,22.0,92,0,7,0,11,124,0,26
5,10,16.0,201,4,16,2,5,6,3,2
4,1,10.0,17,1,14,0,10,52,1,4
4,6,2.0,352,2,8,0,10,22,2,22
4,7,28.0,34,3,12,2,7,78,3,18
4,6,16.0,38,2,7,0,1,35,4,2
4,9,19.0,234,5,1,1,7,120,1,10
3,7,2.0,160,3,17,3,10,47,0,22
4,6,10.0,149,4,12,0,4,79,0,4
4,7,28.0,34,3,4,0,0,53,3,18
4,9,22.0,92,0,5,0,6,89,1,26
4,9,22.0,92,0,12,0,2,69,4,26
4,9,22.0,92,0,9,0,0,64,0,26
4,9,22.0,92,0,4,0,9,10,1,26
4,9,22.0,92,0,5,0,5,6,0,26
4,9,28.0,315,3,16,2,10,47,3,18
4,9,28.0,315,3,3,1,1,35,4,18
4,9,28.0,315,3,4,0,1,100,3,18
4,9,28.0,315,3,14,0,13,29,1,18
4,7,5.0,204,5,11,0,2,86,1,24
4,7,12.0,181,5,15,2,5,12,3,28
3,10,1.0,208,1,19,0,16,139,1,7
5,8,21.0,46,0,17,0,0,64,1,21
5,8,20.0,319,3,3,3,0,64,4,29
5,8,21.0,46,0,11,0,9,93,0,21
5,8,21.0,46,0,13,2,11,94,3,21
5,8,21.0,46,0,12,0,6,7,4,21
5,8,20.0,319,3,11,0,9,10,3,29
5,8,21.0,46,0,20,0,0,53,2,21
5,8,22.0,354,1,12,2,6,89,3,26
5,8,22.0,354,1,12,0,13,28,0,26
5,8,22.0,354,1,14,0,14,24,4,26
5,8,22.0,354,1,14,2,3,70,3,26
5,8,27.0,78,3,15,0,8,27,1,15
5,4,3.0,279,6,8,3,5,6,2,27
5,2,19.0,137,4,8,0,8,9,3,10
5,2,19.0,137,4,11,0,8,9,2,10
4,11,28.0,123,4,20,1,14,32,1,18
4,3,13.0,210,1,6,2,1,11,3,25
4,3,23.0,57,5,19,3,0,77,3,17
5,4,3.0,279,6,18,0,5,12,0,27
5,4,4.0,178,3,0,0,9,102,2,30
5,4,4.0,178,3,10,0,2,86,1,30
5,4,4.0,178,3,15,0,6,128,1,30
5,8,21.0,46,0,13,1,14,126,1,21
5,4,4.0,178,3,1,0,7,120,3,30
5,4,19.0,142,0,6,0,11,18,0,10
4,7,12.0,181,5,2,2,12,61,3,28
5,2,12.0,128,4,11,1,10,47,1,28
5,2,20.0,264,5,13,0,14,32,4,29
5,2,20.0,264,5,22,0,5,64,1,29
5,2,20.0,264,5,1,0,8,41,1,29
5,2,21.0,108,6,3,0,1,11,3,21
5,0,3.0,334,4,16,0,7,120,4,27
5,0,4.0,229,5,15,1,12,80,4,30
5,0,3.0,334,4,13,0,0,0,2,27
5,0,14.0,5,0,9,0,12,17,3,5
5,0,22.0,241,1,11,0,16,37,3,26
5,0,22.0,241,1,0,1,14,107,0,26
5,0,22.0,241,1,12,0,5,64,3,26
4,11,2.0,265,6,8,0,15,51,0,22
4,11,2.0,265,6,12,0,14,125,2,22
5,2,21.0,108,6,1,1,9,57,0,21
5,2,21.0,108,6,3,0,2,2,2,21
4,11,2.0,265,6,19,0,1,59,2,22
4,11,2.0,265,6,3,0,13,29,0,22
4,11,2.0,265,6,13,0,7,8,2,22
4,11,20.0,340,2,22,0,13,38,0,29
4,11,20.0,340,2,12,2,0,31,2,29
4,3,26.0,343,0,1,0,8,118,1,3
4,5,2.0,307,3,17,2,2,60,0,22
4,5,2.0,307,3,10,0,11,90,3,22
5,0,26.0,14,6,22,0,0,0,3,3
5,0,26.0,14,6,12,2,5,6,3,3
5,0,27.0,23,3,17,0,14,32,1,15
5,0,27.0,23,3,6,0,5,12,3,15
5,0,26.0,14,6,22,0,13,28,0,3
5,0,26.0,14,6,16,1,0,15,0,3
5,0,27.0,23,3,19,0,8,9,1,15
4,11,7.0,253,4,22,0,15,31,0,11
5,0,27.0,23,3,1,0,0,26,3,15
4,11,16.0,225,6,4,0,10,52,0,2
4,11,25.0,88,0,12,0,10,12,1,13
4,11,25.0,88,0,23,1,11,124,1,13
4,11,31.0,227,3,11,0,13,28,2,20
4,11,31.0,227,3,20,1,6,116,4,20
4,11,31.0,227,3,5,0,6,89,1,20
4,7,12.0,181,5,4,0,10,47,1,28
4,7,14.0,125,3,6,0,13,48,3,5
4,6,10.0,149,4,20,1,4,127,4,4
4,6,17.0,244,4,4,0,14,32,2,6
4,7,28.0,34,3,13,0,5,6,2,18
4,1,18.0,82,2,15,0,4,75,3,0
4,6,11.0,355,5,0,1,11,133,0,9
4,6,17.0,244,4,9,0,5,6,1,6
4,7,28.0,34,3,13,0,16,50,2,18
5,6,7.0,169,3,4,1,15,39,2,11
4,9,26.0,267,5,8,0,5,6,3,3
4,7,29.0,268,0,8,0,8,9,2,16
5,1,9.0,50,3,12,0,0,68,2,12
4,6,11.0,355,5,13,0,4,127,4,9
5,2,1.0,16,3,4,0,2,40,1,7
4,7,29.0,268,0,2,0,6,7,1,16
5,4,23.0,30,5,18,1,10,52,2,17
4,1,18.0,82,2,9,0,2,92,3,0
4,6,10.0,149,4,18,0,11,18,3,4
4,7,29.0,268,0,1,0,7,137,1,16
5,4,25.0,20,3,14,1,9,87,0,13
4,1,19.0,29,4,6,0,11,18,0,10
4,7,2.0,160,1,9,0,13,69,0,22
4,7,31.0,43,2,1,2,14,110,3,20
5,8,16.0,73,2,4,1,0,26,1,2
4,1,19.0,29,4,17,1,4,138,0,10
4,6,11.0,355,5,9,2,7,20,3,9
5,0,18.0,0,5,12,0,16,130,4,0
4,6,26.0,348,6,7,1,10,6,1,3
4,6,17.0,244,4,6,1,11,18,1,6
4,6,26.0,348,6,16,1,0,53,0,3
4,6,26.0,348,6,17,3,11,94,4,3
4,10,2.0,358,5,16,2,13,28,3,22
4,10,2.0,358,5,10,0,7,31,1,22
4,10,2.0,358,5,6,1,0,12,0,22
4,10,11.0,298,3,11,0,1,67,3,9
4,10,11.0,298,3,23,0,9,102,3,9
4,10,11.0,298,3,18,0,5,12,1,9
4,10,16.0,201,5,5,0,5,6,2,2
4,10,16.0,201,5,14,2,7,31,3,2
4,10,25.0,56,3,2,0,1,11,3,13
4,10,28.0,216,2,17,0,6,7,2,18
4,10,28.0,216,2,12,0,10,43,3,18
4,10,28.0,216,2,19,0,5,6,3,18
4,1,8.0,62,3,22,0,2,86,1,8
4,1,18.0,82,2,4,0,13,38,1,0
4,1,19.0,29,4,18,0,15,31,1,10
4,1,19.0,29,4,9,0,14,24,1,10
4,1,27.0,262,5,7,1,9,95,0,15
4,1,27.0,262,5,5,0,6,7,3,15
4,1,27.0,262,5,12,2,0,77,0,15
4,1,27.0,262,5,20,0,14,131,2,15
4,8,10.0,71,5,3,1,5,6,0,4
4,8,10.0,71,5,22,0,10,47,3,4
4,8,10.0,71,5,17,1,11,15,1,4
4,8,10.0,71,5,20,1,0,0,0,4
4,8,10.0,71,5,6,1,8,9,0,4
4,8,19.0,280,3,10,0,15,31,1,10
4,8,19.0,280,3,0,1,7,57,4,10
4,8,19.0,280,3,2,0,2,69,2,10
4,8,19.0,280,3,14,0,8,9,1,10
4,8,25.0,86,6,7,0,16,50,1,13
4,8,25.0,86,6,3,0,6,132,0,13
4,8,25.0,86,6,22,0,5,64,2,13
4,8,25.0,86,6,9,0,9,95,2,13
4,8,26.0,278,3,10,1,0,68,0,3
4,7,16.0,40,1,21,1,8,9,2,2
4,8,25.0,86,6,16,1,5,6,0,13
4,8,26.0,278,3,2,0,7,57,4,3
4,8,26.0,278,3,5,0,13,36,2,3
4,8,28.0,224,1,11,0,2,3,2,18
4,8,28.0,224,1,3,0,10,47,0,18
4,1,8.0,62,3,4,3,8,41,0,8
4,1,8.0,62,3,1,0,6,89,3,8
4,7,25.0,41,4,2,0,7,20,4,13
4,5,17.0,212,0,2,1,10,43,1,6
4,1,10.0,17,1,14,0,9,93,1,4
4,1,19.0,29,4,20,1,5,64,0,10
4,1,19.0,29,4,3,0,1,1,3,10
4,1,19.0,29,4,4,0,5,6,3,10
4,8,1.0,66,2,7,1,15,31,0,7
4,8,1.0,66,2,4,0,5,6,0,7
4,8,10.0,71,5,20,0,0,26,2,4
4,8,10.0,71,5,20,0,10,12,3,4
4,8,10.0,71,5,13,3,10,12,1,4
4,8,19.0,280,3,3,1,12,61,1,10
4,8,19.0,280,3,1,0,8,41,1,10
4,8,19.0,280,3,9,0,0,26,3,10
4,8,25.0,86,6,10,1,15,51,0,13
4,8,25.0,86,6,11,0,4,5,3,13
4,8,25.0,86,6,8,0,3,103,0,13
4,8,25.0,86,6,20,0,12,80,2,13
4,8,26.0,278,3,16,0,11,18,1,3
4,8,25.0,86,6,9,1,16,50,1,13
4,8,26.0,278,3,15,0,3,30,1,3
4,8,26.0,278,3,13,0,13,44,3,3
5,7,1.0,98,3,22,1,14,126,4,7
4,11,3.0,288,3,22,0,0,26,2,27
4,11,3.0,288,3,1,0,16,50,0,27
4,11,4.0,275,0,7,1,0,64,0,30
4,11,3.0,288,3,19,2,10,22,3,27
4,11,4.0,275,0,20,1,11,18,1,30
4,11,5.0,240,1,0,1,1,1,0,24
4,11,11.0,175,0,8,0,7,78,2,9
4,1,18.0,82,2,4,1,8,27,0,0
5,8,26.0,278,6,12,0,11,98,1,3
4,6,16.0,38,2,20,0,10,47,2,2
4,1,19.0,29,4,5,2,14,25,3,10
4,3,13.0,210,1,10,1,0,64,0,25
4,11,15.0,331,5,17,3,5,12,1,1
4,6,16.0,38,2,12,0,12,61,1,2
4,3,13.0,210,1,8,0,8,9,1,25
4,3,14.0,33,2,14,0,0,0,3,5
4,3,20.0,105,1,16,0,2,2,3,29
4,9,2.0,323,1,6,2,1,11,0,22
4,9,2.0,323,1,14,0,2,123,1,22
4,9,2.0,323,1,18,0,13,38,4,22
4,9,3.0,217,2,6,1,9,93,4,27
4,9,3.0,217,2,3,0,4,75,3,27
4,9,3.0,217,2,14,0,16,130,4,27
4,9,4.0,295,4,6,2,0,68,3,30
4,9,3.0,217,2,4,0,10,22,4,27
4,9,3.0,217,2,14,0,5,6,0,27
4,9,4.0,295,4,9,0,1,11,4,30
4,9,12.0,177,5,3,0,14,25,2,28
4,9,12.0,177,5,9,0,15,31,4,28
4,9,27.0,179,6,3,0,6,73,0,15
4,9,27.0,179,6,8,0,10,6,2,15
4,11,2.0,265,6,2,0,12,80,4,22
5,8,29.0,301,1,16,0,11,94,1,16
5,5,1.0,109,5,17,0,13,99,3,7
4,1,19.0,29,4,2,0,0,68,3,10
4,3,20.0,105,1,21,0,12,61,1,29
4,9,2.0,323,1,10,0,10,22,2,22
4,9,2.0,323,1,4,0,9,95,3,22
4,9,2.0,323,1,2,3,1,35,2,22
4,9,3.0,217,2,10,0,8,9,1,27
4,9,4.0,295,4,23,0,9,102,1,30
4,9,8.0,90,0,17,0,3,115,3,8
4,9,8.0,90,0,21,1,1,67,0,8
4,9,8.0,90,0,22,0,8,33,2,8
4,9,10.0,156,2,16,0,0,26,3,4
4,9,17.0,255,2,17,0,13,48,0,6
4,9,26.0,267,5,11,1,0,77,1,3
5,0,18.0,0,5,22,0,6,14,4,0
5,0,25.0,281,5,13,0,2,86,4,13
5,0,26.0,14,6,22,0,9,57,0,3
5,0,26.0,14,6,19,0,14,25,0,3
5,0,26.0,14,6,9,0,0,96,3,3
5,0,27.0,23,3,14,2,13,69,3,15
5,0,27.0,23,3,4,1,9,10,4,15
4,11,7.0,253,4,13,1,4,75,1,11
4,11,15.0,331,5,17,0,8,41,1,1
4,11,15.0,331,5,5,0,16,113,2,1
4,11,16.0,225,6,4,0,0,64,0,2
4,11,25.0,88,0,21,1,1,105,0,13
4,11,25.0,88,0,5,1,11,18,1,13
5,2,1.0,16,3,17,0,14,25,1,7
4,9,8.0,90,0,18,0,7,57,3,8
4,9,17.0,255,2,9,0,16,72,1,6
5,11,23.0,232,5,23,3,2,35,4,17
5,11,23.0,232,5,13,0,5,64,3,17
5,7,23.0,202,0,17,0,10,43,1,17
5,7,23.0,202,0,8,0,12,80,2,17
5,11,7.0,253,2,6,3,1,35,3,11
5,7,14.0,125,6,17,0,0,68,2,5
5,5,23.0,168,6,21,0,5,6,3,17
5,6,8.0,59,0,9,1,6,7,0,8
5,6,25.0,39,4,11,0,4,136,1,13
5,4,1.0,144,4,17,0,7,62,1,7
5,1,17.0,63,0,17,0,10,22,3,6
5,0,9.0,48,2,13,3,10,52,4,12
5,7,16.0,40,0,5,1,16,37,2,2
5,10,17.0,256,5,2,1,8,9,0,6
5,5,13.0,184,2,4,2,1,59,1,25
5,5,24.0,58,3,16,0,2,123,1,14
5,6,5.0,342,5,15,0,1,59,2,24
5,1,15.0,1,6,3,0,9,134,4,1
5,1,17.0,63,0,15,0,8,9,1,6
5,6,23.0,84,1,13,1,3,30,4,17
5,6,25.0,39,4,19,0,6,7,1,13
4,9,25.0,344,4,18,0,0,26,2,13
4,9,25.0,344,4,4,3,9,57,1,13
4,7,1.0,98,0,18,2,5,12,3,7
4,11,1.0,222,5,23,0,1,105,4,7
4,9,1.0,126,0,13,0,15,114,3,7
4,5,1.0,109,6,14,1,15,46,0,7
4,6,16.0,38,2,2,0,10,23,2,2
4,6,16.0,38,2,19,0,16,50,3,2
5,0,22.0,241,1,17,0,0,77,1,26
5,0,22.0,241,1,3,1,1,1,4,26
5,0,22.0,241,1,12,1,9,102,4,26
4,1,19.0,29,4,12,2,6,73,1,10
4,11,20.0,340,2,6,0,15,85,1,29
4,11,20.0,340,2,21,0,8,9,1,29
4,3,20.0,105,1,22,0,9,102,2,29
4,1,19.0,29,4,19,0,0,53,3,10
4,1,19.0,29,4,10,1,5,6,2,10
4,9,14.0,106,3,20,0,6,132,3,5
4,9,14.0,106,3,4,0,13,13,2,5
4,9,27.0,179,6,15,0,5,12,2,15
4,7,3.0,269,2,16,0,0,12,3,27
4,6,7.0,169,0,13,1,10,22,0,11
4,5,11.0,326,1,8,0,10,43,1,9
4,6,3.0,99,4,22,0,13,38,2,27
4,7,3.0,269,2,2,0,15,46,1,27
4,7,3.0,269,2,22,0,8,118,3,27
4,7,6.0,93,6,17,1,14,107,0,23
4,7,6.0,93,6,14,0,13,38,1,23
4,7,30.0,42,1,21,0,1,1,1,19
4,7,30.0,42,1,15,0,10,12,3,19
4,7,30.0,42,1,1,0,16,113,1,19
4,3,3.0,182,6,4,1,16,39,0,27
4,9,2.0,323,1,17,0,1,11,4,22
4,3,3.0,182,6,13,0,5,6,0,27
4,3,5.0,324,0,23,1,0,64,0,24
4,3,11.0,337,3,20,1,12,56,1,9
4,3,11.0,337,3,19,0,16,42,1,9
4,3,11.0,337,3,12,0,13,29,4,9
4,1,27.0,262,5,6,1,8,27,0,15
4,1,27.0,262,5,14,0,14,25,3,15
4,8,1.0,66,2,17,0,7,20,4,7
4,8,1.0,66,2,3,0,15,51,3,7
4,8,10.0,71,5,17,0,0,15,0,4
4,8,10.0,71,5,21,0,10,12,1,4
4,3,26.0,343,0,1,0,6,89,0,3
4,3,26.0,343,0,11,1,15,51,1,3
4,5,2.0,307,3,15,0,16,113,2,22
4,5,2.0,307,3,13,0,13,69,0,22
4,5,2.0,307,3,22,0,3,103,2,22
4,3,24.0,357,6,20,1,10,47,1,14
4,9,10.0,156,2,12,0,6,14,1,4
4,5,2.0,307,3,23,1,1,105,4,22
4,5,2.0,307,3,19,0,14,24,2,22
4,5,2.0,307,3,2,2,11,133,2,22
4,5,17.0,212,0,17,0,14,25,0,6
5,2,1.0,16,3,11,0,9,49,1,7
4,5,17.0,212,0,3,3,12,80,0,6
4,5,17.0,212,0,14,0,6,7,0,6
4,5,24.0,58,0,17,0,9,87,2,14
4,5,24.0,58,0,21,1,1,16,4,14
4,5,24.0,58,0,1,0,6,126,1,14
4,5,24.0,58,0,18,0,0,12,0,14
4,5,24.0,58,0,8,0,1,35,2,14
4,6,2.0,352,2,1,0,10,22,1,22
4,6,10.0,149,4,5,0,2,3,2,4
4,6,10.0,149,4,3,0,14,110,3,4
4,6,10.0,149,4,0,1,10,22,0,4
4,6,11.0,355,5,15,0,5,64,3,9
4,6,10.0,149,4,15,1,0,77,0,4
4,6,25.0,39,5,13,0,8,27,1,13
4,6,25.0,39,5,1,0,4,82,3,13
4,6,25.0,39,5,1,2,6,91,0,13
4,6,25.0,39,5,12,1,13,48,0,13
4,6,26.0,348,6,8,0,13,123,4,3
4,10,2.0,358,5,13,0,2,2,1,22
4,10,2.0,358,5,14,0,14,25,3,22
4,10,2.0,358,5,9,0,11,94,3,22
4,10,11.0,298,3,12,0,6,89,2,9
4,10,11.0,298,3,16,0,4,79,0,9
4,10,16.0,201,5,17,0,12,61,4,2
4,10,16.0,201,5,6,0,13,21,1,2
4,10,16.0,201,5,19,0,13,29,2,2
4,10,25.0,56,3,11,1,10,22,0,13
4,10,25.0,56,3,21,1,1,16,0,13
4,10,25.0,56,3,18,1,0,64,0,13
5,4,19.0,142,0,11,0,3,30,3,10
5,4,19.0,142,0,19,1,15,119,1,10
5,4,19.0,142,0,14,0,5,0,3,10
5,4,27.0,274,1,10,1,15,46,4,15
5,4,27.0,274,1,12,0,9,95,4,15
5,2,5.0,127,4,6,0,7,20,3,24
5,2,5.0,127,4,20,0,11,94,2,24
5,2,5.0,127,4,15,0,14,110,3,24
5,2,13.0,276,5,12,0,8,41,3,25
5,2,19.0,137,4,6,0,6,116,4,10
5,2,19.0,137,4,0,1,13,29,0,10
5,2,27.0,136,5,2,2,15,96,0,15
5,2,27.0,136,5,4,1,9,10,4,15
5,0,19.0,13,6,13,0,12,17,1,10
5,0,19.0,13,6,3,0,8,27,3,10
5,0,19.0,13,6,19,0,5,6,2,10
4,7,28.0,34,3,20,2,4,138,3,18
4,11,3.0,288,3,20,0,7,57,3,27
4,11,3.0,288,3,5,0,1,105,0,27
4,11,3.0,288,3,22,0,10,22,3,27
4,9,17.0,255,2,19,1,4,121,0,6
4,9,26.0,267,5,5,0,8,27,2,3
4,9,26.0,267,5,4,0,15,114,1,3
4,9,26.0,267,5,19,2,7,20,3,3
4,9,26.0,267,5,9,1,4,45,0,3
4,7,2.0,160,1,16,0,11,18,3,22
4,7,2.0,160,1,17,0,2,2,1,22
4,7,2.0,160,1,9,0,9,93,1,22
4,7,17.0,95,2,7,0,4,75,1,6
4,7,17.0,95,2,13,1,3,30,4,6
5,0,27.0,23,3,18,0,8,9,1,15
4,11,7.0,253,4,7,1,10,22,0,11
5,10,30.0,157,4,5,0,12,80,1,19
5,4,24.0,27,6,16,1,10,43,4,14
4,11,7.0,253,4,11,1,0,15,0,11
4,11,7.0,253,4,20,1,6,7,1,11
4,11,15.0,331,5,23,2,10,22,3,1
4,11,16.0,225,6,8,0,13,38,2,2
5,4,15.0,132,4,17,3,1,67,1,1
4,11,31.0,227,3,19,0,6,89,0,20
4,11,31.0,227,3,9,0,8,9,3,20
4,9,8.0,90,0,17,0,8,41,3,8
4,9,8.0,90,0,16,1,11,15,0,8
4,9,8.0,90,0,18,0,10,22,0,8
4,9,12.0,177,5,17,0,0,77,1,28
4,9,12.0,177,5,19,0,10,12,1,28
4,9,12.0,177,5,18,0,9,10,0,28
4,9,14.0,106,3,2,0,2,40,3,5
4,9,14.0,106,3,12,2,10,22,1,5
4,9,14.0,106,3,12,0,4,66,0,5
4,9,14.0,106,3,9,2,1,67,0,5
4,9,27.0,179,6,20,0,2,86,4,15
4,7,6.0,93,6,10,0,11,133,2,23
4,7,6.0,93,6,3,0,2,86,1,23
4,7,30.0,42,1,20,0,1,35,2,19
4,7,30.0,42,1,5,2,4,82,1,19
4,7,30.0,42,1,1,0,2,2,3,19
5,0,5.0,122,6,0,1,9,83,4,24
5,4,20.0,115,1,4,3,3,30,4,29
5,4,30.0,139,5,14,0,10,47,0,19
4,11,31.0,227,3,0,0,10,43,1,20
4,9,10.0,156,2,5,0,10,47,2,4
4,9,10.0,156,2,7,1,0,15,0,4
4,9,10.0,156,2,18,0,8,27,1,4
4,9,17.0,255,2,23,0,10,22,0,6
4,9,26.0,267,5,8,0,6,89,3,3
4,9,26.0,267,5,1,0,3,30,3,3
4,7,2.0,160,1,13,2,13,99,3,22
4,7,2.0,160,1,12,0,10,47,0,22
4,7,17.0,95,2,12,0,10,22,3,6
4,3,21.0,338,2,20,0,5,6,2,21
4,3,21.0,338,2,11,0,4,121,1,21
4,3,21.0,338,2,14,1,2,2,1,21
4,3,21.0,338,2,1,0,8,33,0,21
4,3,21.0,338,2,9,1,16,50,0,21
4,3,22.0,166,4,15,0,12,83,3,26
4,9,14.0,106,3,14,2,15,31,0,5
4,1,24.0,64,1,21,3,0,26,4,14
4,3,19.0,138,0,18,0,4,79,1,10
4,3,22.0,166,4,19,0,2,2,1,26
4,3,30.0,304,5,5,0,2,40,2,19
4,3,30.0,304,5,5,0,15,114,3,19
4,3,30.0,304,5,11,1,8,27,2,19
4,9,26.0,267,5,13,0,2,29,2,3
4,9,26.0,267,5,22,0,11,124,0,3
4,9,26.0,267,5,9,2,6,89,1,3
4,9,26.0,267,5,19,1,11,18,4,3
4,7,2.0,160,1,0,0,0,77,1,22
4,7,2.0,160,1,3,0,12,61,1,22
4,7,2.0,160,1,4,0,2,69,3,22
4,7,16.0,40,1,12,0,13,28,0,2
4,7,16.0,40,1,9,0,13,99,1,2
4,7,25.0,41,4,3,1,9,49,1,13
4,7,25.0,41,4,4,0,12,61,1,13
4,7,25.0,41,4,4,0,8,27,3,13
4,3,16.0,263,5,22,0,7,137,3,2
4,3,24.0,357,6,5,0,13,29,2,14
4,3,24.0,357,6,5,0,11,90,3,14
4,3,24.0,357,6,15,0,2,69,3,14
4,3,24.0,357,6,14,0,15,96,0,14
4,3,25.0,347,3,17,0,10,12,1,13
4,3,25.0,347,3,0,1,3,30,0,13
4,3,25.0,347,3,7,1,11,98,0,13
4,3,25.0,347,3,15,0,4,66,1,13
4,3,25.0,347,3,3,0,15,51,1,13
4,3,25.0,347,3,5,1,1,16,1,13
4,5,5.0,96,2,16,0,2,86,3,24
4,5,5.0,96,2,21,1,11,15,4,24
4,3,19.0,138,0,17,0,13,38,4,10
4,5,11.0,326,1,8,0,13,48,3,9
4,5,11.0,326,1,4,0,8,9,0,9
4,11,20.0,340,2,11,0,14,24,2,29
4,11,20.0,340,2,12,2,7,31,0,29
4,11,20.0,340,2,19,2,1,35,3,29
4,11,22.0,250,5,4,0,2,13,1,26
4,11,22.0,250,5,22,1,13,36,4,26
4,9,3.0,217,2,22,0,10,47,1,27
4,9,3.0,217,2,3,0,7,62,1,27
4,9,4.0,295,4,13,0,16,50,1,30
4,9,4.0,295,4,22,0,11,122,3,30
4,9,4.0,295,4,12,0,8,9,1,30
4,9,12.0,177,5,4,0,4,5,1,28
4,9,12.0,177,5,19,0,5,6,1,28
4,9,14.0,106,3,21,1,5,64,0,5
4,9,14.0,106,3,12,0,9,63,1,5
4,3,25.0,347,3,23,0,13,99,2,13
2,4,18.0,142,5,13,0,8,27,2,0
2,4,29.0,139,1,11,1,15,31,4,16
2,2,18.0,137,0,19,0,16,37,4,0
3,3,22.0,166,1,8,0,10,22,1,26
3,3,20.0,105,3,4,0,5,12,1,29
3,3,22.0,166,1,1,0,5,6,0,26
3,3,22.0,166,1,18,2,10,6,3,26
3,3,22.0,166,1,13,0,4,75,1,26
3,4,30.0,139,4,5,1,11,10,4,19
2,1,5.0,97,0,20,1,6,91,0,24
3,2,6.0,251,4,6,1,13,38,0,23
3,5,31.0,196,6,9,1,0,85,1,20
2,2,12.0,276,1,2,0,8,41,2,28
3,4,30.0,139,4,1,0,4,121,2,19
2,4,10.0,121,4,18,0,8,9,1,4
2,4,19.0,115,6,3,0,10,47,3,10
2,4,19.0,115,6,3,1,0,26,1,10
3,1,20.0,151,2,13,2,16,74,3,29
3,1,20.0,151,2,12,0,2,2,3,29
3,6,10.0,149,1,4,1,16,65,0,4
3,7,18.0,154,1,18,2,10,22,3,0
2,8,30.0,144,0,2,0,15,39,0,19
3,4,22.0,152,2,6,0,4,66,1,26
3,1,20.0,151,2,4,0,2,35,3,29
2,4,11.0,134,5,16,1,7,31,0,9
3,1,20.0,151,2,14,0,10,43,2,29
3,1,20.0,151,2,18,0,13,69,3,29
3,1,23.0,69,6,0,1,0,15,4,17
3,1,23.0,69,6,21,0,10,6,3,17
3,1,23.0,69,6,14,3,10,22,1,17
3,1,23.0,69,6,14,0,13,21,3,17
3,1,28.0,300,4,5,3,6,116,1,18
3,1,28.0,300,4,8,0,5,6,0,18
3,1,28.0,300,4,13,0,5,6,3,18
3,1,28.0,300,4,1,0,2,71,4,18
3,1,28.0,300,4,14,1,13,21,4,18
3,1,28.0,300,4,9,0,0,85,4,18
3,1,31.0,305,3,16,1,11,98,4,20
3,1,31.0,305,3,5,1,6,7,0,20
3,1,31.0,305,3,8,0,13,38,0,20
2,1,6.0,32,1,16,0,14,32,0,23
2,1,6.0,32,1,23,0,15,114,0,23
2,1,30.0,305,5,19,0,6,91,1,19
2,1,31.0,66,6,4,0,8,41,2,20
2,1,30.0,305,5,14,0,6,132,3,19
2,1,31.0,66,6,9,0,10,12,3,20
2,8,8.0,124,3,11,0,12,121,3,8
2,8,8.0,124,3,5,0,1,11,0,8
2,8,8.0,124,3,4,0,3,79,1,8
2,8,22.0,102,3,9,0,10,47,0,26
2,8,23.0,85,0,3,0,15,96,3,17
2,8,24.0,86,1,17,0,0,53,0,14
2,8,24.0,86,1,2,0,9,93,1,14
2,8,24.0,86,1,2,2,4,66,3,14
2,8,24.0,86,1,19,1,7,122,1,14
2,8,25.0,278,2,2,0,0,12,1,13
2,8,23.0,85,0,17,0,4,82,1,17
3,11,6.0,252,0,2,0,2,86,2,23
3,6,2.0,352,0,17,1,13,38,1,22
2,2,30.0,8,6,12,0,0,85,3,19
2,2,30.0,8,6,9,0,13,69,4,19
2,0,4.0,122,2,16,0,14,88,0,30
2,0,4.0,122,2,22,1,2,86,1,30
2,0,4.0,122,2,2,0,6,89,1,30
2,0,4.0,122,2,14,2,14,32,0,30
2,0,10.0,10,1,6,2,10,22,3,4
2,0,10.0,10,1,5,1,2,2,1,4
2,0,10.0,10,1,19,0,7,111,0,4
2,0,11.0,113,2,16,0,0,64,0,9
2,0,10.0,10,1,5,1,7,137,4,4
2,4,2.0,279,2,10,1,4,45,0,22
2,4,2.0,279,2,12,0,2,86,1,22
2,4,2.0,279,2,18,1,9,27,0,22
2,4,3.0,178,4,3,0,5,6,1,27
2,4,3.0,178,4,14,0,0,26,0,27
2,4,3.0,178,4,9,0,13,29,2,27
2,4,3.0,178,4,9,0,1,11,2,27
2,4,11.0,134,5,3,0,13,21,3,9
2,4,11.0,134,5,8,0,11,90,1,9
3,1,31.0,305,3,13,1,1,81,4,20
3,8,20.0,319,6,21,1,11,15,4,29
3,8,20.0,319,6,16,0,6,128,3,29
2,2,3.0,254,3,12,1,11,10,4,27
3,3,21.0,338,0,4,0,13,28,2,21
3,3,21.0,338,0,12,0,14,25,2,21
2,2,27.0,257,2,13,1,3,44,0,15
3,9,5.0,89,2,11,1,1,67,1,24
3,10,5.0,336,6,21,1,7,57,1,24
3,10,5.0,336,6,18,2,1,11,3,24
3,4,13.0,221,0,8,0,5,64,3,25
3,4,13.0,221,0,23,1,9,101,4,25
3,4,13.0,221,0,8,0,8,118,4,25
3,4,22.0,152,2,7,2,8,41,0,26
3,4,22.0,152,2,2,2,6,89,3,26
3,4,30.0,139,4,22,0,3,30,0,19
3,4,12.0,134,3,13,1,3,44,1,28
3,2,4.0,254,1,4,0,2,2,2,30
3,2,4.0,254,1,18,1,13,38,0,30
2,1,25.0,248,3,22,0,0,68,0,13
2,8,30.0,144,0,8,0,0,68,2,19
2,2,4.0,127,0,12,0,9,95,2,30
2,10,23.0,261,1,13,1,1,35,4,17
3,2,6.0,251,4,16,0,0,68,0,23
2,0,11.0,113,2,0,2,13,13,4,9
3,3,28.0,187,0,0,0,0,26,1,18
2,8,30.0,144,0,22,0,2,92,0,19
3,6,10.0,149,1,0,0,15,108,3,4
3,4,22.0,152,2,8,0,5,12,3,26
2,2,19.0,264,1,17,0,8,9,1,10
2,4,6.0,133,3,13,0,0,31,1,23
3,2,4.0,254,1,13,1,9,95,0,30
2,8,6.0,70,5,19,0,10,43,1,23
3,3,28.0,187,0,13,0,0,0,2,18
3,5,30.0,294,5,15,0,10,47,0,19
3,10,2.0,358,2,16,0,4,4,0,22
2,8,30.0,144,0,18,0,4,82,1,19
2,4,7.0,292,0,15,0,9,57,0,11
3,2,6.0,251,4,3,0,11,90,3,23
2,8,15.0,73,3,19,1,10,52,1,1
3,3,28.0,187,0,9,0,14,34,3,18
3,5,30.0,294,5,2,2,7,8,2,19
2,8,6.0,70,5,2,1,13,29,1,23
3,4,22.0,152,2,22,0,11,133,0,26
2,8,30.0,144,0,11,1,14,131,1,19
2,2,19.0,264,1,21,0,8,65,3,10
2,4,7.0,292,0,0,0,3,76,4,11
2,4,6.0,133,3,5,0,9,102,2,23
2,4,16.0,19,2,16,1,13,21,1,2
2,4,16.0,19,2,14,0,11,133,1,2
2,4,22.0,30,1,15,0,9,87,3,26
2,4,22.0,30,1,8,2,13,21,3,26
2,4,23.0,27,2,17,0,1,67,1,17
2,4,22.0,30,1,17,0,5,12,3,26
2,1,6.0,32,1,2,0,0,26,2,23
2,1,6.0,32,1,3,0,2,86,2,23
2,1,6.0,32,1,1,0,8,41,1,23
2,10,22.0,247,0,3,0,5,64,1,26
2,1,22.0,69,4,10,1,2,60,4,26
2,1,30.0,305,5,12,0,16,108,3,19
2,1,30.0,305,5,20,1,9,87,1,19
2,1,31.0,66,6,13,0,9,134,1,20
2,1,31.0,66,6,2,0,8,27,4,20
2,8,8.0,124,3,5,0,5,6,3,8
2,8,22.0,102,3,15,0,4,138,4,26
2,8,22.0,102,3,2,0,1,11,2,26
3,6,2.0,352,0,8,3,5,12,1,22
2,8,23.0,85,0,19,0,10,47,1,17
2,8,24.0,86,1,1,0,14,25,1,14
2,8,25.0,278,2,16,0,9,49,1,13
2,8,25.0,278,2,22,0,9,63,4,13
2,8,24.0,86,1,18,1,3,30,0,14
2,8,25.0,278,2,14,0,15,46,2,13
2,8,30.0,144,0,4,1,2,71,4,19
2,8,30.0,144,0,21,1,4,121,0,19
2,8,30.0,144,0,18,2,1,105,3,19
2,4,6.0,133,3,15,2,13,38,3,23
2,4,6.0,133,3,8,0,3,30,2,23
2,4,6.0,133,3,8,3,8,27,3,23
2,8,15.0,73,3,8,2,3,103,3,1
2,10,16.0,256,1,19,0,12,80,1,2
0,2,22.0,209,2,17,1,9,102,4,26
2,9,5.0,89,0,10,1,3,30,2,24
2,2,1.0,143,5,18,0,8,19,0,7
2,8,16.0,74,0,8,0,6,89,2,2
2,11,6.0,252,6,6,0,2,86,3,23
2,11,13.0,312,6,15,0,9,93,3,25
2,4,8.0,18,1,5,1,12,17,1,8
2,10,6.0,243,6,13,0,8,118,0,23
3,7,23.0,202,3,13,1,10,23,0,17
3,3,18.0,165,5,9,2,13,123,3,0
2,4,25.0,80,5,13,0,16,50,3,13
3,3,24.0,357,4,18,0,1,35,3,14
2,2,1.0,143,5,17,1,10,47,0,7
3,5,23.0,168,5,13,1,5,12,1,17
2,2,1.0,143,5,8,1,7,129,1,7
3,9,16.0,107,3,9,3,15,51,0,2
3,6,19.0,291,4,8,0,6,7,1,10
3,6,19.0,291,4,1,1,5,6,0,10
3,6,3.0,99,1,0,2,9,93,3,27
3,6,3.0,99,1,15,0,3,30,3,27
3,6,3.0,99,1,3,0,15,46,3,27
3,6,3.0,99,1,17,0,6,7,4,27
3,6,3.0,99,1,12,2,2,2,3,27
3,4,29.0,313,2,18,2,7,78,3,16
3,11,13.0,312,0,19,1,13,38,0,25
3,6,13.0,317,5,11,0,3,115,3,25
3,5,30.0,294,5,11,0,14,24,2,19
3,6,13.0,317,5,15,0,13,69,2,25
3,6,14.0,173,6,6,2,16,50,1,5
3,6,19.0,291,4,6,1,14,25,0,10
3,6,19.0,291,4,23,0,5,6,0,10
3,6,20.0,215,5,16,1,11,124,0,29
3,6,20.0,215,5,0,2,12,135,3,29
3,6,20.0,215,5,7,1,13,21,0,29
3,6,20.0,215,5,20,0,14,34,0,29
3,6,28.0,309,6,15,0,13,38,2,18
3,6,28.0,309,6,20,1,12,84,1,18
3,7,17.0,95,0,0,0,3,76,4,6
2,7,5.0,93,1,15,1,15,39,1,24
3,3,24.0,357,4,13,0,14,24,1,14
3,5,10.0,155,6,15,0,14,24,2,4
2,7,24.0,41,3,17,3,13,29,4,14
2,6,6.0,169,4,18,0,12,84,1,23
2,6,14.0,49,5,9,0,8,41,0,5
2,6,14.0,49,5,2,3,7,137,4,5
2,0,1.0,47,3,12,1,0,26,0,7
3,2,6.0,251,4,23,1,4,127,4,23
3,6,3.0,99,1,9,0,3,115,1,27
3,3,18.0,165,5,18,0,5,6,0,0
2,2,27.0,257,2,0,1,9,57,0,15
2,2,19.0,264,1,3,0,5,6,3,10
3,3,29.0,325,1,6,0,10,47,0,16
2,0,17.0,0,1,12,1,9,83,4,6
3,3,27.0,361,3,2,0,8,118,1,15
3,6,3.0,99,1,1,0,9,87,3,27
3,3,18.0,165,5,5,1,13,29,1,0
2,4,6.0,133,3,6,2,15,31,3,23
2,2,19.0,264,1,5,1,13,28,4,10
3,3,23.0,57,2,15,3,11,18,0,17
2,0,12.0,198,4,1,0,3,115,3,28
3,6,3.0,99,1,19,1,14,32,4,27
3,3,28.0,187,0,17,0,16,50,1,18
2,4,7.0,292,0,17,2,14,25,3,11
2,2,19.0,264,1,19,0,2,86,1,10
3,6,8.0,59,3,2,0,12,17,2,8
3,8,16.0,73,1,9,3,12,100,4,2
3,11,27.0,322,0,4,2,2,2,1,15
3,6,5.0,342,4,21,0,15,46,3,24
3,3,28.0,187,0,0,0,14,34,1,18
3,3,29.0,325,1,16,0,0,0,3,16
3,5,3.0,161,6,13,0,8,27,0,27
3,3,29.0,325,1,8,0,2,86,1,16
3,5,4.0,114,3,19,2,16,50,1,30
3,5,4.0,114,3,1,3,2,86,1,30
3,5,5.0,96,0,21,1,1,59,0,24
3,5,5.0,96,0,20,0,1,11,4,24
3,5,5.0,96,0,3,0,15,39,1,24
3,5,5.0,96,0,5,0,4,4,1,24
2,2,20.0,108,2,5,0,16,39,2,29
3,5,5.0,96,0,2,0,13,38,0,24
3,5,4.0,114,3,8,0,8,118,3,30
3,5,5.0,96,0,13,1,11,133,1,24
3,5,6.0,277,1,0,0,14,24,3,23
3,5,6.0,277,1,13,2,8,41,3,23
3,5,6.0,277,1,3,0,2,3,2,23
3,5,30.0,294,5,5,0,12,84,1,19
2,4,11.0,134,5,22,0,16,42,1,9
2,4,11.0,134,5,22,0,5,0,2,9
2,4,20.0,339,3,3,0,7,78,4,29
2,4,20.0,339,3,13,0,11,117,3,29
2,4,20.0,339,3,22,0,14,110,1,29
2,4,20.0,339,3,8,0,8,9,0,29
2,4,20.0,339,3,9,0,16,50,3,29
2,4,20.0,339,3,10,1,12,17,1,29
2,4,20.0,339,3,18,0,16,72,1,29
2,4,20.0,339,3,1,0,1,11,4,29
2,4,21.0,152,0,20,0,11,55,3,21
2,4,21.0,152,0,23,0,3,115,4,21
2,4,21.0,152,0,2,2,1,67,0,21
2,4,2.0,279,2,12,0,4,75,1,22
3,1,22.0,164,5,9,1,13,28,0,26
3,5,31.0,196,6,13,3,14,126,1,20
2,4,21.0,152,0,1,2,13,28,4,21
2,2,21.0,209,4,4,2,6,91,0,21
3,5,30.0,294,5,22,0,13,29,3,19
3,5,30.0,294,5,12,0,13,48,3,19
3,6,3.0,99,1,6,0,6,73,0,27
3,6,3.0,99,1,21,1,14,97,0,27
3,6,5.0,342,4,3,0,8,9,0,24
3,6,5.0,342,4,4,0,13,48,3,24
3,6,13.0,317,5,16,0,10,52,3,25
3,6,13.0,317,5,6,2,12,61,3,25
3,6,13.0,317,5,21,1,9,87,2,25
3,6,13.0,317,5,19,0,2,40,4,25
3,6,13.0,317,5,4,2,3,70,1,25
3,5,3.0,161,6,20,1,15,119,1,27
3,5,3.0,161,6,14,0,4,121,3,27
3,5,4.0,114,3,8,1,0,68,4,30
3,7,19.0,330,2,17,3,2,86,1,10
3,4,29.0,313,2,2,1,4,138,0,16
2,2,21.0,209,4,4,0,13,36,2,21
2,2,21.0,209,4,12,0,6,128,1,21
2,2,21.0,209,4,9,2,4,138,0,21
2,2,22.0,230,5,11,0,13,69,1,26
2,2,22.0,230,5,2,0,14,25,0,26
2,2,22.0,230,5,13,1,13,123,4,26
2,2,22.0,230,5,5,1,2,2,4,26
2,2,19.0,264,1,4,0,5,47,2,10
2,2,28.0,140,4,23,0,5,64,3,18
2,2,28.0,140,4,2,2,15,108,3,18
2,2,28.0,140,4,9,0,1,16,4,18
2,2,28.0,140,4,18,1,9,93,1,18
2,2,28.0,140,4,4,1,9,93,1,18
2,4,21.0,152,0,13,3,16,113,0,21
2,2,30.0,8,6,9,0,13,69,4,19
2,2,28.0,140,4,22,0,13,38,2,18
3,5,31.0,196,6,19,3,11,15,1,20
3,5,29.0,24,4,15,2,2,123,3,16
2,7,29.0,42,5,14,1,11,98,0,16
2,2,24.0,233,3,22,0,14,97,2,14
2,0,1.0,47,3,23,1,14,24,1,7
3,3,28.0,187,0,20,1,10,23,1,18
3,3,28.0,187,0,18,0,15,31,2,18
3,6,8.0,59,3,2,0,3,70,3,8
2,0,18.0,13,2,17,3,11,10,4,0
3,4,22.0,152,2,22,0,13,29,2,26
2,8,22.0,102,3,23,0,14,24,2,26
2,4,16.0,19,2,16,0,8,27,3,2
2,2,19.0,264,1,15,3,9,95,0,10
3,3,29.0,325,1,17,0,0,77,3,16
3,4,28.0,218,1,3,1,0,0,0,18
3,4,12.0,134,3,5,1,0,53,4,28
3,6,5.0,342,4,22,0,10,47,3,24
3,11,24.0,194,5,22,0,13,99,2,14
3,4,30.0,139,4,5,0,0,12,1,19
2,2,21.0,209,4,16,0,0,53,1,21
3,3,29.0,325,1,6,0,0,77,3,16
3,2,3.0,282,0,9,0,6,89,1,27
3,4,13.0,221,0,7,1,10,22,0,25
3,6,5.0,342,4,4,2,0,31,3,24
3,1,27.0,262,2,18,1,3,30,0,15
3,4,30.0,139,4,2,0,4,4,4,19
2,2,21.0,209,4,6,2,10,6,3,21
3,3,29.0,325,1,10,0,0,64,1,16
3,3,29.0,325,1,2,0,6,91,1,16
3,3,29.0,325,1,20,3,11,124,4,16
3,3,27.0,361,3,13,0,16,72,3,15
3,3,28.0,187,0,2,1,9,109,4,18
3,5,6.0,277,1,8,0,13,38,3,23
3,5,6.0,277,1,19,2,6,89,3,23
3,5,6.0,277,1,11,1,11,133,1,23
3,5,30.0,294,5,16,0,5,12,0,19
3,5,30.0,294,5,10,0,11,55,3,19
3,5,30.0,294,5,2,0,2,40,3,19
3,5,30.0,294,5,22,0,13,38,0,19
3,5,30.0,294,5,11,0,15,39,3,19
3,6,3.0,99,1,12,0,11,15,0,27
3,6,3.0,99,1,15,1,15,51,1,27
3,6,5.0,342,4,17,1,2,13,1,24
3,6,5.0,342,4,14,0,10,47,3,24
3,6,5.0,342,4,18,0,13,99,4,24
3,10,3.0,310,4,8,3,2,69,0,27
3,1,12.0,353,1,9,0,9,49,3,28
3,1,12.0,353,1,4,2,2,69,3,28
3,1,22.0,164,5,19,3,10,47,2,26
2,4,11.0,134,5,3,0,5,0,2,9
2,4,20.0,339,3,6,1,3,30,4,29
2,4,20.0,339,3,8,1,11,10,4,29
2,4,20.0,339,3,2,0,2,2,1,29
2,4,20.0,339,3,1,0,6,128,3,29
2,4,20.0,339,3,18,0,8,27,1,29
2,4,26.0,274,6,5,0,16,37,1,3
2,4,26.0,274,6,3,2,16,72,0,3
2,4,26.0,274,6,1,0,2,2,1,3
2,4,3.0,178,4,22,2,8,27,2,27
2,1,20.0,45,1,9,0,5,47,3,29
2,1,20.0,45,1,9,2,7,120,3,29
2,1,20.0,45,1,13,0,14,25,0,29
2,1,28.0,112,2,14,0,11,15,2,18
2,1,28.0,112,2,1,0,15,46,3,18
2,8,4.0,101,2,17,0,2,2,4,30
3,6,5.0,342,4,4,0,14,97,3,24
3,6,5.0,342,4,22,2,6,89,0,24
3,6,13.0,317,5,16,0,5,12,3,25
3,6,13.0,317,5,0,0,1,1,0,25
3,6,13.0,317,5,5,0,12,100,1,25
3,6,3.0,99,1,22,3,9,27,2,27
3,6,13.0,317,5,22,0,2,86,2,25
3,11,13.0,312,0,4,0,6,7,1,25
3,6,14.0,173,6,4,2,16,130,3,5
3,6,19.0,291,4,0,2,9,93,3,10
3,6,19.0,291,4,15,0,6,132,0,10
3,6,19.0,291,4,22,0,0,12,3,10
3,6,19.0,291,4,9,0,8,19,1,10
3,4,4.0,178,6,16,1,10,43,4,30
3,3,20.0,105,3,4,2,11,94,2,29
3,3,20.0,105,3,4,0,1,11,1,29
3,3,19.0,138,6,8,3,9,134,1,10
3,3,20.0,105,3,4,2,12,104,2,29
3,3,22.0,166,1,20,0,2,86,3,26
3,3,22.0,166,1,20,0,0,77,2,26
3,3,22.0,166,1,9,2,1,1,3,26
3,3,27.0,361,3,13,0,4,127,2,15
3,3,27.0,361,3,1,0,6,7,4,15
2,8,4.0,101,2,5,0,4,136,1,30
2,8,4.0,101,2,3,1,11,98,0,30
2,8,4.0,101,2,4,1,7,20,4,30
2,8,4.0,101,2,9,0,2,92,1,30
2,8,10.0,306,1,0,0,6,14,3,4
2,8,10.0,306,1,17,1,4,138,0,4
2,8,10.0,306,1,15,2,0,31,0,4
2,8,10.0,306,1,9,0,13,48,3,4
2,8,11.0,284,2,12,2,15,46,3,9
2,8,13.0,296,5,8,0,12,61,1,25
2,8,13.0,296,5,5,0,16,42,1,25
2,4,2.0,279,2,2,2,0,77,3,22
2,2,12.0,276,1,13,1,3,30,1,28
2,4,2.0,279,2,14,0,0,53,0,22
2,4,2.0,279,2,4,0,9,9,1,22
2,4,3.0,178,4,11,0,5,6,3,27
2,4,3.0,178,4,1,0,12,80,1,27
2,4,3.0,178,4,19,0,3,70,3,27
2,4,2.0,279,2,1,0,5,12,3,22
3,10,18.0,246,5,16,0,14,106,1,0
0,2,30.0,131,4,11,3,12,100,4,19
3,4,30.0,139,4,1,0,5,12,3,19
2,2,22.0,230,5,0,0,8,9,4,26
3,4,13.0,221,0,12,1,13,48,4,25
2,0,18.0,13,2,13,0,8,27,4,0
3,2,4.0,254,1,16,0,1,81,4,30
3,2,4.0,254,1,17,2,4,82,3,30
3,2,4.0,254,1,2,2,5,6,3,30
3,2,6.0,251,4,20,0,5,6,0,23
3,2,6.0,251,4,21,1,8,9,0,23
3,2,6.0,251,4,1,0,15,37,0,23
3,2,13.0,276,4,10,1,11,98,0,25
2,1,25.0,248,3,11,1,3,30,4,13
2,8,5.0,87,4,14,1,4,136,4,24
3,11,17.0,110,5,13,0,1,1,4,6
3,1,27.0,262,2,14,0,1,105,3,15
2,8,6.0,70,5,17,0,6,7,2,23
2,10,23.0,261,1,13,1,2,92,1,17
1,8,27.0,78,1,2,0,6,7,4,15
2,4,25.0,80,5,22,0,6,91,2,13
2,4,25.0,80,5,11,2,13,69,3,13
2,4,25.0,80,5,17,3,15,31,0,13
2,4,31.0,16,4,17,0,15,114,3,20
3,5,10.0,155,6,6,1,3,30,0,4
2,2,24.0,233,3,19,3,2,3,4,14
2,0,9.0,129,0,2,1,0,0,4,12
2,0,9.0,129,0,17,1,16,65,0,12
3,10,10.0,245,4,18,0,9,95,1,4
3,2,9.0,21,3,4,0,2,86,1,12
0,0,6.0,260,2,8,0,0,68,3,23
3,11,7.0,253,1,22,1,13,28,2,11
2,5,7.0,199,1,17,0,15,31,4,11
2,6,4.0,342,1,2,1,10,23,0,30
2,2,10.0,297,3,15,2,5,6,0,4
2,2,12.0,276,1,11,1,13,48,0,28
2,2,12.0,276,1,14,0,10,22,1,28
2,2,12.0,276,1,12,1,6,7,4,28
2,4,3.0,178,4,12,0,5,12,3,27
2,4,3.0,178,4,8,0,6,89,3,27
2,4,3.0,178,4,14,0,7,120,1,27
2,4,11.0,134,5,18,1,2,2,1,9
2,4,20.0,339,3,16,2,5,12,3,29
2,4,20.0,339,3,17,1,6,7,2,29
2,4,20.0,339,3,14,0,7,111,3,29
2,4,21.0,152,0,6,0,0,53,3,21
2,4,21.0,152,0,11,0,2,2,4,21
2,4,20.0,339,3,3,1,14,25,4,29
2,4,26.0,274,6,5,1,6,132,1,3
2,4,26.0,274,6,14,0,6,128,1,3
2,4,26.0,274,6,14,0,1,1,3,3
2,4,27.0,218,3,12,0,1,59,3,15
2,4,27.0,218,3,7,1,13,21,0,15
2,4,30.0,67,2,21,0,12,135,4,19
2,4,30.0,67,2,22,1,12,100,4,19
2,4,30.0,67,2,4,0,8,9,4,19
2,4,30.0,67,2,14,0,5,6,1,19
3,2,13.0,276,4,9,0,1,1,3,25
3,2,13.0,276,4,4,2,8,33,0,25
3,2,13.0,276,4,12,1,3,115,2,25
3,2,16.0,220,3,22,1,12,61,1,2
3,2,16.0,220,3,4,0,0,64,3,2
3,2,23.0,230,3,21,1,9,57,0,17
3,2,23.0,230,3,5,1,2,71,4,17
3,2,23.0,230,3,19,0,4,4,1,17
3,2,24.0,22,0,6,3,6,7,0,14
3,2,23.0,230,3,18,1,15,31,2,17
3,2,24.0,22,0,17,0,2,86,1,14
3,2,24.0,22,0,19,0,15,108,4,14
3,2,23.0,230,3,1,1,9,10,1,17
3,10,5.0,336,6,18,1,11,94,0,24
3,4,6.0,176,0,12,0,5,12,1,23
3,4,6.0,176,0,7,1,13,99,4,23
3,4,7.0,133,1,23,1,8,27,1,11
3,3,21.0,338,0,1,0,3,30,1,21
3,4,7.0,133,1,8,0,0,64,0,11
3,4,12.0,134,3,6,1,1,35,4,28
3,4,7.0,133,1,9,1,13,28,0,11
3,4,12.0,134,3,19,1,11,129,4,28
3,4,12.0,134,3,4,3,8,19,3,28
2,2,4.0,127,0,13,0,9,95,2,30
2,2,4.0,127,0,15,0,8,33,1,30
2,2,10.0,297,3,23,1,13,21,0,4
3,8,22.0,354,0,12,0,11,15,3,26
2,4,21.0,152,0,13,1,8,27,1,21
2,2,10.0,297,3,2,0,8,118,1,4
2,2,10.0,297,3,4,1,12,56,4,4
2,2,12.0,276,1,15,1,0,77,1,28
2,2,12.0,276,1,1,2,8,27,3,28
2,2,22.0,230,5,10,1,10,12,0,26
3,4,13.0,221,0,1,1,12,17,4,25
2,0,17.0,0,1,21,0,8,41,0,6
3,4,13.0,221,0,3,1,12,56,4,25
3,6,5.0,342,4,22,0,16,74,2,24
2,2,21.0,209,4,12,1,9,109,0,21
3,4,22.0,152,2,17,2,1,11,3,26
3,6,8.0,59,3,14,1,10,43,1,8
3,1,27.0,262,2,12,3,10,12,3,15
2,2,18.0,137,0,13,0,13,36,4,0
2,2,22.0,230,5,3,0,13,29,3,26
3,10,6.0,242,3,6,0,16,108,3,23
3,11,13.0,312,0,11,3,16,37,0,25
2,2,22.0,230,5,14,2,2,2,3,26
3,10,6.0,242,3,8,1,13,29,1,23
3,4,22.0,152,2,17,0,0,12,3,26
3,8,15.0,72,0,13,0,7,57,2,1
2,2,21.0,209,4,12,1,13,99,0,21
3,10,6.0,242,3,14,2,16,37,3,23
3,4,22.0,152,2,7,1,9,27,0,26
2,6,23.0,31,3,19,0,5,6,0,17
3,4,29.0,313,2,23,1,2,86,4,16
3,4,29.0,313,2,18,0,9,102,2,16
3,6,14.0,173,6,17,2,6,89,3,5
3,6,14.0,173,6,16,0,13,29,1,5
3,6,14.0,173,6,21,2,9,134,3,5
3,6,14.0,173,6,9,2,16,130,3,5
3,6,14.0,173,6,11,3,10,12,1,5
3,6,14.0,173,6,3,0,13,121,2,5
3,6,19.0,291,4,3,0,4,82,1,10
2,0,11.0,113,2,7,0,0,26,2,9
3,11,18.0,332,6,1,2,10,47,3,0
3,11,18.0,332,6,18,0,14,32,1,0
3,11,19.0,321,3,12,0,13,28,2,10
3,11,19.0,321,3,20,1,1,35,4,10
3,11,28.0,123,1,0,0,0,64,1,18
3,11,28.0,123,1,2,0,16,113,3,18
3,9,10.0,156,0,20,0,5,6,3,4
3,9,10.0,156,0,12,0,16,130,1,4
3,9,11.0,52,1,17,0,8,41,1,9
3,9,11.0,52,1,0,0,0,26,1,9
3,9,11.0,52,1,10,0,2,40,1,9
3,9,11.0,52,1,18,1,0,12,1,9
3,9,12.0,177,2,0,0,0,26,1,28
3,9,12.0,177,2,0,0,8,27,3,28
3,9,12.0,177,2,3,0,10,23,3,28
3,9,12.0,177,2,2,0,15,31,1,28
3,9,12.0,177,2,12,0,4,79,2,28
3,9,12.0,177,2,9,0,11,18,1,28
3,9,18.0,359,1,6,0,3,103,1,0
3,9,18.0,359,1,16,0,13,36,1,0
2,4,16.0,19,2,17,1,14,32,4,2
2,4,16.0,19,2,13,0,7,62,0,2
2,0,31.0,365,1,4,1,9,63,4,20
2,8,8.0,124,3,13,0,6,7,2,8
2,4,16.0,19,2,9,0,7,137,2,2
2,4,16.0,19,2,1,2,11,15,0,2
2,4,22.0,30,1,23,0,14,131,1,26
2,4,22.0,30,1,23,2,1,59,1,26
2,4,22.0,30,1,12,0,13,36,1,26
2,8,24.0,86,1,14,0,2,69,3,14
2,8,8.0,124,3,14,0,14,34,0,8
2,8,25.0,278,2,22,3,0,12,0,13
2,8,25.0,278,2,2,0,12,80,1,13
2,8,25.0,278,2,20,1,14,32,0,13
2,8,25.0,278,2,4,0,7,111,1,13
2,8,30.0,144,0,21,1,8,27,0,19
2,8,30.0,144,0,13,2,7,62,3,19
2,4,6.0,133,3,19,0,13,38,0,23
2,4,6.0,133,3,14,0,14,24,1,23
2,4,7.0,292,0,12,0,9,102,3,11
2,4,16.0,19,2,12,0,16,130,1,2
2,4,16.0,19,2,19,0,13,38,2,2
2,4,16.0,19,2,1,2,5,0,0,2
2,4,16.0,19,2,18,0,4,82,1,2
2,4,22.0,30,1,6,0,5,12,0,26
2,4,22.0,30,1,17,0,12,80,3,26
2,4,22.0,30,1,0,0,15,51,4,26
2,4,22.0,30,1,4,0,2,123,4,26
2,4,23.0,27,2,17,2,0,64,0,17
2,4,23.0,27,2,5,0,4,136,4,17
2,4,22.0,30,1,10,1,6,7,0,26
2,4,23.0,27,2,19,1,6,14,0,17
2,8,22.0,102,3,14,2,5,6,0,26
2,8,23.0,85,0,6,0,12,121,3,17
2,8,8.0,124,3,13,3,2,13,4,8
2,8,23.0,85,0,1,0,8,33,3,17
2,8,24.0,86,1,2,1,7,8,4,14
2,8,25.0,278,2,17,1,0,85,0,13
2,8,25.0,278,2,6,0,5,6,3,13
2,8,25.0,278,2,14,0,5,12,2,13
2,8,25.0,278,2,1,0,1,1,3,13
2,8,30.0,144,0,14,0,9,10,3,19
3,11,16.0,225,4,15,1,3,30,4,2
2,1,31.0,66,6,11,1,10,43,0,20
2,10,22.0,247,0,18,0,4,66,1,26
2,2,19.0,264,1,23,1,16,72,0,10
3,10,6.0,242,3,1,0,6,73,1,23
2,2,28.0,140,4,12,2,7,120,3,18
2,1,25.0,248,3,17,0,10,47,3,13
3,10,12.0,333,6,13,0,5,6,2,28
3,2,4.0,254,1,0,0,8,9,3,30
2,2,28.0,140,4,11,3,9,93,3,18
2,6,4.0,342,1,22,0,1,59,2,30
2,6,4.0,342,1,1,1,5,64,0,30
2,6,14.0,49,5,9,2,4,82,3,5
2,0,1.0,47,3,2,3,1,1,3,7
3,2,6.0,251,4,1,0,14,25,1,23
3,2,6.0,251,4,8,0,8,27,0,23
3,2,16.0,220,3,6,0,2,13,2,2
3,2,16.0,220,3,17,0,2,2,1,2
3,2,16.0,220,3,8,0,6,89,1,2
3,2,23.0,230,3,17,0,10,6,3,17
3,2,23.0,230,3,20,0,8,41,2,17
2,0,12.0,198,4,5,1,5,0,2,28
3,9,20.0,119,4,17,3,0,12,0,29
3,8,20.0,319,6,23,0,0,26,4,29
3,8,23.0,102,1,14,0,7,57,2,17
3,4,5.0,235,3,23,0,3,44,3,24
3,4,5.0,235,3,5,2,4,127,2,24
3,4,5.0,235,3,1,0,12,135,1,24
3,4,5.0,235,3,12,3,5,6,3,24
3,4,6.0,176,0,5,0,15,31,1,23
3,4,7.0,133,1,13,0,0,77,3,11
3,4,7.0,133,1,18,0,7,120,0,11
3,4,5.0,235,3,8,0,14,106,2,24
3,4,12.0,134,3,8,2,4,45,2,28
3,4,12.0,134,3,13,3,9,134,3,28
2,2,29.0,131,5,1,0,6,89,1,16
3,5,4.0,114,3,19,0,10,52,1,30
3,5,4.0,114,3,18,0,6,7,2,30
3,5,4.0,114,3,11,0,14,24,2,30
3,5,4.0,114,3,10,0,5,6,3,30
3,5,5.0,96,0,1,2,10,22,3,24
3,5,6.0,277,1,4,2,9,57,0,23
3,5,30.0,294,5,17,0,10,52,0,19
3,5,30.0,294,5,11,0,8,33,0,19
3,6,3.0,99,1,2,0,8,19,1,27
3,6,3.0,99,1,9,0,5,6,0,27
3,6,5.0,342,4,16,2,6,7,3,24
3,6,5.0,342,4,15,2,1,59,3,24
3,6,5.0,342,4,3,0,7,111,0,24
3,6,5.0,342,4,11,0,7,120,4,24
3,6,13.0,317,5,10,1,14,131,1,25
3,6,13.0,317,5,4,2,13,21,1,25
3,6,13.0,317,5,1,0,4,66,2,25
3,6,14.0,173,6,2,0,1,59,2,5
3,6,14.0,173,6,4,1,10,47,1,5
3,6,19.0,291,4,15,0,15,96,3,10
3,6,19.0,291,4,22,2,7,20,3,10
3,6,20.0,215,5,17,3,3,79,4,29
2,4,26.0,274,6,19,2,6,91,0,3
2,4,27.0,218,3,6,0,2,92,0,15
2,4,27.0,218,3,15,0,4,121,2,15
2,4,27.0,218,3,4,1,1,1,4,15
2,4,27.0,218,3,13,1,16,50,4,15
2,4,30.0,67,2,6,0,0,12,0,19
2,4,30.0,67,2,4,2,1,59,3,19
2,4,30.0,67,2,1,0,14,34,3,19
2,2,4.0,127,0,17,2,1,11,0,30
2,2,4.0,127,0,14,0,2,40,1,30
2,2,4.0,127,0,2,0,10,22,1,30
2,2,4.0,127,0,4,0,5,6,0,30
2,2,4.0,127,0,23,1,4,75,4,30
2,2,4.0,127,0,9,2,10,47,0,30
3,3,12.0,104,6,3,0,16,37,2,28
2,2,4.0,127,0,23,3,10,23,3,30
2,2,4.0,127,0,14,3,12,56,0,30
2,2,10.0,297,3,0,1,10,22,0,4
2,2,10.0,297,3,11,0,2,69,4,4
3,4,13.0,221,0,10,0,13,123,1,25
3,4,13.0,221,0,4,1,16,72,4,25
3,4,13.0,221,0,2,0,3,115,3,25
3,4,22.0,152,2,6,2,11,94,2,26
3,10,22.0,314,1,0,0,8,27,3,26
2,2,28.0,140,4,19,0,12,80,1,18
3,10,22.0,314,1,7,1,12,56,0,26
2,2,28.0,140,4,10,1,12,121,4,18
3,10,22.0,314,1,21,1,7,122,1,26
2,2,30.0,8,6,15,2,15,51,3,19
3,10,22.0,314,1,8,0,15,31,3,26
3,11,11.0,175,6,11,1,14,97,4,9
3,9,3.0,217,0,15,0,6,116,2,27
2,10,1.0,358,0,17,0,7,57,1,7
3,10,22.0,314,1,22,2,6,132,3,26
3,10,20.0,223,3,14,0,10,52,0,29
3,10,28.0,216,0,17,0,0,64,3,18
3,10,28.0,216,0,6,0,3,79,3,18
3,10,29.0,318,1,16,0,9,101,0,16
3,10,29.0,318,1,0,2,10,47,3,16
3,10,29.0,318,1,23,0,6,73,1,16
3,10,29.0,318,1,2,2,10,52,3,16
3,10,30.0,157,2,6,0,9,134,0,19
3,9,18.0,359,1,6,0,4,45,0,0
3,9,19.0,234,2,17,0,2,2,0,10
2,2,30.0,8,6,6,0,11,18,1,19
2,2,30.0,8,6,22,1,16,50,1,19
2,2,30.0,8,6,4,0,6,89,3,19
3,2,4.0,254,1,21,1,6,91,0,30
2,2,30.0,8,6,8,1,7,57,1,19
2,0,4.0,122,2,17,1,11,129,4,30
2,0,4.0,122,2,14,0,1,35,4,30
2,0,4.0,122,2,1,0,10,43,1,30
2,0,4.0,122,2,9,2,10,47,3,30
2,0,10.0,10,1,17,0,0,53,0,4
3,5,29.0,24,4,9,1,13,38,0,16
3,4,21.0,339,1,12,1,9,101,4,21
2,6,1.0,352,6,17,0,3,76,4,7
2,0,10.0,10,1,20,2,9,87,3,4
2,0,10.0,10,1,11,2,2,3,0,4
2,0,10.0,10,1,14,2,12,56,1,4
2,0,11.0,113,2,0,0,0,26,4,9
2,0,11.0,113,2,0,1,14,88,4,9
3,4,13.0,221,0,6,0,1,59,3,25
3,6,12.0,162,4,22,0,16,50,1,28
2,2,27.0,257,2,12,1,4,75,0,15
2,2,27.0,257,2,9,0,8,27,1,15
3,4,13.0,221,0,16,0,2,86,0,25
3,4,13.0,221,0,10,2,14,25,0,25
3,4,12.0,134,3,13,0,2,123,3,28
3,4,13.0,221,0,2,0,5,12,0,25
3,4,13.0,221,0,12,2,15,46,0,25
3,4,13.0,221,0,8,2,8,19,3,25
3,4,13.0,221,0,18,0,14,24,3,25
3,4,22.0,152,2,16,0,15,96,3,26
3,4,22.0,152,2,20,0,15,51,0,26
3,4,22.0,152,2,11,1,10,47,1,26
3,4,30.0,139,4,19,1,12,58,1,19
3,10,29.0,318,1,12,0,12,80,0,16
3,10,31.0,135,4,17,0,8,33,3,20
3,10,29.0,318,1,19,1,13,28,0,16
3,10,31.0,135,4,18,0,13,48,3,20
3,1,5.0,219,1,17,2,4,4,3,24
3,1,5.0,219,1,5,0,9,63,1,24
3,1,5.0,219,1,4,2,10,47,3,24
3,1,5.0,219,1,14,0,5,6,0,24
3,1,6.0,97,2,16,0,2,86,3,23
3,1,6.0,97,2,3,3,14,24,0,23
3,1,5.0,219,1,8,1,5,12,1,24
3,1,6.0,97,2,4,0,10,47,3,23
2,2,30.0,8,6,9,0,1,16,3,19
3,2,4.0,254,1,22,2,16,50,0,30
2,4,21.0,152,0,19,1,9,101,4,21
3,2,6.0,251,4,2,0,2,40,3,23
2,4,26.0,274,6,4,0,16,37,4,3
3,2,6.0,251,4,8,0,10,12,1,23
2,4,27.0,218,3,12,0,14,25,3,15
3,2,6.0,251,4,1,0,16,50,3,23
2,4,27.0,218,3,2,0,11,94,2,15
3,2,6.0,251,4,9,0,4,4,3,23
2,4,27.0,218,3,9,1,14,88,4,15
3,2,13.0,276,4,15,0,9,101,2,25
2,4,27.0,218,3,13,1,5,64,1,15
3,4,7.0,133,1,8,0,8,118,1,11
2,4,30.0,67,2,17,0,0,31,3,19
2,4,30.0,67,2,0,0,0,85,1,19
2,2,4.0,127,0,21,1,0,68,0,30
2,2,4.0,127,0,1,0,6,91,4,30
2,2,4.0,127,0,9,2,10,47,0,30
2,2,10.0,297,3,8,0,11,117,1,4
2,2,10.0,297,3,10,1,7,122,1,4
2,2,12.0,276,1,10,0,8,27,1,28
2,2,19.0,264,1,6,0,13,21,3,10
2,2,19.0,264,1,6,1,3,115,4,10
2,2,19.0,264,1,16,0,10,22,3,10
2,2,19.0,264,1,6,0,16,72,1,10
2,2,19.0,264,1,15,0,12,80,1,10
2,2,21.0,209,4,11,0,9,27,2,21
3,5,2.0,307,5,1,0,6,7,3,22
3,5,2.0,307,5,14,0,3,70,1,22
3,3,30.0,304,2,16,0,5,6,0,19
2,2,21.0,209,4,20,1,0,0,0,21
2,2,21.0,209,4,2,0,12,84,3,21
2,0,11.0,113,2,8,0,4,82,3,9
2,0,11.0,113,2,2,0,7,20,0,9
2,0,19.0,172,4,12,0,15,31,1,10
2,0,19.0,172,4,18,0,3,44,3,10
2,0,20.0,287,5,11,0,1,59,2,29
2,0,20.0,287,5,11,0,5,6,0,29
2,0,20.0,287,5,20,1,14,125,4,29
2,2,22.0,230,5,5,0,11,90,3,26
2,2,22.0,230,5,17,3,11,55,1,26
3,11,19.0,321,3,21,1,6,7,0,10
3,10,11.0,298,5,9,0,2,92,1,9
3,2,12.0,128,2,8,0,6,91,4,28
2,0,28.0,191,6,21,1,5,6,0,18
2,0,28.0,191,6,8,0,0,85,0,18
2,0,28.0,191,6,14,0,1,11,0,18
3,11,10.0,360,5,5,0,2,60,2,4
2,1,3.0,286,6,12,3,7,111,0,27
3,11,10.0,360,5,12,0,10,22,2,4
3,11,10.0,360,5,23,1,1,11,1,4
3,11,10.0,360,5,18,0,6,91,1,4
3,11,18.0,332,6,21,0,7,20,1,0
3,11,18.0,332,6,11,0,1,11,0,0
3,11,18.0,332,6,2,0,0,64,4,0
2,2,10.0,297,3,9,0,1,59,1,4
2,2,12.0,276,1,22,0,9,54,0,28
2,2,19.0,264,1,12,0,13,99,0,10
2,2,19.0,264,1,1,2,11,98,2,10
2,2,21.0,209,4,10,0,10,52,1,21
2,2,21.0,209,4,2,0,4,121,1,21
2,8,30.0,144,0,16,1,9,93,0,19
2,8,30.0,144,0,14,1,12,56,4,19
2,8,30.0,144,0,19,0,5,6,2,19
2,4,7.0,292,0,7,1,10,47,0,11
2,8,25.0,278,2,7,2,4,82,3,13
2,8,25.0,278,2,1,0,0,85,0,13
2,8,25.0,278,2,18,0,0,53,0,13
2,8,22.0,102,3,19,1,14,24,1,26
2,8,30.0,144,0,6,0,5,64,3,19
2,8,30.0,144,0,10,0,8,27,1,19
2,8,30.0,144,0,7,1,0,96,4,19
3,4,7.0,133,1,22,0,9,93,3,11
3,4,7.0,133,1,8,2,13,38,0,11
3,4,12.0,134,3,4,0,4,136,1,28
2,2,19.0,264,1,19,1,12,61,4,10
2,2,21.0,209,4,10,1,2,2,4,21
2,2,22.0,230,5,6,1,10,47,0,26
2,2,21.0,209,4,20,1,9,101,4,21
2,2,22.0,230,5,20,0,14,25,1,26
2,2,22.0,230,5,5,0,13,99,0,26
2,2,22.0,230,5,11,3,8,41,1,26
2,2,22.0,230,5,8,2,0,64,3,26
2,2,22.0,230,5,2,0,13,38,1,26
2,2,22.0,230,5,1,0,9,93,1,26
2,2,21.0,209,4,2,3,8,27,2,21
2,2,22.0,230,5,1,1,14,126,4,26
2,2,21.0,209,4,1,0,13,123,1,21
2,2,28.0,140,4,15,2,16,113,2,18
2,2,28.0,140,4,22,2,15,114,3,18
2,2,28.0,140,4,11,1,1,35,4,18
2,2,28.0,140,4,19,0,10,47,2,18
1,6,15.0,49,2,17,0,9,93,1,1
3,2,5.0,127,2,23,0,8,33,2,24
3,6,28.0,309,6,5,0,2,2,4,18
3,6,28.0,309,6,7,0,8,118,3,18
3,6,28.0,309,6,2,0,13,21,0,18
3,6,28.0,309,6,4,0,12,56,3,18
3,10,6.0,242,3,2,0,12,61,3,23
3,10,6.0,242,3,2,0,8,19,3,23
3,10,6.0,242,3,9,0,4,4,1,23
3,10,12.0,333,6,0,1,16,113,0,28
3,10,12.0,333,6,11,1,10,47,0,28
3,10,12.0,333,6,19,0,12,17,0,28
3,10,12.0,333,6,14,0,13,21,4,28
3,10,14.0,174,0,17,0,0,26,3,5
3,10,20.0,223,3,5,0,5,6,3,29
3,10,20.0,223,3,2,0,10,52,3,29
3,10,21.0,341,0,17,0,6,89,1,21
3,10,21.0,341,0,12,2,14,32,3,21
3,5,30.0,294,5,20,0,2,92,1,19
2,2,21.0,209,4,14,0,6,89,1,21
2,2,22.0,230,5,6,0,14,34,1,26
2,2,22.0,230,5,21,0,10,23,1,26
2,2,22.0,230,5,0,0,7,20,3,26
2,2,22.0,230,5,5,0,5,6,0,26
2,2,22.0,230,5,15,0,3,30,2,26
2,2,22.0,230,5,14,3,13,99,3,26
2,2,28.0,140,4,17,3,14,24,3,18
2,2,28.0,140,4,23,0,12,61,3,18
2,2,28.0,140,4,13,0,12,17,4,18
2,2,30.0,8,6,22,1,12,56,1,19
2,2,28.0,140,4,12,0,14,24,2,18
2,0,4.0,122,2,21,0,6,7,2,30
2,0,4.0,122,2,23,0,7,120,4,30
2,0,4.0,122,2,20,2,10,22,3,30
2,2,28.0,140,4,19,2,15,51,1,18
2,0,4.0,122,2,14,0,8,118,1,30
2,0,10.0,10,1,16,1,13,38,1,4
2,0,10.0,10,1,20,0,9,57,0,4
4,4,7.0,133,4,1,0,2,86,1,11
4,10,21.0,341,2,6,0,2,71,3,21
4,4,7.0,133,4,11,0,3,115,2,11
4,4,16.0,25,6,15,2,10,22,3,2
4,10,21.0,341,2,17,0,2,60,2,21
4,4,16.0,25,6,15,2,4,138,2,2
4,10,21.0,341,2,12,0,12,61,3,21
4,8,26.0,278,3,14,0,6,91,4,3
4,4,23.0,30,6,7,1,0,0,0,17
4,10,21.0,341,2,18,1,3,70,0,21
4,4,23.0,30,6,15,0,10,22,3,17
4,10,22.0,314,4,17,1,3,76,4,26
4,8,28.0,224,1,6,0,8,9,1,18
4,4,23.0,30,6,11,0,7,62,2,17
4,10,22.0,314,4,22,0,8,9,0,26
4,4,2.0,141,6,3,0,1,11,0,22
4,4,23.0,30,6,0,1,1,67,0,17
4,10,22.0,314,4,15,3,0,15,0,26
4,4,2.0,141,6,15,0,6,91,3,22
4,4,23.0,30,6,14,0,9,9,3,17
4,3,29.0,325,4,9,1,8,33,0,16
4,0,11.0,10,6,12,2,8,118,3,9
4,10,29.0,318,4,15,2,8,19,3,16
4,10,30.0,157,5,3,0,14,24,2,19
4,1,15.0,1,3,8,1,0,12,1,1
4,10,21.0,341,2,14,0,6,89,1,21
4,6,20.0,215,3,8,0,1,105,0,29
4,6,20.0,215,3,16,0,10,47,0,29
4,6,29.0,335,1,12,0,8,9,3,16
4,6,29.0,335,1,12,0,11,133,4,16
4,6,29.0,335,1,9,0,5,6,0,16
4,10,6.0,242,1,6,1,2,3,0,23
4,10,6.0,242,1,8,2,16,139,4,23
4,10,6.0,242,1,9,0,2,2,4,23
4,10,14.0,174,2,1,0,2,69,3,5
4,10,14.0,174,2,2,0,0,77,1,5
4,10,31.0,135,6,6,0,9,102,0,20
4,8,14.0,296,1,4,0,13,21,2,5
4,6,3.0,99,4,6,0,8,9,0,27
4,10,6.0,242,1,14,1,0,53,4,23
4,3,6.0,303,1,4,1,8,33,2,23
4,10,6.0,242,1,5,1,12,84,1,23
4,10,31.0,135,6,11,1,14,106,4,20
4,1,5.0,219,4,17,0,13,48,4,24
4,1,5.0,219,4,6,0,2,13,1,24
4,2,28.0,257,3,14,0,12,104,1,18
4,2,9.0,21,1,19,0,13,48,0,12
4,1,5.0,219,4,8,0,13,48,0,24
4,1,21.0,45,6,9,0,2,86,2,21
4,1,21.0,45,6,4,0,3,79,2,21
4,4,20.0,115,2,13,0,10,47,3,29
4,4,20.0,115,2,19,0,5,6,3,29
4,4,20.0,115,2,9,0,10,47,0,29
4,4,25.0,20,0,8,0,8,9,1,13
4,4,25.0,20,0,8,1,5,6,0,13
4,2,9.0,21,1,13,0,9,54,1,12
4,4,25.0,20,0,14,0,14,107,1,13
4,4,25.0,20,0,11,1,11,18,1,13
4,2,9.0,21,1,5,0,8,9,0,12
4,2,10.0,28,2,8,0,15,96,0,4
4,2,11.0,297,4,22,0,8,27,2,9
4,2,11.0,297,4,19,0,13,61,2,9
4,2,11.0,297,4,18,0,5,12,0,9
4,2,18.0,7,4,6,2,2,69,3,0
4,2,18.0,7,4,0,0,8,33,1,0
4,2,18.0,7,4,5,0,13,13,2,0
4,6,10.0,149,4,21,1,5,64,0,4
4,6,17.0,244,4,1,2,10,47,3,6
4,2,18.0,7,4,2,0,14,25,3,0
4,2,18.0,7,4,12,0,5,6,3,0
4,2,18.0,7,4,2,0,1,11,4,0
4,2,18.0,7,4,4,0,13,99,1,0
4,1,15.0,1,3,1,0,11,117,1,1
4,1,29.0,112,3,0,2,0,64,3,16
4,1,30.0,100,0,15,0,11,15,2,19
4,8,22.0,354,2,23,0,15,46,1,26
4,8,22.0,354,2,3,0,11,94,3,26
4,4,22.0,152,5,2,0,11,55,1,26
4,4,21.0,339,4,19,1,8,65,1,21
4,4,30.0,139,6,2,1,15,114,0,19
4,8,23.0,102,4,11,1,13,29,1,17
4,8,23.0,102,4,22,0,16,37,1,17
4,8,23.0,102,4,8,0,9,49,1,17
4,8,23.0,102,4,18,0,14,32,1,17
4,8,29.0,301,2,21,1,7,120,4,16
4,8,29.0,301,2,16,0,6,89,3,16
4,8,29.0,301,2,8,0,10,6,0,16
4,8,29.0,301,2,3,0,13,29,0,16
4,8,29.0,301,2,8,0,16,37,1,16
4,4,8.0,292,5,8,0,12,121,4,8
4,4,13.0,221,2,14,0,7,137,4,25
4,4,13.0,221,2,9,0,10,6,3,25
4,2,18.0,7,4,14,2,13,38,2,0
4,2,27.0,136,6,12,0,14,34,1,15
4,2,27.0,136,6,12,0,14,25,1,15
4,2,27.0,136,6,4,0,14,34,1,15
4,2,28.0,257,3,15,0,2,60,2,18
4,2,28.0,257,3,7,0,3,30,2,18
4,2,28.0,257,3,2,0,13,99,2,18
4,2,27.0,136,6,2,0,1,11,0,15
4,2,28.0,257,3,2,0,14,25,2,18
4,2,28.0,257,3,9,0,2,123,0,18
4,4,25.0,20,0,2,0,10,43,1,13
4,2,2.0,143,1,11,0,7,20,1,22
4,2,2.0,143,1,15,0,2,2,2,22
4,2,9.0,21,1,16,0,11,15,0,12
4,2,9.0,21,1,11,0,10,6,3,12
4,4,29.0,313,5,15,0,0,12,1,16
4,8,26.0,278,3,19,0,8,118,2,3
4,10,21.0,341,2,4,0,0,26,4,21
4,9,21.0,362,3,1,1,15,39,0,21
5,8,18.0,75,5,21,1,10,12,1,0
4,0,18.0,0,6,15,0,15,119,0,0
4,4,29.0,313,5,2,0,15,85,3,16
4,1,7.0,32,6,9,0,14,107,1,11
4,4,2.0,141,6,8,0,0,0,2,22
4,2,9.0,21,1,19,0,11,133,3,12
4,7,11.0,197,4,2,0,16,37,1,9
4,2,29.0,140,0,16,0,14,34,3,16
4,4,10.0,79,3,19,2,1,67,3,4
4,2,9.0,21,1,14,2,1,1,2,12
4,10,22.0,314,4,17,1,3,30,0,26
4,4,31.0,67,3,17,0,8,9,2,20
5,6,1.0,158,0,17,0,14,25,1,7
5,2,2.0,143,0,4,1,13,48,2,22
4,2,14.0,231,3,15,2,5,6,0,5
4,2,9.0,21,1,19,0,16,113,1,12
5,0,30.0,228,2,6,0,15,114,1,19
4,4,31.0,67,3,22,2,5,12,3,20
4,4,15.0,132,5,3,0,12,56,2,1
5,0,29.0,191,1,17,1,9,54,1,16
4,4,15.0,132,5,4,1,8,118,1,1
4,2,14.0,231,3,18,2,15,46,2,5
4,0,18.0,0,6,21,1,5,6,0,0
4,4,17.0,19,3,15,0,3,30,4,6
4,2,9.0,21,1,4,1,1,81,4,12
4,10,22.0,314,4,23,0,6,7,0,26
4,2,5.0,127,5,7,1,14,25,0,24
4,0,18.0,0,6,12,0,7,20,0,0
4,6,6.0,83,3,18,0,10,47,2,23
4,2,15.0,130,0,17,0,10,22,3,1
4,2,10.0,28,2,13,0,5,6,3,4
4,11,30.0,170,6,20,3,1,35,3,19
4,10,20.0,223,1,2,0,2,2,0,29
4,4,21.0,339,4,12,0,2,40,2,21
4,2,11.0,297,4,21,1,4,66,0,9
4,2,15.0,130,0,23,0,14,24,1,1
4,4,17.0,19,3,9,1,8,9,0,6
5,0,29.0,191,1,12,1,2,86,0,16
5,10,12.0,333,3,8,0,0,68,0,28
4,10,22.0,314,4,11,1,1,16,4,26
4,4,22.0,152,5,15,0,1,1,1,26
4,2,10.0,28,2,9,1,0,77,1,4
4,2,15.0,130,0,5,0,13,29,2,1
4,1,5.0,219,4,6,0,5,12,3,24
4,6,11.0,355,5,17,3,5,6,0,9
5,2,28.0,257,6,3,0,10,22,1,18
4,2,11.0,297,4,13,0,5,12,2,9
4,8,23.0,102,4,2,1,9,63,1,17
4,0,1.0,8,2,11,0,9,93,4,7
4,0,20.0,172,0,12,1,11,124,4,29
4,2,12.0,128,5,15,0,9,87,0,28
4,2,12.0,128,5,8,0,13,21,3,28
4,2,26.0,3,5,7,2,13,21,1,3
4,2,26.0,3,5,11,0,16,72,0,3
4,0,1.0,8,2,2,1,6,89,4,7
4,0,21.0,287,1,21,1,4,66,1,21
4,0,28.0,249,1,18,1,8,9,4,18
4,6,14.0,173,0,23,0,5,6,0,5
4,6,21.0,193,0,17,0,2,2,0,21
4,6,21.0,193,0,17,1,5,12,1,21
4,6,21.0,193,0,15,0,3,76,3,21
4,6,21.0,193,0,13,0,2,86,1,21
4,6,21.0,193,0,2,3,5,64,2,21
4,6,22.0,185,1,15,0,10,47,3,26
4,2,22.0,209,0,23,1,9,49,1,26
4,2,25.0,233,4,12,0,3,44,4,13
4,6,14.0,173,0,18,0,14,24,0,5
4,3,14.0,33,2,13,0,1,35,4,5
4,6,28.0,309,0,12,1,4,75,1,18
4,6,22.0,185,1,14,0,16,74,0,26
4,6,22.0,185,1,18,0,5,12,2,26
4,6,23.0,84,2,6,2,11,18,0,17
4,6,23.0,84,2,0,1,15,114,0,17
4,6,28.0,309,0,20,3,10,43,1,18
4,6,28.0,309,0,4,0,6,116,1,18
4,6,28.0,309,0,8,0,5,6,0,18
4,6,30.0,145,2,17,2,5,6,1,19
4,6,30.0,145,2,2,2,4,66,3,19
4,6,30.0,145,2,18,0,1,1,1,19
4,4,4.0,178,0,16,1,5,12,1,30
4,4,4.0,178,0,21,3,6,14,2,30
4,4,4.0,178,0,9,0,10,47,0,30
4,4,4.0,178,0,12,0,12,83,2,30
4,4,7.0,133,4,16,1,14,88,0,11
4,1,14.0,183,6,17,1,14,126,1,5
4,4,7.0,133,4,13,0,0,15,0,11
4,4,16.0,25,6,15,1,4,75,1,2
4,4,16.0,25,6,18,0,9,10,3,2
4,4,23.0,30,6,16,1,5,6,0,17
4,4,29.0,313,5,0,1,8,33,2,16
4,4,31.0,67,3,8,2,9,27,0,20
4,2,5.0,127,5,10,0,0,53,3,24
4,2,5.0,127,5,3,2,2,2,3,24
4,2,5.0,127,5,19,2,4,45,3,24
4,2,7.0,153,3,13,0,5,12,1,11
4,2,7.0,153,3,23,1,9,109,0,11
4,2,7.0,153,3,9,2,12,61,0,11
4,6,15.0,49,1,0,1,6,7,0,1
4,6,15.0,49,1,8,0,6,91,3,1
4,6,20.0,215,3,3,0,16,37,3,29
4,10,16.0,201,5,21,1,15,51,1,2
4,6,16.0,38,2,2,0,16,113,4,2
4,1,27.0,262,5,14,0,15,108,0,15
4,8,26.0,278,3,14,0,14,25,4,3
4,4,2.0,141,6,4,0,13,69,4,22
4,4,3.0,279,3,5,2,15,51,1,27
4,4,3.0,279,3,4,0,13,21,0,27
4,4,3.0,279,3,4,0,5,6,3,27
4,4,10.0,79,3,15,0,0,64,0,4
4,4,10.0,79,3,4,0,8,27,3,4
4,4,10.0,79,3,18,1,3,103,4,4
4,4,17.0,19,3,12,0,9,93,0,6
4,4,17.0,19,3,18,0,15,31,3,6
4,4,18.0,26,0,2,0,15,114,0,0
4,4,18.0,26,0,18,1,15,119,0,0
4,5,2.0,307,3,18,0,15,114,1,22
4,5,17.0,212,0,11,0,10,23,1,6
4,6,30.0,145,2,18,2,5,12,3,19
4,10,7.0,243,2,17,0,16,37,4,11
4,10,12.0,333,0,6,1,7,8,0,28
4,10,12.0,333,0,2,0,6,14,3,28
4,10,12.0,333,0,14,1,15,85,1,28
4,10,12.0,333,0,4,0,2,86,0,28
4,10,13.0,346,1,13,0,8,27,0,25
4,10,20.0,223,1,0,0,16,65,3,29
4,1,29.0,112,3,16,0,14,24,3,16
4,1,30.0,100,0,13,0,13,69,1,19
4,11,12.0,118,1,4,0,10,47,2,28
4,4,22.0,152,5,4,0,8,118,4,26
4,10,29.0,318,4,4,0,3,30,1,16
5,4,11.0,121,3,22,3,14,106,4,9
4,4,30.0,139,6,11,0,0,77,1,19
4,2,22.0,209,0,15,0,11,18,1,26
4,2,18.0,7,4,14,0,9,49,1,0
4,4,30.0,139,6,12,2,1,67,3,19
4,2,21.0,108,3,14,1,9,109,4,21
4,2,27.0,136,6,11,2,6,91,3,15
4,10,29.0,318,4,14,0,1,59,4,16
5,11,1.0,222,4,13,0,8,27,4,7
4,10,15.0,60,4,4,1,15,31,0,1
4,6,20.0,215,3,17,1,10,22,1,29
4,2,14.0,231,3,8,0,13,123,3,5
4,6,5.0,342,6,2,0,5,6,0,24
4,2,27.0,136,6,8,2,15,114,3,15
4,10,30.0,157,5,1,0,13,21,1,19
4,11,30.0,170,6,12,1,12,56,0,19
4,10,15.0,60,4,9,1,11,122,1,1
4,9,21.0,362,3,12,0,7,62,2,21
4,7,4.0,186,4,17,1,10,22,1,30
4,7,13.0,238,6,3,0,9,93,2,25
4,3,29.0,325,4,4,0,6,128,3,16
4,3,29.0,325,4,9,0,10,47,0,16
4,5,12.0,327,2,16,1,1,105,0,28
4,1,6.0,97,5,9,0,5,6,3,23
4,4,15.0,132,5,18,3,10,23,1,1
4,2,23.0,230,1,1,0,15,31,0,17
4,5,21.0,351,5,15,0,1,59,4,21
5,10,1.0,208,2,1,0,0,64,0,7
4,1,4.0,286,2,12,0,4,4,3,30
4,1,13.0,207,5,9,0,13,99,1,25
4,10,15.0,60,4,11,1,10,47,0,1
4,9,11.0,52,4,13,0,12,17,2,9
5,9,27.0,179,5,15,0,2,2,2,15
4,5,21.0,351,5,4,0,13,38,0,21
4,11,12.0,118,1,18,0,10,43,2,28
4,3,29.0,325,4,6,2,10,47,1,16
4,10,15.0,60,4,19,1,15,39,0,1
4,8,21.0,46,1,16,0,0,77,0,21
4,5,12.0,327,2,19,1,11,94,0,28
4,5,12.0,327,2,9,0,7,57,1,28
4,7,19.0,330,5,10,0,2,40,0,10
4,4,24.0,27,3,19,1,0,53,2,14
4,2,5.0,127,5,21,1,14,25,0,24
4,2,5.0,127,5,22,0,12,61,2,24
4,2,5.0,127,5,4,0,10,22,1,24
4,4,7.0,133,4,1,1,9,27,0,11
4,4,23.0,30,6,8,0,9,49,3,17
4,4,23.0,30,6,13,1,13,21,4,17
4,4,29.0,313,5,11,0,15,114,1,16
4,4,29.0,313,5,12,0,4,45,0,16
4,4,29.0,313,5,20,0,3,30,3,16
4,4,31.0,67,3,6,1,11,55,0,20
4,4,31.0,67,3,1,0,12,58,4,20
4,2,5.0,127,5,1,2,11,98,0,24
4,2,7.0,153,3,20,0,8,41,4,11
4,2,8.0,258,0,16,0,10,12,3,8
4,2,8.0,258,0,6,1,6,128,1,8
4,2,8.0,258,0,19,2,2,13,3,8
4,8,5.0,101,3,17,0,4,75,1,24
4,4,23.0,30,6,14,1,10,12,0,17
4,2,30.0,131,1,12,0,13,29,0,19
4,0,12.0,113,3,11,3,9,93,1,28
4,1,1.0,203,3,17,3,11,133,4,7
4,4,9.0,18,6,11,1,11,133,4,12
4,6,1.0,158,1,13,1,11,94,1,7
3,10,4.0,356,5,17,0,5,64,1,30
4,5,10.0,155,0,18,0,9,102,3,4
4,5,10.0,155,0,1,0,14,24,1,4
4,5,10.0,155,0,22,3,7,111,0,4
4,3,8.0,148,4,5,3,13,13,3,8
4,5,18.0,195,1,1,1,10,47,0,0
4,2,4.0,254,4,14,0,1,59,1,30
4,1,1.0,203,3,3,3,6,132,3,7
5,10,17.0,256,5,20,0,0,26,1,6
4,6,24.0,31,4,13,3,9,63,3,14
4,0,10.0,129,5,22,1,9,9,4,4
4,0,10.0,129,5,9,1,8,65,1,4
4,0,10.0,129,5,18,1,0,68,0,4
4,5,21.0,351,5,2,0,11,18,2,21
5,1,1.0,203,6,12,0,3,115,1,7
4,1,22.0,164,3,18,0,9,95,1,26
4,4,5.0,235,1,11,0,8,27,4,24
4,4,5.0,235,1,16,0,8,27,0,24
4,4,15.0,132,5,13,0,9,93,1,1
4,2,6.0,251,6,12,0,9,49,2,23
4,4,5.0,235,1,9,0,8,19,0,24
4,2,13.0,276,6,2,0,12,84,0,25
5,1,1.0,203,6,17,0,13,38,4,7
4,4,24.0,27,3,15,1,14,125,4,14
4,4,24.0,27,3,4,0,8,27,4,14
4,6,6.0,83,3,14,1,0,77,1,23
4,10,5.0,336,0,19,0,15,108,1,24
4,1,13.0,207,5,3,0,16,42,1,25
4,8,6.0,87,0,21,1,10,23,4,23
4,4,15.0,132,5,14,3,1,67,0,1
4,2,6.0,251,6,15,0,8,19,2,23
4,10,6.0,242,1,14,1,11,15,4,23
4,6,14.0,173,0,5,1,13,38,1,5
4,2,14.0,231,3,1,0,3,30,1,5
4,1,15.0,1,3,5,2,7,122,0,1
4,6,25.0,39,5,3,3,11,15,3,13
4,6,14.0,173,0,3,1,13,123,1,5
4,1,23.0,69,0,4,0,3,79,0,17
4,2,14.0,231,3,12,3,5,6,0,5
5,2,2.0,143,0,2,0,13,99,1,22
4,6,14.0,173,0,18,0,10,12,1,5
4,1,23.0,69,0,1,0,5,6,0,17
4,2,14.0,231,3,12,1,2,40,4,5
4,1,15.0,1,3,17,1,8,9,0,1
4,10,2.0,358,5,5,0,6,116,4,22
5,2,29.0,140,3,13,0,3,30,2,16
4,6,21.0,193,0,17,0,12,80,0,21
4,2,14.0,231,3,13,0,9,27,0,5
4,1,15.0,1,3,3,0,11,117,1,1
4,10,28.0,216,2,14,0,5,6,2,18
5,0,12.0,113,6,8,0,14,34,1,28
4,6,21.0,193,0,6,0,4,75,1,21
4,1,31.0,305,1,0,0,14,25,3,20
4,2,15.0,130,0,21,0,5,6,1,1
4,1,15.0,1,3,13,0,1,1,3,1
4,4,13.0,221,2,3,1,4,127,4,25
4,4,21.0,339,4,11,0,1,35,3,21
4,4,22.0,152,5,15,1,1,105,4,26
4,4,22.0,152,5,20,1,12,84,1,26
4,4,22.0,152,5,11,1,1,105,4,26
4,4,22.0,152,5,0,1,5,64,0,26
4,4,30.0,139,6,15,0,9,87,1,19
4,4,30.0,139,6,22,0,4,66,0,19
4,4,30.0,139,6,8,0,13,29,2,19
4,4,30.0,139,6,12,2,1,67,0,19
4,4,30.0,139,6,4,0,11,15,3,19
4,2,14.0,231,3,1,0,15,46,3,5
4,2,14.0,231,3,3,0,14,24,0,5
4,2,14.0,231,3,1,0,6,89,1,5
4,2,15.0,130,0,8,0,14,24,1,1
4,2,15.0,130,0,2,0,9,63,4,1
4,2,15.0,130,0,9,0,2,92,1,1
4,2,21.0,108,3,7,0,10,52,1,21
4,2,21.0,108,3,15,0,9,27,2,21
4,2,21.0,108,3,12,0,3,30,0,21
4,2,21.0,108,3,19,0,11,18,2,21
4,2,22.0,209,0,17,0,12,56,1,26
4,2,22.0,209,0,7,0,2,86,4,26
4,2,22.0,209,0,13,0,4,75,1,26
4,2,22.0,209,0,13,0,7,62,1,26
4,2,22.0,209,0,12,0,15,51,3,26
4,2,22.0,209,0,19,1,12,104,4,26
4,1,26.0,248,4,16,0,12,121,3,3
4,11,1.0,222,5,17,0,12,61,1,7
4,10,19.0,117,0,2,1,10,23,0,10
4,10,27.0,302,1,22,0,13,38,3,15
4,11,1.0,222,5,5,0,16,37,1,7
4,2,3.0,282,2,22,0,2,92,1,27
4,4,19.0,142,1,1,0,0,12,3,10
4,4,11.0,121,0,15,1,5,64,4,9
4,4,11.0,121,0,2,0,15,108,0,9
4,4,26.0,80,1,0,0,12,135,4,3
4,2,19.0,137,5,17,1,10,22,4,10
4,2,19.0,137,5,4,0,10,22,3,10
4,2,19.0,137,5,9,2,15,31,0,10
4,0,1.0,8,2,9,1,13,28,0,7
4,0,20.0,172,0,9,0,4,75,1,29
4,2,22.0,209,0,22,0,14,24,2,26
4,1,29.0,112,3,17,0,5,12,0,16
4,1,29.0,112,3,1,0,8,41,1,16
4,1,29.0,112,3,9,1,2,86,2,16
4,1,30.0,100,0,20,0,10,47,3,19
4,1,29.0,112,3,8,0,14,32,1,16
4,8,23.0,102,4,13,0,10,47,2,17
4,8,23.0,102,4,15,1,1,16,4,17
4,8,23.0,102,4,3,0,2,86,2,17
4,8,23.0,102,4,14,0,6,89,0,17
4,8,23.0,102,4,18,0,6,91,3,17
4,8,29.0,301,2,10,0,1,11,1,16
4,8,29.0,301,2,17,1,5,6,1,16
4,8,29.0,301,2,22,0,6,132,2,16
4,4,6.0,176,2,21,0,14,24,1,23
4,4,14.0,345,4,17,1,5,6,2,5
4,4,30.0,139,6,13,1,6,91,4,19
4,4,6.0,176,2,18,0,11,98,1,23
4,4,13.0,221,2,3,0,7,120,0,25
4,4,14.0,345,4,15,0,10,43,2,5
4,4,14.0,345,4,8,0,13,29,4,5
4,4,14.0,345,4,18,0,6,89,1,5
4,0,21.0,287,1,3,0,8,41,1,21
4,0,21.0,287,1,2,2,9,54,4,21
4,0,21.0,287,1,4,1,10,52,4,21
4,0,28.0,249,1,4,1,5,12,1,18
4,0,29.0,191,2,0,1,5,6,0,16
4,4,7.0,133,4,15,3,4,75,1,11
4,4,31.0,67,3,4,0,15,51,1,20
4,2,7.0,153,3,10,0,14,25,3,11
4,8,30.0,103,4,19,0,8,9,4,19
4,1,24.0,64,1,11,3,14,126,4,14
4,4,4.0,178,0,19,0,2,86,3,30
4,4,4.0,178,0,14,0,12,61,1,30
4,4,4.0,178,0,1,0,13,99,0,30
4,4,7.0,133,4,23,0,10,52,1,11
4,4,7.0,133,4,2,0,5,6,0,11
5,4,2.0,141,5,14,1,0,64,0,22
4,2,14.0,231,3,8,1,2,86,1,5
4,6,21.0,193,0,7,0,0,64,0,21
4,1,31.0,305,1,19,0,10,30,0,20
4,1,18.0,82,2,23,0,2,92,3,0
5,7,1.0,98,3,2,0,6,7,1,7
4,6,21.0,193,0,0,1,7,120,4,21
4,8,4.0,299,6,2,0,2,71,4,30
5,8,30.0,103,2,18,1,10,22,1,19
3,7,19.0,330,2,4,0,8,41,1,10
4,6,21.0,193,0,21,1,16,130,0,21
4,8,5.0,101,3,17,0,0,77,1,24
5,0,12.0,113,6,8,0,4,66,2,28
4,6,21.0,193,0,3,0,0,77,1,21
4,2,21.0,108,3,13,0,4,45,0,21
4,6,21.0,193,0,8,0,9,57,2,21
4,2,21.0,108,3,1,1,0,26,4,21
5,1,1.0,203,6,17,0,12,100,4,7
4,6,21.0,193,0,19,0,16,50,3,21
4,8,4.0,299,6,22,1,0,26,1,30
4,8,26.0,278,3,12,1,6,7,0,3
5,2,28.0,257,6,17,3,0,26,4,18
4,6,22.0,185,1,16,1,3,30,1,26
4,8,5.0,101,3,20,0,9,57,0,24
4,4,3.0,279,3,14,0,5,6,0,27
4,2,22.0,209,0,12,2,13,21,3,26
4,5,12.0,327,2,1,1,5,12,1,28
4,6,22.0,185,1,14,0,9,101,3,26
4,8,7.0,70,1,8,0,16,139,4,11
4,0,9.0,48,4,0,1,0,77,0,12
4,0,9.0,48,4,15,2,13,38,3,12
4,0,9.0,48,4,22,3,10,43,3,12
4,0,9.0,48,4,3,0,10,22,3,12
4,0,9.0,48,4,4,0,12,80,0,12
4,0,9.0,48,4,9,0,12,56,3,12
4,0,11.0,10,6,21,1,1,67,0,9
4,0,11.0,10,6,14,0,9,27,1,9
4,0,11.0,10,6,20,1,13,69,4,9
4,0,18.0,0,6,5,0,10,22,3,0
4,1,23.0,69,0,16,1,4,75,4,17
4,1,23.0,69,0,17,3,9,27,0,17
4,1,31.0,305,1,8,0,10,47,0,20
4,1,31.0,305,1,9,0,7,20,1,20
4,8,5.0,101,3,15,0,6,91,2,24
4,8,5.0,101,3,8,1,6,89,1,24
4,8,7.0,70,1,6,0,4,4,1,11
4,8,13.0,189,0,14,3,8,9,4,25
4,8,14.0,296,1,18,0,0,77,1,5
4,8,30.0,103,4,6,0,13,48,0,19
4,8,30.0,103,4,3,0,8,118,0,19
4,4,4.0,178,0,7,0,0,77,3,30
4,4,4.0,178,0,23,0,6,73,4,30
4,4,4.0,178,0,9,0,10,47,3,30
4,4,7.0,133,4,8,0,10,22,3,11
4,4,7.0,133,4,19,0,1,11,1,11
4,4,4.0,178,0,11,0,1,35,2,30
4,4,23.0,30,6,5,0,13,36,3,17
4,4,23.0,30,6,15,0,12,80,2,17
4,4,31.0,67,3,0,1,11,122,1,20
4,4,13.0,221,2,4,1,9,101,4,25
4,4,14.0,345,4,17,0,1,59,1,5
4,4,14.0,345,4,5,0,16,50,1,5
4,4,14.0,345,4,8,1,1,81,4,5
4,4,13.0,221,2,9,1,14,32,2,25
4,4,14.0,345,4,2,0,11,94,4,5
4,4,14.0,345,4,9,0,13,38,4,5
4,4,21.0,339,4,22,0,2,86,3,21
4,4,21.0,339,4,23,0,8,9,1,21
4,4,21.0,339,4,12,0,13,28,2,21
4,4,22.0,152,5,10,1,0,31,0,26
4,4,22.0,152,5,3,1,5,6,1,26
4,4,30.0,139,6,16,1,5,6,2,19
4,4,30.0,139,6,21,1,0,64,0,19
4,4,30.0,139,6,17,1,15,46,0,19
4,4,30.0,139,6,23,1,9,49,1,19
4,0,18.0,0,6,22,0,13,28,1,0
4,0,18.0,0,6,19,0,11,133,2,0
4,0,19.0,13,3,23,0,10,22,2,10
4,0,19.0,13,3,12,2,1,16,3,10
4,0,19.0,13,3,12,0,13,28,2,10
4,0,19.0,13,3,4,2,16,74,0,10
4,5,17.0,212,0,12,0,2,2,0,6
4,4,17.0,19,3,0,3,11,18,1,6
4,10,25.0,56,3,23,1,14,34,1,13
4,8,28.0,224,1,18,0,14,25,3,18
4,4,18.0,26,0,22,0,5,6,3,0
4,2,29.0,140,0,3,0,9,93,3,16
4,2,27.0,136,6,8,0,10,43,1,15
4,4,18.0,26,0,3,1,6,132,1,0
4,2,18.0,7,4,14,0,8,33,4,0
4,2,27.0,136,6,11,0,5,6,2,15
4,2,27.0,136,6,13,0,1,105,0,15
4,2,27.0,136,6,13,0,5,64,3,15
4,2,27.0,136,6,17,0,7,20,3,15
4,2,28.0,257,3,23,0,1,1,1,18
4,2,24.0,22,2,17,0,11,18,1,14
4,7,4.0,186,4,8,3,14,110,0,30
4,5,31.0,196,0,8,2,0,15,3,20
4,8,7.0,70,1,14,0,8,19,3,11
4,0,6.0,260,0,8,1,4,75,1,23
4,3,4.0,285,3,3,1,10,47,0,30
4,8,13.0,189,0,6,0,10,22,1,25
4,6,22.0,185,1,15,1,0,85,4,26
4,2,24.0,22,2,15,0,5,6,3,14
4,7,4.0,186,4,1,0,13,36,1,30
4,8,13.0,189,0,17,0,2,86,4,25
4,6,23.0,84,2,2,0,6,7,3,17
4,2,24.0,22,2,15,1,14,25,1,14
4,7,11.0,197,4,12,3,14,126,0,9
4,8,14.0,296,1,10,1,0,77,1,5
4,6,14.0,173,0,14,0,0,12,2,5
4,6,30.0,145,2,21,1,10,22,0,19
4,10,4.0,356,3,6,0,5,12,0,30
4,10,4.0,356,3,20,0,12,80,4,30
4,10,4.0,356,3,22,2,15,119,0,30
4,10,7.0,243,2,0,0,0,26,3,11
4,10,12.0,333,0,11,0,7,78,3,28
4,2,14.0,231,3,17,1,4,5,1,5
4,4,13.0,221,2,8,0,4,4,3,25
4,4,13.0,221,2,13,0,0,0,4,25
4,4,13.0,221,2,4,0,9,102,1,25
4,4,13.0,221,2,9,0,10,43,1,25
4,4,14.0,345,4,4,0,2,123,4,5
4,4,21.0,339,4,22,0,6,89,3,21
4,4,21.0,339,4,17,0,0,77,1,21
4,4,22.0,152,5,11,0,9,101,2,26
4,2,14.0,231,3,20,0,15,51,1,5
4,2,14.0,231,3,19,0,2,86,1,5
4,2,14.0,231,3,13,0,8,9,2,5
4,2,14.0,231,3,1,0,9,57,4,5
4,2,15.0,130,0,11,2,5,64,3,1
4,2,15.0,130,0,19,0,1,59,4,1
4,2,21.0,108,3,17,3,9,102,3,21
4,2,21.0,108,3,11,0,8,9,0,21
4,2,21.0,108,3,12,0,13,69,4,21
4,2,22.0,209,0,20,3,13,99,2,26
4,2,21.0,108,3,14,0,5,12,3,21
4,2,24.0,22,2,3,0,13,48,3,14
4,2,22.0,209,0,4,0,8,41,1,26
4,2,25.0,233,4,6,1,0,0,2,13
4,2,22.0,209,0,12,0,5,0,2,26
4,10,13.0,346,1,2,0,16,50,1,25
4,10,20.0,223,1,16,0,7,57,2,29
4,10,20.0,223,1,0,0,10,47,3,29
4,10,22.0,314,4,3,0,15,51,1,26
4,10,22.0,314,4,13,0,6,128,2,26
4,10,22.0,314,4,12,0,13,29,3,26
4,10,29.0,318,4,16,0,10,47,3,16
4,4,6.0,176,2,19,1,0,15,0,23
4,4,22.0,152,5,8,1,11,133,0,26
4,10,29.0,318,4,22,0,6,91,4,16
4,10,30.0,157,5,18,0,6,14,4,19
4,1,29.0,112,3,8,0,6,89,4,16
4,1,29.0,112,3,19,0,14,25,2,16
4,1,29.0,112,3,9,0,11,15,1,16
4,8,22.0,354,2,15,0,11,94,3,26
4,8,22.0,354,2,9,0,16,50,3,26
4,8,22.0,354,2,9,0,10,30,3,26
4,8,22.0,354,2,21,2,8,65,4,26
4,8,23.0,102,4,19,2,12,56,0,17
4,8,29.0,301,2,3,0,10,47,3,16
4,4,6.0,176,2,17,0,9,49,3,23
4,4,6.0,176,2,8,1,1,67,4,23
4,4,6.0,176,2,19,0,14,24,1,23
4,4,8.0,292,5,1,0,14,34,1,8
4,4,13.0,221,2,0,2,0,53,3,25
4,10,12.0,333,0,15,0,3,103,3,28
4,10,13.0,346,1,17,0,12,84,3,25
4,10,20.0,223,1,15,0,2,2,1,29
4,10,20.0,223,1,23,1,8,9,0,29
4,10,20.0,223,1,22,1,16,74,0,29
4,10,20.0,223,1,16,0,2,69,4,29
4,10,21.0,341,2,4,0,10,47,3,21
4,10,21.0,341,2,13,3,5,64,2,21
4,10,21.0,341,2,1,0,10,47,1,21
4,8,21.0,46,1,11,3,9,134,4,21
4,0,8.0,9,2,20,1,0,53,0,8
4,8,30.0,103,4,5,0,5,0,3,19
4,4,14.0,345,4,0,0,12,121,1,5
4,8,30.0,103,4,14,0,10,52,0,19
4,4,1.0,144,5,3,0,10,43,2,7
4,8,30.0,103,4,1,1,15,46,4,19
4,8,24.0,85,5,12,3,9,10,0,14
4,8,30.0,103,4,12,0,13,29,1,19
4,4,1.0,144,5,12,0,1,105,3,7
4,7,21.0,81,3,8,0,8,41,3,21
4,4,17.0,19,3,12,1,10,47,1,6
4,7,26.0,316,5,16,0,10,22,1,3
4,8,24.0,85,5,18,1,0,96,0,14
4,4,18.0,26,0,8,0,3,70,2,0
4,7,1.0,98,0,11,0,3,79,3,7
4,3,4.0,285,3,13,0,2,2,1,30
4,4,20.0,115,2,21,0,0,31,4,29
4,9,1.0,126,0,17,3,10,23,1,7
4,5,21.0,351,5,14,1,3,70,4,21
4,3,27.0,361,1,1,0,3,76,0,15
4,7,1.0,98,0,8,1,0,53,1,7
4,3,7.0,289,2,4,0,10,47,0,11
4,6,18.0,308,5,15,0,10,12,3,0
4,3,1.0,180,4,8,0,2,13,1,7
4,6,19.0,291,6,17,1,6,89,2,10
2,6,1.0,352,6,17,0,1,59,4,7
4,0,3.0,334,5,17,3,12,17,2,27
4,10,19.0,117,0,7,1,5,64,2,10
4,4,1.0,144,5,5,1,8,33,0,7
4,8,9.0,124,4,6,1,5,6,0,12
4,8,17.0,74,5,16,2,10,47,3,6
4,8,20.0,319,0,9,1,12,83,4,29
4,4,11.0,121,0,18,2,9,10,0,9
4,4,12.0,134,1,16,1,3,76,4,28
4,4,26.0,80,1,2,1,14,126,4,3
4,4,27.0,274,2,19,2,1,59,3,15
4,2,29.0,140,0,10,1,1,81,2,16
4,2,29.0,140,0,8,0,10,22,1,16
4,2,29.0,140,0,14,0,5,6,0,16
4,0,9.0,48,4,3,0,10,23,3,12
4,6,25.0,39,5,5,3,9,63,1,13
4,11,31.0,227,3,18,0,14,131,1,20
4,4,10.0,79,3,20,0,5,12,2,4
4,8,28.0,224,1,18,3,6,73,3,18
4,4,20.0,115,2,12,1,2,69,1,29
4,2,29.0,140,0,6,0,9,95,1,16
4,0,9.0,48,4,19,2,10,47,0,12
4,0,11.0,10,6,11,0,2,86,4,9
5,8,2.0,77,2,1,1,11,18,1,22
5,4,2.0,141,5,13,0,2,92,1,22
5,6,1.0,158,0,17,0,14,131,1,7
5,1,1.0,203,6,17,1,0,12,1,7
5,2,11.0,297,2,2,0,14,24,2,9
5,8,18.0,75,5,12,0,1,16,0,0
5,0,21.0,287,0,22,0,4,66,2,21
4,11,30.0,170,6,2,3,6,7,2,19
5,2,30.0,131,0,2,3,4,45,0,19
5,0,29.0,191,1,10,0,3,44,3,16
4,7,11.0,197,4,17,1,10,22,4,9
4,7,21.0,81,3,5,1,11,15,4,21
5,2,11.0,297,2,22,0,5,6,3,9
5,0,12.0,113,6,9,0,0,77,1,28
4,4,9.0,18,6,2,3,12,135,2,12
4,4,20.0,115,2,13,0,13,36,1,29
4,4,20.0,115,2,10,2,5,6,0,29
4,6,1.0,158,1,9,0,2,86,2,7
4,4,25.0,20,0,0,2,9,93,1,13
4,5,7.0,349,5,13,3,1,105,0,11
2,0,22.0,237,3,17,0,4,5,1,26
4,4,25.0,20,0,11,0,4,127,4,13
4,4,25.0,20,0,13,1,6,116,4,13
4,4,25.0,20,0,2,0,2,40,1,13
4,2,2.0,143,1,22,0,14,88,4,22
4,2,9.0,21,1,17,0,5,0,3,12
4,2,9.0,21,1,21,1,4,75,0,12
4,2,9.0,21,1,18,0,5,47,2,12
4,2,9.0,21,1,4,2,13,21,1,12
4,2,9.0,21,1,4,3,4,5,4,12
4,2,9.0,21,1,14,1,9,10,4,12
4,2,10.0,28,2,12,0,7,20,4,4
4,2,10.0,28,2,4,2,16,72,1,4
4,2,10.0,28,2,8,0,9,58,3,4
4,2,11.0,297,4,11,2,12,17,0,9
4,1,30.0,100,0,3,0,3,79,1,19
4,1,30.0,100,0,1,2,13,28,0,19
4,8,23.0,102,4,16,1,13,99,0,17
4,8,23.0,102,4,13,0,2,60,2,17
4,8,23.0,102,4,22,0,8,118,0,17
4,8,29.0,301,2,7,1,10,22,0,16
4,8,29.0,301,2,1,0,13,99,1,16
4,4,6.0,176,2,20,0,11,15,2,23
4,4,6.0,176,2,14,0,7,20,3,23
4,4,8.0,292,5,15,0,15,31,2,8
4,4,8.0,292,5,15,0,0,77,2,8
4,4,8.0,292,5,20,0,16,72,3,8
4,4,8.0,292,5,0,1,6,7,0,8
4,4,13.0,221,2,0,0,10,30,0,25
4,6,5.0,342,6,5,0,8,33,3,24
4,6,14.0,173,0,10,0,10,47,0,5
4,6,14.0,173,0,20,0,16,130,1,5
4,10,2.0,358,5,21,1,0,31,0,22
4,6,26.0,348,6,11,0,5,6,3,3
4,6,25.0,39,5,12,1,0,26,0,13
4,10,2.0,358,5,21,0,3,30,2,22
4,2,28.0,257,3,16,0,14,25,0,18
4,2,27.0,136,6,9,0,8,118,4,15
4,2,28.0,257,3,16,1,11,15,0,18
4,2,28.0,257,3,0,0,10,47,0,18
4,2,27.0,136,6,21,1,10,47,4,15
4,2,28.0,257,3,22,1,12,58,4,18
4,2,28.0,257,3,8,1,6,7,0,18
4,2,29.0,140,0,5,0,4,75,3,16
4,2,29.0,140,0,13,0,13,99,3,16
4,2,29.0,140,0,19,0,2,2,1,16
4,0,9.0,48,4,16,1,11,55,0,12
4,0,9.0,48,4,12,0,4,5,3,12
4,8,27.0,78,0,11,1,11,15,0,15
4,8,27.0,78,0,16,0,11,98,1,15
4,2,17.0,6,2,8,1,11,124,1,6
4,5,19.0,146,2,4,1,9,93,0,10
4,0,10.0,129,5,2,1,15,114,4,4
4,6,24.0,31,4,17,0,4,76,3,14
4,10,18.0,246,3,15,3,5,12,3,0
4,10,3.0,310,6,2,3,16,130,0,27
4,6,1.0,158,1,17,0,1,11,4,7
4,1,1.0,203,3,17,1,8,118,1,7
4,8,27.0,78,0,2,0,8,27,2,15
4,4,9.0,18,6,16,0,11,94,2,12
4,4,28.0,218,4,14,1,0,64,0,18
4,4,28.0,218,4,19,0,8,9,0,18
4,4,28.0,218,4,14,3,10,47,3,18
4,10,18.0,246,3,17,3,3,103,0,0
4,2,4.0,254,4,8,0,9,95,0,30
4,2,1.0,16,0,20,0,1,11,0,7
4,2,12.0,128,5,12,0,11,124,1,28
4,2,12.0,128,5,18,0,8,33,2,28
4,2,12.0,128,5,14,2,10,52,0,28
4,6,6.0,83,3,15,3,7,111,0,23
4,6,6.0,83,3,9,0,1,1,3,23
5,1,21.0,45,5,11,3,10,23,1,21
5,1,1.0,203,6,1,0,6,89,4,7
4,7,11.0,197,4,13,3,9,58,4,9
5,2,2.0,143,0,2,1,2,86,1,22
5,0,12.0,113,6,22,0,5,64,2,28
5,4,2.0,141,5,11,0,8,118,4,22
4,7,4.0,186,4,18,1,5,6,0,30
4,3,29.0,325,4,17,0,2,86,4,16
4,1,7.0,32,6,18,0,14,106,4,11
4,4,15.0,132,5,8,0,11,18,1,1
5,11,1.0,222,4,23,0,8,118,1,7
4,7,19.0,330,5,1,0,0,64,3,10
4,7,13.0,238,6,17,3,0,77,1,25
4,5,21.0,351,5,9,1,15,114,1,21
4,6,6.0,83,3,1,3,4,75,0,23
4,2,23.0,230,1,1,0,10,47,3,17
4,0,17.0,12,5,12,1,12,84,1,6
4,0,17.0,12,5,13,1,0,0,1,6
4,1,22.0,164,3,4,0,15,51,4,26
4,2,26.0,3,5,9,2,10,47,0,3
4,2,26.0,3,5,22,1,4,5,2,3
4,0,2.0,47,4,9,0,10,23,2,22
4,0,20.0,172,0,23,1,12,17,4,29
4,0,20.0,172,0,11,1,6,89,1,29
4,10,5.0,336,0,8,0,4,79,1,24
5,0,31.0,290,4,17,0,2,40,3,20
4,2,6.0,251,6,9,1,11,94,0,23
5,10,11.0,298,6,9,3,12,80,1,9
5,11,1.0,222,4,17,3,0,77,0,7
4,2,13.0,276,6,9,1,0,26,1,25
4,7,13.0,238,6,14,0,10,47,0,25
5,2,1.0,16,3,17,0,1,67,2,7
4,5,2.0,307,3,12,3,6,89,3,22
4,4,10.0,79,3,20,0,16,50,1,4
4,4,10.0,79,3,12,0,7,62,0,4
4,4,17.0,19,3,16,0,2,13,3,6
4,4,2.0,141,6,18,0,5,12,2,22
4,4,17.0,19,3,3,0,8,9,0,6
4,4,18.0,26,0,3,0,13,28,2,0
4,4,18.0,26,0,2,0,5,64,1,0
4,4,20.0,115,2,16,0,16,65,2,29
4,4,20.0,115,2,16,1,13,21,0,29
4,4,20.0,115,2,18,0,6,91,3,29
4,4,25.0,20,0,7,1,11,15,0,13
4,4,25.0,20,0,20,0,2,2,4,13
4,4,25.0,20,0,20,0,14,107,3,13
4,1,8.0,62,3,4,0,3,30,2,8
4,1,10.0,17,1,16,0,0,12,3,4
4,1,10.0,17,1,21,0,11,94,0,4
4,1,10.0,17,1,12,0,10,12,3,4
4,1,10.0,17,1,18,0,1,67,0,4
4,1,18.0,82,2,17,0,8,19,4,0
4,1,18.0,82,2,22,0,12,104,1,0
4,7,27.0,53,6,10,1,10,23,1,15
4,3,27.0,361,1,3,1,10,22,0,15
4,4,1.0,144,5,4,1,6,91,0,7
4,5,27.0,328,4,13,0,6,7,0,15
4,10,1.0,208,4,16,0,2,40,1,7
4,2,1.0,16,0,5,0,2,86,4,7
4,6,19.0,291,6,18,2,14,24,3,10
4,5,27.0,328,4,9,0,4,5,1,15
4,6,27.0,116,3,12,1,8,27,2,15
4,10,1.0,208,4,11,1,5,64,1,7
4,10,19.0,117,0,18,0,3,70,1,10
4,5,1.0,109,6,12,1,11,18,1,7
4,10,19.0,117,0,5,1,4,82,1,10
4,4,11.0,121,0,3,0,3,79,1,9
4,2,12.0,128,5,11,1,16,37,1,28
4,0,28.0,249,1,21,1,0,85,1,18
4,6,30.0,145,2,8,0,5,6,0,19
4,10,4.0,356,3,4,0,4,75,1,30
4,10,12.0,333,0,6,0,13,13,3,28
4,10,12.0,333,0,4,3,14,97,3,28
4,10,13.0,346,1,6,1,4,4,0,25
4,10,20.0,223,1,6,1,7,120,2,29
4,10,20.0,223,1,12,0,9,54,3,29
4,10,20.0,223,1,1,0,7,122,0,29
4,10,21.0,341,2,14,0,2,69,3,21
4,10,21.0,341,2,9,2,1,67,2,21
4,10,22.0,314,4,9,0,13,28,0,26
4,10,22.0,314,4,13,1,9,83,4,26
4,4,6.0,176,2,12,3,12,100,3,23
4,8,23.0,102,4,22,0,13,99,2,17
4,10,29.0,318,4,17,0,9,87,0,16
4,10,29.0,318,4,0,1,5,6,1,16
4,10,30.0,157,5,0,1,1,11,0,19
4,10,30.0,157,5,4,3,8,41,0,19
4,1,30.0,100,0,5,0,3,30,0,19
4,1,30.0,100,0,10,0,14,24,2,19
4,4,29.0,313,5,9,0,4,79,3,16
4,7,30.0,42,1,20,0,15,46,1,19
4,4,31.0,67,3,17,1,9,102,4,20
4,4,31.0,67,3,4,2,8,33,3,20
4,2,5.0,127,5,13,0,10,12,1,24
4,2,5.0,127,5,8,2,4,79,3,24
4,2,5.0,127,5,19,1,2,92,1,24
4,2,5.0,127,5,8,0,0,15,3,24
4,2,5.0,127,5,1,0,8,9,1,24
4,2,7.0,153,3,6,0,6,7,0,11
4,2,7.0,153,3,20,0,0,15,0,11
4,4,31.0,67,3,23,2,5,12,0,20
4,2,7.0,153,3,4,2,13,29,3,11
4,6,20.0,215,3,22,0,3,79,2,29
4,10,6.0,242,1,6,0,1,1,4,23
4,10,14.0,174,2,13,2,10,47,0,5
4,10,14.0,174,2,22,0,15,85,2,5
4,10,14.0,174,2,2,0,13,28,1,5
4,10,31.0,135,6,9,0,0,26,0,20
4,1,5.0,219,4,17,0,4,75,1,24
4,1,5.0,219,4,16,0,15,108,1,24
4,1,27.0,262,5,4,0,6,73,1,15
4,1,18.0,82,2,8,3,5,6,0,0
4,8,1.0,66,2,12,0,8,9,3,7
4,8,10.0,71,5,5,0,10,47,0,4
4,8,10.0,71,5,3,0,13,13,3,4
4,8,10.0,71,5,4,0,2,13,3,4
4,8,19.0,280,3,6,0,3,30,4,10
4,8,19.0,280,3,9,0,13,48,1,10
4,8,25.0,86,6,10,1,2,69,4,13
4,5,2.0,307,3,1,1,0,0,0,22
4,8,25.0,86,6,18,1,12,100,2,13
4,8,26.0,278,3,8,0,6,14,2,3
2,6,30.0,208,3,16,0,13,48,1,19
2,7,12.0,238,1,2,0,8,9,0,28
2,7,12.0,238,1,14,2,0,77,0,28
2,7,12.0,238,1,9,1,14,25,0,28
2,7,12.0,238,1,4,0,9,95,2,28
2,11,30.0,170,1,6,0,1,67,3,19
2,11,30.0,170,1,3,0,4,138,1,19
2,11,30.0,170,1,3,0,6,89,2,19
2,11,30.0,170,1,19,0,16,42,1,19
2,11,30.0,170,1,1,0,10,47,3,19
2,9,22.0,92,4,17,0,12,121,1,26
2,9,22.0,92,4,17,0,13,29,1,26
2,9,22.0,92,4,3,0,2,40,4,26
2,9,22.0,92,4,8,0,1,59,3,26
2,9,22.0,92,4,20,1,6,116,4,26
2,9,22.0,92,4,19,0,9,9,3,26
2,9,22.0,92,4,20,1,9,87,4,26
2,9,22.0,92,4,8,0,16,74,2,26
2,7,7.0,94,4,8,0,2,35,3,11
2,7,7.0,94,4,8,0,3,30,3,11
2,7,7.0,94,4,12,0,2,69,1,11
2,7,7.0,94,4,4,0,1,35,4,11
2,7,12.0,238,1,6,0,13,13,1,28
2,4,24.0,20,4,7,0,13,38,2,14
2,7,12.0,238,1,3,0,9,57,0,28
2,7,12.0,238,1,8,0,8,9,1,28
2,7,12.0,238,1,14,2,13,48,3,28
2,7,12.0,238,1,19,0,9,93,1,28
2,1,17.0,82,6,2,1,16,72,0,6
2,5,6.0,349,0,14,0,3,30,1,23
2,5,24.0,350,5,2,3,5,12,3,14
2,5,22.0,168,2,3,3,10,30,0,26
2,3,30.0,109,1,13,0,8,27,2,19
2,5,6.0,349,0,18,0,1,105,3,23
2,5,23.0,58,4,5,0,4,4,1,17
2,9,14.0,106,2,20,0,9,95,1,5
2,1,8.0,50,4,4,0,0,26,2,8
2,1,16.0,63,5,22,0,14,107,3,2
2,11,3.0,288,2,5,0,8,19,2,27
2,7,6.0,293,2,9,1,8,27,0,23
2,0,8.0,48,3,8,1,0,12,2,8
2,0,26.0,23,4,4,1,3,30,0,3
2,5,31.0,158,5,16,0,8,27,1,20
2,6,13.0,173,4,3,0,14,106,2,25
2,11,15.0,331,0,2,1,1,105,0,1
2,7,6.0,293,2,23,0,8,19,4,23
2,11,5.0,240,5,6,0,4,4,1,24
2,11,5.0,240,5,12,0,3,103,3,24
2,11,5.0,240,5,15,1,13,38,4,24
2,11,12.0,118,5,12,2,7,62,0,28
2,11,12.0,118,5,11,2,13,21,4,28
2,11,14.0,147,3,11,0,7,78,2,5
2,11,14.0,147,3,17,0,1,11,4,5
2,11,14.0,147,3,3,0,4,66,1,5
2,11,14.0,147,3,5,1,13,21,1,5
2,11,14.0,147,3,15,0,9,93,1,5
2,11,14.0,147,3,20,1,1,67,4,5
2,11,14.0,147,3,9,0,4,79,2,5
2,11,21.0,192,3,13,2,11,133,2,21
2,11,28.0,123,3,19,1,5,12,0,18
2,11,30.0,170,1,0,1,0,53,0,19
2,9,22.0,92,4,19,2,14,34,0,26
2,7,12.0,238,1,18,0,14,25,0,28
2,7,14.0,205,4,16,0,14,125,0,5
2,7,14.0,205,4,6,1,13,38,0,5
2,7,14.0,205,4,0,0,5,12,3,5
2,7,14.0,205,4,7,1,7,57,0,5
2,7,14.0,205,4,23,0,11,133,2,5
2,7,14.0,205,4,12,0,14,131,1,5
2,7,14.0,205,4,3,0,14,97,1,5
2,7,14.0,205,4,20,1,4,121,0,5
2,7,15.0,40,5,17,2,2,123,0,1
2,7,15.0,40,5,0,1,9,83,4,1
2,7,15.0,40,5,15,0,10,47,0,1
2,7,15.0,40,5,13,2,12,104,0,1
2,7,15.0,40,5,5,0,2,40,3,1
2,7,15.0,40,5,18,0,12,80,1,1
2,7,15.0,40,5,18,1,7,62,4,1
2,7,22.0,202,5,17,2,6,7,3,26
2,7,22.0,202,5,6,1,12,83,4,26
2,7,22.0,202,5,20,2,12,17,3,26
2,7,22.0,202,5,5,0,7,120,4,26
2,7,22.0,202,5,7,1,8,27,0,26
2,7,22.0,202,5,3,2,9,102,0,26
3,11,1.0,222,2,0,0,5,6,0,7
3,11,4.0,275,6,5,1,9,10,4,30
2,5,12.0,184,3,18,0,9,102,4,28
2,6,25.0,348,1,11,1,4,127,4,13
2,7,10.0,197,3,5,1,1,105,0,4
2,0,12.0,198,4,13,0,1,11,2,28
2,6,19.0,215,2,7,0,2,2,1,10
2,2,27.0,257,2,0,0,7,20,3,15
2,2,2.0,282,6,6,2,10,6,3,22
2,5,12.0,184,3,16,0,9,93,3,28
3,11,4.0,275,6,19,2,6,7,3,30
3,11,4.0,275,6,18,0,0,77,1,30
3,11,12.0,118,3,3,0,13,13,1,28
3,11,12.0,118,3,4,0,6,91,1,28
3,11,12.0,118,3,12,2,8,19,3,28
2,0,13.0,5,5,19,0,13,38,1,25
2,7,11.0,181,0,11,0,8,118,1,9
2,5,1.0,307,2,17,1,3,44,4,7
2,0,22.0,237,3,15,0,2,92,1,26
2,0,22.0,237,3,1,0,6,132,1,26
2,0,22.0,237,3,14,1,13,28,1,26
2,0,27.0,249,5,16,0,13,21,1,15
2,0,27.0,249,5,16,1,9,93,4,15
2,0,29.0,228,3,5,0,4,82,1,16
2,0,29.0,228,3,5,0,5,6,0,16
3,11,1.0,222,2,16,2,3,76,1,7
3,11,1.0,222,2,17,0,10,30,0,7
3,11,1.0,222,2,23,0,12,17,3,7
3,11,1.0,222,2,16,0,5,12,3,7
2,7,22.0,202,5,13,0,15,51,2,26
2,7,14.0,205,4,16,0,7,20,4,5
2,7,14.0,205,4,3,0,0,77,1,5
2,7,12.0,238,1,19,1,12,100,0,28
2,7,14.0,205,4,12,0,7,20,4,5
2,7,14.0,205,4,18,0,9,57,1,5
2,7,14.0,205,4,18,3,4,75,4,5
2,7,15.0,40,5,4,1,4,138,4,1
2,7,15.0,40,5,1,2,6,7,3,1
2,7,15.0,40,5,9,0,16,72,4,1
2,7,15.0,40,5,15,1,7,120,4,1
2,7,22.0,202,5,7,1,0,26,4,26
2,7,22.0,202,5,11,0,16,42,1,26
2,7,22.0,202,5,2,0,8,33,2,26
2,7,22.0,202,5,19,0,0,64,3,26
2,7,30.0,43,6,15,0,12,80,2,19
2,7,30.0,43,6,8,0,15,37,0,19
2,7,30.0,43,6,8,0,8,19,4,19
2,7,30.0,43,6,8,0,7,120,2,19
2,7,30.0,43,6,4,0,3,30,0,19
2,7,14.0,205,4,11,0,10,22,1,5
2,3,29.0,304,0,20,2,12,56,0,16
2,3,29.0,304,0,3,0,10,47,2,16
2,3,29.0,304,0,15,0,8,19,1,16
2,11,5.0,240,5,13,0,12,135,1,24
2,11,5.0,240,5,19,3,14,25,0,24
2,11,5.0,240,5,8,0,11,117,0,24
2,11,5.0,240,5,1,0,9,49,1,24
2,11,12.0,118,5,1,0,16,50,4,28
2,11,14.0,147,3,22,0,2,86,4,5
2,11,12.0,118,5,8,2,8,9,3,28
2,11,14.0,147,3,23,1,0,26,1,5
3,11,3.0,288,5,5,2,10,47,2,27
3,11,4.0,275,6,16,1,1,16,0,30
3,11,3.0,288,5,2,0,16,113,3,27
3,11,4.0,275,6,4,0,14,34,1,30
3,11,1.0,222,2,16,0,5,6,0,7
3,11,12.0,118,3,19,0,3,103,4,28
3,11,12.0,118,3,14,0,6,73,1,28
3,11,12.0,118,3,9,0,16,74,1,28
3,11,20.0,340,0,21,1,5,64,1,29
3,11,20.0,340,0,19,2,12,61,3,29
2,8,18.0,280,2,0,0,1,1,4,0
2,8,18.0,280,2,6,0,6,73,4,0
2,8,18.0,280,2,1,2,8,27,4,0
2,8,18.0,280,2,14,0,15,46,1,0
2,8,20.0,46,5,11,0,1,11,2,29
2,4,4.0,235,5,21,1,6,7,0,30
2,4,4.0,235,5,11,0,2,92,1,30
2,4,4.0,235,5,20,0,10,22,4,30
2,4,4.0,235,5,19,0,12,84,3,30
2,4,10.0,121,4,21,1,16,72,0,4
2,4,13.0,345,3,6,1,0,31,4,25
2,1,17.0,82,6,18,1,13,28,0,6
2,1,17.0,82,6,18,1,13,28,0,6
2,7,22.0,202,5,12,0,8,41,3,26
2,7,22.0,202,5,5,1,1,59,4,26
2,7,7.0,94,4,8,0,8,9,3,11
2,7,30.0,43,6,22,0,7,111,1,19
2,7,30.0,43,6,19,0,0,77,1,19
2,7,30.0,43,6,9,2,6,89,3,19
2,5,12.0,184,3,4,0,6,89,1,28
2,5,17.0,195,5,17,1,8,27,0,6
2,5,17.0,195,5,6,1,1,59,1,6
2,5,17.0,195,5,3,1,1,1,4,6
2,5,17.0,195,5,1,0,8,9,3,6
2,5,17.0,195,5,1,0,4,82,0,6
2,5,1.0,307,2,0,1,7,57,0,7
2,5,9.0,155,4,11,2,9,95,3,12
2,5,9.0,155,4,20,1,10,47,1,12
2,5,12.0,184,3,17,0,2,86,4,28
2,5,12.0,184,3,3,1,9,83,4,28
2,5,12.0,184,3,19,0,14,25,2,28
2,5,12.0,184,3,20,1,10,47,0,28
2,5,17.0,195,5,21,1,10,22,1,6
2,5,17.0,195,5,8,0,16,72,1,6
2,5,17.0,195,5,12,0,4,4,3,6
2,5,17.0,195,5,14,1,3,79,4,6
2,5,26.0,328,3,17,0,5,12,1,3
2,5,26.0,328,3,6,0,0,26,1,3
2,5,26.0,328,3,15,0,16,37,3,3
2,5,26.0,328,3,12,2,5,6,2,3
2,6,12.0,317,2,21,0,0,31,3,28
2,6,11.0,162,1,8,1,10,22,1,9
2,6,19.0,215,2,6,0,0,53,3,10
2,6,19.0,215,2,11,0,9,10,1,10
2,6,19.0,215,2,19,0,8,118,1,10
2,6,25.0,348,1,6,0,5,12,3,13
2,6,25.0,348,1,16,0,9,9,3,13
2,3,8.0,44,0,19,3,5,6,0,8
2,3,8.0,44,0,13,1,12,56,1,8
2,3,10.0,337,2,21,1,11,18,0,4
2,3,10.0,337,2,7,1,10,22,0,4
2,3,10.0,337,2,7,1,1,11,0,4
2,3,11.0,104,4,3,0,5,6,0,9
2,3,11.0,104,4,17,0,6,89,4,9
2,3,11.0,104,4,13,1,1,16,4,9
2,3,10.0,337,2,1,0,9,134,1,4
2,3,11.0,104,4,1,0,13,28,3,9
2,3,11.0,104,4,1,1,0,12,0,9
2,11,24.0,194,2,1,1,4,5,0,14
0,8,1.0,66,5,13,1,0,77,1,7
2,9,16.0,107,5,2,1,1,11,0,2
2,7,17.0,154,3,20,1,10,47,2,6
2,3,17.0,165,2,6,0,15,39,1,6
2,3,17.0,165,2,20,1,10,47,1,6
2,3,17.0,165,2,2,0,1,16,4,6
2,3,17.0,165,2,1,0,16,42,1,6
2,3,20.0,338,6,13,0,13,99,3,29
2,3,20.0,338,6,1,0,6,7,3,29
2,3,20.0,338,6,14,2,3,44,0,29
2,3,27.0,187,6,1,1,15,31,1,15
2,3,1.0,120,0,13,3,12,17,3,7
2,5,1.0,307,2,8,0,11,133,2,7
2,5,1.0,307,2,13,0,9,109,4,7
2,5,12.0,184,3,6,2,8,27,3,28
2,5,12.0,184,3,18,0,6,7,1,28
2,5,17.0,195,5,10,0,10,12,3,6
2,5,17.0,195,5,17,1,9,27,0,6
2,5,17.0,195,5,23,1,11,133,4,6
2,5,17.0,195,5,22,0,16,65,0,6
2,5,17.0,195,5,12,0,4,75,1,6
2,5,17.0,195,5,10,1,1,16,4,6
2,5,17.0,195,5,18,0,0,64,1,6
2,5,26.0,328,3,3,0,10,23,1,3
2,5,26.0,328,3,4,0,11,15,3,3
2,5,26.0,328,3,2,0,2,86,3,3
2,5,26.0,328,3,19,2,6,89,3,3
2,5,26.0,328,3,10,0,10,30,0,3
2,6,11.0,162,1,20,0,14,24,1,9
2,6,11.0,162,1,20,1,14,24,0,9
2,6,11.0,162,1,2,0,16,72,1,9
2,6,11.0,162,1,19,0,2,69,0,9
2,6,11.0,162,1,21,1,10,47,1,9
2,6,12.0,317,2,21,0,7,111,1,28
2,6,12.0,317,2,10,0,6,7,0,28
2,6,11.0,162,1,21,1,6,7,0,9
2,6,12.0,317,2,8,0,14,34,1,28
2,6,11.0,162,1,19,0,10,12,0,9
2,6,12.0,317,2,2,1,13,69,4,28
2,6,19.0,215,2,17,2,3,44,3,10
2,5,1.0,307,2,19,0,9,27,0,7
2,5,9.0,155,4,10,0,10,22,1,12
2,5,9.0,155,4,20,0,7,20,4,12
2,5,9.0,155,4,15,0,3,79,2,12
2,5,12.0,184,3,0,2,0,53,3,28
2,11,21.0,192,3,13,1,0,12,0,21
2,6,25.0,348,1,4,2,8,27,3,13
2,6,27.0,309,4,15,1,14,88,4,15
2,6,27.0,309,4,14,0,7,111,0,15
2,6,27.0,309,4,22,0,9,27,2,15
2,6,28.0,335,5,5,0,10,6,3,18
2,6,28.0,335,5,4,0,2,86,1,18
2,6,28.0,335,5,4,1,8,9,4,18
2,10,29.0,157,0,0,0,14,34,3,16
2,1,26.0,262,0,2,0,16,37,1,3
2,1,26.0,262,0,15,1,1,11,4,3
2,1,26.0,262,0,19,1,12,135,4,3
2,1,26.0,262,0,11,0,3,44,3,3
2,8,18.0,280,2,16,0,16,37,3,0
2,8,18.0,280,2,20,0,3,30,4,0
2,8,18.0,280,2,15,0,12,84,0,0
2,8,18.0,280,2,2,0,5,12,1,0
2,8,18.0,280,2,9,0,12,17,3,0
2,8,20.0,46,5,5,0,5,64,3,29
2,8,20.0,46,5,22,0,5,6,3,29
2,8,20.0,46,5,22,1,2,86,4,29
2,8,21.0,354,6,17,0,2,2,4,21
2,8,21.0,354,6,8,0,2,40,3,21
2,8,21.0,354,6,19,1,12,58,4,21
2,4,4.0,235,5,19,0,11,6,3,30
2,4,4.0,235,5,9,0,2,2,4,30
2,4,4.0,235,5,18,1,1,67,4,30
2,4,10.0,121,4,16,0,8,27,1,4
2,4,10.0,121,4,2,0,2,60,2,4
2,10,29.0,157,0,5,0,5,64,1,16
2,1,11.0,353,3,6,1,15,39,0,9
2,1,11.0,353,3,15,3,7,122,0,9
2,1,11.0,353,3,15,1,13,69,1,9
2,1,11.0,353,3,22,1,11,18,1,9
2,1,11.0,353,3,19,0,2,13,4,9
2,1,11.0,353,3,23,1,12,100,1,9
2,1,26.0,262,0,20,1,9,134,4,3
2,1,26.0,262,0,16,1,3,44,0,3
2,1,26.0,262,0,3,0,8,19,3,3
2,1,26.0,262,0,3,0,15,39,0,3
2,8,18.0,280,2,0,1,0,26,4,0
2,8,18.0,280,2,4,0,9,95,3,0
2,8,18.0,280,2,14,0,0,15,3,0
2,8,18.0,280,2,18,0,3,70,4,0
2,8,20.0,46,5,6,0,4,82,1,29
2,8,20.0,46,5,20,0,10,47,2,29
2,8,20.0,46,5,3,0,0,26,1,29
2,8,20.0,46,5,8,0,2,2,0,29
2,8,20.0,46,5,12,0,10,22,3,29
2,8,20.0,46,5,11,1,10,23,1,29
2,8,21.0,354,6,0,2,15,96,3,21
2,8,21.0,354,6,3,2,6,89,1,21
2,8,21.0,354,6,4,0,3,79,3,21
2,8,21.0,354,6,19,0,8,9,0,21
2,4,4.0,235,5,12,0,10,47,3,30
2,4,4.0,235,5,4,0,10,47,1,30
2,4,4.0,235,5,12,1,0,68,1,30
2,4,4.0,235,5,1,0,1,59,4,30
2,4,10.0,121,4,0,0,1,67,0,4
2,4,10.0,121,4,7,2,3,4,3,4
2,4,10.0,121,4,0,1,5,64,0,4
2,4,10.0,121,4,12,2,2,2,2,4
2,4,13.0,345,3,17,1,2,2,4,25
2,4,13.0,345,3,11,0,6,128,2,25
2,4,13.0,345,3,15,1,12,80,4,25
2,2,2.0,282,6,20,0,6,128,4,22
2,2,2.0,282,6,9,0,14,34,1,22
2,2,2.0,282,6,15,0,8,41,2,22
2,2,3.0,254,3,3,0,5,0,3,27
2,2,3.0,254,3,0,1,2,86,0,27
2,2,3.0,254,3,20,0,1,1,1,27
2,2,3.0,254,3,19,0,10,22,2,27
2,2,3.0,254,3,20,1,14,126,4,27
2,2,27.0,257,2,6,0,8,27,1,15
2,2,27.0,257,2,14,0,4,75,1,15
2,0,12.0,198,4,4,2,8,9,3,28
2,5,16.0,212,4,15,1,14,34,0,2
2,5,16.0,212,4,19,1,15,114,4,2
2,0,12.0,198,4,4,1,14,32,4,28
2,0,12.0,198,4,14,0,6,89,1,28
2,0,13.0,5,5,19,0,2,2,1,25
2,4,13.0,345,3,17,0,4,75,4,25
2,4,13.0,345,3,6,0,5,6,3,25
2,4,13.0,345,3,11,0,14,24,1,25
2,4,13.0,345,3,12,0,10,22,1,25
2,4,13.0,345,3,19,0,1,59,1,25
2,4,10.0,121,4,8,0,11,90,4,4
2,4,19.0,115,6,15,0,16,50,4,10
2,4,19.0,115,6,12,0,5,6,1,10
2,4,19.0,115,6,1,0,7,111,1,10
2,7,10.0,197,3,22,0,16,42,2,4
2,9,27.0,179,1,6,1,13,21,2,15
0,5,9.0,206,1,18,2,6,7,1,12
2,5,11.0,327,6,9,0,16,74,1,9
2,5,11.0,327,6,4,0,0,53,3,9
2,11,1.0,222,0,17,0,1,11,1,7
2,11,23.0,232,1,22,1,11,55,1,17
2,7,29.0,42,5,13,0,4,136,2,16
2,6,23.0,31,3,9,3,14,24,3,17
2,1,25.0,248,3,1,1,0,26,0,13
2,1,26.0,262,0,11,0,1,1,0,3
2,6,19.0,215,2,13,0,13,29,2,10
2,6,25.0,348,1,21,2,10,47,0,13
2,6,25.0,348,1,11,0,5,6,3,13
2,6,25.0,348,1,13,2,13,38,3,13
2,6,25.0,348,1,3,0,8,41,1,13
2,6,25.0,348,1,14,0,0,77,1,13
2,6,25.0,348,1,14,0,15,39,0,13
2,6,25.0,348,1,17,1,0,31,2,13
2,6,25.0,348,1,18,0,2,71,3,13
2,6,27.0,309,4,15,0,10,47,2,15
2,6,27.0,309,4,13,0,12,17,3,15
2,6,27.0,309,4,19,0,8,41,3,15
2,6,27.0,309,4,23,1,6,7,1,15
2,6,27.0,309,4,23,1,16,37,4,15
2,6,27.0,309,4,9,0,0,77,3,15
2,6,27.0,309,4,18,1,11,133,4,15
2,6,27.0,309,4,5,1,0,77,1,15
2,6,28.0,335,5,4,2,2,69,2,18
2,6,28.0,335,5,20,1,1,11,4,18
2,6,19.0,215,2,13,1,0,31,2,10
2,6,28.0,335,5,23,0,0,96,4,18
2,10,29.0,157,0,5,0,7,78,0,16
2,10,29.0,157,0,5,0,3,79,1,16
2,10,29.0,157,0,13,1,7,129,4,16
2,10,29.0,157,0,4,2,8,9,3,16
2,10,29.0,157,0,13,1,9,49,4,16
2,1,11.0,353,3,3,1,9,134,1,9
2,0,27.0,249,5,7,1,13,13,1,15
2,0,29.0,228,3,13,0,16,113,1,16
2,0,29.0,228,3,4,0,5,6,3,16
2,3,27.0,187,6,19,2,6,89,3,15
3,11,1.0,222,2,6,2,4,75,0,7
3,11,1.0,222,2,6,0,8,9,1,7
3,11,1.0,222,2,0,0,1,11,3,7
3,11,1.0,222,2,0,2,0,31,2,7
3,11,1.0,222,2,7,0,10,43,1,7
3,11,1.0,222,2,4,0,10,47,2,7
3,11,3.0,288,5,7,0,2,2,3,27
3,11,3.0,288,5,12,0,10,22,1,27
3,11,3.0,288,5,12,0,9,57,0,27
3,11,1.0,222,2,13,1,15,119,4,7
2,11,12.0,118,5,5,0,9,57,1,28
2,11,14.0,147,3,5,0,12,56,3,5
2,11,14.0,147,3,12,0,9,63,0,5
2,11,21.0,192,3,11,1,10,22,0,21
2,11,21.0,192,3,22,0,0,26,0,21
2,11,21.0,192,3,12,1,15,119,4,21
2,11,21.0,192,3,19,0,8,9,1,21
2,11,28.0,123,3,17,2,6,89,0,18
2,11,28.0,123,3,16,0,15,39,0,18
2,11,28.0,123,3,13,0,13,36,0,18
2,11,30.0,170,1,13,0,2,2,1,19
2,11,5.0,240,5,13,0,6,132,2,24
0,0,30.0,228,6,22,1,13,21,1,19
2,11,12.0,118,5,8,0,12,121,4,28
2,11,14.0,147,3,20,0,10,47,1,5
2,11,21.0,192,3,15,1,1,1,4,21
2,11,21.0,192,3,1,1,1,11,2,21
2,11,28.0,123,3,15,0,16,37,1,18
2,11,28.0,123,3,13,0,10,22,0,18
2,11,28.0,123,3,19,0,0,26,3,18
2,11,30.0,170,1,6,2,6,89,1,19
2,11,30.0,170,1,3,0,15,31,1,19
2,9,22.0,92,4,3,1,2,71,4,26
2,7,7.0,94,4,5,0,13,38,2,11
2,7,7.0,94,4,20,0,1,35,2,11
2,7,7.0,94,4,1,2,14,131,3,11
2,7,12.0,238,1,16,0,8,41,0,28
2,7,12.0,238,1,12,1,9,10,4,28
2,0,7.0,9,6,19,0,8,27,1,11
2,0,12.0,198,4,2,1,13,48,4,28
2,0,13.0,5,5,5,0,5,6,3,25
2,0,13.0,5,5,14,2,2,69,0,25
2,0,13.0,5,5,1,0,7,20,3,25
2,0,22.0,237,3,13,0,12,80,3,26
0,7,14.0,125,1,23,1,4,138,2,5
2,7,11.0,181,0,22,0,10,22,1,9
2,0,12.0,198,4,4,2,1,105,0,28
2,1,17.0,82,6,18,1,15,39,4,6
2,1,17.0,82,6,18,1,13,28,0,6
2,1,17.0,82,6,21,1,11,98,4,6
2,0,12.0,198,4,19,1,16,139,4,28
2,0,12.0,198,4,1,2,4,121,0,28
2,0,12.0,198,4,23,1,14,32,4,28
2,0,13.0,5,5,10,1,10,22,0,25
2,0,13.0,5,5,21,1,10,12,0,25
2,0,13.0,5,5,2,0,10,23,1,25
2,0,12.0,198,4,15,0,12,61,0,28
2,0,22.0,237,3,16,0,0,77,1,26
2,0,22.0,237,3,0,0,2,2,4,26
2,0,22.0,237,3,11,1,12,56,4,26
2,0,22.0,237,3,11,0,12,84,3,26
2,0,22.0,237,3,13,0,0,85,2,26
2,0,22.0,237,3,19,0,14,25,0,26
2,0,27.0,249,5,17,2,13,123,3,15
2,0,27.0,249,5,10,1,11,15,0,15
2,0,27.0,249,5,7,1,1,81,0,15
2,0,27.0,249,5,4,2,12,61,3,15
2,1,17.0,82,6,2,1,14,88,4,6
2,1,17.0,82,6,13,0,12,135,2,6
2,1,17.0,82,6,14,1,9,102,4,6
2,1,17.0,82,6,18,1,13,28,0,6
2,11,5.0,240,5,7,3,8,19,0,24
2,11,5.0,240,5,23,1,2,35,4,24
2,11,5.0,240,5,19,1,3,103,4,24
2,11,5.0,240,5,4,2,5,6,0,24
2,11,12.0,118,5,1,0,11,133,1,28
2,11,9.0,311,1,6,0,14,126,4,12
2,11,1.0,222,0,4,0,9,93,1,7
2,9,11.0,52,3,22,1,9,54,1,9
2,7,10.0,197,3,2,0,16,50,2,4
2,7,28.0,268,4,11,0,9,95,2,18
2,5,11.0,327,6,11,1,15,85,4,9
2,5,25.0,37,6,2,2,0,26,3,13
2,6,10.0,355,0,9,1,3,103,2,4
2,6,18.0,291,1,19,1,14,32,1,0
2,1,10.0,111,6,14,2,3,70,1,4
2,8,19.0,319,4,16,1,13,69,1,10
2,6,19.0,215,2,15,0,16,37,1,10
2,6,19.0,215,2,2,0,5,6,3,10
2,6,25.0,348,1,17,0,13,69,1,13
2,6,25.0,348,1,0,0,4,103,3,13
2,6,27.0,309,4,23,0,2,35,1,15
2,6,27.0,309,4,12,0,8,118,1,15
2,6,27.0,309,4,20,0,11,15,1,15
2,6,28.0,335,5,6,2,1,105,0,18
2,6,28.0,335,5,22,1,0,26,2,18
2,6,28.0,335,5,12,0,4,138,1,18
2,6,28.0,335,5,9,0,10,22,0,18
2,10,29.0,157,0,0,0,4,45,1,16
2,10,29.0,157,0,9,0,8,41,1,16
2,10,29.0,157,0,8,1,9,102,4,16
2,1,11.0,353,3,22,1,9,101,4,9
2,1,11.0,353,3,5,0,10,22,1,9
2,1,18.0,29,3,8,0,0,26,0,0
2,1,18.0,29,3,12,0,5,6,3,0
2,11,21.0,192,3,22,2,0,77,1,21
2,11,21.0,192,3,8,0,2,86,1,21
2,11,21.0,192,3,8,0,13,38,2,21
2,11,21.0,192,3,5,1,1,105,4,21
2,11,28.0,123,3,13,0,0,31,0,18
2,11,28.0,123,3,4,0,7,129,1,18
2,11,28.0,123,3,8,0,11,15,2,18
2,11,28.0,123,3,19,2,6,7,3,18
2,11,28.0,123,3,18,0,6,7,1,18
2,1,17.0,82,6,3,1,12,104,4,6
2,11,5.0,240,5,14,0,5,6,0,24
2,11,5.0,240,5,10,1,2,86,1,24
2,11,5.0,240,5,4,0,1,59,1,24
2,11,9.0,311,1,18,1,1,1,0,12
2,11,9.0,311,1,13,0,2,71,4,12
2,6,19.0,215,2,6,0,5,12,3,10
2,6,19.0,215,2,17,0,8,41,1,10
2,6,19.0,215,2,7,0,13,29,4,10
2,6,19.0,215,2,8,0,13,69,1,10
2,6,19.0,215,2,8,0,1,35,1,10
2,6,19.0,215,2,14,0,9,87,3,10
2,6,25.0,348,1,21,0,14,34,3,13
2,6,25.0,348,1,15,0,0,15,1,13
2,6,25.0,348,1,11,1,3,30,2,13
2,6,25.0,348,1,1,0,4,66,3,13
2,6,25.0,348,1,18,2,11,15,1,13
2,6,27.0,309,4,0,0,9,54,1,15
2,6,27.0,309,4,18,0,1,35,3,15
2,6,28.0,335,5,0,1,14,32,0,18
2,6,28.0,335,5,11,0,0,77,3,18
2,6,28.0,335,5,4,0,15,39,3,18
2,6,28.0,335,5,19,0,5,12,0,18
2,6,25.0,348,1,0,1,10,47,0,13
2,6,25.0,348,1,19,0,6,7,2,13
2,6,25.0,348,1,1,0,14,97,4,13
2,6,27.0,309,4,6,1,5,6,0,15
2,6,19.0,215,2,17,1,14,25,0,10
2,6,27.0,309,4,10,1,3,115,4,15
2,6,27.0,309,4,20,1,0,77,1,15
2,6,27.0,309,4,9,0,13,48,4,15
2,6,28.0,335,5,6,0,10,12,1,18
2,6,27.0,309,4,14,1,11,133,4,15
0,10,1.0,208,6,17,0,3,30,1,7
2,6,19.0,215,2,15,0,16,74,1,10
2,6,28.0,335,5,18,1,1,67,4,18
2,10,29.0,157,0,19,0,10,12,3,16
2,10,29.0,157,0,8,0,10,47,3,16
2,1,11.0,353,3,11,0,5,6,0,9
2,1,11.0,353,3,10,0,1,1,4,9
2,1,26.0,262,0,14,2,2,13,3,3
2,1,26.0,262,0,5,2,12,80,3,3
2,8,18.0,280,2,19,2,3,103,3,0
2,8,20.0,46,5,3,0,1,11,4,29
2,8,20.0,46,5,14,0,8,118,1,29
2,8,20.0,46,5,1,0,10,22,3,29
2,11,26.0,364,5,11,0,16,42,2,3
2,7,11.0,181,0,1,0,2,92,0,9
2,8,20.0,46,5,14,3,6,116,4,29
2,6,28.0,335,5,15,1,13,38,1,18
2,6,28.0,335,5,11,0,11,15,2,18
2,10,29.0,157,0,20,0,10,22,0,16
2,10,29.0,157,0,19,0,3,115,3,16
2,10,29.0,157,0,14,0,6,89,4,16
2,10,29.0,157,0,4,0,4,75,1,16
2,10,29.0,157,0,18,0,8,41,1,16
2,1,11.0,353,3,6,0,2,40,4,9
2,1,11.0,353,3,19,0,0,53,4,9
2,1,11.0,353,3,13,1,1,1,4,9
2,1,11.0,353,3,14,0,9,134,4,9
2,1,11.0,353,3,19,0,13,28,3,9
2,1,18.0,29,3,16,1,15,85,0,0
2,1,18.0,29,3,5,1,3,44,4,0
2,1,18.0,29,3,18,0,9,95,4,0
2,1,18.0,29,3,9,0,0,31,1,0
2,1,26.0,262,0,6,0,13,123,4,3
2,1,26.0,262,0,16,1,13,38,0,3
2,1,26.0,262,0,21,1,5,64,1,3
2,1,26.0,262,0,16,0,0,12,3,3
2,1,26.0,262,0,13,0,2,86,4,3
2,5,26.0,328,3,0,1,14,25,0,3
2,7,11.0,181,0,10,1,3,30,1,9
2,6,11.0,162,1,16,0,12,84,0,9
2,6,12.0,317,2,7,1,14,34,0,28
2,6,12.0,317,2,8,0,16,72,4,28
2,6,12.0,317,2,2,1,15,31,4,28
2,6,12.0,317,2,14,0,11,18,0,28
2,6,19.0,215,2,11,0,16,72,3,10
2,6,19.0,215,2,7,1,7,122,4,10
2,6,19.0,215,2,7,0,0,96,0,10
2,6,19.0,215,2,17,1,1,11,4,10
2,6,19.0,215,2,17,0,5,12,3,10
2,6,19.0,215,2,9,0,4,136,3,10
2,6,19.0,215,2,4,3,7,20,4,10
2,6,25.0,348,1,12,0,16,37,4,13
2,6,25.0,348,1,2,0,10,47,3,13
2,2,27.0,257,2,19,0,15,39,1,15
2,2,27.0,257,2,8,0,14,25,0,15
2,0,12.0,198,4,8,2,6,89,2,28
2,0,12.0,198,4,19,0,3,30,0,28
2,0,12.0,198,4,13,1,12,104,2,28
2,0,12.0,198,4,1,1,14,88,4,28
2,0,12.0,198,4,1,1,13,48,4,28
2,6,19.0,215,2,18,0,5,0,2,10
2,6,25.0,348,1,21,2,10,47,3,13
2,6,25.0,348,1,4,0,15,39,1,13
2,6,25.0,348,1,4,1,10,47,1,13
2,6,27.0,309,4,2,0,16,139,1,15
2,6,28.0,335,5,5,1,12,56,4,18
2,6,28.0,335,5,2,2,10,52,3,18
2,3,19.0,105,5,15,0,16,72,2,10
2,3,19.0,105,5,1,0,9,134,2,10
2,5,25.0,37,6,19,0,6,7,1,13
2,5,25.0,37,6,12,1,9,57,0,13
2,10,17.0,246,2,10,0,2,13,2,6
2,1,12.0,207,0,2,0,9,9,2,28
2,10,27.0,216,6,17,1,13,48,1,15
2,8,2.0,363,0,5,0,13,38,2,22
2,11,16.0,225,1,13,1,0,26,2,2
2,8,27.0,224,5,2,1,10,22,1,15
2,0,21.0,241,6,15,2,16,130,3,21
2,10,1.0,358,0,14,0,2,13,1,7
2,6,28.0,335,5,2,0,12,56,3,18
2,10,29.0,157,0,13,0,3,76,0,16
2,1,11.0,353,3,19,0,5,6,0,9
2,1,18.0,29,3,11,0,0,26,2,0
2,1,11.0,353,3,20,0,2,86,1,9
2,1,26.0,262,0,3,0,16,74,1,3
2,1,26.0,262,0,19,0,9,95,1,3
2,8,18.0,280,2,5,0,16,108,0,0
2,8,18.0,280,2,2,0,13,28,1,0
2,8,18.0,280,2,2,0,9,95,4,0
2,8,18.0,280,2,12,0,1,1,2,0
2,8,20.0,46,5,3,2,0,68,2,29
2,8,20.0,46,5,8,0,7,62,3,29
2,8,20.0,46,5,8,1,10,23,1,29
2,8,20.0,46,5,19,0,16,50,1,29
2,8,20.0,46,5,9,1,11,18,0,29
2,8,21.0,354,6,6,1,7,57,0,21
2,8,21.0,354,6,22,0,10,22,2,21
2,8,21.0,354,6,8,0,13,38,2,21
2,8,21.0,354,6,14,0,3,30,3,21
2,8,21.0,354,6,18,0,9,102,2,21
2,8,21.0,354,6,9,0,16,50,1,21
2,4,4.0,235,5,22,0,0,53,3,30
2,4,4.0,235,5,21,2,8,9,1,30
2,4,4.0,235,5,6,1,13,99,4,30
2,4,4.0,235,5,14,0,2,13,0,30
2,4,10.0,121,4,8,1,13,21,1,4
2,4,13.0,345,3,0,1,9,101,4,25
2,4,13.0,345,3,20,3,13,28,0,25
2,4,13.0,345,3,22,1,4,45,2,25
2,4,13.0,345,3,22,1,4,82,1,25
2,4,13.0,345,3,3,1,12,80,4,25
2,4,13.0,345,3,12,1,3,79,4,25
2,4,13.0,345,3,9,0,4,136,4,25
2,4,19.0,115,6,6,0,13,38,4,10
2,4,19.0,115,6,2,0,14,34,2,10
2,4,19.0,115,6,18,0,2,2,1,10
2,2,2.0,282,6,10,0,2,40,4,22
2,2,2.0,282,6,8,0,11,55,2,22
2,2,2.0,282,6,1,0,2,3,2,22
2,2,2.0,282,6,1,2,5,6,3,22
2,2,2.0,282,6,9,0,3,79,1,22
2,2,2.0,282,6,14,1,9,83,4,22
2,2,3.0,254,3,7,1,10,23,0,27
2,2,2.0,282,6,15,1,0,85,0,22
2,2,2.0,282,6,14,1,13,38,0,22
2,2,3.0,254,3,4,0,11,18,1,27
2,2,3.0,254,3,23,1,9,58,4,27
2,2,27.0,257,2,11,1,13,38,4,15
2,2,27.0,257,2,8,0,13,48,4,15
2,0,12.0,198,4,19,0,1,11,2,28
2,2,2.0,282,6,5,3,5,6,0,22
2,2,2.0,282,6,12,0,13,13,1,22
2,2,2.0,282,6,8,0,4,82,3,22
2,2,2.0,282,6,11,1,15,112,4,22
2,2,2.0,282,6,14,2,9,54,3,22
2,2,3.0,254,3,8,0,1,11,2,27
2,2,3.0,254,3,12,0,7,122,2,27
2,2,3.0,254,3,3,0,11,18,0,27
2,6,15.0,38,6,20,1,7,20,1,1
2,2,3.0,254,3,14,2,12,80,1,27
2,2,3.0,254,3,1,0,12,56,1,27
2,2,27.0,257,2,5,0,1,59,1,15
2,2,27.0,257,2,13,0,1,35,4,15
2,2,27.0,257,2,13,1,13,99,4,15
2,0,12.0,198,4,5,0,10,22,1,28
2,8,21.0,354,6,12,0,5,6,0,21
2,8,21.0,354,6,14,0,1,1,4,21
2,8,21.0,354,6,1,0,1,35,1,21
0,2,1.0,16,2,17,0,2,2,4,7
2,11,27.0,322,6,8,0,8,19,1,15
2,8,18.0,280,2,6,0,9,101,2,0
2,8,18.0,280,2,15,3,9,10,4,0
2,4,4.0,235,5,17,0,16,42,1,30
2,4,10.0,121,4,17,1,2,3,0,4
2,4,10.0,121,4,21,1,0,64,0,4
2,4,10.0,121,4,22,0,5,6,2,4
2,4,10.0,121,4,19,2,12,17,3,4
2,4,13.0,345,3,3,0,10,47,0,25
2,4,13.0,345,3,19,0,7,62,3,25
2,7,31.0,180,3,22,1,14,25,0,20
2,7,31.0,180,3,23,0,13,21,4,20
2,5,7.0,199,1,18,0,0,12,0,11
2,6,24.0,39,0,9,3,11,15,3,14
2,6,14.0,49,5,22,0,6,128,3,5
2,1,25.0,248,3,18,1,9,83,4,13
2,11,20.0,340,6,8,0,6,89,2,29
2,11,20.0,340,6,14,2,6,89,3,29
2,11,20.0,340,6,13,0,4,127,2,29
2,7,31.0,180,3,18,2,7,120,1,20
2,7,21.0,211,4,18,0,4,70,3,21
2,3,7.0,148,3,4,2,7,57,0,11
2,3,6.0,289,6,9,0,5,6,0,23
2,3,6.0,289,6,17,1,13,99,1,23
2,7,31.0,180,3,5,3,10,23,0,20
2,5,7.0,199,1,2,1,3,30,4,11
0,2,23.0,230,4,13,3,6,7,0,17
2,6,8.0,236,6,17,1,9,10,4,8
2,6,8.0,236,6,4,0,14,25,1,8
2,11,1.0,222,0,23,3,14,25,0,7
2,7,10.0,197,3,17,1,13,99,4,4
2,3,16.0,54,1,1,0,16,50,1,2
2,3,19.0,105,5,19,2,9,93,3,10
0,4,1.0,144,3,17,0,2,86,1,7
2,3,16.0,54,1,9,0,0,31,1,2
2,3,16.0,54,1,2,1,0,64,1,2
2,3,19.0,105,5,13,1,9,95,4,10
2,4,13.0,345,3,8,2,8,33,3,25
2,4,13.0,345,3,20,1,12,80,4,25
2,4,19.0,115,6,3,0,15,46,3,10
2,4,19.0,115,6,2,1,14,125,1,10
2,2,2.0,282,6,16,0,10,47,1,22
2,2,2.0,282,6,15,1,5,6,1,22
2,2,2.0,282,6,19,2,7,62,3,22
2,2,2.0,282,6,8,0,4,82,3,22
2,2,2.0,282,6,23,1,7,31,4,22
2,2,2.0,282,6,13,0,15,114,2,22
2,2,3.0,254,3,23,0,3,30,2,27
2,2,3.0,254,3,15,0,5,64,3,27
2,2,3.0,254,3,8,0,15,96,3,27
2,2,3.0,254,3,14,0,0,64,3,27
2,2,3.0,254,3,14,2,11,15,3,27
2,2,3.0,254,3,18,0,8,27,1,27
2,2,3.0,254,3,18,0,0,64,3,27
2,2,3.0,254,3,9,2,9,93,3,27
2,2,27.0,257,2,6,0,6,116,4,15
2,2,27.0,257,2,6,0,5,6,0,15
2,2,27.0,257,2,0,0,4,66,1,15
2,2,27.0,257,2,15,0,2,2,3,15
2,2,27.0,257,2,13,0,16,50,4,15
2,5,29.0,294,2,11,2,10,22,3,16
2,8,17.0,75,1,11,0,11,18,0,6
2,11,13.0,312,6,8,0,9,93,1,25
2,11,20.0,340,6,3,1,16,74,1,29
2,11,20.0,340,6,22,1,10,47,1,29
2,8,16.0,74,0,4,2,12,61,0,2
2,2,1.0,143,5,8,0,8,118,2,7
2,4,31.0,16,4,4,0,14,24,2,20
2,4,31.0,16,4,5,0,0,15,4,20
2,4,31.0,16,4,5,1,9,54,4,20
2,2,26.0,136,1,19,0,2,2,1,3
2,0,9.0,129,0,3,1,5,6,0,12
2,5,12.0,184,3,11,2,1,67,4,28
2,5,17.0,195,5,20,0,10,6,0,6
2,5,17.0,195,5,3,0,15,31,3,6
2,5,17.0,195,5,9,0,0,77,3,6
2,5,17.0,195,5,2,0,10,52,1,6
2,5,26.0,328,3,17,0,0,12,1,3
2,5,26.0,328,3,7,1,0,12,0,3
2,5,26.0,328,3,20,1,14,34,4,3
2,5,26.0,328,3,1,0,15,85,0,3
2,6,11.0,162,1,4,0,6,7,4,9
2,6,12.0,317,2,17,0,7,129,3,28
2,6,12.0,317,2,6,0,6,116,0,28
2,6,12.0,317,2,12,0,11,15,2,28
2,6,12.0,317,2,19,0,14,126,3,28
2,3,20.0,338,6,4,0,4,45,1,29
0,2,1.0,16,2,11,3,5,0,2,7
2,11,6.0,252,6,11,0,15,39,2,23
2,3,20.0,338,6,2,0,13,28,3,29
2,3,27.0,187,6,5,0,5,6,0,15
2,3,27.0,187,6,9,0,16,39,4,15
2,5,1.0,307,2,16,0,0,64,0,7
2,5,1.0,307,2,13,0,2,2,2,7
2,5,1.0,307,2,4,0,2,2,1,7
2,3,17.0,165,2,11,1,6,89,1,6
2,5,9.0,155,4,8,2,6,7,0,12
2,5,12.0,184,3,17,0,15,114,3,28
2,5,12.0,184,3,16,0,11,18,1,28
2,5,12.0,184,3,21,1,16,37,0,28
2,5,12.0,184,3,20,1,13,48,4,28
2,5,17.0,195,5,21,2,8,9,0,6
2,5,17.0,195,5,8,1,1,35,4,6
2,5,26.0,328,3,16,0,15,31,0,3
2,5,26.0,328,3,21,0,3,115,2,3
2,5,26.0,328,3,2,0,10,43,1,3
2,6,11.0,162,1,12,0,2,2,1,9
2,6,12.0,317,2,21,1,6,14,0,28
2,6,11.0,162,1,18,1,9,57,1,9
2,7,7.0,94,4,2,0,9,27,2,11
2,6,12.0,317,2,11,1,0,53,4,28
2,5,9.0,155,4,2,0,3,44,3,12
2,5,9.0,155,4,15,0,13,38,2,12
2,5,9.0,155,4,1,0,5,0,2,12
2,5,12.0,184,3,4,0,4,5,1,28
2,5,17.0,195,5,15,0,5,64,3,6
2,5,17.0,195,5,15,0,1,84,2,6
2,5,17.0,195,5,3,2,10,12,3,6
2,5,26.0,328,3,22,0,9,54,1,3
2,5,26.0,328,3,3,0,9,57,1,3
2,5,26.0,328,3,13,1,13,99,1,3
2,5,26.0,328,3,18,0,9,109,4,3
2,6,11.0,162,1,19,0,2,13,1,9
2,6,11.0,162,1,4,2,14,106,3,9
2,6,11.0,162,1,4,2,13,29,3,9
2,6,11.0,162,1,22,1,16,50,4,9
2,6,12.0,317,2,17,3,4,75,0,28
2,6,12.0,317,2,14,0,14,131,3,28
2,6,19.0,215,2,17,0,0,12,3,10
2,7,15.0,40,5,8,3,9,101,2,1
2,11,24.0,194,2,16,0,0,31,1,14
2,7,17.0,154,3,22,0,16,37,0,6
2,3,9.0,4,1,18,1,1,67,1,12
2,3,26.0,361,5,15,0,4,45,0,3
2,6,26.0,116,2,5,1,14,126,4,3
0,0,23.0,237,6,17,0,5,12,1,17
2,9,3.0,217,6,22,0,2,69,2,27
2,9,15.0,226,4,2,0,4,75,0,1
2,11,4.0,275,4,19,0,12,84,1,30
1,4,1.0,144,6,17,1,3,115,1,7
2,11,21.0,192,3,4,3,7,137,4,21
0,5,10.0,155,2,5,0,3,115,2,4
2,3,13.0,33,6,8,0,13,28,0,25
2,5,21.0,163,1,12,0,2,71,4,21
2,6,23.0,31,3,17,1,0,31,2,17
2,6,24.0,39,0,13,1,0,12,0,14
2,9,12.0,177,0,2,1,9,10,4,28
2,7,5.0,93,1,14,0,8,27,1,24
2,6,19.0,215,2,0,2,5,12,3,10
4,4,3.0,279,3,13,2,16,130,3,27
4,6,22.0,185,1,2,0,2,69,3,26
4,4,3.0,279,3,4,0,8,9,0,27
4,2,2.0,143,1,18,0,2,35,3,22
4,5,29.0,24,6,1,2,4,121,1,16
4,6,22.0,185,1,18,0,0,64,1,26
4,6,23.0,84,2,17,0,2,2,1,17
4,2,15.0,130,0,12,1,10,43,1,1
4,5,31.0,196,0,13,0,15,31,2,20
4,10,12.0,333,0,17,0,13,13,0,28
4,10,12.0,333,0,18,0,0,77,1,28
4,10,13.0,346,1,0,0,0,12,3,25
2,10,21.0,314,3,17,0,8,27,1,21
4,5,20.0,214,4,1,2,11,124,4,29
4,5,23.0,168,3,10,1,16,130,0,17
4,5,23.0,168,3,5,0,1,11,4,17
5,6,28.0,309,3,17,0,14,25,4,18
4,4,16.0,25,6,17,0,7,111,4,2
4,3,21.0,338,2,19,1,5,0,0,21
4,3,22.0,166,4,19,0,10,12,1,26
4,6,13.0,317,3,13,0,14,32,3,25
4,1,24.0,64,1,19,0,2,69,0,14
4,6,1.0,158,1,18,0,9,57,1,7
4,4,11.0,121,0,9,0,3,44,4,9
4,6,4.0,159,5,15,0,15,37,0,30
4,6,20.0,215,3,15,1,9,101,0,29
4,6,7.0,169,0,13,0,4,75,1,11
4,6,15.0,49,1,14,0,14,125,2,1
4,4,16.0,25,6,15,1,6,7,0,2
4,2,8.0,258,0,18,0,14,24,1,8
4,6,15.0,49,1,2,0,16,72,3,1
4,6,15.0,49,1,14,0,2,86,1,1
4,6,20.0,215,3,21,1,4,121,0,29
4,6,15.0,49,1,3,2,7,57,0,1
4,6,20.0,215,3,13,0,14,25,1,29
4,6,29.0,335,1,0,0,1,11,1,16
4,6,29.0,335,1,2,0,11,98,3,16
4,6,29.0,335,1,4,0,10,30,0,16
4,10,19.0,117,0,8,0,4,82,3,10
4,10,27.0,302,1,5,3,1,105,3,15
4,3,1.0,180,4,13,0,9,102,2,7
4,4,26.0,80,1,9,3,1,16,0,3
4,4,1.0,144,5,5,3,15,96,4,7
4,2,19.0,137,5,12,0,11,15,2,10
4,4,26.0,80,1,9,0,12,61,1,3
4,6,8.0,59,1,13,1,6,7,0,8
4,6,27.0,116,3,22,1,3,44,4,15
4,9,1.0,126,0,17,0,4,121,1,7
4,10,24.0,261,6,9,1,8,9,0,14
4,8,9.0,124,4,5,0,1,16,0,12
4,4,1.0,144,5,9,1,2,86,0,7
4,5,1.0,109,6,17,0,8,41,4,7
4,3,27.0,361,1,1,1,3,44,1,15
4,7,1.0,98,0,17,0,13,21,1,7
4,7,8.0,94,0,19,1,3,44,0,8
4,3,9.0,44,5,19,0,8,9,1,12
4,4,11.0,121,0,17,3,9,54,1,9
4,2,26.0,3,5,18,0,2,92,3,3
4,10,1.0,208,4,9,0,3,115,1,7
4,5,1.0,109,6,16,0,0,64,4,7
4,6,19.0,291,6,6,1,10,47,1,10
4,1,29.0,112,3,9,1,0,26,4,16
4,4,6.0,176,2,8,1,9,83,4,23
4,4,22.0,152,5,18,2,8,27,3,26
4,4,30.0,139,6,12,0,13,13,1,19
4,10,12.0,333,0,18,3,6,7,0,28
4,10,13.0,346,1,1,2,8,19,3,25
4,10,13.0,346,1,16,1,0,64,0,25
4,10,20.0,223,1,16,0,3,30,3,29
4,10,20.0,223,1,4,0,6,91,3,29
4,10,21.0,341,2,8,0,16,37,4,21
4,10,29.0,318,4,13,0,13,28,1,16
4,10,29.0,318,4,2,0,16,74,0,16
4,10,29.0,318,4,12,0,8,19,3,16
4,10,30.0,157,5,16,0,3,76,1,19
4,10,30.0,157,5,19,0,2,86,1,19
4,1,15.0,1,3,0,0,14,24,1,1
4,1,15.0,1,3,15,2,16,37,4,1
4,1,15.0,1,3,8,0,6,73,1,1
4,1,29.0,112,3,6,0,4,45,3,16
4,10,6.0,242,1,15,1,9,10,0,23
4,10,14.0,174,2,17,0,9,101,3,5
4,1,5.0,219,4,13,0,9,27,0,24
4,1,5.0,219,4,9,0,2,92,1,24
4,1,14.0,183,6,2,0,10,47,3,5
4,1,14.0,183,6,12,2,8,19,3,5
4,1,14.0,183,6,18,0,8,33,1,5
4,1,21.0,45,6,23,0,0,77,2,21
4,1,21.0,45,6,14,0,4,45,3,21
4,1,23.0,69,0,17,0,10,23,3,17
4,1,23.0,69,0,19,0,10,23,1,17
4,5,29.0,24,6,13,2,6,89,3,16
4,4,19.0,142,1,23,0,14,32,1,10
4,10,31.0,135,6,14,0,2,86,1,20
4,4,19.0,142,1,19,1,9,87,4,10
4,5,31.0,196,0,18,1,9,63,2,20
4,2,9.0,21,1,13,2,14,25,2,12
4,2,8.0,258,0,14,0,4,79,2,8
4,5,11.0,326,1,19,0,3,44,3,9
5,0,16.0,11,2,10,0,13,36,3,2
4,6,5.0,342,6,13,0,11,94,0,24
4,6,13.0,317,3,2,0,13,29,1,25
4,6,24.0,31,4,5,3,8,19,0,14
4,6,14.0,173,0,5,0,8,118,3,5
0,8,1.0,66,5,17,0,16,113,1,7
4,6,12.0,162,6,22,3,14,107,3,28
4,2,10.0,28,2,6,0,15,39,0,4
4,1,31.0,305,1,6,0,10,23,1,20
4,3,30.0,304,5,13,3,11,55,4,19
4,3,2.0,120,5,1,0,12,84,1,22
4,3,18.0,165,3,12,1,10,52,4,0
4,3,18.0,165,3,16,1,11,133,2,0
4,1,16.0,2,0,19,0,14,24,1,2
4,6,7.0,169,0,8,0,10,52,2,11
4,2,8.0,258,0,15,1,9,57,1,8
4,5,28.0,259,5,0,0,10,47,3,18
4,5,28.0,259,5,11,1,2,3,4,18
4,5,28.0,259,5,12,2,3,115,3,18
4,6,3.0,99,4,6,1,1,67,4,27
4,6,3.0,99,4,15,0,13,99,3,27
4,6,3.0,99,4,19,0,2,86,3,27
4,6,3.0,99,4,13,1,15,114,1,27
4,6,3.0,99,4,17,1,13,36,0,27
4,6,7.0,169,0,5,0,8,65,1,11
4,6,7.0,169,0,19,1,8,27,4,11
4,6,13.0,317,3,20,0,10,47,0,25
4,6,13.0,317,3,0,1,14,34,0,25
4,6,20.0,215,3,21,0,3,30,4,29
4,5,20.0,214,4,15,0,2,86,1,29
4,6,29.0,335,1,15,1,5,64,0,16
4,6,29.0,335,1,4,0,7,78,4,16
4,10,6.0,242,1,21,0,0,12,3,23
4,10,6.0,242,1,5,1,0,0,1,23
4,10,6.0,242,1,3,2,0,64,0,23
4,10,14.0,174,2,18,0,14,25,1,5
4,10,14.0,174,2,2,1,0,26,1,5
4,10,31.0,135,6,14,0,12,84,3,20
4,1,5.0,219,4,10,0,8,27,0,24
4,4,29.0,313,5,22,2,8,9,1,16
4,4,29.0,313,5,9,1,7,62,1,16
4,4,31.0,67,3,19,0,6,91,1,20
4,4,31.0,67,3,8,1,11,58,1,20
4,2,5.0,127,5,16,1,4,121,2,24
4,2,5.0,127,5,3,0,12,80,0,24
4,2,5.0,127,5,1,2,2,2,3,24
4,4,4.0,178,0,12,0,11,15,2,30
4,4,7.0,133,4,1,0,16,72,4,11
4,4,29.0,313,5,15,0,0,68,0,16
4,2,7.0,153,3,17,0,3,115,1,11
4,2,8.0,258,0,16,0,0,68,1,8
4,2,8.0,258,0,21,0,11,18,1,8
4,2,7.0,153,3,19,1,9,87,0,11
4,2,7.0,153,3,3,0,2,86,2,11
4,2,8.0,258,0,22,0,5,6,2,8
4,4,31.0,67,3,23,0,12,17,2,20
4,2,8.0,258,0,9,2,9,10,3,8
5,10,27.0,302,0,1,3,0,12,0,15
5,1,27.0,262,4,19,1,13,38,0,15
5,4,12.0,134,0,3,2,5,6,0,28
5,8,12.0,284,6,11,1,5,6,1,28
5,4,22.0,152,4,14,0,6,7,1,26
5,2,2.0,143,0,19,0,13,28,4,22
5,2,14.0,231,6,19,1,0,85,1,5
5,2,28.0,257,6,18,0,13,28,2,18
5,8,13.0,189,3,11,0,15,51,2,25
5,2,3.0,282,1,17,3,10,47,1,27
4,11,30.0,170,6,1,1,4,45,0,19
5,0,21.0,287,0,5,1,3,115,1,21
5,0,21.0,287,0,2,1,10,43,0,21
5,0,31.0,290,4,1,2,6,132,3,20
5,0,31.0,290,4,13,3,13,21,1,20
5,6,1.0,158,0,17,0,3,115,4,7
5,0,11.0,10,5,13,3,12,80,0,9
5,3,3.0,182,5,12,3,14,126,1,27
5,5,26.0,37,1,13,0,8,33,4,3
5,6,1.0,158,0,4,1,0,77,1,7
5,9,28.0,315,6,5,0,0,64,4,18
4,2,11.0,297,4,19,0,12,80,0,9
4,2,18.0,7,4,21,1,7,62,0,0
4,2,18.0,7,4,23,1,11,55,0,0
4,2,27.0,136,6,2,0,6,89,1,15
4,6,2.0,352,2,12,1,10,43,1,22
4,2,28.0,257,3,6,0,12,56,0,18
4,2,27.0,136,6,9,1,9,93,4,15
4,2,27.0,136,6,20,1,11,55,4,15
4,2,29.0,140,0,15,3,6,116,1,16
4,2,29.0,140,0,8,0,0,0,3,16
4,8,10.0,71,5,23,1,5,6,0,4
4,8,19.0,280,3,4,0,8,118,1,10
4,8,25.0,86,6,17,0,13,29,1,13
4,8,25.0,86,6,20,0,9,95,2,13
4,8,26.0,278,3,15,0,8,27,2,3
4,8,26.0,278,3,22,0,0,12,3,3
4,8,28.0,224,1,8,0,14,88,1,18
4,4,2.0,141,6,14,0,8,9,1,22
4,4,3.0,279,3,13,3,5,6,0,27
4,2,8.0,258,0,18,0,9,10,1,8
4,3,11.0,337,3,22,0,10,43,1,9
4,2,10.0,28,2,22,2,8,118,3,4
4,10,31.0,135,6,4,0,2,2,1,20
5,0,3.0,334,4,17,0,11,98,1,27
4,6,14.0,173,0,23,0,10,22,3,5
4,2,16.0,220,1,21,1,16,39,0,2
4,1,5.0,219,4,11,0,9,57,3,24
4,3,11.0,337,3,2,0,11,55,1,9
4,5,5.0,96,2,7,0,14,25,0,24
4,6,21.0,193,0,1,0,4,82,1,21
4,2,10.0,28,2,21,1,1,105,0,4
4,2,16.0,220,1,4,0,4,121,1,2
4,5,30.0,294,3,3,1,11,18,1,19
4,1,5.0,219,4,20,3,5,6,0,24
4,3,19.0,138,0,1,0,11,18,3,10
4,5,5.0,96,2,20,1,14,25,0,24
4,5,3.0,161,0,14,1,1,35,4,27
4,5,4.0,114,1,10,1,0,53,0,30
4,2,11.0,297,4,21,1,10,52,0,9
4,5,29.0,24,6,8,0,1,59,3,16
4,6,30.0,145,2,16,0,13,28,0,19
4,3,21.0,338,2,13,0,11,15,0,21
4,5,5.0,96,2,4,0,8,41,4,24
4,3,21.0,338,2,12,0,8,9,3,21
4,0,3.0,334,5,12,2,7,20,3,27
4,6,30.0,145,2,3,3,0,77,0,19
4,2,11.0,297,4,7,0,9,102,3,9
4,5,3.0,161,0,19,1,16,108,0,27
4,5,31.0,196,0,16,0,0,53,3,20
4,5,11.0,326,1,0,0,0,12,3,9
4,3,21.0,338,2,19,0,12,80,1,21
4,0,20.0,172,0,22,0,8,9,4,29
4,6,30.0,145,2,4,0,10,47,3,19
4,2,11.0,297,4,8,0,6,73,1,9
4,5,22.0,163,6,8,2,2,2,3,26
4,5,31.0,196,0,15,1,1,35,4,20
4,5,11.0,326,1,7,1,2,86,0,9
4,5,11.0,326,1,1,2,8,27,3,9
4,5,13.0,184,4,6,0,6,14,1,25
4,5,13.0,184,4,2,0,12,17,1,25
4,5,20.0,214,4,3,0,5,6,3,29
4,5,23.0,168,3,19,0,0,26,0,17
4,5,28.0,259,5,16,0,5,6,2,18
4,5,23.0,168,3,1,0,10,47,2,17
4,6,3.0,99,4,21,1,6,7,0,27
4,6,3.0,99,4,20,2,2,86,0,27
4,5,23.0,168,3,11,0,1,105,2,17
4,5,28.0,259,5,13,1,5,64,1,18
4,6,3.0,99,4,4,0,0,64,0,27
4,6,4.0,159,5,16,0,10,12,1,30
4,6,3.0,99,4,1,0,3,30,0,27
4,6,7.0,169,0,4,0,16,108,3,11
4,6,12.0,162,6,16,0,7,120,4,28
4,6,12.0,162,6,5,0,2,69,1,28
4,6,12.0,162,6,3,1,10,22,1,28
4,6,13.0,317,3,17,1,13,48,0,25
4,5,20.0,214,4,6,0,13,69,4,29
4,5,20.0,214,4,10,0,5,64,2,29
4,5,20.0,214,4,2,0,10,22,1,29
5,11,18.0,332,3,12,0,14,24,2,0
5,9,25.0,344,2,15,0,13,13,0,13
5,7,1.0,98,3,9,0,5,12,1,7
5,2,29.0,140,3,2,3,1,11,3,16
5,4,10.0,79,6,9,3,11,10,1,4
5,0,12.0,113,6,16,1,9,63,1,28
5,4,22.0,152,4,17,0,6,128,1,26
5,0,29.0,191,1,2,0,4,79,0,16
5,0,31.0,290,4,2,1,0,77,0,20
4,7,19.0,330,5,11,0,6,89,1,10
5,4,21.0,339,2,19,3,10,22,1,21
5,0,12.0,113,6,0,0,14,25,4,28
5,0,12.0,113,6,2,1,0,64,1,28
5,0,12.0,113,6,20,0,12,61,2,28
5,0,29.0,191,1,15,0,0,64,3,16
5,1,1.0,203,6,9,0,2,69,1,7
5,5,18.0,195,0,13,0,9,10,4,0
5,6,21.0,193,3,13,0,14,24,4,21
5,10,1.0,208,2,1,1,5,6,1,7
5,6,1.0,158,0,11,0,2,86,1,7
4,5,23.0,168,3,16,1,13,29,0,17
4,5,28.0,259,5,13,0,8,118,3,18
4,5,28.0,259,5,13,0,10,22,2,18
4,5,28.0,259,5,3,0,8,19,4,18
4,5,28.0,259,5,18,1,8,19,0,18
4,5,11.0,326,1,15,0,11,15,2,9
4,6,3.0,99,4,1,0,2,2,0,27
4,6,3.0,99,4,8,0,10,47,2,27
4,6,4.0,159,5,16,1,2,2,0,30
4,6,13.0,317,3,21,1,13,48,0,25
4,6,12.0,162,6,11,1,11,18,1,28
4,6,13.0,317,3,15,0,5,6,2,25
4,6,13.0,317,3,19,0,10,22,1,25
4,0,7.0,15,1,13,0,10,22,0,11
4,6,15.0,49,1,0,2,5,12,0,1
4,6,15.0,49,1,5,0,0,26,3,1
4,6,20.0,215,3,17,2,2,40,3,29
4,6,20.0,215,3,11,0,16,74,1,29
4,8,2.0,77,4,12,1,3,79,4,22
4,7,18.0,154,4,14,0,12,61,4,0
4,6,1.0,158,1,17,0,8,27,1,7
4,4,28.0,218,4,19,3,5,12,0,18
4,2,4.0,254,4,20,1,13,13,4,30
5,0,8.0,9,1,23,0,9,54,2,8
5,0,24.0,55,4,18,1,9,134,4,14
5,2,15.0,130,3,8,0,9,95,3,1
5,4,1.0,144,4,8,0,11,94,2,7
4,11,6.0,252,2,1,0,13,28,2,23
4,11,14.0,147,4,2,0,11,18,3,5
4,11,14.0,147,4,16,0,0,12,3,5
4,9,9.0,320,1,18,0,10,12,1,12
4,11,18.0,332,0,9,1,10,52,1,0
4,7,15.0,205,0,9,1,3,115,2,1
4,3,18.0,165,3,8,3,15,51,0,0
4,5,7.0,349,5,19,0,5,12,2,11
4,5,22.0,163,6,14,0,1,11,3,26
4,6,15.0,49,1,4,0,15,51,1,1
4,0,21.0,287,1,14,0,14,34,1,21
4,1,5.0,219,4,21,0,16,50,3,24
4,2,22.0,209,0,2,0,4,138,2,26
4,10,7.0,243,2,14,0,13,21,1,11
4,5,1.0,109,6,18,0,0,68,1,7
4,5,22.0,163,6,15,2,8,27,2,26
4,3,21.0,338,2,21,0,1,35,4,21
4,0,8.0,9,2,3,0,3,44,3,8
4,6,20.0,215,3,4,0,13,48,1,29
4,5,29.0,24,6,21,2,10,47,3,16
4,4,12.0,134,1,19,1,0,77,1,28
4,1,14.0,183,6,18,0,16,37,4,5
4,3,23.0,57,5,11,0,0,53,3,17
4,1,30.0,100,0,1,3,13,36,4,19
4,6,29.0,335,1,10,0,16,113,1,16
4,5,29.0,24,6,3,0,15,31,1,16
4,4,19.0,142,1,23,2,5,12,2,10
4,3,22.0,166,4,19,0,0,12,0,26
4,1,21.0,45,6,5,0,5,6,2,21
4,3,28.0,187,2,7,1,5,6,0,18
4,10,7.0,243,2,6,0,2,2,4,11
4,10,6.0,242,1,6,0,4,121,4,23
4,10,14.0,174,2,17,0,15,31,0,5
4,10,14.0,174,2,22,0,8,27,2,5
4,5,23.0,168,3,23,3,11,15,3,17
4,6,20.0,215,3,9,0,13,38,4,29
4,3,3.0,182,6,11,1,6,116,1,27
4,3,3.0,182,6,14,0,9,27,3,27
4,3,3.0,182,6,4,0,16,113,1,27
4,3,5.0,324,0,17,0,0,53,1,24
4,3,11.0,337,3,22,1,1,59,4,9
4,3,11.0,337,3,1,0,6,91,4,9
4,3,11.0,337,3,10,1,5,12,0,9
4,3,12.0,104,0,20,1,14,25,1,28
4,3,19.0,138,0,2,0,5,6,0,10
4,3,21.0,338,2,21,2,2,123,0,21
4,3,21.0,338,2,18,0,10,22,1,21
4,3,22.0,166,4,5,1,7,57,1,26
4,3,22.0,166,4,2,1,15,112,4,26
4,3,22.0,166,4,19,0,12,84,1,26
4,6,3.0,99,4,17,0,13,99,1,27
4,1,5.0,219,4,5,3,11,55,4,24
4,1,31.0,305,1,13,1,0,0,4,20
5,2,4.0,254,2,17,0,9,58,4,30
4,7,30.0,42,1,12,1,13,48,4,19
4,4,16.0,25,6,18,2,13,38,0,2
4,3,5.0,324,0,14,1,0,12,1,24
4,6,7.0,169,0,8,0,1,11,1,11
4,2,8.0,258,0,14,1,11,55,4,8
4,2,8.0,258,0,9,0,14,32,0,8
4,3,22.0,166,4,5,1,0,77,1,26
4,5,5.0,96,2,21,1,7,129,4,24
4,5,5.0,96,2,7,0,0,68,2,24
4,5,5.0,96,2,2,0,1,11,3,24
4,5,5.0,96,2,18,0,0,77,3,24
4,5,11.0,326,1,7,0,8,9,2,9
4,5,13.0,184,4,16,1,2,123,0,25
4,5,13.0,184,4,18,0,7,62,3,25
4,5,23.0,168,3,9,0,10,22,1,17
4,5,28.0,259,5,10,1,5,6,0,18
4,5,28.0,259,5,22,0,0,0,1,18
4,6,4.0,159,5,11,0,10,22,1,30
1,11,1.0,222,6,13,0,15,114,4,7
4,6,7.0,169,0,16,0,0,12,1,11
4,6,7.0,169,0,5,2,8,33,3,11
4,6,15.0,49,1,19,2,6,73,4,1
4,6,20.0,215,3,14,0,9,93,3,29
4,10,6.0,242,1,11,0,13,13,1,23
4,10,6.0,242,1,11,2,9,57,1,23
4,10,6.0,242,1,8,0,1,11,4,23
4,10,6.0,242,1,1,0,13,48,3,23
4,10,14.0,174,2,0,1,0,26,0,5
3,6,10.0,149,1,17,0,0,85,1,4
4,10,31.0,135,6,12,0,9,63,1,20
4,5,11.0,326,1,6,0,10,47,3,9
4,5,20.0,214,4,6,0,16,37,4,29
4,5,20.0,214,4,23,0,5,6,3,29
4,5,20.0,214,4,16,0,1,11,1,29
4,5,20.0,214,4,1,0,8,9,1,29
4,5,23.0,168,3,12,0,14,88,2,17
4,5,28.0,259,5,11,0,0,12,1,18
4,6,3.0,99,4,11,0,10,22,3,27
4,6,3.0,99,4,22,0,10,47,1,27
4,6,3.0,99,4,16,0,9,102,3,27
4,6,4.0,159,5,22,0,16,130,2,30
4,6,4.0,159,5,4,0,7,20,2,30
4,6,7.0,169,0,17,0,4,138,1,11
4,6,7.0,169,0,6,0,10,12,2,11
4,6,7.0,169,0,22,1,1,67,4,11
4,6,12.0,162,6,4,0,3,115,1,28
4,6,12.0,162,6,4,0,6,89,1,28
4,6,12.0,162,6,1,0,2,40,1,28
4,6,13.0,317,3,6,0,2,40,3,25
4,6,12.0,162,6,19,0,15,31,4,28
4,4,19.0,142,1,19,0,14,24,2,10
4,5,4.0,114,1,2,1,4,75,1,30
4,1,29.0,112,3,10,0,0,26,0,16
4,10,7.0,243,2,22,0,1,35,3,11
4,1,21.0,45,6,14,0,8,118,1,21
4,4,19.0,142,1,4,2,1,16,3,10
4,1,15.0,1,3,20,0,6,89,1,1
3,2,1.0,16,6,19,0,12,135,1,7
4,10,7.0,243,2,22,0,5,12,1,11
4,1,21.0,45,6,1,0,13,48,0,21
4,1,24.0,64,1,16,1,15,46,1,14
4,1,24.0,64,1,15,1,9,87,4,14
4,1,21.0,45,6,9,1,4,4,1,21
4,1,31.0,305,1,13,0,10,43,1,20
4,1,31.0,305,1,12,0,9,10,4,20
4,8,5.0,101,3,12,0,1,11,1,24
4,8,5.0,101,3,18,0,7,62,1,24
4,10,6.0,242,1,9,2,10,47,3,23
4,10,6.0,242,1,16,0,9,102,0,23
4,0,1.0,8,2,14,1,3,30,2,7
4,8,12.0,284,3,4,0,9,93,1,28
4,6,27.0,116,3,6,1,10,47,1,15
4,10,10.0,245,6,1,0,13,38,1,4
4,10,19.0,117,0,9,1,2,92,0,10
4,4,26.0,80,1,12,3,13,38,3,3
4,4,1.0,144,5,16,0,4,75,1,7
4,1,20.0,151,5,17,0,14,34,2,29
4,4,1.0,144,5,6,0,6,14,4,7
4,2,19.0,137,5,12,1,4,5,4,10
4,4,19.0,142,1,18,3,10,47,3,10
4,5,9.0,206,3,13,0,4,4,1,12
4,4,19.0,142,1,18,0,9,27,3,10
4,4,26.0,80,1,11,1,3,44,1,3
4,5,27.0,328,4,13,0,5,6,2,15
4,11,1.0,222,5,17,0,10,47,2,7
4,1,17.0,63,1,7,0,0,15,2,6
4,1,20.0,151,5,4,0,1,59,4,29
4,8,3.0,363,5,23,0,8,41,1,27
4,6,27.0,116,3,14,3,6,7,0,15
4,6,27.0,116,3,11,1,9,54,1,15
4,10,19.0,117,0,14,1,11,8,4,10
4,4,10.0,79,3,6,0,10,47,1,4
4,4,10.0,79,3,11,1,8,41,1,4
4,4,10.0,79,3,11,0,1,59,4,4
4,4,10.0,79,3,8,0,13,38,2,4
4,4,18.0,26,0,16,0,11,94,1,0
4,4,18.0,26,0,4,0,2,92,1,0
4,6,11.0,355,5,9,0,16,139,2,9
4,4,20.0,115,2,22,0,2,92,0,29
4,4,25.0,20,0,15,0,8,33,2,13
4,4,25.0,20,0,6,0,14,25,0,13
4,4,25.0,20,0,19,1,9,10,4,13
4,8,25.0,86,6,5,2,7,57,0,13
4,8,25.0,86,6,9,0,13,38,3,13
4,8,26.0,278,3,7,1,13,21,0,3
4,8,25.0,86,6,13,1,9,10,4,13
4,8,25.0,86,6,19,1,4,138,4,13
4,8,26.0,278,3,2,0,8,41,1,3
4,8,28.0,224,1,22,1,1,11,4,18
4,4,2.0,141,6,16,0,10,47,3,22
4,3,26.0,343,0,14,0,12,135,1,3
4,8,5.0,101,3,4,0,2,40,3,24
4,8,7.0,70,1,10,1,10,47,0,11
4,8,7.0,70,1,14,0,7,78,4,11
4,8,13.0,189,0,17,1,9,109,0,25
4,8,13.0,189,0,16,0,10,22,0,25
4,1,31.0,305,1,19,0,4,79,0,20
4,1,31.0,305,1,18,1,8,9,4,20
4,1,31.0,305,1,3,0,5,6,3,20
4,8,4.0,299,6,0,0,1,35,3,30
4,8,4.0,299,6,7,1,3,44,0,30
4,8,4.0,299,6,2,2,12,104,3,30
4,8,5.0,101,3,17,0,9,54,3,24
4,8,4.0,299,6,18,0,16,37,3,30
4,8,5.0,101,3,20,2,1,81,3,24
4,8,7.0,70,1,23,0,10,12,1,11
4,8,7.0,70,1,5,1,5,6,0,11
4,8,7.0,70,1,1,0,13,48,0,11
4,8,7.0,70,1,14,0,13,48,3,11
4,4,1.0,144,5,19,0,0,15,0,7
4,1,29.0,112,3,1,0,1,67,3,16
4,10,7.0,243,2,4,0,8,41,2,11
4,1,30.0,100,0,16,0,0,12,3,19
4,10,7.0,243,2,9,0,11,117,3,11
4,0,1.0,8,2,0,1,14,34,4,7
4,0,1.0,8,2,4,1,16,74,1,7
4,5,22.0,163,6,11,0,0,53,2,26
4,10,13.0,346,1,4,0,0,96,1,25
4,6,21.0,193,0,17,0,6,7,4,21
4,0,28.0,249,1,1,2,8,27,4,18
4,5,29.0,24,6,23,0,13,38,3,16
4,1,30.0,100,0,15,1,12,84,1,19
4,5,30.0,294,3,6,0,16,37,4,19
4,10,12.0,333,0,1,1,0,31,0,28
4,1,30.0,100,0,2,0,1,11,3,19
4,8,29.0,301,2,8,0,1,11,2,16
4,5,29.0,24,6,8,0,11,15,2,16
4,0,29.0,191,2,1,0,2,13,3,16
4,10,20.0,223,1,17,2,0,53,0,29
4,8,22.0,354,2,6,0,0,12,0,26
4,4,6.0,176,2,18,1,5,6,1,23
4,7,20.0,266,6,13,3,14,25,4,29
4,10,7.0,243,2,1,0,13,48,1,11
4,1,15.0,1,3,13,1,0,12,1,1
4,10,7.0,243,2,4,0,3,44,3,11
4,10,20.0,223,1,3,0,0,12,0,29
4,10,20.0,223,1,19,3,5,64,0,29
4,10,20.0,223,1,1,0,11,58,3,29
4,10,21.0,341,2,16,0,10,23,3,21
4,10,22.0,314,4,3,0,4,82,1,26
4,10,22.0,314,4,8,0,8,9,2,26
4,10,29.0,318,4,9,0,9,101,1,16
4,10,29.0,318,4,18,0,9,57,3,16
4,10,30.0,157,5,16,0,0,68,0,19
4,10,30.0,157,5,10,1,14,25,1,19
4,10,29.0,318,4,23,1,15,77,0,16
4,10,29.0,318,4,8,0,8,27,3,16
4,1,15.0,1,3,0,1,10,47,1,1
0,11,1.0,222,3,17,0,8,41,1,7
4,4,30.0,139,6,2,1,15,114,1,19
4,1,15.0,1,3,3,0,10,47,1,1
4,5,29.0,24,6,19,0,16,108,4,16
4,5,30.0,294,3,15,0,5,6,2,19
4,5,30.0,294,3,8,2,1,16,3,19
4,5,31.0,196,0,0,0,6,73,1,20
4,4,7.0,133,4,0,1,10,47,0,11
4,4,7.0,133,4,2,1,6,116,4,11
4,4,7.0,133,4,1,2,14,24,0,11
4,4,16.0,25,6,22,0,16,130,2,2
4,4,16.0,25,6,5,0,3,115,2,2
4,4,16.0,25,6,5,0,5,6,0,2
4,4,23.0,30,6,6,0,9,63,2,17
4,4,29.0,313,5,15,1,0,31,4,16
5,8,11.0,306,5,19,0,2,2,4,9
4,3,30.0,304,5,22,0,13,38,1,19
4,3,30.0,304,5,3,0,15,51,2,19
4,3,30.0,304,5,15,0,16,42,3,19
4,5,11.0,326,1,23,2,8,9,1,9
4,5,11.0,326,1,14,0,6,132,1,9
4,5,13.0,184,4,17,0,13,21,1,25
4,5,13.0,184,4,15,0,10,47,0,25
4,5,13.0,184,4,4,0,0,77,1,25
4,5,13.0,184,4,7,1,7,20,0,25
4,5,13.0,184,4,12,0,4,121,1,25
4,5,13.0,184,4,1,0,10,22,3,25
4,5,20.0,214,4,0,0,16,74,4,29
4,5,20.0,214,4,0,0,11,18,0,29
4,8,27.0,78,0,4,3,10,12,1,15
0,10,1.0,208,6,17,0,14,131,1,7
5,1,15.0,1,6,20,3,15,31,1,1
3,11,1.0,222,2,19,0,9,49,0,7
5,0,16.0,11,2,19,0,1,81,4,2
5,0,16.0,11,2,17,3,10,30,3,2
5,0,24.0,55,4,12,1,0,53,0,14
5,0,8.0,9,1,22,3,11,15,2,8
4,6,1.0,158,1,9,0,9,57,4,7
4,6,24.0,31,4,8,1,9,49,1,14
4,9,15.0,226,0,8,1,11,133,4,1
4,6,1.0,158,1,8,0,6,91,1,7
4,1,3.0,188,1,4,0,11,133,0,27
4,1,9.0,50,0,1,1,8,9,0,12
4,1,11.0,111,2,15,0,10,22,3,9
5,4,1.0,144,4,17,0,13,123,4,7
4,3,18.0,165,3,1,3,5,6,0,0
4,4,9.0,18,6,9,0,5,12,0,12
4,6,1.0,158,1,13,0,9,93,4,7
4,9,15.0,226,0,2,0,9,49,1,1
4,5,18.0,195,1,8,0,6,7,2,0
4,4,9.0,18,6,2,1,0,53,4,12
3,4,13.0,221,0,15,0,4,127,4,25
4,8,2.0,77,4,18,1,11,133,0,22
4,5,31.0,196,0,11,1,1,1,4,20
4,5,29.0,24,6,14,0,10,22,1,16
4,6,5.0,342,6,12,0,4,5,1,24
4,6,14.0,173,0,23,0,0,26,4,5
4,6,14.0,173,0,8,0,13,28,1,5
4,6,21.0,193,0,14,0,15,112,1,21
4,6,21.0,193,0,14,0,13,36,1,21
4,2,15.0,130,0,4,0,13,48,0,1
4,10,12.0,333,0,3,0,2,86,1,28
4,8,4.0,299,6,4,0,6,89,3,30
4,3,28.0,187,2,15,0,6,7,3,18
4,10,12.0,333,0,18,0,0,26,3,28
4,10,13.0,346,1,23,0,7,20,1,25
4,8,22.0,354,2,10,0,10,43,3,26
4,8,22.0,354,2,10,1,12,56,1,26
4,10,13.0,346,1,3,0,10,22,2,25
4,8,29.0,301,2,15,0,13,29,0,16
4,10,13.0,346,1,15,0,5,6,0,25
4,4,6.0,176,2,6,2,5,6,3,23
4,10,13.0,346,1,3,0,6,116,3,25
4,4,6.0,176,2,15,0,13,38,4,23
4,10,12.0,333,0,20,1,10,23,1,28
4,2,21.0,108,3,6,1,11,124,0,21
4,2,21.0,108,3,7,0,0,64,2,21
4,2,21.0,108,3,21,1,5,12,0,21
4,2,21.0,108,3,21,1,15,31,0,21
4,2,21.0,108,3,5,0,9,54,1,21
4,2,21.0,108,3,11,1,13,29,0,21
4,2,21.0,108,3,14,0,16,72,1,21
4,2,21.0,108,3,6,1,16,42,1,21
4,2,22.0,209,0,6,1,7,20,0,26
4,2,22.0,209,0,16,0,1,105,4,26
4,2,21.0,108,3,19,0,11,122,1,21
4,2,22.0,209,0,15,0,10,47,0,26
4,11,24.0,194,3,16,0,4,75,1,14
4,11,1.0,222,5,17,0,7,111,1,7
4,9,1.0,126,0,23,0,12,135,4,7
4,10,1.0,208,4,17,0,6,14,4,7
4,8,17.0,74,5,17,0,10,47,2,6
4,7,26.0,316,5,13,1,10,12,1,3
4,6,29.0,335,1,22,3,0,31,0,16
4,5,3.0,161,0,8,1,9,49,1,27
4,2,22.0,209,0,12,0,13,48,0,26
4,2,24.0,22,2,0,0,7,111,4,14
4,2,24.0,22,2,3,1,9,10,4,14
4,2,24.0,22,2,17,0,9,57,0,14
4,2,25.0,233,4,17,0,2,2,4,13
4,2,25.0,233,4,8,0,9,109,3,13
4,2,21.0,108,3,8,1,11,124,1,21
4,2,25.0,233,4,0,1,14,32,4,13
4,2,21.0,108,3,22,1,0,26,0,21
4,0,6.0,260,0,16,0,16,74,0,23
4,0,6.0,260,0,14,0,2,86,2,23
4,5,31.0,196,0,2,1,2,2,2,20
4,5,29.0,24,6,9,1,9,87,0,16
4,6,28.0,309,0,17,3,15,46,4,18
4,6,23.0,84,2,7,1,11,98,0,17
4,6,23.0,84,2,14,0,3,115,1,17
4,6,23.0,84,2,14,0,2,2,2,17
4,6,28.0,309,0,17,0,1,59,4,18
4,6,28.0,309,0,13,1,5,6,1,18
4,6,28.0,309,0,18,2,5,64,3,18
4,6,28.0,309,0,9,0,14,34,3,18
4,6,30.0,145,2,12,0,12,17,3,19
4,8,13.0,189,0,16,0,0,68,3,25
4,8,14.0,296,1,0,1,8,19,0,5
4,8,13.0,189,0,12,1,2,13,0,25
4,8,30.0,103,4,6,2,10,22,3,19
4,6,29.0,335,1,2,1,2,13,1,16
4,8,30.0,103,4,18,0,11,15,1,19
4,4,4.0,178,0,15,0,10,47,3,30
4,4,7.0,133,4,16,0,0,64,3,11
4,4,16.0,25,6,21,1,10,43,0,2
4,4,16.0,25,6,4,0,8,41,4,2
4,8,13.0,189,0,11,0,5,64,3,25
4,8,13.0,189,0,19,0,5,6,3,25
4,8,14.0,296,1,17,1,4,45,4,5
4,8,13.0,189,0,21,1,5,64,0,25
4,8,14.0,296,1,13,3,11,117,0,5
4,8,13.0,189,0,5,0,8,27,1,25
4,8,14.0,296,1,13,0,8,19,0,5
4,4,4.0,178,0,17,1,15,119,0,30
4,4,4.0,178,0,10,2,0,31,0,30
4,4,4.0,178,0,1,0,1,67,4,30
4,4,16.0,25,6,14,0,9,95,1,2
4,4,29.0,313,5,15,0,10,23,1,16
4,4,29.0,313,5,2,2,0,64,0,16
4,5,2.0,307,3,2,1,0,31,1,22
4,5,4.0,114,1,2,0,13,48,4,30
4,5,22.0,163,6,5,0,16,113,3,26
4,5,22.0,163,6,16,1,11,124,0,26
4,5,29.0,24,6,21,1,9,95,0,16
4,2,30.0,131,1,17,3,9,101,3,19
4,5,30.0,294,3,16,0,16,42,1,19
4,5,30.0,294,3,11,0,0,64,1,19
4,1,5.0,219,4,3,1,2,123,4,24
5,7,18.0,154,2,3,3,0,26,0,0
4,1,5.0,219,4,14,0,2,2,1,24
5,3,3.0,182,5,12,0,5,6,2,27
4,1,21.0,45,6,2,2,6,89,3,21
5,10,27.0,302,0,13,3,1,11,4,15
4,1,21.0,45,6,10,1,9,95,1,21
5,3,19.0,138,3,19,3,1,105,0,10
4,4,8.0,292,5,6,0,0,31,3,8
4,1,24.0,64,1,17,0,5,6,0,14
4,4,13.0,221,2,22,0,15,51,1,25
4,1,24.0,64,1,16,0,10,12,1,14
4,1,31.0,305,1,22,0,2,2,1,20
4,1,31.0,305,1,4,0,6,14,3,20
4,8,4.0,299,6,3,0,6,7,4,30
4,8,4.0,299,6,11,0,2,13,1,30
4,8,5.0,101,3,21,3,0,85,4,24
4,8,4.0,299,6,15,0,15,114,1,30
4,8,5.0,101,3,9,2,8,27,0,24
4,8,5.0,101,3,2,3,15,51,4,24
4,8,7.0,70,1,4,0,2,86,4,11
4,8,7.0,70,1,12,0,15,51,1,11
4,8,7.0,70,1,9,0,7,137,3,11
4,8,13.0,189,0,16,1,3,115,4,25
4,8,13.0,189,0,20,0,8,9,0,25
4,9,13.0,91,6,9,0,10,22,1,25
4,5,30.0,294,3,16,1,5,64,0,19
4,5,30.0,294,3,15,1,9,49,1,19
4,5,30.0,294,3,19,0,15,31,3,19
4,5,31.0,196,0,13,0,15,51,4,20
4,5,31.0,196,0,1,0,3,30,0,20
4,5,31.0,196,0,12,0,5,6,0,20
5,6,21.0,193,3,4,1,10,47,1,21
4,6,5.0,342,6,6,0,3,115,3,24
4,3,28.0,187,2,7,0,1,35,0,18
4,3,28.0,187,2,4,1,12,56,1,18
4,3,28.0,187,2,1,0,2,69,2,18
4,5,3.0,161,0,17,1,10,47,1,27
4,5,3.0,161,0,13,0,6,14,1,27
4,5,3.0,161,0,19,0,12,56,4,27
4,5,3.0,161,0,21,1,9,93,4,27
4,5,4.0,114,1,17,0,2,86,4,30
4,5,4.0,114,1,21,0,0,12,1,30
4,5,4.0,114,1,13,0,1,11,2,30
4,5,22.0,163,6,6,0,0,64,0,26
4,5,4.0,114,1,8,3,8,19,3,30
4,5,4.0,114,1,15,0,9,87,2,30
4,8,13.0,189,0,5,0,8,9,1,25
4,8,13.0,189,0,10,1,15,31,1,25
4,8,13.0,189,0,2,0,0,0,4,25
4,8,30.0,103,4,22,3,9,93,4,19
4,8,7.0,70,1,17,0,13,36,0,11
4,8,7.0,70,1,7,1,10,47,0,11
4,8,7.0,70,1,13,0,10,23,1,11
4,8,7.0,70,1,20,0,8,41,3,11
4,8,13.0,189,0,0,1,8,9,0,25
4,8,13.0,189,0,11,0,10,43,1,25
4,8,13.0,189,0,2,2,6,91,0,25
4,8,13.0,189,0,19,0,0,26,2,25
4,8,7.0,70,1,8,0,13,99,1,11
4,8,13.0,189,0,15,1,1,1,1,25
4,8,13.0,189,0,18,1,5,6,0,25
4,8,14.0,296,1,1,0,1,11,4,5
4,8,14.0,296,1,12,0,6,91,3,5
4,8,13.0,189,0,8,0,0,96,3,25
4,8,30.0,103,4,0,0,5,6,3,19
4,8,30.0,103,4,11,0,0,64,2,19
4,8,30.0,103,4,11,0,10,12,1,19
4,4,7.0,133,4,6,0,14,34,1,11
4,5,22.0,163,6,13,0,10,22,2,26
4,5,22.0,163,6,17,1,11,124,0,26
4,5,22.0,163,6,19,0,2,92,0,26
4,4,13.0,221,2,18,1,1,67,0,25
4,4,14.0,345,4,3,1,0,64,1,5
4,4,21.0,339,4,10,1,5,6,0,21
4,4,21.0,339,4,15,1,3,30,1,21
4,4,21.0,339,4,3,0,6,89,3,21
4,4,21.0,339,4,4,0,10,47,3,21
4,4,21.0,339,4,12,0,10,47,3,21
4,4,21.0,339,4,9,0,0,64,2,21
4,4,22.0,152,5,19,1,13,123,4,26
4,4,30.0,139,6,23,0,10,43,4,19
4,2,14.0,231,3,0,1,10,22,1,5
4,2,15.0,130,0,14,2,12,100,3,1
4,2,21.0,108,3,6,0,13,99,0,21
4,1,30.0,100,0,17,1,2,13,0,19
4,1,30.0,100,0,21,2,1,67,3,19
4,8,22.0,354,2,0,0,15,108,3,26
4,8,22.0,354,2,0,0,13,21,1,26
4,8,22.0,354,2,8,3,10,22,2,26
4,8,23.0,102,4,7,3,5,6,0,17
4,8,23.0,102,4,20,1,2,40,1,17
4,8,23.0,102,4,14,1,14,88,4,17
4,8,23.0,102,4,1,1,9,93,4,17
4,8,29.0,301,2,1,0,8,27,1,16
4,8,29.0,301,2,1,0,1,59,3,16
4,4,6.0,176,2,16,2,10,6,3,23
4,4,6.0,176,2,10,0,8,118,2,23
4,4,6.0,176,2,22,0,6,89,3,23
4,4,8.0,292,5,1,0,10,12,1,8
4,4,8.0,292,5,14,0,4,79,3,8
4,4,8.0,292,5,19,1,1,1,4,8
4,4,13.0,221,2,2,3,4,4,4,25
4,4,14.0,345,4,5,0,16,50,1,5
4,4,21.0,339,4,13,0,11,15,2,21
4,4,22.0,152,5,16,3,8,19,3,26
4,4,21.0,339,4,13,0,1,81,2,21
4,4,30.0,139,6,6,2,6,7,0,19
4,4,30.0,139,6,11,0,14,24,2,19
4,6,22.0,185,1,6,1,14,88,0,26
4,6,23.0,84,2,6,2,1,11,0,17
4,6,23.0,84,2,12,0,13,48,0,17
4,6,23.0,84,2,4,0,6,89,2,17
4,6,28.0,309,0,0,0,13,21,1,18
4,6,28.0,309,0,3,0,9,87,4,18
4,6,28.0,309,0,22,0,1,59,1,18
4,6,28.0,309,0,21,0,5,6,0,18
4,6,30.0,145,2,23,0,16,39,4,19
4,10,30.0,157,5,17,1,14,24,2,19
4,11,28.0,123,4,17,0,4,5,1,18
4,10,4.0,356,3,7,1,0,96,0,30
4,10,4.0,356,3,11,0,3,76,1,30
4,10,7.0,243,2,0,0,0,68,4,11
4,3,22.0,166,4,9,2,13,13,3,26
4,3,30.0,304,5,23,0,16,74,3,19
4,3,30.0,304,5,23,1,10,47,0,19
4,3,30.0,304,5,6,0,8,19,3,19
4,1,21.0,45,6,9,0,5,64,4,21
4,11,2.0,265,6,14,0,16,74,1,22
4,3,5.0,324,0,3,0,15,119,2,24
4,3,19.0,138,0,18,1,0,53,0,10
4,3,19.0,138,0,1,0,9,54,1,10
4,3,19.0,138,0,21,1,11,8,1,10
4,4,16.0,25,6,13,3,14,25,0,2
4,3,19.0,138,0,4,0,13,99,1,10
5,3,1.0,180,2,13,3,16,72,0,7
4,5,5.0,96,2,3,0,13,29,3,24
5,10,1.0,208,2,22,2,4,138,3,7
5,5,26.0,37,1,2,1,13,38,0,3
5,10,1.0,208,2,9,0,5,6,1,7
5,1,1.0,203,6,4,1,4,75,1,7
5,8,13.0,189,3,14,0,7,137,4,25
5,4,14.0,345,2,22,0,8,27,3,5
5,6,2.0,352,1,10,1,16,74,4,22
5,2,3.0,282,1,12,1,7,62,0,27
5,4,21.0,339,2,5,0,8,118,1,21
5,11,11.0,175,3,8,3,9,87,3,9
5,5,18.0,195,0,18,1,11,90,0,0
5,10,27.0,302,0,13,1,6,91,4,15
5,7,1.0,98,3,13,0,2,40,4,7
5,6,21.0,193,3,14,1,11,15,0,21
4,1,5.0,219,4,13,0,5,12,3,24
4,1,5.0,219,4,12,0,2,123,1,24
4,1,5.0,219,4,12,0,12,80,4,24
4,1,5.0,219,4,12,0,13,48,0,24
4,1,5.0,219,4,4,0,15,108,3,24
4,1,14.0,183,6,11,0,6,89,1,5
4,1,14.0,183,6,12,0,2,40,1,5
4,1,14.0,183,6,18,0,2,86,2,5
4,1,21.0,45,6,19,0,2,92,3,21
4,1,21.0,45,6,3,0,5,6,2,21
4,1,23.0,69,0,0,1,3,30,0,17
4,1,23.0,69,0,9,0,6,7,0,17
4,1,23.0,69,0,5,1,6,89,1,17
4,1,24.0,64,1,20,1,10,22,0,14
4,1,24.0,64,1,8,0,10,12,1,14
4,6,12.0,162,6,3,0,9,95,1,28
4,6,20.0,215,3,3,0,0,77,2,29
4,6,20.0,215,3,15,0,6,89,1,29
4,8,4.0,299,6,10,1,3,76,4,30
4,8,5.0,101,3,17,0,9,87,3,24
4,4,1.0,144,5,11,1,5,12,1,7
4,3,27.0,361,1,17,1,7,62,4,15
4,5,1.0,109,6,17,0,14,97,1,7
4,6,19.0,291,6,19,0,5,12,3,10
4,5,25.0,350,1,17,1,1,16,4,13
4,4,19.0,142,1,17,0,7,62,4,10
4,8,20.0,319,0,17,0,0,0,0,29
4,5,9.0,206,3,2,0,7,78,2,12
4,5,25.0,350,1,13,0,5,6,2,13
4,6,8.0,59,1,2,0,3,103,1,8
4,6,19.0,291,6,14,1,9,87,2,10
4,2,19.0,137,5,8,2,1,59,3,10
4,2,1.0,16,0,11,1,8,33,0,7
4,10,1.0,208,4,17,1,16,130,1,7
4,8,3.0,363,5,14,0,11,133,1,27
4,6,8.0,59,1,5,0,14,32,2,8
4,10,9.0,150,5,14,0,12,80,4,12
4,10,1.0,208,4,1,0,10,23,3,7
4,8,12.0,284,3,12,0,9,93,4,28
4,4,1.0,144,5,11,0,11,94,2,7
4,4,1.0,144,5,19,0,10,47,2,7
4,4,26.0,80,1,11,0,8,41,1,3
4,5,31.0,196,0,17,0,0,53,1,20
4,5,29.0,24,6,2,3,0,85,0,16
5,0,2.0,47,2,6,1,4,66,1,22
5,5,16.0,239,6,17,0,3,79,2,2
5,0,18.0,0,5,23,0,4,66,3,0
5,10,8.0,213,2,1,0,16,42,1,8
5,4,26.0,80,0,8,0,6,89,0,3
5,4,26.0,80,0,3,0,14,24,2,3
5,2,26.0,3,4,5,3,13,99,0,3
5,10,26.0,61,3,19,0,1,16,4,3
5,6,18.0,308,4,17,0,12,84,3,0
5,10,29.0,318,2,21,1,10,23,2,16
5,10,26.0,61,3,18,0,3,76,4,3
5,10,29.0,318,2,5,0,10,47,2,16
5,10,26.0,61,3,13,3,6,7,3,3
5,1,4.0,286,1,21,0,5,6,3,30
5,1,4.0,286,1,5,0,5,6,0,30
5,1,3.0,188,0,5,1,1,59,4,27
5,1,11.0,111,1,17,0,3,76,3,9
5,1,11.0,111,1,16,0,0,53,3,9
5,1,11.0,111,1,13,2,9,57,0,9
5,10,5.0,336,3,8,0,6,89,1,24
5,1,13.0,207,4,5,1,4,4,1,25
5,1,18.0,82,1,7,1,6,91,0,0
5,1,18.0,82,1,2,2,16,50,0,0
5,1,18.0,82,1,19,2,15,51,3,0
5,4,15.0,132,4,3,0,10,47,2,1
5,1,20.0,151,4,0,1,14,25,0,29
5,1,20.0,151,4,23,0,14,24,2,29
5,8,10.0,71,4,10,1,14,32,0,4
5,8,10.0,71,4,1,0,3,44,1,4
5,8,19.0,280,6,6,0,16,130,3,10
5,2,1.0,16,3,19,0,0,15,2,7
5,2,9.0,21,0,0,0,11,98,1,12
5,2,9.0,21,0,3,0,13,28,3,12
5,2,9.0,21,0,0,1,16,130,0,12
5,2,9.0,21,0,5,0,14,125,2,12
5,8,8.0,76,1,13,0,11,18,1,8
5,0,2.0,47,2,4,0,1,35,3,22
5,0,10.0,129,4,13,1,0,0,4,4
5,0,10.0,129,4,14,0,2,13,1,4
5,0,10.0,129,4,18,0,1,59,4,4
5,0,18.0,0,5,20,1,7,129,1,0
5,0,18.0,0,5,18,0,10,47,1,0
5,0,18.0,0,5,11,0,6,132,1,0
5,2,9.0,21,0,3,1,12,17,0,12
5,2,9.0,21,0,1,3,11,15,4,12
5,0,2.0,47,2,9,0,11,133,1,22
5,0,25.0,281,5,11,1,0,77,1,13
5,0,25.0,281,5,3,0,1,35,0,13
5,0,25.0,281,5,22,1,9,93,0,13
5,8,10.0,71,4,10,0,7,20,4,4
5,0,25.0,281,5,18,0,1,1,1,13
5,0,25.0,281,5,9,1,16,113,0,13
5,0,27.0,23,3,19,2,7,111,0,15
4,11,7.0,253,4,16,0,10,22,3,11
5,11,9.0,311,5,18,0,13,28,0,12
5,11,25.0,88,3,1,1,4,75,0,13
5,2,4.0,254,2,4,0,10,22,2,30
5,9,18.0,359,2,8,0,8,41,2,0
5,7,18.0,154,2,13,0,1,11,4,0
5,8,19.0,280,6,2,0,14,125,3,10
5,8,20.0,319,3,11,3,14,25,2,29
5,4,3.0,279,6,5,0,13,99,1,27
3,2,1.0,16,6,17,0,8,27,4,7
5,4,19.0,142,0,5,3,0,64,0,10
5,2,27.0,136,5,6,0,13,28,1,15
5,8,20.0,319,3,8,3,11,18,0,29
5,8,19.0,280,6,13,1,16,50,1,10
5,8,21.0,46,0,5,1,4,5,1,21
5,7,19.0,330,4,23,0,9,9,2,10
5,7,19.0,330,4,22,0,9,83,3,10
5,7,19.0,330,4,8,1,14,125,4,10
5,3,4.0,285,6,2,0,16,72,1,30
4,9,3.0,217,2,17,1,10,47,1,27
5,3,27.0,361,0,0,1,13,29,1,15
5,3,27.0,361,0,14,0,12,17,4,15
5,3,27.0,361,0,2,0,12,104,4,15
5,3,27.0,361,0,19,0,7,120,4,15
3,2,1.0,16,6,19,0,2,13,1,7
5,3,27.0,361,0,1,0,12,17,4,15
5,3,28.0,187,1,6,0,3,30,4,18
5,3,28.0,187,1,9,0,10,47,1,18
5,10,17.0,256,5,7,0,13,48,4,6
5,7,6.0,93,5,11,1,0,12,1,23
5,11,15.0,331,4,13,0,3,44,3,1
5,1,14.0,183,5,8,2,6,89,3,5
5,1,22.0,164,6,8,0,9,93,1,26
5,1,22.0,164,6,13,1,10,23,1,26
5,1,15.0,1,6,21,0,3,44,2,1
5,5,24.0,58,3,13,1,13,29,1,14
5,6,8.0,59,0,9,0,13,48,0,8
5,7,21.0,81,6,8,3,14,32,4,21
5,3,8.0,148,2,8,0,12,84,2,8
5,7,31.0,43,1,15,0,4,127,1,20
5,3,27.0,361,0,16,1,10,47,2,15
4,11,7.0,253,4,19,0,14,32,1,11
5,6,22.0,185,0,15,0,0,64,3,26
5,6,24.0,31,2,17,0,9,93,1,14
5,6,24.0,31,2,21,2,0,64,3,14
5,6,24.0,31,2,22,2,10,47,0,14
5,6,24.0,31,2,19,1,0,15,0,14
5,4,24.0,27,6,20,1,0,68,2,14
5,2,12.0,128,4,14,0,9,57,0,28
5,9,1.0,126,3,17,1,4,45,1,7
5,8,10.0,71,4,15,0,8,65,1,4
5,8,15.0,72,1,5,0,14,24,1,1
5,4,24.0,27,6,20,0,14,25,3,14
5,0,17.0,12,4,19,0,6,7,1,6
5,10,5.0,336,3,12,0,6,132,3,24
5,4,15.0,132,4,20,1,13,13,1,1
5,4,29.0,313,4,13,0,10,52,0,16
5,8,10.0,71,4,12,2,4,45,0,4
5,3,29.0,325,2,0,0,13,99,4,16
5,10,14.0,174,1,9,0,6,132,0,5
5,8,15.0,72,1,19,0,14,25,3,1
5,4,24.0,27,6,8,0,10,12,1,14
5,4,29.0,313,4,0,0,13,123,4,16
5,8,10.0,71,4,1,0,5,12,0,4
5,9,25.0,344,2,17,0,13,99,1,13
5,3,27.0,361,0,9,0,5,12,0,15
5,4,24.0,27,6,12,0,13,28,3,14
5,8,15.0,72,1,9,0,2,40,1,1
5,4,15.0,132,4,13,0,14,24,2,1
5,4,24.0,27,6,8,1,13,21,1,14
4,11,13.0,312,2,16,3,10,52,3,25
4,11,19.0,321,1,0,0,0,68,1,10
4,11,19.0,321,1,17,1,3,79,0,10
4,11,21.0,192,4,1,0,4,5,1,21
4,11,21.0,192,4,14,0,1,67,2,21
4,11,27.0,322,2,19,0,8,118,4,15
4,11,27.0,322,2,1,0,4,66,0,15
4,9,5.0,89,5,5,0,2,40,2,24
4,9,5.0,89,5,22,0,6,89,3,24
5,8,21.0,46,0,18,0,9,54,3,21
5,8,22.0,354,1,18,0,10,47,2,26
5,8,27.0,78,3,23,0,15,46,4,15
5,8,27.0,78,3,13,0,7,57,2,15
5,8,27.0,78,3,18,0,2,2,1,15
5,8,27.0,78,3,5,1,1,105,4,15
5,4,3.0,279,6,6,0,10,47,0,27
5,4,3.0,279,6,0,0,9,95,0,27
5,4,3.0,279,6,20,1,5,6,0,27
5,2,10.0,28,1,7,0,10,22,3,4
5,4,3.0,279,6,22,0,1,1,1,27
5,4,3.0,279,6,1,2,2,123,0,27
5,4,4.0,178,3,21,1,10,52,0,30
5,4,4.0,178,3,13,0,4,82,2,30
5,4,24.0,27,6,5,1,12,80,4,14
5,4,24.0,27,6,1,0,2,86,1,14
5,4,26.0,80,0,20,0,2,92,2,3
5,4,26.0,80,0,18,0,0,68,1,3
5,2,1.0,16,3,17,0,10,47,3,7
5,2,1.0,16,3,12,0,2,2,0,7
5,2,1.0,16,3,4,0,10,47,3,7
5,2,9.0,21,0,23,1,11,129,4,12
5,2,9.0,21,0,18,0,14,32,3,12
5,2,9.0,21,0,13,0,3,30,0,12
5,0,2.0,47,2,19,0,8,19,4,22
5,0,2.0,47,2,1,0,1,35,4,22
5,0,10.0,129,4,11,0,5,6,2,4
5,0,10.0,129,4,18,0,10,23,1,4
5,0,25.0,281,5,16,0,2,86,1,13
5,0,25.0,281,5,2,0,6,73,1,13
5,0,25.0,281,5,9,0,14,106,1,13
5,0,26.0,14,6,17,0,9,95,3,3
5,0,26.0,14,6,13,0,2,86,1,3
5,0,26.0,14,6,22,2,13,28,3,3
5,0,27.0,23,3,8,0,3,30,0,15
4,11,15.0,331,5,0,0,15,114,1,1
4,11,15.0,331,5,3,0,11,55,2,1
4,11,16.0,225,6,6,0,2,86,1,2
4,11,15.0,331,5,13,0,6,73,1,1
4,11,16.0,225,6,8,0,8,27,0,2
4,11,25.0,88,0,9,0,13,38,1,13
4,11,31.0,227,3,11,0,1,16,0,20
4,11,31.0,227,3,8,0,9,9,3,20
4,11,31.0,227,3,4,0,3,115,3,20
4,11,31.0,227,3,19,0,13,99,4,20
4,9,8.0,90,0,16,0,5,6,3,8
4,9,8.0,90,0,15,0,2,2,0,8
4,9,10.0,156,2,21,0,2,92,1,4
4,9,10.0,156,2,3,2,4,4,3,4
4,9,26.0,267,5,9,0,14,25,0,3
4,9,17.0,255,2,16,0,3,103,0,6
4,9,17.0,255,2,19,0,2,40,4,6
4,9,26.0,267,5,12,0,10,47,0,3
5,2,12.0,128,4,22,0,1,11,4,28
5,2,20.0,264,5,8,0,2,2,3,29
5,2,20.0,264,5,1,0,11,15,1,29
5,2,21.0,108,6,19,3,15,96,3,21
5,8,3.0,363,4,20,0,9,134,2,27
5,0,3.0,334,4,22,0,3,115,2,27
5,0,4.0,229,5,19,0,11,15,3,30
5,0,5.0,122,6,4,0,11,18,1,24
5,11,10.0,360,6,13,0,12,83,2,4
5,10,13.0,346,0,18,1,14,24,0,25
4,11,20.0,340,2,22,3,1,59,0,29
5,4,20.0,115,1,10,2,3,76,1,29
5,4,20.0,115,1,15,2,8,41,3,29
5,4,29.0,313,4,5,0,13,28,4,16
5,4,29.0,313,4,2,0,12,121,1,16
5,4,29.0,313,4,17,3,15,39,0,16
5,4,30.0,139,5,22,0,11,18,3,19
5,2,4.0,254,2,16,0,7,111,1,30
5,4,29.0,313,4,2,0,9,27,0,16
5,6,15.0,49,0,19,0,14,126,4,1
5,3,29.0,325,2,22,0,12,17,2,16
5,3,23.0,57,4,14,0,10,47,3,17
5,7,8.0,94,3,15,0,6,89,2,8
5,4,29.0,313,4,18,0,5,6,1,16
5,4,24.0,27,6,15,1,12,61,4,14
5,8,19.0,280,6,16,0,0,85,3,10
5,5,11.0,326,0,0,0,16,130,4,9
5,8,1.0,66,1,11,1,6,7,0,7
5,7,8.0,94,3,9,1,11,133,4,8
5,4,30.0,139,5,4,1,12,56,4,19
5,2,18.0,7,2,19,0,9,95,1,0
5,4,24.0,27,6,18,0,8,19,0,14
5,5,11.0,326,0,20,0,2,86,3,9
5,2,1.0,16,3,15,0,5,6,2,7
5,7,18.0,154,2,0,0,5,0,2,0
5,8,20.0,319,3,21,1,7,57,0,29
5,4,24.0,27,6,0,0,10,22,3,14
5,6,15.0,49,0,12,3,14,88,4,1
5,4,4.0,178,3,20,1,12,61,1,30
5,2,4.0,254,2,17,0,6,89,1,30
5,8,20.0,319,3,13,0,7,122,3,29
5,10,24.0,261,5,6,0,4,127,2,14
5,4,18.0,26,3,4,0,3,79,4,0
5,2,4.0,254,2,20,0,6,128,0,30
5,4,26.0,80,0,19,2,10,47,0,3
4,11,4.0,275,0,6,0,15,108,1,30
5,2,1.0,16,3,17,0,8,9,1,7
5,2,1.0,16,3,22,1,8,9,4,7
5,8,20.0,319,3,13,0,9,134,3,29
5,4,4.0,178,3,1,0,13,13,0,30
5,10,24.0,261,5,3,2,6,89,0,14
5,4,17.0,19,6,12,0,9,54,3,6
5,2,1.0,16,3,6,0,10,47,1,7
5,10,24.0,261,5,22,0,12,61,1,14
5,8,9.0,124,2,18,0,2,71,4,12
5,4,19.0,142,0,7,0,15,31,1,10
5,10,10.0,245,5,3,1,8,19,1,4
5,8,20.0,319,3,19,0,0,85,3,29
5,0,1.0,8,1,15,0,9,101,4,7
5,10,24.0,261,5,3,0,12,80,2,14
4,11,4.0,275,0,20,0,12,56,4,30
5,2,1.0,16,3,22,1,9,49,4,7
5,5,27.0,328,2,22,0,5,6,2,15
5,10,24.0,261,5,19,0,12,61,0,14
4,11,4.0,275,0,13,0,10,22,1,30
5,2,1.0,16,3,19,0,14,24,2,7
5,8,20.0,319,3,19,1,0,15,0,29
5,1,20.0,151,4,16,1,6,91,0,29
4,11,1.0,222,5,9,1,14,110,0,7
5,10,10.0,245,5,22,0,14,24,2,4
5,10,30.0,157,4,4,2,10,22,3,19
4,11,4.0,275,0,8,0,3,115,3,30
5,0,18.0,0,5,0,1,0,0,0,0
5,8,21.0,46,0,14,0,15,114,3,21
5,4,19.0,142,0,17,1,5,6,0,10
5,4,30.0,139,5,20,1,5,64,4,19
5,10,29.0,318,2,6,0,7,111,1,16
5,10,29.0,318,2,5,0,2,86,1,16
5,1,3.0,188,0,21,0,4,70,0,27
5,1,3.0,188,0,12,1,5,64,1,27
5,1,3.0,188,0,2,0,5,6,0,27
5,1,3.0,188,0,8,0,0,64,1,27
5,1,4.0,286,1,18,0,10,22,3,30
5,1,11.0,111,1,3,0,2,92,3,9
5,1,11.0,111,1,22,0,5,6,0,9
5,1,13.0,207,4,21,1,14,131,1,25
5,1,13.0,207,4,10,1,6,91,0,25
5,1,13.0,207,4,14,0,7,120,3,25
5,1,20.0,151,4,17,0,7,62,4,29
5,1,20.0,151,4,16,0,8,9,0,29
5,1,18.0,82,1,19,0,6,128,1,0
5,1,18.0,82,1,2,1,5,0,2,0
5,1,20.0,151,4,13,0,10,12,1,29
5,1,20.0,151,4,14,2,16,130,0,29
5,8,19.0,280,6,10,0,8,118,3,10
5,8,9.0,124,2,22,0,10,23,1,12
5,8,7.0,70,0,4,0,14,32,3,11
5,8,9.0,124,2,17,0,8,41,1,12
5,2,1.0,16,3,12,0,5,64,0,7
5,2,9.0,21,0,5,0,9,57,0,12
5,2,9.0,21,0,14,0,12,80,4,12
5,0,2.0,47,2,15,0,13,48,0,22
5,0,2.0,47,2,8,0,6,73,3,22
5,0,2.0,47,2,4,0,9,93,3,22
5,0,18.0,0,5,2,0,10,47,3,0
5,0,18.0,0,5,9,0,10,47,0,0
5,0,25.0,281,5,6,0,7,111,1,13
5,0,25.0,281,5,13,0,6,7,1,13
5,0,25.0,281,5,22,0,10,47,2,13
5,0,26.0,14,6,20,0,1,59,1,3
5,8,9.0,124,2,12,0,2,40,1,12
5,8,9.0,124,2,13,0,0,53,1,12
5,8,14.0,296,0,21,0,10,22,2,5
5,8,14.0,296,0,10,1,10,6,0,5
5,8,14.0,296,0,12,1,16,50,1,5
5,8,15.0,72,1,22,3,1,59,1,1
5,8,19.0,280,6,14,2,13,13,3,10
5,8,19.0,280,6,4,0,8,41,2,10
5,5,27.0,328,2,18,0,1,59,4,15
5,6,11.0,355,4,13,0,5,64,3,9
5,6,11.0,355,4,7,1,0,96,0,9
5,6,11.0,355,4,14,0,7,20,2,9
5,6,18.0,308,4,0,1,13,123,0,0
5,6,18.0,308,4,2,0,0,64,0,0
5,6,19.0,291,5,10,1,9,102,4,10
5,6,18.0,308,4,19,0,8,9,3,0
5,6,19.0,291,5,14,0,6,7,2,10
5,6,19.0,291,5,18,0,10,23,3,10
5,6,18.0,308,4,12,1,15,85,1,0
5,6,26.0,348,5,23,3,5,12,2,3
5,6,26.0,348,5,13,0,5,6,2,3
5,6,29.0,335,0,1,0,6,91,4,16
5,10,4.0,356,6,0,1,10,22,0,30
5,10,4.0,356,6,3,0,16,37,2,30
5,10,10.0,245,5,22,0,0,31,3,4
5,10,10.0,245,5,5,0,14,24,2,4
5,10,26.0,61,3,15,0,0,64,2,3
5,10,26.0,61,3,11,0,15,114,2,3
5,4,15.0,132,4,10,0,4,75,1,1
5,4,15.0,132,4,4,0,11,15,0,1
5,4,24.0,27,6,20,0,3,70,3,14
5,4,24.0,27,6,21,1,1,35,0,14
5,8,9.0,124,2,19,0,5,47,3,12
5,8,9.0,124,2,12,0,12,61,1,12
5,4,24.0,27,6,0,1,4,79,0,14
5,2,9.0,21,0,19,1,0,26,0,12
5,2,9.0,21,0,2,0,9,9,3,12
5,4,15.0,132,4,17,0,0,12,1,1
5,4,24.0,27,6,23,1,2,69,4,14
5,4,24.0,27,6,15,1,9,49,4,14
5,4,26.0,80,0,8,0,11,18,3,3
5,2,1.0,16,3,11,0,12,104,4,7
5,2,1.0,16,3,3,0,11,10,4,7
5,2,1.0,16,3,2,0,13,21,1,7
5,2,1.0,16,3,1,0,12,61,0,7
5,2,9.0,21,0,15,0,13,99,0,12
5,0,2.0,47,2,6,0,2,86,4,22
4,11,4.0,275,0,18,2,16,37,3,30
5,4,19.0,142,0,11,1,6,132,4,10
5,1,20.0,151,4,13,1,8,33,1,29
5,8,22.0,354,1,4,0,11,133,2,26
5,4,30.0,139,5,11,1,0,64,0,19
5,0,18.0,0,5,20,3,10,22,3,0
5,4,30.0,139,5,1,0,9,93,3,19
5,2,4.0,254,2,18,0,9,9,4,30
5,2,12.0,128,4,13,0,16,37,2,28
5,2,20.0,264,5,22,2,10,47,3,29
5,2,20.0,264,5,3,0,1,11,0,29
5,2,20.0,264,5,1,0,10,47,2,29
5,2,20.0,264,5,18,0,10,22,1,29
5,0,3.0,334,4,1,0,5,12,1,27
5,0,3.0,334,4,14,0,8,41,1,27
5,0,3.0,334,4,14,0,15,51,1,27
5,0,3.0,334,4,14,0,4,75,0,27
5,0,4.0,229,5,4,1,12,80,4,30
5,0,4.0,229,5,19,0,12,80,4,30
5,0,4.0,229,5,12,1,8,9,4,30
5,0,3.0,334,4,13,0,14,131,4,27
5,0,5.0,122,6,2,2,13,69,3,24
5,0,5.0,122,6,22,1,14,107,1,24
5,0,14.0,5,0,15,1,2,2,1,5
5,2,4.0,254,2,19,0,14,131,1,30
4,9,3.0,217,2,17,0,9,93,1,27
5,4,26.0,80,0,13,0,13,13,1,3
5,4,26.0,80,0,23,1,1,81,4,3
5,4,26.0,80,0,9,0,5,47,2,3
5,4,26.0,80,0,18,0,10,6,2,3
5,2,1.0,16,3,8,0,13,69,3,7
5,2,1.0,16,3,19,0,13,48,1,7
5,2,1.0,16,3,13,1,1,67,4,7
5,2,9.0,21,0,14,1,11,55,4,12
3,5,4.0,114,3,21,0,13,48,0,30
5,2,9.0,21,0,8,0,10,22,2,12
5,2,9.0,21,0,14,0,7,111,1,12
5,0,2.0,47,2,12,0,1,59,1,22
5,8,8.0,76,1,18,3,1,105,3,8
5,0,2.0,47,2,4,1,7,62,2,22
5,0,10.0,129,4,17,1,7,20,0,4
5,0,10.0,129,4,19,2,12,104,3,4
5,0,10.0,129,4,9,0,3,30,4,4
5,0,10.0,129,4,9,1,10,47,0,4
5,0,30.0,228,2,13,0,8,118,1,19
5,2,13.0,276,5,1,0,13,29,2,25
5,2,22.0,209,3,5,0,14,24,2,26
5,2,22.0,209,3,13,0,12,61,0,26
5,2,22.0,209,3,12,0,5,64,2,26
5,2,27.0,136,5,17,0,13,99,3,15
5,2,27.0,136,5,5,0,0,26,1,15
5,2,27.0,136,5,14,0,15,31,1,15
5,2,27.0,136,5,14,0,14,24,2,15
4,11,28.0,123,4,13,0,6,89,1,18
4,11,27.0,322,2,19,0,11,124,0,15
4,9,13.0,91,6,12,0,12,80,4,25
5,0,13.0,198,3,10,0,10,47,2,25
5,0,13.0,198,3,4,0,3,76,4,25
5,0,19.0,13,6,13,0,3,115,0,10
5,0,19.0,13,6,2,2,14,107,0,10
5,0,30.0,228,2,17,1,6,7,0,19
5,0,30.0,228,2,17,1,3,44,0,19
5,0,30.0,228,2,3,2,15,46,3,19
5,0,30.0,228,2,22,0,13,48,0,19
5,0,30.0,228,2,3,0,11,18,2,19
5,0,19.0,13,6,17,1,1,11,4,10
5,0,14.0,5,0,4,2,13,29,2,5
5,0,14.0,5,0,9,0,5,12,3,5
5,0,14.0,5,0,8,1,1,59,4,5
5,0,22.0,241,1,7,1,5,6,0,26
5,0,22.0,241,1,8,1,2,86,2,26
5,8,28.0,224,0,15,0,10,47,3,18
5,8,5.0,101,6,18,0,12,17,1,24
5,4,5.0,235,0,17,0,15,96,4,24
5,8,5.0,101,6,18,0,8,41,1,24
3,1,1.0,203,5,13,0,1,81,3,7
5,4,20.0,115,1,6,0,0,12,0,29
5,4,20.0,115,1,15,0,10,22,1,29
5,5,3.0,161,3,8,0,12,56,1,27
5,8,3.0,363,4,22,0,1,59,4,27
5,4,19.0,142,0,8,0,1,59,2,10
4,11,5.0,240,1,13,0,13,99,2,24
5,8,9.0,124,2,8,0,1,35,3,12
5,0,18.0,0,5,15,2,6,73,0,0
5,8,22.0,354,1,2,0,15,39,3,26
5,8,14.0,296,0,6,0,8,27,3,5
5,8,14.0,296,0,10,1,14,107,4,5
5,8,15.0,72,1,16,0,14,106,4,1
5,8,15.0,72,1,23,3,2,2,0,1
5,8,15.0,72,1,14,0,1,59,3,1
5,4,15.0,132,4,5,1,2,2,4,1
5,4,15.0,132,4,5,0,4,66,3,1
5,4,15.0,132,4,13,1,12,100,4,1
5,4,15.0,132,4,22,0,5,6,3,1
5,5,25.0,350,0,5,1,1,16,4,13
5,6,15.0,49,0,15,1,10,23,1,1
5,6,22.0,185,0,9,1,1,81,1,26
3,0,30.0,228,1,8,1,7,8,4,19
3,2,30.0,131,3,9,0,1,11,2,19
3,11,13.0,312,0,12,0,13,38,4,25
5,8,1.0,66,1,1,3,10,47,1,7
5,5,6.0,277,2,17,0,15,46,1,23
5,6,15.0,49,0,12,1,15,31,4,1
5,6,24.0,31,2,7,1,5,6,0,14
5,10,13.0,346,0,4,1,14,25,4,25
5,7,28.0,34,6,14,0,13,69,4,18
5,8,4.0,299,5,12,3,14,25,0,30
5,6,10.0,149,2,1,1,16,72,0,4
2,6,22.0,84,6,7,1,8,118,1,26
5,6,10.0,149,2,17,1,0,12,1,4
5,3,11.0,337,6,13,0,9,87,1,9
5,1,2.0,171,3,18,0,11,18,1,22
5,1,2.0,171,3,14,1,15,85,1,22
5,5,12.0,327,1,22,0,12,61,1,28
5,10,28.0,216,1,17,0,4,75,1,18
5,4,29.0,313,4,21,0,8,9,1,16
5,4,29.0,313,4,12,0,9,102,3,16
5,2,4.0,254,2,2,0,10,22,1,30
5,2,4.0,254,2,14,0,2,86,4,30
3,0,1.0,8,0,23,0,1,11,4,7
5,5,29.0,24,5,15,0,10,22,3,16
5,10,28.0,216,1,12,1,7,62,0,18
5,1,2.0,171,3,9,2,1,67,2,22
5,1,12.0,353,2,18,2,0,77,0,28
5,1,12.0,353,2,23,0,1,11,1,28
5,1,12.0,353,2,1,3,4,127,4,28
5,8,28.0,224,0,14,0,5,0,0,18
5,1,20.0,151,4,3,0,5,64,3,29
5,8,10.0,71,4,1,1,13,36,1,4
5,2,22.0,209,3,19,3,14,25,0,26
3,2,1.0,16,6,17,0,9,87,1,7
5,8,10.0,71,4,14,0,14,24,2,4
5,8,10.0,71,4,23,0,3,44,1,4
5,8,19.0,280,6,11,0,0,31,1,10
5,8,10.0,71,4,17,0,9,49,4,4
5,8,20.0,319,3,5,1,14,32,4,29
5,8,21.0,46,0,8,2,3,76,0,21
5,8,21.0,46,0,9,0,8,9,3,21
5,8,21.0,46,0,4,1,9,101,2,21
5,8,22.0,354,1,12,0,10,22,1,26
5,8,27.0,78,3,17,0,10,6,3,15
5,8,27.0,78,3,5,1,1,35,4,15
5,8,21.0,46,0,15,0,14,32,2,21
5,4,3.0,279,6,20,0,9,87,3,27
5,4,19.0,142,0,5,0,15,39,3,10
5,4,19.0,142,0,11,1,5,12,0,10
5,4,27.0,274,1,16,0,9,9,3,15
5,6,24.0,31,2,21,0,10,47,0,14
5,10,5.0,336,3,6,1,2,92,0,24
5,10,5.0,336,3,11,0,13,38,1,24
5,10,5.0,336,3,4,0,15,31,3,24
5,10,14.0,174,1,17,0,5,12,0,5
5,10,14.0,174,1,17,0,15,46,1,5
5,10,14.0,174,1,0,0,0,85,3,5
5,10,30.0,157,4,6,1,16,50,0,19
5,8,7.0,70,0,0,1,5,64,1,11
5,8,7.0,70,0,22,1,1,105,4,11
5,8,8.0,76,1,2,0,5,6,1,8
5,8,8.0,76,1,8,0,5,6,0,8
5,8,8.0,76,1,14,0,13,38,1,8
5,8,8.0,76,1,14,2,6,7,0,8
5,4,15.0,132,4,13,0,12,100,3,1
5,4,27.0,274,1,13,0,11,133,3,15
4,11,10.0,360,3,16,2,5,12,1,4
5,0,18.0,0,5,19,0,4,45,0,0
5,10,30.0,157,4,9,0,15,51,3,19
4,11,21.0,192,4,19,1,9,83,4,21
5,8,27.0,78,3,23,0,8,41,1,15
4,11,11.0,175,0,20,0,2,69,2,9
4,11,11.0,175,0,17,1,1,105,0,9
4,11,10.0,360,3,4,1,3,115,0,4
4,11,11.0,175,0,11,0,3,30,2,9
4,11,13.0,312,2,0,0,2,2,2,25
4,11,13.0,312,2,0,3,5,12,0,25
4,11,19.0,321,1,10,0,0,64,2,10
4,6,5.0,342,6,13,0,6,128,2,24
4,6,14.0,173,0,2,1,16,72,0,5
4,6,14.0,173,0,1,0,0,12,1,5
4,3,20.0,105,1,8,1,10,23,0,29
4,11,19.0,321,1,2,0,3,30,3,10
4,11,19.0,321,1,0,1,4,5,1,10
4,11,27.0,322,2,5,0,9,102,0,15
5,0,18.0,0,5,19,0,1,35,0,0
5,0,18.0,0,5,19,2,6,7,2,0
5,0,25.0,281,5,6,0,12,80,3,13
5,0,25.0,281,5,21,0,6,89,1,13
5,0,25.0,281,5,16,0,1,35,4,13
5,0,25.0,281,5,11,0,0,53,2,13
5,0,27.0,23,3,11,0,8,118,3,15
5,0,27.0,23,3,22,0,6,7,3,15
5,0,27.0,23,3,17,0,0,64,1,15
5,0,27.0,23,3,12,0,15,51,3,15
5,0,27.0,23,3,12,2,6,89,3,15
4,11,7.0,253,4,15,0,0,26,1,11
4,11,15.0,331,5,21,0,10,22,2,1
4,11,15.0,331,5,15,1,3,30,1,1
4,11,16.0,225,6,15,0,13,69,3,2
4,11,25.0,88,0,6,1,1,16,0,13
4,11,25.0,88,0,16,1,1,105,0,13
4,11,25.0,88,0,19,0,10,22,2,13
4,11,25.0,88,0,1,1,10,22,2,13
4,11,28.0,123,4,13,0,0,77,4,18
4,11,27.0,322,2,16,0,5,12,0,15
4,11,28.0,123,4,22,0,10,22,2,18
4,9,5.0,89,5,22,0,13,38,2,24
4,9,13.0,91,6,16,0,3,115,4,25
4,9,13.0,91,6,20,0,13,99,1,25
4,9,13.0,91,6,13,0,4,82,2,25
5,0,30.0,228,2,4,2,12,121,1,19
4,11,3.0,288,3,7,1,10,47,0,27
4,9,20.0,119,6,17,1,10,47,1,29
4,5,30.0,294,3,17,0,0,12,0,19
4,11,3.0,288,3,23,1,10,52,0,27
4,11,3.0,288,3,11,0,5,6,0,27
4,11,3.0,288,3,22,0,11,124,1,27
4,11,3.0,288,3,14,0,2,13,4,27
4,11,4.0,275,0,19,0,1,105,3,30
4,11,5.0,240,1,21,0,2,13,4,24
4,11,5.0,240,1,3,1,12,83,0,24
4,11,5.0,240,1,1,1,9,102,4,24
4,11,10.0,360,3,15,0,7,137,4,4
4,11,11.0,175,0,3,0,2,86,1,9
4,11,13.0,312,2,17,0,11,15,0,25
4,11,25.0,88,0,18,0,10,23,1,13
4,11,31.0,227,3,2,0,0,64,2,20
4,9,8.0,90,0,17,0,0,85,1,8
4,9,8.0,90,0,2,0,5,6,3,8
4,9,10.0,156,2,8,0,7,122,4,4
4,9,17.0,255,2,10,1,3,30,1,6
5,2,1.0,16,3,11,0,6,89,1,7
4,9,26.0,267,5,23,0,15,31,1,3
4,9,26.0,267,5,3,0,4,4,1,3
4,7,2.0,160,1,6,0,7,78,3,22
4,7,2.0,160,1,21,0,13,69,1,22
4,7,2.0,160,1,16,0,7,20,1,22
4,7,2.0,160,1,9,2,5,12,3,22
5,6,17.0,244,2,18,1,10,47,0,6
5,0,25.0,281,5,23,0,4,75,1,13
5,2,5.0,127,4,17,1,6,128,1,24
5,8,1.0,66,1,19,0,1,59,3,7
5,4,27.0,274,1,13,0,12,121,1,15
5,8,4.0,299,5,8,0,13,69,4,30
5,3,29.0,325,2,13,1,8,19,0,16
5,2,19.0,137,4,19,0,0,12,0,10
5,1,29.0,112,6,12,0,5,6,0,16
4,11,19.0,321,1,14,1,5,64,1,10
5,3,29.0,325,2,12,0,12,61,0,16
5,2,27.0,136,5,11,0,4,121,2,15
5,8,20.0,319,3,3,0,2,86,3,29
5,8,20.0,319,3,11,1,1,35,4,29
5,8,20.0,319,3,5,1,1,11,4,29
5,8,21.0,46,0,17,2,10,22,3,21
5,8,21.0,46,0,23,0,13,28,1,21
5,1,12.0,353,2,14,0,7,57,1,28
5,1,19.0,29,2,1,0,16,74,1,10
5,1,19.0,29,2,1,0,0,12,0,10
5,1,28.0,300,5,6,0,10,47,0,18
5,11,26.0,364,0,3,0,6,7,2,3
5,7,17.0,95,1,6,0,12,121,1,6
5,5,12.0,327,1,8,1,8,19,0,28
5,6,28.0,309,3,9,0,12,58,4,18
5,6,10.0,149,2,0,1,10,23,2,4
5,10,28.0,216,1,20,0,8,27,1,18
5,3,1.0,180,2,22,0,1,35,4,7
5,1,28.0,300,5,18,0,1,11,4,18
5,1,29.0,112,6,7,0,6,89,4,16
5,1,29.0,112,6,1,0,16,42,3,16
5,1,29.0,112,6,1,1,0,64,1,16
5,8,3.0,363,4,12,0,10,22,2,27
5,1,29.0,112,6,4,0,2,40,2,16
5,2,20.0,264,5,14,0,14,106,4,29
5,2,20.0,264,5,6,1,6,7,0,29
5,2,21.0,108,6,11,0,14,131,1,21
5,2,21.0,108,6,19,0,6,14,2,21
5,2,21.0,108,6,13,1,12,61,1,21
5,2,21.0,108,6,5,0,14,24,2,21
5,0,3.0,334,4,16,0,12,56,0,27
5,0,3.0,334,4,21,1,9,57,0,27
5,0,3.0,334,4,2,0,0,26,0,27
5,0,3.0,334,4,4,0,8,9,0,27
5,0,3.0,334,4,12,0,7,78,0,27
5,0,4.0,229,5,15,0,13,38,2,30
5,0,3.0,334,4,15,0,5,64,2,27
5,0,4.0,229,5,19,0,11,117,0,30
5,0,4.0,229,5,15,0,4,4,1,30
5,0,3.0,334,4,5,3,0,53,2,27
5,0,5.0,122,6,11,0,4,127,4,24
5,0,3.0,334,4,5,0,14,24,2,27
5,0,5.0,122,6,3,2,2,86,0,24
5,0,14.0,5,0,6,2,6,7,3,5
5,0,14.0,5,0,19,0,13,36,0,5
5,0,22.0,241,1,7,0,16,74,1,26
5,0,22.0,241,1,5,0,1,1,1,26
5,8,20.0,319,3,16,1,0,12,0,29
5,8,21.0,46,0,1,2,9,87,0,21
5,8,22.0,354,1,17,0,10,22,3,26
5,8,21.0,46,0,20,1,11,117,1,21
5,8,22.0,354,1,4,0,4,79,2,26
5,8,27.0,78,3,0,0,11,15,0,15
5,2,19.0,137,4,9,3,15,96,0,10
5,2,27.0,136,5,17,0,4,127,2,15
5,0,13.0,198,3,8,0,4,138,2,25
4,11,19.0,321,1,3,1,11,58,4,10
5,8,27.0,78,3,21,1,9,57,0,15
5,4,3.0,279,6,12,0,2,71,2,27
5,4,4.0,178,3,8,0,3,4,0,30
5,4,19.0,142,0,3,0,9,109,2,10
5,4,19.0,142,0,4,1,9,102,4,10
5,4,27.0,274,1,15,0,11,124,4,15
5,2,5.0,127,4,3,0,0,53,2,24
5,2,5.0,127,4,4,0,16,65,0,24
5,2,13.0,276,5,5,1,0,64,1,25
5,2,13.0,276,5,8,1,14,97,4,25
5,4,27.0,274,1,0,0,10,47,3,15
5,8,8.0,76,1,18,1,7,137,2,8
5,8,9.0,124,2,14,0,10,47,1,12
5,8,9.0,124,2,4,2,14,24,0,12
5,8,14.0,296,0,16,1,12,104,2,5
5,8,8.0,76,1,13,0,10,22,4,8
5,8,15.0,72,1,0,1,5,12,0,1
5,8,11.0,306,5,7,0,7,111,1,9
5,8,11.0,306,5,12,0,14,25,2,9
5,3,29.0,325,2,22,0,9,95,4,16
5,10,18.0,246,6,13,3,9,109,4,0
5,3,28.0,187,1,3,3,11,15,0,18
5,8,28.0,224,0,11,0,9,102,4,18
4,3,23.0,57,5,9,0,13,28,0,17
5,3,27.0,361,0,18,3,0,26,3,15
5,5,11.0,326,0,14,0,4,75,3,9
5,5,11.0,326,0,9,0,1,67,0,9
5,5,11.0,326,0,9,0,13,29,4,9
5,5,27.0,328,2,10,0,10,23,1,15
5,5,27.0,328,2,1,2,6,7,3,15
5,6,11.0,355,4,11,0,9,27,0,9
5,6,11.0,355,4,19,1,11,18,1,9
5,6,11.0,355,4,14,0,0,64,0,9
5,6,18.0,308,4,11,0,6,73,1,0
5,6,18.0,308,4,9,0,13,29,2,0
5,6,18.0,308,4,9,0,4,127,0,0
5,6,18.0,308,4,18,0,12,84,3,0
5,6,19.0,291,5,20,0,8,9,3,10
5,6,19.0,291,5,19,0,2,2,3,10
5,6,26.0,348,5,19,0,11,94,0,3
5,6,29.0,335,0,7,0,8,33,3,16
5,6,29.0,335,0,6,2,14,25,3,16
5,6,29.0,335,0,9,0,10,23,1,16
5,10,4.0,356,6,21,0,10,23,3,30
5,10,4.0,356,6,3,0,13,38,1,30
5,10,10.0,245,5,22,1,8,9,1,4
5,10,26.0,61,3,16,2,9,102,3,3
5,10,26.0,61,3,13,0,4,75,1,3
5,10,29.0,318,2,16,0,5,12,0,16
5,10,29.0,318,2,2,0,16,39,0,16
5,1,3.0,188,0,18,0,14,25,1,27
5,1,4.0,286,1,10,0,6,132,4,30
5,1,4.0,286,1,1,0,5,0,4,30
5,1,4.0,286,1,18,0,15,31,1,30
5,8,10.0,71,4,12,1,12,61,1,4
5,4,4.0,178,3,4,0,5,12,2,30
5,1,4.0,286,1,4,0,7,120,1,30
5,1,11.0,111,1,0,0,5,6,0,9
5,1,11.0,111,1,14,0,4,121,1,9
5,1,13.0,207,4,6,1,13,48,0,25
5,10,26.0,61,3,19,0,5,64,2,3
5,4,13.0,221,1,15,0,13,28,1,25
5,4,13.0,221,1,22,1,12,104,4,25
5,4,13.0,221,1,8,0,2,2,2,25
5,4,13.0,221,1,3,0,13,48,4,25
5,4,20.0,115,1,11,0,13,99,4,29
5,4,20.0,115,1,3,1,16,72,4,29
5,4,29.0,313,4,1,2,1,1,3,16
5,4,29.0,313,4,19,0,8,27,4,16
5,2,4.0,254,2,15,0,10,6,3,30
5,2,12.0,128,4,14,0,10,47,3,28
5,2,12.0,128,4,22,0,14,24,2,28
5,2,20.0,264,5,13,0,12,17,2,29
5,2,20.0,264,5,1,0,8,41,2,29
5,2,20.0,264,5,18,1,11,122,1,29
5,2,21.0,108,6,13,0,12,80,1,21
5,2,20.0,264,5,14,3,5,6,0,29
5,10,28.0,216,1,17,0,3,44,3,18
5,1,2.0,171,3,10,0,13,36,1,22
5,1,10.0,17,0,10,2,10,47,0,4
5,1,10.0,17,0,5,2,8,41,1,4
5,1,12.0,353,2,17,1,8,19,2,28
5,3,7.0,289,1,4,1,12,56,2,11
3,0,14.0,5,3,19,0,9,95,1,5
5,5,5.0,96,1,8,0,3,44,0,24
5,6,7.0,169,3,13,3,1,16,0,11
5,10,16.0,201,4,9,1,7,31,0,2
5,10,8.0,213,2,19,0,10,23,0,8
5,11,6.0,252,1,19,1,11,98,4,23
5,8,10.0,71,4,17,0,10,47,0,4
4,3,23.0,57,5,22,0,10,52,2,17
5,4,5.0,235,0,8,0,14,32,0,24
5,8,27.0,78,3,1,1,6,91,4,15
5,4,4.0,178,3,23,0,8,41,0,30
5,4,13.0,221,1,0,0,0,64,2,25
5,6,26.0,348,5,17,0,9,102,0,3
5,4,13.0,221,1,1,2,11,94,0,25
5,4,19.0,142,0,10,1,4,4,0,10
5,4,19.0,142,0,8,0,0,53,4,10
5,4,13.0,221,1,9,0,0,64,3,25
5,4,27.0,274,1,0,0,8,41,4,15
5,4,27.0,274,1,17,1,14,34,4,15
5,4,27.0,274,1,0,1,5,64,0,15
5,4,27.0,274,1,9,0,14,24,1,15
5,2,5.0,127,4,4,1,9,93,4,24
5,2,13.0,276,5,9,0,5,6,0,25
4,9,26.0,267,5,13,0,13,38,2,3
4,7,2.0,160,1,10,0,13,99,1,22
4,7,2.0,160,1,3,0,2,2,3,22
4,7,16.0,40,1,6,1,3,103,0,2
4,7,16.0,40,1,15,0,3,76,1,2
4,7,17.0,95,2,6,0,13,99,0,6
4,7,17.0,95,2,14,2,3,115,0,6
4,7,2.0,160,1,0,0,12,104,4,22
4,3,16.0,263,5,19,0,2,40,2,2
4,3,16.0,263,5,1,0,4,66,4,2
4,3,16.0,263,5,17,1,16,37,1,2
4,3,24.0,357,6,3,0,14,106,2,14
4,3,24.0,357,6,12,0,7,20,2,14
4,3,24.0,357,6,12,0,6,7,4,14
4,3,24.0,357,6,4,0,14,24,0,14
4,3,24.0,357,6,18,0,14,110,1,14
4,3,25.0,347,3,15,2,2,3,0,13
4,3,25.0,347,3,2,1,10,47,1,13
4,3,26.0,343,0,15,0,14,107,3,3
4,3,25.0,347,3,12,0,1,11,1,13
5,2,19.0,137,4,13,3,6,7,0,10
5,2,19.0,137,4,9,0,0,0,2,10
5,2,22.0,209,3,16,0,2,92,3,26
5,2,22.0,209,3,22,0,8,33,2,26
5,2,22.0,209,3,12,2,1,11,3,26
5,2,22.0,209,3,19,0,11,122,1,26
5,2,27.0,136,5,19,2,8,9,3,15
4,9,20.0,119,6,19,0,9,134,2,29
4,11,19.0,321,1,6,0,8,27,0,10
4,11,21.0,192,4,18,1,12,121,0,21
4,11,19.0,321,1,17,0,2,40,4,10
4,11,28.0,123,4,12,1,16,50,2,18
4,11,28.0,123,4,20,1,0,64,0,18
4,11,11.0,175,0,8,0,6,7,1,9
2,3,15.0,263,0,13,0,2,2,1,1
4,3,23.0,57,5,15,0,11,94,0,17
4,3,14.0,33,2,0,0,0,85,1,5
4,9,5.0,89,5,13,0,9,57,3,24
4,7,29.0,268,0,9,0,5,12,0,16
4,7,29.0,268,0,9,0,10,22,1,16
4,7,29.0,268,0,3,0,3,115,2,16
4,3,20.0,105,1,9,1,2,2,0,29
4,3,20.0,105,1,18,0,2,86,0,29
4,9,19.0,234,5,22,1,1,81,4,10
4,7,16.0,40,1,6,0,0,68,1,2
4,7,16.0,40,1,9,0,13,48,0,2
4,7,16.0,40,1,9,0,11,15,2,2
4,7,17.0,95,2,17,0,16,37,4,6
4,7,16.0,40,1,12,1,1,67,1,2
4,7,17.0,95,2,0,0,13,48,4,6
4,7,16.0,40,1,16,0,15,46,3,2
4,7,17.0,95,2,4,0,16,72,1,6
4,7,25.0,41,4,21,1,7,62,0,13
4,7,16.0,40,1,13,0,8,9,4,2
4,7,25.0,41,4,15,0,14,24,2,13
4,3,16.0,263,5,21,1,10,22,1,2
5,4,15.0,132,4,4,0,15,46,2,1
5,2,1.0,16,3,17,0,6,89,1,7
4,7,2.0,160,1,8,1,7,120,0,22
4,3,16.0,263,5,4,0,14,34,1,2
4,3,16.0,263,5,4,0,12,80,0,2
4,3,16.0,263,5,19,0,6,14,1,2
5,4,13.0,221,1,9,1,1,35,4,25
5,3,1.0,180,2,17,0,14,24,3,7
5,4,29.0,313,4,15,0,13,48,2,16
5,4,13.0,221,1,8,0,5,47,2,25
5,1,19.0,29,2,18,2,10,22,3,10
5,1,19.0,29,2,17,0,5,64,0,10
5,8,5.0,101,6,10,1,5,64,0,24
5,0,5.0,122,6,22,1,1,59,4,24
5,4,20.0,115,1,6,0,4,66,0,29
5,4,30.0,139,5,6,2,1,59,0,19
5,2,5.0,127,4,13,0,16,50,0,24
5,2,5.0,127,4,3,0,7,111,0,24
4,11,5.0,240,1,3,3,6,7,0,24
3,6,1.0,158,3,12,0,13,36,1,7
5,2,13.0,276,5,1,2,9,93,3,25
5,2,19.0,137,4,20,2,1,105,0,10
5,2,19.0,137,4,11,0,9,63,0,10
5,2,19.0,137,4,18,1,1,81,4,10
5,2,22.0,209,3,15,0,12,56,2,26
5,2,22.0,209,3,22,0,14,24,2,26
5,2,22.0,209,3,20,1,14,106,4,26
5,2,27.0,136,5,2,0,4,75,3,15
5,2,27.0,136,5,3,1,1,105,4,15
5,2,27.0,136,5,8,0,6,89,3,15
5,2,27.0,136,5,14,0,13,69,3,15
5,0,13.0,198,3,3,0,11,133,0,25
5,0,19.0,13,6,11,0,8,118,1,10
5,0,19.0,13,6,13,0,13,38,2,10
5,0,19.0,13,6,2,2,2,69,0,10
5,0,30.0,228,2,17,0,1,11,1,19
3,10,1.0,208,1,17,0,9,49,1,7
5,0,25.0,281,5,9,1,3,76,1,13
5,0,26.0,14,6,4,1,12,56,4,3
4,11,7.0,253,4,10,0,12,17,1,11
4,11,7.0,253,4,9,0,5,12,0,11
5,0,27.0,23,3,6,1,3,30,0,15
4,11,15.0,331,5,6,1,7,120,2,1
4,11,15.0,331,5,5,0,13,99,1,1
5,8,7.0,70,0,17,1,9,93,4,11
5,8,14.0,296,0,1,0,8,9,1,5
5,8,14.0,296,0,5,1,9,58,4,5
5,8,14.0,296,0,1,1,9,87,4,5
5,8,15.0,72,1,4,0,1,81,4,1
5,4,15.0,132,4,17,1,7,120,0,1
0,6,1.0,158,4,17,0,8,9,4,7
5,4,15.0,132,4,11,0,7,111,1,1
5,4,15.0,132,4,12,1,8,9,1,1
5,4,15.0,132,4,5,0,6,132,1,1
5,4,24.0,27,6,10,0,8,118,1,14
5,4,24.0,27,6,22,0,8,9,2,14
5,4,24.0,27,6,22,0,5,6,0,14
5,4,26.0,80,0,0,2,1,1,1,3
5,6,7.0,169,3,16,1,4,138,0,11
5,5,31.0,196,3,1,0,2,40,4,20
5,5,5.0,96,1,1,0,0,26,1,24
5,1,24.0,64,0,20,0,9,93,0,14
5,11,4.0,275,3,23,3,2,40,4,30
5,6,14.0,173,3,16,2,10,47,3,5
5,6,16.0,38,1,9,0,15,46,1,2
5,7,30.0,42,0,14,0,6,89,3,19
4,2,1.0,16,0,18,0,2,86,1,7
4,4,26.0,80,1,9,1,8,27,1,3
4,2,12.0,128,5,1,0,0,68,1,28
4,6,17.0,244,4,5,1,4,66,4,6
4,2,20.0,264,6,5,1,1,81,1,29
4,2,26.0,3,5,19,0,0,12,3,3
4,0,1.0,8,2,1,0,9,49,1,7
4,2,1.0,16,0,19,0,8,65,1,7
4,0,21.0,287,1,6,0,0,77,3,21
4,0,20.0,172,0,15,0,1,35,2,29
4,0,21.0,287,1,14,0,10,43,1,21
4,0,28.0,249,1,17,1,11,117,4,18
4,0,28.0,249,1,21,0,8,9,1,18
4,0,28.0,249,1,22,0,8,9,2,18
4,4,26.0,80,1,21,0,14,24,1,3
4,4,26.0,80,1,2,0,2,71,4,3
4,4,26.0,80,1,4,0,5,12,1,3
4,4,27.0,274,2,6,0,12,84,0,15
4,4,27.0,274,2,1,0,7,122,3,15
4,4,27.0,274,2,18,0,3,70,1,15
4,2,1.0,16,0,11,0,3,30,1,7
4,2,1.0,16,0,8,0,2,69,3,7
4,1,3.0,188,1,12,0,16,139,4,27
4,1,9.0,50,0,0,1,14,24,0,12
4,0,2.0,47,4,6,1,9,134,4,22
4,4,5.0,235,1,3,0,6,91,2,24
4,1,11.0,111,2,22,1,7,20,2,9
4,1,25.0,65,2,0,1,7,57,0,13
4,1,25.0,65,2,1,2,15,31,0,13
4,8,2.0,77,4,13,1,6,7,0,22
4,8,11.0,306,6,16,1,3,76,0,9
4,8,11.0,306,6,8,2,2,86,3,9
4,4,28.0,218,4,12,2,4,136,0,18
4,2,17.0,6,2,10,1,11,18,2,6
4,0,4.0,229,6,3,1,16,139,4,30
4,0,12.0,113,3,15,2,3,79,3,28
4,0,12.0,113,3,9,0,15,119,0,28
4,0,12.0,113,3,18,0,8,118,1,28
4,2,1.0,16,0,19,0,13,69,1,7
4,2,3.0,282,2,21,1,5,0,0,27
4,2,3.0,282,2,20,0,16,65,2,27
4,2,3.0,282,2,13,0,5,6,0,27
4,2,3.0,282,2,16,0,16,42,1,27
4,2,12.0,128,5,3,1,8,41,4,28
4,0,12.0,113,3,22,1,12,83,4,28
4,2,26.0,3,5,21,0,4,127,1,3
4,2,26.0,3,5,7,0,2,92,1,3
4,2,26.0,3,5,15,0,13,38,2,3
4,2,26.0,3,5,9,2,10,22,3,3
4,2,26.0,3,5,6,0,8,19,0,3
4,4,26.0,80,1,13,1,12,80,4,3
4,2,1.0,16,0,9,0,0,64,3,7
4,2,12.0,128,5,14,2,12,80,3,28
4,2,1.0,16,0,4,0,8,9,0,7
4,2,19.0,137,5,12,0,5,6,1,10
4,0,1.0,8,2,11,0,11,18,0,7
4,6,26.0,348,6,17,0,0,68,3,3
4,6,25.0,39,5,18,0,0,12,1,13
0,1,1.0,203,1,20,3,12,56,4,7
4,4,10.0,79,3,17,0,3,44,4,4
4,4,10.0,79,3,2,0,10,47,2,4
4,4,25.0,20,0,18,0,15,31,2,13
4,4,25.0,20,0,1,0,2,86,4,13
4,1,18.0,82,2,17,1,0,26,1,0
4,2,2.0,143,1,17,0,14,25,1,22
4,0,27.0,23,0,16,0,6,73,1,15
4,8,1.0,66,2,13,0,1,16,4,7
3,1,21.0,45,4,13,3,14,25,0,21
5,8,8.0,76,1,1,0,12,61,1,8
5,4,15.0,132,4,17,3,11,117,1,1
4,9,17.0,255,2,9,1,0,15,2,6
5,8,8.0,76,1,4,0,13,99,4,8
4,2,23.0,230,1,1,0,13,29,1,17
4,0,17.0,12,5,9,0,12,58,3,6
5,11,3.0,288,6,9,1,0,12,0,27
5,11,27.0,322,1,2,0,4,79,1,15
5,3,9.0,44,4,17,0,2,2,1,12
5,5,29.0,24,5,20,1,11,18,1,16
1,11,1.0,222,6,17,1,6,7,0,7
5,6,10.0,149,2,17,3,4,121,1,4
5,10,21.0,341,1,9,1,1,1,4,21
5,10,21.0,341,1,11,1,1,1,4,21
5,8,3.0,363,4,11,0,3,115,2,27
4,6,7.0,169,0,18,3,2,40,3,11
4,8,7.0,70,1,18,1,9,57,1,11
4,4,29.0,313,5,8,0,11,94,2,16
4,4,12.0,134,1,2,0,10,47,3,28
4,4,31.0,67,3,12,3,0,12,3,20
4,4,12.0,134,1,22,3,3,70,0,28
4,6,25.0,39,5,6,1,0,77,2,13
4,0,4.0,229,6,17,1,16,139,4,30
4,2,8.0,258,0,0,1,10,22,0,8
4,4,15.0,132,5,10,1,9,95,1,1
4,9,14.0,106,3,3,0,6,7,2,5
4,10,16.0,201,5,20,3,12,56,0,2
4,4,11.0,121,0,18,2,9,10,3,9
4,0,12.0,113,3,13,1,2,2,4,28
4,2,26.0,3,5,11,1,10,43,1,3
4,0,4.0,229,6,0,1,11,98,0,30
4,2,13.0,276,6,4,1,8,27,1,25
4,8,20.0,319,0,16,1,4,75,1,29
4,10,16.0,201,5,8,1,13,13,4,2
4,4,12.0,134,1,19,0,13,99,1,28
4,0,4.0,229,6,19,3,14,25,3,30
4,0,16.0,11,4,20,0,4,127,1,2
5,2,23.0,230,0,0,1,14,126,4,17
4,8,20.0,319,0,12,0,9,49,2,29
4,9,17.0,255,2,17,3,5,6,3,6
4,4,19.0,142,1,4,0,8,118,4,10
4,0,2.0,47,4,12,0,2,40,3,22
4,4,19.0,142,1,15,0,0,77,1,10
4,7,30.0,42,1,6,0,0,64,0,19
4,11,23.0,232,6,12,1,9,57,4,17
4,4,11.0,121,0,5,1,2,86,4,9
4,0,23.0,237,4,14,2,13,21,1,17
4,10,11.0,298,3,7,1,8,33,0,9
4,0,3.0,334,5,20,0,5,6,0,27
4,0,10.0,129,5,21,1,11,133,4,4
4,4,26.0,80,1,18,0,0,31,2,3
4,3,5.0,324,0,3,3,0,12,3,24
4,11,18.0,332,0,8,1,16,37,4,0
4,3,3.0,182,6,22,0,9,9,2,27
4,2,29.0,140,0,22,0,12,61,2,16
4,0,12.0,113,3,17,1,16,139,0,28
4,0,3.0,334,5,3,0,11,94,2,27
4,11,23.0,232,6,8,0,10,47,2,17
5,2,5.0,127,4,22,2,13,38,2,24
4,6,7.0,169,0,14,0,1,16,4,11
4,2,28.0,257,3,5,0,0,26,0,18
4,4,11.0,121,0,15,0,10,52,4,9
4,1,28.0,300,6,8,0,2,40,2,18
4,0,3.0,334,5,13,0,9,101,2,27
4,7,23.0,202,1,9,0,2,86,1,17
4,6,7.0,169,0,18,2,10,12,3,11
4,4,25.0,20,0,12,1,12,58,0,13
4,4,12.0,134,1,15,0,0,12,0,28
4,6,19.0,291,6,10,0,0,77,3,10
4,4,19.0,142,1,16,0,2,2,4,10
4,4,19.0,142,1,17,1,5,12,1,10
4,4,19.0,142,1,22,0,16,113,1,10
4,4,19.0,142,1,22,2,13,21,1,10
4,4,19.0,142,1,6,0,13,38,2,10
4,4,26.0,80,1,22,0,6,128,1,3
4,4,27.0,274,2,6,0,10,47,1,15
4,2,1.0,16,0,17,0,10,47,0,7
4,4,19.0,142,1,14,0,14,107,4,10
4,4,19.0,142,1,18,0,13,48,4,10
4,4,26.0,80,1,6,0,2,2,1,3
4,4,26.0,80,1,0,0,4,103,3,3
4,4,26.0,80,1,18,0,10,47,3,3
4,4,27.0,274,2,10,0,8,19,1,15
4,4,27.0,274,2,10,0,5,6,0,15
4,2,1.0,16,0,6,0,11,122,4,7
4,2,1.0,16,0,16,2,10,47,3,7
4,2,1.0,16,0,6,0,3,30,1,7
4,2,1.0,16,0,11,0,7,57,1,7
4,2,1.0,16,0,11,0,11,117,1,7
4,2,1.0,16,0,2,0,14,32,3,7
4,2,1.0,16,0,12,2,6,132,3,7
4,2,1.0,16,0,9,1,11,133,4,7
4,2,3.0,282,2,17,1,4,75,4,27
4,2,3.0,282,2,0,0,3,44,3,27
4,2,3.0,282,2,13,0,1,67,0,27
4,4,12.0,134,1,17,1,11,18,1,28
4,2,12.0,128,5,12,0,10,22,3,28
4,5,1.0,109,6,17,0,11,117,1,7
4,2,19.0,137,5,12,0,5,47,2,10
4,2,26.0,3,5,5,0,10,22,3,3
4,2,26.0,3,5,11,2,12,61,3,3
4,8,12.0,284,3,18,0,10,23,1,28
4,8,17.0,74,5,17,0,1,67,3,6
4,8,17.0,74,5,16,2,6,7,0,6
4,8,17.0,74,5,15,0,8,41,0,6
4,8,17.0,74,5,3,0,14,32,4,6
4,8,17.0,74,5,18,0,0,77,2,6
4,8,17.0,74,5,9,0,8,118,1,6
4,8,18.0,75,6,16,0,16,50,1,0
4,8,17.0,74,5,8,3,7,137,1,6
4,8,18.0,75,6,19,0,14,131,3,0
4,8,18.0,75,6,13,0,8,9,3,0
4,8,20.0,319,0,19,0,10,47,2,29
4,8,20.0,319,0,15,0,2,2,2,29
4,4,1.0,144,5,8,0,13,99,3,7
4,4,11.0,121,0,0,2,12,80,0,9
4,4,11.0,121,0,10,1,0,64,0,9
4,4,11.0,121,0,8,0,7,20,3,9
4,4,12.0,134,1,8,0,14,25,1,28
4,4,19.0,142,1,0,0,9,57,1,10
4,4,19.0,142,1,5,0,5,6,2,10
4,4,19.0,142,1,14,0,13,99,1,10
4,4,26.0,80,1,10,0,11,94,2,3
4,2,19.0,137,5,14,0,3,76,3,10
4,2,26.0,3,5,17,0,5,6,1,3
4,2,26.0,3,5,6,0,0,64,1,3
4,2,26.0,3,5,16,0,0,26,3,3
4,2,26.0,3,5,3,0,7,122,3,3
4,2,26.0,3,5,1,0,16,72,3,3
4,2,26.0,3,5,8,0,2,2,3,3
4,0,1.0,8,2,21,0,2,2,3,7
4,0,1.0,8,2,11,0,13,38,4,7
5,9,16.0,107,0,13,3,14,110,0,2
5,5,7.0,349,4,22,0,7,31,3,11
2,5,1.0,307,2,5,0,9,10,4,7
5,5,7.0,349,4,17,1,16,39,4,11
5,10,6.0,242,0,2,0,13,48,0,23
5,1,8.0,62,6,4,1,12,84,0,8
4,11,23.0,232,6,14,0,6,89,4,17
4,11,23.0,232,6,14,1,10,22,0,17
4,9,16.0,107,1,1,0,9,57,2,2
4,9,24.0,272,2,17,0,13,123,1,14
5,9,13.0,91,5,15,0,14,24,2,25
4,0,1.0,8,2,12,1,6,89,1,7
4,0,1.0,8,2,4,1,7,31,1,7
4,0,3.0,334,5,8,2,7,20,3,27
4,4,5.0,235,1,14,0,2,86,4,24
3,2,1.0,16,6,22,0,10,22,2,7
4,4,26.0,80,1,18,0,7,20,0,3
4,3,8.0,148,4,9,0,2,92,2,8
4,4,13.0,221,2,2,2,5,6,0,25
4,11,5.0,240,1,14,3,5,6,0,24
4,4,26.0,80,1,17,3,9,101,0,3
4,8,24.0,85,5,22,0,10,23,1,14
4,0,24.0,55,5,21,2,3,44,0,14
4,7,22.0,211,0,15,0,8,9,2,26
4,4,30.0,139,6,14,0,5,64,0,19
4,0,24.0,55,5,15,1,6,132,4,14
4,4,27.0,274,2,8,0,14,131,1,15
4,4,9.0,18,6,6,2,0,53,3,12
4,7,20.0,266,6,13,3,6,7,0,29
4,3,8.0,148,4,17,1,2,3,0,8
4,8,23.0,102,4,11,1,14,126,4,17
4,11,31.0,227,3,12,0,14,25,3,20
4,4,27.0,274,2,19,1,1,81,4,15
4,2,17.0,6,2,6,2,1,35,3,6
4,0,3.0,334,5,1,0,9,93,1,27
4,7,31.0,43,2,16,0,5,12,3,20
4,7,31.0,43,2,23,3,6,7,0,20
4,6,21.0,193,0,12,0,8,9,0,21
4,6,30.0,145,2,18,1,9,57,0,19
4,10,4.0,356,3,3,0,10,23,1,30
4,1,30.0,100,0,17,0,1,11,3,19
4,2,25.0,233,4,23,1,11,98,4,13
5,3,29.0,325,2,12,0,2,13,1,16
5,3,29.0,325,2,4,0,1,11,4,16
5,1,4.0,286,1,13,1,13,48,4,30
5,8,10.0,71,4,17,0,15,108,1,4
4,9,22.0,92,0,19,1,6,91,4,26
4,9,5.0,89,5,23,0,5,6,2,24
4,9,13.0,91,6,2,0,10,47,2,25
4,0,1.0,8,2,19,0,8,9,1,7
4,0,2.0,47,4,6,1,0,64,0,22
4,0,2.0,47,4,9,2,14,88,0,22
4,0,3.0,334,5,7,1,11,124,0,27
4,0,3.0,334,5,0,3,4,45,0,27
4,0,20.0,172,0,4,1,9,134,4,29
4,0,21.0,287,1,0,2,11,122,3,21
4,0,21.0,287,1,10,1,10,47,1,21
4,0,21.0,287,1,17,1,1,67,4,21
4,8,12.0,284,3,13,0,0,0,1,28
4,2,26.0,3,5,2,0,6,89,1,3
4,6,11.0,355,5,18,1,5,12,0,9
4,6,26.0,348,6,4,0,9,87,2,3
4,6,17.0,244,4,22,2,7,111,3,6
5,8,1.0,66,1,11,0,8,9,2,7
4,1,27.0,262,5,12,3,14,25,0,15
4,4,10.0,79,3,1,1,14,24,4,4
4,4,25.0,20,0,14,1,3,44,0,13
4,4,25.0,20,0,19,1,9,83,4,13
4,4,17.0,19,3,12,0,13,48,0,6
4,4,25.0,20,0,22,0,10,22,3,13
4,2,2.0,143,1,14,1,11,18,1,22
4,4,10.0,79,3,18,0,13,48,0,4
4,2,18.0,7,4,3,0,0,64,4,0
4,2,26.0,3,5,1,1,10,23,0,3
4,0,1.0,8,2,6,2,4,66,4,7
4,0,1.0,8,2,7,0,5,12,1,7
4,0,1.0,8,2,9,0,9,93,4,7
4,0,2.0,47,4,6,0,1,35,4,22
4,0,2.0,47,4,20,0,0,64,2,22
4,0,2.0,47,4,11,1,14,25,1,22
4,0,1.0,8,2,12,1,0,26,0,7
4,0,2.0,47,4,13,3,1,81,0,22
4,0,2.0,47,4,3,1,1,67,4,22
4,0,3.0,334,5,17,0,11,98,1,27
4,10,10.0,245,6,1,0,4,5,1,4
4,10,14.0,174,2,2,3,0,68,0,5
4,8,7.0,70,1,1,3,5,6,2,11
4,1,31.0,305,1,21,0,10,52,1,20
4,8,13.0,189,0,0,1,5,64,0,25
4,8,19.0,280,3,2,1,1,105,4,10
4,8,28.0,224,1,4,0,13,38,3,18
4,2,2.0,143,1,4,1,14,126,4,22
4,2,11.0,297,4,9,0,3,103,1,9
4,4,25.0,20,0,15,3,15,39,0,13
4,2,2.0,143,1,17,0,8,118,1,22
4,2,29.0,140,0,4,0,14,24,1,16
4,2,27.0,136,6,19,0,8,41,2,15
4,0,18.0,0,6,14,0,13,69,4,0
4,2,28.0,257,3,23,1,16,72,4,18
4,0,3.0,334,5,16,1,9,101,0,27
4,0,3.0,334,5,1,0,13,21,0,27
4,0,20.0,172,0,19,2,9,57,0,29
4,0,28.0,249,1,17,0,9,63,1,18
4,0,28.0,249,1,19,0,1,67,3,18
4,0,28.0,249,1,14,0,0,31,0,18
4,7,14.0,125,3,17,0,5,47,2,5
4,7,22.0,211,0,0,1,11,15,1,26
4,6,28.0,309,0,19,1,0,26,1,18
4,10,7.0,243,2,9,1,15,31,0,11
4,10,7.0,243,2,14,0,10,47,2,11
4,6,30.0,145,2,5,0,13,36,1,19
4,10,13.0,346,1,13,1,5,0,2,25
4,4,30.0,139,6,17,1,10,23,1,19
4,0,22.0,241,2,18,2,9,93,4,26
4,7,25.0,41,4,13,0,2,123,2,13
0,5,1.0,109,0,1,0,13,21,1,7
4,6,17.0,244,4,13,0,6,91,1,6
4,6,17.0,244,4,2,0,3,115,3,6
4,0,1.0,8,2,9,0,11,133,2,7
4,0,20.0,172,0,16,1,0,77,0,29
4,0,20.0,172,0,15,0,10,22,2,29
4,4,11.0,121,0,22,2,0,64,3,9
4,4,11.0,121,0,12,0,10,30,3,9
4,3,2.0,120,5,19,3,5,6,0,22
4,4,19.0,142,1,0,0,6,7,3,10
4,5,8.0,199,6,5,0,13,99,2,8
4,4,19.0,142,1,23,1,3,30,0,10
4,5,19.0,146,2,17,0,6,132,1,10
4,4,19.0,142,1,3,0,13,99,4,10
4,4,19.0,142,1,11,1,5,12,0,10
4,4,26.0,80,1,6,2,11,15,3,3
4,6,1.0,158,1,23,0,14,25,1,7
4,1,25.0,65,2,19,1,3,79,0,13
4,0,4.0,229,6,6,1,2,69,0,30
4,8,11.0,306,6,19,1,2,71,4,9
4,1,1.0,203,3,7,0,8,118,1,7
4,0,10.0,129,5,22,0,15,51,0,4
5,9,13.0,91,5,1,0,12,56,1,25
4,10,26.0,61,0,1,0,1,11,0,3
5,1,30.0,100,3,17,1,9,95,1,19
5,4,14.0,345,2,18,0,15,31,1,5
5,4,21.0,339,2,7,1,7,31,1,21
5,2,3.0,282,1,13,0,12,56,1,27
5,10,1.0,208,2,17,0,8,33,4,7
5,0,31.0,290,4,9,1,12,80,4,20
5,2,30.0,131,0,16,0,13,69,1,19
4,3,6.0,303,1,17,1,0,15,4,23
4,6,6.0,83,3,22,1,3,44,4,23
4,1,13.0,207,5,12,3,5,6,0,25
4,2,23.0,230,1,18,3,10,30,0,17
5,2,30.0,131,0,19,0,13,28,1,19
5,0,11.0,10,5,11,0,11,133,2,9
4,9,21.0,362,3,17,3,0,12,1,21
4,3,6.0,303,1,14,0,11,122,2,23
4,3,29.0,325,4,15,1,4,75,1,16
4,10,5.0,336,0,18,3,15,85,4,24
5,1,1.0,203,6,5,0,1,11,4,7
4,8,6.0,87,0,19,3,9,27,0,23
4,8,16.0,73,4,11,1,4,121,1,2
4,8,16.0,73,4,3,1,2,2,0,2
4,4,5.0,235,1,20,1,0,31,0,24
4,2,6.0,251,6,16,1,4,75,0,23
4,2,6.0,251,6,18,0,1,67,4,23
4,2,13.0,276,6,16,1,4,121,0,25
4,2,13.0,276,6,16,1,8,27,1,25
4,2,13.0,276,6,12,0,10,22,3,25
4,2,23.0,230,1,16,1,0,0,0,17
4,0,16.0,11,4,17,2,9,10,3,2
4,0,16.0,11,4,13,1,9,87,4,2
4,0,16.0,11,4,8,2,2,2,2,2
4,0,23.0,237,4,23,1,13,99,0,17
4,0,23.0,237,4,5,1,13,36,1,17
4,0,24.0,55,5,16,0,9,57,1,14
4,0,24.0,55,5,9,0,13,38,4,14
4,2,4.0,254,4,21,1,6,89,0,30
4,3,6.0,303,1,18,0,0,12,3,23
4,10,5.0,336,0,10,1,10,52,0,24
4,2,4.0,254,4,4,1,10,47,1,30
4,2,4.0,254,4,19,0,6,89,1,30
4,2,17.0,6,2,4,2,6,7,0,6
4,2,17.0,6,2,1,0,1,11,0,6
4,2,20.0,264,6,21,1,0,68,0,29
4,0,4.0,229,6,16,1,13,28,0,30
4,0,12.0,113,3,10,1,3,79,0,28
4,10,5.0,336,0,19,1,0,12,1,24
4,10,23.0,247,5,18,0,5,6,0,17
4,1,13.0,207,5,11,1,4,45,4,25
4,8,16.0,73,4,13,1,15,39,4,2
4,10,15.0,60,4,14,0,2,3,4,1
4,2,13.0,276,6,20,0,0,31,0,25
4,0,16.0,11,4,17,2,14,97,3,2
4,0,16.0,11,4,20,2,13,36,3,2
4,0,23.0,237,4,5,2,2,86,1,17
3,1,15.0,1,5,13,3,4,75,0,1
5,7,7.0,293,6,5,0,14,126,4,11
5,10,5.0,336,3,23,0,0,26,1,24
5,4,15.0,132,4,19,1,5,0,2,1
5,10,14.0,174,1,11,0,13,99,1,5
5,4,24.0,27,6,0,1,0,68,1,14
5,2,9.0,21,0,22,1,1,16,4,12
5,0,26.0,14,6,12,0,6,89,3,3
5,11,31.0,227,6,9,3,6,7,0,20
5,5,22.0,163,5,13,1,3,79,4,26
5,10,30.0,157,4,2,0,10,23,1,19
5,8,14.0,296,0,1,3,0,0,3,5
5,4,24.0,27,6,3,0,14,34,2,14
4,3,16.0,263,5,15,0,7,20,2,2
4,3,16.0,263,5,19,0,2,69,2,2
4,5,24.0,58,0,16,1,12,56,4,14
4,5,24.0,58,0,18,0,12,104,3,14
4,6,17.0,244,4,22,0,5,6,3,6
4,7,7.0,293,3,15,0,14,24,0,11
4,3,8.0,148,4,17,1,2,3,0,8
4,5,8.0,199,6,13,0,1,59,2,8
4,10,18.0,246,3,15,0,0,77,1,0
4,10,18.0,246,3,4,3,4,66,4,0
4,8,11.0,306,6,12,1,5,6,1,9
4,4,9.0,18,6,2,0,13,38,3,12
3,11,1.0,222,2,17,0,16,72,1,7
4,10,18.0,246,3,11,1,5,6,1,0
4,1,3.0,188,1,17,0,9,101,2,27
4,2,15.0,130,0,18,2,5,6,3,1
4,4,27.0,274,2,8,2,0,77,0,15
4,6,10.0,149,4,15,0,2,69,2,4
4,0,29.0,191,2,11,0,9,87,1,16
4,4,27.0,274,2,11,1,6,7,0,15
4,6,17.0,244,4,12,0,2,86,1,6
4,4,27.0,274,2,1,2,16,74,0,15
4,0,3.0,334,5,12,0,4,127,1,27
5,3,6.0,303,0,12,3,11,18,1,23
4,6,17.0,244,4,22,3,0,64,3,6
5,1,30.0,100,3,1,1,9,93,4,19
4,1,17.0,63,1,17,1,5,6,1,6
5,3,16.0,263,4,17,0,4,127,4,2
4,6,17.0,244,4,9,1,11,15,1,6
5,6,27.0,116,6,11,3,12,83,0,15
4,2,3.0,282,2,3,0,10,22,1,27
4,6,26.0,348,6,12,2,10,22,3,3
5,4,11.0,121,3,15,0,10,22,2,9
4,2,21.0,108,3,11,1,1,81,4,21
5,5,7.0,349,4,9,0,0,31,2,11
2,10,1.0,358,0,5,0,15,108,1,7
5,4,21.0,339,2,2,1,15,31,1,21
5,4,21.0,339,2,13,3,13,13,1,21
4,0,16.0,11,4,11,1,8,33,0,2
5,9,1.0,126,3,11,3,12,61,4,7
5,10,29.0,318,2,17,3,6,7,3,16
5,1,4.0,286,1,3,1,0,26,0,30
5,8,21.0,46,0,2,0,2,2,1,21
5,8,10.0,71,4,5,0,4,4,3,4
4,7,31.0,43,2,14,0,14,24,2,20
4,4,8.0,292,5,17,0,9,27,2,8
3,0,18.0,0,4,17,0,13,29,1,0
5,8,20.0,319,3,2,3,4,4,0,29
5,2,5.0,127,4,18,0,10,22,3,24
4,9,5.0,89,5,18,1,0,12,1,24
4,9,22.0,92,0,22,2,13,36,3,26
4,9,22.0,92,0,5,1,4,66,1,26
4,7,14.0,125,3,5,0,10,47,2,5
4,7,28.0,34,3,6,0,4,4,2,18
4,7,31.0,43,2,13,0,13,21,4,20
4,7,22.0,211,0,2,3,10,12,0,26
4,3,13.0,210,1,4,1,13,48,0,25
5,4,22.0,152,4,8,0,9,102,3,26
5,2,30.0,131,0,8,0,11,133,2,19
4,3,6.0,303,1,9,1,9,10,0,23
5,11,18.0,332,3,8,0,9,95,2,0
3,0,27.0,23,6,13,0,2,40,2,15
5,3,20.0,105,0,8,0,13,48,0,29
5,7,1.0,98,3,20,3,4,79,0,7
5,6,4.0,159,4,1,1,4,138,0,30
5,1,5.0,219,2,12,0,5,0,0,24
5,1,30.0,100,3,11,1,1,16,4,19
5,10,1.0,208,2,17,0,13,99,1,7
4,6,6.0,83,3,12,3,3,103,3,23
4,8,6.0,87,0,20,3,6,7,0,23
5,11,28.0,123,2,23,1,1,35,0,18
5,9,3.0,217,1,18,3,0,26,0,27
5,6,4.0,159,4,18,0,4,82,1,30
5,1,5.0,219,2,6,1,15,31,2,24
4,3,13.0,210,1,19,3,10,23,3,25
4,3,13.0,210,1,5,1,11,124,1,25
4,5,3.0,161,0,13,1,0,26,1,27
4,5,31.0,196,0,17,0,15,31,1,20
4,6,5.0,342,6,17,1,7,8,1,24
4,10,4.0,356,3,15,0,0,26,3,30
4,1,15.0,1,3,19,0,7,62,4,1
5,11,8.0,283,4,20,0,13,36,1,8
5,9,1.0,126,3,5,1,0,85,1,7
5,9,26.0,267,4,14,0,13,38,4,3
3,10,1.0,208,1,9,0,9,10,1,7
4,11,8.0,283,5,2,1,0,26,0,8
4,7,7.0,293,3,15,0,3,30,2,11
4,3,8.0,148,4,3,0,13,123,3,8
4,1,11.0,111,2,17,2,5,12,0,9
4,1,25.0,65,2,2,3,13,28,0,13
4,1,2.0,171,0,3,2,10,47,3,22
4,1,1.0,203,3,9,1,5,64,0,7
4,1,3.0,188,1,22,1,9,49,1,27
4,1,3.0,188,1,5,0,4,138,4,27
4,1,3.0,188,1,9,0,8,9,3,27
4,1,9.0,50,0,17,1,3,115,0,12
4,1,3.0,188,1,22,1,1,1,4,27
4,1,9.0,50,0,10,1,12,61,1,12
4,1,25.0,65,2,7,2,15,96,0,13
4,1,28.0,300,6,21,1,6,7,0,18
4,8,2.0,77,4,7,1,7,120,0,22
4,8,11.0,306,6,21,1,11,15,0,9
4,4,9.0,18,6,9,2,4,82,3,12
4,4,28.0,218,4,3,2,2,86,1,18
4,4,28.0,218,4,2,2,16,37,0,18
4,2,4.0,254,4,15,0,5,6,2,30
4,2,20.0,264,6,3,0,12,80,0,29
4,0,13.0,198,0,1,0,10,12,1,25
4,1,3.0,188,1,15,1,2,60,4,27
5,6,13.0,317,6,18,0,7,129,1,25
4,0,13.0,198,0,17,1,14,24,1,25
4,1,9.0,50,0,12,1,16,72,1,12
5,6,30.0,145,1,0,0,8,41,2,19
4,1,9.0,50,0,12,1,1,81,4,12
1,0,1.0,8,4,17,0,8,9,4,7
4,1,11.0,111,2,5,1,11,133,4,9
4,0,14.0,5,1,13,1,0,15,4,5
4,6,17.0,244,4,22,0,9,95,1,6
5,10,25.0,56,6,4,3,3,30,3,13
4,1,19.0,29,4,20,1,14,97,1,10
4,1,16.0,2,0,16,1,14,25,4,2
4,10,12.0,333,0,6,0,13,13,4,28
5,1,23.0,69,3,9,0,0,68,3,17
4,4,10.0,79,3,22,0,9,95,2,4
4,1,16.0,2,0,5,0,2,2,1,2
4,10,21.0,341,2,14,0,16,72,3,21
5,2,17.0,6,1,9,1,2,86,1,6
5,0,16.0,11,2,9,0,15,108,1,2
5,0,16.0,11,2,19,1,5,6,0,2
4,11,8.0,283,5,14,0,2,2,1,8
4,7,7.0,293,3,4,1,12,84,1,11
4,7,23.0,202,1,2,0,5,64,3,17
4,7,10.0,329,2,22,1,11,15,0,4
4,10,3.0,310,6,18,0,2,2,1,27
5,1,23.0,69,3,3,3,10,23,1,17
4,1,25.0,65,2,4,0,10,22,3,13
4,8,11.0,306,6,17,0,8,27,1,9
4,4,9.0,18,6,10,0,8,27,2,12
4,4,26.0,80,1,12,0,5,12,3,3
4,4,26.0,80,1,4,0,5,12,0,3
4,4,27.0,274,2,6,0,0,64,0,15
4,4,26.0,80,1,2,1,12,58,4,3
4,4,27.0,274,2,20,0,14,107,1,15
4,2,1.0,16,0,17,0,14,25,1,7
4,2,3.0,282,2,12,2,8,19,1,27
4,2,12.0,128,5,23,0,14,107,1,28
4,2,12.0,128,5,13,0,12,121,0,28
4,2,12.0,128,5,1,0,6,7,4,28
4,2,19.0,137,5,6,0,10,22,2,10
4,2,19.0,137,5,4,0,13,29,1,10
4,2,26.0,3,5,22,1,13,38,4,3
4,2,26.0,3,5,4,0,10,23,1,3
4,0,1.0,8,2,5,1,0,64,2,7
4,0,2.0,47,4,12,2,6,7,0,22
4,0,2.0,47,4,1,0,14,88,3,22
5,0,17.0,12,4,15,0,1,11,2,6
5,0,23.0,237,2,16,0,10,30,0,17
5,0,23.0,237,2,21,1,15,51,0,17
5,0,23.0,237,2,22,0,4,127,1,17
5,0,23.0,237,2,22,1,1,1,1,17
4,11,9.0,311,6,17,0,12,56,1,12
4,11,9.0,311,6,17,1,8,9,0,12
4,11,9.0,311,6,4,1,11,133,4,12
4,11,24.0,194,3,13,0,9,10,4,14
4,11,24.0,194,3,8,0,10,12,3,14
4,11,24.0,194,3,5,0,5,6,3,14
4,11,24.0,194,3,9,0,1,11,0,14
4,9,1.0,126,0,20,0,2,86,4,7
4,9,1.0,126,0,13,0,9,102,0,7
4,9,7.0,271,3,17,0,9,134,1,11
4,9,7.0,271,3,23,0,10,22,2,11
4,9,6.0,51,6,12,3,15,37,3,23
4,9,7.0,271,3,1,2,1,67,0,11
4,9,7.0,271,3,1,0,9,87,1,11
4,9,18.0,359,4,21,1,14,25,0,0
4,9,18.0,359,4,18,0,1,105,3,0
4,9,23.0,167,1,4,0,10,22,3,17
4,9,25.0,344,4,7,1,10,22,0,13
4,9,7.0,271,3,12,3,5,6,0,11
4,9,25.0,344,4,2,2,2,40,3,13
4,9,25.0,344,4,1,0,16,130,3,13
4,7,1.0,98,0,16,0,14,24,1,7
4,7,1.0,98,0,2,0,11,117,1,7
4,7,8.0,94,0,20,0,6,7,3,8
4,7,8.0,94,0,12,0,0,53,3,8
4,7,24.0,68,2,13,0,1,59,1,14
4,2,18.0,7,4,15,0,13,99,2,0
4,10,21.0,341,2,12,0,2,35,2,21
4,0,9.0,48,4,23,0,10,43,1,12
4,1,16.0,2,0,16,1,13,69,0,2
4,2,14.0,231,3,0,1,10,22,0,5
5,2,9.0,21,0,8,0,7,20,2,12
4,1,25.0,65,2,21,1,0,31,0,13
5,2,1.0,16,3,13,3,8,33,0,7
4,10,29.0,318,4,13,1,9,87,0,16
4,5,17.0,212,0,23,1,0,0,1,6
4,8,30.0,103,4,13,0,4,75,1,19
4,8,15.0,72,2,12,3,0,77,4,1
5,5,7.0,349,4,4,3,13,29,4,11
4,8,15.0,72,2,14,0,11,98,4,1
5,6,13.0,317,6,16,1,10,12,1,25
4,2,30.0,131,1,12,0,9,9,1,19
4,1,4.0,286,2,7,1,7,111,0,30
5,1,8.0,62,6,12,0,13,29,2,8
4,2,30.0,131,1,20,1,0,12,0,19
4,2,5.0,127,5,0,0,15,31,4,24
4,2,30.0,131,1,2,3,11,15,0,19
4,1,24.0,64,1,9,0,10,47,0,14
4,2,30.0,131,1,19,1,7,20,2,19
4,10,14.0,174,2,18,3,14,24,3,5
4,8,5.0,101,3,9,1,10,47,0,24
4,4,4.0,178,0,19,1,8,41,2,30
4,2,16.0,220,1,18,1,10,47,1,2
4,10,10.0,245,6,2,1,7,120,1,4
4,2,19.0,137,5,4,1,9,57,4,10
4,8,17.0,74,5,4,0,8,19,2,6
4,0,11.0,10,6,13,3,14,25,3,9
5,11,13.0,312,1,2,0,9,101,0,25
5,11,13.0,312,1,9,0,0,26,2,25
5,11,13.0,312,1,15,3,5,6,0,25
5,11,20.0,340,1,12,0,11,117,1,29
5,11,20.0,340,1,14,0,16,72,3,29
5,11,15.0,331,4,3,0,2,3,4,1
5,11,23.0,232,5,17,1,5,6,0,17
5,11,23.0,232,5,8,0,10,47,2,17
5,11,23.0,232,5,3,0,10,47,2,17
5,11,30.0,170,5,23,0,13,38,1,19
5,11,30.0,170,5,19,0,5,6,0,19
5,9,13.0,91,5,8,0,2,86,1,25
5,9,16.0,107,0,23,1,8,27,0,2
5,9,16.0,107,0,22,0,10,22,3,2
5,9,21.0,362,6,17,0,2,2,0,21
5,9,21.0,362,6,6,0,4,5,1,21
5,7,5.0,204,4,8,2,8,9,3,24
5,7,6.0,93,5,7,0,15,39,1,23
5,7,5.0,204,4,13,0,2,2,2,24
5,7,6.0,93,5,15,0,1,16,0,23
5,7,6.0,93,5,8,2,4,45,2,23
5,7,14.0,125,6,6,1,5,6,0,5
5,11,7.0,253,2,3,0,14,24,2,11
5,11,13.0,312,1,11,0,13,99,1,25
5,11,13.0,312,1,4,2,9,83,0,25
5,11,13.0,312,1,4,0,14,24,2,25
5,11,23.0,232,5,3,0,10,22,1,17
5,11,23.0,232,5,8,0,8,33,3,17
5,11,30.0,170,5,21,1,1,105,0,19
5,9,7.0,271,6,17,1,10,52,1,11
5,9,7.0,271,6,8,0,9,134,3,11
5,9,15.0,226,3,2,0,10,43,3,1
5,11,7.0,253,2,2,0,0,15,2,11
5,11,13.0,312,1,10,1,0,53,0,25
5,11,13.0,312,1,20,0,2,13,4,25
5,11,14.0,147,2,19,1,11,58,2,5
5,11,13.0,312,1,2,0,6,128,1,25
5,11,13.0,312,1,12,0,14,24,2,25
5,11,13.0,312,1,14,0,10,23,1,25
5,11,13.0,312,1,1,0,6,7,0,25
5,11,15.0,331,4,5,0,8,27,1,1
5,11,20.0,340,1,17,0,10,22,1,29
5,11,20.0,340,1,21,0,0,77,1,29
4,1,7.0,32,6,22,0,3,76,0,11
5,1,8.0,62,6,14,1,6,7,0,8
4,1,13.0,207,5,17,2,5,6,3,25
5,2,15.0,130,3,9,1,13,48,0,1
4,1,12.0,353,4,18,2,9,101,3,28
4,1,13.0,207,5,22,1,2,2,1,25
4,11,8.0,283,5,9,1,0,64,0,8
4,1,22.0,164,3,6,1,11,133,4,26
4,9,15.0,226,0,2,0,4,66,3,1
4,8,15.0,72,2,0,0,8,9,1,1
4,5,17.0,212,0,13,1,13,48,0,6
4,6,2.0,352,2,8,0,0,26,2,22
4,7,23.0,202,1,11,3,16,39,0,17
4,10,16.0,201,5,15,3,10,47,0,2
4,7,10.0,329,2,1,0,10,47,3,4
4,1,19.0,29,4,17,0,11,124,4,10
4,10,18.0,246,3,18,1,3,115,0,0
4,1,27.0,262,5,13,0,2,123,0,15
4,10,26.0,61,0,14,1,14,107,0,3
4,1,16.0,2,0,14,0,12,100,3,2
4,10,3.0,310,6,13,3,5,12,1,27
4,1,25.0,65,2,22,1,14,25,1,13
4,1,16.0,2,0,22,1,1,11,4,2
4,1,25.0,65,2,12,0,2,2,1,13
4,8,11.0,306,6,6,1,0,26,0,9
4,8,27.0,78,0,19,0,10,47,3,15
4,4,28.0,218,4,0,1,2,2,0,18
4,4,28.0,218,4,8,0,0,26,3,18
4,4,28.0,218,4,2,1,1,67,4,18
5,11,20.0,340,1,2,0,4,115,2,29
5,11,15.0,331,4,8,0,5,6,0,1
5,11,20.0,340,1,17,0,5,12,3,29
5,3,21.0,338,1,1,1,15,31,1,21
5,5,7.0,349,4,5,0,7,20,1,11
5,6,5.0,342,5,15,1,8,118,4,24
5,6,5.0,342,5,11,1,5,64,1,24
5,6,13.0,317,6,18,2,14,24,3,25
5,6,13.0,317,6,11,1,9,54,4,25
5,10,6.0,242,0,18,0,6,91,2,23
5,6,5.0,342,5,13,1,12,61,1,24
5,8,23.0,102,2,22,3,5,6,0,17
5,2,15.0,130,3,12,1,0,64,0,1
5,5,11.0,326,0,18,0,0,53,0,9
5,6,26.0,348,5,3,3,13,28,0,3
5,1,20.0,151,4,8,0,15,96,2,29
5,2,5.0,127,4,22,3,10,22,4,24
5,2,22.0,209,3,12,0,6,14,2,26
5,4,27.0,274,1,4,3,14,131,4,15
4,7,20.0,266,6,13,0,13,48,2,29
4,5,22.0,163,6,16,1,10,22,1,26
4,6,22.0,185,1,17,3,8,19,3,26
4,4,6.0,176,2,1,1,0,15,0,23
5,6,29.0,335,0,22,0,2,86,2,16
5,8,19.0,280,6,10,0,9,27,0,10
5,8,21.0,46,0,22,3,11,15,2,21
5,8,20.0,319,3,12,3,8,27,3,29
5,2,23.0,230,0,6,0,0,96,1,17
5,2,23.0,230,0,13,1,10,12,1,17
5,2,23.0,230,0,2,0,13,99,2,17
5,2,23.0,230,0,12,0,4,121,1,17
4,11,8.0,283,5,4,0,10,52,2,8
4,1,25.0,65,2,3,1,16,37,0,13
5,4,31.0,67,6,17,0,15,108,1,20
4,8,11.0,306,6,22,0,2,40,2,9
4,2,20.0,264,6,23,1,12,61,1,29
4,0,12.0,113,3,15,0,9,9,2,28
4,8,10.0,71,5,19,0,13,28,1,4
4,4,10.0,79,3,5,1,2,123,0,4
4,4,18.0,26,0,3,0,0,0,2,0
4,2,18.0,7,4,12,2,13,38,0,0
4,0,27.0,23,0,16,0,16,50,1,15
4,8,15.0,72,2,15,0,2,3,4,1
4,8,15.0,72,2,14,0,4,79,2,1
4,8,21.0,46,1,16,0,5,6,3,21
4,8,24.0,85,5,3,1,14,25,4,14
4,4,5.0,235,1,4,0,11,90,1,24
4,4,5.0,235,1,14,2,6,73,3,24
4,4,15.0,132,5,0,1,13,28,0,1
4,4,24.0,27,3,8,1,8,9,2,14
4,0,24.0,55,5,17,1,10,22,0,14
4,0,10.0,129,5,21,1,5,12,0,4
4,6,20.0,215,3,13,0,13,38,2,29
4,8,7.0,70,1,18,0,13,29,3,11
4,4,4.0,178,0,17,0,7,20,1,30
4,4,29.0,313,5,14,0,13,48,3,16
4,4,31.0,67,3,11,1,16,139,4,20
4,4,29.0,313,5,15,0,9,57,2,16
4,2,7.0,153,3,12,0,10,23,1,11
4,2,30.0,131,1,14,0,16,50,0,19
4,6,7.0,169,0,14,0,15,96,3,11
4,6,3.0,99,4,13,3,13,48,0,27
4,10,6.0,242,1,1,0,4,66,3,23
4,1,31.0,305,1,8,1,14,131,1,20
4,8,30.0,103,4,15,3,14,24,3,19
4,9,2.0,323,1,9,0,14,24,1,22
4,4,29.0,313,5,8,0,4,66,3,16
4,2,30.0,131,1,4,0,8,27,2,19
5,3,1.0,180,2,14,0,13,28,1,7
5,2,21.0,108,6,19,1,0,26,1,21
5,2,21.0,108,6,8,1,11,94,4,21
5,0,22.0,241,1,14,2,8,27,3,26
4,7,3.0,269,2,17,1,10,22,2,27
4,5,13.0,184,4,9,0,0,15,1,25
4,1,24.0,64,1,5,0,16,42,3,14
4,4,29.0,313,5,8,0,7,57,1,16
4,4,31.0,67,3,17,0,9,83,3,20
5,9,3.0,217,1,14,0,2,2,1,27
5,7,3.0,269,1,14,0,16,72,1,27
5,3,20.0,105,0,2,0,1,105,2,29
5,6,12.0,162,5,7,0,8,41,2,28
5,10,1.0,208,2,17,0,1,11,3,7
5,1,1.0,203,6,17,0,1,67,4,7
5,8,18.0,75,5,5,0,3,30,2,0
5,1,1.0,203,6,14,0,10,12,1,7
5,4,2.0,141,5,17,0,15,51,1,22
4,3,6.0,303,1,4,3,5,6,0,23
4,3,4.0,285,3,3,0,2,2,2,30
4,10,23.0,247,5,8,1,0,31,4,17
4,7,24.0,68,2,12,0,13,28,1,14
4,7,24.0,68,2,4,0,8,41,1,14
4,7,26.0,316,5,16,2,7,20,3,3
4,7,26.0,316,5,17,1,14,24,1,3
4,7,26.0,316,5,9,0,0,26,1,3
4,7,26.0,316,5,20,1,15,114,1,3
4,7,27.0,53,6,19,2,4,4,1,15
4,3,1.0,180,4,23,0,5,6,2,7
4,3,1.0,180,4,9,0,10,47,0,7
4,3,7.0,289,2,6,0,14,24,0,11
4,3,7.0,289,2,3,1,10,22,2,11
4,3,7.0,289,2,4,1,10,47,1,11
4,3,7.0,289,2,9,0,16,113,3,11
4,3,10.0,4,6,23,1,11,124,1,4
4,3,10.0,4,6,1,0,2,13,3,4
4,3,9.0,44,5,12,0,8,41,0,12
4,3,17.0,54,6,22,0,15,31,1,6
4,3,17.0,54,6,19,0,3,115,3,6
4,3,17.0,54,6,2,2,0,12,3,6
4,3,27.0,361,1,16,0,0,77,1,15
4,3,27.0,361,1,12,0,8,27,0,15
4,3,27.0,361,1,4,0,5,12,1,15
4,5,1.0,109,6,7,1,13,36,0,7
4,5,1.0,109,6,22,2,1,1,3,7
4,5,9.0,206,3,16,2,10,22,3,12
4,5,9.0,206,3,23,0,6,89,3,12
4,5,9.0,206,3,14,0,11,18,1,12
4,5,25.0,350,1,16,0,5,12,3,13
4,5,25.0,350,1,21,1,2,123,0,13
4,5,25.0,350,1,12,1,7,57,1,13
4,5,26.0,37,2,13,0,11,15,3,3
4,5,26.0,37,2,12,0,15,31,1,3
4,5,25.0,350,1,18,1,9,27,0,13
4,5,26.0,37,2,23,3,10,12,0,3
4,5,27.0,328,4,20,1,14,88,4,15
4,6,8.0,59,1,5,3,1,35,3,8
4,6,8.0,59,1,14,0,1,16,1,8
5,1,9.0,50,3,13,3,9,10,4,12
4,6,9.0,236,2,15,0,9,134,4,12
4,6,9.0,236,2,2,0,5,47,2,12
4,6,9.0,236,2,17,0,8,33,4,12
4,6,18.0,308,5,11,0,11,15,3,0
4,6,18.0,308,5,19,0,2,92,0,0
4,6,18.0,308,5,20,1,15,112,4,0
4,6,27.0,116,3,8,0,16,72,2,15
4,10,1.0,208,4,0,0,8,27,0,7
4,10,1.0,208,4,15,0,7,111,4,7
4,10,1.0,208,4,16,0,8,9,0,7
4,10,1.0,208,4,17,1,14,88,0,7
4,10,1.0,208,4,22,0,5,12,3,7
4,10,1.0,208,4,19,0,9,83,4,7
4,10,8.0,213,4,1,2,15,46,3,8
4,10,9.0,150,5,11,0,4,75,1,12
4,10,9.0,150,5,11,0,5,12,2,12
4,10,10.0,245,6,8,0,13,28,3,4
4,10,17.0,256,6,10,0,0,64,2,6
4,10,17.0,256,6,11,1,2,86,0,6
4,10,17.0,256,6,8,2,14,125,0,6
4,10,17.0,256,6,13,1,12,121,1,6
4,10,17.0,256,6,4,0,6,91,3,6
4,10,24.0,261,6,14,0,13,29,1,14
4,10,27.0,302,1,19,1,11,133,1,15
4,10,27.0,302,1,14,0,0,77,3,15
4,1,17.0,63,1,0,2,8,118,3,6
4,1,17.0,63,1,0,0,5,12,0,6
4,10,9.0,150,5,22,3,14,25,2,12
4,1,17.0,63,1,15,0,15,31,1,6
4,1,17.0,63,1,12,0,5,6,2,6
4,1,17.0,63,1,4,0,14,24,0,6
4,1,20.0,151,5,22,1,7,20,4,29
4,1,26.0,248,4,7,1,8,27,0,3
4,1,26.0,248,4,22,2,14,131,3,3
4,1,26.0,248,4,15,2,7,62,0,3
4,8,3.0,363,5,6,0,3,115,3,27
4,8,3.0,363,5,10,0,8,9,0,27
4,8,8.0,76,2,4,0,16,37,3,8
4,8,8.0,76,2,15,0,14,24,3,8
4,8,8.0,76,2,14,0,4,75,3,8
4,8,8.0,76,2,1,0,8,118,4,8
4,8,9.0,124,4,19,0,4,70,3,12
4,8,9.0,124,4,1,0,1,1,4,12
4,8,12.0,284,3,8,0,12,61,0,28
4,8,17.0,74,5,0,0,8,19,2,6
4,8,17.0,74,5,22,1,6,132,0,6
4,8,17.0,74,5,9,0,8,41,1,6
4,8,18.0,75,6,10,1,10,43,1,0
4,8,18.0,75,6,2,0,5,6,0,0
4,8,20.0,319,0,10,1,10,12,0,29
4,8,20.0,319,0,23,1,15,51,0,29
4,8,20.0,319,0,23,0,13,28,3,29
4,8,20.0,319,0,8,0,8,9,2,29
4,4,1.0,144,5,13,0,13,13,2,7
4,4,11.0,121,0,19,2,1,105,3,9
4,7,23.0,202,1,19,0,6,128,4,17
4,3,2.0,120,5,21,1,10,52,0,22
5,7,11.0,197,2,0,0,0,12,3,9
4,3,8.0,148,4,11,0,3,70,3,8
4,3,8.0,148,4,12,0,2,92,1,8
4,3,18.0,165,3,19,0,11,55,4,0
5,0,7.0,15,0,9,0,0,31,2,11
4,3,18.0,165,3,9,0,9,54,1,0
5,0,7.0,15,0,18,0,6,128,3,11
5,0,7.0,15,0,18,2,9,10,3,11
5,7,11.0,197,2,6,0,0,53,0,9
5,1,1.0,203,6,5,0,2,40,2,7
5,6,9.0,236,1,1,0,5,6,0,12
5,4,31.0,67,6,2,0,14,24,2,20
5,5,17.0,212,3,17,0,6,7,2,6
5,3,3.0,182,5,2,1,12,61,4,27
4,11,17.0,110,3,5,1,12,61,1,6
5,6,25.0,39,4,1,0,0,77,2,13
5,7,8.0,94,3,11,0,13,21,2,8
5,3,26.0,343,3,17,0,3,30,3,3
5,6,9.0,236,1,16,1,0,64,0,12
5,6,12.0,162,5,17,0,15,39,0,28
5,6,21.0,193,3,3,1,16,72,1,21
0,6,22.0,185,4,17,0,0,64,1,26
5,6,27.0,116,6,17,0,7,62,3,15
5,6,27.0,116,6,16,0,14,125,0,15
5,6,27.0,116,6,5,0,9,87,0,15
5,6,27.0,116,6,11,0,16,37,0,15
5,6,27.0,116,6,8,0,14,24,2,15
5,10,1.0,208,2,16,0,7,20,3,7
3,4,31.0,67,5,8,0,0,12,1,20
5,3,15.0,35,2,16,0,16,37,4,1
4,11,7.0,253,4,4,1,5,6,0,11
4,11,7.0,253,4,13,0,2,2,2,11
5,5,14.0,36,4,13,0,4,121,4,5
4,11,25.0,88,0,14,0,15,114,1,13
4,11,15.0,331,5,11,0,10,47,2,1
5,11,12.0,118,0,2,1,15,112,4,28
5,11,5.0,240,0,11,0,14,24,2,24
5,9,12.0,177,4,4,0,2,2,2,28
5,5,22.0,163,5,15,0,1,35,2,26
5,5,22.0,163,5,19,1,5,6,1,26
5,6,24.0,31,2,5,0,6,7,0,14
5,6,24.0,31,2,14,1,16,72,4,14
5,11,24.0,194,6,8,0,2,86,2,14
5,10,5.0,336,3,9,0,9,54,2,24
2,1,1.0,171,4,17,0,7,111,4,7
3,2,29.0,140,6,5,0,8,33,2,16
5,9,24.0,272,1,1,0,14,24,2,14
5,11,31.0,227,6,17,3,11,124,4,20
5,10,1.0,208,2,20,0,9,54,1,7
5,10,1.0,208,2,7,3,14,25,0,7
5,10,2.0,358,4,17,1,5,6,0,22
5,10,2.0,358,4,7,1,15,46,1,22
5,10,2.0,358,4,1,0,3,70,4,22
5,10,11.0,298,6,22,1,1,105,4,9
5,10,11.0,298,6,5,1,1,59,4,9
5,10,11.0,298,6,9,0,13,21,1,9
5,10,12.0,333,3,0,1,0,15,0,28
5,10,12.0,333,3,6,0,13,99,3,28
5,10,12.0,333,3,20,0,10,22,3,28
5,10,12.0,333,3,0,1,0,77,4,28
5,10,12.0,333,3,18,0,2,92,1,28
5,10,20.0,223,0,5,0,2,86,2,29
5,10,12.0,333,3,14,0,8,118,1,28
5,10,20.0,223,0,17,0,10,12,3,29
5,10,20.0,223,0,9,1,12,56,4,29
5,10,20.0,223,0,12,0,14,24,2,29
5,10,27.0,302,0,6,0,16,74,3,15
5,10,27.0,302,0,3,1,1,59,1,15
5,10,27.0,302,0,18,0,11,18,0,15
5,1,1.0,203,6,6,1,2,3,0,7
5,1,1.0,203,6,7,1,16,65,0,7
5,0,7.0,15,0,3,0,14,25,3,11
5,0,9.0,48,2,3,0,4,82,1,12
5,0,9.0,48,2,22,0,13,29,1,12
5,0,8.0,9,1,14,0,10,22,3,8
5,0,15.0,190,1,5,3,3,76,2,1
5,0,15.0,190,1,16,0,0,68,0,1
5,0,15.0,190,1,4,0,4,79,3,1
5,0,15.0,190,1,1,0,9,93,0,1
5,0,15.0,190,1,4,1,9,10,4,1
5,0,16.0,11,2,14,2,11,124,0,2
5,0,16.0,11,2,18,0,5,12,3,2
5,0,15.0,190,1,5,0,0,31,2,1
4,11,6.0,252,2,13,3,8,33,0,23
4,11,14.0,147,4,5,0,1,67,4,5
4,11,14.0,147,4,8,0,3,76,2,5
4,11,14.0,147,4,20,0,3,103,4,5
4,11,18.0,332,0,12,0,1,59,0,0
4,11,18.0,332,0,19,2,5,64,1,0
5,3,24.0,357,5,2,0,8,27,1,14
5,5,24.0,58,3,14,1,13,28,1,14
4,11,23.0,232,6,17,1,5,6,1,17
4,11,26.0,364,1,22,0,9,54,1,3
4,9,9.0,320,1,22,0,11,15,0,12
4,9,9.0,320,1,3,0,2,2,2,12
4,9,9.0,320,1,2,0,6,89,4,12
4,9,9.0,320,1,7,1,10,47,0,12
4,9,16.0,107,1,2,2,5,6,0,2
4,7,7.0,293,3,8,0,2,86,2,11
4,7,9.0,273,1,12,0,0,12,0,12
4,7,10.0,329,2,20,0,5,12,0,4
4,7,10.0,329,2,1,0,12,17,1,4
4,7,15.0,205,0,0,0,8,9,1,1
4,7,15.0,205,0,18,0,9,102,3,1
4,7,23.0,202,1,16,0,5,6,0,17
4,7,23.0,202,1,11,0,8,27,1,17
4,7,23.0,202,1,15,0,2,2,1,17
4,7,23.0,202,1,16,0,10,23,1,17
5,6,13.0,317,6,10,1,13,28,1,25
5,10,31.0,135,5,19,0,2,92,1,20
5,10,25.0,56,6,11,1,10,52,1,13
4,11,17.0,110,3,1,2,10,22,0,6
5,7,18.0,154,2,3,0,14,34,3,0
5,5,17.0,212,3,0,2,11,55,3,6
5,5,17.0,212,3,14,0,8,9,0,6
5,7,18.0,154,2,21,2,8,41,3,0
5,3,26.0,343,3,0,1,10,12,0,3
5,1,1.0,203,6,7,1,6,7,0,7
5,3,3.0,182,5,1,0,1,35,2,27
4,11,17.0,110,3,14,0,13,36,1,6
5,6,25.0,39,4,19,0,0,77,0,13
5,2,15.0,130,3,11,0,7,78,0,1
5,3,12.0,104,3,6,1,2,2,0,28
5,6,30.0,145,1,7,0,10,22,3,19
5,7,18.0,154,2,6,0,2,2,1,0
5,1,1.0,203,6,8,2,16,113,3,7
5,2,15.0,130,3,14,2,4,121,3,1
5,3,12.0,104,3,3,0,6,128,4,28
4,11,18.0,332,0,18,0,4,75,1,0
5,5,17.0,212,3,1,0,11,18,0,6
5,6,30.0,145,1,9,1,10,12,1,19
5,7,18.0,154,2,12,1,13,38,4,0
5,3,26.0,343,3,10,0,3,79,0,3
5,2,17.0,6,1,16,0,0,26,3,6
5,3,18.0,165,6,17,1,6,7,0,0
4,11,23.0,232,6,21,1,9,93,0,17
5,2,17.0,6,1,7,1,5,12,0,6
5,7,1.0,98,3,1,0,10,47,1,7
5,10,6.0,242,0,1,0,10,47,3,23
5,3,18.0,165,6,3,0,12,17,1,0
5,5,17.0,212,3,1,0,7,20,3,6
4,11,23.0,232,6,0,2,10,22,1,17
5,9,27.0,179,5,13,0,11,15,2,15
5,2,17.0,6,1,2,0,14,24,4,6
5,7,1.0,98,3,18,0,6,7,4,7
5,10,6.0,242,0,19,0,1,11,4,23
5,5,18.0,195,0,16,0,3,115,1,0
5,3,18.0,165,6,4,0,16,42,1,0
5,3,3.0,182,5,4,0,2,13,0,27
5,3,21.0,338,1,0,2,6,14,1,21
5,0,8.0,9,1,16,0,14,131,1,8
5,1,1.0,203,6,19,0,12,84,3,7
5,7,3.0,269,1,2,2,1,105,3,27
5,3,19.0,138,3,5,1,10,47,0,10
5,5,21.0,351,4,17,0,4,82,3,21
5,0,8.0,9,1,16,0,1,59,4,8
5,10,17.0,256,5,16,0,8,27,3,6
5,1,1.0,203,6,14,1,10,47,1,7
5,7,8.0,94,3,17,0,16,42,3,8
5,3,3.0,182,5,19,0,1,1,2,27
5,5,18.0,195,0,16,0,4,45,0,0
5,0,8.0,9,1,17,1,13,38,2,8
5,7,8.0,94,3,0,0,13,28,1,8
5,1,1.0,203,6,19,0,5,6,2,7
4,11,23.0,232,6,20,0,13,21,0,17
5,8,17.0,74,4,7,0,13,28,3,6
5,2,23.0,230,0,10,2,4,5,0,17
5,3,19.0,138,3,5,0,4,5,3,10
5,2,23.0,230,0,2,0,0,53,4,17
5,3,3.0,182,5,14,0,2,123,2,27
5,7,18.0,154,2,6,0,0,77,0,0
5,0,8.0,9,1,18,0,8,19,4,8
5,2,23.0,230,0,11,1,12,61,1,17
4,11,23.0,232,6,0,1,5,12,0,17
5,3,19.0,138,3,8,0,16,74,3,10
5,8,23.0,102,2,13,0,15,39,4,17
5,7,8.0,94,3,14,0,14,25,0,8
5,5,21.0,351,4,19,1,3,103,4,21
5,8,30.0,103,2,1,0,1,11,0,19
5,0,9.0,48,2,17,0,6,132,1,12
4,11,23.0,232,6,2,0,8,19,4,17
5,5,21.0,351,4,14,0,5,12,0,21
5,7,8.0,94,3,14,2,1,35,3,8
5,3,19.0,138,3,2,0,13,29,2,10
5,0,6.0,260,3,16,0,16,139,3,23
5,11,13.0,312,1,12,2,2,40,0,25
5,8,25.0,86,5,4,3,3,115,4,13
5,0,9.0,48,2,20,0,14,24,2,12
5,3,19.0,138,3,20,1,9,49,1,10
5,9,1.0,126,3,17,0,2,3,4,7
5,5,26.0,37,1,6,0,16,130,1,3
5,0,6.0,260,3,13,0,2,2,2,23
5,0,9.0,48,2,19,2,1,81,3,12
5,3,18.0,165,6,18,2,0,12,3,0
5,9,16.0,107,0,1,0,12,84,1,2
3,2,1.0,16,6,17,3,10,22,1,7
4,11,26.0,364,1,19,0,8,33,3,3
5,7,9.0,273,0,15,0,6,91,1,12
5,4,1.0,144,4,22,0,5,12,3,7
5,0,29.0,191,1,17,1,10,23,1,16
5,7,9.0,273,0,14,0,10,22,3,12
5,3,19.0,138,3,15,0,0,12,3,10
5,9,15.0,226,3,13,1,15,114,1,1
4,11,26.0,364,1,4,0,10,12,1,3
5,7,18.0,154,2,23,0,8,41,1,0
5,3,26.0,343,3,22,0,4,82,1,3
3,10,1.0,208,1,20,0,6,132,1,7
5,0,9.0,48,2,14,0,5,6,2,12
5,4,6.0,176,1,13,0,12,17,3,23
5,2,14.0,231,6,18,0,14,24,2,5
5,7,3.0,269,1,1,0,6,89,3,27
5,7,8.0,94,3,19,1,0,68,1,8
5,7,8.0,94,3,13,0,7,120,2,8
5,7,8.0,94,3,1,0,5,47,3,8
5,7,9.0,273,0,1,0,7,137,1,12
5,7,9.0,273,0,18,0,5,12,1,12
5,7,9.0,273,0,12,1,9,57,0,12
5,7,18.0,154,2,5,0,0,26,0,0
5,7,18.0,154,2,13,0,14,34,3,0
5,7,18.0,154,2,19,0,11,18,0,0
5,3,3.0,182,5,6,0,12,83,3,27
5,3,12.0,104,3,13,2,15,114,2,28
5,3,12.0,104,3,20,0,10,6,3,28
5,3,12.0,104,3,14,0,4,4,2,28
5,3,19.0,138,3,0,1,7,31,0,10
5,3,18.0,165,6,22,1,14,24,0,0
5,3,20.0,105,0,23,0,3,30,0,29
5,3,20.0,105,0,4,0,0,77,3,29
5,3,20.0,105,0,9,0,15,112,1,29
5,3,20.0,105,0,13,0,5,12,1,29
5,6,1.0,158,0,13,0,15,114,1,7
5,2,14.0,231,6,13,3,5,6,2,5
5,0,12.0,113,6,17,1,10,47,2,28
5,3,25.0,347,6,20,0,10,47,0,13
5,3,25.0,347,6,14,0,16,139,2,13
5,3,26.0,343,3,0,0,11,15,0,3
5,3,25.0,347,6,2,1,13,28,4,13
5,5,17.0,212,3,16,2,5,12,1,6
1,6,1.0,158,2,17,0,2,2,1,7
5,3,25.0,347,6,4,0,7,111,4,13
5,3,26.0,343,3,19,0,1,59,4,3
5,3,26.0,343,3,19,0,9,134,2,3
5,3,26.0,343,3,22,1,9,134,0,3
4,9,15.0,226,0,23,0,5,6,3,1
4,9,15.0,226,0,13,1,7,111,4,1
4,9,15.0,226,0,22,0,2,123,2,1
4,9,16.0,107,1,0,0,0,12,3,2
4,9,16.0,107,1,5,0,9,27,0,2
4,9,16.0,107,1,15,0,13,29,2,2
4,9,24.0,272,2,16,0,2,71,4,14
4,9,24.0,272,2,12,3,8,19,0,14
4,7,9.0,273,1,17,2,8,27,3,12
4,7,9.0,273,1,19,0,5,12,0,12
4,7,10.0,329,2,6,0,9,87,0,4
4,7,10.0,329,2,10,2,8,9,1,4
5,6,30.0,145,1,9,0,5,12,1,19
5,2,23.0,230,0,15,0,13,28,1,17
5,0,8.0,9,1,16,1,0,68,2,8
5,3,8.0,148,2,4,0,10,47,2,8
5,3,24.0,357,5,3,0,12,80,1,14
5,3,24.0,357,5,17,0,1,59,1,14
5,5,7.0,349,4,13,0,2,86,4,11
5,9,10.0,156,1,3,0,14,24,2,4
3,2,1.0,16,6,17,1,10,47,0,7
5,6,29.0,335,0,14,0,9,49,3,16
5,10,4.0,356,6,17,0,5,12,1,30
5,6,29.0,335,0,17,0,3,79,1,16
5,1,4.0,286,1,11,0,1,11,1,30
5,1,3.0,188,0,19,1,2,2,1,27
5,8,22.0,354,1,8,1,7,122,4,26
5,4,4.0,178,3,23,1,5,12,1,30
3,9,1.0,126,6,17,0,8,27,1,7
4,11,13.0,312,2,13,1,2,86,0,25
5,5,27.0,328,2,13,0,4,82,1,15
5,10,10.0,245,5,5,0,10,52,3,4
5,6,11.0,355,4,13,0,11,18,2,9
4,7,31.0,43,2,8,0,0,64,0,20
4,7,29.0,268,0,4,0,13,69,1,16
4,6,21.0,193,0,2,1,0,77,1,21
4,6,23.0,84,2,17,0,7,137,1,17
5,3,26.0,343,3,14,2,9,49,3,3
5,3,26.0,343,3,5,1,10,23,1,3
5,5,9.0,206,6,17,2,0,0,3,12
5,5,9.0,206,6,19,0,13,28,1,12
5,5,9.0,206,6,9,0,0,64,3,12
5,3,26.0,343,3,13,0,4,82,1,3
3,0,20.0,172,6,14,3,14,25,0,29
5,0,8.0,9,1,2,0,3,30,2,8
5,7,18.0,154,2,5,0,12,121,1,0
5,0,15.0,190,1,0,0,0,77,1,1
5,4,7.0,133,2,17,0,9,27,0,11
4,9,9.0,320,1,21,0,14,34,1,12
5,6,29.0,335,0,14,0,6,7,0,16
5,10,26.0,61,3,9,1,9,63,0,3
5,9,21.0,362,6,22,0,13,38,1,21
5,0,15.0,190,1,6,0,13,21,3,1
4,9,9.0,320,1,15,0,8,41,4,12
5,10,29.0,318,2,18,0,14,24,3,16
4,9,9.0,320,1,19,0,11,94,0,12
5,7,18.0,154,2,14,0,10,47,3,0
3,0,5.0,122,5,1,0,1,11,3,24
5,7,5.0,204,4,8,0,16,74,4,24
5,11,19.0,321,0,9,1,10,22,1,10
5,0,9.0,48,2,5,0,2,86,1,12
3,2,1.0,16,6,5,0,8,19,0,7
4,9,9.0,320,1,9,0,12,104,1,12
5,10,17.0,256,5,13,0,9,27,0,6
5,9,6.0,51,5,2,3,10,22,3,23
5,3,18.0,165,6,6,1,0,15,0,0
5,0,15.0,190,1,19,1,11,58,4,1
5,0,9.0,48,2,22,1,6,89,1,12
5,7,5.0,204,4,9,0,8,19,1,24
5,9,1.0,126,3,17,1,14,34,1,7
5,10,23.0,247,4,2,0,9,95,3,17
5,3,12.0,104,3,14,0,2,86,1,28
5,0,16.0,11,2,16,2,10,22,3,2
5,0,15.0,190,1,21,0,16,74,1,1
5,10,23.0,247,4,2,0,2,86,3,17
4,9,15.0,226,0,17,0,15,46,3,1
5,3,18.0,165,6,19,0,5,64,2,0
5,7,6.0,93,5,13,0,12,135,4,23
5,0,16.0,11,2,13,0,4,127,4,2
5,5,11.0,326,0,8,1,15,51,4,9
5,0,15.0,190,1,14,0,6,7,3,1
5,9,12.0,177,4,1,3,10,22,3,28
4,9,15.0,226,0,8,0,10,12,3,1
5,3,12.0,104,3,13,3,3,30,0,28
5,0,16.0,11,2,22,0,5,6,3,2
5,10,23.0,247,4,18,0,5,47,3,17
5,0,16.0,11,2,8,1,8,27,1,2
5,7,6.0,93,5,4,0,12,84,1,23
5,5,22.0,163,5,11,2,7,120,1,26
5,9,1.0,126,3,17,0,12,17,4,7
4,9,16.0,107,1,16,0,4,5,1,2
5,3,19.0,138,3,12,0,15,77,3,10
5,0,24.0,55,4,20,0,7,78,3,14
5,10,25.0,56,6,6,1,15,51,4,13
5,0,15.0,190,1,19,1,14,126,4,1
5,7,6.0,93,5,1,0,16,39,2,23
3,2,1.0,16,6,17,0,13,48,4,7
5,8,19.0,280,6,11,0,0,53,2,10
5,11,2.0,265,5,20,3,14,25,3,22
5,4,3.0,279,6,13,1,16,130,4,27
4,11,19.0,321,1,18,0,5,6,2,10
5,6,26.0,348,5,18,2,14,25,2,3
5,6,29.0,335,0,19,0,9,57,1,16
5,11,14.0,147,2,19,1,7,20,4,5
5,11,22.0,250,4,22,0,5,64,2,26
5,11,22.0,250,4,11,3,3,103,3,26
5,11,29.0,270,4,8,0,9,87,3,16
5,3,5.0,324,3,2,1,9,54,4,24
5,10,22.0,314,2,14,0,4,79,2,26
5,2,23.0,230,0,18,0,5,6,0,17
5,0,8.0,9,1,0,0,8,19,0,8
5,0,8.0,9,1,4,0,1,11,1,8
5,0,7.0,15,0,12,1,7,120,2,11
5,0,8.0,9,1,12,0,12,80,0,8
5,0,9.0,48,2,2,0,5,6,0,12
5,0,7.0,15,0,5,0,11,15,2,11
5,0,9.0,48,2,18,0,13,48,3,12
5,0,7.0,15,0,23,1,0,53,0,11
5,0,7.0,15,0,11,0,1,11,2,11
5,0,7.0,15,0,2,0,8,27,0,11
5,0,7.0,15,0,15,1,5,64,1,11
5,0,8.0,9,1,10,1,0,64,0,8
5,0,8.0,9,1,13,0,13,99,1,8
5,0,8.0,9,1,22,0,15,119,0,8
5,0,9.0,48,2,16,1,14,25,0,12
5,0,15.0,190,1,5,0,0,26,2,1
5,0,15.0,190,1,2,0,10,12,1,1
5,0,15.0,190,1,1,0,5,6,3,1
5,0,16.0,11,2,0,1,11,15,0,2
5,0,16.0,11,2,13,0,2,13,1,2
5,0,15.0,190,1,18,1,9,10,0,1
5,0,16.0,11,2,14,0,12,84,1,2
4,11,6.0,252,2,7,0,5,6,1,23
4,11,14.0,147,4,1,2,0,77,0,5
5,0,24.0,55,4,23,1,7,20,1,14
4,11,17.0,110,3,15,0,0,64,2,6
4,11,17.0,110,3,20,1,4,82,1,6
4,11,18.0,332,0,3,0,5,6,2,0
4,11,18.0,332,0,3,0,14,25,0,0
4,11,18.0,332,0,5,1,0,77,1,0
4,11,18.0,332,0,22,0,14,24,3,0
4,11,8.0,283,5,5,0,5,6,3,8
5,4,7.0,133,2,2,0,13,28,2,11
5,4,7.0,133,2,22,3,13,29,1,11
5,4,7.0,133,2,4,0,12,121,1,11
5,4,8.0,292,4,17,0,0,12,0,8
5,4,8.0,292,4,9,0,2,2,2,8
5,4,9.0,18,5,21,1,11,94,0,12
5,4,9.0,18,5,12,0,12,56,3,12
5,4,9.0,18,5,22,0,7,20,4,12
5,4,1.0,144,4,1,0,7,122,2,7
5,2,15.0,130,3,12,0,7,62,4,1
5,2,15.0,130,3,14,0,16,37,4,1
5,2,15.0,130,3,18,2,2,86,3,1
5,2,17.0,6,1,17,0,10,47,2,6
5,2,17.0,6,1,6,0,3,44,3,6
5,2,17.0,6,1,9,0,1,1,1,6
5,2,23.0,230,0,13,3,13,38,0,17
5,2,23.0,230,0,3,0,9,27,0,17
5,2,23.0,230,0,8,2,0,68,3,17
5,2,23.0,230,0,5,1,12,121,1,17
5,0,7.0,15,0,11,1,1,1,4,11
5,0,7.0,15,0,14,0,5,64,3,11
5,0,8.0,9,1,16,0,8,33,1,8
5,0,8.0,9,1,7,0,0,26,0,8
5,0,8.0,9,1,5,0,11,15,3,8
5,0,8.0,9,1,22,0,1,105,3,8
5,2,17.0,6,1,8,0,5,12,2,6
5,2,23.0,230,0,15,0,14,25,3,17
5,2,23.0,230,0,4,0,9,93,0,17
5,10,25.0,56,6,15,0,9,134,4,13
5,3,25.0,347,6,12,0,0,31,1,13
5,0,24.0,55,4,1,0,2,86,1,14
5,7,14.0,125,6,5,0,11,117,1,5
5,0,16.0,11,2,2,0,2,60,4,2
4,11,6.0,252,2,0,1,10,47,0,23
5,10,31.0,135,5,5,0,2,92,1,20
4,3,18.0,165,3,18,0,3,30,1,0
5,7,16.0,40,0,20,1,2,86,0,2
5,6,22.0,185,0,12,0,14,24,2,26
5,0,24.0,55,4,16,0,13,21,1,14
4,9,16.0,107,1,21,0,7,120,0,2
4,11,8.0,283,5,16,1,11,55,0,8
5,10,31.0,135,5,13,0,1,35,2,20
4,3,18.0,165,3,9,0,13,28,3,0
5,6,22.0,185,0,14,1,0,96,4,26
4,11,6.0,252,2,6,0,10,22,1,23
5,7,16.0,40,0,2,0,7,57,2,2
4,9,16.0,107,1,5,0,15,114,1,2
4,11,8.0,283,5,13,3,10,47,2,8
5,10,31.0,135,5,19,1,11,18,1,20
4,5,7.0,349,5,1,0,12,80,0,11
5,10,5.0,336,3,15,0,5,64,1,24
5,7,16.0,40,0,1,0,14,126,0,2
4,11,8.0,283,5,22,0,11,15,2,8
4,11,6.0,252,2,8,0,10,22,2,23
5,1,14.0,183,5,13,0,0,64,3,5
4,9,16.0,107,1,16,1,5,6,0,2
5,10,14.0,174,1,2,1,2,86,0,5
5,7,16.0,40,0,18,0,0,77,1,2
5,8,6.0,87,3,7,0,5,12,3,23
4,11,6.0,252,2,1,0,8,33,4,23
5,1,14.0,183,5,3,0,6,89,3,5
4,5,8.0,199,6,4,0,14,24,2,8
3,0,31.0,290,2,16,2,9,101,2,20
5,7,21.0,81,6,22,0,13,38,1,21
5,8,6.0,87,3,1,0,14,24,2,23
5,8,17.0,74,4,14,0,14,25,1,6
5,8,23.0,102,2,15,0,15,96,3,17
5,8,25.0,86,5,20,0,10,22,3,13
5,8,25.0,86,5,5,0,13,38,2,13
5,7,5.0,204,4,13,1,5,6,1,24
5,4,1.0,144,4,15,0,13,29,4,7
5,4,1.0,144,4,19,0,13,69,1,7
5,4,1.0,144,4,9,0,2,86,4,7
5,4,1.0,144,4,5,0,14,24,2,7
5,4,6.0,176,1,15,0,1,81,4,23
5,4,6.0,176,1,3,0,1,11,4,23
5,4,7.0,133,2,1,0,13,28,4,11
5,4,8.0,292,4,21,1,1,67,0,8
5,4,8.0,292,4,23,0,10,47,3,8
5,4,7.0,133,2,16,0,0,12,0,11
5,4,8.0,292,4,22,0,15,114,1,8
5,4,9.0,18,5,9,2,10,47,3,12
5,4,31.0,67,6,21,0,9,93,1,20
5,4,31.0,67,6,8,1,9,95,4,20
5,4,31.0,67,6,4,0,3,79,3,20
5,4,31.0,67,6,3,0,9,93,1,20
5,4,31.0,67,6,8,1,9,54,4,20
5,2,17.0,6,1,19,0,12,104,1,6
5,2,23.0,230,0,5,0,9,27,2,17
5,2,23.0,230,0,15,0,1,11,0,17
5,2,23.0,230,0,17,0,10,22,1,17
5,2,23.0,230,0,2,0,4,66,2,17
5,2,23.0,230,0,14,2,10,47,3,17
5,2,23.0,230,0,22,0,6,7,0,17
5,2,23.0,230,0,20,1,12,121,1,17
5,0,7.0,15,0,11,0,15,31,3,11
5,0,7.0,15,0,5,0,2,13,2,11
5,0,7.0,15,0,19,1,9,9,4,11
5,0,7.0,15,0,14,0,9,9,1,11
5,0,8.0,9,1,8,0,15,114,3,8
5,0,9.0,48,2,16,0,5,6,3,12
5,0,9.0,48,2,16,2,5,12,3,12
5,0,9.0,48,2,21,1,14,25,0,12
5,0,9.0,48,2,12,0,9,49,2,12
5,0,15.0,190,1,17,0,1,59,4,1
5,0,15.0,190,1,22,0,13,38,0,1
5,0,15.0,190,1,18,1,5,64,0,1
5,0,16.0,11,2,8,0,9,49,0,2
5,0,15.0,190,1,4,0,9,9,0,1
5,0,24.0,55,4,0,0,13,38,4,14
5,0,15.0,190,1,19,0,10,47,1,1
5,0,15.0,190,1,19,0,9,95,2,1
5,0,15.0,190,1,13,1,0,96,1,1
5,0,16.0,11,2,15,0,7,129,4,2
5,0,16.0,11,2,1,0,0,12,1,2
5,0,24.0,55,4,7,1,0,31,0,14
5,0,24.0,55,4,4,0,3,79,0,14
5,0,24.0,55,4,4,0,8,9,3,14
5,0,24.0,55,4,9,2,10,22,3,14
4,11,8.0,283,5,23,2,15,96,0,8
4,11,8.0,283,5,3,1,9,93,4,8
4,11,8.0,283,5,22,0,5,47,3,8
4,11,8.0,283,5,22,1,16,50,1,8
5,0,24.0,55,4,11,0,8,27,2,14
4,11,14.0,147,4,23,2,6,89,1,5
4,11,14.0,147,4,9,0,10,22,2,5
4,11,17.0,110,3,13,0,13,48,0,6
2,4,1.0,141,1,13,0,8,9,0,7
5,7,21.0,81,6,19,0,12,80,0,21
4,5,10.0,155,0,22,0,10,47,0,4
4,9,24.0,272,2,0,1,10,22,4,14
5,1,14.0,183,5,22,2,16,37,3,5
5,10,30.0,157,4,4,3,10,22,3,19
5,7,21.0,81,6,4,0,14,106,1,21
4,5,8.0,199,6,17,0,7,111,1,8
5,6,22.0,185,0,19,1,5,64,1,26
4,9,24.0,272,2,5,0,2,2,0,14
4,11,8.0,283,5,12,0,7,20,2,8
5,7,23.0,202,0,5,1,12,121,4,17
4,5,10.0,155,0,20,1,14,25,1,4
5,8,1.0,66,1,10,0,8,65,1,7
5,1,14.0,183,5,4,0,0,26,2,5
4,9,24.0,272,2,3,0,6,89,3,14
4,11,8.0,283,5,2,0,14,24,2,8
5,7,22.0,211,3,6,1,10,47,1,26
5,7,23.0,202,0,22,0,10,47,2,17
5,3,16.0,263,4,20,0,6,89,0,2
5,3,21.0,338,1,17,1,0,53,0,21
5,3,21.0,338,1,12,0,7,20,4,21
5,3,21.0,338,1,19,0,2,86,1,21
5,3,21.0,338,1,4,0,16,72,3,21
5,3,24.0,357,5,9,0,2,123,3,14
5,5,7.0,349,4,18,0,6,128,1,11
5,5,7.0,349,4,1,0,5,6,2,11
5,5,13.0,184,2,17,1,0,53,1,25
5,1,15.0,1,6,19,0,2,13,4,1
5,3,16.0,263,4,18,0,10,12,1,2
5,1,16.0,2,3,16,0,0,15,1,2
5,1,15.0,1,6,12,1,5,6,0,1
5,1,16.0,2,3,20,0,1,16,4,2
5,1,14.0,183,5,16,0,10,52,1,5
5,1,17.0,63,0,2,2,5,47,3,6
5,1,17.0,63,0,19,0,0,12,3,6
5,1,22.0,164,6,0,1,10,43,0,26
5,1,23.0,69,3,17,0,8,27,1,17
5,8,6.0,87,3,20,0,10,23,3,23
5,8,6.0,87,3,20,1,13,69,4,23
5,8,17.0,74,4,5,0,2,2,4,6
5,8,17.0,74,4,13,0,2,2,3,6
5,8,17.0,74,4,17,1,14,97,1,6
5,8,23.0,102,2,10,0,5,12,3,17
5,8,25.0,86,5,7,0,2,123,4,13
5,8,25.0,86,5,2,1,5,6,0,13
5,4,1.0,144,4,13,0,13,48,3,7
5,4,1.0,144,4,12,2,5,64,0,7
5,4,6.0,176,1,6,0,5,12,3,23
5,4,6.0,176,1,17,0,13,38,3,23
5,4,6.0,176,1,15,2,6,7,3,23
5,4,6.0,176,1,14,2,2,69,0,23
5,4,6.0,176,1,18,0,5,12,0,23
5,5,13.0,184,2,16,0,7,120,3,25
5,5,13.0,184,2,11,0,0,64,4,25
5,5,13.0,184,2,12,2,0,12,3,25
5,5,23.0,168,6,17,0,9,102,1,17
5,5,23.0,168,6,3,1,12,121,1,17
5,6,5.0,342,5,22,1,1,81,4,24
5,6,8.0,59,0,2,0,10,47,0,8
5,6,13.0,317,6,17,1,8,118,2,25
5,6,20.0,215,6,9,0,14,32,4,29
5,9,11.0,52,2,9,3,13,29,1,9
5,7,2.0,160,0,11,0,8,33,2,22
5,5,2.0,307,6,1,0,14,25,2,22
5,5,29.0,24,5,2,0,13,99,2,16
5,6,10.0,149,2,13,0,2,2,1,4
5,10,3.0,310,5,12,0,4,79,2,27
5,10,21.0,341,1,11,1,5,12,0,21
5,6,13.0,317,6,3,0,2,92,1,25
5,6,13.0,317,6,15,0,9,95,3,25
5,6,13.0,317,6,12,0,2,86,1,25
5,6,25.0,39,4,16,0,9,87,1,13
5,6,25.0,39,4,20,0,1,105,4,13
5,6,25.0,39,4,22,0,14,25,3,13
5,6,25.0,39,4,19,0,1,35,3,13
5,6,25.0,39,4,19,0,10,22,1,13
4,5,7.0,349,5,3,0,6,14,2,11
4,9,24.0,272,2,3,2,5,64,0,14
5,1,14.0,183,5,9,1,1,105,2,5
5,1,15.0,1,6,5,0,5,47,3,1
4,7,7.0,293,3,6,1,11,94,0,11
4,7,7.0,293,3,6,0,5,12,0,11
4,11,14.0,147,4,4,0,16,130,1,5
4,7,7.0,293,3,5,1,16,50,0,11
4,5,16.0,239,3,16,0,13,36,2,2
4,7,7.0,293,3,4,0,2,123,4,11
4,11,17.0,110,3,3,0,2,92,0,6
5,1,15.0,1,6,18,0,6,89,1,1
4,5,16.0,239,3,15,0,0,77,1,2
4,7,9.0,273,1,0,1,12,17,0,12
4,11,18.0,332,0,16,2,7,62,3,0
5,1,16.0,2,3,23,0,9,27,3,2
4,5,16.0,239,3,22,0,11,133,3,2
4,7,9.0,273,1,19,0,8,27,4,12
4,11,17.0,110,3,12,0,8,9,0,6
5,1,17.0,63,0,19,0,9,57,0,6
4,5,16.0,239,3,9,0,9,109,4,2
4,11,18.0,332,0,17,0,9,54,2,0
5,1,22.0,164,6,17,0,8,118,4,26
4,5,18.0,195,1,7,0,8,65,1,0
4,7,9.0,273,1,12,0,10,47,0,12
4,7,9.0,273,1,1,0,1,67,4,12
4,7,10.0,329,2,21,0,5,6,0,4
4,7,10.0,329,2,7,1,6,7,0,4
4,7,15.0,205,0,0,1,8,19,0,1
4,7,15.0,205,0,1,0,5,6,0,1
4,7,15.0,205,0,19,3,0,0,0,1
4,7,18.0,154,4,22,0,0,12,2,0
4,7,18.0,154,4,12,0,8,9,1,0
4,7,23.0,202,1,0,0,13,48,4,17
4,3,2.0,120,5,0,0,1,84,3,22
4,3,8.0,148,4,10,0,9,101,3,8
4,3,8.0,148,4,5,0,2,92,1,8
4,3,2.0,120,5,7,1,5,64,0,22
4,3,2.0,120,5,17,1,5,64,0,22
4,3,8.0,148,4,10,3,6,7,2,8
4,3,18.0,165,3,6,0,6,7,1,0
4,3,18.0,165,3,4,0,5,12,3,0
4,5,7.0,349,5,4,0,13,36,1,11
4,5,7.0,349,5,20,0,14,107,0,11
4,11,26.0,364,1,11,0,1,16,4,3
5,11,7.0,253,2,17,0,12,61,1,11
4,9,15.0,226,0,15,2,6,91,0,1
4,9,15.0,226,0,7,1,1,105,0,1
4,9,15.0,226,0,21,1,10,47,0,1
4,9,15.0,226,0,20,0,4,75,1,1
4,9,15.0,226,0,4,0,2,71,4,1
4,9,16.0,107,1,21,1,14,25,0,2
4,9,16.0,107,1,13,0,1,59,0,2
4,9,16.0,107,1,1,1,11,129,4,2
4,9,24.0,272,2,17,0,4,70,3,14
4,9,24.0,272,2,6,1,11,129,4,14
4,9,24.0,272,2,0,0,14,24,1,14
4,7,7.0,293,3,22,1,9,57,0,11
4,7,7.0,293,3,8,0,9,102,3,11
4,7,7.0,293,3,12,0,10,47,2,11
4,7,9.0,273,1,16,0,8,33,1,12
4,7,9.0,273,1,16,0,2,2,1,12
4,7,9.0,273,1,22,3,8,41,3,12
4,7,10.0,329,2,21,1,6,14,0,4
4,7,9.0,273,1,4,1,13,28,0,12
4,7,10.0,329,2,20,1,15,114,1,4
4,7,10.0,329,2,2,0,1,11,4,4
4,7,10.0,329,2,0,0,10,30,0,4
4,7,15.0,205,0,0,0,1,67,3,1
4,11,17.0,110,3,22,0,9,95,2,6
4,11,18.0,332,0,7,0,13,38,2,0
4,11,17.0,110,3,9,0,9,49,1,6
4,11,23.0,232,6,6,0,14,32,3,17
4,11,23.0,232,6,2,0,10,22,3,17
4,11,23.0,232,6,5,0,1,11,2,17
4,11,26.0,364,1,7,0,16,37,3,3
4,11,26.0,364,1,20,0,13,21,3,3
4,9,9.0,320,1,4,0,8,41,0,12
5,7,9.0,273,0,18,1,16,113,0,12
4,11,18.0,332,0,19,0,13,99,1,0
5,0,7.0,15,0,4,1,3,44,4,11
4,5,19.0,146,2,21,0,0,12,1,10
5,3,25.0,347,6,14,3,0,12,3,13
4,5,18.0,195,1,22,0,13,38,4,0
5,5,9.0,206,6,16,0,6,7,0,12
4,6,1.0,158,1,7,2,2,69,3,7
5,5,9.0,206,6,20,3,11,133,4,12
5,5,9.0,206,6,2,2,6,89,2,12
5,5,9.0,206,6,19,0,0,96,1,12
5,0,11.0,10,5,12,1,1,81,4,9
5,1,1.0,203,6,17,0,1,105,1,7
5,5,17.0,212,3,22,1,9,83,1,6
5,5,17.0,212,3,20,0,8,65,2,6
5,5,18.0,195,0,22,0,0,12,0,0
5,5,21.0,351,4,19,0,0,31,4,21
5,5,21.0,351,4,4,0,14,34,4,21
5,5,21.0,351,4,9,0,3,30,3,21
5,5,26.0,37,1,17,0,0,31,1,3
5,5,26.0,37,1,16,0,13,4,2,3
5,5,26.0,37,1,16,0,5,64,3,3
5,5,26.0,37,1,13,0,13,28,4,3
5,6,1.0,158,0,12,2,11,18,3,7
5,6,2.0,352,1,6,0,13,38,4,22
5,6,2.0,352,1,6,0,13,99,1,22
5,6,2.0,352,1,3,0,14,32,0,22
5,1,22.0,164,6,13,0,0,53,3,26
5,6,2.0,352,1,8,0,2,92,4,22
5,5,17.0,212,3,4,0,16,139,3,6
5,5,18.0,195,0,3,0,10,47,3,0
5,5,18.0,195,0,2,0,9,54,3,0
5,5,18.0,195,0,19,0,0,77,1,0
5,5,21.0,351,4,17,1,7,8,4,21
5,5,21.0,351,4,19,0,10,30,0,21
5,5,21.0,351,4,9,0,16,108,3,21
5,5,26.0,37,1,16,0,10,22,1,3
5,5,26.0,37,1,2,0,2,123,4,3
5,6,1.0,158,0,10,0,14,24,3,7
5,6,1.0,158,0,10,0,5,12,3,7
5,6,1.0,158,0,15,0,8,9,1,7
5,6,2.0,352,1,0,0,0,53,0,22
5,6,2.0,352,1,13,0,15,77,2,22
5,6,2.0,352,1,6,0,5,64,0,22
5,6,3.0,99,2,21,0,10,22,1,27
5,6,3.0,99,2,22,0,6,116,4,27
5,6,4.0,159,4,2,0,8,9,0,30
5,6,4.0,159,4,12,0,8,118,3,30
5,6,9.0,236,1,0,1,10,47,1,12
5,6,9.0,236,1,22,0,9,93,1,12
5,6,9.0,236,1,8,1,12,135,4,12
5,6,21.0,193,3,6,0,10,22,3,21
5,6,21.0,193,3,21,1,5,64,0,21
5,6,21.0,193,3,8,0,5,6,3,21
5,6,21.0,193,3,13,0,9,93,3,21
5,6,3.0,99,2,6,0,0,12,0,27
5,6,3.0,99,2,5,0,3,79,1,27
5,6,3.0,99,2,20,0,4,75,1,27
5,5,26.0,37,1,2,0,0,12,1,3
5,6,4.0,159,4,0,1,3,30,1,30
5,6,4.0,159,4,15,0,15,51,3,30
5,6,4.0,159,4,4,1,4,45,4,30
4,11,7.0,253,4,1,1,2,2,0,11
4,6,1.0,158,1,8,0,10,22,3,7
5,4,8.0,292,4,15,0,13,69,4,8
5,1,22.0,164,6,4,0,3,79,1,26
4,6,1.0,158,1,18,2,16,50,3,7
5,4,8.0,292,4,12,0,9,49,3,8
5,1,22.0,164,6,18,0,2,123,4,26
4,6,1.0,158,1,12,0,5,12,3,7
5,4,9.0,18,5,0,1,3,115,2,12
5,1,16.0,2,3,0,1,13,69,4,2
5,4,8.0,292,4,4,0,10,47,3,8
5,1,23.0,69,3,5,0,14,106,0,17
5,1,23.0,69,3,20,1,7,137,1,17
5,8,6.0,87,3,20,0,12,80,1,23
5,8,6.0,87,3,2,0,16,113,3,23
5,8,6.0,87,3,15,1,13,13,1,23
5,8,6.0,87,3,9,0,14,126,3,23
5,8,23.0,102,2,6,0,15,119,3,17
5,8,23.0,102,2,16,1,0,0,0,17
5,3,24.0,357,5,9,3,16,65,0,14
5,8,23.0,102,2,22,0,0,64,3,17
5,8,23.0,102,2,15,0,13,28,4,17
5,8,23.0,102,2,9,0,14,24,2,17
5,4,1.0,144,4,21,0,0,26,1,7
5,4,6.0,176,1,17,0,8,27,1,23
5,4,6.0,176,1,6,0,7,137,1,23
5,4,6.0,176,1,20,0,16,130,1,23
5,4,6.0,176,1,4,0,12,61,0,23
5,4,1.0,144,4,17,2,6,89,3,7
5,4,9.0,18,5,1,2,1,35,3,12
5,4,31.0,67,6,22,0,8,9,1,20
5,4,31.0,67,6,22,1,6,116,1,20
5,2,15.0,130,3,17,0,8,33,1,1
5,2,15.0,130,3,21,1,10,47,0,1
5,2,15.0,130,3,8,0,13,69,2,1
5,2,17.0,6,1,19,0,3,44,3,6
5,4,8.0,292,4,15,0,9,58,2,8
5,4,6.0,176,1,17,1,9,57,2,23
5,4,9.0,18,5,19,0,8,41,3,12
5,4,9.0,18,5,2,0,13,28,3,12
5,4,9.0,18,5,0,0,13,48,0,12
5,4,31.0,67,6,8,0,10,47,3,20
5,4,31.0,67,6,14,2,6,89,3,20
5,2,15.0,130,3,21,1,7,57,0,1
5,2,15.0,130,3,13,0,8,19,2,1
5,2,17.0,6,1,17,0,14,25,0,6
5,2,17.0,6,1,5,0,1,11,4,6
5,2,17.0,6,1,19,1,12,58,4,6
5,2,23.0,230,0,6,2,6,7,3,17
5,2,23.0,230,0,12,0,5,6,2,17
5,2,23.0,230,0,14,0,0,15,4,17
5,2,23.0,230,0,9,0,9,49,4,17
5,3,19.0,138,3,11,1,4,138,4,10
5,3,19.0,138,3,9,2,13,36,2,10
5,3,20.0,105,0,6,0,14,107,1,29
5,3,20.0,105,0,16,1,13,99,1,29
5,3,20.0,105,0,14,0,2,40,1,29
5,3,20.0,105,0,4,0,2,86,3,29
5,3,25.0,347,6,15,0,12,56,0,13
5,3,25.0,347,6,15,0,12,83,3,13
4,6,24.0,31,4,9,0,8,27,2,14
4,6,24.0,31,4,17,0,10,47,0,14
4,10,3.0,310,6,1,0,9,57,4,27
4,10,18.0,246,3,16,0,16,42,3,0
4,10,18.0,246,3,7,0,16,50,1,0
4,10,18.0,246,3,16,2,1,11,3,0
4,7,10.0,329,2,6,1,0,0,0,4
4,7,15.0,205,0,8,0,9,54,3,1
4,7,18.0,154,4,20,0,10,47,2,0
4,3,2.0,120,5,15,0,8,41,2,22
4,3,2.0,120,5,4,0,9,134,2,22
4,3,8.0,148,4,6,1,9,54,3,8
4,3,8.0,148,4,3,0,8,9,1,8
4,3,18.0,165,3,13,0,0,15,1,0
4,5,8.0,199,6,21,1,14,32,0,8
4,5,8.0,199,6,21,0,13,36,1,8
4,5,8.0,199,6,10,1,1,1,4,8
4,5,8.0,199,6,20,0,1,59,1,8
4,5,10.0,155,0,13,2,13,21,0,4
4,5,10.0,155,0,5,1,1,59,1,4
4,5,10.0,155,0,9,0,10,47,0,4
4,5,16.0,239,3,1,0,2,2,3,2
4,5,18.0,195,1,10,0,2,2,1,0
5,8,17.0,74,4,8,0,5,6,3,6
4,5,18.0,195,1,0,1,10,47,0,0
4,5,18.0,195,1,14,0,6,132,3,0
4,5,18.0,195,1,13,1,9,93,0,0
4,5,18.0,195,1,15,1,3,115,4,0
4,5,19.0,146,2,3,0,12,100,4,10
4,6,1.0,158,1,19,0,9,102,1,7
4,6,1.0,158,1,9,0,8,9,3,7
4,10,3.0,310,6,12,0,9,54,3,27
4,10,18.0,246,3,0,1,7,111,0,0
4,10,18.0,246,3,7,1,15,114,0,0
4,6,1.0,158,1,17,3,9,95,1,7
4,10,18.0,246,3,19,0,15,31,4,0
4,10,18.0,246,3,14,0,16,39,3,0
4,10,18.0,246,3,18,0,8,27,1,0
4,10,18.0,246,3,8,2,12,80,3,0
4,10,26.0,61,0,16,0,3,30,3,3
4,10,26.0,61,0,23,0,11,15,2,3
5,4,6.0,176,1,5,1,10,52,4,23
5,4,9.0,18,5,14,0,5,6,2,12
5,4,9.0,18,5,13,1,0,31,4,12
5,4,31.0,67,6,10,0,3,79,1,20
5,4,31.0,67,6,1,0,2,123,3,20
5,2,15.0,130,3,7,0,12,61,1,1
5,2,15.0,130,3,20,0,12,61,4,1
5,2,15.0,130,3,8,0,6,89,0,1
5,2,17.0,6,1,5,3,15,114,3,6
5,2,15.0,130,3,8,1,16,130,2,1
5,2,17.0,6,1,3,1,10,47,1,6
5,2,17.0,6,1,4,1,6,91,4,6
5,4,6.0,176,1,1,2,10,47,3,23
5,4,6.0,176,1,1,1,9,134,4,23
5,4,7.0,133,2,6,2,5,0,0,11
5,4,7.0,133,2,16,0,4,5,1,11
3,8,1.0,66,0,17,0,11,117,2,7
5,7,2.0,160,0,19,3,8,33,0,22
5,8,11.0,306,5,14,0,4,127,4,9
5,7,10.0,329,1,9,0,0,26,1,4
5,9,11.0,52,2,9,0,10,47,3,9
5,7,12.0,181,4,23,1,14,24,1,28
3,0,1.0,8,0,4,0,13,38,3,7
5,5,3.0,161,3,15,0,4,5,1,27
5,5,12.0,327,1,19,1,13,48,4,28
5,5,1.0,109,5,13,3,12,83,4,7
3,2,18.0,7,1,11,0,10,23,1,0
5,11,26.0,364,0,13,1,0,77,1,3
5,11,27.0,322,1,10,0,16,50,1,15
5,8,5.0,101,6,9,0,13,99,2,24
5,8,28.0,224,0,22,3,2,92,2,18
5,8,29.0,301,1,0,2,9,95,3,16
5,4,5.0,235,0,17,0,5,64,2,24
5,4,5.0,235,0,2,1,14,24,0,24
5,7,27.0,53,5,19,0,13,69,2,15
4,11,15.0,331,5,4,0,5,6,2,1
5,5,22.0,163,5,11,0,0,77,1,26
4,11,16.0,225,6,5,3,6,7,0,2
4,11,25.0,88,0,14,1,1,1,4,13
5,9,6.0,51,5,19,1,3,79,0,23
5,9,12.0,177,4,8,0,6,91,3,28
5,5,6.0,277,2,2,2,16,65,0,23
3,2,30.0,131,3,13,1,10,47,1,19
5,6,24.0,31,2,1,0,9,93,1,14
5,10,5.0,336,3,2,2,16,42,3,24
5,9,12.0,177,4,17,3,4,4,0,28
5,4,7.0,133,2,21,0,8,27,3,11
5,4,8.0,292,4,2,0,13,48,1,8
3,9,28.0,315,5,9,0,3,103,3,18
5,7,6.0,93,5,5,0,2,40,2,23
5,3,16.0,263,4,2,0,12,61,4,2
5,4,8.0,292,4,3,0,8,27,1,8
5,4,9.0,18,5,12,0,10,47,3,12
5,4,8.0,292,4,21,1,14,24,0,8
5,6,8.0,59,0,12,0,6,89,1,8
4,9,24.0,272,2,16,0,14,34,1,14
4,7,7.0,293,3,20,0,8,27,0,11
4,7,7.0,293,3,3,0,3,103,2,11
4,7,9.0,273,1,13,0,8,27,1,12
4,7,9.0,273,1,20,1,11,15,1,12
4,1,2.0,171,0,9,2,10,22,2,22
4,1,2.0,171,0,9,0,2,86,0,22
4,1,3.0,188,1,6,0,8,14,3,27
4,1,3.0,188,1,0,2,9,134,3,27
5,5,9.0,206,6,7,0,10,22,2,12
5,1,21.0,45,5,11,0,15,31,3,21
3,4,25.0,20,6,11,0,10,12,3,13
5,8,18.0,75,5,9,0,5,12,2,0
4,1,2.0,171,0,18,1,6,7,0,22
4,1,3.0,188,1,9,0,15,77,3,27
4,1,9.0,50,0,0,1,9,134,4,12
4,1,9.0,50,0,3,0,1,35,3,12
4,1,11.0,111,2,10,0,10,12,1,9
4,1,9.0,50,0,9,2,11,55,4,12
5,8,17.0,74,4,12,0,0,26,2,6
5,8,17.0,74,4,2,0,13,69,2,6
5,4,1.0,144,4,5,1,16,72,1,7
5,4,9.0,18,5,4,1,0,0,2,12
4,1,16.0,2,0,21,0,8,118,0,2
4,1,16.0,2,0,4,0,16,37,1,2
4,1,16.0,2,0,14,0,4,75,3,2
4,1,25.0,65,2,12,1,10,47,2,13
4,1,28.0,300,6,7,2,2,2,0,18
4,5,9.0,206,3,18,1,9,87,2,12
4,3,18.0,165,3,19,0,1,35,3,0
4,1,28.0,300,6,1,0,7,20,3,18
4,8,11.0,306,6,20,0,14,24,2,9
5,1,27.0,262,4,3,0,5,6,0,15
5,1,30.0,100,3,17,1,12,56,4,19
4,3,4.0,285,3,22,0,16,42,2,30
4,5,6.0,277,4,18,0,11,15,1,23
5,8,2.0,77,2,0,0,10,30,0,22
5,8,2.0,77,2,23,0,8,9,1,22
5,8,2.0,77,2,20,0,14,24,3,22
5,8,2.0,77,2,4,0,8,33,1,22
5,8,2.0,77,2,1,0,8,41,1,22
5,8,12.0,284,6,3,0,8,9,3,28
5,8,12.0,284,6,8,2,13,69,3,28
5,8,13.0,189,3,17,2,16,65,3,25
5,8,18.0,75,5,4,0,10,22,2,0
3,2,2.0,143,3,22,3,16,72,0,22
5,5,9.0,206,6,3,0,3,70,0,12
5,5,9.0,206,6,14,0,9,57,0,12
5,5,9.0,206,6,14,0,5,6,3,12
5,5,17.0,212,3,3,0,13,36,1,6
5,5,17.0,212,3,1,2,1,35,3,6
5,8,28.0,224,0,4,0,7,120,4,18
5,4,30.0,139,5,4,1,14,25,2,19
5,2,12.0,128,4,13,3,2,3,4,28
5,2,21.0,108,6,13,3,6,7,3,21
5,0,14.0,5,0,18,0,0,85,0,5
5,0,14.0,5,0,9,1,16,50,0,5
5,8,12.0,284,6,18,2,5,0,2,28
5,5,20.0,214,2,4,2,0,68,2,29
5,3,1.0,180,2,17,0,9,134,1,7
5,3,1.0,180,2,14,0,14,126,1,7
5,6,20.0,215,6,2,0,0,53,3,29
5,10,13.0,346,0,12,3,14,24,3,25
4,9,2.0,323,1,1,0,9,102,1,22
4,5,5.0,96,2,3,0,12,84,1,24
4,5,13.0,184,4,7,1,10,43,0,25
3,3,1.0,180,1,14,0,4,4,1,7
5,8,29.0,301,1,19,1,14,97,0,16
4,10,31.0,135,6,19,0,4,5,0,20
4,1,24.0,64,1,19,1,0,26,2,14
4,1,31.0,305,1,19,0,6,7,0,20
5,4,20.0,115,1,1,0,1,11,0,29
5,5,17.0,212,3,7,1,5,64,0,6
5,5,17.0,212,3,10,3,4,75,0,6
5,5,21.0,351,4,17,0,1,1,3,21
5,5,21.0,351,4,4,0,11,98,4,21
5,5,26.0,37,1,23,1,10,22,0,3
5,6,1.0,158,0,1,0,5,12,3,7
5,6,2.0,352,1,23,0,10,22,3,22
5,6,2.0,352,1,5,0,10,22,0,22
5,6,4.0,159,4,2,0,2,92,0,30
5,6,4.0,159,4,2,0,12,56,1,30
5,6,4.0,159,4,14,0,13,38,0,30
5,6,9.0,236,1,16,0,10,12,0,12
5,6,9.0,236,1,13,0,13,28,1,12
4,7,18.0,154,4,4,2,1,11,3,0
5,8,18.0,75,5,1,2,2,86,2,0
4,7,18.0,154,4,3,1,12,121,1,0
5,1,21.0,45,5,15,0,0,53,0,21
5,3,12.0,104,3,7,1,14,107,0,28
5,6,6.0,83,6,1,0,12,83,1,23
5,7,8.0,94,3,12,0,13,21,3,8
4,3,18.0,165,3,11,1,8,41,1,0
5,8,13.0,189,3,8,0,10,47,3,25
4,10,26.0,61,0,9,0,6,7,0,3
5,8,30.0,103,2,13,0,7,62,3,19
5,1,21.0,45,5,21,1,1,105,0,21
4,10,18.0,246,3,5,0,10,23,1,0
5,8,26.0,278,6,14,0,9,93,1,3
4,7,23.0,202,1,23,1,3,30,0,17
4,5,7.0,349,5,20,1,14,107,4,11
5,3,12.0,104,3,8,0,5,6,3,28
5,5,17.0,212,3,23,0,1,11,4,6
5,3,12.0,104,3,12,0,2,86,4,28
5,4,2.0,141,5,3,1,2,86,1,22
4,8,12.0,284,3,23,1,0,96,1,28
4,1,1.0,203,3,11,0,16,65,1,7
4,6,19.0,291,6,18,3,10,47,1,10
4,7,23.0,202,1,14,2,10,47,3,17
4,7,19.0,330,5,15,0,8,41,2,10
5,5,17.0,212,3,5,0,7,122,2,6
4,5,7.0,349,5,22,1,8,65,1,11
4,1,3.0,188,1,22,0,13,28,1,27
5,8,12.0,284,6,4,0,14,25,1,28
5,3,5.0,324,3,3,1,9,54,4,24
5,11,22.0,250,4,18,0,10,47,3,26
4,1,1.0,203,3,14,0,0,26,2,7
4,5,6.0,277,4,5,1,13,38,0,23
4,5,7.0,349,5,9,1,15,31,1,11
5,5,17.0,212,3,1,0,13,38,3,6
4,7,15.0,205,0,12,0,5,47,2,1
4,1,3.0,188,1,17,0,6,91,2,27
5,8,13.0,189,3,5,0,10,23,3,25
5,9,4.0,295,2,9,0,3,76,4,30
5,7,19.0,330,4,13,0,0,68,1,10
4,1,9.0,50,0,16,0,13,48,3,12
5,1,21.0,45,5,2,0,13,36,1,21
4,5,7.0,349,5,9,3,1,1,4,11
5,0,31.0,290,4,13,3,13,38,0,20
4,3,2.0,120,5,22,0,2,2,3,22
5,5,9.0,206,6,17,0,1,11,4,12
5,8,13.0,189,3,1,0,13,48,3,25
5,5,5.0,96,1,7,0,2,86,3,24
5,11,8.0,283,4,19,0,1,16,4,8
5,6,11.0,355,4,5,0,10,22,1,9
5,10,4.0,356,6,7,3,0,77,0,30
3,6,1.0,158,3,17,0,8,9,1,7
5,9,26.0,267,4,12,0,12,80,2,3
5,1,13.0,207,4,6,1,14,131,4,25
5,1,18.0,82,1,9,3,9,93,4,0
5,8,21.0,46,0,18,0,11,133,3,21
5,8,20.0,319,3,13,0,10,52,2,29
5,2,13.0,276,5,5,0,1,67,2,25
5,2,22.0,209,3,19,1,9,83,0,26
3,10,1.0,208,1,9,0,6,91,1,7
4,11,5.0,240,1,14,1,1,16,0,24
4,1,11.0,111,2,1,0,9,10,3,9
4,1,11.0,111,2,4,0,10,12,3,9
4,11,18.0,332,0,18,2,12,56,1,0
4,11,17.0,110,3,0,2,4,103,3,6
4,11,23.0,232,6,19,0,11,117,0,17
4,11,26.0,364,1,12,0,13,21,2,3
4,9,15.0,226,0,16,0,7,120,4,1
4,9,15.0,226,0,3,0,10,47,2,1
4,9,15.0,226,0,13,0,2,40,2,1
4,9,16.0,107,1,13,2,5,6,0,2
4,9,16.0,107,1,9,0,7,111,1,2
4,9,24.0,272,2,16,0,2,40,4,14
4,9,24.0,272,2,16,0,0,15,1,14
4,9,24.0,272,2,18,0,13,29,1,14
4,9,24.0,272,2,7,1,5,6,0,14
4,7,7.0,293,3,8,1,1,1,1,11
4,7,9.0,273,1,0,0,7,111,3,12
5,9,14.0,106,6,2,0,9,27,2,5
5,7,13.0,238,5,19,0,0,77,1,25
5,3,7.0,289,1,5,0,10,43,1,11
5,11,6.0,252,1,15,0,13,99,1,23
5,6,7.0,169,3,19,0,2,2,1,11
5,6,7.0,169,3,15,0,8,27,2,11
5,10,16.0,201,4,13,1,13,69,0,2
5,10,15.0,60,2,13,1,11,124,1,1
5,2,16.0,220,0,22,0,5,6,0,2
5,5,16.0,239,6,1,0,0,77,3,2
5,0,1.0,8,1,19,0,4,5,1,7
5,2,24.0,22,1,17,0,12,104,4,14
5,5,16.0,239,6,9,0,10,12,1,2
4,9,18.0,359,4,8,0,8,41,4,0
4,9,23.0,167,1,23,1,11,55,4,17
5,5,31.0,196,3,22,0,9,95,2,20
4,7,8.0,94,0,18,0,2,2,4,8
4,7,8.0,94,0,1,2,0,77,0,8
4,7,8.0,94,0,14,1,10,22,0,8
5,9,14.0,106,6,6,0,6,89,1,5
5,7,15.0,205,3,7,0,2,86,0,1
5,7,15.0,205,3,4,1,3,115,1,1
5,3,5.0,324,3,13,0,9,134,3,24
3,0,13.0,198,6,5,0,13,38,0,25
5,5,30.0,294,6,2,3,6,7,0,19
5,10,15.0,60,2,3,3,1,11,3,1
5,8,24.0,85,4,1,0,14,24,2,14
0,0,1.0,8,5,13,0,7,62,0,7
5,7,29.0,268,3,23,0,14,24,2,16
5,0,1.0,8,1,17,0,3,44,1,7
5,5,16.0,239,6,18,0,10,6,2,2
5,5,16.0,239,6,15,0,7,111,4,2
4,9,6.0,51,6,20,0,11,133,0,23
4,9,7.0,271,3,5,1,3,30,4,11
5,0,1.0,8,1,13,0,8,9,2,7
4,7,1.0,98,0,17,0,8,27,3,7
4,10,17.0,256,6,1,0,2,69,3,6
4,10,24.0,261,6,13,1,12,56,4,14
5,3,20.0,105,0,19,0,2,86,4,29
5,3,20.0,105,0,8,0,15,51,1,29
5,3,20.0,105,0,14,2,6,89,3,29
5,3,19.0,138,3,5,0,14,24,2,10
5,3,25.0,347,6,0,0,16,65,1,13
5,3,25.0,347,6,10,0,16,37,4,13
5,3,25.0,347,6,15,0,16,50,2,13
5,3,26.0,343,3,2,2,9,54,2,3
5,3,26.0,343,3,2,3,14,25,3,3
5,3,26.0,343,3,14,0,8,27,0,3
5,3,26.0,343,3,4,0,15,114,3,3
5,5,9.0,206,6,12,1,7,122,4,12
5,6,7.0,169,3,8,0,15,112,3,11
5,8,13.0,189,3,15,1,16,108,4,25
4,3,2.0,120,5,19,0,13,21,1,22
5,5,9.0,206,6,9,0,8,41,4,12
4,11,12.0,118,1,18,3,0,85,3,28
5,1,21.0,45,5,22,0,5,6,1,21
4,5,8.0,199,6,14,0,5,6,3,8
5,6,6.0,83,6,17,0,6,128,1,23
5,8,18.0,75,5,16,0,10,23,1,0
5,1,27.0,262,4,0,2,7,62,3,15
5,5,17.0,212,3,12,0,1,11,4,6
4,3,8.0,148,4,10,1,14,24,0,8
5,0,6.0,260,3,4,1,16,130,2,23
5,5,17.0,212,3,1,0,11,94,3,6
4,1,9.0,50,0,19,0,4,45,1,12
5,10,15.0,60,2,21,1,1,59,4,1
5,8,18.0,75,5,21,1,15,39,4,0
5,5,18.0,195,0,17,0,0,64,1,0
4,3,8.0,148,4,19,0,0,96,3,8
5,5,18.0,195,0,20,0,9,95,1,0
5,1,27.0,262,4,21,2,6,128,1,15
5,1,26.0,248,2,14,2,1,59,0,3
4,1,9.0,50,0,4,2,1,16,1,12
5,8,18.0,75,5,12,0,9,102,2,0
5,5,18.0,195,0,17,1,1,105,0,0
4,3,18.0,165,3,21,1,15,114,2,0
5,5,18.0,195,0,22,0,13,13,1,0
5,5,17.0,212,3,20,0,0,64,3,6
5,5,21.0,351,4,22,0,8,41,3,21
5,5,21.0,351,4,4,0,15,46,1,21
5,5,26.0,37,1,6,0,15,39,1,3
5,6,1.0,158,0,5,1,14,24,1,7
5,6,1.0,158,0,13,0,10,22,0,7
5,5,26.0,37,1,23,0,5,12,2,3
5,5,26.0,37,1,11,0,8,27,3,3
5,0,29.0,191,1,13,0,0,12,1,16
5,4,11.0,121,3,5,0,10,12,2,9
5,5,26.0,37,1,11,0,6,132,2,3
5,5,26.0,37,1,21,2,12,121,3,3
5,5,26.0,37,1,6,1,4,138,4,3
5,5,26.0,37,1,11,1,6,7,4,3
5,6,1.0,158,0,17,0,14,106,1,7
5,6,1.0,158,0,18,1,8,118,4,7
5,6,1.0,158,0,1,0,0,12,3,7
4,1,3.0,188,1,0,0,1,1,4,27
4,1,1.0,203,3,5,0,7,20,1,7
4,1,3.0,188,1,21,1,14,24,1,27
4,1,3.0,188,1,2,0,8,27,1,27
4,1,9.0,50,0,16,0,10,22,1,12
4,1,9.0,50,0,6,0,0,85,0,12
4,1,9.0,50,0,13,0,12,80,0,12
4,1,11.0,111,2,7,0,2,69,2,9
4,1,11.0,111,2,16,1,10,47,0,9
4,1,11.0,111,2,0,1,9,109,0,9
4,1,16.0,2,0,16,1,4,66,4,2
4,5,7.0,349,5,18,0,13,48,3,11
4,5,8.0,199,6,15,0,2,86,1,8
4,5,7.0,349,5,7,1,11,18,1,11
4,5,8.0,199,6,14,0,7,62,2,8
4,5,10.0,155,0,23,1,0,85,0,4
4,5,10.0,155,0,22,2,3,76,0,4
4,5,10.0,155,0,3,0,5,6,0,4
4,5,10.0,155,0,22,0,15,39,0,4
4,5,10.0,155,0,9,0,8,27,1,4
4,5,10.0,155,0,1,0,2,13,0,4
4,5,16.0,239,3,20,0,12,121,1,2
4,5,16.0,239,3,17,1,9,10,2,2
4,5,16.0,239,3,19,1,9,95,1,2
4,5,18.0,195,1,17,0,10,22,0,0
4,5,18.0,195,1,9,1,5,6,0,0
5,4,7.0,133,2,22,1,0,68,0,11
4,5,19.0,146,2,21,0,0,12,1,10
4,5,19.0,146,2,19,2,6,89,3,10
4,6,1.0,158,1,3,0,15,96,0,7
4,6,1.0,158,1,12,0,10,47,0,7
4,6,24.0,31,4,21,2,10,47,1,14
4,6,24.0,31,4,12,0,1,16,2,14
4,10,3.0,310,6,16,0,9,57,1,27
4,10,3.0,310,6,18,0,11,90,1,27
4,10,18.0,246,3,0,1,0,31,0,0
4,10,26.0,61,0,17,2,7,111,3,3
4,10,26.0,61,0,5,0,2,86,2,3
4,1,1.0,203,3,10,0,0,77,2,7
4,1,1.0,203,3,1,2,10,47,0,7
4,1,1.0,203,3,1,0,7,57,1,7
4,1,1.0,203,3,9,0,9,87,1,7
4,1,1.0,203,3,17,0,8,19,4,7
4,1,2.0,171,0,8,0,10,47,3,22
4,1,2.0,171,0,2,0,5,64,1,22
4,1,3.0,188,1,13,0,2,71,4,27
5,6,2.0,352,1,17,0,3,30,3,22
5,6,2.0,352,1,5,0,11,133,3,22
5,6,2.0,352,1,7,0,4,4,1,22
5,6,1.0,158,0,9,0,6,7,0,7
5,6,3.0,99,2,19,0,16,37,3,27
5,6,2.0,352,1,8,1,2,2,0,22
5,6,1.0,158,0,22,0,9,93,4,7
5,6,4.0,159,4,12,1,2,86,1,30
5,6,4.0,159,4,19,0,8,27,3,30
5,6,9.0,236,1,5,0,14,106,3,12
5,6,9.0,236,1,17,0,15,39,3,12
5,7,18.0,154,2,12,0,5,6,0,0
5,3,3.0,182,5,13,0,0,68,2,27
5,3,3.0,182,5,17,0,6,14,4,27
5,3,12.0,104,3,11,0,3,79,1,28
5,3,12.0,104,3,15,0,7,120,0,28
5,1,30.0,100,3,8,0,16,130,3,19
5,2,25.0,233,2,11,3,1,11,0,13
5,8,18.0,75,5,2,2,11,94,2,0
5,5,18.0,195,0,0,1,11,18,0,0
4,5,10.0,155,0,10,0,13,36,3,4
4,3,18.0,165,3,22,2,13,38,2,0
5,1,30.0,100,3,2,1,2,69,4,19
5,1,30.0,100,3,15,1,1,81,1,19
5,1,30.0,100,3,12,0,15,96,3,19
5,8,2.0,77,2,13,1,15,46,1,22
5,8,2.0,77,2,4,2,13,38,2,22
5,8,2.0,77,2,4,2,15,77,3,22
5,8,12.0,284,6,10,1,11,94,0,28
5,8,12.0,284,6,13,0,2,13,1,28
5,8,12.0,284,6,6,0,1,11,4,28
5,10,11.0,298,6,4,0,16,37,3,9
5,10,12.0,333,3,0,1,3,30,0,28
5,10,12.0,333,3,1,0,9,63,0,28
5,10,20.0,223,0,21,1,0,26,1,29
5,10,27.0,302,0,15,1,14,106,1,15
5,1,1.0,203,6,17,0,2,123,1,7
5,1,1.0,203,6,23,0,10,22,2,7
5,1,1.0,203,6,3,0,4,127,3,7
5,1,1.0,203,6,9,0,8,9,1,7
5,1,5.0,219,2,14,0,1,11,1,24
5,1,21.0,45,5,11,0,14,24,2,21
5,1,27.0,262,4,5,0,11,98,2,15
5,1,30.0,100,3,8,0,3,79,1,19
5,1,30.0,100,3,14,0,13,99,1,19
4,5,15.0,200,6,18,3,13,123,4,1
5,1,30.0,100,3,8,0,12,104,4,19
5,8,2.0,77,2,21,2,11,90,3,22
5,8,2.0,77,2,8,0,2,40,1,22
5,8,12.0,284,6,19,0,8,27,0,28
5,8,12.0,284,6,15,1,12,56,4,28
5,8,13.0,189,3,17,0,3,79,1,25
5,8,12.0,284,6,19,0,1,11,1,28
5,8,13.0,189,3,6,0,9,102,1,25
5,8,13.0,189,3,16,2,7,20,0,25
5,5,18.0,195,0,19,0,10,22,3,0
5,5,17.0,212,3,13,0,6,7,3,6
5,5,18.0,195,0,2,1,10,23,1,0
5,5,21.0,351,4,21,1,11,18,0,21
5,5,21.0,351,4,15,0,2,86,1,21
5,5,18.0,195,0,2,3,13,28,4,0
5,5,21.0,351,4,19,0,5,12,3,21
5,5,21.0,351,4,9,0,6,73,3,21
5,5,26.0,37,1,6,0,2,86,3,3
5,5,26.0,37,1,4,0,13,38,2,3
5,6,1.0,158,0,10,2,10,43,3,7
5,6,1.0,158,0,12,0,1,59,1,7
5,6,2.0,352,1,16,0,8,27,0,22
5,6,2.0,352,1,16,0,1,11,4,22
5,6,1.0,158,0,22,0,0,26,1,7
5,6,2.0,352,1,17,0,10,47,3,22
5,6,3.0,99,2,6,0,14,32,1,27
5,6,2.0,352,1,15,1,5,12,0,22
5,6,3.0,99,2,9,0,2,2,1,27
5,6,3.0,99,2,14,0,0,64,1,27
5,6,4.0,159,4,17,1,11,15,1,30
5,1,5.0,219,2,9,2,4,66,0,24
5,1,5.0,219,2,9,0,5,47,3,24
5,1,5.0,219,2,9,0,6,89,3,24
5,1,21.0,45,5,0,0,16,50,4,21
5,1,21.0,45,5,5,1,1,35,4,21
5,1,27.0,262,4,20,1,2,86,1,15
5,1,30.0,100,3,10,0,0,26,3,19
5,1,30.0,100,3,8,0,13,28,0,19
5,1,30.0,100,3,12,0,15,31,3,19
5,8,2.0,77,2,16,0,0,26,1,22
5,8,2.0,77,2,4,0,10,22,3,22
5,8,2.0,77,2,22,0,10,22,2,22
5,8,2.0,77,2,9,2,6,7,0,22
5,8,2.0,77,2,7,1,6,91,0,22
5,8,12.0,284,6,15,0,4,127,4,28
5,8,12.0,284,6,3,0,5,0,3,28
5,8,13.0,189,3,6,2,6,128,3,25
5,8,12.0,284,6,8,0,1,11,2,28
5,8,13.0,189,3,15,1,9,95,4,25
5,8,18.0,75,5,5,0,0,12,3,0
5,8,18.0,75,5,1,0,1,67,3,0
5,3,14.0,33,1,19,0,8,9,4,5
4,5,10.0,155,0,20,1,13,99,4,4
4,1,7.0,32,6,0,0,13,36,1,11
5,5,18.0,195,0,6,1,1,67,0,0
5,6,1.0,158,0,12,0,9,49,3,7
4,3,18.0,165,3,4,0,7,120,1,0
5,6,2.0,352,1,17,0,8,27,1,22
5,5,8.0,199,5,8,0,8,27,3,8
5,8,30.0,103,2,16,0,13,28,0,19
4,5,7.0,349,5,15,0,1,59,4,11
4,5,10.0,155,0,1,0,2,60,2,4
5,5,30.0,294,6,22,0,9,134,1,19
4,1,11.0,111,2,18,0,8,27,3,9
5,8,30.0,103,2,23,0,2,2,0,19
4,5,8.0,199,6,19,0,15,46,3,8
5,6,2.0,352,1,7,0,6,7,0,22
4,5,16.0,239,3,19,2,8,33,3,2
5,5,31.0,196,3,14,0,11,117,3,20
4,1,16.0,2,0,12,0,5,6,3,2
5,8,30.0,103,2,20,0,16,130,4,19
4,5,8.0,199,6,19,0,6,89,3,8
4,5,18.0,195,1,13,0,0,15,2,0
5,5,30.0,294,6,5,3,6,89,1,19
4,1,16.0,2,0,5,1,1,67,4,2
5,4,2.0,141,5,12,2,2,2,3,22
5,4,2.0,141,5,2,0,8,41,2,22
5,4,10.0,79,6,17,0,10,22,1,4
5,4,10.0,79,6,0,1,4,82,1,4
5,4,10.0,79,6,1,0,4,4,1,4
5,4,10.0,79,6,1,1,0,12,1,4
5,4,14.0,345,2,6,0,5,6,3,5
5,4,14.0,345,2,2,0,2,86,1,5
5,4,22.0,152,4,15,0,2,86,1,26
5,4,22.0,152,4,12,0,8,118,4,26
5,4,28.0,218,2,7,0,11,18,1,18
5,4,28.0,218,2,16,0,10,30,0,18
5,4,28.0,218,2,9,0,16,65,0,18
5,8,13.0,189,3,4,0,0,31,2,25
5,8,13.0,189,3,20,1,2,92,1,25
5,8,13.0,189,3,4,0,10,47,3,25
5,8,13.0,189,3,22,0,14,34,1,25
5,8,18.0,75,5,11,0,16,74,3,0
5,8,18.0,75,5,15,2,14,32,0,0
5,8,30.0,103,2,6,0,7,111,1,19
5,8,30.0,103,2,22,0,8,41,1,19
5,4,2.0,141,5,15,0,7,54,3,22
5,8,30.0,103,2,16,0,1,35,4,19
4,5,15.0,200,6,11,3,9,93,3,1
5,4,10.0,79,6,5,0,13,28,0,4
5,4,10.0,79,6,2,0,1,67,3,4
5,4,10.0,79,6,22,0,0,64,1,4
5,4,11.0,121,3,17,0,4,127,4,9
5,6,1.0,158,0,13,3,10,43,2,7
5,4,11.0,121,3,18,2,13,48,4,9
5,6,21.0,193,3,17,0,8,65,1,21
5,4,2.0,141,5,15,0,9,63,3,22
5,4,2.0,141,5,19,0,10,22,1,22
5,4,10.0,79,6,2,0,3,44,3,4
5,4,10.0,79,6,2,0,15,31,2,4
5,4,10.0,79,6,20,1,7,137,1,4
5,4,12.0,134,0,0,1,6,91,0,28
5,4,11.0,121,3,19,0,6,7,3,9
5,4,12.0,134,0,2,0,16,72,1,28
5,4,12.0,134,0,14,0,4,45,0,28
5,4,10.0,79,6,2,0,3,70,1,4
5,4,14.0,345,2,17,0,5,12,3,5
5,4,14.0,345,2,0,0,0,12,2,5
5,4,14.0,345,2,22,0,4,127,2,5
5,4,14.0,345,2,13,0,0,26,1,5
5,4,14.0,345,2,18,2,1,1,4,5
5,4,21.0,339,2,16,0,0,12,3,21
5,4,21.0,339,2,0,0,13,48,0,21
5,4,21.0,339,2,16,0,2,86,0,21
5,4,21.0,339,2,11,0,3,30,3,21
5,4,21.0,339,2,17,1,13,48,0,21
5,4,21.0,339,2,9,0,12,17,2,21
5,4,11.0,121,3,8,0,2,2,2,9
5,4,22.0,152,4,15,1,4,138,4,26
5,4,22.0,152,4,13,1,9,83,4,26
5,1,5.0,219,2,9,0,1,16,4,24
5,1,21.0,45,5,16,1,10,47,0,21
2,11,30.0,170,1,18,0,1,105,4,19
5,1,21.0,45,5,14,0,6,14,0,21
5,1,27.0,262,4,1,2,10,22,3,15
5,1,30.0,100,3,7,2,16,37,0,19
5,1,30.0,100,3,7,2,14,25,0,19
5,8,2.0,77,2,18,0,9,101,4,22
5,8,12.0,284,6,13,0,2,86,1,28
5,8,12.0,284,6,9,2,6,91,1,28
5,8,13.0,189,3,0,0,6,73,3,25
5,8,13.0,189,3,23,0,10,47,3,25
4,5,10.0,155,0,11,0,5,6,3,4
5,11,29.0,270,4,13,1,5,6,0,16
4,1,16.0,2,0,18,0,1,11,1,2
4,5,10.0,155,0,0,1,7,8,0,4
4,5,19.0,146,2,13,0,2,86,1,10
5,6,2.0,352,1,2,0,5,12,0,22
4,1,25.0,65,2,17,0,5,12,3,13
4,11,9.0,311,6,13,0,1,11,1,12
4,5,10.0,155,0,20,0,8,27,1,4
5,6,3.0,99,2,17,0,10,43,1,27
5,6,3.0,99,2,16,2,6,89,3,27
5,6,3.0,99,2,21,0,4,127,1,27
5,6,3.0,99,2,14,0,3,103,0,27
5,6,3.0,99,2,14,0,5,12,1,27
5,6,4.0,159,4,11,2,1,35,3,30
5,6,9.0,236,1,18,0,14,125,1,12
5,6,9.0,236,1,2,0,9,54,1,12
5,6,12.0,162,5,12,0,9,27,3,28
5,6,12.0,162,5,4,0,2,86,2,28
5,6,21.0,193,3,11,0,4,4,1,21
5,6,21.0,193,3,14,0,2,69,0,21
5,6,21.0,193,3,9,0,16,50,1,21
5,6,27.0,116,6,19,0,16,50,3,15
5,10,1.0,208,2,23,1,6,7,0,7
5,10,1.0,208,2,9,0,13,29,1,7
5,10,2.0,358,4,17,1,16,108,0,22
5,10,11.0,298,6,2,0,11,133,3,9
5,6,27.0,116,6,5,0,12,104,1,15
5,10,1.0,208,2,17,0,2,2,1,7
5,10,2.0,358,4,2,0,2,92,4,22
5,10,2.0,358,4,8,0,16,130,1,22
5,10,2.0,358,4,8,0,9,95,1,22
5,10,2.0,358,4,9,0,10,47,3,22
5,10,11.0,298,6,19,0,0,26,0,9
5,10,12.0,333,3,22,2,14,25,2,28
5,10,12.0,333,3,14,0,9,54,0,28
5,10,12.0,333,3,21,1,10,23,1,28
5,10,12.0,333,3,18,2,13,38,2,28
5,10,11.0,298,6,15,1,13,21,1,9
5,10,20.0,223,0,13,0,3,30,3,29
4,7,11.0,197,4,8,0,0,77,1,9
4,5,15.0,200,6,2,0,8,9,3,1
5,10,27.0,302,0,16,0,14,107,3,15
5,10,27.0,302,0,5,0,15,46,4,15
5,10,27.0,302,0,4,0,16,108,3,15
5,10,27.0,302,0,4,0,0,64,3,15
5,10,27.0,302,0,18,0,13,99,1,15
5,1,1.0,203,6,8,0,15,39,0,7
5,1,1.0,203,6,9,0,14,24,1,7
5,1,5.0,219,2,10,2,6,73,1,24
5,6,9.0,236,1,4,2,2,3,3,12
5,6,9.0,236,1,0,3,7,111,4,12
5,6,12.0,162,5,19,0,13,99,1,28
5,6,21.0,193,3,14,0,5,6,3,21
5,6,21.0,193,3,19,2,12,80,3,21
5,6,27.0,116,6,10,1,12,61,4,15
5,6,27.0,116,6,2,0,2,69,3,15
5,10,1.0,208,2,23,0,2,2,1,7
5,10,1.0,208,2,21,1,9,27,0,7
5,10,1.0,208,2,23,0,6,7,1,7
5,10,1.0,208,2,20,1,2,86,4,7
5,10,1.0,208,2,18,0,9,102,3,7
5,10,1.0,208,2,12,3,1,105,3,7
5,10,2.0,358,4,19,0,10,47,3,22
5,10,2.0,358,4,18,0,2,86,4,22
5,10,2.0,358,4,9,0,9,87,3,22
5,10,11.0,298,6,13,0,4,75,3,9
5,10,12.0,333,3,1,0,8,9,1,28
5,10,20.0,223,0,6,0,13,13,1,29
5,10,27.0,302,0,17,2,3,30,3,15
4,5,6.0,277,4,4,1,3,103,0,23
5,10,27.0,302,0,3,0,2,86,3,15
5,1,1.0,203,6,23,0,5,6,2,7
5,1,1.0,203,6,15,0,16,72,1,7
5,10,1.0,208,2,13,1,10,12,1,7
5,1,5.0,219,2,3,2,8,19,0,24
5,1,5.0,219,2,0,0,10,47,1,24
5,1,5.0,219,2,2,0,6,91,4,24
5,1,5.0,219,2,8,0,1,11,4,24
4,5,16.0,239,3,3,0,10,47,3,2
5,10,8.0,213,2,17,0,0,68,3,8
5,9,22.0,92,3,4,0,9,54,2,26
4,1,25.0,65,2,16,0,0,12,3,13
5,1,16.0,2,3,4,1,4,127,4,2
4,5,19.0,146,2,3,1,14,107,1,10
5,8,1.0,66,1,17,0,13,21,4,7
4,1,25.0,65,2,11,0,11,18,1,13
5,1,23.0,69,3,16,1,11,133,0,17
5,3,23.0,57,4,19,0,16,130,1,17
4,6,1.0,158,1,20,0,11,23,3,7
4,5,18.0,195,1,19,0,16,113,1,0
4,6,1.0,158,1,9,2,5,6,3,7
4,6,24.0,31,4,21,1,0,26,0,14
4,6,24.0,31,4,20,0,14,25,2,14
4,6,24.0,31,4,21,1,10,47,0,14
4,6,24.0,31,4,20,1,13,99,4,14
4,10,26.0,61,0,6,0,0,77,1,3
4,10,26.0,61,0,15,2,13,99,2,3
4,10,26.0,61,0,22,0,1,11,4,3
4,1,1.0,203,3,13,0,4,82,1,7
4,1,1.0,203,3,5,3,6,116,3,7
4,1,1.0,203,3,8,0,9,49,3,7
4,1,2.0,171,0,6,1,5,6,0,22
5,0,24.0,55,4,3,0,5,0,3,14
5,0,24.0,55,4,4,0,2,40,2,14
5,0,16.0,11,2,17,3,0,12,1,2
5,0,24.0,55,4,8,0,10,47,2,14
4,11,6.0,252,2,21,0,10,22,1,23
4,11,8.0,283,5,3,0,11,8,1,8
4,11,8.0,283,5,14,2,2,92,0,8
4,11,8.0,283,5,9,0,5,6,0,8
4,11,14.0,147,4,11,0,12,83,4,5
4,11,17.0,110,3,15,0,2,2,1,6
5,8,13.0,189,3,9,0,3,76,4,25
5,8,18.0,75,5,4,0,8,41,1,0
5,8,18.0,75,5,9,0,1,59,1,0
5,8,30.0,103,2,4,0,3,115,4,19
5,4,2.0,141,5,11,0,2,92,1,22
5,4,2.0,141,5,18,0,7,20,1,22
5,4,10.0,79,6,6,0,0,15,0,4
5,4,10.0,79,6,17,0,15,51,1,4
5,6,9.0,236,1,19,2,10,47,0,12
5,6,9.0,236,1,4,0,8,118,1,12
5,6,9.0,236,1,9,0,8,118,0,12
5,6,12.0,162,5,20,0,4,5,1,28
5,6,12.0,162,5,18,2,5,6,3,28
5,6,21.0,193,3,8,0,5,64,3,21
5,6,21.0,193,3,18,2,15,114,2,21
5,6,27.0,116,6,6,0,9,95,1,15
5,6,27.0,116,6,16,2,0,85,3,15
5,6,27.0,116,6,5,0,10,47,3,15
5,6,27.0,116,6,9,0,10,43,1,15
5,10,1.0,208,2,21,0,2,2,1,7
5,10,1.0,208,2,23,0,5,64,3,7
5,10,1.0,208,2,13,2,5,6,3,7
5,10,1.0,208,2,3,0,8,118,1,7
5,10,1.0,208,2,8,2,2,2,3,7
4,7,19.0,330,5,14,1,6,7,0,10
5,10,2.0,358,4,0,1,1,105,0,22
5,10,2.0,358,4,14,0,13,38,2,22
5,10,2.0,358,4,9,0,5,6,3,22
5,10,11.0,298,6,8,2,2,2,3,9
5,10,12.0,333,3,0,0,3,79,0,28
5,10,11.0,298,6,18,0,8,9,3,9
5,10,12.0,333,3,15,0,14,24,2,28
5,10,20.0,223,0,23,0,10,47,2,29
5,10,27.0,302,0,5,0,12,100,3,15
5,10,27.0,302,0,19,0,5,12,3,15
5,10,27.0,302,0,13,1,13,69,4,15
5,10,27.0,302,0,6,0,9,102,1,15
5,1,1.0,203,6,17,0,4,138,4,7
5,1,1.0,203,6,23,0,7,122,3,7
5,1,1.0,203,6,3,0,8,41,0,7
5,1,1.0,203,6,5,1,1,105,0,7
5,1,5.0,219,2,11,1,1,35,2,24
5,10,1.0,208,2,17,0,6,14,4,7
5,10,20.0,223,0,17,2,13,21,3,29
5,1,27.0,262,4,17,0,3,76,1,15
4,11,17.0,110,3,4,2,2,2,3,6
4,11,26.0,364,1,15,1,14,126,4,3
4,11,26.0,364,1,3,0,1,11,0,3
5,0,24.0,55,4,19,0,1,81,4,14
4,9,9.0,320,1,2,0,5,6,0,12
4,9,15.0,226,0,10,1,5,6,0,1
4,9,15.0,226,0,19,2,2,2,3,1
4,9,16.0,107,1,0,0,14,34,4,2
4,1,25.0,65,2,14,0,13,21,1,13
4,5,19.0,146,2,6,0,10,22,3,10
4,1,28.0,300,6,17,0,16,50,1,18
5,5,25.0,350,0,13,0,0,85,1,13
4,6,1.0,158,1,2,0,8,65,4,7
5,5,25.0,350,0,5,1,11,94,1,13
4,6,1.0,158,1,2,0,12,84,3,7
4,10,18.0,246,3,0,1,14,25,0,0
5,5,25.0,350,0,5,1,11,94,1,13
4,6,1.0,158,1,9,0,9,93,1,7
4,6,1.0,158,1,14,0,0,12,3,7
4,6,24.0,31,4,11,0,14,25,1,14
4,6,24.0,31,4,4,0,10,12,1,14
4,6,24.0,31,4,8,0,8,33,3,14
4,10,18.0,246,3,21,0,16,42,4,0
4,10,18.0,246,3,19,1,12,121,1,0
4,10,26.0,61,0,0,0,13,29,1,3
4,10,26.0,61,0,0,0,2,86,4,3
4,1,1.0,203,3,13,0,5,6,3,7
4,1,1.0,203,3,5,3,6,89,4,7
4,1,2.0,171,0,0,0,13,29,1,22
4,10,26.0,61,0,12,3,8,19,3,3
4,1,1.0,203,3,3,0,10,22,1,7
4,1,2.0,171,0,19,0,14,25,2,22
4,1,2.0,171,0,2,0,2,2,0,22
4,1,3.0,188,1,3,0,2,40,1,27
4,1,3.0,188,1,12,0,0,64,3,27
4,1,3.0,188,1,20,1,9,95,4,27
4,1,9.0,50,0,4,1,16,72,1,12
5,7,9.0,273,0,7,1,4,127,0,12
5,7,9.0,273,0,9,0,1,59,4,12
5,7,11.0,197,2,7,0,5,12,1,9
5,7,11.0,197,2,2,0,2,2,2,9
5,7,11.0,197,2,1,0,14,24,2,9
5,7,18.0,154,2,11,0,10,43,1,0
5,7,18.0,154,2,4,0,1,11,2,0
5,7,18.0,154,2,19,0,8,27,4,0
5,7,1.0,98,3,17,0,13,99,4,7
5,3,3.0,182,5,8,0,4,4,1,27
5,3,3.0,182,5,3,0,8,41,1,27
5,3,3.0,182,5,1,0,9,95,2,27
5,3,3.0,182,5,14,0,10,47,3,27
5,3,12.0,104,3,16,2,15,46,0,28
5,3,12.0,104,3,15,0,2,86,0,28
5,3,12.0,104,3,15,0,9,63,3,28
5,2,14.0,231,6,20,0,6,7,2,5
3,0,27.0,23,6,13,0,1,11,4,15
5,3,18.0,165,6,3,0,14,34,1,0
5,3,18.0,165,6,20,1,8,41,1,0
5,3,18.0,165,6,19,1,0,77,0,0
5,3,19.0,138,3,18,0,2,2,2,10
5,3,20.0,105,0,21,1,1,105,0,29
5,6,29.0,335,0,14,0,12,61,1,16
5,11,17.0,110,6,9,1,14,110,4,6
5,1,13.0,207,4,8,0,8,65,1,25
5,8,19.0,280,6,15,3,10,12,1,10
5,10,10.0,245,5,13,0,2,2,1,4
5,4,3.0,279,6,17,0,3,103,1,27
4,11,13.0,312,2,18,1,15,51,1,25
3,2,1.0,16,6,17,0,8,9,1,7
0,11,1.0,222,3,2,0,7,57,1,7
3,4,21.0,339,1,13,3,5,12,0,21
5,10,22.0,314,2,19,0,10,22,2,26
5,10,22.0,314,2,0,3,16,139,4,26
5,11,4.0,275,3,12,1,12,121,1,30
5,8,16.0,73,2,9,1,12,104,4,2
5,8,16.0,73,2,14,0,6,89,2,2
5,2,16.0,220,0,9,1,15,31,1,2
5,3,22.0,166,2,18,3,3,115,4,26
5,5,16.0,239,6,2,1,14,25,1,2
5,5,16.0,239,6,2,1,11,124,2,2
5,5,31.0,196,3,18,2,2,40,3,20
5,5,30.0,294,6,22,0,8,27,3,19
5,7,4.0,186,2,11,0,9,49,1,30
5,0,1.0,8,1,22,0,15,51,2,7
4,3,1.0,180,4,20,0,12,121,1,7
4,10,18.0,246,3,5,0,10,43,1,0
4,9,8.0,90,0,14,3,8,41,3,8
4,10,18.0,246,3,14,0,8,19,0,0
4,9,10.0,156,2,7,1,10,47,0,4
4,10,26.0,61,0,14,0,9,63,4,3
4,9,8.0,90,0,18,0,9,9,0,8
4,1,1.0,203,3,18,0,10,22,3,7
5,9,24.0,272,1,12,0,1,1,2,14
5,3,18.0,165,6,0,1,10,47,1,0
5,7,7.0,293,6,12,0,14,24,2,11
5,3,18.0,165,6,21,0,4,127,1,0
5,2,9.0,21,0,8,0,13,38,0,12
5,3,18.0,165,6,2,0,5,12,1,0
5,0,10.0,129,4,11,3,9,57,0,4
5,3,19.0,138,3,13,0,5,64,1,10
5,3,19.0,138,3,1,0,8,41,3,10
5,3,20.0,105,0,6,1,9,27,0,29
5,3,20.0,105,0,23,3,1,105,0,29
5,3,19.0,138,3,13,0,9,93,3,10
5,3,20.0,105,0,8,0,11,117,0,29
5,3,20.0,105,0,14,0,7,78,0,29
5,3,25.0,347,6,16,1,5,64,0,13
5,3,25.0,347,6,19,0,6,128,3,13
5,8,12.0,284,6,17,0,15,46,1,28
5,2,14.0,231,6,17,0,9,87,3,5
5,0,6.0,260,3,22,0,5,6,1,23
5,0,6.0,260,3,11,1,1,11,4,23
5,3,25.0,347,6,5,0,8,118,1,13
5,3,26.0,343,3,1,0,9,49,3,3
5,3,26.0,343,3,1,0,9,134,4,3
5,7,3.0,269,1,14,0,10,22,2,27
5,7,8.0,94,3,6,0,1,59,4,8
5,7,8.0,94,3,22,0,0,77,1,8
5,7,8.0,94,3,14,0,8,118,2,8
4,1,2.0,171,0,11,0,6,91,4,22
4,1,2.0,171,0,1,0,3,30,0,22
4,1,2.0,171,0,9,0,1,67,0,22
4,1,2.0,171,0,1,0,8,41,2,22
4,1,3.0,188,1,2,0,16,39,0,27
4,1,3.0,188,1,4,0,0,77,3,27
4,1,3.0,188,1,1,2,10,22,1,27
4,1,3.0,188,1,18,0,16,130,1,27
5,8,23.0,102,2,11,1,5,6,0,17
4,1,9.0,50,0,0,1,11,133,4,12
4,1,9.0,50,0,3,0,0,77,1,12
4,1,11.0,111,2,21,1,10,22,0,9
4,1,11.0,111,2,15,0,0,0,3,9
4,1,11.0,111,2,2,0,13,28,4,9
4,1,16.0,2,0,10,3,10,22,0,2
4,1,1.0,203,3,13,1,2,40,1,7
4,1,16.0,2,0,18,2,8,41,3,2
4,1,16.0,2,0,20,1,11,94,1,2
4,1,25.0,65,2,16,1,10,12,1,13
4,1,25.0,65,2,5,3,2,3,3,13
5,6,30.0,145,1,15,0,5,12,0,19
5,9,16.0,107,0,16,0,8,9,1,2
4,7,15.0,205,0,21,0,2,86,1,1
5,10,22.0,314,2,17,1,10,47,2,26
5,8,16.0,73,2,14,0,9,49,2,2
5,9,23.0,167,0,12,0,13,21,2,17
5,9,23.0,167,0,17,1,14,25,1,17
5,7,13.0,238,5,12,3,10,22,3,25
5,7,30.0,42,0,12,0,6,132,1,19
0,4,10.0,79,1,9,0,3,79,4,4
5,11,21.0,192,2,18,0,9,95,1,21
4,9,23.0,167,1,12,1,1,35,4,17
4,9,23.0,167,1,14,1,10,47,1,17
5,10,15.0,60,2,17,1,0,68,4,1
5,0,1.0,8,1,17,0,1,35,4,7
4,3,1.0,180,4,12,3,5,12,1,7
4,3,7.0,289,2,9,1,3,30,0,11
4,11,1.0,222,5,17,3,14,25,0,7
4,5,9.0,206,3,9,1,2,92,0,12
5,9,14.0,106,6,9,2,10,22,3,5
5,7,15.0,205,3,18,1,6,89,4,1
5,3,7.0,289,1,18,0,16,37,4,11
3,9,10.0,156,0,1,0,14,106,1,4
3,0,7.0,15,3,22,1,0,12,0,11
4,7,18.0,154,4,11,1,12,121,1,0
4,11,16.0,225,6,10,1,14,125,4,2
4,11,16.0,225,6,7,0,9,134,1,2
4,11,25.0,88,0,13,1,11,90,1,13
5,5,25.0,350,0,4,3,0,53,0,13
0,4,2.0,141,0,13,0,0,26,1,22
4,7,9.0,273,1,20,0,5,6,2,12
4,7,9.0,273,1,8,0,10,47,3,12
4,7,9.0,273,1,19,2,10,52,0,12
4,7,9.0,273,1,8,0,6,7,0,12
4,1,16.0,2,0,0,0,5,12,1,2
4,1,16.0,2,0,0,1,11,94,0,2
4,1,16.0,2,0,19,0,7,120,4,2
4,1,25.0,65,2,1,2,2,2,0,13
4,1,28.0,300,6,7,2,1,35,0,18
4,1,28.0,300,6,2,2,2,2,0,18
4,1,28.0,300,6,22,0,5,6,3,18
4,1,28.0,300,6,0,2,7,111,3,18
4,1,28.0,300,6,4,0,14,125,2,18
4,8,11.0,306,6,17,0,0,12,2,9
5,8,17.0,74,4,17,1,5,64,0,6
5,4,9.0,18,5,5,0,7,20,2,12
5,4,8.0,292,4,13,0,10,22,1,8
5,4,9.0,18,5,13,1,6,128,4,12
4,8,11.0,306,6,21,1,11,90,0,9
4,8,27.0,78,0,13,0,13,28,3,15
4,8,27.0,78,0,12,2,0,26,3,15
4,8,27.0,78,0,22,0,16,37,1,15
4,8,27.0,78,0,12,2,13,99,1,15
4,4,9.0,18,6,6,1,0,96,4,12
4,2,4.0,254,4,20,0,1,59,1,30
4,2,4.0,254,4,13,0,1,1,1,30
4,2,4.0,254,4,11,1,8,27,4,30
4,2,4.0,254,4,2,0,14,24,2,30
4,2,17.0,6,2,21,0,11,122,1,6
4,7,10.0,329,2,10,0,5,6,3,4
4,7,10.0,329,2,3,0,7,78,4,4
4,7,10.0,329,2,4,0,1,11,3,4
4,7,15.0,205,0,17,0,7,120,1,1
4,7,15.0,205,0,15,0,9,27,2,1
4,7,23.0,202,1,7,0,8,19,0,17
4,7,23.0,202,1,18,0,10,47,3,17
4,7,23.0,202,1,18,0,14,106,4,17
4,7,15.0,205,0,22,0,11,124,2,1
4,3,2.0,120,5,6,1,15,108,0,22
5,6,30.0,145,1,13,1,11,98,4,19
4,3,2.0,120,5,14,0,8,27,1,22
4,3,2.0,120,5,15,0,12,135,2,22
4,3,8.0,148,4,5,0,3,70,1,8
4,3,8.0,148,4,15,0,7,120,2,8
4,3,8.0,148,4,12,0,4,121,2,8
4,3,18.0,165,3,17,0,8,41,4,0
5,1,14.0,183,5,3,0,5,6,0,5
5,1,14.0,183,5,12,0,6,7,4,5
5,1,15.0,1,6,11,0,10,12,3,1
5,11,20.0,340,1,12,3,0,26,0,29
5,1,15.0,1,6,8,0,13,99,1,1
5,1,15.0,1,6,12,2,2,86,3,1
5,11,20.0,340,1,14,2,6,89,3,29
3,2,3.0,282,0,14,0,7,111,1,27
5,11,23.0,232,5,21,1,13,48,0,17
5,7,31.0,43,1,19,0,8,27,3,20
5,6,8.0,59,0,22,0,10,47,2,8
5,7,12.0,181,4,23,3,14,24,1,28
5,11,23.0,232,5,3,0,2,40,4,17
5,1,14.0,183,5,1,0,13,21,3,5
5,7,31.0,43,1,4,0,8,27,1,20
5,3,6.0,303,0,11,0,10,52,1,23
5,3,8.0,148,2,16,0,16,130,3,8
5,3,8.0,148,2,17,0,8,9,1,8
5,3,8.0,148,2,8,0,0,26,1,8
5,3,8.0,148,2,8,0,8,19,2,8
5,3,8.0,148,2,4,0,2,92,1,8
5,3,16.0,263,4,3,0,16,39,1,2
5,3,16.0,263,4,12,0,7,78,0,2
5,3,16.0,263,4,1,2,6,7,3,2
5,3,21.0,338,1,16,0,16,39,1,21
5,3,21.0,338,1,23,0,4,5,1,21
5,3,21.0,338,1,13,0,9,10,1,21
5,3,24.0,357,5,17,0,10,22,3,14
5,11,7.0,253,2,7,0,13,36,1,11
5,3,24.0,357,5,12,2,8,9,0,14
5,5,7.0,349,4,17,1,0,15,1,11
5,5,7.0,349,4,4,0,8,118,1,11
5,5,13.0,184,2,16,2,5,64,0,25
5,5,23.0,168,6,10,3,9,109,4,17
5,5,23.0,168,6,3,2,4,45,0,17
5,5,23.0,168,6,15,0,12,80,0,17
5,1,17.0,63,0,12,2,12,56,3,6
5,3,21.0,338,1,17,0,2,13,0,21
5,5,24.0,58,3,4,0,4,121,3,14
5,7,14.0,125,6,6,0,13,38,1,5
5,7,14.0,125,6,18,0,10,47,3,5
5,7,16.0,40,0,16,0,2,35,1,2
5,7,23.0,202,0,16,1,13,29,4,17
5,7,23.0,202,0,8,0,14,32,3,17
5,7,5.0,204,4,8,0,6,128,2,24
5,7,31.0,43,1,13,0,3,115,4,20
5,3,6.0,303,0,0,0,15,96,1,23
5,3,6.0,303,0,15,0,11,18,1,23
5,3,6.0,303,0,3,0,5,6,0,23
5,3,8.0,148,2,2,0,3,30,2,8
5,3,21.0,338,1,6,0,8,41,3,21
5,3,21.0,338,1,12,0,5,6,3,21
5,3,24.0,357,5,23,0,10,22,3,14
5,5,7.0,349,4,8,0,12,61,3,11
5,5,13.0,184,2,17,1,14,34,0,25
5,5,13.0,184,2,10,0,2,86,1,25
5,5,13.0,184,2,14,0,4,4,3,25
5,5,13.0,184,2,4,0,2,2,4,25
5,5,13.0,184,2,1,0,0,53,1,25
5,5,23.0,168,6,17,0,10,47,3,17
5,5,23.0,168,6,16,0,14,25,2,17
5,5,23.0,168,6,4,2,10,22,0,17
5,5,24.0,58,3,17,1,13,29,1,14
5,5,24.0,58,3,0,0,0,64,0,14
5,3,24.0,357,5,13,1,15,114,4,14
5,3,24.0,357,5,2,2,1,59,3,14
5,3,24.0,357,5,6,0,6,132,3,14
5,5,7.0,349,4,0,1,0,15,0,11
5,5,7.0,349,4,13,0,12,121,2,11
5,5,7.0,349,4,22,0,9,27,0,11
5,5,7.0,349,4,7,1,13,38,1,11
5,5,7.0,349,4,14,0,15,31,0,11
5,5,7.0,349,4,20,1,1,1,1,11
5,5,13.0,184,2,16,0,9,109,1,25
5,5,13.0,184,2,16,0,5,12,3,25
5,5,13.0,184,2,16,1,13,48,0,25
5,5,13.0,184,2,7,0,0,12,1,25
5,5,13.0,184,2,20,0,2,2,2,25
5,5,13.0,184,2,14,0,13,28,3,25
5,7,1.0,98,3,4,1,11,10,4,7
5,5,13.0,184,2,4,0,8,33,3,25
5,5,23.0,168,6,23,0,0,0,3,17
5,5,23.0,168,6,3,0,1,16,2,17
5,5,23.0,168,6,4,0,4,138,1,17
5,5,23.0,168,6,21,1,9,63,1,17
5,5,23.0,168,6,1,0,2,86,0,17
5,5,23.0,168,6,14,0,14,34,2,17
5,5,24.0,58,3,21,1,6,7,0,14
5,5,23.0,168,6,13,0,12,17,2,17
5,6,5.0,342,5,0,0,11,18,1,24
5,6,5.0,342,5,17,0,5,12,3,24
5,6,5.0,342,5,16,1,5,64,0,24
5,6,5.0,342,5,20,1,15,39,1,24
5,6,5.0,342,5,9,0,2,69,3,24
5,6,5.0,342,5,16,1,5,6,2,24
5,6,8.0,59,0,7,1,5,12,0,8
5,6,8.0,59,0,8,0,14,25,3,8
5,6,8.0,59,0,12,0,16,74,3,8
5,6,8.0,59,0,20,0,6,132,2,8
5,11,7.0,253,2,14,0,10,23,1,11
5,6,13.0,317,6,15,2,9,101,3,25
5,6,13.0,317,6,0,0,0,85,4,25
5,6,13.0,317,6,13,1,12,100,4,25
5,6,13.0,317,6,4,0,10,47,1,25
5,6,13.0,317,6,14,0,13,69,2,25
5,6,13.0,317,6,11,1,1,16,4,25
5,7,11.0,197,2,22,0,0,12,3,9
5,6,25.0,39,4,19,0,9,27,0,13
5,11,30.0,170,5,7,1,12,84,0,19
5,6,23.0,84,1,9,3,10,47,3,17
5,7,11.0,197,2,19,2,8,27,2,9
5,6,13.0,317,6,22,1,0,85,2,25
2,3,1.0,120,0,17,0,1,35,4,7
5,1,17.0,63,0,12,0,5,6,0,6
5,7,3.0,269,1,10,0,4,66,2,27
5,11,30.0,170,5,11,0,12,17,1,19
5,1,17.0,63,0,12,2,14,110,2,6
5,6,13.0,317,6,15,0,13,29,2,25
5,7,18.0,154,2,0,0,8,9,3,0
5,6,30.0,145,1,0,0,5,12,3,19
5,6,30.0,145,1,11,0,5,6,0,19
5,3,21.0,338,1,6,0,3,103,0,21
5,11,20.0,340,1,5,3,16,42,4,29
3,8,1.0,66,0,14,0,3,44,1,7
5,7,3.0,269,1,5,1,13,123,4,27
5,1,22.0,164,6,20,2,5,6,3,26
5,10,6.0,242,0,15,1,13,36,1,23
5,7,18.0,154,2,21,1,10,47,1,0
5,6,13.0,317,6,11,1,6,128,1,25
5,9,7.0,271,6,12,0,11,94,0,11
3,11,24.0,194,5,13,3,1,81,4,14
5,1,15.0,1,6,4,0,6,73,3,1
5,1,21.0,45,5,9,2,9,49,3,21
5,1,22.0,164,6,14,0,11,117,1,26
5,6,23.0,84,1,16,0,16,50,0,17
5,10,1.0,208,2,17,0,2,123,1,7
5,9,7.0,271,6,10,1,13,28,1,11
5,3,21.0,338,1,17,2,5,6,3,21
5,1,14.0,183,5,4,1,10,22,0,5
5,1,22.0,164,6,1,0,4,82,3,26
5,5,10.0,155,3,5,0,1,67,1,4
5,7,18.0,154,2,19,0,11,15,3,0
5,10,6.0,242,0,8,0,13,13,3,23
5,11,7.0,253,2,2,3,5,6,0,11
5,9,12.0,177,4,8,2,2,3,2,28
5,6,23.0,84,1,18,0,13,48,0,17
5,11,7.0,253,2,0,0,11,55,2,11
5,3,21.0,338,1,4,0,13,99,3,21
5,1,16.0,2,3,2,0,2,69,0,2
5,10,6.0,242,0,3,2,8,19,3,23
5,11,1.0,222,4,6,0,0,12,3,7
5,10,3.0,310,5,17,1,0,68,1,27
5,1,22.0,164,6,8,3,2,86,3,26
2,10,1.0,358,0,0,0,15,46,4,7
5,6,23.0,84,1,1,0,6,7,1,17
5,11,13.0,312,1,16,0,9,63,4,25
5,3,21.0,338,1,9,0,5,64,2,21
5,11,1.0,222,4,16,0,5,6,0,7
5,10,21.0,341,1,18,1,2,92,4,21
5,5,19.0,146,1,19,0,9,49,1,10
5,9,17.0,255,1,18,2,0,15,3,6
5,11,26.0,364,0,0,0,5,6,0,3
3,8,1.0,66,0,17,0,12,84,1,7
5,8,5.0,101,6,15,1,12,61,1,24
5,3,1.0,180,2,13,3,15,114,4,7
5,6,4.0,159,4,12,0,11,18,1,30
5,11,1.0,222,4,16,0,2,123,4,7
5,11,1.0,222,4,23,1,14,88,0,7
5,11,1.0,222,4,22,0,0,64,4,7
5,11,28.0,123,2,16,2,13,48,3,18
5,9,2.0,323,0,21,1,6,91,4,22
5,9,2.0,323,0,22,0,5,12,1,22
5,9,2.0,323,0,14,0,6,89,1,22
5,9,3.0,217,1,4,0,3,115,0,27
5,9,8.0,90,3,11,0,14,107,1,8
5,9,8.0,90,3,12,0,4,45,4,8
5,9,8.0,90,3,18,0,14,25,1,8
5,9,9.0,320,0,6,0,9,101,4,12
5,9,9.0,320,0,7,1,5,6,0,12
5,9,9.0,320,0,22,3,11,124,0,12
5,9,9.0,320,0,18,1,2,71,2,12
5,9,9.0,320,0,11,1,12,61,4,12
5,9,18.0,359,2,13,0,1,59,1,0
5,1,21.0,45,5,18,2,9,63,3,21
5,9,18.0,359,2,8,1,3,44,1,0
5,9,18.0,359,2,14,0,2,35,3,0
5,9,25.0,344,2,6,0,8,27,1,13
5,9,25.0,344,2,0,1,8,33,0,13
5,9,27.0,179,5,8,0,14,25,2,15
5,9,28.0,315,6,15,0,3,30,0,18
5,7,1.0,98,3,17,0,0,15,1,7
5,9,28.0,315,6,20,1,2,86,1,18
5,9,28.0,315,6,15,1,15,96,0,18
5,11,10.0,360,6,19,0,10,43,3,4
5,11,26.0,364,0,17,0,12,104,2,3
3,7,1.0,98,6,8,0,5,6,1,7
5,7,17.0,95,1,17,0,0,15,0,6
5,1,12.0,353,2,1,1,9,87,4,28
3,7,17.0,95,0,13,0,13,99,4,6
5,7,2.0,160,0,12,3,13,28,3,22
5,5,12.0,327,1,13,0,1,67,0,28
5,5,12.0,327,1,18,1,11,15,1,28
5,11,10.0,360,6,13,0,14,24,2,4
5,11,27.0,322,1,9,1,3,79,0,15
5,5,24.0,58,3,6,0,16,37,1,14
5,5,23.0,168,6,2,0,6,7,4,17
5,6,5.0,342,5,16,1,0,64,4,24
5,6,5.0,342,5,3,0,8,27,4,24
5,6,5.0,342,5,12,0,12,80,3,24
5,6,5.0,342,5,14,0,7,78,4,24
5,6,13.0,317,6,20,0,13,28,1,25
5,6,13.0,317,6,11,1,12,80,4,25
5,6,13.0,317,6,20,1,12,80,4,25
5,6,13.0,317,6,1,0,2,2,4,25
5,6,23.0,84,1,14,2,12,80,3,17
5,6,25.0,39,4,18,1,14,34,0,13
5,6,30.0,145,1,0,0,12,61,0,19
5,6,30.0,145,1,6,0,10,43,3,19
5,10,6.0,242,0,21,1,3,79,2,23
5,10,6.0,242,0,3,0,12,121,1,23
5,10,6.0,242,0,16,1,3,30,4,23
5,10,6.0,242,0,4,0,0,85,1,23
5,10,6.0,242,0,14,0,5,12,0,23
5,10,6.0,242,0,1,0,1,105,3,23
5,10,6.0,242,0,2,1,14,125,4,23
5,10,6.0,242,0,18,0,0,12,3,23
5,10,17.0,256,5,8,0,10,47,3,6
5,10,17.0,256,5,13,1,1,59,4,6
5,10,17.0,256,5,23,0,3,79,4,6
5,10,23.0,247,4,15,0,12,104,2,17
5,10,23.0,247,4,5,1,8,9,4,17
5,10,23.0,247,4,19,1,1,35,4,17
5,10,31.0,135,5,1,0,8,41,1,20
5,1,8.0,62,6,23,1,13,36,1,8
5,1,8.0,62,6,9,0,13,48,1,8
5,1,14.0,183,5,6,2,10,47,0,5
5,1,14.0,183,5,22,0,1,1,1,5
5,1,14.0,183,5,8,0,2,2,0,5
5,7,11.0,197,2,15,0,8,9,1,9
5,1,22.0,164,6,16,1,10,47,0,26
5,11,1.0,222,4,6,0,0,12,0,7
5,10,6.0,242,0,5,1,13,28,1,23
5,11,13.0,312,1,19,1,12,17,4,25
5,1,23.0,69,3,13,0,5,6,2,17
3,0,10.0,129,2,19,0,16,37,2,4
5,6,30.0,145,1,21,0,2,92,1,19
5,5,24.0,58,3,14,2,2,69,3,14
5,3,23.0,57,4,2,1,13,48,0,17
5,11,1.0,222,4,16,0,5,12,3,7
5,11,15.0,331,4,21,2,5,12,3,1
5,11,18.0,332,3,15,1,9,109,4,0
5,11,1.0,222,4,16,0,0,12,0,7
5,5,22.0,163,5,22,0,15,39,2,26
5,5,24.0,58,3,19,0,6,7,2,14
5,9,28.0,315,6,12,0,3,115,1,18
5,8,6.0,87,3,23,2,8,33,3,23
5,11,15.0,331,4,8,2,1,81,4,1
5,11,28.0,123,2,11,0,15,119,2,18
5,6,30.0,145,1,5,0,1,1,0,19
5,11,1.0,222,4,6,0,3,30,4,7
5,6,30.0,145,1,12,0,10,52,3,19
5,6,24.0,31,2,1,0,9,57,2,14
5,7,1.0,98,3,15,0,15,114,2,7
5,8,6.0,87,3,18,0,8,27,1,23
5,11,20.0,340,1,20,0,11,15,1,29
5,9,8.0,90,3,14,3,8,33,4,8
5,11,1.0,222,4,17,3,0,15,3,7
5,6,5.0,342,5,15,0,4,82,1,24
5,10,6.0,242,0,12,0,5,47,0,23
5,10,24.0,261,5,9,1,13,36,4,14
5,11,9.0,311,5,17,0,3,30,4,12
5,11,20.0,340,1,3,0,6,91,1,29
5,7,1.0,98,3,1,0,9,93,0,7
5,9,9.0,320,0,12,3,0,64,0,12
5,9,9.0,320,0,8,1,5,12,1,12
5,9,9.0,320,0,22,0,6,7,4,12
5,7,9.0,273,0,5,0,13,29,1,12
5,7,3.0,269,1,12,0,8,19,0,27
5,7,18.0,154,2,15,0,5,12,1,0
5,9,13.0,91,5,6,2,13,36,3,25
5,11,30.0,170,5,15,0,12,61,2,19
5,9,16.0,107,0,16,1,2,123,0,2
5,9,16.0,107,0,14,0,0,68,0,2
5,9,21.0,362,6,13,1,2,71,4,21
5,9,21.0,362,6,2,2,6,132,3,21
5,9,21.0,362,6,13,1,13,38,4,21
5,7,5.0,204,4,13,0,8,118,2,24
5,7,6.0,93,5,2,1,1,105,1,23
5,11,20.0,340,1,15,1,16,130,2,29
5,7,14.0,125,6,23,1,0,77,0,5
5,7,14.0,125,6,0,1,7,137,0,5
5,7,14.0,125,6,22,0,0,64,2,5
5,7,14.0,125,6,4,0,3,70,1,5
5,7,16.0,40,0,3,0,2,40,4,2
5,7,16.0,40,0,4,0,10,52,1,2
5,7,21.0,81,6,13,1,14,126,4,21
5,7,22.0,211,3,17,0,9,93,4,26
5,7,22.0,211,3,1,0,12,135,4,26
5,7,22.0,211,3,1,0,3,115,1,26
5,7,22.0,211,3,2,0,9,95,4,26
5,7,23.0,202,0,22,1,15,114,4,17
5,7,23.0,202,0,3,0,1,11,2,17
5,7,31.0,43,1,16,0,0,12,0,20
5,7,31.0,43,1,13,0,10,22,2,20
5,11,7.0,253,2,6,0,13,38,4,11
5,11,7.0,253,2,16,0,10,23,1,11
5,11,7.0,253,2,16,0,1,35,4,11
5,11,13.0,312,1,16,0,10,47,0,25
5,11,13.0,312,1,8,1,10,43,0,25
5,11,13.0,312,1,9,0,8,118,3,25
5,11,15.0,331,4,11,0,8,33,2,1
5,11,20.0,340,1,11,2,15,119,0,29
5,11,20.0,340,1,15,0,9,93,3,29
5,11,20.0,340,1,1,0,10,23,1,29
5,11,23.0,232,5,6,0,4,79,4,17
5,11,23.0,232,5,16,0,10,47,2,17
5,11,30.0,170,5,21,0,4,82,1,19
5,11,30.0,170,5,8,0,8,65,1,19
5,11,30.0,170,5,19,2,14,34,0,19
5,11,30.0,170,5,9,0,3,30,0,19
5,9,7.0,271,6,10,0,16,37,1,11
5,9,13.0,91,5,8,0,13,28,2,25
5,9,13.0,91,5,22,1,13,36,1,25
5,9,13.0,91,5,3,0,6,128,3,25
5,9,16.0,107,0,15,1,12,100,4,2
5,9,16.0,107,0,14,0,11,133,0,2
5,9,16.0,107,0,14,0,0,77,3,2
5,9,16.0,107,0,11,1,11,18,1,2
5,9,21.0,362,6,16,0,13,123,1,21
5,9,16.0,107,0,3,0,14,24,3,2
5,9,21.0,362,6,8,1,2,2,4,21
5,9,21.0,362,6,14,0,7,62,3,21
5,7,5.0,204,4,8,1,11,10,4,24
5,7,5.0,204,4,3,1,12,56,4,24
5,7,5.0,204,4,4,1,12,17,4,24
5,7,6.0,93,5,8,0,11,55,2,23
5,7,6.0,93,5,19,0,14,25,0,23
5,7,6.0,93,5,19,0,10,22,3,23
5,7,6.0,93,5,11,0,10,47,2,23
5,7,14.0,125,6,6,1,5,12,0,5
5,7,14.0,125,6,6,1,11,15,4,5
5,7,14.0,125,6,6,0,5,64,3,5
5,7,14.0,125,6,9,0,0,26,2,5
5,7,14.0,125,6,1,0,0,77,1,5
5,7,16.0,40,0,16,2,13,36,3,2
5,11,17.0,110,6,6,0,5,6,0,6
5,11,8.0,283,4,11,3,9,93,0,8
5,11,19.0,321,0,12,0,9,9,0,10
5,11,17.0,110,6,18,3,1,59,1,6
5,9,1.0,126,3,20,3,14,110,0,7
3,0,17.0,12,2,11,1,0,12,1,6
5,3,28.0,187,1,19,0,2,2,3,18
5,7,16.0,40,0,4,0,10,52,1,2
5,7,16.0,40,0,2,0,13,36,3,2
5,7,21.0,81,6,16,0,4,82,3,21
5,6,5.0,342,5,0,0,10,22,1,24
5,11,20.0,340,1,8,0,3,44,1,29
5,8,17.0,74,4,5,0,5,6,3,6
5,10,24.0,261,5,2,0,2,86,1,14
3,0,28.0,249,3,13,3,11,15,0,18
5,11,9.0,311,5,5,1,12,56,4,12
5,10,17.0,256,5,17,0,9,54,1,6
5,6,5.0,342,5,18,0,5,6,0,24
5,6,8.0,59,0,15,2,11,133,0,8
5,6,8.0,59,0,19,0,15,39,0,8
5,6,8.0,59,0,2,2,9,93,0,8
5,6,8.0,59,0,18,0,16,37,3,8
5,6,8.0,59,0,5,1,14,25,1,8
5,6,13.0,317,6,3,0,8,9,0,25
5,6,13.0,317,6,15,0,14,24,2,25
5,6,13.0,317,6,0,1,5,6,1,25
5,6,13.0,317,6,13,0,1,11,4,25
5,6,23.0,84,1,6,0,10,52,2,17
5,6,23.0,84,1,8,0,14,97,0,17
5,6,23.0,84,1,4,0,16,72,0,17
5,6,23.0,84,1,11,3,16,37,0,17
5,6,25.0,39,4,8,1,11,133,1,13
5,6,25.0,39,4,9,1,2,2,4,13
5,6,30.0,145,1,17,0,2,92,0,19
5,6,30.0,145,1,17,0,5,12,3,19
5,6,30.0,145,1,21,0,0,12,3,19
5,6,30.0,145,1,16,1,7,20,1,19
5,6,30.0,145,1,12,3,0,15,4,19
5,10,23.0,247,4,22,0,8,9,3,17
5,10,23.0,247,4,9,0,10,47,3,17
5,3,8.0,148,2,7,1,15,96,0,8
5,3,8.0,148,2,14,0,13,75,2,8
5,3,16.0,263,4,22,0,14,34,1,2
5,3,16.0,263,4,9,0,1,11,4,2
5,5,7.0,349,4,16,0,16,50,0,11
5,7,18.0,154,2,22,1,15,51,1,0
5,11,26.0,364,0,19,3,5,6,3,3
5,5,7.0,349,4,13,0,1,67,1,11
5,5,13.0,184,2,16,2,16,37,0,25
5,5,13.0,184,2,0,0,2,40,1,25
5,5,23.0,168,6,3,0,6,91,0,17
5,5,24.0,58,3,6,0,12,56,3,14
5,5,24.0,58,3,15,0,0,31,1,14
5,5,24.0,58,3,15,2,6,7,3,14
5,5,24.0,58,3,12,0,13,29,1,14
5,5,24.0,58,3,4,0,2,2,3,14
5,5,24.0,58,3,18,0,10,12,0,14
5,6,5.0,342,5,13,1,1,81,4,24
5,6,8.0,59,0,15,0,6,89,0,8
5,6,8.0,59,0,1,0,5,6,0,8
5,6,13.0,317,6,17,0,5,12,3,25
5,6,8.0,59,0,12,1,8,65,4,8
5,6,13.0,317,6,15,0,13,123,2,25
5,6,23.0,84,1,0,0,10,23,1,17
5,6,25.0,39,4,10,0,12,61,1,13
5,6,25.0,39,4,15,0,0,64,3,13
5,6,25.0,39,4,9,0,5,6,3,13
5,6,30.0,145,1,17,0,5,12,3,19
5,7,21.0,81,6,4,0,5,6,0,21
5,7,21.0,81,6,11,1,13,123,4,21
5,7,22.0,211,3,18,2,10,22,0,26
5,7,23.0,202,0,14,0,14,126,1,17
5,7,31.0,43,1,22,0,7,122,3,20
5,7,31.0,43,1,6,0,16,37,1,20
5,3,6.0,303,0,15,0,14,25,1,23
5,3,6.0,303,0,11,0,1,67,0,23
5,3,8.0,148,2,23,1,7,62,2,8
5,3,16.0,263,4,13,0,1,16,1,2
5,3,21.0,338,1,6,0,16,39,1,21
5,3,21.0,338,1,16,1,7,62,0,21
5,3,21.0,338,1,3,0,0,26,3,21
5,3,24.0,357,5,0,2,15,119,0,14
5,3,24.0,357,5,6,1,15,114,0,14
5,3,24.0,357,5,15,0,5,47,2,14
5,5,7.0,349,4,6,0,10,47,1,11
5,5,7.0,349,4,8,0,3,79,1,11
5,5,7.0,349,4,19,0,14,25,0,11
5,5,7.0,349,4,13,0,0,64,2,11
5,5,7.0,349,4,2,0,15,119,0,11
5,5,13.0,184,2,12,0,9,93,4,25
5,11,23.0,232,5,13,0,2,86,2,17
5,5,23.0,168,6,4,0,1,11,3,17
5,5,24.0,58,3,0,0,0,53,3,14
5,6,5.0,342,5,2,2,16,50,3,24
5,6,8.0,59,0,15,2,13,28,3,8
5,6,8.0,59,0,8,0,13,38,4,8
5,6,8.0,59,0,19,0,2,86,0,8
5,6,13.0,317,6,17,1,0,64,0,25
5,11,23.0,232,5,12,0,0,31,3,17
5,8,17.0,74,4,22,3,12,100,4,6
5,11,9.0,311,5,4,0,10,22,3,12
5,10,17.0,256,5,6,1,0,15,0,6
5,9,22.0,92,3,9,0,12,61,1,26
5,8,23.0,102,2,2,0,5,6,2,17
5,11,9.0,311,5,4,1,12,17,4,12
5,11,23.0,232,5,14,0,2,69,2,17
5,10,17.0,256,5,8,0,13,29,3,6
5,11,11.0,175,3,6,0,15,51,1,9
5,11,30.0,170,5,9,0,10,23,1,19
5,8,25.0,86,5,15,0,13,99,3,13
3,6,1.0,158,3,17,3,9,57,1,7
5,10,17.0,256,5,1,1,0,77,4,6
5,9,7.0,271,6,21,0,9,57,1,11
5,11,11.0,175,3,11,0,10,47,0,9
5,9,15.0,226,3,19,0,13,38,0,1
5,8,25.0,86,5,15,0,2,86,1,13
5,9,1.0,126,3,12,0,13,21,1,7
5,11,18.0,332,3,2,0,10,47,1,0
5,10,23.0,247,4,5,0,11,15,2,17
5,11,11.0,175,3,20,1,13,21,4,9
5,9,16.0,107,0,23,0,7,20,3,2
5,8,23.0,102,2,2,0,9,102,3,17
5,6,29.0,335,0,10,0,10,22,1,16
5,11,18.0,332,3,4,0,14,25,2,0
5,10,25.0,56,6,18,0,13,99,2,13
5,11,18.0,332,3,13,1,12,61,1,0
5,9,16.0,107,0,10,0,3,79,1,2
5,8,25.0,86,5,4,2,16,108,0,13
5,9,1.0,126,3,12,0,9,49,1,7
5,11,25.0,88,3,21,1,1,105,0,13
5,7,1.0,98,3,15,0,7,129,1,7
5,6,4.0,159,4,6,2,5,12,0,30
5,6,12.0,162,5,8,0,4,138,2,28
5,6,12.0,162,5,12,1,14,25,1,28
5,6,1.0,158,0,17,3,11,18,1,7
5,6,21.0,193,3,14,1,5,6,2,21
5,11,25.0,88,3,11,1,3,103,1,13
5,11,25.0,88,3,4,2,10,47,3,13
5,11,28.0,123,2,14,2,7,62,3,18
5,11,28.0,123,2,23,1,12,83,0,18
5,11,25.0,88,3,11,0,5,12,2,13
5,9,2.0,323,0,0,0,0,26,3,22
5,9,2.0,323,0,0,0,5,6,3,22
5,9,2.0,323,0,21,0,8,9,0,22
5,9,2.0,323,0,17,0,9,102,1,22
5,9,2.0,323,0,15,0,0,53,1,22
5,9,2.0,323,0,2,1,12,56,1,22
5,9,3.0,217,1,17,0,6,7,4,27
5,9,3.0,217,1,17,0,8,118,4,27
5,9,2.0,323,0,18,0,6,89,1,22
5,9,3.0,217,1,0,0,14,110,4,27
5,9,3.0,217,1,21,1,14,125,4,27
5,9,2.0,323,0,9,2,10,22,1,22
5,9,3.0,217,1,8,0,5,6,0,27
5,9,8.0,90,3,2,1,11,15,1,8
5,9,9.0,320,0,22,3,14,25,0,12
5,9,9.0,320,0,20,0,5,12,3,12
5,9,18.0,359,2,7,0,0,53,4,0
5,9,18.0,359,2,0,0,5,12,1,0
5,10,1.0,208,2,17,0,8,65,1,7
5,9,3.0,217,1,15,2,8,33,0,27
5,9,9.0,320,0,6,1,1,11,0,12
5,9,9.0,320,0,11,0,15,46,2,12
5,9,9.0,320,0,19,0,9,93,1,12
5,9,18.0,359,2,3,0,2,71,4,0
5,9,18.0,359,2,4,0,7,120,4,0
5,9,18.0,359,2,9,0,14,24,4,0
5,9,18.0,359,2,1,0,6,7,3,0
5,9,25.0,344,2,0,0,10,22,2,13
5,9,27.0,179,5,13,0,13,28,4,15
5,9,27.0,179,5,19,0,16,74,0,15
5,9,28.0,315,6,8,0,1,59,2,18
5,7,3.0,269,1,17,0,5,12,2,27
5,7,3.0,269,1,15,1,0,0,1,27
5,9,27.0,179,5,10,0,13,38,2,15
5,7,3.0,269,1,14,2,2,2,3,27
5,7,8.0,94,3,8,0,5,6,3,8
5,7,8.0,94,3,14,1,12,83,4,8
5,7,9.0,273,0,3,3,0,26,2,12
5,7,9.0,273,0,14,0,4,138,1,12
5,7,9.0,273,0,9,0,10,47,3,12
5,7,11.0,197,2,23,0,5,6,2,9
5,7,11.0,197,2,5,0,3,115,1,9
5,7,11.0,197,2,15,0,4,45,4,9
5,9,18.0,359,2,14,0,13,38,1,0
5,9,18.0,359,2,1,2,8,27,3,0
5,9,25.0,344,2,6,0,0,26,0,13
5,9,25.0,344,2,6,1,15,31,0,13
5,9,25.0,344,2,12,0,0,53,4,13
5,9,27.0,179,5,0,1,13,21,0,15
5,9,27.0,179,5,21,0,10,22,2,15
5,9,27.0,179,5,7,1,14,32,0,15
5,9,27.0,179,5,6,1,0,26,1,15
5,9,27.0,179,5,3,1,10,22,1,15
5,9,28.0,315,6,6,0,3,30,1,18
5,9,28.0,315,6,5,0,13,21,0,18
5,9,27.0,179,5,8,0,6,7,2,15
5,7,1.0,98,3,16,0,10,47,0,7
5,7,1.0,98,3,7,0,0,77,1,7
5,7,1.0,98,3,15,0,13,48,0,7
5,9,27.0,179,5,8,0,13,28,2,15
5,9,16.0,107,0,18,0,6,132,1,2
5,11,25.0,88,3,12,0,13,28,2,13
5,4,1.0,144,4,16,0,1,59,1,7
5,9,1.0,126,3,4,1,9,57,0,7
5,4,1.0,144,4,15,0,2,40,2,7
5,9,16.0,107,0,18,0,14,25,3,2
5,10,25.0,56,6,6,0,5,6,3,13
5,9,1.0,126,3,14,1,6,91,4,7
5,4,1.0,144,4,4,0,2,86,1,7
5,11,28.0,123,2,21,0,12,56,2,18
5,9,21.0,362,6,3,0,2,92,1,21
5,9,21.0,362,6,13,0,16,37,2,21
5,9,21.0,362,6,22,2,15,108,3,21
5,9,21.0,362,6,2,0,0,53,2,21
5,7,6.0,93,5,3,0,13,48,4,23
5,7,14.0,125,6,7,2,2,86,1,5
5,7,6.0,93,5,8,0,0,64,2,23
5,7,16.0,40,0,2,0,8,41,1,2
5,7,21.0,81,6,11,0,0,31,1,21
5,7,21.0,81,6,22,0,16,130,4,21
5,7,21.0,81,6,8,0,13,48,2,21
5,7,23.0,202,0,11,0,2,40,1,17
5,7,23.0,202,0,12,0,15,39,0,17
5,7,23.0,202,0,18,0,7,57,4,17
5,7,22.0,211,3,5,3,3,44,3,26
5,7,31.0,43,1,18,0,10,22,3,20
5,3,6.0,303,0,8,0,15,96,3,23
5,3,6.0,303,0,2,0,12,80,0,23
5,3,8.0,148,2,21,0,0,64,3,8
5,3,8.0,148,2,13,0,10,47,1,8
5,9,7.0,271,6,5,1,3,115,1,11
5,9,13.0,91,5,1,0,16,39,1,25
5,9,15.0,226,3,2,2,11,18,0,1
5,9,16.0,107,0,13,0,5,6,0,2
5,9,16.0,107,0,3,1,7,57,4,2
5,9,16.0,107,0,4,0,13,38,0,2
5,9,21.0,362,6,11,1,2,71,4,21
5,9,21.0,362,6,14,1,2,71,4,21
5,9,21.0,362,6,9,0,8,27,1,21
5,9,21.0,362,6,14,2,8,27,3,21
5,7,5.0,204,4,0,1,1,1,0,24
5,7,5.0,204,4,20,0,5,6,2,24
5,7,5.0,204,4,4,0,2,2,1,24
5,7,5.0,204,4,14,0,2,13,1,24
5,7,6.0,93,5,15,0,9,57,0,23
5,9,13.0,91,5,11,3,2,69,4,25
5,7,6.0,93,5,11,1,11,55,4,23
5,7,14.0,125,6,21,0,9,58,4,5
5,7,14.0,125,6,21,1,5,12,1,5
5,7,16.0,40,0,21,0,9,87,2,2
5,7,21.0,81,6,11,0,8,19,4,21
5,7,21.0,81,6,5,0,1,11,1,21
5,7,21.0,81,6,12,0,5,12,3,21
5,7,21.0,81,6,14,2,10,43,3,21
5,7,21.0,81,6,22,1,8,9,4,21
5,7,21.0,81,6,18,1,15,51,1,21
5,7,22.0,211,3,11,0,0,77,1,26
5,7,6.0,93,5,15,0,10,52,1,23
5,7,22.0,211,3,13,0,12,17,4,26
5,7,23.0,202,0,8,0,8,118,2,17
5,7,31.0,43,1,16,0,11,55,4,20
5,7,31.0,43,1,7,2,2,2,0,20
5,7,31.0,43,1,12,0,3,44,0,20
5,7,31.0,43,1,9,0,2,86,0,20
5,3,6.0,303,0,17,3,14,25,3,23
5,3,6.0,303,0,8,2,9,101,2,23
3,0,5.0,122,5,22,3,1,59,1,24
5,11,14.0,147,2,13,1,3,79,0,5
5,11,22.0,250,4,8,1,12,80,2,26
5,3,6.0,303,0,8,0,11,18,0,23
5,3,8.0,148,2,21,0,11,94,1,8
5,3,16.0,263,4,21,0,14,24,1,2
5,3,16.0,263,4,20,0,8,9,3,2
5,3,16.0,263,4,22,0,3,30,0,2
5,3,16.0,263,4,22,1,2,2,1,2
5,10,25.0,56,6,11,0,13,28,3,13
5,1,13.0,207,4,14,1,2,2,4,25
5,11,28.0,123,2,4,2,9,27,0,18
5,10,25.0,56,6,22,0,9,102,1,13
5,1,13.0,207,4,14,1,2,86,0,25
5,11,23.0,232,5,9,0,0,96,3,17
5,10,4.0,356,6,22,0,4,82,1,30
5,9,2.0,323,0,6,0,2,86,1,22
5,4,6.0,176,1,1,0,11,117,2,23
5,9,26.0,267,4,17,0,6,89,1,3
5,9,2.0,323,0,22,0,9,63,4,22
5,4,7.0,133,2,14,0,10,47,3,11
5,11,23.0,232,5,16,0,10,47,1,17
5,9,12.0,177,4,13,0,2,2,2,28
5,9,3.0,217,1,14,0,13,13,1,27
5,9,7.0,271,6,18,0,12,84,1,11
5,9,12.0,177,4,1,0,14,24,2,28
5,9,9.0,320,0,16,0,8,9,3,12
5,9,9.0,320,0,22,0,5,12,3,12
5,9,9.0,320,0,11,1,1,1,4,12
5,9,9.0,320,0,1,0,9,93,0,12
5,9,9.0,320,0,18,0,11,15,3,12
5,9,18.0,359,2,4,1,12,84,4,0
5,9,18.0,359,2,12,1,11,133,4,0
5,9,25.0,344,2,21,0,16,108,4,13
5,9,27.0,179,5,3,0,2,40,4,15
5,9,27.0,179,5,22,0,5,6,2,15
5,9,27.0,179,5,2,0,2,69,2,15
5,7,18.0,154,2,14,0,5,12,2,0
5,11,9.0,311,5,13,0,4,82,1,12
5,11,11.0,175,3,2,0,13,36,1,9
5,11,11.0,175,3,13,0,1,59,3,9
5,11,25.0,88,3,8,2,7,57,3,13
5,11,28.0,123,2,8,2,3,44,0,18
5,9,2.0,323,0,17,0,16,72,1,22
5,9,2.0,323,0,19,0,12,56,0,22
5,11,9.0,311,5,3,0,11,15,3,12
5,11,9.0,311,5,19,0,11,90,3,12
5,11,11.0,175,3,19,2,2,86,3,9
5,11,11.0,175,3,14,0,0,26,1,9
5,11,18.0,332,3,19,1,11,129,4,0
5,11,25.0,88,3,17,0,12,56,1,13
5,11,28.0,123,2,4,0,12,56,3,18
5,11,28.0,123,2,18,2,12,104,3,18
5,9,3.0,217,1,0,0,6,14,1,27
5,9,8.0,90,3,22,3,16,139,4,8
5,9,9.0,320,0,6,2,9,102,3,12
3,0,26.0,14,5,5,0,6,7,1,3
5,9,25.0,344,2,4,0,3,115,1,13
5,9,25.0,344,2,9,0,14,25,0,13
5,9,27.0,179,5,18,0,9,83,2,15
5,9,27.0,179,5,15,1,11,98,4,15
5,6,1.0,158,0,17,1,11,18,1,7
5,6,1.0,158,0,17,1,5,12,1,7
5,1,21.0,45,5,12,0,13,99,3,21
5,8,13.0,189,3,15,0,6,7,2,25
5,7,1.0,98,3,17,1,6,73,4,7
5,8,30.0,103,2,4,1,14,24,1,19
5,9,28.0,315,6,4,0,12,135,3,18
5,9,27.0,179,5,3,1,7,78,4,15
5,9,28.0,315,6,6,0,8,27,2,18
5,9,28.0,315,6,21,0,10,47,3,18
5,9,27.0,179,5,14,1,9,58,4,15
5,9,28.0,315,6,5,2,10,22,3,18
5,9,28.0,315,6,1,0,12,56,3,18
5,7,1.0,98,3,15,0,5,64,3,7
5,7,1.0,98,3,13,2,5,12,1,7
5,7,1.0,98,3,22,2,10,47,2,7
5,1,1.0,203,6,20,0,13,99,4,7
5,7,1.0,98,3,16,0,0,0,3,7
5,7,1.0,98,3,1,0,3,44,1,7
5,7,3.0,269,1,13,1,1,59,4,27
5,7,8.0,94,3,23,1,14,131,4,8
5,7,8.0,94,3,2,2,11,8,3,8
5,7,8.0,94,3,19,1,16,72,4,8
5,7,9.0,273,0,9,0,8,27,1,12
5,7,9.0,273,0,9,0,1,105,4,12
5,7,9.0,273,0,14,1,8,9,1,12
5,9,27.0,179,5,23,1,0,77,1,15
5,7,11.0,197,2,0,0,9,49,1,9
5,7,11.0,197,2,23,2,8,19,0,9
3,0,31.0,290,2,6,0,10,47,0,20
5,5,22.0,163,5,18,0,9,102,0,26
5,5,22.0,163,5,8,0,6,91,3,26
2,11,1.0,222,0,14,0,16,50,1,7
5,5,22.0,163,5,3,0,14,25,3,26
5,6,22.0,185,0,18,0,11,6,3,26
5,6,22.0,185,0,13,0,10,43,2,26
5,10,31.0,135,5,16,1,2,2,0,20
5,10,5.0,336,3,11,0,4,75,2,24
5,10,5.0,336,3,14,1,3,70,1,24
5,10,31.0,135,5,5,0,11,133,2,20
5,10,5.0,336,3,4,0,13,99,1,24
5,8,12.0,284,6,1,0,9,9,2,28
5,10,31.0,135,5,8,1,7,137,4,20
5,7,3.0,269,1,12,0,2,71,4,27
5,1,14.0,183,5,3,0,16,37,3,5
5,5,18.0,195,0,8,1,9,95,4,0
5,9,3.0,217,1,1,0,7,120,2,27
5,9,9.0,320,0,3,0,14,24,2,12
5,9,28.0,315,6,10,0,15,96,2,18
5,11,1.0,222,4,23,0,15,39,0,7
5,11,1.0,222,4,11,3,3,30,0,7
5,11,11.0,175,3,7,0,12,61,1,9
5,11,18.0,332,3,15,1,9,49,4,0
5,11,1.0,222,4,13,1,10,47,2,7
5,11,25.0,88,3,10,1,10,12,0,13
5,11,28.0,123,2,13,0,9,102,1,18
5,9,3.0,217,1,17,0,0,26,3,27
5,11,9.0,311,5,17,1,2,86,1,12
5,9,8.0,90,3,15,1,1,81,4,8
5,9,9.0,320,0,21,2,0,26,0,12
5,9,9.0,320,0,5,0,2,92,3,12
5,9,18.0,359,2,5,1,3,44,4,0
5,9,18.0,359,2,18,0,8,41,1,0
5,9,25.0,344,2,17,0,5,12,0,13
5,9,27.0,179,5,16,0,0,64,2,15
5,9,27.0,179,5,12,2,8,9,3,15
5,9,27.0,179,5,14,0,14,24,2,15
5,9,28.0,315,6,15,0,13,29,1,18
5,9,28.0,315,6,14,0,6,132,1,18
5,1,16.0,2,3,4,0,6,89,1,2
5,1,17.0,63,0,2,0,8,33,3,6
5,10,25.0,56,6,5,0,16,42,1,13
5,1,22.0,164,6,2,0,8,9,2,26
5,1,23.0,69,3,1,0,1,35,0,17
5,1,22.0,164,6,17,1,2,86,4,26
5,11,7.0,253,2,7,0,0,77,1,11
5,11,7.0,253,2,14,1,16,72,4,11
5,11,13.0,312,1,16,0,5,12,3,25
5,11,13.0,312,1,21,0,8,27,3,25
5,11,13.0,312,1,14,0,1,67,1,25
5,11,15.0,331,4,17,0,8,118,1,1
5,11,20.0,340,1,15,2,3,103,0,29
5,11,23.0,232,5,20,0,3,76,2,17
5,11,23.0,232,5,8,0,4,75,1,17
5,11,23.0,232,5,1,0,14,107,0,17
5,11,30.0,170,5,17,0,14,24,3,19
5,11,30.0,170,5,13,0,6,89,4,19
5,11,30.0,170,5,19,1,10,22,1,19
5,9,13.0,91,5,9,2,1,59,3,25
5,9,13.0,91,5,1,2,10,22,3,25
5,7,1.0,98,3,18,1,9,87,1,7
5,7,3.0,269,1,9,0,1,105,3,27
5,7,8.0,94,3,7,0,5,6,1,8
5,7,8.0,94,3,13,1,9,10,1,8
5,7,11.0,197,2,13,0,0,31,2,9
5,1,21.0,45,5,1,0,9,95,4,21
5,7,11.0,197,2,2,0,9,63,4,9
5,7,11.0,197,2,9,2,10,47,0,9
5,7,11.0,197,2,23,0,6,14,4,9
5,7,18.0,154,2,9,0,9,49,4,0
5,3,3.0,182,5,7,1,3,103,0,27
5,3,3.0,182,5,6,1,3,115,0,27
5,3,12.0,104,3,5,0,14,34,2,28
5,10,25.0,56,6,3,0,8,19,1,13
5,3,18.0,165,6,22,0,0,26,1,0
5,10,31.0,135,5,9,0,5,12,3,20
5,10,31.0,135,5,14,0,6,89,4,20
5,6,2.0,352,1,19,0,4,4,3,22
5,10,31.0,135,5,13,3,6,128,3,20
5,11,1.0,222,4,17,0,15,96,1,7
5,11,1.0,222,4,7,0,10,47,0,7
5,1,14.0,183,5,13,0,5,6,2,5
5,1,14.0,183,5,20,1,3,70,1,5
5,1,14.0,183,5,12,0,14,125,0,5
5,1,15.0,1,6,13,0,15,39,3,1
5,1,15.0,1,6,2,1,2,86,1,1
5,1,16.0,2,3,17,0,2,86,4,2
5,1,16.0,2,3,16,0,10,47,0,2
5,1,16.0,2,3,3,0,10,47,3,2
5,1,16.0,2,3,12,0,9,57,2,2
5,1,16.0,2,3,18,1,2,123,0,2
5,1,17.0,63,0,11,0,4,127,2,6
5,1,15.0,1,6,20,3,11,55,4,1
5,1,17.0,63,0,12,1,4,4,1,6
5,1,23.0,69,3,5,2,10,23,3,17
5,1,23.0,69,3,15,0,2,86,3,17
5,8,6.0,87,3,7,1,2,123,0,23
5,8,6.0,87,3,16,0,2,40,1,23
5,8,6.0,87,3,19,0,8,27,4,23
5,8,17.0,74,4,0,1,2,123,0,6
5,10,6.0,242,0,18,0,13,99,0,23
5,10,17.0,256,5,3,0,14,25,0,6
5,11,1.0,222,4,11,1,3,30,4,7
5,11,1.0,222,4,16,0,0,12,0,7
5,11,1.0,222,4,5,1,14,126,0,7
5,11,18.0,332,3,13,1,14,97,4,0
5,11,18.0,332,3,10,1,2,2,1,0
5,11,18.0,332,3,13,0,13,28,2,0
5,11,25.0,88,3,17,0,1,67,4,13
5,7,8.0,94,3,5,3,14,88,4,8
5,3,3.0,182,5,13,1,5,6,1,27
5,6,1.0,158,0,18,1,5,6,2,7
5,10,11.0,298,6,5,0,0,77,0,9
5,11,25.0,88,3,17,0,10,22,3,13
5,11,25.0,88,3,15,1,2,71,4,13
5,11,25.0,88,3,3,1,15,51,2,13
5,11,25.0,88,3,15,0,12,104,2,13
5,11,25.0,88,3,12,0,13,36,3,13
5,11,25.0,88,3,15,0,16,74,2,13
5,11,28.0,123,2,16,2,9,57,1,18
5,10,17.0,256,5,20,0,5,6,3,6
5,10,17.0,256,5,4,0,13,29,3,6
5,10,17.0,256,5,14,0,16,108,3,6
5,10,17.0,256,5,18,0,12,17,1,6
5,10,23.0,247,4,17,0,5,47,3,17
5,10,17.0,256,5,9,0,5,12,3,6
5,10,25.0,56,6,1,0,10,52,3,13
5,10,25.0,56,6,2,1,12,17,4,13
5,6,23.0,84,1,16,0,3,30,2,17
5,10,31.0,135,5,4,0,16,113,1,20
5,10,31.0,135,5,1,0,0,64,0,20
5,1,8.0,62,6,21,0,13,99,4,8
5,1,8.0,62,6,20,0,16,42,1,8
5,1,14.0,183,5,17,0,4,75,1,5
5,1,8.0,62,6,14,0,1,35,1,8
5,1,8.0,62,6,6,0,0,12,3,8
5,1,15.0,1,6,17,1,0,53,0,1
5,1,15.0,1,6,10,1,0,26,1,1
5,1,15.0,1,6,3,0,8,19,0,1
5,1,16.0,2,3,6,2,13,99,3,2
5,1,16.0,2,3,20,0,3,79,1,2
5,1,15.0,1,6,20,0,10,47,2,1
5,1,16.0,2,3,1,0,8,19,3,2
5,1,17.0,63,0,17,0,3,115,1,6
5,6,30.0,145,1,18,0,4,121,1,19
5,6,30.0,145,1,18,0,10,47,3,19
5,6,30.0,145,1,16,0,8,118,1,19
5,10,6.0,242,0,7,1,12,80,0,23
5,10,17.0,256,5,0,0,10,22,3,6
5,10,17.0,256,5,23,0,14,24,2,6
5,10,23.0,247,4,8,0,16,42,2,17
5,10,23.0,247,4,1,0,13,29,4,17
5,10,25.0,56,6,14,0,13,21,0,13
5,10,25.0,56,6,14,3,10,47,0,13
5,10,31.0,135,5,16,0,6,89,1,20
5,10,31.0,135,5,15,0,15,114,4,20
5,10,31.0,135,5,14,2,10,52,1,20
5,10,25.0,56,6,1,0,4,138,1,13
5,1,8.0,62,6,3,1,0,15,1,8
5,1,8.0,62,6,11,0,10,22,1,8
3,1,28.0,300,4,19,0,5,6,2,18
5,9,7.0,271,6,4,1,13,48,0,11
3,2,6.0,251,4,6,0,6,89,4,23
5,1,8.0,62,6,18,3,10,47,1,8
5,1,14.0,183,5,19,0,13,38,1,5
5,1,14.0,183,5,9,0,9,83,0,5
5,1,14.0,183,5,18,2,15,114,3,5
5,1,15.0,1,6,10,1,8,9,1,1
5,1,14.0,183,5,11,1,9,63,4,5
5,1,15.0,1,6,9,0,4,75,1,1
5,1,15.0,1,6,0,1,10,47,0,1
5,1,16.0,2,3,15,0,14,131,4,2
5,1,16.0,2,3,20,0,1,16,4,2
5,1,16.0,2,3,18,2,3,115,1,2
5,1,17.0,63,0,14,0,4,66,2,6
5,1,17.0,63,0,14,0,9,95,3,6
5,1,22.0,164,6,19,0,0,53,3,26
5,1,22.0,164,6,17,1,5,6,4,26
5,1,23.0,69,3,4,0,8,27,3,17
5,1,23.0,69,3,23,1,7,137,1,17
5,1,22.0,164,6,4,0,3,30,3,26
5,8,6.0,87,3,17,2,2,13,0,23
5,8,6.0,87,3,2,0,8,27,2,23
5,8,6.0,87,3,14,0,1,35,4,23
5,8,17.0,74,4,13,0,10,47,2,6
5,8,17.0,74,4,5,2,5,12,0,6
5,8,17.0,74,4,22,0,14,97,1,6
5,8,23.0,102,2,6,0,11,94,3,17
5,8,23.0,102,2,16,0,5,12,3,17
5,8,23.0,102,2,12,0,10,47,3,17
5,8,25.0,86,5,15,1,4,136,1,13
5,8,25.0,86,5,4,0,2,40,3,13
5,8,25.0,86,5,9,0,11,133,3,13
5,4,1.0,144,4,7,0,9,93,1,7
5,4,1.0,144,4,11,0,6,91,3,7
5,2,6.0,251,5,8,1,5,6,0,23
5,5,30.0,294,6,22,0,3,30,1,19
5,4,23.0,30,5,11,1,9,134,4,17
5,5,30.0,294,6,4,0,0,68,0,19
5,7,29.0,268,3,22,0,10,47,3,16
5,1,26.0,248,2,3,0,8,118,3,3
5,3,14.0,33,1,15,0,13,48,3,5
5,2,6.0,251,5,10,1,4,4,4,23
5,2,7.0,153,6,5,3,7,31,3,11
5,2,7.0,153,6,8,0,5,6,3,11
5,2,7.0,153,6,4,0,11,124,1,11
5,2,7.0,153,6,8,1,1,1,4,11
5,2,8.0,258,3,11,0,12,56,0,8
5,2,8.0,258,3,3,0,14,131,1,8
5,2,10.0,28,1,18,0,0,15,0,4
5,2,16.0,220,0,16,0,3,30,3,2
5,2,16.0,220,0,5,0,10,12,3,2
5,2,16.0,220,0,20,0,8,27,4,2
5,2,16.0,220,0,16,1,6,14,0,2
5,2,18.0,7,2,21,0,0,68,1,0
5,2,18.0,7,2,5,0,2,92,1,0
5,2,24.0,22,1,13,0,8,9,3,14
5,5,15.0,200,5,22,0,9,93,4,1
5,2,24.0,22,1,22,2,3,79,0,14
5,2,24.0,22,1,9,2,2,92,3,14
5,2,25.0,233,2,9,2,4,45,1,13
5,2,25.0,233,2,1,0,8,9,3,13
5,0,1.0,8,1,16,0,12,83,1,7
5,2,7.0,153,6,15,0,13,99,2,11
5,2,7.0,153,6,4,0,0,15,2,11
5,2,7.0,153,6,9,1,10,47,0,11
5,2,8.0,258,3,3,3,4,45,0,8
5,2,8.0,258,3,1,0,13,99,4,8
5,2,10.0,28,1,3,0,14,97,3,4
5,2,10.0,28,1,1,0,2,2,1,4
5,2,10.0,28,1,5,0,14,24,2,4
5,2,24.0,22,1,16,0,4,79,3,14
5,2,24.0,22,1,22,0,8,41,1,14
5,2,24.0,22,1,4,0,9,54,3,14
5,2,24.0,22,1,1,0,4,136,1,14
5,2,26.0,3,4,11,0,14,25,2,3
5,2,26.0,3,4,13,0,8,65,2,3
5,0,1.0,8,1,21,0,16,50,1,7
5,0,1.0,8,1,6,1,9,134,4,7
5,0,17.0,12,4,4,0,13,99,1,6
5,0,23.0,237,2,0,0,0,12,3,17
5,0,23.0,237,2,2,0,16,113,1,17
4,11,1.0,222,5,10,0,2,69,2,7
5,4,18.0,26,3,11,1,6,91,4,0
5,4,18.0,26,3,9,0,10,47,0,0
5,4,18.0,26,3,1,2,12,100,3,0
5,7,12.0,181,4,14,0,5,0,2,28
5,7,28.0,34,6,5,3,0,77,3,18
5,4,18.0,26,3,15,0,14,25,2,0
5,4,23.0,30,5,13,0,6,89,2,17
5,4,23.0,30,5,4,0,9,87,0,17
5,8,26.0,278,6,0,1,8,9,1,3
5,4,25.0,20,3,12,2,11,55,3,13
4,2,6.0,251,6,8,0,8,33,2,23
5,4,25.0,20,3,17,1,9,93,1,13
5,2,7.0,153,6,14,0,6,89,1,11
5,2,7.0,153,6,18,0,11,94,1,11
4,2,21.0,108,3,20,0,11,18,1,21
5,2,8.0,258,3,6,0,8,41,4,8
5,2,10.0,28,1,17,0,11,133,3,4
5,2,10.0,28,1,3,0,6,7,4,4
5,2,16.0,220,0,1,0,10,22,3,2
5,2,18.0,7,2,0,0,9,134,1,0
5,2,25.0,233,2,16,0,0,12,3,13
5,2,24.0,22,1,9,0,5,64,1,14
5,2,25.0,233,2,4,0,10,43,2,13
5,2,25.0,233,2,9,0,10,47,0,13
5,2,26.0,3,4,23,1,15,31,0,3
5,11,6.0,252,1,9,0,13,13,0,23
5,11,14.0,147,2,23,0,10,47,2,5
5,11,14.0,147,2,10,1,13,38,0,5
5,11,14.0,147,2,22,0,13,48,3,5
5,11,14.0,147,2,14,0,4,75,1,5
5,11,21.0,192,2,1,0,2,69,3,21
5,11,22.0,250,4,6,0,10,47,3,26
5,11,21.0,192,2,18,0,8,41,2,21
5,11,22.0,250,4,16,0,15,46,1,26
5,11,21.0,192,2,18,0,5,6,1,21
5,11,22.0,250,4,15,1,7,120,4,26
5,11,29.0,270,4,22,1,7,8,4,16
5,9,4.0,295,2,16,1,6,116,0,30
5,9,4.0,295,2,4,0,1,11,1,30
5,9,5.0,89,4,21,1,10,47,0,24
5,9,4.0,295,2,22,0,9,93,1,30
5,1,9.0,50,3,22,0,1,11,0,12
5,5,15.0,200,5,1,0,8,41,1,1
5,1,9.0,50,3,9,0,7,62,1,12
5,3,5.0,324,3,6,0,10,47,3,24
5,1,25.0,65,1,19,3,10,23,0,13
5,3,22.0,166,2,2,1,15,31,4,26
4,2,7.0,153,3,23,0,9,9,2,11
4,2,24.0,22,2,18,1,14,32,4,14
5,7,29.0,268,3,11,0,11,15,0,16
5,3,22.0,166,2,14,0,1,35,2,26
5,5,30.0,294,6,18,0,10,47,2,19
5,1,31.0,305,0,21,1,6,7,0,20
5,1,9.0,50,3,9,0,2,2,1,12
4,2,24.0,22,2,9,1,11,90,0,14
5,3,5.0,324,3,4,0,6,7,3,24
4,2,7.0,153,3,9,0,10,52,0,11
5,3,30.0,304,4,5,1,8,19,4,19
5,5,31.0,196,3,10,1,0,68,0,20
5,1,31.0,305,0,12,0,10,43,0,20
5,1,6.0,97,4,2,3,6,7,0,23
4,2,25.0,233,4,3,0,2,123,0,13
5,4,1.0,144,4,13,0,13,69,2,7
4,5,19.0,146,2,15,0,8,27,3,10
4,1,9.0,50,0,8,0,5,6,2,12
4,6,1.0,158,1,8,0,1,35,1,7
4,8,27.0,78,0,19,0,9,101,3,15
4,0,7.0,15,1,4,0,12,61,3,11
4,2,8.0,258,0,6,1,5,12,1,8
4,2,8.0,258,0,20,0,0,15,1,8
4,2,8.0,258,0,5,0,9,93,0,8
4,2,16.0,220,1,0,0,0,53,1,2
4,2,16.0,220,1,18,0,4,82,1,2
4,2,30.0,131,1,19,2,2,86,3,19
4,2,30.0,131,1,1,0,4,5,1,19
4,0,5.0,122,3,4,0,10,22,3,24
4,10,15.0,60,4,17,0,15,51,1,1
4,8,21.0,46,1,3,0,9,58,2,21
4,8,21.0,46,1,18,0,16,37,4,21
4,4,5.0,235,1,12,1,9,83,4,24
4,2,23.0,230,1,14,0,1,11,4,17
4,7,4.0,186,4,12,0,13,48,0,30
4,3,4.0,285,3,14,0,9,102,3,30
4,3,6.0,303,1,6,1,5,64,2,23
4,7,13.0,238,6,14,1,8,9,4,25
4,7,13.0,238,6,11,0,0,77,1,25
4,7,21.0,81,3,12,3,8,27,2,21
4,7,11.0,197,4,2,0,9,134,2,9
4,4,5.0,235,1,13,1,10,22,1,24
4,2,16.0,220,1,1,1,8,33,0,2
4,2,30.0,131,1,17,0,2,2,3,19
4,0,5.0,122,3,17,2,3,79,0,24
4,0,7.0,15,1,23,0,5,64,0,11
4,0,7.0,15,1,8,0,16,72,1,11
4,4,23.0,30,6,1,0,2,86,2,17
4,0,7.0,15,1,12,0,4,127,1,11
4,8,1.0,66,2,17,1,13,13,4,7
4,4,20.0,115,2,19,1,16,139,4,29
4,4,20.0,115,2,23,1,0,12,0,29
4,2,2.0,143,1,23,1,10,43,1,22
4,2,14.0,231,3,2,0,15,37,0,5
4,2,15.0,130,0,16,0,2,86,1,1
4,2,15.0,130,0,5,0,9,102,0,1
4,2,15.0,130,0,12,2,13,29,2,1
4,2,15.0,130,0,19,1,9,58,4,1
4,2,15.0,130,0,9,0,3,44,3,1
4,2,21.0,108,3,15,0,10,47,0,21
4,2,21.0,108,3,19,1,9,83,4,21
4,1,13.0,207,5,11,1,14,106,4,25
4,1,22.0,164,3,4,1,10,52,0,26
4,10,5.0,336,0,13,1,15,85,1,24
4,1,22.0,164,3,22,0,10,47,2,26
4,8,21.0,46,1,18,0,5,12,0,21
4,4,15.0,132,5,4,1,6,7,4,1
4,4,24.0,27,3,12,0,5,6,2,14
4,2,13.0,276,6,3,0,1,16,2,25
5,11,1.0,222,4,17,0,8,33,1,7
4,8,21.0,46,1,3,3,10,23,1,21
4,1,13.0,207,5,12,1,10,47,0,25
4,8,6.0,87,0,4,1,9,27,0,23
4,1,28.0,300,6,21,1,7,129,1,18
4,10,3.0,310,6,11,1,12,84,1,27
4,6,1.0,158,1,17,0,11,18,1,7
4,2,4.0,254,4,14,1,1,105,0,30
4,2,20.0,264,6,2,0,8,9,1,29
4,10,18.0,246,3,17,1,3,30,0,0
4,1,28.0,300,6,2,0,0,26,0,18
4,1,28.0,300,6,12,0,12,61,1,18
4,2,4.0,254,4,23,0,3,103,2,30
4,7,7.0,293,3,17,0,9,49,4,11
4,4,9.0,18,6,2,0,4,75,1,12
4,6,1.0,158,1,15,0,6,89,0,7
4,6,24.0,31,4,22,0,13,99,2,14
4,6,1.0,158,1,17,1,10,47,1,7
4,2,20.0,264,6,14,0,2,92,1,29
4,8,11.0,306,6,18,1,2,86,0,9
4,2,24.0,22,2,14,0,13,29,1,14
4,2,25.0,233,4,11,0,4,75,1,13
4,2,25.0,233,4,19,0,16,72,4,13
4,2,25.0,233,4,19,1,14,88,4,13
4,2,21.0,108,3,17,0,1,16,3,21
4,0,6.0,260,0,23,0,11,18,0,23
4,0,6.0,260,0,11,0,5,6,2,23
5,11,19.0,321,0,3,1,12,104,0,10
5,11,4.0,275,3,20,0,0,26,1,30
5,11,4.0,275,3,16,0,0,53,0,30
5,11,4.0,275,3,8,0,4,82,3,30
5,11,6.0,252,1,17,0,2,86,0,23
5,5,31.0,196,3,5,0,15,31,0,20
5,1,24.0,64,0,17,0,10,22,2,14
5,8,16.0,73,2,7,1,11,15,4,2
4,2,7.0,153,3,4,1,6,128,1,11
5,5,5.0,96,1,21,0,5,6,0,24
5,5,15.0,200,5,1,1,10,52,4,1
5,8,24.0,85,4,3,0,10,23,1,14
5,1,24.0,64,0,0,0,13,21,0,14
5,1,24.0,64,0,7,0,7,78,4,14
5,6,6.0,83,6,22,0,5,6,0,23
5,1,24.0,64,0,9,0,3,30,3,14
4,2,16.0,220,1,8,0,1,35,4,2
5,8,24.0,85,4,4,0,12,83,4,14
5,11,21.0,192,2,13,0,0,77,0,21
5,5,16.0,239,6,3,0,6,132,2,2
5,6,6.0,83,6,9,1,0,0,0,23
5,1,26.0,248,2,19,0,0,85,0,3
4,0,5.0,122,3,0,0,10,12,3,24
5,8,24.0,85,4,8,3,14,24,0,14
5,8,26.0,278,6,4,0,1,59,3,3
5,8,26.0,278,6,4,2,15,96,0,3
5,4,16.0,25,5,12,0,12,84,2,2
5,4,16.0,25,5,9,1,16,42,4,2
5,4,17.0,19,6,5,0,0,68,0,6
5,4,17.0,19,6,11,1,9,95,4,6
5,4,17.0,19,6,4,0,3,30,0,6
5,4,17.0,19,6,11,1,1,16,4,6
5,8,24.0,85,4,17,0,11,98,3,14
5,8,24.0,85,4,1,2,5,47,3,14
5,8,26.0,278,6,2,0,7,111,3,3
5,4,16.0,25,5,10,1,0,31,0,2
5,4,17.0,19,6,21,0,11,18,1,6
5,8,26.0,278,6,0,0,6,73,3,3
5,4,17.0,19,6,8,2,13,38,2,6
5,4,17.0,19,6,5,1,1,16,4,6
5,4,17.0,19,6,19,0,0,85,3,6
5,4,18.0,26,3,5,0,14,24,2,0
5,4,23.0,30,5,0,0,6,7,0,17
5,4,18.0,26,3,8,0,0,64,2,0
5,4,23.0,30,5,3,1,7,111,1,17
5,4,18.0,26,3,13,1,0,12,1,0
5,4,23.0,30,5,9,0,10,47,2,17
5,2,6.0,251,5,16,0,10,47,3,23
5,11,5.0,240,0,18,3,9,95,3,24
3,10,20.0,223,3,19,0,13,99,1,29
5,3,13.0,210,0,1,0,11,90,1,25
5,10,14.0,174,1,13,0,7,120,4,5
5,6,24.0,31,2,17,1,5,12,0,14
5,8,15.0,72,1,9,0,12,121,1,1
5,4,24.0,27,6,14,0,14,110,1,14
5,2,9.0,21,0,14,1,10,22,2,12
5,2,6.0,251,5,17,1,10,47,2,23
5,2,7.0,153,6,5,0,1,35,3,11
5,2,7.0,153,6,12,0,6,89,3,11
5,2,7.0,153,6,14,1,10,47,0,11
5,4,18.0,26,3,5,1,0,64,0,0
5,2,7.0,153,6,4,2,12,104,3,11
5,2,8.0,258,3,20,0,5,6,1,8
5,8,16.0,73,2,3,0,5,6,3,2
5,8,16.0,73,2,4,0,12,121,4,2
5,8,24.0,85,4,3,0,13,28,0,14
5,8,26.0,278,6,6,0,13,36,1,3
5,8,26.0,278,6,13,0,10,22,0,3
5,8,26.0,278,6,11,0,8,9,2,3
5,4,16.0,25,5,8,1,2,92,4,2
5,4,16.0,25,5,18,0,9,87,1,2
5,4,17.0,19,6,4,0,10,22,3,6
5,4,23.0,30,5,16,1,14,25,0,17
5,4,23.0,30,5,2,2,1,11,3,17
5,4,23.0,30,5,19,0,6,116,1,17
5,11,20.0,340,1,18,0,12,61,1,29
5,11,15.0,331,4,11,0,6,7,2,1
5,9,13.0,91,5,14,3,4,82,1,25
5,9,15.0,226,3,1,3,5,6,3,1
3,3,14.0,33,0,13,3,12,83,4,5
5,3,21.0,338,1,20,1,1,81,1,21
5,5,7.0,349,4,1,0,9,93,3,11
5,5,7.0,349,4,1,0,2,86,1,11
5,6,30.0,145,1,22,1,3,44,1,19
5,1,8.0,62,6,2,1,10,23,1,8
5,1,22.0,164,6,9,1,10,47,4,26
5,1,23.0,69,3,13,1,0,12,1,17
5,0,8.0,9,1,2,3,0,26,1,8
5,8,1.0,66,1,17,0,3,30,1,7
4,9,10.0,156,2,2,3,9,49,1,4
4,11,16.0,225,6,5,0,2,86,2,2
5,11,5.0,240,0,14,0,15,46,2,24
5,9,12.0,177,4,4,0,11,15,1,28
5,7,7.0,293,6,17,0,12,80,1,11
5,3,13.0,210,0,5,0,14,110,1,25
5,5,14.0,36,4,14,1,5,12,0,5
5,5,14.0,36,4,9,3,2,2,2,5
5,5,22.0,163,5,8,0,6,91,4,26
5,4,25.0,20,3,8,0,11,133,0,13
5,4,25.0,20,3,22,1,9,134,4,13
5,4,23.0,30,5,2,0,10,47,2,17
5,2,6.0,251,5,21,1,15,85,0,23
5,2,6.0,251,5,0,1,0,64,2,23
5,2,6.0,251,5,16,1,3,30,4,23
5,2,6.0,251,5,3,0,4,66,4,23
5,2,6.0,251,5,1,0,0,31,2,23
5,2,6.0,251,5,20,1,4,127,4,23
5,2,7.0,153,6,1,0,7,111,1,11
5,2,7.0,153,6,18,1,13,38,0,11
5,2,7.0,153,6,4,1,1,16,0,11
5,5,16.0,239,6,8,0,15,114,1,2
4,0,5.0,122,3,17,1,9,10,0,24
5,6,6.0,83,6,15,2,13,38,3,23
5,11,29.0,270,4,2,0,15,39,1,16
4,0,5.0,122,3,11,0,13,38,2,24
5,5,16.0,239,6,1,0,13,38,4,2
5,3,7.0,289,1,10,1,0,64,0,11
5,3,7.0,289,1,2,0,12,121,3,11
5,8,16.0,73,2,0,0,10,22,1,2
5,6,7.0,169,3,15,0,5,6,0,11
5,11,29.0,270,4,22,1,1,81,4,16
5,3,14.0,33,1,4,0,9,10,1,5
5,8,16.0,73,2,17,1,3,103,4,2
5,6,14.0,173,3,15,0,7,120,2,5
5,11,29.0,270,4,20,0,14,24,2,16
5,5,30.0,294,6,15,0,5,6,3,19
5,8,16.0,73,2,19,0,0,77,3,2
5,6,14.0,173,3,6,0,2,123,2,5
5,9,4.0,295,2,17,0,0,26,2,30
4,0,5.0,122,3,17,1,9,10,4,24
4,0,5.0,122,3,19,0,6,73,1,24
4,0,5.0,122,3,12,0,2,13,1,24
4,0,7.0,15,1,8,0,10,22,1,11
4,0,7.0,15,1,14,0,9,57,1,11
1,11,1.0,222,6,8,0,13,38,4,7
4,0,11.0,10,6,11,0,13,38,4,9
4,0,19.0,13,3,17,0,2,86,1,10
4,10,11.0,298,3,13,1,11,124,1,9
4,10,2.0,358,5,14,0,2,35,4,22
4,8,26.0,278,3,16,3,0,77,1,3
4,4,25.0,20,0,5,3,11,18,1,13
4,4,10.0,79,3,4,1,10,22,0,4
4,4,18.0,26,0,22,0,7,120,2,0
4,2,11.0,297,4,13,0,1,67,4,9
4,2,18.0,7,4,21,1,2,86,4,0
4,8,1.0,66,2,17,0,2,86,2,7
4,8,28.0,224,1,18,1,13,38,4,18
4,8,19.0,280,3,4,3,2,13,4,10
4,2,2.0,143,1,18,0,0,64,4,22
4,2,11.0,297,4,17,1,3,79,1,9
4,0,19.0,13,3,5,2,5,6,3,10
4,4,29.0,313,5,18,3,5,64,3,16
4,4,23.0,30,6,19,1,0,12,1,17
4,2,8.0,258,0,23,0,10,22,1,8
4,2,8.0,258,0,2,0,10,23,1,8
4,2,8.0,258,0,1,2,15,31,1,8
4,2,16.0,220,1,6,0,11,124,4,2
4,2,16.0,220,1,0,1,13,21,0,2
4,2,30.0,131,1,11,0,2,86,1,19
4,2,30.0,131,1,1,2,12,17,3,19
4,0,5.0,122,3,2,0,15,96,0,24
4,0,7.0,15,1,2,0,13,48,3,11
4,2,9.0,21,1,15,2,16,108,4,12
4,2,9.0,21,1,8,0,14,24,1,12
4,2,9.0,21,1,4,0,10,47,3,12
4,2,11.0,297,4,0,1,9,57,0,9
4,2,11.0,297,4,15,0,10,47,3,9
4,2,11.0,297,4,22,2,3,103,0,9
4,2,9.0,21,1,18,1,0,31,4,12
4,2,18.0,7,4,17,1,14,97,0,0
4,2,18.0,7,4,12,0,13,29,2,0
4,2,18.0,7,4,1,1,9,49,0,0
4,2,27.0,136,6,1,1,11,94,4,15
4,2,27.0,136,6,1,0,7,78,4,15
4,2,27.0,136,6,9,2,4,121,0,15
4,2,27.0,136,6,8,1,12,100,4,15
4,6,11.0,355,5,12,0,0,68,3,9
4,6,10.0,149,4,8,0,14,131,2,4
4,1,10.0,17,1,14,1,5,12,0,4
4,10,11.0,298,3,5,0,6,132,1,9
4,8,10.0,71,5,13,2,2,123,3,4
4,10,28.0,216,2,5,0,13,21,2,18
4,2,29.0,140,0,4,1,9,93,4,16
4,0,8.0,9,2,16,0,0,12,3,8
4,0,8.0,9,2,6,0,8,118,1,8
4,0,8.0,9,2,21,0,10,52,1,8
4,0,13.0,198,0,17,0,10,22,1,25
4,0,13.0,198,0,15,0,10,47,3,25
4,0,13.0,198,0,18,0,5,6,0,25
4,0,15.0,190,2,4,0,9,49,3,1
4,0,15.0,190,2,0,1,10,52,4,1
4,0,22.0,241,2,0,0,0,68,3,26
4,0,22.0,241,2,7,0,2,71,4,26
4,0,22.0,241,2,12,1,11,133,4,26
4,0,30.0,228,4,17,1,0,26,0,19
4,1,1.0,203,3,17,0,0,26,3,7
4,10,18.0,246,3,13,0,14,25,2,0
4,1,1.0,203,3,8,3,1,105,0,7
4,4,28.0,218,4,18,3,2,2,4,18
4,4,9.0,18,6,14,3,1,105,0,12
4,2,17.0,6,2,11,1,11,18,1,6
4,0,10.0,129,5,4,0,10,22,1,4
4,7,15.0,205,0,3,0,6,89,0,1
4,2,22.0,209,0,13,1,13,29,1,26
4,2,22.0,209,0,14,0,5,6,0,26
4,2,24.0,22,2,0,0,0,12,3,14
4,2,24.0,22,2,5,2,13,28,0,14
5,11,6.0,252,1,17,0,15,114,1,23
5,5,31.0,196,3,22,0,15,37,0,20
5,10,15.0,60,2,3,0,10,22,2,1
5,6,14.0,173,3,9,0,9,134,3,5
5,9,14.0,106,6,16,2,15,119,0,5
5,6,6.0,83,6,5,0,12,56,2,23
5,10,15.0,60,2,4,1,13,99,1,1
5,3,22.0,166,2,22,0,9,54,3,26
5,6,14.0,173,3,8,0,14,24,2,5
5,10,16.0,201,4,4,0,8,118,0,2
3,8,14.0,296,3,20,0,0,53,1,5
5,3,22.0,166,2,2,0,2,40,1,26
5,6,6.0,83,6,15,0,13,99,4,23
5,10,7.0,243,1,17,1,11,133,0,11
5,9,14.0,106,6,13,0,4,82,1,5
5,10,15.0,60,2,3,0,14,125,2,1
5,3,22.0,166,2,8,0,12,104,3,26
5,6,6.0,83,6,2,0,11,133,0,23
5,10,7.0,243,1,21,0,7,20,1,11
5,9,14.0,106,6,19,2,14,106,0,5
5,10,22.0,314,2,16,1,16,130,1,26
5,5,5.0,96,1,17,0,13,48,4,24
5,10,7.0,243,1,18,0,10,47,3,11
5,10,22.0,314,2,19,0,7,62,0,26
5,9,23.0,167,0,1,1,0,85,1,17
5,10,22.0,314,2,19,0,8,118,3,26
5,11,6.0,252,1,13,1,8,9,4,23
5,5,5.0,96,1,8,1,8,27,4,24
5,6,6.0,83,6,8,0,4,138,3,23
5,6,6.0,83,6,8,0,8,9,3,23
5,5,8.0,199,5,16,1,16,113,0,8
5,9,23.0,167,0,1,2,5,12,3,17
5,10,22.0,314,2,15,0,14,25,1,26
5,6,7.0,169,3,10,0,8,9,1,11
5,5,15.0,200,5,4,0,2,123,0,1
5,11,14.0,147,2,11,1,16,130,2,5
5,1,6.0,97,4,20,0,12,56,1,23
5,10,7.0,243,1,8,3,10,47,3,11
5,6,7.0,169,3,2,1,16,72,0,11
5,5,15.0,200,5,9,1,3,103,0,1
5,7,13.0,238,5,0,0,7,20,4,25
5,11,3.0,288,6,18,2,14,110,3,27
5,10,9.0,150,4,6,1,5,6,1,12
5,7,13.0,238,5,21,1,10,22,2,25
5,6,7.0,169,3,14,0,9,102,3,11
5,10,9.0,150,4,0,0,3,103,3,12
5,7,15.0,205,3,7,2,12,80,0,1
5,5,16.0,239,6,1,0,15,108,3,2
5,11,6.0,252,1,2,0,10,22,2,23
5,5,30.0,294,6,11,0,15,114,2,19
5,7,15.0,205,3,5,0,9,57,3,1
5,5,12.0,327,1,4,3,8,19,3,28
5,10,9.0,150,4,9,0,14,88,3,12
5,11,21.0,192,2,22,0,13,99,1,21
5,11,21.0,192,2,8,0,6,89,1,21
5,6,14.0,173,3,5,0,8,9,0,5
5,7,15.0,205,3,13,2,8,19,3,1
5,5,29.0,24,5,12,0,9,95,3,16
5,10,15.0,60,2,15,0,14,24,1,1
5,11,21.0,192,2,13,1,9,63,1,21
5,11,21.0,192,2,19,0,6,7,1,21
5,6,14.0,173,3,5,0,5,64,0,5
5,7,15.0,205,3,18,0,15,77,3,1
5,5,28.0,259,4,12,0,7,120,1,18
5,10,8.0,213,2,13,1,9,27,0,8
5,11,22.0,250,4,12,0,10,22,1,26
5,11,4.0,275,3,14,0,9,9,3,30
5,11,6.0,252,1,21,1,12,83,0,23
5,11,6.0,252,1,13,0,3,79,0,23
5,11,6.0,252,1,3,0,6,132,1,23
5,11,14.0,147,2,20,0,10,47,1,5
5,11,14.0,147,2,0,0,8,65,0,5
5,11,6.0,252,1,13,0,14,24,2,23
5,11,21.0,192,2,17,0,11,117,1,21
5,11,21.0,192,2,21,0,2,92,1,21
5,11,21.0,192,2,21,1,14,25,0,21
5,11,21.0,192,2,19,0,0,53,1,21
5,11,4.0,275,3,4,2,4,82,3,30
5,11,4.0,275,3,19,1,8,19,4,30
5,11,4.0,275,3,18,0,1,67,4,30
5,11,14.0,147,2,0,1,5,6,0,5
5,11,14.0,147,2,12,0,12,80,4,5
5,11,14.0,147,2,2,2,11,133,0,5
5,11,21.0,192,2,21,0,0,12,3,21
5,11,21.0,192,2,2,0,12,100,4,21
5,11,22.0,250,4,11,0,1,11,4,26
5,9,4.0,295,2,16,0,5,12,0,30
5,9,4.0,295,2,0,0,7,111,1,30
5,9,5.0,89,4,6,0,0,85,3,24
5,9,5.0,89,4,4,0,6,7,3,24
5,9,5.0,89,4,3,0,0,77,1,24
5,11,4.0,275,3,4,1,9,10,4,30
5,11,14.0,147,2,1,0,0,77,3,5
5,11,21.0,192,2,3,2,15,51,0,21
5,11,21.0,192,2,8,0,8,33,3,21
5,11,21.0,192,2,9,0,0,31,0,21
5,11,29.0,270,4,6,0,15,108,1,16
5,11,29.0,270,4,0,1,6,7,0,16
5,11,6.0,252,1,10,2,10,47,0,23
5,11,14.0,147,2,17,0,0,12,0,5
5,11,14.0,147,2,17,0,14,25,3,5
5,11,14.0,147,2,0,0,0,77,3,5
5,11,14.0,147,2,9,0,4,136,3,5
5,11,14.0,147,2,18,1,9,9,0,5
5,11,21.0,192,2,0,0,3,44,1,21
5,11,21.0,192,2,3,0,2,86,4,21
5,11,21.0,192,2,2,0,4,138,1,21
5,11,21.0,192,2,9,1,2,60,2,21
5,11,21.0,192,2,2,0,9,63,0,21
5,11,21.0,192,2,4,0,14,24,2,21
5,11,29.0,270,4,16,1,14,126,4,16
5,11,29.0,270,4,14,0,2,86,2,16
5,9,4.0,295,2,17,0,0,26,0,30
5,9,4.0,295,2,2,0,12,84,1,30
5,9,4.0,295,2,9,0,4,121,0,30
5,9,5.0,89,4,19,1,12,17,4,24
5,9,5.0,89,4,9,2,9,93,3,24
5,9,14.0,106,6,1,0,13,38,2,5
5,9,23.0,167,0,2,1,8,27,4,17
5,7,4.0,186,2,16,0,8,118,1,30
5,7,4.0,186,2,22,0,8,27,1,30
5,7,4.0,186,2,8,1,13,38,4,30
5,7,4.0,186,2,8,0,5,12,3,30
5,7,13.0,238,5,17,1,13,48,0,25
5,7,15.0,205,3,1,0,0,26,1,1
5,7,29.0,268,3,22,0,10,52,3,16
5,11,6.0,252,1,13,1,9,101,4,23
5,7,30.0,42,0,16,0,5,6,0,19
5,7,30.0,42,0,15,0,7,129,2,19
5,7,30.0,42,0,11,0,9,49,1,19
5,7,29.0,268,3,19,3,12,134,3,16
5,7,30.0,42,0,4,0,8,9,1,19
5,3,5.0,324,3,14,0,2,40,1,24
5,3,5.0,324,3,19,2,14,131,0,24
5,3,5.0,324,3,17,1,5,12,1,24
5,3,7.0,289,1,10,0,16,74,2,11
5,3,7.0,289,1,11,1,3,30,1,11
5,3,7.0,289,1,9,0,14,97,4,11
5,3,7.0,289,1,18,2,8,27,0,11
5,3,7.0,289,1,4,0,8,41,3,11
5,3,14.0,33,1,17,2,9,134,3,5
5,11,29.0,270,4,16,1,11,98,0,16
5,9,5.0,89,4,0,0,4,45,3,24
5,9,5.0,89,4,19,1,13,28,0,24
5,7,4.0,186,2,17,1,5,12,0,30
5,7,4.0,186,2,13,0,2,2,1,30
5,7,13.0,238,5,21,0,14,97,1,25
5,7,15.0,205,3,15,0,8,41,2,1
5,7,15.0,205,3,14,0,10,22,2,1
5,10,9.0,150,4,14,2,13,99,3,12
5,6,14.0,173,3,1,2,10,22,3,5
5,7,30.0,42,0,16,0,10,12,0,19
5,11,21.0,192,2,4,2,8,33,3,21
3,0,1.0,8,0,1,0,0,85,1,7
5,7,30.0,42,0,20,0,2,86,1,19
5,10,15.0,60,2,16,0,5,6,2,1
5,6,14.0,173,3,13,1,1,81,4,5
5,7,30.0,42,0,13,0,10,47,2,19
5,11,22.0,250,4,6,0,5,64,2,26
5,6,14.0,173,3,11,0,11,133,3,5
5,10,13.0,346,0,12,1,2,86,4,25
5,3,5.0,324,3,8,0,4,5,1,24
5,11,21.0,192,2,18,1,3,30,4,21
5,10,16.0,201,4,20,0,14,34,4,2
5,6,14.0,173,3,11,1,1,1,4,5
5,10,13.0,346,0,22,0,10,12,0,25
5,11,22.0,250,4,22,2,14,25,0,26
5,10,16.0,201,4,2,0,14,24,1,2
5,10,16.0,201,4,9,0,4,75,1,2
5,1,6.0,97,4,7,0,7,137,1,23
5,1,7.0,32,5,13,0,3,30,0,11
5,1,7.0,32,5,15,2,4,115,3,11
5,1,7.0,32,5,18,0,11,124,1,11
5,1,7.0,32,5,3,3,13,69,0,11
5,1,9.0,50,3,0,1,1,16,0,12
5,1,24.0,64,0,7,2,8,118,2,14
5,1,26.0,248,2,0,0,0,15,0,3
5,1,26.0,248,2,3,0,14,106,3,3
5,1,31.0,305,0,1,0,14,32,3,20
5,1,31.0,305,0,20,0,14,24,2,20
5,8,16.0,73,2,5,2,3,70,4,2
5,8,24.0,85,4,2,0,4,66,2,14
5,8,24.0,85,4,18,0,1,81,3,14
5,8,26.0,278,6,17,0,15,39,3,3
5,4,16.0,25,5,12,1,10,12,0,2
5,4,17.0,19,6,10,0,15,31,1,6
5,4,17.0,19,6,12,0,2,86,3,6
5,10,9.0,150,4,19,1,10,23,1,12
5,10,16.0,201,4,17,0,2,71,1,2
5,10,16.0,201,4,19,0,0,77,3,2
5,10,22.0,314,2,16,0,0,12,0,26
5,10,22.0,314,2,16,0,11,15,0,26
5,10,22.0,314,2,23,0,2,86,0,26
5,1,6.0,97,4,16,0,14,34,3,23
5,1,6.0,97,4,13,0,0,85,3,23
5,1,6.0,97,4,3,0,6,7,0,23
5,1,6.0,97,4,4,0,14,24,2,23
5,1,9.0,50,3,20,0,10,22,3,12
5,1,9.0,50,3,3,0,11,18,3,12
5,1,24.0,64,0,13,3,6,7,0,14
5,1,24.0,64,0,22,0,0,96,3,14
5,1,24.0,64,0,14,0,2,86,1,14
5,1,24.0,64,0,4,0,11,18,3,14
5,1,25.0,65,1,0,0,13,29,1,13
5,1,24.0,64,0,14,0,5,6,0,14
5,1,25.0,65,1,8,0,10,22,3,13
5,1,25.0,65,1,3,0,8,9,1,13
5,1,26.0,248,2,15,0,3,76,4,3
5,1,31.0,305,0,16,0,10,22,2,20
5,1,31.0,305,0,3,0,13,21,1,20
5,8,16.0,73,2,15,0,0,26,0,2
5,8,16.0,73,2,15,0,10,22,1,2
5,10,15.0,60,2,14,0,3,79,3,1
5,10,15.0,60,2,4,0,9,57,1,1
5,10,16.0,201,4,10,1,5,6,0,2
5,10,16.0,201,4,11,0,10,47,0,2
5,10,16.0,201,4,16,1,12,61,1,2
5,10,22.0,314,2,17,0,5,6,0,26
5,10,22.0,314,2,23,1,6,7,0,26
5,10,22.0,314,2,9,0,7,20,3,26
5,1,6.0,97,4,0,0,0,53,0,23
5,1,6.0,97,4,19,0,9,87,4,23
4,0,14.0,5,1,5,0,13,29,1,5
4,0,7.0,15,1,1,2,7,120,0,11
4,4,31.0,67,3,14,1,14,110,0,20
5,10,8.0,213,2,18,1,5,6,1,8
5,6,14.0,173,3,19,1,7,8,4,5
5,3,7.0,289,1,0,1,15,96,0,11
5,10,28.0,216,1,15,0,13,28,1,18
5,6,16.0,38,1,19,0,7,111,1,2
5,11,22.0,250,4,4,1,2,13,0,26
5,3,7.0,289,1,3,2,10,47,0,11
5,10,7.0,243,1,11,0,9,57,1,11
5,1,28.0,300,5,13,0,4,75,0,18
5,11,22.0,250,4,9,0,16,113,4,26
5,3,7.0,289,1,12,0,1,35,4,11
5,10,7.0,243,1,22,0,2,69,3,11
5,4,20.0,115,1,9,1,5,6,0,29
5,11,29.0,270,4,0,0,13,13,0,16
5,3,7.0,289,1,1,2,16,72,0,11
5,10,7.0,243,1,8,0,8,27,0,11
5,0,14.0,5,0,20,1,0,15,4,5
5,11,29.0,270,4,13,0,11,94,3,16
5,3,14.0,33,1,0,0,13,13,3,5
5,10,7.0,243,1,9,2,12,121,3,11
5,9,13.0,91,5,19,1,5,6,0,25
5,9,4.0,295,2,8,2,5,12,0,30
5,9,14.0,106,6,17,0,3,30,0,5
5,6,5.0,342,5,4,0,6,7,3,24
5,9,14.0,106,6,7,3,1,67,0,5
5,9,14.0,106,6,17,0,0,85,1,5
5,9,23.0,167,0,8,0,11,117,0,17
5,7,13.0,238,5,1,2,14,25,0,25
5,7,13.0,238,5,9,0,9,93,1,25
5,7,13.0,238,5,9,0,5,12,0,25
5,7,15.0,205,3,16,1,14,24,0,1
5,7,29.0,268,3,8,0,0,77,3,16
5,7,30.0,42,0,11,0,4,45,1,19
5,3,5.0,324,3,13,0,0,12,3,24
5,3,5.0,324,3,19,0,2,92,1,24
5,3,7.0,289,1,16,2,12,80,3,11
5,3,7.0,289,1,17,0,12,83,0,11
5,3,7.0,289,1,3,0,10,43,3,11
5,3,7.0,289,1,2,0,0,77,0,11
5,3,14.0,33,1,20,1,9,10,0,5
5,3,14.0,33,1,9,0,8,27,4,5
5,3,22.0,166,2,22,0,7,111,3,26
5,3,30.0,304,4,2,0,9,27,3,19
5,3,30.0,304,4,1,0,0,12,3,19
5,5,5.0,96,1,10,0,13,21,3,24
5,5,16.0,239,6,13,0,0,96,0,2
5,5,16.0,239,6,12,0,10,6,3,2
5,5,16.0,239,6,9,2,13,48,0,2
5,5,30.0,294,6,20,2,0,31,2,19
5,5,30.0,294,6,7,0,10,47,1,19
5,5,30.0,294,6,5,0,1,35,4,19
5,5,30.0,294,6,3,0,10,22,1,19
5,5,30.0,294,6,12,0,2,2,0,19
5,5,31.0,196,3,11,2,7,57,0,20
5,3,30.0,304,4,15,3,16,37,1,19
5,6,6.0,83,6,21,1,0,77,1,23
5,6,7.0,169,3,2,0,15,31,3,11
5,6,16.0,38,1,7,0,14,126,1,2
5,6,16.0,38,1,1,0,14,25,1,2
5,6,16.0,38,1,1,0,10,30,3,2
5,6,16.0,38,1,19,0,1,11,4,2
5,6,16.0,38,1,18,1,13,28,0,2
5,10,7.0,243,1,15,0,10,22,3,11
5,10,7.0,243,1,12,2,13,48,3,11
5,10,7.0,243,1,12,0,8,41,3,11
5,10,9.0,150,4,15,2,6,116,0,12
5,10,15.0,60,2,2,0,1,81,4,1
5,5,5.0,96,1,16,0,8,33,0,24
5,5,5.0,96,1,21,0,10,12,1,24
5,5,5.0,96,1,22,0,7,137,1,24
5,5,5.0,96,1,5,0,16,50,2,24
5,5,5.0,96,1,14,3,14,32,4,24
5,5,8.0,199,5,15,0,3,44,1,8
5,5,8.0,199,5,4,0,4,82,3,8
5,5,8.0,199,5,9,2,4,82,3,8
5,5,15.0,200,5,5,3,6,7,0,1
5,9,5.0,89,4,17,0,10,47,3,24
5,10,6.0,242,0,19,0,8,41,1,23
5,9,5.0,89,4,15,0,9,93,1,24
5,9,5.0,89,4,5,0,16,130,1,24
5,9,5.0,89,4,5,0,10,22,1,24
5,1,8.0,62,6,16,3,14,25,3,8
5,9,5.0,89,4,13,0,10,22,2,24
5,10,7.0,243,1,19,0,13,38,2,11
5,1,14.0,183,5,4,3,3,115,4,5
5,10,8.0,213,2,21,0,12,61,1,8
5,10,8.0,213,2,7,0,1,11,3,8
5,8,25.0,86,5,12,1,12,100,4,13
5,1,14.0,183,5,4,1,10,47,1,5
5,10,8.0,213,2,21,0,9,102,3,8
5,4,31.0,67,6,10,1,9,102,4,20
5,10,8.0,213,2,20,0,3,30,3,8
5,10,8.0,213,2,2,0,10,22,3,8
5,10,8.0,213,2,19,3,9,87,4,8
5,10,9.0,150,4,16,0,3,76,0,12
5,10,9.0,150,4,21,1,7,120,0,12
5,10,9.0,150,4,1,0,1,81,4,12
5,5,8.0,199,5,18,0,2,86,4,8
5,5,15.0,200,5,17,0,15,112,3,1
5,5,15.0,200,5,20,1,12,104,4,1
5,5,16.0,239,6,11,1,12,80,1,2
5,5,16.0,239,6,20,0,9,134,4,2
5,5,16.0,239,6,14,0,5,6,3,2
5,5,30.0,294,6,0,0,13,13,0,19
5,5,30.0,294,6,11,0,4,4,2,19
5,5,30.0,294,6,15,0,5,12,2,19
5,5,30.0,294,6,18,2,14,97,3,19
5,6,7.0,169,3,8,0,4,4,2,11
5,5,30.0,294,6,3,0,15,39,0,19
5,6,7.0,169,3,19,0,0,26,0,11
5,6,14.0,173,3,16,2,9,93,3,5
5,6,14.0,173,3,16,1,0,0,0,5
5,6,14.0,173,3,15,0,11,117,3,5
5,9,5.0,89,4,14,0,15,31,1,24
5,6,14.0,173,3,4,0,2,3,3,5
5,6,16.0,38,1,6,0,14,24,3,2
5,6,16.0,38,1,19,3,12,80,0,2
5,10,7.0,243,1,6,1,3,115,1,11
5,10,7.0,243,1,12,1,0,12,1,11
5,10,7.0,243,1,4,0,10,47,0,11
5,10,8.0,213,2,4,0,10,47,3,8
5,10,9.0,150,4,13,0,1,105,0,12
5,10,15.0,60,2,6,1,2,86,0,1
5,3,14.0,33,1,16,1,2,71,0,5
5,3,22.0,166,2,22,0,8,118,1,26
5,5,8.0,199,5,20,0,0,26,2,8
5,5,8.0,199,5,2,0,1,59,3,8
5,5,15.0,200,5,14,0,13,21,2,1
5,5,15.0,200,5,19,2,10,22,1,1
5,5,16.0,239,6,2,0,9,95,1,2
5,5,31.0,196,3,17,2,2,2,3,20
5,5,31.0,196,3,16,0,16,42,2,20
5,5,31.0,196,3,13,0,16,50,0,20
5,5,31.0,196,3,8,0,2,123,2,20
5,6,6.0,83,6,2,0,13,69,3,23
5,6,7.0,169,3,23,0,15,96,4,11
5,6,14.0,173,3,8,0,0,26,0,5
5,6,16.0,38,1,6,0,3,30,0,2
5,5,8.0,199,5,3,0,7,20,2,8
5,6,16.0,38,1,10,0,4,4,3,2
5,6,16.0,38,1,8,1,2,71,4,2
5,10,8.0,213,2,0,0,5,6,3,8
5,10,8.0,213,2,3,0,10,6,3,8
5,10,8.0,213,2,9,0,3,70,1,8
5,10,9.0,150,4,16,0,1,105,0,12
5,1,7.0,32,5,12,0,8,41,0,11
5,9,14.0,106,6,17,1,7,8,1,5
5,1,9.0,50,3,10,0,3,30,3,12
5,9,14.0,106,6,23,1,15,114,1,5
5,1,9.0,50,3,11,0,5,6,3,12
5,9,23.0,167,0,1,0,4,127,1,17
5,9,23.0,167,0,12,0,13,69,2,17
5,1,9.0,50,3,13,0,8,41,2,12
5,9,23.0,167,0,11,1,10,52,4,17
5,1,9.0,50,3,7,1,6,91,1,12
5,1,24.0,64,0,7,0,14,107,3,14
5,1,25.0,65,1,17,0,7,20,1,13
5,1,25.0,65,1,21,1,7,111,4,13
5,1,26.0,248,2,21,2,8,33,3,3
5,1,26.0,248,2,18,0,1,105,0,3
5,1,31.0,305,0,0,0,8,9,3,20
5,8,16.0,73,2,21,0,16,72,1,2
5,8,16.0,73,2,22,2,14,25,3,2
5,8,24.0,85,4,5,0,13,99,1,14
5,8,24.0,85,4,14,0,4,79,1,14
5,8,24.0,85,4,14,2,13,99,0,14
5,8,26.0,278,6,20,0,3,30,4,3
5,8,26.0,278,6,3,1,13,28,4,3
5,8,26.0,278,6,23,1,6,128,1,3
5,4,16.0,25,5,16,2,7,57,0,2
5,4,16.0,25,5,14,0,4,75,1,2
5,4,17.0,19,6,17,0,8,41,1,6
5,4,18.0,26,3,6,0,0,68,1,0
5,4,17.0,19,6,18,1,14,107,4,6
5,4,18.0,26,3,4,0,8,27,2,0
5,4,18.0,26,3,2,2,7,122,0,0
5,4,23.0,30,5,13,0,3,115,3,17
5,4,25.0,20,3,23,1,1,1,0,13
5,4,25.0,20,3,21,1,7,20,0,13
5,4,25.0,20,3,15,1,6,91,4,13
5,4,25.0,20,3,8,0,10,47,0,13
5,4,25.0,20,3,13,1,12,104,4,13
5,4,25.0,20,3,9,2,9,93,3,13
5,4,25.0,20,3,4,1,9,83,4,13
5,2,6.0,251,5,17,0,3,30,4,23
5,2,6.0,251,5,13,0,13,28,3,23
5,10,15.0,60,2,16,0,6,7,4,1
5,10,15.0,60,2,14,0,9,95,3,1
5,10,15.0,60,2,6,1,2,86,0,1
5,10,16.0,201,4,14,0,8,9,1,2
5,10,22.0,314,2,6,0,2,123,4,26
5,10,22.0,314,2,21,0,2,35,2,26
5,10,22.0,314,2,0,0,8,9,3,26
5,1,7.0,32,5,15,0,16,72,2,11
5,1,9.0,50,3,19,0,5,6,0,12
5,1,25.0,65,1,0,1,7,8,0,13
5,1,26.0,248,2,21,3,0,26,1,3
5,9,23.0,167,0,13,0,14,24,2,17
5,9,23.0,167,0,19,0,11,94,2,17
5,3,14.0,33,1,19,0,3,30,1,5
5,3,22.0,166,2,16,0,0,12,3,26
5,3,22.0,166,2,0,2,2,123,0,26
5,3,22.0,166,2,22,0,10,43,3,26
5,3,22.0,166,2,16,0,1,35,0,26
5,3,30.0,304,4,7,0,14,32,3,19
5,3,30.0,304,4,17,1,15,51,4,19
5,3,30.0,304,4,10,1,0,31,0,19
5,3,30.0,304,4,15,0,5,6,1,19
5,5,5.0,96,1,16,0,16,108,4,24
5,5,5.0,96,1,19,0,16,50,3,24
5,5,8.0,199,5,2,0,7,8,2,8
5,5,8.0,199,5,12,2,4,45,3,8
5,5,8.0,199,5,8,2,8,33,2,8
5,5,8.0,199,5,12,0,16,50,3,8
5,5,8.0,199,5,22,0,14,32,4,8
5,5,8.0,199,5,9,0,8,118,1,8
5,5,8.0,199,5,9,2,4,82,3,8
5,5,15.0,200,5,0,0,4,66,0,1
5,5,15.0,200,5,20,0,2,69,1,1
5,5,15.0,200,5,3,0,4,121,1,1
5,5,15.0,200,5,8,2,1,59,3,1
5,5,16.0,239,6,21,1,13,13,0,2
5,7,4.0,186,2,0,0,10,22,1,30
5,7,4.0,186,2,3,0,8,41,4,30
5,7,13.0,238,5,17,0,2,92,3,25
5,11,20.0,340,1,4,0,4,4,1,29
5,9,13.0,91,5,14,1,5,12,2,25
5,7,21.0,81,6,1,0,10,12,1,21
5,3,6.0,303,0,12,0,2,2,1,23
5,3,21.0,338,1,10,3,1,35,3,21
5,7,13.0,238,5,3,3,11,94,0,25
5,7,15.0,205,3,16,0,2,92,3,1
5,7,15.0,205,3,22,1,10,47,0,1
5,7,29.0,268,3,11,1,6,91,1,16
5,7,29.0,268,3,13,2,2,40,0,16
5,7,29.0,268,3,14,1,1,105,0,16
5,7,30.0,42,0,13,0,14,106,1,19
5,7,30.0,42,0,15,0,6,7,0,19
5,3,5.0,324,3,0,0,0,0,0,24
5,3,5.0,324,3,8,0,9,63,3,24
5,3,5.0,324,3,19,0,6,7,4,24
5,3,7.0,289,1,0,0,5,12,1,11
5,3,7.0,289,1,18,2,13,21,3,11
5,3,14.0,33,1,5,0,10,47,3,5
4,5,25.0,350,1,16,0,7,111,3,13
4,6,27.0,116,3,8,0,12,104,2,15
4,5,26.0,37,2,0,0,5,12,0,3
4,5,26.0,37,2,14,0,8,41,3,3
4,10,8.0,213,4,15,0,4,82,1,8
4,5,25.0,350,1,18,0,4,75,1,13
4,10,8.0,213,4,13,2,13,38,1,8
4,9,23.0,167,1,4,0,9,57,0,17
4,5,26.0,37,2,18,0,14,25,1,3
4,5,26.0,37,2,1,0,4,79,0,3
4,5,25.0,350,1,6,0,0,12,3,13
4,5,27.0,328,4,4,0,2,13,3,15
4,5,26.0,37,2,5,0,11,122,1,3
4,6,8.0,59,1,5,0,14,25,3,8
4,6,8.0,59,1,3,0,8,27,1,8
4,6,18.0,308,5,10,0,2,60,4,0
4,6,18.0,308,5,21,1,11,55,0,0
5,0,1.0,8,1,17,3,6,132,4,7
4,6,8.0,59,1,12,0,8,33,2,8
4,6,19.0,291,6,22,0,7,111,0,10
4,6,19.0,291,6,2,0,16,37,1,10
4,6,27.0,116,3,13,0,10,12,3,15
4,6,27.0,116,3,11,0,3,44,0,15
4,6,27.0,116,3,19,0,9,95,0,15
4,10,1.0,208,4,13,0,3,30,4,7
4,10,1.0,208,4,14,0,13,38,2,7
4,10,1.0,208,4,6,0,0,26,3,7
4,6,27.0,116,3,3,0,13,29,2,15
4,10,8.0,213,4,5,0,15,46,0,8
4,10,8.0,213,4,17,1,3,30,4,8
4,10,8.0,213,4,8,1,6,7,2,8
4,10,9.0,150,5,8,0,5,6,3,12
4,10,8.0,213,4,17,2,10,22,0,8
4,10,9.0,150,5,2,0,5,6,0,12
4,10,10.0,245,6,17,0,3,115,3,4
4,10,9.0,150,5,9,0,9,93,0,12
4,10,9.0,150,5,11,0,13,29,1,12
4,10,10.0,245,6,15,0,6,128,0,4
4,10,10.0,245,6,0,2,2,2,0,4
4,10,10.0,245,6,13,0,13,38,2,4
4,10,10.0,245,6,22,0,3,79,4,4
4,10,10.0,245,6,3,0,5,6,3,4
4,10,10.0,245,6,2,0,5,6,2,4
4,10,10.0,245,6,11,1,11,98,4,4
4,10,17.0,256,6,17,0,10,22,0,6
4,10,17.0,256,6,17,0,10,52,3,6
4,10,17.0,256,6,16,1,4,45,4,6
4,10,17.0,256,6,16,1,4,45,0,6
4,10,17.0,256,6,11,0,2,69,2,6
4,10,17.0,256,6,22,0,15,46,4,6
4,10,19.0,117,0,20,0,8,33,0,10
4,10,19.0,117,0,18,0,0,53,0,10
4,10,27.0,302,1,0,0,0,12,3,15
5,1,31.0,305,0,3,0,12,100,4,20
5,1,31.0,305,0,1,1,7,129,4,20
5,8,16.0,73,2,4,0,16,139,3,2
5,8,16.0,73,2,8,0,14,24,2,2
5,8,24.0,85,4,21,0,5,64,1,14
5,8,24.0,85,4,14,0,0,64,2,14
5,4,12.0,134,0,22,0,8,9,3,28
5,4,11.0,121,3,17,3,8,19,0,9
4,4,15.0,132,5,22,0,6,128,2,1
4,8,15.0,72,2,10,3,5,12,1,1
4,2,6.0,251,6,9,1,2,92,0,23
5,11,1.0,222,4,17,0,14,126,1,7
5,11,1.0,222,4,17,1,7,111,1,7
5,6,12.0,162,5,3,1,0,15,4,28
5,10,11.0,298,6,4,2,2,2,3,9
5,6,27.0,116,6,1,3,14,25,0,15
5,1,5.0,219,2,4,0,11,6,0,24
5,8,24.0,85,4,9,0,14,34,3,14
5,8,26.0,278,6,16,0,11,8,1,3
5,8,26.0,278,6,7,0,2,13,2,3
5,4,16.0,25,5,4,0,10,47,1,2
5,4,16.0,25,5,9,0,9,93,4,2
5,4,17.0,19,6,2,0,12,104,3,6
5,4,18.0,26,3,23,0,6,91,1,0
5,4,18.0,26,3,12,2,10,52,1,0
5,4,18.0,26,3,5,1,15,46,4,0
5,4,23.0,30,5,20,0,14,24,2,17
5,4,23.0,30,5,22,0,13,48,2,17
5,4,25.0,20,3,23,0,12,84,1,13
5,4,25.0,20,3,3,0,15,39,0,13
5,2,6.0,251,5,19,0,8,27,1,23
5,2,6.0,251,5,3,0,8,41,3,23
5,2,7.0,153,6,5,1,1,67,4,11
4,6,18.0,308,5,4,0,4,121,4,0
4,6,18.0,308,5,20,0,16,37,3,0
4,6,19.0,291,6,0,1,13,28,0,10
4,6,19.0,291,6,14,0,14,34,1,10
4,9,23.0,167,1,1,2,8,19,0,17
4,10,8.0,213,4,2,3,3,115,4,8
4,9,23.0,167,1,1,0,0,31,2,17
4,10,8.0,213,4,1,0,9,87,3,8
4,9,25.0,344,4,3,0,10,47,0,13
4,10,9.0,150,5,7,1,5,64,0,12
4,10,9.0,150,5,8,0,9,87,0,12
4,7,1.0,98,0,16,0,10,47,0,7
4,7,8.0,94,0,0,1,14,125,4,8
4,10,9.0,150,5,18,0,8,41,1,12
4,7,8.0,94,0,20,0,10,47,1,8
4,10,9.0,150,5,11,1,10,52,1,12
4,7,8.0,94,0,14,0,14,34,1,8
4,10,17.0,256,6,16,1,11,94,0,6
4,7,24.0,68,2,20,0,8,27,3,14
4,10,17.0,256,6,22,0,7,57,1,6
4,7,24.0,68,2,19,0,13,29,4,14
4,7,26.0,316,5,22,0,13,38,2,3
4,7,27.0,53,6,23,1,1,59,4,15
4,7,1.0,98,0,9,0,8,9,4,7
4,3,1.0,180,4,8,0,0,31,3,7
4,3,9.0,44,5,11,1,3,115,1,12
4,3,10.0,4,6,13,1,14,34,1,4
4,3,15.0,35,4,20,0,2,86,4,1
4,3,17.0,54,6,7,0,10,52,1,6
4,3,10.0,4,6,8,0,7,122,2,4
4,3,17.0,54,6,22,1,9,134,4,6
4,3,27.0,361,1,7,1,7,111,0,15
4,3,27.0,361,1,4,1,3,115,1,15
4,5,1.0,109,6,16,1,13,29,2,7
4,5,1.0,109,6,23,0,4,79,2,7
4,5,1.0,109,6,0,1,1,67,0,7
4,5,1.0,109,6,4,0,4,127,1,7
4,5,1.0,109,6,8,0,1,35,4,7
4,5,1.0,109,6,22,1,9,134,4,7
4,5,9.0,206,3,0,0,12,121,1,12
4,5,9.0,206,3,4,2,6,89,1,12
4,3,10.0,4,6,11,0,8,33,1,4
4,5,25.0,350,1,0,0,7,137,1,13
4,5,25.0,350,1,12,0,4,115,3,13
4,5,25.0,350,1,14,0,5,6,2,13
4,5,26.0,37,2,10,0,0,53,2,3
4,5,26.0,37,2,13,0,10,23,1,3
4,3,1.0,180,4,1,0,2,86,4,7
4,3,7.0,289,2,7,0,0,12,2,11
4,3,7.0,289,2,16,1,12,56,0,11
4,3,9.0,44,5,14,0,10,23,1,12
4,3,10.0,4,6,16,1,0,31,0,4
4,3,15.0,35,4,5,1,9,49,1,1
4,3,17.0,54,6,14,0,4,82,0,6
4,3,27.0,361,1,16,0,3,76,3,15
4,3,27.0,361,1,5,0,8,9,0,15
4,3,27.0,361,1,8,1,14,25,0,15
4,5,1.0,109,6,22,0,9,63,3,7
4,5,1.0,109,6,13,0,0,68,2,7
4,5,25.0,350,1,6,0,2,123,4,13
4,5,25.0,350,1,2,0,10,6,3,13
4,5,25.0,350,1,12,0,4,75,1,13
4,5,27.0,328,4,11,0,8,9,1,15
4,5,27.0,328,4,19,0,5,12,3,15
4,5,27.0,328,4,19,0,14,24,1,15
4,5,27.0,328,4,11,0,9,95,3,15
4,6,8.0,59,1,8,0,15,114,0,8
4,6,8.0,59,1,9,0,6,89,3,8
4,6,9.0,236,2,22,0,0,64,3,12
4,6,9.0,236,2,19,0,5,6,0,12
4,6,18.0,308,5,0,0,15,119,3,0
4,6,18.0,308,5,11,0,6,128,1,0
4,3,10.0,4,6,12,0,6,89,1,4
4,3,15.0,35,4,6,1,9,57,0,1
4,3,15.0,35,4,4,0,4,82,4,1
4,3,15.0,35,4,15,0,4,127,3,1
4,3,15.0,35,4,11,1,11,124,1,1
4,3,17.0,54,6,13,1,12,56,4,6
4,3,17.0,54,6,15,1,9,58,4,6
4,3,27.0,361,1,9,0,8,9,1,15
4,5,1.0,109,6,0,0,0,31,2,7
4,5,1.0,109,6,19,0,14,110,3,7
4,5,25.0,350,1,14,0,10,43,1,13
4,11,1.0,222,5,17,0,1,35,4,7
4,5,26.0,37,2,17,0,10,12,1,3
4,5,27.0,328,4,10,0,9,109,1,15
4,5,27.0,328,4,3,0,13,69,2,15
4,6,8.0,59,1,9,0,0,12,3,8
4,6,9.0,236,2,6,0,6,7,1,12
4,6,9.0,236,2,21,1,10,47,0,12
4,6,9.0,236,2,4,0,14,97,3,12
4,6,18.0,308,5,20,0,11,133,0,0
4,6,18.0,308,5,9,1,15,114,4,0
4,6,27.0,116,3,21,0,0,31,1,15
4,6,27.0,116,3,3,0,9,57,1,15
4,9,25.0,344,4,20,1,5,6,0,13
4,9,25.0,344,4,12,0,1,59,1,13
4,9,25.0,344,4,20,1,12,121,1,13
5,9,5.0,89,4,8,0,13,38,2,24
4,1,26.0,248,4,22,0,0,68,2,3
4,10,19.0,117,0,0,0,13,36,3,10
5,0,17.0,12,4,15,0,9,95,0,6
4,9,18.0,359,4,15,0,2,2,2,0
4,9,25.0,344,4,14,0,8,9,4,13
4,7,1.0,98,0,6,0,10,22,2,7
4,7,1.0,98,0,0,1,10,12,0,7
4,7,1.0,98,0,4,0,10,47,1,7
4,7,8.0,94,0,17,0,4,45,0,8
4,7,1.0,98,0,3,0,0,12,2,7
4,7,8.0,94,0,15,1,1,16,4,8
4,7,8.0,94,0,8,0,12,61,3,8
4,7,8.0,94,0,8,0,8,27,0,8
4,7,26.0,316,5,19,0,3,115,1,3
4,7,26.0,316,5,23,1,15,114,1,3
4,7,27.0,53,6,18,1,2,86,4,15
4,3,1.0,180,4,4,0,2,86,1,7
4,11,1.0,222,5,17,0,13,28,2,7
4,3,7.0,289,2,22,0,14,131,2,11
4,3,9.0,44,5,1,1,10,47,0,12
5,1,9.0,50,3,12,0,15,77,3,12
5,6,15.0,49,0,1,0,1,11,4,1
5,10,5.0,336,3,14,0,8,41,1,24
5,0,25.0,281,5,17,1,2,86,2,13
4,11,31.0,227,3,12,0,0,0,2,20
5,2,1.0,16,3,14,0,0,26,1,7
3,8,1.0,66,0,17,0,2,69,1,7
5,10,19.0,117,3,6,3,9,93,1,10
2,1,15.0,2,4,9,0,6,132,1,1
5,4,30.0,139,5,2,0,5,12,3,19
4,11,20.0,340,2,13,1,2,123,2,29
4,9,4.0,295,4,18,0,16,65,0,30
4,9,4.0,295,4,13,0,1,81,2,30
4,9,3.0,217,2,5,0,1,105,1,27
4,9,14.0,106,3,17,1,0,77,1,5
4,6,7.0,169,0,13,0,12,121,1,11
5,11,10.0,360,6,22,1,13,48,1,4
4,3,9.0,44,5,9,2,9,93,0,12
4,3,10.0,4,6,0,1,13,48,0,4
4,3,7.0,289,2,18,0,1,105,2,11
4,3,10.0,4,6,2,2,14,88,3,4
4,5,26.0,37,2,3,0,5,12,2,3
4,5,26.0,37,2,20,1,10,23,1,3
4,5,26.0,37,2,20,1,7,62,4,3
4,5,26.0,37,2,0,1,15,46,4,3
4,5,27.0,328,4,5,0,14,24,2,15
4,5,27.0,328,4,3,0,3,115,1,15
4,5,27.0,328,4,2,0,5,6,3,15
4,5,27.0,328,4,19,0,9,54,3,15
4,6,8.0,59,1,1,0,9,95,1,8
4,6,8.0,59,1,19,0,0,15,0,8
4,6,9.0,236,2,23,0,5,64,3,12
4,6,9.0,236,2,0,1,5,12,2,12
4,6,27.0,116,3,19,0,4,136,3,15
4,6,27.0,116,3,4,0,0,26,3,15
4,6,27.0,116,3,9,2,9,49,0,15
4,10,1.0,208,4,16,0,2,69,4,7
4,7,29.0,268,0,6,1,5,6,1,16
4,3,14.0,33,2,13,0,2,40,0,5
4,11,28.0,123,4,17,3,6,7,1,18
4,10,7.0,243,2,9,0,15,31,3,11
4,6,28.0,309,0,20,0,10,47,2,18
5,11,16.0,225,5,20,0,0,64,2,2
5,3,27.0,361,0,22,0,14,34,2,15
4,10,8.0,213,4,6,0,9,57,2,8
4,10,8.0,213,4,8,0,5,64,2,8
4,10,8.0,213,4,14,0,9,10,3,8
4,10,9.0,150,5,15,0,1,81,1,12
4,10,9.0,150,5,0,1,10,47,1,12
4,10,9.0,150,5,4,0,5,12,3,12
4,10,10.0,245,6,17,0,3,70,2,4
4,10,1.0,208,4,17,1,9,10,0,7
4,3,15.0,35,4,0,0,5,6,0,1
4,3,15.0,35,4,21,1,0,64,0,1
4,3,15.0,35,4,23,0,9,93,1,1
4,3,15.0,35,4,4,0,2,86,3,1
4,3,15.0,35,4,15,0,8,33,2,1
4,3,7.0,289,2,6,1,5,6,2,11
4,3,17.0,54,6,23,1,8,9,0,6
4,3,17.0,54,6,13,0,13,21,1,6
4,9,1.0,126,0,11,0,1,11,2,7
4,3,27.0,361,1,6,0,14,126,3,15
4,3,17.0,54,6,13,1,1,105,0,6
4,3,27.0,361,1,8,1,8,27,4,15
4,5,1.0,109,6,13,0,11,117,3,7
4,5,1.0,109,6,4,2,11,0,3,7
4,5,1.0,109,6,14,0,6,14,0,7
4,5,1.0,109,6,14,2,13,28,3,7
4,5,1.0,109,6,11,1,11,15,1,7
4,5,9.0,206,3,3,0,1,11,0,12
5,0,23.0,237,2,22,0,12,100,1,17
4,1,26.0,248,4,13,0,14,25,0,3
4,9,18.0,359,4,14,0,0,53,0,0
5,1,9.0,50,3,6,3,6,116,4,12
4,10,19.0,117,0,23,0,2,69,3,10
5,0,17.0,12,4,20,0,1,67,4,6
4,9,1.0,126,0,0,0,4,5,4,7
4,1,26.0,248,4,12,0,8,27,2,3
4,10,24.0,261,6,23,0,2,92,1,14
5,0,17.0,12,4,22,1,2,2,1,6
4,9,23.0,167,1,16,2,13,21,0,17
5,1,9.0,50,3,9,0,13,48,1,12
5,9,5.0,89,4,8,1,7,137,4,24
4,8,3.0,363,5,20,0,1,11,4,27
4,10,24.0,261,6,22,0,10,23,3,14
4,8,12.0,284,3,6,0,9,134,0,28
5,1,24.0,64,0,5,0,10,12,4,14
5,9,5.0,89,4,14,0,13,123,3,24
4,8,3.0,363,5,15,0,9,27,0,27
4,10,24.0,261,6,2,0,2,123,4,14
4,8,8.0,76,2,14,0,5,6,3,8
4,8,12.0,284,3,12,1,9,93,4,28
4,5,27.0,328,4,7,0,11,117,1,15
4,8,18.0,75,6,16,0,5,6,0,0
4,8,17.0,74,5,7,0,7,137,1,6
4,8,18.0,75,6,3,0,2,92,3,0
4,8,18.0,75,6,19,0,5,6,2,0
4,8,18.0,75,6,20,1,13,13,4,0
4,8,20.0,319,0,17,0,2,71,3,29
4,8,20.0,319,0,2,0,0,26,0,29
4,8,20.0,319,0,19,0,16,108,1,29
4,8,20.0,319,0,3,3,9,93,2,29
4,4,1.0,144,5,21,1,5,64,0,7
4,4,1.0,144,5,12,0,2,92,1,7
4,4,1.0,144,5,5,0,1,1,4,7
4,4,1.0,144,5,9,2,3,44,0,7
4,4,11.0,121,0,15,0,4,121,0,9
4,4,12.0,134,1,7,0,13,28,3,28
4,4,12.0,134,1,1,0,7,120,4,28
4,4,19.0,142,1,10,1,4,75,0,10
4,4,19.0,142,1,6,1,10,47,1,10
4,4,19.0,142,1,2,0,10,22,3,10
4,4,19.0,142,1,8,0,15,46,3,10
4,10,10.0,245,6,4,0,2,92,2,4
4,5,1.0,109,6,8,0,13,38,1,7
5,5,14.0,36,4,19,0,7,31,3,5
5,10,14.0,174,1,19,0,8,9,1,5
2,4,1.0,141,1,17,0,1,59,1,7
5,8,15.0,72,1,18,0,15,114,1,1
5,8,8.0,76,1,5,0,1,11,4,8
4,7,25.0,41,4,1,1,10,22,1,13
4,6,17.0,244,4,13,0,14,34,1,6
4,10,2.0,358,5,16,0,8,27,0,22
4,10,16.0,201,5,12,0,11,15,1,2
4,8,1.0,66,2,2,0,15,96,0,7
4,10,17.0,256,6,18,0,15,51,1,6
4,10,17.0,256,6,9,0,6,7,0,6
4,10,24.0,261,6,17,0,7,57,3,14
4,10,24.0,261,6,11,0,5,6,2,14
4,10,24.0,261,6,9,2,4,4,3,14
4,10,27.0,302,1,22,0,12,56,3,15
4,10,27.0,302,1,8,1,13,38,4,15
5,0,23.0,237,2,13,0,12,61,3,17
4,10,27.0,302,1,4,0,14,24,3,15
4,10,27.0,302,1,22,0,9,102,1,15
4,10,27.0,302,1,18,0,5,12,3,15
4,1,17.0,63,1,19,0,14,34,3,6
4,1,20.0,151,5,0,0,4,79,0,29
4,1,26.0,248,4,12,0,4,4,1,3
4,8,8.0,76,2,0,2,1,1,3,8
4,8,8.0,76,2,19,0,3,30,0,8
4,8,9.0,124,4,0,1,15,31,0,12
4,8,12.0,284,3,21,1,0,85,0,28
4,8,17.0,74,5,13,1,14,32,4,6
4,8,18.0,75,6,9,0,2,13,1,0
4,8,18.0,75,6,14,1,1,59,4,0
4,8,20.0,319,0,6,0,6,91,2,29
4,8,20.0,319,0,7,0,0,96,1,29
4,8,20.0,319,0,5,0,2,86,1,29
4,4,1.0,144,5,17,0,12,17,3,7
4,4,1.0,144,5,23,0,5,6,3,7
4,4,11.0,121,0,20,0,2,2,1,9
4,4,12.0,134,1,21,1,8,27,0,28
4,4,12.0,134,1,12,0,12,84,3,28
4,4,12.0,134,1,5,1,9,49,1,28
4,4,19.0,142,1,21,1,0,85,0,10
4,4,19.0,142,1,13,0,8,19,2,10
4,4,19.0,142,1,1,0,4,45,0,10
4,4,26.0,80,1,19,0,4,5,2,3
4,4,26.0,80,1,4,0,6,89,1,3
4,4,26.0,80,1,11,1,9,93,4,3
4,4,27.0,274,2,17,0,14,34,1,15
4,2,1.0,16,0,13,0,2,2,4,7
4,2,1.0,16,0,22,0,0,64,0,7
4,2,1.0,16,0,17,0,16,42,1,7
4,2,1.0,16,0,14,3,7,137,1,7
4,2,3.0,282,2,3,0,12,93,3,27
4,2,12.0,128,5,16,1,0,0,0,28
4,2,12.0,128,5,18,0,15,31,3,28
4,2,12.0,128,5,14,1,9,87,1,28
4,2,19.0,137,5,15,0,16,72,1,10
4,2,19.0,137,5,1,0,16,113,1,10
4,8,17.0,74,5,14,0,8,41,3,6
4,8,18.0,75,6,6,2,10,47,3,0
4,8,18.0,75,6,11,0,1,11,4,0
4,8,18.0,75,6,1,0,0,31,4,0
4,10,24.0,261,6,9,1,0,31,0,14
4,10,24.0,261,6,9,0,3,115,0,14
5,1,24.0,64,0,22,0,14,25,2,14
5,9,5.0,89,4,15,1,1,1,4,24
5,1,24.0,64,0,4,0,7,54,1,14
5,9,5.0,89,4,15,1,12,17,4,24
4,8,8.0,76,2,22,0,15,31,0,8
5,9,14.0,106,6,0,0,5,64,0,5
4,8,8.0,76,2,12,1,0,53,0,8
5,9,14.0,106,6,3,0,9,83,0,5
4,8,8.0,76,2,6,1,9,57,0,8
5,1,25.0,65,1,10,1,10,47,0,13
5,0,1.0,8,1,7,0,13,36,4,7
4,9,23.0,167,1,16,1,3,70,0,17
4,8,9.0,124,4,8,0,0,0,2,12
5,1,25.0,65,1,15,0,13,38,3,13
5,1,26.0,248,2,3,0,1,59,3,3
5,1,26.0,248,2,15,0,8,41,1,3
5,1,26.0,248,2,3,0,10,23,1,3
5,1,26.0,248,2,14,0,12,104,1,3
5,1,31.0,305,0,21,1,16,50,0,20
4,9,1.0,126,0,3,1,14,106,4,7
5,3,30.0,304,4,14,1,15,39,0,19
4,9,1.0,126,0,1,0,7,120,4,7
4,9,7.0,271,3,16,1,1,16,0,11
4,9,7.0,271,3,12,0,5,12,3,11
4,9,18.0,359,4,17,2,5,6,0,0
4,9,18.0,359,4,18,2,5,6,0,0
4,9,23.0,167,1,0,1,2,86,0,17
4,9,23.0,167,1,5,0,14,34,1,17
4,9,23.0,167,1,9,0,12,121,1,17
4,9,25.0,344,4,11,0,9,93,1,13
4,9,25.0,344,4,14,2,9,10,3,13
4,7,1.0,98,0,11,3,10,23,3,7
4,10,24.0,261,6,1,0,14,32,1,14
3,0,27.0,23,6,13,0,0,77,1,15
5,5,26.0,37,1,22,3,1,67,0,3
3,8,24.0,85,2,22,0,4,4,1,14
5,10,1.0,208,2,2,0,2,2,4,7
5,8,13.0,189,3,18,2,7,137,0,25
5,4,11.0,121,3,15,0,2,40,0,9
4,7,1.0,98,0,9,0,16,50,3,7
4,7,24.0,68,2,16,1,1,1,0,14
4,7,24.0,68,2,22,0,9,87,3,14
4,7,24.0,68,2,16,0,5,64,3,14
4,7,26.0,316,5,17,0,5,12,0,3
4,7,27.0,53,6,1,0,10,47,0,15
4,3,1.0,180,4,13,0,8,9,3,7
4,3,1.0,180,4,22,0,11,133,2,7
5,0,23.0,237,2,8,0,11,124,1,17
4,3,1.0,180,4,3,0,5,6,2,7
4,3,7.0,289,2,11,3,6,89,3,11
4,3,10.0,4,6,5,0,13,28,1,4
4,7,8.0,94,0,12,0,16,50,3,8
4,7,8.0,94,0,1,2,4,75,1,8
4,7,24.0,68,2,16,0,10,30,0,14
4,7,26.0,316,5,17,2,11,133,2,3
4,7,26.0,316,5,10,1,9,93,4,3
4,7,26.0,316,5,13,0,15,108,2,3
4,7,26.0,316,5,3,0,5,6,0,3
4,7,27.0,53,6,0,0,7,62,3,15
4,7,27.0,53,6,11,0,15,51,1,15
4,3,1.0,180,4,16,0,14,24,1,7
3,11,7.0,253,1,17,0,14,106,1,11
5,10,28.0,216,1,16,0,12,61,1,18
4,3,5.0,324,0,1,1,12,84,1,24
4,3,30.0,304,5,9,1,13,38,0,19
4,5,23.0,168,3,10,1,9,49,1,17
4,6,7.0,169,0,19,0,10,52,1,11
4,6,15.0,49,1,18,1,11,18,1,1
3,8,1.0,66,0,18,0,0,68,3,7
5,5,28.0,259,4,12,0,13,38,1,18
5,3,2.0,120,4,8,3,14,25,4,22
4,3,1.0,180,4,5,0,8,33,2,7
4,7,27.0,53,6,15,0,0,31,2,15
4,3,1.0,180,4,7,1,1,81,0,7
4,3,1.0,180,4,10,1,0,12,1,7
4,3,1.0,180,4,3,1,1,59,4,7
4,3,9.0,44,5,13,1,12,121,1,12
4,3,10.0,4,6,0,1,9,27,0,4
4,3,9.0,44,5,9,1,0,77,0,12
4,3,10.0,4,6,8,0,0,77,1,4
4,3,10.0,4,6,1,0,13,99,1,4
4,3,9.0,44,5,0,1,11,15,1,12
4,3,17.0,54,6,5,0,2,86,0,6
4,3,17.0,54,6,11,0,13,99,2,6
4,3,17.0,54,6,8,0,2,86,2,6
4,3,17.0,54,6,5,0,13,48,0,6
4,11,1.0,222,5,5,0,0,26,2,7
4,11,9.0,311,6,7,0,3,115,1,12
4,11,9.0,311,6,3,0,6,91,1,12
4,9,1.0,126,0,8,1,2,123,1,7
4,9,1.0,126,0,2,0,10,43,1,7
4,9,7.0,271,3,21,1,1,16,0,11
4,9,7.0,271,3,8,0,8,9,2,11
4,9,7.0,271,3,19,0,10,47,0,11
4,9,18.0,359,4,16,0,13,29,4,0
4,9,18.0,359,4,19,0,13,28,0,0
4,9,23.0,167,1,7,1,10,43,0,17
4,9,23.0,167,1,14,0,14,131,1,17
4,8,9.0,124,4,9,0,13,21,0,12
5,0,1.0,8,1,19,1,15,51,1,7
4,10,27.0,302,1,16,0,0,0,0,15
4,8,9.0,124,4,19,0,13,48,0,12
4,8,12.0,284,3,3,1,1,1,4,28
4,10,27.0,302,1,21,0,14,34,3,15
4,8,12.0,284,3,13,1,2,71,4,28
4,5,1.0,109,6,18,0,3,30,3,7
5,7,10.0,329,1,15,0,11,90,0,4
4,8,17.0,74,5,4,0,1,16,1,6
5,7,28.0,34,6,14,1,0,31,2,18
5,5,29.0,24,5,4,0,10,22,3,16
5,0,17.0,12,4,15,0,6,128,1,6
4,9,23.0,167,1,2,2,8,41,1,17
4,6,8.0,59,1,18,0,0,12,0,8
5,5,28.0,259,4,1,0,1,35,0,18
5,0,17.0,12,4,3,0,15,85,3,6
4,9,25.0,344,4,17,0,8,41,1,13
4,8,20.0,319,0,16,0,5,6,0,29
5,1,10.0,17,0,17,1,14,25,0,4
5,4,20.0,115,1,6,0,15,39,1,29
4,11,20.0,340,2,22,0,10,47,2,29
4,6,7.0,169,0,9,1,9,10,4,11
4,6,29.0,335,1,13,0,10,22,1,16
4,10,14.0,174,2,12,0,13,99,2,5
4,1,31.0,305,1,17,0,7,129,1,20
4,8,7.0,70,1,9,0,6,7,1,11
4,8,7.0,70,1,13,3,5,6,2,11
4,8,7.0,70,1,0,0,16,108,1,11
4,5,9.0,206,3,15,0,10,12,3,12
4,5,25.0,350,1,7,0,0,77,3,13
4,5,26.0,37,2,6,0,10,47,1,3
4,5,26.0,37,2,2,0,12,104,2,3
4,5,26.0,37,2,7,0,7,120,3,3
4,5,27.0,328,4,16,0,15,51,1,15
4,5,27.0,328,4,21,1,6,89,1,15
4,5,27.0,328,4,9,2,10,47,3,15
4,5,27.0,328,4,9,0,10,22,3,15
4,6,9.0,236,2,18,0,15,77,3,12
4,6,8.0,59,1,8,3,3,79,3,8
4,6,18.0,308,5,6,0,15,114,3,0
4,6,18.0,308,5,7,1,10,47,0,0
4,6,18.0,308,5,3,2,9,109,3,0
4,6,18.0,308,5,8,0,10,47,1,0
4,6,18.0,308,5,14,0,6,89,2,0
4,6,19.0,291,6,6,1,1,67,0,10
4,6,27.0,116,3,22,0,7,137,2,15
4,10,1.0,208,4,0,0,12,17,3,7
4,10,10.0,245,6,11,0,4,76,3,4
4,10,10.0,245,6,2,0,5,6,3,4
4,10,10.0,245,6,4,0,14,107,1,4
5,0,23.0,237,2,9,0,16,37,2,17
4,10,10.0,245,6,18,0,2,92,1,4
4,10,17.0,256,6,16,0,16,113,1,6
4,10,10.0,245,6,19,0,3,79,1,4
4,10,17.0,256,6,13,1,2,86,0,6
4,10,17.0,256,6,12,0,0,26,3,6
4,10,17.0,256,6,18,0,11,122,1,6
4,10,19.0,117,0,6,0,7,8,1,10
4,10,24.0,261,6,20,0,10,12,1,14
4,10,24.0,261,6,15,0,10,22,0,14
4,10,27.0,302,1,17,0,15,119,1,15
4,10,27.0,302,1,17,0,15,46,3,15
4,10,27.0,302,1,8,0,1,1,1,15
4,10,24.0,261,6,4,0,12,84,3,14
4,1,17.0,63,1,6,0,12,80,1,6
4,1,17.0,63,1,16,0,5,6,3,6
4,1,17.0,63,1,14,0,11,117,1,6
4,10,19.0,117,0,19,0,14,25,2,10
4,1,26.0,248,4,16,1,14,24,4,3
4,1,26.0,248,4,5,0,15,39,3,3
4,1,26.0,248,4,13,1,3,115,4,3
4,1,26.0,248,4,3,2,1,59,0,3
4,1,26.0,248,4,14,1,3,44,4,3
4,8,3.0,363,5,1,0,10,47,2,27
4,8,8.0,76,2,21,0,10,30,3,8
4,8,8.0,76,2,16,0,8,9,0,8
4,8,9.0,124,4,6,2,13,13,3,12
4,8,9.0,124,4,9,0,7,78,3,12
4,5,1.0,109,6,17,0,4,75,1,7
4,10,27.0,302,1,8,0,2,40,1,15
4,10,27.0,302,1,22,0,2,86,3,15
4,10,27.0,302,1,2,0,7,120,2,15
4,10,19.0,117,0,17,0,8,41,3,10
4,1,17.0,63,1,16,1,8,9,0,6
4,8,20.0,319,0,14,0,10,47,3,29
5,0,17.0,12,4,4,0,11,133,2,6
4,8,20.0,319,0,22,0,9,101,4,29
5,0,23.0,237,2,15,0,2,2,0,17
4,4,1.0,144,5,17,0,8,9,0,7
5,0,23.0,237,2,8,0,10,52,0,17
4,4,11.0,121,0,19,0,6,7,4,9
5,0,23.0,237,2,22,0,16,113,0,17
4,10,17.0,256,6,11,0,12,61,4,6
5,0,23.0,237,2,2,0,10,47,1,17
4,10,17.0,256,6,8,0,11,133,0,6
5,0,23.0,237,2,5,1,9,93,4,17
4,10,17.0,256,6,12,0,5,47,3,6
4,11,1.0,222,5,16,0,4,79,3,7
4,9,25.0,344,4,6,1,3,30,0,13
4,9,25.0,344,4,11,2,10,23,1,13
4,7,1.0,98,0,12,0,15,31,1,7
3,3,6.0,303,3,11,0,12,61,0,23
3,1,25.0,65,0,14,0,10,22,3,13
5,6,18.0,308,4,21,1,11,117,0,0
5,10,26.0,61,3,17,3,16,72,2,3
1,7,1.0,98,1,13,0,9,93,1,7
5,0,13.0,198,3,13,2,16,74,3,25
3,2,1.0,16,6,17,0,11,10,2,7
4,9,22.0,92,0,1,1,9,95,2,26
4,7,31.0,43,2,20,0,1,16,3,20
4,7,31.0,43,2,15,0,8,9,1,20
4,7,8.0,94,0,2,0,2,123,4,8
5,5,30.0,294,6,23,0,13,28,3,19
5,5,15.0,200,5,5,0,5,47,2,1
5,5,31.0,196,3,17,0,8,118,3,20
5,5,31.0,196,3,2,0,15,31,4,20
5,6,6.0,83,6,2,0,16,65,0,23
5,6,6.0,83,6,1,0,2,3,4,23
5,6,7.0,169,3,0,1,14,106,2,11
5,6,7.0,169,3,5,0,6,132,2,11
5,6,7.0,169,3,19,0,11,98,0,11
5,6,14.0,173,3,8,1,7,137,4,5
5,6,14.0,173,3,22,0,13,21,1,5
5,6,16.0,38,1,21,1,9,49,4,2
5,6,16.0,38,1,9,0,6,7,1,2
5,10,7.0,243,1,7,0,15,96,1,11
5,10,7.0,243,1,4,0,4,82,1,11
5,10,7.0,243,1,18,0,5,64,2,11
5,10,8.0,213,2,16,1,10,30,0,8
5,10,8.0,213,2,18,0,13,13,3,8
5,10,9.0,150,4,20,0,14,25,2,12
2,7,19.0,266,1,8,0,13,29,1,10
5,10,9.0,150,4,11,1,3,70,1,12
5,10,9.0,150,4,19,1,9,49,4,12
5,10,15.0,60,2,21,0,5,6,3,1
5,10,15.0,60,2,10,2,2,2,2,1
5,10,15.0,60,2,6,1,2,86,0,1
4,9,23.0,167,1,1,0,16,74,1,17
4,9,23.0,167,1,4,0,15,114,1,17
4,9,25.0,344,4,17,0,6,14,4,13
4,9,25.0,344,4,17,0,2,40,1,13
4,7,8.0,94,0,9,2,13,79,0,8
4,7,8.0,94,0,18,0,9,102,4,8
4,7,24.0,68,2,20,0,7,78,4,14
4,7,24.0,68,2,2,0,10,47,3,14
4,7,24.0,68,2,1,0,5,12,1,14
4,7,26.0,316,5,13,3,10,47,1,3
4,7,26.0,316,5,12,0,8,9,4,3
4,7,27.0,53,6,3,0,1,11,1,15
4,7,27.0,53,6,4,0,0,68,1,15
4,7,26.0,316,5,19,0,3,115,1,3
4,7,27.0,53,6,21,1,5,64,0,15
4,3,1.0,180,4,6,1,14,25,0,7
4,3,1.0,180,4,19,2,15,51,3,7
4,7,24.0,68,2,4,0,2,123,1,14
4,3,7.0,289,2,5,0,1,11,2,11
4,3,7.0,289,2,18,0,10,47,0,11
4,3,9.0,44,5,13,1,1,105,4,12
5,10,16.0,201,4,21,1,5,64,0,2
5,10,22.0,314,2,7,2,2,35,3,26
5,10,22.0,314,2,3,0,0,15,2,26
5,10,22.0,314,2,2,0,1,35,4,26
5,10,22.0,314,2,19,2,16,113,0,26
5,10,22.0,314,2,14,0,10,12,3,26
5,1,6.0,97,4,8,0,14,106,4,23
5,1,9.0,50,3,6,0,11,18,1,12
4,11,1.0,222,5,21,0,8,33,3,7
4,10,17.0,256,6,4,0,14,110,1,6
4,10,19.0,117,0,6,0,16,50,3,10
4,10,17.0,256,6,5,0,10,22,1,6
4,10,19.0,117,0,3,0,8,33,2,10
4,10,24.0,261,6,4,0,2,92,3,14
4,10,24.0,261,6,12,0,11,18,1,14
4,1,17.0,63,1,9,0,10,22,3,6
4,11,1.0,222,5,10,0,13,36,1,7
4,11,1.0,222,5,0,1,2,2,0,7
4,11,1.0,222,5,3,0,12,17,1,7
4,11,9.0,311,6,15,1,15,46,2,12
4,11,9.0,311,6,19,2,8,41,3,12
4,11,24.0,194,3,17,0,0,68,0,14
4,11,24.0,194,3,6,1,2,2,0,14
4,11,24.0,194,3,23,0,10,12,2,14
4,11,24.0,194,3,11,0,12,84,1,14
4,11,24.0,194,3,8,1,13,99,1,14
4,11,24.0,194,3,9,2,4,75,3,14
4,9,1.0,126,0,3,0,7,20,2,7
4,9,6.0,51,6,20,1,2,123,4,23
5,2,8.0,258,3,12,0,13,38,3,8
5,2,8.0,258,3,14,0,9,95,1,8
5,2,10.0,28,1,16,0,0,31,3,4
5,2,10.0,28,1,10,2,16,113,3,4
5,2,10.0,28,1,8,2,9,57,3,4
5,2,10.0,28,1,11,0,5,12,0,4
5,2,10.0,28,1,19,0,2,69,3,4
5,2,16.0,220,0,0,1,1,105,0,2
5,2,16.0,220,0,18,0,14,32,1,2
5,2,24.0,22,1,11,0,4,75,4,14
5,2,24.0,22,1,12,0,14,107,1,14
5,2,25.0,233,2,16,0,3,76,0,13
5,2,25.0,233,2,15,0,1,35,3,13
5,2,26.0,3,4,11,0,7,78,1,3
5,2,25.0,233,2,13,3,10,47,0,13
4,4,15.0,132,5,4,0,5,6,2,1
4,8,21.0,46,1,5,0,14,32,1,21
4,4,5.0,235,1,18,0,7,122,1,24
4,2,6.0,251,6,18,1,9,95,2,23
4,2,6.0,251,6,22,1,0,64,1,23
4,2,6.0,251,6,9,1,11,18,1,23
4,2,13.0,276,6,8,0,8,27,2,25
4,5,12.0,327,2,1,0,9,95,1,28
4,2,23.0,230,1,19,0,11,122,3,17
4,2,23.0,230,1,12,1,5,12,1,17
4,2,23.0,230,1,21,1,10,47,0,17
5,0,1.0,8,1,11,0,3,103,1,7
5,0,1.0,8,1,22,0,8,41,2,7
5,0,17.0,12,4,15,0,9,63,4,6
5,0,17.0,12,4,7,1,11,15,0,6
5,0,23.0,237,2,21,1,10,47,0,17
5,0,23.0,237,2,14,0,2,123,4,17
4,11,1.0,222,5,8,1,5,12,1,7
4,11,24.0,194,3,16,1,14,32,4,14
4,11,24.0,194,3,21,1,15,119,0,14
5,2,7.0,153,6,14,1,0,0,4,11
5,2,8.0,258,3,13,0,10,47,3,8
5,2,10.0,28,1,16,2,0,26,2,4
5,2,10.0,28,1,4,0,7,78,2,4
5,2,10.0,28,1,1,0,2,69,3,4
5,2,10.0,28,1,18,2,12,56,3,4
5,2,10.0,28,1,19,1,8,118,1,4
5,2,16.0,220,0,0,1,0,53,0,2
5,2,16.0,220,0,4,0,8,27,0,2
5,2,16.0,220,0,8,0,13,36,1,2
5,2,18.0,7,2,3,1,9,134,4,0
5,2,18.0,7,2,14,2,14,106,3,0
5,2,25.0,233,2,17,0,3,30,3,13
5,2,25.0,233,2,6,2,10,30,0,13
5,2,26.0,3,4,13,1,12,83,4,3
5,2,25.0,233,2,0,0,8,41,3,13
5,0,1.0,8,1,2,0,8,118,4,7
5,0,1.0,8,1,19,0,2,86,3,7
5,0,1.0,8,1,2,1,12,58,4,7
5,0,17.0,12,4,6,0,13,21,1,6
5,0,17.0,12,4,10,1,5,12,0,6
5,0,17.0,12,4,14,1,2,86,4,6
4,1,26.0,248,4,18,0,14,25,1,3
4,8,3.0,363,5,15,0,1,59,0,27
4,8,3.0,363,5,15,1,1,11,4,27
4,8,3.0,363,5,0,1,3,30,4,27
4,8,8.0,76,2,9,0,12,135,3,8
4,8,9.0,124,4,16,0,7,120,1,12
4,8,9.0,124,4,23,0,14,24,2,12
4,8,12.0,284,3,16,0,7,120,1,28
4,8,12.0,284,3,15,1,9,58,4,28
4,8,12.0,284,3,17,0,12,104,1,28
4,8,12.0,284,3,12,0,2,86,1,28
4,8,12.0,284,3,18,0,10,52,3,28
4,8,17.0,74,5,11,0,9,83,4,6
4,10,27.0,302,1,22,0,4,127,2,15
4,10,27.0,302,1,18,2,10,47,0,15
4,1,17.0,63,1,11,0,13,38,4,6
4,1,17.0,63,1,5,0,8,27,4,6
4,1,17.0,63,1,13,0,1,11,0,6
4,1,17.0,63,1,22,0,13,69,0,6
4,1,17.0,63,1,1,0,6,73,1,6
4,1,17.0,63,1,22,1,8,19,4,6
4,1,20.0,151,5,23,0,5,6,2,29
4,1,20.0,151,5,9,0,16,72,1,29
4,1,20.0,151,5,1,0,16,50,1,29
4,1,26.0,248,4,3,0,15,31,3,3
4,8,3.0,363,5,1,2,2,60,0,27
4,8,3.0,363,5,9,1,15,51,0,27
4,11,1.0,222,5,21,1,9,57,0,7
4,8,8.0,76,2,16,0,12,56,0,8
4,8,8.0,76,2,0,2,9,101,0,8
4,8,9.0,124,4,23,1,2,92,1,12
4,8,12.0,284,3,6,2,3,30,3,28
4,8,12.0,284,3,0,0,0,64,3,28
4,8,12.0,284,3,3,0,13,29,1,28
4,8,12.0,284,3,8,0,9,87,2,28
5,2,6.0,251,5,3,0,11,98,2,23
5,2,7.0,153,6,4,0,8,27,1,11
5,2,6.0,251,5,8,0,2,86,2,23
5,2,7.0,153,6,22,3,0,53,3,11
5,2,7.0,153,6,5,0,13,28,0,11
5,2,7.0,153,6,14,0,1,35,2,11
5,2,10.0,28,1,6,2,10,47,2,4
5,2,10.0,28,1,18,0,10,47,0,4
5,2,16.0,220,0,0,1,2,69,0,2
5,2,16.0,220,0,19,0,5,6,3,2
5,2,18.0,7,2,0,0,0,12,3,0
5,2,18.0,7,2,15,0,5,6,0,0
5,2,18.0,7,2,1,0,9,83,1,0
5,2,24.0,22,1,12,0,13,28,0,14
5,2,25.0,233,2,0,0,14,25,0,13
5,2,25.0,233,2,0,1,8,9,0,13
5,2,25.0,233,2,16,1,13,69,0,13
5,2,25.0,233,2,22,1,2,86,1,13
5,2,25.0,233,2,9,1,5,12,0,13
5,2,26.0,3,4,8,0,8,118,1,3
5,2,25.0,233,2,15,0,14,25,1,13
5,0,1.0,8,1,17,0,10,22,1,7
5,0,1.0,8,1,12,0,8,41,1,7
4,11,1.0,222,5,17,0,11,15,3,7
4,11,9.0,311,6,13,1,13,69,4,12
4,11,9.0,311,6,21,1,10,47,2,12
4,11,24.0,194,3,6,0,7,137,4,14
4,11,24.0,194,3,18,0,6,7,4,14
4,9,1.0,126,0,20,0,5,6,2,7
4,9,1.0,126,0,13,0,5,6,2,7
4,9,1.0,126,0,14,1,11,58,4,7
4,9,1.0,126,0,9,0,2,92,1,7
4,9,6.0,51,6,12,0,13,99,1,23
4,9,6.0,51,6,9,0,12,56,3,23
4,9,6.0,51,6,12,0,11,117,0,23
4,9,18.0,359,4,16,0,10,47,0,0
4,9,18.0,359,4,10,2,0,15,2,0
4,9,18.0,359,4,20,1,11,117,0,0
4,9,18.0,359,4,14,0,14,24,1,0
4,9,23.0,167,1,11,2,6,7,0,17
4,9,23.0,167,1,14,0,16,42,1,17
4,9,25.0,344,4,0,0,16,37,4,13
5,9,23.0,167,0,23,0,16,50,3,17
5,9,23.0,167,0,19,0,4,138,0,17
5,9,23.0,167,0,9,0,3,30,1,17
5,7,4.0,186,2,11,0,8,41,4,30
5,7,15.0,205,3,17,0,2,92,1,1
5,7,15.0,205,3,22,1,1,35,4,1
5,7,29.0,268,3,11,0,16,72,0,16
5,7,29.0,268,3,20,1,1,81,4,16
5,7,30.0,42,0,6,0,0,85,0,19
5,3,5.0,324,3,2,2,16,130,3,24
5,3,7.0,289,1,5,0,16,139,1,11
5,3,14.0,33,1,17,0,9,93,0,5
5,3,14.0,33,1,11,0,1,67,1,5
5,3,30.0,304,4,0,0,15,31,0,19
5,3,30.0,304,4,13,0,13,48,1,19
5,5,5.0,96,1,17,0,15,108,0,24
5,5,5.0,96,1,14,3,10,47,3,24
5,5,8.0,199,5,7,1,0,12,1,8
5,5,8.0,199,5,15,0,7,122,3,8
5,5,8.0,199,5,3,0,9,54,1,8
5,5,8.0,199,5,8,0,9,102,1,8
5,5,8.0,199,5,9,0,12,80,1,8
5,5,16.0,239,6,20,0,6,91,2,2
5,5,16.0,239,6,15,0,14,25,3,2
5,2,25.0,233,2,12,1,7,120,0,13
5,2,26.0,3,4,13,1,9,83,4,3
5,2,26.0,3,4,1,0,12,84,0,3
5,2,26.0,3,4,2,0,9,49,0,3
5,0,1.0,8,1,6,0,5,12,0,7
5,0,1.0,8,1,19,1,1,59,4,7
5,0,17.0,12,4,16,0,13,21,1,6
5,0,17.0,12,4,0,0,2,86,1,6
5,0,17.0,12,4,4,0,14,25,2,6
5,0,17.0,12,4,5,1,12,83,4,6
4,11,1.0,222,5,23,0,1,11,1,7
4,11,1.0,222,5,10,0,7,57,1,7
4,11,1.0,222,5,6,1,13,38,0,7
4,11,1.0,222,5,5,0,12,135,1,7
4,11,9.0,311,6,6,0,10,47,3,12
4,11,9.0,311,6,10,1,10,47,0,12
4,11,9.0,311,6,8,0,2,3,4,12
4,11,24.0,194,3,16,1,0,68,0,14
4,11,24.0,194,3,8,0,11,0,3,14
4,9,1.0,126,0,15,0,13,48,2,7
4,9,1.0,126,0,22,2,2,69,0,7
4,9,1.0,126,0,19,1,11,133,1,7
4,9,6.0,51,6,11,0,13,21,1,23
4,9,6.0,51,6,13,0,4,82,2,23
4,9,6.0,51,6,18,0,1,11,0,23
4,9,23.0,167,1,16,0,0,12,3,17
4,9,1.0,126,0,12,0,14,24,2,7
4,9,6.0,51,6,18,0,0,77,0,23
5,5,29.0,24,5,18,0,3,30,3,16
5,11,27.0,322,1,4,0,8,41,1,15
3,8,1.0,66,0,5,0,16,113,1,7
5,7,12.0,181,4,15,1,12,61,4,28
5,7,26.0,316,4,8,1,12,56,1,3
5,5,3.0,161,3,5,0,9,95,2,27
5,5,29.0,24,5,10,0,3,79,1,16
5,5,29.0,24,5,3,1,13,29,4,16
3,8,1.0,66,0,11,0,1,67,1,7
5,1,28.0,300,5,14,0,0,26,0,18
5,0,22.0,241,1,6,1,8,27,1,26
4,9,7.0,271,3,8,0,10,43,3,11
4,9,18.0,359,4,20,0,9,93,1,0
4,1,10.0,17,1,22,0,5,64,3,4
4,1,19.0,29,4,17,1,8,19,0,10
4,1,27.0,262,5,21,3,0,12,1,15
4,1,27.0,262,5,9,0,5,6,3,15
4,8,1.0,66,2,9,0,1,59,4,7
4,8,19.0,280,3,10,1,9,9,1,10
4,8,25.0,86,6,13,0,5,6,2,13
4,8,25.0,86,6,11,0,10,23,1,13
4,8,26.0,278,3,20,0,4,75,3,3
4,8,19.0,280,3,13,3,9,109,4,10
4,8,26.0,278,3,11,1,7,129,4,3
4,8,28.0,224,1,19,2,15,39,3,18
4,8,28.0,224,1,4,0,15,46,3,18
4,8,28.0,224,1,1,0,5,12,0,18
4,8,28.0,224,1,4,1,14,32,4,18
4,4,2.0,141,6,0,0,11,133,1,22
4,5,27.0,328,4,22,1,13,99,1,15
4,7,12.0,181,5,14,0,7,120,4,28
4,10,13.0,346,1,23,1,5,12,1,25
4,5,4.0,114,1,19,0,12,61,1,30
4,7,2.0,160,1,1,0,11,18,0,22
4,10,9.0,150,5,1,3,16,72,1,12
4,11,25.0,88,0,12,1,0,77,0,13
4,8,22.0,354,2,10,1,0,15,0,26
4,5,22.0,163,6,20,0,1,1,3,26
4,10,1.0,208,4,13,0,8,27,1,7
4,6,16.0,38,2,17,0,14,25,1,2
4,1,30.0,100,0,1,0,1,11,4,19
4,5,22.0,163,6,9,2,13,99,1,26
4,6,16.0,38,2,0,0,0,77,4,2
4,8,29.0,301,2,17,0,1,35,4,16
4,5,22.0,163,6,19,1,3,115,4,26
4,10,24.0,261,6,3,0,2,2,0,14
2,11,1.0,222,0,17,0,5,6,1,7
4,3,20.0,105,1,21,1,13,21,2,29
4,5,29.0,24,6,21,1,9,95,0,16
4,9,2.0,323,1,14,1,12,83,4,22
4,5,27.0,328,4,4,0,7,137,1,15
4,6,16.0,38,2,3,0,16,37,3,2
4,7,14.0,125,3,0,1,10,47,0,5
4,5,29.0,24,6,8,0,10,47,2,16
4,1,26.0,248,4,11,0,14,24,2,3
4,7,28.0,34,3,21,1,0,31,0,18
5,0,4.0,229,5,15,0,15,31,1,30
4,11,10.0,360,3,23,0,9,83,1,4
4,9,3.0,217,2,0,0,6,7,0,27
5,1,21.0,45,5,6,3,1,67,1,21
4,7,14.0,125,3,4,0,16,139,4,5
4,3,22.0,166,4,1,0,13,38,1,26
4,1,17.0,63,1,23,0,7,54,3,6
4,3,30.0,304,5,18,0,16,130,0,19
4,5,29.0,24,6,5,0,13,48,0,16
4,7,1.0,98,0,1,0,9,10,0,7
4,9,3.0,217,2,22,0,9,83,3,27
5,11,1.0,222,4,1,3,11,15,3,7
4,7,28.0,34,3,1,2,4,66,0,18
4,7,14.0,125,3,6,1,9,134,4,5
4,9,14.0,106,3,13,0,4,138,2,5
4,6,16.0,38,2,9,0,10,47,1,2
4,5,29.0,24,6,12,0,3,79,1,16
4,6,9.0,236,2,19,0,9,63,4,12
4,9,2.0,323,1,17,1,8,9,1,22
5,6,21.0,193,3,9,0,2,123,2,21
4,7,29.0,268,0,8,0,10,47,2,16
4,7,31.0,43,2,16,0,5,12,0,20
4,7,31.0,43,2,7,0,0,0,0,20
4,3,13.0,210,1,21,0,2,2,1,25
4,3,13.0,210,1,16,0,8,41,2,25
4,3,13.0,210,1,22,1,15,114,0,25
4,3,14.0,33,2,22,0,11,117,1,5
4,3,13.0,210,1,4,3,5,64,3,25
5,9,18.0,359,2,12,1,11,98,1,0
5,9,18.0,359,2,20,3,8,33,0,0
5,7,18.0,154,2,1,0,16,74,2,0
5,11,11.0,175,3,15,0,2,2,1,9
5,5,18.0,195,0,9,0,2,2,3,0
4,10,2.0,358,5,13,0,13,69,1,22
4,10,2.0,358,5,11,0,13,99,2,22
4,10,2.0,358,5,20,1,15,96,4,22
4,10,11.0,298,3,20,1,10,52,1,9
4,10,11.0,298,3,6,2,2,40,3,9
4,10,11.0,298,3,1,0,6,89,0,9
4,10,16.0,201,5,20,0,13,21,1,2
4,10,25.0,56,3,22,0,10,47,3,13
4,10,28.0,216,2,6,1,11,10,2,18
4,10,28.0,216,2,4,0,11,98,0,18
4,10,28.0,216,2,14,1,13,48,1,18
4,11,16.0,225,6,15,2,6,7,3,2
4,11,16.0,225,6,12,2,7,129,3,2
4,11,16.0,225,6,9,0,10,12,1,2
4,11,25.0,88,0,19,0,10,22,3,13
4,11,31.0,227,3,17,0,16,74,1,20
4,11,31.0,227,3,17,1,0,12,0,20
4,11,31.0,227,3,12,0,7,137,1,20
4,9,8.0,90,0,11,0,3,30,3,8
4,9,8.0,90,0,18,0,3,44,2,8
4,9,10.0,156,2,23,0,6,7,2,4
4,3,14.0,33,2,7,1,1,105,0,5
4,3,14.0,33,2,12,0,6,7,2,5
4,3,14.0,33,2,19,0,1,67,0,5
4,3,13.0,210,1,18,1,6,73,1,25
4,3,14.0,33,2,14,0,13,99,4,5
4,3,20.0,105,1,21,1,2,3,0,29
4,3,20.0,105,1,11,1,10,47,1,29
4,3,20.0,105,1,2,0,12,80,0,29
4,3,28.0,187,2,6,0,8,27,3,18
5,4,3.0,279,6,3,0,1,1,3,27
5,4,3.0,279,6,4,0,7,122,2,27
5,4,3.0,279,6,1,2,10,47,3,27
5,4,4.0,178,3,9,0,5,47,3,30
5,4,19.0,142,0,22,2,2,40,1,10
5,4,27.0,274,1,9,1,3,70,0,15
4,11,27.0,322,2,20,0,14,24,1,15
4,7,12.0,181,5,3,1,15,51,4,28
4,5,22.0,163,6,8,0,8,9,3,26
5,8,17.0,74,4,5,0,13,21,2,6
4,9,16.0,107,1,9,1,13,123,0,2
5,0,9.0,48,2,12,0,2,71,1,12
4,3,8.0,148,4,4,3,9,9,0,8
4,5,16.0,239,3,12,1,0,12,0,2
4,5,16.0,239,3,19,0,10,12,3,2
4,11,18.0,332,0,1,2,3,115,3,0
4,5,7.0,349,5,11,1,11,122,1,11
4,6,1.0,158,1,5,0,11,133,1,7
5,2,15.0,130,3,13,3,3,44,4,1
4,3,18.0,165,3,19,3,12,80,1,0
4,6,1.0,158,1,17,0,13,38,2,7
4,1,9.0,50,0,18,0,9,95,4,12
4,1,9.0,50,0,0,0,9,95,3,12
4,7,10.0,329,2,19,0,5,6,0,4
4,5,8.0,199,6,20,1,5,12,1,8
4,5,19.0,146,2,17,0,11,133,4,10
5,6,5.0,342,5,19,0,9,49,3,24
5,6,30.0,145,1,9,1,14,107,0,19
5,3,26.0,343,3,8,0,10,47,2,3
5,5,9.0,206,6,15,0,9,49,1,12
5,5,9.0,206,6,12,1,6,7,0,12
5,5,9.0,206,6,1,0,3,115,3,12
5,6,3.0,99,2,12,2,10,47,3,27
5,11,11.0,175,3,9,0,11,15,2,9
5,11,11.0,175,3,9,1,14,24,0,9
5,11,25.0,88,3,8,3,11,15,3,13
5,3,12.0,104,3,7,1,15,119,0,28
5,10,12.0,333,3,5,0,7,31,4,28
5,10,20.0,223,0,18,0,15,39,3,29
3,6,17.0,244,1,9,0,8,9,1,6
5,1,27.0,262,4,9,0,2,2,1,15
4,9,27.0,179,6,14,2,8,27,3,15
0,11,1.0,222,3,17,0,12,100,1,7
5,2,6.0,251,5,23,0,10,23,1,23
5,9,25.0,344,2,8,0,10,47,3,13
4,6,17.0,244,4,15,0,8,9,1,6
4,9,3.0,217,2,4,0,15,46,2,27
4,6,29.0,335,1,2,1,15,114,0,16
4,11,27.0,322,2,17,1,10,47,0,15
4,3,30.0,304,5,17,0,9,95,1,19
4,9,7.0,271,3,2,0,4,45,2,11
4,7,28.0,34,3,22,0,12,80,2,18
4,11,28.0,123,4,17,0,11,117,1,18
4,3,17.0,54,6,8,1,11,15,0,6
4,5,28.0,259,5,11,1,11,15,4,18
4,9,4.0,295,4,13,0,5,6,2,30
4,6,17.0,244,4,2,0,12,104,4,6
4,9,4.0,295,4,22,0,13,99,1,30
4,9,7.0,271,3,8,0,13,38,2,11
4,7,31.0,43,2,19,0,14,107,1,20
4,6,17.0,244,4,13,0,5,6,3,6
4,10,24.0,261,6,18,0,16,139,1,14
5,7,11.0,197,2,4,3,2,123,3,9
4,1,21.0,45,6,2,0,7,120,0,21
5,0,5.0,122,6,7,0,0,77,1,24
4,3,19.0,138,0,21,1,11,8,1,10
4,3,22.0,166,4,11,0,9,87,3,26
4,3,30.0,304,5,9,0,11,55,1,19
4,9,14.0,106,3,2,0,2,2,2,5
4,7,3.0,269,2,6,0,13,48,4,27
4,7,3.0,269,2,4,1,9,83,4,27
4,5,3.0,161,0,15,0,1,67,2,27
4,5,3.0,161,0,14,0,2,92,1,27
4,5,3.0,161,0,1,0,10,22,2,27
4,5,4.0,114,1,21,0,5,64,1,30
4,11,27.0,322,2,0,0,10,30,3,15
4,11,27.0,322,2,19,0,9,109,1,15
4,11,28.0,123,4,19,0,16,37,4,18
4,11,28.0,123,4,22,1,12,83,4,18
4,9,5.0,89,5,15,0,5,6,2,24
3,6,1.0,158,3,20,0,1,59,1,7
4,11,19.0,321,1,16,0,2,92,1,10
4,9,13.0,91,6,0,1,13,48,0,25
4,9,19.0,234,5,4,0,9,102,4,10
4,9,20.0,119,6,12,2,2,86,0,29
4,9,20.0,119,6,23,1,9,87,2,29
4,9,28.0,315,3,2,2,6,128,1,18
4,7,31.0,43,2,22,0,13,21,4,20
4,7,29.0,268,0,13,0,6,89,1,16
4,3,20.0,105,1,20,0,1,35,4,29
4,3,20.0,105,1,18,0,5,6,1,29
4,10,22.0,314,4,15,0,1,11,1,26
4,1,19.0,29,4,20,0,10,22,3,10
4,1,19.0,29,4,20,2,10,22,3,10
4,1,19.0,29,4,6,1,6,7,0,10
4,1,18.0,82,2,1,1,2,86,0,0
4,1,19.0,29,4,18,2,13,28,0,10
4,1,27.0,262,5,1,0,3,44,4,15
4,8,10.0,71,5,9,0,9,93,4,4
4,8,19.0,280,3,22,0,6,128,1,10
4,8,19.0,280,3,9,0,5,6,3,10
4,6,17.0,244,4,6,0,0,68,3,6
4,6,17.0,244,4,0,0,13,36,1,6
4,6,17.0,244,4,18,2,12,56,0,6
4,6,25.0,39,5,23,0,0,77,3,13
4,6,26.0,348,6,1,0,10,47,2,3
4,10,2.0,358,5,17,0,5,6,0,22
4,10,2.0,358,5,3,0,8,118,2,22
4,7,6.0,93,6,10,0,9,101,4,23
4,7,6.0,93,6,21,1,13,38,0,23
4,7,6.0,93,6,22,0,4,82,1,23
4,7,6.0,93,6,19,1,11,18,1,23
4,7,30.0,42,1,6,0,7,111,0,19
4,7,30.0,42,1,21,1,0,26,0,19
4,7,30.0,42,1,14,0,10,47,0,19
4,7,30.0,42,1,1,2,14,131,0,19
4,3,3.0,182,6,6,0,10,47,3,27
4,3,3.0,182,6,8,0,0,15,0,27
4,3,3.0,182,6,22,2,12,104,0,27
4,9,12.0,177,5,19,1,1,67,0,28
4,9,14.0,106,3,6,2,14,131,3,5
2,2,1.0,143,5,4,0,2,2,4,7
4,3,3.0,182,6,22,0,14,25,0,27
4,3,3.0,182,6,14,1,1,59,1,27
4,3,5.0,324,0,22,2,4,4,3,24
4,3,5.0,324,0,8,0,15,51,1,24
4,3,5.0,324,0,22,1,10,23,1,24
4,3,11.0,337,3,5,0,4,138,1,9
4,3,11.0,337,3,3,0,3,79,2,9
4,7,5.0,204,5,7,2,7,8,3,24
4,7,12.0,181,5,0,0,10,47,0,28
4,7,12.0,181,5,8,0,15,51,0,28
4,7,12.0,181,5,12,0,2,69,2,28
4,7,12.0,181,5,19,1,11,133,0,28
4,7,20.0,266,6,0,0,16,37,1,29
4,7,20.0,266,6,5,0,2,123,2,29
4,7,20.0,266,6,3,0,0,77,2,29
4,7,20.0,266,6,4,0,13,48,0,29
4,7,22.0,211,0,11,0,5,64,3,26
4,7,22.0,211,0,4,0,13,28,1,26
4,7,22.0,211,0,9,0,0,15,0,26
4,9,4.0,295,4,3,1,9,58,4,30
4,3,10.0,4,6,9,0,16,50,1,4
5,3,26.0,343,3,13,1,12,56,0,3
4,6,17.0,244,4,14,0,14,131,1,6
4,3,22.0,166,4,12,0,10,47,2,26
4,3,13.0,210,1,6,0,0,12,1,25
4,9,4.0,295,4,19,0,8,9,3,30
4,8,12.0,284,3,20,1,14,24,0,28
4,6,25.0,39,5,15,0,8,27,0,13
4,3,22.0,166,4,5,0,5,6,2,26
5,5,26.0,37,1,1,1,15,108,4,3
5,9,25.0,344,2,11,0,10,23,1,13
4,6,25.0,39,5,0,1,16,50,0,13
4,3,13.0,210,1,18,1,11,94,0,25
4,9,12.0,177,5,2,0,15,46,3,28
4,11,1.0,222,5,1,0,2,86,4,7
5,0,23.0,237,2,11,0,5,12,1,17
5,4,29.0,313,4,10,1,5,0,2,16
4,6,25.0,39,5,13,1,14,25,4,13
4,6,25.0,39,5,3,0,7,120,2,13
4,3,14.0,33,2,23,0,14,32,2,5
4,9,12.0,177,5,19,0,8,118,4,28
4,5,4.0,114,1,3,0,1,11,2,30
4,10,9.0,150,5,12,1,5,6,0,12
5,2,12.0,128,4,4,1,6,7,4,28
5,3,20.0,105,0,2,3,1,35,3,29
5,7,1.0,98,3,2,0,2,86,1,7
5,6,1.0,158,0,17,1,3,79,4,7
5,11,1.0,222,4,17,0,11,98,4,7
5,11,9.0,311,5,3,0,16,50,1,12
5,3,25.0,347,6,13,0,2,60,2,13
5,5,9.0,206,6,8,0,12,17,3,12
5,5,9.0,206,6,19,0,9,27,2,12
5,11,11.0,175,3,9,1,3,30,4,9
5,9,9.0,320,0,13,0,8,118,2,12
5,6,1.0,158,0,13,0,0,0,1,7
5,6,27.0,116,6,6,1,0,12,1,15
5,10,27.0,302,0,4,1,14,25,2,15
5,11,18.0,332,3,15,0,5,6,0,0
5,9,9.0,320,0,5,0,8,9,0,12
5,7,11.0,197,2,19,0,8,9,1,9
5,3,3.0,182,5,19,1,13,29,0,27
5,5,26.0,37,1,18,1,3,70,1,3
5,1,30.0,100,3,13,1,0,12,1,19
5,8,13.0,189,3,1,1,0,64,0,25
5,6,4.0,159,4,11,0,8,33,4,30
5,10,27.0,302,0,1,0,0,77,1,15
5,8,18.0,75,5,8,1,13,99,2,0
5,8,12.0,284,6,14,3,16,37,4,28
5,8,18.0,75,5,18,0,6,7,1,0
5,3,26.0,343,3,22,0,12,100,2,3
5,5,17.0,212,3,22,0,13,69,0,6
5,6,9.0,236,1,18,0,0,77,1,12
5,10,2.0,358,4,18,2,6,89,1,22
5,11,1.0,222,4,14,0,8,33,4,7
5,3,20.0,105,0,8,1,9,93,2,29
5,3,3.0,182,5,21,3,14,25,0,27
5,8,13.0,189,3,2,1,0,12,1,25
5,10,2.0,358,4,5,1,5,12,0,22
5,1,27.0,262,4,18,1,11,15,1,15
5,4,14.0,345,2,16,0,0,12,0,5
5,6,1.0,158,0,17,3,2,71,4,7
5,2,30.0,131,0,3,1,4,4,0,19
5,8,18.0,75,5,12,0,3,76,2,0
5,1,27.0,262,4,13,0,0,53,1,15
5,0,21.0,287,0,11,0,11,133,2,21
4,11,12.0,118,1,2,0,11,58,2,28
5,2,28.0,257,6,13,3,8,27,3,18
5,5,21.0,351,4,12,0,8,27,1,21
5,11,18.0,332,3,8,0,5,6,2,0
5,3,20.0,105,0,12,0,11,15,3,29
5,10,2.0,358,4,6,1,0,31,4,22
5,10,11.0,298,6,19,0,10,12,1,9
5,10,1.0,208,2,14,0,1,59,4,7
5,3,20.0,105,0,14,0,0,53,1,29
5,6,21.0,193,3,8,1,3,30,4,21
5,10,20.0,223,0,4,3,2,2,0,29
5,6,1.0,158,0,18,0,1,67,4,7
4,5,31.0,196,0,12,1,12,83,2,20
5,4,27.0,274,1,15,0,12,17,3,15
5,4,27.0,274,1,8,0,0,26,2,15
5,2,5.0,127,4,18,0,3,44,3,24
5,2,19.0,137,4,22,0,14,24,1,10
5,2,22.0,209,3,17,0,1,11,4,26
5,2,22.0,209,3,0,1,11,124,0,26
5,2,22.0,209,3,12,0,13,99,0,26
5,2,27.0,136,5,12,0,14,24,2,15
5,0,19.0,13,6,3,0,13,38,3,10
5,0,19.0,13,6,6,2,10,22,0,10
5,0,19.0,13,6,9,2,11,94,3,10
5,0,30.0,228,2,17,0,10,23,1,19
5,0,30.0,228,2,2,0,5,12,1,19
5,0,30.0,228,2,12,0,2,123,4,19
4,11,3.0,288,3,18,2,8,9,0,27
4,11,4.0,275,0,17,2,5,6,3,30
4,11,5.0,240,1,0,1,1,11,0,24
4,11,4.0,275,0,4,0,14,24,2,30
4,3,26.0,343,0,17,3,4,136,0,3
4,9,12.0,177,5,9,0,10,47,0,28
4,5,22.0,163,6,22,0,10,23,0,26
4,9,4.0,295,4,8,0,0,0,2,30
4,3,13.0,210,1,8,2,10,22,0,25
4,10,9.0,150,5,2,2,5,6,0,12
4,5,26.0,37,2,18,0,1,59,4,3
4,6,26.0,348,6,12,2,13,48,3,3
4,6,26.0,348,6,6,0,8,9,1,3
4,9,14.0,106,3,0,1,11,94,4,5
4,8,9.0,124,4,4,1,10,47,0,12
4,5,29.0,24,6,12,0,2,40,3,16
4,9,20.0,119,6,17,1,10,43,1,29
4,9,4.0,295,4,14,3,5,12,0,30
4,10,2.0,358,5,0,0,4,45,0,22
5,2,1.0,16,3,17,0,6,7,4,7
4,2,18.0,7,4,8,0,4,75,3,0
4,5,30.0,294,3,13,0,8,65,2,19
4,3,23.0,57,5,22,0,2,86,3,17
4,9,27.0,179,6,20,0,9,63,1,15
4,10,2.0,358,5,9,0,14,34,1,22
4,9,26.0,267,5,5,3,10,47,1,3
4,2,11.0,297,4,12,2,11,15,0,9
4,6,28.0,309,0,18,0,4,121,1,18
4,3,23.0,57,5,11,1,14,25,4,17
4,7,3.0,269,2,6,0,8,9,4,27
4,10,11.0,298,3,13,1,7,62,4,9
4,6,26.0,348,6,22,0,10,47,1,3
4,6,26.0,348,6,22,0,13,48,0,3
4,6,26.0,348,6,8,0,5,6,3,3
4,6,26.0,348,6,3,0,4,45,1,3
4,6,25.0,39,5,13,1,4,75,1,13
4,6,26.0,348,6,19,0,13,99,2,3
4,10,2.0,358,5,23,1,10,22,0,22
4,10,2.0,358,5,19,0,14,24,0,22
4,10,11.0,298,3,13,0,2,69,0,9
4,10,16.0,201,5,7,0,0,77,3,2
4,10,16.0,201,5,11,0,9,57,2,2
4,1,8.0,62,3,11,0,14,24,3,8
4,1,10.0,17,1,6,0,5,12,3,4
4,1,18.0,82,2,17,0,10,47,1,0
4,1,18.0,82,2,16,1,10,52,0,0
4,11,28.0,123,4,5,0,6,89,1,18
4,11,28.0,123,4,13,0,12,135,3,18
4,11,28.0,123,4,22,2,1,105,0,18
4,11,28.0,123,4,8,0,4,82,0,18
4,9,5.0,89,5,20,0,10,47,3,24
4,9,5.0,89,5,11,0,8,118,4,24
4,9,13.0,91,6,4,0,2,86,0,25
4,9,13.0,91,6,15,1,11,18,1,25
4,9,13.0,91,6,18,0,12,56,4,25
4,9,20.0,119,6,3,2,12,61,3,29
4,9,28.0,315,3,4,0,0,53,0,18
4,7,12.0,181,5,17,1,0,68,0,28
4,7,31.0,43,2,4,0,14,24,2,20
4,7,29.0,268,0,11,1,5,6,2,16
4,6,22.0,185,1,10,1,15,77,0,26
4,6,14.0,173,0,22,0,6,7,2,5
4,10,13.0,346,1,8,0,2,86,1,25
4,7,12.0,181,5,1,0,10,23,3,28
4,7,14.0,125,3,16,0,5,6,1,5
4,7,14.0,125,3,6,0,4,4,1,5
4,7,14.0,125,3,13,1,8,9,4,5
4,7,20.0,266,6,13,0,9,57,0,29
4,7,20.0,266,6,8,0,4,45,2,29
4,7,20.0,266,6,2,3,12,104,4,29
4,7,20.0,266,6,2,0,6,89,2,29
4,7,22.0,211,0,16,0,2,2,0,26
4,7,31.0,43,2,8,0,10,43,1,20
4,7,29.0,268,0,2,2,15,31,3,16
4,3,13.0,210,1,8,2,1,35,2,25
4,3,14.0,33,2,12,0,16,37,4,5
4,3,20.0,105,1,11,1,3,30,0,29
4,3,20.0,105,1,4,0,12,83,4,29
4,3,20.0,105,1,14,0,8,41,1,29
4,3,20.0,105,1,9,0,13,38,1,29
4,3,23.0,57,5,3,1,2,71,4,17
4,5,4.0,114,1,2,1,4,5,1,30
4,5,4.0,114,1,13,0,8,19,4,30
4,3,28.0,187,2,21,1,16,130,0,18
4,3,28.0,187,2,14,0,9,49,3,18
4,5,3.0,161,0,17,2,2,40,1,27
4,5,3.0,161,0,7,0,1,1,1,27
5,7,1.0,98,3,4,3,9,95,1,7
5,7,1.0,98,3,9,0,2,40,4,7
5,7,1.0,98,3,22,0,8,27,2,7
5,7,9.0,273,0,1,1,9,87,0,12
5,7,9.0,273,0,23,1,10,47,1,12
4,3,11.0,337,3,13,0,0,96,3,9
4,3,12.0,104,0,17,1,0,0,0,28
4,3,12.0,104,0,15,0,5,12,2,28
4,3,19.0,138,0,17,0,2,2,1,10
4,3,19.0,138,0,0,1,7,78,0,10
4,3,19.0,138,0,20,1,5,64,0,10
4,3,19.0,138,0,15,1,7,20,1,10
4,3,22.0,166,4,21,1,0,26,0,26
4,3,22.0,166,4,12,0,2,71,0,26
4,6,10.0,149,4,19,0,5,64,1,4
4,3,28.0,187,2,16,0,15,39,1,18
4,10,13.0,346,1,1,0,13,99,1,25
4,10,11.0,298,3,2,0,14,34,0,9
4,10,11.0,298,3,8,0,8,41,2,9
4,11,4.0,275,0,0,1,13,28,0,30
4,10,25.0,56,3,0,0,1,59,1,13
5,8,1.0,66,1,18,0,13,99,4,7
4,10,30.0,157,5,11,0,7,20,3,19
5,5,15.0,200,5,2,0,7,57,2,1
4,3,28.0,187,2,17,1,10,52,4,18
4,11,4.0,275,0,15,0,12,83,2,30
5,1,24.0,64,0,13,0,5,6,2,14
4,6,16.0,38,2,11,0,9,54,1,2
4,5,3.0,161,0,3,1,12,56,4,27
5,1,26.0,248,2,6,0,5,12,3,3
4,11,3.0,288,3,18,1,8,41,4,27
5,6,14.0,173,3,18,1,2,60,4,5
4,5,3.0,161,0,14,0,6,7,3,27
5,4,23.0,30,5,13,1,11,8,1,17
5,0,1.0,8,1,23,3,8,118,0,7
5,0,17.0,12,4,15,0,5,6,3,6
5,8,26.0,278,6,4,1,3,79,4,3
5,8,16.0,73,2,19,0,13,99,2,2
4,11,24.0,194,3,14,0,8,118,0,14
5,4,17.0,19,6,13,0,16,50,1,6
5,0,1.0,8,1,20,1,5,12,1,7
5,2,18.0,7,2,20,1,14,88,4,0
5,2,18.0,7,2,4,3,5,6,0,0
4,11,1.0,222,5,20,0,8,33,1,7
4,9,6.0,51,6,17,2,10,47,2,23
4,7,1.0,98,0,22,0,13,48,0,7
4,3,10.0,4,6,2,0,14,106,3,4
4,3,10.0,4,6,19,0,16,39,3,4
4,7,8.0,94,0,17,0,9,102,4,8
5,5,31.0,196,3,17,3,9,27,0,20
5,0,17.0,12,4,11,0,16,72,1,6
5,0,23.0,237,2,14,1,9,27,0,17
5,0,1.0,8,1,17,0,8,9,1,7
4,5,31.0,196,0,18,0,12,56,3,20
4,3,13.0,210,1,15,0,15,46,3,25
4,3,13.0,210,1,4,0,0,31,2,25
4,4,13.0,221,2,15,1,5,6,1,25
4,3,14.0,33,2,12,0,12,61,1,5
4,3,20.0,105,1,11,0,1,16,3,29
4,3,20.0,105,1,3,0,9,54,1,29
4,3,23.0,57,5,5,0,4,75,3,17
4,3,23.0,57,5,8,0,14,106,2,17
4,3,28.0,187,2,17,0,5,64,1,18
4,5,3.0,161,0,11,0,7,62,0,27
4,5,3.0,161,0,15,0,9,27,0,27
4,5,3.0,161,0,4,0,9,102,4,27
4,5,4.0,114,1,8,1,11,18,1,30
4,5,4.0,114,1,12,0,12,80,1,30
4,5,4.0,114,1,14,0,2,2,2,30
4,5,22.0,163,6,19,0,7,111,0,26
4,5,29.0,24,6,22,1,8,19,1,16
4,5,30.0,294,3,21,1,8,27,0,19
4,5,29.0,24,6,1,0,2,86,4,16
4,9,20.0,119,6,13,0,0,64,0,29
4,9,19.0,234,5,20,1,9,87,4,10
4,9,20.0,119,6,4,0,2,86,4,29
4,11,1.0,222,5,18,0,4,4,1,7
5,8,26.0,278,6,8,0,16,42,2,3
5,2,10.0,28,1,17,3,3,30,0,4
5,2,26.0,3,4,12,1,15,31,4,3
5,2,26.0,3,4,23,1,10,23,1,3
4,11,9.0,311,6,2,0,12,61,1,12
5,10,7.0,243,1,17,0,8,27,1,11
4,6,9.0,236,2,1,0,9,54,1,12
4,6,9.0,236,2,3,0,0,53,3,12
4,6,9.0,236,2,14,0,14,25,1,12
4,3,15.0,35,4,13,1,8,27,1,1
4,11,1.0,222,5,17,0,1,59,4,7
4,9,18.0,359,4,15,1,14,126,1,0
4,7,1.0,98,0,3,0,0,64,1,7
4,10,1.0,208,4,18,0,1,105,1,7
4,1,17.0,63,1,23,1,11,15,0,6
4,7,1.0,98,0,8,0,8,9,2,7
4,5,25.0,350,1,20,1,11,124,1,13
4,3,10.0,4,6,17,0,4,75,3,4
4,10,10.0,245,6,17,0,2,3,4,4
4,10,25.0,56,3,0,1,15,31,0,13
4,10,25.0,56,3,19,1,8,9,4,13
4,1,19.0,29,4,17,1,14,32,0,10
4,1,19.0,29,4,17,1,10,43,0,10
4,1,19.0,29,4,22,0,2,13,1,10
5,6,16.0,38,1,21,1,11,15,0,2
4,11,4.0,275,0,22,0,4,82,3,30
4,8,28.0,224,1,4,0,6,89,0,18
5,9,23.0,167,0,17,1,16,74,0,17
4,5,3.0,161,0,18,0,11,117,1,27
4,6,14.0,173,0,18,0,11,15,3,5
4,11,5.0,240,1,16,2,5,12,3,24
5,6,16.0,38,1,17,0,2,92,1,2
4,8,28.0,224,1,14,0,1,59,4,18
4,6,21.0,193,0,7,0,11,15,0,21
4,11,10.0,360,3,7,0,5,6,2,4
4,8,28.0,224,1,15,0,10,47,3,18
4,10,27.0,302,1,13,0,0,77,2,15
4,6,22.0,185,1,16,0,8,9,3,26
4,11,10.0,360,3,21,0,0,64,3,4
4,5,31.0,196,0,17,0,8,41,3,20
4,6,14.0,173,0,19,1,3,30,1,5
4,11,11.0,175,0,0,0,2,2,4,9
4,11,11.0,175,0,12,0,16,39,1,9
4,11,13.0,312,2,17,0,3,115,0,25
4,11,13.0,312,2,15,0,4,82,1,25
4,11,19.0,321,1,19,1,15,39,0,10
4,11,21.0,192,4,1,0,11,15,1,21
4,11,27.0,322,2,22,0,5,64,1,15
4,11,27.0,322,2,2,0,1,67,0,15
4,7,31.0,43,2,10,1,10,22,0,20
4,3,13.0,210,1,0,0,0,12,0,25
4,3,13.0,210,1,0,1,1,105,0,25
4,3,13.0,210,1,22,0,7,78,3,25
4,3,13.0,210,1,1,1,9,93,4,25
4,5,17.0,212,0,10,0,0,64,0,6
5,4,15.0,132,4,20,3,14,24,1,1
4,9,10.0,156,2,2,1,0,31,2,4
4,7,2.0,160,1,1,0,14,24,2,22
4,5,17.0,212,0,1,0,5,6,0,6
4,5,17.0,212,0,4,0,6,89,0,6
4,5,17.0,212,0,9,0,12,100,0,6
4,5,24.0,58,0,23,0,16,139,1,14
4,6,2.0,352,2,0,1,5,64,0,22
4,6,2.0,352,2,21,2,16,37,3,22
4,6,2.0,352,2,8,0,9,102,3,22
4,6,2.0,352,2,18,0,5,12,3,22
4,6,2.0,352,2,6,2,10,22,1,22
4,6,11.0,355,5,17,0,5,6,3,9
4,6,11.0,355,5,18,0,4,75,4,9
4,6,10.0,149,4,9,0,8,27,0,4
4,6,16.0,38,2,22,0,0,77,3,2
4,6,16.0,38,2,14,0,4,66,4,2
4,6,16.0,38,2,2,1,3,103,0,2
4,7,3.0,269,2,4,0,2,69,4,27
4,7,6.0,93,6,15,0,3,115,4,23
4,7,6.0,93,6,16,2,3,76,1,23
4,7,6.0,93,6,19,0,6,89,3,23
4,3,3.0,182,6,13,0,2,40,3,27
4,3,3.0,182,6,4,0,2,86,3,27
4,3,3.0,182,6,8,0,2,40,2,27
4,3,5.0,324,0,6,1,0,53,0,24
4,3,5.0,324,0,6,0,12,56,0,24
4,5,23.0,168,3,1,1,5,64,0,17
1,10,1.0,208,5,17,0,1,81,4,7
4,9,4.0,295,4,17,1,15,39,2,30
4,9,3.0,217,2,4,1,5,12,1,27
5,3,1.0,180,2,17,0,3,79,1,7
4,3,5.0,324,0,3,0,10,22,2,24
4,3,5.0,324,0,19,0,8,33,1,24
4,3,5.0,324,0,1,0,13,21,1,24
4,3,5.0,324,0,13,1,9,10,4,24
4,3,11.0,337,3,17,0,10,22,3,9
4,5,3.0,161,0,13,0,8,41,1,27
4,5,4.0,114,1,19,1,2,92,1,30
4,3,13.0,210,1,8,0,9,27,3,25
4,3,14.0,33,2,16,0,0,12,0,5
4,3,14.0,33,2,1,0,5,64,2,5
4,3,20.0,105,1,3,0,5,6,0,29
4,3,23.0,57,5,7,1,9,10,0,17
4,3,23.0,57,5,17,1,7,111,0,17
4,3,14.0,33,2,19,0,6,89,0,5
4,3,23.0,57,5,4,0,3,30,1,17
4,3,28.0,187,2,17,0,7,57,2,18
4,5,3.0,161,0,14,0,12,80,1,27
4,5,4.0,114,1,11,0,2,92,1,30
4,6,22.0,185,1,16,0,10,22,3,26
5,1,31.0,305,0,18,2,10,22,2,20
4,10,27.0,302,1,8,0,13,48,3,15
4,4,2.0,141,6,23,0,10,47,3,22
4,6,22.0,185,1,8,0,15,39,1,26
4,5,25.0,350,1,16,2,13,29,1,13
5,10,15.0,60,2,6,2,10,22,3,1
4,4,2.0,141,6,8,0,7,129,4,22
4,6,22.0,185,1,14,0,13,29,1,26
4,9,26.0,267,5,9,0,5,12,0,3
4,4,2.0,141,6,14,0,2,92,4,22
4,6,23.0,84,2,20,0,10,12,1,17
4,11,24.0,194,3,17,1,1,11,4,14
4,4,2.0,141,6,4,2,12,80,3,22
4,4,2.0,141,6,18,0,2,86,1,22
4,4,3.0,279,3,10,0,0,26,1,27
4,4,10.0,79,3,13,0,6,89,2,4
4,4,10.0,79,3,19,0,6,132,1,4
4,4,10.0,79,3,9,0,2,71,4,4
4,4,10.0,79,3,19,0,2,40,1,4
4,4,17.0,19,3,7,0,6,91,1,6
4,4,17.0,19,3,23,0,14,25,4,6
4,4,17.0,19,3,1,2,2,123,0,6
4,4,18.0,26,0,20,0,8,9,0,0
4,4,20.0,115,2,16,1,10,12,0,29
4,9,27.0,179,6,19,0,2,86,1,15
4,7,3.0,269,2,0,0,0,26,3,27
4,7,3.0,269,2,12,1,10,22,4,27
4,3,5.0,324,0,4,0,7,20,3,24
4,3,5.0,324,0,3,0,8,27,2,24
5,0,4.0,229,5,17,0,13,99,1,30
5,5,1.0,109,5,22,0,15,31,1,7
4,10,14.0,174,2,4,1,10,52,0,5
4,1,31.0,305,1,1,1,5,6,4,20
4,8,13.0,189,0,1,0,5,12,2,25
4,4,16.0,25,6,13,0,10,43,0,2
4,4,23.0,30,6,13,0,2,40,2,17
4,3,11.0,337,3,8,0,2,86,3,9
4,3,11.0,337,3,13,3,13,36,0,9
4,3,19.0,138,0,3,0,2,92,3,10
4,3,21.0,338,2,1,0,10,6,0,21
4,3,22.0,166,4,13,0,0,77,1,26
4,11,29.0,270,5,17,0,0,31,2,16
4,3,30.0,304,5,17,0,9,95,1,19
4,5,11.0,326,1,17,0,7,120,3,9
4,5,11.0,326,1,23,0,11,124,3,9
4,5,11.0,326,1,23,0,3,30,1,9
4,5,11.0,326,1,13,0,5,6,3,9
4,5,13.0,184,4,7,1,7,111,0,25
4,5,13.0,184,4,20,1,4,4,1,25
4,5,20.0,214,4,16,1,9,87,0,29
4,5,28.0,259,5,18,1,3,115,4,18
4,5,28.0,259,5,18,0,9,93,4,18
4,5,28.0,259,5,21,1,8,19,0,18
4,6,3.0,99,4,13,1,3,76,4,27
4,6,3.0,99,4,14,2,6,132,3,27
4,4,23.0,30,6,13,3,14,25,4,17
4,2,7.0,153,3,8,0,13,69,0,11
4,6,3.0,99,4,22,0,7,57,3,27
4,6,3.0,99,4,21,0,10,47,1,27
4,6,4.0,159,5,22,0,5,6,2,30
4,6,7.0,169,0,6,0,14,24,0,11
4,6,7.0,169,0,3,0,4,5,2,11
4,6,12.0,162,6,23,0,15,31,2,28
4,6,12.0,162,6,23,0,11,94,3,28
4,6,12.0,162,6,9,0,9,95,3,28
4,6,13.0,317,3,21,1,1,67,0,25
4,6,13.0,317,3,4,0,5,12,1,25
4,6,13.0,317,3,19,0,5,64,2,25
4,6,12.0,162,6,12,1,10,22,1,28
4,4,20.0,115,2,15,0,4,75,4,29
4,4,20.0,115,2,11,0,8,27,1,29
4,3,25.0,347,3,19,1,1,105,4,13
4,7,16.0,40,1,7,0,8,41,1,2
4,4,20.0,115,2,3,0,10,22,2,29
4,4,20.0,115,2,19,0,8,41,1,29
4,4,25.0,20,0,0,1,7,111,0,13
4,4,25.0,20,0,22,0,3,76,3,13
4,4,25.0,20,0,3,0,7,122,0,13
4,4,25.0,20,0,19,0,1,11,1,13
4,4,20.0,115,2,13,1,10,12,0,29
4,2,2.0,143,1,8,1,0,26,1,22
4,6,23.0,84,2,1,0,10,23,1,17
4,7,27.0,53,6,9,0,4,79,4,15
4,7,16.0,40,1,11,1,2,2,4,2
4,7,24.0,68,2,6,0,10,47,3,14
4,7,16.0,40,1,4,1,12,17,4,2
4,5,1.0,109,6,17,1,15,114,1,7
4,7,17.0,95,2,6,0,15,114,0,6
4,8,9.0,124,4,12,0,13,121,3,12
5,2,9.0,21,0,8,0,9,49,3,12
4,8,3.0,363,5,1,0,2,2,4,27
4,6,28.0,309,0,19,0,9,54,3,18
5,2,1.0,16,3,9,0,15,108,0,7
4,10,8.0,213,4,9,3,6,7,0,8
4,6,30.0,145,2,1,2,16,113,2,19
4,7,17.0,95,2,5,0,6,7,1,6
4,10,1.0,208,4,5,0,4,45,4,7
4,4,12.0,134,1,6,0,14,131,1,28
4,9,1.0,126,0,15,3,13,38,0,7
4,3,15.0,35,4,3,0,2,86,1,1
4,3,15.0,35,4,22,0,1,11,2,1
4,7,8.0,94,0,22,0,7,20,2,8
4,4,2.0,141,6,12,2,0,96,3,22
4,4,2.0,141,6,1,0,9,57,0,22
4,4,3.0,279,3,0,0,8,9,4,27
4,4,3.0,279,3,11,0,13,38,1,27
4,4,10.0,79,3,2,2,10,47,3,4
4,4,10.0,79,3,13,1,1,105,4,4
4,4,17.0,19,3,12,0,15,31,4,6
4,4,10.0,79,3,8,0,2,92,3,4
4,4,17.0,19,3,15,2,6,89,1,6
4,4,18.0,26,0,23,0,16,42,1,0
4,4,18.0,26,0,11,0,13,48,2,0
4,4,18.0,26,0,22,0,15,46,3,0
4,4,18.0,26,0,1,0,11,15,3,0
4,4,20.0,115,2,16,2,0,53,3,29
4,4,18.0,26,0,22,1,9,134,4,0
4,4,20.0,115,2,8,0,10,43,1,29
4,4,20.0,115,2,4,0,2,86,4,29
4,4,25.0,20,0,3,1,8,118,0,13
5,8,1.0,66,1,17,0,6,7,4,7
4,5,1.0,109,6,1,1,1,35,4,7
4,11,1.0,222,5,20,0,2,35,2,7
5,2,8.0,258,3,17,0,12,61,1,8
4,9,7.0,271,3,2,0,12,61,1,11
4,7,1.0,98,0,11,1,10,43,1,7
4,11,1.0,222,5,10,0,10,47,1,7
4,9,6.0,51,6,17,1,0,53,1,23
4,9,1.0,126,0,17,1,0,26,1,7
4,7,1.0,98,0,14,2,3,44,3,7
4,6,30.0,145,2,1,0,2,13,3,19
4,6,28.0,309,0,3,0,11,18,3,18
4,7,17.0,95,2,14,0,11,15,0,6
4,6,21.0,193,0,9,0,12,80,3,21
4,3,16.0,263,5,5,0,15,77,3,2
4,3,24.0,357,6,2,0,10,22,1,14
4,2,25.0,233,4,19,0,5,0,2,13
4,3,25.0,347,3,15,0,5,6,3,13
4,3,26.0,343,0,6,0,10,23,2,3
4,3,26.0,343,0,18,0,0,77,3,3
4,5,2.0,307,3,12,0,15,108,0,22
4,5,30.0,294,3,14,0,3,70,1,19
4,5,29.0,24,6,11,0,1,11,4,16
4,5,29.0,24,6,18,0,14,25,2,16
4,5,2.0,307,3,19,2,10,12,3,22
4,5,31.0,196,0,13,1,1,59,4,20
4,5,31.0,196,0,22,3,13,13,1,20
4,5,17.0,212,0,4,0,1,59,1,6
4,5,17.0,212,0,2,0,2,29,3,6
4,5,17.0,212,0,21,1,0,53,0,6
4,5,24.0,58,0,16,1,9,87,0,14
4,6,2.0,352,2,14,0,6,89,3,22
5,7,23.0,202,0,15,3,8,41,4,17
2,5,12.0,184,3,17,0,4,75,1,28
5,10,17.0,256,5,8,1,3,115,1,6
3,11,1.0,222,2,17,0,10,23,2,7
5,4,31.0,67,6,17,0,7,20,1,20
4,9,16.0,107,1,10,0,4,138,4,2
5,2,15.0,130,3,8,0,5,6,0,1
4,11,17.0,110,3,22,1,0,31,0,6
4,9,9.0,320,1,4,0,15,39,0,12
4,3,2.0,120,5,4,3,9,57,0,22
4,11,23.0,232,6,11,3,11,133,1,17
4,9,15.0,226,0,5,3,15,39,1,1
4,9,24.0,272,2,21,0,8,118,1,14
4,1,3.0,188,1,9,0,16,72,1,27
4,8,27.0,78,0,3,1,10,52,1,15
4,4,9.0,18,6,14,1,14,25,0,12
4,4,9.0,18,6,14,1,8,19,0,12
4,8,11.0,306,6,15,3,0,26,1,9
5,0,30.0,228,2,13,0,10,47,2,19
4,11,11.0,175,0,17,0,2,2,1,9
4,11,11.0,175,0,22,0,4,5,1,9
4,11,13.0,312,2,6,2,12,80,2,25
4,11,13.0,312,2,16,0,5,6,0,25
4,11,13.0,312,2,2,0,1,67,1,25
4,11,5.0,240,1,17,0,3,30,2,24
4,11,19.0,321,1,12,3,9,57,0,10
4,11,19.0,321,1,19,0,5,6,3,10
4,11,28.0,123,4,4,0,12,80,2,18
4,9,19.0,234,5,3,0,10,47,0,10
4,9,13.0,91,6,9,0,10,52,1,25
4,9,20.0,119,6,23,0,0,26,2,29
4,7,22.0,211,0,20,0,13,123,3,26
4,7,28.0,34,3,22,0,3,79,2,18
4,7,28.0,34,3,12,0,14,24,3,18
4,7,29.0,268,0,4,0,9,93,0,16
4,7,29.0,268,0,13,0,13,99,2,16
4,7,31.0,43,2,6,0,10,12,1,20
4,6,10.0,149,4,12,0,10,47,3,4
4,6,10.0,149,4,6,1,10,47,0,4
4,6,10.0,149,4,3,1,12,84,1,4
4,6,11.0,355,5,17,3,9,27,0,9
5,8,1.0,66,1,13,3,12,17,1,7
4,6,14.0,173,0,0,1,10,47,0,5
4,6,28.0,309,0,9,0,15,31,0,18
4,2,25.0,233,4,9,0,10,52,0,13
4,2,24.0,22,2,13,0,9,101,2,14
4,0,8.0,9,2,5,0,12,17,1,8
4,10,30.0,157,5,1,0,16,37,2,19
4,6,14.0,173,0,12,0,10,22,3,5
4,6,14.0,173,0,18,0,6,91,1,5
4,6,22.0,185,1,23,0,10,47,3,26
4,6,21.0,193,0,18,1,5,64,4,21
4,6,22.0,185,1,15,0,8,27,4,26
4,6,22.0,185,1,22,0,6,128,4,26
4,6,23.0,84,2,22,2,10,22,3,17
4,6,22.0,185,1,13,3,10,47,3,26
4,6,28.0,309,0,21,0,5,12,1,18
4,6,28.0,309,0,19,0,3,44,1,18
4,5,17.0,212,0,18,1,1,67,0,6
2,4,1.0,141,1,17,0,14,24,1,7
4,4,25.0,20,0,2,0,0,64,0,13
4,4,25.0,20,0,4,1,1,81,4,13
4,2,2.0,143,1,16,0,5,12,0,22
4,4,18.0,26,0,12,1,9,93,4,0
4,2,2.0,143,1,13,0,1,1,4,22
4,2,2.0,143,1,3,0,8,9,3,22
4,2,2.0,143,1,14,2,2,69,0,22
4,2,2.0,143,1,1,2,15,31,0,22
4,2,9.0,21,1,21,1,10,22,3,12
4,2,9.0,21,1,3,0,9,134,1,12
4,2,10.0,28,2,18,0,9,134,2,4
4,2,10.0,28,2,12,1,10,52,4,4
4,2,10.0,28,2,22,0,2,69,2,4
4,2,11.0,297,4,17,1,14,25,0,9
4,2,11.0,297,4,19,0,5,6,0,9
4,2,11.0,297,4,13,1,8,19,4,9
4,2,18.0,7,4,2,0,13,48,3,0
4,2,18.0,7,4,22,1,9,49,1,0
4,2,18.0,7,4,2,0,13,48,0,0
5,0,14.0,5,0,8,0,1,81,2,5
5,0,22.0,241,1,12,1,9,93,4,26
4,11,2.0,265,6,23,0,5,6,3,22
4,9,2.0,323,1,22,0,10,47,2,22
4,3,22.0,166,4,1,3,9,93,3,26
4,3,22.0,166,4,12,3,9,93,0,26
4,5,23.0,168,3,2,0,13,36,3,17
4,6,7.0,169,0,14,0,9,95,0,11
5,2,4.0,254,2,13,0,0,26,2,30
4,9,2.0,323,1,12,0,4,75,1,22
4,9,2.0,323,1,19,0,13,29,2,22
4,6,30.0,145,2,9,0,3,44,3,19
4,6,30.0,145,2,20,0,1,11,4,19
4,6,30.0,145,2,16,0,0,12,0,19
4,10,4.0,356,3,10,1,10,47,0,30
4,10,4.0,356,3,12,0,4,127,1,30
4,10,4.0,356,3,4,2,10,47,3,30
4,6,28.0,309,0,18,0,2,86,0,18
4,10,4.0,356,3,12,1,10,23,0,30
4,1,15.0,1,3,23,1,10,22,0,1
4,10,7.0,243,2,17,0,0,77,1,11
4,1,15.0,1,3,11,0,9,134,4,1
4,1,15.0,1,3,15,0,0,64,3,1
4,10,7.0,243,2,7,1,7,78,0,11
4,1,29.0,112,3,17,1,5,6,0,16
4,10,7.0,243,2,3,0,0,26,1,11
4,1,29.0,112,3,5,1,10,12,0,16
4,1,14.0,183,6,19,1,0,53,0,5
4,10,4.0,356,3,8,3,2,123,0,30
4,1,30.0,100,0,8,0,9,95,2,19
5,6,28.0,309,3,19,2,10,47,2,18
4,10,4.0,356,3,12,0,13,21,1,30
4,10,20.0,223,1,20,0,0,96,0,29
5,6,28.0,309,3,19,0,3,79,1,18
5,6,28.0,309,3,2,2,10,47,3,18
5,10,3.0,310,5,14,0,8,9,3,27
5,10,13.0,346,0,6,1,2,123,0,25
5,10,13.0,346,0,9,1,9,95,4,25
5,10,13.0,346,0,4,0,8,118,0,25
5,10,18.0,246,6,16,2,5,64,3,0
5,10,18.0,246,6,22,0,6,128,4,0
5,10,18.0,246,6,8,0,5,64,3,0
4,10,12.0,333,0,9,1,2,71,4,28
4,10,12.0,333,0,18,0,13,99,3,28
4,10,13.0,346,1,23,0,13,29,3,25
4,10,12.0,333,0,2,1,10,52,4,28
4,10,13.0,346,1,15,0,8,118,1,25
4,6,21.0,193,0,15,1,15,114,1,21
4,6,21.0,193,0,5,0,2,3,2,21
4,6,21.0,193,0,12,0,0,64,3,21
4,6,21.0,193,0,21,0,9,87,2,21
4,6,22.0,185,1,5,0,8,118,4,26
5,6,10.0,149,2,15,0,8,9,1,4
4,6,23.0,84,2,16,0,10,47,3,17
4,6,22.0,185,1,9,0,13,44,3,26
4,6,22.0,185,1,12,0,13,21,2,26
4,6,22.0,185,1,2,1,10,22,0,26
4,6,23.0,84,2,1,0,7,57,1,17
4,6,23.0,84,2,1,1,8,118,1,17
4,6,28.0,309,0,17,2,2,86,1,18
5,3,28.0,187,1,5,0,16,50,1,18
5,9,1.0,126,3,4,0,7,111,1,7
5,1,17.0,63,0,19,1,2,13,4,6
5,1,14.0,183,5,18,0,14,25,1,5
5,0,8.0,9,1,15,1,9,95,1,8
4,11,8.0,283,5,5,1,6,128,4,8
4,11,17.0,110,3,18,1,11,15,0,6
4,11,14.0,147,4,2,1,9,101,1,5
4,7,10.0,329,2,9,0,5,6,0,4
5,9,16.0,107,0,14,3,9,57,0,2
4,5,16.0,239,3,3,3,1,11,4,2
5,7,23.0,202,0,19,1,13,38,0,17
5,3,24.0,357,5,22,0,15,37,0,14
5,8,29.0,301,1,15,0,13,29,1,16
5,10,25.0,56,6,9,1,5,0,2,13
5,2,17.0,6,1,1,3,8,41,1,6
3,11,1.0,222,2,17,0,2,13,1,7
5,10,19.0,117,3,11,0,16,50,1,10
5,10,19.0,117,3,13,0,14,24,2,10
5,10,13.0,346,0,1,3,8,9,4,25
5,10,19.0,117,3,4,0,1,11,2,10
5,10,21.0,341,1,0,0,8,27,3,21
1,10,1.0,208,5,4,0,13,36,4,7
5,10,18.0,246,6,15,0,12,104,1,0
5,10,28.0,216,1,22,2,13,21,3,18
5,5,20.0,214,2,18,0,5,6,2,29
3,4,1.0,144,2,20,0,13,38,4,7
5,5,28.0,259,4,10,2,10,22,3,18
5,5,28.0,259,4,8,0,2,86,2,18
5,5,28.0,259,4,8,1,13,21,4,18
5,5,29.0,24,5,20,0,8,9,1,16
5,5,29.0,24,5,13,3,6,7,0,16
5,5,29.0,24,5,18,0,5,12,3,16
5,5,29.0,24,5,9,0,9,54,1,16
5,5,29.0,24,5,1,0,4,127,3,16
4,6,28.0,309,0,3,0,12,84,0,18
4,6,28.0,309,0,14,1,13,69,2,18
4,6,30.0,145,2,17,0,1,105,0,19
4,6,30.0,145,2,16,2,5,12,3,19
4,6,30.0,145,2,3,2,12,80,4,19
4,6,30.0,145,2,8,0,4,82,3,19
4,6,30.0,145,2,19,2,4,79,3,19
4,6,22.0,185,1,8,0,12,84,1,26
4,6,22.0,185,1,8,0,3,76,4,26
4,6,22.0,185,1,1,2,4,45,2,26
4,6,22.0,185,1,14,0,2,71,3,26
4,6,22.0,185,1,23,0,13,48,4,26
4,6,23.0,84,2,6,0,11,15,1,17
4,6,23.0,84,2,8,0,6,128,3,17
4,6,23.0,84,2,2,1,5,6,0,17
4,6,28.0,309,0,11,0,4,75,4,18
4,6,22.0,185,1,6,2,5,12,3,26
4,6,28.0,309,0,4,0,5,6,2,18
4,6,28.0,309,0,1,0,3,30,1,18
5,6,10.0,149,2,0,1,13,69,0,4
4,10,20.0,223,1,8,0,2,123,0,29
4,10,7.0,243,2,14,2,16,72,4,11
4,10,20.0,223,1,2,0,13,13,1,29
5,6,20.0,215,6,19,0,4,138,3,29
5,8,29.0,301,1,2,3,11,15,3,16
4,10,21.0,341,2,6,0,10,30,0,21
4,6,28.0,309,0,13,0,14,97,4,18
5,8,29.0,301,1,18,0,7,78,3,16
5,6,20.0,215,6,19,0,4,138,3,29
5,2,26.0,3,4,15,0,6,89,0,3
4,8,22.0,354,2,16,0,0,68,1,26
5,8,11.0,306,5,4,0,16,37,3,9
4,10,7.0,243,2,21,1,0,31,4,11
5,6,20.0,215,6,22,0,11,58,3,29
4,9,18.0,359,4,17,0,5,12,0,0
4,8,22.0,354,2,0,0,2,86,3,26
5,8,28.0,224,0,20,0,6,7,1,18
4,10,29.0,318,4,4,1,0,68,1,16
4,10,21.0,341,2,16,2,10,47,0,21
4,10,12.0,333,0,23,0,10,22,3,28
4,10,12.0,333,0,5,0,1,1,1,28
4,10,12.0,333,0,13,0,0,26,1,28
4,10,12.0,333,0,4,0,16,74,1,28
4,10,12.0,333,0,9,0,9,57,1,28
4,10,13.0,346,1,4,0,9,93,1,25
4,6,30.0,145,2,16,0,0,12,0,19
4,10,20.0,223,1,16,0,11,117,3,29
4,10,20.0,223,1,19,0,15,108,3,29
4,10,20.0,223,1,9,2,5,6,3,29
4,10,20.0,223,1,19,0,13,48,0,29
4,10,21.0,341,2,16,1,3,70,4,21
4,10,21.0,341,2,20,1,0,31,0,21
4,10,21.0,341,2,22,0,8,27,1,21
4,10,21.0,341,2,9,0,14,106,3,21
4,10,21.0,341,2,18,0,14,24,1,21
4,10,21.0,341,2,14,0,6,91,3,21
4,10,21.0,341,2,3,1,5,12,1,21
4,10,22.0,314,4,6,0,10,47,0,26
4,10,22.0,314,4,6,1,3,76,4,26
4,10,22.0,314,4,3,0,3,79,0,26
5,1,2.0,171,3,18,0,12,61,4,22
4,10,13.0,346,1,22,0,4,82,3,25
4,10,13.0,346,1,3,1,11,122,4,25
4,10,13.0,346,1,14,2,1,59,2,25
4,10,13.0,346,1,14,0,4,70,3,25
5,1,2.0,171,3,18,0,14,25,3,22
5,1,10.0,17,0,9,0,13,21,3,4
5,1,12.0,353,2,21,0,15,46,3,28
5,1,12.0,353,2,13,0,14,24,1,28
5,1,12.0,353,2,22,0,7,62,2,28
5,1,12.0,353,2,22,2,14,34,1,28
5,1,19.0,29,2,7,0,8,19,4,10
5,1,19.0,29,2,11,0,8,33,1,10
5,1,19.0,29,2,13,0,13,69,3,10
5,1,19.0,29,2,12,0,7,20,3,10
5,1,19.0,29,2,19,0,7,20,1,10
5,1,19.0,29,2,12,1,3,115,2,10
5,1,19.0,29,2,18,0,7,120,0,10
5,1,19.0,29,2,5,0,14,24,2,10
5,1,28.0,300,5,16,2,10,47,3,18
5,1,12.0,353,2,4,0,0,31,1,28
4,7,17.0,95,2,12,0,0,15,0,6
5,7,24.0,68,1,21,0,6,7,3,14
4,6,16.0,38,2,6,0,16,39,0,2
4,6,17.0,244,4,10,0,5,12,3,6
4,6,11.0,355,5,4,1,11,18,2,9
4,6,16.0,38,2,17,1,13,28,1,2
4,6,10.0,149,4,5,3,11,15,0,4
4,10,2.0,358,5,1,1,10,47,1,22
4,10,11.0,298,3,18,2,10,22,0,9
4,10,11.0,298,3,17,0,14,32,0,9
5,0,26.0,14,6,22,0,13,38,2,3
2,11,1.0,222,0,20,0,9,102,4,7
4,11,7.0,253,4,13,1,2,92,1,11
4,9,17.0,255,2,12,1,14,25,0,6
5,11,12.0,118,0,17,1,14,110,4,28
4,7,2.0,160,1,18,3,0,12,0,22
4,7,2.0,160,1,1,0,10,47,3,22
4,11,15.0,331,5,17,0,12,104,1,1
5,9,12.0,177,4,0,1,1,11,0,28
5,9,12.0,177,4,11,0,3,70,2,28
4,7,25.0,41,4,22,0,10,47,1,13
5,7,24.0,68,1,9,0,2,3,4,14
4,10,20.0,223,1,6,0,13,28,4,29
4,10,20.0,223,1,21,1,6,7,4,29
5,5,11.0,326,0,22,0,9,93,1,9
5,3,10.0,4,5,11,0,1,67,4,4
5,5,27.0,328,2,20,1,16,130,1,15
5,6,26.0,348,5,13,0,5,6,3,3
4,10,20.0,223,1,16,0,4,82,1,29
5,6,20.0,215,6,2,0,0,64,4,29
4,9,25.0,344,4,12,0,4,45,2,13
4,10,30.0,157,5,13,0,4,45,0,19
4,10,22.0,314,4,13,0,0,96,3,26
4,8,23.0,102,4,0,2,10,23,1,17
5,6,28.0,309,3,20,0,13,48,2,18
4,7,8.0,94,0,19,1,16,74,4,8
4,5,31.0,196,0,12,3,12,17,4,20
4,10,20.0,223,1,6,1,15,31,2,29
5,4,5.0,235,0,12,1,9,102,4,24
4,10,22.0,314,4,21,1,10,47,0,26
4,7,27.0,53,6,1,1,3,79,0,15
4,8,23.0,102,4,3,0,14,24,2,17
5,6,28.0,309,3,11,1,10,47,0,18
4,10,30.0,157,5,19,0,2,86,1,19
5,4,13.0,221,1,5,0,10,22,4,25
5,6,28.0,309,3,12,0,0,77,3,18
5,1,2.0,171,3,9,0,16,139,4,22
5,4,13.0,221,1,1,0,12,61,1,25
4,10,22.0,314,4,20,1,4,75,1,26
5,2,24.0,22,1,6,0,12,56,4,14
4,8,23.0,102,4,23,1,2,2,1,17
4,10,21.0,341,2,8,0,11,133,0,21
4,8,29.0,301,2,1,0,8,41,1,16
4,10,22.0,314,4,10,1,8,118,1,26
5,3,14.0,33,1,1,1,9,102,4,5
4,10,30.0,157,5,3,0,4,4,1,19
5,4,13.0,221,1,22,1,2,2,4,25
5,6,28.0,309,3,4,0,6,7,0,18
4,10,21.0,341,2,14,1,3,30,4,21
5,1,10.0,17,0,17,0,15,51,1,4
4,4,6.0,176,2,11,0,10,30,0,23
4,10,29.0,318,4,2,1,14,106,1,16
4,10,10.0,245,6,19,0,6,89,0,4
5,6,19.0,291,5,2,0,0,64,2,10
4,10,21.0,341,2,16,1,1,105,0,21
5,6,28.0,309,3,22,0,2,35,2,18
4,4,6.0,176,2,3,0,16,65,2,23
5,4,20.0,115,1,18,0,14,25,3,29
4,1,15.0,1,3,13,0,6,89,4,1
4,10,10.0,245,6,17,2,5,6,1,4
4,10,29.0,318,4,17,0,10,6,3,16
4,11,5.0,240,1,6,0,12,80,1,24
5,6,28.0,309,3,9,0,2,40,4,18
5,6,28.0,309,3,2,3,6,106,3,18
5,10,13.0,346,0,1,0,4,82,1,25
5,10,13.0,346,0,2,1,2,2,4,25
5,10,13.0,346,0,3,1,11,133,4,25
5,10,18.0,246,6,5,0,0,85,3,0
5,10,18.0,246,6,2,0,16,50,2,0
5,10,19.0,117,3,5,0,8,9,3,10
5,10,19.0,117,3,5,1,9,95,1,10
5,10,19.0,117,3,2,2,11,94,3,10
5,10,19.0,117,3,1,0,10,22,1,10
5,10,28.0,216,1,17,0,16,74,0,18
4,6,28.0,309,0,9,0,14,24,3,18
4,6,28.0,309,0,13,0,1,105,0,18
4,6,28.0,309,0,15,3,8,65,4,18
4,6,30.0,145,2,10,0,4,115,3,19
4,6,30.0,145,2,22,2,4,79,3,19
4,6,30.0,145,2,11,0,2,86,1,19
4,6,30.0,145,2,3,0,8,9,1,19
4,6,30.0,145,2,12,0,3,30,3,19
4,10,4.0,356,3,10,2,0,85,3,30
4,6,30.0,145,2,15,0,2,3,4,19
4,6,30.0,145,2,4,0,8,118,3,19
4,6,30.0,145,2,9,0,2,2,1,19
4,10,4.0,356,3,6,1,11,15,0,30
4,10,4.0,356,3,13,0,1,59,1,30
4,10,4.0,356,3,2,0,5,12,3,30
4,10,4.0,356,3,5,2,10,47,2,30
4,10,4.0,356,3,22,1,8,118,4,30
4,10,7.0,243,2,16,0,9,93,1,11
4,10,7.0,243,2,23,0,1,11,4,11
4,10,7.0,243,2,8,0,14,24,2,11
4,10,7.0,243,2,2,0,10,12,3,11
4,10,7.0,243,2,0,1,0,31,0,11
4,6,30.0,145,2,5,1,14,97,4,19
5,3,29.0,325,2,19,3,13,48,3,16
4,10,12.0,333,0,16,1,16,65,0,28
4,10,12.0,333,0,10,1,0,31,0,28
4,10,12.0,333,0,8,0,2,86,2,28
4,10,13.0,346,1,21,1,13,38,0,25
4,10,12.0,333,0,15,1,10,47,4,28
4,10,13.0,346,1,17,1,1,67,0,25
4,10,13.0,346,1,8,0,11,55,3,25
4,10,13.0,346,1,18,0,14,25,3,25
4,10,12.0,333,0,22,3,6,91,2,28
4,10,13.0,346,1,1,0,13,13,3,25
5,3,27.0,361,0,14,0,4,75,0,15
4,6,22.0,185,1,23,1,12,84,2,26
4,6,22.0,185,1,13,0,7,57,1,26
4,6,22.0,185,1,2,0,13,99,4,26
4,6,22.0,185,1,2,0,10,30,0,26
4,6,22.0,185,1,18,0,14,110,1,26
4,6,23.0,84,2,22,0,1,11,4,17
4,6,23.0,84,2,20,1,11,133,4,17
4,6,28.0,309,0,6,1,11,55,2,18
4,6,30.0,145,2,0,0,6,7,2,19
5,10,28.0,216,1,6,0,2,40,0,18
5,10,28.0,216,1,3,0,12,104,4,18
5,10,28.0,216,1,2,0,2,92,1,18
5,10,21.0,341,1,22,1,7,20,1,21
5,10,28.0,216,1,14,0,13,61,3,18
5,1,2.0,171,3,6,0,13,28,1,22
5,1,2.0,171,3,9,0,14,24,1,22
5,1,2.0,171,3,8,0,2,69,1,22
5,1,10.0,17,0,5,1,3,115,4,4
5,1,10.0,17,0,12,0,9,101,3,4
5,1,10.0,17,0,2,0,14,107,3,4
5,1,12.0,353,2,6,0,0,53,0,28
5,1,12.0,353,2,0,2,13,48,3,28
5,1,12.0,353,2,8,0,6,7,4,28
5,10,28.0,216,1,18,0,5,12,3,18
5,10,28.0,216,1,2,0,0,15,1,18
5,10,18.0,246,6,17,0,2,2,4,0
5,1,2.0,171,3,4,0,0,26,1,22
4,4,6.0,176,2,17,1,13,28,0,23
4,10,29.0,318,4,21,0,10,22,1,16
4,10,7.0,243,2,4,0,16,37,3,11
4,10,19.0,117,0,9,1,15,46,4,10
4,1,15.0,1,3,5,0,7,120,0,1
4,10,22.0,314,4,14,2,15,108,4,26
5,4,20.0,115,1,4,0,8,41,2,29
4,10,30.0,157,5,23,1,14,25,0,19
4,10,30.0,157,5,12,0,15,31,3,19
4,10,30.0,157,5,5,0,14,25,0,19
4,10,30.0,157,5,9,0,4,79,3,19
4,10,22.0,314,4,2,0,10,12,1,26
4,1,15.0,1,3,17,0,2,2,3,1
4,1,15.0,1,3,23,0,5,6,1,1
4,1,15.0,1,3,9,0,1,105,3,1
4,1,29.0,112,3,17,1,4,75,0,16
4,1,29.0,112,3,11,2,2,92,2,16
4,1,30.0,100,0,21,1,16,42,0,19
4,1,30.0,100,0,5,1,12,135,4,19
4,1,30.0,100,0,12,0,2,123,1,19
5,8,28.0,224,0,2,0,10,43,3,18
5,4,5.0,235,0,17,1,5,12,0,24
5,4,5.0,235,0,3,0,0,77,0,24
5,4,5.0,235,0,19,2,8,27,1,24
5,4,5.0,235,0,9,0,10,22,1,24
5,5,20.0,214,2,3,0,10,22,2,29
5,4,20.0,115,1,16,1,1,35,4,29
5,4,20.0,115,1,20,1,5,64,0,29
5,4,20.0,115,1,4,0,3,79,3,29
5,4,29.0,313,4,14,0,13,38,4,16
5,4,29.0,313,4,4,0,10,52,0,16
5,5,28.0,259,4,5,0,8,33,2,18
5,6,10.0,149,2,17,0,13,36,0,4
5,6,10.0,149,2,21,0,14,34,1,4
5,5,29.0,24,5,14,0,14,24,2,16
5,6,20.0,215,6,16,0,3,30,4,29
4,10,14.0,174,2,4,2,10,23,3,5
5,6,20.0,215,6,20,0,8,9,1,29
5,6,28.0,309,3,6,0,0,64,1,18
5,6,28.0,309,3,8,0,10,22,3,18
5,6,28.0,309,3,8,0,0,53,0,18
5,5,1.0,109,5,17,0,12,104,3,7
5,10,3.0,310,5,18,2,13,29,1,27
4,7,27.0,53,6,11,0,11,133,1,15
4,3,9.0,44,5,14,0,10,52,1,12
5,7,30.0,42,0,18,2,15,46,0,19
5,3,5.0,324,3,20,0,4,79,2,24
4,3,1.0,180,4,17,0,2,13,1,7
4,11,9.0,311,6,5,1,10,43,1,12
4,9,1.0,126,0,14,0,3,79,1,7
4,9,6.0,51,6,11,0,9,9,2,23
4,9,18.0,359,4,17,0,10,22,1,0
4,7,26.0,316,5,15,3,14,110,3,3
4,9,1.0,126,0,13,0,8,41,2,7
5,7,30.0,42,0,18,1,15,31,4,19
5,3,30.0,304,4,3,1,9,134,1,19
5,3,30.0,304,4,13,0,10,47,2,19
4,3,17.0,54,6,17,3,15,39,4,6
4,6,27.0,116,3,9,2,7,120,2,15
5,3,22.0,166,2,21,0,3,30,1,26
4,10,19.0,117,0,15,0,5,6,3,10
4,1,17.0,63,1,11,1,5,12,0,6
4,10,1.0,208,4,17,1,1,67,0,7
5,10,16.0,201,4,17,3,12,17,3,2
5,1,9.0,50,3,18,1,11,98,2,12
4,1,30.0,100,0,20,1,8,27,1,19
4,1,30.0,100,0,9,0,0,53,0,19
4,1,30.0,100,0,18,0,11,18,3,19
4,8,22.0,354,2,16,0,2,92,2,26
4,8,22.0,354,2,20,1,11,122,0,26
4,8,22.0,354,2,20,0,8,27,2,26
4,8,22.0,354,2,19,0,14,34,3,26
4,8,22.0,354,2,18,0,3,44,1,26
4,8,23.0,102,4,0,0,13,99,3,17
4,8,23.0,102,4,13,0,8,33,4,17
4,8,23.0,102,4,14,1,10,47,4,17
4,8,29.0,301,2,6,0,0,12,0,16
4,8,29.0,301,2,3,0,2,2,4,16
4,8,29.0,301,2,0,0,0,64,3,16
4,8,29.0,301,2,14,0,9,27,3,16
4,4,6.0,176,2,17,0,2,2,3,23
4,4,6.0,176,2,20,1,15,39,0,23
4,4,6.0,176,2,5,0,8,9,1,23
4,4,6.0,176,2,17,2,9,10,3,23
4,4,6.0,176,2,4,2,15,46,3,23
4,10,30.0,157,5,18,0,3,30,2,19
4,10,30.0,157,5,1,2,10,6,3,19
4,4,23.0,30,6,18,1,10,22,0,17
4,7,1.0,98,0,18,0,15,51,1,7
4,10,29.0,318,4,16,0,1,67,3,16
4,4,6.0,176,2,1,0,2,86,1,23
5,5,2.0,307,6,3,0,12,61,1,22
4,10,7.0,243,2,20,1,0,26,0,11
4,4,8.0,292,5,6,0,10,47,3,8
4,10,29.0,318,4,0,0,10,23,3,16
4,10,7.0,243,2,7,1,10,12,1,11
4,1,15.0,1,3,22,0,7,122,0,1
5,5,2.0,307,6,13,2,10,22,3,22
4,4,8.0,292,5,22,0,2,71,4,8
4,4,4.0,178,0,3,0,2,69,2,30
4,10,13.0,346,1,21,0,0,12,3,25
4,1,15.0,1,3,12,2,10,22,3,1
4,6,29.0,335,1,18,0,8,9,2,16
5,10,3.0,310,5,14,2,2,2,3,27
4,4,8.0,292,5,22,0,9,87,2,8
4,4,7.0,133,4,7,1,5,6,0,11
4,10,13.0,346,1,7,1,7,31,0,25
4,1,29.0,112,3,0,1,7,57,0,16
5,6,19.0,291,5,18,3,9,102,3,10
5,1,12.0,353,2,18,0,2,92,1,28
5,1,12.0,353,2,15,0,2,86,0,28
5,1,19.0,29,2,1,0,6,7,3,10
5,1,19.0,29,2,4,0,6,89,3,10
5,1,19.0,29,2,5,0,2,40,2,10
5,1,28.0,300,5,17,0,16,50,1,18
5,1,28.0,300,5,6,1,2,3,2,18
5,1,28.0,300,5,7,0,2,86,0,18
5,1,28.0,300,5,14,2,10,6,3,18
5,1,28.0,300,5,13,1,1,59,4,18
5,1,28.0,300,5,18,1,11,15,1,18
5,1,29.0,112,6,13,0,5,6,0,16
5,1,29.0,112,6,14,0,14,34,3,16
5,1,28.0,300,5,13,1,0,12,1,18
5,8,3.0,363,4,16,0,10,6,3,27
5,8,3.0,363,4,13,1,11,15,0,27
5,8,3.0,363,4,4,0,9,63,4,27
5,8,3.0,363,4,18,0,2,2,4,27
5,8,4.0,299,5,21,3,11,124,4,30
5,8,4.0,299,5,13,0,10,6,3,30
5,8,3.0,363,4,22,1,3,103,2,27
5,8,4.0,299,5,22,0,10,22,3,30
4,10,20.0,223,1,22,0,3,70,1,29
4,10,20.0,223,1,8,0,10,6,3,29
4,10,20.0,223,1,8,0,16,72,3,29
4,10,21.0,341,2,6,0,0,12,0,21
4,10,21.0,341,2,11,0,2,2,1,21
4,10,20.0,223,1,2,1,0,0,4,29
4,10,7.0,243,2,17,1,3,30,1,11
4,10,22.0,314,4,17,2,10,6,3,26
4,10,21.0,341,2,21,0,13,28,4,21
4,10,22.0,314,4,16,0,1,35,4,26
4,10,20.0,223,1,2,1,5,64,1,29
4,10,22.0,314,4,0,1,15,51,0,26
4,10,12.0,333,0,18,3,5,12,0,28
4,10,22.0,314,4,0,1,0,12,2,26
4,10,22.0,314,4,10,1,15,51,0,26
5,5,27.0,328,2,2,1,1,16,4,15
4,6,23.0,84,2,19,1,10,22,2,17
4,10,22.0,314,4,9,0,0,77,1,26
4,10,20.0,223,1,13,0,7,31,4,29
4,10,29.0,318,4,7,1,6,7,0,16
4,10,29.0,318,4,3,0,0,77,3,16
4,10,30.0,157,5,17,0,2,13,1,19
5,10,3.0,310,5,9,1,13,21,4,27
5,10,13.0,346,0,0,0,2,92,3,25
5,10,13.0,346,0,21,1,2,86,0,25
5,10,13.0,346,0,3,0,14,25,2,25
5,10,13.0,346,0,10,1,1,59,1,25
5,10,13.0,346,0,18,0,10,22,1,25
5,10,18.0,246,6,17,0,4,4,1,0
3,4,1.0,144,2,17,0,0,12,0,7
5,10,18.0,246,6,5,0,14,25,4,0
5,10,18.0,246,6,9,0,12,61,1,0
5,10,19.0,117,3,6,1,15,31,1,10
5,10,19.0,117,3,22,0,5,64,3,10
5,10,19.0,117,3,8,3,3,30,0,10
5,10,19.0,117,3,10,0,5,6,2,10
5,10,19.0,117,3,8,0,5,6,3,10
5,10,18.0,246,6,15,0,9,95,2,0
5,10,21.0,341,1,18,0,6,14,4,21
5,10,28.0,216,1,11,0,5,6,2,18
5,1,2.0,171,3,15,0,10,47,2,22
4,10,30.0,157,5,17,0,8,41,3,19
4,10,30.0,157,5,16,0,10,47,3,19
4,10,22.0,314,4,6,1,15,31,0,26
4,10,22.0,314,4,4,0,16,65,0,26
4,10,22.0,314,4,18,0,0,0,3,26
4,10,22.0,314,4,11,0,9,49,3,26
4,10,7.0,243,2,17,1,7,20,4,11
4,10,29.0,318,4,2,1,11,90,1,16
4,10,29.0,318,4,17,1,5,6,0,16
4,10,29.0,318,4,12,0,13,48,0,16
4,10,29.0,318,4,4,2,10,47,3,16
5,6,19.0,291,5,18,2,0,31,3,10
3,6,1.0,158,3,17,3,9,95,1,7
5,5,2.0,307,6,22,0,6,7,2,22
4,4,22.0,152,5,3,3,0,15,0,26
5,6,29.0,335,0,1,1,7,137,4,16
4,1,29.0,112,3,3,1,12,56,4,16
4,10,13.0,346,1,5,0,2,2,1,25
4,4,21.0,339,4,6,0,1,11,4,21
5,10,3.0,310,5,8,3,11,15,3,27
5,10,10.0,245,5,4,3,14,25,0,4
4,1,29.0,112,3,18,0,13,99,0,16
4,1,30.0,100,0,6,0,9,95,0,19
4,1,30.0,100,0,16,0,7,20,3,19
4,1,30.0,100,0,21,2,10,47,3,19
4,1,30.0,100,0,0,1,9,83,4,19
4,1,29.0,112,3,17,1,8,118,4,16
4,1,29.0,112,3,19,0,10,47,3,16
4,1,30.0,100,0,12,1,9,134,4,19
4,1,30.0,100,0,2,0,10,22,0,19
4,1,30.0,100,0,11,1,6,7,4,19
4,8,22.0,354,2,21,0,10,47,3,26
4,8,22.0,354,2,21,0,10,47,1,26
3,10,1.0,208,1,10,0,6,14,4,7
4,8,22.0,354,2,14,0,4,75,1,26
4,8,22.0,354,2,9,2,5,6,0,26
4,8,23.0,102,4,22,0,6,89,0,17
5,10,13.0,346,0,5,0,2,123,1,25
5,10,13.0,346,0,17,1,13,28,4,25
5,10,13.0,346,0,19,2,13,28,4,25
5,10,18.0,246,6,18,1,0,31,4,0
5,10,18.0,246,6,1,0,10,47,1,0
5,10,21.0,341,1,16,0,0,12,0,21
5,10,21.0,341,1,22,0,6,73,1,21
5,10,21.0,341,1,14,0,11,18,1,21
5,10,28.0,216,1,6,0,13,36,1,18
5,1,10.0,17,0,15,0,9,27,0,4
5,1,12.0,353,2,23,0,13,29,4,28
5,1,12.0,353,2,4,0,16,50,1,28
5,1,19.0,29,2,17,0,13,38,3,10
5,1,19.0,29,2,17,0,16,113,1,10
5,5,1.0,109,5,23,0,1,16,4,7
4,2,5.0,127,5,22,0,3,76,2,24
5,1,19.0,29,2,21,0,10,30,3,10
5,1,19.0,29,2,7,0,16,113,1,10
5,1,28.0,300,5,10,0,13,29,2,18
5,1,28.0,300,5,11,1,6,91,1,18
5,1,28.0,300,5,1,2,9,101,2,18
5,1,28.0,300,5,18,1,9,102,4,18
4,8,22.0,354,2,2,1,12,121,4,26
4,8,23.0,102,4,19,0,5,12,3,17
4,8,23.0,102,4,2,0,12,80,0,17
4,8,22.0,354,2,4,3,15,46,4,26
4,8,29.0,301,2,21,1,13,28,1,16
4,8,29.0,301,2,8,2,12,83,0,16
4,4,6.0,176,2,18,0,1,35,4,23
4,4,6.0,176,2,1,0,13,29,2,23
4,4,13.0,221,2,2,1,10,22,4,25
4,4,14.0,345,4,15,0,7,120,3,5
4,4,14.0,345,4,3,2,13,99,0,5
4,4,14.0,345,4,2,0,13,123,1,5
4,4,14.0,345,4,0,1,10,52,4,5
4,4,21.0,339,4,11,0,2,2,1,21
4,4,21.0,339,4,19,2,10,6,3,21
5,1,18.0,82,1,3,0,14,107,4,0
5,1,13.0,207,4,4,1,10,22,1,25
4,4,21.0,339,4,4,0,5,6,0,21
4,4,21.0,339,4,18,0,8,27,3,21
4,4,21.0,339,4,8,1,7,120,4,21
4,4,22.0,152,5,23,0,7,8,2,26
5,1,29.0,112,6,0,2,8,9,3,16
5,8,3.0,363,4,17,0,9,63,2,27
5,8,4.0,299,5,16,0,10,22,2,30
5,8,4.0,299,5,6,0,0,12,1,30
5,8,5.0,101,6,23,0,3,115,3,24
5,8,5.0,101,6,4,0,9,57,0,24
5,8,4.0,299,5,13,1,9,10,1,30
5,8,29.0,301,1,16,0,5,12,3,16
4,10,12.0,333,0,20,1,4,82,1,28
5,10,13.0,346,0,6,1,2,123,0,25
3,3,16.0,263,2,5,0,13,48,3,2
5,10,13.0,346,0,13,0,10,22,3,25
4,10,13.0,346,1,22,2,7,20,0,25
4,4,22.0,152,5,3,0,3,76,2,26
4,10,12.0,333,0,17,0,10,12,1,28
5,10,13.0,346,0,22,0,14,25,3,25
4,10,13.0,346,1,9,0,0,77,3,25
4,4,22.0,152,5,12,0,3,76,0,26
5,6,19.0,291,5,15,2,0,31,3,10
5,10,18.0,246,6,11,0,10,47,3,0
4,10,20.0,223,1,6,0,0,77,1,29
4,4,22.0,152,5,4,2,12,121,3,26
5,10,18.0,246,6,0,1,13,21,0,0
4,10,20.0,223,1,6,0,12,84,1,29
4,4,22.0,152,5,17,1,5,6,1,26
4,4,22.0,152,5,18,1,4,75,0,26
4,4,21.0,339,4,4,0,4,66,2,21
4,4,30.0,139,6,5,0,10,47,3,19
4,4,30.0,139,6,5,2,1,11,2,19
4,8,29.0,301,2,22,2,10,47,3,16
4,8,29.0,301,2,12,0,1,59,3,16
4,8,29.0,301,2,18,1,0,26,1,16
4,4,6.0,176,2,17,0,0,31,3,23
4,4,6.0,176,2,3,1,4,66,0,23
4,4,6.0,176,2,13,2,15,112,1,23
4,4,6.0,176,2,17,1,7,20,0,23
4,4,8.0,292,5,15,0,16,50,2,8
4,4,8.0,292,5,8,0,10,43,2,8
4,4,8.0,292,5,14,0,2,2,3,8
4,4,6.0,176,2,12,1,5,6,0,23
4,4,13.0,221,2,5,0,10,52,1,25
5,5,2.0,307,6,1,0,2,69,4,22
5,5,2.0,307,6,19,0,11,94,0,22
5,5,3.0,161,3,14,0,13,28,2,27
5,5,3.0,161,3,17,0,10,22,1,27
5,3,11.0,337,6,20,0,11,133,2,9
5,5,10.0,155,3,3,1,1,59,1,4
5,5,10.0,155,3,2,1,14,32,4,4
5,5,10.0,155,3,4,2,0,53,3,4
5,5,10.0,155,3,9,0,6,89,3,4
5,5,12.0,327,1,16,1,0,26,1,28
5,5,19.0,146,1,9,2,0,77,3,10
5,5,20.0,214,2,6,0,10,12,0,29
5,5,20.0,214,2,7,0,13,28,1,29
5,5,1.0,109,5,10,1,9,134,1,7
5,5,29.0,24,5,4,0,6,7,0,16
5,5,19.0,146,1,3,0,14,24,2,10
5,6,10.0,149,2,16,0,10,47,3,4
5,6,20.0,215,6,6,2,0,53,3,29
5,6,28.0,309,3,21,1,0,0,0,18
5,6,28.0,309,3,12,1,10,23,1,18
4,1,14.0,183,6,18,0,6,89,1,5
5,6,28.0,309,3,14,0,15,51,3,18
5,10,3.0,310,5,9,2,5,12,3,27
5,10,3.0,310,5,1,0,5,12,0,27
4,4,13.0,221,2,15,0,0,12,2,25
4,4,13.0,221,2,2,0,5,6,0,25
4,4,13.0,221,2,9,0,15,31,1,25
4,4,14.0,345,4,6,1,11,15,0,5
4,4,14.0,345,4,3,0,8,41,4,5
4,4,14.0,345,4,14,0,4,82,1,5
4,4,14.0,345,4,4,0,8,118,1,5
4,4,14.0,345,4,9,0,10,22,3,5
4,4,21.0,339,4,15,0,2,86,3,21
4,4,21.0,339,4,22,2,6,7,2,21
4,4,21.0,339,4,1,0,14,131,1,21
4,4,21.0,339,4,20,1,11,15,1,21
4,6,30.0,145,2,2,2,1,16,4,19
4,10,4.0,356,3,23,1,15,85,0,30
4,10,4.0,356,3,20,1,5,64,1,30
4,6,28.0,309,0,19,1,5,6,1,18
4,10,12.0,333,0,3,0,9,102,3,28
4,10,12.0,333,0,5,0,1,81,1,28
4,10,13.0,346,1,0,0,10,22,3,25
4,10,13.0,346,1,11,0,8,27,0,25
4,10,4.0,356,3,23,1,10,22,1,30
4,10,20.0,223,1,0,2,10,23,3,29
4,4,12.0,134,1,18,1,1,67,0,28
4,4,12.0,134,1,6,0,12,80,1,28
4,5,1.0,109,6,2,0,5,6,2,7
4,10,1.0,208,4,1,0,12,80,1,7
4,4,12.0,134,1,13,1,12,56,4,28
4,2,1.0,16,0,17,0,3,30,4,7
4,2,19.0,137,5,17,0,9,54,2,10
5,1,9.0,50,3,17,0,10,47,0,12
5,8,24.0,85,4,15,0,10,6,3,14
5,10,13.0,346,0,2,0,2,2,0,25
4,10,20.0,223,1,3,0,6,7,0,29
5,10,18.0,246,6,12,0,15,114,1,0
5,10,18.0,246,6,22,0,8,27,1,0
4,10,20.0,223,1,4,0,6,89,4,29
4,10,12.0,333,0,9,0,6,132,3,28
5,10,18.0,246,6,9,0,1,59,3,0
4,10,30.0,157,5,16,0,9,54,3,19
4,10,13.0,346,1,21,0,16,37,1,25
5,10,19.0,117,3,11,0,14,25,3,10
4,10,13.0,346,1,13,2,10,47,3,25
5,10,21.0,341,1,18,0,6,7,3,21
5,10,28.0,216,1,17,0,0,64,3,18
5,10,19.0,117,3,13,3,6,7,3,10
5,10,28.0,216,1,12,0,5,6,3,18
5,10,28.0,216,1,14,0,8,27,0,18
5,10,28.0,216,1,18,0,14,34,1,18
5,1,2.0,171,3,10,2,0,12,0,22
5,1,2.0,171,3,3,0,16,50,3,22
5,1,2.0,171,3,14,0,4,79,4,22
5,7,24.0,68,1,22,1,10,12,0,14
4,5,17.0,212,0,17,0,0,85,4,6
5,3,13.0,210,0,15,1,11,15,4,25
5,3,13.0,210,0,7,3,14,88,3,25
4,6,26.0,348,6,17,1,0,77,1,3
5,6,17.0,244,2,20,1,10,12,1,6
5,6,17.0,244,2,9,3,1,105,0,6
5,6,15.0,49,0,17,3,5,12,1,1
4,8,28.0,224,1,18,3,14,25,1,18
4,4,2.0,141,6,22,0,5,6,0,22
4,4,20.0,115,2,0,1,15,108,1,29
5,11,5.0,240,0,8,1,1,67,0,24
5,4,26.0,80,0,11,1,5,64,1,3
5,4,26.0,80,0,9,1,10,12,1,3
4,11,31.0,227,3,20,0,5,6,3,20
4,10,20.0,223,1,3,0,8,118,1,29
4,10,20.0,223,1,2,0,8,41,1,29
4,10,20.0,223,1,4,0,8,27,4,29
4,10,20.0,223,1,17,1,0,53,0,29
4,10,20.0,223,1,14,0,15,46,1,29
4,10,21.0,341,2,3,0,9,93,1,21
4,10,21.0,341,2,20,3,9,102,0,21
4,10,21.0,341,2,14,0,15,51,3,21
4,10,22.0,314,4,21,0,9,49,3,26
4,10,22.0,314,4,11,0,9,49,1,26
4,10,22.0,314,4,13,0,10,12,3,26
4,10,22.0,314,4,12,2,6,128,0,26
4,10,29.0,318,4,7,0,13,36,1,16
4,10,29.0,318,4,7,1,8,41,1,16
4,10,22.0,314,4,9,1,15,51,2,26
4,4,8.0,292,5,1,0,10,47,2,8
5,1,18.0,82,1,17,0,14,34,4,0
4,4,8.0,292,5,9,0,9,93,1,8
4,4,13.0,221,2,3,2,9,93,0,25
4,4,13.0,221,2,22,0,1,81,4,25
4,4,14.0,345,4,13,0,10,47,1,5
4,4,14.0,345,4,1,0,16,50,3,5
4,0,5.0,122,3,2,3,11,94,3,24
4,0,5.0,122,3,18,1,11,15,1,24
5,4,29.0,313,4,10,1,0,64,4,16
5,4,30.0,139,5,16,0,0,68,0,19
5,4,29.0,313,4,13,0,8,9,0,16
5,4,30.0,139,5,11,1,1,59,4,19
5,4,29.0,313,4,14,0,1,1,3,16
5,4,29.0,313,4,18,1,5,64,0,16
5,4,30.0,139,5,19,0,0,26,2,19
5,4,30.0,139,5,8,0,10,47,0,19
5,4,30.0,139,5,4,1,5,64,1,19
5,4,30.0,139,5,4,0,6,89,3,19
5,4,30.0,139,5,4,1,12,58,4,19
5,2,4.0,254,2,6,0,0,77,1,30
5,2,4.0,254,2,6,0,1,59,3,30
5,2,4.0,254,2,19,0,6,7,4,30
5,2,4.0,254,2,3,1,12,56,4,30
5,2,12.0,128,4,20,0,8,33,3,28
5,2,12.0,128,4,8,0,4,79,0,28
5,2,20.0,264,5,17,0,3,70,1,29
5,2,20.0,264,5,21,1,1,67,0,29
5,2,20.0,264,5,22,0,14,24,2,29
4,10,29.0,318,4,18,0,14,25,3,16
4,10,13.0,346,1,4,1,8,41,1,25
4,10,30.0,157,5,15,0,5,12,0,19
4,10,12.0,333,0,20,1,4,4,1,28
4,10,20.0,223,1,17,0,0,12,3,29
4,10,20.0,223,1,3,2,15,31,2,29
4,10,30.0,157,5,8,0,10,47,3,19
4,10,20.0,223,1,1,1,9,10,4,29
4,10,21.0,341,2,0,1,15,51,0,21
4,10,30.0,157,5,2,1,7,137,1,19
4,10,21.0,341,2,19,0,6,89,2,21
4,10,21.0,341,2,1,0,10,22,1,21
5,1,2.0,171,3,13,0,2,2,3,22
5,10,28.0,216,1,14,0,8,118,3,18
5,1,2.0,171,3,16,1,0,26,1,22
5,1,2.0,171,3,22,1,2,71,4,22
5,10,3.0,310,5,22,0,11,15,3,27
5,10,3.0,310,5,6,0,16,74,2,27
5,10,3.0,310,5,18,0,6,132,1,27
4,1,14.0,183,6,17,0,6,7,4,5
4,4,4.0,178,0,19,1,2,2,1,30
5,10,3.0,310,5,23,3,12,56,4,27
5,10,13.0,346,0,1,0,16,42,4,25
5,10,13.0,346,0,18,2,4,4,1,25
5,10,19.0,117,3,0,1,9,27,0,10
5,6,28.0,309,3,14,0,9,57,1,18
5,10,19.0,117,3,16,0,6,91,1,10
5,10,18.0,246,6,14,0,10,23,1,0
5,10,21.0,341,1,5,0,8,9,1,21
5,10,21.0,341,1,4,0,5,12,0,21
4,10,21.0,341,2,1,0,8,9,0,21
4,10,22.0,314,4,16,1,0,64,0,26
4,10,22.0,314,4,13,2,1,105,3,26
4,10,22.0,314,4,22,0,10,47,3,26
4,10,21.0,341,2,19,1,9,49,1,21
4,10,29.0,318,4,20,0,4,75,1,16
4,10,29.0,318,4,2,0,8,9,4,16
4,10,30.0,157,5,20,0,11,8,3,19
4,10,30.0,157,5,23,1,1,67,4,19
4,6,30.0,145,2,4,2,10,22,3,19
4,10,4.0,356,3,12,0,2,13,1,30
4,10,4.0,356,3,19,0,2,69,0,30
4,6,30.0,145,2,15,1,5,12,1,19
4,10,7.0,243,2,6,1,9,10,4,11
4,10,7.0,243,2,10,3,10,12,0,11
4,10,4.0,356,3,13,1,10,47,1,30
4,10,7.0,243,2,13,0,16,72,3,11
4,10,7.0,243,2,8,0,14,32,0,11
4,10,7.0,243,2,2,0,11,18,1,11
4,10,7.0,243,2,3,0,2,86,4,11
5,10,21.0,341,1,2,0,13,38,2,21
5,10,21.0,341,1,18,0,12,61,3,21
5,10,28.0,216,1,0,0,15,39,2,18
5,10,28.0,216,1,16,0,8,41,3,18
5,10,28.0,216,1,11,0,7,62,4,18
5,10,28.0,216,1,6,2,5,64,3,18
5,10,28.0,216,1,19,2,12,80,2,18
5,10,18.0,246,6,1,0,9,57,0,0
5,1,2.0,171,3,6,0,0,77,3,22
5,1,2.0,171,3,5,2,9,57,2,22
4,4,7.0,133,4,15,1,15,119,4,11
4,4,7.0,133,4,14,1,0,53,0,11
4,4,7.0,133,4,9,1,0,0,0,11
4,4,4.0,178,0,8,0,4,70,2,30
4,6,30.0,145,2,2,0,16,113,4,19
4,1,15.0,1,3,21,0,10,12,0,1
4,1,15.0,1,3,3,0,2,2,1,1
4,1,15.0,1,3,14,2,10,6,3,1
4,1,15.0,1,3,18,2,10,22,1,1
5,6,19.0,291,5,2,0,10,22,3,10
4,1,29.0,112,3,0,0,4,127,4,16
4,1,29.0,112,3,10,1,10,22,0,16
4,1,29.0,112,3,16,2,0,77,3,16
4,1,29.0,112,3,2,0,16,72,3,16
4,1,29.0,112,3,12,0,5,12,3,16
4,1,30.0,100,0,17,0,1,59,3,19
4,1,30.0,100,0,7,0,8,9,0,19
4,10,29.0,318,4,5,0,2,92,1,16
4,10,29.0,318,4,22,1,14,88,4,16
4,10,29.0,318,4,22,0,14,34,1,16
4,10,30.0,157,5,4,0,9,93,1,19
4,10,30.0,157,5,9,0,13,21,4,19
4,1,15.0,1,3,17,0,12,61,1,1
4,1,15.0,1,3,21,1,13,38,0,1
4,1,15.0,1,3,23,1,8,33,4,1
4,1,15.0,1,3,9,2,3,103,3,1
5,6,29.0,335,0,19,1,5,12,0,16
5,6,11.0,355,4,11,3,16,72,1,9
4,1,29.0,112,3,16,0,10,23,3,16
4,1,29.0,112,3,16,0,10,43,1,16
4,1,29.0,112,3,22,0,9,95,1,16
4,1,29.0,112,3,1,0,0,26,3,16
4,1,30.0,100,0,21,0,6,89,4,19
4,1,30.0,100,0,10,0,8,33,0,19
4,1,30.0,100,0,1,0,9,57,0,19
4,8,22.0,354,2,19,0,12,104,2,26
4,8,22.0,354,2,1,0,13,48,0,26
4,8,23.0,102,4,23,0,10,43,3,17
4,8,22.0,354,2,21,1,10,47,0,26
4,8,29.0,301,2,7,1,3,79,0,16
4,8,29.0,301,2,8,0,8,41,1,16
4,10,21.0,341,2,6,1,8,27,4,21
4,10,21.0,341,2,6,2,10,22,3,21
4,10,21.0,341,2,4,0,14,25,2,21
4,10,21.0,341,2,4,0,8,9,1,21
4,10,22.0,314,4,16,0,10,22,3,26
4,10,20.0,223,1,3,1,0,15,2,29
5,1,10.0,17,0,5,1,12,80,4,4
5,1,10.0,17,0,4,1,3,79,4,4
5,1,12.0,353,2,3,0,2,2,3,28
5,1,12.0,353,2,19,0,10,30,0,28
5,1,12.0,353,2,8,2,14,32,0,28
5,1,12.0,353,2,12,0,16,39,3,28
5,1,19.0,29,2,3,0,5,6,0,10
5,1,12.0,353,2,8,1,9,27,1,28
5,3,1.0,180,2,20,0,2,2,1,7
5,1,28.0,300,5,19,0,4,75,0,18
5,8,4.0,299,5,3,0,9,102,0,30
5,8,4.0,299,5,3,0,6,132,0,30
5,8,5.0,101,6,6,0,15,96,1,24
4,4,29.0,313,5,22,0,7,20,2,16
5,8,4.0,299,5,19,0,5,6,1,30
5,8,5.0,101,6,14,0,8,118,1,24
5,8,5.0,101,6,22,1,10,22,1,24
5,8,4.0,299,5,2,3,3,30,2,30
5,8,11.0,306,5,16,0,11,94,3,9
5,8,3.0,363,4,1,1,2,2,1,27
5,8,11.0,306,5,20,0,6,89,2,9
4,7,12.0,181,5,13,3,6,89,1,28
4,10,4.0,356,3,18,1,7,62,2,30
4,10,22.0,314,4,19,1,0,96,4,26
4,10,22.0,314,4,1,0,9,9,3,26
4,10,29.0,318,4,20,0,10,22,3,16
4,4,22.0,152,5,15,0,8,9,2,26
4,2,22.0,209,0,12,2,8,9,2,26
4,2,25.0,233,4,7,1,14,32,4,13
4,2,25.0,233,4,20,1,11,15,1,13
4,0,6.0,260,0,21,0,0,96,3,23
4,9,28.0,315,3,12,3,6,91,4,18
5,1,20.0,151,4,9,2,9,57,3,29
3,10,1.0,208,1,17,0,12,61,3,7
4,6,23.0,84,2,15,0,5,64,2,17
4,5,30.0,294,3,5,0,9,49,3,19
5,0,1.0,8,1,22,0,13,48,4,7
4,8,15.0,72,2,17,0,5,64,2,1
5,2,1.0,16,3,17,0,0,12,4,7
4,7,19.0,330,5,7,0,7,137,1,10
4,1,21.0,45,6,5,0,10,47,1,21
5,4,4.0,178,3,19,3,10,22,1,30
5,9,1.0,126,3,14,0,4,45,3,7
5,2,27.0,136,5,13,1,16,72,0,15
5,0,30.0,228,2,19,1,9,87,4,19
4,11,10.0,360,3,23,1,15,31,2,4
4,11,28.0,123,4,5,1,11,18,1,18
4,5,3.0,161,0,8,0,14,32,2,27
4,4,14.0,345,4,1,0,13,28,1,5
4,4,22.0,152,5,17,1,13,28,1,26
4,0,8.0,9,2,4,0,2,40,1,8
4,0,8.0,9,2,9,1,14,125,4,8
4,0,13.0,198,0,0,0,16,37,1,25
4,0,13.0,198,0,11,0,0,31,0,25
4,0,13.0,198,0,13,0,0,64,2,25
4,0,13.0,198,0,12,0,13,29,1,25
4,0,13.0,198,0,1,0,11,129,4,25
4,0,15.0,190,2,16,0,5,12,1,1
4,0,15.0,190,2,10,1,5,12,0,1
4,0,15.0,190,2,19,0,3,79,2,1
4,0,22.0,241,2,15,0,13,69,4,26
4,0,30.0,228,4,8,0,1,35,4,19
4,0,31.0,290,5,4,0,0,77,2,20
4,5,26.0,37,2,6,0,11,18,1,3
4,8,11.0,306,6,18,0,13,38,0,9
4,8,6.0,87,0,9,0,12,80,1,23
5,6,29.0,335,0,19,1,1,11,4,16
5,1,4.0,286,1,19,0,0,26,3,30
4,4,23.0,30,6,20,1,4,82,1,17
5,8,5.0,101,6,1,1,1,81,4,24
5,4,5.0,235,0,17,1,9,93,4,24
4,11,2.0,265,6,18,1,10,47,0,22
4,11,22.0,250,5,4,0,15,46,1,26
4,11,22.0,250,5,8,1,13,99,0,26
5,7,27.0,53,5,2,1,13,29,0,15
1,11,1.0,222,6,17,3,9,109,0,7
5,3,17.0,54,5,9,1,11,18,4,6
5,5,2.0,307,6,14,0,16,42,4,22
5,5,29.0,24,5,2,0,5,6,3,16
4,7,6.0,93,6,13,1,10,52,4,23
4,7,6.0,93,6,15,0,8,27,2,23
5,6,20.0,215,6,17,0,11,8,1,29
5,10,13.0,346,0,3,0,8,33,0,25
5,10,19.0,117,3,0,2,10,47,0,10
5,8,29.0,301,1,14,0,6,116,2,16
4,10,31.0,135,6,18,1,15,46,1,20
3,8,1.0,66,0,5,0,6,89,1,7
5,2,4.0,254,2,13,1,7,137,2,30
5,2,12.0,128,4,19,1,0,85,1,28
4,3,5.0,324,0,13,0,7,137,2,24
4,5,11.0,326,1,12,1,13,38,4,9
4,8,14.0,296,1,18,0,10,47,1,5
5,1,4.0,286,1,14,0,10,30,0,30
4,7,22.0,211,0,18,0,0,12,0,26
5,1,20.0,151,4,2,1,8,118,1,29
5,1,13.0,207,4,13,0,6,7,2,25
5,1,20.0,151,4,16,2,0,96,3,29
5,4,19.0,142,0,12,1,0,77,0,10
3,5,1.0,109,4,9,0,1,11,4,7
5,2,13.0,276,5,18,0,0,26,3,25
5,2,27.0,136,5,5,0,10,47,2,15
4,11,11.0,175,0,19,1,1,1,4,9
4,9,20.0,119,6,13,0,15,114,2,29
4,9,28.0,315,3,8,0,7,137,3,18
4,9,20.0,119,6,17,3,10,22,1,29
4,6,5.0,342,6,18,3,9,57,0,24
4,6,28.0,309,0,5,0,13,99,2,18
4,10,22.0,314,4,18,2,10,22,3,26
4,10,21.0,341,2,17,0,4,127,1,21
4,4,21.0,339,4,17,1,8,33,0,21
4,2,21.0,108,3,21,1,15,119,0,21
4,0,15.0,190,2,13,0,16,130,1,1
4,0,6.0,260,0,22,0,6,7,0,23
4,0,8.0,9,2,7,1,0,64,0,8
5,7,13.0,238,5,13,3,7,120,4,25
5,0,1.0,8,1,17,0,12,121,0,7
5,2,24.0,22,1,3,0,10,47,2,14
4,9,7.0,271,3,17,1,5,12,1,11
5,6,7.0,169,3,8,1,14,131,1,11
4,11,1.0,222,5,17,3,9,109,2,7
4,3,1.0,180,4,8,3,5,64,0,7
5,4,23.0,30,5,18,2,10,43,1,17
4,7,19.0,330,5,8,0,14,106,3,10
2,0,24.0,281,1,1,0,13,123,4,14
4,4,4.0,178,0,19,1,1,81,4,30
5,1,25.0,65,1,22,1,0,12,0,13
4,8,15.0,72,2,16,0,5,64,3,1
4,8,27.0,78,0,0,0,14,110,1,15
5,1,26.0,248,2,18,1,5,6,1,3
5,0,23.0,237,2,14,1,14,110,4,17
4,11,21.0,192,4,8,2,3,70,3,21
4,7,21.0,81,3,21,2,10,22,3,21
4,4,4.0,178,0,19,1,2,123,4,30
4,2,5.0,127,5,5,0,2,86,1,24
5,4,31.0,67,6,5,0,10,22,2,20
4,8,15.0,72,2,3,0,13,38,0,1
4,7,21.0,81,3,15,0,10,43,0,21
5,0,10.0,129,4,18,0,10,23,1,4
4,9,7.0,271,3,15,0,15,112,2,11
4,2,5.0,127,5,8,0,2,13,3,24
5,6,18.0,308,4,23,1,1,67,4,0
5,10,26.0,61,3,18,1,3,115,2,3
4,3,1.0,180,4,11,0,8,27,1,7
5,0,27.0,23,3,17,2,10,22,1,15
4,3,10.0,4,6,13,1,0,31,0,4
5,2,23.0,230,0,13,0,10,12,2,17
4,0,14.0,5,1,2,0,9,83,1,5
4,7,5.0,204,5,13,0,14,110,4,24
4,8,27.0,78,0,23,3,15,96,0,15
4,4,11.0,121,0,2,3,15,108,3,9
4,7,21.0,81,3,9,0,8,118,1,21
4,4,10.0,79,3,19,0,8,118,1,4
5,1,26.0,248,2,21,0,6,128,3,3
4,11,26.0,364,1,2,3,7,20,1,3
4,0,5.0,122,3,22,3,10,22,0,24
4,7,14.0,125,3,9,3,9,10,0,5
4,8,27.0,78,0,9,1,8,33,0,15
4,4,1.0,144,5,3,0,13,69,0,7
4,8,20.0,319,0,4,0,3,103,1,29
4,0,28.0,249,1,3,1,11,98,4,18
4,0,29.0,191,2,18,0,10,52,0,16
4,0,17.0,12,5,4,0,10,22,2,6
4,0,23.0,237,4,16,0,1,1,0,17
4,3,2.0,120,5,14,0,2,92,1,22
4,5,7.0,349,5,6,0,2,86,0,11
4,0,14.0,5,1,16,0,14,107,1,5
4,0,14.0,5,1,4,0,0,64,3,5
5,2,1.0,16,3,17,0,9,57,4,7
4,10,11.0,298,3,11,0,7,62,2,9
4,2,11.0,297,4,13,0,9,49,1,9
4,2,11.0,297,4,3,1,4,66,0,9
4,10,28.0,216,2,21,0,7,78,1,18
4,8,16.0,73,4,14,0,13,38,3,2
4,8,16.0,73,4,7,1,15,31,0,2
4,8,15.0,72,2,5,1,10,52,1,1
4,8,21.0,46,1,3,0,13,21,4,21
4,8,21.0,46,1,1,0,12,61,3,21
4,2,13.0,276,6,6,2,10,43,0,25
4,2,13.0,276,6,3,0,15,39,4,25
4,1,6.0,97,5,8,0,16,37,1,23
4,2,23.0,230,1,3,0,8,27,1,17
4,0,16.0,11,4,5,0,14,34,1,2
4,2,6.0,251,6,12,0,5,12,0,23
4,2,13.0,276,6,13,0,1,59,1,25
4,2,13.0,276,6,22,0,10,23,2,25
4,2,23.0,230,1,20,2,12,80,3,17
4,2,23.0,230,1,12,0,13,29,1,17
4,4,28.0,218,4,13,1,0,64,0,18
4,0,4.0,229,6,14,3,4,82,0,30
4,6,1.0,158,1,13,0,4,82,1,7
4,0,16.0,11,4,6,0,14,25,3,2
4,0,16.0,11,4,19,2,4,121,2,2
4,0,17.0,12,5,0,0,16,37,4,6
4,2,29.0,140,0,18,3,14,25,0,16
5,11,3.0,288,6,22,1,15,46,1,27
2,0,1.0,47,3,17,0,13,13,2,7
3,4,1.0,144,2,17,0,8,33,1,7
5,7,17.0,95,1,14,1,8,41,0,6
5,3,9.0,44,4,13,0,12,135,2,12
5,11,2.0,265,5,7,1,13,28,0,22
5,11,2.0,265,5,20,0,1,59,4,22
5,11,2.0,265,5,5,0,0,64,0,22
5,7,17.0,95,1,2,0,15,31,3,6
5,3,9.0,44,4,13,0,0,0,2,12
5,3,9.0,44,4,18,1,13,29,0,12
5,11,8.0,283,4,6,0,9,102,3,8
5,11,8.0,283,4,21,1,0,15,0,8
5,11,16.0,225,5,16,0,4,136,4,2
5,11,16.0,225,5,22,0,13,36,1,2
5,11,16.0,225,5,18,0,13,36,1,2
5,11,17.0,110,6,7,1,10,12,0,6
5,11,17.0,110,6,12,0,7,20,0,6
5,11,16.0,225,5,13,0,3,79,2,2
5,11,17.0,110,6,22,2,7,62,0,6
5,11,17.0,110,6,1,1,7,111,2,6
5,11,19.0,321,0,0,0,9,102,2,10
5,11,19.0,321,0,3,2,10,12,0,10
5,11,19.0,321,0,8,0,3,30,3,10
5,11,19.0,321,0,3,2,10,12,0,10
5,11,19.0,321,0,19,0,5,6,0,10
5,9,1.0,126,3,15,0,12,84,1,7
5,9,1.0,126,3,19,0,6,89,1,7
5,9,1.0,126,3,14,1,2,86,1,7
5,9,1.0,126,3,4,1,9,102,4,7
5,9,10.0,156,1,21,1,5,6,1,4
5,9,10.0,156,1,4,2,13,28,0,4
5,9,10.0,156,1,8,1,10,47,1,4
5,9,10.0,156,1,2,1,9,93,4,4
5,9,26.0,267,4,19,0,8,118,0,3
5,9,26.0,267,4,18,0,9,93,4,3
5,7,19.0,330,4,7,1,5,12,0,10
5,7,19.0,330,4,4,0,10,47,2,10
5,3,4.0,285,6,8,0,13,38,2,30
5,3,4.0,285,6,8,2,14,25,3,30
5,3,4.0,285,6,2,0,16,65,0,30
5,3,4.0,285,6,14,0,5,6,0,30
5,3,4.0,285,6,14,0,7,78,0,30
3,1,1.0,203,5,17,1,10,12,2,7
5,3,4.0,285,6,8,1,11,55,4,30
4,4,15.0,132,5,17,0,1,11,4,1
4,3,2.0,120,5,4,0,11,94,1,22
5,1,26.0,248,2,12,3,6,7,0,3
4,7,18.0,154,4,2,1,2,2,1,0
4,4,10.0,79,3,10,0,9,49,0,4
4,8,9.0,124,4,19,0,12,100,3,12
4,3,4.0,285,3,10,1,14,110,0,30
4,4,15.0,132,5,14,0,10,47,3,1
5,2,23.0,230,0,8,2,3,30,3,17
5,0,16.0,11,2,0,0,16,130,4,2
4,8,15.0,72,2,4,0,14,24,1,1
4,1,2.0,171,0,19,1,10,52,0,22
5,9,6.0,51,5,13,0,10,47,2,23
4,4,24.0,27,3,20,0,10,23,1,14
4,7,9.0,273,1,13,0,13,28,3,12
4,8,8.0,76,2,3,0,9,49,4,8
4,3,4.0,285,3,20,1,1,16,4,30
4,1,2.0,171,0,18,1,12,121,4,22
4,8,15.0,72,2,18,0,10,47,2,1
3,0,5.0,122,5,12,3,15,46,0,24
4,4,24.0,27,3,9,2,13,29,2,14
4,1,3.0,188,1,12,0,7,122,1,27
4,1,2.0,171,0,12,0,15,46,2,22
4,1,2.0,171,0,8,0,2,71,3,22
4,1,9.0,50,0,1,1,2,2,0,12
4,1,16.0,2,0,2,0,2,69,2,2
4,0,4.0,229,6,7,1,14,126,4,30
4,0,10.0,129,5,7,1,14,32,0,4
4,0,14.0,5,1,17,0,0,64,1,5
4,0,14.0,5,1,19,0,12,84,1,5
4,0,25.0,281,6,23,0,9,87,3,13
4,0,25.0,281,6,9,0,13,48,1,13
4,2,7.0,153,3,9,1,10,47,2,11
4,2,7.0,153,3,3,0,4,136,3,11
4,2,8.0,258,0,5,1,1,11,4,8
4,2,8.0,258,0,14,1,2,35,4,8
4,2,5.0,127,5,13,1,7,137,4,24
4,2,16.0,220,1,10,0,15,51,1,2
4,2,16.0,220,1,3,1,0,15,0,2
4,0,10.0,129,5,4,2,7,8,2,4
4,0,12.0,113,3,17,0,4,82,3,28
5,4,31.0,67,6,17,1,9,58,4,20
4,9,9.0,320,1,10,1,0,0,0,12
5,4,31.0,67,6,14,0,4,127,4,20
5,4,1.0,144,4,18,0,13,48,1,7
4,5,7.0,349,5,4,1,0,26,0,11
5,0,24.0,55,4,15,0,8,118,1,14
4,4,9.0,18,6,5,0,11,15,2,12
4,2,30.0,131,1,22,0,7,137,1,19
4,2,30.0,131,1,22,2,1,35,3,19
4,2,30.0,131,1,19,0,15,39,3,19
4,2,30.0,131,1,8,0,15,96,0,19
4,2,30.0,131,1,14,2,10,12,3,19
4,0,7.0,15,1,6,0,9,95,2,11
4,0,7.0,15,1,22,0,10,52,1,11
4,0,7.0,15,1,14,0,14,125,2,11
4,0,14.0,5,1,0,0,4,75,1,5
4,0,14.0,5,1,8,2,6,128,0,5
4,0,14.0,5,1,9,0,5,12,3,5
4,0,25.0,281,6,7,0,11,8,1,13
4,0,25.0,281,6,12,2,9,102,3,13
4,2,16.0,220,1,17,0,2,2,4,2
4,0,7.0,15,1,17,0,3,79,1,11
4,0,7.0,15,1,18,0,0,12,1,11
4,0,14.0,5,1,7,0,4,127,1,5
4,0,14.0,5,1,15,0,3,79,3,5
4,0,25.0,281,6,0,0,5,12,1,13
4,6,3.0,99,4,11,0,16,74,4,27
4,0,13.0,198,0,14,1,14,110,0,25
4,10,14.0,174,2,9,0,5,12,2,5
4,10,31.0,135,6,4,0,6,73,4,20
4,5,13.0,184,4,5,0,11,98,4,25
4,5,5.0,96,2,20,1,0,96,4,24
4,8,5.0,101,3,4,1,9,10,4,24
4,8,14.0,296,1,1,1,15,31,0,5
4,1,24.0,64,1,17,3,0,85,4,14
4,4,4.0,178,0,13,0,8,41,3,30
4,2,5.0,127,5,23,0,8,27,3,24
4,0,7.0,15,1,18,1,10,47,3,11
4,9,10.0,156,2,5,0,8,41,1,4
4,6,26.0,348,6,8,0,2,2,3,3
4,10,25.0,56,3,22,0,5,6,2,13
4,10,25.0,56,3,3,1,0,26,1,13
4,1,8.0,62,3,1,0,16,113,3,8
4,1,10.0,17,1,4,0,3,44,3,4
5,11,5.0,240,0,11,3,10,12,3,24
5,0,2.0,47,2,19,0,16,37,2,22
5,0,18.0,0,5,19,0,9,95,0,0
5,0,18.0,0,5,0,3,13,48,1,0
4,5,17.0,212,0,13,1,10,12,1,6
4,1,10.0,17,1,17,1,4,127,4,4
4,1,10.0,17,1,12,0,9,10,2,4
4,4,10.0,79,3,8,0,1,16,2,4
4,2,2.0,143,1,22,0,4,66,2,22
4,0,6.0,260,0,4,2,10,47,3,23
4,0,6.0,260,0,15,0,0,12,0,23
4,0,13.0,198,0,10,0,14,24,1,25
4,0,13.0,198,0,22,2,14,25,2,25
4,0,14.0,5,1,9,0,16,37,1,5
4,10,14.0,174,2,1,1,3,103,0,5
4,1,5.0,219,4,8,0,8,9,0,24
4,1,21.0,45,6,20,1,5,64,1,21
4,8,14.0,296,1,6,0,4,75,0,5
4,8,16.0,73,4,6,0,0,26,1,2
4,0,23.0,237,4,17,1,9,93,4,17
4,2,3.0,282,2,9,0,0,26,3,27
4,1,3.0,188,1,4,1,9,95,0,27
4,1,1.0,203,3,22,0,5,6,1,7
4,11,15.0,331,5,9,0,1,105,4,1
4,8,15.0,72,2,18,0,1,59,3,1
4,9,1.0,126,0,13,0,9,93,1,7
4,1,1.0,203,3,17,0,0,26,2,7
4,4,5.0,235,1,1,2,10,23,0,24
4,1,2.0,171,0,4,0,5,6,0,22
4,8,2.0,77,4,4,0,10,22,1,22
5,6,22.0,185,0,12,1,8,33,0,26
4,3,6.0,303,1,5,3,13,48,3,23
4,8,16.0,73,4,5,0,9,63,2,2
4,8,15.0,72,2,3,2,10,22,0,1
4,2,19.0,137,5,5,0,6,7,2,10
4,1,3.0,188,1,5,0,10,47,3,27
4,4,4.0,178,0,18,0,6,91,1,30
4,3,6.0,303,1,12,2,12,56,3,23
4,8,16.0,73,4,10,1,15,51,0,2
4,4,15.0,132,5,13,0,0,53,3,1
4,4,9.0,18,6,14,0,9,57,0,12
5,2,10.0,28,1,19,0,14,25,0,4
4,1,3.0,188,1,11,0,5,64,3,27
4,1,11.0,111,2,11,1,10,47,0,9
4,10,26.0,61,0,11,3,13,13,4,3
4,10,26.0,61,0,20,0,9,10,2,3
4,1,16.0,2,0,16,1,0,64,0,2
4,0,10.0,129,5,14,3,8,9,0,4
4,1,28.0,300,6,2,0,8,41,4,18
4,8,2.0,77,4,0,0,5,12,1,22
4,8,2.0,77,4,20,0,6,7,3,22
4,8,2.0,77,4,19,1,14,110,0,22
4,8,11.0,306,6,7,2,10,22,3,9
4,6,21.0,193,0,2,0,5,12,0,21
4,6,21.0,193,0,19,0,6,14,2,21
4,10,30.0,157,5,12,1,15,31,4,19
5,1,4.0,286,1,9,0,10,22,3,30
4,10,30.0,157,5,17,0,8,9,1,19
3,10,1.0,208,1,17,0,1,59,1,7
5,2,13.0,276,5,12,0,10,22,1,25
5,2,13.0,276,5,8,0,8,118,2,25
5,2,27.0,136,5,19,0,4,82,2,15
5,0,19.0,13,6,4,1,11,15,0,10
4,7,12.0,181,5,17,0,2,92,0,28
4,10,29.0,318,4,5,3,3,70,1,16
3,2,1.0,16,6,17,0,2,2,1,7
4,4,14.0,345,4,4,3,9,87,0,5
4,0,31.0,290,5,16,0,15,31,1,20
4,0,31.0,290,5,3,0,16,72,0,20
4,0,31.0,290,5,9,0,9,95,2,20
4,1,6.0,97,5,18,0,8,19,0,23
4,1,7.0,32,6,11,0,4,5,1,11
4,1,12.0,353,4,6,1,7,111,0,28
4,1,13.0,207,5,6,1,4,45,4,25
4,1,13.0,207,5,3,0,5,6,2,25
4,1,13.0,207,5,2,2,8,41,3,25
4,1,22.0,164,3,3,0,7,62,4,26
4,1,22.0,164,3,11,0,10,47,2,26
4,1,22.0,164,3,19,0,9,102,0,26
4,8,6.0,87,0,2,1,4,75,1,23
4,8,16.0,73,4,15,0,13,69,2,2
4,8,16.0,73,4,8,0,10,22,3,2
4,8,21.0,46,1,3,0,14,25,3,21
4,8,21.0,46,1,14,1,11,10,4,21
4,8,24.0,85,5,5,0,15,39,1,14
4,8,24.0,85,5,4,1,12,56,4,14
4,8,24.0,85,5,11,1,16,37,1,14
4,4,5.0,235,1,5,0,13,48,1,24
4,4,15.0,132,5,0,1,0,64,0,1
4,4,15.0,132,5,0,0,10,23,3,1
4,1,10.0,17,1,0,0,15,46,3,4
4,8,1.0,66,2,3,3,5,12,1,7
4,8,10.0,71,5,14,1,10,47,1,4
4,8,26.0,278,3,14,0,9,102,1,3
4,8,25.0,86,6,4,0,10,47,2,13
4,4,25.0,20,0,11,0,0,31,2,13
4,0,9.0,48,4,9,3,15,31,3,12
5,0,10.0,129,4,18,1,8,9,4,4
4,7,16.0,40,1,18,0,10,47,1,2
5,2,1.0,16,3,13,0,12,56,1,7
5,8,15.0,72,1,3,0,9,134,1,1
4,3,25.0,347,3,2,2,7,62,0,13
4,10,16.0,201,5,1,1,0,26,2,2
4,1,10.0,17,1,17,1,11,15,1,4
4,1,19.0,29,4,2,0,16,113,1,10
4,2,9.0,21,1,4,1,11,122,1,12
5,11,31.0,227,6,4,0,8,41,2,20
5,3,13.0,210,0,2,0,3,76,3,25
5,6,22.0,185,0,18,1,10,47,0,26
5,10,14.0,174,1,1,1,0,26,1,5
5,7,7.0,293,6,5,1,9,134,4,11
4,11,16.0,225,6,3,1,1,67,0,2
5,3,15.0,35,2,12,0,7,122,1,1
5,5,22.0,163,5,18,3,2,2,3,26
5,0,25.0,281,5,13,1,3,103,1,13
4,6,16.0,38,2,17,1,9,49,0,2
4,10,2.0,358,5,8,0,16,50,0,22
5,10,30.0,157,4,0,0,10,47,3,19
4,8,26.0,278,3,11,0,15,31,1,3
5,4,15.0,132,4,17,1,13,21,4,1
4,0,14.0,5,1,1,1,10,52,4,5
4,3,6.0,303,1,12,0,2,123,1,23
4,9,7.0,271,3,15,0,2,86,2,11
4,1,6.0,97,5,2,0,13,69,4,23
4,4,15.0,132,5,1,0,12,104,3,1
4,4,23.0,30,6,22,0,13,99,3,17
4,3,6.0,303,1,12,0,8,9,3,23
4,3,27.0,361,1,6,1,15,51,0,15
4,4,28.0,218,4,0,1,13,28,1,18
4,1,7.0,32,6,22,0,12,84,1,11
5,0,5.0,122,6,17,3,8,27,0,24
4,7,3.0,269,2,12,1,11,15,1,27
5,0,5.0,122,6,13,0,2,86,2,24
5,0,14.0,5,0,20,3,4,121,0,5
4,5,5.0,96,2,22,1,10,47,1,24
4,6,4.0,159,5,20,0,13,75,2,30
4,10,31.0,135,6,20,0,2,40,3,20
4,5,13.0,184,4,17,3,15,119,2,25
4,8,5.0,101,3,14,0,11,98,4,24
4,8,13.0,189,0,0,1,5,64,0,25
4,10,2.0,358,5,16,0,4,4,3,22
4,10,16.0,201,5,2,1,16,65,0,2
4,10,25.0,56,3,20,0,12,17,2,13
5,8,1.0,66,1,9,1,14,24,4,7
0,5,1.0,109,0,23,0,5,12,1,7
4,8,10.0,71,5,3,1,1,105,4,4
4,8,10.0,71,5,19,1,10,22,4,4
4,4,3.0,279,3,8,0,5,0,3,27
4,4,25.0,20,0,2,1,6,91,2,13
4,2,29.0,140,0,13,1,5,12,2,16
4,0,9.0,48,4,12,1,0,85,4,12
5,4,15.0,132,4,21,1,5,6,0,1
5,0,10.0,129,4,20,0,10,23,3,4
4,9,10.0,156,2,0,1,0,26,1,4
4,3,24.0,357,6,13,0,16,130,2,14
4,8,19.0,280,3,22,0,10,22,3,10
4,8,26.0,278,3,8,1,16,72,0,3
4,4,17.0,19,3,9,0,15,114,2,6
4,9,17.0,255,2,11,0,13,29,2,6
5,6,17.0,244,2,8,0,6,7,0,6
5,6,15.0,49,0,1,0,2,69,2,1
4,10,25.0,56,3,2,0,5,6,2,13
4,10,25.0,56,3,4,0,4,5,2,13
4,10,25.0,56,3,21,1,10,47,1,13
5,8,1.0,66,1,17,1,9,10,4,7
4,1,18.0,82,2,13,0,9,63,3,0
4,1,27.0,262,5,18,0,7,20,1,15
4,11,15.0,331,5,11,1,13,28,1,1
2,8,1.0,77,3,14,0,2,86,1,7
5,0,10.0,129,4,5,0,11,15,2,4
5,0,10.0,129,4,1,0,16,42,1,4
4,11,31.0,227,3,6,0,5,12,1,20
5,0,25.0,281,5,17,1,13,99,2,13
4,10,16.0,201,5,19,0,5,12,2,2
4,8,10.0,71,5,13,0,2,86,2,4
4,4,7.0,133,4,9,2,8,33,3,11
5,0,4.0,229,5,11,0,0,0,2,30
5,0,14.0,5,0,1,0,4,82,1,5
4,5,11.0,326,1,4,0,2,2,3,9
4,5,5.0,96,2,3,0,10,47,2,24
4,6,3.0,99,4,7,1,13,38,2,27
4,8,13.0,189,0,20,1,9,83,4,25
5,3,1.0,180,2,20,0,8,19,1,7
4,1,31.0,305,1,17,0,3,44,1,20
4,2,7.0,153,3,1,2,8,33,0,11
4,8,30.0,103,4,5,0,10,47,3,19
4,2,5.0,127,5,14,3,0,77,0,24
4,7,1.0,98,0,19,0,7,120,4,7
4,1,20.0,151,5,12,2,1,11,3,29
4,8,3.0,363,5,8,3,16,74,3,27
4,5,1.0,109,6,13,3,14,126,0,7
4,5,1.0,109,6,16,0,1,67,0,7
4,0,21.0,287,1,18,0,16,72,4,21
4,10,17.0,256,6,12,2,7,111,3,6
5,0,1.0,8,1,19,1,9,93,4,7
4,7,1.0,98,0,9,1,1,1,1,7
4,8,20.0,319,0,19,1,11,133,0,29
4,8,20.0,319,0,14,2,6,89,0,29
4,8,12.0,284,3,9,3,5,12,0,28
4,4,12.0,134,1,12,0,5,6,0,28
4,4,12.0,134,1,5,3,3,79,4,28
4,4,27.0,274,2,22,1,10,12,3,15
4,0,21.0,287,1,12,0,0,12,3,21
4,0,29.0,191,2,3,0,6,7,0,16
4,4,24.0,27,3,17,0,8,118,1,14
4,1,7.0,32,6,4,0,0,53,1,11
4,4,28.0,218,4,22,0,10,47,3,18
4,3,6.0,303,1,19,0,14,25,3,23
4,1,12.0,353,4,15,0,4,5,1,28
4,4,24.0,27,3,12,0,13,99,1,14
4,3,9.0,44,5,2,0,8,41,3,12
4,4,28.0,218,4,4,0,0,26,3,18
4,1,12.0,353,4,3,0,0,68,0,28
4,5,15.0,200,6,5,0,8,27,2,1
4,4,28.0,218,4,1,0,14,97,1,18
4,4,24.0,27,3,8,0,7,57,3,14
4,5,21.0,351,5,7,0,9,95,4,21
4,6,1.0,158,1,6,0,0,12,3,7
4,2,6.0,251,6,5,0,7,120,3,23
4,0,8.0,9,2,2,0,15,114,3,8
4,5,21.0,351,5,11,2,14,97,0,21
4,2,4.0,254,4,13,1,14,25,4,30
4,1,12.0,353,4,8,1,10,47,1,28
4,2,6.0,251,6,22,0,5,6,0,23
4,0,8.0,9,2,18,2,3,30,3,8
4,10,5.0,336,0,13,0,10,47,2,24
4,2,4.0,254,4,1,2,13,69,4,30
4,1,22.0,164,3,16,1,5,64,0,26
4,2,13.0,276,6,10,0,0,77,1,25
4,0,31.0,290,5,14,2,2,86,3,20
4,10,15.0,60,4,5,0,10,12,3,1
4,10,23.0,247,5,6,2,2,13,3,17
4,1,6.0,97,5,15,0,0,26,3,23
4,7,16.0,40,1,14,0,4,4,1,2
4,10,2.0,358,5,3,0,6,7,3,22
4,1,8.0,62,3,1,1,0,77,0,8
4,1,10.0,17,1,12,0,15,108,3,4
4,8,1.0,66,2,7,0,0,53,0,7
4,8,10.0,71,5,13,0,10,47,2,4
5,4,26.0,80,0,18,0,14,107,1,3
5,2,1.0,16,3,9,0,1,11,1,7
5,8,1.0,66,1,17,0,3,30,3,7
5,0,10.0,129,4,9,3,10,47,0,4
5,0,10.0,129,4,11,0,8,33,2,4
4,9,10.0,156,2,1,1,15,112,1,4
5,10,24.0,261,5,17,1,2,2,1,14
4,7,17.0,95,2,12,1,1,67,2,6
4,10,16.0,201,5,2,0,7,8,2,2
4,5,2.0,307,3,4,1,4,66,1,22
4,6,11.0,355,5,3,0,5,6,2,9
4,1,8.0,62,3,14,0,16,139,3,8
2,1,1.0,171,4,1,0,14,131,4,7
5,4,27.0,274,1,9,2,9,87,3,15
5,4,27.0,274,1,19,1,5,12,1,15
5,2,13.0,276,5,2,0,12,17,2,25
4,11,11.0,175,0,1,0,9,134,2,9
4,9,20.0,119,6,9,1,2,86,0,29
4,9,22.0,92,0,8,0,1,11,3,26
4,7,12.0,181,5,14,1,2,86,1,28
4,10,4.0,356,3,11,0,8,33,4,30
4,4,21.0,339,4,20,1,8,33,0,21
4,5,4.0,114,1,18,2,14,107,0,30
4,3,28.0,187,2,18,0,10,47,0,18
4,6,5.0,342,6,9,1,2,2,0,24
4,6,5.0,342,6,15,1,1,1,4,24
4,10,4.0,356,3,17,0,15,39,1,30
4,10,22.0,314,4,2,1,0,68,2,26
4,10,20.0,223,1,15,0,5,6,3,29
4,10,20.0,223,1,23,1,8,118,1,29
4,8,22.0,354,2,12,0,10,47,0,26
4,8,22.0,354,2,4,3,16,139,1,26
4,9,19.0,234,5,5,0,2,86,1,10
4,4,30.0,139,6,15,0,11,18,1,19
4,2,22.0,209,0,3,0,4,138,4,26
4,2,22.0,209,0,4,1,1,105,4,26
4,2,22.0,209,0,12,0,16,72,1,26
4,2,24.0,22,2,11,0,10,47,0,14
4,2,25.0,233,4,7,1,16,72,0,13
4,2,24.0,22,2,9,0,4,127,2,14
4,2,25.0,233,4,3,0,2,86,1,13
4,2,25.0,233,4,5,0,6,7,2,13
4,2,25.0,233,4,23,1,13,48,1,13
4,0,8.0,9,2,14,1,9,93,1,8
4,0,13.0,198,0,16,1,5,64,0,25
4,0,13.0,198,0,11,2,3,30,3,25
4,0,22.0,241,2,2,0,9,102,1,26
4,0,22.0,241,2,13,0,2,69,3,26
4,0,30.0,228,4,17,0,9,54,3,19
4,0,30.0,228,4,4,1,7,78,4,19
4,0,30.0,228,4,15,1,15,96,1,19
5,10,26.0,61,3,1,0,12,61,1,3
5,1,20.0,151,4,22,0,15,46,2,29
4,7,12.0,181,5,3,3,12,56,0,28
5,4,19.0,142,0,23,0,4,66,3,10
5,4,19.0,142,0,14,1,11,117,0,10
5,2,13.0,276,5,18,1,9,9,4,25
5,2,13.0,276,5,4,0,11,117,1,25
5,0,30.0,228,2,19,2,1,35,0,19
4,11,11.0,175,0,11,3,5,6,3,9
4,9,19.0,234,5,20,0,13,69,2,10
4,7,20.0,266,6,13,1,9,134,1,29
4,5,3.0,161,0,23,1,12,56,4,27
4,1,22.0,164,3,5,1,4,127,4,26
4,2,17.0,6,2,10,0,5,12,0,6
4,8,6.0,87,0,22,1,1,1,4,23
4,2,20.0,264,6,16,0,2,40,4,29
4,2,13.0,276,6,16,0,14,25,2,25
4,0,13.0,198,0,10,1,0,15,0,25
4,8,15.0,72,2,0,0,9,87,1,1
4,2,20.0,264,6,12,0,11,94,0,29
4,2,23.0,230,1,17,0,11,94,2,17
4,2,23.0,230,1,21,1,10,47,0,17
4,2,8.0,258,0,9,0,10,23,3,8
4,2,8.0,258,0,1,2,8,27,0,8
4,0,5.0,122,3,16,0,10,47,1,24
5,7,10.0,329,1,13,0,2,2,2,4
4,0,7.0,15,1,6,0,10,52,0,11
4,0,14.0,5,1,2,1,10,52,4,5
4,0,25.0,281,6,6,1,0,15,0,13
4,0,25.0,281,6,20,0,0,31,1,13
4,2,23.0,230,1,10,0,2,40,1,17
4,2,23.0,230,1,20,1,16,72,1,17
4,2,23.0,230,1,17,0,5,6,1,17
4,11,1.0,222,5,17,0,2,2,1,7
4,3,1.0,180,4,22,0,9,54,1,7
2,6,1.0,352,6,17,0,8,27,1,7
4,8,9.0,124,4,13,0,4,75,1,12
4,8,20.0,319,0,19,1,11,133,0,29
4,2,12.0,128,5,9,0,3,30,4,28
4,7,1.0,98,0,11,3,16,72,0,7
4,0,2.0,47,4,23,1,11,8,1,22
4,0,21.0,287,1,13,0,6,116,1,21
4,0,6.0,260,0,4,0,5,64,0,23
4,2,1.0,16,0,3,0,8,41,2,7
4,2,1.0,16,0,4,0,4,82,1,7
4,0,3.0,334,5,14,0,7,31,2,27
4,9,6.0,51,6,13,1,6,128,4,23
4,7,1.0,98,0,19,1,8,9,1,7
4,9,23.0,167,1,13,0,7,122,0,17
4,5,1.0,109,6,21,1,10,47,1,7
4,5,9.0,206,3,5,0,9,54,2,12
4,10,1.0,208,4,0,0,5,0,1,7
4,3,1.0,180,4,9,0,9,134,4,7
4,8,17.0,74,5,22,3,2,69,1,6
4,8,20.0,319,0,8,1,3,115,0,29
4,8,20.0,319,0,17,1,7,62,4,29
4,8,12.0,284,3,17,3,4,82,0,28
4,8,17.0,74,5,17,3,9,102,2,6
4,7,26.0,316,5,8,3,1,11,4,3
4,0,29.0,191,2,0,0,3,115,3,16
3,5,20.0,214,1,17,0,16,37,1,29
5,1,25.0,65,1,5,0,6,73,1,13
4,1,25.0,65,2,18,0,15,46,2,13
4,4,9.0,18,6,3,0,0,85,3,12
4,2,4.0,254,4,22,0,8,118,0,30
5,1,26.0,248,2,4,2,5,6,3,3
5,1,7.0,32,5,11,1,14,97,4,11
4,11,1.0,222,5,13,0,12,61,1,7
4,4,27.0,274,2,14,0,11,98,4,15
4,4,27.0,274,2,17,2,0,31,3,15
4,2,19.0,137,5,9,2,5,0,3,10
5,4,18.0,26,3,18,0,4,66,2,0
4,9,1.0,126,0,17,0,15,46,2,7
4,7,1.0,98,0,22,3,14,25,3,7
4,9,25.0,344,4,5,0,0,64,2,13
4,10,27.0,302,1,2,0,10,47,2,15
4,10,24.0,261,6,19,1,7,62,4,14
4,8,20.0,319,0,9,1,14,24,1,29
4,9,18.0,359,4,12,0,2,86,4,0
5,1,25.0,65,1,10,1,10,22,0,13
4,10,24.0,261,6,12,0,9,10,2,14
4,10,24.0,261,6,12,0,12,80,2,14
5,7,15.0,205,3,4,3,0,68,0,1
4,10,1.0,208,4,17,0,13,123,1,7
5,4,16.0,25,5,1,3,13,29,0,2
5,4,25.0,20,3,5,3,11,90,0,13
5,2,8.0,258,3,2,0,12,84,0,8
5,2,10.0,28,1,6,3,10,22,3,4
4,8,15.0,72,2,20,0,16,50,2,1
4,0,4.0,229,6,7,2,6,7,0,30
4,8,15.0,72,2,1,0,3,79,1,1
4,0,4.0,229,6,11,0,14,25,1,30
4,8,15.0,72,2,20,0,13,38,1,1
4,0,4.0,229,6,10,1,9,57,0,30
4,8,21.0,46,1,21,0,15,85,0,21
4,8,15.0,72,2,15,0,13,29,4,1
4,0,13.0,198,0,8,0,13,38,2,25
4,8,15.0,72,2,15,0,13,99,2,1
4,0,13.0,198,0,12,1,9,93,4,25
4,1,6.0,97,5,5,0,10,22,3,23
4,8,15.0,72,2,19,0,1,1,0,1
4,0,22.0,241,2,16,1,0,53,0,26
4,0,30.0,228,4,21,1,1,11,0,19
4,0,30.0,228,4,22,1,7,62,4,19
4,0,6.0,260,0,14,0,5,64,2,23
4,0,8.0,9,2,3,0,6,73,2,8
4,0,13.0,198,0,9,0,0,53,3,25
4,0,22.0,241,2,15,0,2,2,0,26
4,0,22.0,241,2,12,0,9,102,1,26
4,0,22.0,241,2,4,2,15,114,0,26
4,2,22.0,209,0,17,0,2,40,1,26
4,0,22.0,241,2,19,1,11,133,4,26
4,0,30.0,228,4,12,0,6,73,0,19
4,0,13.0,198,0,2,1,0,12,0,25
4,0,13.0,198,0,2,0,12,84,1,25
4,0,8.0,9,2,14,0,9,57,0,8
4,2,25.0,233,4,12,0,12,121,1,13
4,0,6.0,260,0,23,1,0,53,0,23
4,0,6.0,260,0,12,0,10,22,2,23
4,0,8.0,9,2,6,0,8,33,1,8
4,0,8.0,9,2,0,1,0,53,4,8
4,0,8.0,9,2,13,2,8,9,1,8
4,0,13.0,198,0,0,0,0,12,2,25
4,0,13.0,198,0,5,0,10,47,2,25
4,0,8.0,9,2,16,1,3,30,4,8
4,0,15.0,190,2,16,0,10,47,0,1
4,0,22.0,241,2,17,2,9,9,3,26
4,0,22.0,241,2,14,0,9,83,4,26
4,0,31.0,290,5,11,0,7,120,2,20
4,0,31.0,290,5,18,0,0,26,2,20
4,0,4.0,229,6,13,0,6,132,3,30
4,0,4.0,229,6,3,1,9,87,4,30
4,0,4.0,229,6,3,3,5,12,0,30
4,0,4.0,229,6,4,0,12,83,0,30
4,0,4.0,229,6,14,0,2,92,1,30
4,0,10.0,129,5,0,1,0,68,0,4
4,0,10.0,129,5,3,0,2,40,3,4
4,0,10.0,129,5,1,0,0,77,1,4
5,4,9.0,18,5,23,1,15,114,1,12
5,4,31.0,67,6,14,0,16,130,4,20
4,7,10.0,329,2,18,0,5,12,1,4
4,1,28.0,300,6,5,0,10,22,1,18
4,8,2.0,77,4,7,0,8,41,1,22
4,8,2.0,77,4,5,0,15,51,1,22
4,8,11.0,306,6,20,0,4,45,4,9
4,8,27.0,78,0,17,0,3,70,4,15
4,8,27.0,78,0,4,0,3,79,1,15
4,8,27.0,78,0,18,1,1,81,4,15
5,8,25.0,86,5,5,0,6,91,2,13
4,7,10.0,329,2,18,1,1,67,2,4
4,7,18.0,154,4,1,1,12,83,0,0
4,5,10.0,155,0,13,0,7,57,2,4
4,3,18.0,165,3,8,0,6,7,0,0
4,1,11.0,111,2,4,0,14,131,2,9
4,1,9.0,50,0,17,0,14,131,2,12
4,8,11.0,306,6,12,0,16,130,4,9
4,2,17.0,6,2,14,0,2,35,2,6
4,0,4.0,229,6,12,0,11,117,0,30
4,0,10.0,129,5,6,1,0,0,1,4
4,0,10.0,129,5,15,0,2,92,2,4
4,0,10.0,129,5,3,0,3,30,3,4
4,11,6.0,252,2,17,0,9,95,4,23
4,7,10.0,329,2,18,0,5,6,0,4
3,11,1.0,222,2,3,0,2,2,1,7
5,4,4.0,178,3,5,0,2,86,2,30
4,8,21.0,46,1,19,0,6,7,2,21
4,8,21.0,46,1,4,2,9,9,3,21
4,8,6.0,87,0,1,0,15,114,0,23
4,8,24.0,85,5,23,1,10,47,0,14
4,8,21.0,46,1,16,0,2,2,3,21
4,8,24.0,85,5,1,2,16,50,3,14
4,4,5.0,235,1,14,0,2,69,3,24
4,4,5.0,235,1,0,1,15,119,0,24
4,4,24.0,27,3,3,0,4,45,2,14
4,4,5.0,235,1,8,0,8,33,4,24
4,4,24.0,27,3,2,0,3,30,0,14
4,4,5.0,235,1,12,0,6,89,3,24
4,2,6.0,251,6,20,0,5,6,0,23
4,8,16.0,73,4,22,1,5,64,0,2
4,2,6.0,251,6,16,0,6,116,1,23
4,2,6.0,251,6,11,0,10,22,3,23
4,2,6.0,251,6,3,0,13,38,0,23
4,2,23.0,230,1,21,0,0,12,1,17
5,4,22.0,152,4,6,1,2,2,1,26
5,4,22.0,152,4,12,0,6,89,1,26
5,4,28.0,218,2,16,0,6,14,1,18
5,2,3.0,282,1,11,0,14,25,2,27
5,2,3.0,282,1,9,0,8,9,3,27
5,2,11.0,297,2,6,0,4,82,1,9
5,2,11.0,297,2,5,0,5,12,0,9
5,2,11.0,297,2,8,0,2,86,1,9
5,2,14.0,231,6,8,0,14,110,3,5
5,2,14.0,231,6,19,0,11,18,1,5
5,2,14.0,231,6,9,0,10,47,2,5
5,2,14.0,231,6,22,1,9,102,4,5
5,2,28.0,257,6,2,0,5,6,2,18
5,2,28.0,257,6,22,1,1,81,4,18
5,2,28.0,257,6,2,0,14,24,2,18
5,2,28.0,257,6,8,2,12,104,3,18
5,2,29.0,140,3,2,0,8,33,3,16
5,2,29.0,140,3,4,1,11,124,0,16
5,0,6.0,260,3,16,0,8,41,4,23
5,0,6.0,260,3,8,1,5,64,4,23
5,0,11.0,10,5,22,1,3,103,1,9
5,0,11.0,10,5,12,0,11,133,0,9
5,0,12.0,113,6,2,0,1,67,2,28
5,0,6.0,260,3,11,1,11,15,1,23
5,0,11.0,10,5,14,3,11,55,3,9
5,0,20.0,172,3,6,0,7,78,0,29
5,0,20.0,172,3,6,0,6,7,0,29
5,0,20.0,172,3,8,0,10,47,1,29
5,0,20.0,172,3,22,0,0,64,3,29
5,0,20.0,172,3,4,0,4,4,1,29
5,0,21.0,287,0,12,1,9,63,4,21
5,0,20.0,172,3,13,1,14,88,4,29
5,0,21.0,287,0,1,1,7,78,1,21
5,0,28.0,249,0,14,2,13,21,2,18
5,0,31.0,290,4,0,0,13,29,3,20
5,0,31.0,290,4,18,0,10,30,3,20
4,11,12.0,118,1,11,0,4,45,1,28
4,11,12.0,118,1,20,0,8,41,1,28
4,11,30.0,170,6,17,0,4,75,1,19
4,11,30.0,170,6,6,0,6,73,1,19
4,11,30.0,170,6,5,0,10,23,1,19
4,11,30.0,170,6,22,0,5,64,3,19
4,11,30.0,170,6,4,0,10,22,0,19
4,11,30.0,170,6,18,0,10,43,3,19
4,9,21.0,362,3,6,1,9,57,0,21
4,9,21.0,362,3,23,0,9,134,2,21
4,7,4.0,186,4,0,1,16,74,4,30
4,7,4.0,186,4,20,1,16,50,1,30
4,7,4.0,186,4,8,2,13,28,2,30
4,7,11.0,197,4,3,0,0,96,0,9
4,8,21.0,46,1,0,0,9,87,3,21
4,8,21.0,46,1,5,0,10,22,3,21
4,8,21.0,46,1,22,0,15,108,3,21
4,8,21.0,46,1,4,0,0,53,3,21
4,8,21.0,46,1,12,1,11,58,4,21
4,8,24.0,85,5,5,0,5,6,3,14
4,8,24.0,85,5,10,1,16,37,1,14
4,8,24.0,85,5,9,0,3,70,4,14
4,4,5.0,235,1,16,0,14,110,4,24
4,4,5.0,235,1,6,0,8,27,4,24
4,4,5.0,235,1,9,0,11,15,0,24
4,4,5.0,235,1,4,1,14,110,4,24
4,4,15.0,132,5,12,0,6,14,4,1
4,4,15.0,132,5,1,0,13,29,4,1
4,4,15.0,132,5,1,0,16,72,3,1
4,4,24.0,27,3,3,0,2,86,0,14
4,4,24.0,27,3,14,0,12,84,3,14
4,2,6.0,251,6,5,0,2,86,1,23
4,2,6.0,251,6,13,0,2,86,2,23
4,2,6.0,251,6,7,1,10,12,1,23
4,8,16.0,73,4,22,0,4,121,0,2
4,8,16.0,73,4,19,0,14,25,2,2
4,8,16.0,73,4,14,0,10,47,0,2
4,8,21.0,46,1,6,0,12,121,1,21
4,8,21.0,46,1,0,0,10,47,1,21
4,8,21.0,46,1,3,3,5,6,0,21
4,8,24.0,85,5,0,1,10,47,0,14
4,4,5.0,235,1,4,1,14,126,4,24
4,4,15.0,132,5,17,1,1,81,4,1
4,4,15.0,132,5,7,0,5,64,2,1
4,4,15.0,132,5,12,3,9,57,0,1
4,4,15.0,132,5,5,0,5,6,0,1
4,4,24.0,27,3,11,0,10,22,3,14
4,4,24.0,27,3,11,1,1,59,4,14
4,2,6.0,251,6,12,0,7,20,1,23
4,2,13.0,276,6,19,0,9,93,1,25
4,2,13.0,276,6,18,0,16,50,1,25
4,2,23.0,230,1,6,0,0,85,0,17
4,2,23.0,230,1,5,0,6,89,1,17
4,2,23.0,230,1,8,3,13,38,0,17
4,0,17.0,12,5,3,2,0,77,0,6
4,0,17.0,12,5,16,3,13,99,0,6
4,0,17.0,12,5,3,1,8,41,1,6
4,0,17.0,12,5,4,0,13,21,1,6
4,1,6.0,97,5,1,0,13,29,1,23
4,1,13.0,207,5,13,0,4,4,1,25
4,1,22.0,164,3,2,0,0,68,3,26
4,1,22.0,164,3,14,0,2,123,2,26
4,8,6.0,87,0,16,1,3,103,0,23
4,7,23.0,202,1,13,0,13,48,3,17
5,0,12.0,113,6,11,2,8,27,3,28
5,6,9.0,236,1,18,0,1,11,1,12
4,5,12.0,327,2,0,1,0,85,0,28
4,5,21.0,351,5,13,0,10,47,3,21
4,3,2.0,120,5,10,0,10,22,1,22
4,3,2.0,120,5,11,0,4,4,4,22
4,3,2.0,120,5,8,0,12,104,2,22
4,3,2.0,120,5,19,0,5,64,3,22
4,3,8.0,148,4,2,0,13,38,4,8
4,3,8.0,148,4,2,0,12,100,2,8
4,3,8.0,148,4,14,0,9,49,1,8
4,3,18.0,165,3,17,0,1,105,3,0
4,3,18.0,165,3,13,0,4,75,1,0
4,3,18.0,165,3,19,0,5,6,0,0
4,3,18.0,165,3,1,0,16,37,3,0
4,5,7.0,349,5,21,1,10,22,1,11
4,5,8.0,199,6,7,0,2,86,0,8
4,5,16.0,239,3,21,0,8,41,4,2
4,5,18.0,195,1,18,1,11,90,0,0
4,6,1.0,158,1,0,0,2,13,3,7
4,6,24.0,31,4,19,0,14,126,1,14
5,3,1.0,180,2,17,0,4,5,1,7
4,10,3.0,310,6,17,0,5,12,0,27
4,10,3.0,310,6,13,0,1,67,0,27
4,10,3.0,310,6,8,0,2,2,1,27
4,10,3.0,310,6,9,0,2,2,4,27
4,10,3.0,310,6,8,1,15,114,1,27
4,10,26.0,61,0,18,1,15,112,4,3
4,10,26.0,61,0,18,0,2,40,3,3
5,8,23.0,102,2,1,0,5,64,1,17
4,1,2.0,171,0,21,0,14,34,1,22
4,1,2.0,171,0,12,1,7,20,4,22
4,1,3.0,188,1,3,0,8,118,1,27
4,1,2.0,171,0,17,1,10,47,0,22
4,1,3.0,188,1,4,2,8,9,3,27
4,1,9.0,50,0,18,0,2,92,1,12
4,1,11.0,111,2,16,0,8,9,1,9
4,1,16.0,2,0,14,0,0,64,3,2
4,1,16.0,2,0,4,0,4,75,4,2
4,1,16.0,2,0,19,1,2,2,1,2
4,1,25.0,65,2,16,0,13,99,1,13
4,1,25.0,65,2,17,0,5,64,3,13
4,1,25.0,65,2,13,0,3,30,2,13
4,1,25.0,65,2,9,0,14,126,1,13
4,1,28.0,300,6,11,0,10,23,3,18
4,1,28.0,300,6,15,0,2,2,1,18
4,1,28.0,300,6,1,0,15,119,1,18
4,1,28.0,300,6,2,0,2,86,1,18
4,8,2.0,77,4,19,0,10,22,1,22
4,1,16.0,2,0,15,0,9,87,3,2
4,1,25.0,65,2,16,0,2,86,4,13
4,1,25.0,65,2,17,2,9,95,0,13
4,1,25.0,65,2,13,0,5,6,0,13
4,1,28.0,300,6,12,2,12,80,2,18
4,8,2.0,77,4,16,0,11,94,3,22
4,8,2.0,77,4,11,0,9,95,0,22
4,8,2.0,77,4,16,1,5,6,0,22
4,8,11.0,306,6,2,3,9,102,3,9
4,8,27.0,78,0,21,1,15,46,4,15
4,4,28.0,218,4,7,0,11,122,4,18
5,4,9.0,18,5,18,0,14,24,1,12
5,2,23.0,230,0,15,3,2,2,0,17
5,2,23.0,230,0,8,2,3,115,3,17
5,0,7.0,15,0,3,0,5,0,2,11
4,7,11.0,197,4,1,0,9,95,1,9
4,7,13.0,238,6,6,2,16,130,0,25
4,7,13.0,238,6,16,0,15,112,3,25
4,7,13.0,238,6,5,1,13,48,1,25
4,7,13.0,238,6,19,0,15,108,0,25
4,7,13.0,238,6,14,0,6,73,1,25
4,7,19.0,330,5,7,0,10,23,0,10
4,7,19.0,330,5,5,1,1,1,1,10
4,7,21.0,81,3,0,1,2,69,1,21
4,7,21.0,81,3,20,0,12,84,1,21
4,5,14.0,36,5,17,0,1,67,3,5
4,5,14.0,36,5,15,0,5,12,3,5
4,5,14.0,36,5,2,2,2,35,2,5
4,5,14.0,36,5,1,0,16,37,1,5
4,5,14.0,36,5,1,0,0,31,0,5
4,5,15.0,200,6,21,1,9,87,0,1
4,5,15.0,200,6,20,0,13,21,4,1
4,5,21.0,351,5,17,1,5,64,0,21
4,5,21.0,351,5,16,1,13,28,0,21
4,5,21.0,351,5,16,1,13,28,0,21
4,5,21.0,351,5,13,0,4,66,0,21
4,5,21.0,351,5,4,0,15,114,1,21
4,5,21.0,351,5,2,0,0,68,2,21
5,2,30.0,131,0,3,1,12,56,4,19
4,7,11.0,197,4,1,0,12,17,0,9
5,0,6.0,260,3,17,0,10,23,1,23
4,6,6.0,83,3,6,0,2,69,1,23
5,6,12.0,162,5,21,2,5,6,3,28
4,9,21.0,362,3,1,0,3,103,1,21
4,7,11.0,197,4,18,0,8,118,1,9
5,4,13.0,221,1,12,1,14,106,0,25
5,6,12.0,162,5,2,0,13,38,4,28
4,7,4.0,186,4,6,0,1,16,3,30
5,0,6.0,260,3,5,0,14,24,2,23
5,2,20.0,264,5,2,0,6,7,2,29
4,7,13.0,238,6,19,0,12,93,3,25
4,6,6.0,83,3,5,0,12,17,3,23
5,6,12.0,162,5,2,3,7,122,2,28
5,0,12.0,113,6,1,0,0,77,1,28
5,0,6.0,260,3,12,2,8,19,3,23
4,1,4.0,286,2,1,0,1,67,4,30
5,10,11.0,298,6,2,0,16,130,1,9
5,10,12.0,333,3,13,0,14,24,2,28
5,10,20.0,223,0,6,2,9,83,4,29
5,10,20.0,223,0,0,1,7,62,0,29
5,10,27.0,302,0,17,0,0,64,0,15
5,10,27.0,302,0,2,0,2,92,4,15
5,10,27.0,302,0,2,0,2,69,2,15
4,7,21.0,81,3,17,0,14,125,4,21
4,7,11.0,197,4,12,0,13,36,2,9
4,5,6.0,277,4,1,0,14,24,2,23
5,2,29.0,140,3,10,0,4,82,4,16
5,2,29.0,140,3,14,0,3,115,3,16
5,2,29.0,140,3,4,2,6,14,3,16
5,2,30.0,131,0,14,0,5,64,3,19
5,0,6.0,260,3,0,3,0,0,0,23
5,0,11.0,10,5,13,0,15,85,2,9
5,0,11.0,10,5,2,0,2,86,3,9
5,0,11.0,10,5,4,0,6,7,3,9
5,0,12.0,113,6,6,0,0,53,0,28
5,0,12.0,113,6,14,0,1,11,3,28
5,0,11.0,10,5,22,1,12,100,4,9
5,0,21.0,287,0,17,0,2,86,1,21
5,0,21.0,287,0,0,0,13,99,0,21
5,0,21.0,287,0,11,1,12,135,4,21
5,0,20.0,172,3,11,3,9,87,3,29
5,0,28.0,249,0,17,0,2,123,1,18
5,0,28.0,249,0,1,0,3,4,0,18
5,0,28.0,249,0,1,0,15,51,1,18
5,0,28.0,249,0,1,0,6,128,1,18
5,0,29.0,191,1,17,1,4,45,0,16
5,0,29.0,191,1,5,0,10,22,1,16
5,0,31.0,290,4,4,2,6,7,3,20
4,11,12.0,118,1,16,0,4,75,1,28
5,10,1.0,208,2,3,0,4,127,1,7
4,11,30.0,170,6,12,0,0,53,4,19
4,9,11.0,52,4,9,2,0,77,3,9
5,0,12.0,113,6,9,0,13,48,1,28
5,0,12.0,113,6,11,1,10,22,1,28
5,0,12.0,113,6,5,0,8,118,1,28
5,0,20.0,172,3,3,0,8,41,3,29
5,0,20.0,172,3,21,1,15,51,1,29
5,0,20.0,172,3,18,0,5,12,2,29
5,0,21.0,287,0,8,0,6,89,2,21
5,0,28.0,249,0,2,2,9,27,0,18
5,0,28.0,249,0,19,1,11,15,0,18
5,0,29.0,191,1,16,0,0,26,3,16
5,0,28.0,249,0,12,0,6,132,1,18
5,0,29.0,191,1,1,3,10,22,1,16
5,0,31.0,290,4,0,0,4,45,0,20
5,0,31.0,290,4,18,0,4,121,1,20
5,0,31.0,290,4,14,0,2,123,2,20
4,11,12.0,118,1,0,1,13,69,0,28
4,11,12.0,118,1,1,0,8,41,1,28
4,11,12.0,118,1,6,0,0,53,0,28
4,11,12.0,118,1,10,1,16,37,1,28
4,9,11.0,52,4,10,2,14,25,0,9
4,9,11.0,52,4,8,0,8,33,2,9
4,9,21.0,362,3,16,1,14,97,1,21
4,9,21.0,362,3,15,2,8,27,3,21
5,0,21.0,287,0,17,1,14,25,0,21
5,0,21.0,287,0,8,2,7,120,0,21
5,0,21.0,287,0,2,2,14,32,0,21
5,0,21.0,287,0,16,1,12,56,4,21
5,0,28.0,249,0,2,1,9,134,4,18
5,0,29.0,191,1,8,0,0,77,1,16
5,0,29.0,191,1,14,0,10,22,3,16
5,0,29.0,191,1,2,1,9,95,4,16
5,0,31.0,290,4,19,0,11,15,2,20
5,2,29.0,140,3,20,0,10,22,1,16
4,11,12.0,118,1,9,0,0,96,1,28
4,9,11.0,52,4,15,0,13,29,2,9
4,9,11.0,52,4,2,1,3,79,4,9
4,9,11.0,52,4,2,0,5,6,0,9
4,9,21.0,362,3,13,0,8,33,2,21
4,9,21.0,362,3,14,0,0,12,2,21
4,7,11.0,197,4,2,0,14,24,2,9
4,7,13.0,238,6,8,1,7,120,4,25
4,7,13.0,238,6,22,1,15,51,4,25
4,7,19.0,330,5,21,1,10,52,0,10
4,7,19.0,330,5,5,0,10,30,0,10
4,7,19.0,330,5,5,0,9,27,3,10
4,7,19.0,330,5,19,0,2,92,3,10
4,7,19.0,330,5,16,0,10,22,2,10
4,7,21.0,81,3,11,0,3,76,1,21
4,7,21.0,81,3,6,1,0,12,0,21
5,0,11.0,10,5,2,0,4,5,1,9
5,0,12.0,113,6,0,1,1,16,0,28
5,0,12.0,113,6,6,1,1,59,0,28
5,4,11.0,121,3,5,0,0,53,0,9
3,8,1.0,66,0,4,0,8,9,4,7
5,0,11.0,10,5,4,1,15,31,2,9
4,1,7.0,32,6,0,1,7,62,4,11
5,0,22.0,241,1,3,1,9,83,4,26
4,6,6.0,83,3,22,0,8,118,1,23
4,7,4.0,186,4,0,1,8,19,0,30
5,0,12.0,113,6,1,0,3,115,0,28
4,7,13.0,238,6,1,1,12,61,1,25
4,6,6.0,83,3,13,0,2,92,4,23
4,1,7.0,32,6,23,0,7,20,0,11
4,3,5.0,324,0,12,1,8,19,0,24
5,4,11.0,121,3,22,0,8,9,4,9
5,0,11.0,10,5,19,1,5,6,2,9
4,7,4.0,186,4,5,1,12,121,1,30
4,7,13.0,238,6,12,0,15,108,1,25
4,5,5.0,96,2,4,1,0,26,1,24
5,4,12.0,134,0,14,0,2,40,1,28
5,0,20.0,172,3,15,0,15,51,1,29
4,7,11.0,197,4,0,0,10,47,3,9
4,7,13.0,238,6,2,0,5,6,0,25
4,6,3.0,99,4,13,0,14,97,2,27
4,5,15.0,200,6,3,0,13,21,1,1
5,4,14.0,345,2,11,0,10,52,1,5
5,8,18.0,75,5,8,3,11,124,4,0
4,7,11.0,197,4,19,0,2,13,1,9
4,7,13.0,238,6,14,0,9,93,4,25
4,6,3.0,99,4,13,0,10,43,2,27
4,5,14.0,36,5,8,0,9,102,2,5
4,6,6.0,83,3,12,2,9,93,3,23
4,5,14.0,36,5,6,1,5,64,0,5
5,4,14.0,345,2,15,1,14,125,4,5
4,7,19.0,330,5,8,0,3,30,2,10
5,0,20.0,172,3,23,0,15,31,2,29
4,7,13.0,238,6,6,0,8,9,1,25
4,10,5.0,336,0,16,0,15,31,1,24
3,3,24.0,357,4,13,3,5,12,0,14
4,5,21.0,351,5,21,0,11,122,1,21
5,4,14.0,345,2,0,0,0,85,1,5
4,7,19.0,330,5,12,0,7,20,3,10
5,4,21.0,339,2,21,0,8,9,1,21
4,7,21.0,81,3,12,0,9,95,1,21
4,1,5.0,219,4,13,0,6,89,2,24
4,10,5.0,336,0,22,0,6,7,0,24
5,0,20.0,172,3,10,0,0,26,3,29
5,4,21.0,339,2,15,0,5,12,3,21
4,3,4.0,285,3,6,0,9,93,4,30
4,10,5.0,336,0,9,0,4,4,3,24
4,10,5.0,336,0,20,0,2,69,2,24
4,7,13.0,238,6,3,0,2,92,3,25
5,0,20.0,172,3,2,0,9,95,3,29
5,0,20.0,172,3,22,0,11,90,2,29
5,0,20.0,172,3,22,0,6,7,2,29
5,2,2.0,143,0,15,0,14,25,3,22
5,2,2.0,143,0,5,0,16,42,2,22
5,2,2.0,143,0,16,1,7,57,4,22
5,2,2.0,143,0,8,0,2,13,0,22
5,7,1.0,98,3,17,0,10,22,1,7
5,2,3.0,282,1,6,0,5,12,2,27
5,2,2.0,143,0,3,0,8,27,0,22
5,2,3.0,282,1,15,0,16,50,1,27
5,2,3.0,282,1,9,0,8,9,1,27
5,2,11.0,297,2,15,0,8,19,4,9
5,2,11.0,297,2,2,0,11,10,1,9
5,2,11.0,297,2,1,0,0,68,1,9
5,2,11.0,297,2,1,0,6,89,1,9
5,2,11.0,297,2,18,0,0,77,1,9
5,2,14.0,231,6,17,0,2,86,4,5
5,4,20.0,115,1,23,1,16,37,4,29
5,2,12.0,128,4,11,0,16,37,2,28
5,0,5.0,122,6,19,1,14,125,0,24
5,0,4.0,229,5,1,3,5,12,2,30
5,0,4.0,229,5,21,0,0,15,1,30
4,7,3.0,269,2,17,1,9,95,4,27
4,3,5.0,324,0,20,1,11,18,1,24
5,0,22.0,241,1,4,0,2,35,4,26
4,5,11.0,326,1,14,3,2,69,1,9
5,9,17.0,255,1,8,3,14,32,0,6
5,3,9.0,44,4,17,0,1,81,4,12
5,1,12.0,353,2,17,1,1,11,4,28
3,2,27.0,136,4,23,0,14,24,2,15
5,7,17.0,95,1,20,1,10,52,4,6
5,7,17.0,95,1,6,1,15,31,0,6
5,3,2.0,120,4,2,1,9,10,1,22
5,4,5.0,235,0,2,1,5,6,0,24
5,4,5.0,235,0,1,1,0,12,0,24
5,4,30.0,139,5,12,0,14,24,2,19
5,0,3.0,334,4,13,1,0,12,1,27
3,8,1.0,66,0,4,0,9,10,4,7
3,0,1.0,8,0,13,0,2,2,4,7
5,2,28.0,257,6,6,1,0,0,0,18
5,2,28.0,257,6,15,1,7,120,1,18
5,2,28.0,257,6,17,0,5,6,2,18
5,2,29.0,140,3,3,0,5,6,3,16
5,2,30.0,131,0,12,0,4,45,3,19
5,2,30.0,131,0,9,1,8,33,0,19
5,0,6.0,260,3,16,2,8,65,0,23
5,0,6.0,260,3,4,0,8,118,3,23
5,0,6.0,260,3,1,1,14,125,1,23
5,0,11.0,10,5,17,0,14,125,2,9
5,6,27.0,116,6,10,1,7,137,0,15
5,10,1.0,208,2,16,1,8,9,0,7
5,10,1.0,208,2,3,0,5,6,2,7
5,10,1.0,208,2,9,0,13,123,3,7
5,10,2.0,358,4,17,0,2,13,0,22
5,10,2.0,358,4,13,2,10,47,0,22
5,10,2.0,358,4,13,0,10,47,3,22
5,10,2.0,358,4,19,0,5,12,2,22
5,10,11.0,298,6,8,0,3,115,3,9
5,10,11.0,298,6,8,1,3,30,1,9
5,10,11.0,298,6,9,0,2,13,0,9
5,10,12.0,333,3,5,0,16,50,1,28
4,9,22.0,92,0,19,0,2,13,1,26
5,6,19.0,291,5,5,3,14,110,0,10
5,6,26.0,348,5,22,3,10,52,3,3
4,7,5.0,204,5,11,0,13,13,1,24
4,7,5.0,204,5,13,0,1,35,2,24
4,7,12.0,181,5,18,0,5,0,2,28
4,7,12.0,181,5,15,1,16,37,0,28
5,2,22.0,209,3,4,0,5,12,2,26
5,1,20.0,151,4,18,0,1,67,1,29
4,5,3.0,161,0,18,0,0,77,1,27
5,8,27.0,78,3,13,0,2,2,3,15
4,5,31.0,196,0,15,2,9,93,4,20
4,6,23.0,84,2,18,0,16,37,3,17
5,2,27.0,136,5,18,0,14,25,0,15
4,7,20.0,266,6,1,0,10,47,3,29
5,4,21.0,339,2,21,1,5,64,0,21
4,5,21.0,351,5,15,0,14,106,3,21
5,2,11.0,297,2,5,1,10,47,1,9
5,0,21.0,287,0,21,1,16,72,0,21
4,10,15.0,60,4,0,1,7,20,2,1
5,4,21.0,339,2,9,0,14,25,1,21
4,3,4.0,285,3,22,0,12,84,3,30
4,5,21.0,351,5,13,0,11,18,1,21
5,2,11.0,297,2,3,0,9,134,1,9
5,2,11.0,297,2,4,0,2,92,0,9
5,0,28.0,249,0,15,2,13,29,3,18
5,4,22.0,152,4,20,0,13,48,4,26
4,3,6.0,303,1,4,0,14,24,4,23
5,2,14.0,231,6,21,1,5,64,0,5
4,5,21.0,351,5,20,0,4,82,3,21
5,0,28.0,249,0,18,0,0,26,3,18
5,4,22.0,152,4,12,0,8,9,2,26
5,7,12.0,181,4,23,3,14,24,1,28
5,2,14.0,231,6,9,0,15,39,0,5
4,5,21.0,351,5,15,2,11,8,2,21
4,10,15.0,60,4,12,0,13,21,2,1
4,9,11.0,52,4,13,0,2,2,1,9
5,0,28.0,249,0,9,0,3,115,1,18
5,4,28.0,218,2,5,0,14,24,2,18
5,2,28.0,257,6,19,0,0,64,1,18
3,2,11.0,297,1,13,0,11,15,2,9
5,4,28.0,218,2,3,0,2,123,0,18
5,2,28.0,257,6,3,0,6,89,3,18
4,6,6.0,83,3,5,0,16,130,3,23
4,10,23.0,247,5,5,3,10,52,1,17
5,0,29.0,191,1,22,1,16,113,1,16
5,10,1.0,208,2,17,0,1,11,4,7
4,7,19.0,330,5,2,0,2,2,1,10
4,6,6.0,83,3,8,0,14,24,2,23
4,10,23.0,247,5,10,1,7,31,0,17
5,2,28.0,257,6,12,1,9,10,4,18
5,0,29.0,191,1,4,0,14,24,3,16
5,7,2.0,160,0,2,0,13,29,4,22
5,2,3.0,282,1,17,0,9,101,2,27
4,7,21.0,81,3,13,0,10,52,3,21
4,6,6.0,83,3,14,0,11,94,4,23
5,2,29.0,140,3,6,2,5,12,3,16
5,0,28.0,249,0,8,0,10,47,0,18
5,0,31.0,290,4,6,0,1,59,1,20
5,0,31.0,290,4,15,0,0,26,2,20
5,0,31.0,290,4,8,2,14,88,0,20
5,8,30.0,103,2,22,0,12,17,0,19
5,4,2.0,141,5,12,0,14,34,0,22
5,4,10.0,79,6,16,0,13,38,0,4
5,4,11.0,121,3,22,0,2,2,1,9
5,4,11.0,121,3,8,1,9,54,4,9
5,4,12.0,134,0,20,1,3,30,2,28
5,4,14.0,345,2,15,0,16,37,1,5
5,4,14.0,345,2,2,0,4,45,3,5
5,4,21.0,339,2,6,0,0,64,0,21
5,4,21.0,339,2,13,0,8,9,4,21
5,4,21.0,339,2,22,0,13,28,3,21
5,4,21.0,339,2,19,0,13,29,1,21
4,1,22.0,164,3,13,1,12,56,4,26
4,8,24.0,85,5,18,2,10,22,3,14
4,4,24.0,27,3,17,0,9,93,1,14
5,4,22.0,152,4,3,0,5,12,1,26
5,4,22.0,152,4,19,1,14,126,4,26
5,2,2.0,143,0,4,0,14,34,0,22
5,2,2.0,143,0,2,0,4,4,3,22
5,2,2.0,143,0,3,0,15,39,2,22
4,9,14.0,106,3,4,1,9,102,4,5
4,7,6.0,93,6,12,0,14,110,3,23
5,6,10.0,149,2,18,1,0,77,4,4
5,6,10.0,149,2,14,3,15,96,3,4
4,9,4.0,295,4,11,1,8,33,0,30
4,9,27.0,179,6,10,0,14,24,1,15
5,6,28.0,309,3,17,3,10,22,1,18
5,10,19.0,117,3,20,0,11,18,1,10
5,1,19.0,29,2,20,1,12,80,4,10
4,1,14.0,183,6,22,0,10,22,2,5
4,4,31.0,67,3,5,0,6,89,2,20
4,0,7.0,15,1,12,0,5,12,2,11
5,0,3.0,334,4,8,3,10,47,1,27
5,7,2.0,160,0,8,1,0,12,1,22
5,3,17.0,54,5,4,0,16,37,1,6
5,4,30.0,139,5,5,1,9,134,4,19
5,3,17.0,54,5,14,0,16,139,3,6
5,5,3.0,161,3,17,0,3,115,2,27
5,0,14.0,5,0,18,2,10,23,3,5
4,11,20.0,340,2,12,0,7,57,2,29
3,7,1.0,98,6,13,0,13,28,4,7
5,5,29.0,24,5,0,1,11,98,4,16
4,9,4.0,295,4,13,0,3,30,3,30
4,9,14.0,106,3,19,0,1,1,1,5
5,2,2.0,143,0,3,0,14,25,2,22
5,2,3.0,282,1,9,0,7,122,3,27
5,2,11.0,297,2,17,0,4,127,2,9
5,2,11.0,297,2,16,0,0,12,3,9
5,2,11.0,297,2,17,2,6,89,1,9
4,9,21.0,362,3,9,0,10,47,3,21
4,9,21.0,362,3,18,0,12,100,4,21
4,7,4.0,186,4,3,0,2,123,2,30
4,7,11.0,197,4,5,0,2,86,1,9
4,7,11.0,197,4,17,1,13,28,0,9
4,7,13.0,238,6,10,1,3,76,0,25
4,7,19.0,330,5,3,0,13,48,4,10
4,7,19.0,330,5,22,0,13,123,4,10
4,7,19.0,330,5,18,0,4,66,2,10
4,7,21.0,81,3,17,0,2,86,4,21
4,3,4.0,285,3,6,0,5,6,1,30
4,3,4.0,285,3,22,0,10,22,0,30
4,3,4.0,285,3,11,0,2,40,2,30
4,3,6.0,303,1,17,0,5,12,2,23
4,3,6.0,303,1,22,1,1,59,1,23
4,3,6.0,303,1,14,0,4,66,2,23
4,3,6.0,303,1,13,0,8,27,2,23
4,3,29.0,325,4,0,1,10,52,0,16
4,3,29.0,325,4,5,0,14,110,3,16
4,3,29.0,325,4,11,0,11,15,3,16
4,3,29.0,325,4,1,0,12,84,1,16
4,5,6.0,277,4,4,1,12,121,1,23
4,5,6.0,277,4,9,0,8,41,1,23
4,5,12.0,327,2,16,0,0,12,3,28
4,5,12.0,327,2,16,1,14,110,2,28
4,10,23.0,247,5,19,0,9,95,3,17
4,7,21.0,81,3,5,1,1,11,4,21
5,2,3.0,282,1,21,0,12,100,1,27
4,10,5.0,336,0,23,0,11,15,1,24
4,10,15.0,60,4,17,0,0,12,0,1
5,3,2.0,120,4,12,0,13,29,3,22
5,2,28.0,257,6,1,1,11,94,4,18
4,7,21.0,81,3,2,0,9,102,0,21
5,2,2.0,143,0,22,0,16,50,3,22
4,1,4.0,286,2,6,0,8,41,0,30
4,10,23.0,247,5,23,0,7,57,0,17
5,3,17.0,54,5,23,1,13,99,1,6
5,2,29.0,140,3,0,0,10,52,1,16
4,7,21.0,81,3,23,1,11,98,1,21
4,3,4.0,285,3,3,0,4,79,2,30
4,3,6.0,303,1,3,0,9,101,2,23
4,3,6.0,303,1,8,0,0,15,1,23
4,3,6.0,303,1,8,0,9,109,2,23
5,10,1.0,208,2,17,0,7,137,4,7
5,0,20.0,172,3,5,0,14,24,2,29
4,11,30.0,170,6,15,2,4,66,0,19
4,9,11.0,52,4,16,1,1,105,0,9
4,9,11.0,52,4,2,0,13,28,2,9
4,9,11.0,52,4,19,0,6,89,1,9
4,9,11.0,52,4,18,1,2,69,0,9
4,9,21.0,362,3,16,0,3,30,1,21
4,9,21.0,362,3,23,0,4,66,2,21
4,9,21.0,362,3,14,0,5,64,1,21
4,7,4.0,186,4,15,1,9,134,4,30
4,7,4.0,186,4,18,0,9,63,1,30
4,7,11.0,197,4,8,0,13,48,3,9
4,7,11.0,197,4,19,1,11,15,1,9
4,7,11.0,197,4,18,0,5,12,1,9
4,8,11.0,306,6,20,0,10,22,2,9
4,8,27.0,78,0,23,0,9,63,1,15
4,4,9.0,18,6,6,0,0,53,4,12
4,4,9.0,18,6,19,0,3,30,3,12
4,4,9.0,18,6,19,0,5,6,0,12
4,4,9.0,18,6,5,1,1,67,4,12
4,4,28.0,218,4,21,1,7,120,0,18
4,4,28.0,218,4,20,1,11,15,1,18
4,4,28.0,218,4,1,0,2,40,4,18
4,4,28.0,218,4,4,1,15,114,1,18
4,2,4.0,254,4,16,0,15,51,3,30
4,2,4.0,254,4,3,1,6,7,0,30
4,2,4.0,254,4,12,0,10,22,3,30
4,2,4.0,254,4,0,1,8,33,0,30
4,2,17.0,6,2,20,2,5,6,0,6
4,2,17.0,6,2,3,0,16,50,1,6
4,2,17.0,6,2,2,0,0,26,1,6
4,2,17.0,6,2,14,0,9,102,1,6
4,2,17.0,6,2,4,0,4,75,4,6
4,2,17.0,6,2,18,0,5,64,3,6
4,0,4.0,229,6,10,1,0,53,0,30
4,0,4.0,229,6,15,0,3,30,0,30
4,7,10.0,329,2,6,0,11,15,0,4
4,3,7.0,289,2,18,1,7,8,0,11
4,5,9.0,206,3,18,2,14,88,3,12
4,5,9.0,206,3,14,3,13,99,3,12
5,8,16.0,73,2,11,0,3,30,4,2
3,3,30.0,304,2,1,0,2,123,1,19
5,11,29.0,270,4,4,0,14,24,1,16
5,9,5.0,89,4,23,1,0,12,1,24
3,0,7.0,15,3,17,0,10,43,1,11
5,7,13.0,238,5,20,1,10,47,1,25
5,7,15.0,205,3,14,1,3,115,1,1
5,10,15.0,60,2,13,0,11,15,0,1
5,11,6.0,252,1,3,0,4,79,2,23
2,6,1.0,352,6,17,0,15,96,1,7
3,0,7.0,15,3,12,3,3,76,0,11
4,7,6.0,93,6,8,0,12,61,1,23
5,3,1.0,180,2,8,0,0,26,1,7
4,7,6.0,93,6,13,0,9,93,2,23
5,1,29.0,112,6,19,0,8,41,2,16
5,5,1.0,109,5,0,0,15,31,1,7
3,7,1.0,98,6,5,0,6,7,0,7
5,4,5.0,235,0,15,1,8,27,0,24
5,3,1.0,180,2,19,0,10,22,1,7
3,3,1.0,180,1,11,0,5,6,1,7
5,4,30.0,139,5,8,0,7,57,2,19
3,3,25.0,347,5,5,0,10,22,1,13
4,9,4.0,295,4,22,3,9,10,0,30
4,3,3.0,182,6,9,1,11,98,4,27
4,7,30.0,42,1,14,0,7,120,1,19
4,10,14.0,174,2,9,1,15,46,0,5
4,7,10.0,329,2,22,0,0,77,1,4
4,7,15.0,205,0,12,0,0,96,1,1
4,7,23.0,202,1,15,0,9,95,4,17
5,2,3.0,282,1,5,0,0,64,3,27
4,10,23.0,247,5,19,3,6,89,0,17
5,4,5.0,235,0,19,3,9,27,3,24
5,2,29.0,140,3,19,0,8,65,1,16
4,5,6.0,277,4,9,1,0,53,0,23
5,2,3.0,282,1,18,0,15,112,1,27
5,4,5.0,235,0,17,1,10,12,0,24
5,2,2.0,143,0,8,0,16,72,1,22
5,2,11.0,297,2,16,2,0,12,3,9
5,4,5.0,235,0,12,1,11,15,0,24
5,10,27.0,302,0,2,1,1,59,1,15
5,1,1.0,203,6,12,0,0,64,2,7
5,1,5.0,219,2,17,0,14,107,1,24
5,1,21.0,45,5,3,1,10,12,0,21
5,1,21.0,45,5,19,1,5,6,2,21
5,1,27.0,262,4,23,1,13,48,0,15
5,8,2.0,77,2,16,1,1,67,0,22
5,8,2.0,77,2,12,0,10,22,3,22
5,1,30.0,100,3,9,0,5,12,0,19
5,8,12.0,284,6,0,2,2,2,0,28
5,8,30.0,103,2,16,0,10,30,0,19
5,4,2.0,141,5,3,1,12,121,4,22
5,4,10.0,79,6,9,0,8,41,1,4
5,4,11.0,121,3,5,0,2,13,4,9
5,4,10.0,79,6,15,0,6,7,2,4
5,4,11.0,121,3,18,0,10,47,0,9
5,4,10.0,79,6,0,1,14,97,1,4
4,1,7.0,32,6,9,0,13,99,1,11
5,4,12.0,134,0,4,0,5,6,0,28
5,4,14.0,345,2,6,0,0,85,3,5
5,4,21.0,339,2,0,0,3,115,3,21
4,7,21.0,81,3,2,2,12,84,3,21
4,7,21.0,81,3,19,0,5,6,3,21
4,3,4.0,285,3,0,0,13,48,1,30
4,3,4.0,285,3,17,1,1,105,0,30
4,3,4.0,285,3,2,0,5,6,2,30
4,3,4.0,285,3,13,0,9,27,0,30
4,3,4.0,285,3,2,3,3,30,0,30
4,3,6.0,303,1,5,0,8,9,1,23
4,3,6.0,303,1,13,1,3,76,4,23
4,3,6.0,303,1,8,0,5,6,0,23
4,3,6.0,303,1,14,0,0,64,2,23
4,5,12.0,327,2,3,0,5,12,0,28
5,7,18.0,154,2,4,0,1,67,0,0
4,5,12.0,327,2,12,1,15,39,0,28
4,5,14.0,36,5,3,0,5,6,3,5
4,5,14.0,36,5,4,1,12,58,1,5
4,5,21.0,351,5,20,0,0,77,0,21
4,6,6.0,83,3,17,0,15,51,1,23
5,1,1.0,203,6,17,0,8,27,1,7
4,10,5.0,336,0,6,0,8,27,3,24
4,10,15.0,60,4,13,0,9,27,0,1
4,10,15.0,60,4,3,0,11,124,3,1
4,10,15.0,60,4,6,0,10,22,1,1
4,1,4.0,286,2,11,0,2,13,1,30
4,3,29.0,325,4,15,0,5,64,3,16
4,3,29.0,325,4,13,1,9,87,4,16
4,3,29.0,325,4,19,0,2,40,2,16
4,5,12.0,327,2,17,0,5,6,3,28
4,5,12.0,327,2,16,0,10,30,1,28
4,5,12.0,327,2,4,0,14,25,2,28
4,5,14.0,36,5,16,1,0,31,0,5
4,5,15.0,200,6,6,0,10,47,1,1
4,5,14.0,36,5,13,0,8,41,2,5
4,5,15.0,200,6,4,0,15,96,2,1
4,5,15.0,200,6,15,1,14,97,4,1
4,5,15.0,200,6,9,0,10,47,0,1
4,5,21.0,351,5,23,1,2,35,4,21
4,5,21.0,351,5,4,0,13,28,0,21
4,10,15.0,60,4,18,0,3,115,1,1
4,10,15.0,60,4,9,0,9,95,4,1
4,10,23.0,247,5,13,0,10,47,1,17
4,10,23.0,247,5,7,1,10,22,0,17
4,10,23.0,247,5,6,1,12,84,0,17
4,10,23.0,247,5,14,0,9,134,4,17
4,1,4.0,286,2,17,0,15,112,1,30
4,1,4.0,286,2,6,0,5,6,0,30
5,2,11.0,297,2,21,1,5,64,0,9
4,10,23.0,247,5,9,0,2,86,0,17
5,4,29.0,313,4,5,0,0,68,0,16
4,10,23.0,247,5,18,0,11,117,1,17
5,2,11.0,297,2,21,0,0,12,0,9
4,1,4.0,286,2,15,0,0,77,1,30
5,0,3.0,334,4,19,0,0,77,1,27
5,2,30.0,131,0,6,1,0,64,0,19
4,1,4.0,286,2,17,0,0,12,0,30
5,0,14.0,5,0,21,1,11,133,0,5
5,2,28.0,257,6,13,0,2,69,0,18
5,2,30.0,131,0,22,2,6,89,0,19
4,1,4.0,286,2,12,0,5,12,0,30
5,5,20.0,214,2,9,1,10,23,1,29
5,4,11.0,121,3,12,0,10,6,3,9
5,2,30.0,131,0,8,2,9,93,3,19
5,2,29.0,140,3,1,2,8,118,3,16
5,0,6.0,260,3,19,0,2,86,1,23
5,0,6.0,260,3,14,0,9,102,1,23
5,0,6.0,260,3,2,0,16,37,3,23
5,0,11.0,10,5,1,0,4,127,4,9
5,0,12.0,113,6,11,1,12,17,4,28
4,7,21.0,81,3,13,0,2,86,1,21
4,3,4.0,285,3,15,0,2,92,2,30
4,3,4.0,285,3,12,0,11,133,2,30
4,3,4.0,285,3,13,3,9,54,0,30
4,3,29.0,325,4,6,0,2,92,1,16
4,3,29.0,325,4,3,0,14,88,3,16
4,3,29.0,325,4,12,2,9,27,0,16
4,3,29.0,325,4,19,0,1,11,4,16
4,3,29.0,325,4,2,2,7,120,2,16
4,5,6.0,277,4,7,1,0,64,0,23
4,5,12.0,327,2,17,1,10,47,2,28
4,5,12.0,327,2,23,0,10,23,1,28
4,5,12.0,327,2,13,0,8,41,1,28
4,5,14.0,36,5,17,0,2,40,2,5
4,5,14.0,36,5,10,0,8,9,1,5
4,5,14.0,36,5,12,0,9,49,3,5
4,5,14.0,36,5,1,0,7,120,4,5
5,0,21.0,287,0,10,1,4,45,0,21
5,0,21.0,287,0,15,0,4,75,1,21
5,0,21.0,287,0,18,0,1,1,1,21
5,0,6.0,260,3,13,0,10,22,4,23
5,0,6.0,260,3,13,0,8,33,2,23
5,0,29.0,191,1,17,0,8,41,1,16
5,0,29.0,191,1,6,0,10,47,0,16
5,0,29.0,191,1,0,0,12,80,2,16
5,0,29.0,191,1,16,0,10,47,3,16
5,0,31.0,290,4,6,0,6,116,4,20
5,0,31.0,290,4,7,1,1,11,0,20
5,0,31.0,290,4,21,2,0,15,1,20
5,0,31.0,290,4,20,0,5,64,3,20
5,0,31.0,290,4,13,0,13,36,4,20
5,0,31.0,290,4,17,1,3,70,2,20
5,0,31.0,290,4,14,2,6,7,3,20
4,11,12.0,118,1,16,0,10,47,0,28
4,11,30.0,170,6,0,0,9,101,1,19
4,11,30.0,170,6,10,1,0,0,0,19
4,11,30.0,170,6,8,0,1,59,1,19
4,11,30.0,170,6,4,0,2,2,0,19
4,11,30.0,170,6,1,0,5,12,2,19
4,9,11.0,52,4,3,0,1,67,4,9
4,9,11.0,52,4,3,2,2,60,2,9
4,9,21.0,362,3,10,0,5,12,1,21
4,9,21.0,362,3,22,0,0,77,0,21
4,9,21.0,362,3,20,1,1,67,4,21
4,7,4.0,186,4,7,1,0,12,0,30
4,7,4.0,186,4,13,0,3,44,4,30
4,1,6.0,97,5,16,1,9,87,0,23
5,4,12.0,134,0,2,0,2,92,4,28
5,5,29.0,24,5,19,0,10,47,0,16
5,4,12.0,134,0,23,0,12,61,4,28
4,1,6.0,97,5,0,1,7,62,0,23
4,7,6.0,93,6,4,0,3,30,4,23
5,4,12.0,134,0,1,2,1,67,0,28
4,1,4.0,286,2,5,1,10,22,4,30
4,3,5.0,324,0,19,1,11,18,0,24
4,1,4.0,286,2,13,0,8,118,3,30
5,8,29.0,301,1,9,0,5,6,3,16
5,4,12.0,134,0,2,0,0,15,2,28
4,1,6.0,97,5,17,1,5,64,0,23
4,1,14.0,183,6,3,0,14,131,2,5
5,4,14.0,345,2,19,0,1,35,4,5
4,1,6.0,97,5,7,1,6,7,0,23
4,1,14.0,183,6,6,0,0,64,4,5
5,4,14.0,345,2,11,1,1,67,4,5
5,4,14.0,345,2,18,0,4,75,1,5
5,4,21.0,339,2,15,0,13,13,1,21
5,4,10.0,79,6,1,0,16,39,2,4
5,4,22.0,152,4,10,1,16,139,4,26
5,4,28.0,218,2,16,0,5,12,3,18
5,4,28.0,218,2,13,0,0,0,1,18
5,2,2.0,143,0,2,0,15,85,4,22
5,2,2.0,143,0,3,0,4,138,2,22
5,2,3.0,282,1,6,0,4,75,1,27
5,2,3.0,282,1,3,0,13,28,2,27
5,2,3.0,282,1,14,1,11,133,0,27
5,2,3.0,282,1,14,0,9,102,3,27
5,2,11.0,297,2,5,0,1,105,1,9
5,2,28.0,257,6,7,2,12,100,0,18
5,2,28.0,257,6,5,1,11,124,4,18
5,4,28.0,218,2,22,0,4,45,0,18
5,4,28.0,218,2,14,0,1,35,4,18
5,2,2.0,143,0,16,0,6,7,0,22
5,2,2.0,143,0,19,1,9,93,4,22
5,2,3.0,282,1,15,0,5,64,2,27
5,2,3.0,282,1,8,0,15,108,1,27
5,2,3.0,282,1,8,2,13,38,2,27
5,2,11.0,297,2,11,0,10,47,0,9
5,2,11.0,297,2,14,0,8,9,4,9
5,2,11.0,297,2,14,0,7,54,3,9
5,2,14.0,231,6,10,0,5,12,2,5
5,2,11.0,297,2,7,0,3,79,1,9
5,2,14.0,231,6,12,0,13,38,0,5
5,2,28.0,257,6,5,0,14,32,4,18
5,2,30.0,131,0,0,0,1,16,1,19
5,2,30.0,131,0,19,0,14,97,1,19
5,2,30.0,131,0,18,0,10,47,3,19
5,0,6.0,260,3,23,0,16,65,0,23
5,0,11.0,10,5,13,0,6,7,3,9
5,0,11.0,10,5,18,0,1,67,3,9
5,0,11.0,10,5,18,1,8,9,1,9
5,0,12.0,113,6,21,1,5,64,0,28
5,0,12.0,113,6,10,0,11,94,2,28
5,2,28.0,257,6,11,0,8,27,0,18
5,2,28.0,257,6,15,0,0,31,2,18
5,2,28.0,257,6,3,0,10,22,1,18
5,2,28.0,257,6,14,0,3,70,1,18
5,2,28.0,257,6,14,0,8,9,0,18
5,2,28.0,257,6,9,1,0,77,4,18
5,2,29.0,140,3,3,1,2,92,4,16
5,2,30.0,131,0,8,0,0,68,0,19
4,1,6.0,97,5,9,0,14,34,1,23
4,1,24.0,64,1,13,1,3,103,4,14
4,1,7.0,32,6,13,0,15,31,1,11
4,1,24.0,64,1,20,3,8,33,0,14
4,1,6.0,97,5,8,1,5,64,1,23
5,7,10.0,329,1,20,1,5,12,1,4
4,1,7.0,32,6,8,0,4,82,1,11
5,3,11.0,337,6,9,0,15,31,0,9
5,3,11.0,337,6,11,0,8,41,2,9
4,1,7.0,32,6,1,1,6,128,1,11
4,1,12.0,353,4,0,0,11,94,3,28
4,1,12.0,353,4,10,2,16,113,2,28
5,9,1.0,126,3,17,0,1,67,2,7
3,10,1.0,208,1,7,0,0,26,1,7
5,3,10.0,4,5,9,2,9,95,3,4
5,3,27.0,361,0,17,1,3,30,4,15
5,6,26.0,348,5,14,0,13,21,2,3
5,10,26.0,61,3,19,1,13,48,0,3
4,7,29.0,268,0,5,1,0,12,1,16
4,3,28.0,187,2,13,1,13,48,1,18
4,5,4.0,114,1,1,3,3,115,3,30
5,1,4.0,286,1,2,0,0,26,3,30
4,6,23.0,84,2,13,3,16,72,4,17
3,10,1.0,208,1,17,0,8,118,1,7
4,4,21.0,339,4,5,3,5,6,2,21
5,8,20.0,319,3,20,1,12,17,1,29
5,8,27.0,78,3,4,0,14,24,0,15
4,3,6.0,303,1,14,1,9,10,4,23
4,3,6.0,303,1,22,1,9,134,4,23
4,3,29.0,325,4,22,1,10,12,0,16
4,5,6.0,277,4,15,0,2,40,2,23
4,5,14.0,36,5,12,0,10,47,3,5
4,5,14.0,36,5,11,1,11,15,1,5
4,5,15.0,200,6,16,1,9,57,0,1
4,5,15.0,200,6,21,0,4,75,1,1
4,5,15.0,200,6,16,0,12,61,1,1
4,5,15.0,200,6,13,0,2,2,1,1
4,5,15.0,200,6,13,0,0,15,0,1
5,0,11.0,10,5,5,3,6,7,0,9
4,5,15.0,200,6,2,2,9,87,2,1
4,5,21.0,351,5,21,1,10,52,4,21
4,5,21.0,351,5,22,0,1,35,2,21
4,5,21.0,351,5,14,0,2,2,1,21
4,5,21.0,351,5,14,0,7,20,2,21
4,6,6.0,83,3,20,0,16,72,1,23
4,6,6.0,83,3,22,0,8,9,0,23
4,6,6.0,83,3,3,0,4,76,3,23
4,6,6.0,83,3,19,0,13,13,1,23
4,10,5.0,336,0,17,0,15,114,3,24
5,3,17.0,54,5,12,3,12,56,0,6
5,5,12.0,327,1,16,0,5,12,0,28
5,5,20.0,214,2,4,3,5,64,3,29
4,9,14.0,106,3,18,2,2,2,3,5
3,1,1.0,203,5,18,0,1,105,1,7
4,9,14.0,106,3,8,0,7,8,3,5
4,7,6.0,93,6,18,1,12,56,1,23
5,10,19.0,117,3,4,1,13,38,0,10
5,8,11.0,306,5,17,1,0,64,1,9
4,1,23.0,69,0,3,1,9,83,4,17
4,4,31.0,67,3,22,0,14,106,2,20
5,8,28.0,224,0,1,0,2,40,3,18
4,1,12.0,353,4,13,0,5,6,2,28
4,1,12.0,353,4,2,2,1,11,3,28
4,1,12.0,353,4,19,0,6,132,4,28
4,1,13.0,207,5,8,0,5,6,0,25
4,1,13.0,207,5,4,0,5,6,3,25
4,1,13.0,207,5,9,0,10,47,0,25
4,1,22.0,164,3,22,0,6,91,3,26
4,8,6.0,87,0,20,0,8,27,1,23
4,8,6.0,87,0,12,0,5,6,3,23
4,8,6.0,87,0,1,0,13,21,3,23
4,8,15.0,72,2,12,0,0,12,3,1
4,10,15.0,60,4,4,2,12,56,2,1
4,10,23.0,247,5,17,0,2,92,1,17
4,10,23.0,247,5,21,1,11,55,0,17
4,10,23.0,247,5,17,1,7,54,2,17
4,10,23.0,247,5,18,0,4,75,4,17
4,1,4.0,286,2,0,0,10,12,0,30
4,1,6.0,97,5,20,0,12,121,3,23
4,1,6.0,97,5,18,1,0,85,2,23
4,1,7.0,32,6,2,1,6,128,1,11
4,1,4.0,286,2,4,0,8,9,1,30
4,1,12.0,353,4,6,0,8,19,3,28
4,1,12.0,353,4,23,0,6,89,0,28
4,1,12.0,353,4,3,0,11,18,1,28
4,1,12.0,353,4,12,1,6,7,0,28
4,1,13.0,207,5,14,0,4,66,3,25
4,1,13.0,207,5,4,0,2,2,3,25
4,1,13.0,207,5,9,0,4,4,3,25
4,8,6.0,87,0,6,2,13,21,2,23
4,8,6.0,87,0,15,0,5,6,0,23
4,8,6.0,87,0,20,0,11,15,2,23
4,8,15.0,72,2,2,0,6,91,2,1
4,8,15.0,72,2,12,0,2,86,3,1
4,8,15.0,72,2,14,0,13,28,1,1
4,8,16.0,73,4,8,0,8,41,2,2
4,8,16.0,73,4,2,0,6,73,1,2
4,1,6.0,97,5,2,2,8,19,0,23
4,1,7.0,32,6,23,1,10,23,1,11
4,1,7.0,32,6,17,1,3,70,4,11
4,1,6.0,97,5,20,1,0,26,2,23
4,1,12.0,353,4,0,0,11,15,3,28
4,1,12.0,353,4,13,0,15,46,3,28
4,1,12.0,353,4,14,0,11,98,4,28
4,1,13.0,207,5,23,0,2,86,1,25
4,1,13.0,207,5,14,0,2,2,3,25
4,1,4.0,286,2,17,1,4,136,1,30
4,8,6.0,87,0,20,0,15,112,1,23
3,1,30.0,100,6,13,4,14,24,3,19
3,2,20.0,264,4,3,4,4,127,3,29
3,1,30.0,100,6,12,4,6,7,3,19
3,1,30.0,100,6,12,4,13,123,3,19
3,2,20.0,264,4,4,4,7,137,3,29
3,1,30.0,100,6,18,4,1,59,4,19
3,2,20.0,264,4,4,4,7,137,3,29
3,1,30.0,100,6,6,4,9,95,3,19
3,1,30.0,100,6,11,4,0,68,3,19
3,2,20.0,264,4,18,4,8,27,3,29
3,1,30.0,100,6,19,4,14,106,4,19
3,1,30.0,100,6,4,4,0,64,0,19
3,2,20.0,264,4,18,4,6,128,1,29
3,8,4.0,299,4,4,4,10,47,3,30
3,8,4.0,299,4,18,4,16,50,4,30
3,4,6.0,176,0,1,4,14,126,4,23
3,8,4.0,299,4,20,4,11,0,3,30
3,3,17.0,54,4,9,4,6,91,4,6
2,3,29.0,304,0,11,4,2,2,3,16
3,8,4.0,299,4,14,4,7,120,4,30
3,8,4.0,299,4,19,4,14,24,1,30
3,8,4.0,299,4,18,4,11,55,4,30
3,8,4.0,299,4,9,4,15,114,3,30
3,8,4.0,299,4,14,4,1,11,4,30
3,8,4.0,299,4,1,4,9,87,4,30
3,8,6.0,87,6,1,4,0,53,3,23
3,8,6.0,87,6,17,4,5,12,3,23
3,8,6.0,87,6,22,4,8,41,3,23
3,1,22.0,164,5,4,4,2,86,4,26
3,1,22.0,164,5,5,4,14,125,3,26
3,4,6.0,176,0,14,4,6,132,4,23
3,1,22.0,164,5,19,4,13,28,0,26
3,1,22.0,164,5,18,4,1,81,4,26
3,8,5.0,101,5,2,4,13,28,3,24
3,8,5.0,101,5,19,4,9,54,3,24
3,8,5.0,101,5,19,4,2,123,3,24
3,8,5.0,101,5,1,4,14,25,3,24
3,8,5.0,101,5,4,4,9,10,4,24
3,8,5.0,101,5,9,4,12,104,4,24
3,8,5.0,101,5,18,4,6,89,3,24
3,8,5.0,101,5,13,4,13,48,0,24
3,8,5.0,101,5,18,4,12,80,4,24
3,8,5.0,101,5,19,4,4,82,3,24
3,8,12.0,284,5,9,4,12,80,4,28
3,8,12.0,284,5,1,4,13,48,3,28
3,8,12.0,284,5,4,4,13,69,3,28
3,8,12.0,284,5,19,4,10,52,3,28
3,0,8.0,9,0,8,4,9,57,0,8
3,0,8.0,9,0,21,4,15,39,3,8
3,0,8.0,9,0,7,4,8,27,3,8
3,1,28.0,300,4,1,4,14,25,3,18
3,0,21.0,287,3,8,4,1,105,3,21
3,0,21.0,287,3,18,4,1,35,4,21
3,0,21.0,287,3,19,4,10,12,3,21
3,0,21.0,287,3,1,4,8,9,4,21
3,0,21.0,287,3,1,4,0,85,3,21
3,0,21.0,287,3,2,4,2,69,3,21
3,0,21.0,287,3,14,4,1,67,3,21
3,1,28.0,300,4,9,4,6,91,3,18
3,0,21.0,287,3,12,4,16,37,3,21
3,0,21.0,287,3,1,4,15,51,3,21
3,1,28.0,300,4,14,4,9,63,4,18
3,0,21.0,287,3,19,4,8,9,3,21
3,1,31.0,305,3,17,4,12,135,4,20
3,1,31.0,305,3,13,4,13,21,4,20
3,8,20.0,319,6,4,4,8,19,3,29
3,8,12.0,284,5,4,4,12,100,3,28
3,8,12.0,284,5,19,4,8,41,3,28
3,8,12.0,284,5,18,4,12,104,4,28
3,8,14.0,296,3,18,4,4,127,3,5
3,8,14.0,296,3,2,4,2,35,3,5
3,8,14.0,296,3,14,4,0,53,3,5
3,8,14.0,296,3,1,4,1,11,4,5
3,8,14.0,296,3,14,4,13,48,3,5
3,8,21.0,46,3,13,4,7,122,3,21
3,8,21.0,46,3,14,4,1,11,1,21
3,8,21.0,46,3,18,4,14,25,3,21
3,8,21.0,46,3,9,4,6,132,4,21
3,8,21.0,46,3,16,4,2,86,0,21
3,8,21.0,46,3,20,4,0,12,3,21
3,8,21.0,46,3,16,4,13,38,3,21
3,8,21.0,46,3,21,4,14,25,3,21
3,8,21.0,46,3,17,4,0,85,3,21
3,8,22.0,354,0,3,4,6,7,3,26
3,8,22.0,354,0,17,4,1,11,4,26
3,8,22.0,354,0,17,4,0,26,3,26
3,8,22.0,354,0,4,4,8,33,4,26
3,8,22.0,354,0,18,4,8,27,3,26
2,11,30.0,170,1,12,4,7,20,4,19
2,11,30.0,170,1,19,4,4,5,3,19
2,7,12.0,238,1,18,4,6,128,4,28
2,11,30.0,170,1,16,4,9,87,4,19
2,9,22.0,92,4,17,4,15,39,4,26
2,9,22.0,92,4,19,4,11,129,4,26
2,9,22.0,92,4,2,4,8,19,3,26
2,9,22.0,92,4,2,4,9,9,3,26
2,7,7.0,94,4,4,4,6,91,3,11
2,7,7.0,94,4,12,4,0,53,3,11
2,7,7.0,94,4,18,4,12,17,4,11
2,7,7.0,94,4,14,4,1,81,4,11
2,7,7.0,94,4,14,4,16,65,4,11
2,7,7.0,94,4,19,4,1,81,4,11
2,7,7.0,94,4,7,4,16,130,3,11
2,11,28.0,123,3,0,4,16,74,4,18
3,6,10.0,149,1,9,4,0,26,3,4
3,2,6.0,251,4,19,4,12,135,4,23
2,11,14.0,147,3,17,4,6,73,4,5
3,3,17.0,54,4,9,4,16,72,3,6
2,11,21.0,192,3,1,4,14,25,3,21
3,4,6.0,176,0,12,4,2,123,3,23
2,11,30.0,170,1,9,4,1,67,3,19
2,3,29.0,304,0,17,4,14,25,0,16
3,6,10.0,149,1,20,4,7,78,3,4
3,1,13.0,207,2,9,4,6,89,4,25
3,1,14.0,183,4,18,4,2,92,3,5
3,4,6.0,176,0,14,4,15,108,3,23
2,3,29.0,304,0,4,4,8,41,3,16
3,6,10.0,149,1,18,4,2,2,4,4
2,11,30.0,170,1,3,4,6,7,3,19
3,4,6.0,176,0,1,4,1,105,4,23
3,10,1.0,208,1,7,4,1,11,0,7
3,2,6.0,251,4,19,4,1,59,4,23
2,7,12.0,238,1,11,4,15,51,3,28
3,1,14.0,183,4,18,4,12,100,4,5
3,4,6.0,176,0,22,4,14,32,4,23
3,4,12.0,134,3,8,4,8,9,3,28
3,4,12.0,134,3,8,4,2,13,0,28
3,4,12.0,134,3,8,4,3,44,3,28
2,10,8.0,150,0,14,4,7,20,3,8
2,10,8.0,150,0,15,4,6,7,3,8
2,10,8.0,150,0,11,4,13,69,0,8
2,10,8.0,150,0,17,4,5,6,3,8
2,10,8.0,150,0,10,4,9,87,3,8
2,10,8.0,150,0,9,4,3,30,2,8
2,10,8.0,150,0,8,4,13,99,0,8
2,10,8.0,150,0,8,4,9,27,3,8
2,10,8.0,150,0,9,4,8,118,3,8
2,10,8.0,150,0,20,4,14,24,3,8
2,10,8.0,150,0,21,4,14,106,4,8
2,10,8.0,150,0,2,4,1,105,2,8
3,2,20.0,264,4,14,4,1,16,4,29
3,2,20.0,264,4,21,4,13,38,4,29
3,2,20.0,264,4,9,4,15,39,4,29
3,2,20.0,264,4,23,4,6,7,3,29
3,2,20.0,264,4,15,4,0,26,1,29
3,2,20.0,264,4,17,4,11,10,4,29
3,2,25.0,233,1,8,4,9,109,3,13
3,2,25.0,233,1,17,4,6,132,4,13
3,2,25.0,233,1,5,4,15,119,0,13
3,2,25.0,233,1,4,4,8,33,3,13
3,0,3.0,334,2,10,4,12,104,4,27
3,0,3.0,334,2,0,4,5,64,3,27
3,0,3.0,334,2,0,4,9,54,4,27
3,0,3.0,334,2,3,4,8,9,3,27
3,0,3.0,334,2,18,4,16,65,4,27
3,0,3.0,334,2,18,4,9,54,4,27
3,0,3.0,334,2,18,4,14,88,4,27
3,0,3.0,334,2,18,4,0,26,3,27
3,0,3.0,334,2,14,4,3,79,3,27
3,0,3.0,334,2,8,4,1,67,2,27
3,0,3.0,334,2,9,4,15,31,4,27
3,8,1.0,66,0,1,4,1,105,3,7
3,8,1.0,66,0,4,4,6,7,3,7
3,8,2.0,77,1,18,4,6,14,3,22
3,8,2.0,77,1,14,4,16,42,4,22
3,8,2.0,77,1,1,4,1,1,4,22
3,8,3.0,363,2,1,4,14,32,3,27
3,8,16.0,73,1,17,4,6,132,3,2
3,8,16.0,73,1,13,4,9,102,2,2
3,8,16.0,73,1,1,4,16,72,3,2
3,8,18.0,75,4,22,4,14,25,3,0
3,8,18.0,75,4,22,4,10,43,0,0
3,4,1.0,144,2,14,4,13,48,4,7
3,4,12.0,134,3,13,4,13,48,0,28
3,4,12.0,134,3,5,4,14,107,3,28
3,8,15.0,72,0,1,4,9,27,3,1
3,8,15.0,72,0,19,4,12,80,3,1
3,8,15.0,72,0,7,4,9,10,4,1
3,8,15.0,72,0,23,4,13,29,3,1
3,8,15.0,72,0,23,4,16,50,3,1
3,8,15.0,72,0,10,4,2,2,4,1
3,8,15.0,72,0,6,4,9,57,0,1
3,8,15.0,72,0,11,4,10,52,3,1
3,8,29.0,301,0,15,4,15,51,3,16
3,8,29.0,301,0,9,4,13,38,4,16
3,8,29.0,301,0,4,4,15,31,0,16
3,8,29.0,301,0,20,4,13,13,4,16
3,8,29.0,301,0,18,4,13,28,3,16
3,8,30.0,103,1,17,4,4,5,0,19
3,8,30.0,103,1,12,4,8,27,3,19
2,11,30.0,170,1,19,4,12,56,3,19
3,2,6.0,251,4,18,4,6,91,4,23
3,4,8.0,292,2,11,4,10,47,0,8
2,7,12.0,238,1,9,4,2,69,3,28
3,6,10.0,149,1,9,4,14,88,3,4
2,11,30.0,170,1,1,4,14,106,3,19
3,2,6.0,251,4,13,4,1,11,0,23
3,4,8.0,292,2,4,4,3,103,3,8
3,6,10.0,149,1,6,4,4,82,3,4
2,7,12.0,238,1,18,4,8,9,3,28
3,1,14.0,183,4,9,4,9,49,4,5
2,11,30.0,170,1,1,4,7,111,3,19
3,1,13.0,207,2,10,4,6,128,3,25
3,4,8.0,292,2,19,4,12,56,0,8
3,6,24.0,31,1,13,4,2,92,3,14
3,1,15.0,1,5,18,4,9,95,3,1
2,11,30.0,170,1,10,4,13,13,3,19
3,4,8.0,292,2,17,4,6,7,0,8
2,7,12.0,238,1,14,4,6,7,3,28
3,1,15.0,1,5,11,4,9,95,3,1
2,11,30.0,170,1,1,4,2,86,1,19
2,3,29.0,304,0,11,4,8,118,3,16
3,4,8.0,292,2,12,4,9,101,3,8
2,7,12.0,238,1,14,4,7,62,3,28
3,1,15.0,1,5,14,4,9,49,4,1
2,11,30.0,170,1,17,4,6,14,4,19
2,5,16.0,212,4,19,4,6,7,0,2
3,1,13.0,207,2,6,4,7,111,3,25
3,4,24.0,27,5,12,4,8,118,3,14
3,10,1.0,208,1,12,4,6,7,0,7
3,4,9.0,18,4,9,4,1,105,4,12
2,7,12.0,238,1,17,4,16,37,3,28
2,7,12.0,238,1,9,4,0,26,3,28
2,7,14.0,205,4,14,4,0,85,3,5
2,11,30.0,170,1,18,4,1,11,3,19
2,11,30.0,170,1,9,4,2,2,3,19
2,7,14.0,205,4,8,4,6,91,3,5
2,7,14.0,205,4,9,4,15,46,4,5
2,7,14.0,205,4,1,4,1,81,4,5
2,7,14.0,205,4,9,4,14,32,3,5
2,7,14.0,205,4,14,4,8,19,3,5
2,7,14.0,205,4,4,4,14,106,4,5
2,7,15.0,40,5,11,4,5,64,3,1
2,7,15.0,40,5,13,4,12,104,3,1
2,7,15.0,40,5,1,4,1,81,4,1
2,7,15.0,40,5,20,4,16,108,3,1
2,7,15.0,40,5,13,4,12,17,1,1
2,7,15.0,40,5,15,4,15,46,3,1
2,7,15.0,40,5,19,4,13,28,3,1
2,7,15.0,40,5,12,4,14,24,0,1
2,7,22.0,202,5,2,4,14,88,3,26
2,7,22.0,202,5,18,4,8,19,4,26
3,0,2.0,47,1,1,4,7,137,3,22
3,0,2.0,47,1,9,4,6,7,3,22
3,0,2.0,47,1,6,4,13,48,4,22
3,0,2.0,47,1,19,4,0,12,3,22
3,0,2.0,47,1,3,4,9,57,3,22
3,0,2.0,47,1,1,4,3,70,3,22
3,5,17.0,212,6,22,4,13,48,3,6
3,5,17.0,212,6,10,4,1,105,4,6
2,0,18.0,13,2,20,4,9,57,3,0
3,0,12.0,113,5,18,4,8,118,4,28
2,0,18.0,13,2,17,4,8,9,3,0
3,0,12.0,113,5,19,4,14,126,4,28
3,0,12.0,113,5,8,4,6,7,3,28
3,0,12.0,113,5,17,4,16,72,3,28
3,0,12.0,113,5,4,4,11,122,4,28
3,11,7.0,253,1,19,4,6,7,3,11
3,11,7.0,253,1,14,4,16,72,4,11
3,0,23.0,237,1,2,4,9,57,3,17
3,8,20.0,319,6,19,4,7,54,3,29
3,8,23.0,102,1,3,4,9,9,3,17
3,8,23.0,102,1,22,4,4,70,3,17
3,8,23.0,102,1,9,4,14,25,3,17
3,8,23.0,102,1,2,4,6,89,3,17
3,8,22.0,354,0,23,4,5,6,3,26
3,8,22.0,354,0,9,4,6,7,3,26
3,8,22.0,354,0,20,4,9,58,3,26
3,8,22.0,354,0,3,4,5,6,3,26
3,4,14.0,345,1,9,4,8,27,3,5
3,4,14.0,345,1,12,4,3,44,3,5
3,4,14.0,345,1,15,4,7,62,3,5
3,4,14.0,345,1,14,4,4,5,3,5
3,4,14.0,345,1,12,4,8,118,0,5
3,4,14.0,345,1,5,4,8,19,3,5
3,4,14.0,345,1,2,4,1,16,4,5
3,4,14.0,345,1,17,4,4,75,3,5
3,4,14.0,345,1,6,4,14,88,4,5
3,4,14.0,345,1,9,4,16,108,3,5
3,4,14.0,345,1,6,4,14,88,4,5
3,4,21.0,339,1,22,4,14,24,3,21
3,4,21.0,339,1,4,4,6,116,3,21
3,4,21.0,339,1,13,4,12,56,4,21
3,4,24.0,27,5,5,4,12,104,4,14
2,7,22.0,202,5,8,4,6,7,1,26
2,7,22.0,202,5,20,4,14,107,2,26
2,7,22.0,202,5,12,4,13,29,3,26
2,7,22.0,202,5,9,4,1,81,4,26
2,7,30.0,43,6,18,4,11,55,4,19
2,7,30.0,43,6,17,4,2,40,3,19
2,7,30.0,43,6,23,4,11,55,4,19
2,7,30.0,43,6,12,4,8,27,3,19
2,7,30.0,43,6,19,4,6,91,3,19
2,3,29.0,304,0,1,4,14,24,4,16
2,3,29.0,304,0,2,4,6,89,4,16
2,3,29.0,304,0,8,4,12,80,3,16
2,3,29.0,304,0,22,4,5,64,3,16
2,3,29.0,304,0,17,4,6,7,3,16
2,3,29.0,304,0,10,4,6,128,2,16
2,3,29.0,304,0,9,4,0,85,3,16
2,3,29.0,304,0,12,4,14,131,4,16
2,3,29.0,304,0,17,4,16,113,3,16
3,1,15.0,1,5,5,4,9,95,3,1
2,5,16.0,212,4,14,4,8,19,4,2
3,2,13.0,276,4,12,4,9,57,3,25
3,4,9.0,18,4,14,4,8,41,3,12
2,11,30.0,170,1,19,4,8,33,3,19
3,6,27.0,116,5,19,4,16,65,3,15
3,4,24.0,27,5,6,4,9,87,3,14
2,5,16.0,212,4,17,4,6,14,4,2
3,2,13.0,276,4,12,4,7,54,3,25
2,11,30.0,170,1,2,4,14,106,1,19
3,4,9.0,18,4,19,4,14,25,3,12
3,1,15.0,1,5,20,4,15,108,3,1
3,4,24.0,27,5,20,4,6,7,3,14
3,6,27.0,116,5,4,4,2,86,3,15
2,5,16.0,212,4,9,4,14,25,4,2
0,0,15.0,190,5,13,4,8,33,3,1
3,2,17.0,6,0,6,4,10,22,3,6
3,4,9.0,18,4,18,4,14,126,3,12
3,1,15.0,1,5,13,4,16,130,3,1
3,1,15.0,1,5,17,4,0,31,3,1
3,1,15.0,1,5,1,4,9,63,2,1
3,1,15.0,1,5,18,4,0,68,3,1
3,1,15.0,1,5,11,4,15,39,4,1
3,1,15.0,1,5,4,4,7,20,3,1
3,1,15.0,1,5,1,4,8,65,3,1
3,1,21.0,45,4,12,4,13,48,3,21
0,0,13.0,198,2,19,4,9,63,3,25
3,1,2.0,171,6,23,4,8,33,4,22
3,1,2.0,171,6,19,4,13,123,3,22
3,1,2.0,171,6,14,4,8,33,4,22
3,1,2.0,171,6,13,4,10,43,3,22
3,1,2.0,171,6,18,4,6,7,4,22
3,1,2.0,171,6,1,4,12,135,4,22
3,1,2.0,171,6,4,4,8,19,3,22
3,1,2.0,171,6,17,4,2,13,4,22
3,1,2.0,171,6,7,4,16,108,3,22
3,1,8.0,62,5,1,4,1,59,4,8
3,1,8.0,62,5,14,4,6,128,3,8
3,1,8.0,62,5,1,4,14,125,4,8
3,1,8.0,62,5,10,4,6,89,1,8
3,1,8.0,62,5,2,4,13,29,3,8
3,1,8.0,62,5,8,4,6,7,0,8
3,1,8.0,62,5,1,4,3,30,3,8
3,1,10.0,17,3,9,4,14,107,3,4
3,1,10.0,17,3,18,4,1,81,4,4
3,10,8.0,213,1,11,4,3,76,3,8
3,10,8.0,213,1,0,4,16,72,3,8
3,10,8.0,213,1,19,4,2,40,3,8
3,3,17.0,54,4,18,4,2,92,3,6
3,4,2.0,141,4,23,4,14,32,4,22
3,4,2.0,141,4,10,4,8,41,3,22
3,4,2.0,141,4,14,4,1,67,3,22
3,4,2.0,141,4,16,4,6,7,3,22
3,4,2.0,141,4,16,4,4,82,4,22
3,4,2.0,141,4,2,4,2,69,0,22
3,4,2.0,141,4,1,4,15,112,3,22
3,4,2.0,141,4,1,4,12,80,4,22
3,4,16.0,25,4,9,4,14,25,3,2
3,4,16.0,25,4,11,4,13,48,0,2
3,3,17.0,54,4,14,4,1,67,3,6
3,4,16.0,25,4,18,4,16,50,4,2
3,4,16.0,25,4,20,4,15,46,3,2
3,4,16.0,25,4,11,4,12,56,3,2
3,4,16.0,25,4,9,4,14,25,3,2
3,3,17.0,54,4,18,4,3,30,3,6
3,4,16.0,25,4,4,4,6,7,3,2
3,4,16.0,25,4,19,4,0,77,3,2
3,3,18.0,165,5,7,4,13,29,3,0
3,4,16.0,25,4,4,4,6,128,3,2
3,3,18.0,165,5,2,4,16,65,4,0
3,1,4.0,286,0,2,4,13,48,0,30
3,1,4.0,286,0,20,4,15,46,3,30
3,1,4.0,286,0,22,4,8,19,3,30
3,1,4.0,286,0,14,4,5,6,3,30
3,1,4.0,286,0,18,4,4,75,3,30
3,1,12.0,353,1,7,4,8,41,3,28
3,1,12.0,353,1,18,4,12,61,3,28
3,1,12.0,353,1,8,4,1,67,3,28
3,1,12.0,353,1,22,4,0,64,0,28
3,1,22.0,164,5,20,4,6,91,2,26
3,1,22.0,164,5,17,4,1,67,4,26
3,1,22.0,164,5,9,4,1,81,4,26
3,1,22.0,164,5,7,4,13,48,4,26
3,1,22.0,164,5,19,4,8,118,3,26
3,1,22.0,164,5,12,4,6,7,0,26
3,1,22.0,164,5,19,4,8,9,4,26
3,1,22.0,164,5,17,4,8,9,3,26
3,1,22.0,164,5,9,4,9,49,4,26
3,1,22.0,164,5,19,4,6,7,3,26
3,1,22.0,164,5,9,4,6,91,4,26
3,6,30.0,145,0,22,4,14,25,0,19
3,6,30.0,145,0,22,4,16,42,3,19
3,10,4.0,356,5,8,4,1,105,3,30
3,10,4.0,356,5,14,4,14,106,4,30
3,10,5.0,336,6,18,4,16,37,3,24
3,2,6.0,251,4,4,4,15,119,4,23
3,2,6.0,251,4,20,4,6,7,3,23
3,2,6.0,251,4,9,4,14,126,3,23
3,2,6.0,251,4,18,4,9,87,4,23
3,4,9.0,18,4,17,4,15,51,3,12
2,11,5.0,240,5,14,4,9,9,3,24
3,2,17.0,6,0,4,4,9,95,4,6
3,4,24.0,27,5,12,4,14,126,3,14
2,5,16.0,212,4,11,4,8,19,0,2
3,4,19.0,142,3,12,4,6,7,3,10
3,2,17.0,6,0,2,4,5,12,0,6
3,4,24.0,27,5,9,4,2,86,4,14
3,6,26.0,348,4,11,4,2,92,3,3
3,4,19.0,142,3,18,4,6,116,4,10
3,2,17.0,6,0,14,4,10,23,3,6
3,2,7.0,153,5,19,4,1,35,3,11
3,6,25.0,39,2,19,4,5,12,3,13
3,4,9.0,18,4,18,4,9,134,2,12
2,5,16.0,212,4,9,4,8,33,4,2
3,2,17.0,6,0,14,4,13,38,0,6
3,2,7.0,153,5,21,4,15,37,3,11
3,6,25.0,39,2,16,4,13,28,3,13
3,4,9.0,18,4,18,4,3,76,4,12
2,5,16.0,212,4,21,4,6,7,0,2
2,5,16.0,212,4,18,4,6,14,3,2
2,5,16.0,212,4,11,4,16,50,3,2
2,5,16.0,212,4,19,4,6,7,0,2
2,5,16.0,212,4,0,4,16,72,4,2
2,6,5.0,83,2,18,4,8,27,3,24
2,6,5.0,83,2,11,4,10,22,3,24
2,6,5.0,83,2,4,4,13,48,3,24
2,6,5.0,83,2,12,4,7,111,3,24
2,6,5.0,83,2,7,4,9,101,4,24
2,6,5.0,83,2,4,4,7,111,3,24
2,6,5.0,83,2,8,4,14,125,4,24
2,6,5.0,83,2,0,4,6,91,4,24
3,8,6.0,87,6,14,4,1,105,4,23
3,8,6.0,87,6,8,4,6,116,4,23
3,8,6.0,87,6,14,4,8,9,3,23
3,8,7.0,70,3,2,4,16,50,4,11
3,8,7.0,70,3,9,4,16,50,4,11
3,8,7.0,70,3,14,4,6,89,4,11
3,8,7.0,70,3,19,4,0,31,3,11
3,8,7.0,70,3,23,4,8,9,3,11
3,8,7.0,70,3,12,4,1,1,4,11
3,8,7.0,70,3,11,4,13,13,3,11
3,8,7.0,70,3,18,4,6,7,4,11
3,8,7.0,70,3,4,4,8,41,4,11
3,8,7.0,70,3,13,4,11,133,0,11
3,8,7.0,70,3,17,4,6,14,2,11
3,8,13.0,189,6,17,4,1,11,4,25
3,8,13.0,189,6,23,4,12,17,3,25
3,8,13.0,189,6,19,4,2,2,3,25
3,8,13.0,189,6,15,4,6,7,3,25
3,8,13.0,189,6,8,4,12,56,0,25
3,8,13.0,189,6,12,4,6,7,3,25
3,8,21.0,46,3,15,4,14,24,0,21
3,8,14.0,296,3,3,4,9,57,0,5
3,8,12.0,284,5,18,4,14,88,4,28
3,8,12.0,284,5,4,4,9,95,3,28
3,8,5.0,101,5,8,4,13,48,0,24
3,4,21.0,339,1,5,4,9,95,3,21
3,4,21.0,339,1,3,4,2,13,3,21
3,4,21.0,339,1,23,4,13,69,4,21
3,4,21.0,339,1,11,4,6,7,3,21
3,4,21.0,339,1,13,4,1,35,3,21
3,4,21.0,339,1,11,4,6,7,3,21
3,4,21.0,339,1,4,4,6,7,3,21
3,0,6.0,260,6,20,4,13,28,0,23
3,0,6.0,260,6,5,4,0,64,3,23
3,0,7.0,15,3,8,4,14,25,3,11
3,0,7.0,15,3,9,4,14,106,4,11
3,0,7.0,15,3,14,4,14,88,3,11
3,0,7.0,15,3,19,4,7,137,4,11
3,0,7.0,15,3,9,4,1,16,4,11
3,0,7.0,15,3,16,4,0,64,3,11
3,0,7.0,15,3,14,4,16,74,3,11
3,8,26.0,278,5,19,4,14,25,0,3
3,8,27.0,78,6,11,4,1,81,4,15
3,8,27.0,78,6,9,4,1,67,3,15
3,8,27.0,78,6,15,4,5,64,3,15
3,8,27.0,78,6,9,4,4,75,4,15
3,8,27.0,78,6,4,4,9,95,3,15
3,8,27.0,78,6,1,4,11,55,4,15
3,8,27.0,78,6,17,4,6,7,3,15
3,8,27.0,78,6,14,4,14,125,4,15
3,8,27.0,78,6,18,4,7,8,4,15
3,8,27.0,78,6,17,4,9,101,4,15
3,8,27.0,78,6,2,4,7,111,4,15
3,8,27.0,78,6,14,4,14,25,3,15
3,4,3.0,279,5,19,4,16,72,3,27
3,4,3.0,279,5,18,4,12,100,4,27
3,4,3.0,279,5,9,4,12,61,4,27
3,4,3.0,279,5,7,4,14,32,3,27
3,4,3.0,279,5,1,4,12,104,2,27
3,4,3.0,279,5,4,4,1,105,4,27
3,4,5.0,235,3,4,4,16,50,3,24
3,4,5.0,235,3,9,4,1,1,4,24
3,4,5.0,235,3,15,4,8,19,3,24
3,4,5.0,235,3,9,4,11,124,4,24
3,4,6.0,176,0,2,4,14,110,3,23
3,4,19.0,142,3,13,4,11,18,0,10
3,2,17.0,6,0,20,4,15,108,4,6
3,6,25.0,39,2,18,4,6,91,4,13
3,2,7.0,153,5,1,4,3,30,3,11
3,2,18.0,7,1,22,4,13,99,0,0
3,4,9.0,18,4,23,4,8,118,0,12
3,4,19.0,142,3,18,4,13,29,4,10
3,2,7.0,153,5,11,4,12,80,4,11
3,2,18.0,7,1,14,4,1,11,3,0
3,6,9.0,236,0,13,4,13,38,3,12
3,4,9.0,18,4,14,4,6,7,3,12
3,4,19.0,142,3,12,4,6,7,3,10
3,2,7.0,153,5,16,4,8,33,2,11
3,2,18.0,7,1,18,4,12,135,4,0
3,4,9.0,18,4,4,4,7,31,4,12
3,4,19.0,142,3,14,4,9,93,3,10
3,2,7.0,153,5,8,4,14,25,3,11
3,2,18.0,7,1,1,4,1,16,4,0
3,1,10.0,17,3,9,4,12,80,3,4
3,4,9.0,18,4,22,4,11,15,0,12
3,4,28.0,218,1,2,4,11,133,3,18
3,4,28.0,218,1,14,4,9,10,3,18
3,3,18.0,165,5,0,4,9,109,4,0
3,3,18.0,165,5,9,4,5,12,3,0
3,4,28.0,218,1,1,4,5,12,3,18
3,4,28.0,218,1,19,4,16,50,0,18
3,4,28.0,218,1,6,4,6,7,3,18
3,4,28.0,218,1,5,4,2,86,0,18
3,4,28.0,218,1,3,4,15,96,3,18
3,2,3.0,282,0,17,4,12,80,4,27
3,2,3.0,282,0,23,4,9,27,3,27
3,2,3.0,282,0,8,4,1,16,3,27
3,3,18.0,165,5,17,4,6,89,3,0
3,2,3.0,282,0,9,4,1,35,4,27
3,2,3.0,282,0,12,4,3,30,3,27
3,2,3.0,282,0,19,4,6,7,2,27
3,2,3.0,282,0,0,4,2,86,3,27
3,2,3.0,282,0,4,4,8,33,0,27
3,2,3.0,282,0,11,4,16,139,3,27
3,2,3.0,282,0,18,4,8,19,3,27
3,2,3.0,282,0,9,4,2,2,4,27
3,2,3.0,282,0,22,4,3,4,3,27
3,3,18.0,165,5,12,4,2,92,3,0
3,2,8.0,258,6,2,4,6,7,4,8
3,2,8.0,258,6,4,4,6,116,3,8
3,3,18.0,165,5,0,4,6,7,4,0
3,2,8.0,258,6,8,4,9,134,4,8
3,2,9.0,21,3,1,4,8,27,3,12
3,2,9.0,21,3,21,4,6,7,3,12
3,2,9.0,21,3,15,4,1,11,3,12
3,2,9.0,21,3,7,4,6,7,3,12
3,2,9.0,21,3,9,4,2,71,4,12
3,1,21.0,45,4,1,4,9,87,3,21
3,1,21.0,45,4,14,4,0,0,3,21
3,1,21.0,45,4,9,4,1,67,4,21
3,1,21.0,45,4,4,4,9,87,1,21
3,1,29.0,112,5,4,4,9,93,4,16
3,1,29.0,112,5,11,4,15,31,3,16
3,1,29.0,112,5,13,4,10,23,1,16
3,1,29.0,112,5,17,4,16,50,3,16
3,1,29.0,112,5,17,4,8,41,3,16
3,1,29.0,112,5,0,4,16,139,3,16
3,1,29.0,112,5,4,4,1,11,4,16
3,1,29.0,112,5,18,4,12,135,4,16
3,1,29.0,112,5,18,4,6,14,3,16
3,1,29.0,112,5,1,4,3,30,0,16
3,1,29.0,112,5,18,4,9,102,4,16
3,1,29.0,112,5,20,4,10,6,3,16
3,1,29.0,112,5,4,4,6,7,3,16
3,1,30.0,100,6,6,4,9,101,4,19
3,1,30.0,100,6,11,4,6,14,3,19
3,1,30.0,100,6,9,4,8,27,3,19
2,11,5.0,240,5,11,4,12,104,3,24
2,11,5.0,240,5,15,4,2,69,3,24
2,11,12.0,118,5,19,4,13,123,4,28
2,11,12.0,118,5,23,4,9,87,3,28
2,11,12.0,118,5,16,4,16,72,3,28
2,11,12.0,118,5,9,4,15,85,3,28
2,11,12.0,118,5,5,4,0,77,3,28
2,11,12.0,118,5,1,4,13,28,4,28
2,11,14.0,147,3,14,4,9,57,3,5
2,11,14.0,147,3,23,4,15,96,3,5
2,11,14.0,147,3,1,4,7,57,4,5
2,11,14.0,147,3,6,4,13,123,3,5
2,11,14.0,147,3,2,4,2,92,3,5
2,11,14.0,147,3,14,4,1,81,4,5
2,11,14.0,147,3,15,4,5,64,3,5
2,11,14.0,147,3,1,4,13,28,3,5
2,11,14.0,147,3,4,4,9,93,3,5
2,11,14.0,147,3,9,4,8,118,4,5
2,11,14.0,147,3,12,4,16,139,3,5
2,11,14.0,147,3,10,4,13,48,3,5
3,1,10.0,17,3,18,4,8,19,4,4
3,2,18.0,7,1,4,4,8,118,3,0
3,4,9.0,18,4,4,4,1,81,4,12
3,4,17.0,19,5,15,4,2,86,4,6
3,2,7.0,153,5,1,4,6,7,3,11
3,2,18.0,7,1,14,4,6,7,3,0
3,4,17.0,19,5,9,4,9,10,4,6
3,2,7.0,153,5,11,4,13,28,2,11
3,1,10.0,17,3,0,4,10,47,3,4
3,2,26.0,3,2,14,4,6,7,3,3
3,4,17.0,19,5,3,4,10,30,3,6
3,2,12.0,128,2,17,4,6,7,3,28
3,1,19.0,29,1,0,4,1,11,3,10
3,2,26.0,3,2,9,4,13,48,4,3
3,6,24.0,31,1,1,4,14,34,3,14
3,2,12.0,128,2,3,4,6,7,3,28
3,2,12.0,128,2,9,4,8,41,3,28
3,2,12.0,128,2,3,4,14,88,3,28
3,2,12.0,128,2,3,4,7,62,3,28
3,2,12.0,128,2,23,4,10,12,3,28
3,2,12.0,128,2,19,4,13,38,3,28
3,2,15.0,130,6,10,4,8,41,2,1
3,2,15.0,130,6,4,4,13,38,3,1
3,2,15.0,130,6,10,4,5,12,0,1
3,2,15.0,130,6,9,4,2,86,4,1
3,2,15.0,130,6,12,4,8,19,0,1
3,2,15.0,130,6,7,4,1,67,3,1
3,2,15.0,130,6,2,4,4,79,0,1
3,2,15.0,130,6,2,4,6,7,3,1
3,0,6.0,260,6,22,4,6,7,3,23
3,0,6.0,260,6,4,4,6,7,3,23
3,0,6.0,260,6,1,4,8,27,3,23
3,0,6.0,260,6,17,4,14,125,4,23
3,2,7.0,153,5,14,4,6,7,0,11
3,2,7.0,153,5,8,4,13,29,4,11
3,2,7.0,153,5,1,4,12,61,4,11
3,4,24.0,27,5,9,4,0,96,0,14
3,8,22.0,354,0,19,4,8,33,4,26
3,8,22.0,354,0,12,4,9,27,1,26
3,8,21.0,46,3,12,4,14,32,3,21
2,5,4.0,96,6,11,4,8,9,3,30
2,5,4.0,96,6,17,4,9,87,4,30
2,5,4.0,96,6,14,4,14,88,4,30
2,5,4.0,96,6,10,4,9,102,4,30
2,5,4.0,96,6,13,4,0,68,3,30
2,5,4.0,96,6,11,4,11,58,4,30
2,5,4.0,96,6,4,4,14,125,4,30
2,5,5.0,277,3,19,4,8,118,3,24
2,5,5.0,277,3,21,4,8,33,4,24
2,5,15.0,239,2,23,4,10,22,3,1
2,5,15.0,239,2,7,4,11,10,4,1
2,5,15.0,239,2,3,4,13,123,3,1
2,5,15.0,239,2,11,4,3,30,0,1
2,5,15.0,239,2,13,4,16,72,3,1
2,5,16.0,212,4,22,4,5,6,3,2
2,5,16.0,212,4,9,4,8,33,4,2
2,5,16.0,212,4,14,4,14,25,4,2
2,5,16.0,212,4,14,4,8,33,4,2
2,5,16.0,212,4,1,4,16,50,4,2
3,8,23.0,102,1,16,4,5,64,3,17
3,4,5.0,235,3,6,4,13,38,0,24
3,4,5.0,235,3,1,4,9,54,4,24
3,4,5.0,235,3,20,4,14,131,4,24
3,4,5.0,235,3,2,4,15,114,3,24
3,4,5.0,235,3,1,4,9,101,3,24
3,4,5.0,235,3,1,4,16,50,3,24
3,4,5.0,235,3,4,4,7,111,3,24
3,4,5.0,235,3,8,4,11,55,4,24
3,4,5.0,235,3,18,4,7,129,4,24
3,4,5.0,235,3,13,4,2,69,3,24
3,11,7.0,253,1,2,4,12,61,3,11
3,5,24.0,58,6,5,4,13,21,0,14
3,5,25.0,350,3,18,4,6,7,3,13
3,5,25.0,350,3,17,4,9,27,0,13
3,11,9.0,311,4,21,4,7,20,3,12
3,5,25.0,350,3,12,4,12,121,3,13
3,5,25.0,350,3,17,4,9,10,1,13
3,5,25.0,350,3,9,4,1,67,4,13
3,6,8.0,59,3,11,4,14,34,4,8
3,6,8.0,59,3,4,4,6,73,3,8
3,6,8.0,59,3,1,4,9,63,4,8
3,6,8.0,59,3,12,4,6,7,3,8
3,6,8.0,59,3,0,4,8,27,3,8
3,2,26.0,3,2,20,4,14,25,3,3
3,2,26.0,3,2,0,4,1,16,4,3
3,6,24.0,31,1,12,4,5,64,3,14
3,2,26.0,3,2,1,4,6,91,4,3
3,3,25.0,347,5,9,4,12,84,3,13
3,5,10.0,155,6,11,4,10,23,4,4
3,2,27.0,136,4,14,4,13,48,3,15
3,2,27.0,136,4,2,4,9,83,3,15
3,1,26.0,248,1,9,4,6,7,0,3
3,1,26.0,248,1,22,4,10,47,3,3
3,1,26.0,248,1,22,4,13,48,0,3
3,1,26.0,248,1,14,4,15,85,3,3
3,1,26.0,248,1,0,4,15,85,3,3
3,1,26.0,248,1,23,4,6,7,0,3
3,1,26.0,248,1,20,4,1,35,0,3
3,1,26.0,248,1,2,4,14,24,3,3
3,1,26.0,248,1,21,4,2,13,3,3
3,1,26.0,248,1,20,4,11,94,2,3
3,8,17.0,74,2,14,4,9,10,3,6
3,8,17.0,74,2,14,4,6,89,4,6
3,8,17.0,74,2,8,4,8,19,3,6
3,8,17.0,74,2,4,4,15,77,3,6
3,8,17.0,74,2,23,4,9,27,0,6
3,8,17.0,74,2,2,4,6,7,3,6
3,8,17.0,74,2,15,4,5,64,3,6
3,8,17.0,74,2,2,4,14,25,0,6
3,8,26.0,278,5,14,4,8,27,3,3
3,2,27.0,136,4,5,4,8,118,3,15
3,2,27.0,136,4,18,4,3,103,3,15
3,2,27.0,136,4,19,4,14,32,3,15
3,2,27.0,136,4,14,4,15,51,3,15
3,2,27.0,136,4,14,4,10,43,3,15
3,2,27.0,136,4,13,4,16,37,4,15
3,2,27.0,136,4,20,4,5,64,3,15
3,5,10.0,155,6,19,4,9,109,3,4
3,2,27.0,136,4,1,4,9,95,4,15
3,5,15.0,200,4,19,4,8,19,0,1
3,0,1.0,8,0,7,4,6,7,3,7
3,5,15.0,200,4,4,4,16,130,3,1
3,0,1.0,8,0,3,4,13,38,3,7
3,0,1.0,8,0,4,4,3,4,3,7
3,0,1.0,8,0,9,4,4,82,3,7
3,0,1.0,8,0,23,4,15,119,3,7
3,5,15.0,200,4,18,4,14,25,3,1
3,5,15.0,200,4,1,4,11,15,0,1
3,0,1.0,8,0,21,4,16,65,4,7
3,5,17.0,212,6,19,4,13,13,2,6
3,5,17.0,212,6,3,4,8,9,3,6
3,2,23.0,230,3,19,4,4,66,3,17
3,2,23.0,230,3,19,4,6,7,3,17
3,1,23.0,69,6,9,4,8,19,4,17
3,2,24.0,22,0,12,4,6,7,3,14
3,2,24.0,22,0,14,4,6,7,0,14
3,1,23.0,69,6,6,4,9,63,4,17
3,0,8.0,9,0,13,4,12,56,3,8
3,0,8.0,9,0,12,4,8,19,0,8
3,0,8.0,9,0,20,4,6,89,4,8
3,0,8.0,9,0,12,4,10,12,3,8
3,0,8.0,9,0,14,4,10,12,3,8
3,1,28.0,300,4,14,4,11,18,3,18
3,0,8.0,9,0,2,4,2,69,3,8
3,0,8.0,9,0,4,4,2,86,0,8
3,0,8.0,9,0,17,4,13,29,3,8
3,0,8.0,9,0,13,4,14,32,3,8
3,0,8.0,9,0,4,4,13,29,3,8
3,0,8.0,9,0,9,4,0,12,3,8
3,0,8.0,9,0,8,4,2,2,3,8
3,1,30.0,100,6,19,4,6,7,4,19
3,6,24.0,31,1,19,4,15,46,4,14
3,6,24.0,31,1,9,4,6,89,3,14
3,10,9.0,150,2,8,4,13,48,3,12
3,1,1.0,203,5,17,4,10,12,3,7
3,1,9.0,50,6,1,4,13,36,3,12
3,1,18.0,82,0,16,4,6,7,4,0
3,1,18.0,82,0,17,4,12,56,3,0
3,1,27.0,262,2,2,4,6,7,3,15
3,4,17.0,19,5,3,4,2,13,3,6
3,4,17.0,19,5,16,4,6,91,4,6
3,4,17.0,19,5,14,4,16,37,3,6
3,4,17.0,19,5,14,4,11,124,3,6
3,4,27.0,274,0,11,4,8,33,3,15
3,4,27.0,274,0,9,4,6,7,3,15
3,4,27.0,274,0,9,4,11,55,3,15
3,4,27.0,274,0,22,4,8,33,3,15
3,4,27.0,274,0,19,4,9,54,3,15
3,4,27.0,274,0,12,4,6,73,1,15
3,4,27.0,274,0,9,4,9,54,0,15
3,4,27.0,274,0,4,4,12,104,3,15
3,4,27.0,274,0,1,4,8,19,3,15
3,4,27.0,274,0,1,4,0,53,3,15
3,4,27.0,274,0,9,4,7,78,3,15
3,4,27.0,274,0,3,4,8,9,3,15
3,4,27.0,274,0,14,4,0,26,3,15
3,4,27.0,274,0,11,4,0,64,2,15
3,4,27.0,274,0,2,4,6,128,3,15
3,2,1.0,16,6,15,4,12,135,4,7
3,2,1.0,16,6,3,4,2,123,0,7
3,2,1.0,16,6,14,4,14,106,2,7
2,6,7.0,59,5,7,4,8,19,2,11
2,6,7.0,59,5,14,4,1,1,4,11
2,6,7.0,59,5,8,4,14,32,3,11
2,6,7.0,59,5,9,4,9,49,1,11
2,6,7.0,59,5,18,4,12,61,4,11
2,6,7.0,59,5,3,4,6,7,4,11
2,6,7.0,59,5,4,4,9,95,3,11
2,6,15.0,38,6,13,4,6,7,0,1
2,6,15.0,38,6,4,4,0,85,3,1
2,6,15.0,38,6,17,4,6,132,4,1
2,6,15.0,38,6,14,4,2,69,3,1
2,6,15.0,38,6,17,4,8,19,3,1
2,6,15.0,38,6,17,4,1,67,3,1
2,6,15.0,38,6,6,4,9,101,3,1
2,6,30.0,208,3,23,4,9,63,3,19
2,6,30.0,208,3,15,4,6,7,3,19
2,6,30.0,208,3,9,4,16,139,3,19
2,6,30.0,208,3,6,4,6,7,4,19
2,6,30.0,208,3,14,4,0,12,3,19
2,6,30.0,208,3,4,4,11,55,3,19
2,6,30.0,208,3,19,4,1,35,3,19
2,6,30.0,208,3,19,4,8,9,3,19
3,2,1.0,16,6,8,4,6,89,4,7
3,2,1.0,16,6,18,4,2,13,3,7
3,2,1.0,16,6,14,4,7,120,3,7
3,2,10.0,28,0,12,4,8,33,0,4
3,2,10.0,28,0,14,4,13,28,0,4
3,2,10.0,28,0,21,4,6,91,4,4
3,2,10.0,28,0,16,4,1,16,4,4
3,2,10.0,28,0,7,4,16,37,4,4
3,2,10.0,28,0,4,4,13,48,4,4
3,2,10.0,28,0,5,4,2,69,3,4
3,2,10.0,28,0,9,4,12,80,4,4
3,2,20.0,264,4,4,4,13,48,3,29
3,2,20.0,264,4,1,4,15,31,3,29
3,2,20.0,264,4,3,4,13,48,3,29
3,1,19.0,29,1,3,4,0,12,3,10
3,1,19.0,29,1,14,4,12,61,4,10
3,1,19.0,29,1,2,4,6,7,3,10
3,1,19.0,29,1,4,4,7,111,3,10
3,3,23.0,57,2,14,4,12,100,3,17
3,3,23.0,57,2,21,4,16,37,3,17
3,3,24.0,357,4,18,4,13,21,3,14
3,2,11.0,297,1,18,4,8,19,3,9
3,2,11.0,297,1,4,4,13,48,3,9
3,2,11.0,297,1,19,4,13,48,0,9
3,2,11.0,297,1,9,4,8,27,3,9
3,2,11.0,297,1,18,4,13,38,0,9
3,2,11.0,297,1,9,4,8,9,3,9
3,2,11.0,297,1,2,4,11,18,0,9
3,2,17.0,6,0,4,4,13,38,3,6
3,2,17.0,6,0,1,4,7,20,3,6
3,2,17.0,6,0,4,4,13,28,3,6
3,2,17.0,6,0,20,4,13,21,3,6
3,2,17.0,6,0,14,4,6,116,4,6
3,2,17.0,6,0,18,4,5,64,3,6
3,2,17.0,6,0,9,4,9,63,4,6
3,2,17.0,6,0,1,4,12,135,4,6
3,2,13.0,276,4,20,4,14,25,3,25
3,1,13.0,207,2,10,4,13,28,3,25
3,1,20.0,151,2,15,4,4,45,0,29
3,2,13.0,276,4,11,4,5,12,3,25
3,2,13.0,276,4,6,4,8,9,3,25
3,1,20.0,151,2,17,4,15,51,3,29
3,2,13.0,276,4,13,4,1,59,0,25
3,2,13.0,276,4,12,4,9,27,0,25
3,2,13.0,276,4,19,4,4,82,3,25
3,1,20.0,151,2,18,4,1,1,3,29
3,1,20.0,151,2,15,4,14,107,3,29
3,1,20.0,151,2,12,4,13,48,0,29
3,1,20.0,151,2,16,4,16,113,4,29
3,2,16.0,220,3,19,4,11,98,4,2
3,2,16.0,220,3,10,4,13,38,3,2
3,2,16.0,220,3,9,4,16,139,3,2
3,2,16.0,220,3,15,4,3,44,3,2
3,2,23.0,230,3,4,4,8,19,3,17
3,1,20.0,151,2,22,4,8,27,3,29
3,2,23.0,230,3,14,4,9,95,3,17
3,2,23.0,230,3,2,4,3,115,3,17
3,1,19.0,29,1,6,4,6,116,3,10
3,1,19.0,29,1,4,4,0,77,3,10
3,1,19.0,29,1,16,4,2,86,2,10
3,1,19.0,29,1,9,4,1,67,4,10
3,1,19.0,29,1,9,4,5,6,2,10
3,1,24.0,64,3,1,4,14,32,4,14
3,1,24.0,64,3,3,4,10,12,3,14
3,1,24.0,64,3,18,4,6,14,4,14
3,1,24.0,64,3,2,4,9,63,1,14
3,1,24.0,64,3,19,4,1,11,4,14
3,1,24.0,64,3,22,4,0,12,3,14
3,1,24.0,64,3,22,4,13,29,0,14
3,1,24.0,64,3,1,4,15,39,3,14
3,1,24.0,64,3,18,4,10,23,3,14
3,1,24.0,64,3,4,4,1,11,4,14
3,1,25.0,65,0,16,4,15,119,3,13
3,1,25.0,65,0,6,4,8,9,0,13
3,1,25.0,65,0,1,4,15,39,3,13
3,1,25.0,65,0,7,4,6,14,4,13
3,1,25.0,65,0,23,4,6,7,1,13
2,11,21.0,192,3,15,4,2,123,3,21
2,11,21.0,192,3,1,4,3,30,3,21
2,11,21.0,192,3,12,4,8,9,3,21
2,11,28.0,123,3,1,4,8,27,4,18
2,11,28.0,123,3,17,4,9,83,4,18
2,11,28.0,123,3,19,4,12,84,3,18
2,11,28.0,123,3,14,4,14,25,3,18
2,11,28.0,123,3,20,4,6,128,3,18
2,11,28.0,123,3,18,4,2,2,3,18
2,11,28.0,123,3,8,4,14,25,3,18
5,7,25.0,41,2,5,1,6,14,1,13
5,5,10.0,155,3,13,1,7,54,1,4
4,5,29.0,24,6,22,0,10,12,1,16
5,7,25.0,41,2,7,1,11,15,0,13
5,5,10.0,155,3,18,0,14,97,4,4
5,7,26.0,316,4,21,1,3,115,0,3
4,5,29.0,24,6,19,1,4,4,1,16
5,7,26.0,316,4,4,3,14,25,0,3
5,9,1.0,126,3,17,0,11,117,1,7
5,3,1.0,180,2,14,0,2,13,4,7
4,5,30.0,294,3,17,0,12,80,4,19
4,5,30.0,294,3,17,1,0,12,1,19
4,5,30.0,294,3,8,0,13,29,1,19
4,5,31.0,196,0,14,0,8,19,4,20
4,6,5.0,342,6,14,0,8,9,1,24
4,5,31.0,196,0,14,0,4,5,3,20
4,11,21.0,192,4,17,0,5,6,2,21
4,5,31.0,196,0,9,1,11,15,4,20
4,3,20.0,105,1,6,0,5,12,3,29
4,6,14.0,173,0,7,1,10,22,0,5
4,6,14.0,173,0,16,0,5,64,3,5
4,6,23.0,84,2,2,0,8,33,1,17
4,6,14.0,173,0,14,0,3,44,3,5
4,6,14.0,173,0,6,0,5,12,3,5
4,6,14.0,173,0,15,0,13,28,1,5
4,6,14.0,173,0,18,0,9,10,3,5
4,6,21.0,193,0,13,0,10,23,1,21
4,6,21.0,193,0,22,1,12,104,4,21
4,6,21.0,193,0,9,0,12,61,1,21
4,6,22.0,185,1,17,0,0,15,0,26
4,6,22.0,185,1,3,1,10,22,1,26
5,3,17.0,54,5,18,2,1,11,0,6
5,5,1.0,109,5,22,0,10,23,1,7
5,3,9.0,44,4,11,0,10,47,0,12
5,5,1.0,109,5,4,0,1,35,4,7
5,5,2.0,307,6,6,0,5,64,2,22
5,5,2.0,307,6,17,1,0,85,0,22
5,5,2.0,307,6,13,0,3,30,2,22
5,5,2.0,307,6,3,1,1,11,4,22
5,5,1.0,109,5,4,0,13,36,3,7
5,5,2.0,307,6,18,0,5,0,2,22
5,5,3.0,161,3,15,1,12,56,4,27
5,5,3.0,161,3,3,0,9,95,2,27
5,5,3.0,161,3,19,3,10,12,3,27
5,5,3.0,161,3,1,0,2,92,3,27
5,5,4.0,114,0,6,2,5,64,3,30
5,5,4.0,114,0,5,0,2,86,2,30
5,5,3.0,161,3,9,1,7,62,4,27
5,5,4.0,114,0,11,1,14,97,4,30
5,5,10.0,155,3,5,0,4,75,4,4
5,5,10.0,155,3,8,0,6,7,2,4
5,5,10.0,155,3,1,0,5,6,0,4
4,10,6.0,242,1,8,0,15,96,3,23
4,10,6.0,242,1,9,0,4,79,3,23
4,10,6.0,242,1,9,1,7,54,2,23
5,5,10.0,155,3,19,0,11,117,0,4
5,5,10.0,155,3,9,2,8,9,1,4
5,5,10.0,155,3,1,2,8,27,3,4
5,5,10.0,155,3,15,0,5,64,3,4
5,5,12.0,327,1,0,2,9,95,3,28
5,5,10.0,155,3,17,1,10,43,1,4
5,5,12.0,327,1,11,0,13,99,1,28
5,5,12.0,327,1,10,1,10,23,1,28
5,5,19.0,146,1,7,1,15,39,0,10
5,5,19.0,146,1,13,0,10,47,3,10
5,5,19.0,146,1,5,1,1,67,0,10
5,5,19.0,146,1,4,0,10,22,2,10
5,5,19.0,146,1,19,0,2,60,3,10
5,5,19.0,146,1,6,0,4,4,1,10
5,5,19.0,146,1,3,0,9,101,4,10
5,5,20.0,214,2,3,0,13,38,1,29
5,5,20.0,214,2,20,0,15,112,2,29
5,5,28.0,259,4,17,1,15,31,2,18
5,5,28.0,259,4,11,0,13,38,2,18
4,6,22.0,185,1,2,0,4,75,4,26
4,6,22.0,185,1,14,0,16,50,3,26
4,6,22.0,185,1,8,0,3,44,3,26
4,6,23.0,84,2,0,2,5,6,3,17
4,6,23.0,84,2,0,1,16,37,4,17
4,6,21.0,193,0,3,0,13,99,0,21
4,5,30.0,294,3,8,1,14,106,4,19
4,5,30.0,294,3,2,2,12,80,2,19
4,5,30.0,294,3,14,0,0,77,3,19
4,5,31.0,196,0,20,1,5,6,1,20
4,5,31.0,196,0,13,0,7,137,0,20
4,5,31.0,196,0,15,0,1,59,0,20
4,6,5.0,342,6,13,0,0,26,3,24
4,6,5.0,342,6,0,1,5,64,4,24
4,6,14.0,173,0,20,0,0,26,3,5
4,6,14.0,173,0,1,2,5,6,3,5
4,6,21.0,193,0,15,0,0,68,3,21
4,6,21.0,193,0,19,1,14,24,4,21
4,6,22.0,185,1,7,0,2,86,1,26
4,6,22.0,185,1,0,1,14,25,0,26
4,6,22.0,185,1,0,0,0,26,1,26
4,6,22.0,185,1,11,0,2,13,1,26
4,6,21.0,193,0,5,1,13,48,4,21
4,6,22.0,185,1,1,0,4,79,3,26
4,6,23.0,84,2,8,1,13,13,4,17
5,7,27.0,53,5,22,0,5,64,0,15
3,4,1.0,144,2,23,0,8,9,1,7
4,6,28.0,309,0,6,0,3,115,1,18
5,7,19.0,330,4,0,1,0,64,0,10
5,5,12.0,327,1,6,0,5,12,3,28
4,11,21.0,192,4,1,0,14,25,1,21
4,11,27.0,322,2,15,0,2,86,4,15
4,3,20.0,105,1,18,0,2,13,1,29
4,3,22.0,166,4,15,1,9,101,1,26
4,11,27.0,322,2,15,0,3,44,3,15
4,6,28.0,309,0,11,0,15,46,3,18
5,7,19.0,330,4,17,3,3,30,3,10
4,6,14.0,173,0,14,0,9,102,1,5
4,3,23.0,57,5,22,0,2,86,1,17
3,8,1.0,66,0,13,0,6,7,2,7
5,3,2.0,120,4,8,0,14,107,4,22
4,11,27.0,322,2,2,3,0,96,4,15
4,6,28.0,309,0,5,0,15,31,4,18
5,5,12.0,327,1,1,0,10,12,0,28
4,5,29.0,24,6,5,0,14,25,3,16
4,6,14.0,173,0,18,2,8,41,3,5
4,3,23.0,57,5,22,0,0,15,2,17
5,7,27.0,53,5,12,3,9,95,0,15
5,7,27.0,53,5,2,1,7,54,4,15
5,7,28.0,34,6,6,0,3,44,4,18
5,7,28.0,34,6,7,0,8,27,0,18
5,7,27.0,53,5,15,1,3,30,0,15
5,7,26.0,316,4,8,3,0,85,0,3
5,3,1.0,180,2,21,1,1,16,0,7
5,3,1.0,180,2,3,0,8,41,1,7
5,7,17.0,95,1,17,0,10,23,3,6
5,7,17.0,95,1,0,0,13,99,0,6
5,7,17.0,95,1,15,0,4,75,1,6
5,7,17.0,95,1,1,0,2,123,1,6
5,7,20.0,266,5,20,0,4,66,3,29
5,7,17.0,95,1,3,0,1,16,3,6
5,7,20.0,266,5,15,0,8,118,2,29
5,7,20.0,266,5,8,1,12,80,4,29
5,7,20.0,266,5,19,1,10,47,1,29
5,7,26.0,316,4,17,0,9,58,2,3
5,7,26.0,316,4,17,0,10,22,1,3
5,7,25.0,41,2,7,2,0,68,3,13
5,7,27.0,53,5,2,0,12,56,1,15
4,6,13.0,317,3,21,1,3,79,0,25
5,7,27.0,53,5,22,1,14,25,4,15
5,7,28.0,34,6,23,0,14,24,2,18
5,7,28.0,34,6,12,0,8,9,0,18
5,7,28.0,34,6,1,0,0,15,0,18
5,3,1.0,180,2,0,0,5,12,1,7
5,3,1.0,180,2,17,1,13,38,4,7
5,7,25.0,41,2,23,1,14,107,1,13
5,3,1.0,180,2,8,0,10,23,1,7
5,3,2.0,120,4,7,0,9,101,1,22
5,3,2.0,120,4,5,0,12,56,1,22
5,3,2.0,120,4,8,0,2,92,0,22
5,3,1.0,180,2,15,0,10,22,1,7
5,3,1.0,180,2,3,0,7,120,2,7
5,7,26.0,316,4,16,0,13,48,4,3
5,3,2.0,120,4,2,0,11,15,0,22
5,3,2.0,120,4,2,0,16,37,1,22
5,3,2.0,120,4,14,0,14,25,3,22
5,7,26.0,316,4,13,0,15,108,2,3
5,3,9.0,44,4,16,0,11,15,4,12
4,6,13.0,317,3,4,1,2,86,0,25
4,6,13.0,317,3,16,0,5,6,0,25
5,3,9.0,44,4,19,0,7,57,3,12
5,3,11.0,337,6,2,0,2,69,2,9
5,3,11.0,337,6,18,0,14,32,1,9
5,7,20.0,266,5,3,0,10,22,3,29
5,3,17.0,54,5,22,0,8,118,0,6
5,3,17.0,54,5,15,0,12,83,0,6
5,5,1.0,109,5,23,0,10,23,2,7
5,5,1.0,109,5,23,0,4,66,2,7
5,5,1.0,109,5,15,2,10,12,3,7
5,5,1.0,109,5,22,0,2,69,3,7
5,5,2.0,307,6,5,0,12,56,1,22
5,5,2.0,307,6,2,0,12,104,3,22
5,5,1.0,109,5,22,1,8,33,0,7
5,5,3.0,161,3,20,0,5,12,2,27
5,5,3.0,161,3,2,0,5,6,0,27
5,5,3.0,161,3,22,1,12,83,4,27
5,7,26.0,316,4,10,1,15,119,4,3
5,7,26.0,316,4,22,0,8,65,2,3
5,7,27.0,53,5,2,0,14,32,2,15
5,7,28.0,34,6,13,0,2,3,2,18
5,7,28.0,34,6,11,1,9,95,4,18
5,3,1.0,180,2,0,0,11,15,1,7
4,5,5.0,96,2,13,0,4,82,2,24
4,6,13.0,317,3,15,1,1,105,4,25
4,6,13.0,317,3,4,1,8,19,0,25
4,6,13.0,317,3,18,1,5,12,0,25
4,6,20.0,215,3,18,1,9,27,0,29
4,6,20.0,215,3,18,1,9,27,0,29
5,3,1.0,180,2,0,0,6,132,1,7
5,3,1.0,180,2,18,1,1,67,2,7
5,3,2.0,120,4,8,0,1,11,0,22
5,3,9.0,44,4,0,1,7,31,0,12
5,3,9.0,44,4,8,0,13,48,3,12
5,3,9.0,44,4,13,1,1,67,4,12
5,3,9.0,44,4,1,0,2,92,0,12
5,3,11.0,337,6,21,0,15,31,1,9
5,3,11.0,337,6,22,0,8,41,1,9
5,3,17.0,54,5,9,2,0,96,0,6
5,5,1.0,109,5,21,1,15,31,4,7
5,5,1.0,109,5,11,0,2,123,4,7
5,5,1.0,109,5,19,2,11,55,3,7
5,5,2.0,307,6,7,1,3,115,1,22
4,5,29.0,24,6,3,0,13,28,0,16
4,3,23.0,57,5,13,0,0,85,2,17
4,11,27.0,322,2,1,0,2,71,4,15
5,3,2.0,120,4,14,2,13,38,0,22
5,5,12.0,327,1,17,1,6,89,4,28
4,6,21.0,193,0,17,1,0,31,0,21
4,6,28.0,309,0,8,2,9,57,3,18
2,10,1.0,358,0,17,0,1,11,1,7
5,3,1.0,180,2,9,1,15,31,1,7
5,5,19.0,146,1,16,0,16,37,4,10
4,3,23.0,57,5,1,0,13,29,3,17
4,6,28.0,309,0,10,2,10,22,1,18
4,6,21.0,193,0,13,0,9,93,3,21
5,4,26.0,80,0,22,0,5,12,4,3
4,5,29.0,24,6,22,0,6,7,3,16
5,3,1.0,180,2,8,0,13,29,1,7
5,5,19.0,146,1,6,0,0,12,0,10
4,3,28.0,187,2,3,0,6,132,1,18
4,6,30.0,145,2,21,0,5,12,0,19
4,6,22.0,185,1,6,0,14,24,1,26
5,2,1.0,16,3,16,1,9,49,4,7
4,5,29.0,24,6,4,0,7,78,3,16
5,3,11.0,337,6,23,0,10,47,2,9
4,5,3.0,161,0,10,2,2,40,0,27
4,6,30.0,145,2,21,1,3,103,2,19
4,6,5.0,342,6,9,0,3,70,2,24
4,6,5.0,342,6,18,0,2,86,1,24
4,6,14.0,173,0,15,0,10,47,3,5
4,6,14.0,173,0,23,1,11,133,0,5
4,6,14.0,173,0,0,1,1,11,0,5
4,6,14.0,173,0,12,1,11,15,1,5
4,6,21.0,193,0,1,0,10,47,3,21
5,7,19.0,330,4,22,0,12,80,2,10
5,5,28.0,259,4,8,1,2,2,2,18
5,5,28.0,259,4,22,0,8,9,3,18
5,5,28.0,259,4,5,0,14,25,2,18
5,5,28.0,259,4,2,0,5,6,2,18
5,5,29.0,24,5,7,1,11,15,4,16
5,5,29.0,24,5,8,2,14,34,3,16
5,5,29.0,24,5,14,0,11,15,3,16
5,5,29.0,24,5,3,1,13,21,1,16
5,5,29.0,24,5,14,0,2,69,2,16
5,5,29.0,24,5,20,0,9,102,2,16
5,6,10.0,149,2,16,0,7,111,1,4
5,6,20.0,215,6,10,2,10,43,3,29
5,6,20.0,215,6,12,1,13,28,4,29
5,6,20.0,215,6,4,1,10,22,1,29
5,5,10.0,155,3,15,0,8,41,0,4
5,5,10.0,155,3,14,0,8,41,1,4
5,5,12.0,327,1,0,0,5,12,0,28
5,5,12.0,327,1,0,0,9,101,3,28
5,5,12.0,327,1,10,2,9,9,0,28
5,5,2.0,307,6,15,0,9,101,3,22
5,3,10.0,4,5,2,1,11,122,4,4
5,3,28.0,187,1,18,1,13,48,2,18
4,6,22.0,185,1,0,0,16,50,3,26
4,6,21.0,193,0,3,1,12,61,1,21
4,6,22.0,185,1,8,0,3,103,3,26
4,6,22.0,185,1,14,0,0,64,0,26
4,6,23.0,84,2,2,0,0,85,1,17
4,6,28.0,309,0,16,0,6,73,1,18
4,6,28.0,309,0,13,0,7,62,3,18
4,6,28.0,309,0,11,2,2,92,3,18
4,6,28.0,309,0,19,0,13,36,2,18
4,6,28.0,309,0,14,0,13,48,0,18
4,6,28.0,309,0,1,0,10,22,1,18
4,6,30.0,145,2,21,0,4,75,1,19
4,6,30.0,145,2,20,1,15,31,1,19
4,6,30.0,145,2,5,0,1,11,1,19
4,5,29.0,24,6,1,0,15,31,1,16
4,5,30.0,294,3,16,1,15,39,0,19
4,5,30.0,294,3,17,1,5,12,0,19
4,5,29.0,24,6,12,1,9,27,0,16
5,9,1.0,126,3,1,0,11,18,1,7
5,5,19.0,146,1,16,0,2,2,0,10
5,5,19.0,146,1,7,1,15,31,0,10
5,5,19.0,146,1,8,0,5,12,1,10
5,5,19.0,146,1,2,0,13,48,0,10
5,5,19.0,146,1,9,3,15,114,4,10
5,5,20.0,214,2,9,2,10,22,3,29
5,5,20.0,214,2,5,1,15,39,1,29
5,5,20.0,214,2,18,1,12,121,4,29
5,5,4.0,114,0,20,0,14,24,2,30
5,5,28.0,259,4,17,0,1,11,2,18
5,5,28.0,259,4,21,0,11,47,2,18
5,5,28.0,259,4,10,2,10,47,3,18
5,5,28.0,259,4,0,1,12,56,1,18
5,5,28.0,259,4,13,0,6,7,0,18
5,5,28.0,259,4,18,2,9,57,3,18
5,5,19.0,146,1,22,0,1,67,0,10
3,4,1.0,144,2,13,0,2,69,3,7
5,5,19.0,146,1,12,0,6,91,3,10
5,9,1.0,126,3,9,0,8,65,4,7
4,5,30.0,294,3,7,1,9,57,0,19
4,5,29.0,24,6,15,2,10,47,3,16
4,5,30.0,294,3,12,0,13,61,3,19
4,5,31.0,196,0,8,0,2,92,2,20
4,5,29.0,24,6,19,0,8,118,1,16
4,5,30.0,294,3,8,0,12,80,2,19
4,5,31.0,196,0,13,0,9,54,2,20
4,5,31.0,196,0,14,0,5,12,0,20
5,7,2.0,160,0,18,2,8,33,0,22
5,7,10.0,329,1,16,1,5,64,1,4
4,5,3.0,161,0,4,0,10,47,0,27
5,3,11.0,337,6,7,0,1,11,3,9
4,5,29.0,24,6,13,1,2,86,4,16
5,8,8.0,76,1,22,1,14,25,0,8
5,3,9.0,44,4,11,1,12,84,0,12
5,5,19.0,146,1,0,0,2,92,1,10
4,5,30.0,294,3,0,1,4,75,0,19
4,5,3.0,161,0,14,0,8,27,0,27
4,3,22.0,166,4,18,0,5,12,3,26
4,6,22.0,185,1,0,0,9,93,3,26
4,5,4.0,114,1,12,0,8,9,1,30
4,5,30.0,294,3,5,0,5,12,0,19
5,5,19.0,146,1,3,0,6,89,1,10
5,8,9.0,124,2,18,0,7,120,4,12
4,6,21.0,193,0,2,0,6,89,1,21
4,5,22.0,163,6,17,1,10,52,1,26
5,3,11.0,337,6,10,0,14,25,3,9
4,9,20.0,119,6,4,0,10,23,1,29
4,5,22.0,163,6,22,0,9,102,3,26
5,8,1.0,66,1,17,0,12,135,2,7
4,6,22.0,185,1,0,1,7,8,0,26
4,5,22.0,163,6,5,0,5,6,0,26
5,3,11.0,337,6,13,1,6,116,4,9
4,9,22.0,92,0,16,1,9,9,0,26
5,0,10.0,129,4,15,0,3,115,0,4
4,6,22.0,185,1,21,1,10,52,0,26
4,5,3.0,161,0,12,0,2,92,1,27
4,5,4.0,114,1,12,0,12,56,3,30
4,5,22.0,163,6,15,0,9,49,2,26
5,5,19.0,146,1,5,0,1,59,4,10
5,5,20.0,214,2,11,3,0,77,3,29
5,5,19.0,146,1,18,0,0,85,0,10
5,5,20.0,214,2,22,0,1,11,0,29
5,5,20.0,214,2,4,0,10,47,3,29
5,5,28.0,259,4,11,0,0,12,3,18
5,5,28.0,259,4,16,1,0,26,0,18
5,5,28.0,259,4,14,0,5,64,2,18
5,6,10.0,149,2,17,0,2,86,1,4
5,6,10.0,149,2,21,0,3,70,1,4
5,6,10.0,149,2,15,0,15,39,1,4
5,6,10.0,149,2,1,0,11,8,3,4
5,5,28.0,259,4,11,0,9,57,2,18
5,6,20.0,215,6,22,2,10,22,3,29
5,5,1.0,109,5,20,3,5,0,2,7
5,6,28.0,309,3,22,0,0,15,2,18
4,3,30.0,304,5,12,0,5,6,0,19
5,10,3.0,310,5,7,0,10,22,1,27
5,10,3.0,310,5,23,0,9,101,0,27
5,10,3.0,310,5,22,0,10,22,1,27
5,10,3.0,310,5,2,2,11,124,2,27
5,5,3.0,161,3,10,0,16,50,1,27
5,5,10.0,155,3,10,1,4,75,1,4
5,5,12.0,327,1,17,0,2,40,1,28
5,5,12.0,327,1,13,0,0,12,3,28
5,5,12.0,327,1,3,0,4,75,3,28
5,5,12.0,327,1,6,0,2,13,2,28
5,5,12.0,327,1,2,2,13,38,3,28
5,5,10.0,155,3,14,1,10,47,1,4
5,5,12.0,327,1,1,0,14,25,1,28
5,5,12.0,327,1,9,0,1,1,1,28
5,5,19.0,146,1,21,1,9,57,0,10
5,5,19.0,146,1,0,1,9,95,4,10
5,5,19.0,146,1,3,0,10,52,0,10
5,5,20.0,214,2,23,0,15,114,4,29
5,5,20.0,214,2,22,0,12,83,1,29
5,5,20.0,214,2,4,2,12,121,3,29
5,5,20.0,214,2,8,0,14,24,2,29
5,5,28.0,259,4,6,1,13,48,0,18
5,5,28.0,259,4,20,0,8,19,2,18
5,5,28.0,259,4,0,1,12,56,1,18
5,5,28.0,259,4,12,0,11,98,1,18
5,5,29.0,24,5,15,0,13,28,1,16
4,5,22.0,163,6,15,0,2,86,2,26
4,5,29.0,24,6,19,0,8,9,0,16
4,5,30.0,294,3,17,1,9,95,2,19
4,5,31.0,196,0,19,0,1,11,2,20
4,5,31.0,196,0,1,0,6,128,0,20
4,6,5.0,342,6,23,0,8,118,3,24
4,6,5.0,342,6,2,0,1,35,4,24
4,6,5.0,342,6,17,1,10,30,1,24
4,6,14.0,173,0,17,2,6,73,2,5
4,6,14.0,173,0,7,0,10,47,0,5
4,6,14.0,173,0,20,0,0,53,0,5
4,6,14.0,173,0,3,0,12,61,1,5
4,6,14.0,173,0,2,0,2,2,3,5
4,6,14.0,173,0,4,0,9,10,3,5
4,6,21.0,193,0,17,0,1,35,4,21
4,6,21.0,193,0,0,1,14,25,0,21
4,6,21.0,193,0,20,0,6,89,4,21
5,7,19.0,330,4,14,0,12,84,1,10
5,5,29.0,24,5,11,0,0,15,3,16
5,5,29.0,24,5,3,2,4,45,3,16
5,5,29.0,24,5,2,0,7,78,2,16
5,5,3.0,161,3,0,0,4,75,4,27
5,5,3.0,161,3,5,0,16,42,1,27
5,5,3.0,161,3,13,1,1,35,4,27
5,5,4.0,114,0,4,0,16,50,1,30
5,5,3.0,161,3,1,0,9,49,3,27
5,5,4.0,114,0,22,0,9,57,3,30
5,5,10.0,155,3,20,0,14,25,3,4
5,5,10.0,155,3,15,1,2,2,4,4
5,5,10.0,155,3,2,0,4,82,1,4
5,0,2.0,47,2,13,0,9,57,3,22
5,3,11.0,337,6,8,0,10,6,0,9
4,5,29.0,24,6,4,0,2,92,3,16
4,5,22.0,163,6,6,1,0,53,4,26
5,0,25.0,281,5,17,1,5,6,1,13
4,9,22.0,92,0,23,0,13,48,2,26
4,5,29.0,24,6,6,1,7,62,1,16
5,3,11.0,337,6,8,0,4,121,2,9
5,7,10.0,329,1,22,2,3,30,0,4
4,9,22.0,92,0,9,0,2,86,1,26
4,6,4.0,159,5,4,0,11,94,0,30
4,5,29.0,24,6,0,0,16,50,1,16
4,5,29.0,24,6,9,0,4,82,3,16
5,2,1.0,16,3,17,1,0,26,4,7
4,5,30.0,294,3,17,0,6,7,0,19
5,0,18.0,0,5,19,3,5,12,0,0
5,7,2.0,160,0,22,0,14,24,2,22
4,6,13.0,317,3,1,1,9,10,2,25
4,5,30.0,294,3,15,0,7,62,3,19
4,11,25.0,88,0,11,0,9,134,2,13
5,0,10.0,129,4,5,3,5,12,0,4
4,11,31.0,227,3,2,0,11,55,3,20
5,11,24.0,194,6,3,0,13,99,1,14
5,11,26.0,364,0,8,0,16,39,3,3
5,11,26.0,364,0,13,1,1,67,4,3
5,11,26.0,364,0,4,0,15,96,3,3
5,11,26.0,364,0,8,0,0,77,3,3
5,11,26.0,364,0,13,1,4,127,2,3
5,9,11.0,52,2,16,0,13,13,0,9
5,9,11.0,52,2,16,0,14,34,1,9
5,9,11.0,52,2,7,1,2,92,0,9
5,9,11.0,52,2,12,2,3,30,0,9
5,9,17.0,255,1,17,0,8,9,1,6
5,9,17.0,255,1,17,0,11,15,0,6
5,9,17.0,255,1,15,0,15,31,1,6
5,9,17.0,255,1,15,0,10,23,1,6
5,9,17.0,255,1,22,2,13,38,0,6
5,7,10.0,329,1,9,0,7,20,4,4
5,9,20.0,119,5,5,2,13,29,3,29
5,11,3.0,288,6,13,0,14,25,1,27
5,9,20.0,119,5,13,3,14,88,3,29
5,9,17.0,255,1,9,0,0,15,2,6
5,7,2.0,160,0,4,0,14,32,1,22
5,7,2.0,160,0,22,0,0,64,2,22
5,7,2.0,160,0,2,1,6,7,4,22
4,11,27.0,322,2,16,0,0,0,3,15
4,9,5.0,89,5,17,0,10,43,3,24
4,9,5.0,89,5,3,0,10,22,3,24
4,9,5.0,89,5,1,0,2,69,0,24
4,9,13.0,91,6,10,1,7,20,4,25
4,9,13.0,91,6,2,0,9,57,0,25
4,9,13.0,91,6,23,1,7,62,1,25
4,9,19.0,234,5,16,1,11,117,0,10
4,9,19.0,234,5,9,0,10,22,3,10
4,9,19.0,234,5,1,2,12,61,3,10
4,9,19.0,234,5,1,0,8,27,1,10
4,9,20.0,119,6,7,1,9,95,0,29
4,9,20.0,119,6,11,0,0,31,2,29
4,9,20.0,119,6,4,2,1,35,3,29
4,3,23.0,57,5,15,2,1,59,3,17
4,3,23.0,57,5,3,0,10,43,2,17
4,3,23.0,57,5,12,0,3,79,3,17
4,3,23.0,57,5,12,2,8,33,3,17
4,3,28.0,187,2,3,0,5,6,3,18
4,3,28.0,187,2,4,0,5,6,0,18
4,3,28.0,187,2,9,0,6,89,1,18
3,10,3.0,310,4,8,0,8,41,1,27
5,6,7.0,169,3,9,1,0,77,1,11
5,6,7.0,169,3,8,0,9,95,4,11
5,4,17.0,19,6,2,3,1,1,2,6
5,2,24.0,22,1,11,0,4,127,2,14
5,2,25.0,233,2,23,0,12,56,4,13
4,11,9.0,311,6,2,1,15,31,0,12
4,11,9.0,311,6,7,0,3,115,1,12
5,0,1.0,8,1,9,0,8,118,1,7
4,11,1.0,222,5,17,0,1,16,4,7
4,7,1.0,98,0,19,0,14,97,1,7
4,7,24.0,68,2,23,0,7,122,1,14
4,7,26.0,316,5,20,0,8,27,3,3
4,7,1.0,98,0,5,3,14,24,1,7
4,3,17.0,54,6,13,1,11,8,1,6
4,6,18.0,308,5,8,0,1,105,4,0
4,3,28.0,187,2,1,0,7,120,1,18
4,5,3.0,161,0,22,0,6,7,4,27
4,5,3.0,161,0,2,0,6,7,0,27
4,5,3.0,161,0,22,1,4,75,4,27
4,5,4.0,114,1,2,0,12,135,3,30
4,5,4.0,114,1,19,2,2,86,3,30
4,5,3.0,161,0,21,0,4,75,1,27
4,5,22.0,163,6,6,1,14,34,4,26
4,5,22.0,163,6,16,1,14,107,1,26
4,5,22.0,163,6,19,0,14,34,3,26
4,5,29.0,24,6,0,0,7,129,1,16
4,6,20.0,215,3,9,1,0,53,0,29
4,5,29.0,24,6,5,3,9,57,0,16
4,6,20.0,215,3,18,0,5,12,3,29
4,6,29.0,335,1,3,1,3,30,4,16
4,5,30.0,294,3,8,0,11,90,3,19
5,3,11.0,337,6,2,0,1,11,3,9
4,5,29.0,24,6,13,2,10,47,3,16
5,7,10.0,329,1,12,0,16,72,1,4
5,7,12.0,181,4,6,1,10,47,0,28
5,7,19.0,330,4,15,3,13,99,3,10
5,5,1.0,109,5,20,1,12,61,1,7
4,5,30.0,294,3,12,0,6,7,0,19
5,7,12.0,181,4,8,0,5,6,0,28
5,5,1.0,109,5,5,1,1,67,4,7
4,5,29.0,24,6,5,0,7,111,4,16
4,5,30.0,294,3,1,0,8,41,1,19
5,7,12.0,181,4,14,2,15,39,3,28
5,5,1.0,109,5,8,1,6,128,1,7
4,5,30.0,294,3,18,0,10,6,3,19
4,3,21.0,338,2,17,0,13,36,1,21
5,5,2.0,307,6,5,0,14,25,1,22
4,5,29.0,24,6,13,0,8,9,4,16
4,5,31.0,196,0,16,0,14,34,3,20
4,3,21.0,338,2,13,0,13,28,3,21
5,3,17.0,54,5,13,0,6,7,4,6
4,5,29.0,24,6,22,0,11,15,3,16
4,5,31.0,196,0,0,0,4,79,3,20
4,3,21.0,338,2,17,1,14,32,0,21
4,5,28.0,259,5,22,0,11,124,1,18
4,6,4.0,159,5,15,0,13,13,3,30
5,7,2.0,160,0,12,2,1,59,2,22
5,7,12.0,181,4,9,0,11,117,1,28
5,7,12.0,181,4,19,0,3,79,1,28
5,7,17.0,95,1,19,0,8,118,1,6
5,7,20.0,266,5,22,0,0,31,2,29
5,7,20.0,266,5,22,0,4,5,0,29
5,7,25.0,41,2,7,0,10,22,3,13
5,7,27.0,53,5,14,0,5,6,0,15
5,7,28.0,34,6,23,0,10,22,2,18
5,7,28.0,34,6,15,0,16,39,1,18
5,7,28.0,34,6,4,0,8,9,0,18
5,3,30.0,304,4,17,1,9,134,1,19
5,3,30.0,304,4,13,1,9,27,0,19
5,5,31.0,196,3,9,0,5,6,3,20
5,8,24.0,85,4,10,0,8,9,2,14
5,4,17.0,19,6,2,1,7,111,1,6
5,2,18.0,7,2,3,0,6,73,2,0
5,2,26.0,3,4,15,0,5,6,2,3
4,11,1.0,222,5,5,1,15,114,1,7
5,0,23.0,237,2,2,3,15,31,3,17
4,9,18.0,359,4,13,3,9,93,1,0
4,9,25.0,344,4,8,0,11,8,2,13
4,7,1.0,98,0,13,0,16,50,2,7
4,7,1.0,98,0,15,1,11,18,0,7
4,7,27.0,53,6,0,1,3,30,4,15
4,7,27.0,53,6,13,0,11,55,2,15
5,3,1.0,180,2,10,0,9,57,1,7
5,3,2.0,120,4,17,0,8,9,1,22
5,3,9.0,44,4,23,1,16,37,1,12
5,3,17.0,54,5,7,1,16,65,4,6
5,3,17.0,54,5,13,0,8,118,1,6
5,5,1.0,109,5,3,2,3,30,3,7
5,5,1.0,109,5,18,0,10,12,0,7
5,3,1.0,180,2,23,1,10,22,0,7
5,3,1.0,180,2,7,3,0,12,1,7
5,3,1.0,180,2,2,1,10,23,1,7
5,7,27.0,53,5,6,2,10,22,3,15
5,7,12.0,181,4,12,0,0,15,0,28
5,3,2.0,120,4,21,0,0,85,1,22
5,3,2.0,120,4,8,1,11,15,0,22
5,3,1.0,180,2,7,1,6,7,0,7
5,3,2.0,120,4,12,0,9,49,3,22
4,5,28.0,259,5,9,1,11,133,2,18
4,5,28.0,259,5,9,1,10,52,4,18
4,6,7.0,169,0,21,1,2,92,4,11
5,3,2.0,120,4,18,2,10,47,3,22
5,3,2.0,120,4,9,0,7,57,1,22
5,3,9.0,44,4,5,0,2,69,1,12
5,3,9.0,44,4,22,1,0,77,2,12
5,7,27.0,53,5,5,1,11,55,1,15
5,3,11.0,337,6,11,0,8,27,3,9
5,3,11.0,337,6,13,1,12,56,4,9
5,3,11.0,337,6,19,0,15,39,0,9
5,7,12.0,181,4,14,0,6,89,1,28
5,3,17.0,54,5,2,0,1,59,4,6
5,5,1.0,109,5,20,0,6,89,3,7
5,5,1.0,109,5,22,2,1,59,4,7
5,5,1.0,109,5,15,1,9,134,4,7
5,5,1.0,109,5,18,0,12,104,4,7
5,7,12.0,181,4,18,0,11,15,1,28
5,7,17.0,95,1,6,0,9,109,0,6
5,7,17.0,95,1,7,0,15,51,1,6
5,7,17.0,95,1,22,0,9,109,4,6
5,7,20.0,266,5,6,0,7,120,1,29
5,7,20.0,266,5,11,1,15,31,1,29
5,7,17.0,95,1,20,0,8,41,1,6
5,7,25.0,41,2,16,0,2,35,0,13
5,7,25.0,41,2,6,1,3,79,0,13
5,7,25.0,41,2,7,1,8,9,4,13
5,7,25.0,41,2,17,0,10,30,0,13
4,5,30.0,294,3,20,0,5,6,3,19
4,5,31.0,196,0,10,0,13,21,1,20
4,7,28.0,34,3,7,1,11,15,0,18
4,7,28.0,34,3,1,0,3,76,1,18
4,5,30.0,294,3,13,0,12,61,2,19
4,5,31.0,196,0,2,0,13,29,3,20
5,7,19.0,330,4,13,3,11,15,0,10
4,6,5.0,342,6,1,0,5,12,2,24
3,2,1.0,16,6,17,0,8,118,1,7
5,7,19.0,330,4,17,1,0,31,0,10
4,7,29.0,268,0,3,0,10,12,3,16
4,7,29.0,268,0,1,0,0,96,0,16
4,7,29.0,268,0,19,2,10,43,3,16
4,7,31.0,43,2,17,0,10,47,0,20
4,7,31.0,43,2,16,0,13,99,0,20
4,7,31.0,43,2,0,1,0,26,0,20
4,7,31.0,43,2,4,0,3,30,0,20
4,3,13.0,210,1,0,1,1,35,0,25
5,5,1.0,109,5,20,1,5,6,1,7
5,5,4.0,114,0,12,1,10,22,4,30
5,5,10.0,155,3,16,1,2,86,0,4
5,5,10.0,155,3,5,2,10,47,3,4
5,5,10.0,155,3,13,0,3,30,3,4
5,5,10.0,155,3,20,0,1,11,3,4
5,5,10.0,155,3,19,0,6,7,3,4
5,5,10.0,155,3,5,0,9,101,2,4
5,3,1.0,180,2,9,0,2,2,3,7
5,3,9.0,44,4,9,0,2,69,3,12
5,3,11.0,337,6,20,0,2,3,4,9
5,3,11.0,337,6,8,0,11,18,0,9
5,3,11.0,337,6,21,1,15,114,0,9
5,3,11.0,337,6,14,0,12,17,0,9
5,3,11.0,337,6,11,1,8,9,1,9
5,3,11.0,337,6,19,0,14,24,2,9
5,3,17.0,54,5,15,2,16,72,0,6
5,3,17.0,54,5,12,0,3,115,4,6
5,3,17.0,54,5,4,0,0,85,0,6
5,3,17.0,54,5,1,2,12,17,0,6
4,3,13.0,210,1,18,0,0,77,1,25
4,3,14.0,33,2,17,0,11,117,3,5
4,3,13.0,210,1,1,1,9,58,4,25
4,3,14.0,33,2,10,0,9,57,1,5
4,3,20.0,105,1,17,0,13,123,0,29
4,3,20.0,105,1,6,0,5,12,0,29
4,3,20.0,105,1,11,2,10,23,3,29
4,3,20.0,105,1,21,1,2,123,0,29
4,3,23.0,57,5,11,2,13,38,3,17
4,3,20.0,105,1,2,0,3,30,0,29
4,3,28.0,187,2,17,0,13,48,3,18
4,3,28.0,187,2,3,1,3,44,4,18
4,3,28.0,187,2,12,0,5,64,2,18
4,3,28.0,187,2,1,1,12,83,4,18
4,5,3.0,161,0,22,0,5,6,0,27
4,3,28.0,187,2,11,0,9,49,1,18
4,5,3.0,161,0,18,0,3,30,1,27
4,5,4.0,114,1,16,2,5,12,3,30
4,5,4.0,114,1,15,0,6,91,1,30
4,5,4.0,114,1,13,0,5,64,2,30
4,3,14.0,33,2,19,1,9,93,2,5
4,5,22.0,163,6,17,0,10,22,1,26
4,5,22.0,163,6,16,2,10,22,3,26
4,5,22.0,163,6,3,0,1,67,2,26
4,5,29.0,24,6,23,0,14,34,2,16
4,5,29.0,24,6,10,2,15,31,0,16
4,5,29.0,24,6,14,0,12,17,0,16
5,7,12.0,181,4,14,0,6,14,4,28
4,6,5.0,342,6,18,0,2,123,3,24
4,6,5.0,342,6,9,2,1,67,3,24
4,6,14.0,173,0,16,0,1,35,3,5
5,5,20.0,214,2,4,1,13,21,4,29
5,5,20.0,214,2,15,1,9,63,4,29
5,5,20.0,214,2,4,0,8,27,3,29
5,5,2.0,307,6,4,0,4,121,1,22
5,5,29.0,24,5,4,0,2,86,1,16
5,5,29.0,24,5,11,1,11,18,1,16
5,5,1.0,109,5,18,0,8,27,1,7
5,6,10.0,149,2,0,1,1,105,0,4
5,6,10.0,149,2,2,0,8,9,0,4
5,5,2.0,307,6,1,1,9,101,4,22
5,6,10.0,149,2,4,0,0,26,3,4
5,5,2.0,307,6,1,0,10,22,3,22
5,5,1.0,109,5,19,2,1,11,0,7
5,6,10.0,149,2,12,0,0,0,3,4
5,5,3.0,161,3,13,0,1,16,3,27
5,5,2.0,307,6,19,0,12,56,1,22
5,5,3.0,161,3,3,3,14,25,0,27
5,5,4.0,114,0,23,0,10,22,3,30
5,5,4.0,114,0,5,0,9,87,2,30
5,5,4.0,114,0,12,1,2,92,1,30
5,5,3.0,161,3,8,1,2,86,1,27
5,5,4.0,114,0,14,0,8,27,1,30
5,5,10.0,155,3,16,1,7,137,2,4
5,5,10.0,155,3,16,2,3,115,0,4
5,5,10.0,155,3,14,0,3,30,3,4
5,5,12.0,327,1,6,2,10,22,3,28
4,9,28.0,315,3,11,1,13,38,1,18
4,7,5.0,204,5,10,1,11,15,0,24
4,7,12.0,181,5,3,0,0,77,1,28
4,7,12.0,181,5,8,0,1,67,2,28
4,7,14.0,125,3,11,1,0,96,0,5
4,7,14.0,125,3,3,0,4,138,2,5
4,7,14.0,125,3,19,0,16,50,2,5
4,7,14.0,125,3,19,0,9,95,2,5
4,7,14.0,125,3,19,0,5,6,0,5
4,7,5.0,204,5,2,0,1,67,0,24
4,7,20.0,266,6,12,2,9,49,3,29
4,7,20.0,266,6,2,2,1,16,3,29
4,7,20.0,266,6,19,0,3,30,4,29
4,7,20.0,266,6,23,1,8,9,1,29
4,7,22.0,211,0,4,0,10,47,1,26
4,7,28.0,34,3,10,2,9,57,2,18
4,7,28.0,34,3,22,2,13,99,3,18
4,3,14.0,33,2,12,0,10,23,2,5
5,5,12.0,327,1,8,3,0,64,3,28
5,5,12.0,327,1,15,0,2,69,2,28
5,5,12.0,327,1,12,2,4,66,2,28
5,5,12.0,327,1,23,1,15,46,4,28
5,5,19.0,146,1,0,0,5,12,3,10
5,5,19.0,146,1,3,0,13,48,0,10
5,5,2.0,307,6,3,0,16,37,1,22
5,5,2.0,307,6,1,0,15,114,1,22
5,5,2.0,307,6,9,0,5,12,3,22
5,5,2.0,307,6,15,0,14,24,2,22
5,5,3.0,161,3,15,0,1,16,3,27
5,5,3.0,161,3,13,0,8,9,0,27
5,5,3.0,161,3,11,1,14,126,4,27
4,6,20.0,215,3,22,0,2,2,1,29
4,6,20.0,215,3,18,3,9,101,2,29
5,6,28.0,309,3,13,0,3,44,4,18
5,5,3.0,161,3,16,0,11,15,3,27
5,5,3.0,161,3,18,0,5,12,2,27
5,5,4.0,114,0,8,0,2,86,2,30
5,5,2.0,307,6,19,0,13,38,3,22
5,5,4.0,114,0,19,0,1,16,4,30
5,7,12.0,181,4,1,0,15,85,1,28
5,6,20.0,215,6,16,2,8,27,3,29
5,6,20.0,215,6,16,2,0,64,3,29
5,6,20.0,215,6,22,1,10,23,1,29
5,6,20.0,215,6,1,0,2,2,3,29
5,6,20.0,215,6,9,1,11,124,2,29
5,6,20.0,215,6,1,3,15,46,0,29
5,6,28.0,309,3,0,2,6,7,3,18
5,6,28.0,309,3,5,0,2,2,1,18
5,6,28.0,309,3,2,0,9,93,0,18
5,10,3.0,310,5,20,0,1,11,4,27
4,6,14.0,173,0,19,0,13,28,0,5
4,6,14.0,173,0,14,0,0,96,1,5
4,6,21.0,193,0,20,1,10,12,1,21
4,6,21.0,193,0,12,0,0,64,3,21
4,6,23.0,84,2,3,1,6,89,4,17
4,6,23.0,84,2,2,1,10,23,1,17
4,6,23.0,84,2,15,1,7,122,4,17
4,6,28.0,309,0,6,0,0,12,4,18
4,6,28.0,309,0,3,0,2,2,0,18
4,6,28.0,309,0,8,0,11,90,1,18
4,6,28.0,309,0,12,1,7,120,1,18
4,6,28.0,309,0,1,0,8,27,3,18
4,6,30.0,145,2,1,0,10,12,0,19
5,3,28.0,187,1,15,1,9,134,1,18
4,10,4.0,356,3,4,0,1,11,4,30
4,6,23.0,84,2,5,1,14,25,4,17
4,10,7.0,243,2,15,0,16,130,1,11
4,10,7.0,243,2,15,0,15,96,0,11
4,10,7.0,243,2,21,0,13,21,1,11
4,10,7.0,243,2,2,0,14,25,1,11
4,10,12.0,333,0,6,0,4,79,1,28
4,10,12.0,333,0,22,2,6,89,3,28
4,10,12.0,333,0,9,0,16,50,1,28
5,10,3.0,310,5,23,0,9,101,3,27
5,10,3.0,310,5,13,0,1,59,4,27
5,7,12.0,181,4,9,2,8,9,3,28
5,10,3.0,310,5,22,2,16,72,2,27
5,10,3.0,310,5,1,0,5,6,3,27
5,10,3.0,310,5,23,1,9,10,1,27
5,6,28.0,309,3,8,0,0,53,4,18
5,6,28.0,309,3,21,1,0,64,0,18
5,6,28.0,309,3,11,1,0,68,0,18
4,10,14.0,174,2,12,1,10,12,1,5
5,7,12.0,181,4,18,1,1,35,0,28
5,7,10.0,329,1,13,3,12,104,1,4
5,7,17.0,95,1,15,0,15,39,3,6
5,7,17.0,95,1,13,0,10,22,1,6
5,7,17.0,95,1,16,0,0,53,3,6
5,7,17.0,95,1,4,0,5,64,0,6
5,7,20.0,266,5,16,2,1,59,4,29
5,7,20.0,266,5,13,0,10,43,2,29
5,9,20.0,119,5,17,1,10,47,0,29
5,7,25.0,41,2,3,0,7,78,3,13
4,7,29.0,268,0,21,1,16,50,0,16
4,7,29.0,268,0,19,0,3,115,3,16
4,7,31.0,43,2,21,0,8,41,1,20
4,7,31.0,43,2,0,2,13,28,3,20
4,7,31.0,43,2,5,0,5,0,2,20
4,7,31.0,43,2,4,0,5,6,0,20
4,3,13.0,210,1,17,0,5,64,3,25
4,3,13.0,210,1,18,0,10,23,1,25
4,3,14.0,33,2,17,0,9,95,1,5
4,3,14.0,33,2,15,1,10,47,0,5
4,3,20.0,105,1,1,1,14,125,4,29
4,3,23.0,57,5,17,0,0,96,0,17
4,3,23.0,57,5,5,0,8,118,1,17
5,1,4.0,286,1,9,0,0,77,1,30
4,3,23.0,57,5,8,0,9,57,0,17
4,3,23.0,57,5,4,0,8,9,4,17
4,3,23.0,57,5,22,1,1,59,4,17
4,3,23.0,57,5,16,1,15,51,1,17
4,3,28.0,187,2,21,0,2,86,1,18
4,3,28.0,187,2,11,0,8,118,1,18
4,3,28.0,187,2,2,1,15,119,0,18
4,3,28.0,187,2,18,0,12,100,4,18
4,5,3.0,161,0,0,2,9,102,3,27
4,5,3.0,161,0,22,1,9,109,2,27
5,11,18.0,332,3,18,1,3,44,0,0
5,11,18.0,332,3,9,0,0,53,3,0
5,9,3.0,217,1,9,1,13,48,0,27
5,7,9.0,273,0,3,0,8,41,2,12
5,6,3.0,99,2,17,1,11,117,0,27
5,11,1.0,222,4,17,0,8,9,1,7
5,6,16.0,38,1,12,1,9,27,0,2
5,10,15.0,60,2,17,1,9,93,4,1
5,8,26.0,278,6,12,1,8,33,0,3
5,4,16.0,25,5,17,0,7,78,3,2
5,2,10.0,28,1,7,1,12,17,1,4
5,2,18.0,7,2,2,1,9,134,4,0
5,10,15.0,60,2,13,0,7,31,4,1
5,2,8.0,258,3,21,1,0,12,1,8
4,11,9.0,311,6,23,0,8,41,4,12
4,11,9.0,311,6,16,1,7,111,0,12
5,9,23.0,167,0,12,1,13,99,0,17
4,9,4.0,295,4,5,0,14,88,2,30
5,11,3.0,288,6,6,0,7,62,1,27
5,11,3.0,288,6,8,0,2,2,1,27
5,11,3.0,288,6,8,0,8,9,1,27
5,11,3.0,288,6,14,2,2,69,0,27
5,11,10.0,360,6,7,3,3,30,3,4
5,11,10.0,360,6,13,0,5,6,0,4
5,11,10.0,360,6,4,0,0,85,3,4
5,11,10.0,360,6,9,0,13,38,4,4
5,11,10.0,360,6,2,2,9,93,3,4
5,11,10.0,360,6,22,0,8,27,2,4
5,11,26.0,364,0,15,1,2,40,4,3
4,5,3.0,161,0,13,0,2,71,2,27
4,5,3.0,161,0,15,1,10,47,1,27
4,5,3.0,161,0,19,2,0,26,0,27
4,5,3.0,161,0,19,0,12,80,3,27
4,5,4.0,114,1,10,0,13,38,2,30
4,5,4.0,114,1,23,0,6,128,1,30
4,5,3.0,161,0,14,1,13,13,0,27
5,7,19.0,330,4,12,0,2,69,2,10
4,5,4.0,114,1,4,0,0,77,0,30
4,3,20.0,105,1,22,1,1,35,4,29
4,5,4.0,114,1,19,2,15,51,3,30
4,5,22.0,163,6,0,1,0,26,4,26
4,11,19.0,321,1,0,1,4,5,1,10
4,11,19.0,321,1,8,0,9,27,0,10
4,11,19.0,321,1,1,2,1,11,0,10
4,11,19.0,321,1,13,0,2,2,2,10
5,3,10.0,4,5,5,0,10,47,2,4
5,3,10.0,4,5,3,0,11,15,3,4
5,3,10.0,4,5,12,0,14,24,2,4
5,3,27.0,361,0,12,0,6,7,4,15
5,3,27.0,361,0,1,1,1,81,4,15
5,3,27.0,361,0,19,0,11,133,3,15
5,3,27.0,361,0,18,0,16,42,0,15
5,3,28.0,187,1,10,0,14,97,1,18
5,4,3.0,279,6,8,0,12,56,2,27
5,11,17.0,110,6,21,1,14,24,0,6
5,6,11.0,355,4,15,0,5,6,0,9
5,3,28.0,187,1,5,0,12,61,3,18
5,3,27.0,361,0,18,1,13,48,0,15
5,3,29.0,325,2,16,0,11,55,2,16
5,3,29.0,325,2,6,3,6,128,3,16
5,3,29.0,325,2,19,0,1,16,4,16
5,3,29.0,325,2,3,1,2,13,1,16
5,5,11.0,326,0,18,0,4,138,3,9
5,5,11.0,326,0,0,1,10,22,0,9
5,5,27.0,328,2,6,0,13,28,3,15
5,5,27.0,328,2,5,0,0,31,1,15
3,8,1.0,66,0,17,0,10,12,1,7
5,6,28.0,309,3,14,0,15,108,1,18
5,11,2.0,265,5,16,2,5,6,0,22
5,11,2.0,265,5,21,1,0,53,0,22
5,11,2.0,265,5,14,0,5,6,3,22
5,11,2.0,265,5,2,1,15,51,1,22
5,11,8.0,283,4,13,0,15,96,2,8
5,6,28.0,309,3,9,0,5,12,1,18
5,1,4.0,286,1,14,2,14,125,2,30
5,8,22.0,354,1,13,2,11,18,0,26
5,11,15.0,331,4,13,1,14,126,4,1
5,11,8.0,283,4,12,0,9,102,1,8
5,11,16.0,225,5,20,0,13,48,4,2
5,11,16.0,225,5,3,0,8,41,1,2
5,11,16.0,225,5,12,0,1,67,4,2
5,11,16.0,225,5,4,0,13,13,3,2
5,11,17.0,110,6,17,0,10,47,2,6
5,11,17.0,110,6,20,1,4,4,4,6
5,11,17.0,110,6,14,3,2,2,0,6
5,11,19.0,321,0,15,2,14,24,3,10
5,11,19.0,321,0,16,0,1,67,0,10
5,11,19.0,321,0,3,0,3,30,1,10
5,11,19.0,321,0,13,0,1,35,1,10
5,11,19.0,321,0,2,0,13,13,1,10
5,11,19.0,321,0,4,2,2,2,3,10
5,11,19.0,321,0,19,0,0,96,3,10
5,11,19.0,321,0,22,0,9,54,1,10
5,11,19.0,321,0,9,0,2,92,1,10
5,9,1.0,126,3,0,1,8,27,0,7
5,9,1.0,126,3,10,3,5,6,0,7
5,9,1.0,126,3,9,0,9,109,2,7
5,9,1.0,126,3,4,0,5,64,1,7
5,9,10.0,156,1,19,0,8,27,4,4
5,9,26.0,267,4,5,0,6,7,4,3
5,3,4.0,285,6,6,2,10,47,3,30
5,3,4.0,285,6,10,0,1,59,1,30
5,3,4.0,285,6,22,0,0,77,1,30
5,3,4.0,285,6,3,0,6,7,2,30
5,3,4.0,285,6,22,0,5,6,2,30
5,3,10.0,4,5,5,0,13,38,2,4
5,3,27.0,361,0,9,0,14,106,1,15
5,3,27.0,361,0,9,1,10,22,4,15
5,3,28.0,187,1,6,0,2,92,3,18
5,3,28.0,187,1,17,2,9,57,0,18
5,3,28.0,187,1,7,0,14,32,1,18
5,3,28.0,187,1,3,2,6,7,3,18
5,3,28.0,187,1,2,3,14,25,0,18
5,3,29.0,325,2,21,0,6,7,0,16
5,3,29.0,325,2,12,0,6,89,4,16
5,3,28.0,187,1,18,1,8,118,4,18
5,3,29.0,325,2,19,0,9,10,1,16
5,3,29.0,325,2,14,1,11,18,1,16
5,3,29.0,325,2,18,2,2,69,3,16
5,3,27.0,361,0,12,3,11,133,2,15
5,3,28.0,187,1,11,0,14,24,2,18
5,5,11.0,326,0,16,1,7,111,2,9
5,5,11.0,326,0,20,0,3,76,1,9
5,5,11.0,326,0,13,0,0,53,2,9
5,5,27.0,328,2,16,0,10,30,0,15
5,5,27.0,328,2,6,0,0,12,0,15
5,5,27.0,328,2,10,0,0,26,3,15
5,5,27.0,328,2,17,0,12,61,1,15
5,6,11.0,355,4,6,0,10,30,3,9
5,6,11.0,355,4,0,0,5,64,1,9
5,6,11.0,355,4,12,0,7,62,1,9
5,6,18.0,308,4,15,0,2,2,4,0
5,6,18.0,308,4,8,0,1,11,1,0
5,11,2.0,265,5,0,0,0,77,1,22
5,11,2.0,265,5,13,1,1,67,4,22
5,11,8.0,283,4,22,1,2,40,4,8
5,11,8.0,283,4,1,2,10,47,1,8
5,11,8.0,283,4,8,2,9,102,3,8
5,11,8.0,283,4,22,0,13,38,2,8
5,11,8.0,283,4,7,1,1,81,4,8
5,6,18.0,308,4,9,0,15,31,3,0
5,11,8.0,283,4,19,3,6,7,3,8
5,11,17.0,110,6,14,0,13,21,0,6
5,6,29.0,335,0,6,0,10,22,3,16
5,11,19.0,321,0,6,0,0,26,3,10
5,11,16.0,225,5,6,0,14,34,4,2
5,1,11.0,111,1,16,0,5,12,0,9
5,6,19.0,291,5,16,0,3,44,1,10
5,6,11.0,355,4,23,0,5,12,3,9
5,7,14.0,125,6,17,3,15,51,0,5
5,9,26.0,267,4,14,0,15,108,1,3
5,8,22.0,354,1,19,0,3,79,3,26
5,1,11.0,111,1,16,0,6,73,1,9
5,11,19.0,321,0,4,0,16,72,3,10
5,9,26.0,267,4,14,0,3,30,1,3
5,6,11.0,355,4,15,0,2,2,3,9
5,6,18.0,308,4,12,0,15,31,1,0
5,1,13.0,207,4,14,2,7,78,3,25
5,6,29.0,335,0,13,2,15,119,0,16
5,9,1.0,126,3,6,0,6,7,4,7
5,6,11.0,355,4,2,0,16,42,1,9
5,6,19.0,291,5,2,0,0,12,0,10
5,11,16.0,225,5,6,0,16,42,3,2
5,1,20.0,151,4,11,0,5,0,0,29
5,8,22.0,354,1,1,0,2,13,0,26
5,8,21.0,46,0,3,0,10,43,1,21
5,8,27.0,78,3,6,2,11,18,3,15
5,8,27.0,78,3,8,1,1,59,4,15
5,4,3.0,279,6,13,1,12,80,4,27
5,4,3.0,279,6,23,0,0,77,3,27
5,4,3.0,279,6,14,0,11,18,1,27
5,4,4.0,178,3,0,2,10,6,3,30
5,4,3.0,279,6,8,0,10,12,3,27
5,4,4.0,178,3,1,0,9,102,0,30
5,4,19.0,142,0,18,0,10,6,1,10
5,4,19.0,142,0,22,0,6,128,3,10
5,4,27.0,274,1,2,1,1,59,4,15
5,4,27.0,274,1,1,0,7,78,1,15
5,2,5.0,127,4,22,2,11,133,0,24
5,10,3.0,310,5,18,0,10,43,1,27
5,1,2.0,171,3,22,0,14,24,2,22
5,1,10.0,17,0,22,0,13,48,4,4
5,1,10.0,17,0,8,1,6,128,0,4
5,2,5.0,127,4,22,0,11,94,3,24
5,2,13.0,276,5,6,0,3,76,3,25
5,8,20.0,319,3,14,0,3,44,4,29
5,8,21.0,46,0,16,0,11,94,1,21
5,8,21.0,46,0,6,2,10,47,3,21
5,8,20.0,319,3,14,0,11,15,1,29
5,8,21.0,46,0,22,0,14,88,0,21
5,8,21.0,46,0,14,0,7,62,3,21
5,8,21.0,46,0,9,0,3,103,0,21
5,8,22.0,354,1,9,2,2,2,3,26
5,8,27.0,78,3,6,0,1,1,0,15
5,4,3.0,279,6,0,0,6,7,3,27
5,4,3.0,279,6,1,0,2,86,4,27
5,4,4.0,178,3,20,2,1,16,0,30
5,4,3.0,279,6,8,0,9,95,3,27
5,4,4.0,178,3,5,0,4,4,2,30
5,4,19.0,142,0,6,0,0,77,4,10
5,4,19.0,142,0,11,0,12,121,1,10
5,8,5.0,101,6,1,2,15,77,3,24
5,4,19.0,142,0,23,0,14,34,2,10
5,4,19.0,142,0,5,0,12,61,1,10
5,4,19.0,142,0,14,0,8,41,4,10
5,4,27.0,274,1,16,0,0,12,3,15
5,4,27.0,274,1,6,1,9,93,4,15
5,2,5.0,127,4,21,2,5,6,0,24
5,3,4.0,285,6,13,3,16,108,4,30
5,10,10.0,245,5,6,0,5,12,3,4
5,10,10.0,245,5,16,1,16,74,4,4
5,10,29.0,318,2,16,0,16,37,3,16
5,1,3.0,188,0,0,0,6,91,4,27
5,1,3.0,188,0,10,0,7,120,2,27
5,1,3.0,188,0,3,0,10,22,3,27
5,1,4.0,286,1,16,0,15,96,3,30
5,1,4.0,286,1,1,0,5,12,1,30
5,1,11.0,111,1,12,0,3,76,2,9
5,1,13.0,207,4,8,0,14,24,1,25
5,1,13.0,207,4,9,0,6,89,1,25
5,1,20.0,151,4,6,1,13,48,0,29
5,1,20.0,151,4,8,0,0,26,2,29
5,8,10.0,71,4,14,1,7,137,4,4
5,8,19.0,280,6,20,1,9,49,4,10
5,8,19.0,280,6,13,0,16,72,0,10
5,8,19.0,280,6,11,1,16,72,1,10
5,8,22.0,354,1,11,2,10,22,3,26
5,8,27.0,78,3,2,0,1,59,1,15
5,4,3.0,279,6,18,0,10,43,3,27
5,4,3.0,279,6,14,2,8,27,3,27
5,10,29.0,318,2,21,1,0,68,1,16
5,10,4.0,356,6,19,0,13,29,2,30
5,10,29.0,318,2,4,0,0,64,3,16
5,1,3.0,188,0,17,0,5,12,1,27
5,1,3.0,188,0,4,1,6,116,1,27
5,1,3.0,188,0,18,0,16,130,3,27
5,1,4.0,286,1,16,2,2,92,3,30
5,1,4.0,286,1,6,0,0,26,3,30
5,1,4.0,286,1,2,0,0,85,3,30
5,11,31.0,227,6,5,0,6,89,2,20
3,0,22.0,241,0,23,0,9,27,1,26
5,6,15.0,49,0,9,1,11,15,0,1
2,1,1.0,171,4,17,0,13,28,1,7
5,1,10.0,17,0,21,1,15,39,0,4
5,1,10.0,17,0,4,0,6,7,1,4
5,1,19.0,29,2,16,1,6,7,0,10
5,1,19.0,29,2,18,1,15,46,0,10
5,6,18.0,308,4,22,1,9,10,4,0
5,11,16.0,225,5,9,0,10,22,2,2
5,9,1.0,126,3,21,1,9,27,0,7
5,6,11.0,355,4,14,0,2,60,3,9
5,11,17.0,110,6,0,2,5,6,0,6
5,9,26.0,267,4,1,2,8,27,3,3
5,6,19.0,291,5,21,1,13,21,0,10
5,9,1.0,126,3,22,0,7,122,2,7
5,6,18.0,308,4,5,0,13,29,2,0
5,1,18.0,82,1,6,0,10,47,3,0
5,11,17.0,110,6,2,0,14,25,1,6
5,6,18.0,308,4,0,2,9,87,3,0
5,6,19.0,291,5,9,1,14,24,0,10
5,3,4.0,285,6,3,0,5,6,0,30
5,1,20.0,151,4,15,2,9,101,0,29
5,11,17.0,110,6,11,1,1,16,4,6
5,6,26.0,348,5,0,2,14,24,0,3
5,6,18.0,308,4,0,1,6,7,2,0
5,9,10.0,156,1,17,0,2,2,0,4
5,6,26.0,348,5,17,0,13,48,1,3
5,3,4.0,285,6,2,0,3,30,0,30
5,1,20.0,151,4,22,2,7,111,0,29
5,1,18.0,82,1,16,0,4,66,2,0
5,11,17.0,110,6,22,1,11,10,4,6
5,6,26.0,348,5,2,0,3,103,1,3
5,6,18.0,308,4,5,0,0,77,3,0
5,11,17.0,110,6,12,2,1,59,0,6
5,9,10.0,156,1,6,1,3,4,0,4
5,6,29.0,335,0,17,0,6,7,3,16
3,0,18.0,0,4,23,0,15,31,1,0
5,1,18.0,82,1,21,0,4,4,1,0
5,6,18.0,308,4,0,1,13,38,0,0
5,11,17.0,110,6,14,1,0,77,1,6
5,3,4.0,285,6,4,0,10,47,0,30
5,6,26.0,348,5,4,0,9,95,1,3
5,8,10.0,71,4,22,0,13,48,1,4
5,11,19.0,321,0,20,0,1,35,2,10
5,6,26.0,348,5,15,1,14,88,4,3
5,6,18.0,308,4,0,1,15,51,1,0
5,6,29.0,335,0,5,0,1,11,3,16
5,8,19.0,280,6,5,0,13,28,1,10
5,11,17.0,110,6,19,0,12,56,1,6
5,6,29.0,335,0,15,0,10,47,0,16
5,6,19.0,291,5,17,0,7,62,2,10
5,9,10.0,156,1,22,0,16,130,4,4
5,6,19.0,291,5,22,0,5,6,1,10
5,9,26.0,267,4,15,1,5,6,0,3
5,6,29.0,335,0,9,0,2,3,4,16
5,9,26.0,267,4,15,0,9,93,2,3
5,3,4.0,285,6,13,1,12,61,4,30
5,11,19.0,321,0,13,1,2,2,4,10
5,6,29.0,335,0,15,0,1,1,1,16
5,1,18.0,82,1,10,1,15,119,0,0
5,8,19.0,280,6,12,0,9,95,1,10
5,7,19.0,330,4,16,2,15,51,1,10
5,3,10.0,4,5,5,0,6,14,4,4
5,1,18.0,82,1,22,0,2,2,3,0
5,10,4.0,356,6,5,1,2,13,1,30
5,6,29.0,335,0,3,1,4,136,4,16
5,10,4.0,356,6,1,0,12,82,3,30
5,11,19.0,321,0,23,0,6,91,4,10
5,6,19.0,291,5,11,0,11,94,3,10
5,8,19.0,280,6,19,1,15,85,1,10
5,11,17.0,110,6,2,0,10,12,0,6
5,1,18.0,82,1,11,1,11,10,4,0
5,10,4.0,356,6,18,0,13,48,4,30
5,7,19.0,330,4,4,1,12,56,0,10
5,6,29.0,335,0,13,0,2,123,4,16
5,6,19.0,291,5,13,0,8,9,3,10
5,10,10.0,245,5,21,1,15,96,2,4
5,11,2.0,265,5,22,0,5,64,0,22
5,11,19.0,321,0,19,0,5,6,0,10
5,1,18.0,82,1,4,0,13,29,3,0
5,5,27.0,328,2,13,0,10,22,1,15
5,10,9.0,150,4,1,0,14,25,3,12
5,8,19.0,280,6,19,0,9,93,0,10
5,6,26.0,348,5,17,0,15,114,3,3
5,4,3.0,279,6,4,0,0,53,0,27
5,11,19.0,321,0,4,2,0,12,0,10
5,11,8.0,283,4,0,2,2,2,2,8
5,10,10.0,245,5,23,1,4,45,0,4
5,10,9.0,150,4,4,1,12,84,1,12
5,6,29.0,335,0,16,0,5,6,0,16
5,4,3.0,279,6,13,1,12,17,4,27
5,11,19.0,321,0,13,0,10,6,3,10
5,4,4.0,178,3,15,0,8,9,0,30
5,10,10.0,245,5,1,2,16,72,3,4
5,10,22.0,314,2,17,1,2,2,1,26
5,9,1.0,126,3,5,1,5,12,0,7
5,6,26.0,348,5,1,1,5,6,1,3
5,4,4.0,178,3,15,1,9,101,0,30
5,11,8.0,283,4,20,0,5,12,3,8
5,5,27.0,328,2,14,0,10,22,2,15
5,1,4.0,286,1,13,0,12,84,1,30
5,9,10.0,156,1,15,2,0,31,0,4
5,9,10.0,156,1,8,0,1,67,0,4
5,9,10.0,156,1,14,0,2,86,1,4
5,9,26.0,267,4,16,1,1,67,0,3
5,9,26.0,267,4,11,1,2,2,4,3
5,9,26.0,267,4,14,0,10,23,3,3
5,7,19.0,330,4,6,0,5,12,3,10
5,7,19.0,330,4,15,0,16,37,1,10
5,7,19.0,330,4,14,1,14,25,4,10
5,3,4.0,285,6,0,0,10,52,4,30
5,3,4.0,285,6,20,0,5,12,3,30
5,3,4.0,285,6,20,1,11,18,1,30
5,3,10.0,4,5,8,1,7,111,1,4
5,11,7.0,253,2,13,0,14,24,1,11
3,0,21.0,287,3,13,3,3,44,4,21
5,6,8.0,59,0,19,1,9,10,1,8
5,6,8.0,59,0,13,2,0,77,2,8
5,3,10.0,4,5,14,2,7,111,3,4
5,3,27.0,361,0,4,0,15,77,3,15
5,3,27.0,361,0,1,0,5,12,0,15
5,3,27.0,361,0,18,0,16,113,1,15
5,3,27.0,361,0,9,0,5,12,0,15
5,3,28.0,187,1,16,1,0,15,2,18
5,3,28.0,187,1,21,0,1,67,2,18
5,3,29.0,325,2,7,1,3,103,4,16
5,3,27.0,361,0,8,0,13,38,2,15
5,3,28.0,187,1,15,0,9,57,0,18
5,3,29.0,325,2,5,0,9,101,1,16
5,3,29.0,325,2,2,0,3,115,1,16
5,3,29.0,325,2,8,1,11,15,1,16
5,3,28.0,187,1,5,0,14,24,2,18
5,6,29.0,335,0,22,0,2,2,3,16
5,10,4.0,356,6,16,1,6,91,2,30
5,10,4.0,356,6,8,1,2,13,1,30
5,3,9.0,44,4,13,3,11,58,2,12
5,6,10.0,149,2,19,1,0,15,0,4
1,10,1.0,208,5,17,0,1,59,3,7
5,10,3.0,310,5,9,3,3,44,4,27
5,11,15.0,331,4,9,1,6,91,4,1
3,11,1.0,222,2,1,0,6,7,1,7
5,9,21.0,362,6,0,1,10,52,1,21
5,10,25.0,56,6,1,1,11,18,0,13
5,10,25.0,56,6,7,0,10,47,2,13
5,1,16.0,2,3,2,1,10,47,1,2
5,10,10.0,245,5,13,2,1,67,3,4
5,10,10.0,245,5,13,0,6,89,1,4
5,10,10.0,245,5,18,0,4,138,1,4
5,10,29.0,318,2,17,0,15,39,1,16
5,10,29.0,318,2,6,2,14,106,0,16
5,10,29.0,318,2,2,0,1,35,3,16
5,10,29.0,318,2,2,3,12,80,3,16
5,10,29.0,318,2,14,0,9,101,0,16
5,10,29.0,318,2,14,0,14,34,1,16
5,1,3.0,188,0,3,0,4,82,0,27
5,1,3.0,188,0,16,1,13,38,0,27
5,1,3.0,188,0,8,0,13,38,2,27
5,1,3.0,188,0,8,2,11,133,3,27
5,1,3.0,188,0,9,0,6,7,4,27
5,5,11.0,326,0,16,1,5,6,0,9
5,5,11.0,326,0,15,0,15,112,3,9
5,5,11.0,326,0,23,1,15,114,1,9
5,5,11.0,326,0,14,0,11,15,2,9
5,5,27.0,328,2,13,0,12,80,4,15
5,5,27.0,328,2,1,2,6,14,0,15
5,6,11.0,355,4,15,0,9,27,1,9
5,6,11.0,355,4,0,1,10,22,0,9
5,6,11.0,355,4,14,0,10,43,1,9
5,11,8.0,283,4,11,0,14,97,4,8
5,1,4.0,286,1,2,0,1,35,2,30
5,6,11.0,355,4,21,0,10,47,0,9
5,11,8.0,283,4,12,1,9,54,4,8
5,1,4.0,286,1,14,0,10,43,0,30
5,4,4.0,178,3,8,0,7,78,3,30
5,4,4.0,178,3,5,0,15,114,0,30
5,10,4.0,356,6,11,1,12,80,4,30
5,1,4.0,286,1,1,0,4,82,3,30
5,11,8.0,283,4,4,0,9,63,4,8
5,6,11.0,355,4,6,1,2,2,2,9
5,4,4.0,178,3,8,0,8,19,3,30
5,10,4.0,356,6,3,2,14,125,2,30
5,11,8.0,283,4,11,1,0,77,4,8
5,6,11.0,355,4,11,0,0,77,0,9
5,10,26.0,61,3,23,0,9,101,3,3
5,10,4.0,356,6,19,0,14,24,1,30
5,7,10.0,329,1,12,1,12,56,2,4
5,11,16.0,225,5,20,1,8,33,2,2
5,1,4.0,286,1,18,0,8,19,0,30
5,4,19.0,142,0,14,0,12,56,1,10
5,1,18.0,82,1,4,2,8,118,3,0
5,7,10.0,329,1,12,1,12,56,4,4
5,11,16.0,225,5,15,2,13,99,0,2
5,1,4.0,286,1,2,3,5,12,3,30
5,1,18.0,82,1,1,1,15,51,4,0
5,1,4.0,286,1,19,0,11,15,2,30
5,3,9.0,44,4,3,1,1,11,4,12
5,11,16.0,225,5,8,0,8,33,1,2
5,10,26.0,61,3,8,0,14,88,0,3
5,4,19.0,142,0,0,1,0,64,0,10
5,1,18.0,82,1,6,1,13,38,4,0
5,1,11.0,111,1,0,1,14,25,0,9
5,7,27.0,53,5,11,1,6,116,1,15
5,11,16.0,225,5,12,0,14,24,1,2
5,5,10.0,155,3,12,1,13,13,0,4
5,4,27.0,274,1,16,0,15,96,0,15
5,1,11.0,111,1,8,0,10,22,2,9
5,1,11.0,111,1,19,0,5,64,0,9
5,6,11.0,355,4,23,0,14,24,2,9
5,6,18.0,308,4,12,0,10,47,3,0
5,6,18.0,308,4,7,1,13,69,4,0
5,6,19.0,291,5,18,1,8,19,0,10
5,6,26.0,348,5,16,2,12,61,3,3
5,6,26.0,348,5,7,0,11,117,3,3
5,6,26.0,348,5,0,3,5,12,3,3
5,6,26.0,348,5,16,0,5,64,1,3
5,6,26.0,348,5,22,2,10,22,3,3
5,6,29.0,335,0,17,0,16,37,1,16
5,6,29.0,335,0,16,0,7,20,3,16
5,6,29.0,335,0,0,0,5,6,3,16
5,6,29.0,335,0,6,2,10,22,3,16
5,6,29.0,335,0,19,0,5,12,2,16
5,6,29.0,335,0,9,0,10,6,3,16
5,6,29.0,335,0,9,0,2,86,1,16
5,10,4.0,356,6,16,2,14,24,3,30
5,10,4.0,356,6,6,2,4,70,3,30
5,3,27.0,361,0,16,0,1,67,0,15
5,3,27.0,361,0,3,0,3,79,1,15
5,3,27.0,361,0,13,0,8,9,0,15
5,3,27.0,361,0,14,0,4,75,3,15
3,4,1.0,144,2,17,0,8,65,4,7
5,3,27.0,361,0,9,2,4,136,3,15
5,3,28.0,187,1,6,0,8,9,0,18
5,3,28.0,187,1,6,0,14,24,3,18
5,3,28.0,187,1,16,0,5,6,0,18
5,3,28.0,187,1,22,0,5,6,3,18
5,3,28.0,187,1,1,0,14,32,1,18
5,3,28.0,187,1,2,0,13,38,2,18
5,3,29.0,325,2,16,0,0,12,0,16
5,3,29.0,325,2,10,1,0,96,0,16
5,3,29.0,325,2,13,1,15,96,4,16
5,5,11.0,326,0,5,1,14,97,4,9
5,5,11.0,326,0,5,0,6,7,2,9
5,5,11.0,326,0,13,0,0,77,1,9
5,5,11.0,326,0,14,2,11,133,3,9
5,5,27.0,328,2,0,1,9,10,4,15
5,5,11.0,326,0,9,2,11,133,2,9
5,5,27.0,328,2,19,0,13,21,0,15
5,6,11.0,355,4,3,0,5,6,3,9
3,0,24.0,55,2,22,0,15,108,4,14
2,0,11.0,113,2,17,0,0,53,0,9
5,6,10.0,149,2,8,0,9,101,2,4
5,6,10.0,149,2,12,1,2,86,0,4
5,6,11.0,355,4,19,0,0,77,4,9
5,6,11.0,355,4,18,0,13,13,1,9
5,6,18.0,308,4,15,1,16,50,4,0
5,6,18.0,308,4,2,1,9,10,4,0
5,6,18.0,308,4,8,1,9,54,4,0
5,6,19.0,291,5,13,0,1,1,4,10
5,6,19.0,291,5,22,0,13,38,3,10
5,6,26.0,348,5,12,0,1,11,3,3
5,6,26.0,348,5,1,0,10,22,3,3
5,6,26.0,348,5,9,2,16,50,3,3
5,6,29.0,335,0,16,0,14,25,1,16
5,11,16.0,225,5,19,2,0,12,0,2
5,11,16.0,225,5,9,2,9,57,0,2
5,11,17.0,110,6,7,1,1,67,0,6
5,1,20.0,151,4,10,2,6,7,0,29
5,11,17.0,110,6,5,2,5,6,2,6
5,10,3.0,310,5,8,0,5,6,2,27
5,11,16.0,225,5,19,1,15,39,0,2
5,10,3.0,310,5,9,0,10,22,3,27
5,10,3.0,310,5,4,0,16,65,3,27
5,1,20.0,151,4,6,1,6,7,0,29
5,1,11.0,111,1,23,1,0,77,0,9
5,11,17.0,110,6,22,1,11,55,4,6
5,10,3.0,310,5,9,0,10,23,1,27
5,1,20.0,151,4,15,0,9,95,2,29
5,1,11.0,111,1,1,1,9,95,4,9
5,1,13.0,207,4,17,0,8,19,1,25
5,1,13.0,207,4,6,0,8,9,0,25
5,1,13.0,207,4,12,0,3,115,1,25
5,1,13.0,207,4,4,2,3,30,3,25
5,1,13.0,207,4,8,1,12,104,4,25
5,1,13.0,207,4,13,0,7,20,3,25
5,1,18.0,82,1,16,0,6,128,3,0
5,1,18.0,82,1,10,0,10,22,3,0
5,1,18.0,82,1,3,0,15,46,2,0
5,1,18.0,82,1,6,0,0,26,3,0
5,1,4.0,286,1,13,1,3,115,1,30
5,1,3.0,188,0,18,1,6,7,0,27
5,1,4.0,286,1,2,1,12,61,1,30
5,1,4.0,286,1,4,0,6,128,1,30
5,1,11.0,111,1,17,2,10,47,3,9
5,9,1.0,126,3,13,2,10,47,0,7
5,1,11.0,111,1,22,2,16,50,3,9
5,1,11.0,111,1,3,0,1,16,0,9
5,1,13.0,207,4,14,0,2,13,3,25
5,1,13.0,207,4,6,1,10,43,1,25
5,1,18.0,82,1,16,0,5,47,2,0
5,8,19.0,280,6,15,1,12,80,4,10
5,1,18.0,82,1,10,0,5,64,3,0
5,1,18.0,82,1,15,0,15,112,3,0
5,1,18.0,82,1,14,0,10,52,0,0
5,1,18.0,82,1,18,0,5,6,0,0
5,1,20.0,151,4,16,1,6,91,0,29
5,3,1.0,180,2,17,0,13,48,1,7
3,4,1.0,144,2,17,0,14,126,4,7
5,1,2.0,171,3,4,1,14,25,0,22
3,8,1.0,66,0,13,0,8,9,4,7
5,1,20.0,151,4,15,1,8,9,1,29
5,1,20.0,151,4,22,0,7,20,4,29
5,1,20.0,151,4,22,0,1,67,3,29
5,8,10.0,71,4,21,1,0,64,0,4
5,8,10.0,71,4,0,3,9,10,4,4
5,8,10.0,71,4,22,0,9,54,1,4
5,8,19.0,280,6,20,0,10,52,1,10
5,8,19.0,280,6,22,0,4,5,0,10
5,8,19.0,280,6,2,2,9,102,3,10
5,8,19.0,280,6,18,2,13,36,3,10
5,8,19.0,280,6,2,1,8,27,1,10
5,8,20.0,319,3,8,0,2,13,1,29
5,8,20.0,319,3,12,0,9,95,3,29
5,8,20.0,319,3,8,1,1,105,4,29
5,8,20.0,319,3,22,0,1,59,1,29
5,8,21.0,46,0,17,2,5,6,3,21
5,8,21.0,46,0,21,1,9,27,0,21
5,8,21.0,46,0,8,0,14,34,4,21
5,8,21.0,46,0,18,1,9,87,0,21
5,8,22.0,354,1,17,2,6,89,3,26
5,8,27.0,78,3,5,0,9,102,3,15
5,8,27.0,78,3,2,0,16,50,1,15
5,8,27.0,78,3,20,1,14,131,4,15
5,8,27.0,78,3,2,0,16,50,2,15
5,4,3.0,279,6,0,0,2,2,1,27
5,4,3.0,279,6,13,0,11,98,0,27
5,4,3.0,279,6,22,0,2,86,1,27
5,11,19.0,321,0,11,0,9,102,0,10
3,8,1.0,66,0,19,0,2,13,1,7
5,1,18.0,82,1,5,1,6,7,0,0
5,10,28.0,216,1,19,1,9,49,1,18
5,4,27.0,274,1,16,1,14,110,0,15
5,8,10.0,71,4,16,1,1,16,0,4
5,1,2.0,171,3,18,0,9,54,3,22
5,4,27.0,274,1,21,1,5,12,0,15
5,11,19.0,321,0,18,0,6,89,0,10
5,8,10.0,71,4,18,2,8,9,3,4
5,5,20.0,214,2,17,0,1,35,4,29
5,2,13.0,276,5,0,0,16,50,0,25
5,9,1.0,126,3,17,0,11,18,3,7
5,8,20.0,319,3,15,1,14,24,4,29
5,10,13.0,346,0,17,0,4,138,1,25
5,10,10.0,245,5,2,0,10,6,3,4
5,9,1.0,126,3,15,0,13,38,2,7
5,8,20.0,319,3,15,0,8,41,2,29
5,10,29.0,318,2,0,0,3,76,3,16
5,10,29.0,318,2,4,1,10,22,0,16
5,10,29.0,318,2,4,3,2,69,0,16
5,1,3.0,188,0,20,0,4,138,0,27
5,1,3.0,188,0,11,0,10,22,0,27
5,7,19.0,330,4,8,1,11,55,4,10
5,3,4.0,285,6,9,2,9,93,3,30
5,3,27.0,361,0,6,0,9,102,4,15
5,3,27.0,361,0,22,1,11,133,0,15
5,3,27.0,361,0,1,0,16,42,4,15
5,3,28.0,187,1,10,1,10,47,0,18
5,3,28.0,187,1,22,0,10,22,1,18
5,3,29.0,325,2,6,0,7,111,1,16
5,3,29.0,325,2,6,0,8,33,3,16
5,3,29.0,325,2,22,0,4,4,1,16
3,4,28.0,218,1,15,0,11,0,2,18
5,5,11.0,326,0,16,0,8,27,3,9
3,4,17.0,19,5,11,0,1,1,4,6
5,5,11.0,326,0,3,0,0,12,3,9
5,5,11.0,326,0,23,1,14,25,4,9
5,5,11.0,326,0,18,0,1,35,1,9
5,5,11.0,326,0,14,0,2,69,1,9
5,5,27.0,328,2,21,0,8,41,4,15
5,5,27.0,328,2,19,0,3,115,1,15
5,5,27.0,328,2,19,0,7,57,2,15
5,6,19.0,291,5,6,0,13,79,3,10
5,6,19.0,291,5,8,2,10,43,0,10
5,6,19.0,291,5,18,2,9,57,3,10
5,6,26.0,348,5,17,2,10,47,0,3
5,6,26.0,348,5,23,0,15,96,3,3
5,6,26.0,348,5,3,0,15,39,1,3
5,6,26.0,348,5,15,1,4,66,1,3
5,6,26.0,348,5,13,0,13,38,2,3
5,6,26.0,348,5,8,1,9,93,4,3
5,6,26.0,348,5,8,1,9,93,4,3
5,6,29.0,335,0,5,1,2,60,0,16
5,6,29.0,335,0,19,0,8,27,3,16
5,10,4.0,356,6,6,2,3,115,3,30
5,6,29.0,335,0,4,0,9,95,2,16
5,10,4.0,356,6,2,0,9,63,2,30
5,10,4.0,356,6,12,0,13,36,1,30
5,10,4.0,356,6,9,0,14,25,4,30
5,10,4.0,356,6,1,0,3,76,1,30
5,10,10.0,245,5,9,0,2,86,3,4
5,10,26.0,61,3,3,0,2,123,4,3
5,10,26.0,61,3,3,0,13,48,2,3
5,10,26.0,61,3,15,1,13,99,4,3
5,10,26.0,61,3,12,0,10,12,3,3
5,10,29.0,318,2,0,0,8,27,3,16
5,11,2.0,265,5,5,1,7,62,4,22
5,11,2.0,265,5,2,0,5,64,0,22
5,11,2.0,265,5,8,0,2,86,4,22
5,11,2.0,265,5,9,0,5,6,1,22
5,7,2.0,160,0,11,0,15,108,2,22
5,6,28.0,309,3,2,1,14,97,2,18
5,10,3.0,310,5,1,0,10,47,3,27
5,6,10.0,149,2,21,1,0,0,0,4
5,7,6.0,93,5,17,3,5,6,1,23
5,3,8.0,148,2,1,1,10,52,1,8
5,3,6.0,303,0,4,3,5,6,0,23
5,3,8.0,148,2,11,1,5,6,1,8
5,11,8.0,283,4,19,2,10,12,3,8
5,8,19.0,280,6,14,0,2,69,0,10
5,11,8.0,283,4,19,0,5,12,0,8
5,8,20.0,319,3,2,0,3,30,3,29
5,9,1.0,126,3,22,1,1,81,4,7
5,9,10.0,156,1,4,0,15,39,0,4
5,9,26.0,267,4,3,0,1,35,1,3
5,7,19.0,330,4,16,1,13,69,0,10
5,7,19.0,330,4,4,0,8,33,0,10
5,3,4.0,285,6,20,1,13,69,4,30
5,3,29.0,325,2,20,1,15,31,0,16
5,3,29.0,325,2,2,0,14,24,1,16
5,5,11.0,326,0,13,0,2,71,4,9
5,5,11.0,326,0,3,0,8,27,3,9
5,5,27.0,328,2,14,0,10,22,3,15
5,5,27.0,328,2,9,0,0,64,3,15
5,6,11.0,355,4,19,0,0,68,3,9
5,6,11.0,355,4,18,0,2,13,1,9
5,6,11.0,355,4,3,0,1,105,2,9
5,6,18.0,308,4,9,2,10,22,3,0
5,11,2.0,265,5,12,2,6,7,3,22
5,11,8.0,283,4,0,2,10,22,1,8
5,11,8.0,283,4,15,0,5,6,0,8
5,2,22.0,209,3,13,0,8,41,1,26
5,11,8.0,283,4,2,0,8,9,2,8
5,11,8.0,283,4,8,0,9,57,0,8
5,11,8.0,283,4,12,0,11,124,0,8
5,11,8.0,283,4,4,1,8,65,4,8
5,11,16.0,225,5,2,0,2,2,1,2
5,11,16.0,225,5,4,0,3,30,0,2
5,11,16.0,225,5,1,0,4,45,2,2
5,11,17.0,110,6,0,2,5,6,0,6
5,11,16.0,225,5,11,1,9,93,4,2
5,11,17.0,110,6,3,0,12,56,0,6
5,11,17.0,110,6,3,0,15,108,1,6
5,11,17.0,110,6,4,0,12,80,3,6
5,11,17.0,110,6,19,0,8,41,2,6
5,11,19.0,321,0,22,0,1,16,4,10
5,11,19.0,321,0,12,2,5,6,0,10
5,11,19.0,321,0,12,0,2,2,2,10
5,9,1.0,126,3,10,2,3,30,3,7
5,9,1.0,126,3,1,2,9,54,3,7
5,9,10.0,156,1,6,0,16,42,1,4
5,9,10.0,156,1,4,0,9,95,1,4
5,9,26.0,267,4,5,0,12,61,1,3
3,0,1.0,8,0,17,0,4,82,1,7
5,11,15.0,331,4,15,0,13,28,2,1
5,11,30.0,170,5,22,0,13,69,2,19
5,9,21.0,362,6,17,1,5,6,0,21
5,8,19.0,280,6,18,0,9,101,0,10
5,8,20.0,319,3,14,0,8,9,3,29
5,8,20.0,319,3,4,2,15,108,0,29
5,2,22.0,209,3,5,0,9,101,3,26
5,8,19.0,280,6,9,2,10,23,3,10
5,2,27.0,136,5,13,1,4,45,1,15
5,8,21.0,46,0,16,0,8,41,1,21
5,2,27.0,136,5,1,0,6,7,1,15
5,8,21.0,46,0,10,0,16,42,1,21
5,2,27.0,136,5,8,1,0,77,1,15
5,4,3.0,279,6,20,1,4,82,1,27
5,4,19.0,142,0,1,0,2,29,0,10
5,4,27.0,274,1,17,0,13,29,1,15
5,4,27.0,274,1,9,0,0,31,1,15
5,2,5.0,127,4,19,0,2,71,1,24
5,2,5.0,127,4,12,0,3,30,3,24
5,8,4.0,299,5,14,0,5,64,0,30
5,8,11.0,306,5,1,2,8,118,1,9
5,2,13.0,276,5,0,1,0,0,0,25
5,2,13.0,276,5,14,2,9,93,3,25
5,2,19.0,137,4,23,1,14,107,2,10
5,2,19.0,137,4,13,0,8,41,0,10
5,2,19.0,137,4,14,2,2,13,3,10
5,2,19.0,137,4,13,0,12,17,2,10
5,2,22.0,209,3,13,0,9,9,3,26
5,2,27.0,136,5,8,0,13,48,3,15
5,2,27.0,136,5,2,1,4,82,1,15
5,2,27.0,136,5,2,0,5,6,0,15
5,0,13.0,198,3,12,0,10,47,3,25
5,0,19.0,13,6,20,0,14,24,2,10
5,0,19.0,13,6,4,2,1,11,3,10
5,0,19.0,13,6,4,0,9,58,4,10
5,0,30.0,228,2,11,0,13,48,2,19
5,4,4.0,178,3,6,1,1,105,0,30
5,2,5.0,127,4,3,0,2,2,3,24
5,2,5.0,127,4,13,1,12,80,1,24
5,2,12.0,128,4,12,0,5,64,1,28
5,2,5.0,127,4,14,2,7,57,3,24
5,2,13.0,276,5,13,1,12,61,4,25
5,2,19.0,137,4,4,0,9,63,1,10
5,2,22.0,209,3,17,0,16,39,0,26
5,2,22.0,209,3,10,1,14,34,0,26
5,2,22.0,209,3,15,1,1,16,4,26
5,2,27.0,136,5,19,0,9,54,3,15
5,2,27.0,136,5,14,0,1,59,0,15
5,2,27.0,136,5,18,1,0,64,0,15
5,0,13.0,198,3,8,0,12,17,0,25
5,0,13.0,198,3,1,2,1,11,0,25
5,0,13.0,198,3,13,3,10,22,4,25
5,0,19.0,13,6,20,0,0,31,4,10
5,0,19.0,13,6,3,0,4,82,1,10
5,0,30.0,228,2,5,1,2,86,4,19
5,0,30.0,228,2,15,0,10,12,3,19
5,0,30.0,228,2,12,0,8,27,1,19
5,0,30.0,228,2,18,0,16,74,3,19
4,11,3.0,288,3,1,0,0,31,2,27
4,11,3.0,288,3,1,0,13,99,4,27
5,10,28.0,216,1,14,3,1,1,4,18
5,3,9.0,44,4,14,0,12,80,1,12
5,1,12.0,353,2,6,0,13,99,2,28
4,11,3.0,288,3,1,0,10,22,2,27
5,1,20.0,151,4,16,1,11,98,0,29
5,8,21.0,46,0,5,0,13,38,2,21
5,8,21.0,46,0,1,2,15,114,3,21
5,8,22.0,354,1,16,2,0,77,3,26
5,4,4.0,178,3,17,1,12,61,1,30
5,8,22.0,354,1,23,0,0,12,1,26
5,8,22.0,354,1,23,0,6,73,1,26
5,10,10.0,245,5,12,0,10,47,2,4
5,10,10.0,245,5,4,0,2,92,1,4
5,10,26.0,61,3,11,0,5,12,0,3
5,10,26.0,61,3,11,2,7,129,0,3
5,1,19.0,29,2,14,1,12,104,0,10
5,1,10.0,17,0,14,1,12,56,4,4
5,10,26.0,61,3,15,0,12,80,1,3
5,10,26.0,61,3,1,0,13,28,0,3
5,10,29.0,318,2,0,0,16,74,3,16
5,10,29.0,318,2,22,0,5,6,0,16
5,10,29.0,318,2,12,3,2,69,0,16
5,1,3.0,188,0,17,0,10,22,2,27
5,1,3.0,188,0,22,0,8,27,1,27
5,1,4.0,286,1,6,0,13,29,1,30
5,1,4.0,286,1,0,0,0,26,3,30
5,1,4.0,286,1,13,0,2,123,3,30
5,1,4.0,286,1,1,1,9,134,4,30
5,1,4.0,286,1,19,1,0,0,1,30
5,1,11.0,111,1,0,2,9,102,3,9
5,1,11.0,111,1,6,1,13,69,0,9
5,1,11.0,111,1,12,1,3,79,1,9
5,1,13.0,207,4,13,0,4,138,3,25
5,1,13.0,207,4,17,1,11,18,2,25
5,1,13.0,207,4,2,0,13,13,0,25
5,1,13.0,207,4,8,0,0,96,2,25
5,1,11.0,111,1,12,3,5,64,2,9
5,1,13.0,207,4,14,0,15,77,1,25
5,1,18.0,82,1,16,0,0,64,3,0
5,1,20.0,151,4,2,2,3,70,0,29
5,1,20.0,151,4,15,1,1,35,4,29
5,1,20.0,151,4,4,0,9,57,0,29
5,8,10.0,71,4,6,1,6,7,0,4
5,8,10.0,71,4,4,0,15,31,1,4
5,8,19.0,280,6,6,0,10,47,3,10
5,6,19.0,291,5,13,0,0,26,2,10
5,8,19.0,280,6,18,0,6,89,3,10
5,8,20.0,319,3,10,0,5,6,0,29
5,8,20.0,319,3,13,0,10,6,3,29
5,8,20.0,319,3,21,1,5,64,0,29
5,1,19.0,29,2,0,1,10,22,2,10
5,1,29.0,112,6,3,0,13,48,0,16
5,8,20.0,319,3,12,0,14,24,3,29
5,8,19.0,280,6,18,2,9,49,3,10
5,8,19.0,280,6,20,1,16,72,1,10
5,8,19.0,280,6,6,1,0,64,1,10
5,8,19.0,280,6,15,1,8,9,1,10
5,8,20.0,319,3,12,0,2,3,4,29
5,8,20.0,319,3,22,2,3,103,2,29
5,8,20.0,319,3,4,0,13,28,1,29
5,8,20.0,319,3,11,1,6,128,1,29
5,8,21.0,46,0,0,0,10,23,1,21
5,8,21.0,46,0,15,0,4,121,3,21
5,8,21.0,46,0,22,0,1,1,0,21
5,8,21.0,46,0,6,3,9,54,2,21
5,8,22.0,354,1,6,0,8,41,1,26
5,8,22.0,354,1,16,1,3,44,0,26
5,8,22.0,354,1,16,1,14,106,0,26
5,8,22.0,354,1,17,1,2,35,4,26
5,8,22.0,354,1,8,3,5,12,0,26
5,8,22.0,354,1,9,0,16,37,4,26
5,8,22.0,354,1,14,0,15,114,1,26
5,8,22.0,354,1,18,0,5,12,2,26
5,8,21.0,46,0,18,0,11,94,3,21
5,8,27.0,78,3,13,1,13,48,4,15
5,8,27.0,78,3,3,0,3,115,2,15
5,8,27.0,78,3,12,0,8,41,3,15
5,4,3.0,279,6,7,1,1,105,0,27
5,4,3.0,279,6,5,1,6,116,4,27
5,4,3.0,279,6,0,1,9,63,0,27
5,4,3.0,279,6,13,2,6,7,0,27
5,4,4.0,178,3,17,0,13,21,1,30
5,4,4.0,178,3,5,0,5,64,3,30
5,4,4.0,178,3,9,0,11,90,3,30
5,4,19.0,142,0,2,2,2,69,3,10
5,4,27.0,274,1,11,0,5,6,0,15
5,4,27.0,274,1,12,0,15,114,0,15
5,2,5.0,127,4,0,0,0,26,1,24
5,2,5.0,127,4,23,2,12,58,3,24
5,2,13.0,276,5,13,2,13,29,0,25
5,2,19.0,137,4,6,0,16,139,1,10
5,2,19.0,137,4,16,0,9,93,4,10
5,2,19.0,137,4,7,1,10,22,0,10
5,2,19.0,137,4,13,2,11,94,0,10
5,2,19.0,137,4,0,1,7,54,2,10
5,2,19.0,137,4,4,2,8,19,3,10
5,2,19.0,137,4,9,0,4,82,1,10
5,2,19.0,137,4,18,0,4,75,1,10
5,2,22.0,209,3,3,0,5,6,0,26
5,2,27.0,136,5,22,0,14,24,2,15
5,2,27.0,136,5,14,0,5,6,3,15
5,10,4.0,356,6,8,0,16,139,2,30
5,10,4.0,356,6,2,0,10,22,1,30
5,10,4.0,356,6,12,0,8,9,3,30
5,10,4.0,356,6,9,0,10,22,1,30
5,10,10.0,245,5,17,1,0,64,0,4
5,10,10.0,245,5,23,1,14,25,1,4
1,11,1.0,222,6,17,0,2,13,1,7
5,2,12.0,128,4,4,1,6,7,4,28
5,10,26.0,61,3,11,0,4,5,0,3
5,10,26.0,61,3,22,0,7,62,2,3
5,10,26.0,61,3,22,1,1,81,4,3
5,10,29.0,318,2,4,1,0,77,1,16
5,1,3.0,188,0,3,1,13,48,4,27
5,1,4.0,286,1,11,0,4,45,2,30
5,1,11.0,111,1,17,0,0,64,0,9
5,1,11.0,111,1,12,0,0,64,3,9
5,1,11.0,111,1,14,1,14,24,2,9
5,2,16.0,220,0,15,2,2,3,0,2
5,2,16.0,220,0,15,0,6,7,3,2
5,2,16.0,220,0,12,0,0,77,1,2
5,2,16.0,220,0,9,0,2,2,2,2
5,2,16.0,220,0,9,1,1,81,4,2
5,11,28.0,123,2,12,0,8,19,0,18
5,2,18.0,7,2,22,0,13,29,0,0
5,2,23.0,230,0,13,0,15,119,4,17
5,10,8.0,213,2,15,0,2,69,3,8
5,2,24.0,22,1,10,1,2,86,0,14
5,2,24.0,22,1,15,2,8,41,3,14
5,2,24.0,22,1,18,0,10,23,1,14
5,2,25.0,233,2,5,0,15,119,2,13
5,2,25.0,233,2,20,0,2,86,3,13
5,2,25.0,233,2,3,0,3,30,4,13
5,2,25.0,233,2,22,2,2,69,3,13
5,2,25.0,233,2,19,0,5,6,3,13
5,2,26.0,3,4,0,0,8,27,1,3
5,2,25.0,233,2,18,0,0,12,0,13
5,2,24.0,22,1,13,1,13,48,4,14
5,2,26.0,3,4,15,0,10,47,3,3
5,2,26.0,3,4,2,2,13,13,3,3
5,8,16.0,73,2,22,0,1,35,4,2
5,8,16.0,73,2,18,0,2,40,1,2
5,8,16.0,73,2,18,0,0,77,1,2
5,8,16.0,73,2,8,3,10,22,1,2
5,8,16.0,73,2,18,0,9,134,3,2
5,1,24.0,64,0,11,1,2,2,4,14
5,8,24.0,85,4,0,0,13,36,0,14
5,10,30.0,157,4,17,0,1,59,2,19
5,8,24.0,85,4,10,1,3,30,0,14
5,5,30.0,294,6,17,1,2,2,1,19
5,10,7.0,243,1,6,0,5,12,3,11
5,10,8.0,213,2,9,1,9,27,0,8
5,9,2.0,323,0,13,0,2,123,2,22
5,8,24.0,85,4,8,0,0,53,1,14
5,8,24.0,85,4,12,0,5,64,2,14
5,8,26.0,278,6,3,0,1,35,4,3
5,8,26.0,278,6,13,0,2,13,1,3
5,4,16.0,25,5,8,2,3,76,3,2
5,5,29.0,24,5,9,0,5,12,0,16
5,4,16.0,25,5,1,1,10,22,0,2
5,4,16.0,25,5,14,1,7,129,4,2
5,4,17.0,19,6,19,0,2,2,1,6
5,4,17.0,19,6,3,1,6,7,1,6
5,4,18.0,26,3,5,0,16,50,1,0
5,4,18.0,26,3,13,1,9,102,4,0
5,4,18.0,26,3,2,1,1,59,4,0
5,4,23.0,30,5,17,1,14,34,0,17
5,4,23.0,30,5,12,0,10,43,1,17
5,4,25.0,20,3,12,0,2,2,1,13
5,4,25.0,20,3,19,1,9,83,4,13
5,2,6.0,251,5,17,1,7,122,4,23
5,2,6.0,251,5,23,0,2,86,1,23
5,2,6.0,251,5,2,2,13,21,2,23
5,2,6.0,251,5,23,1,8,19,4,23
5,2,6.0,251,5,4,0,14,24,4,23
5,2,6.0,251,5,2,2,1,35,3,23
5,1,31.0,305,0,2,0,0,85,1,20
5,2,6.0,251,5,1,0,16,50,3,23
5,2,7.0,153,6,19,0,10,52,3,11
5,2,6.0,251,5,18,0,1,67,0,23
5,2,7.0,153,6,1,0,7,111,1,11
5,2,8.0,258,3,18,0,9,101,4,8
5,2,10.0,28,1,16,0,8,118,2,4
5,2,10.0,28,1,16,1,0,15,0,4
5,2,10.0,28,1,16,1,5,64,0,4
5,2,10.0,28,1,21,2,16,50,3,4
5,2,10.0,28,1,12,1,7,129,4,4
5,2,10.0,28,1,9,1,14,24,4,4
5,2,10.0,28,1,22,1,10,47,1,4
5,2,16.0,220,0,12,1,8,33,4,2
5,2,18.0,7,2,18,0,14,24,2,0
5,2,24.0,22,1,5,0,16,74,1,14
5,2,24.0,22,1,20,0,2,13,2,14
5,2,24.0,22,1,19,2,11,94,2,14
5,2,25.0,233,2,16,1,11,124,0,13
5,2,7.0,153,6,2,1,8,27,0,11
5,2,9.0,21,0,1,0,14,24,1,12
5,2,10.0,28,1,5,0,6,7,4,4
5,2,10.0,28,1,13,0,10,47,1,4
5,2,16.0,220,0,6,0,8,9,1,2
5,2,16.0,220,0,14,1,6,116,4,2
5,2,16.0,220,0,9,0,2,86,1,2
5,2,18.0,7,2,6,0,10,23,1,0
5,2,18.0,7,2,15,1,9,9,4,0
5,2,18.0,7,2,15,0,4,136,1,0
5,2,24.0,22,1,17,0,1,59,3,14
5,2,24.0,22,1,3,0,9,93,1,14
5,2,24.0,22,1,3,2,2,86,1,14
5,2,24.0,22,1,2,0,12,104,1,14
5,2,25.0,233,2,22,0,8,9,1,13
5,2,25.0,233,2,14,0,10,22,1,13
5,2,25.0,233,2,4,0,10,47,2,13
5,2,26.0,3,4,8,2,11,124,3,3
5,2,26.0,3,4,1,2,1,11,4,3
5,9,9.0,320,0,15,0,4,45,2,12
5,9,25.0,344,2,10,1,1,105,0,13
5,7,8.0,94,3,2,1,4,79,0,8
5,6,1.0,158,0,2,1,2,92,0,7
5,10,20.0,223,0,17,1,15,51,1,29
5,7,14.0,125,6,13,0,11,133,3,5
5,10,8.0,213,2,19,0,4,45,3,8
5,1,25.0,65,1,1,1,12,17,4,13
5,10,15.0,60,2,7,1,2,92,0,1
5,11,28.0,123,2,19,1,12,56,4,18
5,11,15.0,331,4,3,0,9,27,0,1
5,10,15.0,60,2,0,0,0,12,3,1
5,1,26.0,248,2,19,0,12,80,4,3
5,6,28.0,309,3,2,0,13,38,2,18
5,10,7.0,243,1,21,1,15,112,4,11
5,10,7.0,243,1,19,0,4,82,1,11
5,5,30.0,294,6,12,0,6,128,1,19
5,9,9.0,320,0,9,2,8,33,0,12
5,3,6.0,303,0,22,0,2,123,2,23
5,4,17.0,19,6,23,1,10,43,0,6
5,10,15.0,60,2,1,0,10,47,3,1
5,10,8.0,213,2,21,1,8,27,1,8
5,10,8.0,213,2,13,1,14,106,4,8
5,5,30.0,294,6,14,1,14,125,0,19
5,8,16.0,73,2,17,0,4,138,3,2
5,11,1.0,222,4,17,0,2,13,1,7
5,3,6.0,303,0,8,0,4,121,1,23
5,4,16.0,25,5,3,0,5,6,0,2
5,4,17.0,19,6,12,2,13,28,1,6
5,10,16.0,201,4,0,0,5,12,3,2
5,10,8.0,213,2,0,0,8,118,3,8
5,10,7.0,243,1,12,1,0,96,1,11
5,10,8.0,213,2,17,0,10,22,1,8
5,10,9.0,150,4,7,0,7,20,1,12
5,10,15.0,60,2,11,1,2,86,0,1
5,10,15.0,60,2,13,0,15,114,1,1
5,10,15.0,60,2,2,3,15,39,0,1
5,10,15.0,60,2,19,0,10,12,0,1
5,10,15.0,60,2,2,0,15,39,0,1
5,10,16.0,201,4,17,0,0,53,3,2
5,10,16.0,201,4,21,0,5,64,3,2
5,10,16.0,201,4,0,2,8,19,3,2
5,10,15.0,60,2,19,1,13,48,0,1
5,10,16.0,201,4,10,1,2,2,2,2
5,10,16.0,201,4,19,0,10,52,3,2
5,10,16.0,201,4,14,2,2,2,1,2
5,10,22.0,314,2,5,0,6,7,4,26
5,10,22.0,314,2,13,0,16,39,0,26
5,10,16.0,201,4,17,0,3,76,4,2
5,10,22.0,314,2,12,0,3,79,4,26
5,1,6.0,97,4,10,0,0,85,2,23
5,1,7.0,32,5,17,1,9,93,0,11
5,1,7.0,32,5,16,0,14,131,1,11
5,1,7.0,32,5,10,0,10,6,3,11
5,1,7.0,32,5,3,0,10,22,1,11
5,1,7.0,32,5,2,0,10,43,3,11
5,1,7.0,32,5,12,2,11,23,3,11
5,1,7.0,32,5,4,2,5,6,0,11
5,5,6.0,277,2,11,1,12,80,1,23
5,6,15.0,49,0,15,0,0,96,1,1
5,3,21.0,338,1,12,0,5,12,0,21
5,3,16.0,263,4,11,0,14,32,2,2
5,3,16.0,263,4,17,0,2,2,2,2
5,5,13.0,184,2,13,0,2,3,4,25
5,5,24.0,58,3,18,0,5,6,1,14
5,6,5.0,342,5,14,0,15,31,4,24
5,10,6.0,242,0,17,1,5,64,1,23
5,10,6.0,242,0,3,1,3,44,4,23
5,1,9.0,50,3,14,0,12,80,1,12
5,1,24.0,64,0,13,0,15,85,2,14
5,1,24.0,64,0,7,1,16,113,1,14
5,1,24.0,64,0,9,0,2,3,4,14
5,1,25.0,65,1,16,0,5,12,3,13
5,1,25.0,65,1,0,2,10,23,3,13
5,1,24.0,64,0,9,1,1,59,4,14
5,1,25.0,65,1,11,0,9,87,2,13
5,1,25.0,65,1,1,2,1,105,3,13
5,1,25.0,65,1,18,0,0,26,3,13
5,1,26.0,248,2,6,0,13,99,1,3
5,1,26.0,248,2,10,0,0,85,1,3
5,5,8.0,199,5,14,2,8,9,0,8
5,5,8.0,199,5,1,0,5,12,3,8
5,5,8.0,199,5,18,2,13,38,3,8
5,5,8.0,199,5,1,1,5,6,0,8
5,5,8.0,199,5,5,0,14,131,2,8
5,5,15.0,200,5,15,0,2,2,3,1
5,5,15.0,200,5,9,0,16,72,1,1
5,5,16.0,239,6,16,0,7,120,3,2
5,5,16.0,239,6,3,0,11,117,0,2
2,9,18.0,359,3,12,0,5,64,2,0
5,5,30.0,294,6,12,0,0,31,3,19
5,5,31.0,196,3,20,0,2,2,4,20
5,5,31.0,196,3,22,0,10,47,3,20
5,5,31.0,196,3,12,1,13,38,1,20
5,6,6.0,83,6,5,2,14,32,0,23
5,6,7.0,169,3,13,0,16,72,1,11
5,6,7.0,169,3,5,0,11,18,3,11
5,6,7.0,169,3,4,0,13,99,3,11
5,5,30.0,294,6,2,0,14,24,2,19
5,6,14.0,173,3,18,0,13,28,1,5
5,6,16.0,38,1,6,0,16,37,1,2
5,1,25.0,65,1,20,2,10,47,3,13
5,1,24.0,64,0,12,0,8,9,1,14
5,1,25.0,65,1,22,0,0,64,2,13
5,1,25.0,65,1,14,0,2,2,1,13
5,1,25.0,65,1,9,0,15,39,4,13
5,1,25.0,65,1,1,0,12,84,1,13
5,10,24.0,261,5,17,1,12,17,4,14
5,1,26.0,248,2,21,1,3,30,1,3
5,1,26.0,248,2,6,1,5,6,0,3
5,6,14.0,173,3,8,0,13,99,3,5
5,1,31.0,305,0,6,0,15,96,4,20
5,8,16.0,73,2,10,2,10,47,3,2
5,10,16.0,201,4,14,2,10,22,1,2
5,5,7.0,349,4,3,2,2,2,2,11
5,4,17.0,19,6,9,0,12,84,0,6
5,7,8.0,94,3,1,0,1,81,2,8
5,10,15.0,60,2,19,1,7,120,4,1
5,8,24.0,85,4,21,0,12,61,4,14
5,5,31.0,196,3,22,1,2,123,4,20
5,10,9.0,150,4,13,0,7,20,3,12
5,6,5.0,342,5,14,0,11,117,1,24
5,10,22.0,314,2,10,0,9,87,1,26
5,6,6.0,83,6,17,0,8,118,4,23
5,1,5.0,219,2,23,0,5,6,3,24
5,4,18.0,26,3,6,0,10,22,1,0
5,8,24.0,85,4,2,0,10,47,2,14
5,6,13.0,317,6,9,0,0,53,4,25
5,10,22.0,314,2,11,0,7,20,1,26
5,6,6.0,83,6,5,0,3,115,4,23
5,2,9.0,21,0,4,0,5,6,0,12
5,10,9.0,150,4,2,3,3,70,0,12
5,5,23.0,168,6,2,0,4,76,3,17
5,1,6.0,97,4,6,0,9,83,1,23
5,1,6.0,97,4,2,0,8,27,1,23
5,1,6.0,97,4,9,1,9,49,2,23
5,1,7.0,32,5,13,1,14,32,4,11
5,1,9.0,50,3,19,0,10,52,3,12
5,1,24.0,64,0,16,1,7,57,0,14
5,1,24.0,64,0,8,0,0,26,0,14
5,1,25.0,65,1,6,0,2,2,3,13
5,7,28.0,34,6,16,2,10,22,3,18
5,5,4.0,114,0,14,2,5,6,0,30
5,5,4.0,114,0,12,1,13,21,0,30
5,5,4.0,114,0,12,1,10,47,0,30
5,5,1.0,109,5,17,1,0,85,1,7
5,5,29.0,24,5,9,2,9,9,3,16
5,5,29.0,24,5,14,1,2,13,1,16
5,11,3.0,288,6,23,0,6,7,1,27
5,7,12.0,181,4,9,0,5,12,1,28
5,1,25.0,65,1,10,0,14,25,1,13
5,10,9.0,150,4,19,0,13,99,3,12
5,10,15.0,60,2,6,1,2,86,0,1
5,10,15.0,60,2,3,1,12,84,4,1
5,10,16.0,201,4,6,0,8,9,1,2
5,10,16.0,201,4,4,2,1,16,4,2
5,10,16.0,201,4,18,0,2,86,0,2
5,10,16.0,201,4,4,0,6,89,3,2
5,10,22.0,314,2,6,0,16,74,1,26
5,10,22.0,314,2,1,0,10,22,3,26
5,1,7.0,32,5,17,0,14,131,3,11
5,1,7.0,32,5,16,0,7,129,1,11
5,1,6.0,97,4,5,1,15,46,4,23
5,1,7.0,32,5,5,1,2,71,4,11
5,1,6.0,97,4,11,0,10,47,1,23
5,1,7.0,32,5,19,0,9,134,3,11
5,1,9.0,50,3,11,0,7,122,3,12
5,1,24.0,64,0,2,0,16,72,3,14
5,1,24.0,64,0,2,2,4,45,2,14
5,1,24.0,64,0,14,1,1,11,4,14
5,1,25.0,65,1,0,0,8,65,4,13
5,1,25.0,65,1,0,0,3,76,2,13
5,3,15.0,35,2,11,1,11,15,1,1
5,5,14.0,36,4,1,1,9,57,0,5
5,5,6.0,277,2,13,1,0,26,1,23
5,10,5.0,336,3,11,3,1,11,3,24
5,4,16.0,25,5,19,0,2,13,1,2
5,1,25.0,65,1,22,2,1,59,3,13
5,1,25.0,65,1,22,2,3,79,1,13
5,1,26.0,248,2,23,0,14,32,1,3
5,5,30.0,294,6,15,0,8,118,1,19
5,5,30.0,294,6,11,0,6,91,2,19
5,5,30.0,294,6,12,0,9,9,2,19
5,5,30.0,294,6,9,1,4,82,1,19
5,5,31.0,196,3,11,1,7,120,1,20
5,5,31.0,196,3,4,0,12,56,3,20
5,5,31.0,196,3,4,1,4,138,1,20
5,5,31.0,196,3,9,0,6,14,4,20
5,6,6.0,83,6,7,1,4,138,1,23
5,6,6.0,83,6,6,1,7,120,0,23
5,6,6.0,83,6,5,1,11,15,4,23
5,6,6.0,83,6,11,1,1,105,4,23
5,6,7.0,169,3,7,0,7,111,3,11
5,6,7.0,169,3,20,0,10,22,3,11
5,6,7.0,169,3,9,2,15,39,1,11
5,5,6.0,277,2,5,0,10,22,2,23
5,10,14.0,174,1,5,2,10,52,3,5
5,5,14.0,36,4,13,1,13,38,0,5
5,5,25.0,350,0,15,1,5,0,1,13
3,10,28.0,216,0,13,0,1,1,1,18
3,2,1.0,16,6,17,3,11,117,0,7
5,3,4.0,285,6,10,1,11,94,2,30
5,1,4.0,286,1,18,0,0,0,1,30
5,1,4.0,286,1,11,3,8,19,0,30
3,0,11.0,10,4,17,1,0,64,0,9
5,3,10.0,4,5,11,1,9,87,4,4
5,3,29.0,325,2,19,1,8,27,2,16
5,5,22.0,163,5,12,1,9,101,4,26
5,10,14.0,174,1,17,1,11,129,2,5
5,10,30.0,157,4,6,1,12,135,4,19
5,6,14.0,173,3,19,0,4,82,1,5
5,6,14.0,173,3,19,0,3,115,0,5
5,6,14.0,173,3,18,0,11,133,0,5
5,6,16.0,38,1,22,0,8,41,3,2
5,4,24.0,27,6,17,1,3,79,4,14
5,10,9.0,150,4,2,3,0,15,3,12
5,8,24.0,85,4,4,0,10,22,0,14
5,10,6.0,242,0,13,0,9,93,0,23
5,6,6.0,83,6,5,1,12,80,1,23
5,4,16.0,25,5,22,3,5,6,0,2
5,1,31.0,305,0,6,1,4,45,4,20
5,1,31.0,305,0,10,0,14,25,1,20
5,1,31.0,305,0,14,0,11,117,3,20
5,8,16.0,73,2,21,0,8,19,3,2
5,8,24.0,85,4,12,2,8,27,3,14
5,8,24.0,85,4,19,0,10,43,1,14
5,8,26.0,278,6,11,0,3,30,1,3
5,8,26.0,278,6,2,0,9,63,1,3
5,8,26.0,278,6,20,1,13,28,2,3
5,8,24.0,85,4,8,0,10,47,2,14
5,4,16.0,25,5,17,0,0,85,1,2
5,4,16.0,25,5,0,1,8,27,0,2
5,4,16.0,25,5,13,0,13,21,1,2
5,4,16.0,25,5,19,2,9,102,3,2
5,4,17.0,19,6,2,0,5,6,3,6
5,4,17.0,19,6,18,1,8,118,0,6
5,4,17.0,19,6,5,1,6,128,1,6
5,4,17.0,19,6,6,1,5,64,0,6
5,10,20.0,223,0,13,1,0,15,4,29
5,4,14.0,345,2,17,0,12,80,1,5
5,1,1.0,203,6,14,0,12,100,4,7
5,11,1.0,222,4,5,0,12,61,1,7
5,4,22.0,152,4,0,0,0,12,1,26
5,2,3.0,282,1,2,0,1,1,2,27
5,7,1.0,98,3,17,0,15,46,1,7
3,0,28.0,249,3,22,3,0,68,0,18
5,11,28.0,123,2,18,0,0,77,2,18
5,9,2.0,323,0,3,0,4,82,1,22
5,9,3.0,217,1,0,2,2,29,3,27
5,7,1.0,98,3,4,0,1,11,4,7
5,3,12.0,104,3,17,0,9,63,1,28
5,4,18.0,26,3,3,0,1,16,4,0
5,4,17.0,19,6,15,0,2,40,2,6
5,4,18.0,26,3,13,3,11,18,0,0
5,4,18.0,26,3,8,0,11,133,0,0
5,4,18.0,26,3,4,0,12,61,3,0
5,2,24.0,22,1,19,1,9,102,4,14
5,2,24.0,22,1,14,0,15,31,2,14
5,2,26.0,3,4,20,0,9,63,4,3
5,2,24.0,22,1,22,0,14,24,2,14
5,2,26.0,3,4,20,0,1,1,3,3
5,0,1.0,8,1,16,0,3,79,1,7
5,0,1.0,8,1,10,0,12,17,2,7
5,0,23.0,237,2,6,0,9,27,0,17
5,0,23.0,237,2,17,3,10,30,3,17
5,0,23.0,237,2,0,1,13,28,0,17
4,11,1.0,222,5,16,0,10,23,1,7
4,11,1.0,222,5,17,0,0,26,3,7
4,11,1.0,222,5,16,2,12,84,3,7
4,11,1.0,222,5,5,1,9,93,4,7
4,11,1.0,222,5,17,1,5,64,0,7
4,11,1.0,222,5,0,1,14,24,0,7
4,11,1.0,222,5,3,1,11,94,0,7
4,11,1.0,222,5,1,2,3,115,3,7
4,11,9.0,311,6,4,2,13,48,3,12
4,11,24.0,194,3,22,0,5,6,2,14
4,11,24.0,194,3,13,1,7,54,1,14
5,4,23.0,30,5,7,1,0,53,0,17
5,4,23.0,30,5,12,0,6,89,3,17
5,4,25.0,20,3,23,0,0,26,3,13
5,4,25.0,20,3,18,2,10,22,3,13
5,2,6.0,251,5,21,0,6,116,1,23
5,2,6.0,251,5,6,2,9,27,0,23
5,2,6.0,251,5,0,0,4,66,0,23
5,2,6.0,251,5,13,1,13,21,0,23
5,2,6.0,251,5,4,0,3,115,3,23
5,2,6.0,251,5,8,1,9,63,4,23
5,2,6.0,251,5,9,2,10,47,3,23
5,2,7.0,153,6,10,0,15,114,1,11
5,1,8.0,62,6,1,1,3,4,0,8
5,8,23.0,102,2,9,0,14,97,4,17
5,8,23.0,102,2,1,0,13,21,3,17
5,8,23.0,102,2,17,1,5,12,0,17
5,4,31.0,67,6,7,1,9,54,4,20
5,6,5.0,342,5,13,0,5,64,2,24
5,6,16.0,38,1,6,0,9,87,3,2
5,6,13.0,317,6,18,0,3,115,1,25
5,1,8.0,62,6,2,0,12,121,1,8
5,10,15.0,60,2,16,0,7,78,3,1
5,3,8.0,148,2,13,3,6,132,4,8
5,6,7.0,169,3,0,1,16,130,1,11
5,8,24.0,85,4,2,0,0,26,3,14
5,4,17.0,19,6,12,1,5,64,0,6
5,10,6.0,242,0,13,0,5,6,0,23
5,10,15.0,60,2,16,0,5,6,3,1
5,8,24.0,85,4,5,0,11,98,2,14
5,4,16.0,25,5,13,1,5,64,0,2
5,11,13.0,312,1,9,0,9,49,4,25
5,10,6.0,242,0,17,0,2,92,1,23
5,10,15.0,60,2,4,1,13,38,0,1
5,8,24.0,85,4,20,1,14,25,4,14
5,4,16.0,25,5,6,1,5,64,0,2
5,4,24.0,27,6,1,1,9,87,1,14
5,10,15.0,60,2,19,1,6,7,4,1
5,8,26.0,278,6,6,0,8,41,1,3
5,4,18.0,26,3,15,0,2,60,2,0
5,7,14.0,125,6,9,2,13,29,2,5
5,4,26.0,80,0,11,0,10,47,2,3
5,10,15.0,60,2,9,0,9,49,1,1
5,8,26.0,278,6,13,0,2,40,1,3
5,5,7.0,349,4,2,1,11,90,0,11
5,5,7.0,349,4,22,2,13,36,3,11
5,5,23.0,168,6,2,0,2,40,2,17
5,7,17.0,95,1,17,1,10,47,1,6
5,5,4.0,114,0,1,3,9,27,0,30
5,5,29.0,24,5,22,0,5,6,0,16
5,7,12.0,181,4,19,0,8,27,1,28
5,7,28.0,34,6,3,2,13,13,2,18
5,11,9.0,311,5,11,0,13,38,2,12
5,9,8.0,90,3,3,0,12,121,2,8
5,11,28.0,123,2,9,3,10,47,1,18
5,11,1.0,222,4,6,0,7,78,4,7
5,6,7.0,169,3,0,1,0,26,1,11
5,6,7.0,169,3,19,1,14,24,4,11
5,6,14.0,173,3,22,0,16,65,3,5
5,6,14.0,173,3,15,0,10,47,3,5
5,6,14.0,173,3,19,1,13,99,2,5
5,6,16.0,38,1,10,1,4,45,0,2
5,6,16.0,38,1,20,1,12,61,4,2
5,6,16.0,38,1,22,0,15,39,4,2
5,6,16.0,38,1,19,0,14,32,0,2
5,10,7.0,243,1,9,0,1,59,1,11
5,10,8.0,213,2,6,0,10,23,1,8
5,10,8.0,213,2,8,0,16,50,3,8
5,6,16.0,38,1,5,3,1,105,0,2
5,10,9.0,150,4,8,0,8,33,3,12
5,3,22.0,166,2,12,0,5,6,0,26
5,3,22.0,166,2,15,0,14,25,3,26
5,3,22.0,166,2,4,2,16,37,3,26
5,3,22.0,166,2,1,0,11,8,1,26
5,3,25.0,347,6,9,0,14,25,1,13
5,6,2.0,352,1,3,0,9,49,1,22
5,6,12.0,162,5,18,1,0,96,0,28
5,11,19.0,321,0,19,1,11,124,4,10
5,3,30.0,304,4,2,0,5,6,0,19
5,5,5.0,96,1,2,2,1,11,3,24
5,4,16.0,25,5,18,0,11,124,0,2
5,5,8.0,199,5,15,0,3,30,3,8
5,5,8.0,199,5,15,3,7,62,0,8
5,5,16.0,239,6,23,0,14,24,2,2
5,5,16.0,239,6,20,0,14,125,1,2
5,5,16.0,239,6,16,1,1,16,4,2
5,5,16.0,239,6,3,0,8,27,2,2
5,5,16.0,239,6,3,1,10,12,1,2
5,5,16.0,239,6,20,1,15,119,4,2
5,5,16.0,239,6,9,0,16,113,3,2
5,5,30.0,294,6,23,0,2,71,3,19
5,10,9.0,150,4,4,1,10,23,1,12
5,10,9.0,150,4,9,1,12,56,4,12
5,10,8.0,213,2,14,0,10,23,0,8
5,10,15.0,60,2,0,0,0,26,3,1
5,10,15.0,60,2,10,0,15,77,3,1
5,6,15.0,49,0,18,1,11,15,4,1
5,5,25.0,350,0,17,0,15,46,1,13
5,10,15.0,60,2,0,0,5,12,1,1
5,10,15.0,60,2,14,2,3,30,0,1
5,10,15.0,60,2,1,0,8,118,3,1
5,10,15.0,60,2,6,1,2,86,0,1
5,10,16.0,201,4,5,0,10,47,3,2
5,10,16.0,201,4,19,0,5,6,0,2
5,10,16.0,201,4,4,0,1,1,3,2
5,10,22.0,314,2,22,2,5,47,3,26
5,1,6.0,97,4,22,1,12,17,4,23
5,1,6.0,97,4,2,1,0,53,1,23
5,1,7.0,32,5,0,1,3,115,2,11
5,1,7.0,32,5,20,0,5,6,3,11
5,1,9.0,50,3,8,0,2,86,3,12
5,1,9.0,50,3,4,0,5,12,2,12
5,1,24.0,64,0,1,0,1,1,3,14
5,1,25.0,65,1,17,0,6,7,4,13
5,1,24.0,64,0,4,0,11,18,3,14
5,1,24.0,64,0,18,0,13,123,1,14
5,6,6.0,83,6,9,0,2,40,2,23
5,6,7.0,169,3,22,2,7,62,0,11
5,10,5.0,336,3,12,1,14,25,4,24
5,10,5.0,336,3,12,0,9,93,2,24
5,6,7.0,169,3,2,0,1,59,3,11
5,6,7.0,169,3,2,0,13,38,0,11
5,6,6.0,83,6,22,0,4,127,2,23
5,6,14.0,173,3,4,0,15,31,2,5
5,6,16.0,38,1,1,1,9,49,2,2
5,10,8.0,213,2,6,0,10,30,2,8
5,2,25.0,233,2,6,0,9,57,3,13
5,5,14.0,36,4,15,0,11,117,0,5
5,4,23.0,30,5,23,0,5,12,0,17
5,2,25.0,233,2,0,1,13,28,0,13
5,10,16.0,201,4,10,0,10,43,2,2
5,8,26.0,278,6,8,3,10,22,3,3
5,4,23.0,30,5,14,1,12,83,4,17
5,4,25.0,20,3,21,1,13,99,0,13
5,4,25.0,20,3,2,2,5,6,3,13
5,4,25.0,20,3,14,0,16,50,3,13
5,4,25.0,20,3,11,1,12,17,4,13
5,2,6.0,251,5,19,0,1,105,0,23
5,2,6.0,251,5,4,0,0,85,1,23
5,2,6.0,251,5,14,0,6,89,1,23
5,2,6.0,251,5,1,0,4,82,1,23
5,2,7.0,153,6,3,2,2,92,3,11
5,2,7.0,153,6,2,0,4,82,2,11
5,2,7.0,153,6,9,0,16,74,1,11
5,2,8.0,258,3,13,0,7,8,2,8
5,2,8.0,258,3,2,0,2,123,0,8
5,4,17.0,19,6,15,1,0,64,1,6
5,4,17.0,19,6,1,0,10,47,3,6
5,4,18.0,26,3,18,0,14,24,3,0
5,4,15.0,132,4,18,0,5,12,3,1
5,4,18.0,26,3,11,0,6,128,4,0
5,4,23.0,30,5,15,0,5,6,2,17
5,4,25.0,20,3,16,0,16,50,3,13
5,4,25.0,20,3,21,1,15,51,0,13
5,4,25.0,20,3,11,0,3,70,1,13
5,4,25.0,20,3,12,0,10,43,0,13
5,4,25.0,20,3,10,0,13,99,1,13
5,4,25.0,20,3,7,1,10,43,0,13
5,2,6.0,251,5,3,0,12,80,1,23
5,2,6.0,251,5,2,0,8,41,0,23
5,2,6.0,251,5,19,0,7,62,1,23
5,2,6.0,251,5,19,1,14,88,4,23
5,2,6.0,251,5,2,2,12,80,3,23
5,2,7.0,153,6,10,1,7,111,0,11
5,2,7.0,153,6,15,0,14,106,2,11
5,2,8.0,258,3,19,0,5,0,3,8
5,2,8.0,258,3,4,1,12,17,4,8
5,2,8.0,258,3,19,2,16,130,0,8
5,2,10.0,28,1,0,1,9,10,4,4
5,2,10.0,28,1,6,1,0,96,4,4
5,11,13.0,312,1,14,0,4,4,1,25
5,11,20.0,340,1,18,1,14,32,0,29
5,4,16.0,25,5,9,0,11,124,3,2
3,0,23.0,237,1,21,0,15,96,3,17
5,3,21.0,338,1,7,0,0,26,3,21
5,7,14.0,125,6,3,0,6,7,3,5
5,4,24.0,27,6,5,1,9,134,4,14
5,2,1.0,16,3,22,0,3,30,2,7
5,2,8.0,258,3,1,2,0,85,0,8
5,2,10.0,28,1,10,0,1,11,1,4
5,2,10.0,28,1,7,2,10,6,3,4
5,2,10.0,28,1,0,0,5,6,2,4
5,2,10.0,28,1,12,1,8,27,1,4
5,2,16.0,220,0,21,1,0,64,0,2
5,2,16.0,220,0,13,2,8,41,0,2
5,2,16.0,220,0,8,0,8,9,0,2
5,2,16.0,220,0,19,0,10,52,1,2
5,2,16.0,220,0,1,0,1,81,1,2
5,2,18.0,7,2,19,0,2,2,3,0
5,2,18.0,7,2,4,3,10,47,1,0
5,2,18.0,7,2,9,0,12,135,3,0
5,2,18.0,7,2,18,0,10,22,3,0
5,2,24.0,22,1,6,1,2,60,0,14
5,2,24.0,22,1,8,0,7,62,0,14
5,2,24.0,22,1,22,0,0,77,1,14
5,7,31.0,43,1,17,0,14,25,4,20
5,3,6.0,303,0,18,0,12,84,1,23
3,7,22.0,211,6,11,0,8,27,4,26
5,5,24.0,58,3,23,0,13,21,3,14
5,5,24.0,58,3,17,0,8,41,3,14
5,6,5.0,342,5,3,1,7,20,1,24
5,1,8.0,62,6,4,1,0,0,4,8
5,8,6.0,87,3,1,3,6,7,0,23
5,8,25.0,86,5,20,1,9,87,4,13
5,8,25.0,86,5,2,0,9,95,3,13
5,4,1.0,144,4,17,0,9,58,4,7
5,2,17.0,6,1,2,1,6,128,1,6
5,2,23.0,230,0,14,1,1,11,0,17
5,2,23.0,230,0,18,0,2,40,2,17
5,2,25.0,233,2,6,0,9,95,3,13
5,2,25.0,233,2,3,2,1,16,3,13
5,10,16.0,201,4,8,0,14,24,4,2
5,4,25.0,20,3,17,1,5,12,1,13
5,4,16.0,25,5,22,2,10,47,3,2
5,10,16.0,201,4,3,0,11,133,0,2
5,7,29.0,268,3,17,0,10,43,1,16
5,3,14.0,33,1,17,0,2,2,1,5
5,3,14.0,33,1,0,2,7,120,3,5
5,3,5.0,324,3,20,0,14,24,2,24
5,3,22.0,166,2,16,0,10,30,3,26
5,3,22.0,166,2,3,0,2,2,0,26
5,5,5.0,96,1,21,0,7,137,1,24
5,5,5.0,96,1,3,0,7,111,3,24
5,5,8.0,199,5,23,1,3,79,1,8
5,5,15.0,200,5,17,0,11,94,3,1
5,5,15.0,200,5,15,0,8,27,1,1
5,5,15.0,200,5,18,1,7,137,1,1
5,5,30.0,294,6,17,1,0,26,0,19
5,5,30.0,294,6,5,1,12,104,4,19
5,5,30.0,294,6,18,0,8,9,1,19
5,5,31.0,196,3,9,0,2,2,3,20
5,5,31.0,196,3,10,1,9,87,4,20
5,6,6.0,83,6,17,0,10,47,3,23
5,6,6.0,83,6,6,0,2,2,1,23
5,6,6.0,83,6,13,0,1,67,4,23
5,6,7.0,169,3,0,1,12,56,1,11
5,6,7.0,169,3,15,0,13,28,2,11
5,3,30.0,304,4,12,0,3,115,1,19
5,3,30.0,304,4,8,0,1,1,2,19
5,3,30.0,304,4,8,1,1,1,4,19
5,3,30.0,304,4,19,3,9,93,4,19
5,5,5.0,96,1,17,2,0,12,3,24
5,5,5.0,96,1,14,0,6,89,1,24
5,5,8.0,199,5,22,0,14,24,1,8
5,5,8.0,199,5,19,0,5,6,3,8
5,5,15.0,200,5,4,0,10,47,1,1
5,5,16.0,239,6,3,0,10,47,2,2
5,5,16.0,239,6,18,0,8,41,4,2
5,5,16.0,239,6,3,0,9,27,2,2
5,3,13.0,210,0,12,0,13,36,1,25
5,5,30.0,294,6,20,0,8,27,2,19
5,5,31.0,196,3,19,0,10,22,2,20
5,5,31.0,196,3,9,2,1,16,4,20
5,5,30.0,294,6,19,0,2,69,2,19
5,6,6.0,83,6,6,1,6,7,0,23
5,6,6.0,83,6,8,1,5,64,0,23
5,6,6.0,83,6,8,0,2,13,2,23
5,6,6.0,83,6,22,0,6,89,4,23
5,6,6.0,83,6,12,2,15,51,3,23
5,6,6.0,83,6,9,2,9,49,3,23
5,6,7.0,169,3,11,2,5,6,0,11
5,6,7.0,169,3,4,1,2,86,0,11
5,6,14.0,173,3,7,0,5,47,3,5
5,6,14.0,173,3,2,0,11,15,3,5
5,6,14.0,173,3,13,1,10,22,2,5
5,6,16.0,38,1,23,0,0,31,0,2
5,6,16.0,38,1,12,0,2,69,4,2
5,10,7.0,243,1,6,0,9,54,1,11
5,10,7.0,243,1,5,0,0,85,0,11
5,3,13.0,210,0,18,1,13,29,1,25
5,5,6.0,277,2,1,1,12,121,0,23
5,5,14.0,36,4,4,0,6,89,1,5
5,10,7.0,243,1,5,3,6,7,0,11
5,10,7.0,243,1,18,0,16,50,3,11
5,10,8.0,213,2,16,0,12,135,4,8
5,10,8.0,213,2,21,1,14,34,0,8
5,10,8.0,213,2,19,0,7,120,4,8
5,10,8.0,213,2,9,2,3,30,3,8
5,10,9.0,150,4,22,1,12,83,4,12
5,10,7.0,243,1,22,2,9,102,3,11
5,10,9.0,150,4,1,0,13,28,4,12
5,5,30.0,294,6,17,0,13,29,1,19
5,5,30.0,294,6,21,1,1,105,0,19
5,5,30.0,294,6,0,1,14,110,4,19
5,5,8.0,199,5,8,3,14,32,4,8
5,4,16.0,25,5,12,0,9,10,3,2
5,4,25.0,20,3,17,0,13,28,4,13
5,4,16.0,25,5,7,1,14,107,1,2
5,4,25.0,20,3,21,0,14,32,1,13
5,1,26.0,248,2,17,0,4,82,1,3
5,4,25.0,20,3,0,0,0,26,1,13
5,4,25.0,20,3,0,2,10,47,2,13
5,1,26.0,248,2,13,0,14,131,1,3
5,4,25.0,20,3,6,1,7,111,0,13
5,10,14.0,174,1,1,3,14,106,4,5
5,1,31.0,305,0,6,2,2,92,0,20
5,8,16.0,73,2,7,1,1,67,0,2
5,8,16.0,73,2,9,0,5,0,3,2
5,8,24.0,85,4,6,0,5,12,0,14
5,8,24.0,85,4,13,0,14,24,2,14
5,8,26.0,278,6,16,0,1,11,4,3
5,8,26.0,278,6,22,0,2,86,2,3
5,4,16.0,25,5,1,2,3,115,4,2
5,4,17.0,19,6,22,0,5,12,2,6
5,4,17.0,19,6,20,1,1,16,4,6
5,4,17.0,19,6,14,0,4,82,3,6
5,4,17.0,19,6,18,0,7,137,1,6
5,4,18.0,26,3,0,1,13,28,4,0
5,4,17.0,19,6,6,1,5,64,0,6
5,4,18.0,26,3,8,0,1,59,1,0
5,4,18.0,26,3,5,1,12,17,4,0
5,4,18.0,26,3,15,1,0,53,1,0
5,4,23.0,30,5,8,0,15,51,1,17
5,4,23.0,30,5,9,2,6,132,3,17
5,10,16.0,201,4,12,2,7,120,0,2
5,10,15.0,60,2,18,1,0,31,4,1
5,1,6.0,97,4,3,0,13,38,3,23
5,1,6.0,97,4,15,2,9,102,3,23
5,5,16.0,239,6,6,0,7,120,4,2
5,1,7.0,32,5,2,1,2,69,4,11
5,1,9.0,50,3,4,0,1,67,0,12
5,1,9.0,50,3,19,2,1,67,0,12
5,1,9.0,50,3,2,1,13,28,4,12
5,1,6.0,97,4,17,0,16,50,3,23
5,1,24.0,64,0,0,0,7,57,3,14
5,1,24.0,64,0,11,0,4,5,0,14
5,1,24.0,64,0,19,0,5,12,2,14
5,1,24.0,64,0,4,1,4,75,4,14
5,1,24.0,64,0,4,1,11,15,4,14
5,1,25.0,65,1,4,0,4,4,1,13
5,1,26.0,248,2,6,0,14,131,3,3
5,1,26.0,248,2,12,0,6,7,0,3
5,1,31.0,305,0,6,0,0,26,3,20
5,1,31.0,305,0,13,0,10,52,0,20
5,1,31.0,305,0,13,0,2,13,1,20
0,11,1.0,222,3,17,0,8,118,1,7
5,10,4.0,356,6,23,2,10,47,3,30
5,10,4.0,356,6,11,1,2,13,1,30
5,10,29.0,318,2,22,0,5,6,2,16
5,1,31.0,305,0,4,0,2,69,3,20
5,8,16.0,73,2,22,0,8,41,1,2
5,1,26.0,248,2,5,0,9,95,0,3
5,1,26.0,248,2,12,0,9,9,2,3
5,1,26.0,248,2,9,0,8,41,3,3
5,1,31.0,305,0,22,1,0,53,1,20
5,8,16.0,73,2,7,0,9,63,3,2
5,8,16.0,73,2,14,0,5,12,3,2
5,8,16.0,73,2,18,0,6,116,3,2
5,8,24.0,85,4,21,1,10,6,0,14
5,8,24.0,85,4,22,0,9,10,2,14
5,8,24.0,85,4,9,0,10,47,2,14
5,8,24.0,85,4,9,0,8,41,0,14
5,8,26.0,278,6,0,2,8,19,3,3
5,8,26.0,278,6,11,0,14,24,3,3
5,8,26.0,278,6,5,1,10,47,1,3
5,8,26.0,278,6,19,0,2,71,4,3
5,8,26.0,278,6,20,1,9,93,4,3
5,7,10.0,329,1,12,1,1,105,1,4
3,3,1.0,180,1,13,0,5,6,1,7
5,3,11.0,337,6,13,0,10,23,1,9
5,3,11.0,337,6,21,1,15,46,0,9
5,5,4.0,114,0,18,2,5,12,3,30
5,5,3.0,161,3,13,0,12,61,2,27
5,5,12.0,327,1,2,3,6,7,3,28
5,1,24.0,64,0,5,0,2,86,1,14
5,4,25.0,20,3,3,1,12,61,1,13
5,2,6.0,251,5,20,1,11,18,1,23
5,2,7.0,153,6,5,0,2,86,0,11
5,2,6.0,251,5,12,1,13,48,0,23
5,2,7.0,153,6,13,0,3,70,2,11
5,2,7.0,153,6,2,0,10,22,2,11
5,2,7.0,153,6,8,0,6,132,1,11
5,2,7.0,153,6,8,0,1,35,3,11
5,2,8.0,258,3,6,2,13,28,3,8
5,2,8.0,258,3,11,0,10,22,2,8
5,2,8.0,258,3,2,2,6,89,3,8
5,2,8.0,258,3,9,2,11,8,1,8
5,2,8.0,258,3,19,0,5,64,3,8
5,2,8.0,258,3,8,3,14,25,0,8
5,2,6.0,251,5,11,1,13,21,1,23
5,2,6.0,251,5,13,0,11,8,2,23
5,2,7.0,153,6,22,1,8,9,4,11
5,2,7.0,153,6,6,0,9,63,4,11
5,2,7.0,153,6,18,2,6,128,3,11
5,2,8.0,258,3,22,0,2,123,2,8
5,2,8.0,258,3,2,1,1,59,4,8
5,2,8.0,258,3,18,0,2,2,4,8
5,2,8.0,258,3,19,0,0,53,0,8
5,2,10.0,28,1,8,0,11,124,0,4
5,2,10.0,28,1,15,2,0,26,0,4
5,2,10.0,28,1,1,1,9,101,4,4
5,2,16.0,220,0,17,1,6,14,0,2
5,2,16.0,220,0,19,0,0,12,0,2
5,2,16.0,220,0,11,1,1,59,4,2
5,2,16.0,220,0,14,1,6,116,4,2
5,2,18.0,7,2,6,0,4,4,1,0
5,2,18.0,7,2,10,1,5,64,0,0
5,2,18.0,7,2,20,3,5,6,3,0
5,2,18.0,7,2,12,0,0,26,0,0
5,2,24.0,22,1,0,2,15,96,3,14
5,2,24.0,22,1,10,0,6,128,0,14
5,2,24.0,22,1,9,0,7,20,1,14
5,2,25.0,233,2,17,1,5,6,0,13
5,2,25.0,233,2,7,0,9,10,4,13
5,2,25.0,233,2,2,0,10,6,0,13
5,2,25.0,233,2,4,0,9,57,2,13
5,2,25.0,233,2,14,2,0,12,3,13
5,2,26.0,3,4,7,0,10,43,3,3
5,2,25.0,233,2,17,1,14,131,0,13
5,2,26.0,3,4,5,0,5,12,2,3
5,2,26.0,3,4,15,0,10,52,4,3
5,2,26.0,3,4,8,0,6,91,1,3
5,2,24.0,22,1,6,0,11,94,3,14
5,2,26.0,3,4,1,2,2,71,3,3
5,2,26.0,3,4,1,1,14,110,4,3
5,2,26.0,3,4,21,1,0,77,1,3
5,0,1.0,8,1,0,0,4,75,4,7
5,0,1.0,8,1,7,2,7,120,3,7
5,0,1.0,8,1,8,0,9,54,1,7
5,0,1.0,8,1,14,2,5,12,1,7
5,0,1.0,8,1,9,0,13,28,4,7
5,0,17.0,12,4,16,1,9,27,0,6
5,2,10.0,28,1,13,2,10,47,0,4
5,2,10.0,28,1,22,0,14,25,1,4
5,2,10.0,28,1,2,0,2,40,2,4
5,2,10.0,28,1,19,1,8,19,0,4
5,1,26.0,248,2,9,0,6,89,3,3
5,1,31.0,305,0,14,0,4,75,1,20
5,8,16.0,73,2,8,0,16,74,4,2
5,8,16.0,73,2,19,0,6,89,1,2
5,8,24.0,85,4,8,0,5,64,3,14
5,8,26.0,278,6,9,2,0,31,3,3
5,8,24.0,85,4,19,1,10,22,1,14
5,1,9.0,50,3,5,0,15,119,0,12
5,4,16.0,25,5,17,2,11,94,2,2
5,4,16.0,25,5,3,1,1,81,4,2
2,11,1.0,222,0,17,0,15,46,1,7
5,10,5.0,336,3,12,0,5,6,1,24
5,4,15.0,132,4,22,0,11,90,1,1
5,8,14.0,296,0,6,1,5,6,2,5
5,4,15.0,132,4,4,1,9,93,4,1
5,4,15.0,132,4,18,1,2,2,0,1
5,4,15.0,132,4,2,0,13,21,2,1
5,4,15.0,132,4,14,0,13,38,3,1
5,8,7.0,70,0,22,0,2,86,3,11
5,4,16.0,25,5,1,0,10,22,2,2
5,4,16.0,25,5,1,0,13,13,2,2
5,4,17.0,19,6,22,0,2,92,1,6
5,4,17.0,19,6,12,0,15,96,0,6
5,4,18.0,26,3,14,1,14,126,4,0
5,4,17.0,19,6,9,1,8,41,1,6
5,4,23.0,30,5,23,0,15,51,1,17
5,4,23.0,30,5,11,0,10,22,3,17
5,4,23.0,30,5,15,0,9,93,0,17
5,4,25.0,20,3,11,1,12,17,4,13
5,2,6.0,251,5,4,0,1,11,4,23
5,6,16.0,38,1,17,2,1,11,3,2
5,6,16.0,38,1,16,1,9,49,4,2
5,10,7.0,243,1,10,0,3,76,1,11
5,10,7.0,243,1,8,1,14,107,1,11
5,10,7.0,243,1,4,0,2,29,3,11
5,10,7.0,243,1,19,0,5,64,2,11
5,10,8.0,213,2,9,0,1,11,4,8
5,10,7.0,243,1,13,3,2,2,3,11
5,10,9.0,150,4,22,0,13,29,2,12
5,10,8.0,213,2,4,0,7,62,0,8
5,10,9.0,150,4,8,0,13,99,1,12
5,10,9.0,150,4,1,1,10,23,1,12
5,10,8.0,213,2,4,3,4,4,1,8
5,10,15.0,60,2,1,0,13,29,1,1
5,10,16.0,201,4,17,0,0,31,3,2
5,10,16.0,201,4,21,0,13,29,1,2
5,10,16.0,201,4,20,0,5,0,3,2
5,10,16.0,201,4,13,0,14,25,0,2
5,10,16.0,201,4,9,0,4,75,1,2
5,10,22.0,314,2,6,2,16,65,0,26
5,10,22.0,314,2,7,0,6,7,4,26
5,10,22.0,314,2,15,0,16,50,1,26
5,10,22.0,314,2,19,0,10,22,2,26
5,10,22.0,314,2,19,2,6,89,2,26
5,10,22.0,314,2,2,0,4,138,1,26
5,1,7.0,32,5,7,0,8,27,3,11
5,1,6.0,97,4,9,1,1,35,1,23
5,1,6.0,97,4,1,1,13,36,4,23
5,11,26.0,364,0,2,0,4,4,1,3
5,7,12.0,181,4,14,0,6,89,1,28
5,7,12.0,181,4,19,1,11,94,0,28
5,7,28.0,34,6,18,0,12,80,0,18
5,5,4.0,114,0,18,1,9,63,2,30
5,5,1.0,109,5,17,0,8,9,1,7
5,5,12.0,327,1,16,0,16,50,0,28
5,5,29.0,24,5,1,1,1,105,0,16
5,5,29.0,24,5,22,0,4,66,0,16
5,1,7.0,32,5,9,0,10,22,3,11
5,1,7.0,32,5,1,0,6,14,3,11
5,1,7.0,32,5,2,0,10,47,2,11
5,1,9.0,50,3,8,0,8,27,3,12
5,1,9.0,50,3,9,0,7,62,4,12
5,1,9.0,50,3,18,2,8,118,3,12
5,1,9.0,50,3,1,1,7,120,0,12
5,1,24.0,64,0,0,1,5,0,2,14
5,1,24.0,64,0,7,0,8,9,1,14
5,1,24.0,64,0,6,0,14,24,1,14
5,1,24.0,64,0,13,0,15,39,3,14
5,1,24.0,64,0,20,1,14,106,1,14
5,1,25.0,65,1,11,0,10,22,3,13
4,6,10.0,149,4,16,1,10,12,0,4
4,1,21.0,45,6,1,0,12,80,2,21
4,3,12.0,104,0,13,3,0,68,0,28
4,10,13.0,346,1,9,2,10,22,3,25
4,6,20.0,215,3,4,0,5,64,1,29
4,1,23.0,69,0,19,0,14,34,3,17
4,1,23.0,69,0,21,0,16,72,1,17
4,4,23.0,30,6,6,1,11,90,0,17
5,4,2.0,141,5,5,1,3,70,4,22
3,8,28.0,224,3,13,0,2,92,2,18
4,6,20.0,215,3,6,0,14,34,3,29
4,10,12.0,333,0,2,0,14,24,2,28
4,4,23.0,30,6,7,2,14,107,3,17
4,2,23.0,230,1,12,1,3,30,0,17
4,2,7.0,153,3,12,1,16,139,1,11
4,1,14.0,183,6,4,1,4,127,1,5
4,2,8.0,258,0,21,0,5,6,0,8
4,6,22.0,185,1,17,0,2,86,1,26
4,2,29.0,140,0,22,0,13,28,1,16
4,1,31.0,305,1,14,0,2,40,3,20
4,4,23.0,30,6,6,1,10,22,1,17
5,2,3.0,282,1,18,0,3,30,0,27
4,1,23.0,69,0,4,3,6,73,3,17
4,8,17.0,74,5,14,1,0,12,1,6
4,8,4.0,299,6,1,3,12,83,3,30
4,4,16.0,25,6,7,1,5,6,0,2
4,6,29.0,335,1,16,1,13,38,0,16
4,4,23.0,30,6,8,1,2,92,1,17
5,2,11.0,297,2,2,0,14,24,2,9
4,1,24.0,64,1,6,3,8,9,1,14
4,2,7.0,153,3,17,1,0,26,1,11
4,1,14.0,183,6,13,0,0,12,1,5
4,8,13.0,189,0,15,0,9,109,4,25
4,0,9.0,48,4,21,1,14,24,0,12
4,0,11.0,10,6,13,0,9,54,1,9
4,0,18.0,0,6,21,1,11,15,0,0
4,0,18.0,0,6,20,2,10,47,3,0
4,0,18.0,0,6,8,0,13,69,0,0
4,0,18.0,0,6,14,1,9,83,4,0
4,0,18.0,0,6,18,1,0,26,0,0
4,0,18.0,0,6,1,3,16,65,3,0
4,0,27.0,23,0,10,3,15,96,3,15
4,0,27.0,23,0,13,0,8,27,0,15
4,10,25.0,56,3,20,0,12,61,1,13
4,4,3.0,279,3,8,3,11,90,3,27
4,0,19.0,13,3,1,0,12,61,1,10
4,0,19.0,13,3,18,0,0,31,2,10
4,0,19.0,13,3,14,0,1,16,4,10
4,0,19.0,13,3,11,1,1,16,4,10
5,7,31.0,43,1,0,0,8,27,1,20
5,3,8.0,148,2,18,1,4,66,1,8
5,6,25.0,39,4,13,3,14,25,1,13
4,3,18.0,165,3,11,0,2,86,1,0
4,11,6.0,252,2,13,0,8,41,1,23
5,5,23.0,168,6,2,0,13,48,0,17
4,4,28.0,218,4,8,1,10,47,2,18
5,2,17.0,6,1,17,0,4,79,0,6
4,11,8.0,283,5,7,0,0,26,1,8
4,11,18.0,332,0,17,1,13,38,4,0
5,4,1.0,144,4,17,0,13,48,1,7
4,7,23.0,202,1,19,0,3,79,1,17
4,5,7.0,349,5,17,0,14,24,1,11
4,5,10.0,155,0,9,1,2,2,2,4
4,5,10.0,155,0,8,0,6,91,2,4
4,5,10.0,155,0,1,0,5,64,0,4
4,10,26.0,61,0,20,1,2,86,1,3
5,4,7.0,133,2,17,1,0,12,2,11
4,0,26.0,14,3,7,0,0,85,0,3
4,0,26.0,14,3,10,1,5,12,0,3
4,0,26.0,14,3,12,1,2,123,4,3
4,0,27.0,23,0,0,1,13,48,0,15
4,0,27.0,23,0,15,0,7,137,1,15
4,0,26.0,14,3,17,1,0,77,0,3
4,0,27.0,23,0,13,0,5,6,0,15
4,0,27.0,23,0,8,0,10,22,1,15
4,4,20.0,115,2,12,3,14,25,0,29
4,4,20.0,115,2,19,1,8,27,0,29
5,8,1.0,66,1,1,3,0,0,3,7
5,8,7.0,70,0,13,0,8,41,1,11
4,2,29.0,140,0,3,3,0,26,4,16
4,4,23.0,30,6,1,2,8,33,0,17
4,4,29.0,313,5,20,0,13,38,1,16
4,4,29.0,313,5,14,0,14,24,1,16
4,4,29.0,313,5,23,1,9,93,1,16
4,4,31.0,67,3,2,0,7,78,3,20
4,4,31.0,67,3,4,2,1,35,3,20
4,2,5.0,127,5,6,0,5,6,0,24
4,2,5.0,127,5,15,1,16,50,2,24
4,2,5.0,127,5,8,0,4,82,0,24
4,2,5.0,127,5,1,2,8,33,4,24
4,2,5.0,127,5,9,2,6,91,2,24
4,2,7.0,153,3,16,1,3,30,0,11
4,2,8.0,258,0,12,0,5,6,0,8
4,2,8.0,258,0,4,1,9,10,4,8
5,2,9.0,21,0,8,1,5,64,0,12
4,11,16.0,225,6,12,0,14,32,3,2
5,2,1.0,16,3,11,0,5,6,0,7
4,9,26.0,267,5,13,0,11,18,2,3
4,6,2.0,352,2,7,1,6,7,0,22
4,6,25.0,39,5,22,0,5,6,2,13
5,8,1.0,66,1,11,0,2,92,3,7
0,6,1.0,158,4,13,0,4,82,1,7
4,8,1.0,66,2,17,1,0,26,1,7
4,5,17.0,212,0,17,0,2,2,4,6
4,2,29.0,140,0,17,1,1,105,0,16
4,2,27.0,136,6,19,0,0,77,1,15
4,0,11.0,10,6,3,0,9,95,2,9
4,0,11.0,10,6,8,0,13,38,2,9
4,0,11.0,10,6,12,0,3,44,3,9
4,0,18.0,0,6,6,0,16,72,1,0
4,0,18.0,0,6,7,1,0,31,0,0
4,0,18.0,0,6,2,0,13,29,0,0
4,0,18.0,0,6,13,1,12,80,4,0
4,0,18.0,0,6,4,1,3,44,0,0
4,0,19.0,13,3,12,1,6,89,1,10
4,0,19.0,13,3,14,0,16,72,4,10
4,0,27.0,23,0,16,0,10,47,2,15
4,0,27.0,23,0,0,1,0,53,0,15
4,2,8.0,258,0,3,1,1,35,4,8
4,1,14.0,183,6,2,0,1,59,2,5
4,6,12.0,162,6,3,0,8,27,0,28
4,4,23.0,30,6,13,0,3,30,3,17
4,10,6.0,242,1,2,0,13,21,3,23
4,2,8.0,258,0,2,2,6,7,0,8
5,2,11.0,297,2,20,1,10,22,1,9
5,11,1.0,222,4,17,1,7,8,4,7
4,1,31.0,305,1,19,0,10,22,3,20
4,6,12.0,162,6,14,0,2,92,0,28
4,10,14.0,174,2,17,0,14,24,1,5
4,1,14.0,183,6,12,0,7,129,2,5
4,4,16.0,25,6,14,0,2,123,4,2
4,8,5.0,101,3,5,0,5,6,2,24
5,8,2.0,77,2,17,1,0,12,1,22
4,7,4.0,186,4,8,0,6,91,2,30
4,6,13.0,317,3,0,1,11,18,1,25
4,4,16.0,25,6,15,0,0,77,2,2
4,10,14.0,174,2,2,0,6,7,3,5
4,8,4.0,299,6,19,0,3,30,4,30
4,1,14.0,183,6,2,2,1,59,3,5
4,8,5.0,101,3,2,0,15,96,1,24
4,2,8.0,258,0,18,0,2,2,4,8
5,2,14.0,231,6,1,1,11,117,0,5
4,7,4.0,186,4,13,1,10,23,1,30
4,6,13.0,317,3,21,1,13,48,0,25
4,4,23.0,30,6,23,0,13,29,2,17
4,10,14.0,174,2,17,1,15,31,4,5
4,4,23.0,30,6,15,1,1,105,4,17
5,2,29.0,140,3,9,1,5,6,1,16
4,8,4.0,299,6,22,0,10,47,1,30
4,7,11.0,197,4,12,1,8,41,0,9
4,1,21.0,45,6,17,2,8,27,0,21
4,1,31.0,305,1,6,0,9,95,3,20
4,6,13.0,317,3,14,0,3,76,1,25
4,2,8.0,258,0,14,0,12,80,1,8
4,8,7.0,70,1,13,0,12,61,3,11
4,10,31.0,135,6,22,0,10,43,1,20
4,4,23.0,30,6,14,2,12,61,3,17
5,2,28.0,257,6,5,3,5,6,2,18
4,6,15.0,49,1,10,3,15,46,3,1
4,8,4.0,299,6,20,1,8,27,2,30
4,8,7.0,70,1,22,0,12,61,1,11
4,1,5.0,219,4,0,0,5,12,3,24
4,2,8.0,258,0,18,1,14,25,0,8
4,1,21.0,45,6,5,0,13,36,3,21
5,2,28.0,257,6,17,1,0,12,2,18
5,7,11.0,197,2,19,0,2,86,0,9
4,6,15.0,49,1,10,1,3,30,4,1
5,9,28.0,315,6,3,3,11,15,0,18
4,2,16.0,220,1,17,1,14,24,1,2
4,8,5.0,101,3,6,1,9,63,0,24
4,1,21.0,45,6,3,2,7,111,3,21
4,1,5.0,219,4,13,0,3,30,1,24
4,4,29.0,313,5,17,0,10,47,3,16
4,8,7.0,70,1,2,0,8,41,4,11
5,0,12.0,113,6,14,0,16,37,3,28
4,6,15.0,49,1,12,2,12,61,0,1
4,7,21.0,81,3,17,3,10,47,3,21
4,2,16.0,220,1,13,1,12,61,4,2
4,2,16.0,220,1,2,0,7,111,4,2
4,2,30.0,131,1,6,1,6,116,4,19
4,6,29.0,335,1,17,0,7,137,1,16
4,6,29.0,335,1,21,0,0,26,1,16
4,6,29.0,335,1,13,0,6,7,0,16
4,6,29.0,335,1,18,0,8,9,4,16
4,10,6.0,242,1,16,0,4,79,3,23
4,10,6.0,242,1,5,0,0,85,0,23
4,10,6.0,242,1,8,1,13,21,1,23
4,10,14.0,174,2,7,0,2,69,3,5
4,10,14.0,174,2,4,2,6,89,3,5
4,10,14.0,174,2,1,0,13,36,0,5
4,10,14.0,174,2,22,3,0,26,0,5
4,10,31.0,135,6,15,0,6,89,1,20
4,10,31.0,135,6,8,0,16,74,3,20
4,10,31.0,135,6,9,0,7,62,4,20
4,10,31.0,135,6,18,0,9,10,1,20
4,1,5.0,219,4,13,1,8,9,1,24
4,10,31.0,135,6,19,1,12,121,4,20
4,1,21.0,45,6,17,0,14,24,1,21
4,1,23.0,69,0,0,0,2,71,4,17
4,1,23.0,69,0,7,2,15,96,0,17
4,1,23.0,69,0,8,0,12,121,1,17
4,1,24.0,64,1,16,0,5,12,3,14
4,1,24.0,64,1,4,0,14,107,3,14
4,1,31.0,305,1,14,0,3,44,3,20
4,8,4.0,299,6,20,0,2,2,1,30
4,8,4.0,299,6,13,0,14,34,2,30
4,1,31.0,305,1,23,0,1,67,1,20
4,8,5.0,101,3,8,0,15,51,3,24
4,8,7.0,70,1,5,0,14,131,1,11
4,8,7.0,70,1,7,1,10,22,0,11
4,8,7.0,70,1,17,1,15,51,0,11
4,8,7.0,70,1,19,0,5,6,0,11
4,8,13.0,189,0,7,2,10,23,3,25
4,8,13.0,189,0,19,0,5,6,2,25
4,8,14.0,296,1,22,0,3,30,0,5
4,8,14.0,296,1,19,0,14,34,4,5
4,8,14.0,296,1,22,0,11,133,3,5
4,8,30.0,103,4,16,1,10,47,1,19
4,8,30.0,103,4,15,0,4,127,4,19
4,8,30.0,103,4,22,0,8,118,0,19
4,8,30.0,103,4,8,0,10,47,0,19
4,4,7.0,133,4,21,0,7,20,3,11
4,4,7.0,133,4,5,0,6,7,1,11
4,4,4.0,178,0,16,0,2,71,4,30
4,8,30.0,103,4,12,0,2,69,2,19
4,4,4.0,178,0,22,0,10,47,2,30
5,9,18.0,359,2,19,1,9,10,4,0
5,7,1.0,98,3,1,1,9,63,0,7
5,7,1.0,98,3,4,0,14,24,3,7
5,9,28.0,315,6,6,0,1,16,4,18
5,7,11.0,197,2,20,1,10,47,1,9
5,7,11.0,197,2,13,1,14,126,4,9
4,7,4.0,186,4,14,3,10,47,3,30
4,7,11.0,197,4,18,1,11,90,0,9
4,7,11.0,197,4,9,0,1,35,4,9
5,11,1.0,222,4,12,0,2,2,1,7
4,5,15.0,200,6,5,1,10,22,1,1
5,3,26.0,343,3,13,3,5,12,1,3
5,5,26.0,37,1,4,0,7,20,4,3
4,4,5.0,235,1,17,1,16,139,4,24
5,1,1.0,203,6,6,1,0,12,1,7
5,7,3.0,269,1,4,0,2,2,4,27
5,11,25.0,88,3,19,1,14,25,0,13
5,11,25.0,88,3,8,0,6,128,2,13
5,11,25.0,88,3,3,1,6,7,1,13
4,9,21.0,362,3,14,1,10,52,0,21
4,7,4.0,186,4,22,0,2,86,4,30
5,11,25.0,88,3,8,0,11,133,1,13
5,9,9.0,320,0,12,1,14,110,0,12
5,9,18.0,359,2,16,0,1,11,1,0
4,4,7.0,133,4,0,1,16,72,0,11
4,4,7.0,133,4,13,0,8,27,0,11
4,4,7.0,133,4,5,0,0,77,0,11
4,4,7.0,133,4,14,2,14,24,0,11
4,4,16.0,25,6,16,0,16,37,1,2
5,0,29.0,191,1,8,1,13,21,1,16
4,1,21.0,45,6,19,0,2,69,3,21
4,3,6.0,303,1,12,1,11,133,2,23
4,1,5.0,219,4,20,2,6,128,1,24
4,1,14.0,183,6,0,2,10,47,3,5
4,8,7.0,70,1,2,0,12,61,0,11
4,9,21.0,362,3,9,1,4,75,0,21
4,1,21.0,45,6,1,1,12,61,4,21
4,5,12.0,327,2,17,1,2,2,1,28
4,6,20.0,215,3,11,1,0,26,1,29
4,1,14.0,183,6,23,0,3,30,3,5
4,8,7.0,70,1,14,2,2,123,3,11
4,9,21.0,362,3,8,1,11,122,4,21
4,1,21.0,45,6,12,1,1,105,4,21
5,11,1.0,222,4,4,0,8,9,1,7
4,6,20.0,215,3,3,1,3,30,4,29
4,1,14.0,183,6,9,2,0,26,3,5
5,11,9.0,311,5,2,0,9,10,1,12
4,1,23.0,69,0,0,0,13,13,3,17
5,11,25.0,88,3,2,1,9,109,4,13
4,6,29.0,335,1,6,0,12,104,4,16
4,1,21.0,45,6,6,1,0,26,0,21
4,6,18.0,308,5,13,0,3,70,1,0
5,11,25.0,88,3,12,1,9,58,4,13
4,1,23.0,69,0,16,1,8,27,0,17
4,9,11.0,52,4,1,3,6,7,3,9
4,6,29.0,335,1,16,0,10,22,3,16
4,6,29.0,335,1,20,0,7,120,1,16
4,6,29.0,335,1,8,0,8,41,3,16
4,6,29.0,335,1,4,0,8,27,0,16
4,6,29.0,335,1,18,0,7,78,4,16
4,6,29.0,335,1,9,0,10,22,3,16
4,10,6.0,242,1,17,0,10,43,1,23
4,10,6.0,242,1,2,0,13,48,3,23
4,10,6.0,242,1,12,0,10,22,2,23
4,6,7.0,169,0,9,0,8,118,1,11
4,6,7.0,169,0,20,1,12,80,4,11
4,6,7.0,169,0,19,0,1,11,1,11
4,6,12.0,162,6,6,0,9,101,3,28
5,0,1.0,8,1,8,1,12,104,4,7
4,9,1.0,126,0,18,2,14,32,0,7
4,7,27.0,53,6,11,0,8,118,2,15
4,5,25.0,350,1,13,0,5,12,2,13
4,0,29.0,191,2,22,3,9,57,0,16
4,6,12.0,162,6,4,0,2,13,3,28
4,6,15.0,49,1,21,1,2,86,0,1
4,6,15.0,49,1,23,0,11,15,1,1
4,6,15.0,49,1,13,0,7,62,1,1
4,6,15.0,49,1,15,0,10,22,2,1
4,6,15.0,49,1,2,0,8,9,0,1
4,6,15.0,49,1,4,2,2,71,0,1
4,6,15.0,49,1,9,1,9,10,4,1
4,6,20.0,215,3,5,1,6,132,4,29
4,6,20.0,215,3,22,0,13,48,4,29
4,6,20.0,215,3,2,0,12,84,1,29
4,6,15.0,49,1,18,0,0,0,0,1
4,6,29.0,335,1,7,0,15,46,3,16
4,6,29.0,335,1,9,0,8,41,1,16
4,6,20.0,215,3,19,0,10,22,1,29
4,10,6.0,242,1,0,2,1,67,3,23
4,10,6.0,242,1,16,2,1,59,3,23
4,7,29.0,268,0,18,0,7,111,1,16
4,7,29.0,268,0,10,0,13,28,0,16
4,7,29.0,268,0,19,0,10,52,3,16
4,11,5.0,240,1,17,0,9,10,3,24
4,9,5.0,89,5,3,0,8,41,2,24
4,3,13.0,210,1,9,0,5,12,2,25
4,5,22.0,163,6,12,1,1,35,0,26
4,5,31.0,196,0,8,0,8,41,3,20
3,10,1.0,208,1,2,0,13,29,4,7
4,2,21.0,108,3,9,1,1,59,4,21
4,2,22.0,209,0,5,0,13,28,3,26
4,2,24.0,22,2,21,1,14,25,4,14
4,2,25.0,233,4,11,0,14,32,2,13
4,0,6.0,260,0,3,0,5,6,0,23
4,0,6.0,260,0,4,2,7,8,3,23
4,0,6.0,260,0,2,2,10,6,1,23
4,3,17.0,54,6,14,0,1,16,1,6
4,3,1.0,180,4,17,1,7,120,0,7
4,5,27.0,328,4,9,1,6,128,4,15
4,5,26.0,37,2,12,0,10,47,3,3
4,6,8.0,59,1,3,0,10,43,0,8
4,1,5.0,219,4,0,0,7,20,3,24
4,1,5.0,219,4,1,0,11,90,4,24
4,1,14.0,183,6,16,0,10,23,1,5
4,1,14.0,183,6,15,0,11,55,2,5
4,1,14.0,183,6,22,2,4,45,3,5
4,1,21.0,45,6,21,0,13,36,1,21
4,1,21.0,45,6,6,0,2,2,2,21
4,1,24.0,64,1,12,0,5,6,3,14
4,1,21.0,45,6,3,0,12,135,4,21
4,1,31.0,305,1,22,0,4,75,1,20
4,4,29.0,313,5,0,2,0,85,3,16
4,8,5.0,101,3,7,1,11,18,0,24
4,1,21.0,45,6,4,3,10,43,3,21
4,3,6.0,303,1,10,0,12,56,1,23
4,9,21.0,362,3,13,0,6,7,3,21
4,4,29.0,313,5,8,0,1,105,3,16
4,1,21.0,45,6,18,1,9,93,4,21
4,8,5.0,101,3,15,0,13,21,3,24
4,1,23.0,69,0,19,0,16,130,4,17
4,6,29.0,335,1,17,1,0,31,2,16
5,11,1.0,222,4,17,0,2,2,0,7
4,1,23.0,69,0,9,0,0,12,0,17
4,1,23.0,69,0,6,0,10,52,3,17
5,9,18.0,359,2,19,1,11,133,4,0
4,6,29.0,335,1,13,0,0,64,1,16
4,8,5.0,101,3,13,0,1,35,4,24
4,4,29.0,313,5,1,0,16,39,4,16
4,1,23.0,69,0,18,0,10,47,0,17
4,7,19.0,330,5,19,3,9,63,3,10
4,1,23.0,69,0,0,1,15,114,0,17
4,6,8.0,59,1,13,0,11,124,1,8
4,10,6.0,242,1,7,2,16,113,0,23
4,5,21.0,351,5,18,2,6,132,0,21
4,1,24.0,64,1,17,0,14,32,4,14
4,7,21.0,81,3,8,1,0,31,4,21
4,4,29.0,313,5,12,1,10,47,1,16
4,1,23.0,69,0,13,0,2,3,2,17
4,10,1.0,208,4,17,0,10,23,2,7
4,10,6.0,242,1,7,1,2,71,0,23
5,11,1.0,222,4,8,0,9,9,1,7
4,1,24.0,64,1,19,0,12,61,4,14
4,7,11.0,197,4,15,0,1,11,1,9
4,4,31.0,67,3,11,0,16,72,3,20
4,1,31.0,305,1,9,1,12,61,1,20
4,1,31.0,305,1,9,0,7,62,2,20
4,8,4.0,299,6,21,1,10,47,0,30
4,1,31.0,305,1,15,1,0,15,1,20
4,8,4.0,299,6,20,1,13,29,0,30
4,8,4.0,299,6,12,0,0,53,2,30
4,8,4.0,299,6,3,1,15,51,4,30
4,8,5.0,101,3,23,0,11,55,4,24
4,8,5.0,101,3,17,1,11,58,0,24
4,8,7.0,70,1,17,0,13,28,4,11
4,8,13.0,189,0,16,0,0,68,3,25
4,8,13.0,189,0,15,0,5,12,3,25
4,8,13.0,189,0,19,0,15,39,3,25
4,8,13.0,189,0,14,0,14,32,1,25
4,8,13.0,189,0,14,1,3,115,1,25
4,8,14.0,296,1,6,1,9,27,0,5
4,8,14.0,296,1,21,0,8,33,1,5
4,8,13.0,189,0,14,1,14,106,0,25
4,8,14.0,296,1,3,0,15,39,3,5
4,8,13.0,189,0,14,1,11,98,4,25
4,8,14.0,296,1,22,0,9,54,4,5
4,8,14.0,296,1,2,0,2,123,4,5
4,8,30.0,103,4,6,0,0,12,1,19
4,8,30.0,103,4,20,0,14,125,3,19
4,8,30.0,103,4,19,0,6,89,2,19
4,8,30.0,103,4,19,0,5,12,0,19
4,8,30.0,103,4,13,0,1,11,4,19
4,4,31.0,67,3,2,0,14,88,2,20
4,4,31.0,67,3,1,0,8,19,4,20
4,4,31.0,67,3,1,0,4,127,1,20
4,2,5.0,127,5,21,0,16,50,1,24
4,2,5.0,127,5,7,1,4,75,0,24
4,2,5.0,127,5,19,0,16,50,1,24
4,2,5.0,127,5,19,0,2,2,3,24
4,2,7.0,153,3,21,2,11,15,3,11
4,2,7.0,153,3,20,0,1,11,3,11
4,2,7.0,153,3,10,1,7,62,2,11
4,2,8.0,258,0,14,2,15,46,3,8
4,2,8.0,258,0,19,1,1,81,1,8
4,2,7.0,153,3,5,3,5,12,0,11
4,2,7.0,153,3,13,0,14,25,0,11
4,2,16.0,220,1,0,0,4,127,1,2
4,2,16.0,220,1,21,1,6,7,0,2
4,2,16.0,220,1,4,0,2,2,3,2
4,7,11.0,197,4,11,3,14,24,1,9
4,7,21.0,81,3,7,1,0,12,0,21
4,7,21.0,81,3,14,0,10,22,1,21
5,7,11.0,197,2,19,0,0,64,3,9
5,7,9.0,273,0,9,0,5,12,1,12
4,5,14.0,36,5,13,0,11,117,1,5
5,7,1.0,98,3,17,0,16,50,1,7
5,5,9.0,206,6,14,0,11,98,3,12
5,6,4.0,159,4,13,1,3,70,1,30
5,6,9.0,236,1,14,3,13,99,3,12
4,4,5.0,235,1,1,0,2,86,4,24
4,4,5.0,235,1,11,1,1,81,4,24
5,10,12.0,333,3,17,0,6,7,1,28
4,4,5.0,235,1,4,1,0,85,0,24
5,1,27.0,262,4,5,0,5,6,0,15
5,8,2.0,77,2,18,0,5,12,2,22
5,1,27.0,262,4,2,0,9,134,2,15
5,7,11.0,197,2,6,1,16,37,0,9
5,5,18.0,195,0,13,0,16,42,1,0
5,5,17.0,212,3,22,1,11,15,4,6
5,5,18.0,195,0,4,2,13,21,3,0
5,3,26.0,343,3,22,1,11,15,1,3
5,10,1.0,208,2,0,1,9,102,0,7
5,10,1.0,208,2,0,0,13,29,1,7
5,10,2.0,358,4,18,0,9,134,3,22
5,10,1.0,208,2,18,0,4,45,1,7
4,4,5.0,235,1,1,0,9,63,4,24
4,4,5.0,235,1,9,1,4,5,4,24
5,1,27.0,262,4,21,1,5,64,0,15
5,1,27.0,262,4,19,0,9,102,0,15
5,8,2.0,77,2,22,3,6,7,0,22
5,8,2.0,77,2,22,0,15,114,1,22
5,1,30.0,100,3,11,0,14,24,2,19
4,1,23.0,69,0,3,0,9,87,3,17
4,10,6.0,242,1,16,0,1,11,3,23
5,5,18.0,195,0,19,1,15,39,0,0
5,7,9.0,273,0,4,0,9,101,1,12
4,1,21.0,45,6,17,1,8,27,4,21
4,10,6.0,242,1,0,1,0,31,0,23
2,4,7.0,292,0,12,0,8,118,1,11
4,8,5.0,101,3,3,0,15,31,1,24
4,1,23.0,69,0,9,0,10,43,1,17
5,7,1.0,98,3,13,0,0,26,2,7
4,8,5.0,101,3,1,0,8,9,2,24
4,10,6.0,242,1,11,2,1,11,3,23
4,8,21.0,46,1,17,0,2,123,1,21
4,1,31.0,305,1,0,0,15,31,0,20
4,1,24.0,64,1,17,2,7,20,3,14
5,0,11.0,10,5,13,0,4,127,2,9
4,5,15.0,200,6,17,0,6,89,4,1
4,10,6.0,242,1,11,0,1,35,4,23
4,1,24.0,64,1,5,0,9,93,4,14
4,1,31.0,305,1,8,0,13,123,3,20
4,1,5.0,219,4,12,3,9,49,0,24
4,1,31.0,305,1,6,0,0,85,0,20
4,1,31.0,305,1,19,0,16,130,1,20
4,6,29.0,335,1,1,0,13,121,3,16
4,10,6.0,242,1,11,0,10,22,1,23
4,10,6.0,242,1,0,0,4,82,1,23
4,10,6.0,242,1,19,0,3,79,3,23
4,10,6.0,242,1,1,1,0,64,1,23
4,10,6.0,242,1,9,0,6,7,3,23
4,10,14.0,174,2,0,2,16,113,2,5
4,10,14.0,174,2,13,0,6,7,4,5
4,10,14.0,174,2,2,0,13,123,3,5
4,10,31.0,135,6,17,0,13,28,0,20
4,10,31.0,135,6,8,0,16,50,3,20
4,1,5.0,219,4,16,1,12,56,4,24
4,1,5.0,219,4,21,0,10,47,3,24
4,1,5.0,219,4,2,0,10,12,2,24
4,1,5.0,219,4,2,0,4,4,3,24
4,1,14.0,183,6,22,0,15,51,1,5
4,1,14.0,183,6,19,2,5,6,0,5
4,1,14.0,183,6,10,1,1,67,4,5
4,1,14.0,183,6,9,1,14,24,1,5
4,1,23.0,69,0,12,0,5,12,3,17
4,1,21.0,45,6,1,0,13,38,4,21
4,1,23.0,69,0,9,0,12,104,1,17
4,1,23.0,69,0,9,0,9,93,3,17
4,1,24.0,64,1,15,2,10,47,3,14
4,1,24.0,64,1,4,0,10,12,1,14
4,1,24.0,64,1,2,0,14,32,1,14
4,1,24.0,64,1,12,0,4,127,3,14
4,1,31.0,305,1,0,1,13,28,2,20
4,1,31.0,305,1,22,0,8,33,3,20
4,8,4.0,299,6,16,2,8,33,1,30
4,6,8.0,59,1,19,1,7,137,4,8
4,11,1.0,222,5,18,0,16,130,1,7
4,0,8.0,9,2,17,3,10,30,0,8
4,2,14.0,231,3,11,0,9,49,1,5
5,2,5.0,127,4,13,0,2,60,2,24
4,11,19.0,321,1,2,0,2,40,2,10
4,7,5.0,204,5,16,1,16,50,0,24
4,3,13.0,210,1,11,0,13,99,1,25
4,3,14.0,33,2,13,1,1,59,4,5
4,5,22.0,163,6,14,3,14,125,4,26
4,5,31.0,196,0,12,1,9,83,4,20
4,10,13.0,346,1,4,1,10,23,1,25
5,3,29.0,325,2,17,3,1,67,0,16
4,10,29.0,318,4,6,0,10,23,3,16
5,4,27.0,274,1,8,1,3,103,1,15
5,2,19.0,137,4,9,0,4,136,1,10
5,2,19.0,137,4,13,0,14,24,2,10
4,8,4.0,299,6,23,0,2,40,1,30
4,1,31.0,305,1,15,0,0,68,3,20
4,8,5.0,101,3,22,1,5,0,4,24
4,8,5.0,101,3,14,0,10,43,3,24
4,8,7.0,70,1,21,0,14,25,0,11
4,8,7.0,70,1,17,3,10,22,3,11
4,8,7.0,70,1,12,0,16,74,2,11
4,8,7.0,70,1,4,0,0,26,3,11
4,8,13.0,189,0,17,2,14,25,0,25
4,8,13.0,189,0,23,0,5,6,2,25
4,8,13.0,189,0,15,0,7,57,3,25
4,8,13.0,189,0,12,3,6,89,0,25
4,8,13.0,189,0,8,2,11,55,3,25
5,6,27.0,116,6,13,1,1,1,4,15
4,10,6.0,242,1,12,0,4,121,3,23
4,1,31.0,305,1,5,0,5,6,3,20
4,10,14.0,174,2,17,0,2,71,4,5
4,10,14.0,174,2,16,0,0,68,3,5
4,1,31.0,305,1,20,0,2,2,3,20
5,10,1.0,208,2,6,0,14,24,3,7
4,10,14.0,174,2,21,2,12,84,3,5
4,10,10.0,245,6,12,1,5,64,1,4
5,1,1.0,203,6,12,1,13,99,0,7
4,10,14.0,174,2,6,1,7,111,0,5
4,8,13.0,189,0,9,2,10,47,3,25
4,10,1.0,208,4,13,0,1,11,4,7
5,1,27.0,262,4,19,0,12,61,1,15
4,10,14.0,174,2,19,0,2,69,3,5
4,8,14.0,296,1,17,0,8,27,1,5
4,1,20.0,151,5,4,0,9,134,4,29
4,2,13.0,276,6,4,0,5,6,1,25
4,10,14.0,174,2,4,0,10,47,2,5
4,10,14.0,174,2,18,0,14,34,0,5
4,10,14.0,174,2,16,3,5,64,3,5
4,10,31.0,135,6,6,0,14,32,1,20
4,10,31.0,135,6,21,1,3,4,0,20
4,10,31.0,135,6,5,0,12,100,3,20
4,10,31.0,135,6,22,1,14,25,4,20
4,10,31.0,135,6,19,2,13,28,0,20
4,6,19.0,291,6,23,1,15,96,1,10
4,3,24.0,357,6,5,0,10,22,1,14
4,10,2.0,358,5,20,1,10,47,0,22
5,5,25.0,350,0,3,1,3,30,1,13
4,10,11.0,298,3,11,1,9,10,0,9
4,10,11.0,298,3,9,1,9,95,0,9
4,10,11.0,298,3,1,1,5,64,2,9
5,6,15.0,49,0,12,2,9,87,3,1
4,10,25.0,56,3,18,0,9,10,4,13
2,1,12.0,207,0,15,0,1,67,0,28
4,8,28.0,224,1,22,0,10,47,3,18
4,0,18.0,0,6,17,3,10,47,1,0
4,0,26.0,14,3,17,0,14,24,1,3
5,7,1.0,98,3,4,0,1,11,4,7
5,4,26.0,80,0,3,1,4,127,2,3
5,0,2.0,47,2,12,0,11,18,2,22
4,0,27.0,23,0,9,1,0,53,4,15
4,3,24.0,357,6,1,0,10,23,1,14
4,6,2.0,352,2,11,1,13,29,1,22
4,3,24.0,357,6,14,0,8,27,1,14
4,10,11.0,298,3,9,0,2,69,2,9
4,10,11.0,298,3,7,1,10,47,0,9
4,11,1.0,222,5,17,0,3,44,1,7
4,1,5.0,219,4,0,0,5,6,0,24
4,1,5.0,219,4,22,0,1,1,1,24
4,1,5.0,219,4,12,0,1,105,0,24
4,1,14.0,183,6,6,1,0,12,1,5
4,10,6.0,242,1,6,1,13,69,0,23
4,10,6.0,242,1,15,1,15,51,0,23
4,10,6.0,242,1,9,0,6,7,3,23
4,10,6.0,242,1,18,0,8,41,3,23
4,10,14.0,174,2,17,2,10,22,3,5
4,10,14.0,174,2,16,1,10,52,2,5
4,10,14.0,174,2,3,2,8,9,2,5
4,10,14.0,174,2,12,0,3,30,0,5
4,10,31.0,135,6,8,0,2,2,3,20
4,1,5.0,219,4,21,0,11,15,3,24
4,1,5.0,219,4,22,0,12,100,2,24
4,1,5.0,219,4,13,1,14,24,4,24
4,1,5.0,219,4,19,0,15,46,3,24
4,1,5.0,219,4,8,0,5,64,0,24
4,1,5.0,219,4,18,0,1,35,4,24
4,1,14.0,183,6,5,0,2,13,3,5
4,1,14.0,183,6,23,1,1,59,4,5
5,5,25.0,350,0,4,1,14,25,0,13
5,5,25.0,350,0,22,0,6,91,2,13
4,1,10.0,17,1,9,0,4,4,3,4
4,4,2.0,141,6,14,0,6,7,2,22
5,10,24.0,261,5,14,0,13,28,3,14
5,4,26.0,80,0,3,0,10,47,1,3
5,0,2.0,47,2,20,0,16,50,1,22
4,11,15.0,331,5,15,0,14,25,2,1
4,9,26.0,267,5,12,1,0,85,0,3
4,9,26.0,267,5,20,0,9,102,2,3
4,0,19.0,13,3,20,3,0,15,4,10
4,0,27.0,23,0,14,0,9,87,4,15
4,11,15.0,331,5,4,0,9,57,0,1
4,6,11.0,355,5,17,0,2,86,0,9
2,11,1.0,222,0,17,0,15,108,4,7
4,6,11.0,355,5,1,1,0,12,0,9
4,8,14.0,296,1,16,0,13,99,1,5
5,0,31.0,290,4,18,0,13,21,1,20
4,2,13.0,276,6,23,1,10,22,1,25
4,8,14.0,296,1,17,1,10,22,0,5
2,10,1.0,358,0,17,0,13,69,2,7
5,5,9.0,206,6,23,1,12,56,0,12
5,1,1.0,203,6,17,0,9,101,4,7
4,8,13.0,189,0,10,1,0,26,1,25
4,8,3.0,363,5,12,1,10,47,1,27
4,6,17.0,244,4,17,3,9,109,4,6
5,4,28.0,218,2,5,1,4,82,1,18
4,8,14.0,296,1,7,1,15,31,0,5
4,1,26.0,248,4,17,3,13,38,2,3
5,0,25.0,281,5,13,0,16,74,1,13
5,2,3.0,282,1,15,0,6,7,0,27
4,8,14.0,296,1,12,0,3,115,3,5
4,8,12.0,284,3,18,0,5,6,1,28
4,4,23.0,30,6,7,1,13,21,0,17
4,4,23.0,30,6,1,1,8,19,0,17
4,4,29.0,313,5,5,0,3,79,3,16
4,4,29.0,313,5,13,1,12,17,4,16
4,4,31.0,67,3,11,0,15,119,2,20
4,4,31.0,67,3,3,0,10,47,1,20
4,1,31.0,305,1,3,1,2,2,4,20
4,8,5.0,101,3,23,0,10,47,0,24
4,8,5.0,101,3,15,1,13,99,4,24
4,8,4.0,299,6,4,1,12,121,4,30
4,8,7.0,70,1,8,0,10,52,3,11
4,8,7.0,70,1,12,0,4,82,2,11
4,8,7.0,70,1,22,1,10,22,1,11
4,8,13.0,189,0,11,0,15,85,4,25
4,8,13.0,189,0,15,0,13,29,2,25
4,8,13.0,189,0,5,0,6,91,1,25
4,8,13.0,189,0,22,0,10,22,2,25
4,8,13.0,189,0,2,2,8,9,3,25
4,8,14.0,296,1,13,0,9,102,2,5
4,8,13.0,189,0,14,0,12,61,1,25
4,8,13.0,189,0,4,1,15,51,0,25
4,8,30.0,103,4,22,0,9,95,3,19
4,8,30.0,103,4,9,0,8,27,3,19
4,4,4.0,178,0,21,0,7,54,1,30
4,8,30.0,103,4,14,0,4,4,2,19
4,4,4.0,178,0,5,0,16,50,1,30
4,4,4.0,178,0,5,0,14,24,2,30
4,4,4.0,178,0,13,1,1,1,4,30
4,4,7.0,133,4,20,0,9,95,4,11
4,4,16.0,25,6,16,1,4,75,0,2
4,4,23.0,30,6,0,2,2,13,0,17
4,4,16.0,25,6,3,0,10,22,2,2
4,4,16.0,25,6,1,0,14,25,1,2
4,4,16.0,25,6,2,0,11,124,3,2
4,4,23.0,30,6,1,1,10,47,0,17
4,4,29.0,313,5,16,1,3,79,0,16
4,4,29.0,313,5,2,0,9,54,2,16
4,4,29.0,313,5,13,0,11,18,3,16
4,4,31.0,67,3,17,1,3,79,4,20
4,4,31.0,67,3,15,0,16,50,1,20
4,2,5.0,127,5,15,1,2,40,4,24
4,2,7.0,153,3,2,1,4,127,0,11
4,2,7.0,153,3,8,0,10,47,0,11
4,2,7.0,153,3,8,0,2,2,2,11
4,3,1.0,180,4,17,0,6,89,1,7
5,5,9.0,206,6,13,0,2,86,2,12
5,5,17.0,212,3,15,0,8,41,0,6
5,5,17.0,212,3,2,0,12,61,1,6
4,1,13.0,207,5,1,1,4,138,0,25
5,5,26.0,37,1,13,1,0,12,1,3
5,6,1.0,158,0,17,3,10,47,0,7
5,6,1.0,158,0,17,0,8,19,1,7
5,6,27.0,116,6,18,0,13,28,1,15
5,6,27.0,116,6,14,0,9,93,3,15
5,10,2.0,358,4,18,1,8,19,0,22
5,10,1.0,208,2,1,2,7,31,3,7
5,10,12.0,333,3,18,1,0,12,0,28
5,5,9.0,206,6,14,3,10,52,1,12
5,1,1.0,203,6,17,0,16,50,1,7
5,8,18.0,75,5,9,0,0,53,3,0
5,4,2.0,141,5,4,1,3,79,2,22
5,4,11.0,121,3,17,1,6,132,0,9
5,2,11.0,297,2,3,0,2,86,1,9
5,2,14.0,231,6,10,1,2,69,4,5
4,11,12.0,118,1,17,0,15,119,0,28
4,4,12.0,134,1,13,0,2,2,1,28
4,8,14.0,296,1,9,0,2,13,3,5
4,1,19.0,29,4,8,0,7,20,1,10
4,8,28.0,224,1,14,0,10,23,3,18
4,8,14.0,296,1,18,1,6,7,1,5
4,4,1.0,144,5,20,2,10,47,3,7
4,8,30.0,103,4,2,0,13,38,3,19
5,2,11.0,297,2,1,0,7,120,1,9
4,8,30.0,103,4,1,0,8,65,3,19
4,1,20.0,151,5,15,1,0,64,4,29
4,8,30.0,103,4,21,1,8,33,0,19
5,1,27.0,262,4,20,2,14,25,3,15
4,1,17.0,63,1,1,0,5,64,3,6
4,3,1.0,180,4,17,0,9,93,1,7
4,8,13.0,189,0,1,2,15,46,3,25
4,8,13.0,189,0,9,0,1,59,1,25
4,8,14.0,296,1,7,1,5,6,0,5
4,8,14.0,296,1,14,0,2,40,1,5
4,8,28.0,224,1,4,0,12,84,1,18
5,8,1.0,66,1,14,0,1,59,4,7
4,4,17.0,19,3,18,1,10,47,0,6
4,2,18.0,7,4,3,0,5,6,3,0
4,4,25.0,20,0,12,0,5,64,1,13
5,8,7.0,70,0,13,1,9,87,1,11
4,11,31.0,227,3,22,3,15,112,1,20
4,0,27.0,23,0,0,3,9,57,0,15
4,5,17.0,212,0,18,1,12,17,1,6
4,6,11.0,355,5,15,0,5,64,3,9
4,5,24.0,58,0,14,0,5,6,3,14
4,6,11.0,355,5,23,1,12,61,1,9
5,0,30.0,228,2,16,1,5,6,1,19
4,11,21.0,192,4,9,0,0,77,3,21
4,9,13.0,91,6,2,1,0,12,0,25
4,7,5.0,204,5,9,3,15,46,4,24
2,7,4.0,204,0,2,0,15,85,0,30
4,9,28.0,315,3,2,1,13,38,4,18
4,7,5.0,204,5,13,1,0,12,1,24
4,6,14.0,173,0,19,1,9,54,0,5
4,6,30.0,145,2,11,3,8,27,1,19
4,10,13.0,346,1,9,1,12,56,0,25
4,10,30.0,157,5,9,0,1,105,3,19
4,10,29.0,318,4,2,1,3,30,0,16
4,10,29.0,318,4,11,1,0,26,0,16
4,8,14.0,296,1,19,0,0,53,0,5
4,8,14.0,296,1,1,0,1,11,1,5
4,8,30.0,103,4,16,2,8,27,2,19
4,8,30.0,103,4,6,1,11,15,1,19
4,8,30.0,103,4,4,0,5,6,1,19
4,8,30.0,103,4,11,1,7,111,4,19
4,4,4.0,178,0,17,1,1,81,4,30
4,4,4.0,178,0,17,3,6,7,0,30
4,4,4.0,178,0,19,0,10,22,0,30
4,4,4.0,178,0,4,0,4,66,1,30
4,4,4.0,178,0,12,0,0,15,2,30
4,4,7.0,133,4,6,1,14,126,0,11
4,4,7.0,133,4,22,0,13,99,2,11
4,4,7.0,133,4,8,0,0,15,0,11
4,4,7.0,133,4,3,0,4,82,3,11
4,4,7.0,133,4,18,2,6,91,2,11
4,4,16.0,25,6,20,0,10,52,1,2
4,1,14.0,183,6,5,0,6,7,0,5
4,1,14.0,183,6,5,0,8,118,1,5
4,1,14.0,183,6,13,0,13,29,1,5
4,3,1.0,180,4,17,0,12,17,1,7
4,8,3.0,363,5,4,1,10,47,0,27
5,8,10.0,71,4,9,1,14,88,4,4
5,4,4.0,178,3,6,1,15,39,1,30
4,11,19.0,321,1,6,1,9,83,4,10
4,11,28.0,123,4,5,0,8,27,1,18
4,9,22.0,92,0,18,0,0,53,0,26
4,7,28.0,34,3,17,1,13,28,0,18
4,3,20.0,105,1,22,0,9,49,1,29
4,3,20.0,105,1,0,1,11,15,4,29
4,5,3.0,161,0,19,3,8,19,0,27
4,5,22.0,163,6,23,0,16,42,1,26
4,5,22.0,163,6,4,1,11,15,0,26
4,3,14.0,33,2,5,0,10,52,1,5
4,6,5.0,342,6,13,0,2,40,2,24
4,3,14.0,33,2,17,0,11,117,1,5
4,10,4.0,356,3,7,1,6,132,1,30
5,8,2.0,77,2,17,0,2,86,0,22
5,1,21.0,45,5,13,0,1,59,1,21
4,8,3.0,363,5,19,0,14,24,2,27
5,10,12.0,333,3,2,0,14,88,3,28
4,8,12.0,284,3,2,1,1,1,4,28
5,6,1.0,158,0,11,0,0,64,1,7
4,8,28.0,224,1,12,1,0,26,1,18
5,4,12.0,134,0,18,2,3,30,3,28
4,4,18.0,26,0,22,0,16,130,2,0
5,4,12.0,134,0,18,0,0,0,0,28
4,4,10.0,79,3,11,1,16,108,1,4
4,2,13.0,276,6,17,3,12,84,1,25
4,4,20.0,115,2,16,1,14,32,2,29
5,2,11.0,297,2,10,1,11,94,4,9
4,2,18.0,7,4,18,1,11,15,1,0
5,4,12.0,134,0,22,0,5,6,0,28
4,4,18.0,26,0,2,0,13,48,0,0
5,2,28.0,257,6,17,1,16,37,2,18
4,3,6.0,303,1,2,2,10,52,2,23
5,0,2.0,47,2,19,0,8,9,1,22
4,0,16.0,11,4,22,0,0,53,2,2
5,2,1.0,16,3,12,0,6,14,1,7
4,7,4.0,186,4,13,1,13,28,1,30
5,0,18.0,0,5,12,0,9,49,4,0
5,4,22.0,152,4,17,0,6,14,4,26
4,9,26.0,267,5,18,1,11,133,0,3
4,5,6.0,277,4,17,0,1,1,1,23
4,11,7.0,253,4,13,3,9,27,1,11
0,0,15.0,190,5,19,0,3,30,1,1
4,3,16.0,263,5,4,1,0,85,4,2
4,3,16.0,263,5,3,3,12,61,4,2
4,3,26.0,343,0,14,3,9,95,2,3
4,10,11.0,298,3,17,0,0,53,1,9
4,6,2.0,352,2,14,1,1,67,0,22
4,10,28.0,216,2,15,3,12,84,0,18
4,10,25.0,56,3,7,1,5,12,0,13
4,6,11.0,355,5,11,0,8,41,2,9
4,10,16.0,201,5,13,0,10,52,1,2
4,1,20.0,151,5,13,1,0,64,4,29
2,11,1.0,222,0,17,0,11,55,4,7
4,4,25.0,20,0,18,1,5,64,1,13
4,2,29.0,140,0,9,1,6,89,1,16
4,2,27.0,136,6,3,1,12,56,4,15
4,2,27.0,136,6,22,1,1,67,4,15
4,2,28.0,257,3,21,2,3,30,2,18
4,2,28.0,257,3,21,1,15,51,0,18
4,2,28.0,257,3,19,0,5,6,3,18
4,2,28.0,257,3,4,1,6,91,1,18
5,2,25.0,233,2,18,0,3,70,1,13
4,6,18.0,308,5,19,0,2,71,2,0
4,3,1.0,180,4,17,0,6,89,4,7
4,2,16.0,220,1,4,0,8,9,3,2
4,2,7.0,153,3,2,0,14,125,2,11
4,8,30.0,103,4,19,3,14,25,0,19
4,8,30.0,103,4,21,1,8,33,0,19
4,4,4.0,178,0,7,0,7,111,3,30
4,4,4.0,178,0,19,2,0,68,2,30
4,4,4.0,178,0,13,1,1,11,1,30
4,4,4.0,178,0,19,0,13,29,3,30
4,4,4.0,178,0,12,0,6,89,1,30
4,4,4.0,178,0,4,2,7,20,0,30
4,4,7.0,133,4,21,1,6,7,0,11
4,4,7.0,133,4,16,1,13,99,1,11
4,4,7.0,133,4,22,1,8,65,4,11
4,4,7.0,133,4,2,0,10,47,3,11
4,4,7.0,133,4,9,0,2,92,3,11
4,4,16.0,25,6,11,1,7,20,0,2
4,4,16.0,25,6,8,0,13,69,1,2
4,4,16.0,25,6,9,0,10,47,2,2
4,4,23.0,30,6,20,1,1,67,0,17
4,4,23.0,30,6,1,0,14,25,1,17
4,4,23.0,30,6,4,0,1,16,0,17
4,4,23.0,30,6,4,0,15,119,2,17
4,1,20.0,151,5,17,3,12,84,3,29
4,8,3.0,363,5,23,3,5,6,0,27
4,8,17.0,74,5,17,3,0,15,0,6
4,4,11.0,121,0,12,1,16,42,1,9
4,6,4.0,159,5,5,0,1,11,4,30
4,6,4.0,159,5,11,1,11,18,1,30
4,6,4.0,159,5,14,0,7,20,2,30
4,6,7.0,169,0,16,0,9,102,2,11
4,6,7.0,169,0,21,1,11,15,1,11
4,6,7.0,169,0,12,0,2,2,3,11
4,6,7.0,169,0,23,1,4,4,1,11
4,6,7.0,169,0,14,0,15,85,3,11
4,6,12.0,162,6,16,1,11,133,0,28
4,6,12.0,162,6,15,1,1,67,4,28
4,6,13.0,317,3,21,2,10,22,0,25
4,6,13.0,317,3,3,0,8,33,3,25
4,6,12.0,162,6,4,0,14,32,4,28
4,6,13.0,317,3,8,2,2,13,3,25
4,6,13.0,317,3,0,1,1,35,0,25
4,6,13.0,317,3,12,0,5,12,3,25
4,6,13.0,317,3,12,1,11,129,4,25
4,6,20.0,215,3,3,0,7,122,2,29
4,6,20.0,215,3,8,0,13,28,3,29
4,6,20.0,215,3,20,1,4,82,1,29
4,6,20.0,215,3,3,0,2,123,4,29
4,8,13.0,189,0,6,2,6,116,0,25
4,8,13.0,189,0,6,1,2,2,0,25
4,8,30.0,103,4,8,0,2,3,1,19
4,8,30.0,103,4,1,0,13,38,0,19
4,4,4.0,178,0,15,1,2,92,1,30
4,4,7.0,133,4,6,1,11,133,0,11
4,4,7.0,133,4,19,2,14,25,0,11
4,1,5.0,219,4,11,0,7,20,1,24
4,4,16.0,25,6,8,0,8,9,0,2
4,4,16.0,25,6,19,2,14,131,0,2
4,4,16.0,25,6,22,0,2,69,2,2
4,4,16.0,25,6,9,0,12,61,1,2
4,2,7.0,153,3,21,1,11,94,0,11
4,4,29.0,313,5,14,0,10,22,1,16
4,2,30.0,131,1,10,0,13,38,1,19
4,2,30.0,131,1,2,0,5,6,0,19
5,3,5.0,324,3,3,1,1,105,4,24
4,0,5.0,122,3,20,1,1,16,4,24
4,0,7.0,15,1,17,0,14,24,1,11
4,0,7.0,15,1,7,1,13,21,0,11
5,3,5.0,324,3,8,2,0,0,0,24
4,0,7.0,15,1,7,1,1,67,0,11
5,9,23.0,167,0,13,0,13,38,4,17
5,3,7.0,289,1,0,0,4,121,0,11
4,3,4.0,285,3,18,0,4,121,1,30
4,0,7.0,15,1,11,0,11,122,3,11
4,4,1.0,144,5,17,0,14,25,1,7
4,11,31.0,227,3,7,1,16,37,1,20
4,5,17.0,212,0,19,0,10,12,3,6
4,6,2.0,352,2,21,1,8,19,0,22
4,6,11.0,355,5,15,0,2,2,2,9
4,6,11.0,355,5,3,1,5,6,0,9
4,6,11.0,355,5,16,1,10,47,1,9
4,6,11.0,355,5,19,0,10,47,3,9
4,6,17.0,244,4,13,0,5,6,3,6
4,4,18.0,26,0,12,0,8,41,1,0
4,4,27.0,274,2,11,1,14,32,4,15
4,4,30.0,139,6,14,1,0,12,1,19
4,0,6.0,260,0,4,3,5,12,0,23
4,9,20.0,119,6,15,0,10,22,2,29
4,7,5.0,204,5,12,1,10,52,1,24
4,7,22.0,211,0,13,0,6,91,2,26
4,7,5.0,204,5,1,0,14,24,2,24
4,5,3.0,161,0,22,0,15,51,2,27
4,0,14.0,5,1,6,0,8,9,4,5
5,3,13.0,210,0,8,1,4,66,4,25
4,0,14.0,5,1,20,1,10,43,0,5
4,0,14.0,5,1,3,0,5,6,3,5
4,0,14.0,5,1,13,0,10,47,3,5
5,7,4.0,186,2,0,1,11,10,2,30
4,0,14.0,5,1,1,0,0,68,1,5
4,0,25.0,281,6,10,0,2,86,1,13
4,0,25.0,281,6,3,0,9,101,4,13
4,0,25.0,281,6,3,0,5,6,2,13
4,2,7.0,153,3,6,1,4,75,0,11
4,2,7.0,153,3,5,0,8,9,0,11
4,10,30.0,157,5,14,2,10,22,3,19
4,10,30.0,157,5,18,1,1,67,1,19
4,11,27.0,322,2,3,0,9,102,3,15
4,8,29.0,301,2,2,1,0,12,1,16
4,4,22.0,152,5,18,0,6,116,3,26
4,4,22.0,152,5,2,0,4,4,3,26
4,4,22.0,152,5,9,3,9,93,3,26
4,4,30.0,139,6,19,0,9,54,1,19
4,4,30.0,139,6,19,1,11,15,0,19
4,4,21.0,339,4,14,2,1,11,3,21
4,4,22.0,152,5,2,1,11,94,0,26
4,6,1.0,158,1,8,0,10,23,1,7
4,0,27.0,23,0,0,1,13,21,0,15
5,7,29.0,268,3,16,1,0,96,0,16
4,4,22.0,152,5,3,0,8,33,2,26
4,4,30.0,139,6,23,1,10,22,0,19
4,4,30.0,139,6,2,1,3,76,4,19
4,4,30.0,139,6,13,0,12,61,1,19
4,4,30.0,139,6,18,0,8,27,4,19
4,2,15.0,130,0,14,0,4,82,1,1
4,2,15.0,130,0,1,0,10,22,2,1
4,2,15.0,130,0,9,2,10,47,3,1
4,0,13.0,198,0,14,1,15,51,4,25
3,2,1.0,16,6,17,0,10,47,1,7
4,4,6.0,176,2,18,0,10,47,0,23
4,4,6.0,176,2,14,1,1,105,0,23
4,4,8.0,292,5,23,0,6,132,4,8
4,9,1.0,126,0,5,0,10,22,1,7
4,2,7.0,153,3,12,0,12,80,2,11
4,2,7.0,153,3,19,2,15,96,3,11
4,2,7.0,153,3,14,2,6,128,3,11
4,2,8.0,258,0,12,0,9,49,1,8
4,2,8.0,258,0,14,0,10,12,1,8
4,2,8.0,258,0,3,1,16,72,1,8
4,2,8.0,258,0,3,0,11,55,1,8
4,2,16.0,220,1,17,0,10,22,2,2
4,2,16.0,220,1,16,1,3,44,0,2
4,2,16.0,220,1,17,2,12,83,3,2
4,2,30.0,131,1,8,0,5,12,2,19
4,2,30.0,131,1,16,0,4,127,1,19
4,0,5.0,122,3,0,0,5,64,3,24
4,0,5.0,122,3,8,0,15,96,0,24
4,0,5.0,122,3,12,0,8,33,3,24
4,0,5.0,122,3,14,0,6,7,3,24
4,0,7.0,15,1,3,0,4,66,0,11
4,0,7.0,15,1,15,0,10,47,0,11
4,0,7.0,15,1,5,0,12,80,3,11
4,0,7.0,15,1,1,0,8,19,3,11
4,0,7.0,15,1,9,0,8,65,4,11
4,4,23.0,30,6,20,0,16,72,1,17
4,2,11.0,297,4,3,0,9,95,2,9
4,2,29.0,140,0,22,1,1,35,4,16
4,0,9.0,48,4,21,0,0,77,1,12
4,0,11.0,10,6,18,0,4,75,1,9
4,0,11.0,10,6,3,0,0,53,3,9
4,0,26.0,14,3,15,0,4,82,1,3
4,0,26.0,14,3,22,0,8,27,1,3
4,0,27.0,23,0,7,2,2,60,3,15
4,0,27.0,23,0,22,0,0,77,1,15
5,7,4.0,186,2,10,0,1,35,4,30
5,7,30.0,42,0,6,2,5,6,3,19
4,4,5.0,235,1,18,3,0,53,0,24
4,1,3.0,188,1,9,1,11,98,4,27
5,7,4.0,186,2,2,2,9,93,0,30
4,1,2.0,171,0,13,1,5,12,1,22
5,3,5.0,324,3,14,0,8,19,1,24
4,1,2.0,171,0,17,1,7,111,2,22
5,3,7.0,289,1,5,3,5,6,0,11
5,7,4.0,186,2,14,2,1,16,3,30
2,6,1.0,352,6,17,0,14,131,1,7
5,11,4.0,275,3,16,2,10,6,3,30
4,6,1.0,158,1,11,0,9,57,1,7
4,1,16.0,2,0,1,0,4,75,4,2
4,4,15.0,132,5,14,1,14,106,4,1
5,7,13.0,238,5,10,1,10,22,2,25
5,11,4.0,275,3,0,0,1,67,1,30
5,6,5.0,342,5,13,0,4,4,1,24
4,0,17.0,12,5,4,0,2,40,2,6
5,3,7.0,289,1,1,0,0,26,2,11
5,3,7.0,289,1,9,2,3,79,1,11
5,3,14.0,33,1,11,0,9,49,1,5
5,3,22.0,166,2,6,0,13,21,0,26
5,3,22.0,166,2,0,0,1,11,4,26
5,3,22.0,166,2,8,0,12,121,3,26
5,3,22.0,166,2,18,0,6,128,4,26
5,3,30.0,304,4,22,2,8,41,0,19
5,3,30.0,304,4,12,1,0,64,1,19
5,7,30.0,42,0,7,0,10,22,1,19
5,7,30.0,42,0,4,0,2,13,1,19
5,3,5.0,324,3,21,0,7,111,1,24
5,3,5.0,324,3,19,1,1,59,4,24
5,3,7.0,289,1,6,0,10,23,1,11
5,3,7.0,289,1,19,0,13,28,3,11
5,3,14.0,33,1,7,1,10,47,0,5
5,3,14.0,33,1,10,0,7,20,2,5
5,3,14.0,33,1,11,0,10,43,1,5
5,3,14.0,33,1,4,1,9,102,4,5
5,3,7.0,289,1,7,2,10,22,1,11
5,3,22.0,166,2,16,2,1,16,3,26
5,3,22.0,166,2,13,0,7,120,1,26
5,3,30.0,304,4,13,0,2,69,3,19
5,3,30.0,304,4,22,2,2,69,1,19
5,3,30.0,304,4,22,0,5,6,3,19
5,3,30.0,304,4,13,0,3,115,1,19
5,5,5.0,96,1,9,0,10,6,3,24
5,5,8.0,199,5,15,0,9,87,1,8
5,5,8.0,199,5,15,1,4,66,4,8
5,3,22.0,166,2,16,0,10,12,0,26
5,3,22.0,166,2,0,0,10,30,3,26
5,3,22.0,166,2,21,0,10,52,1,26
5,3,22.0,166,2,4,1,13,21,4,26
5,3,22.0,166,2,4,0,3,79,1,26
5,3,22.0,166,2,3,3,5,0,2,26
5,3,22.0,166,2,17,1,12,56,4,26
5,3,30.0,304,4,22,0,13,21,0,19
5,3,30.0,304,4,19,1,0,15,4,19
5,5,5.0,96,1,17,2,0,0,2,24
5,5,5.0,96,1,0,0,0,77,1,24
5,5,5.0,96,1,6,0,2,71,2,24
5,5,5.0,96,1,12,0,5,6,0,24
5,5,5.0,96,1,1,2,5,64,3,24
5,5,8.0,199,5,17,0,4,75,1,8
5,5,8.0,199,5,23,0,13,48,1,8
5,5,8.0,199,5,16,1,8,19,0,8
5,5,8.0,199,5,4,0,9,93,0,8
5,5,8.0,199,5,20,1,15,112,4,8
5,5,16.0,239,6,0,1,13,13,0,2
5,5,16.0,239,6,12,1,3,30,1,2
5,5,16.0,239,6,19,2,1,11,3,2
5,7,4.0,186,2,22,0,2,69,0,30
5,7,13.0,238,5,21,0,11,18,1,25
5,7,13.0,238,5,20,0,13,28,0,25
5,7,13.0,238,5,15,0,2,123,4,25
5,7,13.0,238,5,22,0,12,121,1,25
5,7,13.0,238,5,13,0,10,22,2,25
5,7,13.0,238,5,12,0,5,0,2,25
5,7,13.0,238,5,4,0,9,63,4,25
5,7,13.0,238,5,14,2,9,93,3,25
5,7,13.0,238,5,15,1,7,120,4,25
5,7,15.0,205,3,16,2,0,77,3,1
5,7,15.0,205,3,17,1,15,85,0,1
5,7,15.0,205,3,11,1,3,103,4,1
5,7,29.0,268,3,12,2,10,52,0,16
5,7,29.0,268,3,13,0,7,111,4,16
5,7,30.0,42,0,10,0,11,18,1,19
5,7,30.0,42,0,1,0,1,11,1,19
5,3,5.0,324,3,8,0,4,136,3,24
5,3,5.0,324,3,2,1,1,105,4,24
5,3,5.0,324,3,2,0,3,70,3,24
5,3,7.0,289,1,6,0,9,93,1,11
5,7,30.0,42,0,6,2,0,53,1,19
5,7,30.0,42,0,15,0,6,128,1,19
5,3,5.0,324,3,15,1,14,126,4,24
5,3,5.0,324,3,22,0,15,46,0,24
5,3,5.0,324,3,15,0,1,11,1,24
4,4,23.0,30,6,13,0,13,13,2,17
4,4,23.0,30,6,8,0,0,26,2,17
5,11,4.0,275,3,2,0,7,120,0,30
5,9,3.0,217,1,21,0,0,77,1,27
4,0,4.0,229,6,15,2,13,28,4,30
5,7,13.0,238,5,23,2,7,20,3,25
4,8,6.0,87,0,1,0,8,41,2,23
4,11,26.0,364,1,19,1,1,67,0,3
4,0,26.0,14,3,18,0,0,0,0,3
5,3,7.0,289,1,21,1,15,51,4,11
5,9,3.0,217,1,14,0,1,59,4,27
5,7,13.0,238,5,22,0,7,111,3,25
5,11,4.0,275,3,7,1,16,130,0,30
5,3,7.0,289,1,8,1,16,72,1,11
4,8,15.0,72,2,13,0,9,9,2,1
5,7,13.0,238,5,15,0,1,105,3,25
5,11,6.0,252,1,20,0,13,99,1,23
4,4,23.0,30,6,9,2,9,93,0,17
5,3,22.0,166,2,5,1,0,26,0,26
4,2,6.0,251,6,16,0,6,7,0,23
4,0,27.0,23,0,21,1,13,28,2,15
4,0,4.0,229,6,18,1,8,9,1,30
5,11,4.0,275,3,6,1,15,46,2,30
5,7,13.0,238,5,12,2,1,16,2,25
5,11,6.0,252,1,12,0,13,28,1,23
4,4,29.0,313,5,1,0,0,12,3,16
4,4,29.0,313,5,13,0,9,27,0,16
4,4,31.0,67,3,14,0,0,26,2,20
4,4,31.0,67,3,11,1,0,77,1,20
4,4,31.0,67,3,1,1,11,122,4,20
4,2,5.0,127,5,10,0,8,65,4,24
4,2,7.0,153,3,1,1,14,32,0,11
4,2,8.0,258,0,17,1,0,26,1,8
4,2,8.0,258,0,5,0,10,47,3,8
4,2,8.0,258,0,14,1,12,56,4,8
4,2,16.0,220,1,23,1,0,15,0,2
4,2,30.0,131,1,16,1,2,35,4,19
4,2,16.0,220,1,21,2,0,12,0,2
4,2,16.0,220,1,20,0,2,40,1,2
4,2,16.0,220,1,2,0,9,102,1,2
4,2,16.0,220,1,14,2,2,86,3,2
4,2,30.0,131,1,16,0,12,61,1,19
4,2,30.0,131,1,6,2,0,0,0,19
4,2,30.0,131,1,21,1,4,45,0,19
4,2,30.0,131,1,7,0,10,47,2,19
4,2,30.0,131,1,5,0,8,41,0,19
4,2,30.0,131,1,22,0,8,118,4,19
4,2,30.0,131,1,14,0,6,89,1,19
4,0,5.0,122,3,12,0,5,12,3,24
4,0,5.0,122,3,13,0,0,96,2,24
4,0,5.0,122,3,1,0,12,17,1,24
4,0,5.0,122,3,1,0,1,105,4,24
4,0,5.0,122,3,8,2,10,52,3,24
4,4,14.0,345,4,13,0,12,80,1,5
4,4,21.0,339,4,9,0,13,21,1,21
4,4,30.0,139,6,9,0,10,6,2,19
4,0,8.0,9,2,3,0,16,39,2,8
4,1,12.0,353,4,21,1,9,27,0,28
4,1,13.0,207,5,14,1,0,85,4,25
4,1,13.0,207,5,14,2,2,123,3,25
4,1,22.0,164,3,11,0,10,22,2,26
5,1,1.0,203,6,17,0,13,29,1,7
5,1,27.0,262,4,18,0,14,24,2,15
5,8,2.0,77,2,9,0,1,81,1,22
5,2,3.0,282,1,4,1,11,10,4,27
5,2,2.0,143,0,22,0,2,92,3,22
5,0,6.0,260,3,17,0,13,29,2,23
4,0,17.0,12,5,20,1,6,128,1,6
3,4,25.0,20,6,12,0,11,8,1,13
4,3,4.0,285,3,17,0,1,11,2,30
4,3,29.0,325,4,8,0,8,19,2,16
4,5,12.0,327,2,19,1,11,133,0,28
4,10,5.0,336,0,1,0,2,40,4,24
4,10,5.0,336,0,5,1,10,22,0,24
4,10,5.0,336,0,10,0,2,60,4,24
4,1,4.0,286,2,14,0,7,111,4,30
4,1,4.0,286,2,6,2,5,12,3,30
4,1,13.0,207,5,1,0,9,9,2,25
4,1,22.0,164,3,19,1,7,111,0,26
4,1,22.0,164,3,19,0,5,64,3,26
4,1,22.0,164,3,15,1,6,128,4,26
5,1,1.0,203,6,11,0,2,123,0,7
5,1,1.0,203,6,17,0,4,121,1,7
5,4,12.0,134,0,4,3,5,0,0,28
5,4,28.0,218,2,17,1,13,48,2,18
3,8,19.0,280,5,4,1,1,1,2,10
5,2,11.0,297,2,18,1,0,64,0,9
5,0,31.0,290,4,13,0,5,6,0,20
5,1,1.0,203,6,13,0,16,130,4,7
4,3,4.0,285,3,15,0,9,102,1,30
4,3,29.0,325,4,19,0,0,26,1,16
4,5,12.0,327,2,7,1,11,15,0,28
4,6,6.0,83,3,19,1,5,64,0,23
4,1,22.0,164,3,18,0,5,64,2,26
4,1,22.0,164,3,8,1,3,79,0,26
4,4,5.0,235,1,3,0,2,86,1,24
4,2,6.0,251,6,18,0,11,18,1,23
5,3,26.0,343,3,13,0,8,118,1,3
5,5,9.0,206,6,19,0,13,99,2,12
5,3,19.0,138,3,8,0,12,135,0,10
3,4,10.0,79,5,11,3,5,6,0,4
4,1,12.0,353,4,19,0,12,56,1,28
5,1,1.0,203,6,17,3,10,47,1,7
5,10,1.0,208,2,0,1,14,110,0,7
5,10,11.0,298,6,13,3,0,64,0,9
5,6,1.0,158,0,13,0,8,65,1,7
3,8,25.0,86,4,12,0,10,22,1,13
4,2,6.0,251,6,4,1,14,110,4,23
5,11,1.0,222,4,11,0,1,35,4,7
4,2,23.0,230,1,4,1,16,72,0,17
5,4,28.0,218,2,19,0,9,95,0,18
5,4,12.0,134,0,22,0,3,30,2,28
5,2,30.0,131,0,1,0,5,64,1,19
4,7,4.0,186,4,12,1,8,65,1,30
4,0,4.0,229,6,15,0,10,47,2,30
4,2,6.0,251,6,1,1,11,94,0,23
5,3,22.0,166,2,5,1,5,12,1,26
5,11,14.0,147,2,6,0,10,47,3,5
5,11,4.0,275,3,7,2,1,67,3,30
5,3,22.0,166,2,2,2,14,25,3,26
4,3,18.0,165,3,0,3,6,7,0,0
5,11,14.0,147,2,6,1,9,102,0,5
4,2,6.0,251,6,10,1,5,6,1,23
4,2,30.0,131,1,14,0,0,77,1,19
4,1,1.0,203,3,20,0,2,123,4,7
5,11,4.0,275,3,12,0,4,75,1,30
5,11,14.0,147,2,22,3,6,7,0,5
5,7,13.0,238,5,23,1,13,13,4,25
5,3,22.0,166,2,23,3,16,130,3,26
4,3,18.0,165,3,11,1,11,90,1,0
5,11,4.0,275,3,8,2,15,31,2,30
4,5,10.0,155,0,18,2,13,99,0,4
5,11,14.0,147,2,12,0,5,6,0,5
5,7,13.0,238,5,22,0,0,53,0,25
4,2,30.0,131,1,19,0,10,47,2,19
4,2,30.0,131,1,12,3,3,103,4,19
4,0,5.0,122,3,21,1,1,105,0,24
4,0,5.0,122,3,23,1,0,53,0,24
4,0,5.0,122,3,11,1,1,105,4,24
4,0,7.0,15,1,6,0,16,39,1,11
4,0,7.0,15,1,6,0,0,0,0,11
4,0,7.0,15,1,9,2,0,26,2,11
4,0,7.0,15,1,6,0,7,111,1,11
4,2,6.0,251,6,2,0,14,24,2,23
4,1,11.0,111,2,19,0,10,30,0,9
4,0,4.0,229,6,12,1,5,6,0,30
5,11,4.0,275,3,16,0,13,28,3,30
5,11,4.0,275,3,18,0,2,13,1,30
5,11,4.0,275,3,4,0,0,26,2,30
5,11,6.0,252,1,20,0,13,99,1,23
5,11,6.0,252,1,14,0,12,61,4,23
5,11,14.0,147,2,21,2,5,12,1,5
5,11,4.0,275,3,13,1,2,71,4,30
5,11,4.0,275,3,4,2,5,6,0,30
5,11,14.0,147,2,17,0,16,50,1,5
5,11,14.0,147,2,0,2,0,0,3,5
5,11,14.0,147,2,7,0,16,42,1,5
3,1,20.0,151,2,14,0,14,106,2,29
5,11,21.0,192,2,0,0,5,12,0,21
5,11,21.0,192,2,0,0,4,66,0,21
5,11,21.0,192,2,14,2,0,31,0,21
5,11,22.0,250,4,19,1,14,88,4,26
5,11,22.0,250,4,19,0,2,69,3,26
5,11,29.0,270,4,1,0,15,96,0,16
5,11,14.0,147,2,8,2,4,127,0,5
5,11,14.0,147,2,8,0,4,82,1,5
5,11,14.0,147,2,14,0,10,22,1,5
5,11,14.0,147,2,14,0,16,72,1,5
5,11,21.0,192,2,8,0,14,24,1,21
5,11,21.0,192,2,2,1,2,2,4,21
5,11,21.0,192,2,19,2,13,29,3,21
5,11,21.0,192,2,1,0,4,138,1,21
5,11,21.0,192,2,9,0,8,118,3,21
5,11,22.0,250,4,16,2,9,93,3,26
5,11,22.0,250,4,15,2,10,47,0,26
5,11,22.0,250,4,8,0,16,42,4,26
5,11,22.0,250,4,20,1,11,18,1,26
5,11,22.0,250,4,20,1,14,125,4,26
5,11,29.0,270,4,7,1,1,105,0,16
5,11,29.0,270,4,7,1,13,38,1,16
5,11,29.0,270,4,5,0,10,22,3,16
5,11,29.0,270,4,4,0,5,64,0,16
5,11,29.0,270,4,9,0,16,113,3,16
5,9,4.0,295,2,4,2,6,132,0,30
5,9,4.0,295,2,20,0,2,86,1,30
5,9,5.0,89,4,9,2,3,76,3,24
5,11,29.0,270,4,18,2,3,30,1,16
5,9,4.0,295,2,16,1,3,30,0,30
5,9,4.0,295,2,6,0,0,64,0,30
5,9,4.0,295,2,3,2,4,79,2,30
5,9,5.0,89,4,8,1,3,79,4,24
5,9,5.0,89,4,9,2,9,102,3,24
5,9,4.0,295,2,14,0,16,72,1,30
5,9,14.0,106,6,17,1,1,105,0,5
5,11,29.0,270,4,9,0,13,29,1,16
5,9,14.0,106,6,4,0,13,38,2,5
5,9,14.0,106,6,20,1,13,13,1,5
5,9,23.0,167,0,10,1,1,11,1,17
5,7,4.0,186,2,16,0,16,108,4,30
5,9,23.0,167,0,8,0,11,94,2,17
5,7,13.0,238,5,1,0,16,37,2,25
5,7,15.0,205,3,17,0,10,47,3,1
5,11,23.0,232,5,12,1,15,31,0,17
5,11,20.0,340,1,13,0,13,69,1,29
5,11,13.0,312,1,13,1,15,39,4,25
0,11,1.0,222,3,17,0,2,2,1,7
5,7,13.0,238,5,14,0,0,68,4,25
5,7,15.0,205,3,19,0,10,47,2,1
5,7,15.0,205,3,14,0,9,10,4,1
4,5,19.0,146,2,20,1,13,99,4,10
5,7,15.0,205,3,2,2,2,86,2,1
5,3,30.0,304,4,6,2,0,26,3,19
5,11,14.0,147,2,2,2,11,15,0,5
4,5,10.0,155,0,13,1,5,0,1,4
5,11,4.0,275,3,4,0,8,118,4,30
5,11,21.0,192,2,22,0,8,9,1,21
5,7,15.0,205,3,8,1,4,79,1,1
4,5,10.0,155,0,5,0,9,10,2,4
5,11,4.0,275,3,6,3,13,29,1,30
4,0,19.0,13,3,2,0,8,27,1,10
5,3,30.0,304,4,8,0,10,47,3,19
5,11,22.0,250,4,17,0,8,19,4,26
5,7,15.0,205,3,18,0,9,87,1,1
4,1,1.0,203,3,22,1,1,35,4,7
5,11,6.0,252,1,15,0,2,13,0,23
4,0,19.0,13,3,20,1,3,79,1,10
5,3,30.0,304,4,8,0,13,29,3,19
5,11,21.0,192,2,9,0,6,128,1,21
5,7,29.0,268,3,16,2,7,120,0,16
4,1,9.0,50,0,22,1,15,31,2,12
5,11,6.0,252,1,8,3,0,85,3,23
5,11,4.0,275,3,17,1,16,72,2,30
5,11,6.0,252,1,12,0,11,94,3,23
5,11,6.0,252,1,5,1,6,116,4,23
5,11,14.0,147,2,13,0,6,7,2,5
5,11,14.0,147,2,22,0,13,36,1,5
5,11,14.0,147,2,4,0,6,73,1,5
5,11,14.0,147,2,18,0,16,50,1,5
5,11,21.0,192,2,6,0,9,101,1,21
5,11,21.0,192,2,21,0,0,26,2,21
5,11,21.0,192,2,13,0,11,90,1,21
5,11,21.0,192,2,23,1,15,108,0,21
5,11,22.0,250,4,16,0,13,29,2,26
5,11,22.0,250,4,17,0,2,86,1,26
5,11,21.0,192,2,18,1,3,115,0,21
5,11,22.0,250,4,19,2,0,85,0,26
5,11,29.0,270,4,22,0,5,6,3,16
5,11,29.0,270,4,15,0,13,48,0,16
5,9,4.0,295,2,16,0,16,108,0,30
5,9,4.0,295,2,2,2,9,102,3,30
5,9,14.0,106,6,12,0,6,7,2,5
5,9,14.0,106,6,19,2,8,41,3,5
5,9,14.0,106,6,1,0,5,12,0,5
5,9,23.0,167,0,16,1,15,51,2,17
5,9,23.0,167,0,5,0,9,102,1,17
5,9,23.0,167,0,8,0,13,123,1,17
5,9,23.0,167,0,9,1,1,59,4,17
5,9,23.0,167,0,9,2,6,7,0,17
5,7,4.0,186,2,20,0,14,24,2,30
5,7,13.0,238,5,15,1,10,23,1,25
5,7,13.0,238,5,13,1,6,128,1,25
5,7,13.0,238,5,19,1,11,133,4,25
5,7,15.0,205,3,17,0,10,52,1,1
5,7,15.0,205,3,0,1,13,48,0,1
5,7,15.0,205,3,16,1,11,94,0,1
5,7,15.0,205,3,20,0,12,83,2,1
5,7,15.0,205,3,8,1,2,92,0,1
5,7,15.0,205,3,9,2,2,40,3,1
5,7,29.0,268,3,8,2,10,22,0,16
5,7,29.0,268,3,4,0,9,57,3,16
5,7,29.0,268,3,14,0,15,31,1,16
5,7,29.0,268,3,18,0,13,21,1,16
5,7,30.0,42,0,6,0,0,53,0,19
5,7,30.0,42,0,11,1,3,103,4,19
5,7,29.0,268,3,18,0,2,123,0,16
5,7,30.0,42,0,6,2,9,93,0,19
5,7,29.0,268,3,4,1,15,112,4,16
5,7,30.0,42,0,19,1,11,18,1,19
5,7,30.0,42,0,14,0,5,12,3,19
5,7,30.0,42,0,1,2,10,22,3,19
5,3,5.0,324,3,0,0,0,53,1,24
5,3,5.0,324,3,21,1,1,1,0,24
5,7,13.0,238,5,1,0,10,30,0,25
5,3,5.0,324,3,22,1,14,131,4,24
5,3,5.0,324,3,14,0,2,2,2,24
5,3,7.0,289,1,21,0,1,11,1,11
5,3,7.0,289,1,7,1,7,78,0,11
5,3,7.0,289,1,19,0,9,95,4,11
5,3,7.0,289,1,2,0,9,54,3,11
5,3,7.0,289,1,4,0,12,56,1,11
5,3,7.0,289,1,2,0,15,31,4,11
5,7,29.0,268,3,14,0,10,47,2,16
5,3,14.0,33,1,15,0,0,64,0,5
5,3,14.0,33,1,6,2,4,127,3,5
5,3,14.0,33,1,12,0,3,79,1,5
5,3,14.0,33,1,18,0,8,41,3,5
5,7,30.0,42,0,5,0,9,95,4,19
5,7,30.0,42,0,20,0,10,22,1,19
5,7,30.0,42,0,5,0,9,109,4,19
5,7,30.0,42,0,2,0,1,16,4,19
5,3,5.0,324,3,23,0,10,47,3,24
4,0,19.0,13,3,1,0,6,14,4,10
5,3,30.0,304,4,14,0,8,33,2,19
5,7,29.0,268,3,5,2,5,6,0,16
4,4,28.0,218,4,13,0,13,36,2,18
5,11,21.0,192,2,8,1,1,11,4,21
5,7,29.0,268,3,4,0,0,31,2,16
4,0,26.0,14,3,13,0,13,38,4,3
4,4,28.0,218,4,19,0,16,113,3,18
5,5,5.0,96,1,16,0,4,5,2,24
5,11,29.0,270,4,17,0,3,4,0,16
5,11,29.0,270,4,11,0,13,99,1,16
5,9,4.0,295,2,16,0,10,30,3,30
5,9,4.0,295,2,16,0,10,47,3,30
5,9,4.0,295,2,20,0,5,6,2,30
5,9,4.0,295,2,13,2,10,52,0,30
5,9,4.0,295,2,22,2,13,21,3,30
5,9,4.0,295,2,7,1,11,15,1,30
5,9,5.0,89,4,6,2,12,80,3,24
5,9,5.0,89,4,12,0,10,47,2,24
5,9,5.0,89,4,7,1,3,30,1,24
5,11,22.0,250,4,10,0,11,133,2,26
5,9,14.0,106,6,16,1,13,48,0,5
5,9,14.0,106,6,22,1,15,114,1,5
5,9,14.0,106,6,21,0,16,74,4,5
5,9,14.0,106,6,5,0,15,96,2,5
5,9,23.0,167,0,17,0,7,62,0,17
5,11,14.0,147,2,4,2,0,15,2,5
5,11,21.0,192,2,6,0,4,75,3,21
5,11,21.0,192,2,0,2,10,22,3,21
5,11,21.0,192,2,7,0,16,50,1,21
5,11,21.0,192,2,19,0,14,25,1,21
4,2,6.0,251,6,2,1,13,99,0,23
4,0,17.0,12,5,1,0,15,31,1,6
4,0,23.0,237,4,14,1,2,71,4,17
5,11,5.0,240,0,1,0,9,57,3,24
5,11,21.0,192,2,1,2,15,96,3,21
5,11,22.0,250,4,6,0,2,29,3,26
5,11,22.0,250,4,3,0,14,126,4,26
5,11,29.0,270,4,20,0,2,13,1,16
5,11,29.0,270,4,23,0,9,95,2,16
5,11,29.0,270,4,4,0,3,30,2,16
5,9,5.0,89,4,21,0,14,107,1,24
5,9,5.0,89,4,16,1,5,12,0,24
5,9,14.0,106,6,17,0,0,53,0,5
5,9,14.0,106,6,5,0,8,19,0,5
5,9,14.0,106,6,2,2,15,46,0,5
5,9,14.0,106,6,11,1,13,38,4,5
5,9,14.0,106,6,22,1,7,8,4,5
5,9,14.0,106,6,18,0,4,4,4,5
5,9,23.0,167,0,6,1,5,12,1,17
5,9,23.0,167,0,7,3,2,69,0,17
5,9,23.0,167,0,6,0,5,12,3,17
5,9,23.0,167,0,3,0,15,114,2,17
5,9,23.0,167,0,20,1,4,66,4,17
5,9,23.0,167,0,12,0,11,18,3,17
3,0,31.0,290,2,23,0,13,29,2,20
5,11,5.0,240,0,1,1,6,7,0,24
5,11,5.0,240,0,9,0,2,123,3,24
5,9,23.0,167,0,1,0,2,40,3,17
5,9,23.0,167,0,9,0,6,14,1,17
5,9,23.0,167,0,1,1,10,23,1,17
5,9,23.0,167,0,4,1,9,58,4,17
5,9,23.0,167,0,18,0,13,99,1,17
5,7,4.0,186,2,16,0,6,7,0,30
5,7,4.0,186,2,21,0,15,46,1,30
5,7,4.0,186,2,15,0,6,7,4,30
5,7,4.0,186,2,2,0,9,57,0,30
5,7,13.0,238,5,16,0,0,53,1,25
5,7,13.0,238,5,21,0,12,80,1,25
5,7,13.0,238,5,21,3,14,25,3,25
5,7,13.0,238,5,13,0,3,30,2,25
5,9,14.0,106,6,0,1,1,105,0,5
5,9,14.0,106,6,13,0,15,112,1,5
5,9,14.0,106,6,14,0,8,41,0,5
5,9,23.0,167,0,7,0,6,7,1,17
5,9,23.0,167,0,13,0,0,26,1,17
5,9,23.0,167,0,3,0,0,15,2,17
5,7,4.0,186,2,2,0,10,22,3,30
4,4,28.0,218,4,18,0,1,59,4,18
5,5,5.0,96,1,13,0,12,104,1,24
4,1,28.0,300,6,13,1,13,48,0,18
5,5,5.0,96,1,5,2,16,72,0,24
4,0,26.0,14,3,4,0,1,11,1,3
4,0,27.0,23,0,1,0,16,130,3,15
5,5,8.0,199,5,12,0,2,2,2,8
4,7,15.0,205,0,22,0,6,116,1,1
5,8,1.0,66,1,13,0,11,90,1,7
5,7,13.0,238,5,8,0,9,95,0,25
3,11,1.0,222,2,23,0,14,34,1,7
5,9,23.0,167,0,9,0,2,86,1,17
4,2,7.0,153,3,6,0,16,50,0,11
4,0,27.0,23,0,12,0,0,26,3,15
5,7,13.0,238,5,11,1,10,22,1,25
5,9,23.0,167,0,1,1,0,31,1,17
4,2,7.0,153,3,7,1,0,26,0,11
4,0,27.0,23,0,3,1,5,12,1,15
4,1,20.0,151,5,19,1,3,30,4,29
4,4,11.0,121,0,2,1,16,72,0,9
4,2,3.0,282,2,12,0,8,9,0,27
4,4,26.0,80,1,2,0,11,15,2,3
4,2,8.0,258,0,9,0,3,103,3,8
4,2,16.0,220,1,4,1,15,108,1,2
4,4,31.0,67,3,20,0,10,52,1,20
4,4,31.0,67,3,16,2,7,120,3,20
4,4,31.0,67,3,19,2,4,138,3,20
4,4,31.0,67,3,1,0,6,89,1,20
4,2,5.0,127,5,6,0,8,9,2,24
4,2,5.0,127,5,5,0,5,6,2,24
4,2,5.0,127,5,5,0,5,6,2,24
4,2,5.0,127,5,19,0,5,12,0,24
4,2,5.0,127,5,13,1,2,40,1,24
4,2,5.0,127,5,9,2,4,121,1,24
4,2,5.0,127,5,4,0,2,3,4,24
4,2,5.0,127,5,19,2,3,44,3,24
4,8,29.0,301,2,19,3,8,41,4,16
4,6,14.0,173,0,17,0,5,6,0,5
4,6,14.0,173,0,9,1,14,107,0,5
4,6,28.0,309,0,18,1,13,99,4,18
4,6,28.0,309,0,18,0,0,68,3,18
4,6,28.0,309,0,21,1,15,51,1,18
4,6,28.0,309,0,2,1,1,1,4,18
4,10,30.0,157,5,9,0,15,85,1,19
4,10,29.0,318,4,20,0,4,127,2,16
4,6,30.0,145,2,12,0,11,18,1,19
4,1,29.0,112,3,18,0,13,48,1,16
4,9,1.0,126,0,17,0,0,77,1,7
4,5,7.0,349,5,5,0,5,6,3,11
4,10,26.0,61,0,12,1,8,41,2,3
4,1,9.0,50,0,11,1,8,118,4,12
4,8,27.0,78,0,9,3,6,7,0,15
4,2,4.0,254,4,8,2,10,22,3,30
4,2,4.0,254,4,9,1,0,85,1,30
4,2,4.0,254,4,11,1,11,117,1,30
4,3,18.0,165,3,4,1,10,47,0,0
4,5,18.0,195,1,23,0,8,41,0,0
4,11,1.0,222,5,17,0,2,2,4,7
4,4,19.0,142,1,15,0,12,56,2,10
4,4,1.0,144,5,17,0,11,124,3,7
4,7,1.0,98,0,3,0,6,89,1,7
4,2,1.0,16,0,1,2,10,47,3,7
4,0,26.0,14,3,6,0,13,36,1,3
4,0,26.0,14,3,19,0,9,109,3,3
4,4,5.0,235,1,1,1,0,0,1,24
5,11,1.0,222,4,2,0,14,97,2,7
4,9,11.0,52,4,2,1,4,4,0,9
4,9,21.0,362,3,2,3,4,121,1,21
4,3,4.0,285,3,16,3,1,105,4,30
4,3,6.0,303,1,9,1,7,62,4,23
5,6,1.0,158,0,4,0,2,86,1,7
4,5,12.0,327,2,8,0,14,25,1,28
4,5,12.0,327,2,18,0,0,26,3,28
4,5,12.0,327,2,15,0,4,138,1,28
4,6,6.0,83,3,19,0,15,46,3,23
4,6,6.0,83,3,3,3,5,6,0,23
4,5,6.0,277,4,17,0,9,134,4,23
4,10,5.0,336,0,1,0,10,47,3,24
4,10,5.0,336,0,13,0,11,18,0,24
4,1,4.0,286,2,3,1,4,121,0,30
4,5,19.0,146,2,2,1,7,62,1,10
4,5,18.0,195,1,4,3,13,99,3,0
5,4,7.0,133,2,11,0,0,77,1,11
4,6,1.0,158,1,8,0,10,22,1,7
5,7,4.0,186,2,16,0,5,12,3,30
5,11,13.0,312,1,19,1,7,62,0,25
5,7,4.0,186,2,13,0,5,6,2,30
5,11,13.0,312,1,18,0,15,114,1,25
5,7,4.0,186,2,1,2,0,64,0,30
5,9,13.0,91,5,13,1,13,36,4,25
5,7,13.0,238,5,16,0,13,38,1,25
4,2,7.0,153,3,3,0,10,43,2,11
5,3,13.0,210,0,18,2,9,10,3,25
5,7,13.0,238,5,16,1,0,77,0,25
4,2,7.0,153,3,1,0,2,40,1,11
4,2,8.0,258,0,16,0,15,39,2,8
4,2,8.0,258,0,23,0,2,40,2,8
4,2,7.0,153,3,18,1,14,25,1,11
4,4,23.0,30,6,4,0,14,24,2,17
4,4,7.0,133,4,19,1,16,72,4,11
4,4,7.0,133,4,9,2,9,10,4,11
4,4,7.0,133,4,4,0,0,15,1,11
4,4,4.0,178,0,8,0,1,67,2,30
4,4,16.0,25,6,0,2,5,6,1,2
4,4,16.0,25,6,15,2,5,6,0,2
4,4,16.0,25,6,0,1,12,56,4,2
4,4,16.0,25,6,19,0,14,25,1,2
4,4,16.0,25,6,13,0,8,27,2,2
4,4,16.0,25,6,1,0,10,22,1,2
4,5,18.0,195,1,12,0,14,107,1,0
4,5,19.0,146,2,8,1,10,47,1,10
4,5,18.0,195,1,11,0,11,55,2,0
4,5,8.0,199,6,9,1,11,8,1,8
4,6,1.0,158,1,8,0,6,91,3,7
4,6,1.0,158,1,17,0,12,104,0,7
4,10,18.0,246,3,14,1,8,27,2,0
4,1,1.0,203,3,7,1,11,15,1,7
4,1,3.0,188,1,17,0,3,79,4,27
4,4,9.0,18,6,18,1,15,114,1,12
5,9,1.0,126,3,17,0,0,31,2,7
4,4,30.0,139,6,19,1,3,30,0,19
4,2,15.0,130,0,9,0,12,121,0,1
4,2,15.0,130,0,21,1,9,93,4,1
4,2,15.0,130,0,9,1,11,15,0,1
4,2,15.0,130,0,17,1,7,54,2,1
4,11,28.0,123,4,13,0,2,86,2,18
4,11,28.0,123,4,19,0,11,18,0,18
4,9,22.0,92,0,11,0,13,21,2,26
5,0,19.0,13,6,20,1,13,48,0,10
4,5,22.0,163,6,1,1,1,1,0,26
4,6,14.0,173,0,2,3,6,7,2,5
4,5,30.0,294,3,23,3,9,27,0,19
4,4,6.0,176,2,18,0,4,4,1,23
4,4,6.0,176,2,6,1,10,12,1,23
4,4,22.0,152,5,14,1,13,69,0,26
5,11,24.0,194,6,8,2,2,86,3,14
5,6,24.0,31,2,17,0,13,48,1,14
4,7,16.0,40,1,13,0,1,11,4,2
4,6,10.0,149,4,11,1,5,6,1,4
4,6,11.0,355,5,8,1,10,47,1,9
4,6,11.0,355,5,8,0,10,47,2,9
4,10,11.0,298,3,1,0,9,57,4,9
4,10,28.0,216,2,4,0,0,26,0,18
4,8,26.0,278,3,13,1,3,70,1,3
4,4,20.0,115,2,9,1,2,69,4,29
5,10,24.0,261,5,13,3,8,27,4,14
5,8,15.0,72,1,17,0,8,33,1,1
4,4,16.0,25,6,13,0,0,26,1,2
4,4,23.0,30,6,8,0,8,41,2,17
4,4,23.0,30,6,12,3,0,26,1,17
4,4,29.0,313,5,10,0,15,51,3,16
4,4,29.0,313,5,22,0,5,6,3,16
4,4,29.0,313,5,3,1,9,134,4,16
4,6,4.0,159,5,9,0,10,52,4,30
4,4,31.0,67,3,5,1,15,85,1,20
4,4,29.0,313,5,2,3,3,30,4,16
4,4,31.0,67,3,22,0,5,6,2,20
4,2,5.0,127,5,2,1,2,60,4,24
4,2,5.0,127,5,12,2,3,70,3,24
4,2,5.0,127,5,13,1,1,81,4,24
4,2,7.0,153,3,16,1,12,17,1,11
5,7,13.0,238,5,10,0,11,18,1,25
5,3,3.0,182,5,19,0,14,24,2,27
5,7,13.0,238,5,15,1,6,7,0,25
5,3,12.0,104,3,1,3,12,100,4,28
5,7,13.0,238,5,5,3,9,93,0,25
5,7,1.0,98,3,3,0,13,36,4,7
5,7,13.0,238,5,1,0,3,115,1,25
5,7,15.0,205,3,16,0,15,31,3,1
5,7,15.0,205,3,13,1,5,6,1,1
5,5,26.0,37,1,3,1,10,47,1,3
5,7,15.0,205,3,3,0,7,54,4,1
5,11,3.0,288,6,21,0,12,80,1,27
5,7,15.0,205,3,4,0,0,15,4,1
5,7,15.0,205,3,12,0,13,38,2,1
5,7,29.0,268,3,13,2,5,6,0,16
5,7,29.0,268,3,14,1,9,93,4,16
5,7,29.0,268,3,2,3,16,37,1,16
5,11,5.0,240,0,18,1,2,60,0,24
5,2,28.0,257,6,11,1,3,30,1,18
4,3,4.0,285,3,11,2,4,136,3,30
4,0,16.0,11,4,15,3,10,22,2,2
5,0,12.0,113,6,18,0,16,65,1,28
4,5,14.0,36,5,4,3,0,26,2,5
4,1,13.0,207,5,3,1,13,48,1,25
4,1,22.0,164,3,9,0,0,12,3,26
4,7,19.0,330,5,18,0,2,69,4,10
4,2,13.0,276,6,8,3,5,6,3,25
4,0,17.0,12,5,5,1,4,4,1,6
5,9,1.0,126,3,4,2,6,89,3,7
5,11,5.0,240,0,9,0,10,47,1,24
5,11,12.0,118,0,4,1,11,90,4,28
5,9,22.0,92,3,5,1,5,12,1,26
5,11,4.0,275,3,10,1,14,88,0,30
5,11,4.0,275,3,2,1,8,27,1,30
5,11,4.0,275,3,6,1,1,81,4,30
5,11,4.0,275,3,1,1,12,80,0,30
5,11,4.0,275,3,15,0,14,24,2,30
5,11,6.0,252,1,17,0,8,41,3,23
5,11,6.0,252,1,21,1,15,31,0,23
5,11,6.0,252,1,8,0,4,121,1,23
5,11,6.0,252,1,1,2,9,10,3,23
5,11,6.0,252,1,9,2,15,46,0,23
5,11,14.0,147,2,5,0,4,75,1,5
5,11,14.0,147,2,19,1,6,116,4,5
5,11,22.0,250,4,7,1,15,77,0,26
5,11,22.0,250,4,0,1,2,35,0,26
5,11,22.0,250,4,5,0,13,38,2,26
5,11,22.0,250,4,5,1,7,120,4,26
5,11,21.0,192,2,12,0,10,23,1,21
5,11,22.0,250,4,12,1,13,123,4,26
5,11,22.0,250,4,14,1,15,31,4,26
5,11,29.0,270,4,3,2,6,91,0,16
5,11,29.0,270,4,12,0,9,93,1,16
5,9,4.0,295,2,6,0,2,69,1,30
5,9,4.0,295,2,16,0,0,12,3,30
5,9,4.0,295,2,0,0,0,64,0,30
5,9,4.0,295,2,16,2,10,47,3,30
5,9,5.0,89,4,20,0,11,55,2,24
5,9,5.0,89,4,13,0,10,22,0,24
5,9,5.0,89,4,22,2,11,98,0,24
5,9,5.0,89,4,4,0,12,100,1,24
5,9,14.0,106,6,10,0,5,0,0,5
5,9,22.0,92,3,2,0,9,9,0,26
3,0,22.0,241,0,6,1,16,72,2,26
5,11,31.0,227,6,2,0,9,49,3,20
5,9,14.0,106,6,3,0,5,6,0,5
5,9,14.0,106,6,2,0,8,41,1,5
5,9,14.0,106,6,13,1,13,21,1,5
5,9,14.0,106,6,3,0,10,47,0,5
5,9,23.0,167,0,5,0,2,69,3,17
5,9,23.0,167,0,4,0,0,77,3,17
5,9,23.0,167,0,13,1,12,121,1,17
5,9,23.0,167,0,1,0,1,11,3,17
5,7,25.0,41,2,2,0,12,135,3,13
5,5,4.0,114,0,8,1,13,21,2,30
5,5,29.0,24,5,13,1,13,99,4,16
5,5,29.0,24,5,3,0,13,38,3,16
5,7,13.0,238,5,18,0,0,64,2,25
5,7,15.0,205,3,6,0,2,2,1,1
5,7,29.0,268,3,0,1,2,71,0,16
5,7,29.0,268,3,15,0,5,6,2,16
5,7,29.0,268,3,13,0,10,22,3,16
5,7,29.0,268,3,13,0,2,86,1,16
5,7,29.0,268,3,3,0,9,27,0,16
5,7,29.0,268,3,22,2,14,32,3,16
5,7,30.0,42,0,9,0,16,50,1,19
5,7,30.0,42,0,18,0,13,48,1,19
5,3,5.0,324,3,10,0,8,118,2,24
5,3,7.0,289,1,6,0,10,47,3,11
5,3,5.0,324,3,13,0,1,105,4,24
5,3,7.0,289,1,11,0,10,47,0,11
5,3,14.0,33,1,17,1,16,113,0,5
5,3,14.0,33,1,0,3,2,13,0,5
5,3,13.0,210,0,12,1,11,18,2,25
5,5,15.0,200,5,11,1,10,23,1,1
5,5,16.0,239,6,13,1,1,81,4,2
5,5,30.0,294,6,11,1,1,11,4,19
5,5,30.0,294,6,19,0,3,30,3,19
5,5,31.0,196,3,13,0,8,65,2,20
5,5,31.0,196,3,8,0,13,21,1,20
5,5,31.0,196,3,13,0,8,118,0,20
5,5,31.0,196,3,1,0,15,46,1,20
5,6,6.0,83,6,23,1,8,65,4,23
5,6,6.0,83,6,4,0,10,47,3,23
5,6,7.0,169,3,17,0,12,100,4,11
5,6,7.0,169,3,6,3,2,123,0,11
5,6,7.0,169,3,7,1,5,6,0,11
5,6,7.0,169,3,14,0,13,69,3,11
5,6,14.0,173,3,13,1,10,47,4,5
5,6,14.0,173,3,5,0,13,38,2,5
2,6,1.0,352,6,17,0,3,115,1,7
5,3,13.0,210,0,21,1,0,85,0,25
5,5,14.0,36,4,3,3,5,6,2,5
5,5,28.0,259,4,1,0,14,88,1,18
5,5,20.0,214,2,3,0,15,46,3,29
3,3,1.0,180,1,14,0,6,7,1,7
3,9,16.0,107,3,4,0,10,22,1,2
5,7,28.0,34,6,9,1,9,101,0,18
5,6,14.0,173,3,19,1,7,54,4,5
5,6,16.0,38,1,17,1,2,86,1,2
5,6,16.0,38,1,15,0,3,79,0,2
5,6,16.0,38,1,17,1,14,107,4,2
5,10,7.0,243,1,17,0,10,47,1,11
5,10,7.0,243,1,23,0,8,9,1,11
5,10,7.0,243,1,4,0,0,64,0,11
5,10,8.0,213,2,16,0,0,85,1,8
5,0,10.0,129,4,9,0,13,28,1,4
5,0,18.0,0,5,16,1,4,66,0,0
5,0,18.0,0,5,11,1,14,25,1,0
4,8,19.0,280,3,19,1,14,88,4,10
4,4,27.0,274,2,16,1,0,64,1,15
4,2,1.0,16,0,6,0,10,47,0,7
5,0,17.0,12,4,23,1,11,18,1,6
4,11,9.0,311,6,9,0,4,66,2,12
4,2,1.0,16,0,0,0,13,99,4,7
4,2,1.0,16,0,21,0,11,18,1,7
4,2,3.0,282,2,8,2,3,103,3,27
4,2,3.0,282,2,19,0,6,7,1,27
4,2,3.0,282,2,6,1,12,100,1,27
4,2,3.0,282,2,1,0,8,118,4,27
4,11,25.0,88,0,18,0,13,28,3,13
5,9,24.0,272,1,17,2,10,22,3,14
4,8,12.0,284,3,13,0,6,91,3,28
5,0,25.0,281,5,0,2,10,47,0,13
4,2,3.0,282,2,6,0,0,12,0,27
4,2,12.0,128,5,6,0,6,73,4,28
4,2,12.0,128,5,1,2,6,132,3,28
4,8,20.0,319,0,15,2,16,72,0,29
4,4,1.0,144,5,17,0,4,127,4,7
4,4,1.0,144,5,13,0,14,34,0,7
4,4,11.0,121,0,12,0,14,24,2,9
4,4,19.0,142,1,6,0,10,47,3,10
4,4,26.0,80,1,23,0,2,2,1,3
4,4,27.0,274,2,9,0,2,40,1,15
4,4,26.0,80,1,9,0,16,50,1,3
4,8,25.0,86,6,1,1,12,17,0,13
4,4,10.0,79,3,13,1,2,123,4,4
5,4,24.0,27,6,6,0,13,69,0,14
5,4,24.0,27,6,3,0,9,83,4,14
5,4,24.0,27,6,1,0,10,47,1,14
5,4,24.0,27,6,1,0,14,25,4,14
5,4,26.0,80,0,21,0,2,123,4,3
5,4,26.0,80,0,5,1,2,60,4,3
5,2,9.0,21,0,15,0,6,89,1,12
4,8,10.0,71,5,4,1,16,72,1,4
5,4,26.0,80,0,8,0,3,115,1,3
5,4,26.0,80,0,2,2,10,22,3,3
5,4,26.0,80,0,9,1,8,27,4,3
5,4,26.0,80,0,12,0,14,24,2,3
5,0,2.0,47,2,16,0,13,38,0,22
5,0,2.0,47,2,13,0,10,47,2,22
5,0,2.0,47,2,17,1,0,64,0,22
5,0,2.0,47,2,1,2,0,68,3,22
5,0,2.0,47,2,4,1,15,108,0,22
5,0,10.0,129,4,10,1,0,15,0,4
5,0,10.0,129,4,10,1,7,120,0,4
5,0,10.0,129,4,3,0,2,69,0,4
5,0,10.0,129,4,17,1,7,20,0,4
5,0,10.0,129,4,3,0,2,86,1,4
5,0,2.0,47,2,2,2,5,6,0,22
5,0,18.0,0,5,17,1,3,103,4,0
4,2,1.0,16,0,0,0,9,63,1,7
4,2,1.0,16,0,8,2,13,29,3,7
4,2,1.0,16,0,1,2,1,35,3,7
4,2,1.0,16,0,9,0,7,120,4,7
4,2,3.0,282,2,13,3,5,64,3,27
4,2,1.0,16,0,0,0,14,24,3,7
4,2,19.0,137,5,1,0,10,47,1,10
4,2,26.0,3,5,15,0,13,99,2,3
4,2,26.0,3,5,12,0,5,6,3,3
4,2,26.0,3,5,9,0,10,6,3,3
4,0,1.0,8,2,22,0,11,117,1,7
4,0,1.0,8,2,1,1,2,92,0,7
4,0,2.0,47,4,20,1,1,59,4,22
4,0,2.0,47,4,15,1,7,137,1,22
4,0,2.0,47,4,18,1,3,30,0,22
4,2,26.0,3,5,11,1,9,27,2,3
4,0,1.0,8,2,16,0,0,12,3,7
4,0,1.0,8,2,23,0,14,24,1,7
4,0,1.0,8,2,22,0,3,30,1,7
4,0,1.0,8,2,1,0,0,26,2,7
4,0,2.0,47,4,5,0,6,7,1,22
4,0,2.0,47,4,8,2,14,106,3,22
4,0,2.0,47,4,13,0,5,6,2,22
4,0,2.0,47,4,12,1,12,83,4,22
5,0,18.0,0,5,22,2,10,22,3,0
5,0,18.0,0,5,2,0,15,96,0,0
4,4,18.0,26,0,3,1,4,4,1,0
4,4,18.0,26,0,23,1,4,82,1,0
4,2,11.0,297,4,18,1,8,33,0,9
4,11,15.0,331,5,0,0,10,47,1,1
4,2,11.0,297,4,19,1,6,7,0,9
5,0,25.0,281,5,15,0,6,89,1,13
5,0,26.0,14,6,18,0,10,23,1,3
4,11,7.0,253,4,21,1,8,19,0,11
5,0,26.0,14,6,8,3,13,38,2,3
4,11,7.0,253,4,2,0,9,54,2,11
4,11,7.0,253,4,14,0,10,43,0,11
4,11,7.0,253,4,11,1,11,90,1,11
4,11,15.0,331,5,11,0,6,7,0,1
4,11,15.0,331,5,3,0,7,129,3,1
4,11,16.0,225,6,0,2,10,22,0,2
4,11,16.0,225,6,15,1,14,25,4,2
4,11,15.0,331,5,8,0,10,47,2,1
4,11,25.0,88,0,21,1,1,105,0,13
4,11,25.0,88,0,7,3,1,105,4,13
4,11,25.0,88,0,1,0,5,6,0,13
4,11,25.0,88,0,18,0,10,47,0,13
4,11,16.0,225,6,23,1,7,54,1,2
4,0,3.0,334,5,3,0,5,6,2,27
4,11,15.0,331,5,13,0,10,52,0,1
5,0,26.0,14,6,23,0,16,72,1,3
4,8,12.0,284,3,19,0,12,100,4,28
4,11,15.0,331,5,18,3,13,28,2,1
5,9,24.0,272,1,12,0,13,38,1,14
4,2,1.0,16,0,0,2,6,132,3,7
4,8,19.0,280,3,20,0,15,114,2,10
5,2,9.0,21,0,5,0,10,12,0,12
4,0,3.0,334,5,12,2,14,97,3,27
4,0,3.0,334,5,1,0,0,26,3,27
4,0,20.0,172,0,16,0,13,29,2,29
4,0,20.0,172,0,13,1,1,105,4,29
4,0,20.0,172,0,12,0,0,53,2,29
4,0,20.0,172,0,18,1,5,64,1,29
4,0,21.0,287,1,16,0,7,62,0,21
4,0,21.0,287,1,17,0,2,13,1,21
4,0,21.0,287,1,7,2,10,22,3,21
4,0,21.0,287,1,2,1,10,22,1,21
4,0,21.0,287,1,22,0,13,38,1,21
4,0,28.0,249,1,16,0,0,12,0,18
4,0,28.0,249,1,0,0,10,22,0,18
4,0,28.0,249,1,21,1,4,45,0,18
4,0,28.0,249,1,15,0,14,34,1,18
4,8,3.0,363,5,8,0,8,118,4,27
4,8,3.0,363,5,22,0,3,79,3,27
4,8,3.0,363,5,1,0,15,39,0,27
4,11,31.0,227,3,17,0,14,25,1,20
4,11,31.0,227,3,4,1,14,126,4,20
4,9,8.0,90,0,21,1,12,83,0,8
5,8,1.0,66,1,16,0,0,12,1,7
4,9,8.0,90,0,20,0,10,12,3,8
4,9,8.0,90,0,16,1,2,92,0,8
4,8,1.0,66,2,17,0,5,6,1,7
4,2,11.0,297,4,18,1,3,79,1,9
4,2,18.0,7,4,20,1,5,6,1,0
4,2,29.0,140,0,11,0,12,84,1,16
5,0,18.0,0,5,4,0,16,72,1,0
5,0,18.0,0,5,14,0,0,26,3,0
5,0,25.0,281,5,22,1,6,7,0,13
5,0,25.0,281,5,4,0,10,23,1,13
5,0,26.0,14,6,6,0,14,106,1,3
5,0,26.0,14,6,21,0,13,21,4,3
5,0,27.0,23,3,16,1,11,15,0,15
5,0,26.0,14,6,1,0,10,22,1,3
5,0,27.0,23,3,13,0,3,76,2,15
4,11,7.0,253,4,22,0,5,6,2,11
5,0,15.0,190,1,15,2,5,6,0,1
5,0,16.0,11,2,12,1,5,12,0,2
4,9,9.0,320,1,1,0,11,117,1,12
5,3,8.0,148,2,12,3,11,15,2,8
5,5,13.0,184,2,14,0,9,95,4,25
5,5,13.0,184,2,1,1,10,47,0,25
5,5,24.0,58,3,11,0,10,47,3,14
5,5,23.0,168,6,14,3,5,64,3,17
5,5,23.0,168,6,18,0,6,7,3,17
4,10,26.0,61,0,18,0,0,26,0,3
4,1,1.0,203,3,12,1,14,24,1,7
4,1,25.0,65,2,18,2,1,59,3,13
4,1,25.0,65,2,9,0,3,79,1,13
4,1,25.0,65,2,13,0,14,106,1,13
4,1,25.0,65,2,4,0,14,24,2,13
4,8,11.0,306,6,8,0,13,69,3,9
4,8,11.0,306,6,18,0,9,54,3,9
5,4,31.0,67,6,15,1,7,62,4,20
4,11,14.0,147,4,17,2,5,6,2,5
4,11,14.0,147,4,1,0,10,47,3,5
4,11,14.0,147,4,15,0,1,59,2,5
5,1,31.0,305,0,18,0,2,86,4,20
5,4,23.0,30,5,9,0,9,95,3,17
4,8,8.0,76,2,2,0,10,47,1,8
4,3,1.0,180,4,4,0,2,2,1,7
4,8,9.0,124,4,17,0,8,41,1,12
4,8,9.0,124,4,0,0,10,47,3,12
4,8,9.0,124,4,17,1,0,15,0,12
4,8,9.0,124,4,13,0,11,18,2,12
4,8,12.0,284,3,10,0,7,20,1,28
4,8,12.0,284,3,17,1,13,99,0,28
4,8,12.0,284,3,3,0,1,11,4,28
4,8,12.0,284,3,13,0,11,8,2,28
4,8,12.0,284,3,12,0,5,6,3,28
4,8,12.0,284,3,2,0,2,123,4,28
4,8,12.0,284,3,3,1,1,105,4,28
4,8,12.0,284,3,1,0,6,89,3,28
4,8,12.0,284,3,1,0,15,112,1,28
4,11,15.0,331,5,20,0,8,41,1,1
4,11,15.0,331,5,7,1,14,25,0,1
4,11,15.0,331,5,3,0,10,47,0,1
4,11,15.0,331,5,19,1,16,37,1,1
4,11,16.0,225,6,17,0,2,69,1,2
5,5,25.0,350,0,1,0,2,2,0,13
5,0,25.0,281,5,21,0,8,27,1,13
5,9,24.0,272,1,0,1,10,22,1,14
4,9,8.0,90,0,16,0,14,25,3,8
4,8,17.0,74,5,21,1,9,27,0,6
4,2,1.0,16,0,17,1,5,6,1,7
4,4,1.0,144,5,15,0,2,2,0,7
5,9,24.0,272,1,9,2,6,7,0,14
4,9,8.0,90,0,15,0,10,43,1,8
4,8,17.0,74,5,12,0,2,2,4,6
4,2,1.0,16,0,3,0,4,82,0,7
4,4,1.0,144,5,22,0,7,20,1,7
5,0,26.0,14,6,22,1,9,93,1,3
4,11,16.0,225,6,17,2,13,21,3,2
5,9,24.0,272,1,5,1,9,134,4,14
5,8,7.0,70,0,4,0,2,69,4,11
5,2,9.0,21,0,16,0,8,27,2,12
5,0,26.0,14,6,19,0,8,9,1,3
4,8,18.0,75,6,17,0,5,12,3,0
5,6,15.0,49,0,22,0,16,74,3,1
4,2,1.0,16,0,17,1,11,133,4,7
4,4,1.0,144,5,12,1,10,23,1,7
4,2,1.0,16,0,14,0,5,12,3,7
5,8,8.0,76,1,21,0,10,47,3,8
4,8,30.0,103,4,8,1,11,18,1,19
5,2,9.0,21,0,21,1,6,132,0,12
5,6,15.0,49,0,14,2,1,16,3,1
4,8,17.0,74,5,22,1,6,89,1,6
4,4,1.0,144,5,2,0,13,38,1,7
5,7,7.0,293,6,21,1,1,105,0,11
4,2,1.0,16,0,18,2,2,13,3,7
5,8,7.0,70,0,20,1,1,16,4,11
4,8,30.0,103,4,17,1,0,53,0,19
4,8,18.0,75,6,5,0,16,74,1,0
4,8,19.0,280,3,12,3,14,88,0,10
5,6,15.0,49,0,1,0,10,47,3,1
5,8,8.0,76,1,3,0,5,64,3,8
4,4,31.0,67,3,2,1,6,7,1,20
4,2,3.0,282,2,17,0,10,22,3,27
4,8,18.0,75,6,11,0,9,63,1,0
4,8,26.0,278,3,3,1,13,36,1,3
4,8,12.0,284,3,12,0,14,25,0,28
5,8,7.0,70,0,5,0,1,59,2,11
4,2,8.0,258,0,2,3,11,10,4,8
4,2,3.0,282,2,6,0,5,64,3,27
4,8,18.0,75,6,18,0,3,30,4,0
5,7,7.0,293,6,20,1,13,38,0,11
5,2,9.0,21,0,2,2,12,80,3,12
4,4,1.0,144,5,22,0,11,117,2,7
4,8,12.0,284,3,8,0,4,121,3,28
4,4,1.0,144,5,2,2,10,47,3,7
5,8,8.0,76,1,8,2,16,108,1,8
5,5,1.0,109,5,11,1,0,77,1,7
4,2,3.0,282,2,3,0,5,6,2,27
5,7,7.0,293,6,19,0,2,86,0,11
5,7,24.0,68,1,6,0,9,54,1,14
4,8,17.0,74,5,16,2,16,50,0,6
4,4,1.0,144,5,19,2,1,105,3,7
4,8,18.0,75,6,18,0,10,22,3,0
4,11,29.0,270,5,0,1,0,77,0,16
5,2,1.0,16,3,3,3,8,19,0,7
4,2,19.0,137,5,15,1,14,126,4,10
5,7,24.0,68,1,19,0,10,23,0,14
4,8,17.0,74,5,0,1,11,15,0,6
4,4,1.0,144,5,9,0,12,121,4,7
4,11,1.0,222,5,17,0,8,33,4,7
4,2,19.0,137,5,4,2,13,38,3,10
5,8,8.0,76,1,8,0,13,29,1,8
4,4,11.0,121,0,20,0,14,24,1,9
4,8,18.0,75,6,19,1,4,5,0,0
4,2,19.0,137,5,14,0,10,22,2,10
5,8,8.0,76,1,19,0,11,8,3,8
4,3,12.0,104,0,13,0,7,57,2,28
4,4,12.0,134,1,17,0,0,26,3,28
4,4,1.0,144,5,18,0,16,74,0,7
4,9,1.0,126,0,17,0,12,83,1,7
4,8,18.0,75,6,2,2,1,67,3,0
5,8,8.0,76,1,4,1,1,105,0,8
5,8,9.0,124,2,3,1,13,48,4,12
4,3,11.0,337,3,12,0,11,124,4,9
4,3,30.0,304,5,8,0,2,40,3,19
5,9,20.0,119,5,15,1,9,87,1,29
5,5,20.0,214,2,3,1,13,38,4,29
4,6,29.0,335,1,17,0,14,106,4,16
5,2,21.0,108,6,5,0,1,105,1,21
4,1,31.0,305,1,8,2,16,42,3,20
5,9,20.0,119,5,7,1,5,6,0,29
5,11,3.0,288,6,2,3,8,33,0,27
5,7,2.0,160,0,22,0,5,6,2,22
5,7,2.0,160,0,23,1,10,12,1,22
4,6,7.0,169,0,13,0,8,27,3,11
4,6,15.0,49,1,10,1,6,91,1,1
4,5,11.0,326,1,17,0,16,50,2,9
5,5,10.0,155,3,2,3,9,54,4,4
5,5,19.0,146,1,8,0,2,2,1,10
4,10,14.0,174,2,23,0,4,127,1,5
4,9,2.0,323,1,16,0,14,25,0,22
5,3,1.0,180,2,20,0,13,69,4,7
5,6,20.0,215,6,1,0,13,21,4,29
4,1,14.0,183,6,4,0,13,29,0,5
4,1,21.0,45,6,22,0,1,35,3,21
5,1,29.0,112,6,4,3,9,102,4,16
4,8,12.0,284,3,3,3,12,61,0,28
4,8,17.0,74,5,9,0,13,29,1,6
4,8,18.0,75,6,16,1,14,25,0,0
4,8,17.0,74,5,21,1,15,31,0,6
5,4,23.0,30,5,0,0,7,78,4,17
5,4,25.0,20,3,17,1,9,83,4,13
5,4,25.0,20,3,22,2,1,11,3,13
5,2,8.0,258,3,1,0,9,54,1,8
5,0,1.0,8,1,9,0,4,136,1,7
4,8,18.0,75,6,2,2,2,69,0,0
4,8,20.0,319,0,3,0,11,94,3,29
4,8,20.0,319,0,9,2,7,20,3,29
4,8,20.0,319,0,4,0,10,6,3,29
4,8,20.0,319,0,2,1,7,122,4,29
4,4,1.0,144,5,6,2,10,47,1,7
4,4,1.0,144,5,15,0,0,31,1,7
4,4,1.0,144,5,8,0,2,40,1,7
4,8,17.0,74,5,2,0,4,5,2,6
4,4,1.0,144,5,12,2,15,51,2,7
4,4,11.0,121,0,3,0,4,66,3,9
5,8,30.0,103,2,17,1,9,27,0,19
5,4,14.0,345,2,9,1,10,6,0,5
3,0,10.0,129,2,5,0,6,128,1,4
5,4,10.0,79,6,0,1,10,47,1,4
5,2,2.0,143,0,3,0,0,85,2,22
5,7,1.0,98,3,17,0,2,123,3,7
5,0,6.0,260,3,2,3,10,47,3,23
4,3,6.0,303,1,2,0,14,34,4,23
5,6,1.0,158,0,17,0,2,69,0,7
5,11,11.0,175,3,3,0,9,134,2,9
5,11,18.0,332,3,23,1,5,64,0,0
5,3,12.0,104,3,0,0,3,76,1,28
5,3,12.0,104,3,18,1,14,25,0,28
5,10,1.0,208,2,18,0,13,38,4,7
5,8,14.0,296,0,7,0,0,77,4,5
5,8,14.0,296,0,3,0,10,47,3,5
5,8,14.0,296,0,18,2,16,108,3,5
5,8,15.0,72,1,0,0,10,12,3,1
5,8,15.0,72,1,15,0,8,27,1,1
5,8,15.0,72,1,13,0,13,48,3,1
5,8,15.0,72,1,14,0,13,38,4,1
5,8,15.0,72,1,18,2,8,65,0,1
5,4,15.0,132,4,4,0,2,69,3,1
5,4,15.0,132,4,19,2,13,29,3,1
5,4,15.0,132,4,18,0,12,80,4,1
5,4,15.0,132,4,16,1,0,12,0,1
5,0,10.0,129,4,0,1,3,44,0,4
5,0,10.0,129,4,7,0,14,32,1,4
5,0,10.0,129,4,14,0,0,77,1,4
5,0,10.0,129,4,8,0,8,41,3,4
4,2,19.0,137,5,14,0,10,22,3,10
5,0,1.0,8,1,18,0,2,92,3,7
4,8,18.0,75,6,14,0,4,82,1,0
4,5,23.0,168,3,8,1,1,59,1,17
4,10,19.0,117,0,10,1,0,53,0,10
4,4,11.0,121,0,5,1,3,30,4,9
4,8,20.0,319,0,14,0,8,41,1,29
5,4,24.0,27,6,20,0,12,135,2,14
4,4,11.0,121,0,18,2,11,10,2,9
4,5,23.0,168,3,2,1,3,30,0,17
4,10,19.0,117,0,17,1,0,53,0,10
4,4,11.0,121,0,22,0,14,24,0,9
4,1,26.0,248,4,12,0,13,29,2,3
4,5,23.0,168,3,18,1,10,22,1,17
4,10,17.0,256,6,22,2,10,22,3,6
5,4,24.0,27,6,5,1,14,106,4,14
4,10,19.0,117,0,11,1,1,67,4,10
4,8,3.0,363,5,22,2,16,50,3,27
4,5,11.0,326,1,2,0,6,89,3,9
5,4,24.0,27,6,0,0,8,41,1,14
4,4,12.0,134,1,6,0,10,22,3,28
4,4,1.0,144,5,5,0,3,115,1,7
4,4,11.0,121,0,11,0,9,27,0,9
4,7,30.0,42,1,22,0,5,12,2,19
4,4,11.0,121,0,17,0,9,109,4,9
4,10,19.0,117,0,2,0,9,87,3,10
4,8,18.0,75,6,13,0,12,61,2,0
4,8,3.0,363,5,9,0,1,59,1,27
4,4,11.0,121,0,12,0,14,24,0,9
4,6,7.0,169,0,18,0,15,119,1,11
4,4,11.0,121,0,1,1,12,135,4,9
4,10,24.0,261,6,11,0,7,20,4,14
4,4,11.0,121,0,15,1,5,64,4,9
4,8,8.0,76,2,22,0,7,20,3,8
4,8,8.0,76,2,8,1,10,22,2,8
4,8,8.0,76,2,18,0,0,12,3,8
4,8,9.0,124,4,8,0,3,30,2,12
4,8,12.0,284,3,12,0,11,133,3,28
4,8,12.0,284,3,14,0,2,92,0,28
4,8,12.0,284,3,2,0,2,69,2,28
4,10,1.0,208,4,17,0,10,47,0,7
4,8,17.0,74,5,19,0,0,77,1,6
4,8,18.0,75,6,18,0,7,57,1,0
5,6,15.0,49,0,18,1,15,39,1,1
5,6,15.0,49,0,12,0,0,26,1,1
5,6,15.0,49,0,13,1,10,23,1,1
5,6,15.0,49,0,14,0,5,12,3,1
5,6,17.0,244,2,17,0,7,120,3,6
5,6,17.0,244,2,0,0,5,12,1,6
5,6,17.0,244,2,1,2,16,50,0,6
5,6,22.0,185,0,16,0,1,81,4,26
5,6,22.0,185,0,6,0,3,30,4,26
5,6,22.0,185,0,22,0,15,96,2,26
5,6,22.0,185,0,3,0,15,114,2,26
5,6,22.0,185,0,18,1,14,34,4,26
5,6,22.0,185,0,9,0,0,15,0,26
5,6,24.0,31,2,19,1,0,53,4,14
5,10,5.0,336,3,22,0,9,87,0,24
5,10,14.0,174,1,17,0,2,40,3,5
5,10,14.0,174,1,17,0,0,12,0,5
5,10,14.0,174,1,2,0,6,91,4,5
5,10,14.0,174,1,4,0,3,76,1,5
5,8,7.0,70,0,2,2,1,59,3,11
5,8,8.0,76,1,0,0,12,17,1,8
4,8,20.0,319,0,17,0,13,99,0,29
4,4,1.0,144,5,22,0,9,134,4,7
4,4,1.0,144,5,13,0,13,28,3,7
4,4,1.0,144,5,2,1,8,118,1,7
5,4,23.0,30,5,5,1,8,33,4,17
4,4,1.0,144,5,14,0,4,82,1,7
4,4,1.0,144,5,1,0,8,41,2,7
4,4,12.0,134,1,6,2,2,86,1,28
4,4,12.0,134,1,17,0,2,69,3,28
4,4,11.0,121,0,12,1,16,74,1,9
4,4,12.0,134,1,21,1,15,31,0,28
4,8,17.0,74,5,8,0,10,52,0,6
4,8,18.0,75,6,0,1,0,0,0,0
4,8,17.0,74,5,13,1,13,123,1,6
5,4,25.0,20,3,4,1,4,45,0,13
5,4,23.0,30,5,8,1,2,86,1,17
4,8,18.0,75,6,19,0,2,123,3,0
4,8,18.0,75,6,1,0,4,82,3,0
4,8,18.0,75,6,19,0,7,20,3,0
4,8,20.0,319,0,7,0,7,20,1,29
4,8,18.0,75,6,3,0,4,138,2,0
4,4,1.0,144,5,23,2,10,22,3,7
5,8,9.0,124,2,2,2,5,6,3,12
5,8,14.0,296,0,14,2,7,57,2,5
4,8,1.0,66,2,13,1,10,47,2,7
4,8,10.0,71,5,12,0,7,20,2,4
5,8,14.0,296,0,1,0,9,49,3,5
5,8,14.0,296,0,18,2,16,50,0,5
5,8,15.0,72,1,16,0,8,27,3,1
5,8,15.0,72,1,1,0,16,65,0,1
5,4,15.0,132,4,11,0,7,111,1,1
5,4,15.0,132,4,8,1,0,64,0,1
5,4,24.0,27,6,8,0,11,94,2,14
5,4,26.0,80,0,13,1,1,67,4,3
5,4,26.0,80,0,13,2,10,6,3,3
5,4,26.0,80,0,8,1,10,23,1,3
5,2,9.0,21,0,17,0,10,47,0,12
4,5,20.0,214,4,2,1,0,12,1,29
5,4,24.0,27,6,14,0,3,30,0,14
4,4,12.0,134,1,12,0,4,45,3,28
5,4,26.0,80,0,16,0,9,134,4,3
5,11,26.0,364,0,2,3,6,7,3,3
5,9,11.0,52,2,4,3,15,108,3,9
4,10,24.0,261,6,3,0,16,50,1,14
5,4,24.0,27,6,20,1,9,49,1,14
5,4,26.0,80,0,18,0,6,73,1,3
5,4,26.0,80,0,20,1,10,47,0,3
5,9,20.0,119,5,19,0,0,26,3,29
4,10,24.0,261,6,19,0,1,35,3,14
4,4,11.0,121,0,12,0,0,77,0,9
5,4,26.0,80,0,2,0,11,90,2,3
5,4,24.0,27,6,6,0,7,129,1,14
4,4,11.0,121,0,2,2,6,91,1,9
4,10,27.0,302,1,16,1,14,107,0,15
5,4,26.0,80,0,4,2,9,54,3,3
4,4,19.0,142,1,4,0,1,1,4,10
5,2,9.0,21,0,0,1,0,31,0,12
3,3,1.0,180,1,2,0,13,28,4,7
5,2,8.0,258,3,3,0,8,33,2,8
4,10,27.0,302,1,5,2,13,99,0,15
5,4,26.0,80,0,19,0,10,12,3,3
4,10,27.0,302,1,22,0,2,2,4,15
5,2,9.0,21,0,17,1,5,64,0,12
5,0,1.0,8,1,22,3,0,26,0,7
5,2,1.0,16,3,6,0,10,47,0,7
4,4,26.0,80,1,17,0,7,111,1,3
4,10,27.0,302,1,22,0,0,77,2,15
5,0,2.0,47,2,4,0,16,37,3,22
5,7,28.0,34,6,20,1,1,105,0,18
5,0,1.0,8,1,15,2,4,75,3,7
5,4,24.0,27,6,20,1,1,1,4,14
4,4,11.0,121,0,9,2,10,47,3,9
5,10,30.0,157,4,15,0,15,108,2,19
4,6,13.0,317,3,15,0,5,47,2,25
4,1,17.0,63,1,16,0,10,43,1,6
5,2,1.0,16,3,12,0,12,56,3,7
4,4,26.0,80,1,3,0,16,37,3,3
4,4,11.0,121,0,9,1,3,44,4,9
5,10,30.0,157,4,8,0,4,45,2,19
5,5,12.0,327,1,1,3,0,64,0,28
4,1,17.0,63,1,6,1,13,21,4,6
5,0,2.0,47,2,11,1,16,37,0,22
4,1,17.0,63,1,11,2,13,48,1,6
5,2,9.0,21,0,13,0,11,15,1,12
5,5,19.0,146,1,10,1,12,121,4,10
5,0,2.0,47,2,19,0,5,6,0,22
4,4,26.0,80,1,18,0,7,54,3,3
4,1,17.0,63,1,22,0,3,79,1,6
5,10,14.0,174,1,12,0,6,89,3,5
4,4,11.0,121,0,4,0,9,57,3,9
5,0,2.0,47,2,9,0,3,103,1,22
5,8,1.0,66,1,5,0,9,93,1,7
5,10,14.0,174,1,19,0,0,26,3,5
4,4,27.0,274,2,0,0,16,37,1,15
4,1,17.0,63,1,2,0,4,75,3,6
4,4,10.0,79,3,18,1,12,121,1,4
5,8,1.0,66,1,14,0,0,26,3,7
4,2,1.0,16,0,4,0,3,76,0,7
5,10,14.0,174,1,4,0,2,86,3,5
4,4,27.0,274,2,21,1,14,25,0,15
4,4,17.0,19,3,18,0,11,15,3,6
4,1,17.0,63,1,14,2,8,19,3,6
5,8,1.0,66,1,1,0,11,18,1,7
4,1,20.0,151,5,19,0,8,41,1,29
4,2,1.0,16,0,19,0,10,22,0,7
4,4,18.0,26,0,5,1,9,93,4,0
5,10,14.0,174,1,19,0,10,52,3,5
4,4,27.0,274,2,23,0,0,77,1,15
5,8,1.0,66,1,1,0,16,72,3,7
4,1,20.0,151,5,13,1,11,55,1,29
4,2,3.0,282,2,6,0,10,6,3,27
4,4,18.0,26,0,9,0,9,101,1,0
4,4,26.0,80,1,17,0,9,49,1,3
5,10,24.0,261,5,11,1,15,114,4,14
5,8,1.0,66,1,15,0,0,15,2,7
4,1,26.0,248,4,5,0,14,24,1,3
4,2,1.0,16,0,17,0,0,12,1,7
4,4,25.0,20,0,0,0,5,12,0,13
5,10,24.0,261,5,8,2,16,74,1,14
5,8,7.0,70,0,12,1,9,87,1,11
4,2,3.0,282,2,22,0,9,57,2,27
4,1,26.0,248,4,16,1,4,75,0,3
4,2,1.0,16,0,2,0,3,115,1,7
5,10,24.0,261,5,12,0,7,62,0,14
5,8,7.0,70,0,13,1,12,56,4,11
4,2,3.0,282,2,17,0,8,9,0,27
5,7,24.0,68,1,4,1,9,10,4,14
5,7,24.0,68,1,21,0,7,122,3,14
5,3,13.0,210,0,8,0,12,17,2,25
5,3,15.0,35,2,17,0,0,26,1,1
5,3,15.0,35,2,22,0,9,93,1,1
5,3,23.0,57,4,20,1,12,61,1,17
5,5,6.0,277,2,3,0,1,16,0,23
5,5,6.0,277,2,13,2,1,16,3,23
5,5,22.0,163,5,3,1,16,50,0,26
5,5,25.0,350,0,17,0,16,50,3,13
5,5,25.0,350,0,17,0,5,12,3,13
5,5,25.0,350,0,21,1,2,92,0,13
5,5,25.0,350,0,8,0,14,32,3,13
5,5,25.0,350,0,2,0,7,78,3,13
5,8,7.0,70,0,22,0,0,64,3,11
5,8,7.0,70,0,20,1,1,67,4,11
5,8,1.0,66,1,16,0,8,19,4,7
5,8,9.0,124,2,17,0,0,12,0,12
5,8,14.0,296,0,17,0,3,70,1,5
5,8,14.0,296,0,8,0,9,93,1,5
5,8,15.0,72,1,17,0,10,12,1,1
5,0,10.0,129,4,0,2,5,12,3,4
5,8,15.0,72,1,16,2,16,42,3,1
4,8,3.0,363,5,3,0,0,15,2,27
4,8,3.0,363,5,15,0,9,9,4,27
4,8,3.0,363,5,22,0,2,86,2,27
4,1,17.0,63,1,6,0,14,24,4,6
4,1,17.0,63,1,0,2,10,23,3,6
4,1,17.0,63,1,11,1,2,69,0,6
4,1,20.0,151,5,20,1,5,64,0,29
4,1,20.0,151,5,14,2,6,89,0,29
4,1,20.0,151,5,9,1,11,55,4,29
4,1,20.0,151,5,1,0,2,123,1,29
4,1,26.0,248,4,16,0,0,12,3,3
4,8,3.0,363,5,0,1,7,31,0,27
4,8,3.0,363,5,22,2,3,30,2,27
4,8,3.0,363,5,9,0,0,53,2,27
4,8,8.0,76,2,16,1,3,115,0,8
4,8,8.0,76,2,5,0,13,36,3,8
4,8,9.0,124,4,4,0,13,48,0,12
4,8,8.0,76,2,16,0,4,4,4,8
5,8,15.0,72,1,4,0,2,40,2,1
5,8,15.0,72,1,9,2,9,102,3,1
5,8,15.0,72,1,9,2,9,54,2,1
5,8,15.0,72,1,1,0,16,50,3,1
5,4,15.0,132,4,2,0,1,1,3,1
5,4,15.0,132,4,8,0,13,99,2,1
5,4,15.0,132,4,8,0,3,70,2,1
5,4,15.0,132,4,5,0,5,0,0,1
5,4,24.0,27,6,6,0,0,26,0,14
5,4,24.0,27,6,21,1,3,79,1,14
5,4,24.0,27,6,12,0,2,86,1,14
4,1,10.0,17,1,13,0,13,29,1,4
5,8,7.0,70,0,1,0,1,11,3,11
4,2,19.0,137,5,22,0,9,95,3,10
4,5,27.0,328,4,17,0,6,7,1,15
5,0,10.0,129,4,22,0,5,64,2,4
5,8,7.0,70,0,8,1,11,90,1,11
4,10,16.0,201,5,11,1,0,15,4,2
4,2,19.0,137,5,19,0,8,19,4,10
4,2,19.0,137,5,3,3,12,80,4,10
4,2,26.0,3,5,23,0,6,128,1,3
4,2,26.0,3,5,3,0,4,82,2,3
4,2,26.0,3,5,5,0,8,27,2,3
4,2,26.0,3,5,15,0,2,86,2,3
4,2,26.0,3,5,13,0,13,38,2,3
4,0,1.0,8,2,17,0,9,102,3,7
4,0,1.0,8,2,8,1,5,12,1,7
4,0,3.0,334,5,16,1,0,0,0,27
4,0,3.0,334,5,8,0,5,6,0,27
4,0,1.0,8,2,19,0,12,80,1,7
4,0,3.0,334,5,15,0,10,22,1,27
4,0,3.0,334,5,14,0,11,94,2,27
5,0,26.0,14,6,14,2,5,6,3,3
5,0,26.0,14,6,9,0,2,60,4,3
5,0,26.0,14,6,19,1,9,87,4,3
5,0,27.0,23,3,11,1,2,71,0,15
5,0,27.0,23,3,8,0,0,15,2,15
5,0,27.0,23,3,8,0,10,47,0,15
5,0,26.0,14,6,17,1,9,93,4,3
4,8,19.0,280,3,22,3,13,38,0,10
4,4,10.0,79,3,12,0,11,122,1,4
4,8,1.0,66,2,2,0,11,15,1,7
4,4,18.0,26,0,9,1,7,137,0,0
4,3,26.0,343,0,15,0,5,6,0,3
4,4,25.0,20,0,2,0,9,57,0,13
4,2,11.0,297,4,12,1,0,68,0,9
4,0,18.0,0,6,9,3,9,93,3,0
4,0,18.0,0,6,12,3,9,102,1,0
5,4,24.0,27,6,0,0,1,35,3,14
5,4,24.0,27,6,13,0,1,11,0,14
5,4,24.0,27,6,13,1,5,64,1,14
4,8,10.0,71,5,0,3,9,58,4,4
4,8,1.0,66,2,17,1,1,35,4,7
5,4,24.0,27,6,9,0,2,123,0,14
5,4,24.0,27,6,11,1,0,26,1,14
5,4,26.0,80,0,17,0,12,56,1,3
5,4,26.0,80,0,5,0,5,6,2,3
5,4,26.0,80,0,4,0,14,24,4,3
5,2,1.0,16,3,8,0,9,102,0,7
5,2,1.0,16,3,1,2,14,24,0,7
5,2,9.0,21,0,0,2,5,6,3,12
5,2,9.0,21,0,5,0,6,89,2,12
5,2,9.0,21,0,20,1,12,135,4,12
5,4,24.0,27,6,14,0,10,47,3,14
5,0,2.0,47,2,16,0,0,53,3,22
5,0,10.0,129,4,23,0,16,50,1,4
5,0,10.0,129,4,11,0,12,80,0,4
5,0,10.0,129,4,15,0,5,6,0,4
5,0,10.0,129,4,15,2,1,11,3,4
4,1,18.0,82,2,13,0,10,43,1,0
4,8,28.0,224,1,8,0,0,85,1,18
4,4,10.0,79,3,1,0,7,20,4,4
5,0,10.0,129,4,12,0,8,41,3,4
4,8,26.0,278,3,16,0,8,9,1,3
4,4,3.0,279,3,7,1,10,22,0,27
5,8,7.0,70,0,9,2,10,22,3,11
4,1,19.0,29,4,2,0,8,27,3,10
4,2,19.0,137,5,9,1,15,51,1,10
4,2,3.0,282,2,20,0,3,79,1,27
5,8,8.0,76,1,13,1,1,59,4,8
5,10,24.0,261,5,12,0,4,138,3,14
4,2,26.0,3,5,15,0,16,37,1,3
5,8,8.0,76,1,9,0,5,12,3,8
5,10,24.0,261,5,14,0,0,26,3,14
5,0,2.0,47,2,0,0,0,12,3,22
5,10,24.0,261,5,18,0,3,30,1,14
5,8,7.0,70,0,6,1,10,47,1,11
5,0,2.0,47,2,16,0,15,96,0,22
4,2,26.0,3,5,13,1,15,46,4,3
5,10,30.0,157,4,0,0,10,47,2,19
4,4,11.0,121,0,4,2,16,72,0,9
5,0,2.0,47,2,21,0,15,114,1,22
4,2,26.0,3,5,4,0,10,22,3,3
4,4,11.0,121,0,1,0,6,89,4,9
5,0,2.0,47,2,13,0,8,9,1,22
4,8,9.0,124,4,19,2,15,31,0,12
5,10,30.0,157,4,10,0,10,47,1,19
4,4,12.0,134,1,16,0,1,59,4,28
4,8,12.0,284,3,6,0,2,40,4,28
5,10,30.0,157,4,20,0,3,79,1,19
5,8,1.0,66,1,0,0,5,64,2,7
5,8,1.0,66,1,10,0,13,38,3,7
5,8,1.0,66,1,2,0,16,39,0,7
5,8,1.0,66,1,13,0,16,42,1,7
4,4,11.0,121,0,9,2,6,7,3,9
4,4,12.0,134,1,7,0,10,47,1,28
4,4,12.0,134,1,15,2,14,25,0,28
4,4,12.0,134,1,14,0,9,87,1,28
4,4,12.0,134,1,14,0,2,2,3,28
4,4,19.0,142,1,16,0,5,12,3,10
4,4,19.0,142,1,13,1,14,97,4,10
4,4,19.0,142,1,14,0,2,2,1,10
4,4,19.0,142,1,14,1,12,135,4,10
4,4,26.0,80,1,16,0,13,29,1,3
4,4,26.0,80,1,21,0,10,22,1,3
4,4,26.0,80,1,12,0,10,47,2,3
4,4,26.0,80,1,2,0,5,6,3,3
4,4,27.0,274,2,16,1,15,31,0,15
4,4,26.0,80,1,18,0,8,9,1,3
4,4,27.0,274,2,6,2,12,80,3,15
4,8,3.0,363,5,14,2,5,6,0,27
4,8,8.0,76,2,1,0,9,102,2,8
4,8,8.0,76,2,8,0,8,9,0,8
4,8,8.0,76,2,19,2,12,104,3,8
4,8,8.0,76,2,14,2,6,7,0,8
5,8,1.0,66,1,18,0,1,35,4,7
5,8,7.0,70,0,6,0,12,84,1,11
5,8,14.0,296,0,1,0,4,127,4,5
5,8,14.0,296,0,9,0,10,22,1,5
5,8,14.0,296,0,0,1,5,64,0,5
5,8,15.0,72,1,19,0,13,29,3,1
5,8,15.0,72,1,19,0,4,75,1,1
5,8,15.0,72,1,12,2,9,93,0,1
5,4,15.0,132,4,15,0,15,108,1,1
5,4,15.0,132,4,7,1,6,7,0,1
5,4,15.0,132,4,17,3,9,57,0,1
5,4,15.0,132,4,11,0,2,40,2,1
5,4,15.0,132,4,19,0,5,6,3,1
5,4,15.0,132,4,5,1,9,134,4,1
5,4,15.0,132,4,20,1,13,13,1,1
5,4,24.0,27,6,21,0,0,64,2,14
5,4,24.0,27,6,12,0,9,83,4,14
5,4,24.0,27,6,18,1,16,74,1,14
4,8,9.0,124,4,16,1,10,6,0,12
4,8,9.0,124,4,5,0,14,24,2,12
4,8,12.0,284,3,16,1,0,77,0,28
4,1,26.0,248,4,17,1,5,6,2,3
4,4,12.0,134,1,2,0,4,82,1,28
4,8,12.0,284,3,0,1,2,86,0,28
4,8,12.0,284,3,21,1,0,85,0,28
4,4,12.0,134,1,2,0,5,6,3,28
5,0,2.0,47,2,12,0,3,44,0,22
4,4,19.0,142,1,13,1,5,12,1,10
5,0,10.0,129,4,6,2,1,11,3,4
4,3,1.0,180,4,2,0,6,7,1,7
4,4,19.0,142,1,18,0,13,21,1,10
5,0,10.0,129,4,4,1,4,45,0,4
4,4,26.0,80,1,7,0,16,65,3,3
5,0,18.0,0,5,2,0,8,118,3,0
4,4,26.0,80,1,12,2,2,86,0,3
5,0,18.0,0,5,19,0,16,72,1,0
4,8,17.0,74,5,14,0,6,7,4,6
4,4,26.0,80,1,11,1,5,6,0,3
4,8,17.0,74,5,18,0,2,2,1,6
4,4,26.0,80,1,19,2,1,59,3,3
4,4,27.0,274,2,4,0,0,26,3,15
4,4,27.0,274,2,9,2,2,69,0,15
4,4,27.0,274,2,18,0,0,53,1,15
4,4,27.0,274,2,14,1,11,15,4,15
4,4,27.0,274,2,18,0,9,93,1,15
4,2,1.0,16,0,17,0,1,11,4,7
4,2,1.0,16,0,8,0,4,75,1,7
5,8,9.0,124,2,5,0,5,6,3,12
5,8,14.0,296,0,5,0,5,6,0,5
5,8,14.0,296,0,5,0,2,60,2,5
5,8,14.0,296,0,2,0,3,79,0,5
5,8,14.0,296,0,22,1,11,98,4,5
5,4,15.0,132,4,17,1,10,22,2,1
5,4,15.0,132,4,3,2,2,13,3,1
5,4,15.0,132,4,13,0,2,123,2,1
5,4,15.0,132,4,3,1,12,80,4,1
5,4,15.0,132,4,2,0,7,20,4,1
4,8,19.0,280,3,2,3,14,25,3,10
4,1,8.0,62,3,3,3,1,67,0,8
4,1,19.0,29,4,2,1,0,85,0,10
4,1,19.0,29,4,19,1,9,109,0,10
4,8,1.0,66,2,7,2,0,12,3,7
4,8,10.0,71,5,19,0,16,74,3,4
5,8,14.0,296,0,11,0,0,68,3,5
5,8,15.0,72,1,17,0,10,23,3,1
5,8,14.0,296,0,18,0,7,20,1,5
5,8,15.0,72,1,10,0,10,23,1,1
5,8,15.0,72,1,4,3,0,68,3,1
5,4,15.0,132,4,17,1,10,22,0,1
5,4,15.0,132,4,13,1,12,100,4,1
4,4,27.0,274,2,20,0,1,35,4,15
4,4,27.0,274,2,17,1,14,34,0,15
4,4,26.0,80,1,2,1,14,25,4,3
4,4,19.0,142,1,5,1,8,118,4,10
4,4,27.0,274,2,0,0,2,69,0,15
4,8,18.0,75,6,8,0,6,7,2,0
4,8,18.0,75,6,3,0,11,90,1,0
4,8,18.0,75,6,19,0,8,27,2,0
4,8,20.0,319,0,10,0,0,77,1,29
5,4,25.0,20,3,13,1,9,93,1,13
5,0,1.0,8,1,4,0,14,25,1,7
5,0,1.0,8,1,18,0,12,56,1,7
4,8,20.0,319,0,13,0,16,50,3,29
4,4,1.0,144,5,9,2,8,27,3,7
4,4,1.0,144,5,16,0,2,86,3,7
4,4,9.0,18,6,2,2,1,1,3,12
4,7,23.0,202,1,1,1,8,19,0,17
4,7,23.0,202,1,18,2,13,29,1,17
4,3,8.0,148,4,11,1,1,16,4,8
4,3,8.0,148,4,22,1,9,63,2,8
4,7,9.0,273,1,18,1,10,47,1,12
4,5,8.0,199,6,3,0,8,27,2,8
4,5,8.0,199,6,23,1,13,69,4,8
3,11,1.0,222,2,16,0,13,21,4,7
5,11,23.0,232,5,4,1,9,101,0,17
5,11,15.0,331,4,15,2,2,40,0,1
5,11,15.0,331,4,21,0,14,131,4,1
5,7,6.0,93,5,4,0,10,52,2,23
5,7,6.0,93,5,9,0,0,15,1,23
5,7,23.0,202,0,3,0,16,130,2,17
5,7,14.0,125,6,17,3,13,48,4,5
4,10,18.0,246,3,17,3,9,102,4,0
5,10,23.0,247,4,13,0,9,57,1,17
5,1,23.0,69,3,13,1,10,23,1,17
4,8,11.0,306,6,15,3,11,133,3,9
5,8,6.0,87,3,12,0,6,128,1,23
5,4,31.0,67,6,9,1,4,127,0,20
5,0,10.0,129,4,22,1,13,13,1,4
5,0,10.0,129,4,1,0,9,87,1,4
5,0,10.0,129,4,18,0,11,133,3,4
5,0,18.0,0,5,21,2,10,6,3,0
5,0,25.0,281,5,8,1,9,58,4,13
5,0,25.0,281,5,18,0,13,29,2,13
5,0,25.0,281,5,9,0,10,12,1,13
5,0,27.0,23,3,10,0,7,20,3,15
5,0,27.0,23,3,2,0,2,2,0,15
5,0,27.0,23,3,1,0,1,35,4,15
4,11,7.0,253,4,6,0,4,121,1,11
4,11,7.0,253,4,21,1,5,64,0,11
5,0,18.0,0,5,12,1,16,74,4,0
5,0,25.0,281,5,3,0,1,35,4,13
5,0,25.0,281,5,9,2,0,77,3,13
5,0,25.0,281,5,1,1,5,12,2,13
4,4,25.0,20,0,2,0,10,47,3,13
4,2,2.0,143,1,5,1,0,15,4,22
5,4,24.0,27,6,4,0,0,31,2,14
5,4,26.0,80,0,0,0,8,27,1,3
4,2,12.0,128,5,8,0,3,70,3,28
4,2,12.0,128,5,14,0,8,27,2,28
4,2,12.0,128,5,19,1,9,93,4,28
4,2,19.0,137,5,1,0,3,103,3,10
4,2,26.0,3,5,13,0,8,41,1,3
4,2,26.0,3,5,4,1,13,99,4,3
4,2,26.0,3,5,4,1,12,104,4,3
4,0,1.0,8,2,0,2,10,47,3,7
4,4,12.0,134,1,5,3,5,12,3,28
4,4,19.0,142,1,20,0,5,12,3,10
4,4,19.0,142,1,10,2,14,24,3,10
4,4,19.0,142,1,23,1,7,120,0,10
4,11,1.0,222,5,16,1,7,122,4,7
4,4,19.0,142,1,12,0,5,64,3,10
4,4,19.0,142,1,6,2,14,34,4,10
4,4,26.0,80,1,17,0,9,54,4,3
4,4,26.0,80,1,0,0,8,27,3,3
4,4,26.0,80,1,10,0,5,64,3,3
4,4,26.0,80,1,8,0,5,6,3,3
4,4,26.0,80,1,4,0,16,72,3,3
5,2,1.0,16,3,6,0,10,47,1,7
5,2,1.0,16,3,8,0,11,117,1,7
5,2,1.0,16,3,9,2,10,22,1,7
5,2,9.0,21,0,16,0,8,27,3,12
5,2,9.0,21,0,16,1,2,2,0,12
5,2,9.0,21,0,19,0,2,86,1,12
5,2,9.0,21,0,17,3,3,30,3,12
5,2,9.0,21,0,17,3,6,7,0,12
5,2,9.0,21,0,11,0,14,24,2,12
5,0,2.0,47,2,16,0,5,12,0,22
5,0,2.0,47,2,12,0,15,112,3,22
5,0,10.0,129,4,11,0,6,89,3,4
5,0,10.0,129,4,13,1,1,35,4,4
5,0,10.0,129,4,2,0,6,132,0,4
5,0,10.0,129,4,14,0,6,7,3,4
4,6,12.0,162,6,20,0,7,20,3,28
4,6,4.0,159,5,14,1,10,22,1,30
4,6,12.0,162,6,5,1,1,105,4,28
4,6,12.0,162,6,22,0,1,81,3,28
4,6,13.0,317,3,0,1,2,69,0,25
4,6,13.0,317,3,21,1,16,50,0,25
4,6,13.0,317,3,21,0,10,47,3,25
4,6,13.0,317,3,21,1,1,11,0,25
4,6,13.0,317,3,3,0,10,47,0,25
4,6,12.0,162,6,13,0,6,132,2,28
4,6,13.0,317,3,15,0,10,6,3,25
4,6,13.0,317,3,23,1,11,18,1,25
4,6,15.0,49,1,3,0,8,9,1,1
4,6,15.0,49,1,0,1,13,48,0,1
4,6,12.0,162,6,12,3,12,17,3,28
4,5,9.0,206,3,19,0,6,132,3,12
4,6,3.0,99,4,4,2,15,119,0,27
5,0,16.0,11,2,2,1,7,57,4,2
4,9,2.0,323,1,19,1,9,101,4,22
5,11,9.0,311,5,20,0,13,48,2,12
4,5,20.0,214,4,3,0,2,2,1,29
4,5,20.0,214,4,21,1,10,47,1,29
4,5,20.0,214,4,19,0,3,70,3,29
4,5,20.0,214,4,9,0,0,64,2,29
4,5,23.0,168,3,20,0,13,69,1,17
4,5,23.0,168,3,6,1,1,1,0,17
4,5,23.0,168,3,2,2,15,119,2,17
4,5,23.0,168,3,9,1,12,61,1,17
4,5,28.0,259,5,6,0,14,34,0,18
4,5,28.0,259,5,3,0,5,64,3,18
4,5,28.0,259,5,4,1,6,14,1,18
4,5,28.0,259,5,1,0,8,9,3,18
4,6,3.0,99,4,3,0,2,86,2,27
4,6,3.0,99,4,4,0,10,47,2,27
4,6,7.0,169,0,17,2,15,119,3,11
4,6,7.0,169,0,7,2,10,22,2,11
4,6,7.0,169,0,15,3,10,22,4,11
4,6,12.0,162,6,20,0,2,92,3,28
4,6,4.0,159,5,11,0,9,57,2,30
5,3,26.0,343,3,8,3,11,15,0,3
4,3,30.0,304,5,5,0,5,6,2,19
4,11,29.0,270,5,14,0,13,38,2,16
5,2,4.0,254,2,4,0,14,24,2,30
4,6,12.0,162,6,10,1,9,87,4,28
4,6,12.0,162,6,13,0,10,22,3,28
4,3,3.0,182,6,11,0,0,53,3,27
4,3,3.0,182,6,11,0,8,33,1,27
4,3,3.0,182,6,3,0,2,92,4,27
4,3,5.0,324,0,11,1,12,121,4,24
4,3,5.0,324,0,18,0,4,45,1,24
4,3,11.0,337,3,0,0,0,53,0,9
4,3,11.0,337,3,8,0,9,101,3,9
4,3,11.0,337,3,20,1,12,56,1,9
4,3,12.0,104,0,0,2,10,22,3,28
4,3,12.0,104,0,3,0,0,26,3,28
4,3,21.0,338,2,17,2,1,11,3,21
4,3,21.0,338,2,19,0,8,41,1,21
4,3,22.0,166,4,15,0,12,61,1,26
4,3,22.0,166,4,22,1,11,15,4,26
4,3,30.0,304,5,21,1,16,50,0,19
4,3,30.0,304,5,1,0,8,33,1,19
4,3,30.0,304,5,9,0,11,18,1,19
4,3,30.0,304,5,22,1,11,18,1,19
4,5,5.0,96,2,2,0,13,28,2,24
4,5,11.0,326,1,16,1,2,2,0,9
4,5,11.0,326,1,21,3,10,47,1,9
4,5,13.0,184,4,19,0,9,93,0,25
4,5,20.0,214,4,16,0,9,54,3,29
4,5,20.0,214,4,21,0,8,41,1,29
4,3,22.0,166,4,13,0,7,111,1,26
4,5,27.0,328,4,8,0,1,59,1,15
4,3,17.0,54,6,13,3,9,57,0,6
4,5,28.0,259,5,7,1,5,6,0,18
4,6,3.0,99,4,8,0,2,3,2,27
4,5,5.0,96,2,4,0,0,53,4,24
4,5,5.0,96,2,2,0,1,35,1,24
4,5,5.0,96,2,20,1,9,95,1,24
4,5,11.0,326,1,0,0,0,26,3,9
4,5,11.0,326,1,1,0,13,29,3,9
4,5,11.0,326,1,1,0,8,19,3,9
4,5,13.0,184,4,21,0,2,40,1,25
5,8,29.0,301,1,17,0,12,61,1,16
4,5,13.0,184,4,8,0,7,20,1,25
4,5,11.0,326,1,8,1,10,12,0,9
4,5,20.0,214,4,6,0,13,69,4,29
4,5,20.0,214,4,20,1,0,31,0,29
4,5,20.0,214,4,18,2,14,34,2,29
4,5,23.0,168,3,13,0,6,89,1,17
4,5,23.0,168,3,15,0,13,13,3,17
4,5,23.0,168,3,19,0,0,64,0,17
4,5,28.0,259,5,10,1,11,18,4,18
4,5,27.0,328,4,19,1,9,10,1,15
4,5,27.0,328,4,11,0,0,77,3,15
4,5,27.0,328,4,12,1,0,0,0,15
4,5,20.0,214,4,9,0,13,21,2,29
4,6,3.0,99,4,17,0,10,12,1,27
4,5,23.0,168,3,21,2,5,12,3,17
5,7,21.0,81,6,18,0,1,67,1,21
5,11,25.0,88,3,14,1,0,53,4,13
4,3,11.0,337,3,0,2,10,22,3,9
4,9,3.0,217,2,17,2,10,12,0,27
4,3,30.0,304,5,15,0,16,113,2,19
4,5,20.0,214,4,12,1,15,108,1,29
5,11,25.0,88,3,18,1,8,27,0,13
4,7,26.0,316,5,11,0,0,12,2,3
4,9,2.0,323,1,7,1,1,105,0,22
5,2,12.0,128,4,23,0,13,29,2,28
5,2,12.0,128,4,14,1,1,67,0,28
5,5,26.0,37,1,19,3,12,104,3,3
4,7,18.0,154,4,17,1,5,12,1,0
4,9,2.0,323,1,20,0,14,25,0,22
4,3,7.0,289,2,13,1,1,105,4,11
4,5,23.0,168,3,3,2,0,53,3,17
5,6,27.0,116,6,20,0,13,38,4,15
4,3,11.0,337,3,7,0,8,9,1,9
4,9,9.0,320,1,13,1,1,67,4,12
5,6,9.0,236,1,22,1,5,64,1,12
4,3,30.0,304,5,15,2,11,129,3,19
4,3,18.0,165,3,1,0,11,124,3,0
4,3,30.0,304,5,4,0,14,25,0,19
5,8,18.0,75,5,15,0,8,9,2,0
4,3,11.0,337,3,21,1,2,86,0,9
4,9,3.0,217,2,0,0,5,12,1,27
4,5,23.0,168,3,6,1,1,1,0,17
5,10,1.0,208,2,17,1,6,7,1,7
4,3,18.0,165,3,8,1,14,25,0,0
4,9,3.0,217,2,13,1,9,93,4,27
4,5,5.0,96,2,0,1,15,51,0,24
5,2,2.0,143,0,6,1,0,12,2,22
5,2,11.0,297,2,15,1,0,77,1,9
4,7,23.0,202,1,8,0,2,2,1,17
4,9,2.0,323,1,12,1,14,24,0,22
4,5,23.0,168,3,13,2,4,5,0,17
4,5,5.0,96,2,19,0,12,61,1,24
4,9,3.0,217,2,14,0,2,35,2,27
5,2,14.0,231,6,8,3,9,102,3,5
5,10,1.0,208,2,17,0,8,41,0,7
4,3,18.0,165,3,19,1,13,48,0,0
4,7,9.0,273,1,18,0,11,94,1,12
4,9,3.0,217,2,12,2,15,46,3,27
4,3,11.0,337,3,3,1,15,114,4,9
4,5,23.0,168,3,8,0,12,61,2,17
4,5,5.0,96,2,12,0,15,46,4,24
4,9,4.0,295,4,10,1,13,21,0,30
5,8,12.0,284,6,17,1,0,68,1,28
3,1,16.0,2,6,17,0,6,89,1,2
4,5,19.0,146,2,1,0,13,48,1,10
4,3,2.0,120,5,13,0,14,88,2,22
4,5,23.0,168,3,2,0,2,13,2,17
4,3,11.0,337,3,7,1,15,51,0,9
4,5,23.0,168,3,11,1,0,64,1,17
4,9,2.0,323,1,13,1,9,134,4,22
4,3,5.0,324,0,9,0,2,35,2,24
4,9,3.0,217,2,4,1,11,15,0,27
5,0,28.0,249,0,9,0,0,85,0,18
5,8,18.0,75,5,11,1,4,66,1,0
5,7,16.0,40,0,12,1,5,6,0,2
4,0,15.0,190,2,6,0,0,85,0,1
4,9,3.0,217,2,1,0,10,43,3,27
4,5,28.0,259,5,6,0,5,12,3,18
4,3,11.0,337,3,2,1,3,44,1,9
5,7,31.0,43,1,9,0,15,112,3,20
5,4,2.0,141,5,12,1,0,12,0,22
4,9,4.0,295,4,22,2,5,6,0,30
5,0,28.0,249,0,8,0,8,118,2,18
4,0,15.0,190,2,23,1,0,12,0,1
4,9,3.0,217,2,1,1,16,37,1,27
4,5,28.0,259,5,7,1,0,64,0,18
4,3,11.0,337,3,9,0,2,40,1,9
4,3,11.0,337,3,12,0,12,61,1,9
4,3,12.0,104,0,12,0,14,126,0,28
4,5,11.0,326,1,9,0,3,44,4,9
4,5,11.0,326,1,1,0,13,29,1,9
4,5,13.0,184,4,17,0,14,106,4,25
4,5,13.0,184,4,12,0,2,86,2,25
4,5,13.0,184,4,14,0,16,74,3,25
4,5,13.0,184,4,11,1,4,4,1,25
4,5,20.0,214,4,9,2,5,6,0,29
4,5,20.0,214,4,18,0,0,12,3,29
4,5,23.0,168,3,6,1,3,76,4,17
4,5,23.0,168,3,4,2,2,86,0,17
4,5,23.0,168,3,1,0,16,74,3,17
4,7,1.0,98,0,20,0,2,86,4,7
5,3,30.0,304,4,13,1,8,9,1,19
4,5,23.0,168,3,23,1,13,21,1,17
4,5,28.0,259,5,15,1,6,7,1,18
4,5,28.0,259,5,8,0,3,44,4,18
4,5,13.0,184,4,17,1,8,33,0,25
4,5,28.0,259,5,14,0,5,6,0,18
4,5,28.0,259,5,22,1,4,4,1,18
4,5,28.0,259,5,12,3,7,54,4,18
4,6,3.0,99,4,17,0,0,77,2,27
4,6,3.0,99,4,9,2,9,87,2,27
4,6,4.0,159,5,16,0,5,12,3,30
4,6,3.0,99,4,5,0,14,88,2,27
4,3,19.0,138,0,7,0,5,12,3,10
4,3,19.0,138,0,13,1,12,83,4,10
4,3,19.0,138,0,16,1,11,15,4,10
4,3,21.0,338,2,16,0,0,12,0,21
4,3,21.0,338,2,7,1,10,47,0,21
4,3,21.0,338,2,15,0,8,27,4,21
4,3,21.0,338,2,6,0,12,56,0,21
4,3,22.0,166,4,3,0,2,92,3,26
4,3,21.0,338,2,16,0,5,12,0,21
4,3,30.0,304,5,19,0,2,71,4,19
4,11,1.0,222,5,13,0,8,19,4,7
4,10,17.0,256,6,13,1,12,80,1,6
5,5,16.0,239,6,18,1,5,64,2,2
5,5,16.0,239,6,13,1,3,44,1,2
5,6,16.0,38,1,15,1,13,21,2,2
5,10,9.0,150,4,13,1,11,58,4,12
4,1,26.0,248,4,13,2,10,47,3,3
4,8,18.0,75,6,2,1,15,114,4,0
4,10,1.0,208,4,17,0,5,6,3,7
4,6,18.0,308,5,19,0,11,18,3,0
4,8,17.0,74,5,4,1,15,46,1,6
2,4,21.0,152,0,12,0,3,79,2,21
5,1,6.0,97,4,13,3,1,67,2,23
5,4,25.0,20,3,17,0,5,6,0,13
5,2,18.0,7,2,4,1,7,62,4,0
5,2,16.0,220,0,11,1,11,98,1,2
4,11,1.0,222,5,18,1,15,31,2,7
4,9,7.0,271,3,10,1,5,12,1,11
4,3,1.0,180,4,9,1,10,22,1,7
4,3,9.0,44,5,22,0,13,38,2,12
4,0,29.0,191,2,17,2,0,26,3,16
4,0,29.0,191,2,8,0,3,79,1,16
4,0,29.0,191,2,1,0,5,64,0,16
4,0,21.0,287,1,17,1,11,129,1,21
4,3,30.0,304,5,1,0,4,79,0,19
4,5,5.0,96,2,16,0,7,111,1,24
4,5,5.0,96,2,0,2,5,6,3,24
4,5,5.0,96,2,7,0,16,74,3,24
4,5,5.0,96,2,22,1,12,104,4,24
4,5,11.0,326,1,6,2,4,75,3,9
4,5,11.0,326,1,6,1,14,34,0,9
4,5,11.0,326,1,3,0,13,29,4,9
4,5,11.0,326,1,22,0,7,122,3,9
4,5,11.0,326,1,14,0,1,11,1,9
4,3,30.0,304,5,12,0,12,104,0,19
4,5,20.0,214,4,5,0,13,28,3,29
4,5,20.0,214,4,3,0,8,9,1,29
4,6,3.0,99,4,9,2,0,68,3,27
4,6,4.0,159,5,11,0,0,53,1,30
4,6,4.0,159,5,21,1,11,15,1,30
4,6,4.0,159,5,19,0,12,80,0,30
4,6,3.0,99,4,8,0,11,94,2,27
4,6,4.0,159,5,20,1,1,59,4,30
4,6,12.0,162,6,6,2,12,17,2,28
5,0,29.0,191,1,18,0,5,12,2,16
4,0,13.0,198,0,12,1,9,93,2,25
4,5,28.0,259,5,8,0,8,19,3,18
4,9,4.0,295,4,8,0,9,102,4,30
4,3,3.0,182,6,15,3,5,0,3,27
5,6,1.0,158,0,11,0,14,107,4,7
4,9,2.0,323,1,13,1,0,85,4,22
5,0,21.0,287,0,15,0,9,83,2,21
4,11,12.0,118,1,19,1,0,26,0,28
4,6,3.0,99,4,16,0,1,16,0,27
5,7,31.0,43,1,14,3,12,61,1,20
4,9,4.0,295,4,8,0,10,52,3,30
4,11,30.0,170,6,10,1,5,0,2,19
4,9,4.0,295,4,9,0,0,68,3,30
4,3,11.0,337,3,16,0,11,18,1,9
4,11,12.0,118,1,18,1,0,64,0,28
4,6,3.0,99,4,19,2,8,9,1,27
4,10,3.0,310,6,1,2,9,63,3,27
4,0,15.0,190,2,5,0,9,9,1,1
4,9,4.0,295,4,9,0,9,83,2,30
5,11,1.0,222,4,0,0,10,47,3,7
4,9,12.0,177,5,11,1,6,73,1,28
4,3,11.0,337,3,11,0,6,7,1,9
5,11,1.0,222,4,6,0,0,53,1,7
4,6,3.0,99,4,11,1,8,9,4,27
4,9,12.0,177,5,6,1,7,137,2,28
5,11,9.0,311,5,1,1,16,50,4,12
4,7,3.0,269,2,4,0,13,48,1,27
4,7,3.0,269,2,4,2,16,74,4,27
4,7,6.0,93,6,3,0,2,86,1,23
4,7,30.0,42,1,3,0,11,90,4,19
4,7,30.0,42,1,22,0,0,26,0,19
4,3,5.0,324,0,10,1,14,25,4,24
4,7,3.0,269,2,4,0,16,74,3,27
5,4,13.0,221,1,18,0,0,85,4,25
5,1,28.0,300,5,11,0,10,12,1,18
5,1,28.0,300,5,8,0,9,27,2,18
5,1,29.0,112,6,5,0,8,27,0,16
5,1,29.0,112,6,12,1,1,35,4,16
5,8,3.0,363,4,22,1,3,70,4,27
5,8,3.0,363,4,12,0,2,2,3,27
5,8,4.0,299,5,6,0,16,72,1,30
5,8,4.0,299,5,14,2,0,64,2,30
5,8,4.0,299,5,21,1,11,98,1,30
5,8,4.0,299,5,9,0,6,73,4,30
5,8,4.0,299,5,9,0,2,92,3,30
5,8,4.0,299,5,9,0,4,75,0,30
5,8,5.0,101,6,3,0,4,138,2,24
5,8,5.0,101,6,8,0,8,41,0,24
5,8,5.0,101,6,13,3,3,30,0,24
4,9,16.0,107,1,12,1,3,30,0,2
4,11,23.0,232,6,12,0,8,118,0,17
5,9,16.0,107,0,19,2,8,27,3,2
5,1,15.0,1,6,4,0,8,41,1,1
4,3,18.0,165,3,17,0,5,6,2,0
4,5,8.0,199,6,13,3,0,12,1,8
5,7,23.0,202,0,8,0,3,30,3,17
5,7,22.0,211,3,8,1,13,28,0,26
4,3,8.0,148,4,17,1,2,3,0,8
5,6,8.0,59,0,18,0,5,6,0,8
5,6,23.0,84,1,1,1,5,12,0,17
5,3,6.0,303,0,16,0,5,47,3,23
5,1,8.0,62,6,18,0,8,9,2,8
5,1,8.0,62,6,4,1,13,99,4,8
4,4,28.0,218,4,8,0,4,5,2,18
4,8,11.0,306,6,14,0,10,23,3,9
4,2,20.0,264,6,13,1,8,9,1,29
4,11,18.0,332,0,14,1,10,47,2,0
4,7,9.0,273,1,12,1,11,124,1,12
5,7,16.0,40,0,1,2,15,108,1,2
5,7,16.0,40,0,12,1,14,32,0,2
5,8,5.0,101,6,5,0,10,43,3,24
5,8,5.0,101,6,1,0,9,102,3,24
5,8,11.0,306,5,8,2,13,48,3,9
5,8,11.0,306,5,12,0,1,11,0,9
5,8,11.0,306,5,13,1,13,69,4,9
5,8,28.0,224,0,6,2,8,41,0,18
5,8,28.0,224,0,16,0,7,54,1,18
5,8,28.0,224,0,3,0,2,60,0,18
5,8,28.0,224,0,1,1,7,57,0,18
5,8,28.0,224,0,1,0,13,29,2,18
5,8,28.0,224,0,4,0,7,8,3,18
5,8,29.0,301,1,21,2,8,9,3,16
5,8,29.0,301,1,7,1,5,12,0,16
5,8,29.0,301,1,19,0,15,31,1,16
5,4,5.0,235,0,2,0,5,6,3,24
5,4,5.0,235,0,19,0,4,138,3,24
5,4,5.0,235,0,14,1,12,17,4,24
5,4,13.0,221,1,17,0,6,91,1,25
5,4,13.0,221,1,16,0,10,47,3,25
5,4,13.0,221,1,13,0,12,83,2,25
5,7,21.0,81,6,15,0,0,64,3,21
5,7,14.0,125,6,8,0,1,11,3,5
4,5,16.0,239,3,3,1,0,77,1,2
4,5,19.0,146,2,17,1,15,31,1,10
4,5,8.0,199,6,13,3,12,80,1,8
5,3,16.0,263,4,21,1,5,6,0,2
5,3,16.0,263,4,2,1,3,76,2,2
3,6,4.0,159,2,4,0,3,30,1,30
5,3,16.0,263,4,12,0,2,123,1,2
4,10,3.0,310,6,1,0,12,56,1,27
5,10,31.0,135,5,17,1,0,68,4,20
4,1,28.0,300,6,16,1,4,5,1,18
4,1,28.0,300,6,19,3,5,0,3,18
5,1,8.0,62,6,3,1,0,0,4,8
4,2,20.0,264,6,8,3,3,30,0,29
5,8,6.0,87,3,17,0,9,134,0,23
4,9,14.0,106,3,2,2,13,21,2,5
4,9,12.0,177,5,20,0,9,54,2,28
4,6,3.0,99,4,4,0,8,41,3,27
4,0,15.0,190,2,8,0,14,25,0,1
4,9,3.0,217,2,1,0,2,86,1,27
4,9,14.0,106,3,14,2,2,2,3,5
4,9,27.0,179,6,6,0,1,11,4,15
4,9,27.0,179,6,16,0,2,69,2,15
4,9,27.0,179,6,10,1,10,47,0,15
4,9,27.0,179,6,8,0,9,10,3,15
4,9,27.0,179,6,14,0,8,33,1,15
4,9,27.0,179,6,15,1,0,68,1,15
4,7,3.0,269,2,0,0,11,58,3,27
4,7,3.0,269,2,7,1,14,106,0,27
4,7,3.0,269,2,6,1,2,35,0,27
4,7,3.0,269,2,8,0,16,139,1,27
4,7,3.0,269,2,1,0,8,41,1,27
4,7,6.0,93,6,3,0,16,50,1,23
4,7,6.0,93,6,4,1,2,71,0,23
4,7,30.0,42,1,21,0,6,14,4,19
4,7,30.0,42,1,13,2,2,2,3,19
4,3,3.0,182,6,3,0,9,102,3,27
4,3,3.0,182,6,1,2,8,27,1,27
4,3,5.0,324,0,8,2,15,46,3,24
4,3,11.0,337,3,17,0,2,71,3,9
4,7,13.0,238,6,14,1,11,133,4,25
4,7,4.0,186,4,15,0,7,120,1,30
4,7,11.0,197,4,16,1,3,103,0,9
5,7,8.0,94,3,3,1,0,12,2,8
5,7,18.0,154,2,17,1,10,47,1,0
4,3,6.0,303,1,0,0,16,113,1,23
5,11,1.0,222,4,17,0,1,35,4,7
5,3,26.0,343,3,23,0,2,86,1,3
5,3,18.0,165,6,13,0,6,89,4,0
5,6,12.0,162,5,5,3,5,6,0,28
5,7,1.0,98,3,11,0,10,43,2,7
5,2,11.0,297,2,7,0,9,93,1,9
5,0,12.0,113,6,12,1,9,63,0,28
5,0,12.0,113,6,8,0,12,100,1,28
5,0,29.0,191,1,17,0,2,40,1,16
5,0,21.0,287,0,13,1,14,25,1,21
4,11,18.0,332,0,17,0,5,0,1,0
4,11,23.0,232,6,9,0,6,128,1,17
4,3,2.0,120,5,13,0,2,3,2,22
4,11,8.0,283,5,5,3,11,117,0,8
4,3,2.0,120,5,22,1,15,46,1,22
4,3,2.0,120,5,12,0,6,73,3,22
4,11,8.0,283,5,13,0,10,23,2,8
4,11,14.0,147,4,17,1,9,102,1,5
3,0,21.0,287,3,3,0,7,8,2,21
3,2,24.0,22,0,13,0,6,14,2,14
5,9,16.0,107,0,18,0,11,18,3,2
5,9,16.0,107,0,19,1,5,6,2,2
5,9,16.0,107,0,17,1,2,40,4,2
4,5,16.0,239,3,11,0,2,86,2,2
4,5,16.0,239,3,5,3,16,113,1,2
5,7,22.0,211,3,1,1,0,68,1,26
5,7,31.0,43,1,18,0,5,12,0,20
4,4,14.0,345,4,3,0,6,89,4,5
4,4,14.0,345,4,4,1,10,47,2,5
4,4,21.0,339,4,5,0,6,73,2,21
4,4,22.0,152,5,6,0,14,24,0,26
4,4,22.0,152,5,1,1,14,88,4,26
4,4,30.0,139,6,21,1,4,4,0,19
4,4,30.0,139,6,16,1,5,6,0,19
4,2,14.0,231,3,2,2,12,61,3,5
4,2,14.0,231,3,19,0,2,69,0,5
4,2,14.0,231,3,8,0,12,83,0,5
4,2,15.0,130,0,17,1,5,6,1,1
4,2,21.0,108,3,6,2,2,86,3,21
4,2,24.0,22,2,0,1,0,64,0,14
4,2,25.0,233,4,1,3,4,66,3,13
4,2,25.0,233,4,13,1,9,9,4,13
4,0,6.0,260,0,12,0,10,22,3,23
4,0,8.0,9,2,9,1,15,51,1,8
4,0,13.0,198,0,7,1,11,55,0,25
4,0,15.0,190,2,17,0,13,99,0,1
5,2,27.0,136,5,12,3,11,15,0,15
5,0,13.0,198,3,3,1,3,103,4,25
4,11,5.0,240,1,14,0,2,13,1,24
4,9,1.0,126,0,17,1,13,38,0,7
5,0,1.0,8,1,23,0,6,132,1,7
4,3,1.0,180,4,0,0,5,0,3,7
4,6,3.0,99,4,18,2,6,132,0,27
4,10,3.0,310,6,19,1,15,96,0,27
4,9,12.0,177,5,23,0,1,11,1,28
5,11,1.0,222,4,2,1,0,85,1,7
4,0,22.0,241,2,17,0,13,21,1,26
4,3,12.0,104,0,20,0,10,22,2,28
4,9,14.0,106,3,15,1,0,15,1,5
4,6,4.0,159,5,5,0,13,48,2,30
5,7,16.0,40,0,2,1,9,10,0,2
5,11,9.0,311,5,13,0,6,89,1,12
4,0,22.0,241,2,16,0,15,31,1,26
4,9,14.0,106,3,19,0,16,37,3,5
4,6,4.0,159,5,6,1,7,54,4,30
4,9,14.0,106,3,1,2,4,4,1,5
5,0,25.0,281,5,4,1,9,134,4,13
5,3,16.0,263,4,14,0,7,20,1,2
4,0,6.0,260,0,9,1,5,12,2,23
4,3,12.0,104,0,22,0,2,69,4,28
4,6,4.0,159,5,21,1,1,35,0,30
5,2,9.0,21,0,5,0,1,59,1,12
4,3,12.0,104,0,13,1,2,13,1,28
4,0,22.0,241,2,1,0,5,64,2,26
4,6,4.0,159,5,22,0,2,92,2,30
4,9,27.0,179,6,17,1,7,120,1,15
4,7,2.0,160,1,3,1,13,99,4,22
5,6,13.0,317,6,11,1,1,35,2,25
4,3,19.0,138,0,22,1,11,15,1,10
4,8,29.0,301,2,8,0,1,81,1,16
4,6,4.0,159,5,12,0,15,85,0,30
4,6,4.0,159,5,9,0,3,115,1,30
4,6,4.0,159,5,18,0,2,2,3,30
4,6,4.0,159,5,12,0,16,74,1,30
4,6,7.0,169,0,8,0,10,22,3,11
4,6,7.0,169,0,17,1,12,61,1,11
4,6,15.0,49,1,17,0,5,12,1,1
4,6,15.0,49,1,4,0,9,95,4,1
4,6,20.0,215,3,17,1,14,107,0,29
4,6,20.0,215,3,16,1,13,69,2,29
4,6,20.0,215,3,23,0,6,89,4,29
4,6,20.0,215,3,5,0,11,15,2,29
4,6,20.0,215,3,14,0,1,11,1,29
4,6,29.0,335,1,0,2,5,12,3,16
4,6,29.0,335,1,0,2,10,6,3,16
4,6,29.0,335,1,0,2,16,74,1,16
4,6,29.0,335,1,14,0,0,68,3,16
4,10,6.0,242,1,17,0,8,27,3,23
4,10,6.0,242,1,16,0,6,89,1,23
4,10,6.0,242,1,16,0,1,11,3,23
4,10,6.0,242,1,9,0,12,61,4,23
4,10,14.0,174,2,3,0,13,29,2,5
4,10,14.0,174,2,13,0,10,43,2,5
4,10,14.0,174,2,6,0,0,12,3,5
4,10,31.0,135,6,21,1,14,25,0,20
4,10,31.0,135,6,4,0,3,4,3,20
4,10,31.0,135,6,22,0,1,59,4,20
4,1,5.0,219,4,21,0,8,19,0,24
4,6,4.0,159,5,20,0,14,25,4,30
4,6,4.0,159,5,16,1,1,59,0,30
4,6,3.0,99,4,9,1,1,105,4,27
4,6,7.0,169,0,6,0,10,47,3,11
4,6,7.0,169,0,21,1,16,50,0,11
4,6,7.0,169,0,22,2,11,124,0,11
4,6,12.0,162,6,22,2,2,13,0,28
4,6,13.0,317,3,0,3,10,47,2,25
4,6,13.0,317,3,11,0,10,47,2,25
4,6,13.0,317,3,23,1,11,18,1,25
4,6,13.0,317,3,15,0,14,24,1,25
4,6,13.0,317,3,15,1,16,139,1,25
4,6,15.0,49,1,16,0,16,74,0,1
4,6,15.0,49,1,22,0,6,89,1,1
4,6,20.0,215,3,13,0,14,24,3,29
4,6,20.0,215,3,21,1,10,52,4,29
4,6,20.0,215,3,14,1,15,112,4,29
4,6,29.0,335,1,13,0,12,84,1,16
4,6,29.0,335,1,8,0,7,129,1,16
4,6,29.0,335,1,12,0,3,30,1,16
4,6,4.0,159,5,6,1,11,15,0,30
4,6,3.0,99,4,9,2,12,61,3,27
4,6,4.0,159,5,14,0,16,37,1,30
4,5,23.0,168,3,0,0,10,22,1,17
4,6,7.0,169,0,20,0,11,58,3,11
4,6,7.0,169,0,5,0,10,43,3,11
4,6,7.0,169,0,3,0,13,21,2,11
4,6,7.0,169,0,9,0,2,2,3,11
4,6,12.0,162,6,11,0,10,22,3,28
4,6,12.0,162,6,12,0,13,99,4,28
4,6,13.0,317,3,21,1,10,47,0,25
4,6,13.0,317,3,11,0,2,86,3,25
4,6,13.0,317,3,14,0,0,26,1,25
4,6,15.0,49,1,21,1,2,86,4,1
4,6,15.0,49,1,22,0,10,12,0,1
4,6,15.0,49,1,7,1,9,83,4,1
4,6,15.0,49,1,6,1,7,137,4,1
4,6,15.0,49,1,19,0,15,46,3,1
4,6,15.0,49,1,1,0,0,53,0,1
4,5,19.0,146,2,6,1,8,9,4,10
4,3,21.0,338,2,21,0,5,6,1,21
5,9,12.0,177,4,17,1,2,86,1,28
4,8,29.0,301,2,18,0,12,84,1,16
4,10,26.0,61,0,23,1,7,129,4,3
4,3,21.0,338,2,22,0,1,1,2,21
4,3,21.0,338,2,1,0,9,9,1,21
4,9,27.0,179,6,8,2,0,68,0,15
4,7,16.0,40,1,17,1,10,47,0,2
4,4,6.0,176,2,6,0,2,86,1,23
4,7,3.0,269,2,8,2,2,69,0,27
4,10,26.0,61,0,17,0,10,22,3,3
4,3,24.0,357,6,18,0,8,19,4,14
4,4,6.0,176,2,16,0,5,12,3,23
4,3,22.0,166,4,0,0,0,26,3,26
5,6,30.0,145,1,4,3,1,105,3,19
5,10,17.0,256,5,22,0,0,68,3,6
4,1,28.0,300,6,8,0,3,79,3,18
4,11,9.0,311,6,4,3,3,79,3,12
5,2,18.0,7,2,1,0,9,102,1,0
4,9,25.0,344,4,2,0,0,77,2,13
5,4,23.0,30,5,17,0,2,13,1,17
4,3,10.0,4,6,5,0,10,6,0,4
5,2,6.0,251,5,11,0,11,15,1,23
4,6,27.0,116,3,16,0,14,34,1,15
4,6,27.0,116,3,12,3,3,79,4,15
5,3,7.0,289,1,0,3,0,15,1,11
5,0,1.0,8,1,17,0,6,7,1,7
4,10,24.0,261,6,21,0,14,24,2,14
2,1,9.0,17,5,16,3,12,84,1,12
5,1,26.0,248,2,19,0,8,9,2,3
5,4,23.0,30,5,19,0,15,114,2,17
4,4,26.0,80,1,19,0,14,24,1,3
5,0,1.0,8,1,13,0,8,9,3,7
5,2,12.0,128,4,11,0,7,78,2,28
5,2,20.0,264,5,7,0,5,6,0,29
5,2,20.0,264,5,17,1,0,64,0,29
5,2,20.0,264,5,19,0,2,2,1,29
5,2,20.0,264,5,1,0,14,25,1,29
5,2,20.0,264,5,12,0,9,95,0,29
5,2,21.0,108,6,6,0,5,6,3,21
5,2,21.0,108,6,6,2,10,23,3,21
5,2,21.0,108,6,15,0,8,9,0,21
5,2,21.0,108,6,22,0,3,30,1,21
5,2,21.0,108,6,22,0,2,2,0,21
5,2,21.0,108,6,2,0,10,43,1,21
5,2,21.0,108,6,13,1,1,11,4,21
5,2,20.0,264,5,14,0,14,32,4,29
5,0,3.0,334,4,6,0,15,31,0,27
5,0,3.0,334,4,17,0,8,9,0,27
5,0,3.0,334,4,22,0,14,24,2,27
5,0,4.0,229,5,1,2,5,6,3,30
4,3,10.0,4,6,18,0,9,49,1,4
4,0,20.0,172,0,15,0,12,104,2,29
4,0,20.0,172,0,14,0,0,12,2,29
4,0,21.0,287,1,17,2,12,17,0,21
4,0,28.0,249,1,7,3,4,127,3,18
4,0,28.0,249,1,11,1,2,71,4,18
4,0,29.0,191,2,16,0,13,38,2,16
5,0,4.0,229,5,1,0,2,86,1,30
5,0,4.0,229,5,4,0,12,80,4,30
5,0,5.0,122,6,16,3,3,30,1,24
5,0,5.0,122,6,2,0,1,105,3,24
5,0,5.0,122,6,4,0,3,70,1,24
5,0,14.0,5,0,0,1,14,32,0,5
5,0,14.0,5,0,9,0,3,115,1,5
5,0,22.0,241,1,17,2,1,16,3,26
5,0,22.0,241,1,20,2,9,101,0,26
4,11,2.0,265,6,20,0,10,47,3,22
4,11,2.0,265,6,14,1,7,62,0,22
4,11,20.0,340,2,23,0,7,20,2,29
4,11,22.0,250,5,6,1,2,60,0,26
4,11,22.0,250,5,8,0,12,61,3,26
4,11,22.0,250,5,4,0,0,31,3,26
4,11,22.0,250,5,15,1,13,48,1,26
4,11,22.0,250,5,9,0,1,16,0,26
4,11,22.0,250,5,23,1,14,107,1,26
4,11,29.0,270,5,12,0,1,35,0,16
4,5,2.0,307,3,22,0,16,50,1,22
4,3,30.0,304,5,5,0,2,2,0,19
4,4,6.0,176,2,8,0,14,25,0,23
5,7,24.0,68,1,19,0,2,2,1,14
4,3,30.0,304,5,22,0,10,47,3,19
4,6,11.0,355,5,9,0,4,79,3,9
4,7,3.0,269,2,9,0,14,34,3,27
4,4,8.0,292,5,15,0,14,88,2,8
4,6,25.0,39,5,19,0,8,33,1,13
4,3,30.0,304,5,22,0,2,2,2,19
4,4,13.0,221,2,4,1,9,93,4,25
4,7,6.0,93,6,23,0,16,37,3,23
5,3,15.0,35,2,9,1,3,30,1,1
4,3,30.0,304,5,19,0,8,41,3,19
4,3,30.0,304,5,1,0,1,35,0,19
4,3,30.0,304,5,3,0,1,81,0,19
4,5,5.0,96,2,13,0,13,48,0,24
4,5,11.0,326,1,0,0,0,12,2,9
4,5,5.0,96,2,19,0,4,103,3,24
4,5,5.0,96,2,19,0,0,12,3,24
4,5,5.0,96,2,17,1,10,47,0,24
4,5,5.0,96,2,3,0,9,63,3,24
4,5,5.0,96,2,9,0,1,11,3,24
4,5,5.0,96,2,12,0,10,43,1,24
4,5,11.0,326,1,16,0,8,118,3,9
4,5,11.0,326,1,6,0,13,38,3,9
4,5,11.0,326,1,16,0,0,68,1,9
4,5,11.0,326,1,5,0,10,47,1,9
4,5,11.0,326,1,11,1,3,30,0,9
4,5,11.0,326,1,16,1,10,12,0,9
4,5,11.0,326,1,2,0,6,132,3,9
4,5,11.0,326,1,22,0,10,47,2,9
4,5,11.0,326,1,3,1,9,95,1,9
4,5,13.0,184,4,7,1,5,64,0,25
4,5,13.0,184,4,23,0,0,26,3,25
4,5,13.0,184,4,0,1,8,118,0,25
4,5,13.0,184,4,12,0,2,40,0,25
4,5,13.0,184,4,18,0,2,13,3,25
4,5,13.0,184,4,17,1,1,59,0,25
4,5,20.0,214,4,6,0,6,132,1,29
4,5,20.0,214,4,13,0,2,2,4,29
4,5,5.0,96,2,16,1,1,67,0,24
4,5,5.0,96,2,9,0,11,10,4,24
4,5,11.0,326,1,16,0,12,121,3,9
4,5,13.0,184,4,11,0,9,95,3,25
4,5,13.0,184,4,3,1,16,50,1,25
4,5,13.0,184,4,11,3,10,47,3,25
4,5,13.0,184,4,18,0,13,48,0,25
4,5,13.0,184,4,1,2,6,89,3,25
4,5,20.0,214,4,21,1,15,31,0,29
4,5,5.0,96,2,5,0,6,7,0,24
4,5,20.0,214,4,13,0,15,108,1,29
4,5,20.0,214,4,19,1,3,30,1,29
4,5,20.0,214,4,15,0,9,95,2,29
4,5,20.0,214,4,1,0,3,30,3,29
4,5,23.0,168,3,15,2,6,89,2,17
4,5,23.0,168,3,3,0,10,23,1,17
4,5,23.0,168,3,4,0,10,47,0,17
4,5,28.0,259,5,15,1,14,126,4,18
4,5,28.0,259,5,2,1,2,86,1,18
4,5,28.0,259,5,16,1,8,19,0,18
4,5,28.0,259,5,2,0,14,24,2,18
4,6,3.0,99,4,19,0,9,49,4,27
5,11,11.0,175,3,8,0,4,82,2,9
5,9,3.0,217,1,13,1,9,10,4,27
5,9,3.0,217,1,9,1,13,48,0,27
5,3,26.0,343,3,1,1,4,138,1,3
5,6,9.0,236,1,0,0,9,93,0,12
5,6,27.0,116,6,6,2,10,22,3,15
5,2,2.0,143,0,9,0,2,86,2,22
5,6,1.0,158,0,6,0,16,50,1,7
5,0,11.0,10,5,6,1,8,9,1,9
5,0,21.0,287,0,22,2,7,57,2,21
5,7,1.0,98,3,13,0,12,104,2,7
5,11,9.0,311,5,19,1,1,105,2,12
4,4,13.0,221,2,19,1,2,69,4,25
4,7,6.0,93,6,8,0,15,51,2,23
5,3,15.0,35,2,1,1,6,7,0,1
4,7,6.0,93,6,13,0,11,133,2,23
4,7,30.0,42,1,16,0,0,26,2,19
4,10,28.0,216,2,22,1,9,27,0,18
4,7,30.0,42,1,10,0,4,66,1,19
4,1,27.0,262,5,8,0,9,101,0,15
4,7,30.0,42,1,4,0,10,22,2,19
4,4,14.0,345,4,21,1,3,44,4,5
4,1,27.0,262,5,18,2,10,47,2,15
4,3,3.0,182,6,15,1,13,28,1,27
5,1,18.0,82,1,19,1,6,7,1,0
4,8,19.0,280,3,19,1,4,127,2,10
4,3,11.0,337,3,16,0,0,53,0,9
5,4,4.0,178,3,21,1,3,44,4,30
5,8,1.0,66,1,23,1,11,133,4,7
4,3,12.0,104,0,7,0,13,48,1,28
4,4,14.0,345,4,5,0,13,38,4,5
5,8,1.0,66,1,9,1,4,75,0,7
4,3,12.0,104,0,14,2,14,25,0,28
4,3,19.0,138,0,17,1,2,92,0,10
4,3,19.0,138,0,21,0,14,131,1,10
4,3,19.0,138,0,2,0,2,86,3,10
4,3,19.0,138,0,12,2,1,35,3,10
4,3,19.0,138,0,19,0,5,6,0,10
4,3,19.0,138,0,13,0,8,118,3,10
4,3,19.0,138,0,9,0,0,53,1,10
4,3,21.0,338,2,6,2,5,6,3,21
4,3,21.0,338,2,10,0,13,21,0,21
4,3,21.0,338,2,8,0,0,26,3,21
4,3,22.0,166,4,17,0,0,85,3,26
4,3,22.0,166,4,17,1,6,132,0,26
4,3,22.0,166,4,19,2,0,0,0,26
4,3,22.0,166,4,9,0,14,24,1,26
4,3,30.0,304,5,7,1,5,64,0,19
4,3,30.0,304,5,8,0,15,119,0,19
4,3,30.0,304,5,2,0,9,87,3,19
4,5,5.0,96,2,21,1,11,98,0,24
4,5,5.0,96,2,8,0,11,18,3,24
4,3,5.0,324,0,8,1,11,10,4,24
4,3,11.0,337,3,10,0,0,64,2,9
4,2,30.0,131,1,10,0,16,108,1,19
4,3,11.0,337,3,20,0,5,6,3,9
4,3,11.0,337,3,15,0,13,99,2,9
4,3,11.0,337,3,20,1,1,16,4,9
4,9,27.0,179,6,4,0,1,1,1,15
4,3,11.0,337,3,19,2,0,85,1,9
4,3,11.0,337,3,9,0,10,6,3,9
4,3,11.0,337,3,14,3,10,47,0,9
4,3,12.0,104,0,22,0,1,11,0,28
4,3,19.0,138,0,12,0,5,6,0,10
4,3,19.0,138,0,14,0,5,6,3,10
4,3,21.0,338,2,0,0,2,2,4,21
4,3,21.0,338,2,3,0,5,6,0,21
4,3,21.0,338,2,13,0,10,47,1,21
4,3,21.0,338,2,18,2,5,6,3,21
4,3,22.0,166,4,17,2,2,13,1,26
4,3,22.0,166,4,19,0,11,124,3,26
4,3,22.0,166,4,4,0,11,94,1,26
4,3,30.0,304,5,8,2,1,81,4,19
3,7,1.0,98,6,17,0,7,20,1,7
4,5,5.0,96,2,3,0,0,26,0,24
4,3,12.0,104,0,20,0,4,82,2,28
4,3,12.0,104,0,6,1,6,7,0,28
4,7,30.0,42,1,10,0,2,3,0,19
4,3,12.0,104,0,8,0,16,37,2,28
4,3,12.0,104,0,15,0,0,96,0,28
4,3,12.0,104,0,4,0,3,79,1,28
4,3,19.0,138,0,15,0,8,41,3,10
4,3,21.0,338,2,8,0,4,75,2,21
4,3,22.0,166,4,6,0,3,70,1,26
4,3,22.0,166,4,0,1,3,44,1,26
4,3,22.0,166,4,21,1,0,26,0,26
4,3,22.0,166,4,5,0,7,20,1,26
4,3,22.0,166,4,1,0,1,105,0,26
4,3,30.0,304,5,17,0,3,79,1,19
4,4,14.0,345,4,22,0,9,93,0,5
4,7,17.0,95,2,14,0,10,12,1,6
4,3,16.0,263,5,13,0,15,114,2,2
4,7,25.0,41,4,15,3,9,27,3,13
5,7,24.0,68,1,6,3,0,0,1,14
0,6,1.0,158,4,3,0,8,33,1,7
5,4,1.0,144,4,2,0,13,38,2,7
5,4,9.0,18,5,1,0,1,81,1,12
5,2,17.0,6,1,12,0,2,2,3,6
4,11,23.0,232,6,1,1,0,64,0,17
4,11,26.0,364,1,6,1,3,115,4,3
4,3,2.0,120,5,16,1,2,2,1,22
4,10,3.0,310,6,2,1,8,9,0,27
5,5,24.0,58,3,17,1,10,6,0,14
5,5,24.0,58,3,23,0,5,12,3,14
5,6,8.0,59,0,14,0,8,19,1,8
4,10,18.0,246,3,14,3,1,11,4,0
4,1,28.0,300,6,18,0,8,118,3,18
4,1,28.0,300,6,15,1,0,53,1,18
5,10,6.0,242,0,17,0,11,58,2,23
5,8,25.0,86,5,1,1,4,79,1,13
4,2,20.0,264,6,19,1,15,119,0,29
4,0,12.0,113,3,4,3,2,69,2,28
5,4,31.0,67,6,15,3,9,27,3,20
5,2,17.0,6,1,5,1,6,128,1,6
5,4,1.0,144,4,20,0,9,83,4,7
4,11,8.0,283,5,11,1,0,26,1,8
5,2,21.0,108,6,23,0,0,26,2,21
5,2,21.0,108,6,10,0,0,53,1,21
5,0,3.0,334,4,22,0,15,96,0,27
5,0,4.0,229,5,0,0,13,99,1,30
5,0,4.0,229,5,5,0,15,51,1,30
5,0,4.0,229,5,12,0,4,138,3,30
5,0,4.0,229,5,12,0,10,47,1,30
5,0,4.0,229,5,1,0,13,99,2,30
5,0,4.0,229,5,8,0,9,49,3,30
5,0,4.0,229,5,9,1,5,64,0,30
5,0,5.0,122,6,14,0,10,47,0,24
5,0,4.0,229,5,22,1,0,0,1,30
5,0,14.0,5,0,4,0,2,86,0,5
5,0,14.0,5,0,2,1,6,89,4,5
5,0,22.0,241,1,16,0,16,37,4,26
5,0,22.0,241,1,14,3,10,22,3,26
4,11,2.0,265,6,11,0,10,23,1,22
4,11,2.0,265,6,15,0,14,24,2,22
4,11,2.0,265,6,4,2,14,107,3,22
4,11,20.0,340,2,6,0,8,33,1,29
4,11,20.0,340,2,22,0,11,15,1,29
4,11,22.0,250,5,2,0,1,105,3,26
4,11,22.0,250,5,4,0,11,15,2,26
4,11,29.0,270,5,7,1,4,5,4,16
4,11,29.0,270,5,12,0,10,52,1,16
4,11,29.0,270,5,22,0,5,6,0,16
5,4,13.0,221,1,3,0,13,38,4,25
5,4,13.0,221,1,15,0,8,9,1,25
5,4,13.0,221,1,18,0,15,46,3,25
5,4,20.0,115,1,11,0,2,123,0,29
5,8,5.0,101,6,4,0,1,67,3,24
5,4,29.0,313,4,6,1,6,7,0,16
4,4,29.0,313,5,11,1,10,23,1,16
4,2,16.0,220,1,13,1,12,135,4,2
5,4,29.0,313,4,8,0,1,16,3,16
5,4,30.0,139,5,6,0,14,24,1,19
5,4,30.0,139,5,18,1,5,6,0,19
4,9,27.0,179,6,11,0,10,47,3,15
4,9,27.0,179,6,19,0,2,40,4,15
4,9,27.0,179,6,14,0,8,9,1,15
4,9,27.0,179,6,19,2,1,16,2,15
4,9,27.0,179,6,9,0,9,49,1,15
4,7,3.0,269,2,5,1,10,47,0,27
4,7,3.0,269,2,2,3,0,77,0,27
4,1,16.0,2,0,3,0,5,0,2,2
4,1,25.0,65,2,18,1,11,15,4,13
5,6,30.0,145,1,13,1,4,4,1,19
5,10,17.0,256,5,11,0,4,5,2,6
5,10,31.0,135,5,4,0,9,49,1,20
4,8,27.0,78,0,18,0,0,0,0,15
5,1,8.0,62,6,17,0,11,8,1,8
5,1,8.0,62,6,15,1,11,90,0,8
5,1,8.0,62,6,19,1,12,17,4,8
5,10,6.0,242,0,4,3,2,2,3,23
5,1,23.0,69,3,9,1,13,21,4,17
5,6,30.0,145,1,2,0,0,68,4,19
4,2,20.0,264,6,16,1,11,18,3,29
4,2,17.0,6,2,9,1,1,81,1,6
4,2,20.0,264,6,22,3,6,132,1,29
4,0,12.0,113,3,11,0,13,38,2,28
4,0,12.0,113,3,9,3,0,53,3,28
4,11,6.0,252,2,6,0,8,9,4,23
5,1,15.0,1,6,6,0,3,44,1,1
5,4,1.0,144,4,2,0,13,69,3,7
5,8,6.0,87,3,13,1,5,6,1,23
5,2,23.0,230,0,20,0,5,12,2,17
3,3,30.0,304,2,6,0,0,77,0,19
4,3,17.0,54,6,22,3,10,47,2,6
4,7,3.0,269,2,22,0,4,4,1,27
4,7,3.0,269,2,12,0,9,10,4,27
4,7,3.0,269,2,12,0,13,48,1,27
4,7,6.0,93,6,15,0,16,74,2,23
4,7,6.0,93,6,9,0,8,118,4,23
4,7,30.0,42,1,16,0,3,30,3,19
4,7,30.0,42,1,0,0,1,11,4,19
4,7,30.0,42,1,4,0,11,94,2,19
4,7,30.0,42,1,2,1,12,104,0,19
4,7,30.0,42,1,9,0,5,6,1,19
4,3,3.0,182,6,0,1,10,47,0,27
4,3,3.0,182,6,3,0,9,101,2,27
4,3,3.0,182,6,14,0,10,47,0,27
4,3,5.0,324,0,0,1,0,68,2,24
4,3,5.0,324,0,8,0,0,15,0,24
4,3,5.0,324,0,4,1,11,58,4,24
4,3,11.0,337,3,18,0,12,134,3,9
4,3,12.0,104,0,22,0,1,67,4,28
5,2,4.0,254,2,13,0,11,90,1,30
5,2,4.0,254,2,22,0,9,49,3,30
4,0,2.0,47,4,20,0,9,57,2,22
4,0,2.0,47,4,22,0,13,38,2,22
4,0,3.0,334,5,22,1,1,16,4,27
4,9,26.0,267,5,12,2,2,69,0,3
4,7,2.0,160,1,6,0,5,12,3,22
4,7,2.0,160,1,16,0,7,111,1,22
4,7,2.0,160,1,23,1,11,15,0,22
4,10,28.0,216,2,14,0,10,30,0,18
4,10,28.0,216,2,21,1,7,111,0,18
4,1,8.0,62,3,17,0,2,2,4,8
4,2,12.0,128,5,8,2,12,61,2,28
4,5,2.0,307,3,14,2,10,43,3,22
4,1,19.0,29,4,4,0,5,47,3,10
4,1,8.0,62,3,23,0,6,7,0,8
5,8,13.0,189,3,19,1,12,104,4,25
4,1,8.0,62,3,14,0,10,22,3,8
4,1,8.0,62,3,20,1,2,92,4,8
4,1,8.0,62,3,15,1,1,105,4,8
4,1,10.0,17,1,15,1,14,34,1,4
4,1,10.0,17,1,5,0,13,21,1,4
4,1,8.0,62,3,19,0,5,12,0,8
5,0,18.0,0,5,12,2,9,102,3,0
4,1,18.0,82,2,6,0,0,68,0,0
4,1,18.0,82,2,3,1,6,91,4,0
4,1,18.0,82,2,5,0,1,16,1,0
4,1,18.0,82,2,8,0,8,41,1,0
4,1,19.0,29,4,16,1,16,37,0,10
4,1,19.0,29,4,3,0,13,28,0,10
4,1,27.0,262,5,20,0,7,78,4,15
4,1,27.0,262,5,5,0,1,105,4,15
4,1,27.0,262,5,2,0,10,47,0,15
4,8,1.0,66,2,5,0,2,2,4,7
4,3,26.0,343,0,6,0,14,24,1,3
4,8,1.0,66,2,5,0,13,38,2,7
4,8,1.0,66,2,14,0,13,29,1,7
4,6,17.0,244,4,22,3,11,15,3,6
4,10,25.0,56,3,4,0,14,107,3,13
4,7,16.0,40,1,18,0,14,24,0,2
4,8,1.0,66,2,9,0,0,26,3,7
4,10,16.0,201,5,11,0,5,12,3,2
4,10,16.0,201,5,11,0,13,38,2,2
4,5,24.0,58,0,8,0,10,23,1,14
4,10,16.0,201,5,2,0,9,57,0,2
4,10,25.0,56,3,15,1,10,22,1,13
4,10,25.0,56,3,16,2,14,25,3,13
4,10,25.0,56,3,7,1,1,16,0,13
4,10,25.0,56,3,4,0,6,89,1,13
4,10,28.0,216,2,6,0,6,7,0,18
4,10,28.0,216,2,6,1,8,19,0,18
4,10,28.0,216,2,21,1,6,14,0,18
4,10,28.0,216,2,15,0,3,44,4,18
4,10,28.0,216,2,18,2,10,12,0,18
4,1,8.0,62,3,6,1,11,10,2,8
4,1,8.0,62,3,4,0,14,34,3,8
4,1,8.0,62,3,9,2,10,52,3,8
4,1,8.0,62,3,13,0,0,68,0,8
4,1,18.0,82,2,21,0,10,23,3,0
4,1,18.0,82,2,13,0,6,116,4,0
4,1,18.0,82,2,3,0,3,79,1,0
4,1,18.0,82,2,13,0,4,121,4,0
4,1,27.0,262,5,9,0,8,33,1,15
4,1,27.0,262,5,19,0,5,6,0,15
4,1,18.0,82,2,3,0,14,25,0,0
4,1,19.0,29,4,6,0,5,47,0,10
4,1,19.0,29,4,6,1,10,23,0,10
4,1,18.0,82,2,2,1,0,53,4,0
4,1,19.0,29,4,13,0,0,31,0,10
4,1,18.0,82,2,15,1,4,79,2,0
4,1,19.0,29,4,7,1,10,47,0,10
4,1,19.0,29,4,16,1,14,88,4,10
4,1,19.0,29,4,9,0,16,65,3,10
4,1,27.0,262,5,16,0,1,67,1,15
4,1,27.0,262,5,7,2,15,96,0,15
4,1,18.0,82,2,13,3,0,64,3,0
4,1,27.0,262,5,15,0,2,86,3,15
4,8,2.0,77,4,22,0,4,4,1,22
4,8,11.0,306,6,15,1,2,92,4,9
4,1,9.0,50,0,13,1,10,23,1,12
5,0,9.0,48,2,11,1,9,58,4,12
4,4,28.0,218,4,12,0,11,18,2,18
5,0,24.0,55,4,15,1,0,64,0,14
4,11,14.0,147,4,11,0,13,29,2,5
4,9,9.0,320,1,5,0,11,18,3,12
4,7,23.0,202,1,7,1,10,22,0,17
4,3,18.0,165,3,13,0,1,81,2,0
4,3,18.0,165,3,2,0,13,21,3,0
4,6,1.0,158,1,6,1,9,27,0,7
4,6,24.0,31,4,12,0,10,47,3,14
4,11,26.0,364,1,21,1,14,126,4,3
4,7,7.0,293,3,10,1,6,128,4,11
4,7,7.0,293,3,2,1,1,105,2,11
4,7,23.0,202,1,22,0,10,47,0,17
4,1,27.0,262,5,8,0,4,79,0,15
4,1,27.0,262,5,4,2,1,1,2,15
4,1,27.0,262,5,18,0,11,94,2,15
4,1,27.0,262,5,18,1,0,12,1,15
4,6,2.0,352,2,17,0,6,73,3,22
4,1,19.0,29,4,18,2,10,22,0,10
5,1,5.0,219,2,21,2,5,0,3,24
4,8,6.0,87,0,3,0,2,86,2,23
4,6,25.0,39,5,9,0,5,6,3,13
4,7,17.0,95,2,9,0,14,24,1,6
4,6,25.0,39,5,0,1,0,53,0,13
4,6,26.0,348,6,17,1,13,13,4,3
4,10,25.0,56,3,18,0,6,7,3,13
4,9,26.0,267,5,18,0,1,11,1,3
4,1,18.0,82,2,22,3,11,94,4,0
4,6,25.0,39,5,2,1,0,26,1,13
4,2,12.0,128,5,2,0,7,57,2,28
4,7,25.0,41,4,17,1,10,22,0,13
5,4,28.0,218,2,22,0,12,135,1,18
4,6,26.0,348,6,10,1,5,12,1,3
4,6,2.0,352,2,18,0,10,47,1,22
4,10,28.0,216,2,6,1,9,95,1,18
4,7,2.0,160,1,0,0,9,57,3,22
4,1,27.0,262,5,23,2,10,47,0,15
4,6,26.0,348,6,8,0,3,115,3,3
4,2,12.0,128,5,19,2,6,132,3,28
4,3,25.0,347,3,16,0,15,114,1,13
4,6,26.0,348,6,20,1,8,118,4,3
4,6,2.0,352,2,12,0,14,110,3,22
4,10,28.0,216,2,0,0,10,23,1,18
4,7,2.0,160,1,23,1,10,47,0,22
4,1,27.0,262,5,7,1,14,25,0,15
4,6,17.0,244,4,8,0,5,6,3,6
4,6,17.0,244,4,14,0,6,91,1,6
4,6,25.0,39,5,20,0,14,25,3,13
4,6,25.0,39,5,7,1,15,85,0,13
4,6,25.0,39,5,16,1,6,7,0,13
4,6,25.0,39,5,23,0,5,6,2,13
5,8,1.0,66,1,17,0,1,1,1,7
4,6,25.0,39,5,21,1,8,19,0,13
4,6,25.0,39,5,9,0,0,12,3,13
4,6,26.0,348,6,6,0,9,49,1,3
4,6,26.0,348,6,21,1,1,67,4,3
4,10,2.0,358,5,19,0,15,39,1,22
4,6,26.0,348,6,13,0,9,57,0,3
4,10,11.0,298,3,15,0,10,22,1,9
4,10,11.0,298,3,9,0,10,22,1,9
4,10,11.0,298,3,9,0,1,1,0,9
4,10,16.0,201,5,6,0,7,78,1,2
4,10,25.0,56,3,23,1,7,8,4,13
4,10,25.0,56,3,14,0,8,41,3,13
4,10,25.0,56,3,13,1,7,120,0,13
4,10,25.0,56,3,18,0,2,2,1,13
4,10,25.0,56,3,18,0,16,74,3,13
4,10,28.0,216,2,6,0,1,35,0,18
4,9,4.0,295,4,22,1,14,126,4,30
5,0,14.0,5,0,11,0,6,73,4,5
4,11,22.0,250,5,10,0,6,7,0,26
4,6,4.0,159,5,12,1,9,27,0,30
5,9,17.0,255,1,22,2,16,65,0,6
5,5,12.0,327,1,16,1,13,29,1,28
5,5,19.0,146,1,21,1,5,6,0,10
5,5,1.0,109,5,2,3,10,47,2,7
5,5,4.0,114,0,17,0,6,116,1,30
4,4,29.0,313,5,9,1,10,47,1,16
4,4,31.0,67,3,22,3,0,26,1,20
4,2,30.0,131,1,2,0,4,66,2,19
4,9,14.0,106,3,19,0,13,29,1,5
4,3,22.0,166,4,2,0,12,56,2,26
4,3,22.0,166,4,11,3,8,65,4,26
4,6,7.0,169,0,22,1,11,58,2,11
0,3,1.0,180,6,17,0,4,4,1,7
5,11,10.0,360,6,13,1,13,99,4,4
5,11,26.0,364,0,18,1,11,18,2,3
4,6,7.0,169,0,17,1,2,2,4,11
4,6,4.0,159,5,20,1,1,59,4,30
4,5,5.0,96,2,22,3,0,68,0,24
4,6,12.0,162,6,12,2,5,64,3,28
4,11,7.0,253,4,8,0,6,73,0,11
4,11,7.0,253,4,23,1,15,46,1,11
4,11,7.0,253,4,8,1,9,63,1,11
4,11,15.0,331,5,14,2,0,26,4,1
4,11,16.0,225,6,23,0,2,86,4,2
4,11,16.0,225,6,13,1,6,116,1,2
4,11,25.0,88,0,13,1,4,66,2,13
4,11,25.0,88,0,15,0,9,134,2,13
4,11,25.0,88,0,2,0,14,131,1,13
4,11,31.0,227,3,8,0,0,64,3,20
4,11,31.0,227,3,12,0,2,86,1,20
4,11,31.0,227,3,2,0,14,106,4,20
4,9,8.0,90,0,0,0,16,37,1,8
4,9,8.0,90,0,22,2,7,111,0,8
4,9,8.0,90,0,14,0,8,41,1,8
4,9,8.0,90,0,14,0,1,59,1,8
4,9,8.0,90,0,1,1,12,58,4,8
4,9,10.0,156,2,7,1,0,31,0,4
4,9,10.0,156,2,21,2,9,102,3,4
4,9,10.0,156,2,6,1,16,72,4,4
4,9,10.0,156,2,16,0,1,67,0,4
4,9,10.0,156,2,4,0,1,35,4,4
5,0,1.0,8,1,17,0,16,42,1,7
4,11,1.0,222,5,9,0,4,136,1,7
4,3,17.0,54,6,17,3,2,2,1,6
4,6,9.0,236,2,21,1,4,4,1,12
4,5,1.0,109,6,2,0,6,14,4,7
4,1,17.0,63,1,1,0,2,2,1,6
4,1,26.0,248,4,12,2,5,64,3,3
4,1,26.0,248,4,3,0,9,93,4,3
4,1,26.0,248,4,4,1,0,68,4,3
5,0,1.0,8,1,17,1,7,8,4,7
4,2,19.0,137,5,6,0,11,58,2,10
4,2,19.0,137,5,4,2,8,118,2,10
4,2,19.0,137,5,4,0,3,30,3,10
4,2,26.0,3,5,0,1,14,32,0,3
4,2,26.0,3,5,10,1,15,114,0,3
4,2,26.0,3,5,12,2,12,104,3,3
4,2,26.0,3,5,4,0,1,11,4,3
4,0,1.0,8,2,7,0,8,9,4,7
4,6,26.0,348,6,19,2,8,27,3,3
4,2,19.0,137,5,1,0,12,104,0,10
5,2,14.0,231,6,0,0,10,22,1,5
4,6,10.0,149,4,13,0,13,29,1,4
4,3,25.0,347,3,6,1,15,31,1,13
4,6,26.0,348,6,3,1,1,59,4,3
4,10,25.0,56,3,21,0,10,47,3,13
4,7,16.0,40,1,6,0,8,33,1,2
4,6,26.0,348,6,9,2,9,95,0,3
4,3,25.0,347,3,23,1,9,83,1,13
4,10,2.0,358,5,16,1,7,111,0,22
5,6,8.0,59,0,22,0,9,63,2,8
4,6,26.0,348,6,13,0,8,41,2,3
4,7,16.0,40,1,10,0,4,66,2,2
4,2,26.0,3,5,0,0,10,6,3,3
4,3,26.0,343,0,20,0,13,38,0,3
4,10,2.0,358,5,22,2,11,15,3,22
5,6,1.0,158,0,18,0,9,101,1,7
4,10,3.0,310,6,3,3,14,25,4,27
4,10,18.0,246,3,14,0,14,25,1,0
4,10,26.0,61,0,8,1,2,86,4,3
4,1,16.0,2,0,12,1,2,69,0,2
4,1,25.0,65,2,18,1,10,43,1,13
4,1,1.0,203,3,6,0,8,27,0,7
5,2,23.0,230,0,20,3,8,118,0,17
5,0,9.0,48,2,14,1,9,27,0,12
5,0,16.0,11,2,13,1,0,15,4,2
5,0,24.0,55,4,3,1,16,50,1,14
5,11,15.0,331,4,2,3,9,93,3,1
5,9,21.0,362,6,9,1,15,96,0,21
5,7,23.0,202,0,13,1,11,90,4,17
5,5,13.0,184,2,4,1,13,36,0,25
5,5,24.0,58,3,6,1,5,64,0,14
5,5,23.0,168,6,4,1,0,53,0,17
5,5,23.0,168,6,17,1,8,118,1,17
5,5,23.0,168,6,12,0,13,21,2,17
5,6,13.0,317,6,4,2,11,124,0,25
5,6,23.0,84,1,8,0,6,128,1,17
4,1,16.0,2,0,1,1,0,53,0,2
4,1,16.0,2,0,18,1,3,115,4,2
4,6,10.0,149,4,2,2,14,32,3,4
4,6,10.0,149,4,9,2,10,47,3,4
4,6,11.0,355,5,13,2,3,44,0,9
4,6,10.0,149,4,3,0,14,126,4,4
4,6,11.0,355,5,3,1,12,61,1,9
4,6,11.0,355,5,13,0,8,41,2,9
4,6,11.0,355,5,14,0,16,37,3,9
4,6,16.0,38,2,11,3,6,7,3,2
5,0,10.0,129,4,19,0,8,9,3,4
5,0,18.0,0,5,23,0,10,12,3,0
5,0,18.0,0,5,8,1,14,25,1,0
5,0,18.0,0,5,3,1,9,101,4,0
5,0,25.0,281,5,21,0,8,41,1,13
5,0,25.0,281,5,5,0,6,89,1,13
5,0,25.0,281,5,22,1,16,37,1,13
5,0,25.0,281,5,2,0,0,15,1,13
5,0,25.0,281,5,14,0,4,5,0,13
5,0,25.0,281,5,1,1,1,1,1,13
5,0,25.0,281,5,18,0,0,85,4,13
5,0,26.0,14,6,17,0,5,12,0,3
5,0,26.0,14,6,7,0,2,2,1,3
5,0,26.0,14,6,18,0,11,90,1,3
5,0,27.0,23,3,10,1,13,48,4,15
5,0,27.0,23,3,21,1,5,6,0,15
5,0,26.0,14,6,18,1,3,30,0,3
5,0,27.0,23,3,2,0,1,11,4,15
5,0,27.0,23,3,8,0,7,78,4,15
5,0,10.0,129,4,15,1,7,20,4,4
4,4,25.0,20,0,15,0,11,124,1,13
4,4,25.0,20,0,5,1,11,18,1,13
4,2,2.0,143,1,17,1,5,6,0,22
4,2,2.0,143,1,4,1,13,38,2,22
4,2,11.0,297,4,7,1,10,23,1,9
4,7,25.0,41,4,2,0,2,69,0,13
4,7,25.0,41,4,14,0,2,123,1,13
4,7,25.0,41,4,3,1,11,18,1,13
4,3,24.0,357,6,13,0,9,57,0,14
4,3,26.0,343,0,0,2,5,6,0,3
4,3,26.0,343,0,10,0,16,42,1,3
4,3,24.0,357,6,14,0,10,22,1,14
4,5,2.0,307,3,20,0,8,41,1,22
4,5,17.0,212,0,21,1,5,12,0,6
4,5,17.0,212,0,23,0,10,47,1,6
4,5,17.0,212,0,13,0,10,47,1,6
4,5,17.0,212,0,14,0,12,100,2,6
4,5,17.0,212,0,3,1,9,10,1,6
4,5,24.0,58,0,5,0,4,45,4,14
4,5,24.0,58,0,22,0,2,86,1,14
4,5,24.0,58,0,8,1,9,134,4,14
4,5,24.0,58,0,12,0,13,28,3,14
4,6,2.0,352,2,17,0,12,61,1,22
4,6,2.0,352,2,17,1,6,7,0,22
4,6,2.0,352,2,5,0,15,114,1,22
4,6,2.0,352,2,8,0,6,7,3,22
4,6,2.0,352,2,18,0,2,40,1,22
4,6,2.0,352,2,3,1,5,6,1,22
4,5,24.0,58,0,5,1,10,43,1,14
4,6,11.0,355,5,12,1,9,101,1,9
4,6,11.0,355,5,12,0,12,61,1,9
4,6,11.0,355,5,18,0,8,41,1,9
4,6,16.0,38,2,17,0,0,26,3,2
4,6,10.0,149,4,21,2,7,20,3,4
4,6,17.0,244,4,12,2,15,96,3,6
4,6,17.0,244,4,2,0,5,6,0,6
4,10,2.0,358,5,17,2,13,99,4,22
4,7,16.0,40,1,15,2,8,9,3,2
4,10,28.0,216,2,14,0,0,68,1,18
5,1,1.0,203,6,13,0,6,7,2,7
4,2,26.0,3,5,0,1,14,25,0,3
4,7,16.0,40,1,13,0,10,47,2,2
5,6,1.0,158,0,17,0,15,85,1,7
4,10,2.0,358,5,7,1,3,44,2,22
4,1,8.0,62,3,0,0,5,6,0,8
4,2,26.0,3,5,20,0,13,69,2,3
4,10,2.0,358,5,12,1,8,27,1,22
4,3,6.0,303,1,14,3,14,106,3,23
4,10,2.0,358,5,11,2,0,26,3,22
4,1,8.0,62,3,11,1,8,41,1,8
4,3,26.0,343,0,4,2,8,19,0,3
4,7,16.0,40,1,12,0,11,133,0,2
4,5,17.0,212,0,14,2,7,31,3,6
4,10,11.0,298,3,5,2,15,39,3,9
4,5,12.0,327,2,20,1,3,76,4,28
4,10,2.0,358,5,19,0,0,77,1,22
4,1,8.0,62,3,19,0,8,9,0,8
4,0,27.0,23,0,13,1,3,103,4,15
4,5,17.0,212,0,13,1,12,61,1,6
4,5,24.0,58,0,17,1,3,30,0,14
4,5,24.0,58,0,12,0,4,127,3,14
4,6,2.0,352,2,6,0,4,4,3,22
4,6,2.0,352,2,10,1,5,64,0,22
4,6,2.0,352,2,11,0,9,57,0,22
4,6,2.0,352,2,2,2,16,50,1,22
4,6,2.0,352,2,4,0,12,100,1,22
4,6,2.0,352,2,14,0,10,47,0,22
4,6,2.0,352,2,1,0,6,128,1,22
4,6,10.0,149,4,0,0,4,66,1,4
4,6,10.0,149,4,0,1,13,13,0,4
4,6,10.0,149,4,3,0,9,57,1,4
4,6,10.0,149,4,4,0,13,21,1,4
4,6,11.0,355,5,0,0,14,34,1,9
4,6,10.0,149,4,3,0,2,86,2,4
4,6,11.0,355,5,11,0,2,69,3,9
4,3,26.0,343,0,1,2,14,34,3,3
4,5,2.0,307,3,12,0,0,31,2,22
4,5,17.0,212,0,0,1,9,10,0,6
4,5,17.0,212,0,4,0,5,64,0,6
4,5,24.0,58,0,3,1,2,86,4,14
4,5,24.0,58,0,18,0,13,99,1,14
4,5,24.0,58,0,5,1,0,26,4,14
4,5,24.0,58,0,2,0,3,115,1,14
4,6,2.0,352,2,17,0,4,79,2,22
4,6,2.0,352,2,16,1,14,126,4,22
4,6,2.0,352,2,17,1,6,7,0,22
4,6,2.0,352,2,12,0,8,33,1,22
4,6,2.0,352,2,19,0,16,50,1,22
4,6,10.0,149,4,22,1,12,61,1,4
4,6,10.0,149,4,5,0,10,12,2,4
4,6,11.0,355,5,16,0,12,84,1,9
4,6,11.0,355,5,0,2,14,34,3,9
4,6,11.0,355,5,20,0,1,105,3,9
4,6,16.0,38,2,6,0,5,6,0,2
4,6,16.0,38,2,17,1,11,133,0,2
4,6,16.0,38,2,16,0,5,12,1,2
4,6,16.0,38,2,16,0,0,12,0,2
4,6,16.0,38,2,13,0,7,120,1,2
4,7,2.0,160,1,3,0,6,7,1,22
4,7,2.0,160,1,9,0,8,65,4,22
4,7,2.0,160,1,18,0,13,69,0,22
4,7,2.0,160,1,18,2,0,96,1,22
4,7,16.0,40,1,6,1,3,44,4,2
4,7,16.0,40,1,18,0,10,52,4,2
4,7,17.0,95,2,19,0,5,12,0,6
4,7,17.0,95,2,19,0,1,59,3,6
4,7,25.0,41,4,17,1,10,47,0,13
4,7,25.0,41,4,22,0,10,47,1,13
4,7,25.0,41,4,4,0,3,115,4,13
4,7,25.0,41,4,15,1,1,11,4,13
4,3,24.0,357,6,17,2,10,22,3,14
4,3,24.0,357,6,7,2,13,28,0,14
4,3,16.0,263,5,13,2,8,41,2,2
4,3,24.0,357,6,19,0,3,115,1,14
4,3,24.0,357,6,9,0,3,115,1,14
4,3,25.0,347,3,6,0,0,77,1,13
4,3,25.0,347,3,20,0,12,100,4,13
4,3,25.0,347,3,15,1,8,65,4,13
4,3,25.0,347,3,12,0,12,104,4,13
4,3,26.0,343,0,16,0,1,59,1,3
4,3,26.0,343,0,16,1,6,14,0,3
4,3,26.0,343,0,3,0,11,129,3,3
4,5,2.0,307,3,21,0,0,12,0,22
4,5,2.0,307,3,23,0,6,91,1,22
4,5,2.0,307,3,22,0,16,113,3,22
4,5,2.0,307,3,1,0,8,41,3,22
4,5,17.0,212,0,19,0,10,12,0,6
4,5,24.0,58,0,5,1,6,91,4,14
4,5,24.0,58,0,4,0,3,30,3,14
4,5,24.0,58,0,12,2,9,101,3,14
4,4,10.0,79,3,8,0,1,11,2,4
5,0,27.0,23,3,4,1,11,10,0,15
4,10,11.0,298,3,1,0,2,2,4,9
4,1,8.0,62,3,8,0,9,27,0,8
5,0,20.0,172,3,20,3,5,12,1,29
4,10,2.0,358,5,4,0,4,4,1,22
4,1,8.0,62,3,9,0,6,7,3,8
4,10,11.0,298,3,6,1,10,52,4,9
4,11,7.0,253,4,15,1,15,46,1,11
5,6,21.0,193,3,1,0,5,12,2,21
4,0,19.0,13,3,18,3,6,7,3,10
4,10,11.0,298,3,1,0,15,46,3,9
4,10,16.0,201,5,16,1,5,64,0,2
4,1,8.0,62,3,9,0,13,13,0,8
4,11,7.0,253,4,14,0,9,57,0,11
4,0,27.0,23,0,18,0,9,54,1,15
5,0,18.0,0,5,20,1,10,52,4,0
4,10,11.0,298,3,1,2,7,120,3,9
4,10,16.0,201,5,21,1,15,31,0,2
4,1,10.0,17,1,16,0,3,30,4,4
4,11,7.0,253,4,12,0,12,80,2,11
4,0,27.0,23,0,2,1,9,93,4,15
5,0,25.0,281,5,2,0,6,73,1,13
4,10,11.0,298,3,17,1,7,57,0,9
4,1,10.0,17,1,20,1,7,20,0,4
4,1,10.0,17,1,10,1,0,15,0,4
4,1,10.0,17,1,21,1,0,26,0,4
4,10,25.0,56,3,3,1,0,12,1,13
4,10,28.0,216,2,16,0,5,6,3,18
4,10,28.0,216,2,3,0,9,134,3,18
4,10,28.0,216,2,3,0,15,51,3,18
4,10,28.0,216,2,2,0,2,3,3,18
4,10,28.0,216,2,19,1,13,38,2,18
4,1,8.0,62,3,21,1,15,31,0,8
4,1,8.0,62,3,11,0,6,89,1,8
4,1,8.0,62,3,1,0,4,82,4,8
4,1,10.0,17,1,22,0,8,118,3,4
4,1,18.0,82,2,6,0,13,29,1,0
4,1,18.0,82,2,0,0,5,6,1,0
4,1,18.0,82,2,15,0,10,30,0,0
4,1,18.0,82,2,18,0,9,57,0,0
4,1,19.0,29,4,7,1,3,30,0,10
4,1,19.0,29,4,15,0,0,77,0,10
4,1,19.0,29,4,8,0,13,28,2,10
4,1,19.0,29,4,14,0,3,103,1,10
4,1,19.0,29,4,2,3,0,12,0,10
4,1,19.0,29,4,3,1,14,97,4,10
4,1,18.0,82,2,15,0,0,15,2,0
4,6,16.0,38,2,3,0,13,29,4,2
4,6,16.0,38,2,5,0,8,27,1,2
4,6,16.0,38,2,8,2,10,47,1,2
4,6,16.0,38,2,1,0,5,6,3,2
4,6,17.0,244,4,13,3,14,131,1,6
4,6,17.0,244,4,14,0,5,6,0,6
4,6,17.0,244,4,19,0,6,89,4,6
4,6,17.0,244,4,22,0,5,6,3,6
4,6,17.0,244,4,1,0,0,15,3,6
4,6,16.0,38,2,2,0,11,15,3,2
4,6,25.0,39,5,17,2,7,111,0,13
4,6,25.0,39,5,21,1,10,52,0,13
4,6,25.0,39,5,7,1,10,47,0,13
4,6,25.0,39,5,11,0,10,22,3,13
4,6,25.0,39,5,22,0,11,117,2,13
4,6,25.0,39,5,14,0,2,60,3,13
4,6,25.0,39,5,1,0,8,41,4,13
4,9,17.0,255,2,8,1,8,19,4,6
4,9,26.0,267,5,4,0,4,82,1,3
4,9,26.0,267,5,14,0,10,47,3,3
4,7,2.0,160,1,17,0,13,48,1,22
4,7,2.0,160,1,21,1,11,15,0,22
4,7,2.0,160,1,4,0,7,57,4,22
4,7,16.0,40,1,16,0,5,6,1,2
4,7,16.0,40,1,17,0,7,78,3,2
4,7,16.0,40,1,3,0,0,85,1,2
4,7,16.0,40,1,8,0,3,115,1,2
4,7,16.0,40,1,14,1,9,134,4,2
4,7,17.0,95,2,16,0,0,26,3,6
4,7,17.0,95,2,6,0,14,125,0,6
4,7,17.0,95,2,10,1,3,30,0,6
4,7,25.0,41,4,2,0,4,75,3,13
4,7,25.0,41,4,19,0,8,41,1,13
4,7,25.0,41,4,20,1,9,93,4,13
4,7,16.0,40,1,11,0,10,47,2,2
4,3,16.0,263,5,19,0,14,125,1,2
4,3,16.0,263,5,6,1,10,43,1,2
4,3,16.0,263,5,6,1,2,2,0,2
4,3,24.0,357,6,21,1,7,62,0,14
4,3,24.0,357,6,20,1,16,50,0,14
4,3,25.0,347,3,17,0,0,68,0,13
4,3,25.0,347,3,15,0,4,5,0,13
4,11,15.0,331,5,12,2,5,6,0,1
5,0,26.0,14,6,3,2,4,75,0,3
4,10,25.0,56,3,0,0,14,25,3,13
4,9,8.0,90,0,15,2,12,56,3,8
4,9,8.0,90,0,12,0,16,42,1,8
4,11,25.0,88,0,17,1,1,105,0,13
4,10,25.0,56,3,20,0,0,77,0,13
4,10,11.0,298,3,21,1,10,47,0,9
4,11,25.0,88,0,20,0,1,59,4,13
4,10,25.0,56,3,0,1,15,46,1,13
4,0,3.0,334,5,1,0,10,47,0,27
5,0,26.0,14,6,9,1,14,126,4,3
4,6,16.0,38,2,23,0,10,43,1,2
4,11,31.0,227,3,0,2,0,53,0,20
4,10,25.0,56,3,5,0,0,53,2,13
5,0,27.0,23,3,22,0,7,20,0,15
4,0,1.0,8,2,12,0,10,22,1,7
4,6,16.0,38,2,6,1,1,11,0,2
4,10,25.0,56,3,22,1,10,12,1,13
5,2,1.0,16,3,13,1,0,64,1,7
5,0,27.0,23,3,15,0,10,22,2,15
4,10,25.0,56,3,0,0,15,119,3,13
4,6,16.0,38,2,12,0,14,24,3,2
4,0,20.0,172,0,6,2,0,96,3,29
4,11,31.0,227,3,12,0,2,86,1,20
5,0,27.0,23,3,9,0,12,80,1,15
4,10,25.0,56,3,13,1,0,12,1,13
4,6,16.0,38,2,14,0,2,86,1,2
4,4,11.0,121,0,1,0,11,133,3,9
4,9,8.0,90,0,13,0,2,13,2,8
4,11,7.0,253,4,21,1,5,64,0,11
4,10,25.0,56,3,19,0,8,9,0,13
5,2,1.0,16,3,17,0,15,96,4,7
4,11,7.0,253,4,5,2,10,47,0,11
4,6,17.0,244,4,17,0,4,127,3,6
4,4,11.0,121,0,1,0,13,36,4,9
4,7,1.0,98,0,6,0,4,75,1,7
4,4,11.0,121,0,1,1,11,55,0,9
4,4,12.0,134,1,16,1,4,5,4,28
4,4,12.0,134,1,10,1,16,50,2,28
4,4,12.0,134,1,6,0,15,85,1,28
4,4,12.0,134,1,2,0,8,9,1,28
4,4,19.0,142,1,1,0,8,27,0,10
5,0,17.0,12,4,17,0,7,120,1,6
4,4,19.0,142,1,9,0,10,47,0,10
4,4,26.0,80,1,20,0,3,76,2,3
4,4,26.0,80,1,21,1,0,64,0,3
4,10,1.0,208,4,17,0,6,91,4,7
4,4,26.0,80,1,17,3,9,93,3,3
4,4,26.0,80,1,19,0,6,89,1,3
4,4,26.0,80,1,1,0,8,41,3,3
4,4,26.0,80,1,22,0,5,6,0,3
4,9,8.0,90,0,9,2,11,15,0,8
4,9,10.0,156,2,0,0,3,44,4,4
4,9,10.0,156,2,7,0,8,118,1,4
4,9,10.0,156,2,11,0,6,128,1,4
4,9,10.0,156,2,12,0,10,22,3,4
4,9,10.0,156,2,19,1,10,43,1,4
4,9,17.0,255,2,16,0,4,66,0,6
5,8,1.0,66,1,20,0,15,108,1,7
4,9,26.0,267,5,14,0,5,64,2,3
4,7,2.0,160,1,16,0,1,1,1,22
4,7,2.0,160,1,0,0,9,63,4,22
4,7,2.0,160,1,17,1,12,104,0,22
4,7,2.0,160,1,1,0,5,6,0,22
4,7,16.0,40,1,8,0,0,26,2,2
4,7,16.0,40,1,6,2,0,15,3,2
4,7,16.0,40,1,17,0,9,27,0,2
4,7,17.0,95,2,17,1,9,63,1,6
4,7,17.0,95,2,22,0,2,13,0,6
4,7,17.0,95,2,14,2,3,30,0,6
4,7,25.0,41,4,4,0,16,50,3,13
4,5,2.0,307,3,14,2,8,9,0,22
4,5,17.0,212,0,20,0,10,23,1,6
4,5,17.0,212,0,15,0,9,87,0,6
4,6,30.0,145,2,2,1,2,2,4,19
4,10,7.0,243,2,19,2,3,115,3,11
5,9,1.0,126,3,17,0,15,31,1,7
5,6,11.0,355,4,18,0,13,69,4,9
5,10,4.0,356,6,20,0,14,24,2,30
5,10,29.0,318,2,6,0,9,63,2,16
3,6,1.0,158,3,2,0,2,71,4,7
5,1,20.0,151,4,8,0,10,22,2,29
4,10,12.0,333,0,23,0,10,47,1,28
4,10,22.0,314,4,5,3,9,57,0,26
4,8,22.0,354,2,0,0,13,99,4,26
4,10,29.0,318,4,5,0,1,105,4,16
4,2,22.0,209,0,7,0,15,31,1,26
4,11,5.0,240,1,2,1,6,91,0,24
4,11,11.0,175,0,2,0,2,3,3,9
4,4,27.0,274,2,7,1,14,24,0,15
4,4,27.0,274,2,16,0,10,52,0,15
4,4,26.0,80,1,2,0,2,86,4,3
4,4,27.0,274,2,1,0,16,37,0,15
4,4,27.0,274,2,0,1,7,57,0,15
4,2,1.0,16,0,7,1,4,75,0,7
4,2,1.0,16,0,15,1,1,59,4,7
4,2,1.0,16,0,2,2,2,2,3,7
4,2,1.0,16,0,8,3,0,64,2,7
4,2,12.0,128,5,17,0,10,23,1,28
4,2,12.0,128,5,22,1,11,15,0,28
4,2,12.0,128,5,13,0,2,69,0,28
4,9,10.0,156,2,6,0,0,26,1,4
5,6,10.0,149,2,17,1,7,8,4,4
4,9,10.0,156,2,7,1,5,64,0,4
4,10,25.0,56,3,1,0,10,22,1,13
4,9,10.0,156,2,23,1,5,64,0,4
5,10,13.0,346,0,2,1,15,46,1,25
4,10,25.0,56,3,14,0,10,23,3,13
4,11,7.0,253,4,3,0,8,27,0,11
4,11,23.0,232,6,12,1,8,33,0,17
4,8,7.0,70,1,12,0,12,17,1,11
4,10,28.0,216,2,17,2,8,27,3,18
5,6,15.0,49,0,17,1,0,77,4,1
4,9,16.0,107,1,4,1,0,64,0,2
4,8,7.0,70,1,7,1,10,47,0,11
4,11,7.0,253,4,22,1,12,84,4,11
4,3,25.0,347,3,15,0,13,99,3,13
4,8,13.0,189,0,1,1,10,52,1,25
0,8,17.0,74,3,13,0,9,49,4,6
4,9,16.0,107,1,8,0,2,69,1,2
4,9,15.0,226,0,12,1,11,129,4,1
4,11,7.0,253,4,2,0,8,9,2,11
4,8,14.0,296,1,9,0,12,83,0,5
4,9,24.0,272,2,13,2,11,94,0,14
4,11,15.0,331,5,17,1,15,31,0,1
5,8,11.0,306,5,4,1,0,0,4,9
4,5,16.0,239,3,2,1,15,51,4,2
4,11,15.0,331,5,21,0,1,59,1,1
4,8,14.0,296,1,1,0,16,130,4,5
4,3,26.0,343,0,5,1,11,55,4,3
4,3,18.0,165,3,15,3,16,130,4,0
4,11,15.0,331,5,5,0,1,67,2,1
5,2,20.0,264,5,22,2,2,2,3,29
4,3,26.0,343,0,5,1,11,55,4,3
4,11,26.0,364,1,18,0,6,89,2,3
4,11,15.0,331,5,20,1,10,22,1,1
4,11,15.0,331,5,14,0,4,138,0,1
4,11,15.0,331,5,20,1,11,18,1,1
4,11,15.0,331,5,2,0,9,10,3,1
4,5,24.0,58,0,7,0,8,27,1,14
4,11,16.0,225,6,21,2,5,6,3,2
4,11,16.0,225,6,19,3,9,87,0,2
4,11,16.0,225,6,22,1,11,8,1,2
4,1,27.0,262,5,13,0,4,75,4,15
4,4,10.0,79,3,19,0,2,86,1,4
4,11,25.0,88,0,17,0,16,39,1,13
4,11,25.0,88,0,6,0,10,30,0,13
4,11,25.0,88,0,18,2,7,54,3,13
4,11,31.0,227,3,11,0,5,6,0,20
4,11,31.0,227,3,3,2,2,71,3,20
4,11,31.0,227,3,9,0,2,92,1,20
4,11,31.0,227,3,12,1,11,55,4,20
4,11,31.0,227,3,13,0,16,50,2,20
4,9,8.0,90,0,16,1,1,16,0,8
4,9,8.0,90,0,8,0,10,47,3,8
4,9,8.0,90,0,19,2,8,41,3,8
4,11,7.0,253,4,17,1,0,12,2,11
4,9,10.0,156,2,0,1,14,110,0,4
4,9,10.0,156,2,8,0,6,7,3,4
4,11,25.0,88,0,8,0,9,57,0,13
4,9,17.0,255,2,21,0,6,89,1,6
4,9,17.0,255,2,21,1,6,7,0,6
4,9,17.0,255,2,13,0,6,73,1,6
4,9,17.0,255,2,3,2,7,129,3,6
4,11,16.0,225,6,15,0,7,120,2,2
4,11,16.0,225,6,7,1,1,105,0,2
4,11,16.0,225,6,23,1,10,52,4,2
4,11,15.0,331,5,17,0,8,33,2,1
4,11,25.0,88,0,0,1,1,105,0,13
4,11,25.0,88,0,21,1,12,104,0,13
4,11,25.0,88,0,21,1,12,104,0,13
4,11,25.0,88,0,8,0,16,50,0,13
4,11,25.0,88,0,19,0,6,89,1,13
4,9,8.0,90,0,17,0,9,10,1,8
4,9,8.0,90,0,21,1,16,50,0,8
4,9,8.0,90,0,2,2,13,28,2,8
4,9,10.0,156,2,15,0,13,29,2,4
4,9,17.0,255,2,3,0,10,43,0,6
4,9,17.0,255,2,2,0,13,99,4,6
4,9,17.0,255,2,2,0,7,57,1,6
4,9,17.0,255,2,14,1,7,20,4,6
5,8,12.0,284,6,4,0,8,41,1,28
5,1,5.0,219,2,14,1,15,46,2,24
5,4,10.0,79,6,14,2,10,22,3,4
4,3,4.0,285,3,17,1,8,27,4,30
5,9,9.0,320,0,19,0,13,99,1,12
5,11,1.0,222,4,17,0,10,22,3,7
5,9,27.0,179,5,3,1,10,22,1,15
5,3,12.0,104,3,14,1,9,95,0,28
4,10,5.0,336,0,12,1,10,22,1,24
5,3,12.0,104,3,5,0,11,55,2,28
5,5,21.0,351,4,12,1,15,31,0,21
4,10,15.0,60,4,14,0,8,9,1,1
4,10,23.0,247,5,9,1,5,6,0,17
4,10,23.0,247,5,9,1,15,96,2,17
4,4,31.0,67,3,18,1,11,15,0,20
4,9,24.0,272,2,22,1,9,134,1,14
4,11,29.0,270,5,14,2,9,57,2,16
4,2,30.0,131,1,4,3,1,81,3,19
4,3,26.0,343,0,14,0,2,86,4,3
4,7,23.0,202,1,18,1,1,1,1,17
4,3,21.0,338,2,19,1,10,22,1,21
4,3,8.0,148,4,1,0,4,66,3,8
4,5,2.0,307,3,12,0,9,57,4,22
4,5,23.0,168,3,1,0,13,29,1,17
4,3,8.0,148,4,9,1,10,22,1,8
4,5,2.0,307,3,19,2,9,134,2,22
5,5,29.0,24,5,5,3,0,64,3,16
4,3,2.0,120,5,13,1,9,58,4,22
4,5,2.0,307,3,10,1,9,49,1,22
3,11,1.0,222,2,17,0,16,108,4,7
4,5,2.0,307,3,5,1,1,105,4,22
5,4,20.0,115,1,5,1,12,56,1,29
5,11,20.0,340,1,9,0,10,47,1,29
4,5,17.0,212,0,17,0,10,47,1,6
5,2,20.0,264,5,1,0,4,75,1,29
5,7,6.0,93,5,1,1,5,12,0,23
4,5,24.0,58,0,8,0,9,95,3,14
5,0,22.0,241,1,1,1,3,30,0,26
5,3,6.0,303,0,12,0,11,124,2,23
4,6,1.0,158,1,15,0,10,47,1,7
5,5,24.0,58,3,5,0,16,139,1,14
5,5,24.0,58,3,2,1,11,10,0,14
4,9,10.0,156,2,22,0,5,12,3,4
4,9,17.0,255,2,23,1,4,45,0,6
4,9,17.0,255,2,4,0,16,42,1,6
4,9,17.0,255,2,14,1,10,47,4,6
4,9,26.0,267,5,9,0,13,48,4,3
4,9,26.0,267,5,9,0,11,117,1,3
4,7,2.0,160,1,0,1,10,22,2,22
4,7,2.0,160,1,11,1,13,28,0,22
4,7,17.0,95,2,23,0,8,41,3,6
4,7,17.0,95,2,1,0,11,94,2,6
4,7,25.0,41,4,8,1,9,63,1,13
4,7,25.0,41,4,13,0,2,2,0,13
4,7,25.0,41,4,5,1,1,59,4,13
4,7,25.0,41,4,14,0,10,47,2,13
4,3,16.0,263,5,6,1,3,30,4,2
4,3,16.0,263,5,17,1,6,7,0,2
4,3,16.0,263,5,5,0,3,70,3,2
4,3,16.0,263,5,4,2,10,22,1,2
4,3,16.0,263,5,19,0,10,23,1,2
4,3,24.0,357,6,21,0,16,65,3,14
4,3,24.0,357,6,16,0,16,108,4,14
4,3,24.0,357,6,13,0,2,60,1,14
4,3,24.0,357,6,15,0,16,50,0,14
4,3,25.0,347,3,13,2,1,16,4,13
4,3,25.0,347,3,22,1,2,13,1,13
4,3,26.0,343,0,5,0,11,90,0,3
4,5,2.0,307,3,2,0,0,53,3,22
4,5,2.0,307,3,2,0,9,95,3,22
4,5,2.0,307,3,2,0,10,23,1,22
4,0,19.0,13,3,2,1,10,22,0,10
4,9,10.0,156,2,22,0,9,95,0,4
4,9,17.0,255,2,16,0,4,138,0,6
4,9,17.0,255,2,2,0,2,2,1,6
4,9,17.0,255,2,12,2,10,47,0,6
4,9,17.0,255,2,18,0,4,4,1,6
4,9,17.0,255,2,4,0,0,53,1,6
4,9,17.0,255,2,9,0,10,47,0,6
4,9,26.0,267,5,6,0,3,76,1,3
4,7,2.0,160,1,17,2,1,35,3,22
4,7,2.0,160,1,20,0,8,9,3,22
4,7,16.0,40,1,0,1,10,22,4,2
4,7,16.0,40,1,3,0,12,83,2,2
4,7,17.0,95,2,16,0,0,68,3,6
4,6,16.0,38,2,2,0,0,77,2,2
4,6,2.0,352,2,16,2,0,77,0,22
4,6,2.0,352,2,13,0,3,115,3,22
4,6,10.0,149,4,23,0,10,22,0,4
4,6,10.0,149,4,13,1,1,59,4,4
4,6,17.0,244,4,22,0,10,23,1,6
4,6,10.0,149,4,2,0,4,66,3,4
4,6,17.0,244,4,1,0,6,91,3,6
4,6,10.0,149,4,22,0,10,22,2,4
4,6,25.0,39,5,15,0,10,22,1,13
4,6,26.0,348,6,16,1,16,72,0,3
4,6,26.0,348,6,13,0,1,105,3,3
4,6,25.0,39,5,18,1,12,104,4,13
4,6,26.0,348,6,1,0,11,124,1,3
4,6,26.0,348,6,5,0,16,42,0,3
4,10,2.0,358,5,0,1,12,121,0,22
4,10,2.0,358,5,16,2,16,50,3,22
4,10,2.0,358,5,12,1,1,81,1,22
4,10,11.0,298,3,6,1,8,27,0,9
4,10,11.0,298,3,7,1,10,47,0,9
4,10,11.0,298,3,13,0,11,15,0,9
4,10,11.0,298,3,9,0,14,131,1,9
4,6,10.0,149,4,8,0,12,80,0,4
4,6,10.0,149,4,3,0,0,64,0,4
4,6,11.0,355,5,17,0,5,12,0,9
0,5,1.0,109,0,15,0,13,28,1,7
4,6,11.0,355,5,3,1,2,40,4,9
4,6,11.0,355,5,1,0,10,47,3,9
4,6,16.0,38,2,10,1,7,8,0,2
4,6,16.0,38,2,16,1,2,35,4,2
4,6,16.0,38,2,12,0,13,28,3,2
4,6,16.0,38,2,13,1,3,44,4,2
4,6,17.0,244,4,16,0,4,4,1,6
4,6,25.0,39,5,6,1,5,12,0,13
4,6,25.0,39,5,14,0,15,114,2,13
4,6,25.0,39,5,18,0,11,18,0,13
4,6,26.0,348,6,5,0,12,80,3,3
4,10,2.0,358,5,3,3,0,64,3,22
4,10,2.0,358,5,12,0,14,24,2,22
4,10,2.0,358,5,19,0,7,57,4,22
4,10,2.0,358,5,4,0,0,77,1,22
4,10,16.0,201,5,0,1,2,2,0,2
4,10,16.0,201,5,0,1,10,47,1,2
4,10,25.0,56,3,5,0,13,13,1,13
4,10,25.0,56,3,13,1,0,12,1,13
4,10,16.0,201,5,16,1,11,15,0,2
4,10,16.0,201,5,15,0,13,38,0,2
4,10,25.0,56,3,6,2,6,7,0,13
4,10,25.0,56,3,15,0,3,103,4,13
4,10,25.0,56,3,8,0,12,17,0,13
4,10,25.0,56,3,19,1,8,118,1,13
4,10,25.0,56,3,19,0,3,30,1,13
4,6,11.0,355,5,21,0,3,103,4,9
4,6,11.0,355,5,6,0,0,15,1,9
4,6,11.0,355,5,4,0,8,19,4,9
4,6,11.0,355,5,3,1,6,7,4,9
4,6,16.0,38,2,5,0,12,104,4,2
4,6,16.0,38,2,13,0,5,47,2,2
4,10,28.0,216,2,6,0,8,65,3,18
4,10,28.0,216,2,19,0,13,48,0,18
4,2,1.0,16,0,17,1,0,15,1,7
4,2,26.0,3,5,1,0,2,3,4,3
4,0,1.0,8,2,13,0,6,7,0,7
4,0,2.0,47,4,10,0,5,12,0,22
4,0,2.0,47,4,3,2,6,7,0,22
4,0,20.0,172,0,21,0,3,70,3,29
4,0,20.0,172,0,10,2,0,0,0,29
4,0,21.0,287,1,6,0,16,108,4,21
4,0,21.0,287,1,9,0,8,118,2,21
4,0,21.0,287,1,12,1,13,48,4,21
4,0,28.0,249,1,8,2,9,57,3,18
4,0,28.0,249,1,19,0,8,27,1,18
4,0,29.0,191,2,16,0,0,26,4,16
4,0,29.0,191,2,5,0,6,14,1,16
4,0,29.0,191,2,6,0,0,12,0,16
4,0,29.0,191,2,17,0,12,80,2,16
4,0,29.0,191,2,4,0,11,124,1,16
4,0,29.0,191,2,9,0,10,22,1,16
4,10,28.0,216,2,4,3,1,81,3,18
4,10,25.0,56,3,21,3,14,24,1,13
4,1,8.0,62,3,3,0,13,21,0,8
4,1,8.0,62,3,4,0,0,15,1,8
4,1,10.0,17,1,16,0,2,86,2,4
4,1,10.0,17,1,0,1,2,2,2,4
4,1,10.0,17,1,3,0,6,89,0,4
4,1,10.0,17,1,22,1,0,77,0,4
4,1,10.0,17,1,9,0,3,70,3,4
4,1,10.0,17,1,7,3,10,47,1,4
4,1,18.0,82,2,16,0,13,13,0,0
4,1,18.0,82,2,19,0,0,26,2,0
4,1,18.0,82,2,5,1,0,77,4,0
4,1,18.0,82,2,13,0,3,70,4,0
5,2,12.0,128,4,13,0,5,0,1,28
4,0,1.0,8,2,17,1,8,27,1,7
5,2,12.0,128,4,2,0,2,60,3,28
5,2,12.0,128,4,22,0,10,22,1,28
4,10,1.0,208,4,13,0,4,82,1,7
5,2,12.0,128,4,4,2,0,77,3,28
5,9,23.0,167,0,0,0,6,91,1,17
5,2,12.0,128,4,2,1,9,134,1,28
5,2,8.0,258,3,3,0,10,47,2,8
4,9,2.0,323,1,11,0,2,86,0,22
5,8,5.0,101,6,11,0,13,29,2,24
5,2,10.0,28,1,13,2,5,6,2,4
5,2,20.0,264,5,8,0,8,9,3,29
5,0,1.0,8,1,12,0,2,40,1,7
4,9,2.0,323,1,8,0,8,9,1,22
4,2,22.0,209,0,0,0,16,50,4,26
4,9,1.0,126,0,19,0,4,5,1,7
4,9,2.0,323,1,8,0,9,102,0,22
5,1,28.0,300,5,2,1,1,59,4,18
4,2,24.0,22,2,19,1,12,17,4,14
4,7,27.0,53,6,16,0,13,99,0,15
5,9,9.0,320,0,12,1,9,134,4,12
5,0,3.0,334,4,23,0,0,64,2,27
4,9,2.0,323,1,19,0,5,6,0,22
4,9,2.0,323,1,19,1,12,56,4,22
4,9,2.0,323,1,1,0,16,50,1,22
4,9,3.0,217,2,23,0,10,22,2,27
4,9,3.0,217,2,20,0,5,6,3,27
4,9,2.0,323,1,19,1,9,134,4,22
4,9,3.0,217,2,8,0,2,86,0,27
4,9,3.0,217,2,8,0,9,9,3,27
4,9,3.0,217,2,12,2,9,10,0,27
4,9,4.0,295,4,11,0,0,12,0,30
4,9,4.0,295,4,16,1,14,24,0,30
4,9,3.0,217,2,18,1,9,9,0,27
4,9,4.0,295,4,13,0,6,7,0,30
4,9,4.0,295,4,13,2,2,123,2,30
4,9,12.0,177,5,13,1,3,44,4,28
4,9,12.0,177,5,9,0,1,1,3,28
3,0,21.0,287,3,13,0,14,97,2,21
4,9,14.0,106,3,5,0,2,92,1,5
4,9,14.0,106,3,13,0,14,34,2,5
4,9,14.0,106,3,12,0,8,9,1,5
4,0,6.0,260,0,11,1,3,30,0,23
4,0,6.0,260,0,23,0,3,115,1,23
5,2,20.0,264,5,19,0,6,89,2,29
4,9,3.0,217,2,12,0,7,78,1,27
4,1,30.0,100,0,17,0,3,115,3,19
4,0,6.0,260,0,22,0,7,137,2,23
4,2,14.0,231,3,17,0,2,86,3,5
4,0,8.0,9,2,13,0,2,40,1,8
4,0,8.0,9,2,8,0,6,89,4,8
4,0,8.0,9,2,12,0,16,74,1,8
4,0,8.0,9,2,8,1,14,125,1,8
4,0,8.0,9,2,18,0,9,87,1,8
4,0,13.0,198,0,17,0,0,64,1,25
4,0,13.0,198,0,0,0,3,79,0,25
4,0,13.0,198,0,16,1,5,64,0,25
4,0,13.0,198,0,10,1,12,17,0,25
4,0,13.0,198,0,19,0,0,0,3,25
4,0,13.0,198,0,4,0,10,22,3,25
4,0,13.0,198,0,12,1,9,58,4,25
4,0,15.0,190,2,16,0,16,72,1,1
4,0,15.0,190,2,6,2,14,126,3,1
4,9,27.0,179,6,16,0,5,6,0,15
5,2,21.0,108,6,12,2,4,4,0,21
5,2,21.0,108,6,14,2,1,11,0,21
5,0,4.0,229,5,16,2,10,23,3,30
5,0,4.0,229,5,20,1,15,96,0,30
5,0,4.0,229,5,13,1,1,59,4,30
5,0,4.0,229,5,11,1,12,135,1,30
5,0,5.0,122,6,15,0,5,64,2,24
5,0,4.0,229,5,4,0,10,12,1,30
5,0,4.0,229,5,8,1,12,56,4,30
5,0,5.0,122,6,13,1,1,16,4,24
5,0,5.0,122,6,14,2,2,69,0,24
5,0,14.0,5,0,7,1,0,12,0,5
5,0,14.0,5,0,19,0,10,52,3,5
5,0,22.0,241,1,6,0,9,93,3,26
5,0,22.0,241,1,22,2,5,12,0,26
4,11,20.0,340,2,6,0,2,86,3,29
4,11,20.0,340,2,15,0,5,0,2,29
4,11,20.0,340,2,1,0,5,6,0,29
4,11,20.0,340,2,14,0,10,23,1,29
4,11,20.0,340,2,19,0,10,22,3,29
4,11,22.0,250,5,21,1,11,15,0,26
4,11,22.0,250,5,16,0,2,2,1,26
4,11,29.0,270,5,13,0,13,48,4,16
4,11,22.0,250,5,12,0,1,59,1,26
4,11,29.0,270,5,4,2,8,27,0,16
4,9,2.0,323,1,6,0,16,50,1,22
4,9,2.0,323,1,21,0,13,29,1,22
4,9,3.0,217,2,14,0,8,118,3,27
4,9,3.0,217,2,15,0,9,27,3,27
4,9,4.0,295,4,16,0,9,95,4,30
4,9,4.0,295,4,13,0,10,12,0,30
4,9,4.0,295,4,8,2,6,91,1,30
4,9,12.0,177,5,17,0,4,5,3,28
4,9,12.0,177,5,21,1,2,86,0,28
4,9,12.0,177,5,19,0,7,57,0,28
4,7,3.0,269,2,0,0,13,99,4,27
5,9,25.0,344,2,18,0,1,11,1,13
5,3,3.0,182,5,18,0,1,67,1,27
5,7,18.0,154,2,17,1,3,76,4,0
5,3,3.0,182,5,2,0,14,97,0,27
5,3,26.0,343,3,6,1,4,5,0,3
5,3,26.0,343,3,19,0,6,89,3,3
4,2,25.0,233,4,16,0,4,127,4,13
5,8,3.0,363,4,0,1,8,27,0,27
4,3,9.0,44,5,5,0,5,12,3,12
4,9,15.0,226,0,8,1,11,133,4,1
5,8,3.0,363,4,20,0,15,39,0,27
5,0,3.0,334,4,8,0,11,94,2,27
4,4,30.0,139,6,20,1,4,4,1,19
5,9,25.0,344,2,16,1,14,107,1,13
4,3,1.0,180,4,23,1,4,5,1,7
5,8,3.0,363,4,14,1,2,71,4,27
5,9,16.0,107,0,12,0,10,22,2,2
4,2,14.0,231,3,3,0,4,45,0,5
5,7,18.0,154,2,18,1,2,92,1,0
5,0,3.0,334,4,23,1,4,4,4,27
4,3,10.0,4,6,17,0,0,53,0,4
5,2,20.0,264,5,14,2,2,92,0,29
4,2,25.0,233,4,16,1,9,93,0,13
4,2,14.0,231,3,12,0,11,94,0,5
4,1,30.0,100,0,5,0,2,69,3,19
5,9,16.0,107,0,14,1,10,47,1,2
4,3,9.0,44,5,5,1,9,101,1,12
5,7,18.0,154,2,16,0,3,103,0,0
5,7,18.0,154,2,20,1,9,27,0,0
4,2,25.0,233,4,5,2,15,39,0,13
5,8,4.0,299,5,0,0,10,22,1,30
4,1,30.0,100,0,21,1,11,133,4,19
5,8,4.0,299,5,6,0,3,30,4,30
4,4,14.0,345,4,9,0,10,30,0,5
4,2,25.0,233,4,3,1,11,98,4,13
5,9,28.0,315,6,5,0,5,64,3,18
5,3,26.0,343,3,8,0,4,45,2,3
4,1,29.0,112,3,13,2,1,1,4,16
4,7,10.0,329,2,17,0,10,30,0,4
5,8,5.0,101,6,2,0,1,67,1,24
4,4,21.0,339,4,17,1,16,139,4,21
5,8,5.0,101,6,22,0,15,114,1,24
3,11,1.0,222,2,17,3,0,26,0,7
4,2,14.0,231,3,1,0,9,57,4,5
4,1,30.0,100,0,13,1,16,72,1,19
4,4,21.0,339,4,12,1,13,48,4,21
4,2,25.0,233,4,12,1,15,114,2,13
5,8,11.0,306,5,16,0,10,12,3,9
5,6,3.0,99,2,6,0,2,86,4,27
5,3,8.0,148,2,21,1,15,46,0,8
4,2,14.0,231,3,18,1,11,94,0,5
4,8,22.0,354,2,7,0,0,64,3,26
4,0,20.0,172,0,5,1,5,64,1,29
4,4,21.0,339,4,19,0,14,131,3,21
4,0,6.0,260,0,10,1,2,13,0,23
4,9,26.0,267,5,19,0,0,68,0,3
4,4,22.0,152,5,14,2,11,8,3,26
5,6,12.0,162,5,23,1,12,61,1,28
5,2,4.0,254,2,7,0,5,12,1,30
5,2,4.0,254,2,13,1,13,99,4,30
5,2,12.0,128,4,6,0,15,51,0,28
5,2,12.0,128,4,15,2,12,80,3,28
5,2,12.0,128,4,0,1,5,12,0,28
5,2,12.0,128,4,4,2,16,37,1,28
5,2,12.0,128,4,21,1,5,6,0,28
5,2,21.0,108,6,16,2,10,22,1,21
5,2,20.0,264,5,22,0,10,12,3,29
5,2,21.0,108,6,22,0,11,18,1,21
5,4,29.0,313,4,1,0,2,3,1,16
5,4,30.0,139,5,2,2,11,90,3,19
5,2,4.0,254,2,5,0,4,75,1,30
5,2,4.0,254,2,3,0,13,48,3,30
5,2,4.0,254,2,23,1,5,6,0,30
5,2,12.0,128,4,17,0,16,42,1,28
5,2,12.0,128,4,10,0,10,52,1,28
5,2,12.0,128,4,17,2,15,46,3,28
5,2,12.0,128,4,16,2,6,89,3,28
5,2,20.0,264,5,16,0,12,61,1,29
5,2,20.0,264,5,4,1,1,59,4,29
5,3,30.0,304,4,9,0,8,118,1,19
5,6,14.0,173,3,1,0,12,58,4,5
5,1,24.0,64,0,19,1,0,12,0,14
4,4,11.0,121,0,7,1,9,10,2,9
4,4,11.0,121,0,3,3,5,6,0,9
4,4,12.0,134,1,18,0,10,23,1,28
5,1,31.0,305,0,12,1,11,98,1,20
5,1,31.0,305,0,13,1,11,10,4,20
5,1,31.0,305,0,19,1,5,6,0,20
5,8,26.0,278,6,3,0,10,12,1,3
5,8,26.0,278,6,15,0,9,95,1,3
5,8,26.0,278,6,2,2,9,95,3,3
5,8,26.0,278,6,19,2,1,16,4,3
5,4,17.0,19,6,17,0,6,116,4,6
5,2,18.0,7,2,19,1,0,12,0,0
5,2,16.0,220,0,23,1,12,80,4,2
5,2,25.0,233,2,15,1,12,100,1,13
4,11,24.0,194,3,12,3,2,2,3,14
4,9,18.0,359,4,18,0,2,2,1,0
4,3,27.0,361,1,8,0,8,118,1,15
5,7,15.0,205,3,19,2,10,47,1,1
5,2,20.0,264,5,9,0,10,52,3,29
5,2,21.0,108,6,5,0,12,135,3,21
5,2,21.0,108,6,23,0,14,34,1,21
5,2,21.0,108,6,23,1,5,64,0,21
5,2,21.0,108,6,18,0,9,54,1,21
5,2,21.0,108,6,5,0,14,24,2,21
5,0,3.0,334,4,0,1,15,46,2,27
5,0,3.0,334,4,21,1,9,10,0,27
5,0,3.0,334,4,14,1,12,135,4,27
5,0,3.0,334,4,9,0,15,31,2,27
5,0,3.0,334,4,14,2,7,129,3,27
5,1,2.0,171,3,1,2,16,74,4,22
5,1,10.0,17,0,0,0,12,83,2,4
5,1,10.0,17,0,12,0,10,22,3,4
5,1,10.0,17,0,12,0,1,1,2,4
5,1,12.0,353,2,5,0,7,120,4,28
5,1,12.0,353,2,10,1,13,48,0,28
5,9,25.0,344,2,1,0,7,129,1,13
5,7,18.0,154,2,9,1,8,33,0,0
3,6,16.0,38,0,13,0,0,12,1,2
5,10,2.0,358,4,13,1,15,119,4,22
5,7,1.0,98,3,17,0,14,25,1,7
5,8,18.0,75,5,1,0,16,50,1,0
5,1,30.0,100,3,7,0,5,12,2,19
5,8,30.0,103,2,0,0,10,22,3,19
5,4,11.0,121,3,3,3,2,2,0,9
5,2,14.0,231,6,13,1,0,68,4,5
5,0,12.0,113,6,18,1,10,52,2,28
5,11,11.0,175,3,12,0,11,124,1,9
5,11,28.0,123,2,21,0,5,64,1,18
4,11,18.0,332,0,14,0,4,75,4,0
4,11,18.0,332,0,22,0,13,38,2,0
4,11,26.0,364,1,4,2,1,1,1,3
5,0,24.0,55,4,1,3,2,92,4,14
4,8,22.0,354,2,5,2,2,86,1,26
4,0,6.0,260,0,17,3,5,12,0,23
4,4,22.0,152,5,16,1,7,8,0,26
4,0,28.0,249,1,17,0,15,31,1,18
4,2,15.0,130,0,22,0,12,17,2,1
4,8,22.0,354,2,4,0,7,20,1,26
5,2,1.0,16,3,22,0,13,21,1,7
4,4,21.0,339,4,13,0,16,139,2,21
4,0,28.0,249,1,22,0,3,115,0,18
4,2,25.0,233,4,20,0,9,95,2,13
4,0,6.0,260,0,8,0,1,59,2,23
4,10,3.0,310,6,5,1,6,91,4,27
4,2,21.0,108,3,10,0,6,132,3,21
4,0,29.0,191,2,13,0,3,44,2,16
4,6,24.0,31,4,12,0,10,47,3,14
4,8,22.0,354,2,17,1,8,27,0,26
4,2,21.0,108,3,23,1,11,124,0,21
4,4,30.0,139,6,13,2,4,79,0,19
4,7,30.0,42,1,23,0,6,132,3,19
4,7,30.0,42,1,12,0,5,6,0,19
4,7,30.0,42,1,2,0,10,43,2,19
4,3,3.0,182,6,17,0,0,26,2,27
4,3,3.0,182,6,1,0,9,134,4,27
4,3,5.0,324,0,15,0,4,138,1,24
4,3,5.0,324,0,5,1,3,115,4,24
4,3,5.0,324,0,15,1,11,18,1,24
4,3,5.0,324,0,19,0,2,86,4,24
4,3,5.0,324,0,5,1,15,114,1,24
5,0,4.0,229,5,8,0,4,5,3,30
5,0,4.0,229,5,8,0,10,22,2,30
5,0,5.0,122,6,22,1,1,81,4,24
5,0,14.0,5,0,5,0,11,90,0,5
5,2,4.0,254,2,1,0,8,41,1,30
5,0,22.0,241,1,13,1,5,0,2,26
5,0,22.0,241,1,23,1,0,0,0,26
4,11,29.0,270,5,12,0,6,126,1,16
4,9,2.0,323,1,17,0,4,75,1,22
4,9,2.0,323,1,16,2,5,12,1,22
4,9,2.0,323,1,15,1,4,45,4,22
4,9,3.0,217,2,11,2,13,29,0,27
4,8,22.0,354,2,9,2,5,6,3,26
4,8,22.0,354,2,9,0,10,30,3,26
4,8,23.0,102,4,0,1,9,9,0,17
4,8,23.0,102,4,14,0,13,36,4,17
4,8,23.0,102,4,8,1,4,5,4,17
4,10,30.0,157,5,5,0,0,77,3,19
4,8,29.0,301,2,8,0,7,122,3,16
4,8,29.0,301,2,12,0,4,66,0,16
4,4,6.0,176,2,16,0,7,62,1,23
4,4,13.0,221,2,7,0,8,33,1,25
4,4,14.0,345,4,8,0,0,31,1,5
5,1,18.0,82,1,0,0,0,12,0,0
3,1,24.0,64,3,2,0,10,47,1,14
5,1,20.0,151,4,8,1,9,134,1,29
4,4,13.0,221,2,13,1,13,29,4,25
4,4,21.0,339,4,6,0,10,47,1,21
4,4,21.0,339,4,22,2,11,94,2,21
4,4,21.0,339,4,3,0,9,87,4,21
4,4,21.0,339,4,9,0,1,11,4,21
4,4,22.0,152,5,11,1,2,3,4,26
5,8,26.0,278,6,17,0,5,6,0,3
5,4,25.0,20,3,12,0,5,6,2,13
5,0,1.0,8,1,15,0,0,53,0,7
4,9,1.0,126,0,15,2,10,47,0,7
4,0,1.0,8,2,20,0,9,95,1,7
4,0,1.0,8,2,13,0,8,118,4,7
4,0,2.0,47,4,12,0,0,64,3,22
4,0,3.0,334,5,0,2,6,91,1,27
4,0,3.0,334,5,3,0,0,64,0,27
4,2,19.0,137,5,12,0,4,5,4,10
4,0,20.0,172,0,20,0,8,41,3,29
4,0,20.0,172,0,2,0,6,128,1,29
4,0,20.0,172,0,15,1,1,81,4,29
4,0,21.0,287,1,0,0,13,28,3,21
4,0,20.0,172,0,18,0,2,2,1,29
4,0,21.0,287,1,12,0,2,2,1,21
4,0,29.0,191,2,0,0,5,6,0,16
4,0,29.0,191,2,2,0,13,29,1,16
4,0,29.0,191,2,12,2,11,8,3,16
4,0,29.0,191,2,18,0,3,115,1,16
4,9,3.0,217,2,13,0,9,27,0,27
4,9,4.0,295,4,17,0,4,4,1,30
4,9,4.0,295,4,5,1,4,45,0,30
4,9,4.0,295,4,13,0,4,70,4,30
4,9,4.0,295,4,3,0,14,110,3,30
4,9,12.0,177,5,17,0,16,50,1,28
4,9,14.0,106,3,13,0,13,38,3,5
4,9,14.0,106,3,4,2,10,47,3,5
4,11,22.0,250,5,3,0,1,16,1,26
5,4,20.0,115,1,11,0,15,46,1,29
4,7,6.0,93,6,8,0,4,66,2,23
4,7,6.0,93,6,21,1,7,20,0,23
5,1,29.0,112,6,15,0,16,37,3,16
4,4,21.0,339,4,22,0,10,47,0,21
4,4,30.0,139,6,18,0,2,92,2,19
4,5,24.0,58,0,13,0,1,1,2,14
4,4,22.0,152,5,3,0,11,15,2,26
5,8,4.0,299,5,22,0,14,106,3,30
4,0,8.0,9,2,6,0,10,43,3,8
4,2,22.0,209,0,21,2,15,46,3,26
4,10,3.0,310,6,1,0,2,2,3,27
4,10,11.0,298,3,9,1,15,31,2,9
4,4,22.0,152,5,20,1,2,2,1,26
4,0,8.0,9,2,6,0,8,9,1,8
4,0,8.0,9,2,22,0,16,74,1,8
4,0,8.0,9,2,1,2,12,104,3,8
4,0,13.0,198,0,7,1,0,12,0,25
4,0,13.0,198,0,7,1,9,102,0,25
4,0,13.0,198,0,5,0,5,6,0,25
4,0,13.0,198,0,15,0,2,2,2,25
4,0,13.0,198,0,15,0,10,22,1,25
4,0,8.0,9,2,4,0,9,27,0,8
5,4,27.0,274,1,1,0,12,83,0,15
5,2,5.0,127,4,5,1,7,8,1,24
5,0,13.0,198,3,9,0,10,43,1,25
5,0,19.0,13,6,2,0,12,121,1,10
5,0,3.0,334,4,11,1,12,80,1,27
5,0,3.0,334,4,9,1,6,132,0,27
5,0,4.0,229,5,17,1,13,99,0,30
5,0,4.0,229,5,13,0,14,24,1,30
5,0,4.0,229,5,3,0,0,26,2,30
5,0,4.0,229,5,4,2,1,81,3,30
5,0,4.0,229,5,11,1,0,0,1,30
4,4,30.0,139,6,15,0,9,101,0,19
5,0,5.0,122,6,8,0,15,114,1,24
5,0,5.0,122,6,2,1,8,9,4,24
5,0,5.0,122,6,19,0,2,2,3,24
5,0,22.0,241,1,7,0,12,17,1,26
5,0,22.0,241,1,10,0,16,139,3,26
5,0,22.0,241,1,21,1,6,7,0,26
5,0,14.0,5,0,5,0,8,9,3,5
4,11,2.0,265,6,3,0,4,75,1,22
4,11,2.0,265,6,1,0,5,6,0,22
4,11,20.0,340,2,6,0,1,67,4,29
4,11,20.0,340,2,11,1,8,19,0,29
4,11,29.0,270,5,22,1,5,12,1,16
4,11,29.0,270,5,18,0,0,85,3,16
4,9,2.0,323,1,7,1,1,105,0,22
4,9,13.0,91,6,13,1,14,32,1,25
4,2,24.0,22,2,22,0,9,57,0,14
4,2,24.0,22,2,3,1,15,108,1,14
4,2,24.0,22,2,14,1,8,41,1,14
4,2,24.0,22,2,2,1,2,35,0,14
4,2,25.0,233,4,15,0,10,47,0,13
4,2,25.0,233,4,1,2,7,120,3,13
4,2,25.0,233,4,12,1,6,128,4,13
4,0,6.0,260,0,19,0,11,90,1,23
4,0,6.0,260,0,1,2,16,113,3,23
4,0,6.0,260,0,1,0,9,49,1,23
4,0,8.0,9,2,6,0,3,30,0,8
4,0,8.0,9,2,14,0,13,99,1,8
4,0,8.0,9,2,14,3,6,7,3,8
4,0,8.0,9,2,14,0,9,54,1,8
5,4,4.0,178,3,18,1,15,51,1,30
5,4,19.0,142,0,9,2,7,62,3,10
3,2,1.0,16,6,13,0,1,11,4,7
5,4,27.0,274,1,9,0,1,35,4,15
5,0,30.0,228,2,22,0,10,23,1,19
4,2,22.0,209,0,1,1,1,59,4,26
4,2,22.0,209,0,1,0,10,23,3,26
4,2,22.0,209,0,14,2,8,27,2,26
4,2,24.0,22,2,20,0,11,124,1,14
4,2,24.0,22,2,8,2,16,108,3,14
4,2,24.0,22,2,8,0,2,92,1,14
4,2,25.0,233,4,6,0,6,89,1,13
4,2,25.0,233,4,6,0,2,2,0,13
4,2,25.0,233,4,7,2,6,7,0,13
4,2,25.0,233,4,5,0,0,77,2,13
4,2,21.0,108,3,15,0,8,27,2,21
4,2,22.0,209,0,6,1,15,114,1,26
4,2,24.0,22,2,12,1,10,23,1,14
4,2,25.0,233,4,20,1,11,15,1,13
4,2,22.0,209,0,2,3,11,15,0,26
4,2,25.0,233,4,3,3,0,96,2,13
4,0,6.0,260,0,0,0,12,83,3,23
4,0,6.0,260,0,15,0,16,50,2,23
4,0,6.0,260,0,23,0,4,45,3,23
4,2,22.0,209,0,13,0,14,24,2,26
5,8,4.0,299,5,16,1,5,64,0,30
5,6,8.0,59,0,3,0,2,86,2,8
4,10,11.0,298,3,14,1,13,38,0,9
4,4,30.0,139,6,12,1,10,22,1,19
4,4,30.0,139,6,21,0,4,127,1,19
4,2,22.0,209,0,13,2,13,38,3,26
4,2,22.0,209,0,22,2,5,6,3,26
4,2,22.0,209,0,16,1,10,22,1,26
4,2,22.0,209,0,19,1,9,134,4,26
4,2,24.0,22,2,17,0,4,4,1,14
4,2,24.0,22,2,17,0,10,22,3,14
5,8,22.0,354,1,13,0,6,91,2,26
5,8,27.0,78,3,8,0,1,1,0,15
5,2,21.0,108,6,20,0,11,94,2,21
5,0,3.0,334,4,7,1,14,25,0,27
5,0,3.0,334,4,11,0,6,89,4,27
5,0,3.0,334,4,15,1,9,10,1,27
5,0,3.0,334,4,22,2,9,49,0,27
5,0,4.0,229,5,15,0,11,124,4,30
5,0,4.0,229,5,2,1,15,114,1,30
5,0,4.0,229,5,4,0,6,73,4,30
5,0,3.0,334,4,10,1,6,7,4,27
5,0,5.0,122,6,3,0,1,35,2,24
5,0,5.0,122,6,14,0,3,44,4,24
5,0,5.0,122,6,3,1,4,75,1,24
5,0,14.0,5,0,17,0,5,12,1,5
5,0,14.0,5,0,16,0,11,18,1,5
5,0,14.0,5,0,3,0,14,25,1,5
5,0,14.0,5,0,8,2,7,137,1,5
5,0,14.0,5,0,14,0,1,1,0,5
5,0,14.0,5,0,12,1,1,67,4,5
5,0,22.0,241,1,6,0,5,6,1,26
5,0,22.0,241,1,10,0,2,2,1,26
5,0,22.0,241,1,13,0,10,47,2,26
5,0,22.0,241,1,14,0,9,63,4,26
5,0,22.0,241,1,12,1,1,16,4,26
4,2,24.0,22,2,23,0,0,85,1,14
4,2,21.0,108,3,4,3,6,7,3,21
4,2,24.0,22,2,19,0,7,122,2,14
4,8,23.0,102,4,4,0,6,132,0,17
4,8,29.0,301,2,7,2,5,64,3,16
5,1,11.0,111,1,9,0,5,6,1,9
5,1,4.0,286,1,14,3,6,7,0,30
4,8,29.0,301,2,5,0,0,12,0,16
4,4,6.0,176,2,9,0,8,19,4,23
4,4,8.0,292,5,16,1,11,15,0,8
4,4,6.0,176,2,19,0,5,12,0,23
4,4,8.0,292,5,8,0,6,132,1,8
4,10,7.0,243,2,1,0,9,57,1,11
4,4,13.0,221,2,23,1,0,0,1,25
4,4,13.0,221,2,12,0,4,115,2,25
4,4,14.0,345,4,1,0,9,101,1,5
4,4,14.0,345,4,18,0,6,91,1,5
5,0,22.0,241,1,1,2,7,20,0,26
5,0,22.0,241,1,4,0,3,115,1,26
5,0,22.0,241,1,21,1,6,7,0,26
4,11,2.0,265,6,11,0,13,69,0,22
4,11,2.0,265,6,2,0,5,47,2,22
4,11,2.0,265,6,9,0,7,111,1,22
4,11,22.0,250,5,15,0,7,120,2,26
4,11,22.0,250,5,8,0,12,61,2,26
4,11,22.0,250,5,11,0,12,104,2,26
4,11,22.0,250,5,9,1,4,5,4,26
4,11,29.0,270,5,22,2,16,130,3,16
4,11,29.0,270,5,15,0,6,89,0,16
4,11,29.0,270,5,20,1,1,105,4,16
4,11,29.0,270,5,10,0,14,126,0,16
4,9,2.0,323,1,1,0,10,22,1,22
4,9,3.0,217,2,7,0,11,18,1,27
4,9,2.0,323,1,2,1,3,30,4,22
4,11,22.0,250,5,11,0,0,96,2,26
5,8,5.0,101,6,20,1,8,41,4,24
5,6,22.0,185,0,13,3,1,35,3,26
5,8,4.0,299,5,15,3,11,15,4,30
5,8,4.0,299,5,14,1,1,35,0,30
4,4,30.0,139,6,16,1,13,48,2,19
4,4,30.0,139,6,1,0,1,35,4,19
4,1,10.0,17,1,23,1,10,22,0,4
5,8,4.0,299,5,11,0,14,24,2,30
4,11,8.0,283,5,6,0,14,25,1,8
4,1,19.0,29,4,18,1,13,28,0,10
4,2,14.0,231,3,22,0,16,50,1,5
4,11,18.0,332,0,4,1,0,77,0,0
5,8,4.0,299,5,8,0,14,24,2,30
4,8,28.0,224,1,8,0,6,91,4,18
4,2,14.0,231,3,14,0,2,2,0,5
4,2,14.0,231,3,3,0,11,15,3,5
4,4,14.0,345,4,9,1,10,52,4,5
5,8,11.0,306,5,22,2,2,13,0,9
5,6,15.0,49,0,2,1,5,6,1,1
4,2,14.0,231,3,22,0,15,108,1,5
5,8,11.0,306,5,4,0,15,39,4,9
4,4,13.0,221,2,1,0,14,88,2,25
4,2,14.0,231,3,8,2,12,83,3,5
4,2,15.0,130,0,16,0,2,2,4,1
4,2,15.0,130,0,4,2,15,119,0,1
4,2,21.0,108,3,5,1,14,25,1,21
4,2,22.0,209,0,17,1,9,93,0,26
4,2,22.0,209,0,0,0,12,80,4,26
4,4,22.0,152,5,11,0,10,47,0,26
4,4,22.0,152,5,23,1,11,55,0,26
5,1,18.0,82,1,1,1,9,134,4,0
5,1,18.0,82,1,18,1,7,111,4,0
5,1,20.0,151,4,1,3,10,47,3,29
3,5,1.0,109,4,19,0,8,19,1,7
5,8,28.0,224,0,6,0,13,48,0,18
5,8,28.0,224,0,5,1,15,51,1,18
5,8,28.0,224,0,13,0,14,25,3,18
5,8,28.0,224,0,12,0,8,19,3,18
5,8,29.0,301,1,20,0,13,38,0,16
5,8,29.0,301,1,6,2,5,12,0,16
5,8,29.0,301,1,19,3,15,114,0,16
4,2,16.0,220,1,10,1,14,97,2,2
4,2,16.0,220,1,19,0,3,30,1,2
5,4,5.0,235,0,10,1,2,86,4,24
5,4,5.0,235,0,22,1,11,58,4,24
5,4,5.0,235,0,10,1,5,12,0,24
5,4,20.0,115,1,17,0,5,6,1,29
5,4,20.0,115,1,1,0,10,12,1,29
5,4,29.0,313,4,16,1,13,38,0,16
5,4,29.0,313,4,16,1,0,64,0,16
5,4,29.0,313,4,8,1,6,7,4,16
5,4,29.0,313,4,9,0,10,6,3,16
5,4,30.0,139,5,16,0,2,2,1,19
5,4,30.0,139,5,7,1,8,19,2,19
5,4,30.0,139,5,16,1,0,64,0,19
5,4,30.0,139,5,11,0,14,24,0,19
5,4,30.0,139,5,8,0,14,25,0,19
5,4,30.0,139,5,18,0,4,75,1,19
5,8,10.0,71,4,14,0,2,92,0,4
5,8,27.0,78,3,18,1,0,53,0,15
4,4,22.0,152,5,15,0,2,2,2,26
4,4,22.0,152,5,2,0,5,6,0,26
4,4,30.0,139,6,2,1,7,20,4,19
4,4,30.0,139,6,12,1,10,22,1,19
4,4,30.0,139,6,1,2,7,8,0,19
4,2,14.0,231,3,7,1,14,24,0,5
4,2,14.0,231,3,17,1,9,95,4,5
4,2,15.0,130,0,6,0,15,31,0,1
4,2,15.0,130,0,21,2,5,12,0,1
4,2,15.0,130,0,12,0,2,2,4,1
4,2,15.0,130,0,19,2,5,6,3,1
4,2,21.0,108,3,8,0,14,24,2,21
4,2,22.0,209,0,17,0,13,29,1,26
4,2,22.0,209,0,23,0,9,83,4,26
4,2,24.0,22,2,14,2,15,39,3,14
4,2,24.0,22,2,18,0,15,51,1,14
5,2,4.0,254,2,17,0,7,122,1,30
5,2,4.0,254,2,1,0,10,12,1,30
5,2,4.0,254,2,4,1,13,38,4,30
5,2,12.0,128,4,0,0,1,1,4,28
5,2,12.0,128,4,23,0,10,22,3,28
5,2,12.0,128,4,8,2,0,96,3,28
5,2,12.0,128,4,1,2,3,115,1,28
5,2,12.0,128,4,14,0,4,4,1,28
5,2,20.0,264,5,16,0,0,12,3,29
5,2,20.0,264,5,6,2,10,22,3,29
5,2,20.0,264,5,20,0,14,32,0,29
5,2,20.0,264,5,20,1,4,82,1,29
5,2,20.0,264,5,14,0,8,118,3,29
5,2,20.0,264,5,0,0,9,54,1,29
5,2,21.0,108,6,5,0,11,15,1,21
5,2,21.0,108,6,5,1,2,86,4,21
5,2,21.0,108,6,12,0,5,47,3,21
5,0,3.0,334,4,0,0,8,27,1,27
4,2,14.0,231,3,9,0,10,43,0,5
4,4,21.0,339,4,16,1,15,114,0,21
5,8,28.0,224,0,23,1,13,48,4,18
5,8,29.0,301,1,6,0,5,12,3,16
4,2,14.0,231,3,19,1,10,22,4,5
5,8,29.0,301,1,6,2,5,12,3,16
4,8,28.0,224,1,1,3,10,47,3,18
5,4,15.0,132,4,17,1,11,90,1,1
4,2,15.0,130,0,22,0,13,38,1,1
5,8,28.0,224,0,22,1,1,81,4,18
4,4,21.0,339,4,7,0,10,43,2,21
5,2,1.0,16,3,13,3,14,25,0,7
4,2,15.0,130,0,4,2,5,64,0,1
3,2,22.0,209,6,3,0,7,129,2,26
4,2,14.0,231,3,19,1,11,55,4,5
5,2,1.0,16,3,17,0,2,2,4,7
4,2,15.0,130,0,18,0,15,31,3,1
5,0,25.0,281,5,17,1,9,95,1,13
4,4,21.0,339,4,11,0,14,106,1,21
5,8,28.0,224,0,18,2,3,70,3,18
5,2,20.0,264,5,14,1,6,91,4,29
4,4,21.0,339,4,0,1,1,67,0,21
5,8,29.0,301,1,2,0,4,75,0,16
5,2,20.0,264,5,19,0,7,54,0,29
4,4,21.0,339,4,13,0,16,65,0,21
5,8,29.0,301,1,19,0,13,28,2,16
4,2,15.0,130,0,10,0,7,8,2,1
5,2,20.0,264,5,17,1,16,74,0,29
4,4,21.0,339,4,19,0,2,86,4,21
5,8,29.0,301,1,14,2,10,47,0,16
5,4,5.0,235,0,6,0,0,12,0,24
5,4,5.0,235,0,0,1,0,64,0,24
5,4,5.0,235,0,1,0,16,50,1,24
5,4,13.0,221,1,22,0,14,131,3,25
5,4,13.0,221,1,14,1,12,56,4,25
5,8,29.0,301,1,5,0,14,24,2,16
4,4,30.0,139,6,22,0,8,118,1,19
4,2,14.0,231,3,8,3,16,72,0,5
4,2,14.0,231,3,19,1,3,30,4,5
4,2,14.0,231,3,19,2,2,69,0,5
4,2,14.0,231,3,13,2,8,19,2,5
4,2,15.0,130,0,10,0,0,64,1,1
4,2,14.0,231,3,11,0,4,121,1,5
5,4,4.0,178,3,11,1,10,23,1,30
5,4,3.0,279,6,12,3,9,95,0,27
4,2,15.0,130,0,22,0,0,77,0,1
5,9,26.0,267,4,17,0,7,62,3,3
4,2,15.0,130,0,9,0,10,12,3,1
4,2,21.0,108,3,3,0,13,29,0,21
4,2,22.0,209,0,0,1,6,7,0,26
4,2,21.0,108,3,14,1,14,126,4,21
4,2,22.0,209,0,8,0,10,12,1,26
4,2,22.0,209,0,4,1,1,105,4,26
4,2,22.0,209,0,21,1,5,12,0,26
4,2,24.0,22,2,16,0,1,16,4,14
4,2,24.0,22,2,15,0,5,6,0,14
4,2,24.0,22,2,13,3,5,6,0,14
4,10,19.0,117,0,19,1,1,16,1,10
4,10,17.0,256,6,4,0,14,131,1,6
5,3,22.0,166,2,17,0,2,86,1,26
5,6,14.0,173,3,19,0,14,24,2,5
5,6,6.0,83,6,17,3,0,68,4,23
5,1,9.0,50,3,18,2,14,34,3,12
5,1,9.0,50,3,9,1,8,118,1,12
5,1,9.0,50,3,13,1,13,48,4,12
5,1,26.0,248,2,18,0,14,110,1,3
5,1,24.0,64,0,17,0,10,22,2,14
5,1,9.0,50,3,17,3,3,115,0,12
5,1,24.0,64,0,13,1,9,101,4,14
5,1,26.0,248,2,22,0,9,49,0,3
5,1,31.0,305,0,9,0,5,12,2,20
5,0,1.0,8,1,9,0,8,9,4,7
5,10,22.0,314,2,20,1,10,47,1,26
4,9,1.0,126,0,14,1,13,99,1,7
4,9,1.0,126,0,19,0,13,28,1,7
4,3,1.0,180,4,4,0,3,115,3,7
4,0,2.0,47,4,1,1,1,1,2,22
4,0,2.0,47,4,10,1,9,93,4,22
4,0,3.0,334,5,0,0,4,5,2,27
4,0,2.0,47,4,2,0,8,33,2,22
5,0,1.0,8,1,17,0,15,114,1,7
5,4,20.0,115,1,16,0,9,63,4,29
5,4,20.0,115,1,6,0,10,22,3,29
5,4,20.0,115,1,11,0,13,29,4,29
5,4,20.0,115,1,21,1,3,79,0,29
5,4,20.0,115,1,4,0,8,118,3,29
5,4,20.0,115,1,17,0,16,72,0,29
5,4,20.0,115,1,9,0,10,22,2,29
5,4,29.0,313,4,3,1,14,97,4,16
5,4,30.0,139,5,23,2,9,134,3,19
5,4,30.0,139,5,16,1,2,2,0,19
5,4,29.0,313,4,17,1,9,27,2,16
5,2,4.0,254,2,8,0,13,28,1,30
5,2,4.0,254,2,14,1,9,134,1,30
5,2,12.0,128,4,0,0,4,79,3,28
5,2,12.0,128,4,11,0,16,37,0,28
5,2,12.0,128,4,23,1,10,47,0,28
4,0,3.0,334,5,1,0,9,54,3,27
5,1,2.0,171,3,1,2,9,27,0,22
4,0,3.0,334,5,23,1,1,59,4,27
5,1,10.0,17,0,16,0,1,11,3,4
4,0,3.0,334,5,9,0,0,53,0,27
5,1,12.0,353,2,21,0,10,47,0,28
4,4,22.0,152,5,10,0,2,92,1,26
5,1,12.0,353,2,13,2,10,23,3,28
4,0,20.0,172,0,3,0,5,6,0,29
5,1,12.0,353,2,15,2,9,10,3,28
4,0,21.0,287,1,5,0,16,37,1,21
5,1,12.0,353,2,4,0,4,66,3,28
4,0,21.0,287,1,18,0,16,72,3,21
5,1,12.0,353,2,14,0,10,47,0,28
4,4,21.0,339,4,15,0,2,86,2,21
4,0,28.0,249,1,16,0,0,31,4,18
5,1,12.0,353,2,15,1,9,9,4,28
5,1,19.0,29,2,0,1,2,2,0,10
5,1,19.0,29,2,10,0,4,82,1,10
5,1,19.0,29,2,1,0,15,96,4,10
5,1,19.0,29,2,14,0,15,46,2,10
5,1,19.0,29,2,4,0,5,12,3,10
5,1,19.0,29,2,15,1,14,25,4,10
5,1,28.0,300,5,20,1,1,11,4,18
5,1,29.0,112,6,16,1,8,41,4,16
5,1,29.0,112,6,4,0,2,40,2,16
4,8,30.0,103,4,2,0,1,59,1,19
4,2,8.0,258,0,1,0,0,85,1,8
4,2,5.0,127,5,9,1,5,12,1,24
5,1,29.0,112,6,9,0,13,38,1,16
5,1,28.0,300,5,14,1,1,105,0,18
5,1,29.0,112,6,5,1,6,116,4,16
5,1,28.0,300,5,12,3,9,95,3,18
5,8,3.0,363,4,11,0,12,135,4,27
5,8,3.0,363,4,9,0,4,4,3,27
5,8,4.0,299,5,6,1,11,18,0,30
5,8,4.0,299,5,20,0,10,47,2,30
5,8,4.0,299,5,11,0,8,65,2,30
5,8,4.0,299,5,9,0,8,41,1,30
5,8,3.0,363,4,2,1,15,51,1,27
5,8,4.0,299,5,19,1,15,39,4,30
5,8,5.0,101,6,5,0,14,25,2,24
5,8,5.0,101,6,13,0,13,99,2,24
5,8,11.0,306,5,17,1,15,39,2,9
5,8,11.0,306,5,13,1,0,15,4,9
5,8,11.0,306,5,14,0,16,37,3,9
5,8,28.0,224,0,6,0,13,21,1,18
5,8,29.0,301,1,3,0,4,5,4,16
5,4,5.0,235,0,13,0,1,11,3,24
5,4,5.0,235,0,13,0,10,22,3,24
4,8,13.0,189,0,13,0,0,64,1,25
5,4,5.0,235,0,18,0,15,77,3,24
5,4,5.0,235,0,20,0,14,24,2,24
5,4,13.0,221,1,15,0,10,22,3,25
5,4,13.0,221,1,22,1,2,2,4,25
5,4,13.0,221,1,22,0,5,12,3,25
5,4,20.0,115,1,3,2,3,76,2,29
5,4,20.0,115,1,21,1,1,67,4,29
5,4,20.0,115,1,12,0,13,29,2,29
5,4,20.0,115,1,1,0,6,89,3,29
5,4,20.0,115,1,13,1,10,22,1,29
5,4,29.0,313,4,16,1,8,19,4,16
5,4,29.0,313,4,10,0,10,22,3,16
5,4,29.0,313,4,21,1,11,94,0,16
5,4,29.0,313,4,6,1,5,6,2,16
5,4,29.0,313,4,16,1,5,64,0,16
5,4,29.0,313,4,3,0,14,24,2,16
5,4,29.0,313,4,13,0,14,125,2,16
5,4,29.0,313,4,17,0,13,21,4,16
5,2,4.0,254,2,6,1,13,21,2,30
5,11,1.0,222,4,16,0,2,92,1,7
5,11,18.0,332,3,15,0,5,12,0,0
5,11,18.0,332,3,14,3,14,25,0,0
4,0,28.0,249,1,0,0,4,5,1,18
4,0,28.0,249,1,11,0,6,89,1,18
4,0,28.0,249,1,11,0,6,116,1,18
4,0,28.0,249,1,2,0,2,86,4,18
4,0,29.0,191,2,17,0,7,62,3,16
4,0,29.0,191,2,7,0,6,7,4,16
4,0,29.0,191,2,21,1,16,37,0,16
4,0,29.0,191,2,8,0,9,57,0,16
4,0,29.0,191,2,4,0,2,40,4,16
4,0,29.0,191,2,18,0,3,115,1,16
4,0,29.0,191,2,9,2,0,64,0,16
4,0,28.0,249,1,17,3,8,19,3,18
4,9,1.0,126,0,17,3,9,101,1,7
4,2,19.0,137,5,2,0,5,6,2,10
4,2,3.0,282,2,4,3,4,136,4,27
4,9,3.0,217,2,1,0,8,41,3,27
4,9,3.0,217,2,9,0,14,32,4,27
4,9,3.0,217,2,23,1,11,15,1,27
4,9,4.0,295,4,15,0,10,47,2,30
4,9,12.0,177,5,15,2,6,128,0,28
4,9,12.0,177,5,12,0,2,2,1,28
4,9,12.0,177,5,17,0,14,24,4,28
4,9,14.0,106,3,15,0,2,86,1,5
4,9,14.0,106,3,5,0,7,122,0,5
4,9,14.0,106,3,19,0,10,47,0,5
4,9,14.0,106,3,14,0,15,51,3,5
4,9,27.0,179,6,3,0,9,27,3,15
4,9,27.0,179,6,14,0,4,66,1,15
4,9,27.0,179,6,23,1,0,68,1,15
4,7,3.0,269,2,21,0,4,76,3,27
4,7,3.0,269,2,23,0,0,64,0,27
4,7,3.0,269,2,8,0,7,62,1,27
4,7,3.0,269,2,1,2,14,106,0,27
4,7,6.0,93,6,17,0,3,79,1,23
4,7,6.0,93,6,13,1,4,82,1,23
4,7,6.0,93,6,14,1,2,69,1,23
4,2,21.0,108,3,13,0,16,50,3,21
4,2,21.0,108,3,14,2,7,57,3,21
4,2,21.0,108,3,14,1,12,83,4,21
4,2,22.0,209,0,6,0,14,25,1,26
4,2,22.0,209,0,21,1,11,94,0,26
4,2,22.0,209,0,16,1,11,15,0,26
4,2,22.0,209,0,11,0,10,22,3,26
4,2,22.0,209,0,3,0,8,41,2,26
4,2,24.0,22,2,21,0,16,37,1,14
4,2,24.0,22,2,13,0,5,6,3,14
4,2,24.0,22,2,3,0,15,114,4,14
5,10,10.0,245,5,9,1,15,51,4,4
4,1,29.0,112,3,7,2,0,85,3,16
4,1,29.0,112,3,15,0,8,9,2,16
4,1,29.0,112,3,14,0,10,22,3,16
4,1,29.0,112,3,9,0,10,23,0,16
4,1,30.0,100,0,10,0,8,118,1,19
4,1,30.0,100,0,20,1,0,12,1,19
4,1,29.0,112,3,14,0,8,118,2,16
4,1,30.0,100,0,19,0,11,94,1,19
4,1,29.0,112,3,12,3,6,128,3,16
4,1,29.0,112,3,0,0,14,25,2,16
4,8,22.0,354,2,21,1,10,52,0,26
4,2,12.0,128,5,13,0,15,39,4,28
4,4,22.0,152,5,5,1,6,7,1,26
4,4,21.0,339,4,22,0,7,62,2,21
4,4,21.0,339,4,11,0,14,32,1,21
4,4,22.0,152,5,19,1,13,99,4,26
4,4,22.0,152,5,11,1,1,81,4,26
4,4,30.0,139,6,16,1,1,105,0,19
4,4,30.0,139,6,10,2,11,124,0,19
4,4,30.0,139,6,3,0,8,41,3,19
4,10,30.0,157,5,23,0,2,92,1,19
4,10,30.0,157,5,10,2,10,22,3,19
4,10,29.0,318,4,1,0,8,65,4,16
4,10,30.0,157,5,11,0,14,106,4,19
5,1,12.0,353,2,16,1,3,76,4,28
5,1,19.0,29,2,16,0,3,44,3,10
5,1,19.0,29,2,16,2,9,102,3,10
5,1,19.0,29,2,11,1,15,114,1,10
5,1,19.0,29,2,14,0,14,24,0,10
5,1,28.0,300,5,6,1,11,15,4,18
5,1,28.0,300,5,2,0,7,20,4,18
5,1,28.0,300,5,9,0,2,40,1,18
5,1,28.0,300,5,5,0,14,24,2,18
5,1,29.0,112,6,7,1,0,68,2,16
5,1,29.0,112,6,3,1,0,31,4,16
5,1,29.0,112,6,19,0,13,99,3,16
5,1,29.0,112,6,3,0,16,65,3,16
5,1,29.0,112,6,19,0,2,92,0,16
5,1,29.0,112,6,18,0,13,29,3,16
5,8,3.0,363,4,16,1,2,13,1,27
5,8,3.0,363,4,14,0,5,64,0,27
5,8,3.0,363,4,9,0,1,1,3,27
5,8,3.0,363,4,2,0,9,93,1,27
5,8,4.0,299,5,16,0,5,12,1,30
5,8,4.0,299,5,11,0,16,42,3,30
4,5,1.0,109,6,3,0,6,7,0,7
4,5,25.0,350,1,23,1,14,24,1,13
4,5,25.0,350,1,11,0,2,40,1,13
4,5,27.0,328,4,15,3,12,17,1,15
3,0,24.0,55,2,13,3,6,14,4,14
4,6,27.0,116,3,19,1,0,12,0,15
4,6,18.0,308,5,13,1,5,12,1,0
4,10,10.0,245,6,12,1,5,12,0,4
4,6,9.0,236,2,11,3,9,83,1,12
4,10,8.0,213,4,1,1,11,18,1,8
5,6,16.0,38,1,11,1,6,7,0,2
4,10,10.0,245,6,11,1,14,24,1,4
5,1,9.0,50,3,1,0,2,69,3,12
5,1,31.0,305,0,19,1,9,10,0,20
4,2,12.0,128,5,8,0,1,11,2,28
4,9,1.0,126,0,17,0,16,50,1,7
5,3,5.0,324,3,17,0,13,38,4,24
4,3,1.0,180,4,19,0,14,107,4,7
5,1,24.0,64,0,18,2,13,28,3,14
4,6,19.0,291,6,4,0,5,6,3,10
5,7,30.0,42,0,1,0,2,86,4,19
5,3,30.0,304,4,4,2,6,7,3,19
5,7,29.0,268,3,15,0,8,41,2,16
4,10,10.0,245,6,11,0,14,110,4,4
3,2,1.0,16,6,17,1,1,105,0,7
5,6,19.0,291,5,18,1,15,51,4,10
5,6,19.0,291,5,5,3,1,67,4,10
4,10,30.0,157,5,17,1,3,76,4,19
4,10,30.0,157,5,15,1,2,3,4,19
4,10,30.0,157,5,22,1,1,67,4,19
4,10,30.0,157,5,8,3,15,114,2,19
4,10,30.0,157,5,18,0,1,59,4,19
4,1,15.0,1,3,17,0,4,82,3,1
4,1,15.0,1,3,21,2,3,79,0,1
4,1,15.0,1,3,11,0,5,6,2,1
4,1,29.0,112,3,22,1,12,100,1,16
5,11,28.0,123,2,17,1,14,107,0,18
5,11,28.0,123,2,4,0,7,78,1,18
5,11,28.0,123,2,14,2,7,122,3,18
5,10,6.0,242,0,14,0,7,62,0,23
5,7,31.0,43,1,2,0,9,57,0,20
5,11,28.0,123,2,21,1,13,48,0,18
5,11,1.0,222,4,16,2,14,24,3,7
5,11,1.0,222,4,0,0,7,111,1,7
5,11,1.0,222,4,14,0,4,82,1,7
5,11,9.0,311,5,6,0,11,117,1,12
5,11,9.0,311,5,13,0,4,5,3,12
5,11,9.0,311,5,12,0,10,22,3,12
5,11,9.0,311,5,11,0,13,38,2,12
5,11,11.0,175,3,10,0,9,134,2,9
5,11,11.0,175,3,2,0,10,52,2,9
5,11,11.0,175,3,9,0,8,41,0,9
5,11,11.0,175,3,3,1,13,123,4,9
5,11,18.0,332,3,20,0,16,74,3,0
5,11,18.0,332,3,12,1,4,136,1,0
5,11,18.0,332,3,19,2,1,105,4,0
5,11,25.0,88,3,14,0,4,5,1,13
5,11,25.0,88,3,1,0,10,47,2,13
5,11,25.0,88,3,12,0,14,24,2,13
5,11,28.0,123,2,22,2,10,47,3,18
5,11,28.0,123,2,6,0,5,12,3,18
5,9,2.0,323,0,13,0,2,123,2,22
5,3,8.0,148,2,0,1,16,50,1,8
5,1,8.0,62,6,9,2,3,103,3,8
5,3,23.0,57,4,5,0,11,122,1,17
5,9,2.0,323,0,2,2,11,55,3,22
5,9,2.0,323,0,3,1,13,48,4,22
5,9,3.0,217,1,6,0,11,122,1,27
5,9,3.0,217,1,8,2,14,125,0,27
5,11,1.0,222,4,6,0,11,133,4,7
5,11,1.0,222,4,21,0,5,12,1,7
5,11,1.0,222,4,16,0,14,25,1,7
5,11,1.0,222,4,20,2,13,29,1,7
5,11,1.0,222,4,13,0,6,132,4,7
5,11,1.0,222,4,18,0,13,38,1,7
5,11,9.0,311,5,23,0,4,127,1,12
5,1,21.0,45,5,1,0,12,135,3,21
5,9,21.0,362,6,6,1,0,85,1,21
5,8,6.0,87,3,1,0,2,92,1,23
5,8,6.0,87,3,18,0,10,47,0,23
5,8,17.0,74,4,13,0,10,22,3,6
5,8,17.0,74,4,22,0,5,6,2,6
5,8,17.0,74,4,4,0,14,34,3,6
5,8,23.0,102,2,16,0,16,39,0,17
5,7,22.0,211,3,18,1,11,15,0,26
5,8,23.0,102,2,22,1,4,4,4,17
5,8,23.0,102,2,4,2,10,22,0,17
5,8,25.0,86,5,3,1,13,38,4,13
5,4,1.0,144,4,13,2,15,39,3,7
5,4,1.0,144,4,5,1,14,24,1,7
5,4,1.0,144,4,11,1,1,1,4,7
5,4,1.0,144,4,9,0,9,102,1,7
5,4,1.0,144,4,9,0,3,30,3,7
5,4,6.0,176,1,0,0,13,29,1,23
5,4,6.0,176,1,13,0,13,28,0,23
5,4,7.0,133,2,22,0,12,61,1,11
5,4,7.0,133,2,1,2,4,45,3,11
5,4,8.0,292,4,16,2,15,51,3,8
5,1,15.0,1,6,13,3,15,112,4,1
5,1,23.0,69,3,2,2,16,50,0,17
5,1,17.0,63,0,8,3,14,25,0,6
5,1,23.0,69,3,1,2,8,65,3,17
5,1,23.0,69,3,19,0,5,6,3,17
5,1,23.0,69,3,4,0,1,67,1,17
5,8,6.0,87,3,5,0,15,31,3,23
5,8,6.0,87,3,15,1,9,134,4,23
5,8,6.0,87,3,22,2,6,7,0,23
5,8,6.0,87,3,8,2,4,103,3,23
5,8,6.0,87,3,19,3,7,78,4,23
5,8,17.0,74,4,17,1,11,15,0,6
5,8,23.0,102,2,17,0,12,135,3,17
5,8,23.0,102,2,7,0,0,26,3,17
5,8,23.0,102,2,3,2,9,95,2,17
5,8,23.0,102,2,2,1,0,85,4,17
5,4,1.0,144,4,15,1,14,131,4,7
5,4,1.0,144,4,3,0,10,47,3,7
5,4,1.0,144,4,19,0,9,27,3,7
5,4,1.0,144,4,2,0,16,113,2,7
5,4,1.0,144,4,18,1,13,99,1,7
5,4,1.0,144,4,1,0,13,99,1,7
5,11,11.0,175,3,3,0,11,124,2,9
5,11,11.0,175,3,9,0,0,15,1,9
5,11,11.0,175,3,15,0,14,24,2,9
5,11,18.0,332,3,17,0,7,111,3,0
5,11,18.0,332,3,8,0,6,89,1,0
5,11,1.0,222,4,0,0,5,12,0,7
5,11,25.0,88,3,2,2,10,23,1,13
5,11,28.0,123,2,17,1,10,22,1,18
5,9,2.0,323,0,14,0,10,47,3,22
5,9,2.0,323,0,9,0,14,24,1,22
5,1,15.0,1,6,13,0,3,30,4,1
5,1,8.0,62,6,4,0,16,39,0,8
5,10,6.0,242,0,18,1,4,75,1,23
5,1,8.0,62,6,19,0,12,61,4,8
5,3,6.0,303,0,12,0,5,12,3,23
5,1,15.0,1,6,22,0,0,15,3,1
5,3,15.0,35,2,11,0,8,118,1,1
5,7,23.0,202,0,12,2,10,47,0,17
5,1,8.0,62,6,14,0,6,116,3,8
5,1,15.0,1,6,19,0,1,1,0,1
5,1,17.0,63,0,3,0,6,89,3,6
5,6,30.0,145,1,1,0,0,26,0,19
3,4,26.0,80,3,4,0,9,9,2,3
5,7,23.0,202,0,3,1,12,56,4,17
5,10,17.0,256,5,6,0,8,118,0,6
5,1,8.0,62,6,9,1,5,12,1,8
5,3,6.0,303,0,18,0,5,6,0,23
5,9,7.0,271,6,2,1,15,51,2,11
5,7,21.0,81,6,12,1,0,26,1,21
5,3,20.0,105,0,4,1,2,40,4,29
5,1,17.0,63,0,13,1,0,53,4,6
5,1,14.0,183,5,2,0,6,132,1,5
5,1,14.0,183,5,5,1,1,67,4,5
5,3,8.0,148,2,0,0,0,77,3,8
5,1,15.0,1,6,20,0,11,18,0,1
5,1,17.0,63,0,9,2,4,4,0,6
5,3,8.0,148,2,3,0,14,107,3,8
5,7,21.0,81,6,15,0,3,79,3,21
5,6,8.0,59,0,5,0,6,89,2,8
5,1,14.0,183,5,5,1,2,86,1,5
5,3,6.0,303,0,12,1,10,23,1,23
5,9,7.0,271,6,2,1,6,91,4,11
5,1,14.0,183,5,9,1,10,22,1,5
5,1,17.0,63,0,12,0,10,22,1,6
5,3,8.0,148,2,8,0,12,104,1,8
5,1,17.0,63,0,15,0,11,94,0,6
5,6,8.0,59,0,8,0,7,20,2,8
5,1,15.0,1,6,3,0,13,28,3,1
5,3,8.0,148,2,8,0,10,47,3,8
5,3,6.0,303,0,1,0,10,23,2,23
5,1,16.0,2,3,6,0,13,29,1,2
5,1,15.0,1,6,5,0,14,24,2,1
5,6,8.0,59,0,12,0,15,108,1,8
5,1,15.0,1,6,8,0,8,9,1,1
5,1,8.0,62,6,23,1,16,72,1,8
1,1,14.0,183,3,14,0,3,115,3,5
5,1,15.0,1,6,18,0,15,108,3,1
5,1,16.0,2,3,14,0,14,25,0,2
5,1,17.0,63,0,3,0,5,6,3,6
5,11,1.0,222,4,6,0,2,123,4,7
5,10,1.0,208,2,22,3,9,27,0,7
5,10,12.0,333,3,22,3,9,27,2,28
5,9,2.0,323,0,13,0,5,64,0,22
5,10,20.0,223,0,19,3,6,126,0,29
5,11,1.0,222,4,6,0,8,41,4,7
5,11,1.0,222,4,17,0,5,12,0,7
5,11,1.0,222,4,10,1,11,55,0,7
5,11,11.0,175,3,23,0,0,12,0,9
5,6,21.0,193,3,13,1,2,123,1,21
5,1,5.0,219,2,16,1,13,21,0,24
5,5,9.0,206,6,22,3,9,27,0,12
5,11,25.0,88,3,16,0,11,94,3,13
5,11,25.0,88,3,6,0,1,1,1,13
5,11,28.0,123,2,8,0,3,30,0,18
5,11,28.0,123,2,11,0,4,75,1,18
5,9,2.0,323,0,6,1,3,44,4,22
5,9,2.0,323,0,17,1,6,7,0,22
5,9,3.0,217,1,8,0,3,4,0,27
5,9,3.0,217,1,8,1,15,46,4,27
5,9,3.0,217,1,18,0,3,79,3,27
5,9,8.0,90,3,8,0,14,24,2,8
5,9,18.0,359,2,16,0,1,11,0,0
5,9,18.0,359,2,16,2,14,88,3,0
5,9,18.0,359,2,18,0,11,124,4,0
5,9,18.0,359,2,20,3,9,57,3,0
5,9,25.0,344,2,12,0,13,99,0,13
5,9,25.0,344,2,19,1,15,31,0,13
5,9,18.0,359,2,2,0,14,24,2,0
5,9,27.0,179,5,5,1,14,97,4,15
3,2,1.0,16,6,17,0,4,82,1,7
5,11,19.0,321,0,18,0,3,115,1,10
5,11,19.0,321,0,4,1,4,45,0,10
5,9,1.0,126,3,17,1,0,12,2,7
5,9,26.0,267,4,22,0,0,31,2,3
3,6,1.0,158,3,17,0,3,115,3,7
5,11,8.0,283,4,17,1,8,33,0,8
3,9,1.0,126,6,9,0,1,67,3,7
5,9,18.0,359,2,16,2,11,15,3,0
5,9,27.0,179,5,9,0,2,69,0,15
5,11,18.0,332,3,17,1,0,12,0,0
5,11,18.0,332,3,12,0,5,6,2,0
5,11,18.0,332,3,13,1,12,61,4,0
5,11,25.0,88,3,8,0,11,58,2,13
5,11,28.0,123,2,11,0,1,35,1,18
5,11,28.0,123,2,12,0,2,40,1,18
5,11,28.0,123,2,14,1,6,132,1,18
5,9,2.0,323,0,15,0,4,121,1,22
5,9,2.0,323,0,1,1,6,14,4,22
5,9,3.0,217,1,17,0,5,6,0,27
5,9,8.0,90,3,19,1,6,89,4,8
5,9,8.0,90,3,12,3,14,88,4,8
5,9,9.0,320,0,20,1,15,114,1,12
5,9,8.0,90,3,2,0,10,22,1,8
5,9,9.0,320,0,14,0,7,111,4,12
5,9,18.0,359,2,16,1,15,96,2,0
5,9,18.0,359,2,20,1,5,6,0,0
5,10,1.0,208,2,17,1,0,85,2,7
5,6,1.0,158,0,13,0,2,86,4,7
5,9,18.0,359,2,4,1,10,22,4,0
5,9,25.0,344,2,11,0,2,2,4,13
5,9,25.0,344,2,0,1,10,47,1,13
5,9,27.0,179,5,15,1,11,133,4,15
5,9,27.0,179,5,19,0,13,21,1,15
5,6,4.0,159,4,22,0,2,71,3,30
5,6,1.0,158,0,13,1,0,68,4,7
5,6,4.0,159,4,11,0,0,53,2,30
5,6,4.0,159,4,18,1,16,108,0,30
5,10,2.0,358,4,4,3,5,64,0,22
5,10,20.0,223,0,19,3,6,7,3,29
5,9,14.0,106,6,22,1,6,91,1,5
5,7,30.0,42,0,9,1,6,7,2,19
5,7,30.0,42,0,1,1,1,105,0,19
5,7,29.0,268,3,19,0,9,101,3,16
5,3,7.0,289,1,15,0,0,0,0,11
5,3,7.0,289,1,18,3,13,21,1,11
5,1,7.0,32,5,1,3,13,99,4,11
5,10,8.0,213,2,17,1,0,12,1,8
5,1,7.0,32,5,19,1,11,133,4,11
5,11,21.0,192,2,0,0,4,45,3,21
5,1,7.0,32,5,5,3,9,87,3,11
5,3,23.0,57,4,11,1,9,101,4,17
5,1,16.0,2,3,19,1,8,33,0,2
5,1,16.0,2,3,23,0,9,102,2,2
5,7,31.0,43,1,12,0,13,48,0,20
5,6,13.0,317,6,5,0,5,12,2,25
5,1,17.0,63,0,6,0,8,41,3,6
5,3,16.0,263,4,8,2,4,79,2,2
5,7,31.0,43,1,4,0,12,93,3,20
5,6,13.0,317,6,13,1,13,48,0,25
5,7,31.0,43,1,12,0,8,19,2,20
5,1,17.0,63,0,16,0,16,130,3,6
5,6,13.0,317,6,8,0,15,31,2,25
5,7,31.0,43,1,2,0,9,57,0,20
5,1,22.0,164,6,8,0,3,30,3,26
5,3,21.0,338,1,2,0,0,68,3,21
5,1,17.0,63,0,0,1,5,12,0,6
5,6,13.0,317,6,2,0,16,37,1,25
5,1,22.0,164,6,3,0,10,22,2,26
5,3,21.0,338,1,7,2,10,47,3,21
5,1,16.0,2,3,19,0,2,86,1,2
5,6,13.0,317,6,19,0,15,46,3,25
5,7,31.0,43,1,3,1,9,95,1,20
5,7,31.0,43,1,14,0,9,9,2,20
5,7,31.0,43,1,1,2,7,111,0,20
5,7,14.0,125,6,22,3,0,12,3,5
5,3,6.0,303,0,17,0,5,47,3,23
5,3,6.0,303,0,6,2,10,47,0,23
5,3,6.0,303,0,9,0,13,69,1,23
5,3,6.0,303,0,9,0,8,41,1,23
5,3,8.0,148,2,5,1,0,31,0,8
5,3,16.0,263,4,0,0,3,79,1,2
5,3,16.0,263,4,2,0,6,89,1,2
5,3,16.0,263,4,18,0,6,132,1,2
5,3,21.0,338,1,21,0,8,118,4,21
5,3,21.0,338,1,3,0,10,22,3,21
5,3,24.0,357,5,8,0,14,107,3,14
5,3,24.0,357,5,14,2,10,47,0,14
5,3,24.0,357,5,1,0,5,6,3,14
5,3,24.0,357,5,20,0,9,101,2,14
5,5,7.0,349,4,0,1,15,31,0,11
5,5,7.0,349,4,11,1,1,1,4,11
5,5,7.0,349,4,2,0,10,47,3,11
5,5,13.0,184,2,2,0,14,25,1,25
5,5,13.0,184,2,1,0,6,89,1,25
5,5,23.0,168,6,20,0,11,90,1,17
5,5,23.0,168,6,11,0,6,7,0,17
5,5,23.0,168,6,7,2,10,22,3,17
5,5,23.0,168,6,1,0,8,9,1,17
5,5,24.0,58,3,20,0,9,54,2,14
5,5,23.0,168,6,2,0,15,46,2,17
5,5,24.0,58,3,20,1,12,104,4,14
5,5,24.0,58,3,9,0,16,50,1,14
5,5,24.0,58,3,9,0,4,82,3,14
5,6,5.0,342,5,23,0,14,24,1,24
5,6,5.0,342,5,7,2,5,12,3,24
5,6,5.0,342,5,22,1,9,102,4,24
5,6,5.0,342,5,12,0,11,0,3,24
5,6,8.0,59,0,21,2,14,25,0,8
5,6,8.0,59,0,2,0,6,7,1,8
5,6,8.0,59,0,5,1,1,81,1,8
5,6,8.0,59,0,1,0,13,21,0,8
5,11,22.0,250,4,8,0,3,70,3,26
2,6,3.0,159,0,13,0,16,74,1,27
5,9,5.0,89,4,21,0,15,96,1,24
5,7,4.0,186,2,9,2,5,6,1,30
5,7,13.0,238,5,12,1,0,53,0,25
5,7,13.0,238,5,19,1,14,25,0,25
5,7,15.0,205,3,18,1,5,6,1,1
5,3,14.0,33,1,3,0,13,99,1,5
5,6,7.0,169,3,15,1,1,16,4,11
5,6,6.0,83,6,11,0,6,7,0,23
5,6,7.0,169,3,13,0,10,22,3,11
5,6,14.0,173,3,11,3,3,79,4,5
5,6,13.0,317,6,20,0,11,15,0,25
5,6,13.0,317,6,12,2,12,17,3,25
5,6,23.0,84,1,16,0,15,46,3,17
5,6,23.0,84,1,18,0,16,72,3,17
5,6,13.0,317,6,4,2,16,37,1,25
5,6,13.0,317,6,12,0,0,53,3,25
5,6,13.0,317,6,20,0,14,24,4,25
5,6,23.0,84,1,18,2,16,37,3,17
5,6,23.0,84,1,12,0,5,6,2,17
5,6,25.0,39,4,23,2,5,47,3,13
5,6,25.0,39,4,8,2,0,96,3,13
5,6,25.0,39,4,12,0,12,61,1,13
5,6,30.0,145,1,6,0,2,123,4,19
5,6,30.0,145,1,0,0,6,89,3,19
5,6,30.0,145,1,2,0,10,47,2,19
5,6,30.0,145,1,12,0,8,41,4,19
5,6,30.0,145,1,4,0,16,139,0,19
5,10,6.0,242,0,7,0,13,29,1,23
5,10,6.0,242,0,22,2,10,47,3,23
5,10,6.0,242,0,8,0,0,26,1,23
5,10,6.0,242,0,22,1,16,37,4,23
5,3,16.0,263,4,17,1,13,13,2,2
5,1,15.0,1,6,19,0,15,31,3,1
5,1,16.0,2,3,12,1,0,26,1,2
5,6,13.0,317,6,9,0,2,86,3,25
5,1,17.0,63,0,8,2,15,112,3,6
5,5,23.0,168,6,23,0,14,24,2,17
5,1,17.0,63,0,19,0,4,4,1,6
5,3,21.0,338,1,18,0,15,31,0,21
5,3,16.0,263,4,12,0,8,41,1,2
5,1,22.0,164,6,20,0,13,48,1,26
5,6,23.0,84,1,6,0,15,96,0,17
5,1,17.0,63,0,1,2,0,31,3,6
5,1,16.0,2,3,7,0,7,20,4,2
5,5,7.0,349,4,3,0,1,11,4,11
5,3,21.0,338,1,17,1,16,113,0,21
5,1,22.0,164,6,12,0,5,12,2,26
5,5,7.0,349,4,8,0,11,15,2,11
5,6,23.0,84,1,15,0,10,47,2,17
5,1,23.0,69,3,17,0,3,30,3,17
5,3,21.0,338,1,16,0,9,101,3,21
5,5,7.0,349,4,1,0,10,6,3,11
5,1,16.0,2,3,3,0,1,11,1,2
5,1,23.0,69,3,0,1,3,115,0,17
5,6,23.0,84,1,2,0,4,66,2,17
5,1,16.0,2,3,13,0,1,105,0,2
5,5,13.0,184,2,17,0,3,70,1,25
5,11,15.0,331,4,9,1,12,56,0,1
5,3,21.0,338,1,6,1,6,7,0,21
5,3,16.0,263,4,15,3,16,37,2,2
5,6,23.0,84,1,2,0,6,7,0,17
5,1,23.0,69,3,20,0,13,28,2,17
5,3,21.0,338,1,20,0,12,61,1,21
5,1,16.0,2,3,8,2,7,78,3,2
5,3,16.0,263,4,9,0,0,26,2,2
5,6,23.0,84,1,9,1,0,53,0,17
5,1,16.0,2,3,19,1,5,12,0,2
5,5,13.0,184,2,22,0,10,47,3,25
5,3,21.0,338,1,15,2,12,80,3,21
5,5,13.0,184,2,19,0,0,12,3,25
5,6,23.0,84,1,18,0,13,48,0,17
5,1,23.0,69,3,0,1,0,26,0,17
5,3,24.0,357,5,12,0,1,1,1,14
5,1,16.0,2,3,22,1,9,83,1,2
5,3,21.0,338,1,17,0,9,49,1,21
5,8,6.0,87,3,22,0,8,41,1,23
5,3,24.0,357,5,23,1,15,46,4,14
5,8,6.0,87,3,13,2,13,29,1,23
5,3,21.0,338,1,0,0,16,108,1,21
5,3,24.0,357,5,22,0,12,104,3,14
5,1,17.0,63,0,9,2,1,16,3,6
5,8,6.0,87,3,22,2,5,6,0,23
5,5,23.0,168,6,7,1,10,22,0,17
5,7,21.0,81,6,14,1,12,17,4,21
5,1,15.0,1,6,3,0,14,24,2,1
5,6,23.0,84,1,17,0,13,13,0,17
5,7,21.0,81,6,14,0,9,93,4,21
5,5,23.0,168,6,11,0,0,31,3,17
5,8,6.0,87,3,23,0,1,59,4,23
5,3,21.0,338,1,19,0,9,95,4,21
5,6,30.0,145,1,11,0,13,38,4,19
5,1,16.0,2,3,12,3,10,47,0,2
5,7,22.0,211,3,8,0,10,47,0,26
5,5,23.0,168,6,23,1,10,22,2,17
5,8,6.0,87,3,23,1,0,68,1,23
5,3,24.0,357,5,20,0,13,48,0,14
5,8,17.0,74,4,15,0,2,92,1,6
5,5,23.0,168,6,20,0,9,49,1,17
5,6,30.0,145,1,3,0,4,45,4,19
5,7,23.0,202,0,17,2,13,48,0,17
5,3,24.0,357,5,11,0,4,127,4,14
5,1,22.0,164,6,4,0,14,25,1,26
5,8,17.0,74,4,15,2,13,38,3,6
5,5,23.0,168,6,18,2,8,41,3,17
5,6,8.0,59,0,22,2,11,18,0,8
5,3,24.0,357,5,6,1,13,38,0,14
5,3,19.0,138,3,8,2,13,28,3,10
5,10,6.0,242,0,13,2,9,101,0,23
5,1,23.0,69,3,17,0,5,6,3,17
5,7,22.0,211,3,18,0,8,41,4,26
5,8,17.0,74,4,22,0,5,6,3,6
5,3,24.0,357,5,13,2,4,45,3,14
5,7,23.0,202,0,16,2,14,34,3,17
5,5,24.0,58,3,17,1,8,27,0,14
5,10,6.0,242,0,2,0,9,27,0,23
5,1,23.0,69,3,8,0,6,7,4,17
5,5,23.0,168,6,19,0,12,17,3,17
5,8,17.0,74,4,20,1,7,54,1,6
5,3,24.0,357,5,14,0,7,122,4,14
5,10,6.0,242,0,8,3,14,25,3,23
5,5,24.0,58,3,12,0,9,49,3,14
5,8,23.0,102,2,17,1,9,54,4,17
5,5,7.0,349,4,21,1,15,39,0,11
5,10,17.0,256,5,10,0,14,24,2,6
3,0,27.0,23,6,17,0,7,78,4,15
5,10,23.0,247,4,13,0,2,86,2,17
5,8,23.0,102,2,16,0,16,39,0,17
5,5,24.0,58,3,12,0,3,70,3,14
5,5,7.0,349,4,21,1,1,35,0,11
5,10,31.0,135,5,20,0,10,47,2,20
5,8,23.0,102,2,16,2,0,85,3,17
5,5,23.0,168,6,9,2,10,47,0,17
5,5,7.0,349,4,6,1,10,22,0,11
5,7,12.0,181,4,4,1,15,31,4,28
5,7,23.0,202,0,15,2,10,22,0,17
5,10,17.0,256,5,3,0,9,93,3,6
5,5,24.0,58,3,22,0,14,24,2,14
5,8,23.0,102,2,16,0,0,12,0,17
5,5,7.0,349,4,13,0,13,99,2,11
5,9,20.0,119,5,23,3,0,15,1,29
5,10,17.0,256,5,4,0,5,0,2,6
5,3,24.0,357,5,23,0,8,9,4,14
5,5,17.0,212,3,3,0,5,6,0,6
5,5,13.0,184,2,6,0,1,11,4,25
5,7,23.0,202,0,18,0,9,49,1,17
5,5,13.0,184,2,0,0,10,22,3,25
5,10,17.0,256,5,1,0,5,6,1,6
5,5,18.0,195,0,13,0,0,0,1,0
5,3,24.0,357,5,3,1,0,68,4,14
5,7,31.0,43,1,6,0,9,102,1,20
5,7,20.0,266,5,4,0,8,9,3,29
5,5,13.0,184,2,16,1,2,86,0,25
5,10,23.0,247,4,16,1,7,31,0,17
5,6,2.0,352,1,11,1,11,90,1,22
5,5,7.0,349,4,19,0,6,73,3,11
5,7,31.0,43,1,3,0,2,86,1,20
5,7,20.0,266,5,22,0,5,6,2,29
5,5,13.0,184,2,8,2,5,6,0,25
5,10,23.0,247,4,16,0,1,35,4,17
5,9,27.0,179,5,2,3,3,30,0,15
5,5,13.0,184,2,0,0,5,12,3,25
5,5,13.0,184,2,3,0,1,59,4,25
5,5,23.0,168,6,17,2,9,95,3,17
5,5,23.0,168,6,11,0,0,31,1,17
5,5,23.0,168,6,13,2,13,28,0,17
5,5,23.0,168,6,3,0,2,13,2,17
5,5,23.0,168,6,5,2,13,69,2,17
5,5,24.0,58,3,16,0,9,134,3,14
5,5,24.0,58,3,12,2,13,38,0,14
5,6,5.0,342,5,23,0,1,59,4,24
5,6,5.0,342,5,22,1,12,83,4,24
5,6,5.0,342,5,12,0,8,118,0,24
5,6,8.0,59,0,11,0,4,121,1,8
5,6,8.0,59,0,2,1,2,86,2,8
5,6,8.0,59,0,12,2,4,5,0,8
5,6,8.0,59,0,14,0,2,86,4,8
5,6,8.0,59,0,9,0,13,38,4,8
5,6,13.0,317,6,6,1,0,0,0,25
5,6,13.0,317,6,17,0,6,7,0,25
5,3,24.0,357,5,9,0,10,22,1,14
5,5,7.0,349,4,11,0,2,86,2,11
5,5,7.0,349,4,6,0,8,27,0,11
5,5,7.0,349,4,22,0,3,30,0,11
5,5,7.0,349,4,9,0,7,62,0,11
5,5,7.0,349,4,22,1,6,7,1,11
5,5,13.0,184,2,17,0,2,69,1,25
5,5,13.0,184,2,21,1,13,29,1,25
5,5,13.0,184,2,10,0,8,65,4,25
5,5,13.0,184,2,18,0,9,49,3,25
5,5,23.0,168,6,12,0,14,32,0,17
5,5,24.0,58,3,5,1,11,15,4,14
5,5,24.0,58,3,12,0,8,118,1,14
5,5,24.0,58,3,20,1,8,9,1,14
5,6,5.0,342,5,19,0,13,48,0,24
5,7,18.0,154,2,19,0,6,128,1,0
3,7,31.0,43,0,11,3,1,67,0,20
5,9,1.0,126,3,19,3,8,19,3,7
5,9,1.0,126,3,15,3,14,25,0,7
5,5,11.0,326,0,14,1,13,29,1,9
5,6,11.0,355,4,15,0,4,138,3,9
5,6,19.0,291,5,5,1,14,32,2,10
5,9,3.0,217,1,0,3,3,30,3,27
5,11,1.0,222,4,21,0,2,86,4,7
5,6,5.0,342,5,20,1,14,106,1,24
5,6,8.0,59,0,23,0,11,94,3,8
5,6,13.0,317,6,15,0,1,105,2,25
5,6,13.0,317,6,15,0,2,60,2,25
5,6,13.0,317,6,15,0,14,25,3,25
5,6,13.0,317,6,4,2,8,9,3,25
5,6,23.0,84,1,21,1,10,22,0,17
5,6,23.0,84,1,0,1,5,64,0,17
5,6,23.0,84,1,14,0,1,1,1,17
5,6,23.0,84,1,19,0,5,6,3,17
5,6,23.0,84,1,9,0,4,5,1,17
5,6,23.0,84,1,18,0,8,33,1,17
5,5,7.0,349,4,14,2,5,6,0,11
5,5,7.0,349,4,13,1,10,47,4,11
5,5,7.0,349,4,1,2,10,6,3,11
5,5,13.0,184,2,5,0,0,31,1,25
5,5,13.0,184,2,8,0,11,117,0,25
5,10,23.0,247,4,23,1,9,93,4,17
5,7,17.0,95,1,12,0,13,21,1,6
5,3,6.0,303,0,16,0,3,30,2,23
5,5,23.0,168,6,21,2,10,12,0,17
5,10,23.0,247,4,9,2,9,101,3,17
3,8,1.0,66,0,20,0,2,123,4,7
5,3,12.0,104,3,13,0,2,2,2,28
5,5,24.0,58,3,13,0,11,15,3,14
5,5,24.0,58,3,1,0,3,44,3,14
5,6,5.0,342,5,8,0,10,47,2,24
5,6,5.0,342,5,22,1,1,81,4,24
5,6,8.0,59,0,16,2,14,24,0,8
5,1,17.0,63,0,23,0,11,18,1,6
5,1,17.0,63,0,20,0,10,47,3,6
5,1,17.0,63,0,11,0,10,47,2,6
5,1,17.0,63,0,10,1,6,7,0,6
5,1,17.0,63,0,23,0,7,20,1,6
5,1,17.0,63,0,2,0,10,47,2,6
5,1,17.0,63,0,3,0,14,24,2,6
5,1,22.0,164,6,16,0,13,48,3,26
5,1,22.0,164,6,22,0,10,22,1,26
5,1,22.0,164,6,9,0,0,53,1,26
5,1,22.0,164,6,18,0,9,63,1,26
5,1,23.0,69,3,19,0,10,47,2,17
5,1,23.0,69,3,12,0,9,87,3,17
5,1,23.0,69,3,11,1,5,12,0,17
5,8,17.0,74,4,3,0,2,69,2,6
5,9,21.0,362,6,7,3,5,6,3,21
5,8,23.0,102,2,17,0,10,22,2,17
5,8,23.0,102,2,13,0,13,13,1,17
5,8,23.0,102,2,5,1,11,18,1,17
5,8,25.0,86,5,17,1,15,51,0,13
5,8,25.0,86,5,20,0,6,73,1,13
5,8,25.0,86,5,2,0,7,20,4,13
5,8,25.0,86,5,8,0,10,47,3,13
5,8,25.0,86,5,7,1,15,31,0,13
5,8,23.0,102,2,9,0,8,19,4,17
5,1,22.0,164,6,14,1,6,91,4,26
5,1,22.0,164,6,1,1,0,12,0,26
5,1,22.0,164,6,5,1,5,12,0,26
5,1,23.0,69,3,14,0,11,117,1,17
5,1,23.0,69,3,9,0,10,12,3,17
5,8,6.0,87,3,2,1,12,17,4,23
5,11,1.0,222,4,6,0,6,91,4,7
5,11,1.0,222,4,0,0,12,80,1,7
5,11,1.0,222,4,17,0,13,38,2,7
5,11,1.0,222,4,21,0,16,130,4,7
5,11,1.0,222,4,17,1,15,39,4,7
5,11,1.0,222,4,14,1,8,27,2,7
5,11,9.0,311,5,16,0,0,64,2,12
5,11,9.0,311,5,5,0,7,57,2,12
5,11,9.0,311,5,17,2,6,73,1,12
5,11,9.0,311,5,4,0,15,108,3,12
5,11,9.0,311,5,13,0,12,61,2,12
5,11,11.0,175,3,17,0,0,53,0,9
5,11,11.0,175,3,3,0,8,27,2,9
5,11,18.0,332,3,5,0,2,40,4,0
5,11,18.0,332,3,3,2,10,22,3,0
5,11,18.0,332,3,1,0,16,130,2,0
5,11,18.0,332,3,2,0,5,6,1,0
5,11,18.0,332,3,14,0,9,49,1,0
5,11,25.0,88,3,19,0,7,62,1,13
5,11,28.0,123,2,17,0,16,74,1,18
5,11,28.0,123,2,16,0,8,27,3,18
3,0,10.0,129,2,17,0,2,86,1,4
5,3,6.0,303,0,1,0,11,15,3,23
5,10,23.0,247,4,1,1,10,12,1,17
5,3,8.0,148,2,0,1,8,27,0,8
3,0,1.0,8,0,8,0,6,128,1,7
5,3,20.0,105,0,1,0,0,15,4,29
1,6,1.0,158,2,17,0,1,67,1,7
5,5,21.0,351,4,22,0,10,23,1,21
5,5,21.0,351,4,9,0,8,118,1,21
5,6,4.0,159,4,14,0,8,19,4,30
5,6,4.0,159,4,14,0,0,26,3,30
5,6,4.0,159,4,19,1,15,51,2,30
5,6,2.0,352,1,11,0,6,89,3,22
5,8,23.0,102,2,19,0,10,47,0,17
5,6,25.0,39,4,13,0,14,110,4,13
5,6,25.0,39,4,2,3,13,99,0,13
5,6,30.0,145,1,17,0,0,26,2,19
5,6,30.0,145,1,19,1,15,114,1,19
5,6,30.0,145,1,18,0,6,128,3,19
5,10,6.0,242,0,2,2,10,47,3,23
5,10,6.0,242,0,13,1,14,126,4,23
5,5,7.0,349,4,12,0,5,6,2,11
5,10,17.0,256,5,0,2,0,53,3,6
5,10,17.0,256,5,13,0,15,39,3,6
5,10,17.0,256,5,2,2,2,2,0,6
5,10,17.0,256,5,4,0,16,65,0,6
5,10,23.0,247,4,23,0,0,64,1,17
5,10,23.0,247,4,12,2,2,92,3,17
5,10,23.0,247,4,18,0,15,108,3,17
5,10,25.0,56,6,16,1,15,51,2,13
5,10,25.0,56,6,3,0,13,99,2,13
5,10,31.0,135,5,23,0,0,85,2,20
5,10,31.0,135,5,12,0,2,86,1,20
5,10,31.0,135,5,2,2,14,25,3,20
5,3,16.0,263,4,18,3,8,27,4,2
5,11,1.0,222,4,16,3,6,7,3,7
5,11,1.0,222,4,16,0,7,137,1,7
5,11,9.0,311,5,8,0,2,69,2,12
5,7,8.0,94,3,13,1,11,133,4,8
5,7,9.0,273,0,19,0,14,32,4,12
5,9,14.0,106,6,2,1,14,106,4,5
5,7,15.0,205,3,1,2,4,45,3,1
5,7,13.0,238,5,7,1,15,114,4,25
5,9,4.0,295,2,12,3,16,72,0,30
5,3,7.0,289,1,18,1,15,108,0,11
5,3,14.0,33,1,16,1,13,29,0,5
5,10,22.0,314,2,18,0,14,25,4,26
5,1,8.0,62,6,22,0,14,126,3,8
5,11,7.0,253,2,4,0,2,13,1,11
5,3,8.0,148,2,7,1,2,92,2,8
5,10,31.0,135,5,16,0,8,33,1,20
5,5,13.0,184,2,10,0,11,18,1,25
5,3,8.0,148,2,17,1,10,47,0,8
5,3,16.0,263,4,16,1,9,10,0,2
5,10,25.0,56,6,18,0,3,79,4,13
5,5,23.0,168,6,13,1,14,88,4,17
5,3,21.0,338,1,8,2,15,96,0,21
5,5,24.0,58,3,21,1,8,27,2,14
5,5,3.0,161,3,1,1,13,29,0,27
5,10,31.0,135,5,14,0,1,105,3,20
5,3,24.0,357,5,6,1,3,30,1,14
5,5,24.0,58,3,9,0,15,96,2,14
5,6,20.0,215,6,15,0,13,38,2,29
5,1,8.0,62,6,20,2,8,19,4,8
3,0,21.0,287,3,15,0,4,79,2,21
3,1,31.0,305,3,13,0,16,108,4,20
5,1,8.0,62,6,8,2,16,50,0,8
5,1,8.0,62,6,4,0,15,31,3,8
5,1,14.0,183,5,16,0,9,95,2,5
5,1,14.0,183,5,0,0,11,8,1,5
5,10,23.0,247,4,8,3,9,63,4,17
5,1,14.0,183,5,8,0,10,47,0,5
5,1,14.0,183,5,14,0,3,30,1,5
5,1,14.0,183,5,13,3,9,57,1,5
5,1,16.0,2,3,2,0,5,6,3,2
5,6,23.0,84,1,9,2,5,12,0,17
5,6,25.0,39,4,17,0,14,131,2,13
5,6,25.0,39,4,19,1,15,114,4,13
5,6,25.0,39,4,8,2,7,8,3,13
5,6,25.0,39,4,3,1,2,2,4,13
5,6,30.0,145,1,5,0,5,64,2,19
5,10,6.0,242,0,19,0,6,89,1,23
5,10,17.0,256,5,14,0,3,30,3,6
5,10,23.0,247,4,0,0,1,35,2,17
5,10,23.0,247,4,12,0,4,4,1,17
5,10,23.0,247,4,9,0,4,79,4,17
5,10,23.0,247,4,9,1,1,105,0,17
5,10,17.0,256,5,14,1,5,12,0,6
5,10,31.0,135,5,3,0,0,77,0,20
5,10,31.0,135,5,22,0,12,84,3,20
5,10,31.0,135,5,4,0,12,104,1,20
5,1,8.0,62,6,20,2,14,32,0,8
5,1,8.0,62,6,13,1,12,80,4,8
5,1,14.0,183,5,17,0,15,31,1,5
5,1,14.0,183,5,2,2,2,69,3,5
5,1,14.0,183,5,3,2,12,100,4,5
5,1,15.0,1,6,6,0,8,9,2,1
5,1,14.0,183,5,19,1,5,12,0,5
5,6,30.0,145,1,13,1,14,25,0,19
5,11,7.0,253,2,20,2,10,22,2,11
5,6,30.0,145,1,3,1,0,68,4,19
5,10,17.0,256,5,15,0,1,59,1,6
5,10,17.0,256,5,0,0,8,33,1,6
5,10,23.0,247,4,16,2,2,86,1,17
5,10,23.0,247,4,5,0,9,49,3,17
5,6,30.0,145,1,18,0,5,12,2,19
5,10,25.0,56,6,15,0,14,107,0,13
5,10,25.0,56,6,1,3,7,57,1,13
5,6,5.0,342,5,22,0,13,48,1,24
5,10,31.0,135,5,18,2,13,123,3,20
5,10,19.0,117,3,1,3,4,79,0,10
5,11,10.0,360,6,4,0,8,33,1,4
3,8,1.0,66,0,17,0,0,77,1,7
5,1,19.0,29,2,15,0,9,102,2,10
5,1,23.0,69,3,4,3,16,139,3,17
5,8,6.0,87,3,6,0,14,25,0,23
5,8,6.0,87,3,5,1,0,26,1,23
5,8,6.0,87,3,22,0,9,57,2,23
5,8,6.0,87,3,18,0,14,25,0,23
5,8,17.0,74,4,4,0,10,22,3,6
5,8,17.0,74,4,9,1,11,15,1,6
5,10,31.0,135,5,1,0,4,45,3,20
5,1,8.0,62,6,20,0,7,120,0,8
5,1,8.0,62,6,3,0,16,42,1,8
5,1,8.0,62,6,12,1,5,64,1,8
5,1,14.0,183,5,11,2,7,78,3,5
5,1,14.0,183,5,9,0,10,22,3,5
5,1,14.0,183,5,15,3,13,21,0,5
5,11,7.0,253,2,2,0,1,11,4,11
5,1,16.0,2,3,7,1,12,100,0,2
5,1,16.0,2,3,8,0,3,115,3,2
5,1,16.0,2,3,18,0,8,33,1,2
5,1,17.0,63,0,23,0,6,89,1,6
3,10,9.0,150,2,5,0,15,39,4,12
3,8,1.0,66,0,20,0,16,37,2,7
5,7,12.0,181,4,14,0,13,29,2,28
5,7,20.0,266,5,18,2,15,46,0,29
5,3,1.0,180,2,22,0,4,66,2,7
5,5,3.0,161,3,19,0,10,47,0,27
5,10,21.0,341,1,13,0,1,1,4,21
5,11,10.0,360,6,10,1,5,12,0,4
5,11,26.0,364,0,5,0,7,120,1,3
3,8,8.0,76,0,22,0,2,86,1,8
5,11,26.0,364,0,15,0,9,54,2,3
5,11,1.0,222,4,17,0,5,12,0,7
5,11,1.0,222,4,6,0,0,12,3,7
5,11,1.0,222,4,8,2,1,35,3,7
5,11,1.0,222,4,19,0,12,61,1,7
5,11,9.0,311,5,5,2,10,43,3,12
5,11,9.0,311,5,8,0,2,2,2,12
5,11,9.0,311,5,14,1,9,49,4,12
5,11,11.0,175,3,11,1,3,79,4,9
5,11,11.0,175,3,5,1,11,133,4,9
5,11,18.0,332,3,11,0,7,20,2,0
5,11,18.0,332,3,22,0,10,47,2,0
5,7,1.0,98,3,13,0,12,17,1,7
5,1,5.0,219,2,18,3,2,2,1,24
5,11,1.0,222,4,16,0,8,27,1,7
5,1,16.0,2,3,4,1,14,107,1,2
5,1,17.0,63,0,12,0,7,62,0,6
5,1,17.0,63,0,12,0,6,91,1,6
5,1,17.0,63,0,22,0,5,6,0,6
5,1,22.0,164,6,21,2,10,23,0,26
5,1,14.0,183,5,11,0,13,99,2,5
5,6,5.0,342,5,10,0,11,94,3,24
5,3,24.0,357,5,20,0,8,41,4,14
5,5,7.0,349,4,21,1,5,64,0,11
5,5,7.0,349,4,16,3,8,19,1,11
5,5,7.0,349,4,15,0,7,57,2,11
5,7,21.0,81,6,5,0,5,6,2,21
5,7,22.0,211,3,13,0,0,77,3,26
5,7,22.0,211,3,23,1,3,30,0,26
5,7,21.0,81,6,1,3,7,137,1,21
5,7,22.0,211,3,5,0,13,99,2,26
5,7,23.0,202,0,0,1,2,92,0,17
5,7,23.0,202,0,13,1,9,54,4,17
5,7,22.0,211,3,18,1,11,124,1,26
5,7,23.0,202,0,15,1,9,58,4,17
5,7,23.0,202,0,8,0,10,43,3,17
5,7,23.0,202,0,1,2,13,28,3,17
5,7,31.0,43,1,21,0,1,35,4,20
5,7,31.0,43,1,3,0,4,75,1,20
5,7,31.0,43,1,1,0,16,37,3,20
5,7,16.0,40,0,19,3,14,25,3,2
5,3,6.0,303,0,21,1,13,21,4,23
5,3,6.0,303,0,9,0,5,12,2,23
5,3,8.0,148,2,10,1,6,7,0,8
5,3,8.0,148,2,14,0,6,7,4,8
5,3,16.0,263,4,21,1,15,31,0,2
5,3,16.0,263,4,10,0,8,19,0,2
5,3,16.0,263,4,1,0,7,137,2,2
5,7,5.0,204,4,1,0,13,36,2,24
5,7,18.0,154,2,17,1,13,38,0,0
5,9,27.0,179,5,8,3,5,64,3,15
5,3,20.0,105,0,10,1,10,47,1,29
5,3,20.0,105,0,14,0,10,22,3,29
5,3,19.0,138,3,0,0,9,49,1,10
5,3,20.0,105,0,14,0,4,5,2,29
5,9,8.0,90,3,22,0,13,48,2,8
5,7,21.0,81,6,1,2,0,64,3,21
5,7,21.0,81,6,9,0,10,47,0,21
5,7,22.0,211,3,0,1,15,119,0,26
5,7,22.0,211,3,11,0,5,64,3,26
5,7,22.0,211,3,23,1,7,137,1,26
5,7,23.0,202,0,13,1,0,15,4,17
3,8,23.0,102,1,13,0,5,64,0,17
5,7,23.0,202,0,3,1,7,54,4,17
5,7,23.0,202,0,18,2,5,12,0,17
5,7,23.0,202,0,18,0,13,48,2,17
5,7,31.0,43,1,0,2,10,52,3,20
5,7,31.0,43,1,17,0,8,9,0,20
5,7,31.0,43,1,8,0,11,117,1,20
5,7,31.0,43,1,2,2,8,27,1,20
5,6,8.0,59,0,11,0,4,4,1,8
5,3,6.0,303,0,10,3,14,110,4,23
5,3,6.0,303,0,10,1,9,27,0,23
5,3,6.0,303,0,15,1,2,123,4,23
5,3,6.0,303,0,5,0,13,21,2,23
5,3,6.0,303,0,22,2,1,16,3,23
5,3,6.0,303,0,9,0,0,26,3,23
5,6,8.0,59,0,2,0,11,18,3,8
5,6,8.0,59,0,9,0,3,30,0,8
5,6,8.0,59,0,1,1,0,77,1,8
3,8,19.0,280,5,5,3,2,2,0,10
5,5,17.0,212,3,6,1,9,87,0,6
5,6,2.0,352,1,12,1,11,117,2,22
5,6,2.0,352,1,12,1,11,117,2,22
5,6,12.0,162,5,12,1,3,79,2,28
5,6,21.0,193,3,11,0,6,91,4,21
5,11,10.0,360,6,19,0,16,113,0,4
1,11,1.0,222,6,17,0,13,21,1,7
3,0,1.0,8,0,17,0,6,7,2,7
5,7,20.0,266,5,19,0,8,9,0,29
5,7,17.0,95,1,13,0,9,102,0,6
5,7,28.0,34,6,4,1,5,12,0,18
5,5,4.0,114,0,5,0,4,45,2,30
5,11,10.0,360,6,3,0,2,69,2,4
3,8,1.0,66,0,17,3,14,25,0,7
5,11,27.0,322,1,17,0,9,102,1,15
5,7,2.0,160,0,13,0,2,35,2,22
5,6,13.0,317,6,6,0,0,64,3,25
5,6,23.0,84,1,17,0,4,127,1,17
5,6,23.0,84,1,16,1,1,35,0,17
5,6,23.0,84,1,3,3,10,22,4,17
5,6,23.0,84,1,9,0,14,24,1,17
5,6,25.0,39,4,21,0,11,133,0,13
5,6,23.0,84,1,19,3,13,28,0,17
5,6,25.0,39,4,16,0,2,13,1,13
5,6,25.0,39,4,16,0,10,30,0,13
5,6,30.0,145,1,5,0,0,12,1,19
5,6,30.0,145,1,12,0,15,46,2,19
5,11,7.0,253,2,16,0,12,104,1,11
5,11,7.0,253,2,21,1,13,21,0,11
5,11,13.0,312,1,17,0,10,43,1,25
5,11,13.0,312,1,5,0,10,22,0,25
5,11,15.0,331,4,17,0,14,25,4,1
5,11,13.0,312,1,2,1,15,51,1,25
5,11,15.0,331,4,2,0,9,57,0,1
5,11,15.0,331,4,9,0,9,109,0,1
5,11,15.0,331,4,18,2,7,111,0,1
5,11,20.0,340,1,16,0,13,48,3,29
5,11,20.0,340,1,11,0,4,45,0,29
5,11,20.0,340,1,9,0,6,89,1,29
5,11,23.0,232,5,0,2,0,64,3,17
5,11,20.0,340,1,1,0,12,84,1,29
5,11,30.0,170,5,17,1,2,86,4,19
5,11,30.0,170,5,16,1,5,12,0,19
5,11,30.0,170,5,20,0,2,69,1,19
5,11,30.0,170,5,19,0,2,86,4,19
5,11,30.0,170,5,19,1,3,30,4,19
5,9,7.0,271,6,12,0,9,93,3,11
5,9,7.0,271,6,19,0,0,26,3,11
5,9,7.0,271,6,1,2,12,135,3,11
5,9,7.0,271,6,18,2,16,130,3,11
5,9,15.0,226,3,23,2,6,73,3,1
5,9,15.0,226,3,11,0,5,6,0,1
5,9,15.0,226,3,9,0,1,11,4,1
5,9,15.0,226,3,17,0,1,59,4,1
5,9,16.0,107,0,2,2,0,31,3,2
5,9,21.0,362,6,3,0,6,7,0,21
5,9,21.0,362,6,13,0,15,119,2,21
5,9,21.0,362,6,10,1,2,71,4,21
5,7,5.0,204,4,3,2,0,77,2,24
5,7,5.0,204,4,10,1,1,1,0,24
5,7,14.0,125,6,8,0,4,45,0,5
5,7,14.0,125,6,19,2,10,22,3,5
5,7,14.0,125,6,19,2,16,72,0,5
5,7,16.0,40,0,21,0,11,18,1,2
5,7,16.0,40,0,21,1,8,27,0,2
5,7,16.0,40,0,20,1,10,12,1,2
5,7,16.0,40,0,2,2,5,6,0,2
5,7,21.0,81,6,6,1,0,64,0,21
5,7,21.0,81,6,6,2,10,22,3,21
5,7,16.0,40,0,19,0,10,47,2,2
5,7,21.0,81,6,21,1,14,32,0,21
5,7,21.0,81,6,22,0,5,0,1,21
5,7,21.0,81,6,2,0,8,19,3,21
5,7,21.0,81,6,12,0,6,116,3,21
5,7,21.0,81,6,5,1,7,137,1,21
5,7,22.0,211,3,22,0,13,29,1,26
5,7,22.0,211,3,2,0,4,75,1,26
5,7,22.0,211,3,1,0,8,41,1,26
5,7,21.0,81,6,12,3,7,20,4,21
5,7,22.0,211,3,4,3,5,64,3,26
4,9,19.0,234,5,4,2,4,127,0,10
4,9,20.0,119,6,7,1,1,16,4,29
4,9,20.0,119,6,19,0,10,23,1,29
4,9,20.0,119,6,19,0,14,25,1,29
4,9,22.0,92,0,5,0,14,88,3,26
4,9,22.0,92,0,4,0,3,70,1,26
4,9,22.0,92,0,12,3,2,69,3,26
4,9,28.0,315,3,22,2,9,9,0,18
4,9,28.0,315,3,19,0,1,59,4,18
4,9,28.0,315,3,19,0,1,59,4,18
4,9,28.0,315,3,14,0,7,8,1,18
4,9,20.0,119,6,20,0,14,24,2,29
5,7,17.0,95,1,7,0,9,93,4,6
5,7,12.0,181,4,5,1,14,97,4,28
5,7,12.0,181,4,12,1,8,41,1,28
4,7,28.0,34,3,8,0,2,86,2,18
5,7,17.0,95,1,10,0,9,57,4,6
5,7,17.0,95,1,10,1,13,99,0,6
4,7,28.0,34,3,2,0,1,105,2,18
5,11,10.0,360,6,5,1,6,132,4,4
4,11,19.0,321,1,9,0,10,47,2,10
5,0,13.0,198,3,8,0,8,33,2,25
5,7,17.0,95,1,19,2,3,79,3,6
4,7,28.0,34,3,3,2,12,104,0,18
5,11,10.0,360,6,19,0,11,90,1,4
5,7,12.0,181,4,19,0,10,47,2,28
4,7,29.0,268,0,13,0,1,67,2,16
5,11,10.0,360,6,19,0,0,68,3,4
5,7,20.0,266,5,7,1,8,19,0,29
4,7,28.0,34,3,4,0,0,77,1,18
5,11,26.0,364,0,17,0,9,93,0,3
5,7,20.0,266,5,15,1,4,66,4,29
5,11,26.0,364,0,3,0,13,48,4,3
4,3,13.0,210,1,12,0,9,54,3,25
5,11,27.0,322,1,17,0,14,24,4,15
5,7,20.0,266,5,12,0,8,27,1,29
4,3,22.0,166,4,13,1,0,96,1,26
4,3,22.0,166,4,19,1,15,96,0,26
5,7,20.0,266,5,13,1,7,54,4,29
5,7,20.0,266,5,14,0,11,133,0,29
5,7,25.0,41,2,0,2,7,20,0,13
5,7,25.0,41,2,0,1,15,39,0,13
5,7,25.0,41,2,15,0,7,62,1,13
5,7,25.0,41,2,2,2,2,86,3,13
5,7,26.0,316,4,16,0,4,127,1,3
5,7,26.0,316,4,5,2,4,82,3,3
5,7,27.0,53,5,6,0,16,42,0,15
5,7,26.0,316,4,9,2,13,48,0,3
5,7,26.0,316,4,18,1,4,45,4,3
4,7,5.0,204,5,11,0,12,17,1,24
4,7,5.0,204,5,22,0,5,0,0,24
4,7,5.0,204,5,8,2,12,83,3,24
4,7,5.0,204,5,15,0,11,58,4,24
4,7,12.0,181,5,5,0,3,115,0,28
4,7,12.0,181,5,5,0,10,47,0,28
4,7,14.0,125,3,21,0,16,130,3,5
4,7,20.0,266,6,7,1,7,111,0,29
5,8,27.0,78,3,23,2,11,55,4,15
4,9,4.0,295,4,5,0,9,87,2,30
5,0,19.0,13,6,15,2,16,50,2,10
4,7,20.0,266,6,22,1,11,55,4,29
4,7,22.0,211,0,10,1,10,52,0,26
4,7,22.0,211,0,12,0,2,2,4,26
5,9,1.0,126,3,11,1,6,91,1,7
4,7,22.0,211,0,9,0,0,12,3,26
4,11,28.0,123,4,2,0,11,94,0,18
4,9,5.0,89,5,0,1,6,7,0,24
4,9,13.0,91,6,7,2,14,34,0,25
5,11,2.0,265,5,5,3,5,6,0,22
5,11,2.0,265,5,2,2,2,69,3,22
4,9,13.0,91,6,14,0,13,13,1,25
4,9,19.0,234,5,16,0,10,23,1,10
4,9,19.0,234,5,20,0,7,57,1,10
4,9,19.0,234,5,3,2,2,92,0,10
5,7,27.0,53,5,8,0,4,121,1,15
5,7,27.0,53,5,4,0,11,117,2,15
5,7,27.0,53,5,14,2,4,45,3,15
5,7,28.0,34,6,4,0,2,123,0,18
5,7,17.0,95,1,8,0,2,2,4,6
5,7,17.0,95,1,14,2,1,35,3,6
5,7,20.0,266,5,2,2,1,11,3,29
5,7,17.0,95,1,19,0,13,36,4,6
5,7,20.0,266,5,14,2,14,25,3,29
5,7,20.0,266,5,9,0,8,41,1,29
5,7,17.0,95,1,17,0,5,12,0,6
4,3,19.0,138,0,4,1,16,108,0,10
3,8,1.0,66,0,17,0,13,13,1,7
5,7,25.0,41,2,0,0,7,20,4,13
5,7,25.0,41,2,13,0,5,6,0,13
5,7,25.0,41,2,17,1,14,97,1,13
5,7,25.0,41,2,12,0,10,43,3,13
5,7,26.0,316,4,22,0,16,139,3,3
5,7,26.0,316,4,19,0,11,18,3,3
5,7,26.0,316,4,18,0,0,68,4,3
5,7,27.0,53,5,4,2,15,96,0,15
4,9,19.0,234,5,2,1,9,101,1,10
4,9,20.0,119,6,7,0,8,9,4,29
4,9,20.0,119,6,20,0,0,26,0,29
4,9,19.0,234,5,10,0,15,114,2,10
4,9,20.0,119,6,9,0,3,79,1,29
4,9,22.0,92,0,13,2,7,57,3,26
4,9,28.0,315,3,12,0,13,29,3,18
4,9,28.0,315,3,2,0,2,86,1,18
4,9,22.0,92,0,3,3,15,37,0,26
4,7,12.0,181,5,20,1,2,2,1,28
4,7,14.0,125,3,7,1,8,9,4,5
4,7,14.0,125,3,3,0,13,29,2,5
4,7,14.0,125,3,22,0,13,29,2,5
4,7,14.0,125,3,13,1,13,21,1,5
4,7,20.0,266,6,17,0,4,75,1,29
5,1,11.0,111,1,1,2,8,33,2,9
5,11,26.0,364,0,8,2,1,11,3,3
5,2,13.0,276,5,15,1,1,35,4,25
4,3,14.0,33,2,13,0,15,108,4,5
5,11,27.0,322,1,16,1,2,86,1,15
5,11,26.0,364,0,1,0,13,29,0,3
5,11,27.0,322,1,7,0,15,51,1,15
5,2,13.0,276,5,8,2,1,11,3,25
4,3,20.0,105,1,18,0,10,22,1,29
4,7,29.0,268,0,14,0,13,29,1,16
5,8,4.0,299,5,23,0,6,89,4,30
5,8,27.0,78,3,1,0,12,121,1,15
5,0,19.0,13,6,5,0,13,48,3,10
5,11,26.0,364,0,18,2,11,94,3,3
5,4,3.0,279,6,2,0,9,57,0,27
5,7,27.0,53,5,9,0,6,7,0,15
5,2,19.0,137,4,17,2,7,129,3,10
4,11,21.0,192,4,3,0,13,99,2,21
5,0,19.0,13,6,13,0,12,17,1,10
5,11,27.0,322,1,5,0,9,87,1,15
5,11,27.0,322,1,11,0,10,22,1,15
5,4,3.0,279,6,13,1,12,104,4,27
5,7,27.0,53,5,2,1,7,8,4,15
4,3,20.0,105,1,9,2,12,121,3,29
4,11,21.0,192,4,14,0,8,41,3,21
5,2,19.0,137,4,5,0,2,92,2,10
5,0,19.0,13,6,22,0,1,1,1,10
5,11,26.0,364,0,22,1,16,130,4,3
4,11,27.0,322,2,21,1,0,53,2,15
5,4,3.0,279,6,14,0,15,31,1,27
5,0,19.0,13,6,22,0,8,33,1,10
5,11,27.0,322,1,22,0,1,59,2,15
5,1,11.0,111,1,2,0,16,113,1,9
4,3,23.0,57,5,3,0,10,23,1,17
5,7,26.0,316,4,17,0,11,18,0,3
5,11,27.0,322,1,22,0,5,6,0,15
4,11,28.0,123,4,2,0,2,60,4,18
5,4,4.0,178,3,9,0,5,12,3,30
4,3,23.0,57,5,2,0,13,28,2,17
5,11,27.0,322,1,8,2,0,85,2,15
4,9,12.0,177,5,19,1,2,2,0,28
5,11,27.0,322,1,4,2,4,127,3,15
4,11,21.0,192,4,4,0,10,22,1,21
5,0,19.0,13,6,8,0,5,6,0,10
5,4,3.0,279,6,8,0,14,24,2,27
4,11,4.0,275,0,17,0,10,23,1,30
4,3,23.0,57,5,14,0,7,62,2,17
5,2,22.0,209,3,20,0,0,53,2,26
4,11,4.0,275,0,19,0,6,89,1,30
4,3,28.0,187,2,7,0,5,47,3,18
5,2,22.0,209,3,14,0,15,39,4,26
4,9,14.0,106,3,12,1,5,6,2,5
4,11,27.0,322,2,21,0,9,54,1,15
4,11,4.0,275,0,17,0,15,31,0,30
4,11,27.0,322,2,11,0,5,6,2,15
5,4,19.0,142,0,0,0,5,6,1,10
5,4,19.0,142,0,7,0,9,95,2,10
5,4,19.0,142,0,7,0,4,127,1,10
5,4,19.0,142,0,17,0,16,74,3,10
5,4,19.0,142,0,1,0,7,62,3,10
5,2,4.0,254,2,23,3,1,11,3,30
5,2,12.0,128,4,13,1,5,12,0,28
4,11,2.0,265,6,3,1,10,47,1,22
5,11,12.0,118,0,17,0,14,97,1,28
5,11,31.0,227,6,16,0,8,27,2,20
5,6,24.0,31,2,8,1,3,115,4,14
5,4,27.0,274,1,13,0,12,104,3,15
5,4,27.0,274,1,8,3,4,5,3,15
5,4,27.0,274,1,2,1,4,136,2,15
5,4,27.0,274,1,14,1,9,58,4,15
5,4,27.0,274,1,12,0,4,82,1,15
4,9,27.0,179,6,8,3,9,101,0,15
4,11,5.0,240,1,12,0,6,7,0,24
5,0,30.0,228,2,16,0,12,61,1,19
5,7,26.0,316,4,19,1,9,93,1,3
5,2,22.0,209,3,4,1,11,15,1,26
5,4,27.0,274,1,2,0,14,24,2,15
5,2,5.0,127,4,16,1,12,121,0,24
5,2,5.0,127,4,2,1,10,47,1,24
5,2,5.0,127,4,8,2,14,34,3,24
5,2,5.0,127,4,8,2,7,20,3,24
5,2,13.0,276,5,6,1,14,126,4,25
5,2,19.0,137,4,0,1,13,28,0,10
5,2,19.0,137,4,1,0,8,9,2,10
5,8,19.0,280,6,11,1,9,102,4,10
5,2,22.0,209,3,5,1,2,123,4,26
5,2,22.0,209,3,5,2,5,12,0,26
5,2,22.0,209,3,5,0,14,24,2,26
5,2,22.0,209,3,19,0,2,86,1,26
5,2,22.0,209,3,13,1,15,96,0,26
3,0,30.0,228,1,2,1,8,33,0,19
5,6,17.0,244,2,5,1,2,2,2,6
5,10,24.0,261,5,15,3,13,38,3,14
5,8,7.0,70,0,18,0,3,44,3,11
5,8,9.0,124,2,5,1,10,47,2,12
5,4,26.0,80,0,15,1,10,23,1,3
5,2,1.0,16,3,19,1,4,5,0,7
5,4,26.0,80,0,12,3,0,85,1,3
5,4,26.0,80,0,8,3,5,6,0,3
5,0,18.0,0,5,2,0,6,7,2,0
5,0,27.0,23,3,14,3,9,95,3,15
5,2,4.0,254,2,14,0,11,122,1,30
5,2,21.0,108,6,18,1,14,25,0,21
5,6,10.0,149,2,14,0,10,30,3,4
4,11,2.0,265,6,19,1,7,8,4,22
4,11,2.0,265,6,9,1,15,114,0,22
5,2,22.0,209,3,4,2,14,110,0,26
5,2,27.0,136,5,22,0,4,4,1,15
5,2,27.0,136,5,21,1,16,50,1,15
5,2,27.0,136,5,8,0,15,119,2,15
5,0,13.0,198,3,10,0,0,26,3,25
5,0,13.0,198,3,10,0,14,24,1,25
5,0,13.0,198,3,13,1,2,13,1,25
5,0,13.0,198,3,2,2,10,22,3,25
5,10,4.0,356,6,13,3,15,51,4,30
5,0,30.0,228,2,19,1,11,58,4,19
5,0,30.0,228,2,0,0,10,43,0,19
5,0,30.0,228,2,1,0,12,61,1,19
4,11,3.0,288,3,22,2,9,63,1,27
4,11,3.0,288,3,3,3,9,57,0,27
4,11,3.0,288,3,4,0,13,48,3,27
4,11,3.0,288,3,16,1,9,95,4,27
4,11,4.0,275,0,8,0,0,77,2,30
4,11,4.0,275,0,2,3,13,21,0,30
4,11,5.0,240,1,17,0,1,35,4,24
4,11,5.0,240,1,21,0,10,47,2,24
4,11,4.0,275,0,2,0,11,18,2,30
4,11,2.0,265,6,19,1,15,96,0,22
4,11,2.0,265,6,19,1,10,47,0,22
4,11,5.0,240,1,0,1,1,1,0,24
5,2,19.0,137,4,17,0,8,65,4,10
4,11,4.0,275,0,1,1,11,98,0,30
4,11,4.0,275,0,22,3,9,95,3,30
4,11,10.0,360,3,20,0,13,99,1,4
4,11,10.0,360,3,11,1,14,32,4,4
5,0,13.0,198,3,6,0,3,30,1,25
5,0,13.0,198,3,15,2,10,47,1,25
5,0,13.0,198,3,4,0,10,43,0,25
4,11,27.0,322,2,6,0,0,53,0,15
4,11,3.0,288,3,21,1,5,6,0,27
5,3,1.0,180,2,5,0,6,89,1,7
4,11,27.0,322,2,12,0,9,54,1,15
4,9,28.0,315,3,19,2,10,22,3,18
4,11,4.0,275,0,10,1,0,53,0,30
4,11,5.0,240,1,14,0,1,1,3,24
4,9,28.0,315,3,22,2,13,29,2,18
4,11,2.0,265,6,16,1,10,22,1,22
4,7,5.0,204,5,5,1,12,135,4,24
4,11,10.0,360,3,8,0,0,26,2,4
4,11,5.0,240,1,0,1,1,1,0,24
4,11,4.0,275,0,22,2,3,30,0,30
4,9,4.0,295,4,18,0,13,38,2,30
4,7,5.0,204,5,13,0,9,9,1,24
4,11,27.0,322,2,14,0,8,41,3,15
4,11,10.0,360,3,14,2,1,59,1,4
4,11,5.0,240,1,3,0,14,110,1,24
4,11,4.0,275,0,18,0,10,22,3,30
4,9,3.0,217,2,19,1,11,55,4,27
4,5,3.0,161,0,20,0,12,104,4,27
4,7,5.0,204,5,15,0,1,11,4,24
4,9,5.0,89,5,7,1,16,37,0,24
4,9,5.0,89,5,7,1,0,64,0,24
4,9,5.0,89,5,4,1,14,126,4,24
4,11,11.0,175,0,1,1,4,75,0,9
4,11,19.0,321,1,17,1,9,10,0,10
5,7,10.0,329,1,1,0,10,47,0,4
5,7,12.0,181,4,6,0,15,96,0,28
5,7,12.0,181,4,17,2,9,63,0,28
5,7,12.0,181,4,12,1,9,10,1,28
5,7,12.0,181,4,1,0,10,23,3,28
5,7,12.0,181,4,1,2,5,64,0,28
5,7,17.0,95,1,21,0,2,69,4,6
5,7,17.0,95,1,10,0,14,25,1,6
5,7,17.0,95,1,11,2,14,125,0,6
5,7,17.0,95,1,5,0,1,35,4,6
5,9,11.0,52,2,12,3,5,12,3,9
5,9,17.0,255,1,10,2,6,7,0,6
5,9,17.0,255,1,0,1,13,36,0,6
5,9,17.0,255,1,12,0,11,15,2,6
5,9,17.0,255,1,4,1,9,83,4,6
5,9,17.0,255,1,14,0,11,133,2,6
5,9,17.0,255,1,9,2,1,59,0,6
5,9,19.0,234,4,17,0,16,50,0,10
5,9,19.0,234,4,0,0,8,9,1,10
5,9,19.0,234,4,0,0,9,102,4,10
4,7,3.0,269,2,9,1,10,47,0,27
4,11,19.0,321,1,0,0,5,12,0,10
4,11,19.0,321,1,15,0,6,89,4,10
4,11,19.0,321,1,5,1,2,2,2,10
4,11,27.0,322,2,7,0,12,100,3,15
4,11,27.0,322,2,23,0,0,64,2,15
4,11,28.0,123,4,21,0,1,59,2,18
4,11,28.0,123,4,2,0,0,53,4,18
4,11,28.0,123,4,4,2,16,72,2,18
4,11,28.0,123,4,18,2,1,16,4,18
4,11,28.0,123,4,1,0,6,128,1,18
4,9,5.0,89,5,9,0,11,133,2,24
4,9,5.0,89,5,4,0,14,25,0,24
4,9,13.0,91,6,12,0,16,37,1,25
4,9,19.0,234,5,19,0,1,35,2,10
4,9,19.0,234,5,1,2,2,86,1,10
5,2,27.0,136,5,21,0,2,86,2,15
4,9,20.0,119,6,5,3,5,6,0,29
4,9,20.0,119,6,8,0,15,31,0,29
4,9,20.0,119,6,2,0,10,47,0,29
4,9,22.0,92,0,16,0,5,6,0,26
4,9,22.0,92,0,0,0,0,68,0,26
4,9,22.0,92,0,13,0,9,54,2,26
4,9,28.0,315,3,17,1,10,52,1,18
4,7,5.0,204,5,15,1,9,95,4,24
5,9,19.0,234,4,3,0,8,41,1,10
5,9,19.0,234,4,3,0,14,25,1,10
5,9,19.0,234,4,9,0,0,31,2,10
5,9,20.0,119,5,13,2,3,70,3,29
5,9,17.0,255,1,6,3,0,12,1,6
5,9,11.0,52,2,6,2,13,21,0,9
5,9,19.0,234,4,20,0,3,30,1,10
5,7,2.0,160,0,4,2,1,67,3,22
5,7,10.0,329,1,22,0,12,17,0,4
5,7,10.0,329,1,19,0,9,54,1,4
5,7,12.0,181,4,18,0,1,11,4,28
4,7,5.0,204,5,8,0,9,93,2,24
4,11,3.0,288,3,12,0,10,6,3,27
4,11,3.0,288,3,19,0,0,15,2,27
5,0,19.0,13,6,11,1,5,12,1,10
4,11,4.0,275,0,13,0,16,50,2,30
4,11,4.0,275,0,15,1,15,51,1,30
4,11,4.0,275,0,1,2,2,86,2,30
4,11,10.0,360,3,6,2,10,22,3,4
4,11,10.0,360,3,15,0,13,48,0,4
4,11,5.0,240,1,12,3,11,94,0,24
4,11,10.0,360,3,2,0,9,109,3,4
4,11,10.0,360,3,4,0,2,92,1,4
4,11,10.0,360,3,22,0,10,47,1,4
4,11,11.0,175,0,5,2,16,74,3,9
4,11,11.0,175,0,9,0,8,33,4,9
4,11,11.0,175,0,4,1,1,1,4,9
4,11,13.0,312,2,13,0,4,66,0,25
4,11,13.0,312,2,19,1,12,58,4,25
4,11,19.0,321,1,15,0,2,2,4,10
4,11,21.0,192,4,11,0,0,12,1,21
4,9,4.0,295,4,2,0,11,94,0,30
4,9,4.0,295,4,2,0,1,16,3,30
4,7,5.0,204,5,18,1,2,86,0,24
4,11,5.0,240,1,0,1,1,59,0,24
4,11,11.0,175,0,3,0,8,65,2,9
4,11,5.0,240,1,12,1,12,56,4,24
4,7,12.0,181,5,0,0,10,47,1,28
4,7,12.0,181,5,17,2,1,105,4,28
4,11,11.0,175,0,11,1,9,102,4,9
4,11,10.0,360,3,20,0,1,1,3,4
5,11,3.0,288,6,6,0,14,25,1,27
4,11,5.0,240,1,17,3,2,2,4,24
4,7,12.0,181,5,6,1,0,64,0,28
4,11,11.0,175,0,5,1,5,64,1,9
4,11,10.0,360,3,11,0,9,57,0,4
5,11,3.0,288,6,18,0,10,47,0,27
4,7,14.0,125,3,18,0,16,130,4,5
4,7,14.0,125,3,4,0,2,2,1,5
4,11,11.0,175,0,1,1,9,134,4,9
4,11,10.0,360,3,3,2,10,43,3,4
4,11,15.0,331,5,8,3,10,47,1,1
4,7,20.0,266,6,6,0,12,61,1,29
4,7,14.0,125,3,17,1,11,124,4,5
4,11,13.0,312,2,16,1,10,52,4,25
4,11,10.0,360,3,18,1,12,83,2,4
3,4,4.0,178,6,9,0,5,6,1,30
4,7,20.0,266,6,12,0,6,89,2,29
4,7,20.0,266,6,11,0,0,31,4,29
4,7,20.0,266,6,8,1,14,25,4,29
4,7,20.0,266,6,12,0,1,11,4,29
4,7,20.0,266,6,14,1,11,55,4,29
4,7,22.0,211,0,14,0,8,118,0,26
4,7,28.0,34,3,5,0,13,69,0,18
4,7,28.0,34,3,3,0,5,6,0,18
4,7,28.0,34,3,1,0,10,47,0,18
4,7,29.0,268,0,16,0,10,47,3,16
4,7,28.0,34,3,22,0,9,102,2,18
5,11,1.0,222,4,13,1,13,99,0,7
5,11,11.0,175,3,22,0,10,43,2,9
5,11,1.0,222,4,18,1,12,61,0,7
5,11,1.0,222,4,12,0,0,26,2,7
5,11,1.0,222,4,21,1,5,12,1,7
4,11,6.0,252,2,23,1,5,64,0,23
4,11,23.0,232,6,5,0,11,133,2,17
5,7,16.0,40,0,5,0,11,18,1,2
4,9,4.0,295,4,18,0,10,47,0,30
5,7,16.0,40,0,18,1,5,6,2,2
5,7,16.0,40,0,14,3,12,17,3,2
4,3,8.0,148,4,4,0,15,51,1,8
4,3,18.0,165,3,19,1,2,2,0,0
5,6,25.0,39,4,6,0,10,47,0,13
5,6,25.0,39,4,5,1,12,80,4,13
5,1,16.0,2,3,1,0,2,40,0,2
5,1,17.0,63,0,18,0,2,86,0,6
0,8,8.0,76,5,23,0,6,7,2,8
5,8,25.0,86,5,1,2,1,35,2,13
5,4,6.0,176,1,6,0,2,86,1,23
4,11,8.0,283,5,8,3,9,95,3,8
4,9,27.0,179,6,19,1,12,56,4,15
4,9,14.0,106,3,17,0,9,87,4,5
5,11,27.0,322,1,4,2,2,71,3,15
5,11,27.0,322,1,14,0,9,49,4,15
5,11,26.0,364,0,1,0,14,24,2,3
5,9,11.0,52,2,17,0,0,12,0,9
5,9,11.0,52,2,16,0,2,92,1,9
5,9,11.0,52,2,3,0,10,43,1,9
3,4,1.0,144,2,17,0,1,35,4,7
5,9,11.0,52,2,9,0,14,24,1,9
5,9,17.0,255,1,0,1,2,13,0,6
5,9,17.0,255,1,15,0,14,110,1,6
5,9,17.0,255,1,8,0,5,0,0,6
5,9,17.0,255,1,1,0,2,69,3,6
3,5,17.0,212,6,13,3,12,100,2,6
5,9,19.0,234,4,17,0,13,48,0,10
5,9,19.0,234,4,20,0,7,111,0,10
5,9,19.0,234,4,1,0,7,57,4,10
5,9,20.0,119,5,13,1,1,35,4,29
5,9,20.0,119,5,4,2,1,16,3,29
5,9,20.0,119,5,19,0,3,79,1,29
5,7,2.0,160,0,21,0,5,12,0,22
4,11,8.0,283,5,8,0,8,9,2,8
4,11,8.0,283,5,14,0,13,48,0,8
4,11,17.0,110,3,18,0,10,47,0,6
4,11,23.0,232,6,2,3,5,6,2,17
3,0,21.0,287,3,15,2,13,69,2,21
4,9,9.0,320,1,19,0,16,50,1,12
4,9,15.0,226,0,4,1,15,39,0,1
5,4,1.0,144,4,18,0,14,24,1,7
5,9,7.0,271,6,13,0,10,22,0,11
5,9,16.0,107,0,18,0,9,93,3,2
5,6,8.0,59,0,4,3,10,22,1,8
5,6,8.0,59,0,4,2,5,0,2,8
5,1,15.0,1,6,17,0,13,29,3,1
5,1,17.0,63,0,22,1,9,87,2,6
5,7,2.0,160,0,15,1,12,56,4,22
5,7,2.0,160,0,19,1,7,129,4,22
5,6,17.0,244,2,16,1,9,27,0,6
4,11,11.0,175,0,23,1,0,68,0,9
5,6,17.0,244,2,17,2,9,102,3,6
4,11,13.0,312,2,16,0,3,70,1,25
4,11,10.0,360,3,9,1,10,47,0,4
4,11,13.0,312,2,20,1,3,44,2,25
4,11,11.0,175,0,13,0,4,45,4,9
5,6,15.0,49,0,12,3,16,65,0,1
4,7,20.0,266,6,11,1,1,105,4,29
3,8,1.0,66,0,19,0,3,76,1,7
4,11,13.0,312,2,14,0,13,48,3,25
4,7,22.0,211,0,19,0,10,47,2,26
4,11,13.0,312,2,8,0,16,50,0,25
4,9,12.0,177,5,2,1,10,52,0,28
3,7,1.0,98,6,1,0,7,111,1,7
4,11,19.0,321,1,10,1,0,68,0,10
4,11,19.0,321,1,7,1,1,16,0,10
4,11,10.0,360,3,18,0,15,31,0,4
4,11,10.0,360,3,11,1,11,18,1,4
4,11,10.0,360,3,8,0,13,48,3,4
4,11,11.0,175,0,1,2,5,64,0,9
4,11,13.0,312,2,16,0,5,12,3,25
4,11,13.0,312,2,0,0,5,12,3,25
4,11,21.0,192,4,21,0,6,128,4,21
5,11,27.0,322,1,19,1,12,135,4,15
3,1,1.0,203,5,21,0,2,2,3,7
5,9,11.0,52,2,14,0,15,31,1,9
5,9,11.0,52,2,9,0,7,122,4,9
5,11,3.0,288,6,2,0,4,45,0,27
5,11,26.0,364,0,11,1,3,44,0,3
5,11,26.0,364,0,22,0,16,130,1,3
5,11,26.0,364,0,22,0,14,25,1,3
5,11,26.0,364,0,4,0,3,30,3,3
5,11,27.0,322,1,21,0,6,128,1,15
4,9,2.0,323,1,3,1,16,72,1,22
5,11,27.0,322,1,13,0,1,1,1,15
5,11,27.0,322,1,2,0,4,82,1,15
5,11,2.0,265,5,12,1,5,6,0,22
4,11,21.0,192,4,23,0,8,19,1,21
4,11,21.0,192,4,20,0,8,41,2,21
4,11,21.0,192,4,9,1,6,89,2,21
4,11,21.0,192,4,18,0,3,115,4,21
4,11,27.0,322,2,17,0,2,40,1,15
4,11,28.0,123,4,16,1,15,51,2,18
4,11,28.0,123,4,4,0,8,9,1,18
4,11,27.0,322,2,18,0,7,57,1,15
4,11,28.0,123,4,22,0,13,29,1,18
4,9,5.0,89,5,3,0,14,97,3,24
4,9,5.0,89,5,4,0,6,89,0,24
4,9,13.0,91,6,7,0,4,127,3,25
4,9,13.0,91,6,3,1,9,49,4,25
4,9,13.0,91,6,4,2,13,48,0,25
4,9,19.0,234,5,12,0,10,43,1,10
4,11,10.0,360,3,1,0,13,38,0,4
4,11,11.0,175,0,0,1,3,44,0,9
4,11,11.0,175,0,11,0,14,24,2,9
4,11,19.0,321,1,0,1,2,2,0,10
4,11,19.0,321,1,9,0,0,26,4,10
5,9,17.0,255,1,8,0,5,6,0,6
5,9,19.0,234,4,6,0,9,54,1,10
5,9,19.0,234,4,14,2,7,57,2,10
5,9,20.0,119,5,21,1,6,91,0,29
5,9,17.0,255,1,2,1,2,2,0,6
5,9,20.0,119,5,9,0,5,6,3,29
5,7,2.0,160,0,3,0,13,29,1,22
5,7,2.0,160,0,5,2,14,24,0,22
5,7,2.0,160,0,5,1,14,106,4,22
5,7,2.0,160,0,2,0,5,6,0,22
5,9,20.0,119,5,10,1,5,12,0,29
5,7,2.0,160,0,1,0,13,99,1,22
5,7,10.0,329,1,16,2,9,27,0,4
5,7,10.0,329,1,17,0,14,126,1,4
5,7,10.0,329,1,0,0,10,47,0,4
5,7,10.0,329,1,16,0,3,70,1,4
5,7,10.0,329,1,6,0,3,76,1,4
5,7,10.0,329,1,12,0,11,117,1,4
5,1,12.0,353,2,13,1,0,12,1,28
4,9,12.0,177,5,22,1,3,79,2,28
4,7,22.0,211,0,8,0,8,33,2,26
4,11,11.0,175,0,13,3,12,17,3,9
4,7,28.0,34,3,21,1,10,52,0,18
4,11,4.0,275,0,22,1,12,135,1,30
4,11,19.0,321,1,18,0,4,45,2,10
5,1,19.0,29,2,17,1,8,19,0,10
4,7,29.0,268,0,12,0,14,25,0,16
4,7,28.0,34,3,18,0,6,89,3,18
4,11,4.0,275,0,18,1,11,98,0,30
4,11,19.0,321,1,9,0,4,4,4,10
5,11,3.0,288,6,16,0,15,39,1,27
5,11,3.0,288,6,15,1,14,106,4,27
5,11,3.0,288,6,4,0,4,79,2,27
5,11,3.0,288,6,18,0,2,2,4,27
5,11,10.0,360,6,16,2,6,89,1,4
5,11,10.0,360,6,20,1,7,62,4,4
5,11,26.0,364,0,6,0,7,20,0,3
5,11,26.0,364,0,17,1,11,55,0,3
5,11,26.0,364,0,0,1,13,99,0,3
4,9,12.0,177,5,4,1,13,38,1,28
5,11,26.0,364,0,15,1,2,40,4,3
5,11,27.0,322,1,21,0,0,64,0,15
5,11,27.0,322,1,19,0,4,75,1,15
5,11,27.0,322,1,13,2,3,76,1,15
5,11,27.0,322,1,14,2,1,59,3,15
5,9,11.0,52,2,0,2,0,26,3,9
4,11,19.0,321,1,15,1,10,47,0,10
4,11,21.0,192,4,4,1,14,25,4,21
4,11,27.0,322,2,0,0,12,56,1,15
4,11,27.0,322,2,16,1,0,0,0,15
4,11,28.0,123,4,19,0,10,23,1,18
4,11,28.0,123,4,17,1,15,51,4,18
4,9,5.0,89,5,4,1,3,30,4,24
4,9,13.0,91,6,17,1,5,6,0,25
4,9,13.0,91,6,17,2,8,9,0,25
4,9,13.0,91,6,20,0,10,47,2,25
4,9,5.0,89,5,20,0,5,12,2,24
4,9,19.0,234,5,7,1,10,47,0,10
4,9,19.0,234,5,18,0,10,12,0,10
5,1,13.0,207,4,13,0,3,30,1,25
4,9,20.0,119,6,0,0,5,6,0,29
4,9,20.0,119,6,0,1,5,12,0,29
4,9,20.0,119,6,18,0,1,11,1,29
4,9,22.0,92,0,7,1,5,64,0,26
4,9,22.0,92,0,11,0,2,2,1,26
4,9,22.0,92,0,11,0,8,27,2,26
5,9,11.0,52,2,11,0,6,128,1,9
5,9,11.0,52,2,4,0,15,39,0,9
5,9,17.0,255,1,0,0,0,12,3,6
5,9,17.0,255,1,6,0,0,12,0,6
5,9,20.0,119,5,5,1,4,138,4,29
5,9,20.0,119,5,14,1,7,120,4,29
5,9,20.0,119,5,1,0,5,64,3,29
5,9,20.0,119,5,14,1,1,105,4,29
5,7,2.0,160,0,12,0,5,12,3,22
5,7,2.0,160,0,9,2,9,93,3,22
5,7,2.0,160,0,8,0,11,94,2,22
5,7,10.0,329,1,0,0,2,86,0,4
5,7,10.0,329,1,6,0,8,9,0,4
5,7,10.0,329,1,7,1,11,10,4,4
5,7,10.0,329,1,2,2,9,101,3,4
5,7,12.0,181,4,0,0,1,1,1,28
5,7,12.0,181,4,18,1,1,35,0,28
4,9,22.0,92,0,2,0,10,47,0,26
4,9,22.0,92,0,8,2,13,44,3,26
4,9,22.0,92,0,5,3,1,105,3,26
4,9,28.0,315,3,1,2,10,22,3,18
4,9,28.0,315,3,4,0,4,45,2,18
4,7,5.0,204,5,20,0,10,47,3,24
4,7,5.0,204,5,22,0,14,131,1,24
4,7,12.0,181,5,15,3,13,28,0,28
4,7,12.0,181,5,19,0,13,99,4,28
4,9,19.0,234,5,21,3,14,32,1,10
4,11,5.0,240,1,10,1,10,47,0,24
4,7,31.0,43,2,15,0,4,4,1,20
4,7,29.0,268,0,9,0,3,76,2,16
4,11,5.0,240,1,18,2,10,47,3,24
4,7,31.0,43,2,2,0,5,6,0,20
4,7,29.0,268,0,18,0,7,78,1,16
4,11,5.0,240,1,19,0,3,30,1,24
4,7,29.0,268,0,12,1,12,61,0,16
4,11,5.0,240,1,22,1,9,49,1,24
4,3,13.0,210,1,6,0,4,82,3,25
4,3,13.0,210,1,21,1,1,105,0,25
4,3,13.0,210,1,0,1,1,105,0,25
4,3,13.0,210,1,11,0,7,31,4,25
4,3,13.0,210,1,15,2,11,15,2,25
4,3,13.0,210,1,3,0,7,62,1,25
4,3,13.0,210,1,19,0,2,92,1,25
4,3,13.0,210,1,14,0,2,86,0,25
4,3,13.0,210,1,14,0,5,12,0,25
4,3,14.0,33,2,6,1,2,86,0,5
4,7,12.0,181,5,9,2,1,105,4,28
4,7,14.0,125,3,2,0,5,12,2,5
4,7,20.0,266,6,11,1,12,80,1,29
4,7,22.0,211,0,12,0,10,47,2,26
4,7,28.0,34,3,10,0,2,35,3,18
4,7,28.0,34,3,15,0,2,123,1,18
1,11,1.0,222,6,17,0,2,86,2,7
5,11,3.0,288,6,1,2,4,4,1,27
5,11,10.0,360,6,21,0,5,6,0,4
5,11,10.0,360,6,16,1,1,67,0,4
5,11,10.0,360,6,23,0,16,50,2,4
5,11,10.0,360,6,8,0,8,33,3,4
5,11,10.0,360,6,14,2,10,47,3,4
3,4,1.0,144,2,2,0,5,12,1,7
5,11,26.0,364,0,22,2,7,62,0,3
5,11,27.0,322,1,21,2,10,47,0,15
5,9,11.0,52,2,12,1,11,98,4,9
5,9,17.0,255,1,0,0,9,109,3,6
5,9,17.0,255,1,7,2,8,19,0,6
5,9,17.0,255,1,23,0,3,30,2,6
4,7,28.0,34,3,13,0,13,28,2,18
4,7,28.0,34,3,2,0,13,99,3,18
4,7,28.0,34,3,15,0,2,3,2,18
4,7,28.0,34,3,15,1,1,59,4,18
4,7,28.0,34,3,7,1,6,132,4,18
4,7,29.0,268,0,16,0,11,94,1,16
4,7,29.0,268,0,4,0,4,127,1,16
4,7,31.0,43,2,21,0,5,6,0,20
4,7,31.0,43,2,16,1,0,26,0,20
4,7,31.0,43,2,12,0,1,81,3,20
4,7,31.0,43,2,17,2,7,129,3,20
4,7,31.0,43,2,4,0,1,59,3,20
4,3,13.0,210,1,17,0,11,18,0,25
4,3,13.0,210,1,23,0,10,47,3,25
4,3,13.0,210,1,4,0,2,123,4,25
4,3,13.0,210,1,14,0,8,118,1,25
4,3,14.0,33,2,0,0,13,28,1,5
4,3,14.0,33,2,5,0,2,2,1,5
4,3,20.0,105,1,0,1,16,130,0,29
4,3,20.0,105,1,15,2,8,33,0,29
4,3,20.0,105,1,2,1,4,75,1,29
4,7,20.0,266,6,2,2,13,69,3,29
5,7,19.0,330,4,15,0,13,38,2,10
4,7,20.0,266,6,12,0,2,2,0,29
4,7,20.0,266,6,14,0,6,73,0,29
4,7,22.0,211,0,6,0,0,26,3,26
4,7,22.0,211,0,11,0,3,30,0,26
4,7,22.0,211,0,12,2,3,76,0,26
4,7,5.0,204,5,13,3,12,80,0,24
4,7,28.0,34,3,19,0,10,47,0,18
4,7,28.0,34,3,5,1,1,67,4,18
4,7,29.0,268,0,20,0,0,85,3,16
4,7,31.0,43,2,16,0,5,12,3,20
4,3,13.0,210,1,5,0,0,77,1,25
4,3,13.0,210,1,4,1,9,134,4,25
4,11,10.0,360,3,6,1,10,52,4,4
4,7,31.0,43,2,13,2,4,103,3,20
4,11,10.0,360,3,19,0,10,47,2,4
4,3,13.0,210,1,2,2,1,59,4,25
5,0,13.0,198,3,0,2,0,64,3,25
5,0,13.0,198,3,5,2,7,20,1,25
5,0,13.0,198,3,3,3,1,67,3,25
5,0,19.0,13,6,17,0,9,87,4,10
5,0,19.0,13,6,16,1,0,64,0,10
5,0,19.0,13,6,14,1,3,44,4,10
5,0,30.0,228,2,7,1,10,47,0,19
4,3,13.0,210,1,9,0,2,86,4,25
5,0,30.0,228,2,9,0,2,40,1,19
5,0,30.0,228,2,9,0,9,102,1,19
4,3,14.0,33,2,23,1,16,50,0,5
4,3,14.0,33,2,0,1,5,64,0,5
4,11,3.0,288,3,2,0,11,94,4,27
4,11,5.0,240,1,0,2,10,47,3,24
4,3,20.0,105,1,16,1,4,79,0,29
4,11,4.0,275,0,14,0,9,95,0,30
4,3,20.0,105,1,12,2,6,89,3,29
4,11,10.0,360,3,0,0,11,124,1,4
4,3,20.0,105,1,9,0,2,13,0,29
5,4,30.0,139,5,13,0,12,80,1,19
4,3,23.0,57,5,5,1,14,88,4,17
5,2,4.0,254,2,13,0,2,86,1,30
4,3,28.0,187,2,20,0,12,17,4,18
4,3,28.0,187,2,15,0,5,12,1,18
4,5,3.0,161,0,23,0,15,51,1,27
4,5,3.0,161,0,2,0,13,48,3,27
4,5,3.0,161,0,9,0,2,2,2,27
4,5,4.0,114,1,15,2,2,86,3,30
4,5,4.0,114,1,13,0,2,2,1,30
4,5,3.0,161,0,2,0,9,95,2,27
4,5,22.0,163,6,3,0,0,31,3,26
4,5,22.0,163,6,8,0,16,37,3,26
4,5,22.0,163,6,12,0,3,30,0,26
4,5,29.0,24,6,20,1,2,60,4,16
4,5,29.0,24,6,19,0,15,46,3,16
4,5,29.0,24,6,9,2,7,122,0,16
5,9,17.0,255,1,18,0,12,121,2,6
5,7,2.0,160,0,5,0,11,15,2,22
5,7,2.0,160,0,14,0,14,25,3,22
4,7,6.0,93,6,17,0,13,38,1,23
4,3,12.0,104,0,17,3,1,11,4,28
4,3,12.0,104,0,9,2,9,83,4,28
4,3,12.0,104,0,5,0,0,68,0,28
4,3,19.0,138,0,9,1,11,15,4,10
4,5,29.0,24,6,12,1,7,8,4,16
4,5,30.0,294,3,8,0,12,56,3,19
4,5,30.0,294,3,9,2,8,118,3,19
4,5,31.0,196,0,7,0,2,86,0,20
4,5,30.0,294,3,22,1,9,87,4,19
4,5,31.0,196,0,19,0,15,119,3,20
4,9,5.0,89,5,3,0,12,104,2,24
4,9,5.0,89,5,15,3,11,15,2,24
4,9,5.0,89,5,8,0,7,111,1,24
4,9,13.0,91,6,11,1,10,47,4,25
4,9,19.0,234,5,13,2,4,5,0,10
4,9,19.0,234,5,20,1,7,8,4,10
4,9,20.0,119,6,17,2,5,64,3,29
4,9,20.0,119,6,19,0,8,27,3,29
4,9,20.0,119,6,23,1,8,9,1,29
4,9,22.0,92,0,16,0,7,62,2,26
4,9,20.0,119,6,8,0,15,31,3,29
4,9,19.0,234,5,18,1,13,48,0,10
4,9,22.0,92,0,4,2,14,24,0,26
4,9,22.0,92,0,1,0,13,29,2,26
4,9,22.0,92,0,1,2,4,4,0,26
4,9,22.0,92,0,9,0,13,99,1,26
5,11,3.0,288,6,15,1,8,9,4,27
5,2,27.0,136,5,23,1,0,26,0,15
5,11,10.0,360,6,17,0,2,86,2,4
5,11,10.0,360,6,15,0,11,18,1,4
5,2,20.0,264,5,4,3,14,25,3,29
4,11,10.0,360,3,11,0,10,6,2,4
4,11,10.0,360,3,7,1,10,43,2,4
4,11,11.0,175,0,5,0,8,41,1,9
4,11,11.0,175,0,21,1,11,15,0,9
4,11,10.0,360,3,2,3,14,25,0,4
4,11,11.0,175,0,22,2,9,134,3,9
4,11,11.0,175,0,12,0,7,137,4,9
4,11,11.0,175,0,3,1,9,95,1,9
4,11,13.0,312,2,6,0,0,31,0,25
4,11,13.0,312,2,22,0,10,47,2,25
5,0,30.0,228,2,21,1,13,48,0,19
5,0,30.0,228,2,1,2,3,115,0,19
4,11,3.0,288,3,9,2,5,6,0,27
4,11,3.0,288,3,1,1,0,68,1,27
5,11,2.0,265,5,12,1,0,77,0,22
4,11,4.0,275,0,22,0,10,47,3,30
4,11,4.0,275,0,4,1,0,68,1,30
4,11,5.0,240,1,16,2,8,27,3,24
4,11,5.0,240,1,3,1,4,79,1,24
4,11,26.0,364,1,1,1,2,86,2,3
4,11,23.0,232,6,13,0,4,82,1,17
4,11,26.0,364,1,16,1,6,128,1,3
5,7,16.0,40,0,14,1,5,6,2,2
5,5,23.0,168,6,2,1,10,23,1,17
5,6,25.0,39,4,12,3,12,84,0,13
5,6,25.0,39,4,3,0,11,133,0,13
5,10,6.0,242,0,14,0,15,31,1,23
5,10,25.0,56,6,4,0,10,22,4,13
5,8,17.0,74,4,20,0,2,92,3,6
5,8,17.0,74,4,6,0,0,31,0,6
5,4,1.0,144,4,17,1,0,77,1,7
5,11,3.0,288,6,19,1,8,9,4,27
5,11,10.0,360,6,13,0,11,94,3,4
5,11,10.0,360,6,11,0,6,7,0,4
5,11,10.0,360,6,22,0,5,6,0,4
5,11,3.0,288,6,4,0,14,24,2,27
5,11,26.0,364,0,17,2,5,6,0,3
5,11,10.0,360,6,17,1,0,12,1,4
4,9,12.0,177,5,19,1,12,121,0,28
4,9,4.0,295,4,9,1,1,67,0,30
4,9,14.0,106,3,4,1,9,134,4,5
5,11,26.0,364,0,13,1,1,35,4,3
5,11,26.0,364,0,14,2,11,94,1,3
5,2,27.0,136,5,13,0,10,23,0,15
5,2,27.0,136,5,8,0,14,32,1,15
5,2,22.0,209,3,13,0,2,86,0,26
5,2,27.0,136,5,3,0,14,24,2,15
5,0,13.0,198,3,3,0,1,16,3,25
5,0,13.0,198,3,18,0,10,22,3,25
5,0,19.0,13,6,19,0,4,138,0,10
5,0,19.0,13,6,2,0,13,48,1,10
5,0,19.0,13,6,22,0,10,22,1,10
5,0,19.0,13,6,8,1,10,23,1,10
5,0,19.0,13,6,9,0,4,66,4,10
5,0,30.0,228,2,20,0,8,27,3,19
5,0,30.0,228,2,17,3,10,30,0,19
5,0,30.0,228,2,15,2,2,40,0,19
5,0,30.0,228,2,11,1,9,134,4,19
5,1,11.0,111,1,16,0,0,12,0,9
5,1,13.0,207,4,7,1,6,116,0,25
5,1,13.0,207,4,19,0,10,47,0,25
5,1,13.0,207,4,2,0,14,24,2,25
5,1,18.0,82,1,0,1,0,26,1,0
5,1,18.0,82,1,23,0,11,18,1,0
5,1,18.0,82,1,22,0,9,93,4,0
5,3,13.0,210,0,13,0,8,19,0,25
5,5,6.0,277,2,17,2,9,49,3,23
5,5,25.0,350,0,18,1,12,121,4,13
5,10,30.0,157,4,4,3,2,69,0,19
5,10,30.0,157,4,15,0,10,47,2,19
5,8,7.0,70,0,19,1,15,108,1,11
5,8,15.0,72,1,18,0,0,15,0,1
5,4,26.0,80,0,11,3,15,96,0,3
5,0,25.0,281,5,15,1,9,134,1,13
3,0,6.0,260,6,19,0,14,25,3,23
3,0,14.0,5,3,13,0,15,114,2,5
5,10,9.0,150,4,18,1,3,44,4,12
5,10,9.0,150,4,17,1,11,55,4,12
5,10,15.0,60,2,20,0,7,20,1,1
5,8,4.0,299,5,19,0,13,21,1,30
5,10,21.0,341,1,13,1,16,50,1,21
5,11,7.0,253,2,19,1,1,67,0,11
5,11,30.0,170,5,14,0,14,126,4,19
5,9,16.0,107,0,18,0,9,27,3,2
5,6,5.0,342,5,12,3,16,37,1,24
5,6,25.0,39,4,14,0,8,41,1,13
5,1,18.0,82,1,18,2,9,101,3,0
5,1,20.0,151,4,16,1,10,52,1,29
5,1,20.0,151,4,22,0,8,9,1,29
5,1,20.0,151,4,9,1,7,20,0,29
5,1,18.0,82,1,8,0,0,15,2,0
5,1,11.0,111,1,11,1,8,41,1,9
5,8,10.0,71,4,16,1,4,75,0,4
5,8,10.0,71,4,1,2,12,135,3,4
5,8,10.0,71,4,22,0,6,73,1,4
5,8,19.0,280,6,6,2,10,6,3,10
5,8,19.0,280,6,10,2,10,22,3,10
5,8,19.0,280,6,1,0,3,79,1,10
5,8,19.0,280,6,1,1,9,83,4,10
5,8,20.0,319,3,13,0,2,86,1,29
5,8,19.0,280,6,2,0,13,38,0,10
5,8,20.0,319,3,13,1,7,129,1,29
5,8,20.0,319,3,3,0,13,69,2,29
5,8,21.0,46,0,2,2,9,63,3,21
5,8,21.0,46,0,1,1,13,99,4,21
5,8,22.0,354,1,21,1,12,80,2,26
5,7,13.0,238,5,14,0,0,15,1,25
5,7,30.0,42,0,22,0,10,47,3,19
5,3,22.0,166,2,17,0,0,64,4,26
5,6,14.0,173,3,4,0,10,47,0,5
5,10,7.0,243,1,17,1,14,107,1,11
5,1,9.0,50,3,19,3,1,105,0,12
5,8,24.0,85,4,13,3,7,137,0,14
5,4,18.0,26,3,4,1,10,22,2,0
5,2,18.0,7,2,19,0,2,13,1,0
5,2,18.0,7,2,19,0,4,82,1,0
5,2,26.0,3,4,2,1,12,135,0,3
4,11,9.0,311,6,18,2,7,20,3,12
5,5,28.0,259,4,14,0,1,105,1,18
5,2,4.0,254,2,6,0,0,26,1,30
5,2,4.0,254,2,22,2,1,67,2,30
5,8,22.0,354,1,15,0,5,6,0,26
5,8,22.0,354,1,2,0,16,37,4,26
4,3,30.0,304,5,1,1,10,47,1,19
4,5,23.0,168,3,19,0,15,114,1,17
4,6,7.0,169,0,8,1,6,91,0,11
5,5,1.0,109,5,22,0,4,82,1,7
4,3,12.0,104,0,13,3,15,114,1,28
4,8,4.0,299,6,15,0,15,119,2,30
4,2,8.0,258,0,13,1,0,26,1,8
4,0,14.0,5,1,1,1,11,133,4,5
4,0,12.0,113,3,13,1,0,26,3,28
4,6,1.0,158,1,11,3,9,87,4,7
4,2,23.0,230,1,15,1,5,6,1,17
4,2,23.0,230,1,2,0,10,22,3,17
4,6,15.0,49,1,18,1,10,47,0,1
4,2,23.0,230,1,1,1,1,11,1,17
4,0,17.0,12,5,8,0,13,21,1,6
4,0,17.0,12,5,9,0,9,102,0,6
4,0,17.0,12,5,1,0,10,12,3,6
4,0,17.0,12,5,15,0,10,22,2,6
4,0,23.0,237,4,20,0,0,15,2,17
4,0,23.0,237,4,20,0,11,98,2,17
4,6,29.0,335,1,15,0,4,82,3,16
4,1,24.0,64,1,8,1,3,79,0,14
4,1,23.0,69,0,11,1,14,106,4,17
4,1,24.0,64,1,13,1,8,27,2,14
4,8,14.0,296,1,12,0,9,102,2,5
4,8,30.0,103,4,17,0,7,62,4,19
4,4,16.0,25,6,2,3,14,97,0,2
5,11,13.0,312,1,23,0,12,84,2,25
4,2,8.0,258,0,11,2,9,49,0,8
4,2,8.0,258,0,19,1,10,22,4,8
4,0,7.0,15,1,11,0,8,118,1,11
4,0,23.0,237,4,8,0,1,1,0,17
5,11,23.0,232,5,5,0,15,39,2,17
4,5,9.0,206,3,18,0,11,117,1,12
4,0,23.0,237,4,14,1,9,10,4,17
4,0,24.0,55,5,2,0,11,8,1,14
4,0,24.0,55,5,2,0,9,95,2,14
5,6,1.0,158,0,14,0,1,11,4,7
4,4,24.0,27,3,13,0,2,2,2,14
4,2,6.0,251,6,17,0,11,117,3,23
4,0,18.0,0,6,13,0,7,20,2,0
4,0,18.0,0,6,15,0,10,47,0,0
4,10,16.0,201,5,11,3,5,6,0,2
4,2,10.0,28,2,15,0,1,16,0,4
4,0,27.0,23,0,7,1,7,111,0,15
4,0,27.0,23,0,12,0,8,65,2,15
4,0,27.0,23,0,8,0,13,48,1,15
4,0,27.0,23,0,18,0,15,96,3,15
4,0,9.0,48,4,18,0,10,47,2,12
4,0,18.0,0,6,19,3,5,12,0,0
4,6,7.0,169,0,9,3,2,86,3,11
4,6,20.0,215,3,18,0,8,9,2,29
4,10,14.0,174,2,13,0,2,13,4,5
4,2,27.0,136,6,13,0,4,70,3,15
5,7,5.0,204,4,14,0,10,22,3,24
4,9,3.0,217,2,19,0,0,15,2,27
4,1,21.0,45,6,17,1,7,8,0,21
2,2,1.0,143,5,5,0,6,89,1,7
3,7,1.0,98,6,17,0,0,12,1,7
4,4,23.0,30,6,14,1,0,31,4,17
4,6,20.0,215,3,12,0,7,137,1,29
4,2,16.0,220,1,17,1,10,30,0,2
4,2,16.0,220,1,13,0,7,62,1,2
4,0,7.0,15,1,13,0,9,58,2,11
4,8,14.0,296,1,5,0,15,46,4,5
4,0,25.0,281,6,9,1,4,45,4,13
4,0,7.0,15,1,22,0,9,87,4,11
4,2,23.0,230,1,3,0,15,108,2,17
4,4,24.0,27,3,1,0,1,67,4,14
4,2,6.0,251,6,15,0,10,22,3,23
4,2,13.0,276,6,19,0,15,119,2,25
4,2,13.0,276,6,19,0,8,19,1,25
4,0,16.0,11,4,6,2,6,73,3,2
4,0,16.0,11,4,6,0,4,75,1,2
4,0,16.0,11,4,11,0,14,88,1,2
4,0,16.0,11,4,4,1,3,79,4,2
4,0,11.0,10,6,7,1,0,64,0,9
4,0,16.0,11,4,4,0,8,41,1,2
4,0,17.0,12,5,0,0,10,12,0,6
4,0,17.0,12,5,2,0,2,69,3,6
4,0,23.0,237,4,0,1,10,22,1,17
4,0,24.0,55,5,17,0,15,108,3,14
4,0,24.0,55,5,20,0,10,52,0,14
4,0,23.0,237,4,3,1,9,87,0,17
4,0,23.0,237,4,13,0,9,87,0,17
4,0,23.0,237,4,22,0,11,90,0,17
4,0,24.0,55,5,8,0,2,2,1,14
4,0,16.0,11,4,2,0,2,86,1,2
4,0,24.0,55,5,2,0,10,47,0,14
4,0,17.0,12,5,1,1,7,8,0,6
4,0,23.0,237,4,12,3,0,26,3,17
4,0,23.0,237,4,1,0,12,17,1,17
4,5,23.0,168,3,9,1,2,86,1,17
4,5,23.0,168,3,14,1,11,122,4,17
4,5,23.0,168,3,22,0,11,15,2,17
5,11,13.0,312,1,0,1,3,115,0,25
4,10,1.0,208,4,18,0,1,11,4,7
5,11,13.0,312,1,8,2,15,96,0,25
5,11,23.0,232,5,13,0,12,100,3,17
4,6,15.0,49,1,15,3,9,57,0,1
4,0,20.0,172,0,6,0,10,47,3,29
5,7,6.0,93,5,6,0,4,127,1,23
4,2,27.0,136,6,5,0,6,116,4,15
4,0,11.0,10,6,14,0,15,46,1,9
5,11,13.0,312,1,15,0,12,80,2,25
5,7,6.0,93,5,11,0,2,35,2,23
4,2,18.0,7,4,13,0,15,114,1,0
4,6,20.0,215,3,0,1,0,12,0,29
4,10,1.0,208,4,11,1,11,117,1,7
5,11,30.0,170,5,7,1,12,84,0,19
5,11,13.0,312,1,4,0,14,32,4,25
4,2,27.0,136,6,8,0,10,47,2,15
5,11,30.0,170,5,7,1,1,67,0,19
4,10,1.0,208,4,5,0,2,2,1,7
5,7,6.0,93,5,15,0,5,12,3,23
4,6,29.0,335,1,19,1,14,24,0,16
4,0,20.0,172,0,11,0,14,25,2,29
4,2,27.0,136,6,3,0,1,59,2,15
4,0,18.0,0,6,14,1,9,57,0,0
5,11,30.0,170,5,5,0,12,61,3,19
4,0,18.0,0,6,19,0,14,34,2,0
4,10,6.0,242,1,6,0,16,74,3,23
4,2,27.0,136,6,15,2,11,124,2,15
4,0,20.0,172,0,4,1,9,87,4,29
4,1,17.0,63,1,8,0,10,47,3,6
5,11,13.0,312,1,20,1,9,83,4,25
5,11,30.0,170,5,22,2,8,41,3,19
5,7,6.0,93,5,12,0,13,99,3,23
4,0,13.0,198,0,2,3,15,46,0,25
4,10,14.0,174,2,12,0,11,18,3,5
4,2,27.0,136,6,8,2,8,41,1,15
4,0,20.0,172,0,18,0,8,9,1,29
4,8,8.0,76,2,6,1,3,30,0,8
5,11,15.0,331,4,23,1,14,107,1,1
5,11,20.0,340,1,15,0,11,98,0,29
5,11,20.0,340,1,22,0,2,92,1,29
5,11,20.0,340,1,0,1,13,48,0,29
5,11,20.0,340,1,2,0,14,34,4,29
5,11,20.0,340,1,2,0,1,1,1,29
5,11,20.0,340,1,1,0,7,62,4,29
5,11,23.0,232,5,15,2,12,104,3,17
5,11,23.0,232,5,8,2,11,124,0,17
5,11,30.0,170,5,5,0,5,6,0,19
5,11,15.0,331,4,13,0,14,24,2,1
5,11,30.0,170,5,7,1,1,67,0,19
5,11,30.0,170,5,2,0,15,46,3,19
5,11,30.0,170,5,4,0,9,134,2,19
5,11,30.0,170,5,15,0,10,52,2,19
5,11,6.0,252,1,22,3,0,12,1,23
5,11,6.0,252,1,1,1,4,121,0,23
3,6,21.0,193,6,12,0,13,28,3,21
5,9,7.0,271,6,21,1,5,64,2,11
5,9,7.0,271,6,20,0,7,20,1,11
5,9,7.0,271,6,8,1,12,100,4,11
5,9,7.0,271,6,1,0,1,11,4,11
5,9,13.0,91,5,14,0,8,41,0,25
5,9,15.0,226,3,16,0,5,12,1,1
5,9,15.0,226,3,21,0,1,16,3,1
5,9,15.0,226,3,13,0,4,45,4,1
5,9,15.0,226,3,19,1,12,61,4,1
5,9,15.0,226,3,2,1,9,57,4,1
5,9,16.0,107,0,8,2,2,92,0,2
5,9,16.0,107,0,6,1,10,47,0,2
5,9,16.0,107,0,11,1,15,114,1,2
5,9,21.0,362,6,6,0,0,68,1,21
5,9,21.0,362,6,13,0,9,93,0,21
5,9,21.0,362,6,2,2,2,2,0,21
5,9,21.0,362,6,22,1,14,24,1,21
5,7,5.0,204,4,0,1,2,2,0,24
5,7,5.0,204,4,12,0,5,12,2,24
5,7,6.0,93,5,3,1,1,16,4,23
5,7,14.0,125,6,21,2,1,35,0,5
5,7,14.0,125,6,19,2,13,38,0,5
5,7,14.0,125,6,18,0,8,9,1,5
5,7,1.0,98,3,13,0,5,12,0,7
5,7,16.0,40,0,16,0,15,96,0,2
5,7,16.0,40,0,5,0,0,15,2,2
5,7,16.0,40,0,8,0,0,15,2,2
5,7,16.0,40,0,4,0,6,128,1,2
5,7,21.0,81,6,15,0,5,12,3,21
5,7,6.0,93,5,8,1,13,36,4,23
5,7,6.0,93,5,12,0,11,15,1,23
5,7,6.0,93,5,1,1,6,14,4,23
5,7,6.0,93,5,18,0,0,26,3,23
5,7,14.0,125,6,0,0,3,115,3,5
5,7,14.0,125,6,13,2,16,130,4,5
5,7,6.0,93,5,8,0,10,22,1,23
5,7,16.0,40,0,9,0,8,9,1,2
5,7,6.0,93,5,15,0,10,52,1,23
5,7,21.0,81,6,16,0,0,12,1,21
5,7,21.0,81,6,2,0,11,133,0,21
5,7,21.0,81,6,1,0,13,28,4,21
5,7,23.0,202,0,5,0,2,40,3,17
5,7,23.0,202,0,16,1,9,27,0,17
5,7,23.0,202,0,11,1,5,64,1,17
5,7,23.0,202,0,2,2,3,30,0,17
5,7,31.0,43,1,17,0,11,94,3,20
5,7,31.0,43,1,11,2,13,21,3,20
5,3,6.0,303,0,0,0,7,57,4,23
5,3,6.0,303,0,2,0,10,12,1,23
5,3,6.0,303,0,4,0,10,22,1,23
5,3,6.0,303,0,14,0,6,7,0,23
5,3,16.0,263,4,6,1,16,113,0,2
5,7,22.0,211,3,13,0,5,6,0,26
5,7,14.0,125,6,15,0,11,15,2,5
5,7,22.0,211,3,5,0,2,2,2,26
5,7,23.0,202,0,22,0,3,76,4,17
5,7,23.0,202,0,5,0,11,18,1,17
5,7,22.0,211,3,23,0,11,94,2,26
5,7,31.0,43,1,16,0,0,64,0,20
5,11,20.0,340,1,17,0,3,76,3,29
5,7,31.0,43,1,19,0,10,47,3,20
4,3,18.0,165,3,11,0,2,3,0,0
4,9,2.0,323,1,13,1,0,12,1,22
4,2,28.0,257,3,16,0,0,12,3,18
5,11,30.0,170,5,11,0,9,95,2,19
4,2,30.0,131,1,1,0,10,23,1,19
4,4,29.0,313,5,8,0,5,12,2,16
4,1,21.0,45,6,19,2,6,14,4,21
4,8,18.0,75,6,2,1,15,39,1,0
4,0,5.0,122,3,4,0,5,12,2,24
4,2,27.0,136,6,4,1,0,53,0,15
3,5,23.0,168,5,9,3,5,6,2,17
4,0,20.0,172,0,1,0,2,92,1,29
4,8,17.0,74,5,14,1,5,6,1,6
5,11,30.0,170,5,14,0,9,57,0,19
5,7,5.0,204,4,21,1,11,15,1,24
4,0,15.0,190,2,19,0,6,14,2,1
4,2,27.0,136,6,13,3,5,6,0,15
4,4,16.0,25,6,8,0,13,44,3,2
4,8,18.0,75,6,9,0,2,35,2,0
5,9,13.0,91,5,13,0,2,123,0,25
5,7,5.0,204,4,3,1,6,7,4,24
4,11,1.0,222,5,5,0,12,104,2,7
5,11,7.0,253,2,3,0,5,64,3,11
5,11,7.0,253,2,14,2,2,86,0,11
5,11,13.0,312,1,11,0,2,2,4,25
5,11,13.0,312,1,2,0,16,72,1,25
5,11,13.0,312,1,19,0,8,41,1,25
5,11,7.0,253,2,17,0,13,38,0,11
5,11,7.0,253,2,22,0,10,47,1,11
3,0,21.0,287,3,17,1,10,12,1,21
5,11,11.0,175,3,1,0,6,91,1,9
5,11,28.0,123,2,16,1,15,39,1,18
5,9,2.0,323,0,0,1,11,18,1,22
5,11,1.0,222,4,10,0,15,114,4,7
4,3,18.0,165,3,6,0,10,22,1,0
5,11,9.0,311,5,21,1,1,1,0,12
1,8,1.0,66,4,17,0,8,19,4,7
5,9,8.0,90,3,14,1,0,26,1,8
5,7,9.0,273,0,2,0,15,31,2,12
5,11,13.0,312,1,14,0,0,26,2,25
5,11,15.0,331,4,17,1,6,7,0,1
5,11,15.0,331,4,16,0,0,12,0,1
5,11,15.0,331,4,14,1,14,25,0,1
5,11,20.0,340,1,6,1,15,114,1,29
5,11,23.0,232,5,17,2,3,79,3,17
5,11,15.0,331,4,4,0,15,85,1,1
5,11,15.0,331,4,5,0,16,113,1,1
5,11,20.0,340,1,16,2,2,3,3,29
5,11,20.0,340,1,22,0,2,71,3,29
5,11,20.0,340,1,2,0,1,1,1,29
5,11,20.0,340,1,18,0,11,15,4,29
5,11,23.0,232,5,0,1,9,27,0,17
5,11,20.0,340,1,2,0,4,45,2,29
5,11,23.0,232,5,13,0,8,33,2,17
5,11,23.0,232,5,8,1,4,75,4,17
5,11,30.0,170,5,20,0,4,121,0,19
5,11,30.0,170,5,7,1,1,67,0,19
5,11,30.0,170,5,10,1,1,67,0,19
5,9,7.0,271,6,16,0,0,12,0,11
5,9,7.0,271,6,2,2,10,47,2,11
5,9,13.0,91,5,21,2,14,107,3,25
5,9,13.0,91,5,20,1,8,41,1,25
5,9,13.0,91,5,14,0,10,47,3,25
5,9,13.0,91,5,9,0,14,24,1,25
5,9,15.0,226,3,17,0,10,12,2,1
5,9,15.0,226,3,5,1,2,71,4,1
5,9,15.0,226,3,22,1,13,123,4,1
5,9,16.0,107,0,20,0,5,6,2,2
5,11,6.0,252,1,5,0,4,75,0,23
3,8,21.0,46,3,16,0,16,37,4,21
5,9,14.0,106,6,18,0,10,47,1,5
5,11,7.0,253,2,2,0,4,127,2,11
5,11,7.0,253,2,18,0,6,89,1,11
5,11,7.0,253,2,14,1,15,114,1,11
5,11,7.0,253,2,22,3,5,12,3,11
5,11,13.0,312,1,17,0,15,31,1,25
5,11,13.0,312,1,8,1,2,60,4,25
5,7,4.0,186,2,17,1,10,22,4,30
5,11,13.0,312,1,1,0,13,38,2,25
5,11,13.0,312,1,9,2,6,128,1,25
5,11,15.0,331,4,18,0,6,91,1,1
5,11,20.0,340,1,21,2,15,51,1,29
5,11,20.0,340,1,22,0,2,13,0,29
5,11,20.0,340,1,4,0,13,36,1,29
5,11,20.0,340,1,3,0,2,2,3,29
5,11,20.0,340,1,9,2,16,37,3,29
5,11,23.0,232,5,6,0,0,77,1,17
5,11,23.0,232,5,6,2,4,121,1,17
5,11,23.0,232,5,0,1,8,27,1,17
5,11,23.0,232,5,22,2,5,6,0,17
5,11,23.0,232,5,3,0,8,41,2,17
4,11,1.0,222,5,17,3,4,79,2,7
5,7,5.0,204,4,11,1,11,117,1,24
5,9,15.0,226,3,16,1,15,39,0,1
4,0,21.0,287,1,5,0,10,23,1,21
5,7,5.0,204,4,8,0,5,12,1,24
4,10,1.0,208,4,17,0,15,39,1,7
4,4,16.0,25,6,3,0,1,16,2,2
4,2,28.0,257,3,22,2,13,121,3,18
5,7,5.0,204,4,12,0,0,77,1,24
4,2,28.0,257,3,9,0,12,61,1,18
5,7,6.0,93,5,7,0,2,2,4,23
5,7,6.0,93,5,12,0,13,28,1,23
4,2,27.0,136,6,5,0,10,22,1,15
5,7,6.0,93,5,8,0,2,2,1,23
4,0,20.0,172,0,17,1,11,18,1,29
5,9,15.0,226,3,17,3,13,48,3,1
4,0,9.0,48,4,5,0,9,27,0,12
5,7,6.0,93,5,11,1,3,30,4,23
5,0,1.0,8,1,17,0,12,100,4,7
5,9,15.0,226,3,3,0,11,98,0,1
5,7,6.0,93,5,22,1,1,16,4,23
4,11,24.0,194,3,6,0,2,69,1,14
5,9,15.0,226,3,4,0,8,41,1,1
4,0,9.0,48,4,22,0,15,108,4,12
5,7,6.0,93,5,3,1,2,123,4,23
5,7,5.0,204,4,3,0,13,28,2,24
5,7,14.0,125,6,0,0,9,93,3,5
5,7,14.0,125,6,11,0,9,57,0,5
5,7,14.0,125,6,5,1,12,80,4,5
5,7,14.0,125,6,14,0,6,7,1,5
5,7,16.0,40,0,2,0,14,25,3,2
5,7,16.0,40,0,18,0,13,48,4,2
5,7,16.0,40,0,1,2,8,9,4,2
5,7,16.0,40,0,18,0,2,2,1,2
5,7,16.0,40,0,18,0,10,12,3,2
5,7,21.0,81,6,3,0,13,99,2,21
5,11,12.0,118,0,20,1,10,22,1,28
2,1,1.0,171,4,17,0,13,38,1,7
3,0,16.0,11,1,13,1,14,25,0,2
5,11,12.0,118,0,17,1,0,64,2,28
5,9,12.0,177,4,5,1,1,67,0,28
5,9,21.0,362,6,14,0,9,101,3,21
5,9,21.0,362,6,8,1,2,71,4,21
4,5,18.0,195,1,13,0,13,38,3,0
4,4,29.0,313,5,17,1,15,51,1,16
4,2,1.0,16,0,17,0,0,53,4,7
5,9,21.0,362,6,5,1,11,55,4,21
5,7,5.0,204,4,21,1,1,1,0,24
5,7,5.0,204,4,5,1,9,95,4,24
5,7,5.0,204,4,8,0,2,2,2,24
5,7,5.0,204,4,14,2,10,47,3,24
5,7,6.0,93,5,17,0,11,18,1,23
5,7,5.0,204,4,22,1,10,23,1,24
5,7,6.0,93,5,21,1,10,47,0,23
5,7,5.0,204,4,2,0,15,51,3,24
5,7,5.0,204,4,12,1,13,28,0,24
5,7,6.0,93,5,13,0,5,6,0,23
5,7,6.0,93,5,3,0,4,45,3,23
5,7,6.0,93,5,12,0,14,34,3,23
5,7,14.0,125,6,16,1,5,12,0,5
5,7,14.0,125,6,12,0,8,33,1,5
5,7,14.0,125,6,0,0,0,64,2,5
5,7,16.0,40,0,6,0,10,23,1,2
5,7,16.0,40,0,13,0,13,38,0,2
5,7,16.0,40,0,1,0,12,121,1,2
5,7,21.0,81,6,15,0,8,27,3,21
5,7,21.0,81,6,0,0,6,89,1,21
5,7,21.0,81,6,12,0,11,90,0,21
5,7,22.0,211,3,6,0,11,18,3,26
5,7,22.0,211,3,23,0,15,46,0,26
5,11,23.0,232,5,8,2,8,41,3,17
5,11,23.0,232,5,12,0,10,22,1,17
5,11,30.0,170,5,22,3,8,41,4,19
5,9,7.0,271,6,19,0,3,115,4,11
5,9,7.0,271,6,12,1,15,85,4,11
5,9,13.0,91,5,16,1,0,15,0,25
5,9,13.0,91,5,1,0,13,99,1,25
5,9,15.0,226,3,15,1,2,2,4,1
5,9,15.0,226,3,11,0,15,39,1,1
5,9,15.0,226,3,11,0,9,102,3,1
5,9,15.0,226,3,12,3,9,57,0,1
5,9,15.0,226,3,18,0,2,2,1,1
5,7,5.0,204,4,3,0,0,96,2,24
5,7,5.0,204,4,12,1,9,10,0,24
5,7,5.0,204,4,17,0,16,130,4,24
5,7,6.0,93,5,2,0,12,121,1,23
5,7,6.0,93,5,17,1,9,101,2,23
5,7,14.0,125,6,6,1,12,121,0,5
5,7,14.0,125,6,5,1,0,0,4,5
5,7,14.0,125,6,18,0,5,6,3,5
3,1,31.0,305,3,17,3,16,72,0,20
5,7,21.0,81,6,3,3,12,80,0,21
5,9,2.0,323,0,9,0,2,86,1,22
5,7,1.0,98,3,17,3,1,105,0,7
3,0,3.0,334,2,3,0,15,108,1,27
5,9,1.0,126,3,14,0,0,77,2,7
5,11,7.0,253,2,13,0,2,40,1,11
5,11,7.0,253,2,22,2,8,33,3,11
5,11,7.0,253,2,4,0,10,47,1,11
4,9,6.0,51,6,8,0,12,84,3,23
4,0,9.0,48,4,8,0,7,57,0,12
4,0,9.0,48,4,9,0,5,6,3,12
4,3,15.0,35,4,13,2,1,16,2,1
4,0,11.0,10,6,16,0,8,41,1,9
5,6,7.0,169,3,13,1,11,117,0,11
4,0,9.0,48,4,9,0,0,77,3,12
4,6,8.0,59,1,21,1,3,44,0,8
4,0,11.0,10,6,21,1,1,67,0,9
5,9,15.0,226,3,23,1,3,30,4,1
4,6,19.0,291,6,11,1,11,133,1,10
4,0,10.0,129,5,11,0,13,48,4,4
4,0,11.0,10,6,22,2,6,132,0,9
4,2,27.0,136,6,20,0,10,43,1,15
4,2,27.0,136,6,16,1,9,95,0,15
4,2,27.0,136,6,4,0,13,99,4,15
4,2,28.0,257,3,5,0,12,104,1,18
4,2,28.0,257,3,23,0,7,20,1,18
4,2,28.0,257,3,19,0,4,136,4,18
4,2,28.0,257,3,12,0,13,21,1,18
4,2,29.0,140,0,1,0,8,33,3,16
4,2,29.0,140,0,10,1,1,105,0,16
4,2,29.0,140,0,19,3,9,102,3,16
4,0,9.0,48,4,17,2,11,18,0,12
4,0,9.0,48,4,16,2,8,19,3,12
4,0,11.0,10,6,0,1,1,11,0,9
4,0,11.0,10,6,12,2,7,120,0,9
4,0,18.0,0,6,18,1,0,12,0,0
4,0,19.0,13,3,20,0,3,79,1,10
4,0,19.0,13,3,12,2,15,114,3,10
4,0,26.0,14,3,0,1,0,12,0,3
4,0,26.0,14,3,18,2,10,47,2,3
4,0,27.0,23,0,7,2,7,78,0,15
4,0,12.0,113,3,18,0,13,38,1,28
4,4,9.0,18,6,7,1,10,52,0,12
4,2,17.0,6,2,18,0,1,81,4,6
4,0,27.0,23,0,22,2,10,47,0,15
4,0,27.0,23,0,2,0,14,24,2,15
4,0,27.0,23,0,2,0,8,9,2,15
4,0,27.0,23,0,17,0,10,22,1,15
4,0,9.0,48,4,20,0,1,105,4,12
4,0,9.0,48,4,21,1,7,129,0,12
4,0,9.0,48,4,2,0,6,91,2,12
4,0,9.0,48,4,22,1,10,22,2,12
4,0,9.0,48,4,8,0,1,1,3,12
4,0,9.0,48,4,4,0,14,24,2,12
4,0,11.0,10,6,5,0,10,47,3,9
4,0,11.0,10,6,1,0,0,96,3,9
4,0,11.0,10,6,9,2,2,86,3,9
4,0,18.0,0,6,5,0,1,59,1,0
4,0,18.0,0,6,22,0,10,23,1,0
4,0,18.0,0,6,13,0,2,123,0,0
4,8,1.0,66,2,23,0,4,127,4,7
4,0,18.0,0,6,4,0,13,48,4,0
4,0,10.0,129,5,4,0,15,51,1,4
4,7,15.0,205,0,16,1,6,7,4,1
4,6,1.0,158,1,12,1,6,7,0,7
4,6,1.0,158,1,23,0,10,22,0,7
4,6,24.0,31,4,9,1,7,57,2,14
4,10,3.0,310,6,13,0,11,133,2,27
4,2,17.0,6,2,0,1,11,124,1,6
4,1,1.0,203,3,17,0,6,14,4,7
4,6,24.0,31,4,14,0,1,59,1,14
4,2,17.0,6,2,13,0,8,118,4,6
4,2,17.0,6,2,17,2,0,26,0,6
4,2,17.0,6,2,8,0,13,38,2,6
4,0,4.0,229,6,12,1,11,122,0,30
4,0,10.0,129,5,2,0,12,121,3,4
4,0,10.0,129,5,5,0,8,9,0,4
4,0,12.0,113,3,6,2,2,86,1,28
4,0,12.0,113,3,7,0,9,54,4,28
4,0,12.0,113,3,8,0,13,38,3,28
4,0,12.0,113,3,5,1,14,25,1,28
4,2,20.0,264,6,22,0,10,47,3,29
4,8,7.0,70,1,18,0,16,108,2,11
4,1,31.0,305,1,18,3,11,133,2,20
5,1,28.0,300,5,11,1,8,9,0,18
5,4,5.0,235,0,17,0,4,4,2,24
5,0,4.0,229,5,12,3,14,25,0,30
4,8,30.0,103,4,3,1,8,33,0,19
4,2,7.0,153,3,12,1,0,12,1,11
4,11,29.0,270,5,1,3,10,47,1,16
5,5,19.0,146,1,8,0,1,11,4,10
4,3,19.0,138,0,14,0,13,29,2,10
4,10,1.0,208,4,18,1,6,89,4,7
5,9,15.0,226,3,14,0,6,14,1,1
4,10,24.0,261,6,14,3,11,133,3,14
5,9,16.0,107,0,21,1,10,47,1,2
4,10,27.0,302,1,18,1,6,7,0,15
5,9,13.0,91,5,1,1,15,46,4,25
4,8,12.0,284,3,4,3,6,7,3,28
5,9,16.0,107,0,4,1,11,58,4,2
4,4,1.0,144,5,19,1,9,83,4,7
5,9,16.0,107,0,2,0,9,101,2,2
4,2,1.0,16,0,17,3,0,68,4,7
5,9,21.0,362,6,17,0,2,40,2,21
5,9,21.0,362,6,5,1,5,12,0,21
5,9,21.0,362,6,11,0,3,30,2,21
5,9,21.0,362,6,15,0,5,6,0,21
5,9,21.0,362,6,4,0,8,33,1,21
5,9,21.0,362,6,20,0,0,64,2,21
5,9,21.0,362,6,16,0,10,23,3,21
5,11,7.0,253,2,6,0,2,40,4,11
5,11,7.0,253,2,6,1,9,57,0,11
5,11,7.0,253,2,15,2,0,15,2,11
5,11,7.0,253,2,8,2,4,45,3,11
5,11,7.0,253,2,19,0,7,57,3,11
5,11,7.0,253,2,4,0,6,7,0,11
5,11,7.0,253,2,7,0,11,18,1,11
5,11,13.0,312,1,6,0,2,2,1,25
5,11,15.0,331,4,16,1,14,110,0,1
5,11,13.0,312,1,3,0,11,15,2,25
5,11,20.0,340,1,8,0,16,42,0,29
5,11,20.0,340,1,4,0,13,13,3,29
5,11,23.0,232,5,19,1,13,48,1,17
5,11,30.0,170,5,7,1,1,67,0,19
5,11,30.0,170,5,7,1,1,67,0,19
5,11,30.0,170,5,7,1,1,67,0,19
5,11,30.0,170,5,6,1,1,59,4,19
5,11,30.0,170,5,11,1,0,77,1,19
5,9,7.0,271,6,6,0,12,100,1,11
5,9,7.0,271,6,0,1,3,30,4,11
5,9,7.0,271,6,1,0,5,12,1,11
5,9,13.0,91,5,5,0,14,25,0,25
5,9,13.0,91,5,22,0,9,101,2,25
5,9,13.0,91,5,3,1,12,80,4,25
5,9,15.0,226,3,23,0,10,43,1,1
5,9,15.0,226,3,8,0,15,114,3,1
5,9,15.0,226,3,1,0,6,128,0,1
5,9,15.0,226,3,18,0,4,136,4,1
5,9,15.0,226,3,5,1,3,79,1,1
4,2,1.0,16,0,3,1,13,69,4,7
5,9,16.0,107,0,23,0,7,20,0,2
5,11,30.0,170,5,1,0,11,15,2,19
5,9,16.0,107,0,13,1,2,40,4,2
5,9,16.0,107,0,3,0,10,12,3,2
5,9,16.0,107,0,15,1,11,98,4,2
5,9,16.0,107,0,12,0,14,34,2,2
5,9,16.0,107,0,19,0,10,23,1,2
5,9,15.0,226,3,4,0,0,64,2,1
5,9,16.0,107,0,18,0,14,34,0,2
5,9,21.0,362,6,6,2,8,33,3,21
5,9,21.0,362,6,10,0,13,69,4,21
5,9,21.0,362,6,15,0,0,26,0,21
5,9,21.0,362,6,19,0,1,1,1,21
5,9,21.0,362,6,2,0,13,28,0,21
5,9,21.0,362,6,21,1,7,31,0,21
5,9,16.0,107,0,13,2,6,116,3,2
5,9,16.0,107,0,2,2,13,28,0,2
5,9,15.0,226,3,15,0,16,130,3,1
5,9,21.0,362,6,23,0,11,90,3,21
5,9,21.0,362,6,11,0,2,3,0,21
5,9,21.0,362,6,3,0,9,10,2,21
5,9,21.0,362,6,0,0,2,40,2,21
5,9,21.0,362,6,13,2,5,12,0,21
5,9,21.0,362,6,8,0,6,7,2,21
5,9,21.0,362,6,19,0,5,12,2,21
5,7,5.0,204,4,0,1,16,74,1,24
5,7,5.0,204,4,17,1,10,43,4,24
4,7,24.0,68,2,18,1,3,30,0,14
4,6,24.0,31,4,18,1,0,77,4,14
4,6,24.0,31,4,9,1,0,0,0,14
4,6,24.0,31,4,1,0,9,95,1,14
4,6,24.0,31,4,22,1,5,64,1,14
4,10,3.0,310,6,4,1,10,22,1,27
4,1,9.0,50,0,13,1,9,95,4,12
4,1,16.0,2,0,5,1,7,54,4,2
4,1,25.0,65,2,17,0,12,80,2,13
4,8,27.0,78,0,4,1,1,59,4,15
4,8,27.0,78,0,16,1,14,24,1,15
4,2,17.0,6,2,13,1,13,29,4,6
4,6,1.0,158,1,8,0,15,31,1,7
4,0,12.0,113,3,8,2,4,45,3,28
4,8,24.0,85,5,9,1,15,46,4,14
4,8,24.0,85,5,22,1,14,110,4,14
4,8,16.0,73,4,20,0,9,49,2,2
4,4,24.0,27,3,3,1,0,26,1,14
5,6,1.0,158,0,17,0,1,35,4,7
4,2,13.0,276,6,13,3,15,108,1,25
4,0,16.0,11,4,2,0,2,40,1,2
4,0,17.0,12,5,15,0,9,9,2,6
4,0,17.0,12,5,6,0,10,23,1,6
4,0,23.0,237,4,19,0,9,101,1,17
4,6,4.0,159,5,11,3,9,93,4,30
4,10,6.0,242,1,18,0,6,73,2,23
4,5,20.0,214,4,12,0,16,37,1,29
5,1,29.0,112,6,1,0,13,38,2,16
5,1,10.0,17,0,19,0,10,12,3,4
5,1,28.0,300,5,13,1,11,15,1,18
4,8,7.0,70,1,21,1,3,30,1,11
5,4,20.0,115,1,12,0,5,12,2,29
4,4,29.0,313,5,17,0,2,86,4,16
4,8,30.0,103,4,17,1,10,43,2,19
4,9,3.0,217,2,21,0,16,72,1,27
4,9,14.0,106,3,17,0,12,17,1,5
4,5,23.0,168,3,15,1,9,93,1,17
4,5,23.0,168,3,8,1,14,110,0,17
4,6,7.0,169,0,12,0,9,49,3,11
4,3,22.0,166,4,11,0,16,50,1,26
4,8,30.0,103,4,11,0,13,99,2,19
4,8,30.0,103,4,5,0,1,105,0,19
4,8,30.0,103,4,15,0,1,67,2,19
4,2,8.0,258,0,17,0,13,38,2,8
4,0,25.0,281,6,1,1,0,12,1,13
4,7,24.0,68,2,18,1,13,48,0,14
4,7,24.0,68,2,22,0,9,87,3,14
4,3,7.0,289,2,17,1,9,101,1,11
4,3,1.0,180,4,14,0,14,131,1,7
4,5,26.0,37,2,8,0,0,12,1,3
4,6,8.0,59,1,12,3,0,26,3,8
4,10,9.0,150,5,5,1,10,22,1,12
4,10,27.0,302,1,9,1,9,58,4,15
4,10,24.0,261,6,1,3,0,12,3,14
4,8,18.0,75,6,22,1,11,15,4,0
4,4,1.0,144,5,4,1,3,30,4,7
4,3,1.0,180,4,13,0,1,11,4,7
4,2,26.0,3,5,10,0,8,9,1,3
4,4,27.0,274,2,9,0,2,35,1,15
4,2,3.0,282,2,1,1,11,98,0,27
4,2,1.0,16,0,5,1,5,6,1,7
4,2,19.0,137,5,5,0,14,24,2,10
4,0,12.0,113,3,19,0,13,99,3,28
4,0,12.0,113,3,5,0,13,99,0,28
4,2,17.0,6,2,2,1,4,5,0,6
4,1,1.0,203,3,13,0,3,115,4,7
4,5,7.0,349,5,20,1,7,57,0,11
4,11,14.0,147,4,14,1,9,57,0,5
4,11,14.0,147,4,3,1,11,18,1,5
4,9,9.0,320,1,9,2,1,11,3,12
4,0,11.0,10,6,14,0,13,48,0,9
4,2,26.0,3,5,1,1,16,72,0,3
4,0,3.0,334,5,22,1,12,17,4,27
4,4,26.0,80,1,17,0,7,111,1,3
4,4,24.0,27,3,17,0,16,50,1,14
4,4,15.0,132,5,17,0,12,121,4,1
4,2,23.0,230,1,17,0,2,86,1,17
4,0,17.0,12,5,19,1,7,137,0,6
4,0,17.0,12,5,20,1,7,62,1,6
4,0,16.0,11,4,20,1,16,39,0,2
4,0,17.0,12,5,17,1,11,94,4,6
4,0,17.0,12,5,2,0,13,29,0,6
4,0,23.0,237,4,0,0,5,0,1,17
4,0,24.0,55,5,12,0,1,1,4,14
4,0,24.0,55,5,11,1,8,41,4,14
4,8,16.0,73,4,5,3,5,6,0,2
4,8,16.0,73,4,20,0,1,105,2,2
5,4,14.0,345,2,14,3,13,38,4,5
5,4,14.0,345,2,0,2,15,39,3,5
5,4,14.0,345,2,1,0,11,15,1,5
5,2,28.0,257,6,5,1,12,83,4,18
5,0,20.0,172,3,3,0,0,26,1,29
5,10,1.0,208,2,19,0,2,40,4,7
5,0,12.0,113,6,9,0,0,26,1,28
4,11,12.0,118,1,17,1,0,12,1,28
4,11,30.0,170,6,2,0,2,86,3,19
5,1,1.0,203,6,13,0,8,27,1,7
4,7,13.0,238,6,6,1,13,21,1,25
4,7,13.0,238,6,22,3,4,45,4,25
4,6,6.0,83,3,22,3,11,133,4,23
4,10,15.0,60,4,15,0,0,26,2,1
4,8,21.0,46,1,8,1,15,46,2,21
4,4,24.0,27,3,8,0,16,72,2,14
4,2,6.0,251,6,17,1,11,15,1,23
4,0,17.0,12,5,13,0,8,41,4,6
4,0,17.0,12,5,13,0,14,25,3,6
4,0,23.0,237,4,17,0,8,19,1,17
4,0,23.0,237,4,16,0,9,63,1,17
4,0,11.0,10,6,9,1,7,57,0,9
4,1,22.0,164,3,19,1,6,7,0,26
4,8,6.0,87,0,11,0,2,86,2,23
4,8,16.0,73,4,17,0,10,47,0,2
4,8,16.0,73,4,14,0,8,27,1,2
5,4,22.0,152,4,16,0,14,25,1,26
5,1,30.0,100,3,8,1,15,51,4,19
5,10,1.0,208,2,17,3,9,57,4,7
4,0,23.0,237,4,18,0,6,89,1,17
4,7,13.0,238,6,3,0,11,18,4,25
4,6,6.0,83,3,22,0,8,65,2,23
4,5,6.0,277,4,1,0,6,89,1,23
4,10,15.0,60,4,4,1,2,2,0,1
4,1,7.0,32,6,19,1,10,23,1,11
4,1,7.0,32,6,14,1,0,31,0,11
4,8,6.0,87,0,8,0,14,25,2,23
4,0,4.0,229,6,14,1,11,10,4,30
4,0,10.0,129,5,11,0,11,8,1,4
4,0,10.0,129,5,13,0,13,48,4,4
5,9,11.0,52,2,0,1,14,25,0,9
4,10,6.0,242,1,5,0,4,127,4,23
5,5,12.0,327,1,16,1,13,29,1,28
5,5,10.0,155,3,22,0,7,57,3,4
5,6,10.0,149,2,17,1,4,4,1,4
5,6,10.0,149,2,11,0,11,18,1,4
5,6,20.0,215,6,13,0,11,98,2,29
5,10,13.0,346,0,9,2,12,61,3,25
3,1,9.0,50,6,17,3,8,118,0,12
4,1,23.0,69,0,12,0,7,111,0,17
5,10,28.0,216,1,18,0,6,132,4,18
5,8,4.0,299,5,11,0,6,132,3,30
5,5,19.0,146,1,17,2,15,96,3,10
5,4,20.0,115,1,12,1,10,47,1,29
3,8,1.0,66,0,5,0,4,127,1,7
4,2,30.0,131,1,4,3,2,3,0,19
5,5,20.0,214,2,17,0,9,93,1,29
3,7,1.0,98,6,17,0,1,35,4,7
4,3,30.0,304,5,8,0,0,0,2,19
4,5,23.0,168,3,9,1,2,2,0,17
5,4,20.0,115,1,0,1,5,12,0,29
4,10,3.0,310,6,22,0,10,47,2,27
4,0,18.0,0,6,16,0,2,13,0,0
4,0,18.0,0,6,20,0,8,65,1,0
4,0,9.0,48,4,1,3,15,31,1,12
4,0,18.0,0,6,18,1,9,93,1,0
4,0,19.0,13,3,17,0,4,66,3,10
4,2,2.0,143,1,5,0,9,54,3,22
4,7,1.0,98,0,17,0,9,49,4,7
4,0,3.0,334,5,4,0,12,61,3,27
4,2,19.0,137,5,8,0,13,123,2,10
4,0,2.0,47,4,5,0,14,25,1,22
4,0,3.0,334,5,11,0,13,36,0,27
4,2,12.0,128,5,14,0,2,92,1,28
4,0,3.0,334,5,19,3,10,22,1,27
4,2,22.0,209,0,13,1,14,32,4,26
4,2,22.0,209,0,1,0,8,65,1,26
4,4,30.0,139,6,7,1,14,125,4,19
4,0,6.0,260,0,1,1,9,101,1,23
4,0,8.0,9,2,17,3,6,7,2,8
4,4,6.0,176,2,17,1,4,79,1,23
4,4,22.0,152,5,22,0,13,69,2,26
4,2,25.0,233,4,5,0,15,96,2,13
4,2,25.0,233,4,16,0,0,0,0,13
4,0,8.0,9,2,18,0,5,12,2,8
4,0,15.0,190,2,20,1,11,15,1,1
3,11,9.0,311,4,17,0,9,95,0,12
4,0,7.0,15,1,2,0,11,133,2,11
4,4,31.0,67,3,14,0,10,12,1,20
4,2,16.0,220,1,1,0,15,51,0,2
4,6,29.0,335,1,18,0,11,15,0,16
4,1,24.0,64,1,13,1,13,29,1,14
4,8,30.0,103,4,15,0,12,80,2,19
4,8,5.0,101,3,15,3,15,51,1,24
4,4,23.0,30,6,16,0,11,117,1,17
4,4,23.0,30,6,13,2,1,59,3,17
4,4,31.0,67,3,22,3,9,93,4,20
4,1,31.0,305,1,18,1,0,0,1,20
4,0,7.0,15,1,12,0,8,9,2,11
4,2,1.0,16,0,13,1,15,31,1,7
4,4,12.0,134,1,8,0,1,67,1,28
4,2,3.0,282,2,22,1,10,47,1,27
4,0,1.0,8,2,13,0,9,109,2,7
4,0,18.0,0,6,6,1,10,47,1,0
4,0,18.0,0,6,12,1,11,55,4,0
4,0,19.0,13,3,8,2,1,1,3,10
4,0,27.0,23,0,10,0,1,59,3,15
4,0,27.0,23,0,8,0,8,33,1,15
4,0,26.0,14,3,9,1,4,4,1,3
4,1,15.0,1,3,13,0,2,123,2,1
4,4,21.0,339,4,11,1,0,12,1,21
4,4,14.0,345,4,13,0,15,114,1,5
4,2,15.0,130,0,12,1,8,118,1,1
4,2,22.0,209,0,7,1,1,105,0,26
4,2,21.0,108,3,8,0,10,22,3,21
4,0,8.0,9,2,1,0,11,90,1,8
4,0,8.0,9,2,8,0,1,59,1,8
4,0,15.0,190,2,5,0,13,38,2,1
4,0,15.0,190,2,14,0,5,6,0,1
4,2,28.0,257,3,13,0,9,101,0,18
4,2,28.0,257,3,3,0,2,2,2,18
4,2,29.0,140,0,11,0,16,50,1,16
4,2,29.0,140,0,22,1,1,105,4,16
4,0,9.0,48,4,15,0,7,8,2,12
4,0,9.0,48,4,13,0,12,61,2,12
4,0,6.0,260,0,21,3,12,84,3,23
4,8,18.0,75,6,1,0,0,26,2,0
4,2,26.0,3,5,1,0,11,6,2,3
4,2,26.0,3,5,1,0,13,36,3,3
4,2,26.0,3,5,20,1,3,30,0,3
4,2,3.0,282,2,14,0,4,66,1,27
4,0,3.0,334,5,14,1,10,22,0,27
2,4,1.0,141,1,17,0,1,11,1,7
4,0,11.0,10,6,7,2,6,7,0,9
4,0,11.0,10,6,23,0,10,47,2,9
4,6,1.0,158,1,17,0,8,41,1,7
4,1,9.0,50,0,8,0,0,68,0,12
4,1,16.0,2,0,12,3,11,133,2,2
4,6,1.0,158,1,17,0,7,31,1,7
4,2,17.0,6,2,1,0,11,133,1,6
4,2,17.0,6,2,13,3,13,38,3,6
4,0,10.0,129,5,4,0,15,114,1,4
4,0,10.0,129,5,12,0,11,15,3,4
4,2,4.0,254,4,13,0,13,21,1,30
4,2,4.0,254,4,0,1,8,33,0,30
4,2,4.0,254,4,19,1,6,91,4,30
4,2,17.0,6,2,13,1,7,111,0,6
4,2,17.0,6,2,7,0,9,57,0,6
4,2,20.0,264,6,0,0,10,23,0,29
4,0,1.0,8,2,21,1,1,105,0,7
4,0,2.0,47,4,7,1,13,29,0,22
4,2,26.0,3,5,8,0,12,83,2,3
4,2,26.0,3,5,9,0,4,121,4,3
4,0,2.0,47,4,18,0,7,111,1,22
4,0,3.0,334,5,0,1,14,125,4,27
4,9,25.0,344,4,18,1,13,28,0,13
4,3,9.0,44,5,15,0,2,2,2,12
4,3,15.0,35,4,6,0,15,96,3,1
4,3,1.0,180,4,17,0,14,25,1,7
4,6,8.0,59,1,14,0,5,6,0,8
4,6,27.0,116,3,13,1,14,126,4,15
4,10,10.0,245,6,19,1,5,12,1,4
5,0,1.0,8,1,2,0,6,7,2,7
4,10,24.0,261,6,17,0,9,87,1,14
4,1,17.0,63,1,12,0,8,27,1,6
4,1,17.0,63,1,12,0,6,89,3,6
4,4,1.0,144,5,0,1,10,22,1,7
4,4,1.0,144,5,21,1,14,24,0,7
4,8,20.0,319,0,13,1,14,24,1,29
4,2,26.0,3,5,12,1,4,4,4,3
3,0,19.0,13,5,17,3,9,93,4,10
4,2,25.0,233,4,4,1,11,55,0,13
4,11,5.0,240,1,12,0,10,43,1,24
4,11,28.0,123,4,10,1,5,6,0,18
4,9,5.0,89,5,0,1,15,31,0,24
4,9,19.0,234,5,13,0,11,18,2,10
4,7,5.0,204,5,17,0,10,12,3,24
4,7,22.0,211,0,16,0,10,43,1,26
4,3,23.0,57,5,9,1,11,117,0,17
4,3,23.0,57,5,13,0,0,68,3,17
4,5,4.0,114,1,14,0,12,84,2,30
4,5,29.0,24,6,3,0,16,74,2,16
3,10,1.0,208,1,5,0,2,123,4,7
4,3,20.0,105,1,4,0,6,14,4,29
4,6,14.0,173,0,8,0,9,10,3,5
4,5,31.0,196,0,1,1,10,22,1,20
3,5,1.0,109,4,17,0,3,44,4,7
4,8,23.0,102,4,2,1,8,9,4,17
4,8,29.0,301,2,14,3,10,47,0,16
4,4,13.0,221,2,17,0,4,4,4,25
4,4,30.0,139,6,20,0,10,47,0,19
4,2,24.0,22,2,15,0,2,92,1,14
4,2,2.0,143,1,9,0,6,14,2,22
4,2,2.0,143,1,20,0,9,95,2,22
4,2,9.0,21,1,6,0,4,138,4,12
4,2,9.0,21,1,6,0,14,34,3,12
4,2,9.0,21,1,9,0,0,85,0,12
4,2,10.0,28,2,21,1,9,57,1,4
4,2,10.0,28,2,22,0,0,77,0,4
4,2,9.0,21,1,2,1,0,68,4,12
4,2,11.0,297,4,7,1,10,22,0,9
4,2,11.0,297,4,7,1,0,68,0,9
4,2,10.0,28,2,8,3,5,64,3,4
4,2,11.0,297,4,6,0,16,72,2,9
4,2,10.0,28,2,4,1,13,28,0,4
2,11,1.0,222,0,14,0,9,95,1,7
4,2,10.0,28,2,13,1,1,67,0,4
4,2,18.0,7,4,6,0,0,68,3,0
4,2,18.0,7,4,20,0,8,27,2,0
4,2,18.0,7,4,13,0,0,96,2,0
4,2,18.0,7,4,4,0,12,104,3,0
4,2,18.0,7,4,3,1,16,50,1,0
4,2,18.0,7,4,1,2,5,6,3,0
4,2,18.0,7,4,11,1,11,18,1,0
4,2,20.0,264,6,5,0,14,110,2,29
4,0,4.0,229,6,0,1,15,46,0,30
4,0,4.0,229,6,2,0,2,2,2,30
4,0,10.0,129,5,7,0,6,128,2,4
4,0,10.0,129,5,0,2,7,20,3,4
4,2,27.0,136,6,16,1,4,127,0,15
5,6,24.0,31,2,21,1,10,43,0,14
5,6,24.0,31,2,3,1,11,124,0,14
5,6,24.0,31,2,12,0,3,44,0,14
5,10,5.0,336,3,19,0,10,22,3,24
5,10,5.0,336,3,4,0,12,56,3,24
5,10,5.0,336,3,1,0,10,47,3,24
5,10,5.0,336,3,1,0,13,99,1,24
5,6,17.0,244,2,3,3,5,64,3,6
5,10,14.0,174,1,11,0,10,22,0,5
5,7,7.0,293,6,5,0,12,135,3,11
5,10,14.0,174,1,8,0,4,4,3,5
5,10,24.0,261,5,9,0,13,99,4,14
5,11,24.0,194,6,21,0,8,41,2,14
5,10,30.0,157,4,12,0,8,27,0,19
5,10,30.0,157,4,22,0,13,21,3,19
5,11,31.0,227,6,15,0,8,41,3,20
5,10,30.0,157,4,2,1,8,65,4,19
5,7,24.0,68,1,17,1,15,31,4,14
5,11,31.0,227,6,4,0,16,72,2,20
5,8,1.0,66,1,0,2,2,13,0,7
5,7,24.0,68,1,7,0,6,89,3,14
5,11,31.0,227,6,5,1,13,99,1,20
5,8,1.0,66,1,22,0,2,2,1,7
5,7,24.0,68,1,7,0,4,75,1,14
5,9,6.0,51,5,17,0,0,77,1,23
5,8,1.0,66,1,4,0,5,0,3,7
5,7,24.0,68,1,5,2,2,86,0,14
5,7,24.0,68,1,5,0,0,64,3,14
5,7,24.0,68,1,1,2,2,69,0,14
5,3,13.0,210,0,5,0,4,45,2,25
5,3,15.0,35,2,18,0,13,48,1,1
5,7,24.0,68,1,16,0,14,32,1,14
5,7,24.0,68,1,13,0,16,72,1,14
5,7,24.0,68,1,18,0,8,9,3,14
5,7,24.0,68,1,18,0,11,15,1,14
5,11,12.0,118,0,0,0,6,7,1,28
4,6,17.0,244,4,12,3,16,50,0,6
4,6,17.0,244,4,20,3,5,6,3,6
5,3,13.0,210,0,22,0,8,33,1,25
4,10,10.0,245,6,19,0,8,19,2,4
4,10,10.0,245,6,18,0,8,27,2,4
4,10,10.0,245,6,18,0,12,121,1,4
4,10,17.0,256,6,6,2,16,130,3,6
4,10,17.0,256,6,13,0,7,31,1,6
4,10,17.0,256,6,2,0,13,48,0,6
4,10,19.0,117,0,21,1,0,53,0,10
4,10,19.0,117,0,11,0,5,64,0,10
4,10,24.0,261,6,6,0,8,41,0,14
4,10,8.0,213,4,0,0,6,7,4,8
4,10,8.0,213,4,0,1,4,75,0,8
4,6,27.0,116,3,19,0,15,46,3,15
4,10,8.0,213,4,10,1,11,15,1,8
4,10,8.0,213,4,4,0,9,93,1,8
4,10,8.0,213,4,21,1,0,77,4,8
4,10,8.0,213,4,4,0,8,118,3,8
4,10,9.0,150,5,6,2,5,12,3,12
4,10,9.0,150,5,16,0,7,20,3,12
4,10,9.0,150,5,0,0,4,45,3,12
5,5,5.0,96,1,12,0,5,6,3,24
5,6,14.0,173,3,13,0,0,77,3,5
3,4,16.0,25,4,8,0,5,6,2,2
5,1,2.0,171,3,3,1,0,0,4,22
5,3,1.0,180,2,13,2,4,136,3,7
5,4,20.0,115,1,4,3,5,64,3,29
5,4,29.0,313,4,17,3,16,39,3,16
5,0,4.0,229,5,20,3,11,15,4,30
5,0,22.0,241,1,12,1,3,30,0,26
4,3,12.0,104,0,11,1,10,47,1,28
4,3,30.0,304,5,2,0,4,82,2,19
3,0,1.0,8,0,13,0,11,133,1,7
3,2,1.0,16,6,17,1,14,32,4,7
5,1,3.0,188,0,9,0,5,64,1,27
5,6,18.0,308,4,13,0,14,24,1,0
5,1,18.0,82,1,4,0,10,52,3,0
4,9,5.0,89,5,14,0,0,77,2,24
5,0,30.0,228,2,9,0,1,81,1,19
4,9,28.0,315,3,9,1,5,64,0,18
4,7,22.0,211,0,3,1,7,111,2,26
4,3,13.0,210,1,16,0,10,47,1,25
4,3,20.0,105,1,12,1,4,127,1,29
5,3,13.0,210,0,9,0,8,27,1,25
5,3,15.0,35,2,3,0,8,27,3,1
5,3,15.0,35,2,19,0,2,86,4,1
5,3,23.0,57,4,3,0,10,47,0,17
5,5,6.0,277,2,17,0,7,62,1,23
5,5,6.0,277,2,17,0,2,71,4,23
5,5,6.0,277,2,4,0,16,130,4,23
5,5,6.0,277,2,18,2,9,9,3,23
5,5,6.0,277,2,19,0,6,132,4,23
2,11,1.0,222,0,17,0,6,132,4,7
5,5,14.0,36,4,5,0,14,24,2,5
5,5,22.0,163,5,14,0,13,28,0,26
5,5,22.0,163,5,18,0,5,12,2,26
5,5,22.0,163,5,6,0,2,92,2,26
5,5,25.0,350,0,2,0,7,78,3,13
5,5,25.0,350,0,15,0,6,7,0,13
5,7,7.0,293,6,1,0,15,96,3,11
5,3,13.0,210,0,21,0,11,58,2,25
5,3,13.0,210,0,11,1,6,128,0,25
5,3,13.0,210,0,15,0,3,30,3,25
5,3,15.0,35,2,12,2,3,30,0,1
5,3,15.0,35,2,13,0,15,114,1,1
5,10,9.0,150,4,18,0,16,130,3,12
4,10,8.0,213,4,8,3,11,15,0,8
4,10,9.0,150,5,3,0,10,47,3,12
4,10,9.0,150,5,2,2,4,82,3,12
4,11,1.0,222,5,17,3,6,7,2,7
4,10,9.0,150,5,4,2,1,59,3,12
4,10,10.0,245,6,16,0,11,15,3,4
5,9,6.0,51,5,16,1,10,43,0,23
5,8,1.0,66,1,18,2,1,59,3,7
5,9,6.0,51,5,11,0,8,27,4,23
3,1,15.0,1,5,19,0,13,99,1,1
4,1,19.0,29,4,9,2,1,59,1,10
5,9,6.0,51,5,4,0,0,53,0,23
4,1,19.0,29,4,1,0,13,99,2,10
4,3,26.0,343,0,12,0,5,12,3,3
4,1,19.0,29,4,18,2,5,6,3,10
4,5,24.0,58,0,17,0,2,3,1,14
5,9,6.0,51,5,1,0,8,9,1,23
5,8,1.0,66,1,1,2,12,100,3,7
5,10,14.0,174,1,2,0,0,31,2,5
5,10,14.0,174,1,12,0,15,96,0,5
5,10,24.0,261,5,16,0,1,67,4,14
5,10,24.0,261,5,13,0,2,86,3,14
5,10,24.0,261,5,8,0,12,84,2,14
5,10,24.0,261,5,9,0,5,12,3,14
5,10,30.0,157,4,16,0,10,47,3,19
5,10,30.0,157,4,20,1,1,81,4,19
5,10,30.0,157,4,1,0,0,0,1,19
5,8,1.0,66,1,11,0,7,137,1,7
5,8,1.0,66,1,13,0,13,36,4,7
4,10,27.0,302,1,23,1,2,13,4,15
4,10,27.0,302,1,8,0,3,44,3,15
4,10,27.0,302,1,9,0,1,11,1,15
4,1,17.0,63,1,8,0,1,35,3,6
4,1,17.0,63,1,4,0,0,77,1,6
4,1,20.0,151,5,18,2,11,133,3,29
4,1,26.0,248,4,21,1,5,12,1,3
4,1,26.0,248,4,8,0,13,123,2,3
4,1,26.0,248,4,8,0,13,48,4,3
4,1,26.0,248,4,12,0,10,47,3,3
4,1,26.0,248,4,1,0,8,9,0,3
4,8,3.0,363,5,16,2,13,36,3,27
4,10,9.0,150,5,19,1,0,64,0,12
4,8,3.0,363,5,17,1,1,105,0,27
4,8,3.0,363,5,2,0,9,93,3,27
5,8,26.0,278,6,16,0,3,44,1,3
4,8,3.0,363,5,4,1,10,47,1,27
4,8,8.0,76,2,16,0,13,69,4,8
4,8,8.0,76,2,15,0,2,86,2,8
4,8,8.0,76,2,2,0,5,6,3,8
4,8,8.0,76,2,18,0,11,18,1,8
4,8,8.0,76,2,23,1,5,6,0,8
4,8,8.0,76,2,18,1,2,40,4,8
4,10,8.0,213,4,16,0,0,26,3,8
4,10,8.0,213,4,21,1,10,22,0,8
4,10,8.0,213,4,13,0,13,21,1,8
4,10,8.0,213,4,20,0,9,95,2,8
4,10,8.0,213,4,18,0,11,15,1,8
4,10,9.0,150,5,0,1,3,115,0,12
4,10,9.0,150,5,0,1,9,54,2,12
4,10,9.0,150,5,21,1,14,25,0,12
4,10,9.0,150,5,3,0,2,86,3,12
4,6,27.0,116,3,2,1,0,31,0,15
4,10,9.0,150,5,3,1,16,72,1,12
4,10,9.0,150,5,20,1,0,31,0,12
4,11,9.0,311,6,17,1,2,40,4,12
5,6,16.0,38,1,19,1,7,20,0,2
4,10,10.0,245,6,0,0,10,47,3,4
4,10,10.0,245,6,16,2,7,62,3,4
4,10,10.0,245,6,0,1,0,64,2,4
4,10,9.0,150,5,8,1,2,86,1,12
5,8,1.0,66,1,4,0,2,35,2,7
5,8,7.0,70,0,23,0,0,77,0,11
5,8,7.0,70,0,1,0,10,47,3,11
5,8,8.0,76,1,16,0,0,64,3,8
5,8,7.0,70,0,18,1,12,56,4,11
5,8,8.0,76,1,21,1,11,15,0,8
5,8,8.0,76,1,9,2,9,93,3,8
5,8,9.0,124,2,16,0,0,12,0,12
5,8,8.0,76,1,6,0,0,68,0,8
4,10,1.0,208,4,7,0,7,111,1,7
5,8,7.0,70,0,22,1,10,47,1,11
5,8,9.0,124,2,2,0,2,13,0,12
4,6,18.0,308,5,19,0,11,18,3,0
5,1,31.0,305,0,14,0,9,57,0,20
4,10,9.0,150,5,0,1,9,10,2,12
5,3,14.0,33,1,12,0,1,59,4,5
5,11,5.0,240,0,6,1,5,64,1,24
5,11,29.0,270,4,4,1,10,22,1,16
4,10,9.0,150,5,12,0,10,47,3,12
5,5,5.0,96,1,15,0,13,38,2,24
4,5,24.0,58,0,4,0,7,20,4,14
4,6,18.0,308,5,9,0,2,86,4,0
5,9,24.0,272,1,22,0,2,86,1,14
4,10,10.0,245,6,5,0,1,59,0,4
5,9,24.0,272,1,4,1,9,10,4,14
4,10,1.0,208,4,4,0,0,15,3,7
4,5,24.0,58,0,19,0,12,84,2,14
4,6,19.0,291,6,21,1,0,85,0,10
5,9,24.0,272,1,4,0,3,103,2,14
4,10,9.0,150,5,14,0,10,22,3,12
4,10,9.0,150,5,2,2,2,2,3,12
4,10,10.0,245,6,16,0,2,86,1,4
4,10,10.0,245,6,21,1,7,8,2,4
4,10,10.0,245,6,23,1,12,61,4,4
4,10,10.0,245,6,18,0,5,6,0,4
4,10,9.0,150,5,4,0,4,66,2,12
4,10,17.0,256,6,6,1,0,53,0,6
4,10,17.0,256,6,13,0,9,95,4,6
4,10,17.0,256,6,13,0,6,132,1,6
4,10,19.0,117,0,6,0,14,34,4,10
4,10,19.0,117,0,16,2,12,83,3,10
4,10,19.0,117,0,13,0,5,6,0,10
4,10,19.0,117,0,8,0,4,82,3,10
4,10,19.0,117,0,12,0,8,9,2,10
4,10,19.0,117,0,15,1,3,44,4,10
5,6,22.0,185,0,11,1,1,16,1,26
5,10,14.0,174,1,6,0,10,12,3,5
5,10,14.0,174,1,17,2,5,6,0,5
5,10,14.0,174,1,17,0,7,120,2,5
5,10,14.0,174,1,0,0,13,21,3,5
5,10,14.0,174,1,15,0,13,28,4,5
5,11,5.0,240,0,16,0,13,13,0,24
5,10,5.0,336,3,4,0,10,47,2,24
5,11,5.0,240,0,20,0,10,22,1,24
5,11,5.0,240,0,1,0,7,20,0,24
3,0,29.0,191,0,13,1,15,51,4,16
5,11,12.0,118,0,14,0,16,74,1,28
5,9,6.0,51,5,2,0,12,104,4,23
5,9,12.0,177,4,8,0,5,6,2,28
5,9,22.0,92,3,18,0,8,27,3,26
5,7,24.0,68,1,17,1,3,115,0,14
5,7,24.0,68,1,1,2,10,22,3,14
5,7,24.0,68,1,1,1,9,83,4,14
5,7,24.0,68,1,1,1,9,58,4,14
5,3,13.0,210,0,3,0,10,47,3,25
5,5,14.0,36,4,7,1,8,19,0,5
4,10,24.0,261,6,15,0,8,19,4,14
4,10,24.0,261,6,2,0,12,17,2,14
4,10,24.0,261,6,14,0,3,79,4,14
4,10,24.0,261,6,8,0,9,9,0,14
4,10,27.0,302,1,13,0,9,57,1,15
4,3,1.0,180,4,17,3,15,96,0,7
4,10,17.0,256,6,15,0,4,66,2,6
4,10,17.0,256,6,9,0,0,0,1,6
4,10,17.0,256,6,1,0,9,102,4,6
4,10,19.0,117,0,21,1,13,29,4,10
4,10,19.0,117,0,21,1,15,114,0,10
4,10,19.0,117,0,11,1,0,64,4,10
4,10,19.0,117,0,17,1,5,12,0,10
4,10,19.0,117,0,12,0,5,6,3,10
4,10,19.0,117,0,14,0,6,7,0,10
4,10,24.0,261,6,7,1,15,96,0,14
4,10,24.0,261,6,2,0,15,114,2,14
4,10,24.0,261,6,8,0,10,43,3,14
4,10,24.0,261,6,9,0,13,48,0,14
4,10,27.0,302,1,17,0,9,54,4,15
5,5,14.0,36,4,19,0,8,41,3,5
5,5,22.0,163,5,10,1,16,50,0,26
5,5,22.0,163,5,13,0,2,69,2,26
5,5,25.0,350,0,0,1,0,53,0,13
5,5,25.0,350,0,3,0,14,97,0,13
5,5,25.0,350,0,19,0,4,75,1,13
5,6,17.0,244,2,16,0,0,64,0,6
5,6,17.0,244,2,2,0,16,39,4,6
4,10,27.0,302,1,13,0,14,25,0,15
4,10,27.0,302,1,14,0,2,86,0,15
4,1,17.0,63,1,17,0,16,113,1,6
4,1,17.0,63,1,16,1,1,35,0,6
4,1,20.0,151,5,21,1,10,22,0,29
4,1,20.0,151,5,6,1,4,127,0,29
4,1,20.0,151,5,14,0,12,135,3,29
4,1,26.0,248,4,7,1,7,54,0,3
4,1,26.0,248,4,23,1,6,89,1,3
4,8,3.0,363,5,17,0,10,22,1,27
4,8,3.0,363,5,23,0,16,42,1,27
4,8,3.0,363,5,20,0,11,117,0,27
4,8,3.0,363,5,15,0,13,48,2,27
4,8,3.0,363,5,11,0,2,69,2,27
4,8,8.0,76,2,7,0,10,22,1,8
4,8,8.0,76,2,12,0,0,26,2,8
4,8,9.0,124,4,21,1,5,64,0,12
4,1,20.0,151,5,13,0,10,23,0,29
4,8,9.0,124,4,10,1,4,121,0,12
4,8,9.0,124,4,5,0,11,18,1,12
4,8,8.0,76,2,16,0,0,12,0,8
4,9,5.0,89,5,18,2,8,118,3,24
5,7,7.0,293,6,7,1,12,56,0,11
4,10,10.0,245,6,12,1,12,100,1,4
4,10,1.0,208,4,14,0,10,12,3,7
5,7,7.0,293,6,2,0,2,92,3,11
4,9,5.0,89,5,8,1,0,85,4,24
5,10,14.0,174,1,0,0,0,12,3,5
5,7,7.0,293,6,4,0,10,22,2,11
5,5,16.0,239,6,3,1,9,101,1,2
4,10,9.0,150,5,13,1,12,104,4,12
4,9,22.0,92,0,9,1,3,115,0,26
4,6,19.0,291,6,13,0,3,115,3,10
4,3,25.0,347,3,20,3,10,22,0,13
5,5,16.0,239,6,19,1,11,18,1,2
5,10,14.0,174,1,21,2,16,113,4,5
4,10,10.0,245,6,3,0,0,77,2,4
5,7,24.0,68,1,17,0,10,30,3,14
5,11,5.0,240,0,8,0,6,14,2,24
4,6,19.0,291,6,12,2,9,102,3,10
4,10,8.0,213,4,17,0,6,89,4,8
4,6,8.0,59,1,2,3,10,12,3,8
5,3,13.0,210,0,13,0,3,103,3,25
5,3,13.0,210,0,22,0,5,12,0,25
5,3,13.0,210,0,4,0,4,79,3,25
5,3,13.0,210,0,18,1,1,35,4,25
4,6,26.0,348,6,13,0,2,86,2,3
5,3,13.0,210,0,8,1,14,88,4,25
5,3,15.0,35,2,0,0,8,19,0,1
5,3,23.0,57,4,0,0,16,74,1,17
5,3,23.0,57,4,22,0,10,47,2,17
5,3,23.0,57,4,14,1,9,95,1,17
5,5,6.0,277,2,13,0,8,9,3,23
5,5,6.0,277,2,9,0,3,30,3,23
5,5,14.0,36,4,12,2,14,97,3,5
5,5,22.0,163,5,20,0,8,27,2,26
5,5,22.0,163,5,12,1,12,61,4,26
5,5,25.0,350,0,23,0,8,9,1,13
4,5,26.0,37,2,10,0,10,22,2,3
4,5,25.0,350,1,18,0,9,95,2,13
4,5,26.0,37,2,13,3,9,134,3,3
4,5,26.0,37,2,19,3,1,1,0,3
4,5,27.0,328,4,16,0,1,11,4,15
4,5,9.0,206,3,12,0,10,22,4,12
4,5,27.0,328,4,8,2,10,47,3,15
4,5,25.0,350,1,7,1,10,22,0,13
4,5,27.0,328,4,2,2,4,79,2,15
4,5,27.0,328,4,14,0,3,70,1,15
4,5,27.0,328,4,14,0,8,19,4,15
4,5,27.0,328,4,23,1,1,81,4,15
4,5,25.0,350,1,15,1,10,43,1,13
4,6,8.0,59,1,6,0,7,111,2,8
4,6,8.0,59,1,0,0,16,74,1,8
4,6,8.0,59,1,21,1,3,79,0,8
5,11,4.0,275,3,3,0,14,24,2,30
3,4,24.0,27,5,13,0,1,11,2,14
4,6,8.0,59,1,20,0,11,15,2,8
4,6,8.0,59,1,16,2,10,47,3,8
4,6,8.0,59,1,2,0,14,107,3,8
4,6,9.0,236,2,8,0,5,6,0,12
5,5,25.0,350,0,3,0,13,36,1,13
5,6,15.0,49,0,16,2,13,21,0,1
5,5,25.0,350,0,19,3,10,12,1,13
5,6,15.0,49,0,2,0,0,0,3,1
5,6,15.0,49,0,19,0,6,89,3,1
5,6,15.0,49,0,1,0,14,24,4,1
5,6,15.0,49,0,15,1,12,80,4,1
5,6,15.0,49,0,14,0,11,117,3,1
5,6,15.0,49,0,18,0,9,9,2,1
5,6,17.0,244,2,0,0,8,9,3,6
5,6,17.0,244,2,0,0,0,68,3,6
5,6,17.0,244,2,21,1,3,79,0,6
5,6,22.0,185,0,23,0,8,9,2,26
5,6,22.0,185,0,8,0,10,22,0,26
5,6,22.0,185,0,0,1,15,51,1,26
5,6,22.0,185,0,9,0,10,47,0,26
5,6,24.0,31,2,7,2,6,7,0,14
5,6,24.0,31,2,9,0,10,22,0,14
5,10,5.0,336,3,10,0,2,86,1,24
5,10,5.0,336,3,5,0,5,6,2,24
5,10,5.0,336,3,20,1,4,138,4,24
5,10,5.0,336,3,3,0,2,69,1,24
4,6,9.0,236,2,8,0,16,72,1,12
4,10,10.0,245,6,17,1,4,5,1,4
4,10,10.0,245,6,3,0,10,43,0,4
5,3,22.0,166,2,9,0,5,12,3,26
5,5,8.0,199,5,23,1,3,79,1,8
3,5,31.0,196,6,17,0,7,137,1,20
4,10,1.0,208,4,11,1,5,12,1,7
4,10,10.0,245,6,14,0,6,126,1,4
4,10,17.0,256,6,6,0,11,133,1,6
4,10,17.0,256,6,11,0,12,17,2,6
4,10,17.0,256,6,22,0,1,11,4,6
4,10,19.0,117,0,8,0,7,129,2,10
4,10,19.0,117,0,4,0,15,77,3,10
4,10,19.0,117,0,18,0,8,118,1,10
4,10,24.0,261,6,21,1,15,85,2,14
4,10,24.0,261,6,16,2,10,22,3,14
4,10,24.0,261,6,19,0,13,4,3,14
4,7,1.0,98,0,13,0,13,29,1,7
4,10,27.0,302,1,3,0,10,47,3,15
4,1,17.0,63,1,21,0,8,19,3,6
4,1,20.0,151,5,21,1,9,10,0,29
4,1,17.0,63,1,6,1,10,47,0,6
4,1,26.0,248,4,21,1,15,85,0,3
5,10,16.0,201,4,8,0,1,11,4,2
5,10,22.0,314,2,5,1,10,47,0,26
4,10,8.0,213,4,17,0,8,27,3,8
5,10,14.0,174,1,23,0,4,75,3,5
4,10,8.0,213,4,6,1,0,85,0,8
4,10,8.0,213,4,23,2,5,6,3,8
4,10,8.0,213,4,15,0,10,23,1,8
5,10,14.0,174,1,8,0,8,19,1,5
4,10,8.0,213,4,2,0,13,29,1,8
5,10,14.0,174,1,6,0,6,128,3,5
4,10,8.0,213,4,12,2,14,106,0,8
5,10,14.0,174,1,4,1,14,106,1,5
4,10,8.0,213,4,19,0,12,80,1,8
5,10,24.0,261,5,16,1,0,64,0,14
5,10,24.0,261,5,2,0,8,19,3,14
4,6,9.0,236,2,16,0,15,112,4,12
5,11,12.0,118,0,2,0,13,69,4,28
4,10,8.0,213,4,14,0,9,87,0,8
4,6,9.0,236,2,20,0,2,69,1,12
5,11,12.0,118,0,12,0,10,12,0,28
4,10,8.0,213,4,18,3,9,101,0,8
4,6,9.0,236,2,22,0,4,66,3,12
4,6,27.0,116,3,8,0,10,23,2,15
4,10,9.0,150,5,22,0,0,68,1,12
4,6,18.0,308,5,13,0,10,47,2,0
4,6,27.0,116,3,19,0,9,83,1,15
4,6,27.0,116,3,5,1,1,105,4,15
4,6,27.0,116,3,12,1,1,81,4,15
4,6,27.0,116,3,4,0,14,106,1,15
4,10,1.0,208,4,6,1,4,82,1,7
5,9,4.0,295,2,14,0,13,121,2,30
4,10,1.0,208,4,16,0,0,26,3,7
4,10,1.0,208,4,15,0,2,40,1,7
4,10,1.0,208,4,5,2,5,6,3,7
4,10,1.0,208,4,19,0,14,88,3,7
4,10,1.0,208,4,1,1,9,57,0,7
5,0,1.0,8,1,11,1,12,61,1,7
5,10,8.0,213,2,17,1,2,69,4,8
4,10,24.0,261,6,17,0,4,75,1,14
4,10,24.0,261,6,22,1,16,113,4,14
5,11,12.0,118,0,19,1,11,129,4,28
5,11,12.0,118,0,4,0,11,133,1,28
5,11,12.0,118,0,4,1,1,59,4,28
5,11,24.0,194,6,16,1,13,99,0,14
5,11,24.0,194,6,2,0,14,34,0,14
5,11,24.0,194,6,8,2,1,59,0,14
5,11,24.0,194,6,10,1,6,7,4,14
5,11,24.0,194,6,11,1,2,35,4,14
5,11,24.0,194,6,5,1,1,35,2,14
5,11,31.0,227,6,0,2,0,68,1,20
5,11,31.0,227,6,22,2,1,35,2,20
5,11,31.0,227,6,12,0,10,47,3,20
5,11,31.0,227,6,19,0,2,86,1,20
5,11,31.0,227,6,8,0,13,28,3,20
5,11,31.0,227,6,11,1,13,69,4,20
3,8,30.0,103,1,17,0,9,10,1,19
5,9,6.0,51,5,1,0,10,47,0,23
5,9,22.0,92,3,10,1,12,100,1,26
5,9,22.0,92,3,23,0,14,24,1,26
5,9,22.0,92,3,8,0,1,1,1,26
4,10,27.0,302,1,17,0,5,64,3,15
4,10,27.0,302,1,17,2,1,1,3,15
4,10,27.0,302,1,23,0,10,22,0,15
4,10,27.0,302,1,3,3,7,78,4,15
4,10,27.0,302,1,8,2,7,137,0,15
4,10,27.0,302,1,14,2,12,61,3,15
4,1,17.0,63,1,3,2,1,35,3,6
4,1,17.0,63,1,14,0,7,62,4,6
4,1,17.0,63,1,18,2,0,53,3,6
4,1,17.0,63,1,17,1,11,98,4,6
4,1,20.0,151,5,19,0,8,118,3,29
4,1,20.0,151,5,19,1,13,48,1,29
4,1,20.0,151,5,2,0,11,133,0,29
4,1,26.0,248,4,3,1,4,121,1,3
4,9,16.0,107,1,8,0,14,24,2,2
4,1,26.0,248,4,2,0,4,127,1,3
4,8,3.0,363,5,16,0,12,84,1,27
4,8,3.0,363,5,20,1,3,76,1,27
4,8,3.0,363,5,6,1,6,128,1,27
4,8,3.0,363,5,12,0,1,11,1,27
4,10,24.0,261,6,17,0,2,92,1,14
4,10,24.0,261,6,5,1,1,81,4,14
5,6,14.0,173,3,13,1,8,33,4,5
4,10,27.0,302,1,16,0,0,26,3,15
4,10,13.0,346,1,23,0,2,69,2,25
5,6,19.0,291,5,19,1,0,31,0,10
5,6,29.0,335,0,21,1,13,99,0,16
4,1,15.0,1,3,3,1,11,98,4,1
4,10,30.0,157,5,6,1,13,69,0,19
5,10,29.0,318,2,6,0,8,41,1,16
5,1,3.0,188,0,9,0,5,6,0,27
5,8,21.0,46,0,17,0,9,134,4,21
5,8,22.0,354,1,3,0,16,50,3,26
5,4,19.0,142,0,13,1,10,47,0,10
5,2,27.0,136,5,13,3,11,15,0,15
4,11,27.0,322,2,11,3,10,47,0,15
4,10,9.0,150,5,22,0,13,48,1,12
4,6,18.0,308,5,9,0,8,9,1,0
4,10,9.0,150,5,12,0,1,105,4,12
5,9,12.0,177,4,10,0,15,39,1,28
5,0,1.0,8,1,3,0,4,82,1,7
5,11,4.0,275,3,1,0,14,24,2,30
4,9,16.0,107,1,13,0,16,37,1,2
4,6,19.0,291,6,8,0,8,33,2,10
5,3,23.0,57,4,17,0,0,12,1,17
5,3,23.0,57,4,22,1,7,8,4,17
5,3,23.0,57,4,7,2,10,22,1,17
4,6,19.0,291,6,16,0,10,6,3,10
5,9,12.0,177,4,5,0,13,48,3,28
4,9,15.0,226,0,13,1,15,46,1,1
4,6,27.0,116,3,2,0,12,80,3,15
5,5,6.0,277,2,6,0,10,30,0,23
5,3,23.0,57,4,8,1,7,8,4,17
4,10,1.0,208,4,6,0,3,103,1,7
5,9,12.0,177,4,3,1,11,55,4,28
4,11,18.0,332,0,17,0,13,48,4,0
5,3,23.0,57,4,8,1,7,137,4,17
5,9,22.0,92,3,21,2,13,21,1,26
4,11,26.0,364,1,17,1,13,28,1,3
4,6,25.0,39,5,13,2,14,24,0,13
5,9,22.0,92,3,21,1,0,26,2,26
4,6,18.0,308,5,4,1,0,26,1,0
4,7,15.0,205,0,5,0,9,27,2,1
5,3,23.0,57,4,12,3,5,6,3,17
5,9,22.0,92,3,15,0,15,108,1,26
4,10,1.0,208,4,15,1,0,77,1,7
4,6,17.0,244,4,5,3,5,6,0,6
5,11,7.0,253,2,16,0,10,30,0,11
5,5,6.0,277,2,2,0,13,123,4,23
5,5,6.0,277,2,16,0,6,7,0,23
4,10,1.0,208,4,18,0,0,15,2,7
4,6,25.0,39,5,17,3,9,27,0,13
4,11,18.0,332,0,4,0,12,61,1,0
5,5,14.0,36,4,23,0,15,46,4,5
5,9,12.0,177,4,9,1,2,123,1,28
4,5,18.0,195,1,1,3,14,24,0,0
5,5,14.0,36,4,13,0,5,12,2,5
5,9,22.0,92,3,20,0,7,62,2,26
5,5,6.0,277,2,8,1,2,86,1,23
4,6,9.0,236,2,7,0,11,18,0,12
5,9,21.0,362,6,22,0,1,11,2,21
5,5,14.0,36,4,2,0,13,28,3,5
5,9,22.0,92,3,5,0,0,26,0,26
5,5,14.0,36,4,11,0,8,118,3,5
4,6,9.0,236,2,1,0,2,92,3,12
5,7,6.0,93,5,8,2,15,51,3,23
5,5,14.0,36,4,2,0,9,57,3,5
5,9,22.0,92,3,13,2,15,114,3,26
5,5,22.0,163,5,17,1,5,64,0,26
5,7,7.0,293,6,11,1,4,75,4,11
5,3,21.0,338,1,2,1,12,84,0,21
5,9,24.0,272,1,16,0,5,12,0,14
5,5,25.0,350,0,22,0,8,33,2,13
5,5,25.0,350,0,2,1,1,81,1,13
5,6,17.0,244,2,8,2,16,50,3,6
5,6,15.0,49,0,23,3,16,37,4,1
5,6,15.0,49,0,3,0,14,24,2,1
5,6,22.0,185,0,10,1,12,56,0,26
4,3,24.0,357,6,13,3,4,138,4,14
4,10,16.0,201,5,2,0,1,11,4,2
4,1,19.0,29,4,23,1,5,6,0,10
5,6,22.0,185,0,21,1,5,64,0,26
5,6,22.0,185,0,15,2,6,7,3,26
5,6,22.0,185,0,3,1,1,16,4,26
5,6,24.0,31,2,17,0,4,79,3,14
5,6,24.0,31,2,17,0,10,6,3,14
5,6,24.0,31,2,6,0,3,44,3,14
5,6,24.0,31,2,0,0,5,12,3,14
5,6,24.0,31,2,13,1,11,18,1,14
5,6,24.0,31,2,9,0,8,41,1,14
4,5,20.0,214,4,18,1,11,129,0,29
4,5,20.0,214,4,8,0,6,7,4,29
4,5,13.0,184,4,17,1,8,33,0,25
5,6,10.0,149,2,13,0,9,95,2,4
5,5,1.0,109,5,9,0,4,127,4,7
5,10,21.0,341,1,21,0,14,24,4,21
5,1,19.0,29,2,3,2,1,16,3,10
5,5,1.0,109,5,17,3,13,29,4,7
5,10,21.0,341,1,11,1,6,132,4,21
5,3,1.0,180,2,12,0,2,86,1,7
5,4,5.0,235,0,13,1,13,28,1,24
5,4,30.0,139,5,3,3,8,41,4,19
5,0,14.0,5,0,22,0,2,2,2,5
2,2,1.0,143,5,4,0,13,123,1,7
5,1,15.0,1,6,14,0,1,59,4,1
4,11,18.0,332,0,0,0,1,59,2,0
4,9,24.0,272,2,15,1,2,86,1,14
3,1,23.0,69,6,13,3,12,56,0,17
4,5,7.0,349,5,3,0,8,41,1,11
4,6,24.0,31,4,2,0,6,128,4,14
5,5,24.0,58,3,19,1,11,55,4,14
5,5,24.0,58,3,9,0,11,8,1,14
4,10,26.0,61,0,22,1,5,12,1,3
2,5,1.0,307,2,19,0,12,80,4,7
5,0,9.0,48,2,14,0,1,1,3,12
5,10,5.0,336,3,13,0,13,29,2,24
5,10,24.0,261,5,16,0,4,82,1,14
2,4,1.0,141,1,22,0,13,69,1,7
4,1,19.0,29,4,9,1,1,59,2,10
4,1,19.0,29,4,11,0,8,27,1,10
5,10,24.0,261,5,23,1,2,86,1,14
5,10,24.0,261,5,12,0,10,47,2,14
5,10,30.0,157,4,12,2,14,107,0,19
5,8,1.0,66,1,5,1,13,28,1,7
5,8,1.0,66,1,19,0,8,9,4,7
5,8,1.0,66,1,18,0,5,47,3,7
5,8,1.0,66,1,16,0,16,113,0,7
5,8,7.0,70,0,6,0,15,108,1,11
5,8,7.0,70,0,23,0,5,12,3,11
5,8,7.0,70,0,21,1,2,71,4,11
5,8,8.0,76,1,6,0,0,77,3,8
5,8,7.0,70,0,18,0,4,45,0,11
5,8,8.0,76,1,0,0,2,40,1,8
5,8,9.0,124,2,22,0,9,63,4,12
5,8,14.0,296,0,21,1,13,28,0,5
5,6,22.0,185,0,1,0,11,133,0,26
5,6,22.0,185,0,8,1,6,128,1,26
5,5,22.0,163,5,15,1,4,45,4,26
5,9,22.0,92,3,11,1,12,100,4,26
5,5,22.0,163,5,4,1,2,86,4,26
5,9,24.0,272,1,6,0,14,25,1,14
5,5,25.0,350,0,7,0,10,47,0,13
5,9,24.0,272,1,17,0,8,9,1,14
5,5,22.0,163,5,15,3,5,6,2,26
5,5,25.0,350,0,5,0,9,27,2,13
5,5,22.0,163,5,23,1,0,12,1,26
5,5,5.0,96,1,18,1,6,7,0,24
5,6,14.0,173,3,18,1,2,86,4,5
5,6,14.0,173,3,11,1,7,137,1,5
5,6,16.0,38,1,15,1,2,123,0,2
4,6,19.0,291,6,12,0,10,52,0,10
4,6,19.0,291,6,12,2,9,93,3,10
4,6,19.0,291,6,9,0,10,22,1,10
4,6,27.0,116,3,16,0,9,102,0,15
4,6,27.0,116,3,6,1,10,47,0,15
4,6,27.0,116,3,19,1,2,123,4,15
4,10,1.0,208,4,20,0,10,6,3,7
4,10,1.0,208,4,9,0,10,22,1,7
4,10,8.0,213,4,0,2,14,24,3,8
4,10,8.0,213,4,5,0,10,47,3,8
5,7,7.0,293,6,14,0,10,22,1,11
5,5,22.0,163,5,11,2,13,69,0,26
4,10,8.0,213,4,9,0,8,9,3,8
4,10,9.0,150,5,11,0,12,17,2,12
4,3,17.0,54,6,0,1,15,51,0,6
4,3,17.0,54,6,21,0,10,47,1,6
4,3,17.0,54,6,2,2,14,32,0,6
4,5,3.0,161,0,14,3,15,51,3,27
5,9,1.0,126,3,1,2,3,30,1,7
4,6,28.0,309,0,13,1,2,3,4,18
5,8,19.0,280,6,22,3,1,105,0,10
5,0,13.0,198,3,4,3,8,19,2,25
4,9,5.0,89,5,13,1,10,47,0,24
4,9,22.0,92,0,2,1,13,21,4,26
4,7,29.0,268,0,12,1,0,77,0,16
4,7,29.0,268,0,20,0,5,12,2,16
5,9,1.0,126,3,12,1,7,62,1,7
4,6,14.0,173,0,5,1,3,44,1,5
4,6,5.0,342,6,2,3,6,128,3,24
4,10,7.0,243,2,19,1,9,10,4,11
4,3,26.0,343,0,4,3,1,105,3,3
4,3,26.0,343,0,19,1,10,23,4,3
4,3,26.0,343,0,12,0,7,57,1,3
4,3,26.0,343,0,17,1,6,14,0,3
4,5,24.0,58,0,19,0,12,84,4,14
4,5,24.0,58,0,22,1,13,29,4,14
4,3,15.0,35,4,2,0,11,94,2,1
4,3,27.0,361,1,5,0,0,64,3,15
4,3,10.0,4,6,22,1,13,48,0,4
4,3,27.0,361,1,18,0,4,82,1,15
4,5,1.0,109,6,5,0,9,93,1,7
4,5,1.0,109,6,5,1,11,124,1,7
4,5,9.0,206,3,16,1,9,57,0,12
4,5,9.0,206,3,12,0,10,47,3,12
4,5,9.0,206,3,2,0,9,83,2,12
4,5,9.0,206,3,22,0,7,8,3,12
4,5,9.0,206,3,17,2,9,93,0,12
4,5,25.0,350,1,16,1,10,12,1,13
4,5,25.0,350,1,20,0,0,68,1,13
4,5,25.0,350,1,15,0,1,35,4,13
4,5,25.0,350,1,13,0,12,80,0,13
4,5,25.0,350,1,2,0,2,2,1,13
4,5,25.0,350,1,12,0,8,33,4,13
4,5,25.0,350,1,3,1,6,91,4,13
4,5,26.0,37,2,17,2,1,67,1,3
4,5,25.0,350,1,9,0,1,35,4,13
4,5,26.0,37,2,0,0,1,35,4,3
4,5,26.0,37,2,0,0,2,2,1,3
5,9,22.0,92,3,2,0,10,23,1,26
5,9,24.0,272,1,16,0,16,139,3,14
5,9,24.0,272,1,13,0,6,132,2,14
5,8,22.0,354,1,16,0,0,53,0,26
5,4,19.0,142,0,14,0,6,73,4,10
5,2,5.0,127,4,12,1,5,6,0,24
5,8,20.0,319,3,17,1,13,48,0,29
5,2,5.0,127,4,2,2,2,2,3,24
5,2,22.0,209,3,4,1,11,15,0,26
5,11,8.0,283,4,8,0,13,21,1,8
4,11,5.0,240,1,7,1,11,15,1,24
4,9,5.0,89,5,8,0,4,79,3,24
4,9,22.0,92,0,18,1,13,21,4,26
5,2,19.0,137,4,20,0,3,115,2,10
4,3,20.0,105,1,11,1,5,64,0,29
4,5,4.0,114,1,13,1,11,117,0,30
5,5,11.0,326,0,8,0,6,89,2,9
5,3,27.0,361,0,13,3,1,35,3,15
4,10,9.0,150,5,19,1,4,75,0,12
4,10,8.0,213,4,21,1,5,0,4,8
4,10,10.0,245,6,12,0,6,91,3,4
4,10,10.0,245,6,4,0,10,30,3,4
4,10,10.0,245,6,9,0,2,86,3,4
4,10,17.0,256,6,6,1,0,53,0,6
4,10,17.0,256,6,15,1,11,133,4,6
4,10,19.0,117,0,8,0,5,6,0,10
4,10,19.0,117,0,19,0,0,77,3,10
4,10,1.0,208,4,22,0,0,53,3,7
4,10,1.0,208,4,9,2,7,111,0,7
4,10,8.0,213,4,5,0,8,33,2,8
4,10,9.0,150,5,11,0,6,89,1,12
4,10,8.0,213,4,1,2,8,41,2,8
4,10,9.0,150,5,22,0,0,85,3,12
4,10,8.0,213,4,2,0,14,24,2,8
4,10,9.0,150,5,22,1,14,24,1,12
4,10,9.0,150,5,1,0,0,64,3,12
4,10,9.0,150,5,18,1,7,57,0,12
4,10,8.0,213,4,18,2,10,22,1,8
4,10,10.0,245,6,11,0,13,29,0,4
5,11,24.0,194,6,15,1,11,10,4,14
5,5,22.0,163,5,14,0,12,84,3,26
5,5,22.0,163,5,4,0,11,124,3,26
5,5,22.0,163,5,4,0,13,99,2,26
5,5,25.0,350,0,0,1,10,22,0,13
5,5,25.0,350,0,9,1,16,50,1,13
5,6,15.0,49,0,5,2,0,53,0,1
5,6,15.0,49,0,8,0,2,86,3,1
5,6,15.0,49,0,4,0,3,30,2,1
5,6,15.0,49,0,1,0,13,28,3,1
5,6,17.0,244,2,20,0,16,72,3,6
5,6,17.0,244,2,5,1,12,104,4,6
5,6,17.0,244,2,22,0,13,123,4,6
5,6,17.0,244,2,18,0,13,38,3,6
4,6,25.0,39,5,17,1,5,6,1,13
5,6,22.0,185,0,2,1,2,86,1,26
5,5,25.0,350,0,9,0,9,102,2,13
5,5,25.0,350,0,18,0,2,92,3,13
5,6,15.0,49,0,23,0,15,51,3,1
5,6,15.0,49,0,6,0,15,46,4,1
5,6,15.0,49,0,6,2,5,12,0,1
4,6,25.0,39,5,5,1,10,22,1,13
5,6,15.0,49,0,19,1,16,113,1,1
4,8,9.0,124,4,13,0,10,22,3,12
4,8,9.0,124,4,13,0,3,70,2,12
4,8,9.0,124,4,2,0,10,6,3,12
4,8,9.0,124,4,9,0,10,22,3,12
4,8,9.0,124,4,9,0,9,93,1,12
4,8,12.0,284,3,1,1,16,37,1,28
4,8,17.0,74,5,0,1,10,47,0,6
4,8,17.0,74,5,0,1,5,64,0,6
4,8,17.0,74,5,3,1,12,17,4,6
4,6,9.0,236,2,2,2,11,90,3,12
4,6,9.0,236,2,6,1,15,31,4,12
4,6,18.0,308,5,11,0,15,46,3,0
4,6,18.0,308,5,18,0,3,115,3,0
4,6,19.0,291,6,16,0,9,102,3,10
4,6,19.0,291,6,17,2,1,1,1,10
4,6,19.0,291,6,0,1,2,2,0,10
4,6,19.0,291,6,15,1,8,27,1,10
4,6,19.0,291,6,4,0,14,106,4,10
4,6,19.0,291,6,18,0,10,22,1,10
5,6,17.0,244,2,17,1,15,39,4,6
5,6,17.0,244,2,3,0,14,24,3,6
5,6,17.0,244,2,12,0,15,114,3,6
5,6,17.0,244,2,12,0,6,7,0,6
5,6,24.0,31,2,16,1,2,35,0,14
5,6,24.0,31,2,19,0,13,29,2,14
5,10,5.0,336,3,17,0,4,127,3,24
5,10,5.0,336,3,10,0,14,25,3,24
5,10,5.0,336,3,3,0,10,43,1,24
5,10,5.0,336,3,15,0,10,30,2,24
5,10,5.0,336,3,19,0,11,15,1,24
5,10,5.0,336,3,1,0,9,57,2,24
5,10,14.0,174,1,17,2,8,9,3,5
5,10,14.0,174,1,12,0,1,35,4,5
5,10,14.0,174,1,4,0,11,133,2,5
5,10,14.0,174,1,9,2,10,47,0,5
5,6,17.0,244,2,14,0,2,92,1,6
5,6,22.0,185,0,10,0,3,115,2,26
5,6,22.0,185,0,20,0,10,23,1,26
5,6,22.0,185,0,19,0,12,56,2,26
4,6,17.0,244,4,13,0,16,50,1,6
5,6,22.0,185,0,14,0,11,18,0,26
5,6,22.0,185,0,19,0,15,108,3,26
5,6,22.0,185,0,18,0,5,6,3,26
5,6,24.0,31,2,0,2,3,115,3,14
5,10,5.0,336,3,6,2,15,119,0,24
5,10,5.0,336,3,21,0,10,22,0,24
5,11,24.0,194,6,4,0,3,79,4,14
5,11,31.0,227,6,6,0,4,79,0,20
5,11,31.0,227,6,5,2,5,6,0,20
5,11,31.0,227,6,12,0,9,27,3,20
5,11,31.0,227,6,20,0,11,15,2,20
5,11,31.0,227,6,18,0,1,11,1,20
5,9,6.0,51,5,22,0,0,85,1,23
5,9,6.0,51,5,2,0,6,7,2,23
5,9,6.0,51,5,5,1,1,16,4,23
5,9,6.0,51,5,1,0,0,64,0,23
5,9,6.0,51,5,2,0,11,15,2,23
5,9,12.0,177,4,17,0,0,0,1,28
5,9,12.0,177,4,15,0,13,48,1,28
5,9,12.0,177,4,4,0,0,12,1,28
5,9,22.0,92,3,5,0,1,67,3,26
5,9,22.0,92,3,20,0,10,22,3,26
5,9,22.0,92,3,16,1,6,128,4,26
5,9,22.0,92,3,14,0,10,47,2,26
4,6,9.0,236,2,8,0,14,24,2,12
4,6,18.0,308,5,16,0,10,6,3,0
4,6,18.0,308,5,20,0,10,43,1,0
4,6,18.0,308,5,13,0,1,11,0,0
4,6,19.0,291,6,4,0,10,22,1,10
4,6,27.0,116,3,16,2,6,91,1,15
4,6,27.0,116,3,15,1,12,104,4,15
4,10,1.0,208,4,20,0,0,77,3,7
4,10,1.0,208,4,15,0,2,86,3,7
4,10,1.0,208,4,19,1,15,31,1,7
4,10,1.0,208,4,19,0,5,6,0,7
4,10,1.0,208,4,14,1,10,22,0,7
4,10,8.0,213,4,22,0,7,62,3,8
4,10,8.0,213,4,9,2,6,89,1,8
4,10,9.0,150,5,21,1,10,47,0,12
4,10,8.0,213,4,22,0,1,16,4,8
4,10,9.0,150,5,4,2,10,22,3,12
4,6,9.0,236,2,1,0,8,9,1,12
4,6,9.0,236,2,18,0,10,47,3,12
4,6,18.0,308,5,13,0,5,64,3,0
4,6,18.0,308,5,2,0,6,7,2,0
4,6,18.0,308,5,14,0,1,67,3,0
4,6,18.0,308,5,18,0,16,72,4,0
4,6,18.0,308,5,18,0,6,73,3,0
4,6,19.0,291,6,0,0,0,68,1,10
4,6,19.0,291,6,15,0,8,27,4,10
4,6,19.0,291,6,20,1,15,96,0,10
4,6,19.0,291,6,17,1,10,47,1,10
4,6,19.0,291,6,17,1,0,64,0,10
4,6,19.0,291,6,19,0,16,113,4,10
4,6,19.0,291,6,8,0,9,9,2,10
4,6,19.0,291,6,3,0,15,96,2,10
4,6,19.0,291,6,5,1,12,84,1,10
4,6,27.0,116,3,15,0,8,33,1,15
4,6,27.0,116,3,22,0,14,32,0,15
4,6,27.0,116,3,15,1,12,80,1,15
4,6,27.0,116,3,16,1,5,64,0,15
5,9,24.0,272,1,4,0,10,22,3,14
5,9,24.0,272,1,1,0,8,41,3,14
5,9,22.0,92,3,12,0,11,15,2,26
5,7,7.0,293,6,19,2,13,48,3,11
5,7,7.0,293,6,22,1,14,32,4,11
5,11,5.0,240,0,0,0,2,40,1,24
5,11,5.0,240,0,13,0,2,40,1,24
5,11,5.0,240,0,19,0,15,46,1,24
5,11,5.0,240,0,9,1,13,48,0,24
5,10,1.0,208,2,4,0,10,30,0,7
5,10,1.0,208,2,9,0,13,13,1,7
5,10,1.0,208,2,18,0,14,25,1,7
4,8,27.0,78,0,5,0,11,90,3,15
5,10,2.0,358,4,10,1,10,47,2,22
5,10,2.0,358,4,15,1,14,107,4,22
5,10,2.0,358,4,19,0,10,22,2,22
4,1,28.0,300,6,5,0,15,114,4,18
5,10,11.0,298,6,6,2,2,86,3,9
4,10,3.0,310,6,7,1,8,33,0,27
5,10,12.0,333,3,13,0,0,77,1,28
4,1,2.0,171,0,0,1,9,10,2,22
5,10,12.0,333,3,22,0,11,6,2,28
4,1,1.0,203,3,17,0,0,15,1,7
4,7,15.0,205,0,19,0,11,15,2,1
4,10,3.0,310,6,17,1,1,16,0,27
4,1,28.0,300,6,8,0,2,40,1,18
5,5,21.0,351,4,2,0,13,21,3,21
5,10,12.0,333,3,4,0,4,5,3,28
4,1,3.0,188,1,19,2,8,41,3,27
4,3,8.0,148,4,16,0,2,2,1,8
4,10,3.0,310,6,5,0,8,9,3,27
5,1,1.0,203,6,16,2,9,87,3,7
5,5,4.0,114,0,20,1,0,85,1,30
4,1,3.0,188,1,18,0,1,59,1,27
4,10,3.0,310,6,14,0,7,120,3,27
4,1,28.0,300,6,4,0,12,61,3,18
5,6,12.0,162,5,1,0,10,47,3,28
5,3,25.0,347,6,13,0,15,31,4,13
4,1,9.0,50,0,13,0,14,34,3,12
4,10,18.0,246,3,8,0,8,41,3,0
4,1,28.0,300,6,18,2,6,7,0,18
5,1,1.0,203,6,20,1,15,51,0,7
4,3,8.0,148,4,21,1,3,44,4,8
5,6,12.0,162,5,1,0,9,49,3,28
5,5,26.0,37,1,8,0,0,77,3,3
4,10,18.0,246,3,17,1,16,108,4,0
4,8,2.0,77,4,15,0,12,61,3,22
5,1,1.0,203,6,14,0,2,86,3,7
4,3,8.0,148,4,17,1,11,90,0,8
5,5,26.0,37,1,3,0,14,24,2,3
4,6,1.0,158,1,8,0,11,117,1,7
5,5,26.0,37,1,14,0,0,85,3,3
5,5,21.0,351,4,10,1,10,22,1,21
5,6,1.0,158,0,17,1,13,29,1,7
5,6,2.0,352,1,17,0,15,114,1,22
5,6,2.0,352,1,17,2,13,38,3,22
5,6,2.0,352,1,6,0,0,12,0,22
5,6,2.0,352,1,16,1,3,115,4,22
5,6,2.0,352,1,4,0,2,13,1,22
5,6,2.0,352,1,1,2,9,49,2,22
5,6,2.0,352,1,18,0,0,77,3,22
5,6,3.0,99,2,16,0,10,47,3,27
5,6,3.0,99,2,5,1,6,91,4,27
5,6,3.0,99,2,19,0,15,39,2,27
5,6,4.0,159,4,7,3,11,124,4,30
5,6,4.0,159,4,3,0,10,22,0,30
4,7,6.0,93,6,12,0,5,64,2,23
5,4,14.0,345,2,13,0,0,15,0,5
4,11,12.0,118,1,0,3,6,7,3,28
5,6,2.0,352,1,14,0,8,33,2,22
5,6,4.0,159,4,18,0,0,64,3,30
5,6,2.0,352,1,8,1,12,135,4,22
5,6,9.0,236,1,6,0,5,6,3,12
5,6,9.0,236,1,16,0,0,77,1,12
5,6,9.0,236,1,5,0,13,123,1,12
5,6,9.0,236,1,14,0,8,33,3,12
5,6,12.0,162,5,13,0,6,7,4,28
5,6,12.0,162,5,8,0,3,4,3,28
5,6,12.0,162,5,1,0,1,81,1,28
5,6,21.0,193,3,5,0,0,64,3,21
5,6,27.0,116,6,21,1,14,110,0,15
5,6,27.0,116,6,22,0,6,132,3,15
5,6,27.0,116,6,1,2,12,61,3,15
5,1,5.0,219,2,17,0,10,22,1,24
5,1,5.0,219,2,6,2,5,12,3,24
5,1,5.0,219,2,13,0,1,11,4,24
5,1,5.0,219,2,2,0,2,92,1,24
5,1,21.0,45,5,17,0,3,30,4,21
5,1,21.0,45,5,3,0,0,26,2,21
5,1,21.0,45,5,3,0,1,81,4,21
4,3,4.0,285,3,15,0,11,117,2,30
4,5,15.0,200,6,1,0,14,88,2,1
4,5,14.0,36,5,19,0,13,28,4,5
4,5,14.0,36,5,1,3,6,7,0,5
4,10,15.0,60,4,17,1,0,53,2,1
4,10,23.0,247,5,4,1,8,27,1,17
5,1,21.0,45,5,2,0,9,102,3,21
5,1,21.0,45,5,1,0,0,0,0,21
5,1,21.0,45,5,1,2,8,27,4,21
5,1,21.0,45,5,9,0,5,12,0,21
5,1,21.0,45,5,22,0,14,24,2,21
5,1,21.0,45,5,13,0,2,69,0,21
5,1,27.0,262,4,8,0,14,25,0,15
5,1,27.0,262,4,19,0,8,19,3,15
5,10,12.0,333,3,6,0,3,115,2,28
5,10,12.0,333,3,7,2,12,61,1,28
5,10,12.0,333,3,15,0,10,22,0,28
5,10,12.0,333,3,3,0,15,39,3,28
5,10,11.0,298,6,14,0,15,51,1,9
5,10,12.0,333,3,1,0,14,32,3,28
5,10,20.0,223,0,3,0,2,69,4,29
5,10,27.0,302,0,20,0,10,43,3,15
5,10,27.0,302,0,16,1,14,97,4,15
5,1,1.0,203,6,10,0,13,29,3,7
5,1,1.0,203,6,10,0,7,20,3,7
5,1,5.0,219,2,17,0,2,92,3,24
5,1,5.0,219,2,7,2,9,102,1,24
5,5,1.0,109,5,12,0,0,0,1,7
0,7,27.0,53,0,4,0,2,71,2,15
5,8,5.0,101,6,12,0,10,47,2,24
5,5,20.0,214,2,17,3,4,75,4,29
4,11,22.0,250,5,9,0,11,8,1,26
4,9,14.0,106,3,18,2,7,57,3,5
4,9,14.0,106,3,16,3,5,64,0,5
4,6,27.0,116,3,18,0,1,59,3,15
4,10,17.0,256,6,20,0,16,74,2,6
4,1,9.0,50,0,13,1,7,20,1,12
4,8,2.0,77,4,1,2,8,27,3,22
4,3,8.0,148,4,9,0,5,12,3,8
5,6,21.0,193,3,13,1,1,16,4,21
5,1,1.0,203,6,4,2,15,96,2,7
5,1,5.0,219,2,0,0,4,4,3,24
4,10,18.0,246,3,4,3,15,37,0,0
4,8,11.0,306,6,6,0,8,41,1,9
5,6,21.0,193,3,2,0,1,59,3,21
5,1,5.0,219,2,21,1,3,76,2,24
4,3,8.0,148,4,2,0,8,118,1,8
4,1,9.0,50,0,2,0,0,96,4,12
4,10,18.0,246,3,14,3,13,28,0,0
4,8,11.0,306,6,17,1,13,29,0,9
5,6,21.0,193,3,13,0,9,95,4,21
5,1,5.0,219,2,14,0,14,25,1,24
4,3,18.0,165,3,10,1,5,6,0,0
4,1,9.0,50,0,4,0,1,11,0,12
4,10,26.0,61,0,3,0,12,121,1,3
4,8,11.0,306,6,14,0,9,93,4,9
5,6,27.0,116,6,16,0,7,111,1,15
4,1,9.0,50,0,18,0,15,39,1,12
4,6,1.0,158,1,19,0,2,2,4,7
5,1,5.0,219,2,18,0,8,27,3,24
4,3,18.0,165,3,15,2,2,86,0,0
4,1,9.0,50,0,1,0,0,64,0,12
4,6,24.0,31,4,17,0,2,86,1,14
4,10,26.0,61,0,12,0,10,47,0,3
4,8,11.0,306,6,8,0,14,25,0,9
5,6,27.0,116,6,20,0,1,11,0,15
5,1,6.0,97,4,2,0,10,22,3,23
5,3,1.0,180,2,17,0,8,9,4,7
4,1,9.0,50,0,1,0,2,69,0,12
5,1,14.0,183,5,17,0,1,16,1,5
4,8,27.0,78,0,3,0,12,56,2,15
5,1,21.0,45,5,6,0,7,78,3,21
4,3,18.0,165,3,22,0,6,132,2,0
4,7,15.0,205,0,3,0,10,47,2,1
5,4,1.0,144,4,4,1,8,41,4,7
5,5,3.0,161,3,5,0,9,95,2,27
4,6,24.0,31,4,11,0,6,14,3,14
4,8,27.0,78,0,5,0,10,43,3,15
4,5,8.0,199,6,2,0,12,84,1,8
4,5,8.0,199,6,11,0,5,6,3,8
4,5,10.0,155,0,20,2,10,47,3,4
4,5,10.0,155,0,23,0,8,9,0,4
4,5,10.0,155,0,13,0,11,18,1,4
4,5,10.0,155,0,15,1,1,16,4,4
4,5,10.0,155,0,1,0,3,76,1,4
4,5,16.0,239,3,20,0,5,12,3,2
4,5,16.0,239,3,3,0,4,127,1,2
4,5,16.0,239,3,10,1,4,4,1,2
4,5,16.0,239,3,12,0,2,13,3,2
4,5,18.0,195,1,17,1,4,4,1,0
4,5,18.0,195,1,18,1,11,90,0,0
4,5,19.0,146,2,10,0,6,128,1,10
4,5,19.0,146,2,18,0,8,9,3,10
5,10,31.0,135,5,21,1,14,106,4,20
5,9,16.0,107,0,17,0,13,36,1,2
5,8,24.0,85,4,18,0,9,93,1,14
5,1,15.0,1,6,15,3,6,7,0,1
5,6,27.0,116,6,2,0,16,130,3,15
4,7,13.0,238,6,14,1,10,22,1,25
4,5,6.0,277,4,3,0,12,58,2,23
5,7,1.0,98,3,17,0,4,127,4,7
5,6,27.0,116,6,1,0,11,0,3,15
5,10,1.0,208,2,0,0,15,108,4,7
5,10,12.0,333,3,22,0,8,27,0,28
5,10,20.0,223,0,17,0,2,2,0,29
5,6,1.0,158,0,13,0,0,77,1,7
5,10,20.0,223,0,22,2,12,104,0,29
5,10,27.0,302,0,10,0,6,7,0,15
5,10,27.0,302,0,0,1,14,97,4,15
5,10,27.0,302,0,13,0,2,40,2,15
5,10,27.0,302,0,4,0,10,22,3,15
5,10,27.0,302,0,23,1,1,59,1,15
5,10,27.0,302,0,14,0,15,46,3,15
5,1,1.0,203,6,13,2,6,7,0,7
5,6,3.0,99,2,23,0,13,29,2,27
5,6,1.0,158,0,8,0,0,53,3,7
5,6,3.0,99,2,17,0,14,32,0,27
5,6,1.0,158,0,9,0,4,4,1,7
5,6,3.0,99,2,5,1,11,18,1,27
5,6,4.0,159,4,5,0,13,48,3,30
5,6,4.0,159,4,5,0,10,23,1,30
5,6,4.0,159,4,13,0,8,9,3,30
5,6,4.0,159,4,2,0,5,12,3,30
5,6,3.0,99,2,12,0,12,17,2,27
5,6,4.0,159,4,4,0,9,27,0,30
5,6,9.0,236,1,6,1,5,64,0,12
5,6,9.0,236,1,0,1,0,64,0,12
5,6,9.0,236,1,7,0,0,64,0,12
5,6,9.0,236,1,8,0,7,137,4,12
5,6,9.0,236,1,18,0,3,76,3,12
5,6,12.0,162,5,19,0,4,75,1,28
5,6,21.0,193,3,16,0,4,5,3,21
5,6,21.0,193,3,6,1,13,29,0,21
5,6,21.0,193,3,12,1,1,105,1,21
5,6,27.0,116,6,6,1,8,33,0,15
5,6,27.0,116,6,22,0,15,51,0,15
5,6,27.0,116,6,4,1,6,7,4,15
5,10,1.0,208,2,13,0,0,64,3,7
5,10,1.0,208,2,8,0,15,39,4,7
5,5,18.0,195,0,21,0,10,47,2,0
5,5,17.0,212,3,22,0,10,6,3,6
5,5,18.0,195,0,13,0,13,38,3,0
5,5,18.0,195,0,13,1,0,12,1,0
5,5,17.0,212,3,19,0,9,95,3,6
5,5,18.0,195,0,14,0,15,114,3,0
5,5,18.0,195,0,9,0,7,57,3,0
5,5,21.0,351,4,13,0,0,77,2,21
5,5,18.0,195,0,2,3,10,12,0,0
5,4,1.0,144,4,15,0,9,87,2,7
4,8,27.0,78,0,6,1,7,129,1,15
4,3,18.0,165,3,8,0,0,77,1,0
5,1,21.0,45,5,16,0,3,30,3,21
4,8,27.0,78,0,22,2,0,77,3,15
5,4,1.0,144,4,4,0,7,122,0,7
5,1,27.0,262,4,9,0,11,133,0,15
4,3,18.0,165,3,12,0,3,30,1,0
5,8,17.0,74,4,8,0,14,125,3,6
4,8,27.0,78,0,2,0,10,22,3,15
5,4,9.0,18,5,10,0,10,43,1,12
5,1,27.0,262,4,18,0,11,15,3,15
4,3,18.0,165,3,5,0,13,38,2,0
5,4,1.0,144,4,22,0,5,64,3,7
4,8,27.0,78,0,12,2,7,111,2,15
5,4,8.0,292,4,13,0,9,93,1,8
4,1,11.0,111,2,0,0,10,22,3,9
4,10,18.0,246,3,22,0,8,27,0,0
4,10,18.0,246,3,9,0,8,65,4,0
4,10,18.0,246,3,5,0,13,123,1,0
4,10,26.0,61,0,11,0,13,38,2,3
4,10,26.0,61,0,9,0,2,2,4,3
4,10,26.0,61,0,15,1,12,61,4,3
4,10,26.0,61,0,5,1,12,104,4,3
4,1,1.0,203,3,7,0,12,121,1,7
4,1,1.0,203,3,21,1,10,22,0,7
4,1,1.0,203,3,18,0,10,22,1,7
4,1,1.0,203,3,9,0,1,59,3,7
4,1,2.0,171,0,6,0,7,20,3,22
4,1,1.0,203,3,12,0,5,47,3,7
4,1,1.0,203,3,12,1,1,59,4,7
5,5,1.0,109,5,17,0,13,28,3,7
4,7,6.0,93,6,13,0,1,67,2,23
5,6,28.0,309,3,19,0,9,95,2,18
5,10,19.0,117,3,9,0,11,117,1,10
4,3,19.0,138,0,13,3,13,21,2,10
4,10,31.0,135,6,17,3,12,83,2,20
3,8,1.0,66,0,13,1,6,116,1,7
5,1,19.0,29,2,6,0,5,12,3,10
5,1,19.0,29,2,12,1,9,95,4,10
5,8,11.0,306,5,8,0,13,48,1,9
4,10,31.0,135,6,4,0,11,8,2,20
3,4,1.0,144,2,17,0,2,86,0,7
5,8,29.0,301,1,4,1,1,105,0,16
5,6,10.0,149,2,13,0,12,61,1,4
4,1,24.0,64,1,5,1,0,0,1,14
4,1,24.0,64,1,4,1,15,31,0,14
5,11,27.0,322,1,17,2,4,82,3,15
5,11,26.0,364,0,11,0,4,66,2,3
5,3,2.0,120,4,17,0,6,7,2,22
5,3,2.0,120,4,22,1,10,22,2,22
5,7,28.0,34,6,10,0,4,75,1,18
5,3,1.0,180,2,11,0,0,77,1,7
5,4,30.0,139,5,11,0,2,13,0,19
4,1,2.0,171,0,19,0,1,59,3,22
4,1,1.0,203,3,17,2,0,12,3,7
5,3,5.0,324,3,11,0,11,15,0,24
4,1,3.0,188,1,22,2,7,111,0,27
4,6,24.0,31,4,6,0,5,6,2,14
4,1,3.0,188,1,19,0,8,9,3,27
4,1,3.0,188,1,5,0,1,59,3,27
4,1,9.0,50,0,11,0,5,6,3,12
4,1,9.0,50,0,3,1,1,35,4,12
4,1,9.0,50,0,0,1,9,63,2,12
4,1,9.0,50,0,14,2,15,31,1,12
4,1,9.0,50,0,18,0,10,47,3,12
4,1,3.0,188,1,2,0,15,39,1,27
4,1,3.0,188,1,19,0,12,121,1,27
4,1,3.0,188,1,19,2,0,31,3,27
4,1,9.0,50,0,6,0,2,86,2,12
4,1,9.0,50,0,3,1,2,71,4,12
4,1,9.0,50,0,8,0,1,16,4,12
4,1,2.0,171,0,12,3,9,93,1,22
4,1,9.0,50,0,3,0,10,47,3,12
4,1,9.0,50,0,11,0,6,7,0,12
4,1,9.0,50,0,19,0,15,46,1,12
4,1,9.0,50,0,19,0,11,133,0,12
5,2,21.0,108,6,13,3,9,27,0,21
4,1,11.0,111,2,12,0,1,59,0,9
4,1,16.0,2,0,11,0,10,47,3,2
4,1,16.0,2,0,15,0,2,86,1,2
4,1,16.0,2,0,5,0,13,4,3,2
4,1,16.0,2,0,8,1,12,135,4,2
4,1,16.0,2,0,4,0,1,11,0,2
4,1,16.0,2,0,22,0,3,103,3,2
4,1,16.0,2,0,20,1,6,89,1,2
4,1,16.0,2,0,9,1,4,45,4,2
4,1,25.0,65,2,17,1,15,51,1,13
4,1,25.0,65,2,20,0,2,60,4,13
4,6,24.0,31,4,14,0,11,15,3,14
4,6,24.0,31,4,8,2,10,22,0,14
4,6,24.0,31,4,18,0,7,31,1,14
4,10,3.0,310,6,10,1,0,12,0,27
4,5,7.0,349,5,22,0,16,42,4,11
5,1,30.0,100,3,12,0,2,86,0,19
4,10,26.0,61,0,4,2,10,52,3,3
5,1,30.0,100,3,22,0,9,57,0,19
4,1,1.0,203,3,6,0,2,86,1,7
5,1,30.0,100,3,18,0,10,22,4,19
4,1,2.0,171,0,20,0,2,86,2,22
5,8,2.0,77,2,6,0,5,12,3,22
5,4,1.0,144,4,17,3,9,27,0,7
4,6,24.0,31,4,14,0,2,86,1,14
5,0,14.0,5,0,12,1,0,12,1,5
5,3,22.0,166,2,10,3,9,27,0,26
4,1,2.0,171,0,22,0,9,93,1,22
5,5,8.0,199,5,22,0,8,9,2,8
4,1,2.0,171,0,4,0,8,118,1,22
5,2,16.0,220,0,13,0,2,86,3,2
4,1,3.0,188,1,5,1,14,126,4,27
4,9,7.0,271,3,15,0,10,47,3,11
4,1,3.0,188,1,15,0,7,20,1,27
4,9,1.0,126,0,13,1,13,48,0,7
5,7,15.0,205,3,12,0,9,102,1,1
4,9,23.0,167,1,18,0,0,12,1,17
5,0,1.0,8,1,17,0,2,86,0,7
5,10,7.0,243,1,18,0,2,86,1,11
3,0,1.0,8,0,9,0,14,25,1,7
5,0,5.0,122,6,2,1,12,61,2,24
5,0,3.0,334,4,11,0,11,18,1,27
5,0,22.0,241,1,1,0,9,57,2,26
5,0,22.0,241,1,7,1,10,52,1,26
4,11,22.0,250,5,3,0,13,29,2,26
4,11,22.0,250,5,23,0,11,58,2,26
1,0,1.0,8,4,17,0,6,7,4,7
5,5,29.0,24,5,11,1,10,23,1,16
3,4,1.0,144,2,13,0,13,29,4,7
3,8,1.0,66,0,17,0,2,2,4,7
4,7,3.0,269,2,15,0,11,117,1,27
5,5,28.0,259,4,13,0,7,111,1,18
5,10,19.0,117,3,16,1,5,64,0,10
1,11,1.0,222,6,17,0,15,108,1,7
4,6,1.0,158,1,1,0,3,30,3,7
4,4,28.0,218,4,15,0,8,27,0,18
5,1,12.0,353,2,17,0,7,137,1,28
5,8,5.0,101,6,22,0,0,26,2,24
4,10,31.0,135,6,5,1,13,21,1,20
4,1,14.0,183,6,4,0,13,48,0,5
4,1,14.0,183,6,17,3,1,67,0,5
5,0,14.0,5,0,5,0,8,27,1,5
4,11,22.0,250,5,17,0,15,108,1,26
3,4,1.0,144,2,5,0,4,82,1,7
5,0,14.0,5,0,17,0,12,17,1,5
5,3,11.0,337,6,22,0,10,47,3,9
5,10,13.0,346,0,14,0,8,9,2,25
5,10,19.0,117,3,18,0,0,26,3,10
4,11,20.0,340,2,6,2,14,34,3,29
4,7,30.0,42,1,5,0,11,98,1,19
4,9,27.0,179,6,17,3,0,15,1,15
3,10,9.0,150,2,17,0,6,132,1,12
5,10,28.0,216,1,17,3,7,137,1,18
4,6,12.0,162,6,18,0,1,1,1,28
4,6,15.0,49,1,13,1,11,18,1,1
4,10,31.0,135,6,23,0,6,89,1,20
3,7,1.0,98,6,17,0,8,9,1,7
5,8,11.0,306,5,18,0,15,114,1,9
3,0,1.0,8,0,17,0,7,31,1,7
5,4,20.0,115,1,2,1,10,43,4,29
4,1,23.0,69,0,19,0,3,44,3,17
4,4,7.0,133,4,3,3,11,133,4,11
4,4,31.0,67,3,22,0,1,11,2,20
5,8,2.0,77,2,7,1,6,91,0,22
5,8,2.0,77,2,0,1,14,34,0,22
5,8,2.0,77,2,8,0,8,33,4,22
5,8,12.0,284,6,21,2,9,109,0,28
4,1,7.0,32,6,22,0,7,111,4,11
5,8,12.0,284,6,22,0,9,57,2,28
5,8,13.0,189,3,8,0,13,48,1,25
5,8,13.0,189,3,6,1,10,47,0,25
5,8,18.0,75,5,17,0,8,27,3,0
5,8,18.0,75,5,0,2,5,6,3,0
5,8,18.0,75,5,11,0,2,2,1,0
5,8,18.0,75,5,4,0,2,86,3,0
5,8,18.0,75,5,9,0,0,64,0,0
5,6,1.0,158,0,2,0,12,80,0,7
5,8,30.0,103,2,6,0,6,7,3,19
5,8,30.0,103,2,10,0,3,30,1,19
5,8,30.0,103,2,2,0,8,118,1,19
5,8,30.0,103,2,12,0,8,27,1,19
5,8,30.0,103,2,9,0,0,53,3,19
5,4,2.0,141,5,13,0,9,95,3,22
5,4,2.0,141,5,6,1,14,24,4,22
5,4,2.0,141,5,15,1,12,100,4,22
5,4,10.0,79,6,11,2,3,70,3,4
5,10,1.0,208,2,17,1,12,83,4,7
5,10,1.0,208,2,15,0,15,39,4,7
5,10,1.0,208,2,8,0,16,74,3,7
5,10,2.0,358,4,17,0,9,102,0,22
5,10,2.0,358,4,6,0,9,102,3,22
5,10,2.0,358,4,6,1,9,95,4,22
5,10,2.0,358,4,11,0,5,6,0,22
5,10,11.0,298,6,23,1,11,94,4,9
4,1,11.0,111,2,10,2,13,21,3,9
4,4,9.0,18,6,22,3,5,6,0,12
4,5,7.0,349,5,11,2,8,9,2,11
4,4,9.0,18,6,11,0,9,101,1,12
4,1,11.0,111,2,5,0,2,86,1,9
4,6,24.0,31,4,15,3,5,64,3,14
4,4,28.0,218,4,8,2,1,11,3,18
4,1,11.0,111,2,17,1,0,77,0,9
4,4,9.0,18,6,1,2,9,49,3,12
4,6,24.0,31,4,13,0,13,38,2,14
4,1,11.0,111,2,13,0,6,7,0,9
4,6,24.0,31,4,0,1,1,67,0,14
4,4,28.0,218,4,20,1,2,2,4,18
4,1,11.0,111,2,16,1,5,6,1,9
4,6,24.0,31,4,6,0,14,24,1,14
4,6,24.0,31,4,3,0,11,133,2,14
4,2,4.0,254,4,10,1,6,7,0,30
4,1,11.0,111,2,8,0,1,11,4,9
4,6,24.0,31,4,13,0,9,95,2,14
4,6,24.0,31,4,4,0,5,12,3,14
5,6,27.0,116,6,2,0,0,31,3,15
5,6,27.0,116,6,1,2,2,13,3,15
5,10,1.0,208,2,17,1,2,123,4,7
5,10,1.0,208,2,2,0,14,24,1,7
5,10,1.0,208,2,9,0,8,41,0,7
5,10,11.0,298,6,5,0,1,11,0,9
5,10,11.0,298,6,14,0,7,62,3,9
5,10,12.0,333,3,23,0,13,99,4,28
5,10,12.0,333,3,3,0,13,48,1,28
5,10,20.0,223,0,15,0,8,33,1,29
5,10,20.0,223,0,10,1,4,4,0,29
5,10,20.0,223,0,12,0,7,20,1,29
5,6,3.0,99,2,8,1,8,118,1,27
5,6,4.0,159,4,20,0,13,28,1,30
5,6,4.0,159,4,1,3,2,86,4,30
5,5,17.0,212,3,13,3,14,131,2,6
5,6,9.0,236,1,16,0,10,47,1,12
5,6,12.0,162,5,12,0,5,47,3,28
5,6,21.0,193,3,8,0,2,92,1,21
4,6,24.0,31,4,12,0,10,22,1,14
5,2,21.0,108,6,11,3,10,47,0,21
5,6,21.0,193,3,3,2,7,20,0,21
5,6,27.0,116,6,9,0,7,62,0,15
4,6,24.0,31,4,4,0,5,6,3,14
4,10,3.0,310,6,19,0,8,9,4,27
4,10,3.0,310,6,1,0,8,41,3,27
4,10,18.0,246,3,11,0,11,90,0,0
4,10,18.0,246,3,8,2,9,27,0,0
4,10,18.0,246,3,4,0,7,111,4,0
4,10,18.0,246,3,18,0,0,26,1,0
4,10,26.0,61,0,2,2,3,103,0,3
4,1,1.0,203,3,6,0,11,15,3,7
4,1,1.0,203,3,7,2,9,27,0,7
4,1,1.0,203,3,17,1,9,49,1,7
4,1,1.0,203,3,13,2,10,47,3,7
4,6,24.0,31,4,3,3,1,67,0,14
4,1,1.0,203,3,2,0,10,22,3,7
5,1,22.0,164,6,9,0,3,30,1,26
4,1,1.0,203,3,12,0,8,9,3,7
4,1,2.0,171,0,5,0,10,43,1,22
4,1,2.0,171,0,8,2,6,89,3,22
4,1,2.0,171,0,12,2,0,96,3,22
4,1,2.0,171,0,1,0,16,65,4,22
4,10,3.0,310,6,4,0,16,72,0,27
4,10,3.0,310,6,19,0,3,115,4,27
4,10,18.0,246,3,5,0,2,13,0,0
4,10,18.0,246,3,17,1,0,31,4,0
4,10,18.0,246,3,11,0,10,22,1,0
4,10,18.0,246,3,2,2,14,107,0,0
4,10,18.0,246,3,19,0,7,62,2,0
4,10,26.0,61,0,16,1,13,29,0,3
4,10,26.0,61,0,13,0,4,5,3,3
4,10,26.0,61,0,2,1,10,47,2,3
5,1,15.0,1,6,9,0,13,29,2,1
4,10,26.0,61,0,2,0,10,47,3,3
4,10,26.0,61,0,12,0,12,56,0,3
4,10,26.0,61,0,10,1,0,85,0,3
4,1,1.0,203,3,17,0,8,41,1,7
4,1,1.0,203,3,21,1,15,31,0,7
4,1,1.0,203,3,5,0,1,67,0,7
4,1,1.0,203,3,3,0,16,130,2,7
4,1,2.0,171,0,17,0,8,41,3,22
4,1,1.0,203,3,22,3,8,41,0,7
4,1,1.0,203,3,16,0,6,89,4,7
4,1,2.0,171,0,18,0,5,6,0,22
4,1,2.0,171,0,18,0,7,120,4,22
4,1,3.0,188,1,21,0,14,107,1,27
5,6,21.0,193,3,7,0,14,24,3,21
5,10,1.0,208,2,16,0,6,89,4,7
4,7,4.0,186,4,14,3,7,129,1,30
5,10,1.0,208,2,19,0,15,77,3,7
4,1,11.0,111,2,18,0,15,114,1,9
4,6,24.0,31,4,13,0,13,48,4,14
4,1,9.0,50,0,1,1,9,27,0,12
4,1,16.0,2,0,0,0,12,58,3,2
4,6,24.0,31,4,9,0,13,99,3,14
4,1,16.0,2,0,23,1,13,28,4,2
4,6,24.0,31,4,18,1,0,0,2,14
4,1,16.0,2,0,12,2,8,41,3,2
4,10,3.0,310,6,14,1,14,24,1,27
4,1,16.0,2,0,2,0,10,47,3,2
4,10,18.0,246,3,0,0,0,53,3,0
4,1,16.0,2,0,12,0,8,33,4,2
4,10,18.0,246,3,19,0,5,6,0,0
4,1,1.0,203,3,20,1,3,115,1,7
4,1,16.0,2,0,18,0,1,59,0,2
4,1,25.0,65,2,6,1,4,66,4,13
4,1,25.0,65,2,0,1,8,9,0,13
4,1,25.0,65,2,10,1,2,92,0,13
5,4,1.0,144,4,17,0,14,107,1,7
4,1,25.0,65,2,22,0,12,56,4,13
5,4,7.0,133,2,12,0,10,47,0,11
4,1,25.0,65,2,22,0,12,135,1,13
4,1,25.0,65,2,4,0,8,19,2,13
4,1,28.0,300,6,21,1,0,12,0,18
4,1,9.0,50,0,12,0,13,38,0,12
4,1,16.0,2,0,11,0,10,22,0,2
5,1,5.0,219,2,1,2,13,13,3,24
5,1,21.0,45,5,19,0,9,93,1,21
5,1,21.0,45,5,18,0,13,21,4,21
5,1,27.0,262,4,22,0,6,14,0,15
5,8,2.0,77,2,16,0,7,20,3,22
5,8,2.0,77,2,0,0,9,102,1,22
5,8,2.0,77,2,7,0,0,15,1,22
5,8,2.0,77,2,17,0,10,22,3,22
5,8,2.0,77,2,5,1,15,39,2,22
5,8,2.0,77,2,8,0,0,77,2,22
5,8,12.0,284,6,0,1,4,138,0,28
5,10,1.0,208,2,9,0,8,9,1,7
5,10,2.0,358,4,10,0,12,80,4,22
5,10,2.0,358,4,15,0,9,95,2,22
5,10,2.0,358,4,7,1,14,34,0,22
5,10,11.0,298,6,19,0,6,132,1,9
5,10,12.0,333,3,15,0,8,33,3,28
5,10,12.0,333,3,13,0,14,131,1,28
5,10,12.0,333,3,9,0,6,14,4,28
5,10,20.0,223,0,3,0,3,79,1,29
4,1,16.0,2,0,3,0,14,24,2,2
4,1,25.0,65,2,15,0,8,118,1,13
4,1,25.0,65,2,22,0,7,120,0,13
4,1,28.0,300,6,23,2,1,35,3,18
4,6,24.0,31,4,14,0,10,43,0,14
4,1,28.0,300,6,3,0,10,12,3,18
4,1,28.0,300,6,22,0,10,12,1,18
4,1,28.0,300,6,19,0,6,91,3,18
4,11,22.0,250,5,17,3,13,48,1,26
4,10,26.0,61,0,17,0,7,20,4,3
4,8,2.0,77,4,22,0,1,11,4,22
4,8,2.0,77,4,12,1,8,118,4,22
4,8,2.0,77,4,4,1,5,64,4,22
5,4,6.0,176,1,16,0,2,2,0,23
5,1,16.0,2,3,13,3,15,37,0,2
4,8,11.0,306,6,20,0,2,2,4,9
4,8,11.0,306,6,20,1,14,88,4,9
4,8,11.0,306,6,12,0,0,53,3,9
4,8,27.0,78,0,23,0,10,22,2,15
4,8,27.0,78,0,6,0,5,12,3,15
4,8,27.0,78,0,12,0,6,132,2,15
4,9,14.0,106,3,19,2,1,1,2,5
4,10,26.0,61,0,7,1,10,22,0,3
4,2,4.0,254,4,5,0,10,47,0,30
4,10,26.0,61,0,7,0,10,22,3,3
4,2,4.0,254,4,4,2,9,93,3,30
4,1,1.0,203,3,20,0,11,15,4,7
4,1,1.0,203,3,13,0,13,38,0,7
4,1,1.0,203,3,3,1,2,40,4,7
4,1,3.0,188,1,11,2,16,50,1,27
4,1,3.0,188,1,23,1,1,105,0,27
4,1,3.0,188,1,9,0,1,11,3,27
4,1,3.0,188,1,9,0,1,35,4,27
4,1,9.0,50,0,10,0,5,6,0,12
4,1,9.0,50,0,11,0,12,83,2,12
4,1,9.0,50,0,1,0,2,2,3,12
4,1,11.0,111,2,17,1,4,127,4,9
4,1,11.0,111,2,10,1,3,79,4,9
4,1,11.0,111,2,21,0,5,12,0,9
4,1,11.0,111,2,10,1,0,68,4,9
4,1,11.0,111,2,2,0,5,12,0,9
4,6,24.0,31,4,9,0,9,58,3,14
5,5,29.0,24,5,20,1,10,52,0,16
4,1,16.0,2,0,0,2,4,75,3,2
4,1,16.0,2,0,0,1,11,94,0,2
4,1,16.0,2,0,13,1,0,77,1,2
4,1,16.0,2,0,9,0,16,65,3,2
4,1,16.0,2,0,19,0,1,105,3,2
4,1,25.0,65,2,0,2,0,26,3,13
4,1,25.0,65,2,5,1,0,0,4,13
4,1,25.0,65,2,2,0,8,9,0,13
5,4,7.0,133,2,15,0,9,93,0,11
5,4,8.0,292,4,20,1,1,1,4,8
4,1,28.0,300,6,0,1,3,79,1,18
4,1,28.0,300,6,15,0,14,34,1,18
4,1,28.0,300,6,9,0,0,31,3,18
4,1,28.0,300,6,1,0,12,80,3,18
4,8,2.0,77,4,7,2,14,107,3,22
4,8,2.0,77,4,15,0,10,23,2,22
4,8,2.0,77,4,19,0,9,109,3,22
4,8,11.0,306,6,0,2,3,79,0,9
4,8,11.0,306,6,16,1,1,105,0,9
4,8,11.0,306,6,20,1,2,92,1,9
4,8,11.0,306,6,2,0,2,69,2,9
4,8,2.0,77,4,11,0,3,79,2,22
4,8,27.0,78,0,9,1,1,59,4,15
4,4,9.0,18,6,15,0,5,64,3,12
4,4,9.0,18,6,1,2,0,53,3,12
4,4,9.0,18,6,14,1,1,105,4,12
4,4,28.0,218,4,0,0,10,6,3,18
5,10,1.0,208,2,13,3,11,15,0,7
4,5,6.0,277,4,2,0,11,98,3,23
4,5,6.0,277,4,3,0,8,27,2,23
4,5,6.0,277,4,2,3,9,93,4,23
5,10,27.0,302,0,7,0,7,111,1,15
4,2,17.0,6,2,6,0,5,6,0,6
4,2,17.0,6,2,16,0,10,22,1,6
4,2,17.0,6,2,6,0,9,95,1,6
4,2,17.0,6,2,14,0,12,135,1,6
4,1,28.0,300,6,3,0,12,61,3,18
4,1,28.0,300,6,12,0,3,115,3,18
5,11,15.0,331,4,8,2,10,12,2,1
4,1,28.0,300,6,18,0,13,21,1,18
4,8,2.0,77,4,3,0,12,80,4,22
4,8,2.0,77,4,4,1,11,129,4,22
4,8,11.0,306,6,6,1,0,53,0,9
4,8,11.0,306,6,6,3,13,48,3,9
4,8,11.0,306,6,8,2,4,79,2,9
4,8,11.0,306,6,22,0,8,118,0,9
5,8,2.0,77,2,0,0,8,9,3,22
5,8,2.0,77,2,21,0,6,7,0,22
5,8,2.0,77,2,4,1,9,102,0,22
5,8,2.0,77,2,4,0,2,92,1,22
5,8,2.0,77,2,9,2,9,95,2,22
5,8,12.0,284,6,0,1,1,11,0,28
5,8,12.0,284,6,12,0,16,65,0,28
5,8,13.0,189,3,21,0,0,68,3,25
5,8,13.0,189,3,17,1,11,15,1,25
5,8,13.0,189,3,9,2,0,31,0,25
5,8,13.0,189,3,15,1,12,61,4,25
5,8,18.0,75,5,3,0,2,2,0,0
5,8,18.0,75,5,1,0,6,7,4,0
5,8,30.0,103,2,22,0,15,46,3,19
5,1,21.0,45,5,20,2,2,13,2,21
5,1,27.0,262,4,17,1,3,70,2,15
5,1,27.0,262,4,3,0,16,50,4,15
5,1,27.0,262,4,1,0,1,59,4,15
5,1,27.0,262,4,19,1,1,67,4,15
5,1,30.0,100,3,21,0,15,46,3,19
5,1,30.0,100,3,0,2,14,97,0,19
5,1,30.0,100,3,0,0,9,134,2,19
5,1,30.0,100,3,9,0,2,40,1,19
5,1,30.0,100,3,18,0,6,89,3,19
5,1,30.0,100,3,18,0,7,62,0,19
5,8,2.0,77,2,3,0,10,47,3,22
5,8,2.0,77,2,14,0,4,66,3,22
5,6,1.0,158,0,13,0,10,47,0,7
4,1,4.0,286,2,23,1,5,6,0,30
5,8,13.0,189,3,22,1,7,62,4,25
5,8,12.0,284,6,14,0,9,95,1,28
5,8,18.0,75,5,15,0,2,86,0,0
5,8,18.0,75,5,19,0,15,77,3,0
5,8,18.0,75,5,9,1,9,134,1,0
5,8,30.0,103,2,0,2,10,52,3,19
5,8,30.0,103,2,10,1,4,138,0,19
5,8,30.0,103,2,22,0,10,22,1,19
5,8,30.0,103,2,14,0,16,130,1,19
5,8,30.0,103,2,8,0,2,13,1,19
5,5,15.0,200,5,13,1,11,117,0,1
5,0,23.0,237,2,0,1,9,57,0,17
5,0,17.0,12,4,17,1,15,51,1,6
4,11,9.0,311,6,9,0,11,94,0,12
4,9,1.0,126,0,17,1,14,126,4,7
5,11,21.0,192,2,13,1,11,133,1,21
4,7,8.0,94,0,18,0,15,31,3,8
4,3,7.0,289,2,18,1,3,44,4,11
5,6,16.0,38,1,18,1,0,68,4,2
4,10,3.0,310,6,17,0,7,78,4,27
4,5,6.0,277,4,8,0,4,66,2,23
4,5,6.0,277,4,15,2,13,123,2,23
4,5,15.0,200,6,13,0,3,70,2,1
5,1,5.0,219,2,0,2,5,6,3,24
5,1,5.0,219,2,6,1,0,68,4,24
5,1,5.0,219,2,14,0,13,28,1,24
5,1,5.0,219,2,4,0,0,0,1,24
5,1,21.0,45,5,9,0,8,9,2,21
5,1,21.0,45,5,4,0,6,89,3,21
5,10,27.0,302,0,3,0,0,12,0,15
5,10,27.0,302,0,8,2,10,22,0,15
5,10,27.0,302,0,19,0,6,132,4,15
5,1,1.0,203,6,12,0,9,27,2,7
5,1,5.0,219,2,16,0,1,11,1,24
4,5,12.0,327,2,18,3,10,22,3,28
5,1,5.0,219,2,15,0,14,34,1,24
5,1,1.0,203,6,17,1,14,25,1,7
5,1,21.0,45,5,6,2,11,15,4,21
5,1,21.0,45,5,10,2,3,103,3,21
5,1,27.0,262,4,16,0,1,35,0,15
5,1,27.0,262,4,6,1,6,7,0,15
5,1,27.0,262,4,17,0,2,86,3,15
5,1,27.0,262,4,4,1,11,133,1,15
5,1,30.0,100,3,17,2,10,47,3,19
5,1,30.0,100,3,11,0,4,70,3,19
5,1,27.0,262,4,15,0,4,76,3,15
5,1,30.0,100,3,19,0,5,12,3,19
5,1,27.0,262,4,8,0,13,38,0,15
5,10,12.0,333,3,3,1,2,92,4,28
5,10,20.0,223,0,17,0,8,41,1,29
5,10,20.0,223,0,10,1,4,4,0,29
5,10,27.0,302,0,14,2,13,29,0,15
5,10,27.0,302,0,8,1,12,84,1,15
5,1,1.0,203,6,16,0,5,12,2,7
5,10,1.0,208,2,7,0,12,121,1,7
5,1,1.0,203,6,6,2,5,6,3,7
5,1,5.0,219,2,4,0,16,50,1,24
4,5,6.0,277,4,13,0,8,9,1,23
5,1,5.0,219,2,1,0,2,69,3,24
4,6,1.0,158,1,15,0,5,6,2,7
4,6,24.0,31,4,17,0,13,38,4,14
4,9,16.0,107,1,1,0,12,121,1,2
4,9,16.0,107,1,2,1,15,31,2,2
4,9,24.0,272,2,6,0,5,64,0,14
4,9,24.0,272,2,12,0,10,23,0,14
4,7,9.0,273,1,6,0,16,50,0,12
4,7,9.0,273,1,8,0,16,130,2,12
4,7,9.0,273,1,19,0,7,129,3,12
4,7,10.0,329,2,0,1,6,73,0,4
4,7,10.0,329,2,23,0,9,95,3,4
4,7,10.0,329,2,22,0,6,7,4,4
4,7,15.0,205,0,17,0,7,20,1,1
4,7,15.0,205,0,0,1,8,19,0,1
4,7,15.0,205,0,6,1,11,15,0,1
4,7,15.0,205,0,7,1,5,6,0,1
4,7,18.0,154,4,17,0,2,86,4,0
4,7,18.0,154,4,17,0,10,47,2,0
4,7,18.0,154,4,16,1,2,86,0,0
4,7,18.0,154,4,0,1,8,9,0,0
4,7,18.0,154,4,0,0,1,11,1,0
4,7,18.0,154,4,12,0,5,6,3,0
4,7,18.0,154,4,4,0,16,50,1,0
4,7,10.0,329,2,19,0,8,118,3,4
4,7,23.0,202,1,7,1,5,64,0,17
4,1,3.0,188,1,17,0,0,26,3,27
4,1,3.0,188,1,7,0,13,21,1,27
4,1,3.0,188,1,3,1,12,83,0,27
4,1,3.0,188,1,2,0,7,20,3,27
4,1,3.0,188,1,3,0,2,40,1,27
4,1,3.0,188,1,22,0,9,57,0,27
4,1,3.0,188,1,12,1,10,23,1,27
4,10,3.0,310,6,13,0,11,18,1,27
4,10,3.0,310,6,8,0,10,47,3,27
4,3,18.0,165,3,23,2,11,15,3,0
4,5,7.0,349,5,13,0,14,24,2,11
4,5,7.0,349,5,5,2,13,38,4,11
4,5,8.0,199,6,20,0,9,27,1,8
4,5,8.0,199,6,0,1,16,139,0,8
4,5,8.0,199,6,4,0,3,103,4,8
4,5,8.0,199,6,11,1,1,67,4,8
4,5,16.0,239,3,0,1,13,13,0,2
4,5,16.0,239,3,23,0,12,104,1,2
4,5,18.0,195,1,16,0,16,39,0,0
4,5,18.0,195,1,6,0,3,76,1,0
4,5,10.0,155,0,12,0,14,106,1,4
4,5,18.0,195,1,1,0,15,31,4,0
4,5,19.0,146,2,4,0,10,47,3,10
4,6,1.0,158,1,18,0,2,86,1,7
4,6,24.0,31,4,21,1,7,120,0,14
4,6,24.0,31,4,3,0,13,29,1,14
4,10,3.0,310,6,3,3,3,44,0,27
4,10,3.0,310,6,20,0,2,86,3,27
4,10,3.0,310,6,19,0,4,136,3,27
4,10,18.0,246,3,5,0,10,43,1,0
4,10,18.0,246,3,15,0,8,27,2,0
5,6,13.0,317,6,11,0,2,13,2,25
5,9,16.0,107,0,20,3,11,15,1,2
4,7,15.0,205,0,18,2,10,52,0,1
4,7,18.0,154,4,7,1,5,64,0,0
4,7,18.0,154,4,8,1,6,116,1,0
4,7,23.0,202,1,3,1,13,99,4,17
4,3,2.0,120,5,3,2,10,47,3,22
4,3,2.0,120,5,22,0,12,84,1,22
4,3,2.0,120,5,14,0,9,101,1,22
5,5,9.0,206,6,12,0,12,135,1,12
5,5,17.0,212,3,6,1,9,27,0,6
5,5,17.0,212,3,16,1,5,6,0,6
5,5,17.0,212,3,20,1,12,56,1,6
5,5,17.0,212,3,12,2,16,37,3,6
5,5,17.0,212,3,13,0,7,111,0,6
5,6,9.0,236,1,2,0,13,21,2,12
5,6,9.0,236,1,4,0,13,21,0,12
5,6,9.0,236,1,18,0,8,9,0,12
5,6,12.0,162,5,17,0,5,12,2,28
5,6,12.0,162,5,15,0,5,6,0,28
5,6,12.0,162,5,14,0,16,37,1,28
5,6,12.0,162,5,1,2,8,41,3,28
5,6,21.0,193,3,18,2,8,27,3,21
5,6,27.0,116,6,17,0,7,137,1,15
5,6,27.0,116,6,16,0,8,9,1,15
5,6,27.0,116,6,6,1,8,33,0,15
5,6,27.0,116,6,2,0,2,2,1,15
5,6,27.0,116,6,12,0,10,47,2,15
5,6,27.0,116,6,2,2,11,15,0,15
5,6,1.0,158,0,11,1,14,106,1,7
5,10,1.0,208,2,17,0,2,69,3,7
5,10,1.0,208,2,17,1,15,51,4,7
5,10,1.0,208,2,19,1,15,39,2,7
4,7,11.0,197,4,17,0,12,61,4,9
5,10,11.0,298,6,5,0,9,87,1,9
5,10,11.0,298,6,4,2,5,64,3,9
5,10,11.0,298,6,14,2,9,87,2,9
5,6,9.0,236,1,16,1,9,95,0,12
5,6,9.0,236,1,10,1,5,64,0,12
5,6,9.0,236,1,19,0,11,133,2,12
5,6,9.0,236,1,2,1,15,119,1,12
5,6,9.0,236,1,4,2,10,52,3,12
5,6,9.0,236,1,14,2,9,95,0,12
5,6,12.0,162,5,20,0,15,85,1,28
5,6,12.0,162,5,20,0,2,69,2,28
5,6,12.0,162,5,11,0,12,104,2,28
4,5,6.0,277,4,13,0,9,49,3,23
5,6,12.0,162,5,11,1,12,61,4,28
5,6,21.0,193,3,2,0,6,89,3,21
5,6,27.0,116,6,0,0,3,76,4,15
5,6,27.0,116,6,5,0,1,11,4,15
4,7,27.0,53,6,3,0,1,105,0,15
4,3,1.0,180,4,11,0,8,33,2,7
4,3,1.0,180,4,18,0,10,23,0,7
4,3,1.0,180,4,13,0,13,48,3,7
4,3,7.0,289,2,21,0,0,68,1,11
4,3,7.0,289,2,7,0,14,24,1,11
4,9,17.0,255,2,21,0,0,26,1,6
2,1,1.0,171,4,11,0,11,133,4,7
4,3,7.0,289,2,13,0,5,64,3,11
4,9,1.0,126,0,13,0,6,7,0,7
4,3,7.0,289,2,2,2,4,75,1,11
4,3,1.0,180,4,0,1,10,47,0,7
4,3,7.0,289,2,3,0,13,13,0,11
4,7,1.0,98,0,17,0,11,18,3,7
4,3,7.0,289,2,12,0,16,72,1,11
4,3,9.0,44,5,22,1,10,22,1,12
4,3,9.0,44,5,3,0,7,62,2,12
4,3,9.0,44,5,15,1,12,104,4,12
4,3,9.0,44,5,8,0,4,45,0,12
5,1,8.0,62,6,9,1,15,51,2,8
4,3,9.0,44,5,19,0,3,79,3,12
4,3,9.0,44,5,4,1,7,8,4,12
4,3,9.0,44,5,18,0,9,54,1,12
4,3,10.0,4,6,17,0,7,62,3,4
4,3,10.0,4,6,0,1,0,77,0,4
4,3,10.0,4,6,2,2,5,6,0,4
4,3,9.0,44,5,13,1,7,57,4,12
4,3,9.0,44,5,16,1,16,50,0,12
4,3,10.0,4,6,5,0,15,114,2,4
4,3,15.0,35,4,12,0,10,22,3,1
4,9,7.0,271,3,1,0,4,127,4,11
4,3,15.0,35,4,12,2,6,88,4,1
4,3,15.0,35,4,12,0,9,134,3,1
4,9,17.0,255,2,14,0,1,67,0,6
4,9,8.0,90,0,14,1,5,6,0,8
4,11,16.0,225,6,13,3,15,51,1,2
4,7,25.0,41,4,23,1,3,70,1,13
4,7,25.0,41,4,3,0,11,117,1,13
4,3,17.0,54,6,17,0,15,31,3,6
4,3,17.0,54,6,6,1,16,50,2,6
4,3,27.0,361,1,6,0,5,6,2,15
4,3,27.0,361,1,8,0,2,13,4,15
4,3,27.0,361,1,16,0,0,26,3,15
4,3,27.0,361,1,9,0,11,117,1,15
5,11,24.0,194,6,12,0,10,23,1,14
4,11,26.0,364,1,15,0,12,100,1,3
5,11,12.0,118,0,4,0,0,26,1,28
4,5,1.0,109,6,22,0,13,38,3,7
4,11,24.0,194,3,18,0,13,28,1,14
4,11,24.0,194,3,1,0,8,41,3,14
4,11,24.0,194,3,18,0,0,77,1,14
4,9,1.0,126,0,13,0,13,28,1,7
4,9,1.0,126,0,20,1,13,29,1,7
4,9,6.0,51,6,16,1,0,64,0,23
4,9,6.0,51,6,0,1,13,21,0,23
4,9,6.0,51,6,7,1,10,47,1,23
4,9,6.0,51,6,12,0,2,2,3,23
4,9,6.0,51,6,15,0,2,40,2,23
4,9,7.0,271,3,9,0,10,22,2,11
4,9,18.0,359,4,0,0,0,85,1,0
4,9,18.0,359,4,6,1,14,25,0,0
5,8,1.0,66,1,17,1,4,4,1,7
4,11,7.0,253,4,10,3,11,15,2,11
4,9,18.0,359,4,15,0,4,127,3,0
4,9,18.0,359,4,22,2,1,16,3,0
4,11,24.0,194,3,12,0,12,80,4,14
4,3,15.0,35,4,16,0,8,41,3,1
4,9,18.0,359,4,20,1,11,117,0,0
4,9,18.0,359,4,14,0,9,57,1,0
4,9,18.0,359,4,5,1,14,88,4,0
4,9,18.0,359,4,3,1,11,133,0,0
4,9,25.0,344,4,17,0,13,29,4,13
4,9,25.0,344,4,4,0,5,6,0,13
4,7,1.0,98,0,10,1,1,105,0,7
4,7,1.0,98,0,14,0,12,84,3,7
4,7,8.0,94,0,16,3,11,15,0,8
4,5,25.0,350,1,17,1,10,43,0,13
4,7,24.0,68,2,5,0,2,69,2,14
4,7,24.0,68,2,20,0,8,41,0,14
4,7,27.0,53,6,0,1,5,64,0,15
4,7,27.0,53,6,3,1,14,88,4,15
4,7,24.0,68,2,2,0,11,94,0,14
4,7,27.0,53,6,9,0,2,86,3,15
4,7,27.0,53,6,11,0,8,27,0,15
4,3,1.0,180,4,12,0,5,12,1,7
4,3,1.0,180,4,8,2,9,49,1,7
4,3,7.0,289,2,3,2,15,51,3,11
4,3,7.0,289,2,2,0,15,39,3,11
4,3,9.0,44,5,5,0,9,9,4,12
4,3,9.0,44,5,8,0,5,6,3,12
4,3,10.0,4,6,17,0,8,9,1,4
4,3,10.0,4,6,13,0,13,99,2,4
4,3,10.0,4,6,16,1,5,64,0,4
4,3,10.0,4,6,3,0,8,27,4,4
4,3,9.0,44,5,3,0,14,24,2,12
4,3,10.0,4,6,16,1,5,64,0,4
4,3,10.0,4,6,19,0,9,57,2,4
4,3,10.0,4,6,15,1,1,16,4,4
5,1,23.0,69,3,13,3,10,47,0,17
4,6,2.0,352,2,15,0,0,31,4,22
4,9,18.0,359,4,3,0,3,44,1,0
4,7,26.0,316,5,20,1,3,76,4,3
4,11,24.0,194,3,1,0,5,6,0,14
5,11,24.0,194,6,2,0,2,69,0,14
5,11,12.0,118,0,17,1,9,49,1,28
4,7,27.0,53,6,5,0,9,87,3,15
5,2,1.0,16,3,20,0,4,82,3,7
5,1,8.0,62,6,17,1,9,87,4,8
4,3,10.0,4,6,0,1,0,53,0,4
4,3,17.0,54,6,17,1,11,98,0,6
4,5,26.0,37,2,22,0,7,78,2,3
4,7,27.0,53,6,8,0,13,29,2,15
5,11,24.0,194,6,19,0,4,45,0,14
4,3,17.0,54,6,22,0,6,128,0,6
4,7,27.0,53,6,14,0,13,29,4,15
4,11,24.0,194,3,1,2,7,108,3,14
4,9,18.0,359,4,21,1,10,22,0,0
4,3,1.0,180,4,16,0,3,30,4,7
5,10,6.0,242,0,19,0,1,59,1,23
4,3,26.0,343,0,3,0,0,26,1,3
5,11,24.0,194,6,13,1,13,99,4,14
4,3,17.0,54,6,6,1,1,67,4,6
5,11,24.0,194,6,18,0,8,27,2,14
4,9,23.0,167,1,21,1,16,113,0,17
4,3,17.0,54,6,11,3,14,24,1,6
4,11,24.0,194,3,4,2,2,69,3,14
5,8,23.0,102,2,6,0,10,30,3,17
4,5,25.0,350,1,18,0,13,29,3,13
4,5,26.0,37,2,2,1,14,125,4,3
4,3,1.0,180,4,10,0,0,26,0,7
5,11,24.0,194,6,19,0,10,23,1,14
4,9,23.0,167,1,4,0,7,62,2,17
4,3,27.0,361,1,14,0,15,112,1,15
5,2,10.0,28,1,15,1,9,54,4,4
4,5,25.0,350,1,18,2,0,53,3,13
4,3,1.0,180,4,10,0,16,50,4,7
5,8,25.0,86,5,1,1,13,48,0,13
4,5,25.0,350,1,9,0,5,6,0,13
5,4,22.0,152,4,1,0,9,93,1,26
4,9,23.0,167,1,9,0,10,43,1,17
5,2,10.0,28,1,1,0,2,69,3,4
4,5,1.0,109,6,8,2,13,99,0,7
4,5,26.0,37,2,7,1,16,130,1,3
4,3,1.0,180,4,12,0,5,6,1,7
5,8,25.0,86,5,9,1,4,138,4,13
4,3,7.0,289,2,16,0,0,12,3,11
4,5,26.0,37,2,13,0,12,83,4,3
5,8,18.0,75,5,17,1,13,38,2,0
4,9,18.0,359,4,17,1,7,120,4,0
4,5,1.0,109,6,4,1,11,18,1,7
4,3,16.0,263,5,3,1,0,0,1,2
5,2,10.0,28,1,1,0,16,72,1,4
4,5,26.0,37,2,9,0,14,32,1,3
5,2,30.0,131,0,23,0,16,113,1,19
4,9,25.0,344,4,3,1,13,99,4,13
5,2,7.0,153,6,9,0,2,40,2,11
4,5,27.0,328,4,22,2,11,94,3,15
4,5,9.0,206,3,7,1,5,64,0,12
4,5,27.0,328,4,4,2,15,119,0,15
5,2,10.0,28,1,18,0,3,30,1,4
4,3,7.0,289,2,12,0,9,49,1,11
4,5,25.0,350,1,10,1,9,63,0,13
5,2,29.0,140,3,9,3,9,54,4,16
4,7,1.0,98,0,7,0,7,78,1,7
5,2,8.0,258,3,12,2,14,88,3,8
5,2,10.0,28,1,22,1,0,53,0,4
4,7,1.0,98,0,19,2,2,69,0,7
4,5,9.0,206,3,4,3,9,54,4,12
4,5,9.0,206,3,15,0,9,54,1,12
4,11,31.0,227,3,4,0,14,24,3,20
5,0,31.0,290,4,18,2,15,39,3,20
5,2,8.0,258,3,12,0,16,42,1,8
5,4,15.0,132,4,13,0,0,85,1,1
4,6,8.0,59,1,5,2,2,2,3,8
4,7,1.0,98,0,3,0,4,121,1,7
4,6,8.0,59,1,11,0,2,40,1,8
4,5,9.0,206,3,22,1,4,4,1,12
5,2,1.0,16,3,17,0,10,23,1,7
4,9,17.0,255,2,3,1,0,53,4,6
4,9,17.0,255,2,6,0,5,12,0,6
4,9,17.0,255,2,14,0,16,139,1,6
4,9,26.0,267,5,9,0,8,41,3,3
4,9,26.0,267,5,22,0,1,59,1,3
5,6,12.0,162,5,13,3,2,86,1,28
5,10,11.0,298,6,13,0,11,18,1,9
5,10,1.0,208,2,13,1,9,87,1,7
5,4,14.0,345,2,9,0,9,93,4,5
5,4,22.0,152,4,8,2,0,96,3,26
5,2,2.0,143,0,15,0,2,40,2,22
5,2,2.0,143,0,23,0,14,25,2,22
5,2,3.0,282,1,8,0,5,47,2,27
5,3,18.0,165,6,22,3,14,110,4,0
5,5,26.0,37,1,11,0,13,21,3,3
5,6,1.0,158,0,16,1,11,55,4,7
5,6,12.0,162,5,4,0,9,93,0,28
5,1,1.0,203,6,2,3,9,101,3,7
5,1,30.0,100,3,17,1,0,12,1,19
5,4,12.0,134,0,4,0,5,6,1,28
4,3,9.0,44,5,20,0,14,107,1,12
4,3,10.0,4,6,6,1,7,120,0,4
4,3,10.0,4,6,20,0,8,27,1,4
4,3,9.0,44,5,15,1,10,23,1,12
4,3,10.0,4,6,11,1,16,50,0,4
4,3,15.0,35,4,16,1,1,67,0,1
4,3,17.0,54,6,7,1,11,55,0,6
4,3,17.0,54,6,19,0,9,93,0,6
4,3,27.0,361,1,15,1,11,18,1,15
4,5,1.0,109,6,3,0,0,15,0,7
4,5,9.0,206,3,16,1,15,51,0,12
4,3,27.0,361,1,7,0,9,9,2,15
4,5,9.0,206,3,3,0,13,29,0,12
4,7,26.0,316,5,14,2,14,25,3,3
4,7,27.0,53,6,8,2,2,92,3,15
4,3,1.0,180,4,0,1,14,107,0,7
4,3,1.0,180,4,4,0,14,125,0,7
4,11,1.0,222,5,12,0,13,29,1,7
4,3,7.0,289,2,19,0,5,6,3,11
4,9,26.0,267,5,20,0,14,110,4,3
4,3,16.0,263,5,12,0,5,6,2,2
4,3,26.0,343,0,0,1,3,30,4,3
4,11,31.0,227,3,13,1,11,117,0,20
4,3,7.0,289,2,1,2,1,16,0,11
4,3,9.0,44,5,20,1,11,15,1,12
4,3,9.0,44,5,18,2,14,34,3,12
4,3,10.0,4,6,11,0,8,41,1,4
4,3,10.0,4,6,3,0,11,133,0,4
4,3,15.0,35,4,16,0,4,75,4,1
4,3,15.0,35,4,10,1,10,47,0,1
4,3,15.0,35,4,12,0,5,6,0,1
4,3,15.0,35,4,11,1,11,124,1,1
4,3,17.0,54,6,5,0,3,79,3,6
4,3,17.0,54,6,22,0,5,6,3,6
4,3,17.0,54,6,4,0,4,138,1,6
4,3,7.0,289,2,12,0,12,56,1,11
4,3,7.0,289,2,3,1,14,126,1,11
4,3,9.0,44,5,12,0,0,12,1,12
4,3,9.0,44,5,18,2,2,86,3,12
4,11,1.0,222,5,11,0,2,2,4,7
5,8,1.0,66,1,13,0,6,89,1,7
5,1,8.0,62,6,4,1,7,137,2,8
5,1,23.0,69,3,18,2,1,16,3,17
5,2,17.0,6,1,8,1,9,134,4,6
5,2,23.0,230,0,12,1,1,16,4,17
5,0,16.0,11,2,18,1,12,83,4,2
4,11,6.0,252,2,7,1,5,64,1,23
2,5,1.0,307,2,17,0,3,44,4,7
5,2,15.0,130,3,9,0,2,71,4,1
5,2,17.0,6,1,2,1,3,30,2,6
5,2,15.0,130,3,13,3,5,6,0,1
5,0,16.0,11,2,18,1,0,15,0,2
5,0,16.0,11,2,9,1,15,46,4,2
4,11,8.0,283,5,19,1,11,58,4,8
4,6,8.0,59,1,14,0,5,6,0,8
4,7,8.0,94,0,12,2,15,46,3,8
5,2,8.0,258,3,9,1,9,102,1,8
4,6,9.0,236,2,23,1,7,8,0,12
4,5,9.0,206,3,2,2,13,48,3,12
5,0,20.0,172,3,13,1,14,32,4,29
5,2,8.0,258,3,22,0,12,104,1,8
4,6,8.0,59,1,7,0,8,27,3,8
4,9,23.0,167,1,2,0,9,57,0,17
4,3,1.0,180,4,15,0,9,109,3,7
4,3,1.0,180,4,8,0,9,57,3,7
4,3,1.0,180,4,19,0,10,22,1,7
4,3,1.0,180,4,1,0,6,7,3,7
4,3,7.0,289,2,6,1,10,47,0,11
4,3,7.0,289,2,9,0,7,20,4,11
4,3,9.0,44,5,21,1,10,22,0,12
4,3,9.0,44,5,20,0,9,9,0,12
4,3,9.0,44,5,15,2,10,47,0,12
4,7,1.0,98,0,17,1,8,33,0,7
4,3,9.0,44,5,5,1,1,16,4,12
4,3,9.0,44,5,4,2,10,47,3,12
4,5,24.0,58,0,12,3,16,139,4,14
5,11,24.0,194,6,2,0,1,11,4,14
5,11,24.0,194,6,8,1,15,46,4,14
5,11,31.0,227,6,23,0,14,88,1,20
5,11,31.0,227,6,5,0,7,57,2,20
5,9,6.0,51,5,13,0,1,59,4,23
4,9,1.0,126,0,18,0,5,12,1,7
5,9,12.0,177,4,6,1,6,7,0,28
5,9,12.0,177,4,5,0,15,31,1,28
5,9,12.0,177,4,3,0,5,6,0,28
5,9,12.0,177,4,3,1,6,128,1,28
5,9,12.0,177,4,4,0,9,101,2,28
5,9,12.0,177,4,14,2,10,12,0,28
4,3,9.0,44,5,12,0,4,82,3,12
4,3,10.0,4,6,0,1,3,30,0,4
4,3,10.0,4,6,15,0,7,122,2,4
4,3,10.0,4,6,11,1,11,124,1,4
4,3,10.0,4,6,1,1,11,58,4,4
4,3,10.0,4,6,19,0,14,24,2,4
4,3,15.0,35,4,8,0,4,138,2,1
4,3,15.0,35,4,19,0,6,89,3,1
4,3,15.0,35,4,12,0,2,2,1,1
4,5,9.0,206,3,5,0,4,66,2,12
4,5,25.0,350,1,7,0,0,31,1,13
4,5,25.0,350,1,12,0,0,77,3,13
4,5,25.0,350,1,9,0,11,133,3,13
4,5,26.0,37,2,21,1,3,30,0,3
4,5,26.0,37,2,11,0,12,61,1,3
4,5,25.0,350,1,9,1,11,55,4,13
4,5,26.0,37,2,5,0,7,129,2,3
4,5,26.0,37,2,19,0,13,28,2,3
4,7,26.0,316,5,17,1,0,12,2,3
4,5,26.0,37,2,8,2,10,22,3,3
4,5,26.0,37,2,4,0,8,19,2,3
4,7,16.0,40,1,5,0,10,47,0,2
4,3,26.0,343,0,14,3,13,38,0,3
4,5,24.0,58,0,18,0,14,107,3,14
4,5,26.0,37,2,9,0,2,2,3,3
4,5,26.0,37,2,18,0,7,78,4,3
4,5,26.0,37,2,18,0,14,110,4,3
4,5,25.0,350,1,8,3,9,93,3,13
4,5,26.0,37,2,4,1,13,99,4,3
4,5,26.0,37,2,3,3,1,11,3,3
4,5,27.0,328,4,16,1,10,12,0,15
4,5,27.0,328,4,12,0,2,86,2,15
4,5,27.0,328,4,12,0,8,41,3,15
4,6,8.0,59,1,7,0,2,13,0,8
4,6,8.0,59,1,7,1,13,99,0,8
5,11,4.0,275,3,9,1,2,92,1,30
5,9,23.0,167,0,12,1,13,48,0,17
4,5,26.0,37,2,19,0,2,3,3,3
4,5,26.0,37,2,1,1,15,31,4,3
4,5,26.0,37,2,1,0,10,22,1,3
4,6,8.0,59,1,17,0,6,128,3,8
5,3,22.0,166,2,20,2,10,22,3,26
4,6,8.0,59,1,20,0,2,69,2,8
4,5,25.0,350,1,12,0,5,6,2,13
4,6,8.0,59,1,22,0,9,102,1,8
5,11,5.0,240,0,16,0,10,22,0,24
5,11,5.0,240,0,17,1,2,60,0,24
5,11,12.0,118,0,6,1,5,12,0,28
5,11,12.0,118,0,15,0,9,49,1,28
5,11,12.0,118,0,19,0,4,4,1,28
5,11,12.0,118,0,4,0,13,36,1,28
5,11,12.0,118,0,19,1,9,93,4,28
4,7,26.0,316,5,16,1,5,6,0,3
5,2,8.0,258,3,2,2,1,11,3,8
4,7,26.0,316,5,5,0,13,48,3,3
4,5,25.0,350,1,16,0,7,20,4,13
5,2,30.0,131,0,0,3,4,127,1,19
5,2,16.0,220,0,0,1,1,105,0,2
4,6,8.0,59,1,12,0,12,17,0,8
5,2,8.0,258,3,18,0,13,99,4,8
5,2,10.0,28,1,6,2,7,8,2,4
5,2,10.0,28,1,22,0,2,92,4,4
5,2,10.0,28,1,2,0,2,86,2,4
5,2,10.0,28,1,12,2,5,6,3,4
5,2,26.0,3,4,12,1,2,86,1,3
5,2,26.0,3,4,13,1,1,59,1,3
5,2,26.0,3,4,16,0,0,53,2,3
5,2,26.0,3,4,14,2,8,9,1,3
5,0,1.0,8,1,0,1,6,7,0,7
5,0,1.0,8,1,22,2,13,28,0,7
5,0,1.0,8,1,19,0,7,120,0,7
5,0,1.0,8,1,8,0,8,27,1,7
5,0,17.0,12,4,13,0,3,115,2,6
5,2,17.0,6,1,1,1,9,95,1,6
5,2,23.0,230,0,19,1,5,6,0,17
5,2,23.0,230,0,22,0,13,48,0,17
5,0,16.0,11,2,18,1,1,105,0,2
5,0,16.0,11,2,2,1,0,53,1,2
4,11,8.0,283,5,18,3,3,103,3,8
4,11,8.0,283,5,9,1,0,64,0,8
4,11,23.0,232,6,2,0,3,44,2,17
5,8,25.0,86,5,20,1,14,24,1,13
5,6,5.0,342,5,10,1,3,70,2,24
5,6,5.0,342,5,22,1,16,37,4,24
5,6,13.0,317,6,18,1,14,110,0,25
5,6,13.0,317,6,1,0,9,101,2,25
3,4,7.0,133,1,20,0,14,131,1,11
5,10,6.0,242,0,5,1,10,23,1,23
5,10,6.0,242,0,14,1,6,7,4,23
5,1,8.0,62,6,12,0,5,6,1,8
5,1,8.0,62,6,5,1,10,47,1,8
5,1,23.0,69,3,5,1,9,95,4,17
5,8,17.0,74,4,11,0,1,59,1,6
5,2,9.0,21,0,14,0,0,77,1,12
5,2,1.0,16,3,11,0,0,0,2,7
5,0,17.0,12,4,19,0,5,47,3,6
5,0,23.0,237,2,0,0,8,27,1,17
5,0,23.0,237,2,4,0,0,26,2,17
5,0,23.0,237,2,12,0,11,133,0,17
4,11,1.0,222,5,16,1,2,123,4,7
4,11,1.0,222,5,6,1,3,44,0,7
4,11,1.0,222,5,23,1,14,25,4,7
4,11,1.0,222,5,2,1,14,32,4,7
4,11,9.0,311,6,6,1,1,35,0,12
4,11,9.0,311,6,20,0,5,6,2,12
4,11,9.0,311,6,17,1,8,9,0,12
4,11,9.0,311,6,4,2,2,92,1,12
4,11,9.0,311,6,18,2,1,67,0,12
5,0,1.0,8,1,6,1,8,33,1,7
5,0,1.0,8,1,20,0,1,11,3,7
5,0,1.0,8,1,3,0,9,134,0,7
5,0,17.0,12,4,17,2,8,27,0,6
5,0,17.0,12,4,10,0,6,89,1,6
5,0,17.0,12,4,5,0,13,29,1,6
5,4,31.0,67,6,20,0,9,102,2,20
5,2,23.0,230,0,17,1,3,44,0,17
5,4,1.0,144,4,5,2,5,6,1,7
3,11,1.0,222,2,17,0,2,86,1,7
4,9,16.0,107,1,8,1,2,13,1,2
4,11,17.0,110,3,4,0,2,13,1,6
4,7,7.0,293,3,22,0,1,11,2,11
5,11,20.0,340,1,18,1,13,28,4,29
5,7,23.0,202,0,22,0,10,22,3,17
5,3,8.0,148,2,19,1,5,12,1,8
5,10,31.0,135,5,17,0,3,30,1,20
5,5,7.0,349,4,1,0,10,43,3,11
5,0,23.0,237,2,16,0,0,12,3,17
5,0,23.0,237,2,6,2,14,34,0,17
5,0,23.0,237,2,20,0,13,69,4,17
5,0,23.0,237,2,8,1,1,1,4,17
4,11,1.0,222,5,6,0,8,41,1,7
4,11,1.0,222,5,21,0,15,112,4,7
4,11,9.0,311,6,6,1,8,27,0,12
4,11,9.0,311,6,6,1,0,0,0,12
4,11,9.0,311,6,2,1,10,47,1,12
4,11,9.0,311,6,12,0,12,56,1,12
4,11,24.0,194,3,13,0,14,25,1,14
4,11,24.0,194,3,8,2,15,31,3,14
4,9,6.0,51,6,8,0,8,118,2,23
4,7,26.0,316,5,15,0,9,10,3,3
5,2,16.0,220,0,15,0,0,77,1,2
4,9,1.0,126,0,17,0,12,80,4,7
5,11,1.0,222,4,13,3,14,126,1,7
4,7,26.0,316,5,23,1,0,0,0,3
4,3,15.0,35,4,22,1,8,41,4,1
4,7,26.0,316,5,1,0,16,37,3,3
4,7,27.0,53,6,12,0,12,104,3,15
4,7,27.0,53,6,1,0,5,6,0,15
5,0,17.0,12,4,8,0,13,69,3,6
5,0,17.0,12,4,4,0,0,64,1,6
5,0,1.0,8,1,16,0,5,12,3,7
5,0,23.0,237,2,17,1,15,39,1,17
5,0,23.0,237,2,7,0,2,86,1,17
5,0,23.0,237,2,8,1,14,25,1,17
4,11,15.0,331,5,22,0,14,131,1,1
5,1,18.0,82,1,19,1,5,12,0,0
5,1,13.0,207,4,13,3,12,80,3,25
5,4,19.0,142,0,13,0,8,33,2,10
5,4,19.0,142,0,14,0,4,66,2,10
5,2,13.0,276,5,13,0,10,22,1,25
5,2,27.0,136,5,23,1,7,57,4,15
4,9,22.0,92,0,14,1,4,79,0,26
5,3,29.0,325,2,16,0,5,6,3,16
5,3,28.0,187,1,4,0,15,114,1,18
5,0,23.0,237,2,19,0,0,15,3,17
4,11,1.0,222,5,0,0,8,19,4,7
4,11,1.0,222,5,13,0,10,47,3,7
4,11,1.0,222,5,13,0,9,10,3,7
4,11,1.0,222,5,14,0,7,62,4,7
4,11,9.0,311,6,8,1,14,25,1,12
4,11,9.0,311,6,2,0,5,6,1,12
4,11,9.0,311,6,2,0,10,47,1,12
4,11,24.0,194,3,2,0,8,9,0,14
4,11,24.0,194,3,3,1,4,45,4,14
4,11,1.0,222,5,19,1,14,24,1,7
4,11,24.0,194,3,14,0,15,46,3,14
4,11,24.0,194,3,13,0,14,34,2,14
4,9,1.0,126,0,15,0,13,28,3,7
4,9,1.0,126,0,7,1,5,64,0,7
4,9,1.0,126,0,22,0,5,6,0,7
4,9,6.0,51,6,10,1,7,57,0,23
4,9,7.0,271,3,3,3,1,67,3,11
4,9,7.0,271,3,8,0,8,41,3,11
4,9,7.0,271,3,18,0,15,51,1,11
4,9,7.0,271,3,13,1,1,16,4,11
4,9,7.0,271,3,12,0,0,77,1,11
4,9,18.0,359,4,16,1,14,25,0,0
4,9,23.0,167,1,6,0,0,68,3,17
4,9,23.0,167,1,12,0,8,27,1,17
4,9,23.0,167,1,4,0,10,22,3,17
4,9,25.0,344,4,16,0,0,26,3,13
4,9,25.0,344,4,20,1,14,24,1,13
4,9,25.0,344,4,1,0,3,70,2,13
4,7,1.0,98,0,11,2,11,18,0,7
4,7,1.0,98,0,11,1,2,3,4,7
5,2,18.0,7,2,12,0,12,104,2,0
4,7,8.0,94,0,10,0,3,79,1,8
4,7,8.0,94,0,14,0,10,47,2,8
4,7,8.0,94,0,9,1,9,10,4,8
4,7,1.0,98,0,4,0,0,64,1,7
4,7,24.0,68,2,17,0,3,30,3,14
4,7,24.0,68,2,12,0,13,48,0,14
4,7,24.0,68,2,18,0,8,9,3,14
4,7,26.0,316,5,9,0,5,12,0,3
4,7,27.0,53,6,16,0,10,47,0,15
4,7,27.0,53,6,6,1,14,24,0,15
4,11,16.0,225,6,11,1,12,56,4,2
4,7,1.0,98,0,22,0,13,48,1,7
4,7,1.0,98,0,4,1,12,80,4,7
4,9,25.0,344,4,19,0,2,13,1,13
4,7,8.0,94,0,23,0,9,9,0,8
4,7,8.0,94,0,5,0,5,6,3,8
4,7,8.0,94,0,13,0,12,104,2,8
4,7,8.0,94,0,15,1,1,16,4,8
4,7,24.0,68,2,6,0,2,86,0,14
4,7,24.0,68,2,16,0,6,7,0,14
4,7,24.0,68,2,23,1,6,128,4,14
4,7,24.0,68,2,15,0,13,36,0,14
4,7,26.0,316,5,8,0,3,70,2,3
4,7,27.0,53,6,0,0,5,6,0,15
4,7,27.0,53,6,7,0,16,37,0,15
4,7,27.0,53,6,12,0,9,27,2,15
4,7,27.0,53,6,14,0,1,16,4,15
5,2,16.0,220,0,2,0,3,76,3,2
4,5,25.0,350,1,1,1,14,25,1,13
4,11,30.0,170,6,4,1,2,2,2,19
4,7,11.0,197,4,13,1,12,61,4,9
4,3,15.0,35,4,11,1,1,59,1,1
4,5,25.0,350,1,18,0,12,83,0,13
4,3,6.0,303,1,1,0,10,23,1,23
4,3,15.0,35,4,4,1,9,101,0,1
4,5,6.0,277,4,1,0,10,22,1,23
4,3,15.0,35,4,8,1,0,77,2,1
5,2,16.0,220,0,3,0,2,13,4,2
4,3,17.0,54,6,3,2,2,86,4,6
5,2,16.0,220,0,4,1,14,126,4,2
4,5,26.0,37,2,6,1,6,7,4,3
5,9,5.0,89,4,0,0,10,43,1,24
5,10,20.0,223,0,17,0,7,20,0,29
5,2,18.0,7,2,17,0,4,136,1,0
4,5,25.0,350,1,4,1,9,87,2,13
4,5,26.0,37,2,8,0,13,36,1,3
4,9,23.0,167,1,3,0,3,30,0,17
4,9,25.0,344,4,6,0,5,6,0,13
4,9,25.0,344,4,23,0,5,12,2,13
4,7,17.0,95,2,9,0,15,31,4,6
4,9,8.0,90,0,9,0,16,74,4,8
4,11,7.0,253,4,15,0,14,126,2,11
4,9,25.0,344,4,2,0,2,13,0,13
4,9,23.0,167,1,2,0,5,12,0,17
4,9,25.0,344,4,19,0,2,86,2,13
4,9,25.0,344,4,14,0,0,31,2,13
4,7,1.0,98,0,17,0,9,95,3,7
4,9,23.0,167,1,2,0,9,93,2,17
4,7,1.0,98,0,13,0,8,41,2,7
4,7,1.0,98,0,19,2,2,69,3,7
4,7,1.0,98,0,12,2,2,92,1,7
4,7,8.0,94,0,19,0,10,22,0,8
4,7,8.0,94,0,2,1,9,134,1,8
4,7,24.0,68,2,7,1,3,30,0,14
4,7,24.0,68,2,2,0,1,35,3,14
4,7,24.0,68,2,2,1,11,55,1,14
4,7,24.0,68,2,12,1,4,4,0,14
4,7,24.0,68,2,4,0,9,87,0,14
4,11,1.0,222,5,18,0,2,2,4,7
4,7,26.0,316,5,11,1,3,44,4,3
4,7,26.0,316,5,9,1,1,11,4,3
4,7,27.0,53,6,17,0,1,35,4,15
4,7,27.0,53,6,3,0,13,21,4,15
4,7,27.0,53,6,22,0,10,52,0,15
4,9,7.0,271,3,4,2,9,63,0,11
4,7,27.0,53,6,2,0,5,12,0,15
4,7,27.0,53,6,15,1,1,16,4,15
4,7,27.0,53,6,15,1,1,16,4,15
4,5,1.0,109,6,18,0,4,136,1,7
4,5,1.0,109,6,22,1,12,61,1,7
4,5,9.0,206,3,16,0,15,96,3,12
4,5,9.0,206,3,15,0,7,57,4,12
4,5,9.0,206,3,13,1,13,21,4,12
4,5,9.0,206,3,13,1,14,32,4,12
4,5,9.0,206,3,16,1,16,74,2,12
4,5,9.0,206,3,7,1,16,130,1,12
4,5,26.0,37,2,16,0,10,30,3,3
4,5,26.0,37,2,0,0,2,2,1,3
4,5,25.0,350,1,2,0,13,38,4,13
4,5,27.0,328,4,7,1,15,51,0,15
4,5,27.0,328,4,12,0,10,23,1,15
5,4,25.0,20,3,1,1,7,62,1,13
4,5,27.0,328,4,2,1,9,54,1,15
4,6,8.0,59,1,16,2,2,69,3,8
4,6,8.0,59,1,21,0,1,11,1,8
4,6,8.0,59,1,12,0,11,133,0,8
4,9,17.0,255,2,18,1,5,64,2,6
4,7,25.0,41,4,3,0,8,65,2,13
4,7,2.0,160,1,13,3,14,25,0,22
4,7,25.0,41,4,13,0,1,11,2,13
4,7,25.0,41,4,9,0,3,76,4,13
4,3,16.0,263,5,3,0,14,34,3,2
4,6,8.0,59,1,11,0,8,9,3,8
4,3,17.0,54,6,18,1,10,22,0,6
4,3,27.0,361,1,0,1,9,54,2,15
4,3,27.0,361,1,11,0,13,99,1,15
4,3,27.0,361,1,23,1,0,12,0,15
4,3,27.0,361,1,12,0,12,80,0,15
4,3,27.0,361,1,3,1,1,59,1,15
4,5,1.0,109,6,2,1,12,80,1,7
4,5,1.0,109,6,9,0,9,49,1,7
5,1,25.0,65,1,17,0,8,9,1,13
4,5,25.0,350,1,10,0,13,21,1,13
4,5,26.0,37,2,10,1,0,53,0,3
4,5,26.0,37,2,15,1,5,12,2,3
5,1,5.0,219,2,18,0,0,12,3,24
4,3,17.0,54,6,2,0,4,127,2,6
4,3,17.0,54,6,14,0,13,48,4,6
5,2,18.0,7,2,6,0,5,12,0,0
5,1,5.0,219,2,18,2,1,67,3,24
4,3,17.0,54,6,4,0,8,41,1,6
4,9,7.0,271,3,9,0,8,27,0,11
4,3,17.0,54,6,1,0,10,22,1,6
4,9,7.0,271,3,12,0,11,15,2,11
4,3,17.0,54,6,13,0,14,24,2,6
4,9,23.0,167,1,16,1,15,51,1,17
4,3,10.0,4,6,23,0,9,95,1,4
4,9,25.0,344,4,1,2,4,66,3,13
4,7,1.0,98,0,20,0,16,37,3,7
4,7,1.0,98,0,8,0,13,21,1,7
4,7,1.0,98,0,18,0,12,17,1,7
4,7,8.0,94,0,17,0,1,1,2,8
4,7,8.0,94,0,20,1,0,53,4,8
4,7,24.0,68,2,21,0,11,18,3,14
5,2,25.0,233,2,21,0,8,118,3,13
5,2,25.0,233,2,2,0,10,23,3,13
5,2,25.0,233,2,18,2,9,102,3,13
5,2,26.0,3,4,11,0,4,75,1,3
5,0,1.0,8,1,21,1,8,9,0,7
5,0,1.0,8,1,2,0,14,25,2,7
5,4,16.0,25,5,13,3,16,37,1,2
5,0,17.0,12,4,15,0,2,2,4,6
5,0,23.0,237,2,20,0,7,137,1,17
5,0,23.0,237,2,10,1,5,6,0,17
5,0,23.0,237,2,13,0,14,131,4,17
5,0,23.0,237,2,2,0,9,9,2,17
5,0,23.0,237,2,9,1,11,15,0,17
4,11,1.0,222,5,2,2,8,33,1,7
4,11,1.0,222,5,22,0,8,9,1,7
5,1,1.0,203,6,20,1,2,35,4,7
5,2,18.0,7,2,5,0,10,22,1,0
0,9,1.0,126,2,17,0,5,6,1,7
5,9,10.0,156,1,9,0,11,18,1,4
3,5,1.0,109,4,17,0,5,6,0,7
5,11,8.0,283,4,18,0,0,12,3,8
5,3,28.0,187,1,20,0,7,62,1,18
5,3,4.0,285,6,23,0,8,41,2,30
5,3,29.0,325,2,15,1,4,136,1,16
3,7,14.0,125,5,11,3,8,9,0,5
5,3,27.0,361,0,1,2,4,79,2,15
5,3,27.0,361,0,14,0,9,102,1,15
3,10,1.0,208,1,7,0,4,4,1,7
5,11,3.0,288,6,16,0,1,11,4,27
5,7,12.0,181,4,19,1,11,94,2,28
5,7,26.0,316,4,22,0,15,51,4,3
5,3,2.0,120,4,17,1,8,27,1,22
5,5,1.0,109,5,17,0,14,25,1,7
5,1,2.0,171,3,14,1,0,31,4,22
5,1,2.0,171,3,11,1,11,124,1,22
5,6,28.0,309,3,22,0,2,2,3,18
5,1,28.0,300,5,17,1,0,12,1,18
5,1,29.0,112,6,2,0,9,101,1,16
5,10,13.0,346,0,22,0,10,47,3,25
5,1,2.0,171,3,13,1,3,76,4,22
4,11,1.0,222,5,19,1,4,5,1,7
4,11,9.0,311,6,6,1,0,0,0,12
4,11,9.0,311,6,7,0,2,86,0,12
4,11,9.0,311,6,23,0,1,67,1,12
4,11,9.0,311,6,23,0,9,87,1,12
4,11,9.0,311,6,22,0,15,31,2,12
4,11,9.0,311,6,18,2,1,105,0,12
4,11,24.0,194,3,20,1,13,13,1,14
4,11,24.0,194,3,4,0,0,15,3,14
4,9,1.0,126,0,23,0,0,77,2,7
4,11,24.0,194,3,9,0,2,71,3,14
4,9,1.0,126,0,3,0,14,131,2,7
4,9,1.0,126,0,19,0,13,38,0,7
4,9,6.0,51,6,6,0,4,66,1,23
4,9,6.0,51,6,1,0,14,32,1,23
4,9,7.0,271,3,16,1,8,9,0,11
4,9,7.0,271,3,12,0,16,42,1,11
4,9,7.0,271,3,13,1,0,12,1,11
4,9,7.0,271,3,4,0,12,121,3,11
4,9,7.0,271,3,1,0,1,11,4,11
4,9,18.0,359,4,17,2,6,7,0,0
5,2,9.0,21,0,16,0,8,9,3,12
5,4,24.0,27,6,22,0,10,12,1,14
4,9,18.0,359,4,20,0,16,130,0,0
4,9,18.0,359,4,17,1,5,6,0,0
4,9,18.0,359,4,4,0,8,9,0,0
4,9,18.0,359,4,4,2,5,6,0,0
4,9,18.0,359,4,18,2,0,0,3,0
4,9,18.0,359,4,9,0,11,98,1,0
4,9,23.0,167,1,16,0,12,121,1,17
4,9,23.0,167,1,21,1,16,113,0,17
4,9,23.0,167,1,14,2,4,127,0,17
4,9,23.0,167,1,8,0,11,133,2,17
4,9,25.0,344,4,5,1,15,46,4,13
4,9,25.0,344,4,21,0,8,65,2,13
4,9,25.0,344,4,14,0,5,12,3,13
4,9,25.0,344,4,8,0,2,123,3,13
5,0,1.0,8,1,17,0,13,29,1,7
4,9,1.0,126,0,2,0,6,7,4,7
4,9,1.0,126,0,7,1,1,105,0,7
3,5,12.0,327,0,17,0,9,54,4,28
4,9,7.0,271,3,14,1,2,40,1,11
5,2,18.0,7,2,21,1,7,20,0,0
5,4,10.0,79,6,17,1,10,12,1,4
4,6,9.0,236,2,23,0,10,47,2,12
4,3,27.0,361,1,0,0,3,115,0,15
4,6,9.0,236,2,12,0,10,47,2,12
4,3,17.0,54,6,17,3,13,21,4,6
5,2,24.0,22,1,6,2,8,27,3,14
4,6,18.0,308,5,10,0,10,47,3,0
4,5,9.0,206,3,16,2,15,51,3,12
4,6,18.0,308,5,1,1,4,138,4,0
5,11,5.0,240,0,6,2,13,48,0,24
5,2,24.0,22,1,14,0,15,77,0,14
4,6,18.0,308,5,3,0,9,102,3,0
5,1,29.0,112,6,10,1,0,12,0,16
5,4,25.0,20,3,17,0,2,86,4,13
4,6,19.0,291,6,11,0,10,47,3,10
5,1,10.0,17,0,17,1,10,23,1,4
4,6,19.0,291,6,0,1,13,48,0,10
4,6,19.0,291,6,8,2,10,47,3,10
4,6,19.0,291,6,12,0,8,41,1,10
4,6,18.0,308,5,18,1,8,27,1,0
4,6,27.0,116,3,5,0,5,6,3,15
4,6,27.0,116,3,3,3,14,25,0,15
4,6,27.0,116,3,19,0,0,64,3,15
4,6,27.0,116,3,15,1,1,16,4,15
4,10,1.0,208,4,13,0,1,1,0,7
4,10,1.0,208,4,13,1,0,68,2,7
4,10,1.0,208,4,8,2,5,6,0,7
4,6,9.0,236,2,5,0,7,78,4,12
4,6,9.0,236,2,13,0,12,17,3,12
4,6,9.0,236,2,19,0,14,110,4,12
4,6,9.0,236,2,19,2,6,7,3,12
5,1,4.0,286,1,1,1,8,65,0,30
5,8,20.0,319,3,2,1,13,21,0,29
3,6,1.0,158,3,10,0,3,76,1,7
5,4,4.0,178,3,4,0,9,93,1,30
5,2,5.0,127,4,4,1,6,91,1,24
5,2,19.0,137,4,5,1,11,124,1,10
4,11,21.0,192,4,4,1,0,12,2,21
4,9,5.0,89,5,23,0,11,90,1,24
4,9,13.0,91,6,4,1,0,26,1,25
4,9,22.0,92,0,18,1,1,67,0,26
4,9,20.0,119,6,16,3,12,121,1,29
4,9,28.0,315,3,1,0,2,2,4,18
4,9,28.0,315,3,8,0,6,89,2,18
4,7,22.0,211,0,19,1,11,18,2,26
3,3,15.0,35,1,13,0,12,80,1,1
5,8,22.0,354,1,0,0,8,27,3,26
5,8,20.0,319,3,23,0,13,38,4,29
5,11,24.0,194,6,14,2,1,11,3,14
5,11,24.0,194,6,9,2,13,28,0,14
5,11,24.0,194,6,14,0,14,32,1,14
5,11,31.0,227,6,22,0,10,47,3,20
5,11,31.0,227,6,2,0,11,94,0,20
5,11,31.0,227,6,11,0,15,108,1,20
5,9,6.0,51,5,5,0,10,22,3,23
5,9,6.0,51,5,2,0,16,50,1,23
5,9,6.0,51,5,5,1,1,105,1,23
5,9,12.0,177,4,11,0,13,13,1,28
5,9,12.0,177,4,11,1,16,37,1,28
5,9,22.0,92,3,13,0,4,4,0,26
5,9,24.0,272,1,17,0,0,12,3,14
5,9,24.0,272,1,4,1,9,101,4,14
5,9,24.0,272,1,9,2,4,138,3,14
5,7,7.0,293,6,6,0,2,92,1,11
5,7,7.0,293,6,20,1,12,80,0,11
5,7,7.0,293,6,8,0,11,15,0,11
4,6,9.0,236,2,22,1,16,72,1,12
4,6,18.0,308,5,5,0,16,37,1,0
4,6,18.0,308,5,13,0,1,67,1,0
4,6,18.0,308,5,1,0,12,80,3,0
4,6,18.0,308,5,1,0,10,43,3,0
4,6,18.0,308,5,18,0,10,43,3,0
5,4,29.0,313,4,15,1,0,26,2,16
5,2,25.0,233,2,7,1,1,11,0,13
5,2,25.0,233,2,19,0,10,22,3,13
4,7,6.0,93,6,8,0,0,68,3,23
5,2,26.0,3,4,16,0,5,6,1,3
5,3,1.0,180,2,15,0,5,6,1,7
5,11,5.0,240,0,23,0,0,85,2,24
5,11,5.0,240,0,9,0,0,77,1,24
5,2,26.0,3,4,15,0,13,38,2,3
5,2,26.0,3,4,13,1,9,134,4,3
5,4,15.0,132,4,8,0,15,39,0,1
5,11,12.0,118,0,0,0,1,59,1,28
5,4,24.0,27,6,14,0,6,132,1,14
5,6,28.0,309,3,13,1,6,89,1,18
5,2,1.0,16,3,11,1,4,45,4,7
5,1,19.0,29,2,9,1,3,30,2,10
5,2,26.0,3,4,2,0,5,6,3,3
5,4,13.0,221,1,13,1,4,121,1,25
5,2,26.0,3,4,1,0,0,12,2,3
4,9,4.0,295,4,22,0,6,128,3,30
4,9,4.0,295,4,9,0,5,64,1,30
4,9,12.0,177,5,23,1,9,10,4,28
4,7,30.0,42,1,12,1,1,67,0,19
4,3,5.0,324,0,22,0,2,2,2,24
4,3,11.0,337,3,22,1,0,53,1,9
4,3,30.0,304,5,13,1,4,4,1,19
4,5,23.0,168,3,9,0,10,22,1,17
5,9,11.0,52,2,16,1,6,7,0,9
5,9,11.0,52,2,2,2,14,32,3,9
5,8,1.0,66,1,13,3,0,96,4,7
5,11,5.0,240,0,21,0,5,12,3,24
4,5,24.0,58,0,14,0,11,117,0,14
4,5,24.0,58,0,18,0,14,126,1,14
4,5,24.0,58,0,20,1,10,43,1,14
5,11,5.0,240,0,21,0,14,125,3,24
5,11,5.0,240,0,9,0,16,50,1,24
5,11,12.0,118,0,17,2,13,29,3,28
5,11,12.0,118,0,15,0,1,11,1,28
5,11,12.0,118,0,12,0,2,86,2,28
5,11,12.0,118,0,8,0,10,23,1,28
5,11,12.0,118,0,1,1,9,101,4,28
5,11,24.0,194,6,6,1,16,74,0,14
5,11,24.0,194,6,0,2,11,133,0,14
5,11,24.0,194,6,16,0,14,34,4,14
4,9,24.0,272,2,6,1,1,1,1,14
4,7,15.0,205,0,13,0,8,33,2,1
5,2,23.0,230,0,17,0,2,40,1,17
4,3,18.0,165,3,7,3,9,10,0,0
5,11,23.0,232,5,19,1,4,121,0,17
5,11,20.0,340,1,22,1,11,18,2,29
5,11,30.0,170,5,5,0,14,24,2,19
5,9,7.0,271,6,13,0,10,52,2,11
3,2,6.0,251,4,17,3,5,6,0,23
5,2,17.0,6,1,2,0,8,118,3,6
4,11,8.0,283,5,4,0,9,93,3,8
4,11,23.0,232,6,9,3,4,45,3,17
5,11,12.0,118,0,3,0,4,82,3,28
5,11,12.0,118,0,22,0,12,80,2,28
5,11,24.0,194,6,17,0,15,114,2,14
5,11,24.0,194,6,6,0,8,27,0,14
5,11,24.0,194,6,11,0,14,126,1,14
5,11,24.0,194,6,15,0,13,99,3,14
3,10,31.0,135,4,14,3,6,7,3,20
5,2,26.0,3,4,8,3,0,77,0,3
5,2,24.0,22,1,19,3,2,69,0,14
5,0,1.0,8,1,17,0,14,24,3,7
5,0,1.0,8,1,5,0,15,31,0,7
5,0,1.0,8,1,8,0,0,53,2,7
5,0,1.0,8,1,2,0,10,22,2,7
5,0,1.0,8,1,1,0,13,38,0,7
5,0,1.0,8,1,18,0,12,100,4,7
5,0,1.0,8,1,13,1,9,87,4,7
5,0,17.0,12,4,13,0,2,3,3,6
5,0,17.0,12,4,19,0,15,114,4,6
5,0,17.0,12,4,1,0,10,43,3,6
5,0,17.0,12,4,13,1,9,83,1,6
5,0,17.0,12,4,1,2,14,107,3,6
5,0,23.0,237,2,16,2,10,47,0,17
5,0,23.0,237,2,5,1,4,66,2,17
5,0,23.0,237,2,12,2,10,22,3,17
5,0,23.0,237,2,12,1,9,87,4,17
5,0,23.0,237,2,14,0,8,9,0,17
4,11,1.0,222,5,21,1,14,25,0,7
4,11,1.0,222,5,0,0,16,130,3,7
4,11,9.0,311,6,10,1,0,96,0,12
4,11,24.0,194,3,21,0,2,2,4,14
4,11,24.0,194,3,9,2,0,77,3,14
4,9,1.0,126,0,22,2,10,23,2,7
4,9,1.0,126,0,3,0,13,29,1,7
4,9,6.0,51,6,13,0,13,69,4,23
4,9,6.0,51,6,4,3,12,80,0,23
4,9,6.0,51,6,14,2,2,2,0,23
4,9,7.0,271,3,16,1,1,16,0,11
4,9,6.0,51,6,18,1,10,47,0,23
4,9,18.0,359,4,7,1,0,53,0,0
4,9,18.0,359,4,23,0,5,6,1,0
4,9,18.0,359,4,11,0,10,47,1,0
4,9,18.0,359,4,1,0,13,38,1,0
4,9,18.0,359,4,2,0,11,15,3,0
4,9,18.0,359,4,9,0,6,89,1,0
4,9,18.0,359,4,1,0,8,33,1,0
4,9,23.0,167,1,6,0,1,11,0,17
4,11,9.0,311,6,10,1,7,62,1,12
4,11,24.0,194,3,0,2,10,47,0,14
4,11,24.0,194,3,20,0,6,128,3,14
4,11,24.0,194,3,15,2,15,96,3,14
4,11,24.0,194,3,3,0,16,39,0,14
4,11,24.0,194,3,14,0,7,111,1,14
4,11,24.0,194,3,1,0,10,6,3,14
4,9,1.0,126,0,13,0,8,118,1,7
4,5,10.0,155,0,6,0,10,47,3,4
5,2,14.0,231,6,7,0,0,77,1,5
4,5,10.0,155,0,7,1,2,2,0,4
5,2,14.0,231,6,2,0,5,6,2,5
4,5,10.0,155,0,5,0,5,64,3,4
5,10,11.0,298,6,3,0,2,3,3,9
5,2,14.0,231,6,22,0,9,87,0,5
5,2,14.0,231,6,9,2,1,11,3,5
5,2,29.0,140,3,2,1,9,83,4,16
5,2,30.0,131,0,13,1,11,55,4,19
5,0,6.0,260,3,21,1,9,27,0,23
5,0,6.0,260,3,19,2,8,19,3,23
5,0,6.0,260,3,1,2,10,23,3,23
5,0,6.0,260,3,9,1,6,128,1,23
5,0,11.0,10,5,23,0,3,30,4,9
5,0,11.0,10,5,4,0,4,66,1,9
5,0,11.0,10,5,9,0,3,79,1,9
5,0,11.0,10,5,0,1,1,35,0,9
5,0,12.0,113,6,18,0,11,117,1,28
5,0,12.0,113,6,13,0,14,88,2,28
5,0,12.0,113,6,6,3,6,7,0,28
5,0,20.0,172,3,11,0,5,12,1,29
5,0,20.0,172,3,11,0,1,35,0,29
5,0,20.0,172,3,19,0,15,114,0,29
5,0,20.0,172,3,12,0,0,77,0,29
5,0,20.0,172,3,4,0,8,65,3,29
5,0,21.0,287,0,21,1,1,105,0,21
5,0,20.0,172,3,3,2,11,133,2,29
5,0,21.0,287,0,17,1,0,53,0,21
5,0,28.0,249,0,16,1,10,22,1,18
5,0,28.0,249,0,2,0,0,53,2,18
5,0,11.0,10,5,10,1,8,118,1,9
5,0,11.0,10,5,13,1,8,9,4,9
5,0,11.0,10,5,14,0,15,77,3,9
5,0,11.0,10,5,12,0,2,86,1,9
5,0,11.0,10,5,19,2,1,59,3,9
5,0,11.0,10,5,1,1,6,7,0,9
5,0,12.0,113,6,3,0,6,89,4,28
5,0,21.0,287,0,23,0,9,57,3,21
5,0,21.0,287,0,15,3,6,14,0,21
5,0,20.0,172,3,4,1,14,88,4,29
5,0,29.0,191,1,17,2,6,89,3,16
5,0,29.0,191,1,16,1,7,78,0,16
5,0,29.0,191,1,20,1,10,47,1,16
5,0,29.0,191,1,12,0,1,11,4,16
4,9,21.0,362,3,23,0,5,6,3,21
5,0,29.0,191,1,9,1,9,102,4,16
5,0,31.0,290,4,21,2,4,45,0,20
4,11,12.0,118,1,17,2,0,31,0,28
4,11,12.0,118,1,21,1,2,92,2,28
4,11,12.0,118,1,19,1,6,7,4,28
4,11,30.0,170,6,7,1,16,50,0,19
4,9,11.0,52,4,0,1,3,103,0,9
4,3,17.0,54,6,16,1,10,47,2,6
4,5,9.0,206,3,20,1,9,49,1,12
4,6,27.0,116,3,8,1,13,99,2,15
4,10,17.0,256,6,20,0,14,24,1,6
4,5,1.0,109,6,1,0,3,44,4,7
4,11,1.0,222,5,5,0,9,134,1,7
4,6,18.0,308,5,22,0,12,61,1,0
4,6,27.0,116,3,4,0,13,36,1,15
5,1,31.0,305,0,21,3,9,93,1,20
5,1,24.0,64,0,18,0,1,35,1,14
4,5,1.0,109,6,13,3,14,24,0,7
4,10,1.0,208,4,4,0,6,7,3,7
4,10,1.0,208,4,17,1,13,48,4,7
5,8,16.0,73,2,23,1,5,6,2,2
5,10,7.0,243,1,9,0,10,47,0,11
5,3,22.0,166,2,0,0,7,62,1,26
5,5,8.0,199,5,18,0,2,13,1,8
5,8,2.0,77,2,4,2,5,6,3,22
4,11,1.0,222,5,21,1,10,52,0,7
4,9,7.0,271,3,6,1,11,10,4,11
4,7,8.0,94,0,18,0,5,6,1,8
4,3,1.0,180,4,12,1,12,84,1,7
4,3,7.0,289,2,5,1,9,57,0,11
4,7,1.0,98,0,8,0,15,108,4,7
4,9,21.0,362,3,19,0,10,43,1,21
4,7,11.0,197,4,0,0,3,115,1,9
5,0,28.0,249,0,19,2,13,21,2,18
5,0,28.0,249,0,11,1,13,38,1,18
5,0,29.0,191,1,17,0,10,47,0,16
5,0,29.0,191,1,2,1,11,55,4,16
5,0,29.0,191,1,5,1,12,134,0,16
5,0,31.0,290,4,0,1,3,115,0,20
5,0,31.0,290,4,6,3,2,35,4,20
5,8,13.0,189,3,3,1,0,12,4,25
5,0,31.0,290,4,0,0,16,130,1,20
5,0,31.0,290,4,16,1,0,64,0,20
5,0,29.0,191,1,21,0,8,27,1,16
5,0,31.0,290,4,2,1,10,47,1,20
5,0,31.0,290,4,14,1,9,93,4,20
5,0,28.0,249,0,11,0,14,24,2,18
4,11,12.0,118,1,22,0,2,86,1,28
4,11,12.0,118,1,12,0,5,6,0,28
4,11,12.0,118,1,9,0,2,2,1,28
4,11,30.0,170,6,3,0,13,99,2,19
5,2,1.0,16,3,4,0,6,132,1,7
5,1,21.0,45,5,0,1,2,86,1,21
4,11,30.0,170,6,12,0,0,15,0,19
4,5,10.0,155,0,15,1,2,92,2,4
4,11,30.0,170,6,8,1,15,108,4,19
5,10,11.0,298,6,4,0,3,79,0,9
5,1,21.0,45,5,0,0,14,24,2,21
5,1,21.0,45,5,13,2,10,6,3,21
5,8,13.0,189,3,2,2,10,52,3,25
5,1,1.0,203,6,13,0,6,7,1,7
5,2,9.0,21,0,4,1,5,64,0,12
4,5,10.0,155,0,22,0,3,79,1,4
4,9,11.0,52,4,13,0,10,43,3,9
4,9,21.0,362,3,15,1,4,127,1,21
5,1,21.0,45,5,22,0,5,47,3,21
4,9,21.0,362,3,6,0,13,13,4,21
5,0,18.0,0,5,12,1,10,22,1,0
5,0,26.0,14,6,19,1,9,49,1,3
4,7,21.0,81,3,22,1,14,32,4,21
4,5,10.0,155,0,8,0,14,110,2,4
5,1,21.0,45,5,18,1,9,10,0,21
4,9,21.0,362,3,17,1,5,12,1,21
5,8,12.0,284,6,21,1,16,113,0,28
5,8,12.0,284,6,3,0,2,40,4,28
4,3,6.0,303,1,3,0,14,24,2,23
5,1,27.0,262,4,0,2,9,27,0,15
3,2,30.0,131,3,14,0,5,12,1,19
4,5,10.0,155,0,23,2,13,29,3,4
4,7,4.0,186,4,7,2,1,67,4,30
4,9,21.0,362,3,3,0,10,47,2,21
5,8,13.0,189,3,11,0,8,41,0,25
5,8,12.0,284,6,8,0,0,77,3,28
4,5,6.0,277,4,9,1,0,31,0,23
5,6,1.0,158,0,13,0,13,38,1,7
4,7,17.0,95,2,9,1,11,117,1,6
4,5,10.0,155,0,3,0,13,28,0,4
4,5,8.0,199,6,2,1,15,114,4,8
4,5,10.0,155,0,20,1,1,59,1,4
4,5,10.0,155,0,18,0,7,20,0,4
4,5,16.0,239,3,5,0,3,103,2,2
5,6,25.0,39,4,17,0,12,17,1,13
4,5,16.0,239,3,8,1,8,9,1,2
4,5,16.0,239,3,9,0,15,46,1,2
4,5,16.0,239,3,19,0,10,22,1,2
4,5,18.0,195,1,6,0,10,12,1,0
4,5,18.0,195,1,6,0,9,63,1,0
4,5,18.0,195,1,0,3,5,12,3,0
4,5,19.0,146,2,0,0,3,103,3,10
4,5,19.0,146,2,7,0,5,6,0,10
4,4,28.0,218,4,9,0,2,69,2,18
4,4,28.0,218,4,1,0,12,56,1,18
4,2,4.0,254,4,16,0,3,115,3,30
4,2,4.0,254,4,0,1,6,7,0,30
4,2,4.0,254,4,19,2,1,59,3,30
4,2,17.0,6,2,6,1,0,53,4,6
4,2,17.0,6,2,10,1,15,114,0,6
4,2,17.0,6,2,7,0,0,12,1,6
4,2,17.0,6,2,2,0,11,124,2,6
4,2,20.0,264,6,7,1,0,77,1,29
4,2,20.0,264,6,10,0,1,35,4,29
4,2,17.0,6,2,9,3,10,23,3,6
4,2,20.0,264,6,5,0,8,9,0,29
4,2,20.0,264,6,12,0,3,79,0,29
4,2,20.0,264,6,1,0,4,79,2,29
4,0,4.0,229,6,6,2,12,17,1,30
4,0,4.0,229,6,16,1,10,47,0,30
4,0,4.0,229,6,22,1,9,101,4,30
4,0,4.0,229,6,1,2,15,51,1,30
4,0,10.0,129,5,10,2,10,22,3,4
4,0,10.0,129,5,15,0,6,14,0,4
4,0,10.0,129,5,23,1,12,17,1,4
4,0,12.0,113,3,6,1,0,26,0,28
5,8,25.0,86,5,8,0,10,43,1,13
4,5,18.0,195,1,9,1,11,90,0,0
4,6,1.0,158,1,11,2,2,2,3,7
4,6,1.0,158,1,19,0,8,118,1,7
4,6,1.0,158,1,12,3,9,63,0,7
4,6,24.0,31,4,6,0,0,64,2,14
4,6,24.0,31,4,5,1,15,31,0,14
4,6,24.0,31,4,2,0,16,72,0,14
4,6,24.0,31,4,4,2,9,87,3,14
4,6,24.0,31,4,1,0,15,114,1,14
4,10,3.0,310,6,16,0,9,57,1,27
4,10,3.0,310,6,1,1,6,7,4,27
4,10,3.0,310,6,1,0,9,134,4,27
4,10,3.0,310,6,1,0,13,21,3,27
4,10,3.0,310,6,4,3,5,64,3,27
4,10,18.0,246,3,17,0,0,77,1,0
4,10,18.0,246,3,21,2,0,53,3,0
5,4,21.0,339,2,19,1,7,120,2,21
5,4,22.0,152,4,22,1,12,80,4,26
5,4,22.0,152,4,9,1,6,14,0,26
5,4,28.0,218,2,22,0,2,86,1,18
5,4,28.0,218,2,12,3,13,99,4,18
4,8,6.0,87,0,4,1,8,33,0,23
5,4,28.0,218,2,1,0,9,57,3,18
5,4,28.0,218,2,14,1,4,127,4,18
5,2,2.0,143,0,17,0,8,9,1,22
5,2,2.0,143,0,0,1,5,6,0,22
5,2,2.0,143,0,7,0,5,6,0,22
5,2,2.0,143,0,20,2,9,87,3,22
5,2,2.0,143,0,15,0,9,63,3,22
5,2,2.0,143,0,11,0,16,37,1,22
5,2,2.0,143,0,22,0,15,51,1,22
5,2,2.0,143,0,1,0,2,2,0,22
5,2,2.0,143,0,19,0,5,12,3,22
5,2,2.0,143,0,19,0,13,36,1,22
5,2,3.0,282,1,16,0,16,74,1,27
5,2,3.0,282,1,2,2,13,69,0,27
5,2,3.0,282,1,14,2,2,2,3,27
5,2,11.0,297,2,0,1,5,64,0,9
5,2,11.0,297,2,14,0,1,67,0,9
5,2,11.0,297,2,1,2,1,16,3,9
5,2,14.0,231,6,17,1,10,12,0,5
5,4,12.0,134,0,3,1,9,95,1,28
5,4,12.0,134,0,5,1,4,127,1,28
5,4,12.0,134,0,20,0,1,59,1,28
5,4,2.0,141,5,19,2,8,41,2,22
5,4,14.0,345,2,0,0,10,47,0,5
5,4,12.0,134,0,17,0,13,29,1,28
5,4,14.0,345,2,11,1,14,32,4,5
5,4,14.0,345,2,2,0,2,60,4,5
4,7,4.0,186,4,3,1,12,17,4,30
5,8,13.0,189,3,2,2,2,2,3,25
5,4,22.0,152,4,4,0,14,34,1,26
4,3,16.0,263,5,1,0,5,0,3,2
5,8,12.0,284,6,8,0,0,64,2,28
5,8,13.0,189,3,20,0,10,47,2,25
4,5,6.0,277,4,1,0,2,2,1,23
4,7,4.0,186,4,19,0,2,86,1,30
4,1,7.0,32,6,10,3,10,22,1,11
5,8,13.0,189,3,22,0,1,1,0,25
4,10,15.0,60,4,20,1,2,2,4,1
5,10,12.0,333,3,7,1,0,53,1,28
4,5,2.0,307,3,1,0,9,27,2,22
4,7,4.0,186,4,1,0,12,135,1,30
4,1,13.0,207,5,5,0,6,128,1,25
5,1,22.0,164,6,18,3,10,30,0,26
5,1,27.0,262,4,13,1,13,21,4,15
5,10,12.0,333,3,13,1,8,41,4,28
5,6,15.0,49,0,12,0,16,130,1,1
5,4,28.0,218,2,6,0,15,46,4,18
5,8,18.0,75,5,5,1,13,28,4,0
4,10,18.0,246,3,12,0,2,86,2,0
4,10,18.0,246,3,18,0,0,77,2,0
4,10,26.0,61,0,0,2,3,30,3,3
4,10,26.0,61,0,15,3,3,115,1,3
4,10,26.0,61,0,15,0,12,135,2,3
4,10,26.0,61,0,4,0,9,54,3,3
4,1,1.0,203,3,7,2,13,13,3,7
4,1,1.0,203,3,0,1,14,25,0,7
4,1,1.0,203,3,15,0,4,82,1,7
4,1,1.0,203,3,5,1,1,11,1,7
4,1,2.0,171,0,7,1,13,13,0,22
4,1,1.0,203,3,18,1,13,99,0,7
4,1,2.0,171,0,1,0,5,6,3,22
4,1,1.0,203,3,7,1,11,15,1,7
4,1,3.0,188,1,10,1,13,13,0,27
4,1,3.0,188,1,21,1,3,115,4,27
4,1,3.0,188,1,2,0,0,77,0,27
4,1,3.0,188,1,4,1,10,47,1,27
4,1,3.0,188,1,14,0,6,73,1,27
4,1,1.0,203,3,19,0,5,6,1,7
4,1,9.0,50,0,18,0,8,9,1,12
4,1,11.0,111,2,22,0,9,101,3,9
5,4,30.0,139,5,4,1,12,56,4,19
5,0,14.0,5,0,1,1,7,57,2,5
3,3,1.0,180,1,18,0,13,13,1,7
5,5,20.0,214,2,4,0,7,120,1,29
5,5,10.0,155,3,13,3,8,118,1,4
4,9,4.0,295,4,17,0,13,99,4,30
4,11,22.0,250,5,2,1,10,47,2,26
5,10,19.0,117,3,15,0,14,24,2,10
4,5,11.0,326,1,3,3,5,6,0,9
4,6,20.0,215,3,5,0,0,64,2,29
5,8,29.0,301,1,2,0,10,47,0,16
5,1,29.0,112,6,21,2,15,119,0,16
5,1,28.0,300,5,5,0,3,44,3,18
5,3,1.0,180,2,22,0,14,24,2,7
4,10,31.0,135,6,4,1,7,129,4,20
4,6,15.0,49,1,17,0,4,75,1,1
4,3,3.0,182,6,5,1,8,33,0,27
5,8,29.0,301,1,1,1,1,105,0,16
5,8,29.0,301,1,20,1,13,38,1,16
5,8,28.0,224,0,6,1,5,12,0,18
1,11,1.0,222,6,17,0,15,51,1,7
4,1,24.0,64,1,21,0,0,12,3,14
5,8,18.0,75,5,5,0,13,99,2,0
5,8,18.0,75,5,5,1,5,6,0,0
5,8,18.0,75,5,14,0,6,89,3,0
5,8,30.0,103,2,10,1,5,6,0,19
5,8,30.0,103,2,5,0,14,24,2,19
5,8,30.0,103,2,5,2,13,36,1,19
5,8,30.0,103,2,4,1,10,23,4,19
5,8,30.0,103,2,21,1,5,6,1,19
5,4,2.0,141,5,1,1,1,67,4,22
5,4,10.0,79,6,6,2,13,48,3,4
5,4,10.0,79,6,7,1,9,9,0,4
5,4,10.0,79,6,9,1,14,24,1,4
5,4,11.0,121,3,16,0,3,44,1,9
5,4,10.0,79,6,2,0,14,24,2,4
5,4,11.0,121,3,17,1,0,64,0,9
5,4,10.0,79,6,19,0,5,12,1,4
5,4,11.0,121,3,12,0,0,31,2,9
5,2,28.0,257,6,5,0,0,53,1,18
5,2,29.0,140,3,15,0,7,20,2,16
5,2,29.0,140,3,4,2,1,16,3,16
5,2,29.0,140,3,14,2,15,39,1,16
5,2,29.0,140,3,13,1,11,55,4,16
5,2,30.0,131,0,19,0,16,130,4,19
5,2,30.0,131,0,18,1,6,7,0,19
5,0,6.0,260,3,17,1,16,74,1,23
5,0,6.0,260,3,6,0,13,21,2,23
5,0,6.0,260,3,6,0,10,22,3,23
5,0,6.0,260,3,22,0,1,11,4,23
5,0,11.0,10,5,4,0,10,47,0,9
5,0,11.0,10,5,10,1,16,74,1,9
5,0,11.0,10,5,9,2,15,114,3,9
5,0,20.0,172,3,17,1,5,6,0,29
5,0,20.0,172,3,3,0,10,22,2,29
5,0,20.0,172,3,19,2,16,50,0,29
5,0,20.0,172,3,1,2,8,27,3,29
5,0,21.0,287,0,17,0,0,12,3,21
5,0,21.0,287,0,16,1,14,25,0,21
5,0,21.0,287,0,2,0,16,39,0,21
5,0,21.0,287,0,1,0,6,89,3,21
5,0,21.0,287,0,9,0,13,48,1,21
5,0,28.0,249,0,6,1,5,64,2,18
5,4,14.0,345,2,6,0,10,47,3,5
4,5,17.0,212,0,1,0,16,42,3,6
4,7,11.0,197,4,17,1,10,22,0,9
4,1,16.0,2,0,20,0,0,12,1,2
4,5,17.0,212,0,18,0,12,17,1,6
4,7,11.0,197,4,11,0,6,14,0,9
4,1,25.0,65,2,0,0,3,30,1,13
5,4,14.0,345,2,22,3,13,13,0,5
5,1,27.0,262,4,13,0,2,69,3,15
5,4,14.0,345,2,14,0,2,86,3,5
5,10,20.0,223,0,22,0,5,6,3,29
5,1,27.0,262,4,20,1,12,100,4,15
5,4,21.0,339,2,0,0,3,115,3,21
5,1,27.0,262,4,14,2,16,130,0,15
5,10,20.0,223,0,4,0,13,21,0,29
5,2,1.0,16,3,13,0,10,43,1,7
5,4,7.0,133,2,19,1,15,51,4,11
5,4,21.0,339,2,4,0,4,127,2,21
5,1,27.0,262,4,19,0,14,24,2,15
4,7,13.0,238,6,8,0,10,47,1,25
5,0,31.0,290,4,22,2,16,65,3,20
5,0,31.0,290,4,4,2,2,2,0,20
5,0,12.0,113,6,22,0,14,24,2,28
4,11,12.0,118,1,6,1,15,119,2,28
4,11,12.0,118,1,7,1,0,68,0,28
4,11,12.0,118,1,14,0,16,74,1,28
4,11,30.0,170,6,11,3,9,93,3,19
4,9,11.0,52,4,19,0,8,118,4,9
4,9,11.0,52,4,4,2,2,2,3,9
4,9,21.0,362,3,21,1,11,117,0,21
4,9,21.0,362,3,13,0,10,43,1,21
4,9,21.0,362,3,4,1,1,105,4,21
4,7,4.0,186,4,6,1,11,94,2,30
4,7,4.0,186,4,10,1,0,64,0,30
4,7,11.0,197,4,10,1,8,19,0,9
4,7,13.0,238,6,0,0,12,104,1,25
4,7,13.0,238,6,22,0,13,48,0,25
4,7,19.0,330,5,22,0,9,27,3,10
4,7,19.0,330,5,14,2,14,110,3,10
4,7,19.0,330,5,9,0,13,48,4,10
4,7,21.0,81,3,3,0,1,59,2,21
4,3,4.0,285,3,11,1,8,9,0,30
4,3,4.0,285,3,11,0,13,28,4,30
4,3,4.0,285,3,3,0,4,82,2,30
4,3,6.0,303,1,19,0,2,86,1,23
4,3,29.0,325,4,16,0,4,45,0,16
4,3,29.0,325,4,16,1,0,64,0,16
5,0,6.0,260,3,19,0,16,50,2,23
5,0,11.0,10,5,15,0,3,76,3,9
5,2,1.0,16,3,17,0,13,99,4,7
5,2,1.0,16,3,4,1,11,55,4,7
5,2,9.0,21,0,8,0,0,0,3,12
5,2,9.0,21,0,15,1,16,74,1,12
5,0,10.0,129,4,7,1,8,27,1,4
5,0,10.0,129,4,19,3,0,12,0,4
4,11,25.0,88,0,8,1,0,85,4,13
4,9,10.0,156,2,18,1,5,6,1,4
4,9,10.0,156,2,19,1,1,105,2,4
4,9,10.0,156,2,12,0,2,40,4,4
5,8,1.0,66,1,15,3,6,7,2,7
5,8,15.0,72,1,14,1,10,52,4,1
5,11,12.0,118,0,5,0,14,24,2,28
5,9,24.0,272,1,18,0,1,16,4,14
5,9,22.0,92,3,2,1,6,14,1,26
5,8,14.0,296,0,8,0,7,20,2,5
5,9,24.0,272,1,1,0,14,24,2,14
5,7,7.0,293,6,8,0,4,82,3,11
5,2,1.0,16,3,17,1,9,49,1,7
4,9,8.0,90,0,1,2,13,48,0,8
5,0,18.0,0,5,17,3,2,2,1,0
4,7,16.0,40,1,14,0,0,12,0,2
2,1,1.0,171,4,6,0,10,43,1,7
4,1,11.0,111,2,1,2,1,1,3,9
5,8,17.0,74,4,4,1,16,65,0,6
5,4,1.0,144,4,4,1,8,9,1,7
5,4,1.0,144,4,5,1,10,22,1,7
4,1,16.0,2,0,16,1,7,62,4,2
4,1,16.0,2,0,16,0,5,12,3,2
4,1,3.0,188,1,2,1,0,68,0,27
4,1,9.0,50,0,7,1,3,30,0,12
4,1,16.0,2,0,4,0,3,70,3,2
4,1,25.0,65,2,17,0,10,12,3,13
4,1,25.0,65,2,21,2,14,97,0,13
4,1,25.0,65,2,15,0,2,69,3,13
4,1,25.0,65,2,8,0,8,9,0,13
4,1,11.0,111,2,21,0,8,27,1,9
4,1,28.0,300,6,6,1,4,4,1,18
4,1,28.0,300,6,0,0,7,129,1,18
4,8,2.0,77,4,0,0,4,4,3,22
4,8,2.0,77,4,0,1,9,87,2,22
4,8,2.0,77,4,22,0,7,20,1,22
4,8,2.0,77,4,22,0,10,23,0,22
4,7,22.0,211,0,9,1,13,21,0,26
3,1,2.0,171,6,13,3,12,17,4,22
5,1,4.0,286,1,17,0,10,22,1,30
5,1,4.0,286,1,1,2,10,22,3,30
5,1,18.0,82,1,8,0,9,9,2,0
4,6,23.0,84,2,4,0,10,47,3,17
4,10,13.0,346,1,18,0,1,11,1,25
5,1,20.0,151,4,1,0,13,28,1,29
5,4,28.0,218,2,21,0,0,12,1,18
5,1,30.0,100,3,10,0,4,75,1,19
5,8,8.0,76,1,18,0,14,25,1,8
5,10,20.0,223,0,3,0,14,34,2,29
5,4,28.0,218,2,8,0,15,114,1,18
5,4,21.0,339,2,1,3,13,48,3,21
5,1,30.0,100,3,3,0,2,2,1,19
4,1,25.0,65,2,0,0,2,2,3,13
5,6,1.0,158,0,13,0,10,23,1,7
5,10,27.0,302,0,3,0,3,76,1,15
5,1,1.0,203,6,5,0,1,67,3,7
5,1,1.0,203,6,20,2,5,6,0,7
5,1,1.0,203,6,13,2,6,7,0,7
5,8,30.0,103,2,4,0,15,51,0,19
5,10,1.0,208,2,11,0,13,99,2,7
5,8,30.0,103,2,1,0,5,12,0,19
5,4,2.0,141,5,4,0,14,24,2,22
5,4,10.0,79,6,0,1,9,10,4,4
5,4,10.0,79,6,8,0,8,41,4,4
5,4,10.0,79,6,1,0,7,120,1,4
5,4,11.0,121,3,16,0,0,12,0,9
5,4,11.0,121,3,17,1,2,2,4,9
5,4,10.0,79,6,6,1,1,67,0,4
5,4,11.0,121,3,8,2,4,5,0,9
5,4,11.0,121,3,15,1,15,119,2,9
5,4,11.0,121,3,12,0,10,22,3,9
5,1,1.0,203,6,18,0,14,24,1,7
5,4,10.0,79,6,5,0,2,92,2,4
5,4,2.0,141,5,10,3,6,7,0,22
5,4,12.0,134,0,3,0,2,35,4,28
5,4,12.0,134,0,22,0,13,69,3,28
5,4,12.0,134,0,12,0,14,131,2,28
5,4,12.0,134,0,19,0,6,89,1,28
5,4,11.0,121,3,1,1,16,108,0,9
5,4,12.0,134,0,19,0,13,28,2,28
5,4,12.0,134,0,9,0,13,48,4,28
5,4,12.0,134,0,11,1,0,64,1,28
5,4,10.0,79,6,14,0,1,67,3,4
5,7,1.0,98,3,4,0,4,82,1,7
4,1,4.0,286,2,22,0,12,61,2,30
4,1,7.0,32,6,4,3,12,84,3,11
5,4,11.0,121,3,19,0,6,73,0,9
5,4,11.0,121,3,6,1,5,12,1,9
5,4,12.0,134,0,20,0,6,132,1,28
5,4,12.0,134,0,13,0,9,93,0,28
5,4,12.0,134,0,13,1,0,53,4,28
5,4,12.0,134,0,9,1,12,83,4,28
5,4,14.0,345,2,6,0,0,12,3,5
5,4,14.0,345,2,0,0,4,82,1,5
5,4,14.0,345,2,0,1,6,89,4,5
4,8,11.0,306,6,4,2,16,72,3,9
4,8,11.0,306,6,23,1,16,139,4,9
4,8,27.0,78,0,23,0,14,107,1,15
4,8,27.0,78,0,15,0,13,123,2,15
4,8,27.0,78,0,13,2,8,9,1,15
4,8,27.0,78,0,1,0,9,95,4,15
4,8,27.0,78,0,17,0,0,15,0,15
4,4,9.0,18,6,16,0,14,25,3,12
4,4,9.0,18,6,8,0,4,127,4,12
4,4,9.0,18,6,14,0,5,6,0,12
4,6,1.0,158,1,17,3,9,83,4,7
4,4,28.0,218,4,6,1,3,4,0,18
4,1,11.0,111,2,4,0,13,28,1,9
4,1,16.0,2,0,23,0,15,31,1,2
4,1,11.0,111,2,13,1,6,7,4,9
4,1,16.0,2,0,7,1,12,84,1,2
4,1,16.0,2,0,8,0,16,130,4,2
4,1,16.0,2,0,2,0,5,64,3,2
4,1,16.0,2,0,1,0,4,45,1,2
4,1,16.0,2,0,22,1,1,59,4,2
5,4,12.0,134,0,8,0,1,11,2,28
5,4,21.0,339,2,21,0,1,67,0,21
5,4,21.0,339,2,8,0,2,86,1,21
5,4,21.0,339,2,1,1,0,15,0,21
5,4,21.0,339,2,2,0,2,69,2,21
5,4,21.0,339,2,1,0,3,30,0,21
5,4,21.0,339,2,1,0,16,130,3,21
5,4,21.0,339,2,4,0,10,22,1,21
5,4,21.0,339,2,18,1,10,22,4,21
5,4,22.0,152,4,11,1,6,116,4,26
5,10,1.0,208,2,17,0,14,25,1,7
5,8,12.0,284,6,2,0,0,53,2,28
5,8,12.0,284,6,12,0,15,85,3,28
5,8,13.0,189,3,21,0,13,21,1,25
5,4,28.0,218,2,22,0,10,47,4,18
5,1,30.0,100,3,11,1,9,49,4,19
5,2,2.0,143,0,12,0,5,12,3,22
5,1,30.0,100,3,13,1,9,87,4,19
5,8,2.0,77,2,17,0,8,19,0,22
5,8,2.0,77,2,3,0,5,0,1,22
5,6,11.0,355,4,2,1,3,30,0,9
5,6,26.0,348,5,12,0,13,69,3,3
5,10,10.0,245,5,9,0,14,25,1,4
5,10,26.0,61,3,8,0,14,24,2,3
5,10,29.0,318,2,19,0,9,27,3,16
4,5,4.0,114,1,19,1,13,28,1,30
4,5,3.0,161,0,4,1,1,59,1,27
4,5,29.0,24,6,19,0,5,12,3,16
4,6,23.0,84,2,15,2,1,1,3,17
4,6,23.0,84,2,3,3,10,12,3,17
4,6,23.0,84,2,3,1,5,12,0,17
4,10,29.0,318,4,18,1,7,54,4,16
4,1,25.0,65,2,21,2,15,31,0,13
3,10,1.0,208,1,10,0,10,12,2,7
5,8,19.0,280,6,15,0,4,5,3,10
5,4,4.0,178,3,7,0,13,36,4,30
5,4,4.0,178,3,4,3,5,12,1,30
5,4,27.0,274,1,12,1,10,47,1,15
5,2,22.0,209,3,8,0,15,114,2,26
5,4,22.0,152,4,3,0,10,22,1,26
5,11,8.0,283,4,9,0,16,72,1,8
4,11,5.0,240,1,2,1,11,55,4,24
3,5,1.0,109,4,1,0,10,23,1,7
4,11,10.0,360,3,6,1,10,52,4,4
5,3,27.0,361,0,4,0,12,84,4,15
4,7,14.0,125,3,14,0,16,42,1,5
4,8,2.0,77,4,12,0,4,127,2,22
4,8,2.0,77,4,12,0,10,47,3,22
4,8,2.0,77,4,18,0,10,52,1,22
4,8,11.0,306,6,7,0,0,12,1,9
4,8,11.0,306,6,2,0,2,69,4,9
4,8,27.0,78,0,16,0,9,93,3,15
4,8,27.0,78,0,5,0,3,79,4,15
4,8,27.0,78,0,5,0,10,22,3,15
4,8,27.0,78,0,13,0,1,105,3,15
4,8,27.0,78,0,8,0,5,6,3,15
4,8,27.0,78,0,14,0,4,127,3,15
4,4,9.0,18,6,20,0,2,86,4,12
4,4,9.0,18,6,15,0,15,31,2,12
4,4,9.0,18,6,8,0,4,82,3,12
4,4,9.0,18,6,2,0,2,92,3,12
4,4,9.0,18,6,8,0,2,92,2,12
4,4,9.0,18,6,15,0,1,16,0,12
4,4,28.0,218,4,21,1,7,111,0,18
4,4,28.0,218,4,2,1,10,47,1,18
4,4,28.0,218,4,17,0,6,7,4,18
4,7,23.0,202,1,13,1,3,44,1,17
4,7,23.0,202,1,2,0,8,19,3,17
4,7,23.0,202,1,14,0,7,20,4,17
4,3,2.0,120,5,22,0,6,89,1,22
4,3,2.0,120,5,15,3,15,31,1,22
4,3,2.0,120,5,12,0,13,69,2,22
4,3,2.0,120,5,4,2,2,13,0,22
4,3,8.0,148,4,2,2,8,27,2,8
4,3,8.0,148,4,14,0,16,139,4,8
4,3,18.0,165,3,16,0,13,28,4,0
5,4,6.0,176,1,1,0,4,75,1,23
4,5,7.0,349,5,10,1,16,50,0,11
4,5,7.0,349,5,10,1,6,7,0,11
4,5,7.0,349,5,23,0,14,88,1,11
4,5,7.0,349,5,8,0,2,2,3,11
4,5,7.0,349,5,2,1,0,12,1,11
0,4,27.0,274,5,12,0,10,47,0,15
5,7,21.0,81,6,5,1,10,43,1,21
4,5,8.0,199,6,23,0,16,37,3,8
4,5,8.0,199,6,5,2,4,45,0,8
4,5,7.0,349,5,23,0,7,129,4,11
5,4,1.0,144,4,8,0,8,27,1,7
4,5,8.0,199,6,20,1,13,38,4,8
4,5,8.0,199,6,14,0,16,42,1,8
4,5,8.0,199,6,9,3,8,27,0,8
4,1,25.0,65,2,11,0,4,4,4,13
5,8,14.0,296,0,18,1,5,64,0,5
4,1,25.0,65,2,20,0,5,6,0,13
5,8,14.0,296,0,1,0,15,112,3,5
4,1,25.0,65,2,4,0,2,123,3,13
5,2,2.0,143,0,19,2,1,81,0,22
5,8,14.0,296,0,20,0,10,12,2,5
5,2,3.0,282,1,23,0,5,12,0,27
4,6,10.0,149,4,17,0,12,84,1,4
5,2,3.0,282,1,21,1,8,41,0,27
5,2,3.0,282,1,3,0,10,47,3,27
4,1,25.0,65,2,14,2,3,79,2,13
5,4,26.0,80,0,9,0,6,73,1,3
4,8,26.0,278,3,13,1,0,53,0,3
4,8,26.0,278,3,18,1,0,26,1,3
5,4,11.0,121,3,8,0,4,5,1,9
5,4,11.0,121,3,19,0,16,139,0,9
5,4,12.0,134,0,6,0,4,82,1,28
5,4,10.0,79,6,19,1,5,12,0,4
5,4,12.0,134,0,5,1,2,2,4,28
5,4,12.0,134,0,22,1,12,104,4,28
5,4,12.0,134,0,19,0,5,12,2,28
5,4,11.0,121,3,9,0,10,52,2,9
5,4,12.0,134,0,13,0,1,81,2,28
5,4,14.0,345,2,21,0,1,67,0,5
5,4,21.0,339,2,17,0,10,23,1,21
5,4,21.0,339,2,13,2,16,37,0,21
5,4,21.0,339,2,13,0,1,105,0,21
5,4,21.0,339,2,14,1,0,64,0,21
5,4,21.0,339,2,18,1,12,121,4,21
5,4,22.0,152,4,11,0,2,86,3,26
5,4,2.0,141,5,13,1,9,27,0,22
5,4,28.0,218,2,5,3,10,47,1,18
5,1,21.0,45,5,7,0,5,47,3,21
5,1,27.0,262,4,6,2,8,9,3,15
5,1,27.0,262,4,0,1,1,105,0,15
5,1,27.0,262,4,8,2,9,57,0,15
5,1,27.0,262,4,12,0,15,31,1,15
5,1,30.0,100,3,21,0,3,76,4,19
5,1,30.0,100,3,22,3,11,90,3,19
5,1,30.0,100,3,2,3,14,34,3,19
5,1,30.0,100,3,15,1,1,67,4,19
5,8,2.0,77,2,6,0,6,89,0,22
5,8,2.0,77,2,3,0,1,35,4,22
5,1,30.0,100,3,18,0,14,25,1,19
5,8,2.0,77,2,19,2,13,48,2,22
5,8,2.0,77,2,16,0,5,12,3,22
5,8,12.0,284,6,10,0,10,47,2,28
5,8,12.0,284,6,22,0,13,99,2,28
5,8,12.0,284,6,4,1,7,129,4,28
5,8,12.0,284,6,11,1,3,115,4,28
5,8,12.0,284,6,3,1,9,95,1,28
5,8,13.0,189,3,16,1,16,113,0,25
5,8,12.0,284,6,14,1,9,101,4,28
5,4,22.0,152,4,1,0,0,68,3,26
5,8,13.0,189,3,5,0,15,39,0,25
5,8,12.0,284,6,9,0,0,31,4,28
5,8,13.0,189,3,1,0,10,12,3,25
4,5,14.0,36,5,5,0,10,23,1,5
4,1,4.0,286,2,1,1,13,13,0,30
5,1,1.0,203,6,12,0,8,33,1,7
5,1,1.0,203,6,8,2,10,47,2,7
5,1,5.0,219,2,11,0,13,36,4,24
4,8,25.0,86,6,8,0,3,70,2,13
4,8,26.0,278,3,0,1,8,19,0,3
5,0,10.0,129,4,1,0,9,95,1,4
5,4,24.0,27,6,0,0,13,21,1,14
5,0,25.0,281,5,17,0,8,27,1,13
5,0,2.0,47,2,3,1,5,12,1,22
5,5,14.0,36,4,19,0,0,12,3,5
5,5,25.0,350,0,11,1,1,59,1,13
4,11,25.0,88,0,18,0,4,79,3,13
4,11,25.0,88,0,3,1,4,45,0,13
4,11,16.0,225,6,17,1,9,134,1,2
4,5,2.0,307,3,13,0,3,76,4,22
4,10,2.0,358,5,3,2,10,43,3,22
4,10,16.0,201,5,17,2,2,69,2,2
4,10,25.0,56,3,4,3,0,26,3,13
5,8,9.0,124,2,5,0,5,6,1,12
5,10,30.0,157,4,8,1,9,27,2,19
4,1,10.0,17,1,3,1,4,127,4,4
4,1,10.0,17,1,14,0,2,2,1,4
4,10,25.0,56,3,22,0,5,6,2,13
4,1,8.0,62,3,5,1,0,12,0,8
5,4,26.0,80,0,1,1,0,0,4,3
4,8,26.0,278,3,19,0,8,27,4,3
5,1,21.0,45,5,6,0,11,122,4,21
5,1,21.0,45,5,0,0,0,64,3,21
5,2,3.0,282,1,19,0,2,2,3,27
3,11,31.0,227,5,13,0,13,69,1,20
5,2,11.0,297,2,11,1,2,86,0,9
5,2,11.0,297,2,3,0,2,86,2,9
5,2,14.0,231,6,5,3,11,15,1,5
5,2,28.0,257,6,16,0,4,103,3,18
5,2,28.0,257,6,8,1,16,130,1,18
5,2,29.0,140,3,4,1,14,126,4,16
5,2,30.0,131,0,17,0,10,22,2,19
5,2,29.0,140,3,11,1,9,54,1,16
5,2,29.0,140,3,18,0,13,99,2,16
5,2,29.0,140,3,12,1,9,83,4,16
5,2,30.0,131,0,8,0,5,6,3,19
5,2,29.0,140,3,18,1,10,47,0,16
5,2,11.0,297,2,9,2,4,4,3,9
5,0,11.0,10,5,20,0,5,6,3,9
5,0,11.0,10,5,13,0,16,50,2,9
5,0,11.0,10,5,22,3,0,31,4,9
5,0,12.0,113,6,0,1,1,16,0,28
5,0,11.0,10,5,8,0,10,22,2,9
5,0,12.0,113,6,3,0,3,115,3,28
5,0,6.0,260,3,12,3,6,132,3,23
5,0,12.0,113,6,4,1,14,126,4,28
5,0,12.0,113,6,9,0,11,15,0,28
5,0,20.0,172,3,21,1,8,41,0,29
5,0,20.0,172,3,0,1,11,124,0,29
5,0,21.0,287,0,5,0,5,6,2,21
5,0,20.0,172,3,18,1,0,53,4,29
5,0,21.0,287,0,15,0,8,118,2,21
5,0,20.0,172,3,3,1,14,88,4,29
5,0,21.0,287,0,12,0,5,6,2,21
5,0,28.0,249,0,7,0,6,126,1,18
5,0,29.0,191,1,15,2,1,105,3,16
5,0,31.0,290,4,3,0,1,16,4,20
5,4,11.0,121,3,10,1,12,104,4,9
5,4,12.0,134,0,6,0,3,76,1,28
5,4,12.0,134,0,0,1,15,31,0,28
5,4,12.0,134,0,19,2,10,47,0,28
4,6,6.0,83,3,12,3,14,24,2,23
5,4,12.0,134,0,4,0,14,25,1,28
5,4,12.0,134,0,1,0,8,41,4,28
5,4,12.0,134,0,9,2,10,47,3,28
5,4,12.0,134,0,1,0,1,81,2,28
5,4,14.0,345,2,16,0,10,22,3,5
5,4,14.0,345,2,19,0,10,47,3,5
5,4,21.0,339,2,17,0,0,12,3,21
5,4,21.0,339,2,7,0,9,102,2,21
5,4,21.0,339,2,22,0,0,12,3,21
5,4,21.0,339,2,14,0,3,70,4,21
5,4,21.0,339,2,1,1,10,47,0,21
5,4,22.0,152,4,12,0,0,12,1,26
5,4,10.0,79,6,5,0,10,47,2,4
5,4,22.0,152,4,19,0,5,6,3,26
5,4,28.0,218,2,3,0,8,41,0,18
5,2,2.0,143,0,4,0,6,7,3,22
5,2,2.0,143,0,1,2,8,27,3,22
5,2,3.0,282,1,7,0,8,19,0,27
5,2,3.0,282,1,20,2,9,27,3,27
5,2,3.0,282,1,8,0,6,7,0,27
5,2,3.0,282,1,18,0,13,99,1,27
5,0,28.0,249,0,22,0,10,22,3,18
5,0,28.0,249,0,2,2,2,86,0,18
5,0,28.0,249,0,3,1,1,67,4,18
5,0,29.0,191,1,0,1,15,85,0,16
5,0,29.0,191,1,21,1,5,64,0,16
5,0,29.0,191,1,11,0,2,2,4,16
5,0,29.0,191,1,9,0,10,12,3,16
5,0,28.0,249,0,14,0,9,101,1,18
5,0,31.0,290,4,2,0,16,113,4,20
4,11,12.0,118,1,22,0,13,69,3,28
4,9,11.0,52,4,20,0,0,15,3,9
5,4,22.0,152,4,5,1,12,104,1,26
4,1,25.0,65,2,5,1,14,126,1,13
4,1,28.0,300,6,21,1,2,92,0,18
4,1,28.0,300,6,8,0,5,6,0,18
4,1,28.0,300,6,19,0,2,2,1,18
4,1,28.0,300,6,8,0,1,11,3,18
4,1,28.0,300,6,20,1,2,13,0,18
4,8,2.0,77,4,10,0,9,93,1,22
4,8,2.0,77,4,7,0,2,86,3,22
5,8,18.0,75,5,13,1,2,13,1,0
5,8,18.0,75,5,7,1,10,22,0,0
5,8,18.0,75,5,2,2,9,93,0,0
5,8,18.0,75,5,12,0,13,29,0,0
5,8,30.0,103,2,17,0,8,118,4,19
5,1,1.0,203,6,17,0,10,23,1,7
5,8,30.0,103,2,16,0,5,6,3,19
5,8,30.0,103,2,2,0,2,86,3,19
5,8,30.0,103,2,8,2,16,50,3,19
5,8,30.0,103,2,18,0,13,28,1,19
5,8,30.0,103,2,18,0,6,7,0,19
5,4,2.0,141,5,23,1,14,24,1,22
5,4,2.0,141,5,13,1,1,67,4,22
5,6,21.0,193,3,13,0,13,99,3,21
5,4,11.0,121,3,8,0,12,17,0,9
5,4,2.0,141,5,15,0,8,9,0,22
5,4,2.0,141,5,4,2,0,53,0,22
5,4,2.0,141,5,1,2,15,51,0,22
5,4,10.0,79,6,11,2,4,45,0,4
5,4,10.0,79,6,12,0,11,133,0,4
5,4,10.0,79,6,19,0,1,35,3,4
5,3,13.0,210,0,13,0,0,26,2,25
5,5,22.0,163,5,2,1,11,10,4,26
5,6,22.0,185,0,0,1,9,57,0,26
5,6,24.0,31,2,18,1,16,37,0,14
5,6,22.0,185,0,13,3,8,33,3,26
2,11,1.0,222,0,17,0,14,34,4,7
5,9,24.0,272,1,15,1,6,128,4,14
5,9,24.0,272,1,0,0,11,15,4,14
5,8,15.0,72,1,4,1,14,126,4,1
5,7,24.0,68,1,6,1,0,26,1,14
5,3,23.0,57,4,14,0,1,16,3,17
5,5,25.0,350,0,12,1,13,48,2,13
4,9,8.0,90,0,18,0,2,86,4,8
4,11,31.0,227,3,3,1,9,58,4,20
4,9,8.0,90,0,9,2,11,15,0,8
5,0,2.0,47,2,17,0,11,8,1,22
5,0,10.0,129,4,17,3,11,15,4,4
5,2,1.0,16,3,13,1,8,9,1,7
4,11,25.0,88,0,3,1,4,45,0,13
4,9,8.0,90,0,2,0,8,41,1,8
4,9,8.0,90,0,13,1,13,28,1,8
4,7,17.0,95,2,18,0,16,37,1,6
2,11,18.0,332,4,22,0,4,127,4,0
4,9,26.0,267,5,17,3,0,12,0,3
4,10,2.0,358,5,19,0,3,30,0,22
4,6,25.0,39,5,13,0,5,12,2,13
5,8,1.0,66,1,5,0,15,77,3,7
5,8,1.0,66,1,16,2,15,119,3,7
4,1,10.0,17,1,19,1,9,57,4,4
5,4,15.0,132,4,16,0,12,56,4,1
4,10,25.0,56,3,13,0,0,12,0,13
4,8,10.0,71,5,19,3,8,65,4,4
4,8,26.0,278,3,22,0,12,135,2,3
5,2,2.0,143,0,22,0,6,89,0,22
5,2,3.0,282,1,15,0,15,39,4,27
5,2,3.0,282,1,14,0,0,64,3,27
5,2,2.0,143,0,15,2,13,38,0,22
5,2,11.0,297,2,2,0,2,69,2,9
5,2,11.0,297,2,9,2,6,7,3,9
5,2,14.0,231,6,21,1,1,105,0,5
5,2,28.0,257,6,4,1,0,0,0,18
5,4,28.0,218,2,19,0,7,137,1,18
5,2,2.0,143,0,22,0,0,26,2,22
5,2,2.0,143,0,8,0,13,28,3,22
5,2,2.0,143,0,4,0,2,2,1,22
5,2,2.0,143,0,19,1,10,22,4,22
5,2,2.0,143,0,4,0,5,12,3,22
5,2,2.0,143,0,4,3,4,66,0,22
5,2,3.0,282,1,7,1,10,12,1,27
5,2,11.0,297,2,11,0,8,19,1,9
5,2,11.0,297,2,19,0,13,99,2,9
5,2,11.0,297,2,11,0,14,24,2,9
5,2,14.0,231,6,23,0,6,91,1,5
5,11,1.0,222,4,17,0,2,92,1,7
5,2,29.0,140,3,16,1,13,48,0,16
5,2,29.0,140,3,19,0,13,48,3,16
5,2,29.0,140,3,12,1,14,126,4,16
5,2,30.0,131,0,11,0,16,42,1,19
5,0,6.0,260,3,20,0,3,30,3,23
5,0,6.0,260,3,9,0,0,0,4,23
5,4,11.0,121,3,2,0,5,12,3,9
5,4,12.0,134,0,16,0,9,54,1,28
5,4,12.0,134,0,15,1,12,80,4,28
5,4,14.0,345,2,6,0,6,89,1,5
5,4,22.0,152,4,1,0,2,69,2,26
5,4,28.0,218,2,16,0,14,34,0,18
5,4,28.0,218,2,1,0,9,93,1,18
5,4,28.0,218,2,13,1,7,111,0,18
4,1,22.0,164,3,4,3,13,28,3,26
4,9,11.0,52,4,12,0,10,47,3,9
5,2,3.0,282,1,17,0,13,69,1,27
5,2,2.0,143,0,18,2,2,86,2,22
5,2,3.0,282,1,14,0,10,22,1,27
5,2,11.0,297,2,19,0,15,37,0,9
5,2,14.0,231,6,16,0,8,65,3,5
5,2,14.0,231,6,13,0,11,124,1,5
5,2,14.0,231,6,16,1,16,39,0,5
5,2,29.0,140,3,4,0,15,51,2,16
5,2,28.0,257,6,19,0,14,24,2,18
5,2,30.0,131,0,8,0,13,38,2,19
5,0,6.0,260,3,8,2,15,119,2,23
5,0,6.0,260,3,23,1,14,25,1,23
5,0,6.0,260,3,9,2,4,4,3,23
5,0,11.0,10,5,0,0,10,52,1,9
5,8,13.0,189,3,4,0,14,24,2,25
5,1,30.0,100,3,12,1,0,12,1,19
5,8,18.0,75,5,4,1,11,15,0,0
5,8,30.0,103,2,4,0,6,89,1,19
5,8,30.0,103,2,14,0,11,117,3,19
5,8,30.0,103,2,19,0,6,7,4,19
5,8,30.0,103,2,19,0,5,6,0,19
5,4,10.0,79,6,16,0,0,77,1,4
5,4,10.0,79,6,13,0,5,64,2,4
5,4,10.0,79,6,20,1,11,55,4,4
5,4,11.0,121,3,3,2,2,2,3,9
5,4,11.0,121,3,16,1,5,12,0,9
5,4,11.0,121,3,3,1,12,104,4,9
5,4,11.0,121,3,14,0,1,1,1,9
5,4,11.0,121,3,8,2,0,31,3,9
5,4,12.0,134,0,12,0,6,7,1,28
5,4,12.0,134,0,18,0,0,26,1,28
4,8,16.0,73,4,9,1,5,6,1,2
5,4,22.0,152,4,11,0,8,33,2,26
5,4,22.0,152,4,3,2,15,114,2,26
5,4,22.0,152,4,22,0,12,121,2,26
4,4,3.0,279,3,18,0,10,43,3,27
4,4,10.0,79,3,13,0,1,81,4,4
4,4,10.0,79,3,5,0,5,6,2,4
4,4,10.0,79,3,4,0,12,100,1,4
4,2,10.0,28,2,19,2,12,80,0,4
4,8,25.0,86,6,13,0,9,95,1,13
2,3,1.0,120,0,18,0,0,77,1,7
4,4,2.0,141,6,10,1,5,12,0,22
4,2,9.0,21,1,12,0,11,124,1,12
4,2,27.0,136,6,2,1,12,58,4,15
4,8,1.0,66,2,14,0,8,41,3,7
4,8,19.0,280,3,22,0,14,110,2,10
5,0,20.0,172,3,15,1,12,17,4,29
4,10,2.0,358,5,13,1,0,26,1,22
4,4,17.0,19,3,22,0,13,38,2,6
4,4,17.0,19,3,3,0,11,117,1,6
4,4,17.0,19,3,19,0,5,0,2,6
4,4,18.0,26,0,21,1,14,106,0,0
4,4,17.0,19,3,1,0,10,22,2,6
4,4,18.0,26,0,13,1,14,25,4,0
4,4,18.0,26,0,11,1,1,105,4,0
4,4,18.0,26,0,14,1,12,61,4,0
4,1,27.0,262,5,22,2,2,2,0,15
4,1,27.0,262,5,9,0,2,86,3,15
4,8,1.0,66,2,0,0,11,18,3,7
4,8,1.0,66,2,5,0,8,33,3,7
4,8,1.0,66,2,12,0,6,89,0,7
4,8,1.0,66,2,19,0,7,120,3,7
4,8,1.0,66,2,18,0,10,30,0,7
4,8,1.0,66,2,18,0,12,56,3,7
4,8,1.0,66,2,18,1,10,43,1,7
4,8,10.0,71,5,0,0,12,17,4,4
4,8,10.0,71,5,15,2,3,79,0,4
4,8,10.0,71,5,12,0,11,117,2,4
4,8,10.0,71,5,14,2,16,74,0,4
4,8,19.0,280,3,21,0,8,41,1,10
4,8,19.0,280,3,6,2,1,67,3,10
4,8,25.0,86,6,16,1,13,48,0,13
4,8,25.0,86,6,19,0,16,72,1,13
4,8,25.0,86,6,9,1,9,10,0,13
4,8,26.0,278,3,16,1,6,89,0,3
4,8,26.0,278,3,1,2,6,89,3,3
4,8,26.0,278,3,22,0,1,105,4,3
4,8,28.0,224,1,6,1,2,2,0,18
4,8,28.0,224,1,16,2,0,85,3,18
4,8,28.0,224,1,16,0,0,77,1,18
4,8,28.0,224,1,3,0,13,38,1,18
4,8,28.0,224,1,12,0,9,49,4,18
4,8,28.0,224,1,19,0,9,27,3,18
4,4,3.0,279,3,18,0,10,22,0,27
4,4,3.0,279,3,15,1,12,121,1,27
4,4,10.0,79,3,6,0,10,12,2,4
4,4,10.0,79,3,5,0,5,0,2,4
4,8,1.0,66,2,13,0,11,18,1,7
4,4,10.0,79,3,5,0,11,129,0,4
4,4,10.0,79,3,20,1,4,5,4,4
4,4,17.0,19,3,23,3,14,25,0,6
4,4,18.0,26,0,21,1,14,25,0,0
4,4,17.0,19,3,1,1,12,83,4,6
4,4,18.0,26,0,8,2,0,77,1,0
4,4,18.0,26,0,4,0,4,127,4,0
4,4,20.0,115,2,6,0,14,25,1,29
4,2,2.0,143,1,13,0,12,61,1,22
4,2,9.0,21,1,1,0,2,3,3,12
4,2,9.0,21,1,1,0,3,79,3,12
4,2,9.0,21,1,3,3,11,18,3,12
4,2,9.0,21,1,14,1,15,96,1,12
4,2,11.0,297,4,13,0,5,64,2,9
4,2,10.0,28,2,1,3,12,100,4,4
4,2,11.0,297,4,9,2,2,71,3,9
4,2,11.0,297,4,14,0,1,1,1,9
4,2,18.0,7,4,16,2,8,9,3,0
4,2,18.0,7,4,14,0,13,48,1,0
4,4,3.0,279,3,19,0,1,11,4,27
4,4,10.0,79,3,9,0,10,22,3,4
4,4,17.0,19,3,13,0,1,35,4,6
4,4,17.0,19,3,13,3,8,27,0,6
4,8,1.0,66,2,12,0,16,37,1,7
4,4,17.0,19,3,14,1,2,86,2,6
4,4,17.0,19,3,9,0,10,30,3,6
4,4,17.0,19,3,6,0,3,76,4,6
4,4,18.0,26,0,15,2,7,62,0,0
4,4,18.0,26,0,11,0,5,6,2,0
4,4,17.0,19,3,13,0,5,6,2,6
4,4,18.0,26,0,22,0,7,120,3,0
4,4,18.0,26,0,21,1,14,126,0,0
4,4,18.0,26,0,4,1,1,105,4,0
4,4,18.0,26,0,14,2,11,8,3,0
4,4,18.0,26,0,1,1,0,12,1,0
4,4,20.0,115,2,3,0,9,102,1,29
4,4,20.0,115,2,2,1,12,58,4,29
4,4,25.0,20,0,6,0,0,26,2,13
4,4,25.0,20,0,6,2,15,119,0,13
4,4,25.0,20,0,1,0,5,6,0,13
4,4,25.0,20,0,9,0,13,48,3,13
4,4,25.0,20,0,1,2,13,69,3,13
4,2,9.0,21,1,7,1,9,10,0,12
4,2,9.0,21,1,9,0,3,103,3,12
4,8,28.0,224,1,14,0,8,118,4,18
4,6,25.0,39,5,22,1,5,6,2,13
5,2,29.0,140,3,12,0,9,87,2,16
4,2,27.0,136,6,11,0,1,35,1,15
4,8,25.0,86,6,9,0,12,80,3,13
4,8,1.0,66,2,7,1,1,11,4,7
4,8,19.0,280,3,12,2,1,81,3,10
4,4,9.0,18,6,20,0,2,2,2,12
4,2,9.0,21,1,12,0,11,117,3,12
5,0,9.0,48,2,4,1,11,133,4,12
4,2,9.0,21,1,2,1,5,6,0,12
4,8,25.0,86,6,19,0,15,96,0,13
4,8,26.0,278,3,16,1,6,89,0,3
4,2,27.0,136,6,18,0,9,93,4,15
4,8,10.0,71,5,21,1,3,76,0,4
4,8,24.0,85,5,1,1,15,96,2,14
4,8,26.0,278,3,0,3,3,44,3,3
5,0,7.0,15,0,19,1,5,12,0,11
4,2,10.0,28,2,2,1,4,75,0,4
4,2,10.0,28,2,14,0,0,64,1,4
4,4,2.0,141,6,18,0,6,89,3,22
4,2,28.0,257,3,22,0,8,19,4,18
4,8,10.0,71,5,2,2,2,92,0,4
4,1,27.0,262,5,5,0,2,40,3,15
4,8,19.0,280,3,22,0,6,128,1,10
4,8,19.0,280,3,19,0,1,59,4,10
4,7,2.0,160,1,4,0,13,29,3,22
4,7,2.0,160,1,14,0,8,19,1,22
4,7,16.0,40,1,17,0,13,99,1,2
4,7,16.0,40,1,7,0,1,11,1,2
4,7,16.0,40,1,12,0,0,64,3,2
4,7,17.0,95,2,14,1,6,7,4,6
4,7,25.0,41,4,0,0,0,77,3,13
4,7,25.0,41,4,15,0,6,89,1,13
4,7,25.0,41,4,11,0,1,11,0,13
4,11,21.0,192,4,5,0,13,38,1,21
4,11,19.0,321,1,4,0,3,76,1,10
4,0,6.0,260,0,5,1,8,118,1,23
4,9,20.0,119,6,12,1,9,83,0,29
4,3,13.0,210,1,3,1,0,26,1,25
4,3,20.0,105,1,12,1,14,106,0,29
4,7,29.0,268,0,18,0,7,137,1,16
4,6,23.0,84,2,12,3,11,15,3,17
4,10,4.0,356,3,13,0,14,131,2,30
4,10,4.0,356,3,0,0,8,27,4,30
4,3,14.0,33,2,19,0,15,31,1,5
5,11,16.0,225,5,13,0,10,47,2,2
3,0,18.0,0,4,22,0,13,29,2,0
5,3,4.0,285,6,5,0,11,133,0,30
4,6,30.0,145,2,9,0,13,13,1,19
4,10,7.0,243,2,14,0,13,21,1,11
4,10,4.0,356,3,8,3,11,133,3,30
4,6,30.0,145,2,5,1,0,77,1,19
4,10,7.0,243,2,7,1,11,133,4,11
4,5,3.0,161,0,18,2,10,22,3,27
5,1,18.0,82,1,5,0,9,95,0,0
4,7,25.0,41,4,11,0,2,2,1,13
4,7,25.0,41,4,13,1,1,67,1,13
4,3,16.0,263,5,16,1,3,30,4,2
4,3,16.0,263,5,13,0,1,105,0,2
4,3,16.0,263,5,22,0,16,42,2,2
4,3,16.0,263,5,8,0,8,33,1,2
4,3,16.0,263,5,12,0,5,64,0,2
4,3,16.0,263,5,19,1,10,47,1,2
4,3,16.0,263,5,18,0,5,12,3,2
4,3,24.0,357,6,5,0,1,35,1,14
4,3,24.0,357,6,15,0,2,2,3,14
4,3,24.0,357,6,13,3,11,133,3,14
4,3,24.0,357,6,18,0,2,2,1,14
5,4,24.0,27,6,17,0,9,93,1,14
4,3,24.0,357,6,2,1,7,129,1,14
4,3,25.0,347,3,12,0,15,119,0,13
4,3,25.0,347,3,12,0,13,36,3,13
4,3,26.0,343,0,16,1,3,103,4,3
4,3,26.0,343,0,17,1,2,86,1,3
4,3,25.0,347,3,4,0,8,19,3,13
4,3,26.0,343,0,12,0,1,35,4,3
4,5,2.0,307,3,6,1,5,6,0,22
4,5,2.0,307,3,21,0,12,61,1,22
4,5,2.0,307,3,10,0,2,92,0,22
4,5,17.0,212,0,16,1,6,7,0,6
4,5,17.0,212,0,3,2,7,20,3,6
4,5,17.0,212,0,22,2,13,38,0,6
4,5,17.0,212,0,13,1,12,61,1,6
4,5,24.0,58,0,7,1,14,24,0,14
4,5,24.0,58,0,20,0,5,64,3,14
4,6,2.0,352,2,6,0,10,12,3,22
4,6,2.0,352,2,0,1,15,114,4,22
4,6,2.0,352,2,13,0,14,24,0,22
4,6,10.0,149,4,17,0,10,47,3,4
4,6,10.0,149,4,7,2,10,47,2,4
4,6,10.0,149,4,22,0,5,6,3,4
4,6,10.0,149,4,2,0,8,118,1,4
4,6,10.0,149,4,5,1,2,123,4,4
4,6,10.0,149,4,18,1,10,12,1,4
4,6,11.0,355,5,6,0,0,12,0,9
4,6,11.0,355,5,5,0,10,47,3,9
4,1,27.0,262,5,9,0,9,93,1,15
4,8,1.0,66,2,0,0,1,67,4,7
4,8,1.0,66,2,16,2,0,12,3,7
4,8,1.0,66,2,3,0,16,65,4,7
4,8,1.0,66,2,22,2,11,18,3,7
4,8,1.0,66,2,18,0,3,79,1,7
4,1,19.0,29,4,17,1,15,46,4,10
4,8,10.0,71,5,20,1,0,53,4,4
4,8,10.0,71,5,12,0,10,22,3,4
4,8,19.0,280,3,21,0,11,94,3,10
4,8,19.0,280,3,6,1,4,66,0,10
4,8,1.0,66,2,15,0,11,117,1,7
4,8,19.0,280,3,23,1,1,59,1,10
4,8,25.0,86,6,7,1,11,94,0,13
4,8,25.0,86,6,3,1,12,83,4,13
4,8,24.0,85,5,18,1,1,11,0,14
4,8,26.0,278,3,13,0,13,28,2,3
4,8,26.0,278,3,16,0,0,31,0,3
4,2,11.0,297,4,21,0,12,56,1,9
4,2,9.0,21,1,18,0,7,120,3,12
4,8,26.0,278,3,3,2,15,31,2,3
4,4,2.0,141,6,18,3,5,6,0,22
4,2,9.0,21,1,18,0,12,56,3,12
4,2,29.0,140,0,6,1,9,63,2,16
4,8,25.0,86,6,15,0,5,64,3,13
4,2,11.0,297,4,21,2,11,124,0,9
4,8,26.0,278,3,10,1,4,4,1,3
4,4,3.0,279,3,8,0,10,22,3,27
4,2,10.0,28,2,6,0,9,102,3,4
4,2,29.0,140,0,16,0,5,12,3,16
4,4,15.0,132,5,23,0,11,15,2,1
4,8,25.0,86,6,5,1,9,49,1,13
4,2,11.0,297,4,12,2,8,9,2,9
4,8,26.0,278,3,4,0,1,35,0,3
4,4,3.0,279,3,18,0,11,15,0,27
4,2,10.0,28,2,16,2,11,117,0,4
4,2,29.0,140,0,20,0,9,93,1,16
4,4,24.0,27,3,3,1,14,88,4,14
5,3,12.0,104,3,14,0,16,72,1,28
5,5,18.0,195,0,23,1,2,86,1,0
5,1,1.0,203,6,3,0,8,9,1,7
4,1,13.0,207,5,5,1,3,76,4,25
5,8,12.0,284,6,14,1,0,53,0,28
4,8,16.0,73,4,18,1,1,105,0,2
4,8,16.0,73,4,19,2,10,22,3,2
4,8,16.0,73,4,16,2,7,111,4,2
4,8,6.0,87,0,13,1,3,30,4,23
4,4,24.0,27,3,19,1,1,1,4,14
4,4,24.0,27,3,22,1,15,51,1,14
5,1,1.0,203,6,19,0,13,36,1,7
4,11,12.0,118,1,2,3,9,57,0,28
5,0,20.0,172,3,17,1,8,9,1,29
4,5,14.0,36,5,5,0,9,95,2,5
4,6,6.0,83,3,17,1,3,44,1,23
4,1,7.0,32,6,9,1,3,76,2,11
5,7,1.0,98,3,17,0,14,25,1,7
4,9,16.0,107,1,19,1,15,51,1,2
4,8,21.0,46,1,4,0,5,12,2,21
4,4,24.0,27,3,9,0,15,114,1,14
4,0,17.0,12,5,11,1,14,25,4,6
4,0,24.0,55,5,11,1,7,111,0,14
5,4,14.0,345,2,1,0,4,82,3,5
5,4,14.0,345,2,19,1,6,91,4,5
4,8,15.0,72,2,22,1,13,28,4,1
5,4,22.0,152,4,10,1,15,31,1,26
5,0,21.0,287,0,8,1,10,47,0,21
4,11,4.0,275,0,22,3,3,30,2,30
4,4,21.0,339,4,3,1,2,69,4,21
4,1,15.0,1,3,17,0,13,36,4,1
4,6,28.0,309,0,13,0,5,64,4,18
4,2,25.0,233,4,11,1,11,15,1,13
4,11,5.0,240,1,14,2,8,27,3,24
4,11,19.0,321,1,11,0,9,109,4,10
5,9,1.0,126,3,13,0,2,69,2,7
4,11,5.0,240,1,8,0,3,76,4,24
4,7,14.0,125,3,12,0,6,89,3,5
4,3,23.0,57,5,0,0,0,77,0,17
4,6,14.0,173,0,8,2,12,104,3,5
4,6,14.0,173,0,20,0,10,12,1,5
4,6,22.0,185,1,1,1,0,53,0,26
4,6,22.0,185,1,13,0,15,51,2,26
4,6,30.0,145,2,10,1,5,64,0,19
4,6,28.0,309,0,13,3,11,133,2,18
4,10,22.0,314,4,18,0,3,115,2,26
4,1,15.0,1,3,3,0,16,50,2,1
4,3,14.0,33,2,4,1,0,26,1,5
4,10,7.0,243,2,12,3,14,25,0,11
4,10,22.0,314,4,4,1,10,12,1,26
5,10,29.0,318,2,2,1,0,77,4,16
4,8,23.0,102,4,19,1,11,55,4,17
4,8,23.0,102,4,11,3,10,23,1,17
5,0,13.0,198,3,15,0,9,10,2,25
5,0,19.0,13,6,13,0,8,41,2,10
4,2,25.0,233,4,14,2,14,25,0,13
4,11,19.0,321,1,17,1,11,98,1,10
4,9,13.0,91,6,3,1,9,95,4,25
4,7,12.0,181,5,1,0,1,67,0,28
4,3,13.0,210,1,14,3,11,133,3,25
4,3,23.0,57,5,18,0,1,59,3,17
4,3,20.0,105,1,21,0,10,52,1,29
3,2,1.0,16,6,2,0,1,11,4,7
4,6,21.0,193,0,8,0,14,131,1,21
4,6,22.0,185,1,18,3,0,12,3,26
4,6,30.0,145,2,0,1,10,47,1,19
4,6,30.0,145,2,7,1,10,47,1,19
0,11,1.0,222,3,16,0,2,13,1,7
4,2,15.0,130,0,19,1,1,81,4,1
4,0,8.0,9,2,4,1,4,138,4,8
4,4,8.0,292,5,18,2,5,12,3,8
5,11,30.0,170,5,4,0,14,34,3,19
5,7,21.0,81,6,2,0,11,6,2,21
5,5,24.0,58,3,11,0,14,24,2,14
5,11,15.0,331,4,13,3,1,11,3,1
5,10,23.0,247,4,19,3,10,47,1,17
4,10,26.0,61,0,12,0,1,11,3,3
5,8,6.0,87,3,12,0,2,2,3,23
5,1,17.0,63,0,2,2,1,67,0,6
4,1,25.0,65,2,2,1,16,37,1,13
4,8,11.0,306,6,18,3,3,44,0,9
5,0,7.0,15,0,4,1,5,12,0,11
4,4,9.0,18,6,1,3,5,12,1,12
4,4,28.0,218,4,12,0,4,82,3,18
4,11,14.0,147,4,13,0,8,41,3,5
4,9,16.0,107,1,19,0,8,9,1,2
4,7,15.0,205,0,14,0,3,103,1,1
4,8,25.0,86,6,13,0,3,30,3,13
4,8,26.0,278,3,14,0,16,37,1,3
4,4,3.0,279,3,22,2,15,46,3,27
4,2,18.0,7,4,16,2,2,13,0,0
4,2,29.0,140,0,14,0,10,22,1,16
4,8,26.0,278,3,18,1,9,87,4,3
4,4,3.0,279,3,3,1,9,83,4,27
4,4,3.0,279,3,23,1,4,4,1,27
4,2,18.0,7,4,21,1,11,55,0,0
4,2,9.0,21,1,19,1,11,55,0,12
4,2,28.0,257,3,2,0,8,9,1,18
4,4,10.0,79,3,11,0,14,32,2,4
4,8,26.0,278,3,12,0,14,24,2,3
4,2,18.0,7,4,21,1,14,25,2,0
4,2,10.0,28,2,3,0,13,48,0,4
4,8,26.0,278,3,1,2,10,47,3,3
4,2,27.0,136,6,22,1,11,55,4,15
4,4,10.0,79,3,13,0,10,22,3,4
4,8,10.0,71,5,11,0,10,6,0,4
4,2,18.0,7,4,15,1,15,114,1,0
4,2,10.0,28,2,19,1,13,48,0,4
4,2,11.0,297,4,23,1,13,13,0,9
4,2,9.0,21,1,14,0,0,68,3,12
4,2,11.0,297,4,1,1,15,114,4,9
4,2,11.0,297,4,9,0,16,108,0,9
4,2,18.0,7,4,17,0,2,92,3,0
4,2,18.0,7,4,0,1,11,15,0,0
4,2,18.0,7,4,23,1,14,126,2,0
4,2,18.0,7,4,3,0,4,75,1,0
4,2,18.0,7,4,22,0,2,86,1,0
4,4,13.0,221,2,19,0,16,50,1,25
4,4,30.0,139,6,4,3,16,130,3,19
4,2,25.0,233,4,18,0,5,0,3,13
4,11,13.0,312,2,23,0,5,6,2,25
4,7,14.0,125,3,19,3,14,110,3,5
4,7,20.0,266,6,22,3,15,46,3,29
4,7,5.0,204,5,17,1,0,77,0,24
4,11,10.0,360,3,20,0,2,86,0,4
4,3,23.0,57,5,15,1,8,33,2,17
4,11,10.0,360,3,20,3,6,7,3,4
4,6,5.0,342,6,13,0,13,38,1,24
4,6,22.0,185,1,4,1,15,31,1,26
4,8,22.0,354,2,8,0,9,63,2,26
0,11,1.0,222,3,17,0,10,12,1,7
4,0,8.0,9,2,2,0,16,139,2,8
4,0,8.0,9,2,1,1,11,117,3,8
4,4,21.0,339,4,1,0,7,62,4,21
5,10,4.0,356,6,18,1,8,19,0,30
5,10,29.0,318,2,2,1,0,77,4,16
5,10,26.0,61,3,18,0,5,6,3,3
4,10,7.0,243,2,4,0,10,43,3,11
5,4,19.0,142,0,8,0,14,125,2,10
4,8,29.0,301,2,19,0,0,26,1,16
4,2,18.0,7,4,13,0,13,38,2,0
4,2,18.0,7,4,8,1,16,50,1,0
4,2,18.0,7,4,1,2,13,38,4,0
4,2,18.0,7,4,4,2,7,20,3,0
4,4,25.0,20,0,12,1,10,22,3,13
4,2,27.0,136,6,5,0,0,12,1,15
4,2,27.0,136,6,13,0,2,86,2,15
4,2,27.0,136,6,10,1,1,105,0,15
4,4,20.0,115,2,21,0,10,12,1,29
4,4,20.0,115,2,17,1,9,27,0,29
4,4,18.0,26,0,7,0,2,13,1,0
4,4,25.0,20,0,8,2,1,59,3,13
4,4,25.0,20,0,19,0,14,24,2,13
4,9,24.0,272,2,1,0,4,121,0,14
4,2,2.0,143,1,10,0,10,47,1,22
4,2,2.0,143,1,3,2,11,117,0,22
4,2,9.0,21,1,17,0,2,40,1,12
4,2,9.0,21,1,3,0,1,11,4,12
4,2,9.0,21,1,11,1,9,93,4,12
4,2,9.0,21,1,10,1,9,49,4,12
4,2,9.0,21,1,9,0,8,9,3,12
4,2,10.0,28,2,16,0,7,120,3,4
4,2,10.0,28,2,5,1,5,64,1,4
4,2,11.0,297,4,17,0,14,126,1,9
4,2,11.0,297,4,22,0,13,48,0,9
4,2,10.0,28,2,14,0,2,40,1,4
4,2,11.0,297,4,15,1,8,9,4,9
4,2,18.0,7,4,21,1,11,55,4,0
4,2,18.0,7,4,4,0,15,31,1,0
4,2,18.0,7,4,6,3,6,7,0,0
4,2,18.0,7,4,1,0,13,21,4,0
4,2,27.0,136,6,18,0,11,15,0,15
4,2,28.0,257,3,20,1,16,37,1,18
4,4,20.0,115,2,9,0,2,40,4,29
4,2,2.0,143,1,21,0,15,46,1,22
4,2,2.0,143,1,12,0,16,42,1,22
4,2,2.0,143,1,1,2,13,28,0,22
4,2,9.0,21,1,11,0,1,11,0,12
4,2,9.0,21,1,3,2,4,127,0,12
4,2,9.0,21,1,4,1,14,32,1,12
4,2,9.0,21,1,4,0,4,82,3,12
4,4,25.0,20,0,1,2,10,12,2,13
4,2,10.0,28,2,17,0,16,74,1,4
4,2,9.0,21,1,18,1,12,56,0,12
4,2,10.0,28,2,10,1,10,22,1,4
4,2,29.0,140,0,1,0,16,37,4,16
4,4,10.0,79,3,8,1,15,114,4,4
4,2,18.0,7,4,19,2,7,78,3,0
4,8,10.0,71,5,14,0,10,12,1,4
4,4,10.0,79,3,14,2,6,91,3,4
4,8,28.0,224,1,0,0,16,74,0,18
4,2,18.0,7,4,9,0,13,99,4,0
4,2,27.0,136,6,13,1,1,16,4,15
4,4,10.0,79,3,18,0,13,69,3,4
4,8,10.0,71,5,1,0,2,69,0,4
4,7,10.0,329,2,9,3,7,120,2,4
4,4,17.0,19,3,2,2,7,120,3,6
4,8,19.0,280,3,13,0,3,4,0,10
4,2,18.0,7,4,15,1,7,54,4,0
4,2,27.0,136,6,8,0,16,37,1,15
4,7,15.0,205,0,20,0,9,93,2,1
4,8,28.0,224,1,22,1,6,116,1,18
4,4,18.0,26,0,16,1,3,30,1,0
4,8,19.0,280,3,18,2,8,27,3,10
4,2,18.0,7,4,1,0,8,118,0,0
4,2,28.0,257,3,11,0,14,34,3,18
4,5,19.0,146,2,16,0,15,96,0,10
4,8,28.0,224,1,2,0,2,2,1,18
4,4,18.0,26,0,22,2,14,25,3,0
4,8,25.0,86,6,7,1,2,2,0,13
4,8,25.0,86,6,7,1,6,7,0,13
4,8,26.0,278,3,17,1,5,6,0,3
4,8,26.0,278,3,3,0,2,69,2,3
4,8,28.0,224,1,17,0,15,77,3,18
4,8,28.0,224,1,10,1,10,52,2,18
4,8,28.0,224,1,19,0,6,14,2,18
4,8,26.0,278,3,2,3,9,93,3,3
4,8,28.0,224,1,18,0,0,12,1,18
4,4,2.0,141,6,11,0,2,60,4,22
4,8,28.0,224,1,12,0,0,0,3,18
4,4,2.0,141,6,14,0,14,25,4,22
4,4,3.0,279,3,0,1,13,38,0,27
4,4,3.0,279,3,6,0,0,26,2,27
4,4,3.0,279,3,17,1,15,85,1,27
4,4,3.0,279,3,22,0,14,25,2,27
4,4,2.0,141,6,2,2,0,53,0,22
4,4,3.0,279,3,20,1,12,17,4,27
4,4,10.0,79,3,6,1,10,52,4,4
4,4,10.0,79,3,17,1,13,38,0,4
4,4,10.0,79,3,7,1,0,26,1,4
4,4,10.0,79,3,22,0,2,86,1,4
4,8,19.0,280,3,12,2,2,86,3,10
4,8,19.0,280,3,9,0,15,114,1,10
4,8,19.0,280,3,18,2,6,91,0,10
4,8,25.0,86,6,6,1,7,62,0,13
4,8,25.0,86,6,7,0,10,43,1,13
4,8,25.0,86,6,10,1,0,26,0,13
4,8,25.0,86,6,13,2,13,29,1,13
4,1,18.0,82,2,5,0,8,19,4,0
4,8,25.0,86,6,11,1,2,2,1,13
4,8,25.0,86,6,20,1,2,86,1,13
4,8,25.0,86,6,22,0,8,41,2,13
4,8,19.0,280,3,8,3,7,111,0,10
4,8,25.0,86,6,9,0,0,53,0,13
4,8,26.0,278,3,7,0,7,111,4,3
4,8,28.0,224,1,16,0,9,93,1,18
4,8,28.0,224,1,21,0,13,13,1,18
4,8,28.0,224,1,6,0,6,7,4,18
4,8,28.0,224,1,11,0,15,31,3,18
4,8,28.0,224,1,17,0,7,20,4,18
4,8,28.0,224,1,22,0,10,43,3,18
4,4,2.0,141,6,8,0,2,40,1,22
4,4,2.0,141,6,9,2,4,5,0,22
4,4,3.0,279,3,6,0,5,6,0,27
4,4,3.0,279,3,8,0,1,105,2,27
4,4,3.0,279,3,9,2,9,101,3,27
4,1,27.0,262,5,17,1,11,98,1,15
4,8,1.0,66,2,17,2,6,132,3,7
4,1,18.0,82,2,1,0,10,47,1,0
4,8,1.0,66,2,2,0,11,15,3,7
4,8,1.0,66,2,18,0,8,41,4,7
4,8,10.0,71,5,0,1,2,123,2,4
4,8,19.0,280,3,17,0,4,75,4,10
4,8,19.0,280,3,11,0,5,12,3,10
4,8,19.0,280,3,12,0,9,101,0,10
4,8,19.0,280,3,10,0,15,31,1,10
4,8,25.0,86,6,6,1,2,2,0,13
4,8,25.0,86,6,3,0,4,4,1,13
4,8,25.0,86,6,18,0,3,79,0,13
4,8,26.0,278,3,10,1,9,9,4,3
4,8,28.0,224,1,23,1,11,98,0,18
4,4,2.0,141,6,7,0,14,32,3,22
4,4,2.0,141,6,15,0,10,22,3,22
4,4,2.0,141,6,14,0,16,65,0,22
4,4,3.0,279,3,6,0,0,53,3,27
4,4,3.0,279,3,20,0,10,12,0,27
4,4,2.0,141,6,3,0,1,16,2,22
4,4,3.0,279,3,13,1,13,21,1,27
4,8,26.0,278,3,16,3,0,12,0,3
4,8,28.0,224,1,0,0,6,7,1,18
4,8,28.0,224,1,5,0,1,105,0,18
4,8,28.0,224,1,20,0,5,12,3,18
4,8,26.0,278,3,12,3,3,79,3,3
4,8,28.0,224,1,1,0,15,46,1,18
4,4,2.0,141,6,14,0,11,117,1,22
4,4,3.0,279,3,5,1,15,51,1,27
4,2,27.0,136,6,4,1,9,93,4,15
4,8,28.0,224,1,23,1,6,73,1,18
4,2,28.0,257,3,8,0,14,24,2,18
4,4,17.0,19,3,15,0,8,9,2,6
4,2,28.0,257,3,3,2,8,27,0,18
4,4,2.0,141,6,6,0,5,6,1,22
4,2,28.0,257,3,12,0,2,69,1,18
4,4,18.0,26,0,4,1,12,56,4,0
4,2,28.0,257,3,1,0,13,29,2,18
4,4,2.0,141,6,17,1,1,35,0,22
4,2,28.0,257,3,2,0,0,26,3,18
4,4,20.0,115,2,16,0,5,12,3,29
4,4,2.0,141,6,19,0,6,89,1,22
4,4,18.0,26,0,20,1,5,12,1,0
4,4,20.0,115,2,14,1,10,12,1,29
4,1,30.0,100,0,9,0,0,26,3,19
4,4,8.0,292,5,11,1,10,47,1,8
4,4,21.0,339,4,22,0,2,86,2,21
4,11,11.0,175,0,11,0,4,45,2,9
4,9,28.0,315,3,4,0,0,26,3,18
4,7,14.0,125,3,12,3,3,30,3,5
4,7,22.0,211,0,19,1,11,94,0,26
4,10,21.0,341,2,6,2,13,99,1,21
4,10,21.0,341,2,5,1,8,33,0,21
3,10,1.0,208,1,20,0,13,123,2,7
4,8,23.0,102,4,11,0,14,32,2,17
4,10,21.0,341,2,11,0,4,4,3,21
4,8,29.0,301,2,22,1,8,9,0,16
4,4,8.0,292,5,11,3,11,98,4,8
4,4,14.0,345,4,17,1,4,45,1,5
5,5,27.0,328,2,9,0,10,47,1,15
4,10,7.0,243,2,22,0,2,2,2,11
5,10,4.0,356,6,13,2,14,25,3,30
5,10,4.0,356,6,18,1,2,3,0,30
5,10,4.0,356,6,9,1,9,101,2,30
4,6,24.0,31,4,1,1,10,47,0,14
5,4,19.0,142,0,12,3,8,27,1,10
4,4,8.0,292,5,1,0,3,79,2,8
0,11,1.0,222,3,6,0,4,75,1,7
4,4,20.0,115,2,4,2,6,89,3,29
4,6,11.0,355,5,21,1,9,10,0,9
4,6,11.0,355,5,0,1,13,48,2,9
4,6,11.0,355,5,14,0,2,86,1,9
4,6,11.0,355,5,4,1,7,137,1,9
4,6,11.0,355,5,14,0,8,9,2,9
4,6,16.0,38,2,16,0,5,6,0,2
4,6,16.0,38,2,7,1,7,62,0,2
4,6,16.0,38,2,10,1,5,64,0,2
4,6,16.0,38,2,14,0,2,86,1,2
4,6,16.0,38,2,4,0,6,73,4,2
4,6,17.0,244,4,17,0,11,98,4,6
4,6,17.0,244,4,6,1,3,44,0,6
4,6,17.0,244,4,21,1,2,3,4,6
4,6,17.0,244,4,5,0,10,47,0,6
4,6,17.0,244,4,4,0,15,114,1,6
4,6,25.0,39,5,6,0,10,23,1,13
4,6,25.0,39,5,21,1,13,29,0,13
4,6,25.0,39,5,13,0,10,52,3,13
4,6,25.0,39,5,1,0,10,22,1,13
4,6,26.0,348,6,6,0,0,68,3,3
4,6,26.0,348,6,5,2,10,22,0,3
4,6,26.0,348,6,15,0,6,128,1,3
4,6,26.0,348,6,8,0,11,15,2,3
4,6,25.0,39,5,8,1,0,12,1,13
4,4,10.0,79,3,16,1,0,26,4,4
4,4,17.0,19,3,14,2,16,139,3,6
4,4,18.0,26,0,6,1,1,67,0,0
4,4,18.0,26,0,20,0,5,6,3,0
4,4,18.0,26,0,6,1,0,53,4,0
4,4,17.0,19,3,23,1,12,135,4,6
4,4,18.0,26,0,9,0,10,47,2,0
4,4,18.0,26,0,18,1,0,31,4,0
4,4,20.0,115,2,6,0,11,8,1,29
4,4,18.0,26,0,2,2,13,38,2,0
4,4,20.0,115,2,16,2,0,12,3,29
4,4,20.0,115,2,5,0,8,33,1,29
4,4,20.0,115,2,7,1,0,64,0,29
4,4,20.0,115,2,14,0,8,27,3,29
4,4,20.0,115,2,14,2,13,48,0,29
4,4,25.0,20,0,20,0,2,92,2,13
4,4,25.0,20,0,1,0,13,69,4,13
4,2,2.0,143,1,22,0,9,87,3,22
4,2,2.0,143,1,12,2,16,113,0,22
4,2,9.0,21,1,0,0,9,10,1,12
4,4,3.0,279,3,17,0,13,99,1,27
4,2,29.0,140,0,17,0,0,77,1,16
4,2,28.0,257,3,1,0,3,30,1,18
4,2,28.0,257,3,12,0,12,82,3,18
4,2,28.0,257,3,8,0,9,102,0,18
4,2,28.0,257,3,18,2,15,114,0,18
4,4,3.0,279,3,21,1,7,120,0,27
4,2,29.0,140,0,10,1,0,77,0,16
4,2,29.0,140,0,0,1,9,93,4,16
4,8,28.0,224,1,3,0,12,84,2,18
4,2,29.0,140,0,18,2,10,22,2,16
4,2,29.0,140,0,9,0,1,11,4,16
4,2,29.0,140,0,18,0,14,32,1,16
4,2,29.0,140,0,2,1,14,25,4,16
4,2,28.0,257,3,9,1,15,31,1,18
4,0,9.0,48,4,21,2,14,32,3,12
4,0,9.0,48,4,15,0,4,45,0,12
4,0,9.0,48,4,4,0,15,108,1,12
4,0,9.0,48,4,4,2,8,41,3,12
4,0,9.0,48,4,20,1,12,61,4,12
4,0,11.0,10,6,23,0,6,73,1,9
4,0,11.0,10,6,20,1,13,28,0,9
4,0,11.0,10,6,2,0,13,99,4,9
4,10,28.0,216,2,13,0,0,26,3,18
4,10,28.0,216,2,10,1,2,92,0,18
4,1,8.0,62,3,5,0,15,112,1,8
4,1,8.0,62,3,4,0,6,91,1,8
4,1,10.0,17,1,15,3,5,12,0,4
4,1,10.0,17,1,10,1,4,75,0,4
4,1,10.0,17,1,11,0,0,15,2,4
4,1,10.0,17,1,4,0,5,64,2,4
4,1,10.0,17,1,4,0,14,24,3,4
4,1,18.0,82,2,5,0,10,43,3,0
4,1,18.0,82,2,0,1,10,47,0,0
4,1,18.0,82,2,15,0,10,47,0,0
4,1,18.0,82,2,13,3,10,47,0,0
4,1,18.0,82,2,4,1,3,30,0,0
4,1,18.0,82,2,5,1,0,26,4,0
4,1,19.0,29,4,13,0,5,6,3,10
4,1,18.0,82,2,3,1,8,9,0,0
4,1,19.0,29,4,15,0,5,6,2,10
4,1,27.0,262,5,16,0,12,84,3,15
4,1,27.0,262,5,22,0,3,79,0,15
4,1,27.0,262,5,1,1,7,120,1,15
4,1,27.0,262,5,1,2,9,134,0,15
4,8,1.0,66,2,16,2,0,64,3,7
4,8,1.0,66,2,3,0,10,23,3,7
4,8,1.0,66,2,11,1,12,84,1,7
4,8,1.0,66,2,14,2,4,127,3,7
4,0,9.0,48,4,6,0,4,82,1,12
4,0,9.0,48,4,8,0,1,105,0,12
4,0,9.0,48,4,2,0,5,6,2,12
4,0,9.0,48,4,12,0,7,20,4,12
4,0,9.0,48,4,9,0,11,94,2,12
4,0,11.0,10,6,10,0,0,77,1,9
4,2,11.0,297,4,9,2,2,92,3,9
4,0,11.0,10,6,18,1,0,0,0,9
4,0,11.0,10,6,9,1,0,53,4,9
4,0,11.0,10,6,2,0,5,6,2,9
4,0,18.0,0,6,17,2,0,64,3,0
4,7,9.0,273,1,3,1,16,72,0,12
4,0,18.0,0,6,3,0,2,2,0,0
4,0,18.0,0,6,17,1,7,137,0,0
4,0,19.0,13,3,16,0,0,12,0,10
4,0,19.0,13,3,0,1,0,15,0,10
4,0,18.0,0,6,1,1,13,38,0,0
4,0,26.0,14,3,9,2,1,81,3,3
4,0,26.0,14,3,18,0,8,27,2,3
4,0,26.0,14,3,4,0,12,56,4,3
4,0,27.0,23,0,10,0,11,18,3,15
4,0,27.0,23,0,11,0,10,47,0,15
4,0,27.0,23,0,7,1,6,7,0,15
4,0,27.0,23,0,15,2,10,22,3,15
4,8,10.0,71,5,13,0,9,134,3,4
4,8,10.0,71,5,8,0,0,31,2,4
4,8,10.0,71,5,14,2,11,133,3,4
4,8,10.0,71,5,1,0,15,46,3,4
4,8,19.0,280,3,6,1,11,15,0,10
4,8,19.0,280,3,6,0,2,2,3,10
4,2,28.0,257,3,15,1,11,18,1,18
4,4,3.0,279,3,8,0,10,6,3,27
4,2,27.0,136,6,19,3,13,21,0,15
4,4,3.0,279,3,3,0,16,72,1,27
4,2,27.0,136,6,15,0,2,86,2,15
4,4,3.0,279,3,10,0,2,86,1,27
4,2,29.0,140,0,15,0,11,15,0,16
4,4,3.0,279,3,17,1,2,86,1,27
4,2,27.0,136,6,6,1,5,6,0,15
4,4,10.0,79,3,10,1,14,24,4,4
4,2,29.0,140,0,3,0,6,91,2,16
4,8,6.0,87,0,0,1,9,95,1,23
4,8,16.0,73,4,11,0,0,26,0,2
5,11,1.0,222,4,11,0,9,95,1,7
4,2,29.0,140,0,2,0,11,117,3,16
4,2,29.0,140,0,8,0,15,51,1,16
4,0,9.0,48,4,6,1,9,10,0,12
4,8,16.0,73,4,14,0,13,29,2,2
4,0,9.0,48,4,22,0,16,72,1,12
5,0,31.0,290,4,18,1,16,65,4,20
4,6,26.0,348,6,15,0,8,118,2,3
4,6,25.0,39,5,12,0,16,108,3,13
4,10,2.0,358,5,23,2,9,63,3,22
4,3,6.0,303,1,18,0,3,76,1,23
4,0,3.0,334,5,3,0,3,30,3,27
4,3,6.0,303,1,16,1,0,15,1,23
4,0,20.0,172,0,21,0,0,12,1,29
4,5,6.0,277,4,5,3,5,6,1,23
5,1,31.0,305,0,19,3,9,93,2,20
4,9,1.0,126,0,17,0,1,59,4,7
4,9,25.0,344,4,4,1,11,129,4,13
4,7,1.0,98,0,9,1,14,107,0,7
4,7,24.0,68,2,6,1,8,27,0,14
4,3,15.0,35,4,8,2,6,91,3,1
4,5,1.0,109,6,14,0,13,29,1,7
4,6,9.0,236,2,8,2,13,121,3,12
4,6,9.0,236,2,10,0,0,77,3,12
4,10,1.0,208,4,19,3,10,22,3,7
4,1,26.0,248,4,17,1,3,103,4,3
4,4,1.0,144,5,9,2,0,64,3,7
4,4,19.0,142,1,19,2,5,12,0,10
4,0,3.0,334,5,2,0,10,47,0,27
4,0,1.0,8,2,19,0,8,27,4,7
4,11,24.0,194,3,8,0,11,94,1,14
4,9,7.0,271,3,1,0,12,61,1,11
4,9,1.0,126,0,19,1,9,83,1,7
4,9,7.0,271,3,1,1,11,133,4,11
4,9,25.0,344,4,18,1,5,6,0,13
4,10,2.0,358,5,8,0,15,39,3,22
4,10,2.0,358,5,1,0,10,47,3,22
4,10,2.0,358,5,22,0,5,6,3,22
4,6,26.0,348,6,16,2,2,40,0,3
4,10,11.0,298,3,17,0,4,82,1,9
4,10,11.0,298,3,7,1,10,47,0,9
4,10,11.0,298,3,11,0,13,48,4,9
4,10,11.0,298,3,8,0,8,41,1,9
4,6,25.0,39,5,19,0,8,41,1,13
4,10,11.0,298,3,8,0,9,54,0,9
4,10,16.0,201,5,5,0,6,89,0,2
4,10,16.0,201,5,17,1,5,6,0,2
4,10,25.0,56,3,16,0,2,86,0,13
4,10,25.0,56,3,16,0,10,47,2,13
4,10,25.0,56,3,10,1,10,22,0,13
4,10,25.0,56,3,12,0,6,91,3,13
4,10,25.0,56,3,13,1,2,2,4,13
4,10,28.0,216,2,6,0,1,11,4,18
4,10,28.0,216,2,17,1,15,119,0,18
4,10,28.0,216,2,23,2,10,22,1,18
4,2,10.0,28,2,12,0,1,1,2,4
4,2,10.0,28,2,4,0,14,34,1,4
4,2,11.0,297,4,17,2,0,68,0,9
4,2,11.0,297,4,23,0,2,86,1,9
4,2,11.0,297,4,20,0,0,64,2,9
4,2,11.0,297,4,2,0,9,95,4,9
4,2,11.0,297,4,2,1,3,79,1,9
4,2,10.0,28,2,6,0,0,26,3,4
4,2,18.0,7,4,2,0,2,69,0,0
4,2,18.0,7,4,18,0,1,67,3,0
4,2,18.0,7,4,0,1,10,12,1,0
4,2,27.0,136,6,23,1,15,51,0,15
4,2,27.0,136,6,11,1,12,56,4,15
4,6,24.0,31,4,9,1,14,24,1,14
5,11,1.0,222,4,19,0,10,47,3,7
5,11,11.0,175,3,1,1,4,79,1,9
4,10,5.0,336,0,4,0,14,24,2,24
4,10,5.0,336,0,12,1,9,10,4,24
5,5,21.0,351,4,0,1,13,13,0,21
5,5,21.0,351,4,5,0,2,2,3,21
5,6,21.0,193,3,15,0,3,30,1,21
5,4,10.0,79,6,17,0,13,13,1,4
4,10,15.0,60,4,6,3,10,23,3,1
4,10,23.0,247,5,15,0,11,90,1,17
4,1,13.0,207,5,3,0,4,82,2,25
5,11,1.0,222,4,17,0,2,40,2,7
5,8,13.0,189,3,18,1,14,110,0,25
5,10,27.0,302,0,20,0,2,86,2,15
5,8,12.0,284,6,3,0,0,0,2,28
5,3,26.0,343,3,12,1,7,137,4,3
4,10,5.0,336,0,19,1,10,22,1,24
5,6,1.0,158,0,11,0,9,102,2,7
5,6,21.0,193,3,18,1,11,133,0,21
5,6,4.0,159,4,11,0,5,6,2,30
4,6,6.0,83,3,13,0,8,33,1,23
5,8,13.0,189,3,7,1,13,28,2,25
4,8,16.0,73,4,18,1,0,26,0,2
4,8,16.0,73,4,1,3,7,120,4,2
5,6,1.0,158,0,17,1,3,79,1,7
5,1,27.0,262,4,13,3,0,77,1,15
5,1,1.0,203,6,19,0,1,11,4,7
5,2,29.0,140,3,19,3,5,6,0,16
5,10,1.0,208,2,17,1,9,54,1,7
4,8,16.0,73,4,4,1,10,22,0,2
4,7,13.0,238,6,15,1,0,0,2,25
4,7,11.0,197,4,17,1,0,68,2,9
4,3,4.0,285,3,21,3,6,7,0,30
4,5,6.0,277,4,4,1,0,26,1,23
4,6,6.0,83,3,2,0,9,102,2,23
4,1,7.0,32,6,1,2,5,12,1,11
5,10,1.0,208,2,12,0,10,23,2,7
5,11,1.0,222,4,17,0,1,59,3,7
4,8,24.0,85,5,6,1,2,13,0,14
5,2,30.0,131,0,18,0,6,89,1,19
4,11,12.0,118,1,13,1,0,12,1,28
4,3,6.0,303,1,1,1,15,39,1,23
4,3,6.0,303,1,1,0,16,42,4,23
4,5,21.0,351,5,11,1,10,43,1,21
4,6,6.0,83,3,23,0,3,30,4,23
5,9,8.0,90,3,23,0,5,0,2,8
5,9,8.0,90,3,22,1,9,95,1,8
5,3,12.0,104,3,14,0,4,4,2,28
5,6,21.0,193,3,22,0,12,84,2,21
5,10,12.0,333,3,19,1,11,133,4,28
5,10,27.0,302,0,19,1,5,64,0,15
5,10,1.0,208,2,17,0,2,86,4,7
4,8,6.0,87,0,4,0,5,12,2,23
4,8,6.0,87,0,23,1,2,2,1,23
5,8,13.0,189,3,1,1,8,9,0,25
4,1,16.0,2,0,3,1,11,98,4,2
5,10,20.0,223,0,14,1,8,27,4,29
4,2,13.0,276,6,1,0,10,52,3,25
4,1,1.0,203,3,12,0,12,100,1,7
4,4,9.0,18,6,19,1,14,110,4,12
4,4,9.0,18,6,5,3,14,25,0,12
4,4,9.0,18,6,4,0,4,121,4,12
4,4,28.0,218,4,0,2,5,12,3,18
4,4,28.0,218,4,8,1,5,6,0,18
4,2,4.0,254,4,18,2,13,28,3,30
4,2,4.0,254,4,1,2,0,68,0,30
4,2,20.0,264,6,4,0,8,27,2,29
4,0,4.0,229,6,2,0,0,64,3,30
4,0,4.0,229,6,12,2,2,71,3,30
4,5,18.0,195,1,12,1,14,24,2,0
4,1,25.0,65,2,8,1,15,51,1,13
4,8,2.0,77,4,17,0,2,92,1,22
4,8,25.0,86,6,5,0,13,99,4,13
4,4,10.0,79,3,3,0,1,59,0,4
4,4,17.0,19,3,6,1,5,64,0,6
4,4,17.0,19,3,9,1,5,6,0,6
4,4,17.0,19,3,1,0,10,47,3,6
4,4,17.0,19,3,12,2,12,17,4,6
4,4,17.0,19,3,20,1,8,27,1,6
4,4,18.0,26,0,8,0,3,44,2,0
4,4,18.0,26,0,2,0,9,63,4,0
4,4,18.0,26,0,14,1,12,56,4,0
4,4,18.0,26,0,20,1,1,81,4,0
4,4,20.0,115,2,16,0,4,103,3,29
4,4,25.0,20,0,6,0,10,23,1,13
4,4,25.0,20,0,20,0,0,53,3,13
4,4,25.0,20,0,20,0,8,65,2,13
4,4,25.0,20,0,22,0,11,15,1,13
4,4,25.0,20,0,14,0,8,33,1,13
4,2,2.0,143,1,0,0,10,22,3,22
4,2,2.0,143,1,21,0,0,31,4,22
4,2,2.0,143,1,15,1,9,87,4,22
4,2,2.0,143,1,14,0,9,58,2,22
4,5,8.0,199,6,11,3,10,47,0,8
4,4,28.0,218,4,5,0,16,113,4,18
4,2,20.0,264,6,3,3,12,84,0,29
4,4,9.0,18,6,13,1,1,11,4,12
4,4,28.0,218,4,15,0,13,69,2,18
4,2,17.0,6,2,7,1,7,31,0,6
4,2,20.0,264,6,5,0,1,35,0,29
4,0,4.0,229,6,6,0,1,11,1,30
4,0,4.0,229,6,9,0,0,53,0,30
4,0,12.0,113,3,11,2,12,61,3,28
4,0,12.0,113,3,14,0,4,45,0,28
4,0,12.0,113,3,19,0,8,118,1,28
4,2,23.0,230,1,14,2,8,27,3,17
4,9,11.0,52,4,12,1,9,93,1,9
4,9,11.0,52,4,12,3,1,67,0,9
4,7,21.0,81,3,9,1,10,47,1,21
4,7,21.0,81,3,3,0,14,106,2,21
4,3,29.0,325,4,12,0,1,59,2,16
4,5,14.0,36,5,6,2,8,9,4,5
4,5,15.0,200,6,4,1,9,101,4,1
5,11,1.0,222,4,2,0,10,23,1,7
4,6,6.0,83,3,19,0,15,119,3,23
4,10,5.0,336,0,1,0,6,128,0,24
4,10,23.0,247,5,4,1,0,12,2,17
4,1,6.0,97,5,5,1,3,30,4,23
4,1,13.0,207,5,1,0,10,47,2,25
4,10,23.0,247,5,17,0,1,105,0,17
4,8,15.0,72,2,17,1,8,65,1,1
4,8,16.0,73,4,5,3,2,2,0,2
5,11,1.0,222,4,17,0,1,16,4,7
4,4,24.0,27,3,8,1,1,81,4,14
4,4,15.0,132,5,13,1,5,12,1,1
4,2,23.0,230,1,5,1,10,47,1,17
4,3,10.0,4,6,5,0,15,51,2,4
4,11,1.0,222,5,9,0,15,46,3,7
4,5,1.0,109,6,12,1,13,99,1,7
4,5,1.0,109,6,0,3,0,77,0,7
4,6,9.0,236,2,9,3,11,117,3,12
5,8,1.0,66,1,2,1,6,7,0,7
5,9,2.0,323,0,14,1,11,18,1,22
3,0,31.0,290,2,18,0,3,103,4,20
5,9,8.0,90,3,22,2,4,5,1,8
5,11,24.0,194,6,3,3,0,77,4,14
5,9,6.0,51,5,0,3,9,93,1,23
3,4,23.0,30,4,16,0,5,12,2,17
5,7,7.0,293,6,5,1,1,67,1,11
5,9,8.0,90,3,23,1,10,23,1,8
5,7,7.0,293,6,13,0,2,86,1,11
5,0,16.0,11,2,12,0,9,49,0,2
5,3,23.0,57,4,14,0,10,47,0,17
5,5,22.0,163,5,19,1,11,90,0,26
5,3,13.0,210,0,14,0,2,2,1,25
5,6,24.0,31,2,9,0,15,31,0,14
5,11,9.0,311,5,2,2,13,36,2,12
5,11,9.0,311,5,18,0,10,12,1,12
5,11,11.0,175,3,5,0,8,27,4,9
5,11,11.0,175,3,4,1,1,67,4,9
5,11,18.0,332,3,6,1,15,31,4,0
5,11,18.0,332,3,16,0,10,22,2,0
5,11,18.0,332,3,22,2,2,86,1,0
5,11,18.0,332,3,12,2,4,82,3,0
5,11,18.0,332,3,18,0,10,47,3,0
5,10,27.0,302,0,2,0,4,103,3,15
5,9,28.0,315,6,2,0,8,9,0,18
5,11,25.0,88,3,0,1,1,11,0,13
5,11,25.0,88,3,22,1,5,12,1,13
5,4,8.0,292,4,1,0,2,92,4,8
5,11,25.0,88,3,12,0,14,32,0,13
5,11,25.0,88,3,1,0,8,27,3,13
5,9,27.0,179,5,20,1,11,98,4,15
5,9,28.0,315,6,11,0,14,34,2,18
5,9,28.0,315,6,15,0,10,52,2,18
5,4,8.0,292,4,16,0,4,136,3,8
5,4,8.0,292,4,20,0,10,23,1,8
5,4,8.0,292,4,22,1,9,63,4,8
5,4,8.0,292,4,5,1,9,95,4,8
5,4,9.0,18,5,5,0,6,128,1,12
5,4,31.0,67,6,21,2,0,77,3,20
5,4,31.0,67,6,19,0,3,79,2,20
5,2,15.0,130,3,7,0,10,52,1,1
5,8,1.0,66,1,17,0,15,96,1,7
5,2,15.0,130,3,4,0,15,39,4,1
5,2,17.0,6,1,16,0,2,35,4,6
5,2,17.0,6,1,21,0,15,31,1,6
5,2,17.0,6,1,10,0,11,58,2,6
5,10,25.0,56,6,2,0,13,123,4,13
5,10,25.0,56,6,19,0,6,128,1,13
5,10,25.0,56,6,14,0,4,75,2,13
5,10,31.0,135,5,6,1,13,28,0,20
5,10,31.0,135,5,19,2,9,27,0,20
5,9,28.0,315,6,12,0,12,80,3,18
5,9,28.0,315,6,18,0,0,77,1,18
5,7,1.0,98,3,23,1,15,96,0,7
5,7,1.0,98,3,8,0,0,64,4,7
5,7,3.0,269,1,21,0,13,21,1,27
5,7,3.0,269,1,7,0,16,50,1,27
5,7,3.0,269,1,13,2,8,27,3,27
5,7,3.0,269,1,22,2,0,85,0,27
5,7,3.0,269,1,12,0,8,9,2,27
5,7,8.0,94,3,17,0,16,42,3,8
5,7,8.0,94,3,2,0,12,84,0,8
5,7,8.0,94,3,5,1,9,49,4,8
5,7,8.0,94,3,2,2,11,8,3,8
5,7,9.0,273,0,5,0,4,66,0,12
5,7,9.0,273,0,5,1,9,83,4,12
5,7,9.0,273,0,8,0,16,74,1,12
5,7,9.0,273,0,4,0,10,47,3,12
5,8,30.0,103,2,12,1,10,12,0,19
5,4,2.0,141,5,2,1,2,35,4,22
5,4,14.0,345,2,18,2,10,22,3,5
5,11,22.0,250,4,5,1,13,99,0,26
5,7,13.0,238,5,9,2,13,29,3,25
5,7,15.0,205,3,8,0,14,32,1,1
5,7,15.0,205,3,4,1,14,25,0,1
5,7,30.0,42,0,18,1,10,47,1,19
5,3,5.0,324,3,16,2,8,41,1,24
5,3,7.0,289,1,1,2,14,25,0,11
5,7,30.0,42,0,15,0,4,82,2,19
5,10,16.0,201,4,18,0,13,21,1,2
5,10,16.0,201,4,5,0,0,68,4,2
5,8,16.0,73,2,12,0,9,54,1,2
5,8,16.0,73,2,0,2,10,22,3,2
5,8,24.0,85,4,18,0,9,93,3,14
5,8,24.0,85,4,19,0,12,104,2,14
4,11,6.0,252,2,12,0,5,12,0,23
5,9,8.0,90,3,18,0,11,8,1,8
4,11,6.0,252,2,21,1,8,41,4,23
5,4,8.0,292,4,18,0,16,72,1,8
5,9,2.0,323,0,21,1,15,119,0,22
4,11,6.0,252,2,14,0,7,57,1,23
5,7,14.0,125,6,18,1,8,118,1,5
2,11,1.0,222,0,13,3,7,129,4,7
5,9,2.0,323,0,21,1,9,27,0,22
4,11,6.0,252,2,19,3,3,76,0,23
5,9,2.0,323,0,5,0,8,9,3,22
5,3,3.0,182,5,20,1,6,128,4,27
5,9,28.0,315,6,14,2,1,105,3,18
4,11,8.0,283,5,13,2,16,72,3,8
5,3,3.0,182,5,9,0,4,5,1,27
5,4,9.0,18,5,5,0,9,57,0,12
5,9,28.0,315,6,19,1,8,65,4,18
4,11,8.0,283,5,7,1,0,12,0,8
5,4,7.0,133,2,17,0,13,29,1,11
5,4,8.0,292,4,18,0,9,9,0,8
5,4,9.0,18,5,15,3,1,59,4,12
5,4,9.0,18,5,9,2,10,47,0,12
5,4,31.0,67,6,16,0,5,6,3,20
5,4,31.0,67,6,15,0,11,90,3,20
5,4,31.0,67,6,1,2,1,67,3,20
5,4,31.0,67,6,14,0,7,122,3,20
5,4,31.0,67,6,1,2,10,43,3,20
5,2,15.0,130,3,21,1,7,57,0,1
5,2,15.0,130,3,20,0,15,114,2,1
5,2,15.0,130,3,19,1,9,83,4,1
5,2,15.0,130,3,1,0,12,61,3,1
5,2,17.0,6,1,21,0,11,98,4,6
5,2,17.0,6,1,22,0,1,1,3,6
5,3,16.0,263,4,14,0,10,12,1,2
5,2,23.0,230,0,3,1,1,1,1,17
5,2,23.0,230,0,13,0,5,6,0,17
5,2,23.0,230,0,1,0,5,0,2,17
5,2,23.0,230,0,12,1,1,81,4,17
5,0,7.0,15,0,23,1,13,28,1,11
5,0,8.0,9,1,11,1,0,53,0,8
5,0,8.0,9,1,3,0,13,38,3,8
5,0,7.0,15,0,14,1,12,58,4,11
5,7,16.0,40,0,17,3,0,26,2,2
5,0,8.0,9,1,3,0,12,104,3,8
5,4,1.0,144,4,7,0,14,107,1,7
5,0,8.0,9,1,12,0,1,16,4,8
5,0,9.0,48,2,0,0,13,13,4,12
5,0,9.0,48,2,23,0,8,41,2,12
5,0,7.0,15,0,3,0,9,9,0,11
5,0,15.0,190,1,8,0,10,47,0,1
5,0,16.0,11,2,6,1,1,1,4,2
5,0,16.0,11,2,10,0,15,46,2,2
5,0,16.0,11,2,15,0,5,6,0,2
5,7,11.0,197,2,21,0,10,47,3,9
5,7,11.0,197,2,11,1,11,133,2,9
5,7,11.0,197,2,19,1,6,91,2,9
5,7,18.0,154,2,16,0,5,12,3,0
5,7,18.0,154,2,17,0,10,47,0,0
5,7,18.0,154,2,21,0,8,9,4,0
5,7,18.0,154,2,3,0,2,69,4,0
5,7,18.0,154,2,2,0,6,73,3,0
5,7,18.0,154,2,22,2,7,111,3,0
5,7,18.0,154,2,4,0,8,118,1,0
5,3,3.0,182,5,16,1,14,125,0,27
5,3,3.0,182,5,6,0,10,47,1,27
5,3,3.0,182,5,14,0,8,118,1,27
5,3,12.0,104,3,4,0,15,85,1,28
5,3,12.0,104,3,13,0,14,24,2,28
5,3,18.0,165,6,1,0,7,137,3,0
5,3,18.0,165,6,13,0,5,64,3,0
5,3,18.0,165,6,12,1,9,10,0,0
5,3,19.0,138,3,20,1,12,61,1,10
5,3,19.0,138,3,4,0,14,24,1,10
5,3,19.0,138,3,4,0,6,132,3,10
5,3,20.0,105,0,15,0,10,22,0,29
5,3,19.0,138,3,12,0,7,20,1,10
5,3,20.0,105,0,2,1,7,57,1,29
5,3,25.0,347,6,6,1,0,15,0,13
5,3,25.0,347,6,5,0,8,27,2,13
5,3,12.0,104,3,11,0,2,92,4,28
5,3,12.0,104,3,2,0,15,96,0,28
5,3,18.0,165,6,3,1,6,7,4,0
5,3,18.0,165,6,3,3,12,135,0,0
5,3,19.0,138,3,2,0,10,22,3,10
5,3,19.0,138,3,8,2,8,41,1,10
5,3,19.0,138,3,5,1,1,67,4,10
5,3,19.0,138,3,18,0,6,7,0,10
5,11,18.0,332,3,17,0,2,86,1,0
5,3,20.0,105,0,22,0,8,27,1,29
5,3,12.0,104,3,12,1,13,99,4,28
5,3,20.0,105,0,22,1,11,18,1,29
5,3,25.0,347,6,15,0,0,85,3,13
5,3,25.0,347,6,17,1,13,48,0,13
5,3,25.0,347,6,12,2,4,79,0,13
5,3,25.0,347,6,9,1,0,53,4,13
5,3,25.0,347,6,1,0,5,6,0,13
5,3,26.0,343,3,11,0,2,86,0,3
4,11,6.0,252,2,21,1,9,87,0,23
4,11,6.0,252,2,8,0,4,5,2,23
4,11,8.0,283,5,3,0,2,86,3,8
4,11,8.0,283,5,14,0,5,6,3,8
4,11,8.0,283,5,3,1,6,91,1,8
4,11,8.0,283,5,1,0,15,114,2,8
5,9,3.0,217,1,6,0,5,64,3,27
4,11,14.0,147,4,6,1,5,12,0,5
4,11,8.0,283,5,4,0,10,47,0,8
5,9,3.0,217,1,6,0,0,77,0,27
4,11,14.0,147,4,15,0,11,117,2,5
5,2,17.0,6,1,9,0,5,64,2,6
5,9,28.0,315,6,19,1,8,19,0,18
5,9,3.0,217,1,4,0,16,139,1,27
5,9,8.0,90,3,6,0,5,6,0,8
5,3,12.0,104,3,5,0,4,66,2,28
5,7,1.0,98,3,19,2,10,47,2,7
4,11,14.0,147,4,7,1,13,28,0,5
5,3,12.0,104,3,11,1,1,16,4,28
5,2,23.0,230,0,16,0,0,85,1,17
5,2,23.0,230,0,13,0,8,19,0,17
5,2,23.0,230,0,19,0,2,13,1,17
5,3,24.0,357,5,6,0,13,29,1,14
5,5,7.0,349,4,13,0,3,103,4,11
5,0,7.0,15,0,12,0,13,28,0,11
5,0,7.0,15,0,19,1,12,17,4,11
5,3,26.0,343,3,13,0,5,0,0,3
5,3,26.0,343,3,2,0,10,47,3,3
5,3,26.0,343,3,7,1,2,40,1,3
5,3,25.0,347,6,11,1,13,38,1,13
5,3,12.0,104,3,15,1,4,138,4,28
5,3,18.0,165,6,17,1,6,132,0,0
5,3,18.0,165,6,10,0,16,37,1,0
5,3,18.0,165,6,23,0,11,98,1,0
5,3,18.0,165,6,19,0,2,2,1,0
5,4,9.0,18,5,22,0,15,108,2,12
5,3,18.0,165,6,20,0,10,47,3,0
5,3,18.0,165,6,4,0,4,66,4,0
5,2,14.0,231,6,4,0,1,11,1,5
5,6,1.0,158,0,6,0,2,2,0,7
5,3,18.0,165,6,9,0,2,86,1,0
5,3,19.0,138,3,21,0,10,22,3,10
5,3,19.0,138,3,22,0,13,29,2,10
5,3,19.0,138,3,2,0,0,26,2,10
5,3,19.0,138,3,3,0,2,2,2,10
5,3,20.0,105,0,6,0,10,22,2,29
5,3,20.0,105,0,4,0,5,6,0,29
5,3,20.0,105,0,23,1,13,99,4,29
5,3,25.0,347,6,13,0,4,82,1,13
5,3,25.0,347,6,19,0,4,121,3,13
5,3,25.0,347,6,2,1,11,15,0,13
5,3,26.0,343,3,20,0,2,86,3,3
5,3,20.0,105,0,7,0,11,133,3,29
5,3,26.0,343,3,18,0,9,101,4,3
5,3,12.0,104,3,2,2,6,89,2,28
5,3,12.0,104,3,18,0,5,6,3,28
5,4,28.0,218,2,20,0,15,31,4,18
5,2,11.0,297,2,6,0,1,67,0,9
5,0,6.0,260,3,21,1,11,129,2,23
5,3,18.0,165,6,22,1,4,136,4,0
5,3,18.0,165,6,9,0,1,59,1,0
5,3,19.0,138,3,19,0,11,94,4,10
5,3,19.0,138,3,18,2,2,86,0,10
5,3,20.0,105,0,0,1,0,15,0,29
5,3,19.0,138,3,18,1,0,64,0,10
5,3,20.0,105,0,19,2,5,6,2,29
5,3,18.0,165,6,13,3,7,54,3,0
5,3,25.0,347,6,15,3,12,135,3,13
5,3,25.0,347,6,18,0,12,84,1,13
5,3,26.0,343,3,0,2,10,22,1,3
5,3,25.0,347,6,14,2,0,85,0,13
5,5,9.0,206,6,7,0,10,22,3,12
5,5,9.0,206,6,2,0,10,43,3,12
5,5,9.0,206,6,18,0,8,27,0,12
5,5,18.0,195,0,17,1,1,16,0,0
5,5,18.0,195,0,13,0,9,93,1,0
5,5,18.0,195,0,12,0,1,59,4,0
5,2,14.0,231,6,0,2,5,6,1,5
5,4,28.0,218,2,6,0,14,107,1,18
5,2,14.0,231,6,18,0,15,39,1,5
5,7,11.0,197,2,8,0,2,2,3,9
5,7,18.0,154,2,17,0,0,12,3,0
5,7,18.0,154,2,19,0,10,47,3,0
5,7,18.0,154,2,13,1,6,89,1,0
5,3,3.0,182,5,13,2,16,113,3,27
5,9,27.0,179,5,19,3,0,85,2,15
5,3,3.0,182,5,3,0,10,47,2,27
5,3,3.0,182,5,3,0,10,22,0,27
5,10,30.0,157,4,1,2,2,40,3,19
3,0,30.0,228,1,3,1,12,17,4,19
3,0,22.0,241,0,13,0,15,114,2,26
5,9,24.0,272,1,9,1,7,137,4,14
5,9,24.0,272,1,13,1,11,133,4,14
5,9,22.0,92,3,23,0,9,87,2,26
3,0,31.0,290,2,18,0,2,3,4,20
5,11,31.0,227,6,20,3,4,45,4,20
5,9,6.0,51,5,13,0,13,29,3,23
5,5,6.0,277,2,14,1,12,135,3,23
5,7,3.0,269,1,6,0,6,7,0,27
4,11,14.0,147,4,19,2,8,41,3,5
5,7,3.0,269,1,15,0,10,22,3,27
5,7,3.0,269,1,13,0,13,99,1,27
5,9,8.0,90,3,13,1,7,8,4,8
4,11,14.0,147,4,1,2,13,28,0,5
5,3,12.0,104,3,12,0,4,121,3,28
5,7,8.0,94,3,6,0,15,96,0,8
5,9,9.0,320,0,16,0,8,9,3,12
4,11,14.0,147,4,13,1,15,114,1,5
5,7,8.0,94,3,16,1,15,119,0,8
5,4,9.0,18,5,2,0,10,12,3,12
5,7,8.0,94,3,7,1,15,51,0,8
4,11,17.0,110,3,17,0,14,32,1,6
5,4,9.0,18,5,14,0,13,44,2,12
5,7,8.0,94,3,2,1,11,18,1,8
5,3,18.0,165,6,6,1,6,7,0,0
4,11,17.0,110,3,16,1,15,51,4,6
5,4,9.0,18,5,19,0,7,20,4,12
5,7,9.0,273,0,13,3,10,12,0,12
5,3,19.0,138,3,15,0,8,41,0,10
4,11,17.0,110,3,9,2,2,2,3,6
5,4,9.0,18,5,9,0,3,103,1,12
5,4,9.0,18,5,22,1,12,100,4,12
5,4,31.0,67,6,6,0,5,6,0,20
5,4,31.0,67,6,1,2,8,9,3,20
5,4,7.0,133,2,16,0,0,12,3,11
5,4,7.0,133,2,6,0,10,47,0,11
5,4,7.0,133,2,16,0,7,120,0,11
5,4,7.0,133,2,13,0,13,29,4,11
5,4,7.0,133,2,2,0,8,9,0,11
5,4,7.0,133,2,4,0,15,112,1,11
5,9,9.0,320,0,19,1,2,2,4,12
5,9,9.0,320,0,15,0,2,92,1,12
5,9,9.0,320,0,12,2,1,16,3,12
5,9,8.0,90,3,15,0,9,93,2,8
5,9,18.0,359,2,16,0,13,28,1,0
5,9,18.0,359,2,0,1,2,92,0,0
5,9,18.0,359,2,10,0,8,118,1,0
5,9,18.0,359,2,0,0,5,6,0,0
5,9,18.0,359,2,16,0,11,98,4,0
5,9,8.0,90,3,22,1,11,94,1,8
5,1,21.0,45,5,17,0,15,96,3,21
5,9,18.0,359,2,9,0,7,57,2,0
5,9,25.0,344,2,0,0,10,22,3,13
5,9,18.0,359,2,22,0,10,22,1,0
5,9,25.0,344,2,2,2,2,86,0,13
5,9,25.0,344,2,4,0,2,123,1,13
5,9,27.0,179,5,16,1,13,48,0,15
5,9,27.0,179,5,2,2,10,47,3,15
5,9,28.0,315,6,5,0,11,15,2,18
5,9,25.0,344,2,15,0,16,50,1,13
5,9,28.0,315,6,4,0,9,54,2,18
5,7,1.0,98,3,2,0,2,40,4,7
5,7,1.0,98,3,9,0,6,91,1,7
5,7,3.0,269,1,14,2,6,89,3,27
5,7,3.0,269,1,12,1,15,96,4,27
5,5,9.0,206,6,19,0,9,27,2,12
5,4,30.0,139,5,1,0,1,59,0,19
5,8,28.0,224,0,13,3,6,7,3,18
5,8,28.0,224,0,11,1,4,4,1,18
3,2,27.0,136,4,11,3,0,0,2,15
5,11,27.0,322,1,18,0,11,122,0,15
5,7,17.0,95,1,1,0,6,14,1,6
5,7,28.0,34,6,22,1,4,138,4,18
5,5,1.0,109,5,8,0,8,9,4,7
5,6,20.0,215,6,4,0,16,139,1,29
5,10,13.0,346,0,13,1,13,29,4,25
5,1,12.0,353,2,16,0,0,26,1,28
5,11,27.0,322,1,23,1,0,77,1,15
5,1,19.0,29,2,15,0,9,102,2,10
5,8,5.0,101,6,18,0,4,82,3,24
5,8,4.0,299,5,15,0,8,27,2,30
5,9,11.0,52,2,12,3,6,116,4,9
5,6,2.0,352,1,8,0,11,15,2,22
5,9,28.0,315,6,2,0,16,37,1,18
5,9,28.0,315,6,11,1,11,90,4,18
5,7,1.0,98,3,12,0,9,27,0,7
5,7,1.0,98,3,18,2,16,50,0,7
5,7,3.0,269,1,19,2,16,50,2,27
5,7,8.0,94,3,16,2,6,128,0,8
5,7,8.0,94,3,17,0,11,15,3,8
5,7,8.0,94,3,16,1,5,12,0,8
5,7,8.0,94,3,13,0,2,69,2,8
5,7,8.0,94,3,6,1,0,77,4,8
5,7,8.0,94,3,5,3,10,22,3,8
5,7,9.0,273,0,7,1,9,27,0,12
5,7,9.0,273,0,1,0,13,28,1,12
5,7,11.0,197,2,6,2,10,23,3,9
5,7,11.0,197,2,1,2,11,133,3,9
5,7,11.0,197,2,5,1,7,122,1,9
5,7,18.0,154,2,6,0,5,12,0,0
5,7,18.0,154,2,20,0,4,5,1,0
5,7,18.0,154,2,3,1,11,122,4,0
5,7,18.0,154,2,9,0,1,67,4,0
5,3,3.0,182,5,9,0,16,65,0,27
5,3,12.0,104,3,13,0,10,47,2,28
5,3,12.0,104,3,7,1,13,28,0,28
5,9,27.0,179,5,2,1,3,30,4,15
5,9,28.0,315,6,5,0,15,51,2,18
5,7,9.0,273,0,3,0,5,6,0,12
5,7,3.0,269,1,12,3,12,80,0,27
5,6,1.0,158,0,17,0,2,86,0,7
5,8,30.0,103,2,17,0,7,111,1,19
5,7,9.0,273,0,9,1,12,56,4,12
5,7,8.0,94,3,7,1,0,31,0,8
5,7,11.0,197,2,17,0,0,77,1,9
5,3,12.0,104,3,3,1,15,85,0,28
4,11,17.0,110,3,9,0,2,86,1,6
5,9,9.0,320,0,22,0,15,96,3,12
5,3,19.0,138,3,22,0,0,85,1,10
5,9,27.0,179,5,8,1,4,79,2,15
4,11,18.0,332,0,15,1,10,47,2,0
5,9,9.0,320,0,12,0,4,45,4,12
5,3,19.0,138,3,3,0,14,34,2,10
5,9,28.0,315,6,16,2,10,43,3,18
4,11,18.0,332,0,21,1,5,64,0,0
5,9,9.0,320,0,18,1,8,27,0,12
5,3,19.0,138,3,9,1,4,138,2,10
5,9,28.0,315,6,22,1,8,9,4,18
4,11,23.0,232,6,17,0,13,123,2,17
5,9,9.0,320,0,18,0,0,31,3,12
5,3,20.0,105,0,1,2,9,95,3,29
5,3,20.0,105,0,19,0,5,6,0,29
5,3,20.0,105,0,1,0,9,54,4,29
5,3,25.0,347,6,15,0,6,7,3,13
5,3,25.0,347,6,17,1,0,0,4,13
5,3,25.0,347,6,8,0,10,23,2,13
5,3,25.0,347,6,3,0,12,83,2,13
5,3,25.0,347,6,13,0,3,30,2,13
5,3,25.0,347,6,18,2,0,31,0,13
5,3,26.0,343,3,6,0,10,47,1,3
5,3,25.0,347,6,14,1,10,47,1,13
5,0,7.0,15,0,13,1,9,87,4,11
5,0,8.0,9,1,0,0,10,47,0,8
5,0,9.0,48,2,15,0,16,130,0,12
5,0,9.0,48,2,12,0,14,25,0,12
5,0,9.0,48,2,13,1,14,25,1,12
5,0,9.0,48,2,14,1,9,93,1,12
5,0,15.0,190,1,10,1,6,14,0,1
5,0,15.0,190,1,6,0,0,31,0,1
5,0,16.0,11,2,20,0,8,27,0,2
5,0,24.0,55,4,20,0,9,102,0,14
5,0,24.0,55,4,3,0,7,62,1,14
4,11,6.0,252,2,12,0,4,79,3,23
4,11,8.0,283,5,21,1,9,54,0,8
4,11,8.0,283,5,23,0,5,6,0,8
5,1,17.0,63,0,14,0,3,30,0,6
5,1,17.0,63,0,4,0,13,29,1,6
5,1,22.0,164,6,13,0,16,130,3,26
5,1,22.0,164,6,17,1,0,31,0,26
5,1,23.0,69,3,20,0,10,23,1,17
5,1,23.0,69,3,22,0,11,55,1,17
5,1,23.0,69,3,14,0,8,41,1,17
5,1,23.0,69,3,18,1,1,67,0,17
5,1,14.0,183,5,13,0,13,38,2,5
5,3,26.0,343,3,12,1,9,54,4,3
5,3,26.0,343,3,0,1,13,99,2,3
5,5,9.0,206,6,4,2,1,59,0,12
5,5,9.0,206,6,22,1,1,81,1,12
5,5,9.0,206,6,14,0,13,28,0,12
5,5,9.0,206,6,3,1,8,19,1,12
5,5,17.0,212,3,17,1,11,94,0,6
5,5,17.0,212,3,8,0,1,1,3,6
5,5,17.0,212,3,19,0,1,35,4,6
5,5,17.0,212,3,4,0,10,23,1,6
5,5,18.0,195,0,17,1,9,57,0,0
5,5,17.0,212,3,14,0,5,6,0,6
5,5,18.0,195,0,20,1,14,24,4,0
5,5,18.0,195,0,20,1,14,24,4,0
5,5,18.0,195,0,9,0,9,57,4,0
5,5,18.0,195,0,14,0,0,12,3,0
5,11,28.0,123,2,2,1,12,17,0,18
5,11,28.0,123,2,18,0,11,15,2,18
5,11,28.0,123,2,23,1,12,56,0,18
5,9,2.0,323,0,12,2,0,96,3,22
5,8,6.0,87,3,22,0,5,0,2,23
5,8,6.0,87,3,12,0,2,92,1,23
5,8,17.0,74,4,23,0,13,28,1,6
5,9,7.0,271,6,13,3,13,29,1,11
5,8,17.0,74,4,13,0,12,61,1,6
5,8,17.0,74,4,4,0,1,11,4,6
5,8,17.0,74,4,14,2,9,93,3,6
5,8,17.0,74,4,8,0,12,56,2,6
5,8,23.0,102,2,23,0,3,44,2,17
5,8,23.0,102,2,21,1,5,6,0,17
5,8,23.0,102,2,14,0,8,9,0,17
5,8,23.0,102,2,4,2,0,15,2,17
5,8,25.0,86,5,21,2,2,13,3,13
5,8,25.0,86,5,8,0,2,2,0,13
5,8,25.0,86,5,2,0,0,26,3,13
5,0,24.0,55,4,6,2,8,65,3,14
5,0,24.0,55,4,12,0,9,93,3,14
5,0,24.0,55,4,18,0,13,48,1,14
5,0,24.0,55,4,1,0,6,89,3,14
4,11,6.0,252,2,13,0,2,2,4,23
4,11,6.0,252,2,3,2,8,33,0,23
5,9,28.0,315,6,9,0,14,25,1,18
5,0,8.0,9,1,14,0,10,23,1,8
5,9,9.0,320,0,19,1,13,21,0,12
5,7,1.0,98,3,1,1,9,95,0,7
5,0,8.0,9,1,1,0,1,59,4,8
5,7,1.0,98,3,4,1,9,10,4,7
5,9,18.0,359,2,11,0,3,79,1,0
5,0,9.0,48,2,15,0,0,68,0,12
5,7,3.0,269,1,13,0,0,64,2,27
5,9,18.0,359,2,8,0,6,89,1,0
5,7,3.0,269,1,12,0,10,22,3,27
5,0,16.0,11,2,0,0,2,2,4,2
5,7,8.0,94,3,16,0,15,96,0,8
5,9,18.0,359,2,13,0,6,7,4,0
5,0,16.0,11,2,7,0,6,89,4,2
5,7,8.0,94,3,7,1,5,12,0,8
5,9,18.0,359,2,8,1,12,56,4,0
5,0,16.0,11,2,6,1,14,107,1,2
5,7,8.0,94,3,2,0,1,59,4,8
5,9,25.0,344,2,22,0,1,11,1,13
5,0,16.0,11,2,1,2,1,81,3,2
5,9,27.0,179,5,15,0,3,30,2,15
5,0,24.0,55,4,20,0,11,58,2,14
5,7,8.0,94,3,8,2,11,8,3,8
5,7,8.0,94,3,4,1,12,83,4,8
5,7,9.0,273,0,16,2,14,110,0,12
5,7,9.0,273,0,15,2,13,28,3,12
5,7,9.0,273,0,19,0,12,80,4,12
5,7,9.0,273,0,19,0,6,89,1,12
5,7,18.0,154,2,15,0,12,61,1,0
5,7,18.0,154,2,3,0,4,75,2,0
5,7,18.0,154,2,2,0,9,93,4,0
5,3,3.0,182,5,0,2,11,18,0,27
5,3,12.0,104,3,5,0,8,118,3,28
5,7,8.0,94,3,17,1,10,47,0,8
5,7,8.0,94,3,2,2,16,108,3,8
5,7,8.0,94,3,19,0,6,14,2,8
5,7,8.0,94,3,12,0,11,117,1,8
5,7,8.0,94,3,12,1,14,126,4,8
5,7,8.0,94,3,4,1,4,79,1,8
5,7,9.0,273,0,19,1,14,126,4,12
5,7,9.0,273,0,4,0,16,50,0,12
5,7,11.0,197,2,6,0,4,75,0,9
5,7,11.0,197,2,6,0,10,30,0,9
5,9,25.0,344,2,20,1,5,12,1,13
5,7,8.0,94,3,12,0,7,122,2,8
5,7,18.0,154,2,17,0,7,57,3,0
5,7,18.0,154,2,21,2,7,20,0,0
5,7,18.0,154,2,3,0,8,19,0,0
5,7,18.0,154,2,2,0,5,6,3,0
5,7,18.0,154,2,21,1,8,19,4,0
5,7,18.0,154,2,1,0,2,92,4,0
5,3,3.0,182,5,15,0,9,57,2,27
5,3,3.0,182,5,3,0,10,47,1,27
5,3,3.0,182,5,12,2,16,108,3,27
5,3,3.0,182,5,4,0,1,16,3,27
5,3,3.0,182,5,14,1,6,128,1,27
5,11,1.0,222,4,15,0,16,139,4,7
5,11,9.0,311,5,11,1,13,48,4,12
5,11,9.0,311,5,19,0,9,93,2,12
5,3,23.0,57,4,8,1,5,6,0,17
5,6,24.0,31,2,12,1,15,51,0,14
5,10,5.0,336,3,19,1,3,79,0,24
5,9,22.0,92,3,2,1,2,2,4,26
5,7,7.0,293,6,9,1,6,7,4,11
3,0,22.0,241,0,0,0,0,26,1,26
5,11,12.0,118,0,13,1,7,54,4,28
5,9,6.0,51,5,19,0,10,12,1,23
5,9,12.0,177,4,15,0,15,31,1,28
5,9,12.0,177,4,4,3,3,30,0,28
5,5,6.0,277,2,11,1,1,11,0,23
2,4,1.0,141,1,17,0,8,118,1,7
5,10,5.0,336,3,18,2,11,124,1,24
5,6,22.0,185,0,3,0,6,116,3,26
3,0,31.0,290,2,9,1,9,93,0,20
2,9,1.0,126,4,17,3,7,122,1,7
5,10,30.0,157,4,3,1,10,12,1,19
5,8,24.0,85,4,9,0,5,47,3,14
5,9,27.0,179,5,15,0,3,30,3,15
5,9,27.0,179,5,3,1,16,42,4,15
5,0,24.0,55,4,19,0,4,4,1,14
5,9,27.0,179,5,19,1,11,133,4,15
5,0,24.0,55,4,20,1,10,47,1,14
5,9,8.0,90,3,0,0,2,40,2,8
5,9,8.0,90,3,20,0,2,40,4,8
5,9,17.0,255,1,3,0,11,15,3,6
2,2,1.0,143,5,17,0,5,0,1,7
5,10,21.0,341,1,2,1,8,41,0,21
5,5,1.0,109,5,22,0,10,43,2,7
5,11,10.0,360,6,15,0,3,79,1,4
5,11,10.0,360,6,8,0,6,89,1,4
5,1,19.0,29,2,18,2,12,61,4,10
3,0,1.0,8,0,17,0,2,86,0,7
5,7,17.0,95,1,19,3,14,106,3,6
5,7,28.0,34,6,18,1,0,12,2,18
5,3,2.0,120,4,12,1,13,13,0,22
5,7,27.0,53,5,19,1,12,84,0,15
5,3,17.0,54,5,18,1,10,22,0,6
5,3,17.0,54,5,13,0,6,116,0,6
5,8,4.0,299,5,11,0,13,48,3,30
5,8,4.0,299,5,14,0,7,20,4,30
5,8,29.0,301,1,2,2,13,99,1,16
5,4,5.0,235,0,12,1,5,64,0,24
5,6,8.0,59,0,11,0,16,113,2,8
5,6,8.0,59,0,10,1,2,13,0,8
5,6,8.0,59,0,12,0,0,64,0,8
5,6,8.0,59,0,14,0,6,7,1,8
5,6,13.0,317,6,0,1,0,15,0,25
5,6,13.0,317,6,21,2,13,21,0,25
5,6,13.0,317,6,8,3,8,9,4,25
5,6,30.0,145,1,0,0,9,27,0,19
5,6,30.0,145,1,12,0,2,69,0,19
5,6,30.0,145,1,18,0,10,47,2,19
5,10,6.0,242,0,6,0,5,12,0,23
5,10,6.0,242,0,17,2,8,27,0,23
5,10,6.0,242,0,5,1,1,16,4,23
5,10,6.0,242,0,12,1,14,107,1,23
5,10,6.0,242,0,2,1,9,83,4,23
5,10,17.0,256,5,8,0,9,9,2,6
5,11,7.0,253,2,11,1,9,101,0,11
5,10,17.0,256,5,12,0,5,47,3,6
5,10,17.0,256,5,4,0,11,117,2,6
5,10,23.0,247,4,0,1,0,64,2,17
5,4,6.0,176,1,8,0,14,32,2,23
5,10,23.0,247,4,22,0,13,38,0,17
5,10,23.0,247,4,9,0,3,30,3,17
5,10,25.0,56,6,21,0,15,39,1,13
5,8,17.0,74,4,15,0,14,24,2,6
5,8,23.0,102,2,6,0,0,12,0,17
5,8,23.0,102,2,6,0,10,12,1,17
5,8,23.0,102,2,12,0,6,14,4,17
5,8,23.0,102,2,1,0,10,52,1,17
5,8,23.0,102,2,10,1,5,64,1,17
5,8,25.0,86,5,21,1,7,129,0,13
5,8,25.0,86,5,12,0,9,93,2,13
5,8,25.0,86,5,16,1,3,70,1,13
5,8,25.0,86,5,3,1,14,126,4,13
5,8,17.0,74,4,6,1,2,3,4,6
5,4,1.0,144,4,14,1,3,76,1,7
5,4,6.0,176,1,6,0,5,12,3,23
5,4,6.0,176,1,8,0,10,52,0,23
4,11,6.0,252,2,17,0,16,72,1,23
4,11,6.0,252,2,16,0,15,51,3,23
4,11,6.0,252,2,4,0,5,6,3,23
4,11,8.0,283,5,5,2,11,15,0,8
4,11,8.0,283,5,19,0,8,9,1,8
4,11,14.0,147,4,21,1,3,44,0,5
4,11,14.0,147,4,20,0,0,26,1,5
4,11,14.0,147,4,22,0,1,11,3,5
4,11,14.0,147,4,17,0,2,13,3,5
4,11,17.0,110,3,6,0,10,22,3,6
4,11,17.0,110,3,22,0,0,26,1,6
4,11,18.0,332,0,17,1,8,9,0,0
4,11,18.0,332,0,16,1,2,92,2,0
4,11,18.0,332,0,12,0,16,50,1,0
4,11,23.0,232,6,20,0,5,6,3,17
5,0,24.0,55,4,17,2,10,43,3,14
5,0,24.0,55,4,9,0,14,24,4,14
4,11,6.0,252,2,20,0,0,12,1,23
4,11,6.0,252,2,5,0,6,89,1,23
4,11,6.0,252,2,22,0,3,44,3,23
4,11,8.0,283,5,5,0,9,134,2,8
4,11,8.0,283,5,21,1,9,10,1,8
4,11,14.0,147,4,1,2,3,30,1,5
4,11,14.0,147,4,23,1,12,17,4,5
4,11,14.0,147,4,12,2,7,129,3,5
4,11,17.0,110,3,15,2,6,91,1,6
4,11,17.0,110,3,5,1,14,126,4,6
4,11,17.0,110,3,23,1,1,59,4,6
4,11,17.0,110,3,17,0,9,87,1,6
4,11,18.0,332,0,3,2,12,61,3,0
4,11,18.0,332,0,3,2,9,87,3,0
4,11,18.0,332,0,14,2,9,87,3,0
4,11,14.0,147,4,17,1,11,15,4,5
4,11,23.0,232,6,20,1,14,97,1,17
4,11,26.0,364,1,16,0,16,50,0,3
4,11,26.0,364,1,11,0,6,128,4,3
4,11,26.0,364,1,19,0,2,86,1,3
2,0,29.0,228,3,17,0,0,26,1,16
4,11,14.0,147,4,22,1,4,136,4,5
4,11,14.0,147,4,14,2,8,9,3,5
4,11,14.0,147,4,8,2,10,47,0,5
4,11,17.0,110,3,11,0,13,13,1,6
4,11,17.0,110,3,7,0,16,50,2,6
4,11,17.0,110,3,14,0,16,50,1,6
4,11,17.0,110,3,14,0,6,89,0,6
4,11,18.0,332,0,4,0,7,122,2,0
4,11,23.0,232,6,23,0,0,77,1,17
4,11,23.0,232,6,13,0,9,54,2,17
4,11,23.0,232,6,1,0,12,83,1,17
4,11,23.0,232,6,12,0,10,22,0,17
4,11,26.0,364,1,15,2,4,66,0,3
4,11,26.0,364,1,5,0,16,37,4,3
5,6,8.0,59,0,13,0,1,105,4,8
4,11,26.0,364,1,2,3,11,15,0,3
4,9,9.0,320,1,17,0,1,11,1,12
4,9,9.0,320,1,10,1,2,92,2,12
4,9,9.0,320,1,22,2,10,47,0,12
4,9,9.0,320,1,1,2,3,30,1,12
5,3,5.0,324,3,5,0,0,64,4,24
4,9,15.0,226,0,20,1,2,2,1,1
4,9,15.0,226,0,21,0,13,99,3,1
5,4,6.0,176,1,4,0,2,86,3,23
5,1,8.0,62,6,4,0,5,6,3,8
5,11,1.0,222,4,17,0,16,37,2,7
5,1,8.0,62,6,22,1,11,15,1,8
5,9,8.0,90,3,19,0,9,57,1,8
5,1,14.0,183,5,6,0,10,52,3,5
5,9,9.0,320,0,22,0,15,114,3,12
5,1,14.0,183,5,14,0,5,6,0,5
5,9,9.0,320,0,22,0,3,115,3,12
5,1,14.0,183,5,18,0,13,36,0,5
5,9,9.0,320,0,19,0,6,7,4,12
5,1,14.0,183,5,19,1,6,91,0,5
5,9,9.0,320,0,9,1,2,123,4,12
5,1,15.0,1,6,11,0,11,15,3,1
5,1,16.0,2,3,17,0,14,106,1,2
5,9,9.0,320,0,7,1,1,105,0,12
5,1,15.0,1,6,4,1,3,103,1,1
5,9,9.0,320,0,5,1,16,74,1,12
5,1,16.0,2,3,10,1,13,99,0,2
5,1,16.0,2,3,15,0,8,33,3,2
5,11,15.0,331,4,11,0,9,102,2,1
5,1,15.0,1,6,1,1,5,6,0,1
5,1,16.0,2,3,12,0,0,53,3,2
5,1,16.0,2,3,1,2,8,9,1,2
5,1,16.0,2,3,18,1,2,123,0,2
5,1,17.0,63,0,2,0,2,92,1,6
5,1,16.0,2,3,13,0,3,44,4,2
5,0,7.0,15,0,1,2,1,11,3,11
5,0,7.0,15,0,18,2,4,45,0,11
5,3,7.0,289,1,20,0,8,118,1,11
5,5,5.0,96,1,3,1,1,11,0,24
2,6,1.0,352,6,17,0,2,92,1,7
5,5,31.0,196,3,17,0,11,90,2,20
5,6,6.0,83,6,9,3,12,104,4,23
5,10,16.0,201,4,18,1,2,86,1,2
5,10,22.0,314,2,4,0,6,128,1,26
3,1,22.0,164,5,17,0,8,27,1,26
5,1,9.0,50,3,19,3,11,98,4,12
5,9,4.0,295,2,11,1,13,28,0,30
5,11,14.0,147,2,16,0,9,102,1,5
5,8,16.0,73,2,15,0,9,95,3,2
5,5,15.0,200,5,20,3,15,51,0,1
5,8,24.0,85,4,8,3,8,33,2,14
5,7,4.0,186,2,2,3,14,25,0,30
5,2,8.0,258,3,8,0,7,129,2,8
5,2,16.0,220,0,19,0,14,24,2,2
5,11,22.0,250,4,13,0,11,98,2,26
5,5,16.0,239,6,8,0,6,91,2,2
5,5,31.0,196,3,19,3,3,30,0,20
5,3,24.0,357,5,1,0,5,6,0,14
5,3,24.0,357,5,12,3,16,50,1,14
5,0,7.0,15,0,1,0,1,11,0,11
5,0,7.0,15,0,14,1,0,64,0,11
5,0,8.0,9,1,13,1,11,55,4,8
5,0,8.0,9,1,14,1,1,59,4,8
5,0,8.0,9,1,4,1,9,83,4,8
5,0,8.0,9,1,5,0,2,2,4,8
5,0,9.0,48,2,16,0,0,12,0,12
5,0,9.0,48,2,16,2,10,22,3,12
5,0,9.0,48,2,10,1,11,124,0,12
5,2,23.0,230,0,12,0,14,24,2,17
5,0,8.0,9,1,12,1,14,32,4,8
5,0,9.0,48,2,1,0,4,75,4,12
5,0,9.0,48,2,14,1,1,16,0,12
5,0,9.0,48,2,9,0,1,59,2,12
5,0,9.0,48,2,4,0,9,87,1,12
5,0,9.0,48,2,3,0,9,95,2,12
5,0,15.0,190,1,0,0,10,22,2,1
5,0,15.0,190,1,7,1,0,53,0,1
5,0,15.0,190,1,6,1,6,89,0,1
5,0,15.0,190,1,8,3,5,6,0,1
5,0,15.0,190,1,14,0,16,130,4,1
5,0,24.0,55,4,7,1,0,15,0,14
5,4,31.0,67,6,9,2,6,89,3,20
5,4,31.0,67,6,18,0,1,11,4,20
5,2,15.0,130,3,18,2,2,86,3,1
5,2,17.0,6,1,18,0,5,12,3,6
5,2,17.0,6,1,3,0,11,133,2,6
5,2,23.0,230,0,13,0,0,96,3,17
5,2,23.0,230,0,15,0,12,83,2,17
5,2,23.0,230,0,18,0,1,59,3,17
5,2,23.0,230,0,20,1,13,36,1,17
5,0,7.0,15,0,11,0,15,51,1,11
5,0,7.0,15,0,12,2,13,69,3,11
5,0,7.0,15,0,9,1,4,103,0,11
5,3,16.0,263,4,12,0,13,36,1,2
5,0,8.0,9,1,17,0,2,60,0,8
5,2,17.0,6,1,4,0,6,89,1,6
5,0,8.0,9,1,6,2,12,56,3,8
5,0,9.0,48,2,6,0,4,75,3,12
5,0,9.0,48,2,16,0,0,12,0,12
5,0,9.0,48,2,16,1,14,106,0,12
5,0,15.0,190,1,17,0,6,7,1,1
5,0,15.0,190,1,16,0,14,131,3,1
5,0,15.0,190,1,0,1,0,53,0,1
5,0,16.0,11,2,15,0,2,86,1,2
5,0,16.0,11,2,13,0,4,127,4,2
5,0,16.0,11,2,3,1,3,30,2,2
5,9,18.0,359,2,2,0,0,12,3,0
5,9,18.0,359,2,2,2,15,39,0,0
5,9,18.0,359,2,17,0,10,30,0,0
5,9,18.0,359,2,4,3,5,12,0,0
5,9,25.0,344,2,21,0,14,25,0,13
3,10,15.0,60,1,22,0,7,57,4,1
5,9,25.0,344,2,16,0,0,64,3,13
5,9,25.0,344,2,13,1,13,38,4,13
5,9,25.0,344,2,1,0,13,13,0,13
5,9,25.0,344,2,9,0,12,80,1,13
5,9,27.0,179,5,4,0,1,67,0,15
5,9,27.0,179,5,3,0,7,57,2,15
5,4,6.0,176,1,1,0,9,49,4,23
5,4,7.0,133,2,3,0,0,31,2,11
5,4,7.0,133,2,21,1,7,120,0,11
5,4,8.0,292,4,7,1,9,63,0,8
5,4,8.0,292,4,15,0,5,12,1,8
5,4,6.0,176,1,4,3,9,83,4,23
5,4,9.0,18,5,0,0,14,24,2,12
5,4,1.0,144,4,5,0,7,122,2,7
5,4,9.0,18,5,17,1,11,15,1,12
5,8,25.0,86,5,18,0,12,121,1,13
5,8,25.0,86,5,1,0,9,63,0,13
5,4,9.0,18,5,19,0,10,47,0,12
5,4,31.0,67,6,13,1,3,79,1,20
5,4,31.0,67,6,8,0,10,47,3,20
5,4,31.0,67,6,1,2,11,98,2,20
5,2,15.0,130,3,8,0,4,45,3,1
5,2,15.0,130,3,19,0,4,82,2,1
5,2,15.0,130,3,20,1,7,8,1,1
5,2,15.0,130,3,18,0,14,25,1,1
5,2,23.0,230,0,2,0,14,34,1,17
5,2,23.0,230,0,4,1,9,101,4,17
5,0,7.0,15,0,6,1,11,98,2,11
5,0,7.0,15,0,21,1,11,15,0,11
5,0,7.0,15,0,20,1,9,95,4,11
5,8,23.0,102,2,18,0,4,45,4,17
5,4,1.0,144,4,18,0,8,118,1,7
5,4,6.0,176,1,6,2,0,64,3,23
5,4,6.0,176,1,0,0,5,12,1,23
3,4,6.0,176,0,17,0,3,115,1,23
5,4,6.0,176,1,3,0,13,99,3,23
5,3,16.0,263,4,4,0,5,64,3,2
5,4,7.0,133,2,19,0,10,47,3,11
5,4,7.0,133,2,19,1,5,64,1,11
5,4,8.0,292,4,15,0,5,6,3,8
5,4,9.0,18,5,17,0,4,136,4,12
5,4,8.0,292,4,18,2,9,27,3,8
5,4,8.0,292,4,9,1,0,77,2,8
5,4,9.0,18,5,15,0,14,25,3,12
5,4,8.0,292,4,17,0,5,6,3,8
5,4,9.0,18,5,14,0,14,24,4,12
5,4,31.0,67,6,20,1,2,2,1,20
5,4,31.0,67,6,19,2,15,114,3,20
5,2,15.0,130,3,6,1,5,12,0,1
5,2,17.0,6,1,21,0,0,68,3,6
5,2,17.0,6,1,1,0,8,27,1,6
5,8,25.0,86,5,14,2,6,7,0,13
5,8,25.0,86,5,1,1,7,111,4,13
5,8,25.0,86,5,15,1,6,116,4,13
5,4,1.0,144,4,0,1,13,69,4,7
5,4,1.0,144,4,19,2,6,7,0,7
5,8,25.0,86,5,17,0,14,32,1,13
5,4,6.0,176,1,16,0,9,54,0,23
5,4,6.0,176,1,12,0,13,28,4,23
5,4,7.0,133,2,5,0,13,38,0,11
5,4,6.0,176,1,8,0,5,6,3,23
5,4,8.0,292,4,6,0,14,126,1,8
5,4,8.0,292,4,2,0,4,75,1,8
5,1,29.0,112,6,11,0,13,38,0,16
5,1,29.0,112,6,12,0,2,2,0,16
5,1,29.0,112,6,19,0,2,86,2,16
5,8,4.0,299,5,16,2,13,13,3,30
5,8,4.0,299,5,6,1,6,91,0,30
5,8,4.0,299,5,6,0,13,99,1,30
5,8,5.0,101,6,14,0,8,9,1,24
5,10,13.0,346,0,18,3,11,58,2,25
5,10,18.0,246,6,12,0,10,6,3,0
5,10,19.0,117,3,20,1,14,34,1,10
5,10,19.0,117,3,22,2,6,116,0,10
5,10,21.0,341,1,0,2,8,9,3,21
5,10,21.0,341,1,7,2,13,48,3,21
5,10,21.0,341,1,14,0,6,116,4,21
5,0,21.0,287,0,19,1,7,57,1,21
4,11,12.0,118,1,2,1,0,77,4,28
5,6,21.0,193,3,19,0,2,86,4,21
5,10,2.0,358,4,10,0,2,86,0,22
5,10,12.0,333,3,9,2,5,6,3,28
5,0,20.0,172,3,17,1,13,48,0,29
4,9,21.0,362,3,3,2,10,22,3,21
5,1,1.0,203,6,9,3,12,83,0,7
5,1,27.0,262,4,17,0,2,2,3,15
5,1,27.0,262,4,8,3,9,93,1,15
5,8,13.0,189,3,12,3,14,32,0,25
5,1,1.0,203,6,5,0,10,22,1,7
5,2,30.0,131,0,11,0,11,117,2,19
5,6,21.0,193,3,17,1,1,81,4,21
5,10,1.0,208,2,6,0,7,31,3,7
5,10,1.0,208,2,11,0,0,12,1,7
5,10,2.0,358,4,2,0,10,30,0,22
5,1,1.0,203,6,20,0,14,25,1,7
4,11,12.0,118,1,16,0,0,53,3,28
4,7,20.0,266,6,13,0,3,70,0,29
4,7,20.0,266,6,12,0,2,40,4,29
4,7,20.0,266,6,12,3,7,129,3,29
4,7,20.0,266,6,12,0,2,2,3,29
4,7,20.0,266,6,9,2,3,103,0,29
4,7,20.0,266,6,3,1,1,67,4,29
4,7,22.0,211,0,23,1,10,52,0,26
4,7,22.0,211,0,13,1,4,66,1,26
4,7,22.0,211,0,11,1,12,61,1,26
4,11,28.0,123,4,9,0,10,23,1,18
4,11,28.0,123,4,11,0,10,43,3,18
4,9,5.0,89,5,8,0,10,47,0,24
4,9,13.0,91,6,6,0,4,45,0,25
4,9,13.0,91,6,13,0,15,85,3,25
4,9,19.0,234,5,21,2,13,38,0,10
5,4,19.0,142,0,17,0,9,93,4,10
4,9,19.0,234,5,18,0,2,86,1,10
4,9,20.0,119,6,23,0,1,81,4,29
4,9,19.0,234,5,3,2,6,89,3,10
4,9,19.0,234,5,3,0,5,6,2,10
4,9,20.0,119,6,14,0,6,73,0,29
5,10,21.0,341,1,14,1,8,118,1,21
5,10,28.0,216,1,6,2,6,14,3,18
5,10,28.0,216,1,21,0,13,28,3,18
5,1,2.0,171,3,9,0,0,26,3,22
5,1,10.0,17,0,10,0,10,12,3,4
5,1,10.0,17,0,1,0,0,26,4,4
5,1,10.0,17,0,9,3,3,30,2,4
5,1,12.0,353,2,1,2,9,101,3,28
5,1,19.0,29,2,16,0,4,138,2,10
5,1,19.0,29,2,21,0,3,76,3,10
4,9,4.0,295,4,16,1,0,26,1,30
5,1,19.0,29,2,0,1,15,46,0,10
5,1,19.0,29,2,15,0,10,12,1,10
5,10,3.0,310,5,13,0,3,76,4,27
5,10,19.0,117,3,16,0,5,12,1,10
5,10,19.0,117,3,21,0,14,110,3,10
5,10,19.0,117,3,16,0,3,79,1,10
5,10,19.0,117,3,19,0,12,61,3,10
5,10,21.0,341,1,0,0,16,139,1,21
4,9,20.0,119,6,18,2,14,106,0,29
4,9,22.0,92,0,17,0,1,1,4,26
4,9,20.0,119,6,10,1,9,87,2,29
4,9,22.0,92,0,3,0,10,52,1,26
4,9,28.0,315,3,0,0,4,79,2,18
5,1,3.0,188,0,11,1,7,129,4,27
5,1,11.0,111,1,14,0,12,100,1,9
4,9,28.0,315,3,11,0,15,46,1,18
4,9,28.0,315,3,2,2,9,93,3,18
4,7,5.0,204,5,6,1,1,67,0,24
4,7,5.0,204,5,19,0,12,121,3,24
4,7,5.0,204,5,12,0,6,91,3,24
4,11,27.0,322,2,3,0,9,101,3,15
4,11,27.0,322,2,2,2,13,38,3,15
4,9,5.0,89,5,12,2,1,59,3,24
4,9,13.0,91,6,10,0,13,38,2,25
4,9,19.0,234,5,2,0,9,49,1,10
4,9,19.0,234,5,9,0,1,1,1,10
4,9,20.0,119,6,0,1,11,55,0,29
4,9,20.0,119,6,19,0,4,75,1,29
4,9,20.0,119,6,20,1,15,51,1,29
4,9,22.0,92,0,0,1,14,107,0,26
5,10,21.0,341,1,16,0,5,12,0,21
5,10,21.0,341,1,3,2,13,99,0,21
5,10,21.0,341,1,12,0,4,66,4,21
5,0,3.0,334,4,7,0,8,118,3,27
4,7,28.0,34,3,9,1,13,21,0,18
4,5,31.0,196,0,15,1,1,67,4,20
5,10,28.0,216,1,6,0,1,35,4,18
5,10,28.0,216,1,0,1,0,26,0,18
5,1,2.0,171,3,15,0,1,59,1,22
5,1,2.0,171,3,12,0,11,117,0,22
5,1,10.0,17,0,3,0,15,77,3,4
5,1,12.0,353,2,17,1,3,44,4,28
5,1,2.0,171,3,12,0,10,30,0,22
5,1,12.0,353,2,4,0,15,108,3,28
4,9,4.0,295,4,3,0,10,52,2,30
4,9,12.0,177,5,9,0,16,72,2,28
4,9,14.0,106,3,13,1,0,53,0,5
4,9,27.0,179,6,14,0,11,133,2,15
5,1,19.0,29,2,15,1,13,13,1,10
5,1,19.0,29,2,9,0,5,12,3,10
4,9,12.0,177,5,8,3,6,7,0,28
4,7,6.0,93,6,18,3,0,77,3,23
2,0,1.0,47,3,13,0,1,67,1,7
4,9,22.0,92,0,13,0,5,6,2,26
4,9,28.0,315,3,16,1,0,31,0,18
5,8,10.0,71,4,1,0,5,12,3,4
4,9,28.0,315,3,15,0,8,9,2,18
4,9,28.0,315,3,17,1,10,22,0,18
4,9,28.0,315,3,1,0,1,59,2,18
4,7,5.0,204,5,15,1,6,89,4,24
4,7,5.0,204,5,18,0,15,114,2,24
4,7,12.0,181,5,17,1,11,98,0,28
4,7,12.0,181,5,8,0,10,52,0,28
4,7,12.0,181,5,20,1,12,56,4,28
4,7,14.0,125,3,21,1,13,21,0,5
4,7,22.0,211,0,8,3,9,93,3,26
4,7,22.0,211,0,8,1,8,27,2,26
4,7,28.0,34,3,22,0,12,17,0,18
4,7,22.0,211,0,1,3,0,0,3,26
4,7,28.0,34,3,4,0,4,5,3,18
4,7,29.0,268,0,21,0,10,22,1,16
4,7,29.0,268,0,12,0,9,109,3,16
5,8,3.0,363,4,7,0,8,9,1,27
5,8,3.0,363,4,20,1,4,127,4,27
5,8,3.0,363,4,22,2,0,12,3,27
5,8,3.0,363,4,14,0,12,121,1,27
5,8,3.0,363,4,9,0,16,37,1,27
5,8,4.0,299,5,17,1,12,135,4,30
5,8,4.0,299,5,5,1,1,105,4,30
5,8,5.0,101,6,5,1,9,101,4,24
5,8,5.0,101,6,20,1,9,49,4,24
5,8,3.0,363,4,8,3,5,6,0,27
5,8,5.0,101,6,4,0,1,67,1,24
5,8,3.0,363,4,6,0,16,39,1,27
5,8,3.0,363,4,22,1,16,130,0,27
5,8,11.0,306,5,0,1,5,64,0,9
5,8,11.0,306,5,17,1,13,38,0,9
5,8,11.0,306,5,3,0,13,48,0,9
4,7,29.0,268,0,8,0,13,99,2,16
4,7,29.0,268,0,2,2,6,126,3,16
4,7,29.0,268,0,2,0,6,128,3,16
4,7,31.0,43,2,22,0,16,72,3,20
4,7,31.0,43,2,22,0,16,65,4,20
4,7,31.0,43,2,2,0,16,50,3,20
4,3,13.0,210,1,17,0,1,35,1,25
4,3,13.0,210,1,21,0,12,80,3,25
4,3,13.0,210,1,21,0,6,128,1,25
4,3,13.0,210,1,11,1,12,80,1,25
4,3,13.0,210,1,1,0,1,11,4,25
4,3,14.0,33,2,21,0,12,84,1,5
4,3,14.0,33,2,8,0,9,95,2,5
5,8,27.0,78,3,12,1,14,24,1,15
4,3,20.0,105,1,21,0,10,47,3,29
4,3,20.0,105,1,3,1,16,130,4,29
5,4,13.0,221,1,3,1,12,104,4,25
5,5,20.0,214,2,17,0,0,31,0,29
5,8,3.0,363,4,14,1,10,23,1,27
4,3,23.0,57,5,16,1,9,93,2,17
4,3,28.0,187,2,9,0,1,35,4,18
5,0,3.0,334,4,5,2,2,69,0,27
5,4,20.0,115,1,0,0,0,12,3,29
4,7,29.0,268,0,22,0,9,49,2,16
4,11,28.0,123,4,18,0,2,69,3,18
5,5,28.0,259,4,5,0,2,2,3,18
4,3,23.0,57,5,12,0,6,128,0,17
5,8,4.0,299,5,17,1,1,67,0,30
4,7,31.0,43,2,22,0,9,54,3,20
4,5,31.0,196,0,15,1,8,9,1,20
5,5,28.0,259,4,13,0,4,103,3,18
4,3,28.0,187,2,16,0,7,31,1,18
4,5,4.0,114,1,16,0,5,64,0,30
5,4,20.0,115,1,11,0,8,27,1,29
4,3,28.0,187,2,7,1,10,47,2,18
4,3,13.0,210,1,6,0,9,49,3,25
5,8,4.0,299,5,0,1,0,53,0,30
5,0,3.0,334,4,8,2,0,15,3,27
5,5,28.0,259,4,15,1,11,15,1,18
5,4,20.0,115,1,2,0,4,138,3,29
4,6,5.0,342,6,16,0,5,12,3,24
5,10,28.0,216,1,17,0,9,134,0,18
5,0,13.0,198,3,3,0,5,64,1,25
4,3,13.0,210,1,9,1,11,55,4,25
4,3,13.0,210,1,13,0,2,92,0,25
4,3,14.0,33,2,15,3,10,47,0,5
4,3,13.0,210,1,4,0,6,91,0,25
4,3,14.0,33,2,20,1,16,50,0,5
4,3,14.0,33,2,3,0,12,84,0,5
5,8,22.0,354,1,17,1,16,139,2,26
5,4,19.0,142,0,9,0,13,21,1,10
5,2,5.0,127,4,20,0,10,23,1,24
5,2,22.0,209,3,3,0,5,6,2,26
5,0,13.0,198,3,15,2,2,13,3,25
4,11,13.0,312,2,18,0,14,34,3,25
4,11,13.0,312,2,22,1,2,86,1,25
4,11,19.0,321,1,8,0,12,56,4,10
4,11,19.0,321,1,1,1,4,66,4,10
4,11,21.0,192,4,9,0,9,93,3,21
4,11,27.0,322,2,4,0,11,117,1,15
4,11,28.0,123,4,6,1,1,67,0,18
4,11,28.0,123,4,5,0,14,24,1,18
4,11,28.0,123,4,14,0,10,47,1,18
4,11,28.0,123,4,9,0,3,76,1,18
4,9,13.0,91,6,21,0,13,21,1,25
4,9,13.0,91,6,23,1,0,31,0,25
4,9,19.0,234,5,3,0,5,6,0,10
5,6,18.0,308,4,8,0,9,49,1,0
5,6,26.0,348,5,16,2,2,2,1,3
5,8,10.0,71,4,12,1,13,21,1,4
5,1,10.0,17,0,9,1,14,24,1,4
5,1,12.0,353,2,12,0,6,132,1,28
5,1,19.0,29,2,16,0,5,12,1,10
5,1,19.0,29,2,21,0,0,64,0,10
5,1,19.0,29,2,19,2,8,118,3,10
5,1,19.0,29,2,14,0,10,22,1,10
5,1,19.0,29,2,1,0,12,61,4,10
5,1,28.0,300,5,9,0,10,47,2,18
5,1,29.0,112,6,3,0,8,27,4,16
3,0,1.0,8,0,17,0,9,134,4,7
5,10,28.0,216,1,16,0,0,12,0,18
5,10,28.0,216,1,16,0,9,109,1,18
5,10,28.0,216,1,18,0,3,44,3,18
5,1,2.0,171,3,2,0,5,12,0,22
5,1,2.0,171,3,19,0,10,22,3,22
4,11,2.0,265,6,17,1,9,57,1,22
4,9,4.0,295,4,4,0,1,11,1,30
5,2,20.0,264,5,13,3,3,76,0,29
5,1,12.0,353,2,16,0,10,47,0,28
5,1,12.0,353,2,1,0,10,30,0,28
3,0,24.0,55,2,13,0,9,93,4,14
3,2,12.0,128,2,20,0,10,47,2,28
5,11,6.0,252,1,2,0,12,135,2,23
5,11,29.0,270,4,8,0,4,79,2,16
5,6,14.0,173,3,12,1,11,18,0,5
5,4,23.0,30,5,3,0,3,30,2,17
5,7,30.0,42,0,2,1,1,11,4,19
5,5,8.0,199,5,11,0,13,69,2,8
5,2,26.0,3,4,11,0,5,6,2,3
5,8,10.0,71,4,21,1,5,64,0,4
5,8,10.0,71,4,2,1,0,68,2,4
4,9,19.0,234,5,2,0,10,22,3,10
4,9,19.0,234,5,20,1,12,121,1,10
4,9,19.0,234,5,4,1,9,58,4,10
4,9,20.0,119,6,1,2,12,61,3,29
4,9,20.0,119,6,14,1,6,7,1,29
4,9,22.0,92,0,23,0,5,12,3,26
4,9,22.0,92,0,13,0,4,4,1,26
4,9,22.0,92,0,19,0,1,16,3,26
4,9,22.0,92,0,20,1,14,97,4,26
4,9,20.0,119,6,11,0,9,10,2,29
4,9,28.0,315,3,3,0,4,136,4,18
4,9,28.0,315,3,0,1,13,48,0,18
4,9,28.0,315,3,19,0,0,53,4,18
4,9,19.0,234,5,5,1,12,56,1,10
4,7,5.0,204,5,5,0,1,1,1,24
4,7,5.0,204,5,9,0,9,101,1,24
4,7,12.0,181,5,14,2,8,41,0,28
4,9,20.0,119,6,1,0,11,117,0,29
4,7,14.0,125,3,22,0,10,52,2,5
5,1,19.0,29,2,5,0,5,6,3,10
5,1,19.0,29,2,22,1,11,55,4,10
5,1,19.0,29,2,14,0,8,118,2,10
5,1,19.0,29,2,9,0,12,121,0,10
5,1,28.0,300,5,0,1,11,15,0,18
5,1,28.0,300,5,4,0,8,9,0,18
5,1,28.0,300,5,13,0,14,24,2,18
5,8,4.0,299,5,5,1,12,83,4,30
5,5,29.0,24,5,11,1,13,69,4,16
4,6,5.0,342,6,16,2,2,123,0,24
5,4,20.0,115,1,19,1,6,116,4,29
5,8,4.0,299,5,8,0,13,29,3,30
5,0,3.0,334,4,14,0,13,38,2,27
5,6,10.0,149,2,17,1,0,96,0,4
5,2,13.0,276,5,5,0,14,125,2,25
4,3,28.0,187,2,2,2,10,52,0,18
5,10,28.0,216,1,15,0,12,17,3,18
5,4,20.0,115,1,3,0,9,57,1,29
5,0,3.0,334,4,9,0,5,6,0,27
5,6,10.0,149,2,20,0,5,12,3,4
5,1,2.0,171,3,2,1,16,42,4,22
4,3,28.0,187,2,2,0,12,61,1,18
5,8,4.0,299,5,1,2,10,12,0,30
5,4,29.0,313,4,0,2,10,43,3,16
4,6,14.0,173,0,0,0,6,132,3,5
5,0,4.0,229,5,6,0,0,64,0,30
5,6,20.0,215,6,8,0,2,2,0,29
5,1,12.0,353,2,16,0,2,69,4,28
5,8,28.0,224,0,20,0,16,50,4,18
5,10,28.0,216,1,20,0,7,62,0,18
5,10,28.0,216,1,8,2,7,8,2,18
5,10,28.0,216,1,12,1,5,12,0,18
5,10,28.0,216,1,2,0,13,29,1,18
5,1,2.0,171,3,16,0,2,13,0,22
5,1,2.0,171,3,11,0,12,104,3,22
4,9,4.0,295,4,12,1,1,35,4,30
4,9,12.0,177,5,18,0,9,49,1,28
5,1,2.0,171,3,2,0,8,27,2,22
5,1,2.0,171,3,19,2,8,9,3,22
5,1,10.0,17,0,6,2,13,99,4,4
5,1,10.0,17,0,6,1,11,18,0,4
5,1,12.0,353,2,0,0,13,21,1,28
5,1,12.0,353,2,13,0,10,23,3,28
5,1,12.0,353,2,5,0,4,75,3,28
5,1,19.0,29,2,6,2,6,7,0,10
5,1,19.0,29,2,21,2,8,27,3,10
5,1,19.0,29,2,7,0,10,47,3,10
5,1,19.0,29,2,6,0,10,30,0,10
5,1,19.0,29,2,19,0,16,37,1,10
4,5,3.0,161,0,8,0,2,92,1,27
4,5,3.0,161,0,2,0,12,80,2,27
4,5,3.0,161,0,14,1,9,58,4,27
4,5,4.0,114,1,17,0,16,42,0,30
4,5,4.0,114,1,0,0,0,26,3,30
4,5,4.0,114,1,21,1,1,105,0,30
4,5,4.0,114,1,5,0,5,64,3,30
4,5,4.0,114,1,12,0,6,132,3,30
4,5,4.0,114,1,16,0,4,79,3,30
5,2,19.0,137,4,8,1,12,17,4,10
4,7,14.0,125,3,12,0,10,47,2,5
4,5,22.0,163,6,5,2,16,113,3,26
4,5,22.0,163,6,8,0,6,7,3,26
4,5,22.0,163,6,7,1,10,43,1,26
4,5,22.0,163,6,9,0,6,89,2,26
4,5,29.0,24,6,8,0,10,23,1,16
4,5,29.0,24,6,22,1,16,72,1,16
4,5,30.0,294,3,5,0,4,5,1,19
4,5,30.0,294,3,22,0,4,121,1,19
4,5,30.0,294,3,8,0,11,90,3,19
4,5,29.0,24,6,19,0,12,61,1,16
4,7,14.0,125,3,6,2,5,12,3,5
4,7,14.0,125,3,21,0,10,52,3,5
5,1,28.0,300,5,11,0,10,12,1,18
5,1,28.0,300,5,8,1,1,1,1,18
5,1,28.0,300,5,9,0,10,47,3,18
5,1,28.0,300,5,4,1,2,2,4,18
5,6,28.0,309,3,13,0,2,86,1,18
5,6,28.0,309,3,5,0,5,6,0,18
5,6,28.0,309,3,12,2,14,25,3,18
5,6,28.0,309,3,19,0,6,89,1,18
5,6,28.0,309,3,19,1,12,80,4,18
5,6,28.0,309,3,3,0,14,24,2,18
5,10,3.0,310,5,15,2,16,37,0,27
5,6,28.0,309,3,8,1,2,123,0,18
5,10,3.0,310,5,12,0,2,2,3,27
5,10,3.0,310,5,18,0,10,22,1,27
4,11,2.0,265,6,3,3,5,6,0,22
4,9,4.0,295,4,7,1,4,75,1,30
5,10,3.0,310,5,1,2,16,50,3,27
5,10,18.0,246,6,20,0,3,76,4,0
5,10,18.0,246,6,4,1,0,85,2,0
5,10,19.0,117,3,19,0,7,20,3,10
5,10,21.0,341,1,0,1,2,2,1,21
5,10,21.0,341,1,18,1,4,4,1,21
4,7,28.0,34,3,5,0,0,26,3,18
4,7,28.0,34,3,23,1,15,114,1,18
4,7,28.0,34,3,14,0,14,24,2,18
4,7,31.0,43,2,16,0,10,22,0,20
4,7,31.0,43,2,15,0,4,82,1,20
4,3,13.0,210,1,0,0,11,133,1,25
4,3,13.0,210,1,5,0,8,118,0,25
4,3,14.0,33,2,21,1,10,47,0,5
4,3,20.0,105,1,5,2,15,51,0,29
4,3,20.0,105,1,2,0,11,133,0,29
5,2,5.0,127,4,4,1,12,84,0,24
4,3,20.0,105,1,21,1,3,103,0,29
4,3,20.0,105,1,19,0,5,6,3,29
4,3,23.0,57,5,16,1,7,20,0,17
4,3,20.0,105,1,10,1,10,12,1,29
4,3,23.0,57,5,18,0,1,1,4,17
4,3,28.0,187,2,16,1,9,54,2,18
4,3,28.0,187,2,22,0,13,99,1,18
4,3,28.0,187,2,2,2,2,2,3,18
4,6,21.0,193,0,20,0,10,22,2,21
5,0,4.0,229,5,22,2,16,130,3,30
5,1,12.0,353,2,11,1,12,56,0,28
5,8,4.0,299,5,12,0,8,9,4,30
5,0,4.0,229,5,11,1,9,83,1,30
4,6,21.0,193,0,22,0,10,47,0,21
5,1,12.0,353,2,9,0,5,6,2,28
5,4,20.0,115,1,13,3,16,37,1,29
5,0,4.0,229,5,19,0,14,24,2,30
5,1,12.0,353,2,19,0,6,128,4,28
5,8,4.0,299,5,2,0,5,6,2,30
5,4,29.0,313,4,18,2,9,93,3,16
5,0,14.0,5,0,6,2,6,7,3,5
5,8,5.0,101,6,5,2,1,11,3,24
5,4,29.0,313,4,18,1,2,2,0,16
4,6,21.0,193,0,8,0,13,121,3,21
4,3,3.0,182,6,5,0,13,38,4,27
5,1,28.0,300,5,15,1,12,61,1,18
5,8,5.0,101,6,3,0,8,65,2,24
5,4,30.0,139,5,22,0,9,49,1,19
5,2,21.0,108,6,4,0,10,47,2,21
5,1,28.0,300,5,9,0,5,64,2,18
5,1,28.0,300,5,3,0,7,57,2,18
5,1,29.0,112,6,15,2,4,45,0,16
5,8,3.0,363,4,23,0,1,1,1,27
5,8,3.0,363,4,12,0,9,93,1,27
5,8,5.0,101,6,3,0,5,64,3,24
5,8,11.0,306,5,11,0,13,69,2,9
5,8,11.0,306,5,20,1,0,0,1,9
5,8,11.0,306,5,4,1,2,123,4,9
5,8,28.0,224,0,6,0,15,96,3,18
5,8,28.0,224,0,20,2,10,47,1,18
5,8,28.0,224,0,1,0,5,6,0,18
5,8,29.0,301,1,5,0,5,64,0,16
5,8,29.0,301,1,3,1,8,41,1,16
5,8,29.0,301,1,12,0,7,111,1,16
4,7,6.0,93,6,1,0,9,63,1,23
5,4,5.0,235,0,4,2,15,39,0,24
5,4,13.0,221,1,6,0,10,47,3,25
5,4,13.0,221,1,16,0,3,76,1,25
5,4,13.0,221,1,19,0,13,29,1,25
5,6,20.0,215,6,9,0,6,89,4,29
5,4,13.0,221,1,2,2,10,47,3,25
5,8,29.0,301,1,20,0,10,47,2,16
5,8,29.0,301,1,13,0,7,20,4,16
5,8,29.0,301,1,18,1,10,47,2,16
5,4,5.0,235,0,20,0,5,64,0,24
4,9,2.0,323,1,1,0,5,6,0,22
4,7,30.0,42,1,9,0,11,133,0,19
4,3,12.0,104,0,4,0,12,80,1,28
5,4,5.0,235,0,8,0,1,11,4,24
5,4,5.0,235,0,9,2,7,111,3,24
5,4,13.0,221,1,13,0,8,41,1,25
5,4,13.0,221,1,19,0,0,12,1,25
5,4,20.0,115,1,15,3,10,47,0,29
5,4,20.0,115,1,5,0,5,12,3,29
5,4,20.0,115,1,18,0,16,130,3,29
4,5,4.0,114,1,15,0,2,40,2,30
4,7,12.0,181,5,9,0,3,70,1,28
4,7,20.0,266,6,23,0,10,43,3,29
4,7,20.0,266,6,3,0,16,50,2,29
4,7,20.0,266,6,8,0,3,30,2,29
4,7,22.0,211,0,6,1,11,133,2,26
4,9,28.0,315,3,12,1,7,120,0,18
4,7,28.0,34,3,9,2,3,70,3,18
4,7,28.0,34,3,18,1,5,64,0,18
4,7,29.0,268,0,21,1,9,57,0,16
4,7,29.0,268,0,2,2,12,100,3,16
4,7,31.0,43,2,0,2,5,6,3,20
4,7,31.0,43,2,0,0,7,137,3,20
4,7,31.0,43,2,16,0,0,64,0,20
4,7,31.0,43,2,15,0,4,4,1,20
4,7,31.0,43,2,22,2,1,81,3,20
4,3,13.0,210,1,16,2,0,53,3,25
4,3,13.0,210,1,0,0,8,118,3,25
4,7,29.0,268,0,8,0,4,45,0,16
4,3,14.0,33,2,21,1,0,31,0,5
5,6,18.0,308,4,17,0,12,61,1,0
5,8,10.0,71,4,17,0,9,10,1,4
5,4,19.0,142,0,14,0,6,89,0,10
5,4,27.0,274,1,19,0,0,64,0,15
5,4,29.0,313,4,6,1,6,14,0,16
5,4,29.0,313,4,20,0,13,99,4,16
5,4,29.0,313,4,12,0,10,22,2,16
5,4,29.0,313,4,4,2,1,1,0,16
5,4,30.0,139,5,20,0,12,61,1,19
5,4,30.0,139,5,15,0,8,27,0,19
5,4,30.0,139,5,13,1,1,59,4,19
5,4,30.0,139,5,22,0,6,91,3,19
5,4,30.0,139,5,18,0,15,114,1,19
5,2,4.0,254,2,13,0,5,12,3,30
5,2,12.0,128,4,21,1,2,2,0,28
5,1,28.0,300,5,12,3,9,95,0,18
5,1,29.0,112,6,7,1,14,97,0,16
5,1,29.0,112,6,19,0,2,92,1,16
5,1,28.0,300,5,19,0,2,69,2,18
5,1,29.0,112,6,4,0,2,40,3,16
5,1,29.0,112,6,2,0,12,56,0,16
5,8,3.0,363,4,20,1,11,0,2,27
5,8,3.0,363,4,12,0,3,115,1,27
5,0,4.0,229,5,21,0,0,26,1,30
5,6,28.0,309,3,22,0,10,43,1,18
4,5,28.0,259,5,13,0,10,43,2,18
5,0,3.0,334,4,2,1,0,31,2,27
5,4,29.0,313,4,8,0,6,89,2,16
5,8,5.0,101,6,22,0,16,74,1,24
5,0,14.0,5,0,12,0,15,96,0,5
5,4,30.0,139,5,17,1,13,69,2,19
5,2,4.0,254,2,12,0,15,31,1,30
5,2,4.0,254,2,8,3,11,133,0,30
5,2,4.0,254,2,1,0,4,136,4,30
4,3,23.0,57,5,19,0,4,121,1,17
4,3,23.0,57,5,19,0,13,69,1,17
4,3,28.0,187,2,21,0,3,30,4,18
4,3,28.0,187,2,21,0,3,30,4,18
4,5,3.0,161,0,3,0,8,41,4,27
4,5,4.0,114,1,17,0,10,23,3,30
4,5,29.0,24,6,16,1,0,64,0,16
4,5,30.0,294,3,21,0,2,86,1,19
5,0,13.0,198,3,12,0,8,19,0,25
4,5,30.0,294,3,6,1,15,96,4,19
4,5,31.0,196,0,5,1,6,73,4,20
4,5,30.0,294,3,10,1,0,12,1,19
4,5,31.0,196,0,13,0,9,95,3,20
4,6,5.0,342,6,9,1,2,86,1,24
4,6,14.0,173,0,6,1,0,12,0,5
4,6,14.0,173,0,3,0,5,6,3,5
4,5,3.0,161,0,14,0,3,70,2,27
4,5,3.0,161,0,19,0,0,26,3,27
4,5,4.0,114,1,8,0,5,64,3,30
4,5,4.0,114,1,12,1,2,2,1,30
4,5,22.0,163,6,17,0,8,9,4,26
4,5,30.0,294,3,21,1,0,77,0,19
4,5,31.0,196,0,23,0,14,25,3,20
4,5,31.0,196,0,20,0,5,6,3,20
4,5,31.0,196,0,1,0,8,65,4,20
4,6,14.0,173,0,6,1,3,79,0,5
4,6,14.0,173,0,0,1,0,26,0,5
4,6,14.0,173,0,22,0,11,94,3,5
4,6,14.0,173,0,12,0,10,47,0,5
4,6,21.0,193,0,23,1,12,61,1,21
4,6,21.0,193,0,9,0,14,107,1,21
4,5,3.0,161,0,6,0,14,25,1,27
4,6,21.0,193,0,1,0,10,47,3,21
4,6,22.0,185,1,21,0,14,24,1,26
4,6,22.0,185,1,7,1,11,15,1,26
4,6,22.0,185,1,12,0,6,7,2,26
4,6,23.0,84,2,3,0,8,27,1,17
4,6,23.0,84,2,18,0,16,108,3,17
4,6,28.0,309,0,1,0,8,41,1,18
5,2,4.0,254,2,17,2,3,76,0,30
5,4,29.0,313,4,8,0,11,98,3,16
5,2,4.0,254,2,4,0,2,60,1,30
5,2,4.0,254,2,12,0,15,114,3,30
5,2,4.0,254,2,18,0,11,133,2,30
5,0,5.0,122,6,13,3,16,72,0,24
4,7,30.0,42,1,12,1,0,64,2,19
4,7,30.0,42,1,19,3,0,26,0,19
4,3,19.0,138,0,9,1,7,120,0,10
5,2,12.0,128,4,16,0,8,9,1,28
5,2,12.0,128,4,16,0,5,64,0,28
5,2,20.0,264,5,12,0,2,2,1,29
5,2,21.0,108,6,6,2,11,133,3,21
5,2,21.0,108,6,23,1,4,45,1,21
5,2,21.0,108,6,19,0,10,47,0,21
5,2,21.0,108,6,19,0,6,7,0,21
5,2,21.0,108,6,9,0,2,86,1,21
5,0,3.0,334,4,20,0,0,26,2,27
5,0,3.0,334,4,5,0,16,50,1,27
5,0,3.0,334,4,12,1,9,87,2,27
5,0,3.0,334,4,8,1,13,13,1,27
4,5,3.0,161,0,14,0,6,116,3,27
4,5,3.0,161,0,1,2,1,11,0,27
4,5,4.0,114,1,1,0,10,47,2,30
4,3,28.0,187,2,9,0,7,20,1,18
4,5,22.0,163,6,11,1,2,60,4,26
4,5,29.0,24,6,10,1,0,64,0,16
4,5,29.0,24,6,20,1,1,67,1,16
4,5,30.0,294,3,3,0,5,12,3,19
4,5,30.0,294,3,8,0,4,103,3,19
4,5,30.0,294,3,22,1,10,23,1,19
4,5,31.0,196,0,2,0,10,47,2,20
4,5,31.0,196,0,22,0,12,61,2,20
5,8,11.0,306,5,0,2,16,139,3,9
5,6,28.0,309,3,8,0,9,95,2,18
5,8,11.0,306,5,20,0,4,136,1,9
5,0,14.0,5,0,13,1,1,16,4,5
5,0,4.0,229,5,13,2,1,16,3,30
5,8,28.0,224,0,22,0,13,48,0,18
5,8,28.0,224,0,2,0,13,38,3,18
5,8,28.0,224,0,14,1,9,83,4,18
5,1,19.0,29,2,14,0,11,117,3,10
5,1,28.0,300,5,15,0,8,9,0,18
5,1,28.0,300,5,14,3,13,13,3,18
5,1,29.0,112,6,6,0,13,38,3,16
5,8,3.0,363,4,17,0,10,12,3,27
5,8,3.0,363,4,4,0,10,22,3,27
5,8,4.0,299,5,4,0,10,22,3,30
5,8,4.0,299,5,1,0,4,66,2,30
5,2,19.0,137,4,8,0,5,6,0,10
4,3,20.0,105,1,16,1,3,115,0,29
4,3,23.0,57,5,17,1,11,133,1,17
4,3,23.0,57,5,14,2,8,27,3,17
4,7,14.0,125,3,21,0,5,64,0,5
4,7,14.0,125,3,1,1,15,51,1,5
4,7,20.0,266,6,8,2,12,100,3,29
4,7,20.0,266,6,18,0,10,47,1,29
4,7,22.0,211,0,17,1,2,86,0,26
4,7,22.0,211,0,16,0,11,18,1,26
5,9,1.0,126,3,17,0,13,28,4,7
4,7,28.0,34,3,20,0,2,2,1,18
4,7,29.0,268,0,5,0,9,27,2,16
4,7,29.0,268,0,19,0,11,15,2,16
4,7,29.0,268,0,19,0,2,123,1,16
4,7,29.0,268,0,14,0,1,81,1,16
5,9,1.0,126,3,20,3,6,89,2,7
4,7,29.0,268,0,22,1,1,1,4,16
5,8,10.0,71,4,13,1,9,27,0,4
5,8,4.0,299,5,1,1,12,84,1,30
5,8,11.0,306,5,5,1,13,48,4,9
5,8,11.0,306,5,18,2,16,108,3,9
5,8,11.0,306,5,13,0,8,118,3,9
5,8,28.0,224,0,16,0,0,12,0,18
5,8,28.0,224,0,19,0,10,22,3,18
5,8,29.0,301,1,20,0,8,41,4,16
5,8,29.0,301,1,13,0,6,89,4,16
5,8,28.0,224,0,17,0,11,15,3,18
5,4,13.0,221,1,6,0,0,77,1,25
5,4,13.0,221,1,20,0,13,48,4,25
5,4,5.0,235,0,1,1,1,1,4,24
5,4,20.0,115,1,7,0,2,2,4,29
5,4,29.0,313,4,11,0,13,38,3,16
5,4,29.0,313,4,17,1,9,93,1,16
5,4,29.0,313,4,4,1,6,132,1,16
5,2,20.0,264,5,6,1,0,26,0,29
5,2,20.0,264,5,15,0,0,64,3,29
5,2,20.0,264,5,4,0,3,30,4,29
4,7,31.0,43,2,0,1,0,15,0,20
4,7,29.0,268,0,11,1,14,131,1,16
4,7,31.0,43,2,2,0,8,41,3,20
4,3,14.0,33,2,0,0,10,22,1,5
4,3,14.0,33,2,23,1,10,52,0,5
4,3,14.0,33,2,16,1,11,15,4,5
4,3,14.0,33,2,14,0,4,136,4,5
4,3,20.0,105,1,6,0,15,51,1,29
4,3,20.0,105,1,11,0,5,12,3,29
4,3,20.0,105,1,11,0,13,38,4,29
4,3,20.0,105,1,17,1,10,47,0,29
4,3,20.0,105,1,17,0,13,99,3,29
4,3,20.0,105,1,1,1,5,64,0,29
4,3,23.0,57,5,5,1,10,12,1,17
4,3,23.0,57,5,20,1,2,71,4,17
4,3,23.0,57,5,8,0,10,47,3,17
4,3,23.0,57,5,14,3,8,27,0,17
4,3,28.0,187,2,6,0,13,69,2,18
4,3,28.0,187,2,7,0,9,54,1,18
5,2,20.0,264,5,1,0,2,13,1,29
5,4,30.0,139,5,16,0,15,114,1,19
5,2,21.0,108,6,19,0,2,35,3,21
5,0,3.0,334,4,16,0,9,49,1,27
5,10,3.0,310,5,6,0,10,47,2,27
5,8,29.0,301,1,6,0,10,47,1,16
5,0,4.0,229,5,22,0,1,59,1,30
5,10,3.0,310,5,11,1,3,30,1,27
5,9,1.0,126,3,7,0,8,19,4,7
4,3,28.0,187,2,21,1,11,133,1,18
4,3,28.0,187,2,22,0,9,9,2,18
4,3,28.0,187,2,12,0,11,133,2,18
4,5,3.0,161,0,16,1,1,105,0,27
4,5,3.0,161,0,7,1,13,29,0,27
4,5,3.0,161,0,6,0,8,19,0,27
4,5,3.0,161,0,15,0,12,61,3,27
4,9,13.0,91,6,13,0,15,119,2,25
4,9,19.0,234,5,0,2,10,47,3,10
4,9,19.0,234,5,8,0,11,94,0,10
4,9,19.0,234,5,2,0,0,53,3,10
4,9,19.0,234,5,18,1,14,34,0,10
4,9,20.0,119,6,11,0,16,72,0,29
4,9,20.0,119,6,11,0,10,6,2,29
4,9,20.0,119,6,8,2,6,91,3,29
4,9,20.0,119,6,12,2,6,7,0,29
4,9,20.0,119,6,19,0,13,38,0,29
4,9,22.0,92,0,16,0,7,120,3,26
4,9,22.0,92,0,0,1,2,86,0,26
4,9,22.0,92,0,20,0,6,128,1,26
5,1,18.0,82,1,18,0,16,37,1,0
5,1,4.0,286,1,18,0,2,2,4,30
4,9,20.0,119,6,11,0,9,57,3,29
4,9,22.0,92,0,22,1,8,118,1,26
4,9,28.0,315,3,15,0,1,35,4,18
4,9,28.0,315,3,14,0,9,95,0,18
4,7,5.0,204,5,7,1,11,15,2,24
4,7,5.0,204,5,12,0,14,131,1,24
4,9,28.0,315,3,19,2,12,80,2,18
4,7,5.0,204,5,19,0,12,56,0,24
4,7,14.0,125,3,6,0,5,6,3,5
4,7,14.0,125,3,12,2,2,69,0,5
4,7,20.0,266,6,5,0,12,100,4,29
4,7,20.0,266,6,19,0,2,2,1,29
4,7,20.0,266,6,5,1,1,35,4,29
4,7,20.0,266,6,14,0,14,25,4,29
4,7,20.0,266,6,1,2,2,2,0,29
4,7,20.0,266,6,9,2,2,2,0,29
4,7,20.0,266,6,2,1,6,7,4,29
4,7,22.0,211,0,11,2,13,99,2,26
5,8,27.0,78,3,3,0,0,0,3,15
5,8,27.0,78,3,7,1,0,26,0,15
5,4,4.0,178,3,7,2,8,65,2,30
5,8,27.0,78,3,14,0,12,104,2,15
4,7,22.0,211,0,13,0,5,6,2,26
4,7,29.0,268,0,17,1,2,40,0,16
4,7,29.0,268,0,19,0,2,2,2,16
4,7,31.0,43,2,17,2,15,119,2,20
4,7,31.0,43,2,14,0,2,86,4,20
4,3,13.0,210,1,21,1,10,47,0,25
4,3,13.0,210,1,3,1,10,22,4,25
4,3,14.0,33,2,21,0,14,25,1,5
4,3,14.0,33,2,20,1,0,53,0,5
4,3,14.0,33,2,9,0,0,77,3,5
4,3,20.0,105,1,0,0,13,123,4,29
4,3,20.0,105,1,17,0,5,12,0,29
4,3,20.0,105,1,21,2,1,35,0,29
4,3,20.0,105,1,4,0,8,27,1,29
4,3,23.0,57,5,6,0,0,26,1,17
4,3,23.0,57,5,17,1,15,51,0,17
5,8,28.0,224,0,22,0,9,63,0,18
5,8,29.0,301,1,12,2,10,47,0,16
4,11,20.0,340,2,4,1,0,12,2,29
4,7,30.0,42,1,12,1,13,38,4,19
5,8,28.0,224,0,18,0,13,38,4,18
5,4,5.0,235,0,16,2,5,12,3,24
5,4,5.0,235,0,9,0,6,89,1,24
5,4,13.0,221,1,23,0,3,30,1,25
5,10,3.0,310,5,8,0,10,22,3,27
5,1,28.0,300,5,3,2,7,111,0,18
5,10,3.0,310,5,22,0,4,82,3,27
5,1,28.0,300,5,12,0,8,27,0,18
5,10,13.0,346,0,17,1,0,64,1,25
5,1,28.0,300,5,8,0,13,38,2,18
5,10,13.0,346,0,8,0,5,0,3,25
5,1,28.0,300,5,18,0,1,105,3,18
5,10,13.0,346,0,1,0,8,9,1,25
5,1,28.0,300,5,7,1,8,33,4,18
5,5,28.0,259,4,1,0,8,9,1,18
5,5,29.0,24,5,11,2,10,52,2,16
5,5,29.0,24,5,23,1,10,23,1,16
5,6,10.0,149,2,3,0,6,128,3,4
5,6,10.0,149,2,13,1,5,64,2,4
5,6,10.0,149,2,7,1,15,96,0,4
5,6,10.0,149,2,12,0,13,123,1,4
5,6,10.0,149,2,14,0,13,29,1,4
5,6,20.0,215,6,6,2,10,22,3,29
5,6,20.0,215,6,18,2,5,64,3,29
3,7,1.0,98,6,17,0,11,117,0,7
5,10,3.0,310,5,9,1,15,96,1,27
5,10,13.0,346,0,17,0,11,15,3,25
5,10,13.0,346,0,3,1,1,1,4,25
4,9,22.0,92,0,16,0,6,7,0,26
4,9,22.0,92,0,6,1,10,47,0,26
4,9,22.0,92,0,19,0,4,75,3,26
4,9,22.0,92,0,12,2,14,24,3,26
4,9,22.0,92,0,8,0,6,7,0,26
4,9,28.0,315,3,14,0,2,92,4,18
4,7,5.0,204,5,18,0,5,64,1,24
4,7,5.0,204,5,9,0,11,8,1,24
4,7,12.0,181,5,3,0,2,2,3,28
4,7,12.0,181,5,3,2,8,33,0,28
4,7,12.0,181,5,12,0,2,40,1,28
4,7,12.0,181,5,4,0,10,52,1,28
4,7,12.0,181,5,1,0,5,6,3,28
4,7,14.0,125,3,17,0,11,117,3,5
4,7,14.0,125,3,1,0,12,61,1,5
4,7,20.0,266,6,19,0,6,73,0,29
4,7,20.0,266,6,19,0,6,116,1,29
3,9,1.0,126,6,17,0,8,19,0,7
5,8,10.0,71,4,10,0,12,80,4,4
4,7,20.0,266,6,8,3,6,7,0,29
4,7,22.0,211,0,15,1,1,59,4,26
5,10,18.0,246,6,17,0,2,86,1,0
5,10,18.0,246,6,6,0,10,47,3,0
5,10,19.0,117,3,13,0,2,86,4,10
5,10,19.0,117,3,3,0,10,22,1,10
5,10,19.0,117,3,19,0,1,105,4,10
5,10,13.0,346,0,18,0,4,82,1,25
5,10,13.0,346,0,18,2,0,53,3,25
5,10,18.0,246,6,4,0,13,28,2,0
5,10,19.0,117,3,17,2,6,128,4,10
5,10,19.0,117,3,0,0,12,100,3,10
5,10,19.0,117,3,5,0,13,38,2,10
5,10,21.0,341,1,3,0,5,12,1,21
5,10,21.0,341,1,8,2,10,22,3,21
5,10,21.0,341,1,13,1,13,99,4,21
5,10,28.0,216,1,19,0,10,22,1,18
5,1,2.0,171,3,3,0,10,47,1,22
5,1,10.0,17,0,19,0,14,24,2,4
4,7,22.0,211,0,22,0,11,18,3,26
4,7,22.0,211,0,1,3,3,30,0,26
4,7,28.0,34,3,21,1,5,64,0,18
4,7,28.0,34,3,10,2,10,47,2,18
4,7,28.0,34,3,8,0,10,47,3,18
4,7,29.0,268,0,10,0,10,47,3,16
4,7,29.0,268,0,13,0,0,64,3,16
4,7,29.0,268,0,8,2,13,21,3,16
4,7,29.0,268,0,5,1,9,109,4,16
5,1,29.0,112,6,12,0,8,19,2,16
5,1,12.0,353,2,4,1,10,47,1,28
5,8,3.0,363,4,16,0,0,12,3,27
5,8,3.0,363,4,4,0,9,93,1,27
5,8,4.0,299,5,7,0,9,134,1,30
5,8,5.0,101,6,7,0,16,50,1,24
5,8,5.0,101,6,13,0,13,99,2,24
5,8,5.0,101,6,6,1,4,75,0,24
5,8,5.0,101,6,8,0,9,95,0,24
5,8,5.0,101,6,2,0,6,73,0,24
5,8,28.0,224,0,10,2,16,42,4,18
5,8,28.0,224,0,14,0,12,84,0,18
5,8,29.0,301,1,10,0,10,47,0,16
4,6,22.0,185,1,17,0,2,13,2,26
4,6,22.0,185,1,17,0,2,3,3,26
4,6,22.0,185,1,6,1,14,88,0,26
4,5,4.0,114,1,13,0,16,139,1,30
4,5,4.0,114,1,3,0,13,48,3,30
4,5,22.0,163,6,21,0,10,47,1,26
4,5,22.0,163,6,6,1,14,34,4,26
4,5,22.0,163,6,13,2,1,1,1,26
4,5,22.0,163,6,2,2,9,102,3,26
4,5,29.0,24,6,15,1,2,71,4,16
4,5,29.0,24,6,19,0,4,5,4,16
4,5,29.0,24,6,3,2,9,93,0,16
4,5,29.0,24,6,11,1,5,6,1,16
4,5,30.0,294,3,0,0,15,31,1,19
4,5,30.0,294,3,23,0,16,113,1,19
4,5,30.0,294,3,19,0,8,9,4,19
4,5,31.0,196,0,23,2,10,23,0,20
4,5,30.0,294,3,20,1,4,4,1,19
4,6,5.0,342,6,14,0,10,23,3,24
5,0,20.0,172,3,6,0,0,96,4,29
5,0,20.0,172,3,13,3,4,75,4,29
4,9,11.0,52,4,12,0,1,1,3,9
4,9,21.0,362,3,13,0,16,50,2,21
4,9,21.0,362,3,1,1,15,119,0,21
4,9,21.0,362,3,14,1,11,10,4,21
5,10,12.0,333,3,2,1,2,92,0,28
5,10,20.0,223,0,14,0,0,0,1,29
5,10,27.0,302,0,17,1,9,49,1,15
5,2,11.0,297,2,18,0,3,70,1,9
4,7,13.0,238,6,14,0,3,103,3,25
4,7,21.0,81,3,9,1,5,6,1,21
5,2,11.0,297,2,21,0,10,47,1,9
5,7,18.0,154,2,10,0,10,22,1,0
5,6,27.0,116,6,11,1,2,2,4,15
5,10,1.0,208,2,13,0,3,79,1,7
5,7,1.0,98,3,17,1,11,18,1,7
5,11,1.0,222,4,23,0,13,38,1,7
5,2,2.0,143,0,2,1,10,52,1,22
5,4,10.0,79,6,18,0,10,23,1,4
5,5,18.0,195,0,14,0,9,54,2,0
5,5,21.0,351,4,18,1,13,28,0,21
5,8,29.0,301,1,1,0,3,76,1,16
5,4,5.0,235,0,21,0,7,20,0,24
5,4,5.0,235,0,13,0,10,22,1,24
5,4,13.0,221,1,17,0,4,138,1,25
5,4,13.0,221,1,18,0,12,17,4,25
5,4,20.0,115,1,0,1,3,79,4,29
5,4,29.0,313,4,11,0,4,82,3,16
5,4,20.0,115,1,13,0,13,99,2,29
5,4,30.0,139,5,8,1,9,95,1,19
5,4,13.0,221,1,2,1,0,77,1,25
5,4,20.0,115,1,20,0,2,86,1,29
5,4,20.0,115,1,10,1,16,50,0,29
5,4,20.0,115,1,16,1,1,67,0,29
5,4,20.0,115,1,21,1,16,130,0,29
5,4,20.0,115,1,22,0,7,78,3,29
5,4,20.0,115,1,2,0,10,47,0,29
4,3,5.0,324,0,19,0,16,42,1,24
4,10,6.0,242,1,18,0,9,95,1,23
4,3,3.0,182,6,9,1,5,6,0,27
4,3,5.0,324,0,19,1,9,134,4,24
4,3,5.0,324,0,13,3,14,24,1,24
5,3,1.0,180,2,11,3,0,77,0,7
4,3,11.0,337,3,21,1,5,64,0,9
4,3,11.0,337,3,13,0,9,102,2,9
4,3,11.0,337,3,20,0,5,6,3,9
4,3,11.0,337,3,6,1,10,52,1,9
4,3,11.0,337,3,11,3,4,82,2,9
4,3,12.0,104,0,17,2,1,35,0,28
4,3,12.0,104,0,4,1,1,35,4,28
4,3,11.0,337,3,8,0,13,29,0,9
4,6,13.0,317,3,12,0,6,89,1,25
4,6,12.0,162,6,5,0,16,50,1,28
4,6,20.0,215,3,4,1,0,53,0,29
4,11,22.0,250,5,20,0,8,19,3,26
4,11,29.0,270,5,1,2,2,2,1,16
4,11,29.0,270,5,3,1,9,93,1,16
4,9,2.0,323,1,0,0,0,12,1,22
4,9,2.0,323,1,3,2,1,105,3,22
4,9,2.0,323,1,23,1,1,67,2,22
4,9,3.0,217,2,10,1,3,115,0,27
4,9,3.0,217,2,19,0,0,64,4,27
4,9,4.0,295,4,4,0,11,15,1,30
4,9,4.0,295,4,14,2,6,7,3,30
4,9,12.0,177,5,16,0,11,94,0,28
4,3,17.0,54,6,19,3,12,104,3,6
4,9,12.0,177,5,5,0,13,29,2,28
5,7,26.0,316,4,20,0,10,47,1,3
4,9,14.0,106,3,13,0,12,61,3,5
4,6,30.0,145,2,0,0,13,29,4,19
4,9,14.0,106,3,5,2,3,76,2,5
4,9,14.0,106,3,8,2,2,92,0,5
4,9,14.0,106,3,5,2,4,66,3,5
4,9,14.0,106,3,3,1,6,89,4,5
3,0,1.0,8,0,9,0,3,79,4,7
4,9,27.0,179,6,1,0,10,22,3,15
4,6,29.0,335,1,19,1,4,127,4,16
5,0,4.0,229,5,13,1,12,104,4,30
5,0,4.0,229,5,12,0,5,6,0,30
5,0,5.0,122,6,2,0,14,24,1,24
5,6,27.0,116,6,14,0,8,9,0,15
4,6,21.0,193,0,12,0,11,98,3,21
5,4,5.0,235,0,10,1,14,32,4,24
5,0,14.0,5,0,23,0,13,36,1,5
5,0,14.0,5,0,17,1,0,12,2,5
5,0,14.0,5,0,13,0,4,45,0,5
5,0,14.0,5,0,8,0,9,54,4,5
4,5,28.0,259,5,22,0,12,121,2,18
4,3,30.0,304,5,22,0,9,10,1,19
5,0,14.0,5,0,14,0,14,34,0,5
5,0,14.0,5,0,12,0,7,20,1,5
5,0,14.0,5,0,2,3,10,47,0,5
5,0,14.0,5,0,11,1,1,67,4,5
5,0,22.0,241,1,6,0,8,33,3,26
5,0,22.0,241,1,0,0,5,64,1,26
5,0,22.0,241,1,0,0,14,24,0,26
5,0,22.0,241,1,19,0,9,27,3,26
5,0,22.0,241,1,4,0,11,18,1,26
5,0,22.0,241,1,9,0,12,61,4,26
4,11,2.0,265,6,0,0,10,47,0,22
4,11,2.0,265,6,23,1,15,46,2,22
4,11,2.0,265,6,13,0,4,79,3,22
4,11,20.0,340,2,21,1,8,9,0,29
4,11,20.0,340,2,2,0,12,80,3,29
4,11,29.0,270,5,13,0,16,37,1,16
4,11,29.0,270,5,21,1,0,64,0,16
4,11,29.0,270,5,16,1,11,18,1,16
4,7,3.0,269,2,2,1,11,15,0,27
4,7,3.0,269,2,14,2,6,89,1,27
4,7,3.0,269,2,16,0,0,64,1,27
4,7,6.0,93,6,16,0,3,30,4,23
4,7,6.0,93,6,3,0,7,111,3,23
4,7,6.0,93,6,3,0,15,31,1,23
4,7,6.0,93,6,20,0,8,33,2,23
4,7,6.0,93,6,13,0,3,30,0,23
4,7,6.0,93,6,9,0,14,97,1,23
4,7,30.0,42,1,16,1,12,100,4,19
4,7,30.0,42,1,20,0,10,22,2,19
4,7,30.0,42,1,22,1,13,48,4,19
4,3,3.0,182,6,6,0,3,79,3,27
4,3,3.0,182,6,11,0,13,99,4,27
4,3,3.0,182,6,12,2,10,43,2,27
4,3,3.0,182,6,4,0,16,113,1,27
4,3,3.0,182,6,22,0,9,93,4,27
4,3,5.0,324,0,5,0,8,9,1,24
4,3,5.0,324,0,2,0,10,23,1,24
4,3,11.0,337,3,12,0,9,63,3,9
4,3,21.0,338,2,13,0,1,11,4,21
4,1,14.0,183,6,4,0,5,12,2,5
4,3,19.0,138,0,15,0,11,124,4,10
4,3,19.0,138,0,2,0,4,136,3,10
4,9,2.0,323,1,1,0,13,48,4,22
4,9,27.0,179,6,1,1,4,45,0,15
4,10,6.0,242,1,3,0,16,39,0,23
4,10,6.0,242,1,15,1,11,18,1,23
4,10,30.0,157,5,12,0,2,13,3,19
4,3,20.0,105,1,18,1,10,47,0,29
4,11,22.0,250,5,20,0,14,32,3,26
4,7,29.0,268,0,20,0,16,37,1,16
4,11,22.0,250,5,14,2,7,120,0,26
4,10,21.0,341,2,0,2,8,27,3,21
5,4,5.0,235,0,4,1,11,15,1,24
4,10,21.0,341,2,9,0,6,14,3,21
4,6,30.0,145,2,1,0,1,59,1,19
4,5,26.0,37,2,22,0,9,57,1,3
4,6,21.0,193,0,1,0,4,138,3,21
4,6,4.0,159,5,1,1,1,67,0,30
5,4,13.0,221,1,6,0,7,31,1,25
5,4,13.0,221,1,11,0,1,105,1,25
5,4,13.0,221,1,11,0,2,2,1,25
5,4,13.0,221,1,2,0,11,117,3,25
5,4,13.0,221,1,11,3,0,68,3,25
5,4,20.0,115,1,15,0,5,12,3,29
4,3,19.0,138,0,21,1,11,8,1,10
5,4,29.0,313,4,8,0,1,11,2,16
5,4,29.0,313,4,1,1,7,57,4,16
5,4,30.0,139,5,16,0,11,133,0,19
5,4,30.0,139,5,6,1,10,47,0,19
5,4,30.0,139,5,17,3,3,44,0,19
4,10,20.0,223,1,11,1,6,7,4,29
4,10,20.0,223,1,22,1,2,71,4,29
4,10,20.0,223,1,8,1,11,15,0,29
4,10,20.0,223,1,18,0,10,47,0,29
4,10,20.0,223,1,12,0,4,138,2,29
4,10,20.0,223,1,1,0,3,115,3,29
4,10,20.0,223,1,18,0,15,77,1,29
4,10,21.0,341,2,23,0,5,6,3,21
4,10,20.0,223,1,12,1,7,120,0,29
4,10,21.0,341,2,15,0,13,38,1,21
4,10,21.0,341,2,22,1,12,58,0,21
4,10,21.0,341,2,8,0,8,41,4,21
4,10,21.0,341,2,2,2,12,80,0,21
4,10,21.0,341,2,4,0,4,121,1,21
4,10,21.0,341,2,1,0,1,35,4,21
4,10,22.0,314,4,16,0,7,20,3,26
4,10,22.0,314,4,15,0,3,79,1,26
4,10,20.0,223,1,1,0,16,72,1,29
4,10,21.0,341,2,17,1,8,27,2,21
4,10,29.0,318,4,8,0,4,79,1,16
4,10,29.0,318,4,22,0,9,95,4,16
4,10,29.0,318,4,12,0,4,5,1,16
5,4,30.0,139,5,4,0,2,3,4,19
5,2,4.0,254,2,6,0,5,12,3,30
5,2,12.0,128,4,6,2,10,22,2,28
5,5,1.0,109,5,17,0,9,93,1,7
5,2,20.0,264,5,15,1,12,80,4,29
5,2,20.0,264,5,14,0,6,89,2,29
5,2,20.0,264,5,4,2,11,117,1,29
5,2,21.0,108,6,5,0,7,129,2,21
5,2,21.0,108,6,14,2,11,117,0,21
3,0,1.0,8,0,17,1,6,89,1,7
5,2,21.0,108,6,2,0,2,123,0,21
5,0,3.0,334,4,6,1,1,11,0,27
5,0,3.0,334,4,6,2,10,23,1,27
5,0,3.0,334,4,20,1,9,10,0,27
5,0,3.0,334,4,2,0,2,2,4,27
5,0,3.0,334,4,12,1,14,32,4,27
5,0,3.0,334,4,9,1,6,132,0,27
5,0,4.0,229,5,7,1,4,45,0,30
5,0,4.0,229,5,0,1,1,11,0,30
5,0,4.0,229,5,13,2,4,45,2,30
5,0,4.0,229,5,2,0,2,69,1,30
5,3,25.0,347,6,8,0,13,29,3,13
5,0,28.0,249,0,5,0,12,80,2,18
5,7,18.0,154,2,12,0,0,31,1,0
5,10,2.0,358,4,19,1,9,93,1,22
5,10,1.0,208,2,13,1,11,117,1,7
5,10,20.0,223,0,15,0,10,47,3,29
5,1,1.0,203,6,14,1,13,28,1,7
5,2,28.0,257,6,18,0,8,33,0,18
4,9,21.0,362,3,12,1,3,30,0,21
5,8,13.0,189,3,5,0,5,12,1,25
5,1,1.0,203,6,17,0,10,12,1,7
4,7,21.0,81,3,13,0,4,45,2,21
5,4,28.0,218,2,17,0,10,47,1,18
5,2,3.0,282,1,14,1,1,35,4,27
5,7,1.0,98,3,17,0,12,104,1,7
4,3,4.0,285,3,22,3,12,104,0,30
4,3,29.0,325,4,8,0,1,59,2,16
5,2,30.0,131,0,8,0,2,60,2,19
5,11,1.0,222,4,20,0,8,27,4,7
4,11,9.0,311,6,8,0,11,117,2,12
5,10,9.0,150,4,13,0,7,111,1,12
4,9,18.0,359,4,9,0,12,80,1,0
4,9,18.0,359,4,0,0,6,89,4,0
4,9,1.0,126,0,17,1,10,23,0,7
4,7,24.0,68,2,1,1,8,27,0,14
5,4,17.0,19,6,1,0,12,80,1,6
5,2,10.0,28,1,4,0,5,64,3,4
5,0,1.0,8,1,0,1,6,7,0,7
5,2,26.0,3,4,13,1,10,52,4,3
5,10,12.0,333,3,1,0,8,41,4,28
5,4,20.0,115,1,12,1,15,114,2,29
4,10,22.0,314,4,21,0,13,28,1,26
4,6,21.0,193,0,15,0,8,27,3,21
4,11,2.0,265,6,2,0,10,22,2,22
4,10,30.0,157,5,14,0,7,78,4,19
5,10,20.0,223,0,2,0,2,123,1,29
5,2,6.0,251,5,20,0,13,38,2,23
4,10,22.0,314,4,8,0,8,118,3,26
5,4,29.0,313,4,22,0,10,12,0,16
4,6,28.0,309,0,17,1,5,12,0,18
4,6,21.0,193,0,4,0,14,107,4,21
4,10,29.0,318,4,17,0,3,30,1,16
4,5,25.0,350,1,3,0,8,9,1,13
4,10,20.0,223,1,13,0,9,95,2,29
5,4,29.0,313,4,3,0,8,27,0,16
4,10,7.0,243,2,4,0,5,6,3,11
4,11,20.0,340,2,11,0,1,1,1,29
4,11,29.0,270,5,16,0,10,6,0,16
4,11,29.0,270,5,20,0,8,41,1,16
4,11,29.0,270,5,4,1,12,83,4,16
4,9,2.0,323,1,13,1,2,35,4,22
4,9,2.0,323,1,9,1,14,25,0,22
4,9,2.0,323,1,3,3,5,6,0,22
4,9,3.0,217,2,14,0,4,121,1,27
4,9,3.0,217,2,18,0,14,32,1,27
4,9,4.0,295,4,21,1,10,47,1,30
4,9,4.0,295,4,13,0,12,61,3,30
4,9,4.0,295,4,0,0,10,47,2,30
4,6,13.0,317,3,8,3,15,46,0,25
4,9,12.0,177,5,8,0,8,9,1,28
4,9,14.0,106,3,3,0,4,79,0,5
4,9,14.0,106,3,1,0,10,12,1,5
4,10,7.0,243,2,8,0,12,17,2,11
4,9,5.0,89,5,13,0,15,31,1,24
3,10,1.0,208,1,17,0,13,123,4,7
4,10,7.0,243,2,18,0,15,46,3,11
4,10,12.0,333,0,22,1,8,27,4,28
4,10,12.0,333,0,1,0,13,29,3,28
4,10,12.0,333,0,1,1,1,35,4,28
4,10,13.0,346,1,21,0,3,70,4,25
4,10,12.0,333,0,11,1,4,4,1,28
4,10,20.0,223,1,3,2,15,31,2,29
4,10,20.0,223,1,20,0,0,15,1,29
4,10,20.0,223,1,4,0,5,12,3,29
4,10,20.0,223,1,18,1,7,57,0,29
4,10,21.0,341,2,0,0,8,27,1,21
4,10,21.0,341,2,11,0,12,80,0,21
4,10,20.0,223,1,14,1,0,31,2,29
4,10,20.0,223,1,18,1,0,53,0,29
4,10,22.0,314,4,0,0,2,2,1,26
4,10,21.0,341,2,12,0,1,105,3,21
4,10,22.0,314,4,3,0,11,133,2,26
4,10,22.0,314,4,19,2,11,8,3,26
4,9,14.0,106,3,8,0,5,64,0,5
4,9,27.0,179,6,18,0,15,85,1,15
4,7,3.0,269,2,16,2,16,130,4,27
4,7,3.0,269,2,23,2,4,45,0,27
5,0,22.0,241,1,4,0,11,90,2,26
4,7,3.0,269,2,1,0,8,9,1,27
5,0,22.0,241,1,15,0,8,9,0,26
4,11,2.0,265,6,8,0,0,12,3,22
4,11,20.0,340,2,17,0,4,79,3,29
4,11,2.0,265,6,10,0,10,47,1,22
4,11,22.0,250,5,0,1,14,25,0,26
4,11,22.0,250,5,21,1,10,22,1,26
4,11,22.0,250,5,14,0,13,48,0,26
4,11,29.0,270,5,17,0,9,49,1,16
4,11,29.0,270,5,17,1,5,12,0,16
4,11,29.0,270,5,8,3,12,104,1,16
4,9,3.0,217,2,12,0,2,92,1,27
4,9,3.0,217,2,9,0,3,103,3,27
4,9,4.0,295,4,22,0,8,19,3,30
4,6,7.0,169,0,12,1,11,18,4,11
4,6,20.0,215,3,22,3,11,18,3,29
4,9,14.0,106,3,21,1,11,124,0,5
4,10,29.0,318,4,16,0,8,41,3,16
4,10,29.0,318,4,5,0,1,1,0,16
4,10,29.0,318,4,2,1,12,100,4,16
4,7,28.0,34,3,17,0,4,4,1,18
5,0,30.0,228,2,13,0,5,64,1,19
4,10,29.0,318,4,1,0,4,75,3,16
4,10,30.0,157,5,21,0,15,114,1,19
4,10,30.0,157,5,16,2,8,27,3,19
4,10,30.0,157,5,18,0,1,11,4,19
4,1,29.0,112,3,10,0,2,86,3,16
4,1,29.0,112,3,7,1,13,99,0,16
4,6,28.0,309,0,17,1,10,47,1,18
4,1,29.0,112,3,15,2,10,22,3,16
4,1,30.0,100,0,19,0,6,128,3,19
4,1,30.0,100,0,9,0,1,67,3,19
4,10,29.0,318,4,18,1,8,33,1,16
4,10,30.0,157,5,0,0,10,12,2,19
4,10,29.0,318,4,13,0,14,24,2,16
5,2,3.0,282,1,5,0,4,70,3,27
5,4,10.0,79,6,17,3,9,93,1,4
5,2,14.0,231,6,8,0,9,10,2,5
4,6,8.0,59,1,13,0,4,4,1,8
4,1,15.0,1,3,23,0,5,6,0,1
4,7,5.0,204,5,5,1,9,63,4,24
5,4,29.0,313,4,3,0,9,134,0,16
4,10,22.0,314,4,12,0,10,47,3,26
2,6,1.0,352,6,16,0,13,99,1,7
4,1,15.0,1,3,13,0,10,22,3,1
5,10,27.0,302,0,22,3,6,91,4,15
4,6,22.0,185,1,11,0,1,11,1,26
5,4,29.0,313,4,13,1,14,88,4,16
4,6,22.0,185,1,16,1,11,15,0,26
4,1,15.0,1,3,9,0,14,107,1,1
4,9,11.0,52,4,3,0,8,9,2,9
4,6,22.0,185,1,5,0,13,69,3,26
4,9,1.0,126,0,3,1,8,118,1,7
5,6,7.0,169,3,3,1,14,125,4,11
4,10,12.0,333,0,20,0,2,86,1,28
4,10,20.0,223,1,13,1,9,95,4,29
5,8,2.0,77,2,18,0,0,77,0,22
4,6,21.0,193,0,9,1,9,10,4,21
4,9,6.0,51,6,14,1,11,117,0,23
5,7,15.0,205,3,2,0,16,37,3,1
4,10,20.0,223,1,8,1,4,4,4,29
4,10,22.0,314,4,22,0,3,30,3,26
4,10,29.0,318,4,22,0,3,76,2,16
4,6,22.0,185,1,19,3,6,7,0,26
4,6,21.0,193,0,1,1,12,135,1,21
4,6,23.0,84,2,0,0,0,64,4,17
4,6,23.0,84,2,7,0,5,0,3,17
4,6,23.0,84,2,2,0,10,22,2,17
4,6,23.0,84,2,14,2,8,27,3,17
5,2,21.0,108,6,18,0,8,27,3,21
5,0,3.0,334,4,15,0,5,6,0,27
5,0,4.0,229,5,7,1,15,85,0,30
5,0,4.0,229,5,20,1,0,12,0,30
5,0,4.0,229,5,3,0,6,7,2,30
5,0,4.0,229,5,19,0,10,22,3,30
5,0,4.0,229,5,14,0,15,31,1,30
5,0,4.0,229,5,19,1,5,12,0,30
5,0,5.0,122,6,2,0,8,27,3,24
4,5,20.0,214,4,4,1,6,91,1,29
4,5,28.0,259,5,12,1,10,22,0,18
4,5,28.0,259,5,5,0,12,61,1,18
5,0,5.0,122,6,20,0,14,24,2,24
5,0,14.0,5,0,6,2,16,42,1,5
5,0,14.0,5,0,19,0,0,26,1,5
5,0,14.0,5,0,9,1,4,4,1,5
5,8,5.0,101,6,15,0,12,17,3,24
4,9,27.0,179,6,14,0,15,108,4,15
5,8,5.0,101,6,3,1,1,59,4,24
5,8,5.0,101,6,8,0,11,117,1,24
4,6,23.0,84,2,18,0,2,86,0,17
5,2,27.0,136,5,22,0,8,9,2,15
4,11,21.0,192,4,18,0,2,123,1,21
4,11,21.0,192,4,19,1,5,64,0,21
3,9,1.0,126,6,17,0,0,31,1,7
4,11,10.0,360,3,8,1,12,56,1,4
4,6,23.0,84,2,20,1,11,133,1,17
4,6,28.0,309,0,16,0,0,53,0,18
4,6,28.0,309,0,10,0,3,115,3,18
4,6,28.0,309,0,1,0,8,9,0,18
4,6,30.0,145,2,6,0,0,12,0,19
4,10,4.0,356,3,7,1,3,30,0,30
4,10,4.0,356,3,19,0,16,72,1,30
4,10,7.0,243,2,6,2,5,64,3,11
4,10,7.0,243,2,0,0,0,12,3,11
4,10,7.0,243,2,6,0,10,47,0,11
4,10,7.0,243,2,16,1,10,47,1,11
4,10,7.0,243,2,3,0,0,77,2,11
4,10,7.0,243,2,9,0,13,13,4,11
4,10,12.0,333,0,21,1,2,86,0,28
4,10,12.0,333,0,23,0,6,14,4,28
4,10,12.0,333,0,22,1,10,22,1,28
4,10,13.0,346,1,19,0,8,33,1,25
4,10,20.0,223,1,13,0,10,52,0,29
3,5,20.0,214,1,14,0,10,23,1,29
5,10,16.0,201,4,7,0,13,29,4,2
5,3,7.0,289,1,1,1,15,31,2,11
5,3,30.0,304,4,3,1,9,134,1,19
5,8,26.0,278,6,18,0,4,136,4,3
5,8,24.0,85,4,21,0,5,12,2,14
5,4,18.0,26,3,13,0,2,60,2,0
5,5,8.0,199,5,2,0,13,48,2,8
3,1,12.0,353,1,9,0,13,28,4,28
5,1,26.0,248,2,1,0,10,22,3,3
5,0,17.0,12,4,13,0,8,19,3,6
5,2,10.0,28,1,17,0,4,82,1,4
4,3,27.0,361,1,12,1,0,15,1,15
5,2,18.0,7,2,1,0,2,40,1,0
4,9,1.0,126,0,1,1,11,133,4,7
4,9,1.0,126,0,22,2,11,117,0,7
4,6,27.0,116,3,10,1,6,91,4,15
4,6,27.0,116,3,8,0,6,14,1,15
4,6,27.0,116,3,18,0,1,16,3,15
5,8,26.0,278,6,3,1,9,10,4,3
5,4,25.0,20,3,4,1,0,12,2,13
5,0,23.0,237,2,9,0,3,76,4,17
4,11,9.0,311,6,19,0,12,61,1,12
5,8,11.0,306,5,22,1,1,105,4,9
5,8,11.0,306,5,19,1,1,16,4,9
5,8,11.0,306,5,11,1,1,1,4,9
5,8,28.0,224,0,1,2,2,69,2,18
5,8,29.0,301,1,2,0,2,86,3,16
5,8,29.0,301,1,14,0,2,92,0,16
4,1,15.0,1,3,0,1,5,6,0,1
5,8,12.0,284,6,14,1,2,2,1,28
5,1,9.0,50,3,9,1,10,23,1,12
4,6,23.0,84,2,16,0,0,64,0,17
4,1,29.0,112,3,11,0,13,69,0,16
4,10,12.0,333,0,22,1,10,47,2,28
4,6,19.0,291,6,14,0,10,47,2,10
4,7,4.0,186,4,5,1,6,91,4,30
4,1,29.0,112,3,8,0,2,40,2,16
4,10,12.0,333,0,2,0,16,50,3,28
5,8,26.0,278,6,12,1,12,83,2,3
4,3,1.0,180,4,1,0,5,64,0,7
4,6,23.0,84,2,4,2,9,49,3,17
4,7,11.0,197,4,11,1,11,98,4,9
4,3,20.0,105,1,14,0,2,69,2,29
5,7,29.0,268,3,2,3,13,28,0,16
5,0,1.0,8,1,17,0,2,92,1,7
4,7,11.0,197,4,6,0,11,8,4,9
4,3,23.0,57,5,15,0,14,32,2,17
4,10,12.0,333,0,9,1,1,35,4,28
4,3,1.0,180,4,9,0,8,41,1,7
4,6,23.0,84,2,1,0,7,120,4,17
5,4,10.0,79,6,1,1,9,27,0,4
4,3,23.0,57,5,19,0,6,128,3,17
4,10,12.0,333,0,13,1,14,24,1,28
5,2,18.0,7,2,12,0,12,104,2,0
5,2,18.0,7,2,4,3,5,12,3,0
5,2,26.0,3,4,1,1,0,53,1,3
5,3,30.0,304,4,18,0,3,44,1,19
0,8,1.0,66,5,17,0,13,69,1,7
5,10,8.0,213,2,11,0,13,99,0,8
2,5,19.0,214,3,0,0,12,84,1,10
5,11,14.0,147,2,16,0,0,12,0,5
5,9,23.0,167,0,12,1,7,54,4,17
5,11,29.0,270,4,17,0,0,77,3,16
5,3,7.0,289,1,13,1,8,33,0,11
5,7,15.0,205,3,13,3,12,17,3,1
4,6,14.0,173,0,0,2,14,34,1,5
4,6,14.0,173,0,21,0,2,86,3,5
4,6,14.0,173,0,0,1,13,48,0,5
4,6,14.0,173,0,18,1,0,26,0,5
4,6,14.0,173,0,18,1,14,24,0,5
4,6,21.0,193,0,13,1,4,4,1,21
4,5,31.0,196,0,6,0,1,11,4,20
4,5,31.0,196,0,6,0,0,31,4,20
4,5,31.0,196,0,15,0,13,21,2,20
4,5,30.0,294,3,17,1,0,15,1,19
4,5,31.0,196,0,10,0,14,126,3,20
4,5,31.0,196,0,3,0,8,9,1,20
4,5,29.0,24,6,13,0,13,48,2,16
4,5,31.0,196,0,5,1,1,59,4,20
5,7,19.0,330,4,18,0,7,20,1,10
4,11,19.0,321,1,9,2,4,136,3,10
4,11,28.0,123,4,2,0,2,123,1,18
4,5,30.0,294,3,8,0,15,119,3,19
4,6,5.0,342,6,17,0,10,47,0,24
4,3,14.0,33,2,17,0,9,87,1,5
5,0,12.0,113,6,18,1,9,101,2,28
5,0,12.0,113,6,8,1,7,120,4,28
5,0,28.0,249,0,13,0,9,63,1,18
5,6,9.0,236,1,18,1,9,101,4,12
5,10,12.0,333,3,14,0,1,105,4,28
5,10,11.0,298,6,19,0,2,71,4,9
5,10,27.0,302,0,18,0,8,27,1,15
5,7,1.0,98,3,17,0,5,6,3,7
5,8,2.0,77,2,17,1,9,27,0,22
4,9,21.0,362,3,1,1,15,119,0,21
4,7,21.0,81,3,9,0,3,103,2,21
5,4,11.0,121,3,16,3,6,7,3,9
5,4,28.0,218,2,15,0,14,25,4,18
5,2,11.0,297,2,4,1,14,24,0,9
4,7,4.0,186,4,12,0,13,29,0,30
5,11,1.0,222,4,15,0,13,29,1,7
5,8,2.0,77,2,9,0,2,86,1,22
5,4,14.0,345,2,22,0,9,87,2,5
5,2,3.0,282,1,17,0,13,99,2,27
5,2,2.0,143,0,13,1,13,38,1,22
5,0,12.0,113,6,22,1,7,129,2,28
5,4,29.0,313,4,14,0,1,67,0,16
5,4,29.0,313,4,12,0,14,24,2,16
5,4,30.0,139,5,8,0,2,40,3,19
5,4,30.0,139,5,12,0,2,69,3,19
4,7,30.0,42,1,7,1,0,26,1,19
4,3,19.0,138,0,1,0,10,23,1,10
4,3,19.0,138,0,18,2,5,6,0,10
4,3,19.0,138,0,5,3,0,31,0,10
5,4,30.0,139,5,20,0,4,75,1,19
5,4,30.0,139,5,4,1,9,83,4,19
5,2,4.0,254,2,8,1,0,53,2,30
5,4,30.0,139,5,9,1,6,91,2,19
5,2,4.0,254,2,7,0,6,7,0,30
5,2,4.0,254,2,3,0,6,89,3,30
5,2,4.0,254,2,12,0,15,114,3,30
5,2,12.0,128,4,23,0,13,99,1,28
5,2,20.0,264,5,13,1,12,61,1,29
5,2,20.0,264,5,15,1,3,76,0,29
5,2,20.0,264,5,8,3,0,53,0,29
5,2,21.0,108,6,9,0,15,31,1,21
5,2,20.0,264,5,3,0,14,24,2,29
4,3,12.0,104,0,3,0,0,68,0,28
4,6,21.0,193,0,6,0,5,12,1,21
4,6,23.0,84,2,18,0,11,94,3,17
5,7,1.0,98,3,12,0,2,2,1,7
4,6,28.0,309,0,23,0,10,47,3,18
4,10,20.0,223,1,6,1,12,100,2,29
4,6,28.0,309,0,13,2,7,78,0,18
4,6,28.0,309,0,4,0,11,90,1,18
4,6,30.0,145,2,0,0,15,96,2,19
4,6,30.0,145,2,16,0,10,30,0,19
4,6,30.0,145,2,11,0,13,29,1,19
4,6,30.0,145,2,12,0,6,7,0,19
4,6,30.0,145,2,9,0,4,45,0,19
4,6,30.0,145,2,18,0,1,11,1,19
4,10,4.0,356,3,13,3,1,11,3,30
4,10,7.0,243,2,19,1,12,61,2,11
4,10,7.0,243,2,9,1,11,122,4,11
4,10,12.0,333,0,16,0,14,24,3,28
4,10,12.0,333,0,16,2,8,118,4,28
4,10,12.0,333,0,6,0,1,59,3,28
4,10,12.0,333,0,8,0,7,122,0,28
4,6,21.0,193,0,17,1,10,52,0,21
4,6,21.0,193,0,19,0,12,61,4,21
4,6,21.0,193,0,12,2,9,63,3,21
4,6,22.0,185,1,6,0,14,126,4,26
4,6,22.0,185,1,16,2,0,12,3,26
4,6,22.0,185,1,17,2,5,6,3,26
4,6,22.0,185,1,16,1,0,26,0,26
4,6,22.0,185,1,12,0,10,22,3,26
4,6,23.0,84,2,19,0,10,47,3,17
4,6,28.0,309,0,11,2,10,47,3,18
4,3,19.0,138,0,12,3,11,55,3,10
4,3,21.0,338,2,17,1,12,58,4,21
5,0,3.0,334,4,17,0,14,106,4,27
5,0,3.0,334,4,19,0,1,59,0,27
5,0,4.0,229,5,14,0,16,74,1,30
5,0,4.0,229,5,9,0,5,64,3,30
5,0,4.0,229,5,14,0,2,86,4,30
5,0,14.0,5,0,2,2,12,61,3,5
5,0,14.0,5,0,4,3,15,85,4,5
5,0,14.0,5,0,8,1,1,35,4,5
5,0,22.0,241,1,18,0,5,6,0,26
5,2,12.0,128,4,16,1,5,6,0,28
5,2,12.0,128,4,5,2,2,86,3,28
5,2,12.0,128,4,5,1,7,111,4,28
5,2,20.0,264,5,15,0,2,71,0,29
5,2,20.0,264,5,0,1,7,57,2,29
5,2,20.0,264,5,2,1,11,58,4,29
5,2,20.0,264,5,12,0,14,24,2,29
5,2,21.0,108,6,5,0,11,117,3,21
5,2,21.0,108,6,4,0,16,50,1,21
4,6,28.0,309,0,22,0,7,62,2,18
4,11,28.0,123,4,22,3,13,48,0,18
4,9,13.0,91,6,16,1,15,51,1,25
4,6,30.0,145,2,3,0,5,6,0,19
4,6,30.0,145,2,14,0,7,120,4,19
4,6,30.0,145,2,1,0,2,71,3,19
4,6,30.0,145,2,4,0,9,54,2,19
4,10,4.0,356,3,14,1,0,85,4,30
4,10,7.0,243,2,17,1,14,24,1,11
4,6,30.0,145,2,2,2,4,82,3,19
4,10,7.0,243,2,11,0,7,120,1,11
4,10,7.0,243,2,23,0,1,35,4,11
4,10,7.0,243,2,2,2,13,21,1,11
4,10,7.0,243,2,18,0,2,40,3,11
4,10,12.0,333,0,17,0,4,4,3,28
4,10,12.0,333,0,10,0,9,93,3,28
4,10,12.0,333,0,14,0,15,119,0,28
4,10,13.0,346,1,17,0,12,80,3,25
4,10,13.0,346,1,16,0,0,12,0,25
4,10,13.0,346,1,0,2,10,47,1,25
4,10,12.0,333,0,20,1,9,83,4,28
4,10,12.0,333,0,15,1,4,4,1,28
4,10,13.0,346,1,5,1,9,95,1,25
4,10,12.0,333,0,19,3,3,30,0,28
4,10,20.0,223,1,0,1,7,111,0,29
4,10,20.0,223,1,2,2,4,45,2,29
5,2,2.0,143,0,19,1,7,129,4,22
4,10,20.0,223,1,17,0,11,18,0,29
5,8,19.0,280,6,17,0,6,7,3,10
5,2,11.0,297,2,9,1,2,3,2,9
4,3,28.0,187,2,22,0,6,89,0,18
4,10,29.0,318,4,18,0,4,138,1,16
4,5,21.0,351,5,13,0,4,75,4,21
4,10,20.0,223,1,21,1,14,110,0,29
4,3,28.0,187,2,19,0,14,106,0,18
4,3,28.0,187,2,18,0,6,7,0,18
4,5,3.0,161,0,6,0,5,12,3,27
4,5,3.0,161,0,20,1,0,64,0,27
4,5,3.0,161,0,4,0,13,48,0,27
5,4,4.0,178,3,3,2,0,15,3,30
3,9,1.0,126,6,1,0,10,12,1,7
5,2,13.0,276,5,17,0,11,117,1,25
4,5,4.0,114,1,0,0,0,26,1,30
4,5,4.0,114,1,17,0,9,93,3,30
5,9,23.0,167,0,14,0,6,7,0,17
5,7,15.0,205,3,13,3,11,133,0,1
5,3,7.0,289,1,3,1,12,100,4,11
5,3,7.0,289,1,3,1,13,48,4,11
5,10,9.0,150,4,9,0,8,9,3,12
5,10,9.0,150,4,3,0,10,47,2,12
5,8,26.0,278,6,7,1,10,47,0,3
5,2,10.0,28,1,20,0,2,86,1,4
4,11,9.0,311,6,19,1,0,26,4,12
5,10,16.0,201,4,4,2,7,137,2,2
4,9,18.0,359,4,9,0,2,86,1,0
5,1,24.0,64,0,6,0,9,102,1,14
4,3,9.0,44,5,5,0,4,4,1,12
5,4,18.0,26,3,15,1,4,82,1,0
4,5,1.0,109,6,8,2,7,111,0,7
4,9,1.0,126,0,0,1,8,9,1,7
4,11,1.0,222,5,8,0,2,60,1,7
4,7,1.0,98,0,1,1,8,9,4,7
4,7,27.0,53,6,2,0,10,22,2,15
4,10,9.0,150,5,21,3,0,64,3,12
4,9,1.0,126,0,17,0,8,9,1,7
4,5,4.0,114,1,18,2,10,22,3,30
4,5,22.0,163,6,3,0,4,138,2,26
4,5,22.0,163,6,9,0,0,53,4,26
4,5,22.0,163,6,1,0,9,87,0,26
4,5,22.0,163,6,6,1,8,33,0,26
4,5,22.0,163,6,14,0,8,65,1,26
4,5,29.0,24,6,6,2,10,22,2,16
4,5,29.0,24,6,21,2,10,12,3,16
4,10,30.0,157,5,17,0,7,57,1,19
4,10,30.0,157,5,5,1,16,113,1,19
4,10,30.0,157,5,14,0,8,27,4,19
4,1,15.0,1,3,19,0,5,6,3,1
4,1,29.0,112,3,6,0,2,13,0,16
4,1,29.0,112,3,8,0,8,27,0,16
4,1,30.0,100,0,16,2,15,96,3,19
4,1,30.0,100,0,22,0,1,59,3,19
4,1,29.0,112,3,14,0,9,54,1,16
4,1,29.0,112,3,8,2,1,105,3,16
4,1,30.0,100,0,12,1,8,118,1,19
4,1,30.0,100,0,9,0,4,4,1,19
4,1,30.0,100,0,14,0,6,89,1,19
4,1,30.0,100,0,1,0,9,109,3,19
4,8,22.0,354,2,17,0,11,117,1,26
4,8,22.0,354,2,2,2,0,77,3,26
4,8,22.0,354,2,2,2,11,15,0,26
4,8,22.0,354,2,19,2,14,32,3,26
4,8,23.0,102,4,7,1,15,96,0,17
4,8,22.0,354,2,14,1,5,6,0,26
4,8,23.0,102,4,15,0,15,31,3,17
4,6,30.0,145,2,22,0,4,4,2,19
4,6,30.0,145,2,19,0,5,12,2,19
4,6,30.0,145,2,12,0,10,22,1,19
4,6,21.0,193,0,12,0,9,109,2,21
4,10,4.0,356,3,15,0,0,77,2,30
4,10,4.0,356,3,9,0,13,99,0,30
4,10,7.0,243,2,16,0,7,20,4,11
4,10,7.0,243,2,16,2,0,96,3,11
4,10,7.0,243,2,16,1,14,107,1,11
4,10,12.0,333,0,11,0,10,47,3,28
4,10,12.0,333,0,19,0,16,39,0,28
4,10,12.0,333,0,19,0,8,118,1,28
4,10,12.0,333,0,12,0,5,0,2,28
4,10,12.0,333,0,0,1,13,21,0,28
4,10,12.0,333,0,18,0,2,13,3,28
4,10,13.0,346,1,11,0,8,33,0,25
4,10,13.0,346,1,15,0,1,35,2,25
4,10,20.0,223,1,17,0,9,102,1,29
4,10,20.0,223,1,7,1,13,48,0,29
4,10,20.0,223,1,16,0,5,12,3,29
4,10,20.0,223,1,4,0,5,6,0,29
4,10,21.0,341,2,6,2,5,6,3,21
4,10,21.0,341,2,0,0,0,12,0,21
4,10,21.0,341,2,0,1,7,111,2,21
4,10,21.0,341,2,18,0,15,77,1,21
5,4,31.0,67,6,3,1,10,47,1,20
5,6,13.0,317,6,13,0,15,85,2,25
4,11,26.0,364,1,6,1,0,26,1,3
5,11,15.0,331,4,20,0,1,35,1,1
5,0,14.0,5,0,0,0,5,12,1,5
5,9,15.0,226,3,11,1,5,6,2,1
5,3,6.0,303,0,8,0,2,13,0,23
5,0,12.0,113,6,2,1,0,12,1,28
5,6,8.0,59,0,19,0,14,24,1,8
5,6,8.0,59,0,15,1,6,91,4,8
5,6,25.0,39,4,14,0,7,20,1,13
5,7,23.0,202,0,18,0,10,47,3,17
5,7,22.0,211,3,13,1,12,61,4,26
5,10,25.0,56,6,1,1,5,64,0,13
5,8,17.0,74,4,1,0,10,47,2,6
5,8,23.0,102,2,5,1,9,63,1,17
5,8,17.0,74,4,4,1,0,77,0,6
5,0,24.0,55,4,2,1,1,35,1,14
5,5,23.0,168,6,15,0,8,27,1,17
5,5,23.0,168,6,12,0,8,41,1,17
5,0,16.0,11,2,12,3,7,120,3,2
4,11,8.0,283,5,1,3,10,47,3,8
4,11,18.0,332,0,4,0,9,95,2,0
5,0,4.0,229,5,22,0,5,6,0,30
5,0,14.0,5,0,8,0,13,99,3,5
5,0,14.0,5,0,2,2,10,23,1,5
5,0,14.0,5,0,9,1,15,31,1,5
5,0,22.0,241,1,0,0,8,41,1,26
5,0,22.0,241,1,21,0,9,57,3,26
5,0,22.0,241,1,7,1,0,68,0,26
5,0,22.0,241,1,12,3,5,6,0,26
4,11,2.0,265,6,23,0,0,15,0,22
4,11,2.0,265,6,4,1,9,95,4,22
4,11,2.0,265,6,1,2,12,104,3,22
4,11,20.0,340,2,13,0,1,35,4,29
4,11,20.0,340,2,11,1,5,64,2,29
4,11,20.0,340,2,8,0,8,27,4,29
4,11,22.0,250,5,6,0,8,9,1,26
4,11,22.0,250,5,17,1,0,15,0,26
4,10,22.0,314,4,10,1,5,6,0,26
4,10,21.0,341,2,3,1,13,99,2,21
4,10,22.0,314,4,2,0,1,35,4,26
4,10,22.0,314,4,14,0,13,38,3,26
4,10,22.0,314,4,9,1,7,20,2,26
4,10,29.0,318,4,10,1,16,42,4,16
4,10,29.0,318,4,12,0,6,128,1,16
4,10,22.0,314,4,12,0,2,2,1,26
4,10,29.0,318,4,1,1,7,57,2,16
4,10,30.0,157,5,6,2,2,13,3,19
4,10,30.0,157,5,20,0,8,41,1,19
4,10,29.0,318,4,5,1,3,30,1,16
4,6,30.0,145,2,22,1,0,31,0,19
4,10,30.0,157,5,14,0,7,20,4,19
4,10,29.0,318,4,11,1,9,10,1,16
5,0,14.0,5,0,2,2,2,60,0,5
5,0,3.0,334,4,6,0,2,40,2,27
4,9,14.0,106,3,13,0,7,129,2,5
5,0,22.0,241,1,15,0,8,118,1,26
5,0,22.0,241,1,16,1,0,31,2,26
4,9,27.0,179,6,3,0,15,39,3,15
5,0,22.0,241,1,4,1,11,133,4,26
4,9,27.0,179,6,1,0,10,133,2,15
4,11,2.0,265,6,15,0,11,18,0,22
4,7,3.0,269,2,3,1,14,25,0,27
4,11,20.0,340,2,21,0,8,9,1,29
4,7,6.0,93,6,21,1,13,38,0,23
4,11,20.0,340,2,11,1,10,6,0,29
4,7,6.0,93,6,22,0,9,54,2,23
4,7,30.0,42,1,2,0,16,50,1,19
4,3,3.0,182,6,2,0,7,20,0,27
4,3,3.0,182,6,1,0,1,11,4,27
4,3,3.0,182,6,1,0,5,6,0,27
5,2,12.0,128,4,3,0,0,0,2,28
5,2,12.0,128,4,0,1,5,6,2,28
5,2,12.0,128,4,20,1,14,106,4,28
5,2,20.0,264,5,6,1,6,91,0,29
5,2,20.0,264,5,9,1,10,47,0,29
5,2,20.0,264,5,17,0,10,22,1,29
5,2,21.0,108,6,8,0,12,61,4,21
5,0,3.0,334,4,16,0,5,6,3,27
5,0,3.0,334,4,13,0,13,38,0,27
5,0,3.0,334,4,12,0,13,69,4,27
5,0,3.0,334,4,16,1,0,0,0,27
5,0,4.0,229,5,16,0,10,22,1,30
5,0,3.0,334,4,17,1,9,101,4,27
5,0,4.0,229,5,8,0,4,138,2,30
5,0,4.0,229,5,12,0,10,12,3,30
5,0,5.0,122,6,19,1,11,90,4,24
5,0,22.0,241,1,7,1,15,108,1,26
5,0,22.0,241,1,21,1,15,85,0,26
5,0,22.0,241,1,8,2,3,76,3,26
5,0,22.0,241,1,3,1,9,102,4,26
5,0,22.0,241,1,4,2,8,118,3,26
5,0,22.0,241,1,1,2,15,31,0,26
4,11,2.0,265,6,0,0,13,21,1,22
4,11,2.0,265,6,21,1,7,57,0,22
4,11,2.0,265,6,22,0,1,35,1,22
4,11,2.0,265,6,9,0,11,15,2,22
5,0,4.0,229,5,4,0,1,16,1,30
5,0,5.0,122,6,21,0,10,47,3,24
5,0,4.0,229,5,1,1,12,83,4,30
5,0,5.0,122,6,20,2,13,69,3,24
4,5,20.0,214,4,4,0,0,53,2,29
4,5,28.0,259,5,12,0,12,100,3,18
5,0,5.0,122,6,19,0,0,85,1,24
5,0,4.0,229,5,12,0,6,89,1,30
4,1,15.0,1,3,11,0,14,32,4,1
4,1,29.0,112,3,15,0,11,8,1,16
4,1,29.0,112,3,12,0,8,41,2,16
4,7,29.0,268,0,18,1,11,124,0,16
4,1,29.0,112,3,1,0,2,2,0,16
4,1,30.0,100,0,17,0,16,50,1,19
4,1,30.0,100,0,10,0,5,0,2,19
4,8,23.0,102,4,19,0,8,9,1,17
4,4,6.0,176,2,5,0,8,41,1,23
4,4,6.0,176,2,20,0,12,104,2,23
4,4,6.0,176,2,12,0,10,22,3,23
4,4,6.0,176,2,8,0,8,41,3,23
4,4,6.0,176,2,14,0,10,47,3,23
4,4,6.0,176,2,1,1,14,107,1,23
4,4,8.0,292,5,13,0,5,12,0,8
4,4,8.0,292,5,11,1,10,22,1,8
4,4,8.0,292,5,8,0,0,15,0,8
4,4,8.0,292,5,1,0,6,7,3,8
4,4,13.0,221,2,21,0,10,43,1,25
4,4,13.0,221,2,8,0,2,40,1,25
4,6,22.0,185,1,13,0,13,29,4,26
4,6,22.0,185,1,14,0,10,22,2,26
4,6,28.0,309,0,17,0,16,39,1,18
4,6,28.0,309,0,21,0,5,6,3,18
4,6,28.0,309,0,13,1,6,7,4,18
4,6,28.0,309,0,12,0,16,50,3,18
4,6,28.0,309,0,9,0,2,2,3,18
4,11,20.0,340,2,22,0,15,51,1,29
4,11,20.0,340,2,3,0,6,89,1,29
4,11,22.0,250,5,13,0,2,71,4,26
4,9,3.0,217,2,10,1,3,30,0,27
4,11,29.0,270,5,17,1,0,26,4,16
4,9,4.0,295,4,15,0,5,6,2,30
4,9,4.0,295,4,19,0,14,25,0,30
4,9,4.0,295,4,18,0,15,114,1,30
4,9,12.0,177,5,12,0,14,25,3,28
4,11,20.0,340,2,13,2,8,27,2,29
4,11,22.0,250,5,0,0,15,39,1,26
4,11,22.0,250,5,18,1,1,11,4,26
4,11,29.0,270,5,5,0,2,40,3,16
4,11,29.0,270,5,4,0,9,49,1,16
4,11,29.0,270,5,8,3,1,81,4,16
4,9,2.0,323,1,7,0,0,12,1,22
4,9,2.0,323,1,11,0,12,104,3,22
4,9,2.0,323,1,18,0,13,48,1,22
4,9,3.0,217,2,23,0,16,113,1,27
4,9,4.0,295,4,10,1,14,107,0,30
4,9,3.0,217,2,17,0,0,26,0,27
4,9,2.0,323,1,14,1,6,7,0,22
4,9,4.0,295,4,18,0,0,64,4,30
4,9,12.0,177,5,19,0,14,34,4,28
4,9,12.0,177,5,17,1,3,30,0,28
4,9,14.0,106,3,0,0,2,92,1,5
4,9,14.0,106,3,17,1,5,6,0,5
4,9,14.0,106,3,0,1,11,94,4,5
4,9,14.0,106,3,15,0,5,6,0,5
4,11,22.0,250,5,23,1,1,16,4,26
4,9,14.0,106,3,12,2,10,22,3,5
4,9,14.0,106,3,14,2,5,6,3,5
4,9,14.0,106,3,11,1,3,115,1,5
4,9,27.0,179,6,23,0,3,115,2,15
4,9,27.0,179,6,3,0,10,23,1,15
4,10,20.0,223,1,23,1,12,56,4,29
4,10,20.0,223,1,13,0,16,42,3,29
4,10,20.0,223,1,3,2,9,57,3,29
4,10,20.0,223,1,9,2,16,50,1,29
4,10,20.0,223,1,19,2,16,50,3,29
4,10,20.0,223,1,9,0,14,24,4,29
4,10,21.0,341,2,6,2,10,47,3,21
4,10,21.0,341,2,16,2,14,107,3,21
4,10,21.0,341,2,16,1,10,12,0,21
4,3,14.0,33,2,17,1,4,75,1,5
4,10,21.0,341,2,3,2,10,23,3,21
4,10,22.0,314,4,6,1,15,51,0,26
4,10,22.0,314,4,12,1,3,115,4,26
4,10,22.0,314,4,16,1,1,105,0,26
4,10,22.0,314,4,2,0,5,6,2,26
4,7,3.0,269,2,6,1,10,47,0,27
4,7,3.0,269,2,23,1,15,39,0,27
4,7,3.0,269,2,11,1,3,79,1,27
4,7,3.0,269,2,15,0,6,91,1,27
4,9,3.0,217,2,22,0,2,2,2,27
4,7,30.0,42,1,23,1,0,64,0,19
4,7,30.0,42,1,19,0,5,6,0,19
4,7,30.0,42,1,4,0,4,66,3,19
4,7,30.0,42,1,1,0,8,27,1,19
4,7,3.0,269,2,13,1,11,15,0,27
4,3,5.0,324,0,22,0,1,59,4,24
4,0,6.0,260,0,8,0,2,86,1,23
5,10,30.0,157,4,20,3,13,28,0,19
4,0,8.0,9,2,6,0,7,31,3,8
5,0,25.0,281,5,13,0,15,114,4,13
4,0,22.0,241,2,4,0,10,52,1,26
4,4,23.0,30,6,8,0,4,138,0,17
4,0,8.0,9,2,1,0,14,25,1,8
4,0,8.0,9,2,12,0,3,30,3,8
4,0,13.0,198,0,8,0,4,75,3,25
4,0,15.0,190,2,16,0,1,105,4,1
4,0,15.0,190,2,21,0,14,25,1,1
4,0,15.0,190,2,3,1,10,43,1,1
4,0,15.0,190,2,1,0,16,50,1,1
4,0,13.0,198,0,4,0,7,120,4,25
3,6,1.0,158,3,17,0,7,20,1,7
4,8,13.0,189,0,15,1,9,87,4,25
4,8,14.0,296,1,16,0,0,12,3,5
4,8,14.0,296,1,2,0,13,28,0,5
4,8,14.0,296,1,4,1,2,86,2,5
4,8,30.0,103,4,17,0,3,44,3,19
4,8,30.0,103,4,8,0,2,86,0,19
4,8,30.0,103,4,16,0,10,47,3,19
4,8,30.0,103,4,21,1,8,33,0,19
4,4,4.0,178,0,23,1,14,125,4,30
4,4,4.0,178,0,0,1,9,102,0,30
4,4,4.0,178,0,3,0,8,27,1,30
4,4,4.0,178,0,13,0,4,5,2,30
4,1,21.0,45,6,13,1,1,59,4,21
4,1,23.0,69,0,17,0,5,6,1,17
4,1,23.0,69,0,8,0,3,4,0,17
4,1,23.0,69,0,22,0,13,48,0,17
4,1,24.0,64,1,9,1,14,25,4,14
4,1,24.0,64,1,4,0,0,15,2,14
4,1,31.0,305,1,0,0,6,7,4,20
4,1,31.0,305,1,23,0,5,64,1,20
4,1,31.0,305,1,15,0,0,68,3,20
4,8,4.0,299,6,7,1,14,24,1,30
4,7,31.0,43,2,8,0,1,67,1,20
4,4,6.0,176,2,14,0,6,73,1,23
4,8,29.0,301,2,19,0,14,126,2,16
4,4,14.0,345,4,13,1,4,66,2,5
4,4,8.0,292,5,12,3,3,30,3,8
4,4,22.0,152,5,15,1,9,54,1,26
4,4,22.0,152,5,9,0,9,49,3,26
4,4,6.0,176,2,1,0,4,138,0,23
4,0,15.0,190,2,1,0,12,56,0,1
4,0,13.0,198,0,18,0,0,26,3,25
4,0,30.0,228,4,16,0,0,26,1,19
4,0,30.0,228,4,0,1,9,83,4,19
4,0,31.0,290,5,14,0,8,41,3,20
4,0,31.0,290,5,1,0,12,84,1,20
4,8,4.0,299,6,11,0,2,40,2,30
4,8,4.0,299,6,21,1,13,38,0,30
4,8,5.0,101,3,19,0,11,15,2,24
4,8,7.0,70,1,21,0,8,9,1,11
4,8,7.0,70,1,3,2,1,105,3,11
4,8,7.0,70,1,2,2,15,114,2,11
4,8,7.0,70,1,22,0,8,9,2,11
4,8,7.0,70,1,11,1,3,79,1,11
4,8,14.0,296,1,6,1,16,42,4,5
4,8,30.0,103,4,7,1,15,51,0,19
4,8,30.0,103,4,11,0,16,50,4,19
4,8,30.0,103,4,2,0,10,6,0,19
4,8,30.0,103,4,13,1,7,120,4,19
4,8,30.0,103,4,9,2,6,7,0,19
4,4,4.0,178,0,17,0,7,62,3,30
4,4,4.0,178,0,13,0,1,11,3,30
4,4,7.0,133,4,16,1,14,88,0,11
4,4,4.0,178,0,8,0,6,7,3,30
4,4,7.0,133,4,10,1,0,77,1,11
4,4,7.0,133,4,1,2,8,27,3,11
4,4,16.0,25,6,13,0,2,60,2,2
4,4,16.0,25,6,11,1,16,72,1,2
4,4,23.0,30,6,10,1,2,92,0,17
4,4,23.0,30,6,12,0,2,92,1,17
4,4,23.0,30,6,0,1,1,67,0,17
4,4,23.0,30,6,4,0,0,64,2,17
4,4,29.0,313,5,17,0,16,42,1,16
4,4,29.0,313,5,8,0,10,47,1,16
4,4,29.0,313,5,2,2,2,92,3,16
4,4,29.0,313,5,1,0,0,12,2,16
4,4,31.0,67,3,21,1,14,126,4,20
4,4,31.0,67,3,0,1,11,122,1,20
4,4,31.0,67,3,9,2,8,118,3,20
4,2,5.0,127,5,11,2,14,25,0,24
4,2,5.0,127,5,2,1,12,61,0,24
4,2,7.0,153,3,10,1,9,10,0,11
4,4,7.0,133,4,6,1,11,18,0,11
4,4,16.0,25,6,14,0,11,133,2,2
4,4,23.0,30,6,16,1,10,47,1,17
4,4,23.0,30,6,21,0,9,93,1,17
4,4,23.0,30,6,21,1,0,68,0,17
4,10,10.0,245,6,17,1,7,137,0,4
4,4,22.0,152,5,3,1,0,77,1,26
4,10,18.0,246,3,2,1,1,35,1,0
4,5,22.0,163,6,19,1,15,31,0,26
4,2,21.0,108,3,13,0,13,28,2,21
2,1,1.0,171,4,14,0,12,56,1,7
4,1,20.0,151,5,12,1,14,32,0,29
4,0,6.0,260,0,12,2,2,86,3,23
4,2,21.0,108,3,12,0,6,89,2,21
4,4,22.0,152,5,14,0,9,57,1,26
4,8,29.0,301,2,6,0,6,73,0,16
4,1,1.0,203,3,4,0,10,30,0,7
4,0,22.0,241,2,19,0,11,94,2,26
4,4,29.0,313,5,11,0,9,57,0,16
4,7,1.0,98,0,17,0,13,38,4,7
4,0,13.0,198,0,10,0,16,50,1,25
4,8,29.0,301,2,21,0,7,78,1,16
4,0,22.0,241,2,2,0,9,57,3,26
4,2,21.0,108,3,4,1,5,64,0,21
4,11,31.0,227,3,8,1,14,25,0,20
4,5,10.0,155,0,22,1,10,47,0,4
4,4,29.0,313,5,6,1,0,12,1,16
4,8,29.0,301,2,22,0,6,91,1,16
4,1,30.0,100,0,14,1,15,39,4,19
4,2,22.0,209,0,3,0,0,53,3,26
4,4,30.0,139,6,4,0,6,7,0,19
4,2,22.0,209,0,7,3,15,119,3,26
4,2,22.0,209,0,5,0,9,95,3,26
4,2,22.0,209,0,13,1,13,29,1,26
4,2,22.0,209,0,13,1,1,81,4,26
4,0,10.0,129,5,0,1,4,45,4,4
4,0,12.0,113,3,23,2,10,52,3,28
4,0,12.0,113,3,2,0,4,75,1,28
4,2,4.0,254,4,1,1,0,26,1,30
4,0,12.0,113,3,12,3,4,136,3,28
4,10,3.0,310,6,5,0,16,74,0,27
4,10,26.0,61,0,13,0,16,74,1,3
4,1,11.0,111,2,4,1,9,87,1,9
4,1,11.0,111,2,2,1,15,31,0,9
4,1,16.0,2,0,1,0,10,47,2,2
4,0,9.0,48,4,15,0,4,138,3,12
4,0,18.0,0,6,8,0,14,25,2,0
4,0,11.0,10,6,17,1,6,7,0,9
4,8,1.0,66,2,17,1,5,6,1,7
4,6,17.0,244,4,8,0,8,9,2,6
4,0,19.0,13,3,8,1,10,23,1,10
4,9,17.0,255,2,15,0,2,2,1,6
4,8,27.0,78,0,19,1,15,46,4,15
4,0,26.0,14,3,14,0,14,24,2,3
4,0,9.0,48,4,18,0,15,85,1,12
4,0,9.0,48,4,5,0,10,47,2,12
4,0,11.0,10,6,6,1,0,31,0,9
4,0,19.0,13,3,1,0,11,133,3,10
4,0,19.0,13,3,19,0,1,1,3,10
4,0,19.0,13,3,2,1,14,106,4,10
4,0,26.0,14,3,16,0,6,89,1,3
4,0,26.0,14,3,16,0,2,2,4,3
4,0,26.0,14,3,6,0,9,49,4,3
4,0,26.0,14,3,7,0,0,85,3,3
4,0,26.0,14,3,16,1,0,12,0,3
4,0,26.0,14,3,22,0,2,40,1,3
4,1,5.0,219,4,4,1,5,6,0,24
4,1,5.0,219,4,8,1,9,49,1,24
4,1,14.0,183,6,8,2,2,2,3,5
4,1,14.0,183,6,18,0,3,115,3,5
4,1,21.0,45,6,15,2,1,59,3,21
4,0,14.0,5,1,4,3,8,19,0,5
4,1,21.0,45,6,12,0,15,119,3,21
4,1,21.0,45,6,19,0,5,12,3,21
4,1,31.0,305,1,19,0,2,86,1,20
4,8,4.0,299,6,8,0,3,70,0,30
4,8,4.0,299,6,1,0,2,40,4,30
4,8,5.0,101,3,13,0,10,43,3,24
4,8,5.0,101,3,22,0,2,86,1,24
4,8,5.0,101,3,8,2,6,89,3,24
4,8,5.0,101,3,14,0,1,67,0,24
4,8,7.0,70,1,3,0,2,2,1,11
4,8,7.0,70,1,3,0,14,24,0,11
4,8,7.0,70,1,12,0,14,24,2,11
4,1,31.0,305,1,16,0,9,109,1,20
4,8,13.0,189,0,21,2,10,47,0,25
4,8,13.0,189,0,15,0,2,2,4,25
4,5,9.0,206,3,3,0,10,22,1,12
4,5,27.0,328,4,9,0,6,89,3,15
4,4,12.0,134,1,8,1,1,59,1,28
4,5,26.0,37,2,1,0,12,135,4,3
4,6,18.0,308,5,8,0,0,26,1,0
4,6,27.0,116,3,14,0,0,12,1,15
4,1,20.0,151,5,8,1,0,53,1,29
4,5,1.0,109,6,17,1,10,23,1,7
4,0,1.0,8,2,17,0,2,2,1,7
4,0,21.0,287,1,14,0,10,52,3,21
4,8,12.0,284,3,18,0,5,12,3,28
4,11,1.0,222,5,1,0,14,25,1,7
4,8,9.0,124,4,17,3,2,2,0,12
4,5,1.0,109,6,5,0,15,108,2,7
4,5,1.0,109,6,5,0,0,68,1,7
4,10,17.0,256,6,19,3,10,12,3,6
4,0,20.0,172,0,4,2,1,59,3,29
4,0,21.0,287,1,0,0,7,120,1,21
4,7,27.0,53,6,18,1,5,64,0,15
4,3,7.0,289,2,8,1,13,28,1,11
4,3,9.0,44,5,1,0,12,80,2,12
5,2,6.0,251,5,17,0,3,30,1,23
4,2,21.0,108,3,4,0,11,18,3,21
4,2,24.0,22,2,0,1,14,25,4,14
4,2,24.0,22,2,17,1,14,25,4,14
4,2,24.0,22,2,19,0,8,9,1,14
4,2,25.0,233,4,11,0,16,72,0,13
4,2,25.0,233,4,4,0,5,6,3,13
4,0,6.0,260,0,0,0,2,40,2,23
4,0,6.0,260,0,7,1,10,23,3,23
4,0,6.0,260,0,16,2,13,36,3,23
4,0,6.0,260,0,22,0,5,64,2,23
4,0,6.0,260,0,15,0,12,56,1,23
4,0,13.0,198,0,11,0,15,46,3,25
4,4,29.0,313,5,9,1,13,38,0,16
4,4,12.0,134,1,1,0,11,15,2,28
4,6,16.0,38,2,14,0,5,64,0,2
4,4,31.0,67,3,16,0,16,37,3,20
4,2,24.0,22,2,21,1,14,25,4,14
4,2,14.0,231,3,5,2,9,27,0,5
4,2,4.0,254,4,10,0,4,121,1,30
4,2,20.0,264,6,14,1,0,26,0,29
4,10,19.0,117,0,18,0,11,18,3,10
5,8,1.0,66,1,9,1,16,50,0,7
4,9,26.0,267,5,14,2,2,2,1,3
4,4,31.0,67,3,0,0,7,111,1,20
4,2,24.0,22,2,22,0,2,71,4,14
4,8,2.0,77,4,12,0,0,53,4,22
4,4,22.0,152,5,1,0,10,43,1,26
4,8,29.0,301,2,19,0,9,95,4,16
5,8,1.0,66,1,2,3,8,118,0,7
4,7,2.0,160,1,19,3,8,19,3,22
4,4,31.0,67,3,12,1,10,23,1,20
4,2,5.0,127,5,11,2,15,96,0,24
4,2,5.0,127,5,3,1,2,71,4,24
4,2,5.0,127,5,8,0,5,6,0,24
4,2,5.0,127,5,13,1,6,91,1,24
4,4,29.0,313,5,10,1,8,27,1,16
4,2,7.0,153,3,15,0,13,28,2,11
4,2,16.0,220,1,11,0,5,6,0,2
4,2,16.0,220,1,17,1,14,24,1,2
4,2,16.0,220,1,22,0,0,26,3,2
4,0,5.0,122,3,16,2,9,63,3,24
4,0,25.0,281,6,12,1,1,11,1,13
4,0,5.0,122,3,0,0,8,65,1,24
4,4,4.0,178,0,12,1,3,30,1,30
4,6,7.0,169,0,8,0,12,80,1,11
5,2,30.0,131,0,19,0,16,50,1,19
5,11,1.0,222,4,10,0,3,79,1,7
4,9,11.0,52,4,17,1,10,22,1,9
5,10,1.0,208,2,17,0,12,80,1,7
4,2,13.0,276,6,8,3,2,69,2,25
4,5,21.0,351,5,2,1,0,26,1,21
4,2,13.0,276,6,22,0,1,1,2,25
4,2,23.0,230,1,18,1,5,12,0,17
4,10,5.0,336,0,1,1,0,26,0,24
4,1,4.0,286,2,17,0,1,11,4,30
4,1,4.0,286,2,9,1,12,17,4,30
4,3,29.0,325,4,5,1,7,62,2,16
4,1,13.0,207,5,12,3,11,15,0,25
4,8,21.0,46,1,18,0,13,99,2,21
4,4,5.0,235,1,4,1,11,18,0,24
4,10,23.0,247,5,14,0,10,22,1,17
5,1,1.0,203,6,13,0,16,50,1,7
4,6,6.0,83,3,1,0,8,27,4,23
4,10,5.0,336,0,8,1,10,22,0,24
4,5,1.0,109,6,16,0,3,115,2,7
4,6,19.0,291,6,17,1,10,47,2,10
4,6,27.0,116,3,18,2,9,49,3,15
4,10,19.0,117,0,17,1,3,30,0,10
4,11,1.0,222,5,17,3,11,15,0,7
4,7,1.0,98,0,22,2,6,7,0,7
4,7,24.0,68,2,7,1,5,6,0,14
4,3,10.0,4,6,14,1,5,6,0,4
4,5,27.0,328,4,18,3,8,9,2,15
4,5,27.0,328,4,13,0,10,22,2,15
4,5,26.0,37,2,9,0,11,133,2,3
4,4,12.0,134,1,16,0,12,121,4,28
4,6,19.0,291,6,12,3,4,121,3,10
4,10,1.0,208,4,9,0,13,99,2,7
4,9,1.0,126,0,18,0,13,28,0,7
4,10,24.0,261,6,1,1,5,12,1,14
4,10,1.0,208,4,13,0,8,118,1,7
4,1,20.0,151,5,18,0,2,92,1,29
4,8,3.0,363,5,18,1,11,94,0,27
4,8,3.0,363,5,8,0,11,124,0,27
4,5,25.0,350,1,6,0,1,105,3,13
4,6,7.0,169,0,2,3,9,93,3,11
4,6,7.0,169,0,8,1,2,13,4,11
4,6,7.0,169,0,18,0,8,33,2,11
4,6,7.0,169,0,21,1,10,47,1,11
4,6,12.0,162,6,16,1,11,133,0,28
4,6,12.0,162,6,21,0,6,7,0,28
4,6,12.0,162,6,14,0,1,11,4,28
4,6,13.0,317,3,6,2,16,74,0,25
4,6,12.0,162,6,11,0,13,36,1,28
4,6,13.0,317,3,3,1,9,57,1,25
4,6,13.0,317,3,14,0,14,107,2,25
4,6,15.0,49,1,5,0,16,130,1,1
4,6,15.0,49,1,9,0,16,42,1,1
4,6,20.0,215,3,0,1,1,35,0,29
4,6,29.0,335,1,7,0,0,31,1,16
4,6,20.0,215,3,20,1,10,52,4,29
4,6,29.0,335,1,4,0,2,2,1,16
4,10,6.0,242,1,6,0,15,108,2,23
4,10,6.0,242,1,0,0,10,22,1,23
4,2,16.0,220,1,19,3,0,26,0,2
4,0,26.0,14,3,18,0,11,18,0,3
4,0,9.0,48,4,16,2,11,94,0,12
4,0,27.0,23,0,19,0,2,3,4,15
4,10,19.0,117,0,12,1,8,27,2,10
4,7,25.0,41,4,4,3,0,53,2,13
4,8,29.0,301,2,14,0,14,25,3,16
4,4,30.0,139,6,17,0,16,50,1,19
5,8,8.0,76,1,19,3,9,109,2,8
4,2,22.0,209,0,22,0,10,47,3,26
4,2,24.0,22,2,8,1,14,126,4,14
4,0,4.0,229,6,4,0,8,41,4,30
4,10,19.0,117,0,20,1,13,36,1,10
5,4,26.0,80,0,7,1,5,12,0,3
4,2,24.0,22,2,9,1,14,32,1,14
4,10,28.0,216,2,14,0,9,57,1,18
4,8,29.0,301,2,20,3,12,17,3,16
4,0,4.0,229,6,14,2,12,83,4,30
4,10,24.0,261,6,4,0,9,57,1,14
4,5,2.0,307,3,20,3,7,137,2,22
4,2,25.0,233,4,7,1,10,22,0,13
4,10,25.0,56,3,11,1,8,27,1,13
4,4,6.0,176,2,6,2,1,105,3,23
4,0,4.0,229,6,17,0,8,118,1,30
4,4,30.0,139,6,0,1,16,50,0,19
4,3,15.0,35,4,17,0,1,11,1,1
4,5,2.0,307,3,22,0,16,50,4,22
4,10,22.0,314,4,13,3,12,84,4,26
4,8,28.0,224,1,5,1,2,71,4,18
4,4,18.0,26,0,3,0,13,13,0,0
4,5,24.0,58,0,2,0,13,29,2,14
4,6,2.0,352,2,21,1,10,47,1,22
4,5,17.0,212,0,6,0,11,15,2,6
4,6,11.0,355,5,14,1,11,98,4,9
4,6,11.0,355,5,4,1,0,64,0,9
4,6,11.0,355,5,14,1,12,104,2,9
4,8,1.0,66,2,17,0,9,49,1,7
4,4,25.0,20,0,8,3,3,30,3,13
4,10,25.0,56,3,8,0,10,23,2,13
3,0,29.0,191,0,2,3,5,6,3,16
5,11,12.0,118,0,19,1,12,61,1,28
5,6,24.0,31,2,16,1,9,58,4,14
5,8,9.0,124,2,14,1,14,125,4,12
5,4,26.0,80,0,2,2,0,0,3,3
5,4,26.0,80,0,9,1,5,64,1,3
5,2,1.0,16,3,17,0,7,120,4,7
4,0,24.0,55,5,14,0,10,22,1,14
5,2,14.0,231,6,19,3,11,133,0,5
5,2,29.0,140,3,12,0,7,120,2,16
5,6,1.0,158,0,17,0,12,17,1,7
5,0,12.0,113,6,13,0,2,60,2,28
5,1,27.0,262,4,14,0,15,39,1,15
4,5,21.0,351,5,1,0,0,68,0,21
5,0,29.0,191,1,23,0,3,44,3,16
5,1,1.0,203,6,13,0,0,68,0,7
4,3,4.0,285,3,20,1,12,17,1,30
4,3,4.0,285,3,13,0,13,38,4,30
4,3,4.0,285,3,18,0,16,42,4,30
4,0,13.0,198,0,9,0,2,2,4,25
4,0,13.0,198,0,1,0,10,43,1,25
4,0,13.0,198,0,1,0,13,29,1,25
4,0,13.0,198,0,14,0,8,27,0,25
4,0,13.0,198,0,22,0,9,93,0,25
4,0,15.0,190,2,6,0,5,64,3,1
4,0,15.0,190,2,23,1,8,33,0,1
4,0,15.0,190,2,3,0,14,24,2,1
4,0,15.0,190,2,13,1,13,99,4,1
4,4,8.0,292,5,2,0,10,6,3,8
4,4,8.0,292,5,12,0,6,73,4,8
4,4,13.0,221,2,10,2,0,64,0,25
4,4,13.0,221,2,10,1,10,47,0,25
4,4,14.0,345,4,12,1,13,36,2,5
4,4,21.0,339,4,13,0,10,22,2,21
4,4,21.0,339,4,14,1,16,113,1,21
4,4,21.0,339,4,2,0,8,9,3,21
4,4,22.0,152,5,9,2,1,1,3,26
4,4,30.0,139,6,10,1,11,15,0,19
4,4,30.0,139,6,3,0,4,82,3,19
4,2,14.0,231,3,8,0,4,82,0,5
4,6,5.0,342,6,5,0,5,6,0,24
4,6,28.0,309,0,9,0,2,2,3,18
5,0,18.0,0,5,20,1,7,129,1,0
5,0,18.0,0,5,8,0,4,45,2,0
5,0,25.0,281,5,9,0,5,6,1,13
5,8,1.0,66,1,19,0,11,15,2,7
5,2,1.0,16,3,12,0,0,77,1,7
3,8,4.0,299,4,8,0,1,16,2,30
5,2,9.0,21,0,17,0,9,49,1,12
4,3,26.0,343,0,22,0,2,86,1,3
5,0,2.0,47,2,22,1,0,26,1,22
4,6,26.0,348,6,4,0,14,24,2,3
4,6,26.0,348,6,13,1,7,57,0,3
4,3,25.0,347,3,11,3,16,37,0,13
4,11,16.0,225,6,13,0,8,27,1,2
4,6,2.0,352,2,2,0,10,22,1,22
4,6,10.0,149,4,20,1,10,12,1,4
4,6,17.0,244,4,22,0,4,4,4,6
4,2,11.0,297,4,12,0,2,92,3,9
4,4,17.0,19,3,13,0,5,6,0,6
5,6,15.0,49,0,4,0,4,66,1,1
5,8,9.0,124,2,11,1,0,0,0,12
5,8,1.0,66,1,12,3,13,99,4,7
5,5,6.0,277,2,12,3,6,91,0,23
4,5,19.0,146,2,8,1,9,93,4,10
4,11,18.0,332,0,5,1,2,2,1,0
5,4,31.0,67,6,12,0,9,57,1,20
4,7,23.0,202,1,15,1,10,12,0,17
4,10,3.0,310,6,18,0,9,63,4,27
4,10,3.0,310,6,4,3,14,32,4,27
4,5,22.0,163,6,0,1,11,117,1,26
5,0,1.0,8,1,23,0,10,47,1,7
4,0,10.0,129,5,15,1,1,81,4,4
4,5,31.0,196,0,9,2,3,44,0,20
4,4,30.0,139,6,11,0,15,119,2,19
4,2,14.0,231,3,5,0,9,95,4,5
4,2,14.0,231,3,0,1,8,27,0,5
4,2,14.0,231,3,20,0,0,31,2,5
4,2,14.0,231,3,9,2,13,29,0,5
4,2,14.0,231,3,13,1,9,95,4,5
4,2,15.0,130,0,20,1,13,21,1,1
4,2,15.0,130,0,4,2,14,88,0,1
4,2,15.0,130,0,22,0,13,69,0,1
4,2,15.0,130,0,1,0,9,87,1,1
4,2,15.0,130,0,23,1,0,31,0,1
4,2,21.0,108,3,11,0,10,47,2,21
4,2,21.0,108,3,13,2,6,132,0,21
4,2,21.0,108,3,22,0,10,47,0,21
4,2,21.0,108,3,13,0,13,48,0,21
4,2,15.0,130,0,12,1,8,118,1,1
4,2,21.0,108,3,9,2,6,7,3,21
4,2,22.0,209,0,6,2,2,86,0,26
4,2,22.0,209,0,0,1,5,12,0,26
4,2,22.0,209,0,2,0,2,86,4,26
4,10,4.0,356,3,16,0,2,40,0,30
4,2,25.0,233,4,1,0,0,26,3,13
5,10,10.0,245,5,20,0,10,22,1,4
4,5,17.0,212,0,12,3,11,117,0,6
4,4,30.0,139,6,14,0,5,12,0,19
4,2,14.0,231,3,8,0,14,107,1,5
4,2,14.0,231,3,4,0,10,47,2,5
4,2,14.0,231,3,2,1,15,112,0,5
4,2,15.0,130,0,2,0,10,47,2,1
4,2,15.0,130,0,14,0,1,1,1,1
4,2,21.0,108,3,13,0,8,118,2,21
4,2,21.0,108,3,17,1,13,21,0,21
4,2,22.0,209,0,17,0,0,77,2,26
4,2,21.0,108,3,9,2,14,88,4,21
4,2,22.0,209,0,2,2,3,103,2,26
4,2,22.0,209,0,2,0,10,23,3,26
4,2,24.0,22,2,22,0,0,26,1,14
4,2,24.0,22,2,8,0,11,133,0,14
4,2,24.0,22,2,1,0,16,50,1,14
4,2,24.0,22,2,1,0,7,20,4,14
4,2,22.0,209,0,2,1,3,79,0,26
4,6,28.0,309,0,9,1,12,56,4,18
4,6,28.0,309,0,9,2,10,22,3,18
4,10,13.0,346,1,19,1,4,45,0,25
4,10,12.0,333,0,18,0,15,46,3,28
4,10,30.0,157,5,9,0,13,48,3,19
4,10,30.0,157,5,13,0,0,26,3,19
4,6,28.0,309,0,18,1,9,102,1,18
4,2,25.0,233,4,5,0,9,57,2,13
4,2,25.0,233,4,13,0,13,69,0,13
4,2,25.0,233,4,12,1,14,125,4,13
4,2,22.0,209,0,2,1,11,15,2,26
4,0,6.0,260,0,5,0,10,47,3,23
4,0,8.0,9,2,6,2,11,117,1,8
4,0,6.0,260,0,18,0,8,19,2,23
4,0,8.0,9,2,17,1,11,98,0,8
4,0,8.0,9,2,17,0,16,74,1,8
4,0,6.0,260,0,13,1,0,12,1,23
4,0,13.0,198,0,9,0,2,2,4,25
4,0,13.0,198,0,9,0,8,118,1,25
4,0,15.0,190,2,16,0,0,26,3,1
4,0,15.0,190,2,13,0,14,24,2,1
4,0,15.0,190,2,17,1,9,102,1,1
4,0,15.0,190,2,2,1,9,93,4,1
4,0,22.0,241,2,6,0,8,19,0,26
4,0,22.0,241,2,8,2,2,86,3,26
4,0,22.0,241,2,9,1,13,69,2,26
4,0,22.0,241,2,9,0,15,108,4,26
4,0,22.0,241,2,9,1,8,118,1,26
4,8,23.0,102,4,3,0,2,2,2,17
4,8,23.0,102,4,11,1,1,11,4,17
4,8,23.0,102,4,8,2,5,12,0,17
4,8,23.0,102,4,15,1,1,16,4,17
4,8,23.0,102,4,14,0,10,22,1,17
4,8,23.0,102,4,14,0,11,15,1,17
4,8,23.0,102,4,4,0,16,130,1,17
4,8,23.0,102,4,1,0,4,138,3,17
4,8,29.0,301,2,6,2,5,6,0,16
4,8,9.0,124,4,11,0,13,48,2,12
4,10,31.0,135,6,0,1,13,29,0,20
5,2,1.0,16,3,17,0,2,40,4,7
4,10,31.0,135,6,5,3,12,84,4,20
4,0,10.0,129,5,12,0,8,33,4,4
4,10,31.0,135,6,18,2,8,27,2,20
4,11,15.0,331,5,22,0,7,57,2,1
4,3,9.0,44,5,15,0,3,76,1,12
4,10,31.0,135,6,8,0,10,47,1,20
4,4,11.0,121,0,2,1,14,126,4,9
5,2,1.0,16,3,17,2,2,123,2,7
4,4,12.0,134,1,8,1,1,59,1,28
4,1,5.0,219,4,7,0,10,52,0,24
4,6,9.0,236,2,14,1,5,6,0,12
4,0,10.0,129,5,19,0,11,94,3,4
4,9,10.0,156,2,12,0,16,50,3,4
4,3,1.0,180,4,17,0,1,16,4,7
4,1,5.0,219,4,4,0,7,120,3,24
4,6,8.0,59,1,18,0,8,27,1,8
4,0,10.0,129,5,9,0,5,6,3,4
4,1,20.0,151,5,4,0,4,5,1,29
4,10,8.0,213,4,15,0,10,52,1,8
4,1,20.0,151,5,8,1,7,8,4,29
4,0,29.0,191,2,12,1,13,48,4,16
4,0,20.0,172,0,11,1,9,101,1,29
4,8,3.0,363,5,1,0,8,118,1,27
4,8,12.0,284,3,14,3,12,17,3,28
5,5,16.0,239,6,12,0,14,125,2,2
4,11,9.0,311,6,19,0,6,7,4,12
4,11,24.0,194,3,8,0,13,99,2,14
5,1,9.0,50,3,17,0,15,31,3,12
4,9,23.0,167,1,15,3,8,19,3,17
5,1,31.0,305,0,17,0,10,43,1,20
4,7,1.0,98,0,20,0,13,29,1,7
4,3,17.0,54,6,12,1,3,76,2,6
5,2,10.0,28,1,16,0,11,15,0,4
4,3,27.0,361,1,17,1,10,23,1,15
4,4,6.0,176,2,7,1,11,98,0,23
4,4,6.0,176,2,11,0,9,10,4,23
4,4,8.0,292,5,8,3,11,133,0,8
4,2,21.0,108,3,12,0,6,14,0,21
4,2,15.0,130,0,11,1,15,31,1,1
4,2,21.0,108,3,9,0,2,86,4,21
4,2,21.0,108,3,4,0,4,4,1,21
4,6,14.0,173,0,20,0,4,82,0,5
4,6,28.0,309,0,19,0,0,15,0,18
4,2,22.0,209,0,23,0,7,20,2,26
4,2,22.0,209,0,13,2,0,12,1,26
4,2,22.0,209,0,8,2,9,102,3,26
4,2,22.0,209,0,1,0,13,28,3,26
4,2,21.0,108,3,8,0,11,117,3,21
4,2,24.0,22,2,6,1,14,25,4,14
4,2,24.0,22,2,15,0,6,89,1,14
4,2,24.0,22,2,5,0,1,11,4,14
4,2,24.0,22,2,12,0,5,6,0,14
4,2,24.0,22,2,5,1,2,2,4,14
4,5,1.0,109,6,19,0,2,2,0,7
4,5,1.0,109,6,20,1,2,86,1,7
4,11,24.0,194,3,8,0,9,87,2,14
4,9,1.0,126,0,12,1,9,27,0,7
5,2,8.0,258,3,13,0,5,6,1,8
4,11,1.0,222,5,5,3,4,75,0,7
4,3,1.0,180,4,17,1,10,12,0,7
4,3,10.0,4,6,1,1,8,9,0,4
4,8,3.0,363,5,13,1,7,62,1,27
4,4,12.0,134,1,22,1,0,12,2,28
4,6,9.0,236,2,13,3,10,47,3,12
4,0,3.0,334,5,19,0,12,80,1,27
4,0,1.0,8,2,23,1,4,121,0,7
4,1,20.0,151,5,19,1,13,38,0,29
4,0,28.0,249,1,8,1,1,67,0,18
4,1,20.0,151,5,11,1,2,2,1,29
4,3,1.0,180,4,12,0,2,13,1,7
4,3,10.0,4,6,2,1,10,22,1,4
4,3,9.0,44,5,18,0,8,41,3,12
4,3,9.0,44,5,12,1,10,22,1,12
4,10,27.0,302,1,2,1,9,27,0,15
4,10,27.0,302,1,17,1,14,32,4,15
4,1,20.0,151,5,21,1,0,15,1,29
4,2,25.0,233,4,6,0,6,7,0,13
4,2,24.0,22,2,18,1,14,32,4,14
4,2,25.0,233,4,19,0,13,13,1,13
4,2,25.0,233,4,14,0,14,32,4,13
4,2,25.0,233,4,20,2,13,61,3,13
4,2,25.0,233,4,12,2,1,11,3,13
4,0,6.0,260,0,9,2,7,137,3,23
4,0,8.0,9,2,0,0,15,31,2,8
4,0,8.0,9,2,20,0,2,69,0,8
4,0,8.0,9,2,16,1,1,1,3,8
4,0,8.0,9,2,3,0,4,75,2,8
4,0,8.0,9,2,2,0,4,66,0,8
4,10,13.0,346,1,18,0,8,9,1,25
4,10,20.0,223,1,14,0,7,78,1,29
4,0,8.0,9,2,19,1,6,7,2,8
4,0,8.0,9,2,4,2,14,25,2,8
4,2,14.0,231,3,0,1,11,124,2,5
4,9,26.0,267,5,18,1,10,22,1,3
4,7,1.0,98,0,23,0,2,40,2,7
4,2,14.0,231,3,4,3,5,12,0,5
4,1,2.0,171,0,2,2,10,22,1,22
4,1,5.0,219,4,20,1,6,91,1,24
4,2,14.0,231,3,13,0,8,41,4,5
4,2,15.0,130,0,19,3,9,57,0,1
4,4,21.0,339,4,4,0,13,38,2,21
4,2,21.0,108,3,13,0,10,23,2,21
4,2,21.0,108,3,13,0,0,31,0,21
4,2,21.0,108,3,3,2,8,118,3,21
4,2,21.0,108,3,8,2,16,139,3,21
4,2,22.0,209,0,17,0,2,2,3,26
4,2,21.0,108,3,18,1,14,125,4,21
4,2,22.0,209,0,3,0,14,25,2,26
4,2,24.0,22,2,11,1,14,25,4,14
4,4,13.0,221,2,22,0,6,73,3,25
4,4,13.0,221,2,12,0,10,47,1,25
4,4,14.0,345,4,15,0,10,47,1,5
4,5,22.0,163,6,14,1,5,64,0,26
4,4,21.0,339,4,13,0,2,40,4,21
4,4,21.0,339,4,17,1,7,62,0,21
4,4,22.0,152,5,17,1,16,50,1,26
4,4,22.0,152,5,5,0,14,24,4,26
4,4,22.0,152,5,4,0,12,100,1,26
5,10,14.0,174,1,1,3,11,18,3,5
4,9,17.0,255,2,12,0,11,94,2,6
4,9,26.0,267,5,18,1,11,18,1,3
4,7,17.0,95,2,19,1,2,2,4,6
5,8,1.0,66,1,15,0,0,12,3,7
5,8,8.0,76,1,6,3,10,52,3,8
5,4,26.0,80,0,9,0,8,9,4,3
5,8,1.0,66,1,17,0,12,83,4,7
4,5,17.0,212,0,3,0,8,41,2,6
5,2,1.0,16,3,19,0,9,49,1,7
4,6,25.0,39,5,11,0,10,12,3,13
4,6,26.0,348,6,12,1,10,47,1,3
4,8,28.0,224,1,12,1,13,21,4,18
4,6,10.0,149,4,16,1,10,47,1,4
4,8,28.0,224,1,14,0,7,111,3,18
4,2,10.0,28,2,14,1,7,111,1,4
4,8,1.0,66,2,19,0,2,3,4,7
4,8,28.0,224,1,18,1,5,12,0,18
4,5,17.0,212,0,7,1,0,68,0,6
4,4,3.0,279,3,4,1,4,75,1,27
4,4,2.0,141,6,13,0,11,133,0,22
4,0,19.0,13,3,13,0,7,137,4,10
5,10,24.0,261,5,4,3,2,71,2,14
4,4,31.0,67,3,5,0,10,23,1,20
4,6,15.0,49,1,16,2,13,36,0,1
4,6,15.0,49,1,2,0,2,86,1,1
4,6,15.0,49,1,13,0,3,115,1,1
4,6,20.0,215,3,11,0,10,30,3,29
4,6,20.0,215,3,3,0,11,15,2,29
4,4,23.0,30,6,12,0,9,87,1,17
4,6,29.0,335,1,2,0,1,84,3,16
4,6,29.0,335,1,14,0,16,72,0,16
4,6,29.0,335,1,18,0,15,46,1,16
4,6,29.0,335,1,18,0,9,95,4,16
4,6,29.0,335,1,7,1,0,64,1,16
4,10,6.0,242,1,17,0,14,24,1,23
4,10,6.0,242,1,17,1,0,64,0,23
4,10,14.0,174,2,16,0,15,31,3,5
4,10,14.0,174,2,7,0,0,26,1,5
4,10,14.0,174,2,15,0,13,13,4,5
4,10,14.0,174,2,5,0,14,88,4,5
4,10,14.0,174,2,14,1,15,108,2,5
4,4,22.0,152,5,9,0,0,26,1,26
4,4,30.0,139,6,17,1,15,114,4,19
4,4,30.0,139,6,6,2,11,133,0,19
4,2,14.0,231,3,20,0,12,61,2,5
4,2,15.0,130,0,17,0,4,75,1,1
4,2,15.0,130,0,6,0,5,6,3,1
4,2,15.0,130,0,23,0,5,64,0,1
4,2,15.0,130,0,4,0,10,47,3,1
4,2,21.0,108,3,16,0,10,47,2,21
4,2,21.0,108,3,0,1,16,72,0,21
4,2,21.0,108,3,11,0,13,99,1,21
4,2,21.0,108,3,11,0,7,20,2,21
4,1,14.0,183,6,5,0,15,31,0,5
4,1,25.0,65,2,17,0,2,123,0,13
4,1,14.0,183,6,12,1,5,64,1,5
5,1,1.0,203,6,17,3,12,56,1,7
4,0,4.0,229,6,9,0,5,6,3,30
4,1,21.0,45,6,5,0,0,26,2,21
4,1,21.0,45,6,1,0,0,31,0,21
4,1,23.0,69,0,16,1,16,72,0,17
4,1,23.0,69,0,15,0,4,75,1,17
4,1,23.0,69,0,17,1,9,57,0,17
4,1,23.0,69,0,8,2,0,26,1,17
4,1,23.0,69,0,8,1,7,62,2,17
4,1,23.0,69,0,9,0,5,6,3,17
4,1,23.0,69,0,14,0,5,12,1,17
4,1,23.0,69,0,19,0,8,27,4,17
4,1,24.0,64,1,0,1,14,107,2,14
4,1,24.0,64,1,18,0,7,137,3,14
4,1,24.0,64,1,1,1,9,83,4,14
5,2,1.0,16,3,17,0,6,116,4,7
5,0,2.0,47,2,17,3,0,12,0,22
4,11,31.0,227,3,11,0,1,1,2,20
4,6,10.0,149,4,13,1,11,122,1,4
4,6,11.0,355,5,7,3,4,127,3,9
4,7,2.0,160,1,13,0,0,0,0,22
4,10,11.0,298,3,20,1,14,32,1,9
4,3,16.0,263,5,19,3,11,18,3,2
4,3,25.0,347,3,11,0,10,47,1,13
4,10,28.0,216,2,2,1,7,137,4,18
5,2,1.0,16,3,13,0,8,27,2,7
4,8,28.0,224,1,17,0,10,22,1,18
4,4,20.0,115,2,14,1,0,31,0,29
4,6,2.0,352,2,23,1,3,79,1,22
4,6,2.0,352,2,1,1,10,43,1,22
4,6,2.0,352,2,3,3,9,27,1,22
4,10,28.0,216,2,13,0,2,2,1,18
4,8,26.0,278,3,5,3,6,116,1,3
4,8,1.0,66,2,11,0,4,4,1,7
4,10,2.0,358,5,17,0,5,6,1,22
4,2,9.0,21,1,13,0,15,51,1,12
4,0,9.0,48,4,18,2,5,12,3,12
4,2,30.0,131,1,16,3,14,25,4,19
4,1,31.0,305,1,16,0,1,67,0,20
4,1,31.0,305,1,15,0,4,121,1,20
4,1,31.0,305,1,15,0,2,2,1,20
4,1,31.0,305,1,22,0,6,132,3,20
4,1,31.0,305,1,12,0,10,22,3,20
4,0,7.0,15,1,9,0,16,74,1,11
3,5,25.0,350,3,22,0,13,29,4,13
4,6,29.0,335,1,19,0,15,112,1,16
4,10,6.0,242,1,5,0,16,37,1,23
4,10,6.0,242,1,15,0,13,36,1,23
4,10,6.0,242,1,19,0,0,77,0,23
4,10,14.0,174,2,7,0,6,89,3,5
4,10,14.0,174,2,13,0,0,26,1,5
4,10,14.0,174,2,0,3,15,46,1,5
4,10,14.0,174,2,18,0,0,31,1,5
4,10,14.0,174,2,12,0,16,65,3,5
4,10,31.0,135,6,1,0,5,6,3,20
4,1,5.0,219,4,12,0,8,118,4,24
4,1,5.0,219,4,4,0,10,12,3,24
4,2,25.0,233,4,9,0,0,26,1,13
4,2,25.0,233,4,12,1,12,135,4,13
4,0,6.0,260,0,17,0,4,5,4,23
4,0,6.0,260,0,12,0,5,12,1,23
4,0,8.0,9,2,16,1,3,30,0,8
4,0,13.0,198,0,5,0,1,11,1,25
4,0,13.0,198,0,14,0,11,94,3,25
4,0,15.0,190,2,17,0,0,53,3,1
4,0,15.0,190,2,17,0,0,12,3,1
4,0,15.0,190,2,0,0,2,86,1,1
4,0,15.0,190,2,3,0,14,25,0,1
4,0,15.0,190,2,3,0,13,38,1,1
4,0,15.0,190,2,15,0,13,99,4,1
4,0,22.0,241,2,6,0,5,12,0,26
4,0,22.0,241,2,16,0,8,9,0,26
4,3,4.0,285,3,18,2,13,99,4,30
4,0,12.0,113,3,8,1,9,93,4,28
4,3,29.0,325,4,19,1,9,109,4,16
4,0,4.0,229,6,2,0,12,61,1,30
4,5,14.0,36,5,2,0,13,29,0,5
4,0,4.0,229,6,20,1,14,25,4,30
4,5,21.0,351,5,5,1,5,0,2,21
4,0,4.0,229,6,3,1,12,135,4,30
4,10,5.0,336,0,3,1,1,59,1,24
4,0,10.0,129,5,10,1,7,111,0,4
4,1,22.0,164,3,20,3,13,28,0,26
4,0,10.0,129,5,3,1,8,19,4,4
5,1,1.0,203,6,17,3,7,122,4,7
4,10,5.0,336,0,17,0,15,31,2,24
4,1,4.0,286,2,9,1,11,133,4,30
4,1,4.0,286,2,1,1,8,118,1,30
4,1,4.0,286,2,17,0,3,30,2,30
4,2,23.0,230,1,19,0,10,22,0,17
4,2,23.0,230,1,8,1,11,58,4,17
4,0,16.0,11,4,0,0,1,1,4,2
4,0,16.0,11,4,10,2,6,14,3,2
4,0,16.0,11,4,16,1,4,66,0,2
4,0,16.0,11,4,9,2,9,54,0,2
4,0,17.0,12,5,21,0,0,68,1,6
4,0,23.0,237,4,14,1,9,49,1,17
4,0,24.0,55,5,23,0,16,72,1,14
4,0,24.0,55,5,8,0,13,28,0,14
4,0,24.0,55,5,2,0,9,57,0,14
4,0,24.0,55,5,16,0,0,12,1,14
4,4,21.0,339,4,14,0,16,139,3,21
4,4,21.0,339,4,18,0,13,21,2,21
4,4,22.0,152,5,16,2,10,47,3,26
4,4,22.0,152,5,3,0,10,22,3,26
4,4,22.0,152,5,8,1,12,80,1,26
4,4,22.0,152,5,19,1,14,25,4,26
4,4,22.0,152,5,4,0,16,50,1,26
4,4,22.0,152,5,14,0,3,115,3,26
4,4,14.0,345,4,17,2,9,10,3,5
4,4,14.0,345,4,0,2,10,22,0,5
4,4,13.0,221,2,18,1,14,126,4,25
4,4,14.0,345,4,18,0,15,108,4,5
4,4,14.0,345,4,7,1,11,124,1,5
4,4,21.0,339,4,23,3,5,12,0,21
4,4,21.0,339,4,7,1,0,77,0,21
4,4,21.0,339,4,13,3,11,117,3,21
4,4,21.0,339,4,14,0,12,80,1,21
4,4,22.0,152,5,5,0,15,46,3,26
4,4,22.0,152,5,12,2,1,105,3,26
4,4,30.0,139,6,6,0,13,48,3,19
4,4,30.0,139,6,6,0,10,47,2,19
4,4,30.0,139,6,11,0,15,51,1,19
4,4,30.0,139,6,3,0,7,137,3,19
4,4,30.0,139,6,4,0,4,127,1,19
4,4,30.0,139,6,14,0,9,87,0,19
4,4,30.0,139,6,9,0,12,80,1,19
4,2,21.0,108,3,15,0,10,23,1,21
4,8,22.0,354,2,21,0,10,47,3,26
4,8,22.0,354,2,7,1,0,77,0,26
4,8,23.0,102,4,17,0,0,0,1,17
4,8,23.0,102,4,23,1,1,105,0,17
4,8,29.0,301,2,6,2,11,133,0,16
4,4,6.0,176,2,6,0,5,6,0,23
4,4,6.0,176,2,0,0,8,41,4,23
4,4,6.0,176,2,14,2,11,8,3,23
4,8,29.0,301,2,22,0,11,133,2,16
4,4,8.0,292,5,14,0,2,69,3,8
4,4,13.0,221,2,17,0,0,12,0,25
4,5,31.0,196,0,1,0,1,67,2,20
4,6,5.0,342,6,1,3,9,10,4,24
4,4,14.0,345,4,6,0,0,12,0,5
4,4,14.0,345,4,7,1,9,83,4,5
4,4,22.0,152,5,6,2,10,23,3,26
4,4,22.0,152,5,23,0,14,34,1,26
4,0,10.0,129,5,22,0,2,13,2,4
4,0,10.0,129,5,4,0,0,68,0,4
4,0,10.0,129,5,18,0,15,31,4,4
4,0,10.0,129,5,6,1,0,12,0,4
4,0,12.0,113,3,8,0,4,121,1,28
4,0,12.0,113,3,9,0,0,68,4,28
5,10,17.0,256,5,19,1,11,18,0,6
5,1,17.0,63,0,11,1,12,100,4,6
4,7,10.0,329,2,13,1,7,20,1,4
4,8,20.0,319,0,22,0,11,94,1,29
4,8,18.0,75,6,15,3,6,7,0,0
4,4,26.0,80,1,11,1,15,46,1,3
4,0,20.0,172,0,8,0,9,57,2,29
4,0,20.0,172,0,2,2,13,29,1,29
4,0,21.0,287,1,5,0,1,67,3,21
4,0,21.0,287,1,5,0,0,64,2,21
4,0,21.0,287,1,19,0,16,37,1,21
4,0,20.0,172,0,14,0,0,64,4,29
4,0,21.0,287,1,14,0,11,117,3,21
4,0,21.0,287,1,14,1,7,129,4,21
4,0,28.0,249,1,21,0,8,9,0,18
4,0,28.0,249,1,22,0,10,52,1,18
4,0,28.0,249,1,2,0,2,69,0,18
4,0,29.0,191,2,17,0,16,113,1,16
4,0,29.0,191,2,17,0,5,6,1,16
4,0,29.0,191,2,4,1,15,39,4,16
4,2,30.0,131,1,20,0,2,2,1,19
4,4,7.0,133,4,2,1,0,15,0,11
4,5,11.0,326,1,9,2,9,54,3,9
4,5,13.0,184,4,0,1,10,22,0,25
4,5,13.0,184,4,21,1,12,61,0,25
4,5,13.0,184,4,4,1,16,50,1,25
4,5,13.0,184,4,18,1,11,98,4,25
4,5,13.0,184,4,9,0,0,64,3,25
4,5,20.0,214,4,1,0,15,119,4,29
4,5,23.0,168,3,10,0,13,99,2,17
4,5,23.0,168,3,21,1,11,133,0,17
4,5,23.0,168,3,18,0,10,22,2,17
4,5,28.0,259,5,0,1,0,31,0,18
4,5,28.0,259,5,3,1,16,72,0,18
4,5,28.0,259,5,7,1,5,6,2,18
4,6,7.0,169,0,6,0,1,1,4,11
4,6,7.0,169,0,19,0,12,80,1,11
4,6,12.0,162,6,3,2,4,4,1,28
4,6,12.0,162,6,18,0,1,11,3,28
4,4,29.0,313,5,23,1,5,12,0,16
4,4,16.0,25,6,19,1,9,109,4,2
4,6,13.0,317,3,10,2,13,29,0,25
4,6,12.0,162,6,9,1,0,64,0,28
4,2,15.0,130,0,6,0,10,22,1,1
4,2,15.0,130,0,13,0,11,15,3,1
4,2,14.0,231,3,19,2,2,69,3,5
4,2,15.0,130,0,13,0,1,11,1,1
4,2,24.0,22,2,22,0,6,14,4,14
4,2,24.0,22,2,4,0,2,40,3,14
4,2,25.0,233,4,0,1,2,71,2,13
4,10,4.0,356,3,13,0,16,113,4,30
4,10,13.0,346,1,9,2,9,57,3,25
4,10,30.0,157,5,22,3,12,83,3,19
4,8,29.0,301,2,19,1,5,64,4,16
4,4,21.0,339,4,8,3,2,40,4,21
4,2,15.0,130,0,17,1,8,118,1,1
4,0,15.0,190,2,14,0,2,92,1,1
4,4,8.0,292,5,22,1,11,15,0,8
4,0,22.0,241,2,16,1,6,7,0,26
5,9,17.0,255,1,0,1,8,19,0,6
5,8,21.0,46,0,17,0,14,25,0,21
5,9,17.0,255,1,10,0,10,47,3,6
5,8,20.0,319,3,22,0,15,119,2,29
5,9,17.0,255,1,11,0,8,118,1,6
5,8,21.0,46,0,1,1,12,135,4,21
5,8,22.0,354,1,21,1,1,11,0,26
5,8,22.0,354,1,5,3,15,39,3,26
5,9,17.0,255,1,15,0,1,105,3,6
5,8,21.0,46,0,4,0,7,78,1,21
5,9,17.0,255,1,22,1,15,114,1,6
5,8,22.0,354,1,12,2,9,63,3,26
5,9,17.0,255,1,6,0,5,6,0,6
5,8,20.0,319,3,19,0,12,121,3,29
5,9,19.0,234,4,12,0,3,115,1,10
5,9,14.0,106,6,12,3,8,27,1,5
5,8,27.0,78,3,17,1,12,80,3,15
5,1,4.0,286,1,13,1,14,24,4,30
3,0,21.0,287,3,13,0,7,111,1,21
5,9,23.0,167,0,18,0,2,2,4,17
5,8,27.0,78,3,15,1,1,81,4,15
5,1,11.0,111,1,4,0,4,103,3,9
5,9,16.0,107,0,2,1,0,77,1,2
5,8,27.0,78,3,4,0,3,115,3,15
5,1,18.0,82,1,16,1,10,22,1,0
5,9,16.0,107,0,7,1,10,22,0,2
5,4,3.0,279,6,17,2,10,22,3,27
5,1,18.0,82,1,16,0,0,12,3,0
5,1,13.0,207,4,13,2,1,11,3,25
5,1,18.0,82,1,21,0,0,53,3,0
5,1,18.0,82,1,3,0,5,6,0,0
5,1,18.0,82,1,19,0,10,23,0,0
5,1,20.0,151,4,6,1,6,7,0,29
5,1,20.0,151,4,17,1,7,111,0,29
5,8,10.0,71,4,2,1,5,12,0,4
5,8,10.0,71,4,18,1,8,65,0,4
5,8,10.0,71,4,15,0,5,6,3,4
5,8,19.0,280,6,9,0,1,11,4,10
5,8,20.0,319,3,23,0,2,35,4,29
5,8,20.0,319,3,19,0,2,2,0,29
5,8,20.0,319,3,14,0,8,41,3,29
5,8,20.0,319,3,19,1,6,91,1,29
5,8,21.0,46,0,21,0,2,92,1,21
5,9,20.0,119,5,17,1,14,25,0,29
5,9,20.0,119,5,3,0,8,9,1,29
5,9,20.0,119,5,22,0,0,53,2,29
5,9,19.0,234,4,14,1,1,105,0,10
5,9,20.0,119,5,2,0,10,47,0,29
5,9,20.0,119,5,2,0,5,6,0,29
5,9,20.0,119,5,0,1,14,25,4,29
5,9,20.0,119,5,2,0,8,9,3,29
5,9,17.0,255,1,8,1,12,56,0,6
5,7,2.0,160,0,19,0,13,21,1,22
5,7,10.0,329,1,2,0,11,15,1,4
5,7,10.0,329,1,8,1,1,105,1,4
5,4,4.0,178,3,9,0,16,108,1,30
5,7,10.0,329,1,7,3,10,23,4,4
5,7,12.0,181,4,23,0,10,47,3,28
5,5,10.0,155,3,12,3,11,15,3,4
5,7,12.0,181,4,8,0,8,9,2,28
5,7,12.0,181,4,18,0,2,86,0,28
5,7,17.0,95,1,13,0,7,129,1,6
5,7,17.0,95,1,14,0,13,48,1,6
5,7,20.0,266,5,6,2,14,25,3,29
5,7,20.0,266,5,10,0,9,95,1,29
5,8,20.0,319,3,13,0,8,41,1,29
5,4,3.0,279,6,11,1,12,104,4,27
5,3,29.0,325,2,7,0,6,7,0,16
5,8,21.0,46,0,1,0,12,80,1,21
5,8,22.0,354,1,16,1,1,35,0,26
5,11,17.0,110,6,21,1,2,86,2,6
5,8,22.0,354,1,7,3,13,28,1,26
5,8,22.0,354,1,11,0,2,2,4,26
5,8,21.0,46,0,1,1,7,122,1,21
5,4,3.0,279,6,6,0,11,133,2,27
5,8,19.0,280,6,4,0,5,47,2,10
5,4,3.0,279,6,13,0,6,128,3,27
5,4,3.0,279,6,14,0,3,30,3,27
5,4,3.0,279,6,17,2,8,27,3,27
5,4,4.0,178,3,6,0,15,96,1,30
5,1,13.0,207,4,20,0,10,22,0,25
5,1,13.0,207,4,19,0,5,6,0,25
5,1,13.0,207,4,5,1,13,48,4,25
5,1,18.0,82,1,7,2,3,76,0,0
5,1,18.0,82,1,0,1,2,123,0,0
5,1,18.0,82,1,12,0,4,82,3,0
5,1,20.0,151,4,10,1,15,31,4,29
5,1,20.0,151,4,12,0,9,57,3,29
5,11,1.0,222,4,20,2,3,30,3,7
5,3,28.0,187,1,19,0,11,133,0,18
5,9,10.0,156,1,15,0,2,69,4,4
5,11,1.0,222,4,18,1,10,22,0,7
5,11,9.0,311,5,20,0,5,64,1,12
5,7,1.0,98,3,0,0,10,47,3,7
5,7,1.0,98,3,9,0,3,76,1,7
5,3,26.0,343,3,14,1,9,93,0,3
5,3,26.0,343,3,20,0,13,38,4,3
5,5,26.0,37,1,11,1,9,102,1,3
5,5,26.0,37,1,9,0,11,8,3,3
5,7,9.0,273,0,4,1,11,122,0,12
5,11,21.0,192,2,13,1,5,12,1,21
5,11,22.0,250,4,3,0,0,12,1,26
5,6,16.0,38,1,4,1,2,92,0,2
5,10,22.0,314,2,7,0,0,12,1,26
5,3,5.0,324,3,8,0,10,23,1,24
5,3,30.0,304,4,3,0,11,55,2,19
5,8,16.0,73,2,18,0,2,86,3,2
5,8,10.0,71,4,17,0,13,21,1,4
5,8,10.0,71,4,5,1,9,134,4,4
5,8,10.0,71,4,12,0,9,95,1,4
5,8,10.0,71,4,6,0,13,48,0,4
5,8,10.0,71,4,13,0,8,19,0,4
5,8,19.0,280,6,3,0,15,119,2,10
5,8,20.0,319,3,21,0,14,25,2,29
5,8,19.0,280,6,19,0,14,24,2,10
5,8,19.0,280,6,2,1,3,30,0,10
5,8,20.0,319,3,15,0,6,89,2,29
5,8,20.0,319,3,15,0,0,26,2,29
5,8,19.0,280,6,19,1,1,1,4,10
5,8,21.0,46,0,4,0,2,13,1,21
5,4,3.0,279,6,7,1,1,105,0,27
5,1,18.0,82,1,3,0,1,11,4,0
5,7,31.0,43,1,9,0,8,19,0,20
5,5,11.0,326,0,5,1,14,106,4,9
5,4,4.0,178,3,9,2,1,11,3,30
5,8,19.0,280,6,17,0,6,7,2,10
5,5,27.0,328,2,16,0,5,6,3,15
5,4,19.0,142,0,16,0,2,2,3,10
5,9,21.0,362,6,8,0,1,11,3,21
5,5,11.0,326,0,9,0,16,130,0,9
5,11,17.0,110,6,22,2,1,11,3,6
5,3,29.0,325,2,9,0,2,2,0,16
5,10,26.0,61,3,0,2,8,9,3,3
5,4,3.0,279,6,13,0,10,47,3,27
5,5,27.0,328,2,0,0,2,40,1,15
5,4,19.0,142,0,22,1,15,51,4,10
5,6,25.0,39,4,1,1,14,24,4,13
5,5,11.0,326,0,9,0,3,115,1,9
5,9,26.0,267,4,12,0,13,28,1,3
5,11,19.0,321,0,23,1,0,64,0,10
5,11,19.0,321,0,4,1,11,133,4,10
5,11,19.0,321,0,9,0,14,24,1,10
5,9,1.0,126,3,6,0,2,2,2,7
5,9,1.0,126,3,16,0,13,29,3,7
5,9,1.0,126,3,4,1,3,103,4,7
5,9,1.0,126,3,4,2,12,84,3,7
5,9,20.0,119,5,19,0,16,139,3,29
5,7,2.0,160,0,5,1,9,58,4,22
5,7,2.0,160,0,5,0,6,89,1,22
5,7,2.0,160,0,4,0,9,87,2,22
5,7,10.0,329,1,17,0,5,12,3,4
5,3,9.0,44,4,8,1,6,116,1,12
5,3,2.0,120,4,15,1,5,12,1,22
0,5,12.0,327,5,13,0,9,57,2,28
5,7,10.0,329,1,3,0,8,19,4,4
5,7,10.0,329,1,13,1,7,129,4,4
5,7,10.0,329,1,22,3,0,31,0,4
5,7,12.0,181,4,6,0,5,6,3,28
5,7,12.0,181,4,7,1,11,98,0,28
5,7,12.0,181,4,18,0,13,38,2,28
5,7,12.0,181,4,14,1,1,59,4,28
5,7,17.0,95,1,17,1,9,27,0,6
5,9,19.0,234,4,0,0,8,9,1,10
5,7,17.0,95,1,18,0,5,12,0,6
5,7,17.0,95,1,1,1,15,114,4,6
5,7,25.0,41,2,22,0,5,6,0,13
5,7,25.0,41,2,19,2,16,50,0,13
5,9,10.0,156,1,20,0,13,29,2,4
5,9,10.0,156,1,19,1,8,9,4,4
5,9,10.0,156,1,9,2,0,68,3,4
5,7,19.0,330,4,0,1,16,130,4,10
5,7,19.0,330,4,18,1,2,40,1,10
5,3,4.0,285,6,6,1,1,1,1,30
5,3,4.0,285,6,4,0,10,22,0,30
5,3,10.0,4,5,12,0,10,23,1,4
3,0,17.0,12,2,14,0,2,86,4,6
5,9,1.0,126,3,16,1,9,101,4,7
5,3,27.0,361,0,16,0,6,7,4,15
3,9,1.0,126,6,22,0,13,29,1,7
5,3,27.0,361,0,12,2,8,9,3,15
5,3,27.0,361,0,18,2,2,2,1,15
5,3,28.0,187,1,12,0,14,25,2,18
5,3,29.0,325,2,10,0,3,79,0,16
5,3,29.0,325,2,16,1,5,6,0,16
5,3,29.0,325,2,3,0,8,27,0,16
5,3,29.0,325,2,17,1,16,113,0,16
5,3,28.0,187,1,14,1,6,7,0,18
5,5,11.0,326,0,5,0,0,26,2,9
5,5,11.0,326,0,12,0,4,75,0,9
3,2,1.0,16,6,17,0,6,116,1,7
5,7,25.0,41,2,4,2,14,25,3,13
5,11,26.0,364,0,19,2,11,94,3,3
5,11,3.0,288,6,7,2,9,27,0,27
5,11,3.0,288,6,18,0,6,7,0,27
5,11,10.0,360,6,13,2,8,9,3,4
5,11,26.0,364,0,21,0,10,47,2,3
5,5,27.0,328,2,6,1,5,64,0,15
5,5,27.0,328,2,12,0,16,42,1,15
5,6,11.0,355,4,21,1,5,64,0,9
5,6,11.0,355,4,3,0,2,86,0,9
5,6,11.0,355,4,9,2,10,22,3,9
5,6,18.0,308,4,3,1,2,40,4,0
0,11,1.0,222,3,1,0,16,37,3,7
5,6,18.0,308,4,1,2,6,89,1,0
5,6,19.0,291,5,0,1,15,46,1,10
5,6,19.0,291,5,23,0,1,67,4,10
5,6,19.0,291,5,5,0,15,114,4,10
5,6,19.0,291,5,20,0,15,51,3,10
5,6,26.0,348,5,7,1,0,64,0,3
5,6,29.0,335,0,5,0,9,93,0,16
5,6,26.0,348,5,15,0,5,0,2,3
5,10,4.0,356,6,18,0,10,22,3,30
5,10,10.0,245,5,22,2,2,2,3,4
5,9,10.0,156,1,9,0,1,59,2,4
3,0,17.0,12,2,3,0,14,24,2,6
5,3,27.0,361,0,18,0,14,34,2,15
5,3,27.0,361,0,22,1,14,32,4,15
5,3,28.0,187,1,19,2,15,39,0,18
5,3,27.0,361,0,13,0,13,38,2,15
5,11,26.0,364,0,13,0,11,94,3,3
5,11,27.0,322,1,22,1,0,64,1,15
5,11,27.0,322,1,15,0,8,27,3,15
5,11,27.0,322,1,2,0,10,23,2,15
5,11,3.0,288,6,17,0,9,57,0,27
5,11,3.0,288,6,15,0,2,2,1,27
5,11,3.0,288,6,4,0,10,22,2,27
5,11,10.0,360,6,12,0,2,40,2,4
5,11,10.0,360,6,8,1,12,61,4,4
5,3,27.0,361,0,4,1,16,113,1,15
5,5,27.0,328,2,12,0,0,26,3,15
5,3,29.0,325,2,8,0,5,12,0,16
5,4,27.0,274,1,12,0,6,128,1,15
5,5,11.0,326,0,6,0,5,47,3,9
5,4,3.0,279,6,14,0,0,31,2,27
5,9,26.0,267,4,2,1,6,128,4,3
5,5,27.0,328,2,4,0,2,2,0,15
5,10,10.0,245,5,13,0,9,10,1,4
5,5,11.0,326,0,4,2,4,82,1,9
5,5,11.0,326,0,0,0,0,12,0,9
5,5,27.0,328,2,14,0,10,22,3,15
5,4,3.0,279,6,13,3,9,10,1,27
5,7,27.0,53,5,14,0,6,116,2,15
5,9,26.0,267,4,20,1,13,28,1,3
5,2,13.0,276,5,21,0,16,130,1,25
5,5,11.0,326,0,11,1,11,124,1,9
5,5,11.0,326,0,16,1,10,47,0,9
5,10,26.0,61,3,1,0,8,9,3,3
5,6,11.0,355,4,6,0,1,59,4,9
5,4,19.0,142,0,16,0,10,52,3,10
5,3,1.0,180,2,23,0,10,23,0,7
5,9,26.0,267,4,18,0,10,22,3,3
5,2,13.0,276,5,3,0,12,61,1,25
5,5,27.0,328,2,13,0,8,9,1,15
5,5,11.0,326,0,2,0,7,111,3,9
5,10,29.0,318,2,6,0,5,12,3,16
5,5,11.0,326,0,8,0,6,89,2,9
5,6,18.0,308,4,8,0,7,62,3,0
5,9,20.0,119,5,13,0,1,16,4,29
5,7,19.0,330,4,6,0,9,49,1,10
5,10,29.0,318,2,6,0,0,12,0,16
5,5,11.0,326,0,3,0,10,47,0,9
5,6,19.0,291,5,20,1,16,65,4,10
5,7,19.0,330,4,6,2,16,72,0,10
5,5,11.0,326,0,4,2,8,27,3,9
5,10,29.0,318,2,11,0,12,121,1,16
5,6,26.0,348,5,8,2,15,31,3,3
5,1,4.0,286,1,2,0,0,68,4,30
5,3,1.0,180,2,22,0,5,6,0,7
5,7,19.0,330,4,13,0,12,61,2,10
5,6,11.0,355,4,21,1,14,25,0,9
5,10,29.0,318,2,4,0,7,111,1,16
5,6,26.0,348,5,4,0,0,77,1,3
5,1,4.0,286,1,18,0,7,62,4,30
5,3,1.0,180,2,3,0,14,25,1,7
5,7,19.0,330,4,19,0,6,128,1,10
3,6,1.0,158,3,14,0,8,118,1,7
5,1,3.0,188,0,11,0,10,47,3,27
5,6,29.0,335,0,16,1,13,69,2,16
5,1,4.0,286,1,12,0,10,30,3,30
5,1,11.0,111,1,0,0,14,107,4,9
5,1,11.0,111,1,13,0,5,64,3,9
5,3,27.0,361,0,15,0,0,31,2,15
5,1,11.0,111,1,8,0,13,48,1,9
5,1,11.0,111,1,19,0,2,2,3,9
5,1,11.0,111,1,18,0,8,9,1,9
5,1,13.0,207,4,9,1,13,28,2,25
5,1,18.0,82,1,3,0,0,64,1,0
5,1,18.0,82,1,3,0,16,113,3,0
5,1,18.0,82,1,21,1,8,19,4,0
5,1,18.0,82,1,12,0,13,38,3,0
5,1,18.0,82,1,11,0,5,64,0,0
5,1,20.0,151,4,10,0,1,59,4,29
5,1,20.0,151,4,23,0,2,92,0,29
5,1,20.0,151,4,20,0,5,6,2,29
5,1,20.0,151,4,22,1,1,105,1,29
5,6,18.0,308,4,3,0,5,6,2,0
5,8,10.0,71,4,13,2,5,6,0,4
5,8,10.0,71,4,9,0,3,30,3,4
5,4,3.0,279,6,16,2,10,22,3,27
5,4,3.0,279,6,3,1,4,75,4,27
5,4,3.0,279,6,8,0,14,25,3,27
5,4,3.0,279,6,1,0,4,66,0,27
5,4,3.0,279,6,2,0,10,47,0,27
5,4,4.0,178,3,6,0,4,82,1,30
5,4,4.0,178,3,17,2,9,87,3,30
5,4,4.0,178,3,11,0,11,117,1,30
5,4,4.0,178,3,4,2,1,35,3,30
5,4,4.0,178,3,8,0,10,52,3,30
5,4,19.0,142,0,18,2,0,64,3,10
5,4,27.0,274,1,15,2,14,107,0,15
5,4,27.0,274,1,14,0,10,12,0,15
5,4,27.0,274,1,12,2,0,77,0,15
5,10,3.0,310,5,4,3,15,85,4,27
5,7,10.0,329,1,7,1,6,7,0,4
5,7,10.0,329,1,13,0,2,86,4,4
5,11,10.0,360,6,13,3,8,33,0,4
5,7,10.0,329,1,4,2,10,47,3,4
5,7,12.0,181,4,16,0,13,38,3,28
5,7,12.0,181,4,15,0,5,6,2,28
5,7,10.0,329,1,3,1,4,45,0,4
5,7,12.0,181,4,20,0,9,109,2,28
5,7,17.0,95,1,7,0,7,20,4,6
5,7,17.0,95,1,9,0,15,31,1,6
5,7,12.0,181,4,13,1,11,133,4,28
5,7,25.0,41,2,11,0,8,27,1,13
5,7,26.0,316,4,0,1,8,19,0,3
5,7,26.0,316,4,2,2,4,79,2,3
5,7,20.0,266,5,22,1,12,17,4,29
5,7,27.0,53,5,19,2,9,93,0,15
5,7,27.0,53,5,12,0,4,45,3,15
5,7,28.0,34,6,17,0,13,38,3,18
5,7,28.0,34,6,8,0,1,1,4,18
5,7,28.0,34,6,14,0,10,22,3,18
5,7,2.0,160,0,23,3,5,12,0,22
5,3,1.0,180,2,15,0,9,63,1,7
5,3,1.0,180,2,5,1,11,15,0,7
5,2,5.0,127,4,0,0,3,115,0,24
5,2,5.0,127,4,11,0,1,59,4,24
5,2,5.0,127,4,3,2,1,67,3,24
5,2,5.0,127,4,8,2,8,9,3,24
5,2,5.0,127,4,22,0,6,128,3,24
5,2,13.0,276,5,16,1,11,18,0,25
5,2,19.0,137,4,12,2,9,57,3,10
5,2,22.0,209,3,15,2,11,129,3,26
5,2,22.0,209,3,14,0,1,35,0,26
5,4,3.0,279,6,16,1,6,132,1,27
5,11,3.0,288,6,1,0,1,59,3,27
5,7,19.0,330,4,12,2,13,29,0,10
5,6,29.0,335,0,20,0,14,32,3,16
5,1,3.0,188,0,1,0,6,132,0,27
5,3,1.0,180,2,18,0,0,64,3,7
5,7,19.0,330,4,8,0,15,119,0,10
5,11,3.0,288,6,2,3,12,61,0,27
5,6,11.0,355,4,17,1,10,43,1,9
5,1,3.0,188,0,1,0,6,7,4,27
5,7,19.0,330,4,4,0,13,29,1,10
5,11,10.0,360,6,2,0,2,69,0,4
5,6,29.0,335,0,12,0,15,108,0,16
5,1,4.0,286,1,21,0,9,109,3,30
5,3,9.0,44,4,13,0,8,41,2,12
5,7,19.0,330,4,4,0,0,31,2,10
5,3,10.0,4,5,0,0,15,31,1,4
5,9,20.0,119,5,22,1,12,61,1,29
5,9,20.0,119,5,3,2,10,52,2,29
5,9,19.0,234,4,4,1,14,25,0,10
5,9,20.0,119,5,19,0,5,6,2,29
5,3,1.0,180,2,4,3,8,19,3,7
5,9,19.0,234,4,4,1,15,96,2,10
5,7,2.0,160,0,7,0,1,1,3,22
5,7,2.0,160,0,3,0,5,6,3,22
5,7,2.0,160,0,3,1,0,68,0,22
5,7,2.0,160,0,1,1,2,71,4,22
5,7,10.0,329,1,19,0,13,21,1,4
5,7,12.0,181,4,7,0,5,12,1,28
5,7,12.0,181,4,15,0,13,48,0,28
5,7,17.0,95,1,8,0,14,24,1,6
5,7,20.0,266,5,13,0,13,48,0,29
5,7,20.0,266,5,12,0,9,87,2,29
5,7,20.0,266,5,5,1,5,64,1,29
5,7,20.0,266,5,18,0,11,58,2,29
5,7,25.0,41,2,17,1,14,32,0,13
5,7,25.0,41,2,4,0,2,86,1,13
5,7,25.0,41,2,18,0,11,117,1,13
5,7,26.0,316,4,6,1,10,52,0,3
5,3,10.0,4,5,5,2,16,74,3,4
5,11,2.0,265,5,2,3,14,25,0,22
5,11,8.0,283,4,0,1,6,7,0,8
5,11,8.0,283,4,22,2,6,89,3,8
5,11,8.0,283,4,19,2,6,7,3,8
5,11,8.0,283,4,18,1,11,55,0,8
5,11,16.0,225,5,0,0,13,38,1,2
5,11,2.0,265,5,13,0,16,37,1,22
5,11,2.0,265,5,4,1,0,85,2,22
5,11,2.0,265,5,1,0,12,80,4,22
5,11,2.0,265,5,19,3,5,6,0,22
5,11,8.0,283,4,1,1,9,10,4,8
5,11,8.0,283,4,12,2,6,7,3,8
5,11,8.0,283,4,21,0,4,82,4,8
5,11,8.0,283,4,1,2,4,75,0,8
5,11,16.0,225,5,3,0,11,18,1,2
5,11,16.0,225,5,19,0,10,47,0,2
5,11,16.0,225,5,19,0,14,24,2,2
5,11,17.0,110,6,22,0,7,8,2,6
5,11,19.0,321,0,19,2,14,88,0,10
5,11,19.0,321,0,4,0,6,7,4,10
5,7,26.0,316,4,10,0,11,18,4,3
5,7,26.0,316,4,8,0,15,31,1,3
5,7,26.0,316,4,13,0,13,28,2,3
5,5,10.0,155,3,13,0,14,88,2,4
5,5,10.0,155,3,4,0,6,132,1,4
5,7,27.0,53,5,8,0,4,5,2,15
5,7,27.0,53,5,2,0,3,103,3,15
5,7,27.0,53,5,2,2,7,62,0,15
5,7,26.0,316,4,18,1,10,22,1,3
5,7,27.0,53,5,18,2,2,71,3,15
5,7,26.0,316,4,1,0,14,24,2,3
5,7,28.0,34,6,5,2,9,57,0,18
5,7,28.0,34,6,19,0,7,62,2,18
5,7,28.0,34,6,19,2,14,25,3,18
5,3,1.0,180,2,0,2,15,46,3,7
5,11,3.0,288,6,17,2,3,30,1,27
5,11,3.0,288,6,20,0,10,23,1,27
5,11,3.0,288,6,12,0,2,123,0,27
5,9,1.0,126,3,0,1,14,110,4,7
5,9,10.0,156,1,0,0,8,27,3,4
5,9,10.0,156,1,8,1,9,109,4,4
5,7,19.0,330,4,8,0,8,19,2,10
5,7,19.0,330,4,8,1,8,9,1,10
5,3,10.0,4,5,2,0,16,130,1,4
5,3,27.0,361,0,12,0,12,104,4,15
5,3,10.0,4,5,5,0,5,12,2,4
5,3,10.0,4,5,18,0,4,5,1,4
5,3,27.0,361,0,2,0,1,59,3,15
5,3,27.0,361,0,20,0,3,115,1,15
5,3,27.0,361,0,3,0,5,0,0,15
5,3,27.0,361,0,9,1,6,7,0,15
5,11,26.0,364,0,20,1,1,67,4,3
5,1,11.0,111,1,21,1,4,138,0,9
5,3,9.0,44,4,5,1,5,6,1,12
5,6,29.0,335,0,12,0,8,33,0,16
5,6,11.0,355,4,6,0,13,21,3,9
5,11,26.0,364,0,17,0,15,96,3,3
5,2,19.0,137,4,22,2,13,48,1,10
5,3,11.0,337,6,17,1,10,6,0,9
5,3,11.0,337,6,3,0,4,121,1,9
5,3,11.0,337,6,20,1,2,92,1,9
5,3,11.0,337,6,23,2,10,47,3,9
5,7,10.0,329,1,0,0,16,37,1,4
5,7,10.0,329,1,21,2,10,47,0,4
5,7,10.0,329,1,10,1,2,3,0,4
5,7,10.0,329,1,15,0,10,22,0,4
5,7,10.0,329,1,7,1,6,7,0,4
5,8,19.0,280,6,5,1,12,135,4,10
5,8,20.0,319,3,4,0,5,6,3,29
5,8,22.0,354,1,0,1,14,131,2,26
5,8,22.0,354,1,14,0,10,22,3,26
5,8,27.0,78,3,8,0,2,40,0,15
5,8,27.0,78,3,13,1,13,69,4,15
5,8,27.0,78,3,12,0,7,62,3,15
5,8,27.0,78,3,5,1,14,131,4,15
5,8,27.0,78,3,7,1,5,12,0,15
5,6,18.0,308,4,23,0,3,79,4,0
5,6,29.0,335,0,8,0,11,94,0,16
5,6,26.0,348,5,22,0,14,32,2,3
5,10,4.0,356,6,16,1,13,21,0,30
5,10,4.0,356,6,11,1,6,128,4,30
5,10,4.0,356,6,9,0,13,36,1,30
5,10,10.0,245,5,17,0,4,5,1,4
5,10,10.0,245,5,3,1,10,22,1,4
5,10,10.0,245,5,19,0,10,47,3,4
5,10,26.0,61,3,0,2,6,73,3,3
3,2,1.0,16,6,17,3,2,92,4,7
5,10,29.0,318,2,16,0,5,12,3,16
5,10,29.0,318,2,0,0,5,12,3,16
5,7,10.0,329,1,20,0,0,64,3,4
5,7,10.0,329,1,2,0,2,71,3,4
5,3,2.0,120,4,2,0,0,53,4,22
5,7,10.0,329,1,3,0,8,41,4,4
5,7,10.0,329,1,18,0,0,64,3,4
5,7,12.0,181,4,16,1,9,27,0,28
5,7,12.0,181,4,3,0,2,86,3,28
5,7,10.0,329,1,0,1,11,55,4,4
5,7,12.0,181,4,14,0,5,64,3,28
5,7,17.0,95,1,6,0,10,47,1,6
5,7,17.0,95,1,3,0,4,127,2,6
5,7,20.0,266,5,10,0,10,47,0,29
5,7,20.0,266,5,18,0,1,1,3,29
5,7,25.0,41,2,0,0,12,83,4,13
5,7,25.0,41,2,2,0,2,86,0,13
5,7,27.0,53,5,3,1,12,83,4,15
5,7,27.0,53,5,14,0,6,91,3,15
5,7,27.0,53,5,12,0,14,25,3,15
5,9,11.0,52,2,10,1,6,7,0,9
5,9,11.0,52,2,4,2,1,1,3,9
5,9,17.0,255,1,17,0,5,12,0,6
5,9,19.0,234,4,10,0,14,107,3,10
5,6,23.0,84,1,17,1,16,65,2,17
5,6,30.0,145,1,3,0,14,24,2,19
5,6,5.0,342,5,13,0,6,7,1,24
2,3,1.0,120,0,8,0,2,86,4,7
5,7,31.0,43,1,17,0,11,58,0,20
5,7,31.0,43,1,15,0,7,137,3,20
5,3,16.0,263,4,20,0,5,64,1,2
5,3,6.0,303,0,8,0,11,15,2,23
5,3,21.0,338,1,19,0,12,80,4,21
5,11,30.0,170,5,22,0,5,6,0,19
5,1,14.0,183,5,8,0,0,15,3,5
5,8,17.0,74,4,9,1,15,114,4,6
3,0,21.0,287,3,9,0,12,61,1,21
5,3,6.0,303,0,13,0,5,64,1,23
5,1,3.0,188,0,16,0,4,4,1,27
5,1,3.0,188,0,9,2,1,67,0,27
5,1,4.0,286,1,15,0,8,118,1,30
5,1,3.0,188,0,23,0,10,47,3,27
5,6,29.0,335,0,1,0,12,56,3,16
5,11,27.0,322,1,21,0,4,75,1,15
5,2,19.0,137,4,12,0,1,11,4,10
5,10,4.0,356,6,6,0,11,15,3,30
5,11,27.0,322,1,10,0,0,85,1,15
5,1,11.0,111,1,3,0,1,11,4,9
5,2,19.0,137,4,4,2,6,7,3,10
5,10,4.0,356,6,0,0,6,89,1,30
5,11,27.0,322,1,7,1,11,15,1,15
5,1,11.0,111,1,18,0,0,64,3,9
5,2,19.0,137,4,1,3,5,12,3,10
5,6,11.0,355,4,0,0,0,77,2,9
5,10,26.0,61,3,17,1,3,103,4,3
5,10,29.0,318,2,6,0,0,26,1,16
5,10,29.0,318,2,19,0,6,89,3,16
3,0,30.0,228,1,9,1,8,19,0,19
3,0,29.0,191,0,22,1,3,44,4,16
5,11,12.0,118,0,17,1,5,12,1,28
5,9,20.0,119,5,6,0,9,95,4,29
5,9,19.0,234,4,14,1,3,30,0,10
5,9,20.0,119,5,17,1,6,91,0,29
5,9,20.0,119,5,13,2,2,2,1,29
5,7,2.0,160,0,17,3,14,110,3,22
5,7,2.0,160,0,14,0,4,4,1,22
5,7,2.0,160,0,1,0,8,9,1,22
5,7,2.0,160,0,18,0,5,12,0,22
5,9,17.0,255,1,12,0,14,24,2,6
5,7,26.0,316,4,23,1,15,114,4,3
5,7,26.0,316,4,4,0,5,6,3,3
5,6,10.0,149,2,1,1,10,12,0,4
5,6,10.0,149,2,21,1,1,35,0,4
5,6,10.0,149,2,7,1,6,126,1,4
5,5,29.0,24,5,8,3,11,98,1,16
5,10,3.0,310,5,2,1,15,51,4,27
5,10,13.0,346,0,22,3,9,27,0,25
5,10,28.0,216,1,9,2,0,77,3,18
5,7,27.0,53,5,1,1,11,18,0,15
5,10,29.0,318,2,14,0,16,72,2,16
5,1,3.0,188,0,20,0,10,47,3,27
5,1,3.0,188,0,3,0,2,69,0,27
5,1,11.0,111,1,21,1,14,25,0,9
5,1,20.0,151,4,7,2,0,64,3,29
5,1,18.0,82,1,13,1,8,19,0,0
5,1,20.0,151,4,13,0,10,22,2,29
5,1,20.0,151,4,8,0,5,6,2,29
5,1,4.0,286,1,9,0,14,32,1,30
5,8,10.0,71,4,16,0,11,117,1,4
5,8,10.0,71,4,20,0,3,79,1,4
5,8,10.0,71,4,14,2,7,120,4,4
5,8,10.0,71,4,9,2,12,104,3,4
5,8,19.0,280,6,7,2,16,42,1,10
5,8,19.0,280,6,3,0,9,134,1,10
5,8,19.0,280,6,15,0,1,105,1,10
5,8,19.0,280,6,23,0,9,27,0,10
5,8,19.0,280,6,4,1,14,106,4,10
5,8,20.0,319,3,20,0,13,29,2,29
5,8,19.0,280,6,8,1,6,91,1,10
5,8,19.0,280,6,1,1,0,12,0,10
3,11,1.0,222,2,17,3,9,27,0,7
5,11,7.0,253,2,23,0,6,7,2,11
5,11,15.0,331,4,17,1,10,22,1,1
5,9,7.0,271,6,11,0,13,38,2,11
3,0,21.0,287,3,10,0,14,32,2,21
5,3,16.0,263,4,1,0,9,49,1,2
5,6,8.0,59,0,10,1,2,2,1,8
5,7,23.0,202,0,22,1,0,64,0,17
5,3,8.0,148,2,7,0,5,64,0,8
5,3,8.0,148,2,3,1,11,129,4,8
5,11,15.0,331,4,14,0,5,12,0,1
5,7,16.0,40,0,19,1,11,15,4,2
5,3,1.0,180,2,4,0,8,118,1,7
5,11,27.0,322,1,12,0,0,77,1,15
5,1,13.0,207,4,11,0,5,6,3,25
5,3,1.0,180,2,14,0,5,12,2,7
5,11,27.0,322,1,8,0,2,69,1,15
5,3,2.0,120,4,15,0,2,71,4,22
5,6,11.0,355,4,1,0,2,2,3,9
5,1,13.0,207,4,4,2,6,89,3,25
5,9,11.0,52,2,16,0,2,2,1,9
5,3,2.0,120,4,22,0,11,117,0,22
5,6,11.0,355,4,18,2,4,138,0,9
5,1,13.0,207,4,14,2,0,31,0,25
5,9,17.0,255,1,16,0,5,6,1,6
5,3,2.0,120,4,7,1,11,133,1,22
5,6,18.0,308,4,11,1,3,79,4,0
5,1,13.0,207,4,18,2,10,22,3,25
5,11,3.0,288,6,0,0,1,1,3,27
5,6,18.0,308,4,4,0,8,19,0,0
5,1,18.0,82,1,10,1,15,51,0,0
5,9,17.0,255,1,0,0,0,64,0,6
5,11,3.0,288,6,16,0,4,5,0,27
5,1,20.0,151,4,17,0,1,67,3,29
5,9,17.0,255,1,14,2,7,57,0,6
3,2,3.0,282,0,17,1,11,122,4,27
5,11,10.0,360,6,21,2,9,93,3,4
5,11,10.0,360,6,17,1,14,25,0,4
5,11,10.0,360,6,3,2,6,132,4,4
5,7,17.0,95,1,2,1,11,18,0,6
5,11,10.0,360,6,8,0,8,9,0,4
5,11,9.0,311,5,1,1,4,136,1,12
5,11,1.0,222,4,8,3,5,12,1,7
5,9,25.0,344,2,19,0,14,34,3,13
5,11,1.0,222,4,17,0,7,8,1,7
5,9,2.0,323,0,22,1,11,133,2,22
5,7,9.0,273,0,14,1,14,25,0,12
5,9,28.0,315,6,11,1,11,124,1,18
5,7,8.0,94,3,23,2,5,64,0,8
5,7,9.0,273,0,16,1,0,12,1,12
5,3,26.0,343,3,19,1,13,38,1,3
2,4,16.0,19,2,15,0,16,50,1,2
5,6,21.0,193,3,18,0,13,121,2,21
5,7,3.0,269,1,13,0,8,118,2,27
5,6,21.0,193,3,11,1,1,1,4,21
5,2,19.0,137,4,13,1,0,26,1,10
5,2,22.0,209,3,3,0,14,24,2,26
5,2,19.0,137,4,8,0,11,94,2,10
5,2,22.0,209,3,14,0,15,114,0,26
5,2,22.0,209,3,4,0,2,86,1,26
5,0,13.0,198,3,10,0,14,24,1,25
5,0,13.0,198,3,0,1,0,15,0,25
5,0,13.0,198,3,19,0,3,44,4,25
5,0,19.0,13,6,6,1,8,9,1,10
5,0,19.0,13,6,9,0,13,21,3,10
5,8,19.0,280,6,20,0,8,19,0,10
5,8,19.0,280,6,12,2,0,53,3,10
5,8,19.0,280,6,22,0,2,2,3,10
5,8,19.0,280,6,8,0,0,12,3,10
5,8,20.0,319,3,23,0,1,59,1,29
5,8,19.0,280,6,19,3,16,50,1,10
5,8,20.0,319,3,3,1,2,69,4,29
5,8,19.0,280,6,15,0,10,43,2,10
5,8,20.0,319,3,1,0,10,22,1,29
5,8,19.0,280,6,13,0,7,120,2,10
5,11,10.0,360,6,8,0,2,2,0,4
5,11,26.0,364,0,21,1,13,48,0,3
5,11,26.0,364,0,19,0,11,15,0,3
5,11,26.0,364,0,1,1,9,83,4,3
5,11,26.0,364,0,12,1,1,67,4,3
5,11,27.0,322,1,4,2,8,19,3,15
5,11,27.0,322,1,8,1,15,46,4,15
5,11,27.0,322,1,18,0,13,29,1,15
5,9,11.0,52,2,2,0,10,22,2,9
5,9,17.0,255,1,17,2,0,0,0,6
5,9,17.0,255,1,17,0,0,31,2,6
5,9,17.0,255,1,20,0,13,28,1,6
5,9,17.0,255,1,8,0,8,9,1,6
5,9,19.0,234,4,21,0,13,21,1,10
5,9,20.0,119,5,15,2,16,130,3,29
5,9,19.0,234,4,18,1,1,35,0,10
5,9,20.0,119,5,14,0,10,47,1,29
5,7,2.0,160,0,2,0,8,41,4,22
5,7,2.0,160,0,2,2,16,50,0,22
5,7,2.0,160,0,12,2,2,2,3,22
5,7,2.0,160,0,1,0,10,22,1,22
5,3,9.0,44,4,18,0,16,42,3,12
5,5,10.0,155,3,14,1,12,84,0,4
5,8,21.0,46,0,0,2,4,66,3,21
5,8,21.0,46,0,2,0,16,74,1,21
5,8,21.0,46,0,5,1,4,5,1,21
5,8,21.0,46,0,9,1,0,77,0,21
5,8,21.0,46,0,14,1,16,50,0,21
5,8,21.0,46,0,6,1,14,88,0,21
5,8,22.0,354,1,12,0,15,114,1,26
5,8,27.0,78,3,2,0,11,15,3,15
5,8,27.0,78,3,19,0,10,47,0,15
5,9,19.0,234,4,21,0,10,47,1,10
5,3,1.0,180,2,2,0,10,22,0,7
5,3,1.0,180,2,9,0,15,46,2,7
5,3,1.0,180,2,19,0,4,66,2,7
5,3,1.0,180,2,9,0,11,58,2,7
5,1,20.0,151,4,6,1,9,10,4,29
5,3,1.0,180,2,22,1,7,31,2,7
5,7,19.0,330,4,4,1,15,114,2,10
5,7,19.0,330,4,15,1,15,51,4,10
5,7,19.0,330,4,13,1,10,47,2,10
5,9,26.0,267,4,17,0,4,127,1,3
5,6,11.0,355,4,22,0,5,64,3,9
5,6,18.0,308,4,22,0,0,64,3,0
5,6,18.0,308,4,13,0,13,38,3,0
5,6,19.0,291,5,17,0,8,41,2,10
5,6,19.0,291,5,15,0,10,22,0,10
5,6,19.0,291,5,20,1,1,105,4,10
5,6,19.0,291,5,11,1,10,22,0,10
5,6,26.0,348,5,14,0,1,11,4,3
5,6,26.0,348,5,19,0,15,85,2,3
5,6,26.0,348,5,5,1,8,9,1,3
5,10,4.0,356,6,15,2,4,82,3,30
5,10,4.0,356,6,12,0,15,51,1,30
5,10,10.0,245,5,5,0,8,118,2,4
5,10,10.0,245,5,15,0,8,41,0,4
5,10,10.0,245,5,19,0,10,22,3,4
5,10,10.0,245,5,1,2,8,19,3,4
5,10,26.0,61,3,0,1,2,69,0,3
5,6,18.0,308,4,4,0,2,13,1,0
5,10,26.0,61,3,1,0,14,24,4,3
5,10,26.0,61,3,22,1,1,1,4,3
5,10,26.0,61,3,1,0,0,77,1,3
5,3,2.0,120,4,8,0,9,87,3,22
5,3,2.0,120,4,9,1,4,82,1,22
5,3,9.0,44,4,11,0,12,80,2,12
5,3,11.0,337,6,17,0,0,12,1,9
5,3,11.0,337,6,5,0,2,60,2,9
5,3,11.0,337,6,15,0,10,47,1,9
5,3,9.0,44,4,14,3,5,6,0,12
5,3,1.0,180,2,17,0,16,50,1,7
5,3,17.0,54,5,15,0,13,99,1,6
5,3,17.0,54,5,15,0,9,10,3,6
5,3,17.0,54,5,8,0,15,39,0,6
5,3,17.0,54,5,14,0,5,12,2,6
5,3,17.0,54,5,13,1,13,99,1,6
5,7,28.0,34,6,2,0,11,133,0,18
5,3,17.0,54,5,1,0,5,12,3,6
5,5,2.0,307,6,16,1,16,113,0,22
5,5,1.0,109,5,15,0,14,34,1,7
5,5,2.0,307,6,15,0,15,46,1,22
5,10,29.0,318,2,2,0,15,119,0,16
5,10,29.0,318,2,3,0,16,37,1,16
5,1,3.0,188,0,16,2,14,24,3,27
5,1,3.0,188,0,5,0,1,105,0,27
5,1,3.0,188,0,5,0,13,38,3,27
5,1,3.0,188,0,3,0,9,102,4,27
5,1,4.0,286,1,16,0,15,96,1,30
5,1,4.0,286,1,21,0,4,4,1,30
5,1,3.0,188,0,15,3,15,112,1,27
5,11,16.0,225,5,22,0,10,22,3,2
5,11,16.0,225,5,22,0,8,118,1,2
5,6,18.0,308,4,8,2,15,119,2,0
3,6,1.0,158,3,12,0,12,80,4,7
5,6,26.0,348,5,22,0,8,41,2,3
5,11,2.0,265,5,17,0,0,64,3,22
5,11,2.0,265,5,8,0,8,9,1,22
5,11,2.0,265,5,11,1,1,67,0,22
5,11,8.0,283,4,1,1,10,12,2,8
5,11,16.0,225,5,17,0,6,128,4,2
5,11,16.0,225,5,16,0,6,91,1,2
5,11,16.0,225,5,5,0,12,61,1,2
5,11,16.0,225,5,19,0,3,79,0,2
5,11,16.0,225,5,1,0,14,110,2,2
5,11,17.0,110,6,20,0,14,25,1,6
5,11,17.0,110,6,6,1,0,77,1,6
5,11,17.0,110,6,19,0,13,28,3,6
5,11,19.0,321,0,20,0,0,77,1,10
5,11,26.0,364,0,21,0,11,0,2,3
5,11,26.0,364,0,3,1,8,41,4,3
5,7,27.0,53,5,11,3,14,125,4,15
5,11,26.0,364,0,15,1,12,80,4,3
5,11,27.0,322,1,6,1,9,9,0,15
5,11,26.0,364,0,1,1,0,64,1,3
5,9,11.0,52,2,6,0,0,64,3,9
5,9,17.0,255,1,8,0,2,13,3,6
5,9,17.0,255,1,18,2,9,101,3,6
5,9,17.0,255,1,11,1,1,35,1,6
5,9,17.0,255,1,4,1,10,22,1,6
5,9,19.0,234,4,15,0,13,21,1,10
5,9,19.0,234,4,12,2,9,101,3,10
5,9,19.0,234,4,1,2,2,13,3,10
5,9,20.0,119,5,2,2,0,96,3,29
5,9,20.0,119,5,4,1,1,105,4,29
5,9,17.0,255,1,2,0,10,47,2,6
5,1,3.0,188,0,20,0,13,99,2,27
5,1,3.0,188,0,5,0,2,35,4,27
5,1,3.0,188,0,14,2,6,7,3,27
5,1,4.0,286,1,1,1,1,16,4,30
5,1,11.0,111,1,0,0,2,2,1,9
5,1,11.0,111,1,11,2,7,129,0,9
5,1,11.0,111,1,11,0,10,22,1,9
5,1,11.0,111,1,5,0,11,117,1,9
5,1,11.0,111,1,14,0,16,37,3,9
5,1,11.0,111,1,9,0,5,6,3,9
3,8,26.0,278,5,3,0,10,22,2,3
5,3,28.0,187,1,17,1,5,6,0,18
5,1,11.0,111,1,19,0,1,1,2,9
5,1,11.0,111,1,12,1,9,134,4,9
5,1,13.0,207,4,7,1,6,116,0,25
5,1,13.0,207,4,3,0,14,97,4,25
5,1,13.0,207,4,18,0,10,22,3,25
5,1,13.0,207,4,8,1,14,34,4,25
5,1,18.0,82,1,6,0,9,49,1,0
5,7,2.0,160,0,16,1,16,37,0,22
5,7,2.0,160,0,10,0,10,47,0,22
5,7,2.0,160,0,15,0,14,25,3,22
5,7,2.0,160,0,1,0,10,12,0,22
3,4,1.0,144,2,13,3,11,98,4,7
2,0,1.0,47,3,13,0,8,33,1,7
5,5,10.0,155,3,19,1,11,15,4,4
5,6,10.0,149,2,17,1,8,33,0,4
5,7,2.0,160,0,11,1,10,23,1,22
5,7,10.0,329,1,17,2,8,33,3,4
5,9,11.0,52,2,16,0,11,18,3,9
5,9,11.0,52,2,0,0,5,6,1,9
5,9,11.0,52,2,23,0,16,50,1,9
5,9,11.0,52,2,8,2,10,47,3,9
5,9,17.0,255,1,6,2,5,64,0,6
5,1,20.0,151,4,7,1,13,29,1,29
5,1,20.0,151,4,13,0,10,47,0,29
5,8,10.0,71,4,11,1,0,12,1,4
5,8,10.0,71,4,5,1,1,105,0,4
5,8,19.0,280,6,22,0,10,22,1,10
5,8,19.0,280,6,4,0,5,64,0,10
5,11,19.0,321,0,1,1,11,18,1,10
5,9,1.0,126,3,12,3,5,6,0,7
5,9,1.0,126,3,9,0,9,102,1,7
5,9,1.0,126,3,19,1,12,56,4,7
5,9,10.0,156,1,16,0,4,136,4,4
5,9,1.0,126,3,10,0,11,133,2,7
5,9,10.0,156,1,15,0,16,108,4,4
5,9,26.0,267,4,1,0,2,69,4,3
5,9,26.0,267,4,14,2,8,118,0,3
5,7,19.0,330,4,14,1,2,92,1,10
5,7,19.0,330,4,2,1,7,54,4,10
5,7,19.0,330,4,22,1,5,12,0,10
5,7,19.0,330,4,12,0,14,24,2,10
5,9,10.0,156,1,1,0,5,0,2,4
3,0,19.0,13,5,17,0,13,21,3,10
5,3,4.0,285,6,13,2,16,72,3,30
5,3,4.0,285,6,9,0,0,68,0,30
5,3,4.0,285,6,3,0,10,47,2,30
5,3,10.0,4,5,0,1,9,87,0,4
5,3,4.0,285,6,13,0,13,69,2,30
5,3,4.0,285,6,17,1,5,6,1,30
5,3,27.0,361,0,21,0,0,15,1,15
5,3,27.0,361,0,12,0,4,4,1,15
5,9,8.0,90,3,8,0,12,61,2,8
5,11,9.0,311,5,2,0,14,25,2,12
5,11,9.0,311,5,12,1,5,0,2,12
5,11,25.0,88,3,19,1,4,75,0,13
5,11,25.0,88,3,3,1,8,118,4,13
5,9,8.0,90,3,3,1,9,10,4,8
5,9,9.0,320,0,8,0,5,6,3,12
5,9,18.0,359,2,13,0,9,93,4,0
5,7,18.0,154,2,4,1,0,31,4,0
3,6,16.0,38,0,17,0,0,12,4,2
5,7,9.0,273,0,14,1,14,25,0,12
5,7,9.0,273,0,20,1,7,111,1,12
5,11,1.0,222,4,15,0,13,48,3,7
5,7,17.0,95,1,13,0,7,57,2,6
5,7,20.0,266,5,22,0,10,47,3,29
5,7,20.0,266,5,10,1,7,57,4,29
5,7,17.0,95,1,22,0,10,22,2,6
5,7,25.0,41,2,17,0,5,12,1,13
5,7,25.0,41,2,7,0,8,9,3,13
5,7,25.0,41,2,0,0,8,27,0,13
5,7,25.0,41,2,23,0,13,38,1,13
5,7,25.0,41,2,11,0,1,67,0,13
5,7,25.0,41,2,4,0,14,25,1,13
5,7,26.0,316,4,18,0,0,31,2,3
5,7,26.0,316,4,20,1,6,14,4,3
5,7,27.0,53,5,0,1,10,6,0,15
3,8,1.0,66,0,17,0,2,2,1,7
5,7,28.0,34,6,15,0,3,76,2,18
5,7,28.0,34,6,22,1,6,128,4,18
5,3,1.0,180,2,8,0,16,39,0,7
5,6,28.0,309,3,9,0,16,42,3,18
5,10,3.0,310,5,12,1,9,10,1,27
5,10,3.0,310,5,15,1,13,99,2,27
5,10,3.0,310,5,2,0,1,11,4,27
5,8,19.0,280,6,1,0,5,0,2,10
5,1,4.0,286,1,0,0,5,6,3,30
5,8,19.0,280,6,20,0,2,86,2,10
5,8,20.0,319,3,5,1,6,91,4,29
5,8,20.0,319,3,4,0,2,86,4,29
4,3,19.0,138,0,2,2,5,12,0,10
5,0,28.0,249,0,22,0,2,86,3,18
4,2,23.0,230,1,1,2,8,118,3,17
4,4,5.0,235,1,4,0,10,22,1,24
4,5,11.0,326,1,14,1,10,12,0,9
4,3,11.0,337,3,15,3,8,9,4,9
4,5,14.0,36,5,13,0,2,2,1,5
4,5,14.0,36,5,13,0,5,6,3,5
4,5,14.0,36,5,2,0,5,6,3,5
4,5,14.0,36,5,20,1,1,59,1,5
4,5,14.0,36,5,15,1,16,37,0,5
4,5,15.0,200,6,8,1,12,100,1,1
4,5,14.0,36,5,8,1,1,1,1,5
4,5,15.0,200,6,14,0,10,43,1,1
4,5,21.0,351,5,6,0,9,49,3,21
4,7,4.0,186,4,2,0,3,44,3,30
4,6,6.0,83,3,12,0,15,108,2,23
4,3,29.0,325,4,13,1,0,26,1,16
4,10,5.0,336,0,6,1,3,79,4,24
4,10,5.0,336,0,0,1,12,104,0,24
4,10,5.0,336,0,15,0,6,7,0,24
4,10,5.0,336,0,2,3,1,67,4,24
4,10,5.0,336,0,9,0,10,47,3,24
4,10,5.0,336,0,1,0,5,47,3,24
4,10,5.0,336,0,2,1,9,93,1,24
4,10,5.0,336,0,8,1,10,22,1,24
4,10,15.0,60,4,6,1,14,24,1,1
4,10,15.0,60,4,6,1,2,13,0,1
4,5,21.0,351,5,13,0,8,9,0,21
4,5,21.0,351,5,8,0,2,92,1,21
4,5,21.0,351,5,18,0,2,92,1,21
4,6,6.0,83,3,2,0,4,82,2,23
4,10,5.0,336,0,17,0,0,77,3,24
4,10,5.0,336,0,10,0,14,25,3,24
4,10,5.0,336,0,7,0,5,12,1,24
4,10,5.0,336,0,23,0,5,6,0,24
4,10,5.0,336,0,13,0,2,40,4,24
4,10,5.0,336,0,18,0,11,18,1,24
4,10,5.0,336,0,1,0,15,31,4,24
4,10,15.0,60,4,17,0,11,133,2,1
4,10,15.0,60,4,2,0,14,24,2,1
4,10,15.0,60,4,13,0,13,99,2,1
4,10,15.0,60,4,8,0,5,6,3,1
4,10,23.0,247,5,11,0,0,64,3,17
4,10,23.0,247,5,21,1,0,31,0,17
4,10,23.0,247,5,13,1,2,2,1,17
4,10,23.0,247,5,14,0,7,111,3,17
4,10,23.0,247,5,9,2,16,72,1,17
4,10,23.0,247,5,14,2,10,43,3,17
4,5,12.0,327,2,0,0,0,68,0,28
4,5,12.0,327,2,16,1,10,12,0,28
4,5,12.0,327,2,8,0,2,86,3,28
4,5,12.0,327,2,14,0,10,47,2,28
4,5,14.0,36,5,18,2,14,32,3,5
4,5,15.0,200,6,17,1,16,42,0,1
4,5,15.0,200,6,14,0,8,9,1,1
4,5,21.0,351,5,5,1,11,58,4,21
4,6,6.0,83,3,4,0,11,15,3,23
4,10,5.0,336,0,21,0,14,25,2,24
4,10,5.0,336,0,19,0,6,91,2,24
4,10,5.0,336,0,4,0,8,41,1,24
4,10,5.0,336,0,18,0,7,111,2,24
4,10,5.0,336,0,1,1,0,0,1,24
4,10,15.0,60,4,17,1,7,57,0,1
4,10,15.0,60,4,9,0,6,89,3,1
4,10,23.0,247,5,0,1,10,47,0,17
4,10,23.0,247,5,9,0,9,95,1,17
4,1,4.0,286,2,7,0,5,12,1,30
4,1,4.0,286,2,8,0,5,6,3,30
4,1,4.0,286,2,9,0,10,22,3,30
4,1,6.0,97,5,22,0,2,123,0,23
4,1,7.0,32,6,0,0,16,130,4,11
4,1,7.0,32,6,5,1,2,3,4,11
4,1,7.0,32,6,2,0,8,41,1,11
4,1,12.0,353,4,10,1,16,50,0,28
4,10,5.0,336,0,10,1,4,4,1,24
4,10,5.0,336,0,12,0,4,127,3,24
4,10,5.0,336,0,14,0,1,67,0,24
4,10,5.0,336,0,9,0,6,89,3,24
4,10,15.0,60,4,6,0,2,2,1,1
4,10,15.0,60,4,7,1,15,96,0,1
4,10,15.0,60,4,5,1,2,86,0,1
4,10,15.0,60,4,1,0,9,93,1,1
4,10,23.0,247,5,16,1,12,84,0,17
4,10,23.0,247,5,6,1,12,84,0,17
4,10,23.0,247,5,2,0,0,77,2,17
4,10,23.0,247,5,1,0,14,106,3,17
4,10,23.0,247,5,5,1,11,55,2,17
5,0,29.0,191,1,7,0,4,75,1,16
4,4,5.0,235,1,19,0,15,31,3,24
5,0,28.0,249,0,4,0,14,34,1,18
4,0,16.0,11,4,8,0,8,41,2,2
5,0,29.0,191,1,21,1,0,68,0,16
4,1,13.0,207,5,10,0,2,92,2,25
5,0,29.0,191,1,7,3,0,77,1,16
4,0,16.0,11,4,20,0,10,47,2,2
4,1,22.0,164,3,5,0,10,22,3,26
5,0,29.0,191,1,2,1,6,128,1,16
4,0,16.0,11,4,22,0,14,25,0,2
4,1,22.0,164,3,13,1,12,135,1,26
5,0,31.0,290,4,6,2,6,89,3,20
4,0,16.0,11,4,12,0,5,6,0,2
4,8,6.0,87,0,17,0,5,0,3,23
4,8,6.0,87,0,11,0,8,27,2,23
4,1,7.0,32,6,2,3,14,25,0,11
4,8,15.0,72,2,19,0,7,111,3,1
4,8,16.0,73,4,15,0,13,38,2,2
4,8,16.0,73,4,2,0,5,64,3,2
4,8,15.0,72,2,18,0,10,47,0,1
4,8,16.0,73,4,22,3,13,21,1,2
4,8,21.0,46,1,0,0,0,12,3,21
4,8,24.0,85,5,12,0,10,22,3,14
4,8,24.0,85,5,2,0,1,67,1,14
4,8,24.0,85,5,13,0,13,29,2,14
4,4,5.0,235,1,6,0,4,79,2,24
4,4,5.0,235,1,2,0,14,24,2,24
4,4,5.0,235,1,19,0,16,37,1,24
4,4,5.0,235,1,11,1,8,41,2,24
4,4,15.0,132,5,16,0,16,113,1,1
4,4,15.0,132,5,13,0,8,27,3,1
4,4,15.0,132,5,22,0,12,56,1,1
4,4,24.0,27,3,19,0,13,123,2,14
4,4,24.0,27,3,12,0,0,64,1,14
4,4,5.0,235,1,17,0,5,0,2,24
4,4,5.0,235,1,22,0,2,40,1,24
4,4,5.0,235,1,15,0,5,6,1,24
4,4,5.0,235,1,20,0,6,14,4,24
4,4,5.0,235,1,1,0,9,134,0,24
4,4,5.0,235,1,9,0,9,54,1,24
4,8,24.0,85,5,12,1,8,33,0,14
4,4,15.0,132,5,7,1,10,12,0,1
4,4,15.0,132,5,8,0,2,69,0,1
4,4,15.0,132,5,4,0,13,99,4,1
4,4,15.0,132,5,8,0,12,61,1,1
4,4,5.0,235,1,16,0,3,103,2,24
4,4,24.0,27,3,4,0,11,117,0,14
4,2,6.0,251,6,23,0,7,111,4,23
4,2,6.0,251,6,22,0,11,18,2,23
4,2,6.0,251,6,18,0,6,14,3,23
4,2,6.0,251,6,23,1,12,100,4,23
4,2,6.0,251,6,19,1,1,59,4,23
4,2,13.0,276,6,15,0,2,92,1,25
4,2,13.0,276,6,8,3,5,6,0,25
4,2,13.0,276,6,4,0,0,77,1,25
4,2,13.0,276,6,4,2,2,40,1,25
4,2,23.0,230,1,17,0,12,104,4,17
4,8,24.0,85,5,0,1,5,12,0,14
4,4,5.0,235,1,17,1,10,47,1,24
4,4,5.0,235,1,22,0,10,43,2,24
4,4,15.0,132,5,21,1,11,18,0,1
4,4,15.0,132,5,11,0,8,33,2,1
4,4,24.0,27,3,0,2,14,24,3,14
4,4,24.0,27,3,1,0,9,134,4,14
4,2,6.0,251,6,17,0,14,25,1,23
4,2,6.0,251,6,6,2,0,77,0,23
4,2,6.0,251,6,20,1,5,0,0,23
4,2,6.0,251,6,13,0,10,22,1,23
4,2,13.0,276,6,17,2,10,47,3,25
4,2,13.0,276,6,20,0,7,78,3,25
4,2,13.0,276,6,15,1,10,22,0,25
4,2,13.0,276,6,19,0,8,27,3,25
4,2,23.0,230,1,3,0,7,111,1,17
5,0,13.0,198,3,13,0,14,107,1,25
4,11,11.0,175,0,13,1,12,83,4,9
1,2,29.0,140,1,5,0,1,35,4,16
5,6,11.0,355,4,4,0,9,102,0,9
4,7,14.0,125,3,0,1,12,61,1,5
4,7,14.0,125,3,13,1,10,47,0,5
4,7,31.0,43,2,13,0,1,59,1,20
4,9,28.0,315,3,17,3,16,74,1,18
4,7,31.0,43,2,5,0,16,139,1,20
4,3,28.0,187,2,18,0,0,68,3,18
5,10,26.0,61,3,2,1,12,84,4,3
5,1,18.0,82,1,14,1,10,12,0,0
4,5,31.0,196,0,9,0,13,21,4,20
4,5,30.0,294,3,2,2,8,41,3,19
4,1,15.0,1,3,1,0,8,27,1,1
4,1,15.0,1,3,17,1,1,59,1,1
5,0,19.0,13,6,15,1,9,101,2,10
5,0,30.0,228,2,1,0,3,79,1,19
4,7,12.0,181,5,9,0,10,23,1,28
4,7,20.0,266,6,17,0,1,16,1,29
4,7,20.0,266,6,9,0,4,66,2,29
4,1,4.0,286,2,3,0,8,41,1,30
5,8,10.0,71,4,3,0,4,4,3,4
4,7,19.0,330,5,21,1,15,31,0,10
4,1,6.0,97,5,17,0,10,52,1,23
4,1,13.0,207,5,5,1,4,66,4,25
5,0,31.0,290,4,5,1,9,57,1,20
5,0,31.0,290,4,1,3,10,47,3,20
4,0,23.0,237,4,21,0,6,7,4,17
4,7,21.0,81,3,12,0,3,103,0,21
4,1,4.0,286,2,1,0,15,37,0,30
4,1,6.0,97,5,12,0,14,34,2,23
5,8,27.0,78,3,17,0,12,58,4,15
4,5,12.0,327,2,0,0,15,46,4,28
4,11,12.0,118,1,5,0,6,73,1,28
4,1,13.0,207,5,8,0,13,99,1,25
4,7,21.0,81,3,14,0,6,89,3,21
4,1,4.0,286,2,8,0,14,34,1,30
5,4,3.0,279,6,14,1,5,12,1,27
4,5,12.0,327,2,21,0,13,29,2,28
4,11,30.0,170,6,6,2,13,48,3,19
4,0,23.0,237,4,21,0,5,6,0,17
4,1,12.0,353,4,14,0,6,7,0,28
4,1,12.0,353,4,18,2,8,118,3,28
4,1,13.0,207,5,18,0,1,59,3,25
4,1,22.0,164,3,17,0,12,80,0,26
4,1,22.0,164,3,5,0,2,92,1,26
4,1,22.0,164,3,2,0,4,4,3,26
4,1,22.0,164,3,4,0,1,11,4,26
4,1,22.0,164,3,19,0,10,47,3,26
4,1,22.0,164,3,10,1,5,64,0,26
4,8,6.0,87,0,7,1,11,15,0,23
4,8,6.0,87,0,22,0,9,134,2,23
4,8,6.0,87,0,22,0,0,12,1,23
4,8,6.0,87,0,19,0,16,65,0,23
4,8,6.0,87,0,9,0,14,25,1,23
4,8,6.0,87,0,19,0,6,128,3,23
4,8,15.0,72,2,15,0,3,30,2,1
5,2,29.0,140,3,21,1,3,103,2,16
5,2,29.0,140,3,4,0,11,90,1,16
5,2,29.0,140,3,4,2,3,30,3,16
5,2,29.0,140,3,19,0,13,21,2,16
5,2,28.0,257,6,19,1,13,99,0,18
5,2,30.0,131,0,8,0,4,79,0,19
5,2,30.0,131,0,18,0,9,102,1,19
5,2,30.0,131,0,2,0,12,61,0,19
5,0,6.0,260,3,15,0,0,53,0,23
5,0,6.0,260,3,2,0,15,39,3,23
5,0,11.0,10,5,19,0,5,6,2,9
5,0,12.0,113,6,15,0,2,86,4,28
5,0,11.0,10,5,13,0,11,124,2,9
5,0,12.0,113,6,13,2,11,18,3,28
5,0,12.0,113,6,15,1,10,12,1,28
5,0,12.0,113,6,3,1,15,51,1,28
5,0,20.0,172,3,12,1,12,80,4,29
5,0,21.0,287,0,21,0,2,2,4,21
5,0,21.0,287,0,11,1,13,38,4,21
5,0,21.0,287,0,3,0,5,6,0,21
5,0,21.0,287,0,19,1,9,134,4,21
5,0,21.0,287,0,3,1,11,90,1,21
4,1,7.0,32,6,4,0,10,47,3,11
4,1,6.0,97,5,20,1,7,120,4,23
4,1,6.0,97,5,22,3,5,64,3,23
4,1,12.0,353,4,15,0,10,47,0,28
4,1,12.0,353,4,11,2,10,47,1,28
4,1,12.0,353,4,12,2,8,33,3,28
4,1,12.0,353,4,18,0,10,43,3,28
4,1,12.0,353,4,4,0,0,64,3,28
4,1,12.0,353,4,18,0,1,1,3,28
4,1,13.0,207,5,6,2,9,57,3,25
4,1,13.0,207,5,10,1,11,18,4,25
4,1,12.0,353,4,15,1,10,47,0,28
4,1,13.0,207,5,12,2,10,22,3,25
4,1,13.0,207,5,12,0,9,102,1,25
4,1,13.0,207,5,18,0,13,38,0,25
4,1,13.0,207,5,5,1,0,64,1,25
4,1,22.0,164,3,16,2,0,53,3,26
4,1,22.0,164,3,23,1,13,99,4,26
4,1,22.0,164,3,3,0,2,71,2,26
5,8,10.0,71,4,4,3,11,133,1,4
5,4,4.0,178,3,2,0,0,64,2,30
5,2,22.0,209,3,0,3,9,102,0,26
5,2,27.0,136,5,21,1,4,4,0,15
5,2,27.0,136,5,22,0,16,50,1,15
5,2,27.0,136,5,13,1,12,17,4,15
5,0,30.0,228,2,19,0,9,57,0,19
4,11,11.0,175,0,11,1,9,27,0,9
4,11,10.0,360,3,12,1,0,26,1,4
4,11,4.0,275,0,7,0,0,53,3,30
4,7,12.0,181,5,4,0,1,67,1,28
4,7,20.0,266,6,1,0,6,116,2,29
4,3,20.0,105,1,17,0,13,69,1,29
4,10,13.0,346,1,19,3,5,6,3,25
4,8,22.0,354,2,22,1,0,15,0,26
4,8,22.0,354,2,10,0,12,84,0,26
4,4,13.0,221,2,17,0,10,30,2,25
5,10,29.0,318,2,20,3,9,49,3,16
5,1,20.0,151,4,4,1,11,8,1,29
5,1,20.0,151,4,9,0,1,11,4,29
4,1,22.0,164,3,15,0,6,89,2,26
4,1,4.0,286,2,20,0,10,23,1,30
4,1,4.0,286,2,11,1,15,51,4,30
4,1,4.0,286,2,1,0,2,2,3,30
4,1,4.0,286,2,14,0,4,45,2,30
5,9,1.0,126,3,10,0,4,82,1,7
4,1,6.0,97,5,9,0,5,12,3,23
4,11,30.0,170,6,16,0,12,56,3,19
4,3,4.0,285,3,3,0,14,106,2,30
4,4,15.0,132,5,21,1,2,3,0,1
4,11,30.0,170,6,5,2,1,1,0,19
4,8,22.0,354,2,14,1,14,107,1,26
4,4,15.0,132,5,13,0,3,30,0,1
5,4,27.0,274,1,9,0,1,16,1,15
4,3,4.0,285,3,3,0,15,31,2,30
4,5,12.0,327,2,23,0,4,127,2,28
4,4,15.0,132,5,2,0,6,128,3,1
4,3,28.0,187,2,2,0,10,22,1,18
4,1,4.0,286,2,1,0,13,29,2,30
4,3,4.0,285,3,8,2,8,65,3,30
4,5,12.0,327,2,23,0,11,98,3,28
4,1,7.0,32,6,17,0,9,93,3,11
4,4,15.0,132,5,22,0,10,22,3,1
4,11,30.0,170,6,4,0,2,2,0,19
4,3,13.0,210,1,19,1,5,12,1,25
4,1,7.0,32,6,7,0,5,64,1,11
4,3,4.0,285,3,9,0,12,56,1,30
4,4,15.0,132,5,12,0,14,24,3,1
4,5,31.0,196,0,9,0,16,37,1,20
4,1,4.0,286,2,8,0,5,12,2,30
4,9,11.0,52,4,1,0,15,51,1,9
4,1,6.0,97,5,4,1,0,53,0,23
4,5,12.0,327,2,15,0,8,19,1,28
4,3,6.0,303,1,23,0,10,22,2,23
4,4,24.0,27,3,2,0,14,34,0,14
4,9,21.0,362,3,21,1,11,117,0,21
4,1,6.0,97,5,16,2,16,74,3,23
4,2,13.0,276,6,6,1,7,62,0,25
4,3,6.0,303,1,1,2,12,80,3,23
4,7,4.0,186,4,11,2,2,35,0,30
4,1,7.0,32,6,3,0,8,41,4,11
4,6,23.0,84,2,18,0,12,100,4,17
4,2,13.0,276,6,20,0,10,47,3,25
4,5,12.0,327,2,6,1,0,64,0,28
4,7,4.0,186,4,0,1,11,98,0,30
4,1,6.0,97,5,7,0,14,32,4,23
4,6,22.0,185,1,2,0,0,64,1,26
4,3,29.0,325,4,8,2,1,16,3,16
4,1,6.0,97,5,13,0,13,28,0,23
4,2,13.0,276,6,13,0,12,84,1,25
4,5,12.0,327,2,8,0,11,117,1,28
4,7,11.0,197,4,17,2,3,30,0,9
4,1,4.0,286,2,4,0,8,9,1,30
4,3,29.0,325,4,22,0,7,78,2,16
4,1,6.0,97,5,19,0,1,35,0,23
4,3,29.0,325,4,20,1,6,7,4,16
4,7,11.0,197,4,4,0,8,27,3,9
4,1,12.0,353,4,17,1,3,70,4,28
4,2,13.0,276,6,3,1,2,71,4,25
4,6,23.0,84,2,15,0,13,38,4,17
4,3,29.0,325,4,14,0,2,2,1,16
4,1,7.0,32,6,4,0,13,29,2,11
4,1,12.0,353,4,1,2,5,6,0,28
4,5,12.0,327,2,2,0,5,6,0,28
4,2,13.0,276,6,18,2,8,41,3,25
4,1,7.0,32,6,7,0,7,129,2,11
4,1,13.0,207,5,0,1,8,9,0,25
4,1,12.0,353,4,21,1,10,22,0,28
4,5,6.0,277,4,6,0,8,118,1,23
4,1,4.0,286,2,14,1,4,138,0,30
4,5,6.0,277,4,19,0,12,61,1,23
4,2,13.0,276,6,1,0,3,30,4,25
4,5,13.0,184,4,18,1,9,27,2,25
4,1,12.0,353,4,20,0,12,100,1,28
4,5,12.0,327,2,1,0,10,12,1,28
5,1,20.0,151,4,18,2,12,100,3,29
4,10,5.0,336,0,4,0,3,115,4,24
4,2,23.0,230,1,6,0,10,47,3,17
4,5,13.0,184,4,4,0,2,2,1,25
4,5,12.0,327,2,0,0,14,97,4,28
4,5,12.0,327,2,11,0,10,47,0,28
4,1,12.0,353,4,10,1,11,55,4,28
4,8,2.0,77,4,9,0,13,48,1,22
4,10,5.0,336,0,1,0,14,24,3,24
4,2,23.0,230,1,13,0,3,30,3,17
4,5,20.0,214,4,23,1,10,12,0,29
4,1,12.0,353,4,12,0,1,16,3,28
4,2,23.0,230,1,19,1,5,6,1,17
4,10,15.0,60,4,6,0,13,29,1,1
5,4,9.0,18,5,13,0,13,69,2,12
4,5,12.0,327,2,12,1,11,122,1,28
4,1,4.0,286,2,13,1,15,46,1,30
4,2,23.0,230,1,8,0,2,13,2,17
4,10,15.0,60,4,19,0,13,99,2,1
4,8,11.0,306,6,23,1,3,30,4,9
4,5,14.0,36,5,10,1,2,2,0,5
4,5,14.0,36,5,14,0,12,56,1,5
4,1,12.0,353,4,1,0,2,13,1,28
4,2,23.0,230,1,17,0,11,133,2,17
4,10,31.0,135,6,9,0,4,66,2,20
4,8,27.0,78,0,6,0,1,11,1,15
4,10,23.0,247,5,0,1,15,96,0,17
4,0,16.0,11,4,6,0,0,53,0,2
4,10,31.0,135,6,12,3,6,7,0,20
4,8,27.0,78,0,6,1,6,7,0,15
4,5,14.0,36,5,13,0,13,69,3,5
4,7,13.0,238,6,9,2,12,80,3,25
4,1,13.0,207,5,21,0,15,96,3,25
4,3,12.0,104,0,5,0,0,68,0,28
4,0,16.0,11,4,10,2,6,7,2,2
4,8,27.0,78,0,18,0,0,26,3,15
4,10,23.0,247,5,20,0,4,82,1,17
4,7,19.0,330,5,3,0,11,55,0,10
4,8,5.0,101,3,2,1,2,69,2,24
4,0,17.0,12,5,10,1,2,13,1,6
4,4,9.0,18,6,10,1,10,47,0,12
4,10,23.0,247,5,11,1,9,83,4,17
4,1,13.0,207,5,20,0,5,64,3,25
4,7,11.0,197,4,3,0,2,2,2,9
4,8,7.0,70,1,13,0,0,96,3,11
4,0,16.0,11,4,2,0,4,79,2,2
4,0,17.0,12,5,1,1,14,125,1,6
4,0,23.0,237,4,7,1,10,22,1,17
4,0,23.0,237,4,2,0,5,6,0,17
4,7,13.0,238,6,20,3,2,86,3,25
4,7,19.0,330,5,15,1,14,32,4,10
4,7,19.0,330,5,2,0,0,15,1,10
4,7,19.0,330,5,17,0,0,77,1,10
4,7,19.0,330,5,14,0,14,25,1,10
4,3,4.0,285,3,6,1,11,133,0,30
4,3,4.0,285,3,20,1,10,22,0,30
4,3,4.0,285,3,20,0,14,24,1,30
4,3,4.0,285,3,23,2,6,7,0,30
4,3,4.0,285,3,19,0,10,47,3,30
4,3,4.0,285,3,9,2,1,67,3,30
4,3,6.0,303,1,3,2,4,75,3,23
4,3,6.0,303,1,4,0,2,40,4,23
4,3,6.0,303,1,4,0,8,41,1,23
4,3,29.0,325,4,17,0,8,9,3,16
4,3,29.0,325,4,0,1,5,64,0,16
4,3,29.0,325,4,12,0,13,29,4,16
4,3,29.0,325,4,19,0,3,76,1,16
4,3,29.0,325,4,1,0,12,121,1,16
4,3,29.0,325,4,18,0,0,64,1,16
4,5,6.0,277,4,23,0,14,24,2,23
4,5,6.0,277,4,17,1,3,76,2,23
4,5,6.0,277,4,19,0,8,19,3,23
4,5,12.0,327,2,22,0,15,51,2,28
4,5,14.0,36,5,6,1,11,15,0,5
4,5,14.0,36,5,2,2,0,64,3,5
4,5,14.0,36,5,4,0,5,0,1,5
4,5,14.0,36,5,10,1,15,114,1,5
4,5,15.0,200,6,14,0,8,41,4,1
4,5,21.0,351,5,0,1,13,29,0,21
4,5,21.0,351,5,16,2,11,124,0,21
4,5,21.0,351,5,2,0,0,0,3,21
4,6,6.0,83,3,6,2,2,40,0,23
4,6,6.0,83,3,3,0,1,81,4,23
4,6,6.0,83,3,1,0,0,12,1,23
4,6,6.0,83,3,1,0,11,18,1,23
4,10,5.0,336,0,17,2,14,34,3,24
4,10,5.0,336,0,17,0,0,77,3,24
4,10,5.0,336,0,17,2,5,12,3,24
4,10,5.0,336,0,15,0,13,48,1,24
4,10,5.0,336,0,11,0,10,43,0,24
4,10,5.0,336,0,1,0,3,30,3,24
4,10,5.0,336,0,4,0,10,47,3,24
4,10,5.0,336,0,19,0,9,49,3,24
4,10,5.0,336,0,9,1,11,129,1,24
4,10,15.0,60,4,21,0,8,19,0,1
4,10,15.0,60,4,16,2,0,12,0,1
4,10,15.0,60,4,16,1,9,93,0,1
4,10,23.0,247,5,16,1,7,111,0,17
4,10,23.0,247,5,23,0,10,47,3,17
4,10,23.0,247,5,2,0,11,90,0,17
4,10,23.0,247,5,12,0,2,40,4,17
4,10,23.0,247,5,17,0,13,38,4,17
4,10,23.0,247,5,1,0,7,78,4,17
4,1,13.0,207,5,17,1,0,53,0,25
4,10,23.0,247,5,11,0,4,4,1,17
5,1,10.0,17,0,1,0,2,40,2,4
4,4,9.0,18,6,15,0,1,11,2,12
4,4,9.0,18,6,13,0,12,17,0,12
4,4,28.0,218,4,2,0,2,2,3,18
4,7,19.0,330,5,16,0,9,95,4,10
4,1,13.0,207,5,8,0,5,6,3,25
4,4,28.0,218,4,3,0,15,114,1,18
4,10,23.0,247,5,4,0,7,78,4,17
4,7,21.0,81,3,9,2,2,69,0,21
5,1,19.0,29,2,17,1,9,27,0,10
4,1,12.0,353,4,9,0,6,89,1,28
4,2,4.0,254,4,0,1,6,7,0,30
4,7,21.0,81,3,9,2,1,81,3,21
5,8,5.0,101,6,9,1,2,86,0,24
4,1,13.0,207,5,14,0,2,35,4,25
4,2,4.0,254,4,3,0,4,4,3,30
4,3,4.0,285,3,16,0,14,25,2,30
5,7,27.0,53,5,3,0,5,6,2,15
4,1,22.0,164,3,7,0,10,22,2,26
4,2,4.0,254,4,11,0,16,37,1,30
5,1,20.0,151,4,22,0,11,18,0,29
4,3,4.0,285,3,21,1,15,31,0,30
4,3,4.0,285,3,13,0,10,47,3,30
4,3,4.0,285,3,4,0,16,130,1,30
4,3,4.0,285,3,1,0,1,16,3,30
4,3,6.0,303,1,11,2,2,40,3,23
4,3,6.0,303,1,6,1,7,120,0,23
4,3,6.0,303,1,1,2,3,30,3,23
4,3,6.0,303,1,5,0,8,41,2,23
4,3,29.0,325,4,6,0,4,79,1,16
4,3,29.0,325,4,0,1,2,2,0,16
4,3,29.0,325,4,12,0,3,30,1,16
4,5,6.0,277,4,17,0,5,6,3,23
4,5,6.0,277,4,23,0,15,85,1,23
4,5,6.0,277,4,3,0,14,110,3,23
4,5,6.0,277,4,13,0,2,2,3,23
4,5,6.0,277,4,13,0,0,96,3,23
4,5,6.0,277,4,12,0,5,6,2,23
4,5,12.0,327,2,17,0,2,3,4,28
4,5,12.0,327,2,16,0,0,12,3,28
4,3,29.0,325,4,21,1,13,48,0,16
4,3,29.0,325,4,11,1,14,126,4,16
4,3,29.0,325,4,3,3,6,7,0,16
4,3,29.0,325,4,22,2,1,67,2,16
4,3,29.0,325,4,0,1,10,22,0,16
4,5,6.0,277,4,16,0,10,23,0,23
4,5,6.0,277,4,16,1,11,18,0,23
4,5,6.0,277,4,11,1,6,116,4,23
4,5,12.0,327,2,3,0,10,47,1,28
4,5,14.0,36,5,23,0,6,7,0,5
4,3,29.0,325,4,17,0,11,58,2,16
4,5,15.0,200,6,16,0,1,67,0,1
4,5,15.0,200,6,8,0,16,37,0,1
4,5,21.0,351,5,5,0,9,95,2,21
4,5,21.0,351,5,12,0,11,94,0,21
4,5,21.0,351,5,12,1,7,62,4,21
4,5,21.0,351,5,2,0,10,12,1,21
4,5,21.0,351,5,14,2,8,41,2,21
4,6,6.0,83,3,17,0,2,92,2,23
4,6,6.0,83,3,15,0,5,6,3,23
4,6,6.0,83,3,2,0,11,133,2,23
4,6,6.0,83,3,12,0,12,80,0,23
4,6,6.0,83,3,1,0,13,29,1,23
4,10,5.0,336,0,5,2,5,6,3,24
4,10,5.0,336,0,2,0,10,43,0,24
4,9,21.0,362,3,11,0,12,104,4,21
4,7,11.0,197,4,21,1,13,48,0,9
4,7,13.0,238,6,0,0,13,36,1,25
4,7,19.0,330,5,8,0,1,35,3,10
4,7,19.0,330,5,1,0,0,64,2,10
4,7,21.0,81,3,5,0,6,89,4,21
4,7,19.0,330,5,13,1,4,127,4,10
4,3,4.0,285,3,5,0,15,31,1,30
4,3,4.0,285,3,3,2,11,133,3,30
4,3,6.0,303,1,20,0,11,15,1,23
4,3,6.0,303,1,19,0,2,2,1,23
4,5,14.0,36,5,8,0,12,84,2,5
4,3,6.0,303,1,9,0,8,118,1,23
4,3,29.0,325,4,13,0,1,59,2,16
4,3,29.0,325,4,17,1,7,122,4,16
4,5,6.0,277,4,17,2,14,106,0,23
4,5,6.0,277,4,21,1,5,6,0,23
4,5,6.0,277,4,11,1,11,15,4,23
4,5,6.0,277,4,23,1,10,22,1,23
4,5,6.0,277,4,21,1,16,37,0,23
4,5,6.0,277,4,13,0,2,86,4,23
4,5,6.0,277,4,1,0,13,29,0,23
4,5,6.0,277,4,18,2,2,2,0,23
4,1,15.0,1,3,4,0,8,27,4,1
4,2,17.0,6,2,16,0,0,64,0,6
4,2,17.0,6,2,23,0,13,21,1,6
4,1,22.0,164,3,16,1,2,92,0,26
4,4,9.0,18,6,14,0,8,9,4,12
4,1,13.0,207,5,19,3,3,103,4,25
5,7,27.0,53,5,13,0,11,15,2,15
4,1,22.0,164,3,10,0,2,2,1,26
0,11,1.0,222,3,19,0,12,56,4,7
4,1,22.0,164,3,15,0,11,55,4,26
5,3,11.0,337,6,10,0,4,82,2,9
5,2,22.0,209,3,13,1,15,108,1,26
4,1,22.0,164,3,17,0,5,12,0,26
5,3,1.0,180,2,17,0,13,13,1,7
5,0,30.0,228,2,22,3,0,68,0,19
4,4,28.0,218,4,4,1,0,53,4,18
4,1,22.0,164,3,0,1,5,12,0,26
5,2,4.0,254,2,13,1,13,28,1,30
4,9,14.0,106,3,1,0,7,129,4,5
5,6,20.0,215,6,18,1,5,64,0,29
4,7,30.0,42,1,17,0,10,22,1,19
4,7,30.0,42,1,2,3,14,24,3,19
4,5,13.0,184,4,13,0,2,2,2,25
4,10,31.0,135,6,3,1,14,24,1,20
5,8,11.0,306,5,13,0,16,37,2,9
4,1,24.0,64,1,2,1,7,129,4,14
4,5,29.0,24,6,16,0,2,86,1,16
4,6,23.0,84,2,19,1,10,12,0,17
4,6,23.0,84,2,15,3,5,64,3,17
4,6,30.0,145,2,4,0,3,115,3,19
4,10,20.0,223,1,11,1,0,26,1,29
5,11,8.0,283,4,13,2,8,41,3,8
5,4,19.0,142,0,15,0,4,138,2,10
5,4,19.0,142,0,14,1,10,47,1,10
4,2,14.0,231,3,2,1,15,31,2,5
5,2,27.0,136,5,22,1,9,49,1,15
5,2,27.0,136,5,4,1,10,12,2,15
4,7,20.0,266,6,1,0,14,24,0,29
4,6,23.0,84,2,13,0,0,68,0,17
4,10,21.0,341,2,17,0,9,49,1,21
4,10,30.0,157,5,17,1,11,90,4,19
4,10,30.0,157,5,13,1,9,95,4,19
2,2,15.0,220,5,17,0,12,83,4,1
4,8,23.0,102,4,13,0,1,11,2,17
4,4,14.0,345,4,4,1,13,38,0,5
4,2,22.0,209,0,18,0,12,100,4,26
4,2,22.0,209,0,1,1,1,11,0,26
4,1,13.0,207,5,2,0,2,123,4,25
4,1,13.0,207,5,14,0,10,23,2,25
4,1,22.0,164,3,8,0,2,86,1,26
4,1,22.0,164,3,4,0,10,23,1,26
4,1,12.0,353,4,11,0,10,22,1,28
4,8,6.0,87,0,11,0,9,27,2,23
4,8,15.0,72,2,6,0,10,23,1,1
4,8,15.0,72,2,3,0,9,83,3,1
4,8,15.0,72,2,12,0,5,6,0,1
4,8,15.0,72,2,18,0,9,58,2,1
4,8,15.0,72,2,1,2,1,11,4,1
4,8,15.0,72,2,18,2,1,67,0,1
4,8,16.0,73,4,17,1,11,124,2,2
4,8,16.0,73,4,11,0,15,31,4,2
4,8,16.0,73,4,13,1,13,38,0,2
4,8,16.0,73,4,23,0,4,79,3,2
4,8,16.0,73,4,8,1,16,72,2,2
4,3,29.0,325,4,5,1,7,54,4,16
1,6,1.0,158,2,17,0,6,91,1,7
4,8,16.0,73,4,11,0,9,109,3,2
4,8,21.0,46,1,17,0,13,99,3,21
4,8,21.0,46,1,6,0,10,43,1,21
4,8,21.0,46,1,0,1,0,77,1,21
4,8,21.0,46,1,23,0,10,47,3,21
4,8,21.0,46,1,5,0,14,25,1,21
4,8,21.0,46,1,15,0,5,12,2,21
4,8,24.0,85,5,0,1,7,111,0,14
4,8,15.0,72,2,1,3,10,12,2,1
4,8,24.0,85,5,14,0,1,11,3,14
4,8,24.0,85,5,7,3,5,6,3,14
4,4,5.0,235,1,17,1,5,6,0,24
5,0,20.0,172,3,1,3,3,103,0,29
5,0,28.0,249,0,6,0,6,7,1,18
4,5,14.0,36,5,12,0,1,59,1,5
4,5,14.0,36,5,14,1,6,7,0,5
4,8,6.0,87,0,6,1,0,64,0,23
4,4,28.0,218,4,18,2,5,6,3,18
4,5,14.0,36,5,19,0,8,33,1,5
4,5,15.0,200,6,23,0,10,22,2,1
4,5,15.0,200,6,20,0,14,24,2,1
4,9,19.0,234,5,12,0,0,64,1,10
4,5,15.0,200,6,9,0,13,21,1,1
4,8,6.0,87,0,15,0,13,29,4,23
4,7,12.0,181,5,11,0,8,9,4,28
4,5,21.0,351,5,3,0,0,64,0,21
4,2,4.0,254,4,16,1,9,87,0,30
4,8,6.0,87,0,8,0,4,4,4,23
4,3,28.0,187,2,18,0,15,39,4,18
4,5,21.0,351,5,12,2,11,58,4,21
4,2,4.0,254,4,21,0,9,101,2,30
4,1,22.0,164,3,4,0,8,27,1,26
4,3,28.0,187,2,18,1,13,29,2,18
4,2,4.0,254,4,17,1,11,122,0,30
4,1,22.0,164,3,1,0,8,9,3,26
4,1,22.0,164,3,4,0,6,14,3,26
4,1,22.0,164,3,22,3,5,12,0,26
4,8,6.0,87,0,17,0,14,32,1,23
4,8,6.0,87,0,16,0,16,50,1,23
4,8,6.0,87,0,10,0,2,86,1,23
4,8,6.0,87,0,16,0,0,53,0,23
4,8,6.0,87,0,16,1,8,9,0,23
4,8,6.0,87,0,13,0,16,139,2,23
4,8,15.0,72,2,9,0,0,26,3,1
4,8,16.0,73,4,3,0,13,69,3,2
4,8,16.0,73,4,2,0,10,52,3,2
4,8,21.0,46,1,2,0,7,57,1,21
4,8,24.0,85,5,22,0,4,5,0,14
4,7,4.0,186,4,14,0,3,103,0,30
4,8,24.0,85,5,22,1,3,79,1,14
4,8,24.0,85,5,12,0,15,96,0,14
4,8,24.0,85,5,9,0,11,133,1,14
4,8,24.0,85,5,1,0,11,18,1,14
4,8,15.0,72,2,16,1,15,51,0,1
4,8,15.0,72,2,20,0,6,7,2,1
4,8,15.0,72,2,14,0,4,4,3,1
4,8,15.0,72,2,9,0,1,59,3,1
4,8,16.0,73,4,5,2,5,6,3,2
4,8,16.0,73,4,11,0,8,41,1,2
4,8,16.0,73,4,14,0,6,89,0,2
5,6,1.0,158,0,5,0,12,61,1,7
4,8,21.0,46,1,0,2,10,23,3,21
4,8,21.0,46,1,3,0,9,57,0,21
4,8,21.0,46,1,4,1,11,18,1,21
4,8,24.0,85,5,11,0,1,35,4,14
4,8,24.0,85,5,4,0,2,92,0,14
4,4,5.0,235,1,17,2,13,69,3,24
4,4,5.0,235,1,11,0,4,127,4,24
4,4,5.0,235,1,11,0,8,118,3,24
4,4,5.0,235,1,16,1,2,123,0,24
5,0,11.0,10,5,8,0,0,31,2,9
5,0,11.0,10,5,14,2,2,2,0,9
5,0,12.0,113,6,23,1,11,18,1,28
5,0,21.0,287,0,17,3,1,35,3,21
5,0,20.0,172,3,19,1,9,58,4,29
5,0,21.0,287,0,22,0,13,29,2,21
5,0,28.0,249,0,10,0,0,77,1,18
5,0,28.0,249,0,0,1,11,18,1,18
5,0,28.0,249,0,19,0,10,6,3,18
5,0,29.0,191,1,23,0,16,74,1,16
5,0,29.0,191,1,10,1,11,133,0,16
5,0,28.0,249,0,22,0,9,54,2,18
4,11,12.0,118,1,11,0,9,87,1,28
4,11,12.0,118,1,4,2,7,78,0,28
4,11,30.0,170,6,22,1,14,125,2,19
4,9,11.0,52,4,6,1,0,64,0,9
4,9,11.0,52,4,0,0,13,21,1,9
4,9,11.0,52,4,2,0,2,86,0,9
4,9,11.0,52,4,3,0,1,67,3,9
4,9,11.0,52,4,4,0,10,23,1,9
4,9,21.0,362,3,10,0,8,27,1,21
4,7,4.0,186,4,13,2,14,88,3,30
4,7,4.0,186,4,5,0,9,54,2,30
4,7,4.0,186,4,19,2,12,80,0,30
4,7,4.0,186,4,18,0,10,22,1,30
4,7,11.0,197,4,6,1,10,52,0,9
4,7,11.0,197,4,2,0,0,12,2,9
4,7,13.0,238,6,1,0,8,9,3,25
4,7,13.0,238,6,14,0,3,79,1,25
4,7,19.0,330,5,8,2,12,61,3,10
4,7,19.0,330,5,18,0,10,22,1,10
4,7,21.0,81,3,16,0,9,57,3,21
4,7,19.0,330,5,20,1,3,76,4,10
4,3,4.0,285,3,20,0,13,36,4,30
4,3,4.0,285,3,4,0,10,47,0,30
4,3,4.0,285,3,2,0,8,41,2,30
4,3,4.0,285,3,18,1,6,7,0,30
4,3,6.0,303,1,16,1,6,89,1,23
4,3,6.0,303,1,19,0,14,24,0,23
4,3,6.0,303,1,12,0,2,86,1,23
4,3,6.0,303,1,4,0,15,31,3,23
4,3,6.0,303,1,12,0,2,69,0,23
4,3,29.0,325,4,15,0,13,48,0,16
4,5,6.0,277,4,14,0,14,34,1,23
4,5,12.0,327,2,6,1,16,37,2,28
4,5,12.0,327,2,22,0,4,4,3,28
4,5,12.0,327,2,6,2,10,47,3,28
4,7,11.0,197,4,20,0,5,6,0,9
4,7,11.0,197,4,8,0,12,56,1,9
4,7,11.0,197,4,12,0,8,9,1,9
4,7,13.0,238,6,17,1,11,117,0,25
4,7,13.0,238,6,3,3,9,57,0,25
4,5,21.0,351,5,9,0,14,97,4,21
4,6,6.0,83,3,13,2,8,27,1,23
4,6,6.0,83,3,12,1,12,56,1,23
4,3,28.0,187,2,9,1,2,2,0,18
4,5,12.0,327,2,3,0,8,9,0,28
4,10,5.0,336,0,11,0,10,52,1,24
4,3,28.0,187,2,11,1,0,64,1,18
4,10,5.0,336,0,19,0,16,74,2,24
4,5,3.0,161,0,8,2,1,1,3,27
5,2,3.0,282,1,18,0,12,84,1,27
4,3,14.0,33,2,13,1,2,71,4,5
5,2,11.0,297,2,16,0,5,12,3,9
4,3,14.0,33,2,23,1,2,71,4,5
5,2,11.0,297,2,0,2,5,12,1,9
4,6,5.0,342,6,19,1,4,75,0,24
4,1,23.0,69,0,7,1,1,105,0,17
4,6,5.0,342,6,3,0,3,70,2,24
5,4,20.0,115,1,18,0,16,50,0,29
4,6,28.0,309,0,17,1,12,61,4,18
5,3,1.0,180,2,14,1,13,48,4,7
4,10,22.0,314,4,18,1,7,20,4,26
5,4,5.0,235,0,2,1,10,47,0,24
5,10,10.0,245,5,17,1,2,69,1,4
4,6,21.0,193,0,15,0,6,7,2,21
4,6,22.0,185,1,13,2,10,22,0,26
5,1,20.0,151,4,17,0,11,18,4,29
4,10,22.0,314,4,13,1,12,56,4,26
4,10,23.0,247,5,9,2,14,24,3,17
4,10,23.0,247,5,1,0,9,49,2,17
4,10,23.0,247,5,6,1,14,32,1,17
4,1,4.0,286,2,16,2,3,30,3,30
4,1,4.0,286,2,1,2,1,35,3,30
4,1,6.0,97,5,17,1,4,45,0,23
4,1,6.0,97,5,21,1,3,103,0,23
4,1,6.0,97,5,14,0,1,1,3,23
4,1,7.0,32,6,7,0,9,95,4,11
4,1,6.0,97,5,16,0,0,77,0,23
4,1,7.0,32,6,3,0,10,47,0,11
4,1,7.0,32,6,13,0,14,24,3,11
4,10,5.0,336,0,19,1,5,6,0,24
4,10,15.0,60,4,14,0,6,89,3,1
4,10,23.0,247,5,20,1,4,4,4,17
4,10,23.0,247,5,6,1,14,107,0,17
4,10,23.0,247,5,13,0,0,12,1,17
4,10,23.0,247,5,15,0,8,9,2,17
4,10,23.0,247,5,2,0,9,58,3,17
4,10,23.0,247,5,22,1,13,36,1,17
4,10,23.0,247,5,4,0,2,3,3,17
4,10,23.0,247,5,12,0,4,136,3,17
4,10,23.0,247,5,9,0,12,61,1,17
4,1,4.0,286,2,16,0,4,136,4,30
4,1,4.0,286,2,0,0,12,61,3,30
4,1,4.0,286,2,10,2,12,58,4,30
4,1,4.0,286,2,1,0,2,2,1,30
4,7,4.0,186,4,5,3,12,56,4,30
4,1,4.0,286,2,12,0,12,83,2,30
4,1,4.0,286,2,4,0,15,46,2,30
4,1,6.0,97,5,15,0,2,86,0,23
4,1,6.0,97,5,8,0,13,99,4,23
4,1,6.0,97,5,2,0,10,43,1,23
4,1,7.0,32,6,6,1,0,26,0,11
4,1,7.0,32,6,0,0,6,128,1,11
4,10,15.0,60,4,13,1,14,126,1,1
4,1,7.0,32,6,19,0,2,92,1,11
4,1,12.0,353,4,9,0,12,104,1,28
4,1,12.0,353,4,9,0,6,89,1,28
4,1,13.0,207,5,21,0,14,32,3,25
5,4,20.0,115,1,17,0,9,49,2,29
4,2,16.0,220,1,19,1,12,61,4,2
4,2,16.0,220,1,18,0,10,52,1,2
4,2,16.0,220,1,4,2,7,120,3,2
4,2,16.0,220,1,8,0,8,118,3,2
4,2,30.0,131,1,18,1,7,20,1,19
5,2,20.0,264,5,14,1,0,12,1,29
4,11,29.0,270,5,9,2,11,90,3,16
4,3,3.0,182,6,11,0,16,37,2,27
4,3,5.0,324,0,6,0,8,33,2,24
4,5,13.0,184,4,9,1,0,12,0,25
4,5,20.0,214,4,17,0,7,78,1,29
4,6,29.0,335,1,16,0,8,118,4,16
4,10,14.0,174,2,1,0,13,38,2,5
5,2,11.0,297,2,0,1,2,2,0,9
5,2,11.0,297,2,1,2,9,93,3,9
5,2,14.0,231,6,17,0,8,65,2,5
5,2,14.0,231,6,5,1,9,134,4,5
5,2,14.0,231,6,20,1,2,69,4,5
5,2,28.0,257,6,21,1,1,1,2,18
5,2,28.0,257,6,11,0,10,47,1,18
5,2,28.0,257,6,17,0,2,86,2,18
5,2,28.0,257,6,3,0,5,6,2,18
5,2,28.0,257,6,15,3,3,30,0,18
5,2,28.0,257,6,2,2,0,31,3,18
5,2,28.0,257,6,22,0,2,60,2,18
5,2,28.0,257,6,1,0,13,48,1,18
5,2,29.0,140,3,13,0,10,47,3,16
5,2,29.0,140,3,11,0,13,38,1,16
5,2,29.0,140,3,13,1,1,105,4,16
5,2,29.0,140,3,2,0,13,48,0,16
4,10,14.0,174,2,20,1,10,22,0,5
4,1,21.0,45,6,18,2,6,89,3,21
4,1,21.0,45,6,22,1,8,118,1,21
4,8,13.0,189,0,13,0,1,59,1,25
4,8,13.0,189,0,13,0,1,11,2,25
4,8,14.0,296,1,15,0,8,19,4,5
5,4,13.0,221,1,18,3,16,139,4,25
4,8,5.0,101,3,19,0,14,32,1,24
4,4,31.0,67,3,13,0,2,86,2,20
4,6,20.0,215,3,4,0,9,10,4,29
5,0,5.0,122,6,12,1,6,7,0,24
5,0,5.0,122,6,14,1,0,53,0,24
5,0,4.0,229,5,17,3,8,9,4,30
5,2,12.0,128,4,8,1,0,64,0,28
5,2,20.0,264,5,20,0,3,70,1,29
4,11,29.0,270,5,19,0,8,41,1,16
4,11,29.0,270,5,1,3,4,127,0,16
4,11,29.0,270,5,19,3,5,6,0,16
4,5,5.0,96,2,14,1,7,31,0,24
4,1,14.0,183,6,0,1,16,50,0,5
4,1,21.0,45,6,13,0,9,102,3,21
5,10,1.0,208,2,19,0,1,67,4,7
4,9,21.0,362,3,13,1,0,26,2,21
4,4,5.0,235,1,18,0,13,99,2,24
4,2,6.0,251,6,10,1,10,47,1,23
4,2,23.0,230,1,20,1,9,10,4,17
5,6,1.0,158,0,7,0,15,96,1,7
4,3,29.0,325,4,13,0,9,10,2,16
4,4,13.0,221,2,1,1,9,83,4,25
4,0,8.0,9,2,13,0,8,118,1,8
4,7,6.0,93,6,14,0,2,35,3,23
4,3,29.0,325,4,9,1,1,59,0,16
4,5,9.0,206,3,6,1,4,4,1,12
4,5,27.0,328,4,9,1,14,32,0,15
5,2,28.0,257,6,8,0,15,114,2,18
5,0,21.0,287,0,17,1,13,29,4,21
4,11,30.0,170,6,1,1,6,7,1,19
4,1,23.0,69,0,6,1,15,39,1,17
4,1,23.0,69,0,0,0,15,114,3,17
4,1,24.0,64,1,3,0,14,110,1,14
4,1,31.0,305,1,22,0,6,132,3,20
4,1,31.0,305,1,21,0,6,7,3,20
4,1,31.0,305,1,20,0,8,19,3,20
4,8,4.0,299,6,6,0,13,21,3,30
4,11,20.0,340,2,9,0,1,35,4,29
4,11,29.0,270,5,3,1,1,105,4,16
4,9,14.0,106,3,21,1,10,47,0,5
4,0,31.0,290,5,7,1,0,26,1,20
4,0,31.0,290,5,17,1,9,9,0,20
4,0,31.0,290,5,23,0,5,12,3,20
4,2,25.0,233,4,16,0,6,7,3,13
4,2,25.0,233,4,23,0,13,121,3,13
4,10,4.0,356,3,18,0,10,22,1,30
4,4,30.0,139,6,2,0,9,10,4,19
4,2,25.0,233,4,18,2,10,22,1,13
4,0,6.0,260,0,21,0,7,20,3,23
4,0,13.0,198,0,6,0,4,66,3,25
4,0,15.0,190,2,23,1,0,12,0,1
4,0,15.0,190,2,4,0,13,48,3,1
4,0,22.0,241,2,6,0,0,12,3,26
4,0,22.0,241,2,9,0,3,30,1,26
4,2,20.0,264,6,12,0,1,59,2,29
4,5,10.0,155,0,2,0,16,72,0,4
4,5,8.0,199,6,2,0,12,56,2,8
4,4,12.0,134,1,4,1,1,105,4,28
4,5,1.0,109,6,17,0,11,90,1,7
4,0,2.0,47,4,20,0,4,45,4,22
4,7,30.0,42,1,13,1,3,30,1,19
4,3,3.0,182,6,20,1,1,59,1,27
4,3,3.0,182,6,4,0,8,41,1,27
4,3,5.0,324,0,15,0,13,69,0,24
4,3,11.0,337,3,0,1,10,52,0,9
4,3,19.0,138,0,21,0,2,2,3,10
4,3,19.0,138,0,3,0,5,12,1,10
4,3,19.0,138,0,2,0,10,22,1,10
4,3,30.0,304,5,17,0,2,71,4,19
4,3,30.0,304,5,0,1,11,133,4,19
4,3,30.0,304,5,15,0,2,69,0,19
4,3,21.0,338,2,19,0,15,96,3,21
4,3,30.0,304,5,12,2,1,59,3,19
4,3,30.0,304,5,19,0,13,38,0,19
4,2,13.0,276,6,14,0,6,7,3,25
3,10,26.0,61,6,12,0,1,35,4,3
4,3,4.0,285,3,1,1,13,48,4,30
4,3,29.0,325,4,8,0,1,16,0,16
4,2,13.0,276,6,8,1,9,134,2,25
4,3,22.0,166,4,13,1,15,114,4,26
4,5,5.0,96,2,16,0,4,82,3,24
4,5,5.0,96,2,5,0,1,1,1,24
4,5,11.0,326,1,2,0,2,71,3,9
4,5,13.0,184,4,15,0,12,61,1,25
4,5,13.0,184,4,19,0,10,22,1,25
4,5,20.0,214,4,0,2,9,101,3,29
4,5,20.0,214,4,10,1,3,76,4,29
4,5,23.0,168,3,2,0,5,64,3,17
4,5,23.0,168,3,4,0,16,72,1,17
4,5,28.0,259,5,6,2,8,9,3,18
4,5,28.0,259,5,13,0,9,63,1,18
4,5,28.0,259,5,12,0,2,86,4,18
4,5,28.0,259,5,22,0,9,87,1,18
4,6,3.0,99,4,0,1,4,127,0,27
4,6,3.0,99,4,19,0,10,47,0,27
4,0,22.0,241,2,1,0,3,30,3,26
4,0,30.0,228,4,17,0,13,38,1,19
4,0,31.0,290,5,18,0,12,61,1,20
4,4,13.0,221,2,13,0,2,69,0,25
4,10,4.0,356,3,18,0,5,12,1,30
4,7,30.0,42,1,3,0,4,66,3,19
4,0,13.0,198,0,3,2,0,31,2,25
4,2,20.0,264,6,18,0,13,38,2,29
4,2,15.0,130,0,16,1,7,78,0,1
4,0,4.0,229,6,22,3,9,93,1,30
4,4,21.0,339,4,16,0,16,37,2,21
4,3,12.0,104,0,10,1,7,111,0,28
4,10,21.0,341,2,2,0,5,6,0,21
4,10,4.0,356,3,9,2,2,86,2,30
4,3,5.0,324,0,10,1,7,120,0,24
4,4,21.0,339,4,10,0,16,113,2,21
4,3,5.0,324,0,2,2,4,75,3,24
4,10,4.0,356,3,1,0,0,77,2,30
4,3,12.0,104,0,13,0,11,18,1,28
4,10,21.0,341,2,1,1,3,103,4,21
4,4,22.0,152,5,13,2,4,79,0,26
4,3,11.0,337,3,13,1,4,66,4,9
4,10,7.0,243,2,9,2,3,30,0,11
4,8,12.0,284,3,11,0,5,6,3,28
4,10,12.0,333,0,12,2,12,80,0,28
4,10,13.0,346,1,16,0,10,47,3,25
4,10,13.0,346,1,10,2,10,22,2,25
4,10,13.0,346,1,22,0,4,82,3,25
4,10,20.0,223,1,6,0,11,15,0,29
4,10,20.0,223,1,22,0,15,31,1,29
4,10,20.0,223,1,5,3,11,15,1,29
4,10,20.0,223,1,18,0,7,57,1,29
4,8,29.0,301,2,22,0,9,93,4,16
4,4,6.0,176,2,15,0,8,41,3,23
4,11,4.0,275,0,22,3,11,15,0,30
4,7,28.0,34,3,12,1,4,75,1,18
4,3,20.0,105,1,4,1,7,62,0,29
4,9,28.0,315,3,2,0,3,30,1,18
4,4,8.0,292,5,12,3,6,7,0,8
4,4,8.0,292,5,4,0,1,11,4,8
4,4,14.0,345,4,17,0,15,114,1,5
4,4,14.0,345,4,22,0,16,74,2,5
4,9,14.0,106,3,6,0,10,22,1,5
4,9,14.0,106,3,20,0,9,10,0,5
4,9,14.0,106,3,3,2,2,92,1,5
4,9,14.0,106,3,2,0,10,47,2,5
4,7,3.0,269,2,14,0,2,2,1,27
4,7,6.0,93,6,16,0,8,9,3,23
4,7,6.0,93,6,22,2,2,69,0,23
4,9,3.0,217,2,1,0,13,38,4,27
4,7,6.0,93,6,4,0,6,73,0,23
4,7,6.0,93,6,1,0,1,105,4,23
0,3,1.0,180,6,17,0,15,112,1,7
4,3,5.0,324,0,7,0,4,79,1,24
4,3,11.0,337,3,1,1,2,35,0,9
4,3,19.0,138,0,16,0,10,47,2,10
4,3,19.0,138,0,4,0,9,63,4,10
4,10,14.0,174,2,22,0,3,79,1,5
4,3,3.0,182,6,1,1,10,22,1,27
4,10,26.0,61,0,1,3,3,44,3,3
4,11,18.0,332,0,17,0,12,80,3,0
4,5,19.0,146,2,1,1,7,137,4,10
4,5,19.0,146,2,13,1,6,128,1,10
4,4,22.0,152,5,17,0,13,21,2,26
4,4,30.0,139,6,17,1,9,57,0,19
4,4,30.0,139,6,4,2,10,47,3,19
4,2,21.0,108,3,14,0,10,47,3,21
4,2,21.0,108,3,4,1,12,83,4,21
4,2,22.0,209,0,17,0,12,121,3,26
4,2,24.0,22,2,11,0,2,2,1,14
4,2,22.0,209,0,13,1,1,16,4,26
4,6,23.0,84,2,5,1,11,133,1,17
4,6,28.0,309,0,19,2,7,57,1,18
4,10,4.0,356,3,0,1,0,26,0,30
4,10,4.0,356,3,3,0,0,12,0,30
4,10,7.0,243,2,3,0,7,57,1,11
4,10,12.0,333,0,11,0,4,79,3,28
4,10,4.0,356,3,14,1,7,54,4,30
4,10,13.0,346,1,0,0,5,6,2,25
4,10,20.0,223,1,15,0,5,6,3,29
4,10,20.0,223,1,3,0,5,6,2,29
5,0,1.0,8,1,17,0,12,80,1,7
4,3,1.0,180,4,18,2,5,12,3,7
4,3,10.0,4,6,21,1,5,12,1,4
4,3,10.0,4,6,5,1,8,9,0,4
4,5,2.0,307,3,12,3,3,70,4,22
4,5,17.0,212,0,8,1,4,45,1,6
4,5,27.0,328,4,22,0,9,49,3,15
4,6,27.0,116,3,2,1,6,7,0,15
4,10,27.0,302,1,22,0,6,89,1,15
4,1,26.0,248,4,9,1,13,36,1,3
4,4,12.0,134,1,18,0,8,9,4,28
4,4,12.0,134,1,18,1,7,111,0,28
4,9,1.0,126,0,8,0,13,99,3,7
4,3,9.0,44,5,22,0,10,22,1,12
4,10,11.0,298,3,15,3,0,77,1,9
4,6,26.0,348,6,10,0,13,38,1,3
4,1,27.0,262,5,13,1,16,139,4,15
4,9,2.0,323,1,4,1,9,83,4,22
4,9,3.0,217,2,21,0,5,6,0,27
4,9,4.0,295,4,9,2,1,59,3,30
4,9,12.0,177,5,6,1,0,26,1,28
4,9,12.0,177,5,22,1,7,137,1,28
4,9,14.0,106,3,12,0,10,47,3,5
4,11,22.0,250,5,17,1,14,24,1,26
4,4,23.0,30,6,16,0,13,75,3,17
4,5,23.0,168,3,5,0,13,29,0,17
4,1,29.0,112,3,16,0,14,24,3,16
4,2,14.0,231,3,16,1,4,66,0,5
4,3,12.0,104,0,15,0,9,27,2,28
4,2,14.0,231,3,3,0,5,6,3,5
4,3,12.0,104,0,12,0,10,23,3,28
4,2,15.0,130,0,11,1,11,58,4,1
4,7,6.0,93,6,12,0,6,14,3,23
4,2,15.0,130,0,3,0,10,47,3,1
4,5,24.0,58,0,17,0,14,110,4,14
4,7,30.0,42,1,22,0,0,26,1,19
4,9,21.0,362,3,13,0,3,30,2,21
4,0,14.0,5,1,15,0,1,81,1,5
4,7,30.0,42,1,18,0,6,91,1,19
4,3,21.0,338,2,16,0,3,115,1,21
4,7,21.0,81,3,15,0,4,75,1,21
4,3,30.0,304,5,20,1,0,64,1,19
4,4,23.0,30,6,23,1,6,7,0,17
4,11,29.0,270,5,22,0,0,12,2,16
4,7,30.0,42,1,21,0,14,125,3,19
4,8,22.0,354,2,1,0,2,2,1,26
4,8,21.0,46,1,13,1,12,56,4,21
4,5,5.0,96,2,0,1,12,80,4,24
4,4,23.0,30,6,8,0,6,91,2,17
4,11,29.0,270,5,13,0,10,47,3,16
4,3,3.0,182,6,18,2,6,91,3,27
4,3,11.0,337,3,2,1,3,79,0,9
4,4,5.0,235,1,7,0,4,5,1,24
4,3,3.0,182,6,2,0,14,24,2,27
4,11,29.0,270,5,19,0,0,64,3,16
4,4,31.0,67,3,21,0,2,2,2,20
4,5,13.0,184,4,0,1,0,26,0,25
4,3,21.0,338,2,14,1,5,6,0,21
4,9,26.0,267,5,13,0,2,86,1,3
4,3,4.0,285,3,16,1,15,85,1,30
4,3,5.0,324,0,20,1,9,102,4,24
4,9,2.0,323,1,9,2,2,40,3,22
4,4,18.0,26,0,4,1,0,12,0,0
4,3,21.0,338,2,14,0,4,136,4,21
5,5,9.0,206,6,9,0,1,105,4,12
4,2,7.0,153,3,21,1,8,19,0,11
4,9,4.0,295,4,17,1,1,105,0,30
4,5,20.0,214,4,21,1,11,15,0,29
4,4,25.0,20,0,22,1,10,47,1,13
4,3,22.0,166,4,18,0,5,6,3,26
4,2,13.0,276,6,11,1,8,33,0,25
4,3,5.0,324,0,8,0,5,64,3,24
4,9,4.0,295,4,7,1,10,47,0,30
4,4,16.0,25,6,22,0,0,77,1,2
4,10,19.0,117,0,19,1,13,38,0,10
4,4,19.0,142,1,6,1,6,7,2,10
4,7,1.0,98,0,17,1,10,43,1,7
4,9,2.0,323,1,2,0,2,86,2,22
4,9,3.0,217,2,12,0,14,25,3,27
4,9,2.0,323,1,14,0,6,7,4,22
4,9,12.0,177,5,17,0,1,11,1,28
4,9,12.0,177,5,10,0,8,65,3,28
4,9,12.0,177,5,3,0,4,76,3,28
4,5,28.0,259,5,13,0,10,23,1,18
4,10,6.0,242,1,18,0,4,127,2,23
4,8,22.0,354,2,18,0,7,78,4,26
4,4,6.0,176,2,15,0,6,7,3,23
4,4,6.0,176,2,22,1,13,13,1,23
4,4,8.0,292,5,0,1,11,18,1,8
4,4,14.0,345,4,11,0,3,103,3,5
4,4,14.0,345,4,7,1,3,115,0,5
4,4,14.0,345,4,22,2,5,6,0,5
4,4,21.0,339,4,20,1,11,15,1,21
4,4,21.0,339,4,22,0,8,27,3,21
4,4,21.0,339,4,10,1,11,15,4,21
4,4,21.0,339,4,19,1,7,129,4,21
4,4,21.0,339,4,12,0,0,12,0,21
4,4,21.0,339,4,14,2,11,133,3,21
4,7,28.0,34,3,14,3,5,6,3,18
4,4,22.0,152,5,6,0,9,93,3,26
4,4,22.0,152,5,15,1,11,94,4,26
4,4,22.0,152,5,3,1,1,81,4,26
4,4,30.0,139,6,5,1,12,56,4,19
4,4,30.0,139,6,14,0,10,22,3,19
4,4,6.0,176,2,4,2,10,22,1,23
4,4,9.0,18,6,8,0,9,95,0,12
4,2,20.0,264,6,14,1,9,57,4,29
4,2,20.0,264,6,18,1,16,113,3,29
4,2,20.0,264,6,8,0,11,117,3,29
4,2,11.0,297,4,3,0,1,16,2,9
4,1,27.0,262,5,16,3,6,7,3,15
4,4,3.0,279,3,13,2,4,75,3,27
4,4,27.0,274,2,17,1,9,49,1,15
4,9,12.0,177,5,8,1,2,86,1,28
4,9,12.0,177,5,12,0,6,73,1,28
4,9,12.0,177,5,8,1,11,133,1,28
4,9,14.0,106,3,11,0,5,6,2,5
4,9,14.0,106,3,19,0,10,22,2,5
4,7,3.0,269,2,16,0,0,26,3,27
4,7,3.0,269,2,20,0,12,84,1,27
4,7,6.0,93,6,5,2,6,14,3,23
4,7,6.0,93,6,3,1,2,86,2,23
4,7,6.0,93,6,9,0,10,47,2,23
4,7,30.0,42,1,16,0,0,12,3,19
4,3,3.0,182,6,10,2,10,23,0,27
4,9,14.0,106,3,5,0,14,88,2,5
4,3,5.0,324,0,20,2,5,6,0,24
4,3,5.0,324,0,4,0,10,12,1,24
4,3,11.0,337,3,22,1,1,59,4,9
4,3,12.0,104,0,17,0,11,15,2,28
4,4,6.0,176,2,21,1,15,31,0,23
4,4,6.0,176,2,9,0,14,24,1,23
4,4,8.0,292,5,5,0,2,123,2,8
4,4,14.0,345,4,12,2,0,0,3,5
4,4,22.0,152,5,21,1,11,15,0,26
4,5,4.0,114,1,1,2,4,75,3,30
4,2,14.0,231,3,0,1,2,2,0,5
4,2,14.0,231,3,21,1,11,8,2,5
4,2,14.0,231,3,8,0,9,95,2,5
4,2,21.0,108,3,6,2,5,12,3,21
4,2,22.0,209,0,6,0,5,6,3,26
4,2,22.0,209,0,17,0,9,27,3,26
4,2,24.0,22,2,7,1,14,25,4,14
4,2,24.0,22,2,3,1,11,133,4,14
4,2,24.0,22,2,9,1,14,32,4,14
4,2,24.0,22,2,8,0,2,35,3,14
4,2,25.0,233,4,9,2,13,48,3,13
4,0,6.0,260,0,23,0,7,20,1,23
4,0,6.0,260,0,4,0,11,90,3,23
4,5,23.0,168,3,14,2,7,120,3,17
4,5,14.0,36,5,17,1,12,135,1,5
4,9,2.0,323,1,18,1,9,27,0,22
4,8,4.0,299,6,5,1,8,9,1,30
4,3,11.0,337,3,6,1,15,114,0,9
4,7,11.0,197,4,14,0,11,133,0,9
4,9,4.0,295,4,1,0,12,61,1,30
4,3,20.0,105,1,9,2,6,89,1,29
4,2,25.0,233,4,19,1,12,61,4,13
4,2,21.0,108,3,12,0,10,47,3,21
4,2,17.0,6,2,2,1,1,1,4,6
4,3,11.0,337,3,5,2,10,47,3,9
4,0,6.0,260,0,0,2,5,6,0,23
4,8,4.0,299,6,1,0,10,43,3,30
4,11,22.0,250,5,6,1,10,22,1,26
4,6,4.0,159,5,17,0,2,123,3,30
4,3,11.0,337,3,11,1,2,86,1,9
4,9,19.0,234,5,5,0,5,6,0,10
4,3,30.0,304,5,4,2,8,118,3,19
4,3,22.0,166,4,15,0,2,2,4,26
4,11,22.0,250,5,2,0,10,22,1,26
4,11,22.0,250,5,4,1,15,31,2,26
4,1,8.0,62,3,1,0,10,22,1,8
4,9,8.0,90,0,7,1,15,51,1,8
4,11,22.0,250,5,12,0,3,76,2,26
4,11,29.0,270,5,19,0,6,116,4,16
4,11,29.0,270,5,17,3,9,101,4,16
4,9,2.0,323,1,14,0,14,88,0,22
4,9,3.0,217,2,12,2,11,133,0,27
4,9,3.0,217,2,18,2,7,57,3,27
4,9,3.0,217,2,8,1,5,64,1,27
4,5,28.0,259,5,8,0,0,12,2,18
3,8,1.0,66,0,14,0,3,44,4,7
4,6,13.0,317,3,14,0,11,117,3,25
4,6,13.0,317,3,1,0,8,27,1,25
4,9,12.0,177,5,14,0,10,22,3,28
4,9,14.0,106,3,11,0,4,4,1,5
4,9,14.0,106,3,8,1,13,48,4,5
4,9,4.0,295,4,19,3,11,15,0,30
4,7,6.0,93,6,22,1,15,114,1,23
4,10,3.0,310,6,18,0,8,9,3,27
4,10,3.0,310,6,11,0,9,102,2,27
3,10,5.0,336,6,17,0,8,41,1,24
4,9,23.0,167,1,8,1,13,21,4,17
4,7,27.0,53,6,20,0,16,37,0,15
5,6,27.0,116,6,2,1,4,66,2,15
4,10,10.0,245,6,9,1,0,31,0,4
4,10,19.0,117,0,18,0,13,28,3,10
4,10,20.0,223,1,17,0,13,48,4,29
4,10,22.0,314,4,6,0,6,91,3,26
4,10,4.0,356,3,2,1,8,9,1,30
4,10,29.0,318,4,3,0,10,47,0,16
4,1,15.0,1,3,16,2,6,7,0,1
4,1,29.0,112,3,6,0,3,44,3,16
4,1,29.0,112,3,9,1,14,125,4,16
4,1,30.0,100,0,4,2,14,25,3,19
4,8,22.0,354,2,22,0,6,89,3,26
4,8,22.0,354,2,13,0,14,97,4,26
4,4,6.0,176,2,2,0,2,92,3,23
4,10,29.0,318,4,6,0,0,77,3,16
4,10,30.0,157,5,3,0,16,139,1,19
4,1,15.0,1,3,11,3,0,12,3,1
4,1,15.0,1,3,3,1,2,3,4,1
4,1,29.0,112,3,12,0,9,95,4,16
4,1,29.0,112,3,2,0,12,100,3,16
4,1,30.0,100,0,0,1,10,23,1,19
4,1,30.0,100,0,22,0,13,99,2,19
4,8,22.0,354,2,11,0,2,2,1,26
3,11,1.0,222,2,5,0,14,25,1,7
4,10,26.0,61,0,17,0,15,96,1,3
4,3,2.0,120,5,8,0,4,82,1,22
4,8,23.0,102,4,13,0,14,34,2,17
4,8,23.0,102,4,5,0,6,7,4,17
4,8,29.0,301,2,13,0,0,77,0,16
4,4,6.0,176,2,13,0,10,12,3,23
4,7,5.0,204,5,14,0,6,14,2,24
4,4,8.0,292,5,8,0,10,12,3,8
4,10,12.0,333,0,19,0,11,55,3,28
4,10,20.0,223,1,17,0,14,24,1,29
4,10,21.0,341,2,17,0,3,70,3,21
4,10,21.0,341,2,21,0,1,11,4,21
4,10,22.0,314,4,11,0,2,2,3,26
4,10,22.0,314,4,2,0,10,22,3,26
4,10,29.0,318,4,2,1,11,90,1,16
4,10,29.0,318,4,3,0,11,15,2,16
4,10,29.0,318,4,18,0,10,22,1,16
4,10,29.0,318,4,12,0,15,114,1,16
4,10,30.0,157,5,17,1,5,12,0,19
4,10,30.0,157,5,0,1,16,50,1,19
4,1,15.0,1,3,5,1,12,135,4,1
4,1,30.0,100,0,6,1,7,57,0,19
4,8,22.0,354,2,4,0,13,48,3,26
4,8,23.0,102,4,20,0,13,21,3,17
4,4,8.0,292,5,6,2,5,6,0,8
4,4,8.0,292,5,4,0,3,70,3,8
4,4,13.0,221,2,18,0,2,86,0,25
4,4,14.0,345,4,3,1,5,12,0,5
4,4,13.0,221,2,14,0,10,22,0,25
4,3,20.0,105,1,18,2,11,117,3,29
4,4,21.0,339,4,5,1,5,0,1,21
4,6,7.0,169,0,3,0,11,55,0,11
4,3,11.0,337,3,18,2,2,86,1,9
4,8,5.0,101,3,20,2,16,130,1,24
4,6,7.0,169,0,13,1,11,18,1,11
4,6,12.0,162,6,20,0,10,23,1,28
4,7,12.0,181,5,6,1,5,64,0,28
4,3,12.0,104,0,16,1,11,15,4,28
4,3,12.0,104,0,10,0,5,6,0,28
4,3,12.0,104,0,4,0,2,86,1,28
4,3,16.0,263,5,7,1,10,47,0,2
5,5,17.0,212,3,20,1,3,30,1,6
5,5,18.0,195,0,12,1,4,138,4,0
5,10,2.0,358,4,5,2,1,59,0,22
5,6,1.0,158,0,17,1,13,69,1,7
4,7,4.0,186,4,9,0,16,130,1,30
4,3,16.0,263,5,11,1,1,59,1,2
4,4,20.0,115,2,18,0,5,64,0,29
4,7,19.0,330,5,18,1,2,3,0,10
4,7,19.0,330,5,12,1,9,93,4,10
4,7,21.0,81,3,15,0,2,60,2,21
5,10,1.0,208,2,1,0,6,116,1,7
5,10,20.0,223,0,9,0,0,77,1,29
5,10,20.0,223,0,13,0,6,7,4,29
5,10,20.0,223,0,15,1,8,9,4,29
4,4,28.0,218,4,19,3,9,109,4,18
4,3,26.0,343,0,9,0,2,86,3,3
4,5,2.0,307,3,8,0,9,95,3,22
5,8,7.0,70,0,13,3,0,85,1,11
4,2,30.0,131,1,17,1,10,47,1,19
4,0,7.0,15,1,15,0,13,99,4,11
4,0,7.0,15,1,14,1,7,120,0,11
4,3,21.0,338,2,19,0,5,12,0,21
4,3,21.0,338,2,4,0,13,48,4,21
4,4,29.0,313,5,10,1,14,24,1,16
4,3,19.0,138,0,1,1,11,129,4,10
4,3,22.0,166,4,8,0,8,9,1,26
4,3,30.0,304,5,15,0,14,25,1,19
4,5,5.0,96,2,7,0,2,123,0,24
4,5,11.0,326,1,0,1,13,28,0,9
4,5,11.0,326,1,22,1,9,49,1,9
4,5,11.0,326,1,21,1,2,2,0,9
4,5,11.0,326,1,7,1,2,69,1,9
4,0,13.0,198,0,14,0,10,23,3,25
4,0,30.0,228,4,22,0,8,19,1,19
4,2,14.0,231,3,2,0,10,47,1,5
4,2,14.0,231,3,3,0,7,20,2,5
4,2,15.0,130,0,15,2,10,47,3,1
4,2,15.0,130,0,19,2,6,7,3,1
4,2,21.0,108,3,17,0,13,28,3,21
4,2,21.0,108,3,15,0,2,2,1,21
4,2,21.0,108,3,14,0,3,103,2,21
4,2,21.0,108,3,13,0,9,134,1,21
4,2,22.0,209,0,16,0,5,12,3,26
4,2,22.0,209,0,7,1,15,119,0,26
4,2,22.0,209,0,23,1,2,71,4,26
4,2,24.0,22,2,8,0,8,41,4,14
4,2,25.0,233,4,5,0,0,26,3,13
4,2,25.0,233,4,13,0,0,31,0,13
4,2,28.0,257,3,21,2,6,7,2,18
4,0,11.0,10,6,7,1,15,85,0,9
4,5,19.0,146,2,8,0,8,118,4,10
4,0,4.0,229,6,17,1,11,133,1,30
4,0,12.0,113,3,18,1,3,79,4,28
4,2,20.0,264,6,9,1,11,90,2,29
4,5,11.0,326,1,9,0,1,11,1,9
4,5,13.0,184,4,3,0,13,99,0,25
4,5,11.0,326,1,3,1,9,49,2,9
4,5,13.0,184,4,12,0,16,37,3,25
4,10,14.0,174,2,21,1,0,64,0,5
4,8,5.0,101,3,11,0,5,6,2,24
4,5,3.0,161,0,3,0,10,22,3,27
4,7,12.0,181,5,19,0,0,26,3,28
4,10,14.0,174,2,9,2,2,123,0,5
4,7,29.0,268,0,17,0,11,18,0,16
4,10,14.0,174,2,18,2,10,22,3,5
4,3,14.0,33,2,23,1,11,10,4,5
4,5,4.0,114,1,6,2,5,12,3,30
4,8,5.0,101,3,14,0,11,117,3,24
4,10,14.0,174,2,9,0,1,16,3,5
4,3,14.0,33,2,3,0,0,31,1,5
4,5,22.0,163,6,15,0,13,28,1,26
4,8,7.0,70,1,14,2,8,27,3,11
4,1,23.0,69,0,20,0,4,75,1,17
4,3,23.0,57,5,12,0,5,6,0,17
4,8,23.0,102,4,3,0,15,114,3,17
4,4,30.0,139,6,11,0,9,27,3,19
4,0,6.0,260,0,17,0,11,124,1,23
4,5,28.0,259,5,6,0,8,27,3,18
4,5,28.0,259,5,0,0,16,74,3,18
4,5,28.0,259,5,22,0,4,45,2,18
4,5,28.0,259,5,2,0,13,38,1,18
4,6,3.0,99,4,18,0,13,29,2,27
4,6,4.0,159,5,13,0,13,29,1,30
4,6,12.0,162,6,6,0,5,6,3,28
4,6,15.0,49,1,17,0,10,22,1,1
4,6,20.0,215,3,8,0,10,22,3,29
4,6,29.0,335,1,15,0,13,38,0,16
4,10,6.0,242,1,6,0,0,12,3,23
4,5,28.0,259,5,19,0,8,19,4,18
4,5,28.0,259,5,8,0,11,124,1,18
4,6,4.0,159,5,7,0,13,99,3,30
4,6,4.0,159,5,8,2,14,24,1,30
4,6,4.0,159,5,14,0,10,52,0,30
4,6,7.0,169,0,6,0,6,126,3,11
4,0,15.0,190,2,1,0,5,6,1,1
4,0,22.0,241,2,6,1,3,30,0,26
4,0,31.0,290,5,7,0,10,47,0,20
4,0,31.0,290,5,2,0,1,35,4,20
4,0,31.0,290,5,18,0,14,25,1,20
4,0,6.0,260,0,2,0,10,47,3,23
4,0,6.0,260,0,20,1,9,93,1,23
4,0,8.0,9,2,16,1,15,31,0,8
4,0,8.0,9,2,1,0,11,15,3,8
4,0,13.0,198,0,12,0,9,27,2,25
4,0,15.0,190,2,23,0,11,18,1,1
4,0,13.0,198,0,9,2,2,13,1,25
4,0,15.0,190,2,14,1,10,12,1,1
4,0,22.0,241,2,16,0,0,26,3,26
4,0,22.0,241,2,3,1,12,56,4,26
4,0,30.0,228,4,17,0,16,74,0,19
4,0,30.0,228,4,13,0,3,115,0,19
4,0,31.0,290,5,16,0,8,41,1,20
5,10,1.0,208,2,8,0,13,28,3,7
5,6,1.0,158,0,22,0,5,64,1,7
5,4,22.0,152,4,17,1,9,27,0,26
4,3,29.0,325,4,17,1,0,68,4,16
4,5,21.0,351,5,11,2,8,33,2,21
4,3,29.0,325,4,23,1,15,96,1,16
5,4,28.0,218,2,0,0,12,83,4,18
5,4,12.0,134,0,18,1,8,9,0,28
5,4,28.0,218,2,2,1,9,9,4,18
4,3,6.0,303,1,17,1,10,47,1,23
4,10,23.0,247,5,23,3,5,6,0,17
4,7,1.0,98,0,6,0,1,67,3,7
4,5,27.0,328,4,7,1,15,31,1,15
4,5,27.0,328,4,4,0,10,22,3,15
4,6,12.0,162,6,2,1,4,4,1,28
4,6,13.0,317,3,9,2,15,46,3,25
4,6,20.0,215,3,3,0,13,21,1,29
4,6,20.0,215,3,17,0,5,12,0,29
4,6,3.0,99,4,4,1,0,0,2,27
4,10,14.0,174,2,15,0,6,7,0,5
4,10,14.0,174,2,2,0,7,120,0,5
4,10,14.0,174,2,4,0,6,7,3,5
4,10,31.0,135,6,5,2,9,9,4,20
4,1,5.0,219,4,0,1,3,103,4,24
4,1,5.0,219,4,4,0,9,57,3,24
4,1,5.0,219,4,12,1,12,121,4,24
4,8,13.0,189,0,12,0,16,37,4,25
4,1,24.0,64,1,4,2,0,26,3,14
4,5,22.0,163,6,3,0,0,53,3,26
4,5,29.0,24,6,23,1,5,6,1,16
4,5,29.0,24,6,14,0,3,44,4,16
4,1,31.0,305,1,13,0,15,108,3,20
4,5,3.0,161,0,2,0,2,86,1,27
4,5,30.0,294,3,2,2,10,52,2,19
4,5,30.0,294,3,13,0,14,24,2,19
4,1,31.0,305,1,2,0,12,80,3,20
4,1,31.0,305,1,17,1,5,64,4,20
4,8,4.0,299,6,5,1,1,1,4,30
4,1,23.0,69,0,2,0,14,25,2,17
4,8,5.0,101,3,1,0,16,50,1,24
4,10,9.0,150,5,13,3,6,7,0,12
4,5,17.0,212,0,17,3,0,26,1,6
4,5,17.0,212,0,19,0,15,51,0,6
4,8,5.0,101,3,4,0,5,0,2,24
4,8,4.0,299,6,12,3,12,84,3,30
4,8,14.0,296,1,23,0,2,86,3,5
4,8,14.0,296,1,18,2,0,53,4,5
4,3,21.0,338,2,17,0,4,5,1,21
4,3,21.0,338,2,11,0,16,74,2,21
4,3,19.0,138,0,14,0,14,107,4,10
4,3,21.0,338,2,12,0,3,79,3,21
4,0,5.0,122,3,14,3,14,126,4,24
4,0,14.0,5,1,9,2,9,102,3,5
4,5,13.0,184,4,8,0,8,9,0,25
4,8,13.0,189,0,19,0,3,79,3,25
4,5,28.0,259,5,12,0,10,43,1,18
4,6,3.0,99,4,5,0,2,2,1,27
4,6,3.0,99,4,19,1,12,17,4,27
4,6,4.0,159,5,21,1,1,35,0,30
4,6,12.0,162,6,5,1,1,105,4,28
4,8,17.0,74,5,17,3,16,72,3,6
4,0,29.0,191,2,19,1,3,30,4,16
4,1,17.0,63,1,18,0,0,26,0,6
4,6,11.0,355,5,2,0,10,47,3,9
4,4,20.0,115,2,9,3,6,7,3,29
4,6,12.0,162,6,9,0,8,41,3,28
4,6,12.0,162,6,23,1,0,15,1,28
4,6,13.0,317,3,0,1,1,67,0,25
5,8,4.0,299,5,17,0,13,69,2,30
4,6,15.0,49,1,13,0,1,11,4,1
4,6,15.0,49,1,8,0,1,11,1,1
4,6,20.0,215,3,5,0,2,40,2,29
4,6,29.0,335,1,6,1,15,85,4,16
4,6,29.0,335,1,20,0,10,23,0,16
4,6,29.0,335,1,8,2,7,20,3,16
4,5,5.0,96,2,0,1,15,51,0,24
4,5,5.0,96,2,8,0,2,69,2,24
4,5,13.0,184,4,2,0,8,19,4,25
4,5,23.0,168,3,3,1,9,109,1,17
4,5,28.0,259,5,15,2,14,88,3,18
4,5,28.0,259,5,14,0,2,13,3,18
4,6,4.0,159,5,23,0,10,43,1,30
4,6,4.0,159,5,19,2,5,6,0,30
4,1,31.0,305,1,19,0,13,123,4,20
4,8,13.0,189,0,14,0,16,50,3,25
4,2,1.0,16,0,13,0,15,39,1,7
4,6,18.0,308,5,12,0,0,64,2,0
4,1,20.0,151,5,1,1,10,52,1,29
4,1,20.0,151,5,13,1,4,136,4,29
4,8,3.0,363,5,19,1,11,124,4,27
4,8,12.0,284,3,5,0,8,9,2,28
4,8,13.0,189,0,19,0,16,74,1,25
4,8,13.0,189,0,22,1,1,59,4,25
4,8,13.0,189,0,15,3,11,55,0,25
4,8,30.0,103,4,17,0,3,30,3,19
4,4,7.0,133,4,16,1,10,22,0,11
4,4,7.0,133,4,14,0,6,132,1,11
4,5,31.0,196,0,18,1,8,27,4,20
4,6,22.0,185,1,1,1,1,1,4,26
4,6,23.0,84,2,0,0,5,12,3,17
4,6,28.0,309,0,7,1,10,12,1,18
4,10,4.0,356,3,17,0,15,39,2,30
4,10,21.0,341,2,17,0,4,82,3,21
4,1,30.0,100,0,3,1,2,13,0,19
4,1,29.0,112,3,4,0,0,26,0,16
4,8,22.0,354,2,17,1,16,37,4,26
4,3,23.0,57,5,8,0,9,102,3,17
4,5,2.0,307,3,1,1,11,122,2,22
4,5,24.0,58,0,17,0,1,105,3,14
4,10,11.0,298,3,5,2,13,29,2,9
4,8,20.0,319,0,12,1,11,122,0,29
4,3,23.0,57,5,9,0,10,22,3,17
4,3,28.0,187,2,13,0,5,6,0,18
4,3,28.0,187,2,2,0,15,51,0,18
4,3,28.0,187,2,9,0,6,7,3,18
4,5,3.0,161,0,13,0,15,114,3,27
4,5,3.0,161,0,3,0,16,39,0,27
4,5,22.0,163,6,8,0,8,27,0,26
4,6,5.0,342,6,23,0,7,20,1,24
4,6,21.0,193,0,10,1,11,133,0,21
4,6,28.0,309,0,19,0,16,130,2,18
4,10,4.0,356,3,16,1,0,77,0,30
4,10,7.0,243,2,17,0,8,27,3,11
4,10,7.0,243,2,8,0,11,94,2,11
4,10,12.0,333,0,21,1,2,35,0,28
4,3,14.0,33,2,13,1,0,31,1,5
4,10,21.0,341,2,19,0,0,26,2,21
4,10,21.0,341,2,4,0,2,92,0,21
5,0,2.0,47,2,1,1,11,55,3,22
4,11,25.0,88,0,5,0,2,123,4,13
4,11,1.0,222,5,22,0,2,123,4,7
4,5,4.0,114,1,16,1,11,133,4,30
4,5,4.0,114,1,4,0,11,15,3,30
4,5,22.0,163,6,17,1,14,107,1,26
4,5,22.0,163,6,23,1,1,16,4,26
4,5,22.0,163,6,19,0,10,47,1,26
4,5,29.0,24,6,16,0,4,79,4,16
4,5,29.0,24,6,21,1,11,124,0,16
4,5,30.0,294,3,20,0,1,81,4,19
4,5,31.0,196,0,13,0,9,95,3,20
4,5,31.0,196,0,2,0,13,29,3,20
4,6,5.0,342,6,16,0,5,6,0,24
4,6,5.0,342,6,12,1,4,4,1,24
4,6,5.0,342,6,18,0,10,12,1,24
4,6,14.0,173,0,22,0,9,54,2,5
4,6,14.0,173,0,16,1,1,11,0,5
4,10,11.0,298,3,10,0,2,40,1,9
4,10,28.0,216,2,18,0,0,26,3,18
4,4,3.0,279,3,23,3,16,72,4,27
4,3,10.0,4,6,13,3,0,77,1,4
4,3,18.0,165,3,19,1,10,47,2,0
4,6,14.0,173,0,4,0,2,13,1,5
4,6,23.0,84,2,17,0,4,75,1,17
4,6,23.0,84,2,22,2,9,9,3,17
4,6,23.0,84,2,9,0,10,47,3,17
4,6,23.0,84,2,0,2,1,35,3,17
4,6,23.0,84,2,0,0,0,64,4,17
4,6,22.0,185,1,0,1,9,10,4,26
4,6,28.0,309,0,21,0,8,27,4,18
4,6,30.0,145,2,17,0,1,11,1,19
4,6,30.0,145,2,0,0,1,11,4,19
4,10,4.0,356,3,16,0,14,24,1,30
4,10,4.0,356,3,4,0,1,81,3,30
4,0,3.0,334,5,17,1,6,128,1,27
4,8,13.0,189,0,8,2,8,9,0,25
4,8,14.0,296,1,0,1,16,50,0,5
4,8,14.0,296,1,9,1,11,55,4,5
4,4,4.0,178,0,21,0,14,34,1,30
4,4,4.0,178,0,15,0,0,64,0,30
4,4,4.0,178,0,14,0,4,138,4,30
4,4,7.0,133,4,17,0,13,38,1,11
4,4,7.0,133,4,2,0,9,58,2,11
4,4,7.0,133,4,9,0,1,59,0,11
4,4,7.0,133,4,14,2,15,46,0,11
4,4,23.0,30,6,16,0,11,18,3,17
4,4,23.0,30,6,15,0,13,99,3,17
4,4,23.0,30,6,18,0,9,95,1,17
4,6,7.0,169,0,8,1,0,12,1,11
4,6,29.0,335,1,16,0,8,27,3,16
4,6,29.0,335,1,0,0,0,15,0,16
4,6,29.0,335,1,13,0,14,24,1,16
4,10,6.0,242,1,15,0,7,8,2,23
4,10,6.0,242,1,1,0,9,10,3,23
4,10,14.0,174,2,17,2,10,47,0,5
4,1,5.0,219,4,9,0,8,9,1,24
4,4,5.0,235,1,3,1,14,32,2,24
4,8,12.0,284,3,14,0,10,47,3,28
4,4,19.0,142,1,17,1,0,26,1,10
4,1,14.0,183,6,0,0,14,34,3,5
4,1,14.0,183,6,4,0,10,47,3,5
4,1,14.0,183,6,14,0,6,89,3,5
4,1,21.0,45,6,17,0,14,25,0,21
4,1,21.0,45,6,7,1,10,47,0,21
4,1,21.0,45,6,3,1,12,61,4,21
4,1,21.0,45,6,4,0,3,30,0,21
4,1,21.0,45,6,19,0,2,40,4,21
4,1,23.0,69,0,10,1,15,51,4,17
4,1,23.0,69,0,3,0,4,79,3,17
4,1,23.0,69,0,1,0,9,102,3,17
4,1,31.0,305,1,11,0,2,35,4,20
4,4,29.0,313,5,21,2,13,29,0,16
4,4,23.0,30,6,22,1,0,12,1,17
4,4,29.0,313,5,5,1,16,113,1,16
4,8,10.0,71,5,3,0,9,93,3,4
4,7,4.0,186,4,14,0,15,119,0,30
4,3,29.0,325,4,8,0,5,6,3,16
5,0,20.0,172,3,13,1,11,117,2,29
4,2,7.0,153,3,21,1,13,38,0,11
4,2,7.0,153,3,15,0,10,22,3,11
4,2,7.0,153,3,20,0,2,2,2,11
4,2,7.0,153,3,12,0,6,132,1,11
4,2,8.0,258,0,3,1,9,93,4,8
4,2,16.0,220,1,6,0,15,31,1,2
4,2,16.0,220,1,14,1,9,93,4,2
4,2,16.0,220,1,9,2,12,104,3,2
4,2,16.0,220,1,1,0,13,29,0,2
4,2,30.0,131,1,17,0,2,2,4,19
4,2,30.0,131,1,0,0,15,112,1,19
4,2,30.0,131,1,11,0,11,15,2,19
4,2,30.0,131,1,3,0,2,86,3,19
4,2,30.0,131,1,14,0,13,48,4,19
4,2,8.0,258,0,8,3,16,50,0,8
4,0,7.0,15,1,17,0,8,41,1,11
4,0,5.0,122,3,13,3,11,15,1,24
4,0,14.0,5,1,21,1,9,57,0,5
4,0,14.0,5,1,19,0,9,49,0,5
4,0,25.0,281,6,0,0,14,107,3,13
5,10,21.0,341,1,21,0,13,123,3,21
5,1,2.0,171,3,4,0,8,41,2,22
4,2,1.0,16,0,3,0,5,12,3,7
4,5,19.0,146,2,13,0,10,47,0,10
4,6,1.0,158,1,18,0,9,134,4,7
4,7,10.0,329,2,11,0,6,7,4,4
4,6,2.0,352,2,6,1,13,36,1,22
4,6,2.0,352,2,11,1,0,26,1,22
4,6,9.0,236,2,13,3,11,98,1,12
4,4,26.0,80,1,4,1,3,30,4,3
5,1,10.0,17,0,2,0,5,6,2,4
5,8,3.0,363,4,12,2,1,67,0,27
4,1,31.0,305,1,4,0,8,33,3,20
4,8,4.0,299,6,8,0,10,22,3,30
4,8,4.0,299,6,3,0,8,41,0,30
4,8,7.0,70,1,23,0,14,131,1,11
4,8,7.0,70,1,5,0,6,126,1,11
4,8,13.0,189,0,16,2,15,39,3,25
4,8,13.0,189,0,15,2,2,123,0,25
4,8,14.0,296,1,9,0,2,13,2,5
4,8,30.0,103,4,0,1,5,6,4,19
4,4,23.0,30,6,14,0,16,50,1,17
4,4,23.0,30,6,20,1,1,81,4,17
4,4,29.0,313,5,21,2,13,48,3,16
4,4,29.0,313,5,13,2,2,69,3,16
4,4,29.0,313,5,3,1,9,93,4,16
4,4,31.0,67,3,7,1,10,43,0,20
4,2,16.0,220,1,6,2,12,61,1,2
4,0,5.0,122,3,21,1,2,92,0,24
4,0,5.0,122,3,12,0,0,31,2,24
4,5,12.0,327,2,11,0,12,100,4,28
4,6,6.0,83,3,19,1,0,53,1,23
4,10,5.0,336,0,15,0,10,22,1,24
4,4,24.0,27,3,5,0,12,80,2,14
4,4,24.0,27,3,12,3,14,97,1,14
4,0,24.0,55,5,18,1,4,45,0,14
4,2,4.0,254,4,18,2,8,27,3,30
4,8,11.0,306,6,3,0,9,27,3,9
4,0,3.0,334,5,17,1,6,128,1,27
5,0,21.0,287,0,17,3,13,99,4,21
4,1,22.0,164,3,21,3,0,53,3,26
4,10,6.0,242,1,8,2,8,41,3,23
4,10,14.0,174,2,13,0,1,59,2,5
4,10,14.0,174,2,4,0,3,30,3,5
4,1,14.0,183,6,13,0,10,22,1,5
4,1,14.0,183,6,11,0,13,38,2,5
4,1,14.0,183,6,12,2,1,59,3,5
4,1,21.0,45,6,14,0,1,1,0,21
4,1,23.0,69,0,6,0,10,47,0,17
4,1,24.0,64,1,17,1,0,85,1,14
4,1,31.0,305,1,2,0,0,77,1,20
4,8,4.0,299,6,22,0,10,47,3,30
4,8,4.0,299,6,10,1,10,47,1,30
4,8,5.0,101,3,3,0,1,1,1,24
4,8,7.0,70,1,16,0,15,46,0,11
4,8,7.0,70,1,7,0,5,6,3,11
4,8,13.0,189,0,15,1,12,56,1,25
4,8,13.0,189,0,18,0,11,117,0,25
4,8,14.0,296,1,16,0,3,79,4,5
4,8,30.0,103,4,18,0,1,59,2,19
4,4,4.0,178,0,10,0,13,21,1,30
4,4,4.0,178,0,19,0,7,31,4,30
4,8,30.0,103,4,19,0,16,50,2,19
4,4,7.0,133,4,3,1,2,3,4,11
4,4,7.0,133,4,12,2,3,103,0,11
4,4,16.0,25,6,17,0,4,75,1,2
4,4,29.0,313,5,20,1,9,93,1,16
4,4,31.0,67,3,8,0,2,13,1,20
4,2,7.0,153,3,0,0,3,115,4,11
4,2,7.0,153,3,4,0,5,64,3,11
4,2,8.0,258,0,15,0,16,50,3,8
4,2,16.0,220,1,0,1,1,105,0,2
4,2,30.0,131,1,6,0,2,92,1,19
5,0,1.0,8,1,13,3,11,15,0,7
4,7,26.0,316,5,5,3,1,105,3,3
4,2,24.0,22,2,13,2,8,19,1,14
4,2,21.0,108,3,8,1,14,32,0,21
4,2,25.0,233,4,17,1,0,12,0,13
4,2,25.0,233,4,8,1,8,9,1,13
4,0,6.0,260,0,2,2,16,37,3,23
4,0,15.0,190,2,18,0,3,76,4,1
4,0,22.0,241,2,19,0,7,62,3,26
4,0,31.0,290,5,18,0,2,69,3,20
4,5,31.0,196,0,15,0,2,86,2,20
3,2,1.0,16,6,17,0,6,91,4,7
4,4,28.0,218,4,3,0,9,93,1,18
4,1,22.0,164,3,13,1,4,121,1,26
5,6,1.0,158,0,22,0,6,89,1,7
5,8,2.0,77,2,3,0,4,5,1,22
4,4,6.0,176,2,9,2,13,28,3,23
4,4,6.0,176,2,18,0,6,132,1,23
4,4,6.0,176,2,12,1,1,67,4,23
4,4,22.0,152,5,2,0,6,7,1,26
4,4,21.0,339,4,14,3,13,29,3,21
4,4,8.0,292,5,22,3,9,95,1,8
4,0,6.0,260,0,1,1,0,0,0,23
4,2,15.0,130,0,8,1,7,54,4,1
4,2,22.0,209,0,5,0,8,9,0,26
4,1,20.0,151,5,13,0,8,33,1,29
4,2,20.0,264,6,15,0,3,30,1,29
4,2,20.0,264,6,22,1,1,16,4,29
4,2,20.0,264,6,13,0,12,121,2,29
4,2,20.0,264,6,12,0,13,36,3,29
4,2,20.0,264,6,9,0,2,2,2,29
4,0,4.0,229,6,21,0,10,22,3,30
4,0,4.0,229,6,21,0,5,6,0,30
4,0,4.0,229,6,5,0,4,4,1,30
4,4,28.0,218,4,17,0,6,91,1,18
4,8,24.0,85,5,13,0,8,41,2,14
5,8,7.0,70,0,16,3,10,47,0,11
5,4,31.0,67,6,1,0,16,50,4,20
5,0,7.0,15,0,12,3,9,134,0,11
4,7,10.0,329,2,17,1,9,95,0,4
4,7,18.0,154,4,1,0,12,84,2,0
4,5,10.0,155,0,19,1,0,26,1,4
4,1,11.0,111,2,16,0,1,105,0,9
4,1,25.0,65,2,12,1,10,22,2,13
4,4,9.0,18,6,5,0,10,22,2,12
4,2,6.0,251,6,17,0,5,6,1,23
4,0,23.0,237,4,13,2,5,6,3,17
4,0,23.0,237,4,15,1,16,50,1,17
4,2,23.0,230,1,0,0,5,12,0,17
4,2,23.0,230,1,14,0,10,22,3,17
4,2,23.0,230,1,19,1,14,126,1,17
4,2,23.0,230,1,12,0,8,118,1,17
4,0,16.0,11,4,17,1,5,64,0,2
4,0,16.0,11,4,23,0,5,6,2,2
4,0,16.0,11,4,4,2,16,50,0,2
4,0,16.0,11,4,14,0,1,105,0,2
4,0,16.0,11,4,18,0,2,13,0,2
4,0,16.0,11,4,9,0,8,41,3,2
4,0,31.0,290,5,1,0,16,42,1,20
5,10,7.0,243,1,3,0,10,12,1,11
4,0,17.0,12,5,17,2,8,41,3,6
4,0,17.0,12,5,0,1,0,85,0,6
4,0,13.0,198,0,14,1,7,62,0,25
4,8,10.0,71,5,5,3,14,106,0,4
5,2,1.0,16,3,11,0,5,12,0,7
5,2,1.0,16,3,18,0,14,24,2,7
5,2,1.0,16,3,15,0,13,48,2,7
5,2,9.0,21,0,17,1,15,51,4,12
2,7,1.0,160,5,19,0,11,117,1,7
5,0,18.0,0,5,8,0,2,69,0,0
5,0,18.0,0,5,20,0,10,47,2,0
4,11,25.0,88,0,17,1,0,26,1,13
4,9,10.0,156,2,22,3,14,88,3,4
4,9,26.0,267,5,19,0,0,53,4,3
4,7,16.0,40,1,8,0,10,47,2,2
4,6,25.0,39,5,13,1,10,47,1,13
4,6,25.0,39,5,13,0,14,25,1,13
5,4,26.0,80,0,11,0,13,123,1,3
4,2,28.0,257,3,2,0,12,61,3,18
5,0,10.0,129,4,2,1,14,24,0,4
5,8,1.0,66,1,2,0,3,30,1,7
5,0,18.0,0,5,19,1,9,27,0,0
5,0,27.0,23,3,12,1,12,56,4,15
4,9,10.0,156,2,1,1,13,38,0,4
4,9,10.0,156,2,3,0,11,18,2,4
4,7,17.0,95,2,8,1,11,15,1,6
4,7,16.0,40,1,15,0,1,67,3,2
5,4,1.0,144,4,15,0,10,12,1,7
4,9,9.0,320,1,18,0,2,86,0,12
4,7,9.0,273,1,18,3,3,115,1,12
4,7,9.0,273,1,3,0,4,66,2,12
4,5,19.0,146,2,5,3,9,134,3,10
4,10,3.0,310,6,19,0,10,6,3,27
4,10,18.0,246,3,22,0,15,96,0,0
4,1,3.0,188,1,1,0,0,12,2,27
4,1,3.0,188,1,10,1,7,20,4,27
4,1,11.0,111,2,1,0,6,73,3,9
4,1,11.0,111,2,13,3,1,105,0,9
4,1,9.0,50,0,12,0,4,121,2,12
4,1,11.0,111,2,22,0,3,70,0,9
4,1,11.0,111,2,19,0,7,120,2,9
4,0,12.0,113,3,2,0,10,47,2,28
4,6,17.0,244,4,8,0,9,93,1,6
4,1,8.0,62,3,15,1,14,25,4,8
4,4,3.0,279,3,19,1,2,60,4,27
4,6,2.0,352,2,3,3,10,47,2,22
5,10,30.0,157,4,13,1,14,106,4,19
5,8,1.0,66,1,14,1,9,10,1,7
4,1,10.0,17,1,14,1,0,64,4,4
5,2,1.0,16,3,13,1,11,18,2,7
4,9,8.0,90,0,15,0,1,35,2,8
4,1,3.0,188,1,22,1,16,74,1,27
4,1,11.0,111,2,18,1,9,93,2,9
4,6,24.0,31,4,5,1,0,12,2,14
4,8,11.0,306,6,17,0,12,80,2,9
4,6,1.0,158,1,17,0,10,43,1,7
4,0,12.0,113,3,2,0,4,4,2,28
4,0,10.0,129,5,1,1,8,65,1,4
4,0,12.0,113,3,6,1,10,52,4,28
4,0,3.0,334,5,0,0,0,68,0,27
4,9,1.0,126,0,13,0,8,9,1,7
5,0,1.0,8,1,13,0,2,13,4,7
5,8,24.0,85,4,13,0,11,133,2,14
4,10,8.0,213,4,17,3,4,121,4,8
4,1,4.0,286,2,7,0,1,59,1,30
4,10,31.0,135,6,4,0,10,47,0,20
5,11,8.0,283,4,5,0,2,2,2,8
5,11,17.0,110,6,5,1,5,6,0,6
4,4,5.0,235,1,16,0,0,15,3,24
5,11,17.0,110,6,11,1,2,35,4,6
5,9,12.0,177,4,8,1,8,9,0,28
4,8,5.0,101,3,6,3,9,10,4,24
4,11,24.0,194,3,9,2,1,59,3,14
4,1,4.0,286,2,23,0,1,11,4,30
4,7,1.0,98,0,17,1,10,47,1,7
4,4,5.0,235,1,17,1,13,48,2,24
5,11,16.0,225,5,9,2,10,22,3,2
4,8,10.0,71,5,18,3,5,64,3,4
4,1,4.0,286,2,16,0,0,53,3,30
4,4,16.0,25,6,2,0,1,16,3,2
4,8,5.0,101,3,20,1,15,114,1,24
4,7,1.0,98,0,17,3,15,85,2,7
4,4,5.0,235,1,0,0,2,86,0,24
5,11,17.0,110,6,8,1,2,69,4,6
5,4,13.0,221,1,21,1,10,47,1,25
4,1,4.0,286,2,1,0,13,99,0,30
5,2,4.0,254,2,20,0,16,50,4,30
4,4,23.0,30,6,3,0,2,123,3,17
4,4,5.0,235,1,1,0,2,86,1,24
4,11,24.0,194,3,10,0,8,41,1,14
5,11,17.0,110,6,2,1,8,41,4,6
5,0,5.0,122,6,11,1,11,90,4,24
4,11,22.0,250,5,23,0,11,117,2,26
4,7,6.0,93,6,19,3,12,17,3,23
4,3,3.0,182,6,18,0,6,91,1,27
4,3,3.0,182,6,23,0,4,82,1,27
4,10,14.0,174,2,6,1,4,75,1,5
4,10,14.0,174,2,9,0,6,89,1,5
4,1,21.0,45,6,2,1,10,52,2,21
4,8,5.0,101,3,18,0,10,23,1,24
4,8,5.0,101,3,8,0,2,86,3,24
4,8,5.0,101,3,1,1,13,99,4,24
4,8,5.0,101,3,18,1,2,86,0,24
4,8,5.0,101,3,14,1,3,30,4,24
4,8,4.0,299,6,19,1,8,27,2,30
4,8,13.0,189,0,8,2,8,9,2,25
4,2,5.0,127,5,8,0,1,105,2,24
4,0,14.0,5,1,18,0,12,84,3,5
4,2,30.0,131,1,12,1,1,67,4,19
4,0,24.0,55,5,17,1,10,22,1,14
4,8,15.0,72,2,15,1,6,91,0,1
4,8,16.0,73,4,19,0,7,62,4,2
4,8,21.0,46,1,12,0,9,95,3,21
4,8,21.0,46,1,12,1,10,23,2,21
4,8,24.0,85,5,5,0,0,77,1,14
4,8,24.0,85,5,18,2,15,51,0,14
4,8,24.0,85,5,11,1,10,22,0,14
4,4,5.0,235,1,15,0,12,61,1,24
4,4,5.0,235,1,0,0,9,27,0,24
4,4,5.0,235,1,19,2,1,81,4,24
4,4,15.0,132,5,20,0,16,74,2,1
4,4,15.0,132,5,4,2,10,22,3,1
4,4,24.0,27,3,21,0,5,6,0,14
4,4,24.0,27,3,10,1,3,30,0,14
4,0,24.0,55,5,8,1,0,26,1,14
4,0,6.0,260,0,9,0,13,38,1,23
4,0,13.0,198,0,19,1,9,58,4,25
4,10,22.0,314,4,23,0,14,24,2,26
5,9,1.0,126,3,17,0,7,120,1,7
4,6,14.0,173,0,9,0,5,6,2,5
4,4,22.0,152,5,4,1,15,96,2,26
4,0,15.0,190,2,9,0,1,105,4,1
4,0,15.0,190,2,3,0,10,22,1,1
4,0,30.0,228,4,2,0,3,79,2,19
4,0,30.0,228,4,14,1,0,77,1,19
4,0,30.0,228,4,10,1,15,51,1,19
4,0,31.0,290,5,10,1,10,47,0,20
4,0,31.0,290,5,15,0,4,127,3,20
4,0,7.0,15,1,21,1,1,67,0,11
4,0,7.0,15,1,11,0,9,9,1,11
4,0,7.0,15,1,16,0,0,12,0,11
4,0,7.0,15,1,13,0,2,86,0,11
4,4,31.0,67,3,22,1,11,55,4,20
5,0,22.0,241,1,10,1,10,47,2,26
4,11,29.0,270,5,3,0,12,84,2,16
4,7,3.0,269,2,1,0,1,11,0,27
4,7,3.0,269,2,15,0,2,13,3,27
4,5,11.0,326,1,10,1,5,12,1,9
4,5,20.0,214,4,18,1,11,94,0,29
4,10,14.0,174,2,18,2,9,57,3,5
4,10,14.0,174,2,18,1,9,27,0,5
4,1,5.0,219,4,18,1,14,25,0,24
4,8,14.0,296,1,12,0,5,6,3,5
4,8,13.0,189,0,6,1,5,6,0,25
4,2,30.0,131,1,23,0,5,6,0,19
4,2,30.0,131,1,13,1,4,121,1,19
4,2,30.0,131,1,9,0,0,31,2,19
4,2,30.0,131,1,14,0,9,93,3,19
4,2,4.0,254,4,21,1,3,115,0,30
4,2,4.0,254,4,22,0,10,22,2,30
4,2,4.0,254,4,8,1,15,96,1,30
4,2,4.0,254,4,0,1,13,28,0,30
4,2,4.0,254,4,14,0,8,19,3,30
4,2,17.0,6,2,3,0,9,10,0,6
5,4,1.0,144,4,2,0,16,74,1,7
4,7,10.0,329,2,18,0,11,94,3,4
4,7,18.0,154,4,13,0,9,57,2,0
4,5,16.0,239,3,0,3,2,86,3,2
4,5,18.0,195,1,21,1,8,9,0,0
4,1,3.0,188,1,6,1,5,12,1,27
4,2,4.0,254,4,12,0,10,47,0,30
4,0,12.0,113,3,6,0,13,48,1,28
4,6,1.0,158,1,12,0,1,105,3,7
4,4,28.0,218,4,0,3,9,57,3,18
4,2,20.0,264,6,15,0,15,51,1,29
4,8,21.0,46,1,5,0,12,56,1,21
4,8,21.0,46,1,2,0,6,91,4,21
4,8,21.0,46,1,18,2,9,102,3,21
4,8,24.0,85,5,3,0,10,47,0,14
4,4,23.0,30,6,13,3,15,114,0,17
5,11,17.0,110,6,18,0,15,31,1,6
5,5,31.0,196,3,14,2,2,86,3,20
4,0,14.0,5,1,9,0,11,98,1,5
4,1,4.0,286,2,4,0,10,30,0,30
4,4,5.0,235,1,19,2,2,92,2,24
5,11,17.0,110,6,14,0,1,59,1,6
3,7,7.0,293,5,17,0,5,12,1,11
5,6,7.0,169,3,11,3,14,131,1,11
4,4,15.0,132,5,5,1,6,132,4,1
4,1,6.0,97,5,11,0,1,105,0,23
5,11,19.0,321,0,16,0,12,61,4,10
5,0,22.0,241,1,10,1,0,12,0,26
4,0,25.0,281,6,11,0,14,24,2,13
5,6,6.0,83,6,13,0,6,7,0,23
4,4,15.0,132,5,10,0,7,62,2,1
5,11,19.0,321,0,15,0,14,24,1,10
5,11,19.0,321,0,20,1,15,114,1,10
5,11,19.0,321,0,2,3,1,59,3,10
5,11,19.0,321,0,19,2,1,16,3,10
5,9,1.0,126,3,5,1,2,3,4,7
5,9,1.0,126,3,1,0,9,134,2,7
3,0,17.0,12,2,13,1,11,18,1,6
5,9,10.0,156,1,18,0,0,12,3,4
5,9,10.0,156,1,18,2,7,120,3,4
5,9,10.0,156,1,17,0,13,38,3,4
5,9,26.0,267,4,8,0,9,9,2,3
5,9,26.0,267,4,12,0,0,64,4,3
5,9,26.0,267,4,1,2,8,27,3,3
5,7,19.0,330,4,23,1,5,6,2,10
5,7,19.0,330,4,4,0,6,89,3,10
5,3,4.0,285,6,2,0,10,22,1,30
5,7,19.0,330,4,0,0,14,24,2,10
5,3,10.0,4,5,10,0,0,26,1,4
5,3,4.0,285,6,1,1,5,6,2,30
5,3,10.0,4,5,20,0,2,86,4,4
5,3,10.0,4,5,8,2,14,32,3,4
5,3,10.0,4,5,3,1,13,48,4,4
5,3,10.0,4,5,1,1,12,104,4,4
5,3,27.0,361,0,17,1,4,82,1,15
5,3,27.0,361,0,20,0,16,50,1,15
5,3,27.0,361,0,8,0,5,12,2,15
5,3,27.0,361,0,8,2,4,66,0,15
5,3,27.0,361,0,1,0,5,12,0,15
5,3,27.0,361,0,18,0,6,89,3,15
5,3,27.0,361,0,3,3,6,7,4,15
5,3,28.0,187,1,8,0,8,41,1,18
5,3,28.0,187,1,19,0,5,6,3,18
5,3,28.0,187,1,14,0,13,29,2,18
5,3,28.0,187,1,14,0,0,68,0,18
5,3,29.0,325,2,11,0,9,27,1,16
3,10,1.0,208,1,11,1,6,116,1,7
5,5,11.0,326,0,3,0,8,27,3,9
5,5,11.0,326,0,8,1,4,4,1,9
5,5,11.0,326,0,20,1,14,131,4,9
5,5,11.0,326,0,1,0,5,12,0,9
5,11,2.0,265,5,21,1,11,117,0,22
5,11,2.0,265,5,22,0,13,99,1,22
5,11,2.0,265,5,15,1,2,3,4,22
5,11,2.0,265,5,17,0,3,79,1,22
5,11,8.0,283,4,16,1,1,105,0,8
5,11,8.0,283,4,5,1,0,31,4,8
5,11,8.0,283,4,9,0,0,0,3,8
5,11,16.0,225,5,6,3,12,56,3,2
5,11,2.0,265,5,17,0,1,11,4,22
5,11,16.0,225,5,1,0,3,79,1,2
5,11,16.0,225,5,18,2,0,64,0,2
5,11,17.0,110,6,16,0,16,130,1,6
5,11,16.0,225,5,2,0,9,49,1,2
5,11,19.0,321,0,17,0,14,106,3,10
5,11,19.0,321,0,0,1,16,37,0,10
5,11,2.0,265,5,13,3,9,101,2,22
5,11,19.0,321,0,21,0,8,118,4,10
5,5,27.0,328,2,17,0,5,6,3,15
5,5,27.0,328,2,9,0,10,47,2,15
5,5,27.0,328,2,4,0,4,127,3,15
5,6,11.0,355,4,19,0,3,30,3,9
5,6,11.0,355,4,14,0,3,76,0,9
5,6,11.0,355,4,1,0,4,45,2,9
5,6,26.0,348,5,12,0,8,118,3,3
5,6,26.0,348,5,18,0,13,38,1,3
5,11,3.0,288,6,11,1,2,2,4,27
5,11,3.0,288,6,4,1,10,47,0,27
5,6,29.0,335,0,0,2,13,28,1,16
5,10,4.0,356,6,4,0,13,29,3,30
5,10,4.0,356,6,1,0,15,31,3,30
5,10,10.0,245,5,11,0,2,86,1,4
5,10,10.0,245,5,23,2,5,6,1,4
5,10,26.0,61,3,0,1,15,31,4,3
5,10,26.0,61,3,2,0,16,74,2,3
5,10,26.0,61,3,8,2,13,29,2,3
5,10,26.0,61,3,19,1,14,25,0,3
5,10,26.0,61,3,4,0,6,7,1,3
5,10,29.0,318,2,17,1,14,24,4,16
5,6,11.0,355,4,20,0,8,27,4,9
4,2,5.0,127,5,1,0,16,50,1,24
4,7,8.0,94,0,5,0,8,118,2,8
4,1,6.0,97,5,22,0,10,47,3,23
4,4,24.0,27,3,6,2,1,35,3,14
5,10,9.0,150,4,2,0,16,72,3,12
4,0,14.0,5,1,17,1,9,93,2,5
4,5,20.0,214,4,20,0,16,139,1,29
4,1,12.0,353,4,16,0,3,115,0,28
4,4,24.0,27,3,0,0,8,33,3,14
5,10,8.0,213,2,5,1,5,0,1,8
4,1,5.0,219,4,9,0,7,20,4,24
4,0,14.0,5,1,6,3,11,18,3,5
4,1,12.0,353,4,16,0,8,19,3,28
4,4,24.0,27,3,3,0,5,12,3,14
4,9,1.0,126,0,17,1,0,26,1,7
4,0,25.0,281,6,20,1,0,12,0,13
4,1,12.0,353,4,4,0,10,22,3,28
4,4,24.0,27,3,3,0,8,41,2,14
4,9,1.0,126,0,17,1,11,18,1,7
4,8,4.0,299,6,14,1,9,134,1,30
4,0,25.0,281,6,8,0,6,89,1,13
4,0,5.0,122,3,13,0,11,18,3,24
4,10,19.0,117,0,9,0,3,79,4,10
4,7,1.0,98,0,12,0,14,24,1,7
4,2,3.0,282,2,16,0,0,15,0,27
4,2,1.0,16,0,23,3,11,15,0,7
4,7,1.0,98,0,12,0,9,93,0,7
4,9,7.0,271,3,17,2,5,6,0,11
4,7,27.0,53,6,12,1,15,114,4,15
4,7,1.0,98,0,18,0,13,29,1,7
4,5,1.0,109,6,17,0,15,31,1,7
4,10,17.0,256,6,20,1,0,96,2,6
4,10,24.0,261,6,13,0,4,127,4,14
4,4,12.0,134,1,6,1,0,77,0,28
4,4,27.0,274,2,13,1,0,26,1,15
4,2,12.0,128,5,2,1,9,101,4,28
4,2,12.0,128,5,4,0,16,37,1,28
4,0,21.0,287,1,17,1,7,122,0,21
4,0,29.0,191,2,9,0,11,18,3,16
0,8,1.0,66,5,17,0,15,119,4,7
5,1,26.0,248,2,2,3,0,68,3,3
4,10,24.0,261,6,13,3,2,69,2,14
4,10,21.0,341,2,22,0,3,76,4,21
4,8,23.0,102,4,2,3,3,44,3,17
4,4,14.0,345,4,23,1,11,18,1,5
4,4,14.0,345,4,17,0,8,9,1,5
4,1,15.0,1,3,17,0,8,19,1,1
4,2,22.0,209,0,9,2,10,47,3,26
4,2,15.0,130,0,14,2,11,55,1,1
4,2,22.0,209,0,16,3,5,6,3,26
4,0,13.0,198,0,13,0,0,12,2,25
4,2,22.0,209,0,8,2,6,89,3,26
4,0,30.0,228,4,8,0,5,6,3,19
4,0,30.0,228,4,8,0,3,70,3,19
4,0,30.0,228,4,14,2,8,27,0,19
4,0,31.0,290,5,0,0,2,35,4,20
4,0,31.0,290,5,12,0,10,6,0,20
4,0,31.0,290,5,19,0,1,11,1,20
4,0,31.0,290,5,4,2,11,98,3,20
0,5,24.0,58,2,17,0,7,120,3,14
4,8,9.0,124,4,12,1,3,79,4,12
4,4,27.0,274,2,13,0,13,38,1,15
4,4,27.0,274,2,5,1,15,96,4,15
4,2,1.0,16,0,2,1,9,10,1,7
5,6,6.0,83,6,8,0,8,27,2,23
5,2,10.0,28,1,14,1,2,2,4,4
5,2,10.0,28,1,14,3,1,35,4,4
4,9,7.0,271,3,1,1,5,64,0,11
4,7,8.0,94,0,14,3,12,56,1,8
5,0,1.0,8,1,11,0,4,127,4,7
4,6,8.0,59,1,13,0,2,60,1,8
4,10,24.0,261,6,2,0,12,17,3,14
4,3,1.0,180,4,5,0,10,47,3,7
4,10,19.0,117,0,18,0,12,104,2,10
4,2,1.0,16,0,11,1,5,12,1,7
4,0,29.0,191,2,18,0,8,65,3,16
4,0,21.0,287,1,18,0,15,46,1,21
4,0,1.0,8,2,11,1,2,86,0,7
4,10,1.0,208,4,18,0,13,29,1,7
4,10,17.0,256,6,9,2,9,102,3,6
4,5,1.0,109,6,13,3,6,7,4,7
4,10,1.0,208,4,13,0,15,77,3,7
5,1,26.0,248,2,14,0,14,32,2,3
5,1,24.0,64,0,14,1,3,44,0,14
5,8,26.0,278,6,17,1,10,47,1,3
4,3,1.0,180,4,19,0,16,50,4,7
4,2,19.0,137,5,1,0,11,15,0,10
5,4,18.0,26,3,19,1,0,12,0,0
4,7,1.0,98,0,22,0,5,0,2,7
4,7,1.0,98,0,16,0,9,95,4,7
4,9,25.0,344,4,12,0,5,6,0,13
4,3,15.0,35,4,13,1,11,90,1,1
4,10,10.0,245,6,15,0,5,47,2,4
3,9,18.0,359,1,8,0,15,108,1,0
4,8,12.0,284,3,7,1,5,64,0,28
4,2,1.0,16,0,19,0,14,107,2,7
4,0,20.0,172,0,5,0,2,92,1,29
4,0,21.0,287,1,4,2,15,96,3,21
4,0,28.0,249,1,0,0,1,35,4,18
4,6,29.0,335,1,4,0,13,38,4,16
4,6,20.0,215,3,2,3,15,51,3,29
4,5,23.0,168,3,17,1,11,18,1,17
4,1,5.0,219,4,17,1,8,41,1,24
4,0,7.0,15,1,16,0,3,115,3,11
4,0,25.0,281,6,4,3,5,6,3,13
4,1,12.0,353,4,5,2,9,93,3,28
4,8,13.0,189,0,5,0,10,47,1,25
4,0,7.0,15,1,1,0,16,130,3,11
4,4,23.0,30,6,9,1,11,18,1,17
4,7,3.0,269,2,7,0,8,9,4,27
3,1,1.0,203,5,22,0,2,13,1,7
5,10,19.0,117,3,9,1,7,54,1,10
3,0,1.0,8,0,17,0,1,35,4,7
3,4,1.0,144,2,11,0,14,34,1,7
5,1,19.0,29,2,11,0,6,89,1,10
4,4,23.0,30,6,5,0,1,11,2,17
4,2,16.0,220,1,18,2,5,0,3,2
4,5,11.0,326,1,18,2,14,126,3,9
4,5,13.0,184,4,19,3,11,15,3,25
4,5,11.0,326,1,13,0,6,7,2,9
4,5,11.0,326,1,17,0,6,14,1,9
4,1,22.0,164,3,21,1,4,45,0,26
4,1,22.0,164,3,3,1,1,105,4,26
4,1,22.0,164,3,4,1,5,6,0,26
4,8,6.0,87,0,6,0,9,54,1,23
4,8,6.0,87,0,21,0,14,25,1,23
4,8,6.0,87,0,21,0,11,18,1,23
4,8,6.0,87,0,5,1,13,99,4,23
4,4,23.0,30,6,4,0,4,4,1,17
4,8,6.0,87,0,9,2,2,2,0,23
4,8,15.0,72,2,5,0,13,99,4,1
4,8,15.0,72,2,5,0,1,16,2,1
4,8,15.0,72,2,19,0,0,26,2,1
4,8,15.0,72,2,4,0,0,26,1,1
4,8,15.0,72,2,19,1,14,32,4,1
4,8,15.0,72,2,12,1,8,19,0,1
4,8,16.0,73,4,6,0,13,38,4,2
4,8,15.0,72,2,4,0,13,48,3,1
4,8,15.0,72,2,22,1,7,137,1,1
4,8,21.0,46,1,6,0,8,27,3,21
4,4,24.0,27,3,5,0,8,118,1,14
4,4,24.0,27,3,9,0,10,23,2,14
5,1,20.0,151,4,2,1,0,0,0,29
5,1,18.0,82,1,2,1,0,12,1,0
5,6,18.0,308,4,11,3,16,74,1,0
5,8,20.0,319,3,17,0,6,89,1,29
4,10,7.0,243,2,19,1,11,133,2,11
4,4,8.0,292,5,18,0,7,111,1,8
4,4,6.0,176,2,3,1,16,39,0,23
4,2,24.0,22,2,0,1,14,25,4,14
5,0,19.0,13,6,13,3,9,27,0,10
4,9,22.0,92,0,5,0,6,89,2,26
4,7,12.0,181,5,2,1,11,94,0,28
4,10,12.0,333,0,1,1,13,38,2,28
4,6,23.0,84,2,16,0,10,52,1,17
4,8,22.0,354,2,8,1,9,93,0,26
4,4,13.0,221,2,9,1,6,7,0,25
4,4,14.0,345,4,11,0,14,24,2,5
4,4,22.0,152,5,20,0,2,2,2,26
4,2,22.0,209,0,14,1,11,15,0,26
4,2,22.0,209,0,19,0,15,96,0,26
4,0,13.0,198,0,22,2,8,27,2,25
4,0,15.0,190,2,18,1,10,47,0,1
4,0,13.0,198,0,22,2,8,27,2,25
4,0,13.0,198,0,22,2,1,59,0,25
4,0,15.0,190,2,6,0,2,2,0,1
4,0,15.0,190,2,22,0,13,36,3,1
4,0,15.0,190,2,12,0,8,9,1,1
4,0,15.0,190,2,4,2,14,125,0,1
4,0,22.0,241,2,5,0,9,49,1,26
4,0,22.0,241,2,3,0,8,41,0,26
4,0,15.0,190,2,21,0,13,69,1,1
4,0,30.0,228,4,11,0,10,23,3,19
4,0,30.0,228,4,22,0,14,34,1,19
4,0,30.0,228,4,4,0,14,106,1,19
4,0,31.0,290,5,16,0,0,26,3,20
4,0,31.0,290,5,19,2,9,27,3,20
4,3,17.0,54,6,15,1,6,7,0,6
4,5,9.0,206,3,18,1,3,115,0,12
4,5,9.0,206,3,19,1,14,34,2,12
4,10,1.0,208,4,5,0,10,22,2,7
4,10,17.0,256,6,14,1,0,31,2,6
4,5,9.0,206,3,9,0,3,115,1,12
3,0,24.0,55,2,9,0,8,27,1,14
5,4,18.0,26,3,10,1,0,31,2,0
4,4,1.0,144,5,15,0,9,95,2,7
4,2,3.0,282,2,5,1,15,31,2,27
4,2,3.0,282,2,4,3,1,11,3,27
4,0,5.0,122,3,1,0,1,105,4,24
4,0,14.0,5,1,8,0,10,43,1,5
4,1,12.0,353,4,2,1,3,103,4,28
4,0,14.0,5,1,14,0,9,54,1,5
4,1,13.0,207,5,10,1,15,31,0,25
4,0,14.0,5,1,1,2,2,40,1,5
4,1,13.0,207,5,18,0,16,65,0,25
4,0,14.0,5,1,1,0,9,87,1,5
4,4,23.0,30,6,12,0,12,17,4,17
4,1,13.0,207,5,14,1,3,103,4,25
4,0,25.0,281,6,4,0,0,26,2,13
4,6,29.0,335,1,13,1,0,64,4,16
4,1,13.0,207,5,9,0,8,41,3,25
4,2,20.0,264,6,1,1,6,128,1,29
4,0,14.0,5,1,9,1,14,125,4,5
4,6,5.0,342,6,4,0,1,16,0,24
4,0,4.0,229,6,2,2,4,45,0,30
4,0,25.0,281,6,2,0,14,24,2,13
4,10,4.0,356,3,3,0,13,99,2,30
4,0,4.0,229,6,11,1,2,86,4,30
4,10,12.0,333,0,5,1,1,67,4,28
4,0,4.0,229,6,4,0,0,96,3,30
4,8,7.0,70,1,13,1,7,31,2,11
5,8,19.0,280,6,13,3,0,26,0,10
4,2,22.0,209,0,19,0,5,12,3,26
4,2,22.0,209,0,2,0,11,47,3,26
4,2,22.0,209,0,4,1,9,102,4,26
4,0,15.0,190,2,19,2,8,27,2,1
4,0,13.0,198,0,22,0,8,65,2,25
4,2,15.0,130,0,17,1,5,6,2,1
4,0,15.0,190,2,5,0,10,43,1,1
4,0,22.0,241,2,16,1,0,31,1,26
4,0,22.0,241,2,7,0,8,41,1,26
4,0,22.0,241,2,10,1,0,68,2,26
4,0,22.0,241,2,13,0,11,15,2,26
4,0,22.0,241,2,10,0,2,69,2,26
4,0,22.0,241,2,12,0,12,80,1,26
4,0,22.0,241,2,4,0,2,86,4,26
4,0,30.0,228,4,11,0,0,12,0,19
4,0,30.0,228,4,3,0,5,6,2,19
4,0,30.0,228,4,8,3,16,65,0,19
4,0,30.0,228,4,14,0,2,92,1,19
4,0,30.0,228,4,9,0,2,40,4,19
4,0,31.0,290,5,21,0,2,35,4,20
4,0,31.0,290,5,17,1,0,53,0,20
4,0,31.0,290,5,15,2,9,87,4,20
4,0,31.0,290,5,1,0,5,6,0,20
4,0,31.0,290,5,9,0,6,89,3,20
4,0,8.0,9,2,14,1,12,56,4,8
4,0,13.0,198,0,20,0,10,23,2,25
4,0,13.0,198,0,12,0,10,22,1,25
4,0,13.0,198,0,15,1,15,96,1,25
4,0,13.0,198,0,18,0,1,67,1,25
4,0,15.0,190,2,16,0,11,122,1,1
4,0,15.0,190,2,0,0,3,70,3,1
4,0,15.0,190,2,16,0,0,12,0,1
4,0,15.0,190,2,1,0,0,31,3,1
4,0,22.0,241,2,0,0,7,20,1,26
4,0,22.0,241,2,16,0,0,26,3,26
4,0,22.0,241,2,0,2,14,106,0,26
4,0,30.0,228,4,9,0,9,54,1,19
4,0,31.0,290,5,7,1,11,18,0,20
4,0,31.0,290,5,12,0,14,24,0,20
5,4,27.0,274,1,5,0,10,22,2,15
5,2,13.0,276,5,12,1,10,52,0,25
5,2,27.0,136,5,18,1,8,9,0,15
5,0,30.0,228,2,14,1,1,11,0,19
5,9,1.0,126,3,11,3,6,7,3,7
4,7,12.0,181,5,12,1,8,9,4,28
4,6,22.0,185,1,18,3,10,47,3,26
4,4,14.0,345,4,3,1,5,6,1,5
4,4,22.0,152,5,0,1,0,12,1,26
4,2,21.0,108,3,2,1,14,125,4,21
4,2,22.0,209,0,19,0,2,2,1,26
4,2,24.0,22,2,6,1,12,104,4,14
4,2,24.0,22,2,21,0,11,117,0,14
4,2,24.0,22,2,4,0,10,22,1,14
4,2,25.0,233,4,20,0,7,122,2,13
4,2,22.0,209,0,20,0,10,47,2,26
4,0,6.0,260,0,4,0,7,111,3,23
4,0,8.0,9,2,15,0,10,52,3,8
4,0,8.0,9,2,3,0,14,131,1,8
4,0,8.0,9,2,22,0,9,57,4,8
4,0,8.0,9,2,2,0,8,33,4,8
4,0,8.0,9,2,1,0,6,14,3,8
4,0,13.0,198,0,19,2,13,48,3,25
4,0,15.0,190,2,23,1,15,51,0,1
4,0,15.0,190,2,21,1,8,41,0,1
4,0,15.0,190,2,3,0,0,26,3,1
4,0,30.0,228,4,11,0,0,31,2,19
4,0,31.0,290,5,13,1,14,88,4,20
4,0,30.0,228,4,2,0,14,24,2,19
4,0,31.0,290,5,9,0,16,74,3,20
5,8,25.0,86,5,13,0,2,2,4,13
4,4,4.0,178,0,12,0,11,15,2,30
5,0,16.0,11,2,16,0,10,47,3,2
4,2,5.0,127,5,13,0,3,103,2,24
5,0,16.0,11,2,11,1,9,101,1,2
4,2,7.0,153,3,13,0,0,31,2,11
4,7,10.0,329,2,19,1,10,22,0,4
4,0,7.0,15,1,6,0,13,28,3,11
4,7,9.0,273,1,19,1,7,111,0,12
4,0,7.0,15,1,6,0,3,115,3,11
4,7,10.0,329,2,4,1,16,108,2,4
4,0,7.0,15,1,7,0,10,52,1,11
4,0,7.0,15,1,21,0,4,4,1,11
4,0,7.0,15,1,15,0,4,127,1,11
4,2,30.0,131,1,4,1,5,6,1,19
4,0,5.0,122,3,13,0,7,31,2,24
4,0,14.0,5,1,7,2,16,113,3,5
4,0,14.0,5,1,8,0,10,23,2,5
4,0,14.0,5,1,19,0,4,121,3,5
4,0,14.0,5,1,19,0,13,99,4,5
4,0,25.0,281,6,19,1,0,64,0,13
4,0,25.0,281,6,1,1,3,30,0,13
4,2,4.0,254,4,0,1,8,33,0,30
4,2,4.0,254,4,16,1,0,26,1,30
4,2,4.0,254,4,11,0,8,33,3,30
4,2,4.0,254,4,19,0,10,23,3,30
4,2,17.0,6,2,6,0,10,22,1,6
4,2,17.0,6,2,0,1,2,2,0,6
4,2,17.0,6,2,16,0,15,119,3,6
4,2,17.0,6,2,8,0,4,82,1,6
4,2,20.0,264,6,16,0,10,47,3,29
4,2,20.0,264,6,5,0,2,2,3,29
4,11,17.0,110,3,23,1,9,83,1,6
4,9,15.0,226,0,8,1,10,47,1,1
4,7,10.0,329,2,19,1,12,61,1,4
4,11,6.0,252,2,13,3,16,37,0,23
4,5,7.0,349,5,16,1,6,7,2,11
4,5,19.0,146,2,13,1,0,26,1,10
4,10,18.0,246,3,8,3,10,52,2,0
4,10,18.0,246,3,3,0,2,2,4,0
4,1,2.0,171,0,2,1,7,57,0,22
4,8,27.0,78,0,19,0,10,23,1,15
4,4,9.0,18,6,23,1,1,16,4,12
4,4,9.0,18,6,2,2,7,111,0,12
4,8,11.0,306,6,0,1,5,12,0,9
4,4,28.0,218,4,13,0,1,35,4,18
4,0,6.0,260,0,19,1,9,93,1,23
4,0,6.0,260,0,2,3,11,133,1,23
4,0,13.0,198,0,18,0,10,52,0,25
4,0,6.0,260,0,1,0,12,80,4,23
4,4,24.0,27,3,9,0,13,99,3,14
4,4,24.0,27,3,5,3,5,64,3,14
4,2,6.0,251,6,17,1,9,27,2,23
4,2,6.0,251,6,3,0,6,91,2,23
4,2,6.0,251,6,18,1,4,121,0,23
5,10,1.0,208,2,17,3,9,95,1,7
4,2,13.0,276,6,11,1,9,101,4,25
4,2,13.0,276,6,3,0,12,80,2,25
4,2,23.0,230,1,17,0,12,135,3,17
4,2,23.0,230,1,23,2,10,47,0,17
4,2,23.0,230,1,20,0,1,11,4,17
4,2,23.0,230,1,10,0,13,28,1,17
4,0,23.0,237,4,9,1,5,6,1,17
4,3,24.0,357,6,13,3,5,6,0,14
5,8,9.0,124,2,18,0,2,86,1,12
5,8,1.0,66,1,2,1,11,15,1,7
5,8,15.0,72,1,16,0,5,6,1,1
4,1,27.0,262,5,9,1,3,79,4,15
4,10,28.0,216,2,17,1,13,36,1,18
5,2,1.0,16,3,12,0,16,42,3,7
5,2,1.0,16,3,14,0,9,57,0,7
5,10,30.0,157,4,0,0,10,47,3,19
4,8,10.0,71,5,18,2,13,21,2,4
4,8,26.0,278,3,14,3,0,15,4,3
4,4,2.0,141,6,3,0,3,30,1,22
5,8,1.0,66,1,22,0,1,59,1,7
4,7,17.0,95,2,16,0,10,47,0,6
2,11,1.0,222,0,17,0,1,59,4,7
4,5,17.0,212,0,9,1,9,101,4,6
4,5,17.0,212,0,13,0,13,99,4,6
5,8,8.0,76,1,18,0,5,12,1,8
4,10,28.0,216,2,11,0,1,11,2,18
4,7,9.0,273,1,3,0,16,74,2,12
4,7,18.0,154,4,1,0,2,86,1,0
4,5,10.0,155,0,22,0,1,11,2,4
4,5,10.0,155,0,10,0,0,96,3,4
4,5,18.0,195,1,9,1,10,47,0,0
4,1,3.0,188,1,18,1,7,31,0,27
4,2,4.0,254,4,22,1,11,117,1,30
4,0,12.0,113,3,1,0,10,22,3,28
4,2,30.0,131,1,2,1,9,83,4,19
4,0,7.0,15,1,9,0,13,21,2,11
4,0,7.0,15,1,9,1,5,64,0,11
4,0,5.0,122,3,13,0,12,104,1,24
4,0,7.0,15,1,16,0,14,25,2,11
4,0,14.0,5,1,6,0,14,34,1,5
4,0,14.0,5,1,17,1,7,111,0,5
4,0,14.0,5,1,17,0,5,12,1,5
4,0,14.0,5,1,11,0,1,105,1,5
4,0,14.0,5,1,12,0,8,118,1,5
4,0,14.0,5,1,14,0,12,80,0,5
4,0,7.0,15,1,1,0,1,11,1,11
4,0,25.0,281,6,16,0,10,23,0,13
4,0,25.0,281,6,20,0,4,75,4,13
4,0,25.0,281,6,1,1,1,1,4,13
4,2,25.0,233,4,0,1,1,105,0,13
4,0,13.0,198,0,11,0,9,63,4,25
5,6,16.0,38,1,10,0,15,46,1,2
4,3,1.0,180,4,9,1,0,85,4,7
5,10,16.0,201,4,19,0,11,133,1,2
4,6,19.0,291,6,5,0,14,125,2,10
4,6,27.0,116,3,11,1,12,56,4,15
0,0,1.0,8,5,17,0,3,76,1,7
4,10,24.0,261,6,19,1,0,26,1,14
5,1,25.0,65,1,18,0,6,7,4,13
5,4,25.0,20,3,13,1,2,86,0,13
4,2,3.0,282,2,1,2,12,100,1,27
4,0,2.0,47,4,8,0,14,34,2,22
5,0,1.0,8,1,6,0,14,32,4,7
4,3,27.0,361,1,16,2,0,85,3,15
4,3,27.0,361,1,19,0,7,8,1,15
4,5,1.0,109,6,17,0,4,79,2,7
4,5,9.0,206,3,1,1,7,137,4,12
4,10,19.0,117,0,22,0,9,57,2,10
4,3,1.0,180,4,17,0,3,44,4,7
4,1,20.0,151,5,18,1,10,52,4,29
4,8,20.0,319,0,9,1,14,25,0,29
4,4,1.0,144,5,17,3,15,39,0,7
4,0,28.0,249,1,15,0,13,29,4,18
4,2,26.0,3,5,4,0,0,26,3,3
4,5,1.0,109,6,17,3,12,58,4,7
4,4,26.0,80,1,12,0,15,108,1,3
5,2,10.0,28,1,9,1,10,22,4,4
5,2,24.0,22,1,22,1,5,6,0,14
5,2,26.0,3,4,13,0,3,70,4,3
4,7,1.0,98,0,22,3,15,37,0,7
4,3,15.0,35,4,20,0,7,54,4,1
4,10,1.0,208,4,4,0,3,30,3,7
4,8,3.0,363,5,23,1,5,0,2,27
4,8,17.0,74,5,20,3,12,61,1,6
4,4,11.0,121,0,2,3,2,35,4,9
4,4,1.0,144,5,3,0,5,12,1,7
3,4,24.0,27,5,5,0,15,39,1,14
4,10,1.0,208,4,13,1,0,26,1,7
4,10,19.0,117,0,17,0,13,38,2,10
4,1,17.0,63,1,18,0,15,39,3,6
4,2,1.0,16,0,23,0,9,95,3,7
4,2,1.0,16,0,17,0,15,108,1,7
4,0,28.0,249,1,8,1,15,114,0,18
4,0,28.0,249,1,19,1,6,7,0,18
4,2,4.0,254,4,6,1,3,44,0,30
4,2,4.0,254,4,1,0,10,22,2,30
4,2,17.0,6,2,6,0,3,44,0,6
4,2,20.0,264,6,7,1,3,4,0,29
4,2,20.0,264,6,22,0,13,29,2,29
4,2,20.0,264,6,18,0,2,2,3,29
4,0,4.0,229,6,13,0,13,21,1,30
4,1,3.0,188,1,18,0,3,115,3,27
5,4,1.0,144,4,17,0,13,69,1,7
4,0,17.0,12,5,11,0,10,22,3,6
4,0,17.0,12,5,17,0,1,11,4,6
4,0,16.0,11,4,4,1,0,85,3,2
4,2,23.0,230,1,17,0,6,14,1,17
4,0,23.0,237,4,10,0,16,42,1,17
4,0,23.0,237,4,21,2,9,27,0,17
4,0,23.0,237,4,13,0,6,7,3,17
4,9,17.0,255,2,20,0,0,12,3,6
3,1,5.0,219,1,5,0,4,75,1,24
4,5,2.0,307,3,11,3,11,15,0,22
4,6,10.0,149,4,6,1,5,12,2,4
4,1,27.0,262,5,18,1,8,9,1,15
4,4,3.0,279,3,2,3,1,11,3,27
4,2,2.0,143,1,3,0,10,6,2,22
4,0,11.0,10,6,20,1,11,18,2,9
4,0,27.0,23,0,19,1,4,127,1,15
5,0,27.0,23,3,19,1,13,38,0,15
5,10,5.0,336,3,4,0,5,12,2,24
5,2,1.0,16,3,11,0,2,2,2,7
4,3,26.0,343,0,14,0,10,52,1,3
4,3,26.0,343,0,14,0,0,15,0,3
4,10,2.0,358,5,18,1,11,18,1,22
4,1,10.0,17,1,17,0,2,69,2,4
5,2,1.0,16,3,1,0,6,89,4,7
4,4,2.0,141,6,3,0,11,117,0,22
4,2,2.0,143,1,19,3,4,66,3,22
4,0,27.0,23,0,19,1,15,51,1,15
5,0,10.0,129,4,5,0,10,22,1,4
4,9,26.0,267,5,11,0,9,49,1,3
4,7,17.0,95,2,22,0,4,82,1,6
5,2,1.0,16,3,9,0,14,25,1,7
4,3,25.0,347,3,9,2,10,22,1,13
4,10,11.0,298,3,20,0,3,44,1,9
5,0,26.0,14,6,17,0,15,31,4,3
4,1,8.0,62,3,11,0,3,79,1,8
5,8,1.0,66,1,5,0,1,16,3,7
4,0,27.0,23,0,2,1,4,45,0,15
4,9,10.0,156,2,18,1,2,2,0,4
4,11,7.0,253,4,17,3,13,28,0,11
4,5,2.0,307,3,20,0,10,22,1,22
4,6,2.0,352,2,6,1,9,101,0,22
4,1,8.0,62,3,12,0,0,26,1,8
4,4,3.0,279,3,2,0,9,101,2,27
4,8,1.0,66,2,11,0,9,93,2,7
4,2,11.0,297,4,8,0,13,99,2,9
4,0,18.0,0,6,8,0,15,119,2,0
4,0,3.0,334,5,17,1,0,26,1,27
4,0,29.0,191,2,12,1,10,52,0,16
4,2,29.0,140,0,7,1,1,59,4,16
4,1,2.0,171,0,18,0,6,128,2,22
4,0,12.0,113,3,9,1,4,45,4,28
4,2,20.0,264,6,11,1,8,118,1,29
4,0,4.0,229,6,12,0,3,44,3,30
4,2,6.0,251,6,2,0,11,117,3,23
4,0,24.0,55,5,21,0,1,59,1,14
5,11,2.0,265,5,5,0,3,70,0,22
3,0,31.0,290,2,2,1,1,81,0,20
3,0,29.0,191,0,14,2,12,135,3,16
5,11,24.0,194,6,20,1,13,48,0,14
5,7,24.0,68,1,1,2,10,22,3,14
3,0,30.0,228,1,20,0,16,37,1,19
5,11,2.0,265,5,3,0,11,94,3,22
5,11,2.0,265,5,19,0,10,22,2,22
5,11,8.0,283,4,6,0,10,23,1,8
5,11,8.0,283,4,11,0,4,4,1,8
5,11,16.0,225,5,19,2,6,7,3,2
5,11,17.0,110,6,7,0,4,75,3,6
5,11,16.0,225,5,8,0,1,1,3,2
5,11,2.0,265,5,19,0,9,9,0,22
5,11,1.0,222,4,14,0,1,105,0,7
5,11,11.0,175,3,19,0,14,24,1,9
5,11,18.0,332,3,4,1,11,90,4,0
5,11,18.0,332,3,19,3,5,6,0,0
5,9,25.0,344,2,0,1,8,27,0,13
5,9,25.0,344,2,13,0,5,6,2,13
5,11,25.0,88,3,2,0,7,57,2,13
5,11,25.0,88,3,22,0,3,30,2,13
5,9,18.0,359,2,19,1,9,10,1,0
5,10,29.0,318,2,16,0,2,92,0,16
5,10,29.0,318,2,4,1,11,117,1,16
5,10,29.0,318,2,15,1,3,30,1,16
5,11,2.0,265,5,10,2,0,77,3,22
5,11,8.0,283,4,6,1,11,15,0,8
5,11,8.0,283,4,6,0,12,84,1,8
5,11,8.0,283,4,3,1,8,33,4,8
5,11,8.0,283,4,1,2,15,31,0,8
5,11,16.0,225,5,20,0,7,78,3,2
5,11,16.0,225,5,3,1,9,93,4,2
5,11,16.0,225,5,4,2,10,22,3,2
5,11,16.0,225,5,1,1,14,32,0,2
5,11,19.0,321,0,20,1,2,40,4,10
5,11,17.0,110,6,15,0,13,38,2,6
5,9,1.0,126,3,3,1,6,132,4,7
5,9,10.0,156,1,6,1,0,85,1,4
5,11,2.0,265,5,4,1,2,2,0,22
5,11,19.0,321,0,10,1,13,36,2,10
5,9,10.0,156,1,8,0,14,25,3,4
5,9,26.0,267,4,16,1,14,25,0,3
5,9,26.0,267,4,8,0,10,6,0,3
5,7,19.0,330,4,6,1,15,46,1,10
5,7,19.0,330,4,14,2,14,25,0,10
5,3,4.0,285,6,20,0,4,66,3,30
5,11,10.0,360,6,21,0,2,92,1,4
5,11,10.0,360,6,22,0,10,47,2,4
5,11,10.0,360,6,2,0,15,112,1,4
5,11,10.0,360,6,4,1,2,123,1,4
5,11,26.0,364,0,6,2,2,86,3,3
5,11,26.0,364,0,15,1,3,44,0,3
5,11,3.0,288,6,4,0,9,95,2,27
5,11,3.0,288,6,15,0,10,47,2,27
5,11,3.0,288,6,15,1,9,101,4,27
5,11,3.0,288,6,19,0,2,123,0,27
5,11,3.0,288,6,19,0,9,134,2,27
5,11,10.0,360,6,4,0,15,31,2,4
5,11,10.0,360,6,8,0,8,41,2,4
5,11,26.0,364,0,17,1,1,67,0,3
5,11,26.0,364,0,22,1,16,130,4,3
5,11,26.0,364,0,19,2,13,69,3,3
5,11,26.0,364,0,9,0,2,69,2,3
5,11,27.0,322,1,20,0,2,92,1,15
5,11,27.0,322,1,20,2,3,103,3,15
5,11,26.0,364,0,17,1,2,2,4,3
5,3,4.0,285,6,23,0,6,91,2,30
5,3,4.0,285,6,9,2,8,9,0,30
5,3,27.0,361,0,16,0,4,76,3,15
5,3,27.0,361,0,3,0,5,6,0,15
5,3,27.0,361,0,12,0,10,22,1,15
5,3,27.0,361,0,18,0,0,53,0,15
5,3,27.0,361,0,18,1,9,57,0,15
5,3,28.0,187,1,0,0,1,11,4,18
5,3,28.0,187,1,5,1,15,39,4,18
5,3,27.0,361,0,1,1,12,100,4,15
5,3,29.0,325,2,3,1,5,6,0,16
5,3,29.0,325,2,22,2,2,2,3,16
5,3,29.0,325,2,13,0,8,27,1,16
5,3,29.0,325,2,12,0,6,7,3,16
5,5,11.0,326,0,16,0,0,53,1,9
5,5,11.0,326,0,20,0,8,118,1,9
5,5,11.0,326,0,6,1,5,64,0,9
5,5,11.0,326,0,4,0,14,24,3,9
5,5,11.0,326,0,14,0,8,27,1,9
5,5,27.0,328,2,17,0,5,64,2,15
5,11,19.0,321,0,10,0,8,19,3,10
5,11,19.0,321,0,10,1,3,79,0,10
5,11,27.0,322,1,22,0,9,95,4,15
5,11,27.0,322,1,3,0,9,57,0,15
5,9,11.0,52,2,6,0,14,32,3,9
5,9,11.0,52,2,23,3,8,19,2,9
5,9,11.0,52,2,23,0,5,6,0,9
5,9,11.0,52,2,3,0,6,7,3,9
5,9,11.0,52,2,9,0,1,59,4,9
5,9,11.0,52,2,18,0,1,67,3,9
5,9,17.0,255,1,10,0,0,31,1,6
5,9,17.0,255,1,3,0,13,48,3,6
5,11,26.0,364,0,8,0,2,86,1,3
5,11,27.0,322,1,16,0,9,9,0,15
5,11,27.0,322,1,7,0,14,24,3,15
5,11,27.0,322,1,7,0,9,57,1,15
5,9,11.0,52,2,20,0,2,71,4,9
5,9,11.0,52,2,19,0,1,105,4,9
5,9,17.0,255,1,19,0,2,69,0,6
5,9,17.0,255,1,5,0,6,7,0,6
5,9,19.0,234,4,12,2,9,9,2,10
5,9,19.0,234,4,4,0,0,77,3,10
5,9,20.0,119,5,21,1,1,11,0,29
5,9,19.0,234,4,8,1,13,99,0,10
5,11,17.0,110,6,5,1,9,95,4,6
5,11,19.0,321,0,18,2,0,26,0,10
5,9,1.0,126,3,23,0,7,20,1,7
5,9,1.0,126,3,22,3,7,111,0,7
5,9,1.0,126,3,8,0,14,24,2,7
5,9,10.0,156,1,11,0,13,28,1,4
5,9,10.0,156,1,6,0,0,12,0,4
5,4,2.0,141,5,9,0,8,27,3,22
5,0,11.0,10,5,17,1,9,27,0,9
5,4,4.0,178,3,10,1,13,123,4,30
5,2,5.0,127,4,21,0,15,46,4,24
5,2,5.0,127,4,2,0,5,64,2,24
5,2,13.0,276,5,16,2,10,22,0,25
5,2,19.0,137,4,22,0,13,4,3,10
5,2,19.0,137,4,12,1,9,134,4,10
5,0,22.0,241,1,17,2,10,23,1,26
5,5,29.0,24,5,19,0,8,9,0,16
4,0,25.0,281,6,10,1,8,9,0,13
5,5,10.0,155,3,20,1,14,32,4,4
5,2,22.0,209,3,1,0,10,47,0,26
5,10,4.0,356,6,12,0,7,78,2,30
5,10,10.0,245,5,20,0,14,25,0,4
5,10,10.0,245,5,8,0,1,11,4,4
5,10,29.0,318,2,19,0,8,118,1,16
5,1,4.0,286,1,15,0,2,92,1,30
5,7,22.0,211,3,9,1,11,15,2,26
5,3,16.0,263,4,9,3,5,12,3,2
5,1,11.0,111,1,6,0,13,21,4,9
5,1,11.0,111,1,6,1,9,83,4,9
5,1,4.0,286,1,22,1,8,19,0,30
5,1,11.0,111,1,17,1,0,85,1,9
5,1,13.0,207,4,0,0,4,79,0,25
5,1,18.0,82,1,17,1,1,11,4,0
5,1,18.0,82,1,22,0,4,82,3,0
5,1,18.0,82,1,8,0,1,35,3,0
5,1,18.0,82,1,18,0,6,7,0,0
5,1,20.0,151,4,4,0,10,23,2,29
5,5,20.0,214,2,17,0,4,75,3,29
5,8,19.0,280,6,16,2,15,39,3,10
5,8,19.0,280,6,12,0,16,130,4,10
5,8,20.0,319,3,13,0,2,69,0,29
5,8,20.0,319,3,1,0,8,9,0,29
5,5,10.0,155,3,20,0,4,75,3,4
5,5,20.0,214,2,14,0,4,75,1,29
5,5,20.0,214,2,4,0,10,47,3,29
5,3,1.0,180,2,1,0,10,12,3,7
5,10,3.0,310,5,8,1,15,119,4,27
5,1,10.0,17,0,19,1,5,12,0,4
5,1,12.0,353,2,22,1,5,6,0,28
5,3,24.0,357,5,0,1,0,85,0,14
5,6,25.0,39,4,13,1,14,106,4,13
5,2,4.0,254,2,23,1,12,58,4,30
5,2,4.0,254,2,21,1,5,6,1,30
5,2,21.0,108,6,22,1,12,83,4,21
5,5,10.0,155,3,8,1,10,23,1,4
5,5,12.0,327,1,3,0,12,84,3,28
5,5,12.0,327,1,4,0,6,91,4,28
5,1,12.0,353,2,14,0,10,30,0,28
5,7,15.0,205,3,4,3,12,61,0,1
5,1,11.0,111,1,19,1,1,11,0,9
5,1,18.0,82,1,7,2,14,24,3,0
5,1,18.0,82,1,7,1,15,119,0,0
5,8,19.0,280,6,23,0,15,31,0,10
5,4,3.0,279,6,12,0,10,22,3,27
5,4,4.0,178,3,16,0,2,86,4,30
5,4,4.0,178,3,21,1,2,123,0,30
5,4,4.0,178,3,17,1,10,47,1,30
5,4,19.0,142,0,11,0,3,70,4,10
5,4,27.0,274,1,17,0,13,38,0,15
5,2,5.0,127,4,4,0,10,47,3,24
5,2,19.0,137,4,19,2,6,132,3,10
5,2,27.0,136,5,14,0,5,6,0,15
5,2,27.0,136,5,14,0,13,29,2,15
5,0,13.0,198,3,11,1,6,89,1,25
5,0,30.0,228,2,13,0,11,133,2,19
4,11,4.0,275,0,19,1,11,15,1,30
4,11,10.0,360,3,11,0,13,38,2,4
4,11,10.0,360,3,2,0,11,117,0,4
5,2,21.0,108,6,13,3,10,22,4,21
5,2,21.0,108,6,20,1,0,26,1,21
4,0,5.0,122,3,1,0,13,123,1,24
4,0,7.0,15,1,19,0,3,115,3,11
5,8,1.0,66,1,20,1,15,46,2,7
5,2,9.0,21,0,4,0,8,19,0,12
5,2,27.0,136,5,2,1,9,63,1,15
5,0,13.0,198,3,16,0,9,93,1,25
5,0,13.0,198,3,5,0,9,102,1,25
4,11,3.0,288,3,18,0,6,7,3,27
4,11,5.0,240,1,20,0,3,30,0,24
4,11,5.0,240,1,21,1,7,62,0,24
4,11,5.0,240,1,9,0,6,128,4,24
4,11,5.0,240,1,18,0,1,11,4,24
4,11,11.0,175,0,5,0,13,99,2,9
5,0,18.0,0,5,17,1,12,17,4,0
4,11,11.0,175,0,2,2,9,95,0,9
4,11,11.0,175,0,1,0,2,13,1,9
4,11,13.0,312,2,17,0,5,6,3,25
4,11,27.0,322,2,21,0,10,47,0,15
4,11,28.0,123,4,6,1,1,67,0,18
4,11,28.0,123,4,14,0,15,31,0,18
4,11,28.0,123,4,14,0,10,47,0,18
4,9,5.0,89,5,8,0,14,24,1,24
5,8,20.0,319,3,15,0,3,103,2,29
5,2,12.0,128,4,8,2,7,120,3,28
5,5,19.0,146,1,11,0,9,9,2,10
5,10,29.0,318,2,17,3,11,133,1,16
5,0,26.0,14,6,11,0,4,82,4,3
5,8,6.0,87,3,14,0,6,7,0,23
5,6,7.0,169,3,17,1,10,47,0,11
4,11,12.0,118,1,17,0,14,125,4,28
5,2,13.0,276,5,22,0,9,93,0,25
4,11,22.0,250,5,17,0,8,9,1,26
5,6,28.0,309,3,16,1,14,25,0,18
5,7,17.0,95,1,18,0,16,37,3,6
5,2,19.0,137,4,20,1,1,1,4,10
5,1,9.0,50,3,14,3,8,118,0,12
5,10,25.0,56,6,13,0,1,59,2,13
4,3,13.0,210,1,9,2,4,4,3,25
4,11,22.0,250,5,13,0,6,14,2,26
5,5,28.0,259,4,2,0,0,26,2,18
5,1,31.0,305,0,14,3,0,26,1,20
5,7,25.0,41,2,16,0,0,12,2,13
4,11,6.0,252,2,22,0,13,38,2,23
5,7,18.0,154,2,17,0,15,31,4,0
4,3,20.0,105,1,11,1,9,93,0,29
5,3,1.0,180,2,12,2,3,44,2,7
4,11,8.0,283,5,13,1,0,15,1,8
5,5,25.0,350,0,15,0,9,58,2,13
5,5,19.0,146,1,2,0,13,48,0,10
5,5,20.0,214,2,12,0,14,24,3,29
5,2,20.0,264,5,17,1,1,11,0,29
5,5,28.0,259,4,15,1,14,25,4,18
5,5,29.0,24,5,8,0,5,12,3,16
5,6,10.0,149,2,2,0,9,102,3,4
5,6,28.0,309,3,17,1,0,0,0,18
5,10,13.0,346,0,20,0,3,79,1,25
5,10,13.0,346,0,6,1,2,123,0,25
5,10,13.0,346,0,9,0,0,26,3,25
5,10,13.0,346,0,5,0,9,9,3,25
5,10,19.0,117,3,11,0,0,26,3,10
5,10,21.0,341,1,21,0,6,89,4,21
5,1,2.0,171,3,11,0,2,35,3,22
5,1,2.0,171,3,19,0,8,33,3,22
5,1,28.0,300,5,16,2,4,82,3,18
5,1,28.0,300,5,4,0,4,4,1,18
5,2,19.0,137,4,1,1,16,37,4,10
5,10,31.0,135,5,5,0,5,6,2,20
4,9,27.0,179,6,22,0,14,24,2,15
4,11,29.0,270,5,19,0,9,93,4,16
5,8,3.0,363,4,12,2,7,20,3,27
5,8,5.0,101,6,11,0,16,74,1,24
4,9,18.0,359,4,4,1,14,97,0,0
5,1,8.0,62,6,19,0,9,95,2,8
4,0,4.0,229,6,15,2,12,61,1,30
5,7,5.0,204,4,13,0,10,47,2,24
2,9,1.0,126,4,14,0,14,107,4,7
5,10,14.0,174,1,3,3,5,6,0,5
5,8,1.0,66,1,15,0,8,9,1,7
4,9,17.0,255,2,13,0,4,75,0,6
5,8,11.0,306,5,19,0,14,34,2,9
5,8,11.0,306,5,4,2,5,12,3,9
5,8,28.0,224,0,16,0,9,9,1,18
5,10,21.0,341,1,10,1,3,30,0,21
5,10,21.0,341,1,22,1,14,24,1,21
5,10,28.0,216,1,2,0,10,22,3,18
5,1,2.0,171,3,17,0,9,93,0,22
5,1,2.0,171,3,9,2,10,47,0,22
5,1,10.0,17,0,17,2,13,36,3,4
5,1,12.0,353,2,3,0,10,47,3,28
5,1,19.0,29,2,13,0,9,63,1,10
5,1,19.0,29,2,12,2,8,9,1,10
5,1,28.0,300,5,20,1,10,22,1,18
5,1,29.0,112,6,5,1,10,47,1,16
5,1,29.0,112,6,15,2,3,30,3,16
5,1,29.0,112,6,8,0,16,65,4,16
5,1,19.0,29,2,18,3,9,101,2,10
4,7,8.0,94,0,1,0,10,23,1,8
5,4,18.0,26,3,18,1,1,59,0,0
5,2,18.0,7,2,3,1,11,124,1,0
5,8,3.0,363,4,12,0,1,11,3,27
5,8,4.0,299,5,17,1,1,67,0,30
5,8,4.0,299,5,23,0,5,12,3,30
5,8,4.0,299,5,1,0,13,28,4,30
5,8,11.0,306,5,22,0,0,15,4,9
5,8,28.0,224,0,13,0,10,22,1,18
5,8,28.0,224,0,22,0,6,14,1,18
5,8,29.0,301,1,12,2,11,15,0,16
5,8,29.0,301,1,9,2,9,95,0,16
5,4,5.0,235,0,16,1,16,65,0,24
5,4,5.0,235,0,21,0,0,12,0,24
5,4,5.0,235,0,15,1,14,88,4,24
5,4,13.0,221,1,19,0,7,20,2,25
5,4,30.0,139,5,5,0,9,27,2,19
3,0,1.0,8,0,22,0,9,95,1,7
5,4,30.0,139,5,18,2,6,89,3,19
5,2,4.0,254,2,6,0,13,21,1,30
5,2,21.0,108,6,19,0,8,41,3,21
5,0,3.0,334,4,20,1,8,33,4,27
5,0,3.0,334,4,8,2,1,16,3,27
5,0,3.0,334,4,19,1,6,91,4,27
5,0,4.0,229,5,7,0,13,29,0,30
5,6,30.0,145,1,6,0,14,107,1,19
4,11,18.0,332,0,22,0,13,48,2,0
4,9,15.0,226,0,12,1,5,6,0,1
5,10,17.0,256,5,17,0,11,18,1,6
5,2,23.0,230,0,17,3,10,47,0,17
5,8,18.0,75,5,12,1,14,24,4,0
5,0,4.0,229,5,6,1,6,7,0,30
5,0,4.0,229,5,14,0,8,41,1,30
5,0,5.0,122,6,15,0,14,24,2,24
5,0,14.0,5,0,15,1,1,105,4,5
5,0,14.0,5,0,1,0,7,120,1,5
5,3,11.0,337,6,6,2,8,118,4,9
4,3,23.0,57,5,3,0,0,15,0,17
5,3,12.0,104,3,11,3,2,69,1,28
4,2,16.0,220,1,3,0,3,44,1,2
5,2,22.0,209,3,15,0,8,9,3,26
4,9,13.0,91,6,20,0,7,78,3,25
5,8,8.0,76,1,18,0,2,2,4,8
4,3,28.0,187,2,12,0,8,27,0,18
4,2,30.0,131,1,0,0,9,10,1,19
5,10,3.0,310,5,11,0,9,54,1,27
5,1,14.0,183,5,19,0,11,15,2,5
5,8,9.0,124,2,17,0,10,47,2,12
4,2,30.0,131,1,21,0,16,50,4,19
5,6,28.0,309,3,1,2,4,75,3,18
5,1,20.0,151,4,0,0,10,43,1,29
5,8,14.0,296,0,13,0,2,3,2,5
5,1,11.0,111,1,4,1,3,44,4,9
5,8,19.0,280,6,1,0,12,61,1,10
5,2,27.0,136,5,17,0,2,40,2,15
5,10,3.0,310,5,13,0,3,115,4,27
5,6,28.0,309,3,1,2,9,87,0,18
5,1,20.0,151,4,20,1,11,90,0,29
5,8,1.0,66,1,6,0,0,77,1,7
5,2,22.0,209,3,0,0,2,2,4,26
5,9,1.0,126,3,7,0,3,44,1,7
4,9,13.0,91,6,1,1,2,86,1,25
4,9,13.0,91,6,9,0,6,89,1,25
4,9,19.0,234,5,6,1,14,110,0,10
4,9,19.0,234,5,14,0,13,48,3,10
4,9,20.0,119,6,7,1,5,12,0,29
4,7,12.0,181,5,12,0,2,3,2,28
4,7,22.0,211,0,15,2,12,80,0,26
4,7,22.0,211,0,9,0,6,89,1,26
4,7,28.0,34,3,14,0,0,53,3,18
4,3,13.0,210,1,0,1,1,105,0,25
5,0,2.0,47,2,10,1,6,128,0,22
5,0,24.0,55,4,5,1,12,56,4,14
4,5,19.0,146,2,17,0,13,28,0,10
4,6,1.0,158,1,12,3,2,60,0,7
4,6,1.0,158,1,2,3,5,6,1,7
4,2,29.0,140,0,14,1,0,85,0,16
5,2,9.0,21,0,15,0,6,7,2,12
2,8,1.0,77,3,17,0,11,18,2,7
5,0,2.0,47,2,12,1,10,22,0,22
5,5,9.0,206,6,4,0,14,97,1,12
5,5,18.0,195,0,1,1,5,6,0,0
5,0,29.0,191,1,15,0,0,64,0,16
5,0,31.0,290,4,13,1,15,46,4,20
4,11,18.0,332,0,8,0,1,11,2,0
4,11,18.0,332,0,13,0,6,7,4,0
5,7,24.0,68,1,5,0,14,24,2,14
5,6,15.0,49,0,4,0,0,85,0,1
5,2,12.0,128,4,15,0,6,7,4,28
5,2,20.0,264,5,9,0,3,103,0,29
5,2,21.0,108,6,11,1,2,86,4,21
5,0,3.0,334,4,17,0,13,36,4,27
5,0,3.0,334,4,10,1,14,25,0,27
5,0,3.0,334,4,7,1,10,47,0,27
5,0,3.0,334,4,8,0,14,24,3,27
5,0,3.0,334,4,3,1,6,91,4,27
5,0,5.0,122,6,21,1,6,7,0,24
5,0,5.0,122,6,19,0,1,59,3,24
5,0,22.0,241,1,21,1,6,7,0,26
4,11,2.0,265,6,22,0,14,107,3,22
4,11,2.0,265,6,22,2,15,46,0,22
4,11,2.0,265,6,4,1,8,118,1,22
4,11,2.0,265,6,4,0,8,118,1,22
4,11,20.0,340,2,6,2,16,108,4,29
4,2,30.0,131,1,18,0,13,38,1,19
4,0,5.0,122,3,10,1,11,10,4,24
4,0,7.0,15,1,0,0,10,47,2,11
4,0,14.0,5,1,21,1,14,25,0,5
4,3,13.0,210,1,8,1,5,12,0,25
4,3,14.0,33,2,4,0,13,36,1,5
4,3,28.0,187,2,8,2,13,38,3,18
4,3,13.0,210,1,13,1,9,93,1,25
4,5,3.0,161,0,7,0,10,52,1,27
5,6,26.0,348,5,22,0,9,63,1,3
4,11,19.0,321,1,16,0,8,27,0,10
4,11,21.0,192,4,2,2,11,137,3,21
4,11,27.0,322,2,5,0,8,27,2,15
4,9,5.0,89,5,9,0,7,57,4,24
4,9,19.0,234,5,17,0,2,2,1,10
4,9,19.0,234,5,8,0,15,51,2,10
4,7,5.0,204,5,8,0,1,35,0,24
4,7,20.0,266,6,9,0,7,78,4,29
4,7,22.0,211,0,2,0,13,29,2,26
4,7,22.0,211,0,8,1,9,93,4,26
4,7,22.0,211,0,12,0,11,117,3,26
4,3,13.0,210,1,7,1,14,126,0,25
4,3,13.0,210,1,11,1,11,15,1,25
4,9,6.0,51,6,10,0,6,7,1,23
5,10,9.0,150,4,5,0,12,80,2,12
5,1,9.0,50,3,18,0,12,100,1,12
5,1,18.0,82,1,17,0,6,132,4,0
4,11,28.0,123,4,1,1,13,13,2,18
5,1,20.0,151,4,18,3,11,124,4,29
5,0,19.0,13,6,18,0,12,121,1,10
4,11,28.0,123,4,13,0,2,86,2,18
4,11,28.0,123,4,4,1,7,137,4,18
4,5,3.0,161,0,16,0,11,94,3,27
4,5,3.0,161,0,22,2,2,86,1,27
4,5,4.0,114,1,21,1,0,68,0,30
4,5,4.0,114,1,8,1,4,5,1,30
4,0,14.0,5,1,2,0,14,24,3,5
5,1,20.0,151,4,1,0,4,82,4,29
4,2,30.0,131,1,13,0,1,11,0,19
5,10,3.0,310,5,21,2,8,118,3,27
5,2,27.0,136,5,2,3,10,47,0,15
4,2,30.0,131,1,4,0,1,11,3,19
5,10,18.0,246,6,21,1,10,22,1,0
5,2,9.0,21,0,10,2,15,114,2,12
5,11,18.0,332,3,12,1,11,133,1,0
5,1,4.0,286,1,18,0,5,12,3,30
5,8,10.0,71,4,16,1,6,91,0,4
5,10,19.0,117,3,19,0,14,131,3,10
5,0,14.0,5,0,8,3,12,80,0,5
5,9,9.0,320,0,1,0,2,69,3,12
5,0,30.0,228,2,12,2,9,102,3,19
5,1,11.0,111,1,12,0,12,135,2,9
5,10,3.0,310,5,13,0,13,28,1,27
5,8,19.0,280,6,9,0,9,102,3,10
4,9,4.0,295,4,2,1,12,104,4,30
4,11,3.0,288,3,14,0,7,31,4,27
5,1,18.0,82,1,8,0,6,7,2,0
5,1,18.0,82,1,1,0,13,38,3,0
5,1,18.0,82,1,18,0,0,26,3,0
5,1,20.0,151,4,21,0,2,86,3,29
5,8,10.0,71,4,2,0,2,92,0,4
5,8,19.0,280,6,17,0,4,138,2,10
5,8,21.0,46,0,13,1,15,31,4,21
5,8,21.0,46,0,4,0,10,47,1,21
5,8,22.0,354,1,1,1,9,10,4,26
5,8,27.0,78,3,3,0,14,25,1,15
5,4,3.0,279,6,6,1,0,77,0,27
5,4,27.0,274,1,10,1,15,31,0,15
5,4,27.0,274,1,14,0,10,23,1,15
5,2,13.0,276,5,13,0,11,124,1,25
5,5,2.0,307,6,5,0,0,12,0,22
5,1,2.0,171,3,12,1,6,91,2,22
5,1,19.0,29,2,17,1,6,7,0,10
5,1,12.0,353,2,12,3,3,103,4,28
5,2,12.0,128,4,5,0,1,105,0,28
5,11,1.0,222,4,1,1,8,27,0,7
5,6,27.0,116,6,13,3,6,7,0,15
5,10,2.0,358,4,17,1,5,12,1,22
5,1,8.0,62,6,19,0,9,87,4,8
5,8,17.0,74,4,13,0,0,0,2,6
3,11,1.0,222,2,21,0,9,87,1,7
5,10,4.0,356,6,0,0,15,46,1,30
5,10,10.0,245,5,6,1,16,113,1,4
5,10,10.0,245,5,22,0,1,1,1,4
5,10,10.0,245,5,1,1,10,47,0,4
5,10,29.0,318,2,6,2,4,66,2,16
5,10,29.0,318,2,11,0,7,57,2,16
5,1,11.0,111,1,22,1,1,16,4,9
5,1,20.0,151,4,21,1,2,86,4,29
5,8,10.0,71,4,5,0,5,12,1,4
5,8,20.0,319,3,15,0,6,7,3,29
5,8,21.0,46,0,16,0,11,124,1,21
5,8,22.0,354,1,16,0,4,5,1,26
5,8,22.0,354,1,13,0,6,89,1,26
5,8,20.0,319,3,18,1,9,95,1,29
5,4,3.0,279,6,5,0,11,15,2,27
5,4,3.0,279,6,22,1,8,41,1,27
5,6,15.0,49,0,14,0,2,40,1,1
5,6,16.0,38,1,14,0,9,101,3,2
5,5,16.0,239,6,17,0,8,41,1,2
5,5,8.0,199,5,15,0,6,91,2,8
5,10,9.0,150,4,14,1,2,13,0,12
5,10,9.0,150,4,7,1,15,39,4,12
5,8,7.0,70,0,17,3,11,133,1,11
5,11,25.0,88,3,14,1,3,44,0,13
5,11,25.0,88,3,9,2,6,128,0,13
5,9,2.0,323,0,9,0,16,130,4,22
5,7,9.0,273,0,18,2,11,18,3,12
5,1,10.0,17,0,11,1,14,32,4,4
5,10,3.0,310,5,17,1,4,121,0,27
5,1,12.0,353,2,9,2,7,111,3,28
5,2,4.0,254,2,19,1,11,122,4,30
5,7,27.0,53,5,14,0,2,69,3,15
5,7,28.0,34,6,3,0,8,27,4,18
5,7,28.0,34,6,15,1,12,84,1,18
4,0,23.0,237,4,8,0,4,82,4,17
3,0,25.0,281,4,13,0,15,108,1,13
5,3,3.0,182,5,17,0,2,69,2,27
5,5,26.0,37,1,12,0,9,93,3,3
5,3,1.0,180,2,2,0,2,69,3,7
5,3,2.0,120,4,6,0,5,6,1,22
5,3,1.0,180,2,5,1,0,77,1,7
5,3,2.0,120,4,12,2,14,24,1,22
5,3,9.0,44,4,0,0,16,113,3,12
5,3,11.0,337,6,14,0,8,27,0,9
5,5,1.0,109,5,16,0,12,56,0,7
5,5,2.0,307,6,15,0,4,75,2,22
5,5,3.0,161,3,20,0,9,95,2,27
5,5,3.0,161,3,2,0,14,25,1,27
3,4,1.0,144,2,9,0,8,118,4,7
1,11,1.0,222,6,11,0,1,16,4,7
5,5,12.0,327,1,8,0,5,0,3,28
5,5,19.0,146,1,1,0,5,12,0,10
5,8,28.0,224,0,20,1,12,56,4,18
5,0,30.0,228,2,9,1,16,74,1,19
5,4,4.0,178,3,19,0,14,110,2,30
5,1,12.0,353,2,2,0,16,74,1,28
5,8,28.0,224,0,21,1,1,67,0,18
5,4,19.0,142,0,0,1,14,32,0,10
4,11,4.0,275,0,4,0,8,19,0,30
5,1,19.0,29,2,6,0,0,77,3,10
5,10,13.0,346,0,6,1,2,123,0,25
5,8,29.0,301,1,15,0,13,36,1,16
4,11,5.0,240,1,4,1,14,126,4,24
5,4,19.0,142,0,8,0,10,22,2,10
3,8,24.0,85,2,14,0,14,88,4,14
5,10,13.0,346,0,2,0,5,6,2,25
5,4,13.0,221,1,8,0,9,95,0,25
4,11,5.0,240,1,18,0,3,79,1,24
5,2,19.0,137,4,18,2,2,86,0,10
5,8,20.0,319,3,17,0,9,49,3,29
5,4,13.0,221,1,1,0,8,19,2,25
4,11,3.0,288,3,11,1,9,93,4,27
5,2,22.0,209,3,13,0,2,2,3,26
5,2,14.0,231,6,12,0,6,7,1,5
5,8,21.0,46,0,13,0,11,117,1,21
5,8,19.0,280,6,17,1,2,35,4,10
5,8,20.0,319,3,17,1,3,103,0,29
5,8,20.0,319,3,9,2,10,47,3,29
5,2,13.0,276,5,21,1,7,137,1,25
5,0,13.0,198,3,8,0,14,34,1,25
4,11,4.0,275,0,23,1,0,53,0,30
4,11,4.0,275,0,12,0,10,23,3,30
4,11,11.0,175,0,19,2,9,93,3,9
4,11,13.0,312,2,7,0,8,9,3,25
5,0,26.0,14,6,16,0,6,7,1,3
5,8,14.0,296,0,5,1,5,12,1,5
5,8,1.0,66,1,11,0,8,27,1,7
5,0,27.0,23,3,17,1,0,12,1,15
4,2,29.0,140,0,1,1,0,64,2,16
5,11,28.0,123,2,10,1,10,22,0,18
3,4,10.0,79,5,13,0,5,12,1,4
5,6,1.0,158,0,21,0,2,86,0,7
4,0,6.0,260,0,18,2,8,41,3,23
5,6,18.0,308,4,6,0,5,12,3,0
5,2,27.0,136,5,5,0,5,6,3,15
5,0,19.0,13,6,6,1,10,52,1,10
4,11,3.0,288,3,21,1,3,70,1,27
4,11,3.0,288,3,12,0,13,48,0,27
4,11,4.0,275,0,4,1,9,10,4,30
4,11,4.0,275,0,13,1,6,89,1,30
4,11,4.0,275,0,13,1,3,115,4,30
4,11,4.0,275,0,3,0,11,18,3,30
4,11,5.0,240,1,8,0,6,7,2,24
4,11,5.0,240,1,2,0,2,2,0,24
4,11,11.0,175,0,6,1,16,139,1,9
4,11,11.0,175,0,13,0,5,6,3,9
4,11,13.0,312,2,14,2,10,22,1,25
3,8,1.0,66,0,17,0,9,101,3,7
5,1,12.0,353,2,0,0,16,74,3,28
2,6,6.0,169,4,17,0,13,99,4,23
4,2,30.0,131,1,5,0,9,9,4,19
4,2,30.0,131,1,3,0,12,61,0,19
5,5,10.0,155,3,6,0,13,28,1,4
5,5,19.0,146,1,13,0,7,122,3,10
5,5,20.0,214,2,1,0,13,29,3,29
5,0,12.0,113,6,14,0,6,89,3,28
5,0,21.0,287,0,17,1,5,6,1,21
5,6,6.0,83,6,6,2,13,29,0,23
5,6,19.0,291,5,18,3,0,64,3,10
5,8,20.0,319,3,13,1,1,59,4,29
5,8,22.0,354,1,1,0,9,134,0,26
5,4,3.0,279,6,18,0,5,64,3,27
5,4,4.0,178,3,5,2,10,52,0,30
5,4,4.0,178,3,20,0,10,52,3,30
5,4,4.0,178,3,2,1,12,61,1,30
5,4,4.0,178,3,8,0,10,47,3,30
5,4,4.0,178,3,4,0,1,1,3,30
5,4,19.0,142,0,0,1,5,64,0,10
5,4,27.0,274,1,20,3,1,35,4,15
5,4,27.0,274,1,8,0,14,24,2,15
5,0,7.0,15,0,8,3,7,111,4,11
5,5,20.0,214,2,9,0,2,60,3,29
5,5,29.0,24,5,2,0,4,75,1,16
5,6,28.0,309,3,3,2,16,50,0,18
5,6,28.0,309,3,17,1,5,12,1,18
5,10,13.0,346,0,19,0,0,12,3,25
5,10,18.0,246,6,2,1,10,22,0,0
5,10,19.0,117,3,5,1,3,115,0,10
5,10,19.0,117,3,12,0,2,2,0,10
5,10,19.0,117,3,22,0,2,40,2,10
5,10,21.0,341,1,6,2,5,12,3,21
5,10,21.0,341,1,3,0,6,132,1,21
5,10,28.0,216,1,6,1,3,44,4,18
5,1,10.0,17,0,20,0,6,89,1,4
5,2,27.0,136,5,0,1,11,15,0,15
5,4,20.0,115,1,7,1,3,70,0,29
5,10,19.0,117,3,14,2,2,86,0,10
4,11,10.0,360,3,0,1,4,4,0,4
5,10,2.0,358,4,19,2,7,120,3,22
5,6,26.0,348,5,11,0,10,43,3,3
5,6,26.0,348,5,17,3,12,17,3,3
5,10,4.0,356,6,13,0,0,12,3,30
5,10,4.0,356,6,0,1,10,22,0,30
5,10,10.0,245,5,4,0,2,92,1,4
5,10,26.0,61,3,13,0,16,50,2,3
5,10,29.0,318,2,5,0,13,69,4,16
5,1,3.0,188,0,8,0,0,77,1,27
5,1,3.0,188,0,8,0,2,40,2,27
5,1,11.0,111,1,5,0,13,29,4,9
5,1,11.0,111,1,5,0,0,26,0,9
5,1,13.0,207,4,15,1,2,86,4,25
5,3,26.0,343,3,22,1,0,68,4,3
5,3,26.0,343,3,1,0,13,38,2,3
5,10,27.0,302,0,15,1,7,122,4,15
5,8,18.0,75,5,13,1,12,135,4,0
5,1,1.0,203,6,2,0,0,53,3,7
5,1,1.0,203,6,4,0,11,94,0,7
5,6,27.0,116,6,18,0,15,108,0,15
5,5,18.0,195,0,17,1,11,117,0,0
5,8,21.0,46,0,17,1,14,25,0,21
5,8,21.0,46,0,3,0,10,47,3,21
5,8,20.0,319,3,4,1,4,45,0,29
5,8,20.0,319,3,22,0,4,66,3,29
5,8,22.0,354,1,19,0,1,11,4,26
5,8,22.0,354,1,19,2,1,1,3,26
5,4,3.0,279,6,17,0,15,114,2,27
5,4,3.0,279,6,13,1,6,91,4,27
5,4,4.0,178,3,21,1,10,47,2,30
5,4,18.0,26,3,2,0,5,6,2,0
5,4,18.0,26,3,6,3,10,12,1,0
5,2,18.0,7,2,19,0,4,4,1,0
5,2,10.0,28,1,2,3,10,12,3,4
5,2,26.0,3,4,8,3,7,111,4,3
4,11,1.0,222,5,16,1,2,123,4,7
4,11,9.0,311,6,2,0,4,5,3,12
5,0,1.0,8,1,13,1,0,26,1,7
5,9,20.0,119,5,6,0,5,12,3,29
5,7,2.0,160,0,0,1,13,48,0,22
5,7,2.0,160,0,4,2,10,47,2,22
5,7,10.0,329,1,6,0,10,30,0,4
5,7,12.0,181,4,6,2,9,95,3,28
5,7,12.0,181,4,18,2,13,13,0,28
5,6,28.0,309,3,11,3,12,61,1,18
5,1,10.0,17,0,1,1,13,48,0,4
5,1,12.0,353,2,18,3,10,22,3,28
5,8,3.0,363,4,17,1,0,77,0,27
5,8,26.0,278,6,11,0,8,9,0,3
5,4,17.0,19,6,12,3,10,47,1,6
5,2,18.0,7,2,19,0,12,80,3,0
5,7,17.0,95,1,8,1,9,93,4,6
5,7,20.0,266,5,13,1,13,99,4,29
5,7,20.0,266,5,8,0,12,61,2,29
0,7,26.0,316,3,13,0,9,10,1,3
5,7,26.0,316,4,3,1,5,6,0,3
5,7,26.0,316,4,14,1,1,59,4,3
5,3,1.0,180,2,2,0,8,9,1,7
5,3,9.0,44,4,6,1,9,10,2,12
5,3,11.0,337,6,19,0,5,6,2,9
5,3,11.0,337,6,1,0,1,11,3,9
5,3,11.0,337,6,18,0,0,31,1,9
5,3,11.0,337,6,5,3,14,131,3,9
5,5,1.0,109,5,18,0,7,78,2,7
5,5,3.0,161,3,6,0,10,47,2,27
5,5,3.0,161,3,16,0,0,64,1,27
5,5,4.0,114,0,13,1,9,101,4,30
5,7,10.0,329,1,13,3,11,15,0,4
5,8,18.0,75,5,9,1,11,124,2,0
5,8,18.0,75,5,21,3,10,43,1,0
5,2,3.0,282,1,3,0,2,123,1,27
5,4,30.0,139,5,19,0,13,48,3,19
5,2,27.0,136,5,12,0,6,14,4,15
5,2,12.0,128,4,20,0,0,64,2,28
5,2,20.0,264,5,21,0,2,86,4,29
4,11,3.0,288,3,21,1,15,108,0,27
5,2,20.0,264,5,5,2,16,130,2,29
5,10,28.0,216,1,9,0,4,138,1,18
4,11,10.0,360,3,11,1,11,18,1,4
4,11,3.0,288,3,15,0,0,77,2,27
5,2,20.0,264,5,4,0,4,5,1,29
5,1,2.0,171,3,7,0,7,31,4,22
4,11,10.0,360,3,18,0,4,82,1,4
4,11,11.0,175,0,2,1,9,63,1,9
4,11,19.0,321,1,20,0,4,82,1,10
4,11,19.0,321,1,23,0,15,46,1,10
4,11,13.0,312,2,15,0,5,6,0,25
4,11,19.0,321,1,4,2,8,19,3,10
4,11,21.0,192,4,11,0,5,6,2,21
4,11,21.0,192,4,1,0,11,122,3,21
4,11,27.0,322,2,17,2,3,76,3,15
4,9,13.0,91,6,20,0,14,24,2,25
4,9,19.0,234,5,16,1,13,21,1,10
4,9,20.0,119,6,2,3,9,63,4,29
4,9,22.0,92,0,6,1,0,64,0,26
4,9,22.0,92,0,1,2,12,80,3,26
4,9,28.0,315,3,17,1,4,75,0,18
4,9,28.0,315,3,8,0,13,21,1,18
4,7,14.0,125,3,16,0,14,32,3,5
5,2,26.0,3,4,14,0,12,104,4,3
4,9,7.0,271,3,6,1,5,6,0,11
5,4,23.0,30,5,2,2,6,89,3,17
5,2,18.0,7,2,19,1,15,31,0,0
5,2,18.0,7,2,8,1,3,30,1,0
5,2,24.0,22,1,1,1,15,39,4,14
4,7,14.0,125,3,14,2,8,33,3,5
4,7,20.0,266,6,22,0,3,30,0,29
4,7,22.0,211,0,16,0,10,52,1,26
4,7,22.0,211,0,15,0,8,27,0,26
4,7,28.0,34,3,17,1,5,64,1,18
4,7,5.0,204,5,3,0,11,15,2,24
4,7,31.0,43,2,0,0,10,22,2,20
4,7,31.0,43,2,21,2,13,38,0,20
4,7,31.0,43,2,2,2,0,77,0,20
4,3,14.0,33,2,16,1,10,12,1,5
4,3,14.0,33,2,11,0,6,116,2,5
4,3,14.0,33,2,2,2,1,105,0,5
4,3,20.0,105,1,1,0,5,12,3,29
5,6,18.0,308,4,9,0,8,9,3,0
5,2,19.0,137,4,9,0,1,1,3,10
5,2,19.0,137,4,8,0,5,6,2,10
4,11,2.0,265,6,4,1,0,77,2,22
4,11,2.0,265,6,17,2,1,11,3,22
4,9,12.0,177,5,13,0,6,89,4,28
4,9,27.0,179,6,12,1,10,22,1,15
4,3,19.0,138,0,21,1,11,8,1,10
5,5,20.0,214,2,12,0,9,9,1,29
5,5,28.0,259,4,18,0,15,77,3,18
5,5,29.0,24,5,17,0,2,92,1,16
5,6,10.0,149,2,17,2,14,107,3,4
5,6,28.0,309,3,8,2,10,47,2,18
5,6,28.0,309,3,8,2,11,90,3,18
5,10,3.0,310,5,15,0,2,92,4,27
5,10,3.0,310,5,12,0,3,30,3,27
5,10,13.0,346,0,17,0,10,22,3,25
5,10,13.0,346,0,15,0,2,86,1,25
5,10,19.0,117,3,13,2,1,11,3,10
5,10,19.0,117,3,19,1,2,86,1,10
5,0,18.0,0,5,12,0,1,11,2,0
4,11,18.0,332,0,11,0,12,84,1,0
4,11,17.0,110,3,8,0,11,124,3,6
5,1,17.0,63,0,17,0,2,2,4,6
4,3,17.0,54,6,22,0,0,0,2,6
4,3,17.0,54,6,15,0,3,103,2,6
5,1,6.0,97,4,4,1,13,21,0,23
5,7,20.0,266,5,22,1,13,29,4,29
5,7,27.0,53,5,21,1,15,46,0,15
5,7,28.0,34,6,19,2,10,22,0,18
5,3,1.0,180,2,19,0,16,65,0,7
5,3,2.0,120,4,14,1,9,27,0,22
5,3,9.0,44,4,17,1,6,7,0,12
5,3,9.0,44,4,6,0,10,43,1,12
5,3,11.0,337,6,2,0,12,61,2,9
5,5,3.0,161,3,8,0,12,83,3,27
5,5,4.0,114,0,8,1,9,57,1,30
5,5,2.0,307,6,20,0,0,26,2,22
4,11,4.0,275,0,18,2,1,11,3,30
5,2,21.0,108,6,22,1,12,17,4,21
4,11,5.0,240,1,15,0,6,128,1,24
5,4,23.0,30,5,8,2,6,89,1,17
5,0,4.0,229,5,20,2,2,71,4,30
4,11,5.0,240,1,21,1,0,68,0,24
5,0,13.0,198,3,3,0,1,16,2,25
5,0,5.0,122,6,6,0,5,6,3,24
5,0,5.0,122,6,13,0,8,41,2,24
5,0,5.0,122,6,3,0,2,69,0,24
5,0,14.0,5,0,8,2,12,100,3,5
4,11,2.0,265,6,19,0,10,52,3,22
4,11,20.0,340,2,9,1,9,83,4,29
4,11,22.0,250,5,3,0,11,133,3,26
4,9,2.0,323,1,18,1,12,61,4,22
4,3,22.0,166,4,15,1,0,26,1,26
5,6,5.0,342,5,13,3,12,84,0,24
4,9,16.0,107,1,6,0,2,86,1,2
4,7,9.0,273,1,3,0,6,7,2,12
5,6,30.0,145,1,16,1,14,107,2,19
5,10,17.0,256,5,19,1,11,18,0,6
5,10,17.0,256,5,9,0,9,101,4,6
5,2,26.0,3,4,17,1,0,12,2,3
4,9,7.0,271,3,14,0,13,48,0,11
4,5,1.0,109,6,12,3,14,110,0,7
4,2,30.0,131,1,19,1,9,83,4,19
4,0,5.0,122,3,23,0,10,47,2,24
4,0,7.0,15,1,17,0,14,24,0,11
4,0,7.0,15,1,6,1,16,130,0,11
4,0,7.0,15,1,17,1,2,60,0,11
4,0,7.0,15,1,8,0,2,2,1,11
4,0,7.0,15,1,19,0,8,9,1,11
4,0,14.0,5,1,10,1,0,12,0,5
4,0,25.0,281,6,0,1,6,7,4,13
5,7,20.0,266,5,20,0,13,28,4,29
5,8,29.0,301,1,16,2,4,127,3,16
5,8,29.0,301,1,16,0,2,2,0,16
5,4,13.0,221,1,10,1,8,27,0,25
5,4,20.0,115,1,1,1,2,40,2,29
5,2,20.0,264,5,17,0,0,64,2,29
5,2,20.0,264,5,23,1,14,24,1,29
5,0,22.0,241,1,16,0,10,22,1,26
5,10,13.0,346,0,19,0,15,108,1,25
4,9,15.0,226,0,1,0,5,6,2,1
4,7,18.0,154,4,5,0,14,24,2,0
5,1,9.0,50,3,1,0,5,64,3,12
5,0,1.0,8,1,23,1,5,12,0,7
5,4,18.0,26,3,1,3,0,53,3,0
4,3,10.0,4,6,17,1,1,59,1,4
5,0,23.0,237,2,3,0,4,127,1,17
5,8,6.0,87,3,13,3,10,23,1,23
4,0,3.0,334,5,12,1,15,112,4,27
4,0,20.0,172,0,10,0,15,31,3,29
5,0,20.0,172,3,5,0,4,4,1,29
5,5,26.0,37,1,19,0,4,4,3,3
5,10,12.0,333,3,13,1,13,69,4,28
4,5,2.0,307,3,19,0,11,117,1,22
4,5,4.0,114,1,12,3,5,6,3,30
4,5,22.0,163,6,19,0,2,69,0,26
4,5,29.0,24,6,2,2,6,7,3,16
4,5,29.0,24,6,8,0,9,109,3,16
4,5,29.0,24,6,18,0,9,101,0,16
4,5,31.0,196,0,21,0,9,101,1,20
4,6,5.0,342,6,15,0,5,64,3,24
4,6,21.0,193,0,21,1,12,56,0,21
4,6,21.0,193,0,13,0,15,96,0,21
4,6,22.0,185,1,17,0,0,0,0,26
4,7,28.0,34,3,4,0,8,118,3,18
4,7,29.0,268,0,17,0,15,46,1,16
4,7,31.0,43,2,17,0,13,99,1,20
4,7,28.0,34,3,13,3,10,22,0,18
4,3,14.0,33,2,13,0,11,18,1,5
5,1,11.0,111,1,2,1,12,61,0,9
5,8,10.0,71,4,1,0,2,92,3,4
5,5,28.0,259,4,11,0,2,40,2,18
5,5,28.0,259,4,3,2,4,45,0,18
4,11,5.0,240,1,19,2,15,112,3,24
4,11,11.0,175,0,14,0,0,12,0,9
5,0,13.0,198,3,14,3,11,94,3,25
4,5,3.0,161,0,11,0,3,30,3,27
4,11,19.0,321,1,7,1,0,31,0,10
4,11,19.0,321,1,22,1,0,12,0,10
4,5,3.0,161,0,4,0,1,105,3,27
4,11,27.0,322,2,0,0,15,46,3,15
4,5,3.0,161,0,16,3,14,25,2,27
4,9,5.0,89,5,6,0,14,25,1,24
4,5,4.0,114,1,1,0,4,136,1,30
4,9,13.0,91,6,20,1,13,48,0,25
4,5,29.0,24,6,4,3,14,110,0,16
5,9,1.0,126,3,4,1,10,43,1,7
4,11,27.0,322,2,2,3,12,56,0,15
4,11,27.0,322,2,9,1,10,47,0,15
4,11,28.0,123,4,20,0,0,77,1,18
5,5,27.0,328,2,1,1,1,105,0,15
4,9,5.0,89,5,5,0,10,22,1,24
4,9,13.0,91,6,5,0,10,43,1,25
4,9,19.0,234,5,20,0,11,15,0,10
4,9,20.0,119,6,11,0,12,56,2,29
4,9,20.0,119,6,13,2,4,79,0,29
4,9,20.0,119,6,12,0,4,127,4,29
4,9,19.0,234,5,18,1,5,6,0,10
4,9,22.0,92,0,20,1,1,1,4,26
4,9,22.0,92,0,18,1,5,6,0,26
4,9,28.0,315,3,12,3,14,25,0,18
4,7,12.0,181,5,9,2,1,105,3,28
4,7,14.0,125,3,15,0,12,121,1,5
4,7,20.0,266,6,5,1,1,105,4,29
4,7,22.0,211,0,23,3,9,134,3,26
5,2,15.0,130,3,2,3,15,31,3,1
4,11,5.0,240,1,19,1,0,26,4,24
4,11,21.0,192,4,9,0,5,12,2,21
4,11,27.0,322,2,3,0,9,95,1,15
4,11,28.0,123,4,6,1,1,67,0,18
4,9,5.0,89,5,11,0,10,23,1,24
4,9,13.0,91,6,8,2,15,31,1,25
4,9,19.0,234,5,2,1,3,70,1,10
4,9,22.0,92,0,8,3,14,25,0,26
4,7,5.0,204,5,7,0,2,40,4,24
4,7,12.0,181,5,6,0,8,9,4,28
4,7,20.0,266,6,21,0,4,75,1,29
4,7,28.0,34,3,17,0,1,35,3,18
4,7,28.0,34,3,15,0,14,25,1,18
4,7,28.0,34,3,17,1,13,48,0,18
4,7,28.0,34,3,11,1,1,67,4,18
4,7,31.0,43,2,22,0,10,22,3,20
4,7,31.0,43,2,12,0,8,118,0,20
4,3,13.0,210,1,5,1,13,21,4,25
5,1,19.0,29,2,10,1,6,7,0,10
5,1,28.0,300,5,14,1,16,50,2,18
5,1,29.0,112,6,5,1,2,35,4,16
5,8,3.0,363,4,14,0,0,26,1,27
5,8,3.0,363,4,3,0,1,59,1,27
5,8,4.0,299,5,5,0,4,121,2,30
5,8,4.0,299,5,1,2,10,47,1,30
5,8,11.0,306,5,2,1,12,56,4,9
5,8,11.0,306,5,13,0,13,69,0,9
5,8,29.0,301,1,4,2,8,27,3,16
5,8,29.0,301,1,19,1,1,1,4,16
5,4,5.0,235,0,4,1,4,75,4,24
5,4,13.0,221,1,20,0,9,93,0,25
5,4,30.0,139,5,7,0,8,41,1,19
5,4,30.0,139,5,1,0,3,44,4,19
5,2,4.0,254,2,17,0,3,115,3,30
5,2,4.0,254,2,2,0,8,9,1,30
5,2,12.0,128,4,13,3,1,11,0,28
4,5,29.0,24,6,3,1,0,85,4,16
4,5,30.0,294,3,4,2,6,7,2,19
4,5,31.0,196,0,13,2,9,83,2,20
4,5,31.0,196,0,22,0,16,37,1,20
4,6,5.0,342,6,19,0,5,6,0,24
4,6,21.0,193,0,17,1,11,133,0,21
4,6,21.0,193,0,5,2,0,77,3,21
4,6,21.0,193,0,18,0,10,47,3,21
4,6,22.0,185,1,16,0,13,38,2,26
5,1,2.0,171,3,12,0,2,86,2,22
5,1,10.0,17,0,0,0,2,123,3,4
5,1,12.0,353,2,6,0,9,27,0,28
5,1,12.0,353,2,8,0,9,95,1,28
5,1,12.0,353,2,19,1,14,126,4,28
5,1,19.0,29,2,21,0,0,53,3,10
5,1,19.0,29,2,10,3,1,67,3,10
5,1,19.0,29,2,9,0,6,7,4,10
5,1,28.0,300,5,19,0,4,75,1,18
5,8,3.0,363,4,13,0,0,77,3,27
5,8,3.0,363,4,2,0,8,19,3,27
5,8,4.0,299,5,19,0,14,25,3,30
5,8,4.0,299,5,3,3,12,80,0,30
5,8,5.0,101,6,3,1,5,0,2,24
5,8,28.0,224,0,3,0,5,64,3,18
5,4,5.0,235,0,20,0,7,120,3,24
5,4,5.0,235,0,3,1,12,56,4,24
5,4,5.0,235,0,19,0,10,22,3,24
5,4,13.0,221,1,13,1,4,79,1,25
4,9,1.0,126,0,17,3,10,47,0,7
4,3,15.0,35,4,20,1,10,12,1,1
4,5,1.0,109,6,17,3,0,77,1,7
5,4,20.0,115,1,17,1,6,7,0,29
5,4,29.0,313,4,15,0,6,7,2,16
5,4,30.0,139,5,19,0,10,22,2,19
5,4,30.0,139,5,1,2,9,93,3,19
5,4,30.0,139,5,20,0,14,24,2,19
5,2,12.0,128,4,2,0,0,26,3,28
5,2,20.0,264,5,23,1,10,12,1,29
5,2,20.0,264,5,17,0,2,123,4,29
5,0,3.0,334,4,20,0,2,86,2,27
5,0,3.0,334,4,1,2,6,7,0,27
5,0,5.0,122,6,21,1,3,44,0,24
5,0,14.0,5,0,22,1,8,9,1,5
5,0,14.0,5,0,9,0,12,80,0,5
4,6,21.0,193,0,1,0,2,86,3,21
4,6,22.0,185,1,12,0,5,6,3,26
4,6,23.0,84,2,14,0,10,47,3,17
4,6,23.0,84,2,16,0,1,67,3,17
4,6,28.0,309,0,20,0,10,22,1,18
4,6,30.0,145,2,6,0,6,7,4,19
4,6,30.0,145,2,20,0,13,36,4,19
4,6,30.0,145,2,12,2,8,118,3,19
4,6,30.0,145,2,1,0,2,86,2,19
4,10,4.0,356,3,2,2,1,11,3,30
4,10,7.0,243,2,2,0,8,65,4,11
4,10,7.0,243,2,15,0,15,114,0,11
4,5,3.0,161,0,21,2,8,9,3,27
5,8,7.0,70,0,10,0,1,67,2,11
5,4,15.0,132,4,17,1,9,27,0,1
5,2,16.0,220,0,13,3,10,22,2,2
5,0,22.0,241,1,16,0,14,24,1,26
5,0,22.0,241,1,13,0,15,96,1,26
5,0,22.0,241,1,5,1,4,66,1,26
4,11,2.0,265,6,8,0,13,48,3,22
4,11,20.0,340,2,11,0,0,26,2,29
4,5,5.0,96,2,3,0,4,103,2,24
4,5,5.0,96,2,1,2,0,26,3,24
4,5,11.0,326,1,0,0,9,93,3,9
4,5,11.0,326,1,3,0,10,23,3,9
4,5,11.0,326,1,6,1,15,96,0,9
4,5,13.0,184,4,0,1,11,98,0,25
4,5,13.0,184,4,13,0,0,15,2,25
4,5,13.0,184,4,22,0,13,38,0,25
4,5,13.0,184,4,8,0,16,50,3,25
4,8,29.0,301,2,7,0,10,12,1,16
4,5,13.0,184,4,19,2,9,87,3,25
4,5,20.0,214,4,6,0,6,7,3,29
4,5,20.0,214,4,0,1,3,44,0,29
4,5,23.0,168,3,5,0,7,62,2,17
4,5,23.0,168,3,3,1,1,11,1,17
4,4,8.0,292,5,8,0,8,27,4,8
4,4,13.0,221,2,7,0,7,120,3,25
4,4,14.0,345,4,0,0,0,31,0,5
4,4,14.0,345,4,23,1,14,32,0,5
4,4,14.0,345,4,20,1,3,30,0,5
4,4,14.0,345,4,8,2,3,30,0,5
4,4,14.0,345,4,19,2,3,115,0,5
4,4,14.0,345,4,19,0,4,75,0,5
4,4,14.0,345,4,21,1,11,15,0,5
4,4,14.0,345,4,9,0,7,111,4,5
4,4,21.0,339,4,3,1,5,6,0,21
4,4,21.0,339,4,22,2,5,64,0,21
5,0,9.0,48,2,19,1,4,82,1,12
4,10,22.0,314,4,11,3,8,118,3,26
4,4,22.0,152,5,17,0,13,28,4,26
4,4,22.0,152,5,19,2,3,103,0,26
4,4,22.0,152,5,20,1,2,2,1,26
4,4,22.0,152,5,15,1,1,81,4,26
4,4,30.0,139,6,5,0,5,6,2,19
4,5,23.0,168,3,7,1,16,130,0,17
4,5,23.0,168,3,12,0,0,85,0,17
4,5,23.0,168,3,5,1,13,48,4,17
4,4,29.0,313,5,11,1,10,23,1,16
4,5,23.0,168,3,3,0,0,26,3,17
4,5,28.0,259,5,12,0,10,22,3,18
4,6,3.0,99,4,2,0,0,12,3,27
4,6,3.0,99,4,22,0,12,83,0,27
4,6,3.0,99,4,19,0,5,6,0,27
4,6,3.0,99,4,14,0,12,121,1,27
4,6,4.0,159,5,17,0,3,115,2,30
4,6,4.0,159,5,22,0,9,102,3,30
4,6,4.0,159,5,8,0,1,1,4,30
4,6,4.0,159,5,8,0,2,40,2,30
4,6,4.0,159,5,2,0,9,109,4,30
4,6,3.0,99,4,1,1,11,10,4,27
4,6,7.0,169,0,21,1,0,53,0,11
4,4,14.0,345,4,5,2,11,55,3,5
4,5,5.0,96,2,4,0,12,80,2,24
4,6,7.0,169,0,14,0,15,31,1,11
4,6,12.0,162,6,16,1,14,24,4,28
4,6,12.0,162,6,16,0,11,129,1,28
4,6,12.0,162,6,23,0,9,93,3,28
4,6,12.0,162,6,20,1,12,104,4,28
4,6,12.0,162,6,12,0,14,34,4,28
4,6,12.0,162,6,19,0,9,54,0,28
4,10,26.0,61,0,19,1,9,57,0,3
4,10,18.0,246,3,2,0,10,23,1,0
4,10,26.0,61,0,6,0,3,44,3,3
4,6,20.0,215,3,0,3,14,32,1,29
4,3,18.0,165,3,17,1,9,27,0,0
4,3,18.0,165,3,8,1,9,93,4,0
5,4,1.0,144,4,6,0,9,49,1,7
4,5,10.0,155,0,3,2,1,16,0,4
4,5,10.0,155,0,14,0,2,92,2,4
4,5,19.0,146,2,12,0,11,15,2,10
4,9,16.0,107,1,5,1,9,10,4,2
4,9,9.0,320,1,17,1,11,18,1,12
5,1,22.0,164,6,19,0,10,47,2,26
5,4,1.0,144,4,12,0,10,47,2,7
4,7,23.0,202,1,16,0,7,62,0,17
4,7,9.0,273,1,11,0,10,52,1,12
5,4,8.0,292,4,5,0,8,9,4,8
5,4,1.0,144,4,13,3,8,19,0,7
5,1,22.0,164,6,13,3,9,49,2,26
4,11,18.0,332,0,17,0,6,128,1,0
4,9,24.0,272,2,14,1,11,133,1,14
4,3,2.0,120,5,9,0,2,2,1,22
4,3,18.0,165,3,8,1,11,133,0,0
4,3,18.0,165,3,20,0,8,118,1,0
4,4,30.0,139,6,5,0,14,24,2,19
4,4,30.0,139,6,11,0,0,26,3,19
4,4,30.0,139,6,13,1,9,9,4,19
4,4,30.0,139,6,22,2,4,79,0,19
4,4,13.0,221,2,15,0,5,6,1,25
4,4,13.0,221,2,3,1,3,44,4,25
4,4,13.0,221,2,5,0,12,121,1,25
4,4,13.0,221,2,4,0,16,113,1,25
4,4,14.0,345,4,21,1,10,22,0,5
4,4,13.0,221,2,1,1,12,104,2,25
4,1,23.0,69,0,12,1,11,94,0,17
4,6,7.0,169,0,5,0,0,26,0,11
4,6,11.0,355,5,12,0,9,54,4,9
4,8,29.0,301,2,19,0,15,96,0,16
4,9,27.0,179,6,18,1,5,6,0,15
4,5,11.0,326,1,14,0,15,46,3,9
4,6,20.0,215,3,1,3,13,29,1,29
4,7,3.0,269,2,6,0,3,30,0,27
4,6,12.0,162,6,0,1,14,125,0,28
4,5,11.0,326,1,1,0,7,8,2,9
4,6,28.0,309,0,17,0,5,6,2,18
4,10,22.0,314,4,20,0,0,15,4,26
4,10,3.0,310,6,5,0,11,133,1,27
4,6,29.0,335,1,16,0,1,11,1,16
4,10,21.0,341,2,1,0,3,70,3,21
4,10,3.0,310,6,2,1,0,15,4,27
4,6,28.0,309,0,22,0,16,50,1,18
4,6,12.0,162,6,11,0,13,79,3,28
4,10,22.0,314,4,4,0,10,47,3,26
4,4,14.0,345,4,12,0,14,25,3,5
4,7,3.0,269,2,15,0,13,36,4,27
4,4,8.0,292,5,13,0,8,9,3,8
4,3,18.0,165,3,22,3,4,136,4,0
4,5,13.0,184,4,0,0,15,119,1,25
4,6,28.0,309,0,22,2,10,22,3,18
4,6,12.0,162,6,20,0,10,47,3,28
4,6,29.0,335,1,8,2,15,51,3,16
4,10,22.0,314,4,19,0,6,89,1,26
4,4,14.0,345,4,14,2,15,51,3,5
4,4,14.0,345,4,4,0,13,28,4,5
4,4,14.0,345,4,19,0,0,77,2,5
4,4,14.0,345,4,20,0,9,101,2,5
4,4,21.0,339,4,20,2,14,106,3,21
4,5,26.0,37,2,3,0,15,51,1,3
4,9,1.0,126,0,18,1,0,0,0,7
4,6,8.0,59,1,23,0,1,59,1,8
4,6,19.0,291,6,15,0,10,12,3,10
5,9,14.0,106,6,14,0,13,36,2,5
4,6,27.0,116,3,12,0,5,6,0,15
4,6,27.0,116,3,22,0,8,19,2,15
4,6,27.0,116,3,8,0,6,89,3,15
4,9,1.0,126,0,8,0,2,3,2,7
4,10,10.0,245,6,8,0,9,93,3,4
4,10,9.0,150,5,10,0,9,102,2,12
4,9,1.0,126,0,17,0,6,89,1,7
4,10,27.0,302,1,18,1,10,47,1,15
4,1,20.0,151,5,23,0,5,6,2,29
4,3,1.0,180,4,12,1,13,99,1,7
4,8,8.0,76,2,8,1,0,68,0,8
4,4,1.0,144,5,1,0,0,0,0,7
4,4,11.0,121,0,17,0,13,28,2,9
4,8,9.0,124,4,11,0,13,28,2,12
4,5,27.0,328,4,12,1,15,46,2,15
4,5,26.0,37,2,19,1,8,27,0,3
2,6,1.0,352,6,17,0,4,82,1,7
4,5,1.0,109,6,13,0,9,57,1,7
4,2,8.0,258,0,12,3,5,0,2,8
3,8,1.0,66,0,17,0,9,109,1,7
4,4,23.0,30,6,23,0,10,22,2,17
4,6,12.0,162,6,5,1,1,1,4,28
4,6,12.0,162,6,1,0,5,6,0,28
4,6,13.0,317,3,0,0,10,22,1,25
4,6,12.0,162,6,19,1,8,19,0,28
4,6,13.0,317,3,0,1,1,67,0,25
4,6,13.0,317,3,12,0,10,47,3,25
4,6,13.0,317,3,14,0,6,89,3,25
4,6,15.0,49,1,17,2,14,125,3,1
4,6,15.0,49,1,6,1,15,51,1,1
4,6,15.0,49,1,12,0,2,92,3,1
4,6,20.0,215,3,3,0,2,86,0,29
4,6,20.0,215,3,3,1,10,47,1,29
4,6,20.0,215,3,11,1,13,48,1,29
4,6,29.0,335,1,20,0,2,86,1,16
4,6,29.0,335,1,4,0,10,47,2,16
4,10,6.0,242,1,21,0,6,7,0,23
4,10,6.0,242,1,2,0,2,40,4,23
4,10,6.0,242,1,2,0,10,22,2,23
4,10,14.0,174,2,3,0,15,31,0,5
4,10,31.0,135,6,0,1,13,99,2,20
4,10,31.0,135,6,14,0,6,128,3,20
4,1,5.0,219,4,13,0,3,115,0,24
4,1,5.0,219,4,15,0,8,9,1,24
4,1,5.0,219,4,14,2,8,9,3,24
4,1,14.0,183,6,0,1,3,30,0,5
4,1,14.0,183,6,13,2,1,11,3,5
4,1,14.0,183,6,2,0,11,15,2,5
4,1,14.0,183,6,18,2,0,68,3,5
4,1,21.0,45,6,16,0,3,70,4,21
4,1,21.0,45,6,21,1,15,31,0,21
4,1,21.0,45,6,0,1,2,13,0,21
4,1,21.0,45,6,8,0,3,115,3,21
4,1,21.0,45,6,4,3,5,6,0,21
4,1,14.0,183,6,14,0,9,95,1,5
4,1,23.0,69,0,17,1,6,132,0,17
4,11,22.0,250,5,3,0,0,53,3,26
4,1,23.0,69,0,1,2,3,30,2,17
4,1,23.0,69,0,18,2,13,123,0,17
4,3,19.0,138,0,20,3,2,123,3,10
4,3,19.0,138,0,14,1,10,47,1,10
4,3,19.0,138,0,14,0,8,41,1,10
5,3,9.0,44,4,13,0,8,27,1,12
4,3,21.0,338,2,15,0,10,22,3,21
4,3,22.0,166,4,0,0,1,35,0,26
4,3,22.0,166,4,3,0,10,22,3,26
4,3,22.0,166,4,12,0,2,69,0,26
4,5,20.0,214,4,8,3,5,6,2,29
4,1,14.0,183,6,9,0,8,33,3,5
4,3,30.0,304,5,6,1,1,59,0,19
4,3,30.0,304,5,13,0,6,7,0,19
4,3,30.0,304,5,22,0,1,59,1,19
4,5,5.0,96,2,22,0,10,43,0,24
4,5,5.0,96,2,17,0,5,12,2,24
4,5,5.0,96,2,2,1,9,95,1,24
4,5,5.0,96,2,8,0,12,104,4,24
4,7,3.0,269,2,8,0,16,139,1,27
4,10,20.0,223,1,11,0,0,0,3,29
4,6,29.0,335,1,12,0,6,14,3,16
4,6,4.0,159,5,11,3,15,51,3,30
4,6,30.0,145,2,13,0,2,13,1,19
4,10,18.0,246,3,12,1,0,26,1,0
4,5,13.0,184,4,19,0,15,46,3,25
4,5,13.0,184,4,15,0,10,47,2,25
4,1,23.0,69,0,9,0,5,0,2,17
4,1,24.0,64,1,13,3,14,24,2,14
4,6,6.0,83,3,19,0,1,35,0,23
4,2,13.0,276,6,19,1,9,10,0,25
4,2,23.0,230,1,19,0,5,6,0,17
4,10,5.0,336,0,18,2,7,62,3,24
4,10,5.0,336,0,20,0,0,85,2,24
5,8,2.0,77,2,5,0,15,31,3,22
5,1,30.0,100,3,8,0,4,82,1,19
4,7,11.0,197,4,11,1,10,47,0,9
4,7,13.0,238,6,18,0,4,82,1,25
4,7,13.0,238,6,9,1,8,9,2,25
4,7,19.0,330,5,9,1,14,110,4,10
5,1,1.0,203,6,2,0,10,47,3,7
5,11,1.0,222,4,15,0,3,76,3,7
5,2,11.0,297,2,19,0,0,26,1,9
5,1,1.0,203,6,17,0,14,32,1,7
5,10,1.0,208,2,17,0,8,9,1,7
5,1,1.0,203,6,13,0,2,2,0,7
5,0,12.0,113,6,12,3,2,13,3,28
4,3,29.0,325,4,2,0,5,6,0,16
4,5,14.0,36,5,18,0,5,12,2,5
3,6,2.0,352,0,19,0,9,54,2,22
4,1,28.0,300,6,1,1,10,22,0,18
4,1,28.0,300,6,1,1,1,105,0,18
4,5,10.0,155,0,11,1,10,23,1,4
4,5,8.0,199,6,8,0,11,124,2,8
4,4,9.0,18,6,9,0,14,32,4,12
4,2,20.0,264,6,14,1,9,134,0,29
4,2,20.0,264,6,4,1,2,2,0,29
4,1,3.0,188,1,13,1,5,12,1,27
4,0,10.0,129,5,13,0,15,46,2,4
4,0,12.0,113,3,17,1,13,99,0,28
4,10,6.0,242,1,0,0,10,12,1,23
4,3,12.0,104,0,16,0,10,12,1,28
4,6,4.0,159,5,8,0,14,106,4,30
4,10,29.0,318,4,21,1,14,106,1,16
5,5,23.0,168,6,23,0,2,40,2,17
5,0,8.0,9,1,17,1,12,121,4,8
5,0,16.0,11,2,18,0,0,64,1,2
4,11,8.0,283,5,3,1,14,25,0,8
3,4,7.0,133,1,0,0,13,48,1,11
5,10,17.0,256,5,8,1,3,115,1,6
5,10,31.0,135,5,17,1,15,51,4,20
5,1,15.0,1,6,6,0,2,3,4,1
4,3,18.0,165,3,13,0,1,67,2,0
4,5,19.0,146,2,23,0,12,121,1,10
4,3,30.0,304,5,22,0,6,126,2,19
4,3,30.0,304,5,5,1,1,81,4,19
4,3,30.0,304,5,21,0,11,15,1,19
4,5,5.0,96,2,16,0,5,12,3,24
4,5,5.0,96,2,14,0,16,113,4,24
4,5,11.0,326,1,21,2,0,26,0,9
4,5,11.0,326,1,8,0,15,96,3,9
4,5,20.0,214,4,17,2,3,76,3,29
4,5,23.0,168,3,0,1,8,9,4,17
4,5,23.0,168,3,6,0,0,31,2,17
4,5,23.0,168,3,22,0,2,86,1,17
4,5,23.0,168,3,13,3,5,6,0,17
4,5,28.0,259,5,20,0,5,6,0,18
4,5,28.0,259,5,23,0,6,91,1,18
4,6,4.0,159,5,16,3,4,79,3,30
4,6,3.0,99,4,15,0,15,114,2,27
4,6,4.0,159,5,13,0,13,99,3,30
4,6,4.0,159,5,2,0,8,118,3,30
4,6,7.0,169,0,16,2,8,9,0,11
4,6,7.0,169,0,17,1,5,64,0,11
4,6,12.0,162,6,18,0,15,85,3,28
4,6,3.0,99,4,14,0,9,102,2,27
4,6,13.0,317,3,20,0,10,43,0,25
4,6,12.0,162,6,5,1,1,59,4,28
4,6,13.0,317,3,3,1,4,4,1,25
4,6,13.0,317,3,11,0,6,91,3,25
4,6,20.0,215,3,0,0,0,12,0,29
4,6,20.0,215,3,0,2,6,73,0,29
4,6,20.0,215,3,11,0,11,0,3,29
4,4,29.0,313,5,19,0,2,13,1,16
4,6,20.0,215,3,5,2,0,68,3,29
4,6,20.0,215,3,23,1,4,136,4,29
4,6,20.0,215,3,13,0,15,39,3,29
4,6,20.0,215,3,19,0,9,10,4,29
4,6,20.0,215,3,12,0,10,22,3,29
4,7,6.0,93,6,17,0,7,120,2,23
4,10,6.0,242,1,17,0,4,82,0,23
4,6,30.0,145,2,18,0,0,77,1,19
4,6,13.0,317,3,7,1,4,66,0,25
4,10,29.0,318,4,8,0,14,24,3,16
4,3,12.0,104,0,21,2,6,89,4,28
4,4,8.0,292,5,15,2,14,34,3,8
4,7,6.0,93,6,15,1,14,24,0,23
4,10,6.0,242,1,14,2,10,22,1,23
4,3,19.0,138,0,16,2,0,77,3,10
4,6,13.0,317,3,5,0,12,56,3,25
4,10,4.0,356,3,17,1,1,11,4,30
4,7,6.0,93,6,15,0,11,15,1,23
4,4,8.0,292,5,12,0,2,2,0,8
4,10,29.0,318,4,6,1,14,126,1,16
4,3,19.0,138,0,3,0,10,22,2,10
4,6,15.0,49,1,17,2,14,125,3,1
4,7,6.0,93,6,8,0,13,48,0,23
4,4,13.0,221,2,13,0,6,89,3,25
4,7,30.0,42,1,6,0,5,12,0,19
4,10,29.0,318,4,4,1,3,44,4,16
4,10,6.0,242,1,1,0,15,108,4,23
4,3,19.0,138,0,14,0,0,53,4,10
4,10,30.0,157,5,19,0,5,6,3,19
4,7,30.0,42,1,22,0,11,124,4,19
4,4,13.0,221,2,22,0,12,104,4,25
4,10,14.0,174,2,17,3,5,6,0,5
4,3,21.0,338,2,10,0,9,49,1,21
4,1,15.0,1,3,2,0,16,50,2,1
4,3,5.0,324,0,16,1,10,47,0,24
4,4,13.0,221,2,19,0,16,72,4,25
4,10,14.0,174,2,15,0,8,9,1,5
4,6,20.0,215,3,5,0,2,2,3,29
4,3,21.0,338,2,20,0,5,6,2,21
4,10,4.0,356,3,0,2,10,22,3,30
4,1,29.0,112,3,7,1,16,42,1,16
4,6,21.0,193,0,6,0,0,64,0,21
4,1,30.0,100,0,17,2,5,6,3,19
4,1,30.0,100,0,16,3,16,130,1,19
4,1,30.0,100,0,3,0,12,61,1,19
4,3,30.0,304,5,16,1,2,2,0,19
4,3,30.0,304,5,10,1,10,47,0,19
4,3,30.0,304,5,11,0,10,22,0,19
4,3,30.0,304,5,17,1,3,79,0,19
4,5,5.0,96,2,16,1,0,53,4,24
4,5,5.0,96,2,20,0,5,12,3,24
4,5,20.0,214,4,8,0,10,47,3,29
4,5,20.0,214,4,8,0,11,15,1,29
4,5,23.0,168,3,20,0,10,22,3,17
4,5,23.0,168,3,6,1,1,1,0,17
4,5,28.0,259,5,5,0,15,39,1,18
4,5,28.0,259,5,17,1,8,65,1,18
4,5,28.0,259,5,22,1,2,69,4,18
4,6,3.0,99,4,19,0,2,123,4,27
4,6,3.0,99,4,22,2,16,50,3,27
4,6,3.0,99,4,12,1,4,4,1,27
4,6,3.0,99,4,22,1,3,30,0,27
4,6,3.0,99,4,12,1,10,22,0,27
4,4,16.0,25,6,15,1,1,11,1,2
4,6,4.0,159,5,14,2,6,128,3,30
4,6,4.0,159,5,14,0,15,39,0,30
4,6,7.0,169,0,15,0,14,24,3,11
4,11,30.0,170,6,17,1,9,134,4,19
5,7,1.0,98,3,17,0,8,27,1,7
5,0,20.0,172,3,18,1,13,48,0,29
4,7,4.0,186,4,13,0,16,72,2,30
4,7,11.0,197,4,14,1,15,51,1,9
5,10,1.0,208,2,9,0,12,61,4,7
5,4,12.0,134,0,14,1,11,129,4,28
5,4,28.0,218,2,8,0,10,12,4,18
5,2,30.0,131,0,11,2,16,37,1,19
4,5,6.0,277,4,17,0,10,22,1,23
4,6,6.0,83,3,5,3,9,57,0,23
5,11,1.0,222,4,17,0,1,16,4,7
4,9,11.0,52,4,18,1,2,69,0,9
5,7,1.0,98,3,17,0,2,71,4,7
5,5,17.0,212,3,13,0,1,11,1,6
4,3,4.0,285,3,11,0,10,22,2,30
4,3,29.0,325,4,18,1,9,83,4,16
4,8,21.0,46,1,18,0,1,1,4,21
4,4,5.0,235,1,19,1,6,132,1,24
4,5,6.0,277,4,11,1,11,122,4,23
4,8,15.0,72,2,17,0,13,38,1,1
4,1,30.0,100,0,22,1,1,81,4,19
4,1,29.0,112,3,1,0,0,26,3,16
4,1,30.0,100,0,4,0,3,70,3,19
4,1,30.0,100,0,12,0,10,12,1,19
4,5,4.0,114,1,8,1,4,5,1,30
4,9,5.0,89,5,5,2,8,118,4,24
4,5,3.0,161,0,8,0,5,12,2,27
4,1,30.0,100,0,4,0,10,23,2,19
4,8,22.0,354,2,16,0,2,86,3,26
4,8,22.0,354,2,11,1,15,114,1,26
4,8,23.0,102,4,23,0,0,26,3,17
4,8,23.0,102,4,15,0,2,123,3,17
4,8,23.0,102,4,14,0,2,69,0,17
4,8,23.0,102,4,2,0,5,6,2,17
4,8,29.0,301,2,19,0,15,77,3,16
4,8,29.0,301,2,9,1,0,26,1,16
4,4,6.0,176,2,17,0,12,84,1,23
4,4,6.0,176,2,5,0,5,6,0,23
4,8,29.0,301,2,12,0,16,37,2,16
4,4,8.0,292,5,7,1,0,85,0,8
4,4,13.0,221,2,16,0,15,112,1,25
4,6,7.0,169,0,21,1,5,64,0,11
4,6,12.0,162,6,16,2,3,79,3,28
4,6,12.0,162,6,11,0,10,22,1,28
4,6,12.0,162,6,5,2,1,59,4,28
4,6,12.0,162,6,6,1,5,64,0,28
4,6,12.0,162,6,13,0,9,54,2,28
4,6,12.0,162,6,1,2,14,97,2,28
4,10,4.0,356,3,6,1,0,31,2,30
4,10,4.0,356,3,12,2,10,22,3,30
4,10,4.0,356,3,19,0,9,95,4,30
4,10,4.0,356,3,20,1,6,132,1,30
4,10,4.0,356,3,14,0,9,49,1,30
4,11,10.0,360,3,3,1,4,121,1,4
4,11,13.0,312,2,13,0,8,9,1,25
4,9,19.0,234,5,4,3,10,22,3,10
4,7,29.0,268,0,1,3,1,35,4,16
4,10,7.0,243,2,3,2,0,77,0,11
4,10,7.0,243,2,1,0,4,66,2,11
4,10,7.0,243,2,17,0,10,12,1,11
4,10,12.0,333,0,17,0,12,61,4,28
4,3,30.0,304,5,16,1,1,16,0,19
4,5,5.0,96,2,6,3,0,64,3,24
4,5,5.0,96,2,5,0,5,12,3,24
4,5,5.0,96,2,21,1,8,65,1,24
4,5,5.0,96,2,12,0,9,102,1,24
4,5,5.0,96,2,2,0,12,61,3,24
4,5,11.0,326,1,21,1,11,18,0,9
4,5,11.0,326,1,17,1,3,70,4,9
4,5,11.0,326,1,5,0,0,85,1,9
4,5,11.0,326,1,19,2,1,16,3,9
4,5,11.0,326,1,12,0,5,12,1,9
4,5,11.0,326,1,8,1,9,49,1,9
4,5,13.0,184,4,6,0,5,12,0,25
4,5,13.0,184,4,12,2,13,38,3,25
4,5,13.0,184,4,18,1,11,133,0,25
4,5,20.0,214,4,8,0,1,1,1,29
4,5,20.0,214,4,19,0,9,101,1,29
4,5,23.0,168,3,13,0,0,64,0,17
4,5,23.0,168,3,1,0,1,35,4,17
4,5,28.0,259,5,16,0,0,64,3,18
4,5,28.0,259,5,2,0,7,111,0,18
4,11,29.0,270,5,22,0,6,7,0,16
4,9,2.0,323,1,16,0,1,59,1,22
4,10,12.0,333,0,6,1,16,65,0,28
4,10,12.0,333,0,22,0,9,95,0,28
4,10,12.0,333,0,2,0,4,79,0,28
4,10,12.0,333,0,1,0,0,85,4,28
4,10,12.0,333,0,12,0,5,12,0,28
4,10,12.0,333,0,4,1,11,98,4,28
4,10,13.0,346,1,13,0,2,86,1,25
4,10,13.0,346,1,1,1,8,9,1,25
4,10,20.0,223,1,11,0,1,67,4,29
4,10,20.0,223,1,13,0,2,123,0,29
4,1,29.0,112,3,19,0,4,45,3,16
4,1,29.0,112,3,16,2,4,45,3,16
4,1,30.0,100,0,23,0,11,133,2,19
4,7,31.0,43,2,7,1,2,123,2,20
4,3,28.0,187,2,8,0,1,35,0,18
4,1,30.0,100,0,0,0,10,47,0,19
4,8,22.0,354,2,18,2,13,29,3,26
4,8,22.0,354,2,1,0,12,100,1,26
4,8,23.0,102,4,12,0,14,24,1,17
4,8,23.0,102,4,4,0,1,81,3,17
4,8,23.0,102,4,0,3,11,124,4,17
4,9,3.0,217,2,17,1,9,27,0,27
4,6,4.0,159,5,4,1,10,47,1,30
4,9,4.0,295,4,5,0,10,52,1,30
4,9,4.0,295,4,19,0,10,12,0,30
4,9,4.0,295,4,4,0,1,59,3,30
4,9,12.0,177,5,20,0,11,15,2,28
4,4,13.0,221,2,4,0,0,96,3,25
4,9,12.0,177,5,14,0,4,45,0,28
4,9,14.0,106,3,7,0,14,125,2,5
4,9,14.0,106,3,6,1,3,44,0,5
4,9,14.0,106,3,21,0,0,53,4,5
4,9,27.0,179,6,0,0,15,114,1,15
4,9,27.0,179,6,2,2,9,102,3,15
4,7,3.0,269,2,10,1,14,24,0,27
4,7,3.0,269,2,11,1,10,22,4,27
4,7,3.0,269,2,6,1,2,35,0,27
3,4,1.0,144,2,17,0,2,2,4,7
4,7,6.0,93,6,20,0,8,33,2,23
4,7,30.0,42,1,19,0,11,94,1,19
4,3,3.0,182,6,11,1,13,28,1,27
4,8,23.0,102,4,19,1,9,95,4,17
4,8,29.0,301,2,16,0,1,1,1,16
4,6,15.0,49,1,17,1,14,24,1,1
4,3,5.0,324,0,5,0,7,57,2,24
4,3,21.0,338,2,3,0,1,59,4,21
4,10,14.0,174,2,3,2,9,54,1,5
4,3,5.0,324,0,15,1,12,104,4,24
4,5,4.0,114,1,9,1,11,8,1,30
4,10,14.0,174,2,18,2,6,7,3,5
4,10,14.0,174,2,9,0,5,6,3,5
4,10,31.0,135,6,12,0,2,40,4,20
4,10,31.0,135,6,4,0,10,23,1,20
4,1,5.0,219,4,21,0,5,64,0,24
4,1,5.0,219,4,5,0,5,12,3,24
4,1,5.0,219,4,8,0,3,30,2,24
4,1,5.0,219,4,19,0,14,34,1,24
4,1,5.0,219,4,6,1,3,103,4,24
4,1,14.0,183,6,16,2,16,130,0,5
4,1,14.0,183,6,11,2,13,21,0,5
4,1,14.0,183,6,1,0,12,80,1,5
4,1,21.0,45,6,16,1,14,25,1,21
4,1,21.0,45,6,15,0,5,64,3,21
4,1,21.0,45,6,2,2,2,86,3,21
4,1,21.0,45,6,15,0,11,18,1,21
4,1,23.0,69,0,16,1,16,72,0,17
4,2,30.0,131,1,3,0,8,9,1,19
4,1,21.0,45,6,6,0,11,133,2,21
4,1,21.0,45,6,21,1,0,53,1,21
4,1,23.0,69,0,2,0,4,45,2,17
4,1,23.0,69,0,4,0,15,31,1,17
4,1,23.0,69,0,1,0,9,63,1,17
4,1,24.0,64,1,16,0,0,64,3,14
4,1,24.0,64,1,21,1,15,31,0,14
4,1,24.0,64,1,17,0,15,114,1,14
4,1,24.0,64,1,3,0,2,2,3,14
4,1,24.0,64,1,8,0,2,13,1,14
4,1,24.0,64,1,9,0,13,29,3,14
4,1,31.0,305,1,7,0,10,52,1,20
4,1,31.0,305,1,20,0,1,16,4,20
4,1,31.0,305,1,4,3,14,25,0,20
4,1,31.0,305,1,1,0,3,30,3,20
4,1,31.0,305,1,3,0,6,7,1,20
4,8,4.0,299,6,18,0,11,15,1,30
4,8,5.0,101,3,6,0,7,78,1,24
4,8,4.0,299,6,4,1,14,32,4,30
4,3,21.0,338,2,8,1,11,18,1,21
4,8,5.0,101,3,14,0,10,47,0,24
4,8,7.0,70,1,8,0,10,47,3,11
4,5,20.0,214,4,7,0,7,120,3,29
4,5,20.0,214,4,23,1,0,53,0,29
4,5,20.0,214,4,21,1,2,13,0,29
4,5,20.0,214,4,5,0,2,86,1,29
4,5,20.0,214,4,22,2,7,20,3,29
4,5,20.0,214,4,19,0,14,25,1,29
4,5,13.0,184,4,14,0,15,114,4,25
4,5,20.0,214,4,9,0,8,19,0,29
4,5,28.0,259,5,6,0,10,22,1,18
4,5,28.0,259,5,18,0,14,34,1,18
4,6,3.0,99,4,19,0,11,133,1,27
4,6,4.0,159,5,22,0,16,50,2,30
4,6,4.0,159,5,1,0,8,19,4,30
4,6,4.0,159,5,8,0,9,54,2,30
4,6,4.0,159,5,18,0,3,79,0,30
4,6,7.0,169,0,6,0,16,74,4,11
4,6,7.0,169,0,7,0,8,9,1,11
4,6,12.0,162,6,13,0,8,27,2,28
4,6,12.0,162,6,12,0,0,26,1,28
4,6,12.0,162,6,14,2,2,40,3,28
4,6,12.0,162,6,22,1,14,126,0,28
4,6,13.0,317,3,21,1,1,67,0,25
4,6,12.0,162,6,12,0,16,130,2,28
4,6,15.0,49,1,6,1,15,31,1,1
4,4,7.0,133,4,3,0,11,133,3,11
4,4,4.0,178,0,2,1,9,93,2,30
4,4,4.0,178,0,15,0,14,125,2,30
4,2,8.0,258,0,4,0,0,0,2,8
4,2,5.0,127,5,17,0,8,33,1,24
4,5,28.0,259,5,14,1,15,108,4,18
4,6,3.0,99,4,22,0,11,15,2,27
4,6,4.0,159,5,2,0,5,6,3,30
4,6,4.0,159,5,18,2,8,118,3,30
4,6,7.0,169,0,0,0,16,74,1,11
4,6,7.0,169,0,7,0,9,102,2,11
4,3,11.0,337,3,6,1,16,108,0,9
4,10,29.0,318,4,9,0,8,27,3,16
4,3,11.0,337,3,21,0,9,93,1,9
4,3,19.0,138,0,2,1,7,129,4,10
4,3,12.0,104,0,5,1,2,13,4,28
4,10,29.0,318,4,1,0,13,28,3,16
4,3,12.0,104,0,18,0,5,6,0,28
4,2,5.0,127,5,17,0,15,51,2,24
4,3,22.0,166,4,5,1,11,18,1,26
4,10,30.0,157,5,21,1,7,120,0,19
4,3,19.0,138,0,19,0,16,74,2,10
4,0,5.0,122,3,4,1,12,84,1,24
4,1,29.0,112,3,7,1,10,12,0,16
4,1,29.0,112,3,19,0,10,22,3,16
4,3,21.0,338,2,7,1,8,9,0,21
4,1,24.0,64,1,0,1,7,57,0,14
4,3,22.0,166,4,11,1,9,101,0,26
4,1,29.0,112,3,9,0,8,41,1,16
4,3,19.0,138,0,14,3,8,9,4,10
4,1,24.0,64,1,9,1,15,31,4,14
4,3,21.0,338,2,13,0,13,38,3,21
4,3,30.0,304,5,7,0,12,100,4,19
4,1,31.0,305,1,14,1,8,27,2,20
4,3,21.0,338,2,12,0,8,41,4,21
4,10,6.0,242,1,19,1,14,126,4,23
4,7,3.0,269,2,7,0,9,49,1,27
4,7,6.0,93,6,4,1,2,71,0,23
4,7,30.0,42,1,17,0,5,6,3,19
4,7,30.0,42,1,21,2,6,7,0,19
4,7,30.0,42,1,20,1,10,22,2,19
4,10,14.0,174,2,12,0,2,86,1,5
4,7,30.0,42,1,19,0,13,28,3,19
4,3,3.0,182,6,5,0,14,34,2,27
4,3,3.0,182,6,9,0,12,17,3,27
4,3,5.0,324,0,22,0,0,26,2,24
4,3,5.0,324,0,8,2,11,18,3,24
4,3,11.0,337,3,6,0,15,114,2,9
4,3,11.0,337,3,14,0,2,69,2,9
4,3,12.0,104,0,20,3,6,14,1,28
4,3,19.0,138,0,6,0,10,22,1,10
4,3,19.0,138,0,13,0,1,11,1,10
4,3,21.0,338,2,0,1,11,8,0,21
4,3,21.0,338,2,7,0,8,19,2,21
4,3,21.0,338,2,21,0,9,87,4,21
4,3,30.0,304,5,6,0,0,15,0,19
4,5,11.0,326,1,13,1,11,133,4,9
4,5,11.0,326,1,8,1,11,124,4,9
4,3,11.0,337,3,21,1,2,86,0,9
4,3,5.0,324,0,4,0,5,0,2,24
4,3,11.0,337,3,15,3,16,130,3,9
4,3,11.0,337,3,5,1,2,13,4,9
4,3,11.0,337,3,17,1,16,42,4,9
4,3,11.0,337,3,14,0,13,48,1,9
4,10,29.0,318,4,21,1,8,27,4,16
4,10,29.0,318,4,20,0,7,20,3,16
4,5,29.0,24,6,5,0,2,86,0,16
4,5,29.0,24,6,8,0,13,48,0,16
4,5,29.0,24,6,4,2,2,92,3,16
4,5,29.0,24,6,8,1,14,25,1,16
4,5,31.0,196,0,6,0,8,19,0,20
4,11,19.0,321,1,11,1,0,96,1,10
4,11,19.0,321,1,12,1,4,79,0,10
4,11,28.0,123,4,2,1,0,0,0,18
4,11,28.0,123,4,18,1,5,64,0,18
4,11,19.0,321,1,23,1,15,31,0,10
4,5,31.0,196,0,17,2,8,9,3,20
4,5,31.0,196,0,20,0,1,1,0,20
4,5,31.0,196,0,9,0,10,12,0,20
4,5,30.0,294,3,11,3,3,76,1,19
4,6,5.0,342,6,17,0,9,87,2,24
4,5,3.0,161,0,6,0,8,19,0,27
4,6,14.0,173,0,21,2,10,23,3,5
5,1,17.0,63,0,4,1,5,12,1,6
4,9,16.0,107,1,8,1,9,10,1,2
4,7,10.0,329,2,18,1,11,133,0,4
5,2,15.0,130,3,17,2,1,67,0,1
4,5,18.0,195,1,20,0,12,61,4,0
5,0,16.0,11,2,9,3,3,30,4,2
5,10,23.0,247,4,17,1,5,12,1,17
5,1,14.0,183,5,4,3,9,58,3,5
5,1,16.0,2,3,7,1,6,7,0,2
5,2,15.0,130,3,13,0,4,4,1,1
4,11,26.0,364,1,2,1,8,19,0,3
4,7,9.0,273,1,19,0,5,6,0,12
4,3,2.0,120,5,13,1,13,38,4,22
5,2,17.0,6,1,7,0,11,58,2,6
4,3,8.0,148,4,2,0,1,59,1,8
4,3,22.0,166,4,19,0,16,50,3,26
4,3,19.0,138,0,2,0,7,111,3,10
4,8,4.0,299,6,14,0,8,19,4,30
4,8,4.0,299,6,5,1,8,41,1,30
4,8,4.0,299,6,20,1,14,97,4,30
4,8,4.0,299,6,9,0,10,47,3,30
4,8,4.0,299,6,9,0,13,38,1,30
4,8,5.0,101,3,5,0,6,91,1,24
4,3,19.0,138,0,16,1,6,91,4,10
4,8,4.0,299,6,13,0,14,110,2,30
4,3,21.0,338,2,16,0,10,47,3,21
4,8,5.0,101,3,22,0,9,93,3,24
4,3,22.0,166,4,5,0,0,85,2,26
4,3,3.0,182,6,1,0,10,47,3,27
4,8,5.0,101,3,2,3,10,47,3,24
4,8,7.0,70,1,16,0,12,17,1,11
4,8,7.0,70,1,7,2,8,118,3,11
4,8,7.0,70,1,16,0,0,64,0,11
4,8,7.0,70,1,2,0,10,47,0,11
4,8,4.0,299,6,4,0,11,18,1,30
4,8,7.0,70,1,14,0,5,64,3,11
4,8,7.0,70,1,1,0,10,52,1,11
4,8,13.0,189,0,13,1,9,93,4,25
4,8,13.0,189,0,13,0,14,32,3,25
4,8,14.0,296,1,16,0,1,1,4,5
4,8,13.0,189,0,14,0,8,33,3,25
4,8,14.0,296,1,16,0,10,12,1,5
4,8,14.0,296,1,1,0,9,10,2,5
4,8,30.0,103,4,6,2,4,138,3,19
4,8,30.0,103,4,5,0,3,79,1,19
4,4,4.0,178,0,3,0,6,73,4,30
4,4,4.0,178,0,13,0,0,26,2,30
4,4,4.0,178,0,4,0,8,33,3,30
4,4,4.0,178,0,18,0,6,73,1,30
4,4,7.0,133,4,16,0,0,68,1,11
4,4,7.0,133,4,17,0,7,78,1,11
4,4,7.0,133,4,20,1,1,105,1,11
4,4,7.0,133,4,2,1,0,12,1,11
4,4,7.0,133,4,17,0,4,127,3,11
4,4,16.0,25,6,21,1,15,119,0,2
4,4,16.0,25,6,15,0,5,6,1,2
4,4,16.0,25,6,3,2,14,106,1,2
4,4,23.0,30,6,17,0,15,114,3,17
4,4,23.0,30,6,15,0,13,99,2,17
4,4,23.0,30,6,13,0,10,47,3,17
4,4,23.0,30,6,12,0,2,69,2,17
4,4,23.0,30,6,8,0,3,79,3,17
4,4,23.0,30,6,0,1,1,67,0,17
4,4,23.0,30,6,11,1,1,81,4,17
4,4,23.0,30,6,4,1,2,2,4,17
4,8,7.0,70,1,12,0,2,86,0,11
4,8,7.0,70,1,9,0,10,22,0,11
4,8,7.0,70,1,18,0,14,126,4,11
4,8,13.0,189,0,0,1,14,34,2,25
4,8,13.0,189,0,23,0,10,12,1,25
4,8,13.0,189,0,12,0,13,38,2,25
4,8,14.0,296,1,0,0,16,42,3,5
4,8,14.0,296,1,8,0,4,75,1,5
4,8,30.0,103,4,10,0,14,25,1,19
4,8,30.0,103,4,23,0,8,33,4,19
4,8,30.0,103,4,15,0,12,104,1,19
4,8,30.0,103,4,21,1,8,33,0,19
4,4,4.0,178,0,8,0,2,69,3,30
4,4,4.0,178,0,4,0,9,54,4,30
4,4,4.0,178,0,16,0,5,12,3,30
4,4,4.0,178,0,3,1,14,25,0,30
4,4,16.0,25,6,0,2,6,128,3,2
4,4,16.0,25,6,13,0,2,86,1,2
4,4,16.0,25,6,8,0,2,86,1,2
4,4,23.0,30,6,4,0,9,54,3,17
4,4,29.0,313,5,7,1,10,23,1,16
4,4,29.0,313,5,9,0,10,22,1,16
4,6,19.0,291,6,14,0,2,86,1,10
4,6,18.0,308,5,3,1,0,12,1,0
4,10,1.0,208,4,23,3,11,94,1,7
4,3,21.0,338,2,19,0,4,4,1,21
4,3,22.0,166,4,0,0,5,6,3,26
4,3,21.0,338,2,5,0,14,88,4,21
4,3,21.0,338,2,19,1,5,0,0,21
4,3,22.0,166,4,19,0,3,79,0,26
4,3,30.0,304,5,5,1,14,125,4,19
4,3,30.0,304,5,13,0,1,11,1,19
4,3,30.0,304,5,6,1,3,44,4,19
4,3,30.0,304,5,12,0,2,92,3,19
4,5,5.0,96,2,15,0,8,19,4,24
4,3,30.0,304,5,20,0,2,40,4,19
4,5,5.0,96,2,12,0,5,12,2,24
4,3,30.0,304,5,13,0,11,98,3,19
4,3,30.0,304,5,12,0,10,47,3,19
4,5,5.0,96,2,19,0,5,6,3,24
5,0,3.0,334,4,14,0,4,138,3,27
4,3,30.0,304,5,11,1,7,122,1,19
4,6,14.0,173,0,23,0,3,79,1,5
4,6,14.0,173,0,22,0,4,45,2,5
4,6,14.0,173,0,0,1,1,11,0,5
4,6,21.0,193,0,17,1,5,6,0,21
4,6,21.0,193,0,11,0,10,43,3,21
4,6,21.0,193,0,13,0,6,73,0,21
4,6,22.0,185,1,17,0,2,86,4,26
4,6,21.0,193,0,9,0,9,93,3,21
4,6,22.0,185,1,2,0,14,25,0,26
4,6,22.0,185,1,14,0,2,3,3,26
4,6,23.0,84,2,5,0,2,40,4,17
4,6,23.0,84,2,5,0,10,47,3,17
4,6,22.0,185,1,2,1,10,22,0,26
4,6,23.0,84,2,1,0,13,28,2,17
4,6,23.0,84,2,9,0,5,6,1,17
4,6,23.0,84,2,20,0,0,15,3,17
4,6,23.0,84,2,14,0,2,86,1,17
4,6,23.0,84,2,1,2,12,100,4,17
4,6,23.0,84,2,14,0,16,50,3,17
4,10,24.0,261,6,4,1,0,68,2,14
4,3,10.0,4,6,13,3,11,90,3,4
4,3,17.0,54,6,13,1,12,135,4,6
5,6,16.0,38,1,13,1,0,53,2,2
5,7,29.0,268,3,2,0,15,96,3,16
5,7,30.0,42,0,22,1,9,63,2,19
5,10,9.0,150,4,6,1,15,85,1,12
5,3,30.0,304,4,3,1,9,134,1,19
5,3,5.0,324,3,3,3,9,27,0,24
5,8,26.0,278,6,8,1,9,95,1,3
5,4,17.0,19,6,13,0,12,80,2,6
5,4,18.0,26,3,1,3,7,120,4,0
5,2,8.0,258,3,5,1,10,47,1,8
5,1,26.0,248,2,9,1,0,12,2,3
5,1,24.0,64,0,17,1,9,93,4,14
4,9,18.0,359,4,17,1,0,77,1,0
4,7,27.0,53,6,9,0,13,38,1,15
4,7,27.0,53,6,5,0,8,118,2,15
4,7,27.0,53,6,5,1,9,93,2,15
4,3,27.0,361,1,1,1,9,58,4,15
5,4,17.0,19,6,12,3,0,68,4,6
5,8,26.0,278,6,11,1,9,93,4,3
5,2,8.0,258,3,14,1,10,12,2,8
5,2,25.0,233,2,2,3,3,30,3,13
5,9,22.0,92,3,15,1,1,81,1,26
5,9,22.0,92,3,12,0,15,114,3,26
5,6,24.0,31,2,19,2,1,11,0,14
5,8,7.0,70,0,12,1,15,96,4,11
5,4,26.0,80,0,9,2,9,101,0,3
5,4,26.0,80,0,17,0,7,137,1,3
5,8,8.0,76,1,17,0,13,28,3,8
5,2,9.0,21,0,1,0,9,63,0,12
5,5,25.0,350,0,3,0,9,27,2,13
4,11,7.0,253,4,6,1,14,97,1,11
5,10,14.0,174,1,7,1,15,51,1,5
2,10,1.0,358,0,17,1,3,70,1,7
5,8,1.0,66,1,17,0,3,115,4,7
5,8,1.0,66,1,13,0,15,51,4,7
4,9,8.0,90,0,2,2,13,29,3,8
4,7,16.0,40,1,12,1,9,57,2,2
5,0,2.0,47,2,1,0,9,54,2,22
5,8,1.0,66,1,17,0,16,130,1,7
4,3,26.0,343,0,19,1,10,22,1,3
4,5,17.0,212,0,22,0,15,51,1,6
4,5,5.0,96,2,8,0,6,116,4,24
4,4,7.0,133,4,12,0,3,30,2,11
4,5,5.0,96,2,9,0,10,22,0,24
4,5,5.0,96,2,8,0,1,81,3,24
4,5,11.0,326,1,18,1,1,11,2,9
4,1,30.0,100,0,8,2,9,95,3,19
4,1,30.0,100,0,12,3,1,11,0,19
4,1,30.0,100,0,9,2,6,14,3,19
4,8,22.0,354,2,20,1,14,25,0,26
4,5,4.0,114,1,13,0,11,15,3,30
4,3,28.0,187,2,13,1,13,99,4,18
4,5,22.0,163,6,14,1,5,64,0,26
4,8,23.0,102,4,3,0,11,133,1,17
4,8,23.0,102,4,1,1,8,19,2,17
4,8,29.0,301,2,4,0,8,27,1,16
4,4,6.0,176,2,17,0,1,11,4,23
4,4,6.0,176,2,6,2,11,18,3,23
4,4,6.0,176,2,0,1,4,75,0,23
4,4,6.0,176,2,4,0,8,27,1,23
4,4,6.0,176,2,18,0,10,47,2,23
4,4,13.0,221,2,6,1,5,6,0,25
4,4,8.0,292,5,4,3,9,10,4,8
4,4,13.0,221,2,9,0,3,79,1,25
4,10,20.0,223,1,14,0,5,6,0,29
4,10,21.0,341,2,17,0,13,48,3,21
4,10,21.0,341,2,10,0,10,47,1,21
4,10,21.0,341,2,22,0,5,6,2,21
4,10,21.0,341,2,20,1,16,65,4,21
4,5,13.0,184,4,22,0,13,38,3,25
4,5,13.0,184,4,12,0,3,103,0,25
4,5,20.0,214,4,16,1,14,88,2,29
4,3,3.0,182,6,19,1,3,115,1,27
4,3,5.0,324,0,17,0,8,41,2,24
4,3,5.0,324,0,6,0,8,33,1,24
4,3,3.0,182,6,19,3,3,30,3,27
4,3,5.0,324,0,13,1,9,95,1,24
4,3,11.0,337,3,17,0,15,46,1,9
4,3,11.0,337,3,16,0,10,47,3,9
4,3,11.0,337,3,8,0,4,127,4,9
4,3,12.0,104,0,14,0,15,108,3,28
4,3,12.0,104,0,12,0,3,115,3,28
4,3,12.0,104,0,5,1,1,81,4,28
4,3,19.0,138,0,0,0,10,22,1,10
4,3,19.0,138,0,21,1,16,50,2,10
4,3,19.0,138,0,0,1,15,51,1,10
4,3,19.0,138,0,3,1,6,7,1,10
4,3,21.0,338,2,3,0,2,86,1,21
4,3,21.0,338,2,1,1,9,95,2,21
4,10,21.0,341,2,2,0,10,43,2,21
4,10,21.0,341,2,20,1,7,20,1,21
4,10,21.0,341,2,19,0,16,74,2,21
4,3,20.0,105,1,2,1,9,134,4,29
4,10,21.0,341,2,4,0,8,9,4,21
4,10,21.0,341,2,8,0,11,129,2,21
4,7,15.0,205,0,17,0,1,16,4,1
4,7,15.0,205,0,10,0,3,115,1,1
5,3,26.0,343,3,23,0,5,6,0,3
5,6,4.0,159,4,19,0,0,0,3,30
4,5,8.0,199,6,7,1,10,47,0,8
4,7,15.0,205,0,20,1,4,4,1,1
4,7,15.0,205,0,18,1,0,12,1,1
4,7,18.0,154,4,11,2,0,77,0,0
4,7,23.0,202,1,22,0,7,62,3,17
4,7,23.0,202,1,14,0,8,65,4,17
4,7,23.0,202,1,14,0,14,125,0,17
4,3,2.0,120,5,0,1,5,6,0,22
4,3,2.0,120,5,7,1,5,6,1,22
4,3,2.0,120,5,22,0,1,11,2,22
4,3,2.0,120,5,3,0,1,35,0,22
4,3,8.0,148,4,15,1,1,1,4,8
4,3,8.0,148,4,2,0,13,21,0,8
4,3,8.0,148,4,12,0,12,84,3,8
4,3,18.0,165,3,13,1,0,15,4,0
4,3,18.0,165,3,2,0,5,6,2,0
4,7,7.0,293,3,15,1,16,50,1,11
4,3,18.0,165,3,5,1,1,105,4,0
4,3,18.0,165,3,9,2,10,22,3,0
4,5,7.0,349,5,7,1,11,18,1,11
4,5,7.0,349,5,3,0,8,33,2,11
4,5,8.0,199,6,16,1,10,22,0,8
4,6,1.0,158,1,15,0,14,126,1,7
4,11,11.0,175,0,9,1,2,92,2,9
4,5,8.0,199,6,4,0,10,23,3,8
4,5,8.0,199,6,2,2,8,41,3,8
4,9,16.0,107,1,17,0,10,47,0,2
4,9,15.0,226,0,9,1,9,83,4,1
4,9,15.0,226,0,5,1,1,35,4,1
4,9,24.0,272,2,5,0,0,64,2,14
4,9,15.0,226,0,13,1,0,85,1,1
4,9,24.0,272,2,8,1,13,21,4,14
4,9,24.0,272,2,19,1,11,122,4,14
4,7,7.0,293,3,2,0,16,37,3,11
4,7,7.0,293,3,14,1,4,4,1,11
4,7,9.0,273,1,16,0,2,2,1,12
4,7,9.0,273,1,5,0,4,103,3,12
4,7,9.0,273,1,3,0,10,47,0,12
4,7,9.0,273,1,19,0,2,86,4,12
4,7,9.0,273,1,12,1,16,139,4,12
4,7,9.0,273,1,19,1,11,55,4,12
4,7,10.0,329,2,2,0,12,61,1,4
4,7,7.0,293,3,18,0,14,34,1,11
4,7,15.0,205,0,23,0,5,6,0,1
5,8,30.0,103,2,18,0,5,6,0,19
5,7,1.0,98,3,5,0,10,22,3,7
5,7,1.0,98,3,4,1,9,109,4,7
5,9,28.0,315,6,2,1,10,12,1,18
5,7,3.0,269,1,21,0,5,12,0,27
5,7,8.0,94,3,5,0,1,67,0,8
5,7,8.0,94,3,19,0,1,16,1,8
5,7,8.0,94,3,19,2,13,21,1,8
5,7,9.0,273,0,5,1,16,130,0,12
5,7,8.0,94,3,14,1,2,60,4,8
5,7,9.0,273,0,22,0,0,53,3,12
5,7,9.0,273,0,4,0,9,57,1,12
5,7,3.0,269,1,17,0,2,123,3,27
5,7,11.0,197,2,6,0,0,53,0,9
5,7,11.0,197,2,1,0,6,128,4,9
5,7,8.0,94,3,3,0,14,24,2,8
5,7,18.0,154,2,7,0,16,139,1,0
5,7,18.0,154,2,20,0,15,108,1,0
5,11,18.0,332,3,8,0,8,9,1,0
5,3,3.0,182,5,13,0,9,95,3,27
5,3,3.0,182,5,6,0,8,27,4,27
5,3,3.0,182,5,7,1,8,9,1,27
4,7,15.0,205,0,21,1,1,1,0,1
4,7,15.0,205,0,13,1,12,80,4,1
4,7,9.0,273,1,18,0,7,120,1,12
4,7,15.0,205,0,9,0,11,94,0,1
5,6,8.0,59,0,9,2,10,47,3,8
5,7,31.0,43,1,23,0,2,2,1,20
5,6,30.0,145,1,8,0,1,67,3,19
4,7,10.0,329,2,0,0,0,85,3,4
4,9,15.0,226,0,5,3,11,98,4,1
4,7,15.0,205,0,0,0,3,30,1,1
4,7,15.0,205,0,2,1,12,61,1,1
4,7,18.0,154,4,0,0,8,19,4,0
4,7,10.0,329,2,2,3,0,12,3,4
4,7,18.0,154,4,19,0,14,25,2,0
4,7,18.0,154,4,21,1,8,19,0,0
4,7,18.0,154,4,10,1,12,121,1,0
4,7,18.0,154,4,1,0,13,38,1,0
4,7,10.0,329,2,8,0,5,47,2,4
4,7,23.0,202,1,14,2,10,47,3,17
0,11,1.0,222,3,17,0,6,128,1,7
5,3,20.0,105,0,20,0,8,27,0,29
4,5,7.0,349,5,12,1,10,22,1,11
4,9,22.0,92,0,9,0,0,26,1,26
5,3,19.0,138,3,11,1,10,22,1,10
5,6,1.0,158,0,22,0,2,92,1,7
4,5,8.0,199,6,13,1,1,81,4,8
4,5,8.0,199,6,6,1,9,27,0,8
4,6,1.0,158,1,3,0,2,2,1,7
4,7,14.0,125,3,4,0,1,59,2,5
5,3,26.0,343,3,4,3,5,12,0,3
5,5,18.0,195,0,12,0,13,29,1,0
4,5,10.0,155,0,4,2,8,41,3,4
4,6,1.0,158,1,15,0,9,101,3,7
4,7,31.0,43,2,6,0,0,26,1,20
5,5,9.0,206,6,2,0,2,2,0,12
5,5,18.0,195,0,15,0,13,29,2,0
4,5,10.0,155,0,15,1,1,1,4,4
4,6,1.0,158,1,8,0,13,36,0,7
5,5,11.0,326,0,15,1,15,46,1,9
5,5,9.0,206,6,3,1,7,137,1,12
5,9,12.0,177,4,4,1,1,67,4,28
5,9,6.0,51,5,15,0,4,82,2,23
2,1,1.0,171,4,21,0,6,73,4,7
5,3,13.0,210,0,3,3,3,79,1,25
5,6,17.0,244,2,19,1,5,6,2,6
5,10,5.0,336,3,14,1,9,27,0,24
5,10,5.0,336,3,3,1,16,50,2,24
5,9,19.0,234,4,16,1,10,12,0,10
5,8,1.0,66,1,19,1,8,41,2,7
5,8,15.0,72,1,19,1,2,2,0,1
5,8,15.0,72,1,6,1,5,64,0,1
5,8,14.0,296,0,2,1,11,94,0,5
5,8,9.0,124,2,18,0,2,3,4,12
5,3,15.0,35,2,3,3,13,38,0,1
4,9,15.0,226,0,10,0,3,44,2,1
4,11,16.0,225,6,13,1,11,8,1,2
4,11,25.0,88,0,14,1,10,22,1,13
5,3,23.0,57,4,9,0,1,11,0,17
5,5,6.0,277,2,9,0,9,54,1,23
5,5,31.0,196,3,14,0,1,105,1,20
5,11,14.0,147,2,9,2,9,93,1,5
5,11,14.0,147,2,1,1,3,44,1,5
5,11,22.0,250,4,4,1,13,21,0,26
2,6,1.0,352,6,17,0,1,35,4,7
5,7,15.0,205,3,16,0,2,13,1,1
5,9,23.0,167,0,23,3,2,92,1,17
5,3,5.0,324,3,19,1,9,54,4,24
5,3,5.0,324,3,8,2,16,130,3,24
5,11,6.0,252,1,3,0,4,45,3,23
5,10,22.0,314,2,9,1,10,47,0,26
5,1,7.0,32,5,14,1,5,12,1,11
5,1,26.0,248,2,15,0,2,40,1,3
5,8,16.0,73,2,16,0,13,69,0,2
5,9,23.0,167,0,12,1,12,56,4,17
5,8,24.0,85,4,18,1,0,64,0,14
5,7,29.0,268,3,11,0,10,22,2,16
4,7,23.0,202,1,18,1,15,31,4,17
4,3,2.0,120,5,5,0,13,48,4,22
5,2,17.0,6,1,2,0,14,24,1,6
4,3,8.0,148,4,21,1,9,101,0,8
4,3,8.0,148,4,6,1,10,47,0,8
4,3,8.0,148,4,2,0,15,85,4,8
4,3,8.0,148,4,1,0,10,47,1,8
4,3,8.0,148,4,14,0,5,6,1,8
4,3,18.0,165,3,5,0,16,42,3,0
4,3,18.0,165,3,19,0,14,24,2,0
4,7,18.0,154,4,23,0,16,130,1,0
4,7,18.0,154,4,1,0,2,2,3,0
4,7,18.0,154,4,22,0,8,27,1,0
4,7,23.0,202,1,19,0,4,138,4,17
4,3,2.0,120,5,15,0,13,99,1,22
4,3,8.0,148,4,5,0,8,9,0,8
4,3,8.0,148,4,13,1,13,21,4,8
4,3,8.0,148,4,4,2,12,100,3,8
4,5,7.0,349,5,15,0,13,21,1,11
4,5,7.0,349,5,22,0,3,30,0,11
5,7,30.0,42,0,19,1,12,83,0,19
5,3,14.0,33,1,13,1,3,79,2,5
5,5,30.0,294,6,14,1,1,81,4,19
5,4,18.0,26,3,6,0,2,2,1,0
5,0,1.0,8,1,9,0,14,25,1,7
5,9,4.0,295,2,3,3,14,25,0,30
5,8,26.0,278,6,18,0,1,35,2,3
5,5,16.0,239,6,5,3,16,39,2,2
5,5,31.0,196,3,14,0,12,61,1,20
5,5,31.0,196,3,14,0,16,50,3,20
4,9,23.0,167,1,4,2,12,17,2,17
4,9,23.0,167,1,12,0,5,12,3,17
4,9,1.0,126,0,17,0,6,73,1,7
4,7,8.0,94,0,22,0,10,22,2,8
4,3,1.0,180,4,4,1,12,84,0,7
4,3,7.0,289,2,17,0,14,110,1,11
4,7,27.0,53,6,19,0,5,12,2,15
4,3,7.0,289,2,7,1,10,43,1,11
5,10,9.0,150,4,12,1,9,95,1,12
5,10,16.0,201,4,18,0,12,104,1,2
5,5,15.0,200,5,16,0,0,26,4,1
4,3,17.0,54,6,9,0,0,31,3,6
4,3,17.0,54,6,5,1,1,105,4,6
4,5,9.0,206,3,4,0,4,82,1,12
4,9,1.0,126,0,13,3,10,47,0,7
4,5,7.0,349,5,5,0,10,43,2,11
4,5,7.0,349,5,13,0,0,15,2,11
5,6,30.0,145,1,12,1,2,2,0,19
5,6,25.0,39,4,20,0,8,33,1,13
4,5,7.0,349,5,20,1,12,56,1,11
4,5,8.0,199,6,17,0,6,91,4,8
4,5,8.0,199,6,0,0,5,6,0,8
5,10,29.0,318,2,15,1,11,15,1,16
5,5,21.0,351,4,12,2,11,15,2,21
3,0,19.0,13,5,5,1,9,109,4,10
4,5,10.0,155,0,18,0,8,9,0,4
4,6,1.0,158,1,12,0,4,75,1,7
4,5,16.0,239,3,3,3,0,15,0,2
5,11,8.0,283,4,16,1,6,7,0,8
5,0,6.0,260,3,15,0,10,52,1,23
5,0,7.0,15,0,19,0,15,108,4,11
4,9,24.0,272,2,2,0,2,92,0,14
5,9,20.0,119,5,22,1,3,30,0,29
5,9,1.0,126,3,19,3,16,72,0,7
5,2,14.0,231,6,12,3,2,69,0,5
4,9,16.0,107,1,17,0,12,61,1,2
5,0,7.0,15,0,4,0,5,6,3,11
4,7,7.0,293,3,2,2,2,86,0,11
5,9,17.0,255,1,8,1,13,69,0,6
5,1,18.0,82,1,17,1,0,53,0,0
5,0,11.0,10,5,19,1,1,16,4,9
4,9,16.0,107,1,17,0,0,77,4,2
5,0,8.0,9,1,0,0,0,64,0,8
4,7,7.0,293,3,18,0,1,67,4,11
5,5,4.0,114,0,12,3,8,9,3,30
5,9,26.0,267,4,4,1,1,35,0,3
5,5,21.0,351,4,22,2,14,110,3,21
5,5,18.0,195,0,13,1,9,49,1,0
5,5,26.0,37,1,13,0,14,24,2,3
5,6,1.0,158,0,0,0,0,26,3,7
5,6,1.0,158,0,7,1,5,64,0,7
5,6,1.0,158,0,20,0,14,25,1,7
5,6,2.0,352,1,16,0,8,27,3,22
5,6,2.0,352,1,6,1,0,96,2,22
5,6,3.0,99,2,0,0,13,29,4,27
5,6,3.0,99,2,8,0,1,1,0,27
5,6,3.0,99,2,6,1,5,64,0,27
5,6,4.0,159,4,20,0,16,50,3,30
5,6,1.0,158,0,17,1,5,64,0,7
5,6,9.0,236,1,21,2,14,24,1,12
5,6,9.0,236,1,21,1,14,25,0,12
5,6,9.0,236,1,4,0,1,11,3,12
5,6,9.0,236,1,8,0,8,41,2,12
5,5,21.0,351,4,3,0,0,64,3,21
5,5,21.0,351,4,3,1,11,129,4,21
5,5,21.0,351,4,1,0,14,110,4,21
5,5,21.0,351,4,14,1,12,100,1,21
5,5,21.0,351,4,15,1,0,64,1,21
5,5,26.0,37,1,21,2,9,83,3,3
5,5,26.0,37,1,21,1,15,96,0,3
5,5,26.0,37,1,18,0,6,132,1,3
5,5,17.0,212,3,18,1,11,124,1,6
5,6,1.0,158,0,17,0,10,47,2,7
5,6,2.0,352,1,6,0,4,82,1,22
5,6,2.0,352,1,20,0,3,30,3,22
5,6,1.0,158,0,18,0,3,30,1,7
5,6,2.0,352,1,3,0,5,12,3,22
5,6,2.0,352,1,2,0,10,47,0,22
5,0,6.0,260,3,11,1,5,12,1,23
5,4,2.0,141,5,16,0,8,9,1,22
5,6,2.0,352,1,8,1,1,59,4,22
5,6,2.0,352,1,2,2,12,135,0,22
5,6,2.0,352,1,9,2,0,77,3,22
5,6,3.0,99,2,16,0,5,64,3,27
5,7,1.0,98,3,17,0,2,2,3,7
5,6,3.0,99,2,15,0,3,30,3,27
5,6,3.0,99,2,8,0,9,95,1,27
5,5,26.0,37,1,20,0,10,47,3,3
5,5,26.0,37,1,23,1,11,133,0,3
5,6,1.0,158,0,10,0,16,72,1,7
5,6,1.0,158,0,2,0,1,16,4,7
5,0,11.0,10,5,8,1,0,0,1,9
4,11,12.0,118,1,6,1,5,6,0,28
4,11,12.0,118,1,4,0,14,24,4,28
5,0,6.0,260,3,4,1,16,130,0,23
5,6,1.0,158,0,8,0,16,113,1,7
5,6,1.0,158,0,19,0,8,41,4,7
5,6,1.0,158,0,11,0,5,12,3,7
5,6,2.0,352,1,13,0,16,37,3,22
5,6,2.0,352,1,2,0,12,17,0,22
5,6,2.0,352,1,4,0,6,14,1,22
5,6,2.0,352,1,12,0,5,6,0,22
5,6,2.0,352,1,18,0,0,77,1,22
5,6,3.0,99,2,6,0,3,30,2,27
5,6,3.0,99,2,0,1,13,99,1,27
5,3,18.0,165,6,23,1,8,41,1,0
5,3,19.0,138,3,22,2,8,33,3,10
5,3,19.0,138,3,12,0,11,94,3,10
5,3,19.0,138,3,9,0,9,93,3,10
5,3,20.0,105,0,17,2,12,80,0,29
5,3,20.0,105,0,12,0,7,111,0,29
5,3,20.0,105,0,19,2,0,53,0,29
5,3,20.0,105,0,9,0,3,4,3,29
5,3,20.0,105,0,18,0,12,84,0,29
5,3,25.0,347,6,0,1,11,117,0,13
5,3,25.0,347,6,11,1,6,7,4,13
5,3,25.0,347,6,9,0,8,9,3,13
5,3,26.0,343,3,7,1,4,66,2,3
4,7,9.0,273,1,5,2,7,120,1,12
5,3,26.0,343,3,11,1,1,105,1,3
3,3,1.0,180,1,17,0,0,12,1,7
4,9,16.0,107,1,21,0,13,29,4,2
5,0,8.0,9,1,0,1,4,75,0,8
5,8,27.0,78,3,15,1,8,41,1,15
5,8,25.0,86,5,11,1,0,77,1,13
4,9,9.0,320,1,3,0,5,6,3,12
5,2,13.0,276,5,8,1,10,47,1,25
5,5,11.0,326,0,8,3,16,130,0,9
5,2,13.0,276,5,0,3,0,77,0,25
5,2,22.0,209,3,8,0,15,114,2,26
4,11,5.0,240,1,3,1,6,116,4,24
4,11,3.0,288,3,8,0,8,118,2,27
4,9,13.0,91,6,5,0,13,29,0,25
5,3,3.0,182,5,18,2,1,67,1,27
5,3,12.0,104,3,6,1,1,67,0,28
5,3,12.0,104,3,20,0,10,6,3,28
5,3,12.0,104,3,15,1,12,61,4,28
5,3,12.0,104,3,0,1,11,15,0,28
5,3,12.0,104,3,15,0,10,47,3,28
5,3,12.0,104,3,1,2,0,64,0,28
5,3,18.0,165,6,3,0,6,7,2,0
5,3,18.0,165,6,4,2,0,96,0,0
5,3,18.0,165,6,9,0,6,89,1,0
5,0,6.0,260,3,2,1,9,57,0,23
4,9,16.0,107,1,22,2,5,64,3,2
5,6,8.0,59,0,9,0,14,24,2,8
5,3,26.0,343,3,4,0,0,26,0,3
5,0,6.0,260,3,2,0,13,28,0,23
5,4,10.0,79,6,17,1,6,128,1,4
4,11,12.0,118,1,17,0,15,31,1,28
5,5,21.0,351,4,3,0,6,73,2,21
5,5,17.0,212,3,13,1,3,79,4,6
5,5,21.0,351,4,1,2,9,49,3,21
5,5,26.0,37,1,17,0,13,38,3,3
5,5,26.0,37,1,13,0,7,62,4,3
5,5,18.0,195,0,19,3,11,90,1,0
5,5,26.0,37,1,1,0,6,7,0,3
5,6,1.0,158,0,4,0,0,85,3,7
5,6,3.0,99,2,10,0,7,111,3,27
5,6,3.0,99,2,22,0,4,4,1,27
5,6,3.0,99,2,12,0,1,59,3,27
5,6,4.0,159,4,15,0,3,44,0,30
5,6,4.0,159,4,8,0,10,22,3,30
5,6,4.0,159,4,12,0,9,54,3,30
5,6,4.0,159,4,9,0,0,53,4,30
5,6,9.0,236,1,6,0,8,9,0,12
5,6,9.0,236,1,16,1,9,49,4,12
5,6,9.0,236,1,15,0,1,11,1,12
5,5,26.0,37,1,11,1,1,105,0,3
5,5,26.0,37,1,1,0,2,92,3,3
5,5,26.0,37,1,18,0,4,75,4,3
5,6,1.0,158,0,0,1,1,105,0,7
5,6,1.0,158,0,8,0,9,10,3,7
5,6,1.0,158,0,14,0,13,13,0,7
5,6,1.0,158,0,9,0,3,79,3,7
5,5,22.0,163,5,10,0,2,69,4,26
3,0,31.0,290,2,18,0,5,64,1,20
5,10,24.0,261,5,5,1,2,86,1,14
3,0,29.0,191,0,3,1,13,99,4,16
5,9,6.0,51,5,17,1,0,12,1,23
5,10,30.0,157,4,20,0,0,26,2,19
5,8,14.0,296,0,19,0,14,24,2,5
5,8,14.0,296,0,2,1,13,36,0,5
5,9,22.0,92,3,8,2,10,22,1,26
5,7,7.0,293,6,9,1,14,24,1,11
5,8,1.0,66,1,13,0,7,129,2,7
4,11,7.0,253,4,22,0,4,121,1,11
4,11,15.0,331,5,16,0,9,93,4,1
4,11,15.0,331,5,8,0,4,82,3,1
4,11,16.0,225,6,15,0,14,25,2,2
4,11,16.0,225,6,23,1,1,105,4,2
5,4,21.0,339,2,17,0,2,2,4,21
4,11,12.0,118,1,17,0,11,55,1,28
5,6,1.0,158,0,20,1,8,9,4,7
5,6,2.0,352,1,5,0,7,137,4,22
5,6,2.0,352,1,8,0,14,25,3,22
5,6,1.0,158,0,18,0,12,61,1,7
5,6,2.0,352,1,18,0,3,115,1,22
5,6,2.0,352,1,9,0,11,18,4,22
5,6,2.0,352,1,1,0,6,91,1,22
5,6,3.0,99,2,20,0,0,26,3,27
5,6,3.0,99,2,3,0,2,40,4,27
5,6,3.0,99,2,2,0,2,40,2,27
5,6,3.0,99,2,19,0,12,121,4,27
5,6,3.0,99,2,22,2,10,47,0,27
5,6,4.0,159,4,3,1,6,7,1,30
5,0,8.0,9,1,4,0,10,22,1,8
4,9,9.0,320,1,8,0,16,72,0,12
4,7,9.0,273,1,3,2,6,91,0,12
4,9,15.0,226,0,22,0,5,6,0,1
5,0,8.0,9,1,11,1,6,91,4,8
5,3,26.0,343,3,9,0,10,47,3,3
4,9,15.0,226,0,3,0,8,33,0,1
4,9,15.0,226,0,2,0,0,12,4,1
5,0,8.0,9,1,9,0,4,82,4,8
5,3,26.0,343,3,9,0,5,12,3,3
5,0,8.0,9,1,6,0,11,15,0,8
4,9,16.0,107,1,4,0,15,39,2,2
4,7,10.0,329,2,0,0,3,103,4,4
4,9,15.0,226,0,19,0,6,89,1,1
4,9,15.0,226,0,19,0,9,101,0,1
5,0,1.0,8,1,8,0,0,12,1,7
4,9,15.0,226,0,18,2,14,24,3,1
5,5,5.0,96,1,13,0,7,120,1,24
4,9,24.0,272,2,16,0,13,99,1,14
4,11,11.0,175,0,2,1,2,2,1,9
4,7,12.0,181,5,1,0,8,9,1,28
5,11,8.0,283,4,14,1,11,18,0,8
5,11,8.0,283,4,19,0,14,24,2,8
5,11,17.0,110,6,9,0,12,84,1,6
5,6,11.0,355,4,4,0,7,120,3,9
5,1,18.0,82,1,14,1,10,12,0,0
5,1,18.0,82,1,8,0,13,29,3,0
5,11,17.0,110,6,6,0,13,48,3,6
5,11,16.0,225,5,14,0,1,35,4,2
5,4,4.0,178,3,9,2,1,105,3,30
5,9,26.0,267,4,8,1,14,25,1,3
5,9,26.0,267,4,12,2,8,118,3,3
3,1,25.0,65,0,3,0,14,110,4,13
5,3,4.0,285,6,8,0,10,47,0,30
5,8,19.0,280,6,3,0,15,108,3,10
5,2,13.0,276,5,8,0,14,34,2,25
5,5,9.0,206,6,17,2,10,47,0,12
4,9,24.0,272,2,16,0,0,68,3,14
5,2,22.0,209,3,18,1,15,51,4,26
3,4,9.0,18,4,13,0,8,41,4,12
3,8,27.0,78,6,8,0,13,21,1,15
4,7,9.0,273,1,23,0,2,2,1,12
4,7,9.0,273,1,20,0,1,16,4,12
4,7,9.0,273,1,4,1,6,91,4,12
4,7,9.0,273,1,1,0,5,0,2,12
4,7,9.0,273,1,19,0,6,14,4,12
4,7,10.0,329,2,0,0,5,12,0,4
4,7,10.0,329,2,21,1,2,92,0,4
4,7,10.0,329,2,10,1,10,47,0,4
4,7,15.0,205,0,10,0,8,9,3,1
4,7,15.0,205,0,12,0,6,128,1,1
4,7,18.0,154,4,6,0,16,130,3,0
4,7,18.0,154,4,17,1,6,7,0,0
4,7,18.0,154,4,0,0,4,75,1,0
4,7,18.0,154,4,12,0,16,50,3,0
4,7,18.0,154,4,1,0,1,11,1,0
4,7,18.0,154,4,13,0,14,24,2,0
4,7,23.0,202,1,10,1,5,64,0,17
4,7,23.0,202,1,5,1,8,41,1,17
4,11,8.0,283,5,9,0,16,42,4,8
4,11,8.0,283,5,2,1,11,10,4,8
4,11,14.0,147,4,7,1,2,69,0,5
4,11,14.0,147,4,19,0,12,80,3,5
4,11,14.0,147,4,22,1,6,116,1,5
4,11,14.0,147,4,4,1,4,121,1,5
4,11,17.0,110,3,15,0,0,77,2,6
4,11,17.0,110,3,9,2,11,94,3,6
4,11,18.0,332,0,6,1,14,97,0,0
4,11,18.0,332,0,3,0,13,48,3,0
4,11,18.0,332,0,22,0,9,27,3,0
4,11,23.0,232,6,6,1,1,67,0,17
4,11,23.0,232,6,20,1,4,66,4,17
4,11,26.0,364,1,7,1,11,133,2,3
4,11,26.0,364,1,0,1,8,9,0,3
4,9,9.0,320,1,17,0,0,12,0,12
4,9,16.0,107,1,17,0,11,18,1,2
4,9,16.0,107,1,4,0,8,27,0,2
4,9,16.0,107,1,9,0,15,31,0,2
5,7,6.0,93,5,5,0,10,47,3,23
0,2,1.0,16,2,17,0,2,86,1,7
5,5,23.0,168,6,13,1,6,7,4,17
4,9,16.0,107,1,19,1,11,55,4,2
4,9,16.0,107,1,18,1,9,10,4,2
4,9,24.0,272,2,6,0,6,7,3,14
4,9,24.0,272,2,16,1,13,38,2,14
4,9,24.0,272,2,12,0,15,96,3,14
4,9,24.0,272,2,1,0,2,123,2,14
4,9,24.0,272,2,1,2,12,121,3,14
4,7,7.0,293,3,6,1,11,15,0,11
4,7,7.0,293,3,5,0,13,38,2,11
4,7,7.0,293,3,6,1,7,111,0,11
4,7,7.0,293,3,3,0,9,93,4,11
4,7,7.0,293,3,22,0,8,41,2,11
4,7,7.0,293,3,18,0,0,12,1,11
4,7,9.0,273,1,16,0,16,37,1,12
4,7,9.0,273,1,18,1,2,13,0,12
4,7,10.0,329,2,12,1,10,22,2,4
4,7,10.0,329,2,12,0,0,77,1,4
4,7,10.0,329,2,13,3,16,50,4,4
5,0,1.0,8,1,4,0,4,79,4,7
4,9,16.0,107,1,0,1,6,7,0,2
5,0,8.0,9,1,1,0,5,12,2,8
5,5,9.0,206,6,7,0,0,85,1,12
4,6,27.0,116,3,17,1,9,83,4,15
4,9,16.0,107,1,12,0,4,75,2,2
4,9,24.0,272,2,15,0,2,2,0,14
5,0,15.0,190,1,21,1,9,10,0,1
4,9,24.0,272,2,17,1,12,84,0,14
4,9,16.0,107,1,14,2,8,9,3,2
5,0,15.0,190,1,14,1,4,66,1,1
4,7,7.0,293,3,15,0,13,21,2,11
4,9,16.0,107,1,18,0,10,47,3,2
5,0,16.0,11,2,6,2,2,86,3,2
5,5,9.0,206,6,7,0,12,61,4,12
4,7,7.0,293,3,13,0,8,118,2,11
5,0,16.0,11,2,21,0,6,7,3,2
5,5,9.0,206,6,13,0,14,24,3,12
5,5,9.0,206,6,4,0,2,92,1,12
5,5,9.0,206,6,4,0,5,12,2,12
5,5,17.0,212,3,7,0,0,77,1,6
5,5,17.0,212,3,14,0,15,31,1,6
5,5,17.0,212,3,9,2,10,47,3,6
5,5,18.0,195,0,21,2,9,102,3,0
5,5,18.0,195,0,20,0,5,12,2,0
5,5,18.0,195,0,23,1,11,124,4,0
5,5,21.0,351,4,0,1,13,99,1,21
5,5,21.0,351,4,8,0,15,46,1,21
5,5,9.0,206,6,17,0,5,6,3,12
5,5,9.0,206,6,13,2,11,15,0,12
5,5,9.0,206,6,14,0,10,47,0,12
5,5,9.0,206,6,22,0,0,77,2,12
5,5,9.0,206,6,1,0,1,11,0,12
5,5,9.0,206,6,1,3,6,7,0,12
5,3,19.0,138,3,2,0,6,132,2,10
5,5,17.0,212,3,0,1,5,12,1,6
5,5,17.0,212,3,8,0,5,64,3,6
5,5,18.0,195,0,17,2,0,53,3,0
5,5,17.0,212,3,9,0,9,95,0,6
5,5,17.0,212,3,9,2,16,72,3,6
5,5,17.0,212,3,12,0,11,117,3,6
5,5,18.0,195,0,14,0,0,26,3,0
5,5,18.0,195,0,4,2,6,7,3,0
5,5,21.0,351,4,16,0,0,12,0,21
5,5,18.0,195,0,12,0,1,35,4,0
5,5,21.0,351,4,6,0,3,30,4,21
5,5,21.0,351,4,12,1,10,22,0,21
5,5,21.0,351,4,18,1,0,12,0,21
5,5,26.0,37,1,6,0,0,31,1,3
5,5,26.0,37,1,6,2,7,120,3,3
5,9,18.0,359,2,0,1,9,134,0,0
5,9,25.0,344,2,21,0,13,69,4,13
5,9,25.0,344,2,13,0,1,11,3,13
5,9,25.0,344,2,4,2,10,47,3,13
5,9,25.0,344,2,18,0,14,24,3,13
5,9,27.0,179,5,13,1,4,79,4,15
5,9,27.0,179,5,4,0,10,47,3,15
5,9,27.0,179,5,18,2,3,30,0,15
5,9,27.0,179,5,9,0,13,75,2,15
5,9,9.0,320,0,1,1,3,30,4,12
5,9,28.0,315,6,14,0,13,28,3,18
5,7,1.0,98,3,17,0,14,25,2,7
5,7,1.0,98,3,17,2,9,134,3,7
5,8,18.0,75,5,14,3,7,137,3,0
5,8,28.0,224,0,12,1,6,7,0,18
5,4,5.0,235,0,15,1,9,83,4,24
5,4,5.0,235,0,18,0,14,25,3,24
5,7,28.0,34,6,12,0,4,66,2,18
5,3,2.0,120,4,8,1,11,15,1,22
5,3,2.0,120,4,4,0,13,28,1,22
5,7,2.0,160,0,8,2,2,3,2,22
5,3,11.0,337,6,15,0,1,105,4,9
5,9,20.0,119,5,19,1,0,64,0,29
5,7,20.0,266,5,13,1,15,114,1,29
5,7,17.0,95,1,8,0,16,139,1,6
3,3,1.0,180,1,17,0,4,121,1,7
5,5,12.0,327,1,1,0,14,32,1,28
5,5,12.0,327,1,14,1,14,106,4,28
5,5,20.0,214,2,12,0,1,35,3,29
5,3,4.0,285,6,18,0,8,9,2,30
5,3,28.0,187,1,17,0,10,12,1,18
5,1,13.0,207,4,18,1,15,114,4,25
5,10,26.0,61,3,15,1,2,92,4,3
3,1,25.0,65,0,13,3,9,87,0,13
5,1,18.0,82,1,13,0,14,106,3,0
5,8,22.0,354,1,13,1,15,114,4,26
5,1,10.0,17,0,5,1,16,50,1,4
5,11,27.0,322,1,13,1,8,9,1,15
5,1,29.0,112,6,2,0,10,47,2,16
5,8,4.0,299,5,13,0,3,30,0,30
5,11,10.0,360,6,16,3,1,11,1,4
5,7,17.0,95,1,18,0,10,43,1,6
5,7,17.0,95,1,17,1,10,47,1,6
5,7,28.0,34,6,18,1,12,17,1,18
5,7,12.0,181,4,20,0,9,109,2,28
5,4,30.0,139,5,18,1,4,4,0,19
5,0,15.0,190,1,2,1,11,58,4,1
5,11,6.0,252,1,12,3,1,67,0,23
5,1,9.0,50,3,11,0,4,66,1,12
5,0,24.0,55,4,15,0,3,30,0,14
5,1,7.0,32,5,0,1,3,44,0,11
5,0,24.0,55,4,11,0,0,64,1,14
5,11,22.0,250,4,13,0,14,88,2,26
5,0,24.0,55,4,9,0,13,21,1,14
5,9,5.0,89,4,13,0,16,42,1,24
4,9,16.0,107,1,14,2,10,47,0,2
5,0,15.0,190,1,15,0,8,27,0,1
5,8,16.0,73,2,16,0,0,12,0,2
5,8,25.0,86,5,22,0,5,6,3,13
4,7,7.0,293,3,20,0,2,123,2,11
4,11,8.0,283,5,3,0,14,24,2,8
4,7,7.0,293,3,19,0,14,110,1,11
5,8,16.0,73,2,19,1,5,6,0,2
4,7,7.0,293,3,3,0,1,11,3,11
5,8,25.0,86,5,12,3,5,0,0,13
4,11,14.0,147,4,20,1,11,133,1,5
5,11,29.0,270,4,19,1,15,31,0,16
4,7,9.0,273,1,21,1,5,6,0,12
5,4,1.0,144,4,21,1,3,79,0,7
5,11,21.0,192,2,8,0,16,42,3,21
5,4,1.0,144,4,13,0,0,53,4,7
4,7,9.0,273,1,0,1,10,22,0,12
4,11,14.0,147,4,18,0,10,47,0,5
5,7,4.0,186,2,2,1,10,52,1,30
5,4,1.0,144,4,22,0,3,44,3,7
4,7,9.0,273,1,8,0,16,50,3,12
5,9,2.0,323,0,1,0,2,92,4,22
5,9,2.0,323,0,1,0,11,58,4,22
5,9,3.0,217,1,0,1,15,46,4,27
5,9,3.0,217,1,22,0,16,50,0,27
5,9,3.0,217,1,15,0,10,47,4,27
5,9,3.0,217,1,18,0,2,86,4,27
5,9,2.0,323,0,19,1,9,93,4,22
5,9,3.0,217,1,5,1,15,114,1,27
5,9,8.0,90,3,21,0,9,101,1,8
5,9,8.0,90,3,13,0,13,38,2,8
5,1,21.0,45,5,4,3,12,100,4,21
5,9,9.0,320,0,6,0,14,34,0,12
5,9,9.0,320,0,6,0,3,4,0,12
5,9,8.0,90,3,18,0,1,59,4,8
5,11,18.0,332,3,17,0,6,128,1,0
5,9,9.0,320,0,8,0,10,22,3,12
5,9,9.0,320,0,1,0,7,20,4,12
5,9,18.0,359,2,14,1,11,122,4,0
5,5,9.0,206,6,6,1,14,25,0,12
5,11,1.0,222,4,13,0,6,89,2,7
5,5,9.0,206,6,12,0,10,47,2,12
5,5,9.0,206,6,22,0,15,51,2,12
5,5,9.0,206,6,14,0,11,133,4,12
5,5,9.0,206,6,14,0,10,22,0,12
5,5,17.0,212,3,13,0,8,41,2,6
5,5,17.0,212,3,15,2,2,2,3,6
5,5,17.0,212,3,11,1,12,56,1,6
5,5,17.0,212,3,21,1,0,85,0,6
5,5,18.0,195,0,16,0,0,31,1,0
5,5,17.0,212,3,13,1,12,80,4,6
5,5,21.0,351,4,17,2,0,31,3,21
5,5,21.0,351,4,21,1,3,44,0,21
5,5,21.0,351,4,23,0,11,117,3,21
5,5,21.0,351,4,6,1,9,27,0,21
5,5,21.0,351,4,2,1,6,7,0,21
5,5,21.0,351,4,14,0,7,137,1,21
5,5,21.0,351,4,1,0,3,30,3,21
5,5,26.0,37,1,21,1,3,79,1,3
5,5,26.0,37,1,15,0,16,37,4,3
5,5,26.0,37,1,0,1,10,52,1,3
5,5,26.0,37,1,8,2,3,79,0,3
4,7,9.0,273,1,14,0,14,34,0,12
4,7,9.0,273,1,9,0,7,120,1,12
4,7,10.0,329,2,6,0,11,15,0,4
4,7,10.0,329,2,21,0,8,118,4,4
4,7,10.0,329,2,13,0,2,69,0,4
4,7,10.0,329,2,14,0,2,69,0,4
5,0,16.0,11,2,17,3,14,24,1,2
4,11,23.0,232,6,12,2,11,117,3,17
4,11,26.0,364,1,21,0,2,13,0,3
4,11,26.0,364,1,4,1,1,105,4,3
4,11,26.0,364,1,9,0,2,69,2,3
4,11,26.0,364,1,9,0,9,134,4,3
4,11,26.0,364,1,1,1,2,2,0,3
4,11,6.0,252,2,21,0,14,24,2,23
4,9,9.0,320,1,16,0,5,12,0,12
4,9,9.0,320,1,22,0,11,117,3,12
4,9,9.0,320,1,18,0,8,19,4,12
4,9,15.0,226,0,17,0,2,2,2,1
4,9,15.0,226,0,0,1,3,115,2,1
4,9,15.0,226,0,3,0,8,65,4,1
5,3,25.0,347,6,4,0,0,26,2,13
5,3,19.0,138,3,3,0,8,118,2,10
5,3,26.0,343,3,6,0,5,12,0,3
5,3,26.0,343,3,0,1,7,111,0,3
5,3,26.0,343,3,11,0,3,30,3,3
5,3,26.0,343,3,0,0,13,38,4,3
5,3,26.0,343,3,19,0,13,29,2,3
4,11,14.0,147,4,18,1,5,6,0,5
5,8,26.0,278,6,17,1,14,24,1,3
4,11,17.0,110,3,16,1,2,86,0,6
4,11,17.0,110,3,9,1,13,38,1,6
5,5,8.0,199,5,4,1,10,23,1,8
4,11,17.0,110,3,9,1,13,99,1,6
5,0,1.0,8,1,17,0,2,92,4,7
4,11,17.0,110,3,1,2,12,61,3,6
5,4,1.0,144,4,22,0,4,45,1,7
5,0,23.0,237,2,2,0,6,73,1,17
4,7,10.0,329,2,8,0,6,89,1,4
4,7,10.0,329,2,9,0,2,2,1,4
4,7,10.0,329,2,9,1,15,51,0,4
4,7,15.0,205,0,16,0,4,66,1,1
4,7,15.0,205,0,7,0,2,123,1,1
4,7,15.0,205,0,18,0,13,36,1,1
4,7,18.0,154,4,16,0,4,82,1,0
4,7,18.0,154,4,0,0,1,11,1,0
4,7,23.0,202,1,4,0,0,12,0,17
4,7,23.0,202,1,1,0,1,59,3,17
4,3,2.0,120,5,12,0,6,73,0,22
4,3,8.0,148,4,0,0,0,64,1,8
4,3,8.0,148,4,0,1,0,0,2,8
5,10,31.0,135,5,9,0,3,115,3,20
5,6,23.0,84,1,21,0,0,68,4,17
4,3,8.0,148,4,8,1,10,47,1,8
4,3,8.0,148,4,18,0,4,121,3,8
4,5,7.0,349,5,0,1,11,94,2,11
4,5,7.0,349,5,0,1,11,18,0,11
4,5,7.0,349,5,18,0,7,122,4,11
4,5,8.0,199,6,6,2,15,112,3,8
5,6,11.0,355,4,9,1,11,55,4,9
5,6,26.0,348,5,10,1,0,77,1,3
5,6,29.0,335,0,4,2,3,70,3,16
5,10,10.0,245,5,5,1,12,17,4,4
5,10,10.0,245,5,12,1,11,15,4,4
5,6,19.0,291,5,17,1,10,12,1,10
5,6,29.0,335,0,9,1,11,98,4,16
5,10,29.0,318,2,9,1,10,52,2,16
5,1,13.0,207,4,14,0,4,82,1,25
5,11,8.0,283,4,14,1,15,51,2,8
3,6,26.0,348,4,17,3,13,29,2,3
5,1,4.0,286,1,20,1,5,12,1,30
5,8,22.0,354,1,12,1,1,105,0,26
5,4,4.0,178,3,15,1,12,61,1,30
5,2,22.0,209,3,2,1,13,13,0,26
5,5,11.0,326,0,13,1,11,117,0,9
4,11,13.0,312,2,0,1,2,35,2,25
4,11,21.0,192,4,1,2,6,132,3,21
4,5,8.0,199,6,0,1,16,72,0,8
4,5,8.0,199,6,16,2,14,25,3,8
4,5,8.0,199,6,5,0,13,38,2,8
4,5,8.0,199,6,5,0,15,31,4,8
4,5,8.0,199,6,22,0,10,47,2,8
4,5,8.0,199,6,4,2,1,16,3,8
4,5,10.0,155,0,7,0,0,0,3,4
4,5,10.0,155,0,18,0,7,78,4,4
4,5,10.0,155,0,19,0,9,109,3,4
4,5,10.0,155,0,15,3,5,64,3,4
4,5,16.0,239,3,22,0,5,6,3,2
4,5,16.0,239,3,2,0,5,64,3,2
4,5,18.0,195,1,17,0,13,99,1,0
4,5,18.0,195,1,22,0,4,127,4,0
4,5,18.0,195,1,4,2,2,123,3,0
4,5,19.0,146,2,0,1,15,51,0,10
4,5,19.0,146,2,19,2,6,73,2,10
4,11,18.0,332,0,7,0,13,29,1,0
4,11,18.0,332,0,22,0,15,114,1,0
4,11,18.0,332,0,18,0,9,9,4,0
4,11,18.0,332,0,18,2,11,18,3,0
4,11,23.0,232,6,22,2,14,97,0,17
4,11,23.0,232,6,8,0,8,9,0,17
4,11,23.0,232,6,4,2,7,20,3,17
4,11,23.0,232,6,9,0,8,27,1,17
4,11,23.0,232,6,14,0,6,7,3,17
5,11,23.0,232,5,3,0,14,25,2,17
4,11,26.0,364,1,17,0,5,12,2,3
4,11,26.0,364,1,14,0,10,47,0,3
4,11,26.0,364,1,14,1,9,134,4,3
4,9,9.0,320,1,16,0,10,22,1,12
4,9,9.0,320,1,17,1,12,17,1,12
4,9,9.0,320,1,9,0,6,7,1,12
4,9,15.0,226,0,2,0,13,29,2,1
4,9,15.0,226,0,10,1,10,22,0,1
4,9,15.0,226,0,15,0,14,24,2,1
4,9,16.0,107,1,2,2,6,7,0,2
5,10,6.0,242,0,8,0,13,99,3,23
5,5,24.0,58,3,17,3,5,6,0,14
5,10,31.0,135,5,1,3,6,7,3,20
4,5,10.0,155,0,17,2,16,50,3,4
4,5,10.0,155,0,3,2,1,16,2,4
4,5,10.0,155,0,13,0,9,93,3,4
4,5,10.0,155,0,8,2,6,89,3,4
4,5,8.0,199,6,14,0,5,64,1,8
4,5,10.0,155,0,14,0,13,48,3,4
4,5,10.0,155,0,9,2,6,7,3,4
4,5,16.0,239,3,13,0,6,89,1,2
4,5,18.0,195,1,12,0,8,9,3,0
4,5,16.0,239,3,23,0,10,22,2,2
4,5,19.0,146,2,6,0,13,29,1,10
4,5,19.0,146,2,17,0,8,118,1,10
4,5,19.0,146,2,21,0,0,12,0,10
4,5,19.0,146,2,15,0,8,27,4,10
4,5,19.0,146,2,9,0,10,22,2,10
4,6,1.0,158,1,16,0,16,50,1,7
4,6,1.0,158,1,7,1,13,13,0,7
5,4,1.0,144,4,18,0,10,47,3,7
4,6,1.0,158,1,9,0,1,81,2,7
4,6,1.0,158,1,1,0,8,33,1,7
4,6,24.0,31,4,15,0,10,47,0,14
4,5,7.0,349,5,12,0,2,2,0,11
4,5,18.0,195,1,17,2,0,31,3,0
4,5,18.0,195,1,20,0,13,21,1,0
4,5,18.0,195,1,13,1,13,21,1,0
4,5,19.0,146,2,17,0,10,12,3,10
4,5,19.0,146,2,7,1,1,1,0,10
4,5,18.0,195,1,11,1,11,90,1,0
4,5,18.0,195,1,9,1,2,71,4,0
4,5,19.0,146,2,9,1,10,47,2,10
4,6,1.0,158,1,3,0,13,28,2,7
5,4,6.0,176,1,0,1,5,6,0,23
5,4,6.0,176,1,0,2,6,7,3,23
5,1,22.0,164,6,9,0,9,95,1,26
5,7,5.0,204,4,17,1,1,16,4,24
5,11,2.0,265,5,13,1,0,12,1,22
5,9,1.0,126,3,13,0,9,83,4,7
5,1,13.0,207,4,9,0,6,89,4,25
5,9,26.0,267,4,15,0,13,21,2,3
5,8,21.0,46,0,1,1,10,47,0,21
3,6,1.0,158,3,15,0,8,65,4,7
5,7,19.0,330,4,13,0,2,86,1,10
5,2,13.0,276,5,9,2,12,134,3,25
5,2,5.0,127,4,19,0,11,15,2,24
5,2,22.0,209,3,12,1,1,1,0,26
5,0,13.0,198,3,14,1,10,12,1,25
5,7,6.0,93,5,8,0,4,75,3,23
5,7,6.0,93,5,17,1,11,18,1,23
5,4,6.0,176,1,18,0,0,68,0,23
5,4,7.0,133,2,3,0,2,2,1,11
5,4,8.0,292,4,6,0,0,12,0,8
5,4,8.0,292,4,21,1,1,67,0,8
5,4,8.0,292,4,8,0,1,11,4,8
5,4,8.0,292,4,11,1,16,65,0,8
5,4,8.0,292,4,22,1,2,2,1,8
5,4,8.0,292,4,4,1,11,129,4,8
5,4,9.0,18,5,17,2,9,102,3,12
5,4,9.0,18,5,0,0,4,45,0,12
5,4,7.0,133,2,18,1,0,12,0,11
5,4,9.0,18,5,8,0,0,68,4,12
5,4,9.0,18,5,8,0,13,48,0,12
5,4,8.0,292,4,17,2,10,47,2,8
5,4,7.0,133,2,12,3,12,80,0,11
5,8,23.0,102,2,15,1,0,12,1,17
5,4,31.0,67,6,15,0,11,124,3,20
5,4,31.0,67,6,3,0,14,110,2,20
5,4,31.0,67,6,9,2,4,5,3,20
5,11,8.0,283,4,2,2,10,12,3,8
5,3,4.0,285,6,9,1,4,66,0,30
5,11,8.0,283,4,19,1,13,99,1,8
5,6,29.0,335,0,14,3,14,125,0,16
5,10,4.0,356,6,1,1,0,68,1,30
5,10,4.0,356,6,4,3,1,105,0,30
3,9,1.0,126,6,2,0,1,11,4,7
5,1,11.0,111,1,22,0,5,6,2,9
5,1,11.0,111,1,14,0,15,114,1,9
5,10,29.0,318,2,4,0,0,26,3,16
5,11,2.0,265,5,5,3,8,41,4,22
5,11,8.0,283,4,13,1,8,9,0,8
5,9,26.0,267,4,0,1,3,76,4,3
5,8,22.0,354,1,18,2,0,15,3,26
5,4,4.0,178,3,5,0,0,53,3,30
5,2,22.0,209,3,20,1,0,0,1,26
5,3,10.0,4,5,14,2,8,41,2,4
5,4,31.0,67,6,16,2,10,22,3,20
5,2,15.0,130,3,20,0,14,24,1,1
5,2,15.0,130,3,22,3,12,80,0,1
5,2,15.0,130,3,19,0,8,9,0,1
5,2,15.0,130,3,19,2,2,2,0,1
5,2,17.0,6,1,16,0,6,7,0,6
5,2,17.0,6,1,10,0,10,22,1,6
5,2,17.0,6,1,3,1,5,64,4,6
5,2,17.0,6,1,1,2,7,111,4,6
5,2,17.0,6,1,19,1,12,83,4,6
5,2,23.0,230,0,18,0,12,56,1,17
5,0,7.0,15,0,16,1,2,69,0,11
5,2,23.0,230,0,20,0,12,80,3,17
5,0,13.0,198,3,20,0,1,16,2,25
5,2,27.0,136,5,7,1,9,57,0,15
5,2,27.0,136,5,3,0,2,86,4,15
5,2,27.0,136,5,14,0,4,79,3,15
5,2,27.0,136,5,21,1,5,64,0,15
5,5,27.0,328,2,22,0,10,47,0,15
4,9,5.0,89,5,5,0,2,92,1,24
5,0,13.0,198,3,14,2,11,117,3,25
4,9,5.0,89,5,8,0,3,30,3,24
5,0,30.0,228,2,20,0,6,7,4,19
4,9,5.0,89,5,4,2,16,113,3,24
5,0,30.0,228,2,23,0,14,24,1,19
4,9,13.0,91,6,6,1,2,2,0,25
5,0,30.0,228,2,13,0,13,13,1,19
4,9,13.0,91,6,14,0,12,80,1,25
5,0,30.0,228,2,6,1,0,64,0,19
5,8,27.0,78,3,14,0,2,123,0,15
5,5,20.0,214,2,13,0,10,52,3,29
4,11,3.0,288,3,21,0,9,10,3,27
4,11,3.0,288,3,0,1,1,16,0,27
4,11,4.0,275,0,21,0,12,84,3,30
4,11,4.0,275,0,22,1,9,134,4,30
4,11,4.0,275,0,8,0,11,94,0,30
4,11,4.0,275,0,14,0,10,12,0,30
4,11,4.0,275,0,18,1,5,12,1,30
4,11,4.0,275,0,14,0,0,26,1,30
4,11,4.0,275,0,13,1,11,55,4,30
4,11,10.0,360,3,21,1,4,45,0,4
4,11,10.0,360,3,0,1,0,31,0,4
4,11,10.0,360,3,19,0,6,7,1,4
5,5,2.0,307,6,21,1,14,107,0,22
5,5,1.0,109,5,12,1,8,27,0,7
5,5,2.0,307,6,20,1,12,61,4,22
5,5,3.0,161,3,5,0,13,38,4,27
5,5,2.0,307,6,4,3,4,45,2,22
5,5,3.0,161,3,1,1,11,15,4,27
5,5,3.0,161,3,20,0,13,123,4,27
5,5,2.0,307,6,13,1,5,6,1,22
5,5,4.0,114,0,23,1,11,15,2,30
5,5,3.0,161,3,5,0,2,86,3,27
5,5,10.0,155,3,17,0,16,130,2,4
5,5,10.0,155,3,7,1,6,7,0,4
5,5,10.0,155,3,13,1,11,18,1,4
5,5,10.0,155,3,8,1,3,44,4,4
5,5,4.0,114,0,19,0,15,114,2,30
5,3,2.0,120,4,11,0,14,24,2,22
5,3,9.0,44,4,20,1,10,47,0,12
5,3,9.0,44,4,12,2,2,35,0,12
5,3,9.0,44,4,8,0,12,135,1,12
5,3,11.0,337,6,6,2,8,9,3,9
5,3,11.0,337,6,6,1,2,40,0,9
5,3,11.0,337,6,12,0,10,12,3,9
5,3,11.0,337,6,3,1,1,1,4,9
5,3,11.0,337,6,18,0,8,9,2,9
4,11,11.0,175,0,17,0,14,34,1,9
4,11,11.0,175,0,15,0,8,9,4,9
5,4,19.0,142,0,0,0,13,69,0,10
5,4,19.0,142,0,13,0,15,51,3,10
5,4,19.0,142,0,4,2,8,9,3,10
5,4,27.0,274,1,17,0,9,93,1,15
5,4,27.0,274,1,15,0,14,24,2,15
5,2,5.0,127,4,9,0,5,12,0,24
5,2,5.0,127,4,18,2,8,9,3,24
5,2,13.0,276,5,6,1,7,78,0,25
5,2,19.0,137,4,16,2,10,47,3,10
5,2,19.0,137,4,0,0,4,66,0,10
5,2,19.0,137,4,17,1,7,54,2,10
5,2,19.0,137,4,1,1,2,86,2,10
5,2,22.0,209,3,17,1,11,15,0,26
5,2,22.0,209,3,22,0,5,12,2,26
5,2,22.0,209,3,15,0,14,24,2,26
5,2,22.0,209,3,19,0,12,84,3,26
5,0,13.0,198,3,7,1,5,64,0,25
5,0,13.0,198,3,6,1,16,130,0,25
5,0,13.0,198,3,8,0,0,64,3,25
5,0,13.0,198,3,9,0,10,52,1,25
5,3,17.0,54,5,15,1,1,35,4,6
5,3,17.0,54,5,18,0,11,133,4,6
5,3,17.0,54,5,3,0,2,92,3,6
5,5,1.0,109,5,1,0,4,103,3,7
5,5,2.0,307,6,20,0,0,26,2,22
5,5,2.0,307,6,13,2,10,23,1,22
5,5,2.0,307,6,8,0,16,130,3,22
5,5,2.0,307,6,20,0,6,89,0,22
5,5,2.0,307,6,20,1,14,131,4,22
5,5,2.0,307,6,1,0,3,115,1,22
5,5,2.0,307,6,9,0,11,18,1,22
5,5,2.0,307,6,20,1,2,13,1,22
3,8,1.0,66,0,5,0,13,69,2,7
5,6,28.0,309,3,15,3,8,27,0,18
5,8,3.0,363,4,17,1,0,96,1,27
1,1,1.0,203,0,8,0,13,38,4,7
5,2,21.0,108,6,18,0,6,91,1,21
5,5,1.0,109,5,2,1,6,89,4,7
5,5,3.0,161,3,0,1,8,19,0,27
5,5,3.0,161,3,15,1,1,35,4,27
5,5,1.0,109,5,4,0,15,114,2,7
5,5,3.0,161,3,4,0,4,138,0,27
5,5,3.0,161,3,4,0,1,105,2,27
5,5,3.0,161,3,13,0,6,89,2,27
5,1,4.0,286,1,5,0,14,25,1,30
5,6,28.0,309,3,17,0,15,31,1,18
5,9,21.0,362,6,15,0,13,13,2,21
5,6,29.0,335,0,7,1,5,6,0,16
5,5,4.0,114,0,12,0,1,59,1,30
5,3,15.0,35,2,13,1,0,31,0,1
4,9,19.0,234,5,11,0,5,6,2,10
5,8,27.0,78,3,3,1,1,81,4,15
5,6,28.0,309,3,21,0,3,76,1,18
5,5,1.0,109,5,17,0,5,64,3,7
5,6,29.0,335,0,13,1,14,126,4,16
5,5,19.0,146,1,6,0,0,15,2,10
5,6,28.0,309,3,4,1,1,105,0,18
5,4,26.0,80,0,9,0,16,72,1,3
5,10,10.0,245,5,3,3,2,69,0,4
5,7,31.0,43,1,0,2,8,41,3,20
5,3,27.0,361,0,8,1,8,118,4,15
5,5,4.0,114,0,22,1,16,50,1,30
5,4,3.0,279,6,16,0,2,2,0,27
5,10,19.0,117,3,7,1,2,2,2,10
5,1,11.0,111,1,0,0,11,15,2,9
4,11,11.0,175,0,8,2,13,48,0,9
5,5,28.0,259,4,20,0,10,22,1,18
5,7,16.0,40,0,3,1,9,101,4,2
5,4,26.0,80,0,13,0,1,35,0,3
5,6,28.0,309,3,8,0,8,27,1,18
5,4,3.0,279,6,14,0,8,9,4,27
5,1,12.0,353,2,19,0,16,50,3,28
5,0,30.0,228,2,22,0,4,45,0,19
5,1,11.0,111,1,5,0,14,25,1,9
4,11,11.0,175,0,19,0,11,18,1,9
4,11,13.0,312,2,6,0,9,93,0,25
4,11,13.0,312,2,16,0,0,26,3,25
4,11,13.0,312,2,19,3,16,108,3,25
5,0,30.0,228,2,9,1,9,57,0,19
4,11,4.0,275,0,16,0,5,6,0,30
4,11,4.0,275,0,13,0,8,27,3,30
4,11,4.0,275,0,2,0,9,49,1,30
4,11,4.0,275,0,1,1,15,39,0,30
4,11,5.0,240,1,2,0,9,57,3,24
4,11,5.0,240,1,17,1,5,64,1,24
4,11,5.0,240,1,3,1,6,89,1,24
4,11,11.0,175,0,16,0,1,59,1,9
4,11,10.0,360,3,18,1,1,67,0,4
4,11,13.0,312,2,6,0,6,89,1,25
4,11,13.0,312,2,12,0,5,6,0,25
4,11,13.0,312,2,12,2,3,79,3,25
4,11,19.0,321,1,17,2,1,105,0,10
4,11,19.0,321,1,16,1,4,138,1,10
4,11,19.0,321,1,8,0,14,25,1,10
4,11,19.0,321,1,17,0,9,57,1,10
4,11,27.0,322,2,13,2,1,105,3,15
4,11,27.0,322,2,12,0,4,127,1,15
4,11,27.0,322,2,8,0,1,16,0,15
4,11,27.0,322,2,14,2,11,117,0,15
4,11,27.0,322,2,8,0,13,21,3,15
4,11,28.0,123,4,15,0,2,2,1,18
4,11,28.0,123,4,19,0,0,15,0,18
4,11,28.0,123,4,18,0,6,89,1,18
4,11,27.0,322,2,0,0,12,56,1,15
4,11,27.0,322,2,6,1,13,38,4,15
4,11,27.0,322,2,6,0,8,19,2,15
4,11,27.0,322,2,18,2,16,50,3,15
4,11,28.0,123,4,0,0,7,78,0,18
4,11,28.0,123,4,19,0,13,29,2,18
4,9,5.0,89,5,19,2,12,100,0,24
5,5,2.0,307,6,19,3,5,6,0,22
5,5,10.0,155,3,17,0,4,5,1,4
5,5,10.0,155,3,16,0,5,12,2,4
5,8,29.0,301,1,11,0,0,12,3,16
5,2,4.0,254,2,6,1,15,119,2,30
5,0,14.0,5,0,11,3,3,30,0,5
5,5,10.0,155,3,15,0,10,22,3,4
3,4,1.0,144,2,8,0,2,86,4,7
5,5,10.0,155,3,5,1,8,118,1,4
5,5,12.0,327,1,3,0,12,135,1,28
5,5,12.0,327,1,12,0,1,59,2,28
5,5,19.0,146,1,23,0,13,21,3,10
5,5,20.0,214,2,6,0,3,44,3,29
5,5,19.0,146,1,6,0,0,53,0,10
5,5,20.0,214,2,13,1,10,43,1,29
5,5,20.0,214,2,14,0,12,80,3,29
4,9,13.0,91,6,7,1,14,106,0,25
4,9,13.0,91,6,4,0,2,2,0,25
4,9,19.0,234,5,4,1,12,17,4,10
4,9,20.0,119,6,0,0,16,42,1,29
4,9,20.0,119,6,0,0,5,6,2,29
4,9,20.0,119,6,12,0,9,27,0,29
4,9,20.0,119,6,12,1,4,127,4,29
4,9,22.0,92,0,22,2,4,5,0,26
4,9,28.0,315,3,17,2,16,130,0,18
4,9,28.0,315,3,3,0,4,4,1,18
4,9,28.0,315,3,14,0,10,22,2,18
4,9,28.0,315,3,12,2,11,133,2,18
5,1,11.0,111,1,1,0,14,24,2,9
5,1,13.0,207,4,5,1,2,40,4,25
5,8,27.0,78,3,20,1,3,30,4,15
4,9,28.0,315,3,9,0,4,45,0,18
4,7,5.0,204,5,15,0,1,11,4,24
4,7,12.0,181,5,15,0,11,133,2,28
4,7,12.0,181,5,8,0,7,78,0,28
4,9,19.0,234,5,10,0,16,37,1,10
4,9,19.0,234,5,18,0,13,38,1,10
4,9,19.0,234,5,18,2,6,7,3,10
5,5,28.0,259,4,16,1,6,89,0,18
5,5,28.0,259,4,5,0,10,47,0,18
5,2,12.0,128,4,4,1,8,33,0,28
5,5,2.0,307,6,0,0,14,25,1,22
4,11,2.0,265,6,9,1,16,108,0,22
5,5,10.0,155,3,1,0,3,79,3,4
5,5,12.0,327,1,17,0,0,0,0,28
5,5,12.0,327,1,0,1,1,105,0,28
5,5,19.0,146,1,19,0,5,64,0,10
5,5,28.0,259,4,2,0,1,105,4,18
5,6,28.0,309,3,14,0,3,70,1,18
5,7,16.0,40,0,13,0,13,21,2,2
5,0,18.0,0,5,17,1,11,15,1,0
5,0,30.0,228,2,19,1,14,126,4,19
5,4,3.0,279,6,1,2,6,14,3,27
5,1,11.0,111,1,8,1,6,116,4,9
5,7,17.0,95,1,3,0,1,16,3,6
5,6,8.0,59,0,3,2,11,18,0,8
5,4,3.0,279,6,15,1,0,64,1,27
5,1,10.0,17,0,4,1,9,95,0,4
5,1,11.0,111,1,19,0,6,89,3,9
5,5,14.0,36,4,16,0,15,112,1,5
5,0,30.0,228,2,14,0,13,48,0,19
5,10,13.0,346,0,13,1,14,107,1,25
5,6,25.0,39,4,14,0,9,87,4,13
5,4,3.0,279,6,1,0,11,90,1,27
5,1,28.0,300,5,19,3,7,57,0,18
5,7,17.0,95,1,3,0,10,22,2,6
5,1,11.0,111,1,18,0,16,113,3,9
5,0,30.0,228,2,0,2,1,59,1,19
4,11,4.0,275,0,17,0,0,64,0,30
4,11,4.0,275,0,5,1,15,51,1,30
4,11,5.0,240,1,17,1,12,56,0,24
4,11,5.0,240,1,0,0,10,47,2,24
4,11,5.0,240,1,11,1,10,22,2,24
4,11,5.0,240,1,8,2,7,120,0,24
4,11,5.0,240,1,18,0,13,48,1,24
4,11,10.0,360,3,20,0,11,15,2,4
4,11,10.0,360,3,16,1,13,48,0,4
4,11,11.0,175,0,19,0,8,118,1,9
4,11,11.0,175,0,12,0,16,108,1,9
4,11,11.0,175,0,8,0,6,89,0,9
5,6,18.0,308,4,11,2,8,118,3,0
3,10,1.0,208,1,10,0,4,82,1,7
4,11,19.0,321,1,4,0,1,67,2,10
4,11,11.0,175,0,8,0,9,95,1,9
4,11,19.0,321,1,0,1,7,111,0,10
4,11,21.0,192,4,12,0,4,5,1,21
4,11,27.0,322,2,11,0,0,68,4,15
5,0,13.0,198,3,5,0,9,54,1,25
5,0,13.0,198,3,8,2,2,2,0,25
5,0,13.0,198,3,9,0,6,7,2,25
5,0,13.0,198,3,18,2,4,136,3,25
5,0,19.0,13,6,8,0,5,64,1,10
5,0,30.0,228,2,6,1,13,69,4,19
5,0,30.0,228,2,16,1,0,64,0,19
4,11,3.0,288,3,22,2,1,105,0,27
4,11,3.0,288,3,13,0,8,9,2,27
4,11,3.0,288,3,18,0,3,30,0,27
4,11,4.0,275,0,17,1,3,44,0,30
4,11,4.0,275,0,22,3,7,137,2,30
4,11,5.0,240,1,19,1,11,133,4,24
4,11,10.0,360,3,15,0,8,9,0,4
5,3,11.0,337,6,5,0,4,45,2,9
5,3,11.0,337,6,12,0,10,6,0,9
5,3,11.0,337,6,1,0,14,25,1,9
5,1,12.0,353,2,8,1,2,92,1,28
5,8,3.0,363,4,14,0,13,21,3,27
5,3,17.0,54,5,11,0,9,87,3,6
5,5,1.0,109,5,5,0,7,78,1,7
5,5,1.0,109,5,13,0,7,120,3,7
5,5,1.0,109,5,16,1,1,105,0,7
5,5,1.0,109,5,22,2,9,93,2,7
5,5,1.0,109,5,8,0,8,33,3,7
5,5,1.0,109,5,18,0,2,92,4,7
5,5,1.0,109,5,18,0,12,84,1,7
5,5,2.0,307,6,16,0,9,57,1,22
5,5,2.0,307,6,8,0,5,6,3,22
5,5,2.0,307,6,19,0,3,70,2,22
5,5,2.0,307,6,7,0,5,64,1,22
5,5,1.0,109,5,15,2,12,61,2,7
5,5,3.0,161,3,13,0,3,44,3,27
5,5,3.0,161,3,12,0,12,61,1,27
5,3,11.0,337,6,4,0,14,24,2,9
5,5,4.0,114,0,13,0,13,28,0,30
5,5,4.0,114,0,2,0,9,95,4,30
5,5,4.0,114,0,9,0,6,73,1,30
5,10,2.0,358,4,16,0,16,50,3,22
5,10,1.0,208,2,12,1,1,105,4,7
5,10,2.0,358,4,8,0,7,120,0,22
5,10,27.0,302,0,18,0,0,53,2,15
5,1,1.0,203,6,17,0,8,19,0,7
5,7,1.0,98,3,13,0,14,32,1,7
5,9,25.0,344,2,11,1,9,95,2,13
5,9,9.0,320,0,13,3,8,41,3,12
5,3,26.0,343,3,17,0,13,38,1,3
5,9,25.0,344,2,17,3,16,72,0,13
5,7,11.0,197,2,1,0,16,37,3,9
5,7,11.0,197,2,3,0,8,9,1,9
5,7,11.0,197,2,9,2,2,69,0,9
5,7,8.0,94,3,8,2,13,21,2,8
5,6,9.0,236,1,6,0,7,120,0,12
5,10,12.0,333,3,4,0,13,48,1,28
5,4,22.0,152,4,1,0,1,105,1,26
5,2,14.0,231,6,14,3,10,22,3,5
5,0,29.0,191,1,12,3,11,15,0,16
4,11,10.0,360,3,7,1,13,69,0,4
4,11,10.0,360,3,22,0,1,16,2,4
4,11,10.0,360,3,8,0,7,78,4,4
4,11,10.0,360,3,19,0,15,112,4,4
5,6,19.0,291,5,18,1,4,45,1,10
5,10,13.0,346,0,9,0,2,86,1,25
5,7,17.0,95,1,2,0,2,60,2,6
5,10,6.0,242,0,2,2,2,86,1,23
3,8,1.0,66,0,12,0,1,11,4,7
5,3,27.0,361,0,9,0,2,2,3,15
5,5,2.0,307,6,0,0,12,121,1,22
5,6,15.0,49,0,13,0,6,89,4,1
5,7,17.0,95,1,3,1,9,102,4,6
5,7,20.0,266,5,20,0,4,66,2,29
5,7,20.0,266,5,5,0,3,76,3,29
3,10,9.0,150,2,9,0,6,7,4,12
5,7,20.0,266,5,14,0,5,64,0,29
5,7,25.0,41,2,21,0,5,12,1,13
5,7,25.0,41,2,3,0,11,117,1,13
5,7,26.0,316,4,2,2,8,65,3,3
5,7,26.0,316,4,1,0,6,91,1,3
5,7,27.0,53,5,23,0,14,24,2,15
5,7,26.0,316,4,8,0,10,22,2,3
5,7,27.0,53,5,15,1,1,59,4,15
5,7,28.0,34,6,20,0,3,30,1,18
5,7,28.0,34,6,15,0,5,6,3,18
5,7,26.0,316,4,19,3,11,15,1,3
5,7,28.0,34,6,9,1,13,38,4,18
5,3,1.0,180,2,0,2,5,12,0,7
5,3,1.0,180,2,14,1,10,22,1,7
5,3,2.0,120,4,17,1,3,30,1,22
5,3,2.0,120,4,15,1,3,30,4,22
5,3,2.0,120,4,22,0,9,87,3,22
5,7,27.0,53,5,14,2,13,21,0,15
5,7,27.0,53,5,14,1,6,7,1,15
5,3,1.0,180,2,9,1,0,26,0,7
5,3,2.0,120,4,7,0,6,7,2,22
5,3,2.0,120,4,20,0,11,117,0,22
5,3,9.0,44,4,21,0,10,47,0,12
5,3,9.0,44,4,15,2,1,16,0,12
5,6,28.0,309,3,2,0,9,95,1,18
3,4,16.0,25,4,17,0,16,108,2,2
5,1,10.0,17,0,5,0,3,79,1,4
5,4,29.0,313,4,20,1,10,52,0,16
5,2,12.0,128,4,13,0,13,99,2,28
5,3,9.0,44,4,8,0,2,2,3,12
5,3,11.0,337,6,16,0,10,47,2,9
5,3,11.0,337,6,3,2,1,16,0,9
5,3,1.0,180,2,6,0,10,30,0,7
5,3,17.0,54,5,4,1,10,23,1,6
5,3,17.0,54,5,9,2,9,93,3,6
5,3,17.0,54,5,14,0,12,104,4,6
5,3,17.0,54,5,9,0,1,35,4,6
5,5,1.0,109,5,22,0,4,82,1,7
5,5,1.0,109,5,19,0,2,2,3,7
5,5,1.0,109,5,8,0,11,18,1,7
5,5,19.0,146,1,6,0,10,6,3,10
5,5,19.0,146,1,9,0,0,64,3,10
5,5,20.0,214,2,7,0,7,120,1,29
5,5,20.0,214,2,16,0,8,33,1,29
5,5,20.0,214,2,10,1,14,25,0,29
5,5,20.0,214,2,3,0,1,81,3,29
5,5,20.0,214,2,19,0,15,96,2,29
5,5,19.0,146,1,6,1,12,80,1,10
5,5,28.0,259,4,22,0,3,79,0,18
5,5,28.0,259,4,14,0,4,5,4,18
5,6,10.0,149,2,16,0,5,12,1,4
5,0,5.0,122,6,17,3,6,7,3,24
5,6,10.0,149,2,16,0,0,26,3,4
5,6,10.0,149,2,15,0,13,28,1,4
5,6,10.0,149,2,12,0,10,6,3,4
5,6,10.0,149,2,19,0,2,69,3,4
5,2,22.0,209,3,17,0,8,41,4,26
5,2,27.0,136,5,17,0,12,84,1,15
5,0,13.0,198,3,12,2,8,41,2,25
5,0,19.0,13,6,17,0,0,12,3,10
5,0,13.0,198,3,12,0,10,47,2,25
5,0,19.0,13,6,3,0,10,43,3,10
5,0,30.0,228,2,5,0,9,93,1,19
4,11,3.0,288,3,21,1,7,111,0,27
5,6,29.0,335,0,16,2,4,127,3,16
5,6,29.0,335,0,16,1,6,7,0,16
5,6,29.0,335,0,2,0,16,72,3,16
5,6,29.0,335,0,19,0,0,77,3,16
5,6,29.0,335,0,9,0,13,28,3,16
5,10,4.0,356,6,23,0,3,79,1,30
5,10,10.0,245,5,20,1,2,86,1,4
5,10,10.0,245,5,9,0,2,2,1,4
5,10,26.0,61,3,5,1,1,59,4,3
5,10,26.0,61,3,2,0,1,1,3,3
5,10,29.0,318,2,17,0,0,26,2,16
5,1,3.0,188,0,19,0,13,61,3,27
5,1,11.0,111,1,18,0,8,118,1,9
5,2,21.0,108,6,5,0,11,117,2,21
5,3,28.0,187,1,9,2,6,132,3,18
5,6,13.0,317,6,22,0,14,97,1,25
5,7,22.0,211,3,13,1,9,93,4,26
5,5,3.0,161,3,6,0,11,15,0,27
4,11,7.0,253,4,23,3,0,77,0,11
5,1,13.0,207,4,2,0,13,36,1,25
3,0,29.0,191,0,13,1,8,9,0,16
5,3,28.0,187,1,1,0,0,12,1,18
5,7,31.0,43,1,8,1,14,32,0,20
5,5,3.0,161,3,11,1,5,6,0,27
5,1,13.0,207,4,11,1,12,104,1,25
5,3,29.0,325,2,7,1,10,47,0,16
3,0,1.0,8,0,4,0,1,105,1,7
5,1,17.0,63,0,22,1,0,85,1,6
5,5,3.0,161,3,23,0,13,28,3,27
5,11,24.0,194,6,18,2,5,12,0,14
5,1,18.0,82,1,13,2,2,2,3,0
5,3,28.0,187,1,14,0,8,9,3,18
5,5,10.0,155,3,20,0,8,41,1,4
5,8,17.0,74,4,15,1,13,36,1,6
5,5,2.0,307,6,1,0,7,20,3,22
3,0,15.0,190,0,1,3,3,79,2,1
5,1,18.0,82,1,9,1,10,12,0,0
5,3,29.0,325,2,14,0,10,12,1,16
5,5,2.0,307,6,22,0,11,94,2,22
5,5,28.0,259,4,18,1,7,54,4,18
4,11,2.0,265,6,22,2,6,89,0,22
5,5,29.0,24,5,13,1,1,105,4,16
5,5,29.0,24,5,20,1,16,50,4,16
5,6,10.0,149,2,16,0,10,30,0,4
5,6,10.0,149,2,17,2,10,47,2,4
5,6,10.0,149,2,2,0,0,68,3,4
5,6,28.0,309,3,0,0,10,47,3,18
5,6,28.0,309,3,8,0,13,21,3,18
5,10,3.0,310,5,11,0,14,32,3,27
5,10,3.0,310,5,5,0,7,62,0,27
5,10,3.0,310,5,22,0,10,22,1,27
5,7,20.0,266,5,17,0,10,12,1,29
5,10,13.0,346,0,15,2,13,28,1,25
5,10,13.0,346,0,22,1,11,133,4,25
5,10,13.0,346,0,19,0,2,86,3,25
5,10,13.0,346,0,9,0,5,12,3,25
5,10,18.0,246,6,16,0,2,86,0,0
5,10,18.0,246,6,16,1,5,12,1,0
5,10,18.0,246,6,6,2,6,7,3,0
5,10,18.0,246,6,10,0,13,21,1,0
5,10,18.0,246,6,21,1,7,57,4,0
5,10,19.0,117,3,17,2,0,26,3,10
3,0,30.0,228,1,0,0,9,95,1,19
5,9,12.0,177,4,3,1,5,12,1,28
2,1,12.0,207,0,17,0,15,96,0,28
5,7,24.0,68,1,6,3,0,0,0,14
5,8,7.0,70,0,20,1,11,18,1,11
5,8,1.0,66,1,11,1,1,1,4,7
5,8,15.0,72,1,19,1,13,99,4,1
5,4,26.0,80,0,17,0,9,95,2,3
3,0,29.0,191,0,19,1,13,21,2,16
5,11,5.0,240,0,8,1,9,101,0,24
5,11,12.0,118,0,14,1,10,47,0,28
5,6,17.0,244,2,19,1,11,117,0,6
5,6,17.0,244,2,16,1,8,27,0,6
5,3,15.0,35,2,11,0,1,35,3,1
4,11,11.0,175,0,13,0,0,26,2,9
4,11,11.0,175,0,15,1,12,135,4,9
4,11,11.0,175,0,11,1,12,56,4,9
4,11,13.0,312,2,6,0,10,30,0,25
4,11,13.0,312,2,7,1,15,114,0,25
4,11,13.0,312,2,14,1,11,133,4,25
5,0,30.0,228,2,8,0,10,23,3,19
4,11,19.0,321,1,17,0,8,41,2,10
4,11,19.0,321,1,4,1,12,58,4,10
4,11,19.0,321,1,9,0,2,13,1,10
4,11,21.0,192,4,10,0,4,75,1,21
5,6,26.0,348,5,0,2,8,27,0,3
5,6,29.0,335,0,8,1,9,27,0,16
4,11,21.0,192,4,21,1,12,104,0,21
4,11,5.0,240,1,13,0,14,24,2,24
4,11,21.0,192,4,18,0,5,12,3,21
4,11,27.0,322,2,17,2,1,67,3,15
4,11,27.0,322,2,18,0,13,29,4,15
4,11,28.0,123,4,11,0,11,94,4,18
5,6,25.0,39,4,23,1,9,95,1,13
5,6,25.0,39,4,8,2,15,31,3,13
5,6,30.0,145,1,22,0,14,24,2,19
3,10,4.0,356,5,17,0,0,53,4,30
5,7,21.0,81,6,17,0,11,117,1,21
5,10,25.0,56,6,23,0,0,64,2,13
5,1,8.0,62,6,15,1,11,90,0,8
5,1,17.0,63,0,4,0,16,130,3,6
5,1,16.0,2,3,15,1,11,15,4,2
3,4,12.0,134,3,17,0,0,77,2,28
5,4,9.0,18,5,5,0,5,64,3,12
5,3,8.0,148,2,14,1,11,90,0,8
5,10,17.0,256,5,4,1,9,102,0,6
4,11,8.0,283,5,10,3,2,13,4,8
4,11,17.0,110,3,14,1,11,133,4,6
4,11,18.0,332,0,22,0,10,52,1,0
5,10,31.0,135,5,3,0,9,95,2,20
5,6,25.0,39,4,23,1,0,12,1,13
4,11,8.0,283,5,16,1,5,0,1,8
5,6,17.0,244,2,1,0,8,9,1,6
5,6,24.0,31,2,13,0,12,135,1,14
5,8,9.0,124,2,1,1,9,58,2,12
5,11,15.0,331,4,1,1,4,45,0,1
5,1,20.0,151,4,17,1,6,7,0,29
5,5,11.0,326,0,9,0,3,115,1,9
5,5,10.0,155,3,8,0,14,25,2,4
5,7,16.0,40,0,4,2,14,25,0,2
5,1,11.0,111,1,3,3,7,20,0,9
5,5,11.0,326,0,22,3,5,12,0,9
5,5,2.0,307,6,19,1,0,15,0,22
5,8,10.0,71,4,10,1,14,32,0,4
5,3,29.0,325,2,12,1,15,31,4,16
5,3,29.0,325,2,19,0,6,7,0,16
5,8,10.0,71,4,15,1,12,61,4,4
5,8,20.0,319,3,21,1,6,7,0,29
5,8,20.0,319,3,2,0,10,22,0,29
5,8,22.0,354,1,21,0,0,12,1,26
5,8,21.0,46,0,18,0,6,7,0,21
5,8,22.0,354,1,13,0,0,0,2,26
5,8,22.0,354,1,13,3,8,27,0,26
5,8,22.0,354,1,2,1,7,78,4,26
5,8,10.0,71,4,6,1,0,12,1,4
5,4,3.0,279,6,13,0,2,2,0,27
5,4,3.0,279,6,18,0,16,50,3,27
5,4,3.0,279,6,18,2,2,86,3,27
5,4,4.0,178,3,12,0,0,12,3,30
5,4,3.0,279,6,12,0,4,45,1,27
5,4,19.0,142,0,13,0,4,5,1,10
5,4,19.0,142,0,4,0,14,125,3,10
5,4,19.0,142,0,8,0,0,15,3,10
5,2,5.0,127,4,21,1,14,110,0,24
5,2,5.0,127,4,4,0,0,0,2,24
5,2,5.0,127,4,18,2,10,22,3,24
5,2,13.0,276,5,17,0,5,6,0,25
5,2,13.0,276,5,11,0,16,37,4,25
5,2,13.0,276,5,13,0,0,68,3,25
5,2,13.0,276,5,22,0,5,12,2,25
5,2,13.0,276,5,8,2,12,104,3,25
5,2,13.0,276,5,4,0,9,27,3,25
5,2,13.0,276,5,3,0,11,98,4,25
5,1,4.0,286,1,13,0,8,9,1,30
5,2,22.0,209,3,6,0,0,12,0,26
5,2,22.0,209,3,22,1,9,134,4,26
5,2,22.0,209,3,2,1,1,35,4,26
5,2,27.0,136,5,21,1,14,107,0,15
5,2,27.0,136,5,13,0,6,73,1,15
5,2,27.0,136,5,19,1,14,88,4,15
5,0,13.0,198,3,13,0,0,77,1,25
5,0,13.0,198,3,12,0,13,21,0,25
5,0,13.0,198,3,19,0,6,89,0,25
5,0,13.0,198,3,6,0,10,47,2,25
5,0,19.0,13,6,18,0,9,95,3,10
4,11,4.0,275,0,12,2,13,21,3,30
5,6,19.0,291,5,18,1,6,7,0,10
4,11,4.0,275,0,4,1,11,129,4,30
4,11,4.0,275,0,1,0,12,100,4,30
4,11,5.0,240,1,16,0,5,12,3,24
4,11,5.0,240,1,0,0,15,39,3,24
4,11,5.0,240,1,0,1,1,59,0,24
4,11,5.0,240,1,6,0,5,6,0,24
4,11,5.0,240,1,14,0,12,17,0,24
4,11,10.0,360,3,16,1,3,44,4,4
4,11,10.0,360,3,11,0,13,69,1,4
4,11,10.0,360,3,15,0,6,7,2,4
4,11,10.0,360,3,19,0,13,38,2,4
4,11,10.0,360,3,18,1,8,9,0,4
4,11,11.0,175,0,13,3,9,10,4,9
4,11,13.0,312,2,21,0,7,57,1,25
4,11,13.0,312,2,1,2,7,137,3,25
4,11,10.0,360,3,5,0,1,67,3,4
4,11,11.0,175,0,12,0,14,24,2,9
4,11,19.0,321,1,22,0,1,1,4,10
4,11,19.0,321,1,11,0,4,5,1,10
4,11,19.0,321,1,8,1,15,112,4,10
4,11,19.0,321,1,22,0,1,105,0,10
5,0,30.0,228,2,3,0,13,38,0,19
5,0,30.0,228,2,8,3,8,9,0,19
5,0,30.0,228,2,6,0,0,26,3,19
5,6,20.0,215,6,8,0,4,82,0,29
5,6,20.0,215,6,17,1,13,99,0,29
5,5,10.0,155,3,2,0,13,28,3,4
5,7,14.0,125,6,17,3,4,121,3,5
5,5,27.0,328,2,17,0,7,137,3,15
5,5,10.0,155,3,8,0,12,84,2,4
3,2,13.0,276,4,6,0,0,77,1,25
5,5,4.0,114,0,14,0,14,24,1,30
5,5,27.0,328,2,0,1,13,48,0,15
5,5,12.0,327,1,0,0,11,18,3,28
5,5,12.0,327,1,16,2,5,64,3,28
5,5,12.0,327,1,12,0,11,18,1,28
5,3,11.0,337,6,4,0,13,36,1,9
5,3,11.0,337,6,12,0,1,35,4,9
5,3,11.0,337,6,11,1,2,92,1,9
1,11,1.0,222,6,1,0,13,36,4,7
5,3,17.0,54,5,5,1,0,96,0,6
5,0,13.0,198,3,9,0,7,78,0,25
5,0,19.0,13,6,7,2,10,22,3,10
5,0,19.0,13,6,8,0,8,41,2,10
5,0,30.0,228,2,6,0,10,23,1,19
5,4,4.0,178,3,3,0,7,78,0,30
5,4,4.0,178,3,1,2,7,8,0,30
5,4,4.0,178,3,20,1,11,18,1,30
5,4,19.0,142,0,2,2,10,47,3,10
5,4,19.0,142,0,4,0,6,89,3,10
5,4,27.0,274,1,5,0,15,37,0,15
5,4,27.0,274,1,2,2,9,49,2,15
5,4,19.0,142,0,8,0,4,136,1,10
5,2,13.0,276,5,12,2,15,114,1,25
5,2,19.0,137,4,5,0,9,9,3,10
5,2,19.0,137,4,2,0,3,70,2,10
5,2,19.0,137,4,12,0,15,85,0,10
5,2,22.0,209,3,14,1,9,10,4,26
5,2,22.0,209,3,4,1,9,58,4,26
5,11,6.0,252,1,13,1,9,101,0,23
5,9,5.0,89,4,9,3,13,29,1,24
5,11,4.0,275,3,12,0,12,61,1,30
5,9,14.0,106,6,20,1,16,139,4,5
5,7,15.0,205,3,13,0,11,55,1,1
5,6,7.0,169,3,2,1,6,91,2,11
5,5,1.0,109,5,12,0,6,89,3,7
5,5,1.0,109,5,14,2,13,48,0,7
5,5,1.0,109,5,4,1,0,96,0,7
5,1,10.0,17,0,2,3,11,124,3,4
5,1,19.0,29,2,16,1,6,7,0,10
3,7,1.0,98,6,4,0,16,50,3,7
5,8,5.0,101,6,5,1,8,41,1,24
5,8,5.0,101,6,2,3,11,98,3,24
5,10,13.0,346,0,19,0,5,6,3,25
5,2,12.0,128,4,5,0,2,2,2,28
5,2,21.0,108,6,8,0,16,74,2,21
5,8,4.0,299,5,14,0,6,89,4,30
5,5,2.0,307,6,21,1,9,10,0,22
5,5,3.0,161,3,6,2,0,64,3,27
5,5,2.0,307,6,17,1,8,19,0,22
5,5,3.0,161,3,22,0,5,6,0,27
5,5,4.0,114,0,0,1,14,107,0,30
5,5,4.0,114,0,5,1,9,109,4,30
5,5,3.0,161,3,21,3,11,10,4,27
5,5,10.0,155,3,6,0,6,7,4,4
5,5,10.0,155,3,17,0,13,99,4,4
5,2,21.0,108,6,4,1,13,123,0,21
5,5,10.0,155,3,0,1,15,31,0,4
5,5,10.0,155,3,20,2,10,22,3,4
5,5,10.0,155,3,11,0,10,22,3,4
5,3,1.0,180,2,22,0,2,40,1,7
5,5,10.0,155,3,19,0,9,49,1,4
5,5,10.0,155,3,11,1,8,118,1,4
5,5,10.0,155,3,12,0,13,38,4,4
5,5,12.0,327,1,11,0,13,38,2,28
5,5,12.0,327,1,8,1,10,23,1,28
5,5,12.0,327,1,4,0,1,11,4,28
5,5,12.0,327,1,18,0,10,47,0,28
5,5,12.0,327,1,9,0,16,74,3,28
5,5,19.0,146,1,11,2,14,25,0,10
5,5,19.0,146,1,12,0,6,128,1,10
5,5,20.0,214,2,0,0,4,136,4,29
5,5,20.0,214,2,23,0,10,30,3,29
5,11,23.0,232,5,0,0,4,75,1,17
5,11,20.0,340,1,15,1,14,107,1,29
5,9,16.0,107,0,12,1,11,15,0,2
5,6,8.0,59,0,16,1,8,27,0,8
5,7,21.0,81,6,11,0,10,47,2,21
5,3,8.0,148,2,18,0,12,61,1,8
5,5,27.0,328,2,10,0,10,22,2,15
5,6,30.0,145,1,9,1,9,93,4,19
5,6,30.0,145,1,19,1,4,138,0,19
5,10,25.0,56,6,22,1,15,51,4,13
5,6,8.0,59,0,17,0,0,26,1,8
5,1,16.0,2,3,11,0,5,64,3,2
5,4,1.0,144,4,15,0,14,34,2,7
5,4,31.0,67,6,2,3,3,103,4,20
5,10,19.0,117,3,20,0,6,128,0,10
5,10,18.0,246,6,19,0,1,11,3,0
5,10,18.0,246,6,9,1,0,31,4,0
5,10,19.0,117,3,12,0,13,21,0,10
5,6,28.0,309,3,10,1,10,12,1,18
5,10,21.0,341,1,16,0,2,69,3,21
5,10,21.0,341,1,23,0,15,39,1,21
5,10,21.0,341,1,23,1,5,64,1,21
5,10,21.0,341,1,20,1,10,47,0,21
5,10,21.0,341,1,13,3,14,97,0,21
5,10,21.0,341,1,4,0,10,47,1,21
5,10,21.0,341,1,4,0,10,47,0,21
5,10,21.0,341,1,1,0,10,22,3,21
5,10,19.0,117,3,6,3,9,87,4,10
5,10,28.0,216,1,6,2,0,53,3,18
5,5,28.0,259,4,15,0,15,114,1,18
5,5,28.0,259,4,3,1,7,120,1,18
4,11,2.0,265,6,19,1,15,96,0,22
4,11,2.0,265,6,6,2,2,92,2,22
4,11,2.0,265,6,15,3,8,65,4,22
5,0,4.0,229,5,20,0,4,136,2,30
5,5,29.0,24,5,20,1,12,84,1,16
4,11,28.0,123,4,3,0,11,94,2,18
4,11,28.0,123,4,7,1,12,121,1,18
4,9,5.0,89,5,4,0,8,41,3,24
4,9,13.0,91,6,20,0,12,61,3,25
4,11,11.0,175,0,23,1,15,31,4,9
4,11,11.0,175,0,13,0,13,28,4,9
4,11,11.0,175,0,2,0,0,26,0,9
5,6,18.0,308,4,22,2,13,123,3,0
5,6,19.0,291,5,5,0,8,27,1,10
5,1,11.0,111,1,3,1,12,104,4,9
5,1,11.0,111,1,17,0,12,121,3,9
4,11,13.0,312,2,15,0,0,26,2,25
5,5,12.0,327,1,17,0,2,2,3,28
4,11,13.0,312,2,2,0,10,47,3,25
4,11,10.0,360,3,7,0,14,24,2,4
4,11,21.0,192,4,23,0,12,80,1,21
4,11,21.0,192,4,9,0,14,106,1,21
4,11,27.0,322,2,17,1,13,36,2,15
4,11,27.0,322,2,21,0,2,13,1,15
4,11,27.0,322,2,23,0,9,101,1,15
4,11,27.0,322,2,15,0,13,69,0,15
4,11,28.0,123,4,0,0,6,91,1,18
5,5,29.0,24,5,4,0,8,41,3,16
5,5,29.0,24,5,14,0,6,116,3,16
5,6,10.0,149,2,15,1,1,67,1,4
5,6,10.0,149,2,18,1,5,64,2,4
5,6,20.0,215,6,0,0,10,6,3,29
5,6,20.0,215,6,19,2,8,27,3,29
5,6,20.0,215,6,4,0,10,22,0,29
5,6,20.0,215,6,1,0,8,41,0,29
5,6,28.0,309,3,12,0,9,57,3,18
5,6,28.0,309,3,22,0,8,27,3,18
5,10,3.0,310,5,20,0,12,84,1,27
5,10,3.0,310,5,13,0,9,63,1,27
5,10,3.0,310,5,11,3,10,22,1,27
5,6,28.0,309,3,23,1,4,121,0,18
5,10,13.0,346,0,9,0,13,38,0,25
5,3,2.0,120,4,1,0,0,85,1,22
5,3,9.0,44,4,3,0,2,2,1,12
5,3,9.0,44,4,3,1,8,27,4,12
5,3,11.0,337,6,13,0,0,26,3,9
5,5,27.0,328,2,5,0,13,29,1,15
3,2,1.0,16,6,1,0,10,47,1,7
5,5,27.0,328,2,12,0,2,69,1,15
5,6,11.0,355,4,3,0,5,6,0,9
5,6,18.0,308,4,11,0,10,47,3,0
5,6,18.0,308,4,21,1,11,117,0,0
5,5,12.0,327,1,6,1,6,73,0,28
5,6,18.0,308,4,13,0,10,47,3,0
5,5,12.0,327,1,4,2,13,29,2,28
5,6,18.0,308,4,8,0,0,15,0,0
5,5,19.0,146,1,16,0,14,25,3,10
5,6,19.0,291,5,23,0,0,77,1,10
5,6,19.0,291,5,22,0,6,91,2,10
5,6,19.0,291,5,13,1,1,81,1,10
5,6,19.0,291,5,1,0,3,70,3,10
5,6,19.0,291,5,22,0,14,34,3,10
5,6,26.0,348,5,3,0,12,84,1,3
5,6,26.0,348,5,14,0,14,32,1,3
5,4,4.0,178,3,0,0,5,12,0,30
5,4,19.0,142,0,8,0,3,79,2,10
5,4,27.0,274,1,21,0,1,1,1,15
5,4,27.0,274,1,6,0,13,29,0,15
5,4,27.0,274,1,1,0,12,121,1,15
5,7,2.0,160,0,1,2,14,110,3,22
5,7,10.0,329,1,13,0,0,64,1,4
5,7,10.0,329,1,18,1,16,37,4,4
5,7,10.0,329,1,14,2,6,7,0,4
5,7,12.0,181,4,23,0,5,6,0,28
5,7,12.0,181,4,3,0,11,90,0,28
5,7,12.0,181,4,9,2,2,69,0,28
5,7,12.0,181,4,14,1,1,67,1,28
5,7,17.0,95,1,17,0,5,6,0,6
5,7,17.0,95,1,21,0,9,93,4,6
5,7,17.0,95,1,7,0,13,13,1,6
3,8,1.0,66,0,17,0,8,9,1,7
5,5,1.0,109,5,17,1,13,21,1,7
5,7,27.0,53,5,23,1,12,135,4,15
5,3,2.0,120,4,9,0,4,82,1,22
5,3,9.0,44,4,16,0,2,69,2,12
5,3,9.0,44,4,10,0,10,52,1,12
5,3,9.0,44,4,13,2,2,86,1,12
5,3,9.0,44,4,4,2,10,47,3,12
5,3,11.0,337,6,15,0,6,7,3,9
5,5,1.0,109,5,0,1,1,35,0,7
5,5,1.0,109,5,14,0,4,45,0,7
5,5,1.0,109,5,1,0,16,72,1,7
5,4,2.0,141,5,0,1,10,47,2,22
5,1,1.0,203,6,18,1,15,39,2,7
5,11,1.0,222,4,0,0,5,12,0,7
3,4,26.0,80,3,13,3,9,27,0,3
5,11,1.0,222,4,18,0,14,24,2,7
5,9,9.0,320,0,22,1,6,7,0,12
5,9,27.0,179,5,13,0,3,70,1,15
5,9,8.0,90,3,13,0,6,7,0,8
5,7,1.0,98,3,9,0,2,40,4,7
5,7,1.0,98,3,19,3,9,63,0,7
5,11,11.0,175,3,13,0,2,35,4,9
5,3,25.0,347,6,23,0,4,75,1,13
5,5,9.0,206,6,13,0,15,114,3,12
5,4,27.0,274,1,1,2,9,93,3,15
5,4,27.0,274,1,18,0,6,7,0,15
5,2,5.0,127,4,20,0,4,82,3,24
5,2,5.0,127,4,5,1,12,56,1,24
5,2,5.0,127,4,15,0,9,93,2,24
5,2,5.0,127,4,19,2,0,64,3,24
5,2,13.0,276,5,7,0,11,15,2,25
5,2,13.0,276,5,19,0,14,24,2,25
5,2,22.0,209,3,20,0,4,4,3,26
5,2,22.0,209,3,14,0,9,93,0,26
5,2,22.0,209,3,11,0,14,24,2,26
5,2,27.0,136,5,16,0,10,47,0,15
5,2,27.0,136,5,5,0,0,53,1,15
5,2,27.0,136,5,12,0,11,117,0,15
5,2,27.0,136,5,4,1,12,56,4,15
5,2,27.0,136,5,2,0,14,24,2,15
5,3,29.0,325,2,17,3,2,3,4,16
3,4,9.0,18,4,10,0,0,68,4,12
5,0,13.0,198,3,16,1,10,47,1,25
5,5,19.0,146,1,16,0,16,72,3,10
5,2,21.0,108,6,13,1,0,0,1,21
4,11,2.0,265,6,19,1,12,84,0,22
5,5,20.0,214,2,7,1,9,27,0,29
5,0,30.0,228,2,19,1,9,134,4,19
4,11,3.0,288,3,17,0,13,28,0,27
4,11,3.0,288,3,0,1,0,15,1,27
4,11,3.0,288,3,10,1,9,54,4,27
5,0,19.0,13,6,19,2,1,1,3,10
4,11,3.0,288,3,15,0,3,103,1,27
4,11,3.0,288,3,19,0,1,35,4,27
4,11,3.0,288,3,8,1,6,116,1,27
4,11,3.0,288,3,18,2,8,27,4,27
4,11,4.0,275,0,5,0,10,22,2,30
4,11,4.0,275,0,8,0,6,91,1,30
4,11,4.0,275,0,22,1,7,20,2,30
4,11,5.0,240,1,7,1,7,62,0,24
4,11,5.0,240,1,7,0,14,110,1,24
4,11,5.0,240,1,16,0,1,1,2,24
4,11,3.0,288,3,2,0,13,99,2,27
4,11,10.0,360,3,16,1,0,0,0,4
4,11,10.0,360,3,14,1,0,0,0,4
4,11,11.0,175,0,7,1,10,47,0,9
4,11,11.0,175,0,20,0,0,77,1,9
5,5,20.0,214,2,7,1,0,53,0,29
5,5,19.0,146,1,8,0,6,89,3,10
5,5,29.0,24,5,17,2,8,33,3,16
5,5,29.0,24,5,3,0,2,69,2,16
5,5,29.0,24,5,4,0,8,118,1,16
5,5,29.0,24,5,9,1,10,12,1,16
5,6,20.0,215,6,21,0,15,96,1,29
5,6,20.0,215,6,21,1,8,41,1,29
5,6,20.0,215,6,10,1,13,21,0,29
5,5,4.0,114,0,11,0,13,28,2,30
5,5,10.0,155,3,15,1,1,16,4,4
5,5,10.0,155,3,4,0,8,118,1,4
5,5,10.0,155,3,9,1,10,22,1,4
5,5,12.0,327,1,14,1,7,8,0,28
5,5,12.0,327,1,9,0,8,27,1,28
5,5,20.0,214,2,16,0,10,30,0,29
5,5,20.0,214,2,3,0,10,23,1,29
5,5,20.0,214,2,14,0,0,68,1,29
5,5,28.0,259,4,6,1,8,33,4,18
5,5,28.0,259,4,9,0,12,56,3,18
5,5,29.0,24,5,5,0,5,64,1,16
5,5,18.0,195,0,2,2,1,11,3,0
5,7,11.0,197,2,2,0,13,99,2,9
5,7,18.0,154,2,5,0,5,47,2,0
5,6,9.0,236,1,1,1,1,81,4,12
5,1,1.0,203,6,9,0,7,62,1,7
5,3,25.0,347,6,5,0,14,32,0,13
5,7,1.0,98,3,19,0,5,64,2,7
5,7,9.0,273,0,9,1,3,30,0,12
5,9,28.0,315,6,8,2,5,6,3,18
5,7,9.0,273,0,2,1,0,26,2,12
5,7,8.0,94,3,1,0,10,22,2,8
3,3,9.0,44,2,13,0,1,59,1,12
5,3,25.0,347,6,13,1,11,18,1,13
5,10,20.0,223,0,12,3,14,107,4,29
5,10,27.0,302,0,14,1,6,7,0,15
5,10,20.0,223,0,18,0,9,134,4,29
5,1,1.0,203,6,2,0,2,40,3,7
5,8,18.0,75,5,12,0,14,25,1,0
5,8,30.0,103,2,14,0,5,12,2,19
5,2,2.0,143,0,14,0,10,12,3,22
5,2,2.0,143,0,4,1,10,23,2,22
5,5,18.0,195,0,14,1,1,1,4,0
5,6,21.0,193,3,12,1,6,7,0,21
5,11,15.0,331,4,18,0,9,49,1,1
0,11,15.0,331,3,17,1,2,86,1,1
5,9,16.0,107,0,2,0,6,91,4,2
5,9,1.0,126,3,9,0,0,85,0,7
5,9,10.0,156,1,3,0,2,3,1,4
5,7,19.0,330,4,11,0,2,2,1,10
5,3,4.0,285,6,2,2,3,70,0,30
5,3,4.0,285,6,4,1,13,13,1,30
5,3,10.0,4,5,19,0,16,39,0,4
5,1,6.0,97,4,5,1,6,89,1,23
5,3,10.0,4,5,19,0,6,128,1,4
4,0,28.0,249,1,15,0,5,6,0,18
5,3,10.0,4,5,14,0,10,43,0,4
5,3,10.0,4,5,3,2,5,64,3,4
4,0,10.0,129,5,8,0,8,41,2,4
5,6,1.0,158,0,11,0,1,11,4,7
5,3,27.0,361,0,8,0,4,138,1,15
5,3,27.0,361,0,4,1,15,112,0,15
5,3,28.0,187,1,14,0,11,55,4,18
5,5,11.0,326,0,3,2,8,27,3,9
5,5,27.0,328,2,16,0,0,85,3,15
5,5,27.0,328,2,0,0,0,31,4,15
5,6,11.0,355,4,20,2,10,23,1,9
5,6,29.0,335,0,20,0,16,50,3,16
5,6,29.0,335,0,18,0,14,25,1,16
5,5,27.0,328,2,12,0,0,12,3,15
5,6,11.0,355,4,21,1,14,25,0,9
5,10,1.0,208,2,13,3,1,105,0,7
5,6,11.0,355,4,8,2,6,7,3,9
5,6,11.0,355,4,14,0,3,30,3,9
5,6,11.0,355,4,22,0,9,93,1,9
5,6,18.0,308,4,2,0,3,115,1,0
5,6,19.0,291,5,23,2,10,47,2,10
5,6,19.0,291,5,5,1,2,2,1,10
5,6,19.0,291,5,3,0,9,54,1,10
5,6,26.0,348,5,3,0,9,57,3,3
4,0,16.0,11,4,21,1,15,51,0,2
4,4,31.0,67,3,11,0,4,75,0,20
5,3,28.0,187,1,4,0,14,24,0,18
4,0,28.0,249,1,19,0,16,72,0,18
5,6,29.0,335,0,16,0,0,12,3,16
5,10,4.0,356,6,2,0,3,30,0,30
5,10,10.0,245,5,22,0,1,67,0,4
5,10,26.0,61,3,16,2,1,67,0,3
5,10,29.0,318,2,2,0,16,42,4,16
5,10,29.0,318,2,18,0,5,0,2,16
5,1,3.0,188,0,12,2,10,47,3,27
5,1,3.0,188,0,5,1,1,1,4,27
5,1,3.0,188,0,22,1,0,68,1,27
5,1,3.0,188,0,18,0,2,69,0,27
4,0,30.0,228,4,11,0,14,24,2,19
4,0,31.0,290,5,3,1,3,79,1,20
4,0,29.0,191,2,14,0,2,60,4,16
4,0,28.0,249,1,8,0,13,99,1,18
5,6,24.0,31,2,18,1,0,31,4,14
4,0,31.0,290,5,19,2,11,15,0,20
5,11,8.0,283,4,13,0,4,115,3,8
5,11,8.0,283,4,13,0,4,45,4,8
5,6,11.0,355,4,21,0,13,99,1,9
5,6,18.0,308,4,4,0,7,78,0,0
5,6,29.0,335,0,1,0,10,22,3,16
5,10,10.0,245,5,2,0,4,45,2,4
5,10,29.0,318,2,2,0,11,133,2,16
5,7,27.0,53,5,22,1,6,7,4,15
5,7,27.0,53,5,1,0,16,74,0,15
5,7,25.0,41,2,0,0,8,9,0,13
5,7,28.0,34,6,19,0,11,133,3,18
5,3,9.0,44,4,22,0,2,2,1,12
5,3,9.0,44,4,9,0,3,70,1,12
5,3,17.0,54,5,18,0,16,39,4,6
5,5,1.0,109,5,16,1,1,105,0,7
5,3,2.0,120,4,17,3,8,19,2,22
5,5,4.0,114,0,13,0,2,86,1,30
5,5,3.0,161,3,12,0,14,25,0,27
5,5,4.0,114,0,4,0,1,11,4,30
5,8,16.0,73,2,10,1,5,6,1,2
5,8,26.0,278,6,5,3,3,76,1,3
5,3,14.0,33,1,17,0,5,12,3,5
5,1,9.0,50,3,14,1,9,27,0,12
5,6,8.0,59,0,4,2,5,0,2,8
5,2,17.0,6,1,17,1,10,12,0,6
5,5,11.0,326,0,2,0,6,89,3,9
5,5,11.0,326,0,3,1,3,30,1,9
5,5,27.0,328,2,18,0,2,69,4,15
5,6,11.0,355,4,1,2,8,27,3,9
5,6,11.0,355,4,20,0,9,83,1,9
5,6,19.0,291,5,2,0,15,39,0,10
5,10,10.0,245,5,19,0,1,1,3,4
5,10,10.0,245,5,10,1,5,64,0,4
5,10,29.0,318,2,12,2,10,47,1,16
5,1,3.0,188,0,21,0,15,39,3,27
5,1,4.0,286,1,21,2,2,86,3,30
5,1,13.0,207,4,10,0,10,47,3,25
5,1,20.0,151,4,22,0,5,6,2,29
5,1,18.0,82,1,9,0,3,30,3,0
5,8,10.0,71,4,17,1,13,69,0,4
5,8,19.0,280,6,12,0,12,121,0,10
4,8,3.0,363,5,20,0,2,13,1,27
4,2,7.0,153,3,9,2,1,11,3,11
4,0,7.0,15,1,2,0,13,38,1,11
4,0,12.0,113,3,14,0,13,99,1,28
4,0,16.0,11,4,15,0,11,18,0,2
4,4,29.0,313,5,12,1,7,62,1,16
5,3,23.0,57,4,11,3,3,76,4,17
4,10,31.0,135,6,9,0,16,42,3,20
4,10,31.0,135,6,18,0,0,64,3,20
4,10,31.0,135,6,9,0,10,47,3,20
4,1,5.0,219,4,2,0,0,26,2,24
4,1,5.0,219,4,18,0,13,38,0,24
4,1,14.0,183,6,20,0,10,47,2,5
4,1,14.0,183,6,22,0,3,76,0,5
4,1,21.0,45,6,23,0,2,92,3,21
4,10,14.0,174,2,17,1,6,7,0,5
4,1,24.0,64,1,11,0,12,121,1,14
4,1,31.0,305,1,18,0,0,64,3,20
4,1,31.0,305,1,18,2,13,99,3,20
4,8,4.0,299,6,13,0,15,114,0,30
4,8,4.0,299,6,11,1,3,103,4,30
4,8,5.0,101,3,7,1,11,18,0,24
4,8,5.0,101,3,12,0,2,71,4,24
4,8,7.0,70,1,17,0,0,26,3,11
4,8,7.0,70,1,16,1,8,27,1,11
4,8,7.0,70,1,12,0,16,72,0,11
4,8,7.0,70,1,14,0,10,22,2,11
4,8,13.0,189,0,21,1,0,68,0,25
4,8,13.0,189,0,9,1,10,22,1,25
4,0,12.0,113,3,1,0,0,26,2,28
2,5,1.0,307,2,19,0,2,71,4,7
4,0,22.0,241,2,23,1,9,102,1,26
4,2,21.0,108,3,7,1,10,43,1,21
4,0,6.0,260,0,3,0,8,41,3,23
4,0,8.0,9,2,6,0,5,12,3,8
4,2,24.0,22,2,22,0,11,94,3,14
4,0,13.0,198,0,16,0,0,12,3,25
4,0,13.0,198,0,21,1,0,53,0,25
4,0,15.0,190,2,6,0,12,100,1,1
4,0,15.0,190,2,16,0,4,45,0,1
4,0,15.0,190,2,0,0,5,12,0,1
4,0,15.0,190,2,18,0,10,22,1,1
4,0,30.0,228,4,5,0,11,117,1,19
4,0,30.0,228,4,22,2,16,37,3,19
4,0,31.0,290,5,7,0,10,47,3,20
4,0,31.0,290,5,20,1,10,22,1,20
4,0,31.0,290,5,8,1,4,75,4,20
4,8,13.0,189,0,18,0,13,99,1,25
4,8,14.0,296,1,6,0,7,120,4,5
4,8,14.0,296,1,3,0,2,86,1,5
4,8,14.0,296,1,4,2,2,123,0,5
4,8,13.0,189,0,1,0,0,15,2,25
4,8,30.0,103,4,11,1,10,43,1,19
4,8,30.0,103,4,17,1,8,33,0,19
4,8,30.0,103,4,19,2,16,42,3,19
4,4,4.0,178,0,4,0,15,31,3,30
4,4,4.0,178,0,14,2,11,94,3,30
4,4,4.0,178,0,22,0,9,102,2,30
4,8,7.0,70,1,21,1,6,7,0,11
4,8,30.0,103,4,19,1,11,18,1,19
4,4,7.0,133,4,16,3,6,7,4,11
4,10,31.0,135,6,17,0,8,118,1,20
4,4,16.0,25,6,12,0,10,22,2,2
4,4,16.0,25,6,9,2,1,11,3,2
4,4,16.0,25,6,2,0,9,49,2,2
4,4,23.0,30,6,15,0,4,45,2,17
4,0,19.0,13,3,16,0,16,42,1,10
4,0,19.0,13,3,9,0,2,86,3,10
4,0,26.0,14,3,22,0,13,28,1,3
4,0,26.0,14,3,13,0,5,6,2,3
4,0,26.0,14,3,4,0,5,64,1,3
4,0,27.0,23,0,12,0,5,6,0,15
4,5,19.0,146,2,22,0,8,27,2,10
4,5,18.0,195,1,18,0,13,28,0,0
5,4,1.0,144,4,13,3,10,12,2,7
4,2,17.0,6,2,16,0,15,51,1,6
4,2,17.0,6,2,9,1,10,47,1,6
4,6,1.0,158,1,11,0,12,84,1,7
4,1,16.0,2,0,19,3,3,115,0,2
4,2,20.0,264,6,11,1,9,93,1,29
4,2,17.0,6,2,17,0,6,132,1,6
4,1,28.0,300,6,11,0,2,86,2,18
4,6,1.0,158,1,13,1,11,94,2,7
4,8,27.0,78,0,11,0,13,38,2,15
4,2,4.0,254,4,20,1,4,4,1,30
4,2,4.0,254,4,14,0,14,32,2,30
4,4,23.0,30,6,0,1,1,67,0,17
4,4,29.0,313,5,16,0,0,64,3,16
4,4,29.0,313,5,3,0,6,89,4,16
4,4,31.0,67,3,10,1,15,114,0,20
4,0,16.0,11,4,22,1,6,89,1,2
2,2,30.0,8,6,17,1,0,77,0,19
4,0,28.0,249,1,3,0,15,112,1,18
0,6,1.0,158,4,17,0,6,132,4,7
4,2,8.0,258,0,12,0,8,41,1,8
4,2,30.0,131,1,22,0,15,96,0,19
4,4,31.0,67,3,19,1,15,31,1,20
5,6,17.0,244,2,7,1,0,64,0,6
4,0,17.0,12,5,3,1,0,64,1,6
4,0,28.0,249,1,4,1,2,86,4,18
4,2,30.0,131,1,2,0,8,9,0,19
4,2,8.0,258,0,8,0,2,71,2,8
4,1,22.0,164,3,19,0,14,126,4,26
4,2,5.0,127,5,5,1,14,25,4,24
4,0,23.0,237,4,16,1,6,7,0,17
4,0,28.0,249,1,18,0,8,9,1,18
4,0,28.0,249,1,14,1,9,134,4,18
4,0,29.0,191,2,0,0,11,8,1,16
4,0,29.0,191,2,21,0,0,12,3,16
4,0,29.0,191,2,3,0,15,85,0,16
4,0,29.0,191,2,13,0,6,89,1,16
4,0,29.0,191,2,21,1,0,12,1,16
4,0,29.0,191,2,19,2,1,11,3,16
4,0,28.0,249,1,2,0,12,121,3,18
4,6,11.0,355,5,3,0,8,27,4,9
4,6,11.0,355,5,18,1,13,21,2,9
4,2,2.0,143,1,15,1,14,110,4,22
4,2,18.0,7,4,11,3,10,47,1,0
4,6,25.0,39,5,6,0,10,23,1,13
4,1,18.0,82,2,18,0,10,30,3,0
4,4,3.0,279,3,19,1,4,4,1,27
4,2,29.0,140,0,19,1,1,1,4,16
3,0,31.0,290,2,4,1,3,44,4,20
5,5,6.0,277,2,5,0,5,0,2,23
4,9,8.0,90,0,5,0,14,32,2,8
5,8,1.0,66,1,12,1,10,22,1,7
4,5,2.0,307,3,22,1,1,67,4,22
4,5,2.0,307,3,9,1,14,25,0,22
4,6,2.0,352,2,14,2,8,41,3,22
4,10,2.0,358,5,19,0,4,45,0,22
3,4,15.0,132,2,17,0,8,27,1,1
4,8,28.0,224,1,9,2,15,51,3,18
4,8,28.0,224,1,19,0,6,14,2,18
4,4,20.0,115,2,9,2,7,20,3,29
4,4,20.0,115,2,16,0,3,115,0,29
4,6,11.0,355,5,17,0,5,12,3,9
4,6,10.0,149,4,13,3,13,48,3,4
4,0,21.0,287,1,23,0,2,92,1,21
4,0,21.0,287,1,4,0,5,12,3,21
4,0,28.0,249,1,16,0,0,12,3,18
4,0,28.0,249,1,23,0,7,20,3,18
4,0,28.0,249,1,22,0,13,29,3,18
4,0,28.0,249,1,4,0,1,11,3,18
4,0,21.0,287,1,14,1,8,9,1,21
4,0,29.0,191,2,3,0,2,29,3,16
4,0,29.0,191,2,4,1,10,22,1,16
4,0,3.0,334,5,5,0,2,86,4,27
4,3,8.0,148,4,21,1,16,50,2,8
4,3,18.0,165,3,8,0,13,36,0,0
4,3,18.0,165,3,13,0,15,96,2,0
1,9,14.0,106,0,4,0,10,22,3,5
4,10,26.0,61,0,8,0,5,12,3,3
4,7,15.0,205,0,19,0,3,30,0,1
5,1,15.0,1,6,5,0,5,12,1,1
4,5,10.0,155,0,19,1,5,6,0,4
4,0,12.0,113,3,4,1,9,10,1,28
4,10,26.0,61,0,16,1,10,12,1,3
4,1,3.0,188,1,4,0,0,77,3,27
4,8,11.0,306,6,17,0,7,31,4,9
4,6,1.0,158,1,17,0,13,38,3,7
4,10,3.0,310,6,17,1,10,43,0,27
4,2,4.0,254,4,15,0,10,12,2,30
4,0,12.0,113,3,13,2,12,61,3,28
4,2,20.0,264,6,8,0,9,134,1,29
4,2,20.0,264,6,1,0,5,64,2,29
4,2,20.0,264,6,20,0,9,57,3,29
4,0,4.0,229,6,8,0,0,77,1,30
4,0,4.0,229,6,19,0,1,11,4,30
4,3,25.0,347,3,13,3,11,55,4,13
4,6,16.0,38,2,20,1,12,104,4,2
4,4,25.0,20,0,20,0,15,114,1,13
4,0,19.0,13,3,18,0,7,111,0,10
4,0,27.0,23,0,1,1,12,104,0,15
4,0,9.0,48,4,19,3,8,27,0,12
4,0,9.0,48,4,15,1,5,64,0,12
4,0,11.0,10,6,1,1,12,56,0,9
4,0,18.0,0,6,18,2,4,75,3,0
4,0,19.0,13,3,20,0,1,1,1,10
4,0,27.0,23,0,19,1,9,63,4,15
4,0,27.0,23,0,1,0,9,95,2,15
4,0,3.0,334,5,9,0,6,14,1,27
4,3,10.0,4,6,11,0,13,48,2,4
4,3,1.0,180,4,14,0,0,85,1,7
4,5,27.0,328,4,12,0,10,22,1,15
5,0,1.0,8,1,11,0,6,91,1,7
4,5,9.0,206,3,12,2,7,62,3,12
3,8,5.0,101,5,17,0,9,101,1,24
4,8,3.0,363,5,9,0,14,25,3,27
4,2,12.0,128,5,3,0,0,12,2,28
4,6,19.0,291,6,8,0,0,0,4,10
4,10,27.0,302,1,7,3,10,12,0,15
4,6,13.0,317,3,1,0,2,86,4,25
4,1,22.0,164,3,9,1,9,49,1,26
4,0,23.0,237,4,11,0,12,80,1,17
4,2,7.0,153,3,10,1,9,109,0,11
5,3,28.0,187,1,14,0,10,12,1,18
4,1,22.0,164,3,13,0,4,75,4,26
4,6,15.0,49,1,23,0,0,26,3,1
4,0,24.0,55,5,0,0,1,59,4,14
4,2,8.0,258,0,4,0,9,49,3,8
4,2,30.0,131,1,2,2,11,129,3,19
4,0,4.0,229,6,2,1,13,28,0,30
4,8,17.0,74,5,17,1,0,15,1,6
4,0,2.0,47,4,2,1,5,12,0,22
4,0,21.0,287,1,4,1,1,105,0,21
5,11,14.0,147,2,11,3,6,91,4,5
4,1,22.0,164,3,5,3,7,57,1,26
5,11,14.0,147,2,13,0,14,24,4,5
4,2,8.0,258,0,5,1,1,16,4,8
4,8,15.0,72,2,4,0,13,48,4,1
3,0,19.0,13,5,11,1,13,48,1,10
4,0,24.0,55,5,13,0,7,111,4,14
5,3,29.0,325,2,21,0,15,31,3,16
4,2,8.0,258,0,19,1,12,61,4,8
4,6,13.0,317,3,19,1,5,12,1,25
4,2,8.0,258,0,17,0,8,19,1,8
5,9,10.0,156,1,2,1,13,48,0,4
4,0,24.0,55,5,13,0,5,6,1,14
4,2,7.0,153,3,0,1,11,15,1,11
3,10,1.0,208,1,7,0,6,89,1,7
5,11,1.0,222,4,17,0,13,36,1,7
4,6,15.0,49,1,22,0,8,41,1,1
4,2,8.0,258,0,9,2,0,64,3,8
4,0,24.0,55,5,4,2,8,41,1,14
5,3,29.0,325,2,8,0,1,67,0,16
4,2,8.0,258,0,1,0,10,12,3,8
4,0,22.0,241,2,23,1,3,30,0,26
4,4,15.0,132,5,2,0,10,22,2,1
4,2,30.0,131,1,16,0,10,47,3,19
4,2,16.0,220,1,21,0,13,48,3,2
4,2,16.0,220,1,12,1,7,129,1,2
4,0,14.0,5,1,18,2,8,27,3,5
4,0,24.0,55,5,1,0,3,44,4,14
4,2,30.0,131,1,9,0,8,9,4,19
4,0,7.0,15,1,21,1,2,123,0,11
4,0,7.0,15,1,22,0,9,57,1,11
4,0,7.0,15,1,13,0,10,47,1,11
4,0,7.0,15,1,14,3,7,111,3,11
4,2,5.0,127,5,9,0,12,80,2,24
4,0,5.0,122,3,9,0,9,101,1,24
4,0,14.0,5,1,22,1,14,25,4,5
4,0,25.0,281,6,18,3,9,93,3,13
4,0,7.0,15,1,18,2,2,92,3,11
4,4,29.0,313,5,21,1,9,10,0,16
4,4,29.0,313,5,15,0,0,31,2,16
4,4,31.0,67,3,21,1,15,114,1,20
4,4,31.0,67,3,9,0,10,47,3,20
4,4,31.0,67,3,18,0,10,6,3,20
4,4,31.0,67,3,18,0,11,15,3,20
5,11,29.0,270,4,18,1,16,50,1,16
5,3,27.0,361,0,11,0,13,38,2,15
4,0,24.0,55,5,10,0,10,22,2,14
4,2,5.0,127,5,7,2,6,7,0,24
4,2,5.0,127,5,7,1,0,15,0,24
4,4,4.0,178,0,5,3,1,35,4,30
4,2,5.0,127,5,22,1,2,92,4,24
4,2,7.0,153,3,21,0,3,115,3,11
4,2,7.0,153,3,20,1,2,3,0,11
4,2,8.0,258,0,14,0,7,8,2,8
4,0,4.0,229,6,21,1,6,91,0,30
4,0,4.0,229,6,2,0,2,13,1,30
4,0,4.0,229,6,1,0,0,26,1,30
4,0,4.0,229,6,19,3,14,125,2,30
4,0,4.0,229,6,4,1,0,85,1,30
4,0,4.0,229,6,12,1,12,17,4,30
4,0,4.0,229,6,12,1,14,106,4,30
4,0,10.0,129,5,17,0,2,2,4,4
4,0,10.0,129,5,23,1,11,15,0,4
4,0,10.0,129,5,8,0,9,57,0,4
4,0,10.0,129,5,0,1,7,137,4,4
4,0,12.0,113,3,16,1,15,112,4,28
4,0,12.0,113,3,15,1,5,12,1,28
4,1,12.0,353,4,16,1,10,47,1,28
4,2,6.0,251,6,19,0,1,67,0,23
4,2,6.0,251,6,13,3,12,17,4,23
4,2,6.0,251,6,2,0,8,9,4,23
4,2,6.0,251,6,14,1,1,1,4,23
4,2,6.0,251,6,14,2,8,33,3,23
4,2,13.0,276,6,19,0,0,64,0,25
4,2,23.0,230,1,17,0,5,12,3,17
4,2,23.0,230,1,6,2,3,76,3,17
4,2,23.0,230,1,10,1,8,33,4,17
4,2,23.0,230,1,19,0,13,29,4,17
4,0,16.0,11,4,20,0,10,6,3,2
4,0,16.0,11,4,5,0,0,77,0,2
4,0,16.0,11,4,23,0,10,12,3,2
5,2,11.0,297,2,13,1,9,134,1,9
4,3,29.0,325,4,17,3,6,89,1,16
4,5,21.0,351,5,12,0,14,25,0,21
4,5,15.0,200,6,19,3,14,110,0,1
5,6,1.0,158,0,17,3,13,99,1,7
4,9,11.0,52,4,17,0,10,52,1,9
5,6,1.0,158,0,4,0,7,111,1,7
4,8,21.0,46,1,13,3,8,33,0,21
4,5,15.0,200,6,8,3,7,111,4,1
4,6,6.0,83,3,18,1,0,64,0,23
4,8,6.0,87,0,4,0,13,21,0,23
4,4,15.0,132,5,2,1,3,30,0,1
4,4,15.0,132,5,3,0,15,46,2,1
4,4,15.0,132,5,14,0,1,11,0,1
4,2,6.0,251,6,15,2,0,0,2,23
4,2,6.0,251,6,3,0,9,95,2,23
4,0,23.0,237,4,1,2,8,9,0,17
4,0,23.0,237,4,9,0,2,2,1,17
4,0,24.0,55,5,11,0,5,12,1,14
4,0,24.0,55,5,5,0,3,79,0,14
4,1,13.0,207,5,12,0,14,131,1,25
4,1,12.0,353,4,8,1,14,24,1,28
4,1,12.0,353,4,11,2,10,22,1,28
4,1,4.0,286,2,10,1,0,26,1,30
4,2,8.0,258,0,1,0,12,56,1,8
4,0,24.0,55,5,5,0,2,86,0,14
5,0,6.0,260,3,17,0,4,5,1,23
4,0,14.0,5,1,14,3,10,22,3,5
4,0,24.0,55,5,19,1,15,114,1,14
4,0,24.0,55,5,11,0,1,35,4,14
4,0,5.0,122,3,5,0,16,37,2,24
4,2,30.0,131,1,9,0,9,54,4,19
4,0,23.0,237,4,4,0,8,33,0,17
4,0,24.0,55,5,22,0,8,41,3,14
4,10,6.0,242,1,12,0,4,75,3,23
4,0,23.0,237,4,14,1,2,13,1,17
4,10,14.0,174,2,10,0,4,75,1,5
5,3,27.0,361,0,11,0,5,6,2,15
5,3,27.0,361,0,4,0,13,29,1,15
5,3,28.0,187,1,11,0,11,18,1,18
5,3,28.0,187,1,19,0,6,7,0,18
5,3,28.0,187,1,12,0,5,12,2,18
5,5,27.0,328,2,20,1,8,118,1,15
4,2,10.0,28,2,19,3,7,111,4,4
5,6,5.0,342,5,17,0,10,47,1,24
4,0,4.0,229,6,9,0,8,27,1,30
5,5,11.0,326,0,9,0,11,15,3,9
5,6,11.0,355,4,0,1,0,68,0,9
5,6,11.0,355,4,12,0,6,7,0,9
5,6,11.0,355,4,12,0,1,105,2,9
5,6,11.0,355,4,12,0,8,19,0,9
5,6,26.0,348,5,13,1,13,69,1,3
5,6,29.0,335,0,19,0,5,12,0,16
5,6,29.0,335,0,2,0,12,58,3,16
4,0,8.0,9,2,11,0,8,9,4,8
4,0,8.0,9,2,22,2,15,46,3,8
4,2,16.0,220,1,6,0,7,20,3,2
4,0,8.0,9,2,2,0,14,25,4,8
4,0,13.0,198,0,12,0,14,25,1,25
4,0,15.0,190,2,13,3,6,7,0,1
4,0,15.0,190,2,12,0,14,24,2,1
4,0,22.0,241,2,19,1,14,24,1,26
4,0,30.0,228,4,17,0,1,105,1,19
4,0,30.0,228,4,16,1,15,39,0,19
5,11,2.0,265,5,16,0,12,17,1,22
5,11,7.0,253,2,17,0,9,9,2,11
5,9,15.0,226,3,22,0,9,102,3,1
5,7,26.0,316,4,0,1,6,7,4,3
5,7,26.0,316,4,19,1,11,117,0,3
5,7,26.0,316,4,2,0,9,54,2,3
4,2,30.0,131,1,4,0,3,76,1,19
4,0,5.0,122,3,18,0,9,134,4,24
5,11,6.0,252,1,12,1,9,54,4,23
5,11,2.0,265,5,11,0,6,89,2,22
5,11,8.0,283,4,7,0,2,40,1,8
5,11,17.0,110,6,6,1,10,12,0,6
3,0,9.0,48,1,15,0,0,96,3,12
5,11,16.0,225,5,11,1,12,56,4,2
5,11,19.0,321,0,22,2,8,33,3,10
5,11,19.0,321,0,22,0,6,7,2,10
5,9,10.0,156,1,15,0,4,4,1,4
5,9,10.0,156,1,2,0,10,47,3,4
5,11,27.0,322,1,9,2,8,33,2,15
5,11,27.0,322,1,20,0,14,24,2,15
5,9,11.0,52,2,17,0,5,12,3,9
5,9,20.0,119,5,3,0,13,36,0,29
5,7,2.0,160,0,2,2,16,50,0,22
5,7,12.0,181,4,17,2,12,80,1,28
5,7,12.0,181,4,0,1,10,22,4,28
5,7,12.0,181,4,22,1,10,47,0,28
5,7,20.0,266,5,5,0,8,33,2,29
5,7,26.0,316,4,21,1,10,47,1,3
5,7,26.0,316,4,12,0,12,61,1,3
5,7,23.0,202,0,2,1,0,31,0,17
5,3,8.0,148,2,15,3,10,47,3,8
3,2,24.0,22,0,13,3,8,27,2,14
5,6,8.0,59,0,8,3,0,68,0,8
5,6,25.0,39,4,11,3,5,0,2,13
5,9,23.0,167,0,4,1,3,30,4,17
5,6,6.0,83,6,22,1,10,23,1,23
5,11,31.0,227,6,11,1,10,22,1,20
5,6,30.0,145,1,13,0,9,102,4,19
5,11,2.0,265,5,7,2,10,22,3,22
5,11,2.0,265,5,11,0,8,9,1,22
5,11,2.0,265,5,4,1,14,126,4,22
5,11,8.0,283,4,17,3,13,29,1,8
5,5,11.0,326,0,4,1,0,31,0,9
5,11,16.0,225,5,14,0,16,74,1,2
5,11,16.0,225,5,14,1,0,12,0,2
5,11,19.0,321,0,11,0,16,130,3,10
5,11,19.0,321,0,18,0,5,64,0,10
5,9,1.0,126,3,23,1,15,114,1,7
4,0,5.0,122,3,10,0,14,24,1,24
4,10,14.0,174,2,8,1,14,34,1,5
4,0,16.0,11,4,8,2,8,41,3,2
4,0,24.0,55,5,4,0,4,4,3,14
4,1,24.0,64,1,4,0,3,79,2,14
4,2,16.0,220,1,17,1,14,24,1,2
4,2,16.0,220,1,9,2,10,47,3,2
4,2,16.0,220,1,5,0,11,15,2,2
4,2,30.0,131,1,0,1,0,53,0,19
4,0,28.0,249,1,16,0,0,12,0,18
4,0,28.0,249,1,15,0,5,6,0,18
4,0,28.0,249,1,3,0,9,54,1,18
4,0,28.0,249,1,2,0,8,33,2,18
4,0,28.0,249,1,4,0,11,117,3,18
4,0,29.0,191,2,21,1,0,26,0,16
4,0,29.0,191,2,9,0,9,58,4,16
4,0,27.0,23,0,1,0,6,7,4,15
4,0,27.0,23,0,15,1,0,77,1,15
4,0,26.0,14,3,4,2,8,9,3,3
4,0,11.0,10,6,2,0,5,12,0,9
4,0,27.0,23,0,9,0,4,45,3,15
4,0,15.0,190,2,1,0,10,22,1,1
4,0,15.0,190,2,14,1,10,47,1,1
4,0,22.0,241,2,0,0,5,6,1,26
4,0,22.0,241,2,6,0,15,39,0,26
4,0,22.0,241,2,8,0,13,28,2,26
4,0,30.0,228,4,16,0,3,76,4,19
4,6,23.0,84,2,6,0,6,7,0,17
4,0,14.0,5,1,3,0,9,93,0,5
4,9,27.0,179,6,9,2,7,137,0,15
4,0,25.0,281,6,8,2,6,73,0,13
4,0,27.0,23,0,4,0,4,4,1,15
4,0,19.0,13,3,23,0,0,26,2,10
4,0,5.0,122,3,10,0,10,43,2,24
4,0,7.0,15,1,13,0,14,24,2,11
4,0,14.0,5,1,6,0,0,12,3,5
4,0,14.0,5,1,1,2,2,40,1,5
4,0,25.0,281,6,17,1,15,96,0,13
4,0,25.0,281,6,22,0,1,1,3,13
4,0,25.0,281,6,3,0,13,38,2,13
4,4,14.0,345,4,2,0,11,58,2,5
5,9,1.0,126,3,17,0,2,92,1,7
4,4,30.0,139,6,18,0,4,4,1,19
4,0,8.0,9,2,23,1,3,79,0,8
4,0,13.0,198,0,11,0,9,27,2,25
0,11,1.0,222,3,17,0,14,125,4,7
4,0,19.0,13,3,19,0,14,126,4,10
4,0,19.0,13,3,14,1,7,20,1,10
4,0,18.0,0,6,11,1,4,4,1,0
4,0,19.0,13,3,18,0,12,104,4,10
4,0,9.0,48,4,1,0,10,22,2,12
4,0,27.0,23,0,3,0,15,96,3,15
4,0,27.0,23,0,3,0,11,23,3,15
4,0,27.0,23,0,19,2,6,7,0,15
4,0,27.0,23,0,1,0,12,80,1,15
4,0,26.0,14,3,4,0,8,118,1,3
4,0,17.0,12,5,15,2,4,138,3,6
4,0,17.0,12,5,12,2,2,40,3,6
4,0,17.0,12,5,14,0,1,59,4,6
4,0,23.0,237,4,21,0,5,6,0,17
4,0,23.0,237,4,21,0,10,22,1,17
4,0,23.0,237,4,15,0,8,33,2,17
4,0,17.0,12,5,10,1,14,125,4,6
4,9,11.0,52,4,8,1,15,51,1,9
4,10,15.0,60,4,5,0,9,95,2,1
5,10,1.0,208,2,14,2,3,103,3,7
4,10,23.0,247,5,2,0,5,6,2,17
4,8,21.0,46,1,16,1,10,47,0,21
4,5,21.0,351,5,21,1,13,123,4,21
4,1,4.0,286,2,2,1,3,30,1,30
4,8,6.0,87,0,19,0,2,71,1,23
4,8,15.0,72,2,17,0,13,28,1,1
4,4,15.0,132,5,22,1,9,63,4,1
4,2,6.0,251,6,4,1,2,3,0,23
4,2,23.0,230,1,12,0,6,89,0,17
4,2,23.0,230,1,19,0,8,33,1,17
4,0,5.0,122,3,2,0,5,6,2,24
4,0,5.0,122,3,4,1,8,9,4,24
4,0,7.0,15,1,0,0,4,66,2,11
4,0,7.0,15,1,13,0,1,11,4,11
4,0,7.0,15,1,1,0,11,15,3,11
4,0,24.0,55,5,12,0,16,50,3,14
4,10,14.0,174,2,19,0,7,20,3,5
4,0,14.0,5,1,0,0,0,26,3,5
4,0,14.0,5,1,9,1,14,32,4,5
4,1,23.0,69,0,19,0,4,121,4,17
4,0,22.0,241,2,0,0,7,78,1,26
4,0,14.0,5,1,18,2,8,27,3,5
4,1,24.0,64,1,19,0,7,20,3,14
4,10,14.0,174,2,0,1,0,64,0,5
4,10,30.0,157,5,22,1,1,81,4,19
4,10,31.0,135,6,8,0,5,12,1,20
4,8,4.0,299,6,2,0,10,22,3,30
4,0,25.0,281,6,17,0,12,121,1,13
4,6,14.0,173,0,17,0,8,9,2,5
4,8,4.0,299,6,12,0,3,30,1,30
5,7,20.0,266,5,21,2,0,64,0,29
4,8,23.0,102,4,1,2,0,64,3,17
4,10,31.0,135,6,8,0,2,123,0,20
4,8,4.0,299,6,20,1,7,20,1,30
3,1,1.0,203,5,17,0,16,50,1,7
4,4,29.0,313,5,4,0,9,49,4,16
4,10,31.0,135,6,0,0,0,12,2,20
4,8,4.0,299,6,12,1,0,12,0,30
5,7,25.0,41,2,11,0,8,27,1,13
4,4,31.0,67,3,14,2,6,89,3,20
4,1,5.0,219,4,3,1,0,15,0,24
4,1,21.0,45,6,0,1,15,85,0,21
4,1,21.0,45,6,15,0,6,89,0,21
4,1,23.0,69,0,8,0,10,22,2,17
4,1,23.0,69,0,19,0,7,57,3,17
4,8,10.0,71,5,11,0,8,118,2,4
4,8,1.0,66,2,15,0,10,22,0,7
4,8,28.0,224,1,15,0,11,15,0,18
4,4,10.0,79,3,8,0,1,16,2,4
4,2,2.0,143,1,17,1,10,22,1,22
4,0,11.0,10,6,21,1,0,77,0,9
4,0,11.0,10,6,2,1,12,56,4,9
4,2,19.0,137,5,8,2,13,99,2,10
4,2,19.0,137,5,12,0,15,46,2,10
4,2,19.0,137,5,21,1,5,64,0,10
4,0,3.0,334,5,9,0,0,77,1,27
5,0,1.0,8,1,13,0,13,21,1,7
4,4,26.0,80,1,17,0,9,93,1,3
4,0,20.0,172,0,12,3,10,22,0,29
4,2,1.0,16,0,19,1,8,9,1,7
4,4,19.0,142,1,16,3,5,64,3,10
4,4,11.0,121,0,13,1,11,18,2,9
4,0,20.0,172,0,13,1,1,105,4,29
4,0,20.0,172,0,10,0,16,130,1,29
4,0,21.0,287,1,6,0,8,27,1,21
4,0,20.0,172,0,14,1,1,16,4,29
4,0,21.0,287,1,13,2,0,64,0,21
4,0,21.0,287,1,19,0,0,64,0,21
4,0,21.0,287,1,8,0,6,89,0,21
4,1,23.0,69,0,2,0,14,32,4,17
4,1,23.0,69,0,18,0,4,82,1,17
4,1,31.0,305,1,10,1,13,69,0,20
4,6,20.0,215,3,7,2,9,102,3,29
4,6,20.0,215,3,20,1,7,20,1,29
4,6,20.0,215,3,16,1,11,18,1,29
4,6,20.0,215,3,19,0,10,22,2,29
4,6,20.0,215,3,21,1,2,123,2,29
4,6,29.0,335,1,6,0,3,30,4,16
4,6,29.0,335,1,11,1,10,22,0,16
4,6,29.0,335,1,22,0,0,64,2,16
4,10,6.0,242,1,17,0,5,6,0,23
4,10,6.0,242,1,17,0,5,12,0,23
4,10,6.0,242,1,13,0,5,64,3,23
4,10,6.0,242,1,13,0,0,64,3,23
4,10,14.0,174,2,0,1,15,39,1,5
4,10,14.0,174,2,12,1,12,56,4,5
4,10,31.0,135,6,0,0,0,77,1,20
4,11,17.0,110,3,1,0,4,66,0,6
5,0,24.0,55,4,5,1,2,86,1,14
4,5,10.0,155,0,12,1,7,62,2,4
4,3,2.0,120,5,15,0,6,116,2,22
4,3,18.0,165,3,14,3,3,30,3,0
4,5,10.0,155,0,5,1,1,67,4,4
4,5,18.0,195,1,13,0,0,64,0,0
4,8,27.0,78,0,18,0,6,132,1,15
5,0,15.0,190,1,17,0,7,78,4,1
3,11,1.0,222,2,17,0,13,28,1,7
4,2,20.0,264,6,2,1,5,64,0,29
4,1,9.0,50,0,19,1,14,34,4,12
4,8,27.0,78,0,20,0,10,22,3,15
4,5,10.0,155,0,12,0,7,120,4,4
4,4,28.0,218,4,17,1,11,18,1,18
4,0,12.0,113,3,3,0,0,15,4,28
4,0,12.0,113,3,23,0,8,118,1,28
4,0,12.0,113,3,8,3,16,130,0,28
4,0,12.0,113,3,12,1,8,19,0,28
4,0,12.0,113,3,14,0,10,22,1,28
4,2,7.0,153,3,7,1,7,57,0,11
4,2,7.0,153,3,15,0,1,1,0,11
4,2,7.0,153,3,8,0,9,58,3,11
4,2,7.0,153,3,4,2,15,46,0,11
4,2,8.0,258,0,21,0,1,67,0,8
4,2,8.0,258,0,23,0,16,37,3,8
4,2,8.0,258,0,11,0,14,25,1,8
4,2,8.0,258,0,15,0,10,47,1,8
5,11,15.0,331,4,22,0,2,86,1,1
4,2,7.0,153,3,12,1,6,7,0,11
4,2,16.0,220,1,17,0,0,12,0,2
4,2,16.0,220,1,0,2,6,73,0,2
4,4,30.0,139,6,8,0,6,7,2,19
4,4,30.0,139,6,8,1,5,12,0,19
4,4,30.0,139,6,5,0,10,23,1,19
4,2,14.0,231,3,2,0,15,46,1,5
4,0,22.0,241,2,11,0,11,94,4,26
4,0,24.0,55,5,14,0,10,22,1,14
4,0,24.0,55,5,18,0,12,83,3,14
4,0,17.0,12,5,19,1,12,84,1,6
4,0,16.0,11,4,18,0,10,22,1,2
4,0,16.0,11,4,8,0,7,78,2,2
4,1,4.0,286,2,13,1,0,26,1,30
4,0,17.0,12,5,2,0,5,6,1,6
4,0,17.0,12,5,9,0,4,127,4,6
4,0,17.0,12,5,4,0,0,77,2,6
4,0,23.0,237,4,10,1,11,15,0,17
4,0,23.0,237,4,8,0,1,35,4,17
4,0,23.0,237,4,14,0,10,12,1,17
4,0,23.0,237,4,18,2,12,84,3,17
4,0,23.0,237,4,18,0,11,117,3,17
4,0,23.0,237,4,1,0,1,11,1,17
4,0,24.0,55,5,21,1,15,51,0,14
4,0,24.0,55,5,15,0,5,6,2,14
4,8,12.0,284,3,18,1,15,114,4,28
4,8,12.0,284,3,14,0,8,9,1,28
4,2,1.0,16,0,3,0,4,5,2,7
4,4,27.0,274,2,17,1,8,9,1,15
4,0,20.0,172,0,17,3,14,32,0,29
4,0,29.0,191,2,0,2,8,9,1,16
4,0,29.0,191,2,8,0,1,11,3,16
4,0,29.0,191,2,9,2,16,74,3,16
4,4,21.0,339,4,12,1,5,6,0,21
4,4,21.0,339,4,11,0,16,42,1,21
4,2,22.0,209,0,20,0,8,41,4,26
3,9,1.0,126,6,17,0,7,20,4,7
4,0,22.0,241,2,9,0,10,43,1,26
4,2,24.0,22,2,14,0,10,47,3,14
4,2,25.0,233,4,20,0,9,93,1,13
5,11,10.0,360,6,11,1,0,15,4,4
5,11,26.0,364,0,23,1,11,124,0,3
5,9,11.0,52,2,19,0,10,23,1,9
5,9,19.0,234,4,10,0,10,22,2,10
5,9,19.0,234,4,10,1,15,31,1,10
4,2,16.0,220,1,16,0,0,15,3,2
4,2,16.0,220,1,16,0,1,59,4,2
4,2,16.0,220,1,21,2,14,24,0,2
4,2,16.0,220,1,11,0,1,16,3,2
4,2,22.0,209,0,9,1,7,57,2,26
4,2,25.0,233,4,8,2,1,59,3,13
4,2,22.0,209,0,9,3,15,85,1,26
4,0,6.0,260,0,16,0,8,19,3,23
4,0,6.0,260,0,13,0,8,9,0,23
4,0,8.0,9,2,21,0,11,15,1,8
4,2,16.0,220,1,8,1,9,95,4,2
4,8,5.0,101,3,2,0,14,34,3,24
3,11,1.0,222,2,17,0,10,47,1,7
4,0,4.0,229,6,12,0,13,99,4,30
4,0,10.0,129,5,8,0,0,31,2,4
4,8,7.0,70,1,16,0,14,107,1,11
4,0,13.0,198,0,22,0,12,80,1,25
4,0,22.0,241,2,4,1,4,75,1,26
4,8,7.0,70,1,3,3,5,64,3,11
4,0,31.0,290,5,13,1,11,15,0,20
4,8,7.0,70,1,12,0,6,7,1,11
4,0,31.0,290,5,14,0,8,41,1,20
4,8,7.0,70,1,16,3,9,95,3,11
5,11,8.0,283,4,16,0,10,22,2,8
4,8,13.0,189,0,16,1,9,93,0,25
5,11,8.0,283,4,19,1,16,42,4,8
4,8,13.0,189,0,22,0,6,73,3,25
5,11,19.0,321,0,4,0,2,35,2,10
4,1,24.0,64,1,17,0,7,78,4,14
5,11,19.0,321,0,14,2,9,9,0,10
4,8,14.0,296,1,16,2,7,78,3,5
5,9,10.0,156,1,7,1,7,137,1,4
5,9,10.0,156,1,8,0,2,2,1,4
5,11,19.0,321,0,20,0,16,72,0,10
5,3,27.0,361,0,16,0,7,78,3,15
5,3,27.0,361,0,1,0,7,120,0,15
5,3,28.0,187,1,18,0,5,12,1,18
5,3,29.0,325,2,3,1,7,122,0,16
5,5,27.0,328,2,5,0,6,89,4,15
5,5,27.0,328,2,13,0,16,72,1,15
0,0,1.0,8,5,17,0,9,49,1,7
4,11,13.0,312,2,12,0,13,29,1,25
4,4,14.0,345,4,22,1,1,59,4,5
4,4,22.0,152,5,18,0,9,27,0,26
4,4,21.0,339,4,0,1,8,9,0,21
4,2,15.0,130,0,7,1,8,65,1,1
5,11,2.0,265,5,18,0,2,86,1,22
5,11,8.0,283,4,3,1,12,84,1,8
5,11,8.0,283,4,1,0,6,89,0,8
5,11,16.0,225,5,22,0,2,86,1,2
5,11,16.0,225,5,12,0,5,6,1,2
5,11,16.0,225,5,8,0,11,117,3,2
5,11,19.0,321,0,12,0,14,24,2,10
5,9,1.0,126,3,2,1,1,11,4,7
5,9,10.0,156,1,5,2,3,103,0,4
5,9,10.0,156,1,22,0,6,7,2,4
5,9,10.0,156,1,12,1,0,15,1,4
5,7,19.0,330,4,2,2,13,38,2,10
5,3,4.0,285,6,22,0,2,40,2,30
5,3,4.0,285,6,17,0,0,26,1,30
5,3,4.0,285,6,19,0,10,22,1,30
5,3,10.0,4,5,8,2,6,89,1,4
5,3,27.0,361,0,16,0,7,20,0,15
3,4,15.0,132,2,12,0,5,6,1,1
5,9,24.0,272,1,12,1,13,29,0,14
5,11,2.0,265,5,14,0,10,23,0,22
5,11,19.0,321,0,4,0,7,31,1,10
5,9,1.0,126,3,17,1,1,105,0,7
5,9,10.0,156,1,12,0,14,88,4,4
5,9,26.0,267,4,0,2,16,50,2,3
5,3,4.0,285,6,23,1,11,18,1,30
5,3,4.0,285,6,3,3,9,63,0,30
5,3,10.0,4,5,3,0,6,89,1,4
5,3,10.0,4,5,19,0,15,108,1,4
5,3,10.0,4,5,4,0,10,47,3,4
5,3,4.0,285,6,11,1,5,12,1,30
5,3,27.0,361,0,22,0,10,12,0,15
5,3,28.0,187,1,0,0,1,11,4,18
5,3,28.0,187,1,16,2,4,136,3,18
4,8,30.0,103,4,12,0,1,11,4,19
4,4,4.0,178,0,11,0,16,113,1,30
4,4,4.0,178,0,3,2,14,25,0,30
4,4,4.0,178,0,17,1,6,7,0,30
4,4,7.0,133,4,20,1,15,114,1,11
4,4,16.0,25,6,7,1,15,119,0,2
4,4,16.0,25,6,19,0,9,101,2,2
4,4,16.0,25,6,18,0,3,115,1,2
4,4,23.0,30,6,23,0,11,117,1,17
4,4,29.0,313,5,23,1,7,62,0,16
5,4,31.0,67,6,21,1,0,96,1,20
5,7,23.0,202,0,3,0,8,27,1,17
5,2,17.0,6,1,9,0,0,31,2,6
4,11,8.0,283,5,18,1,6,7,4,8
5,5,24.0,58,3,1,0,0,12,1,14
5,10,17.0,256,5,19,2,10,47,3,6
5,10,25.0,56,6,1,0,13,29,3,13
4,11,17.0,110,3,10,0,2,69,4,6
5,1,22.0,164,6,17,3,14,24,0,26
5,4,1.0,144,4,5,0,10,43,1,7
4,4,31.0,67,3,12,0,8,118,1,20
4,2,5.0,127,5,14,0,3,76,1,24
4,2,5.0,127,5,3,0,6,89,1,24
4,2,7.0,153,3,21,1,5,12,0,11
4,4,31.0,67,3,18,0,11,15,4,20
4,2,7.0,153,3,18,0,10,22,1,11
4,2,5.0,127,5,14,1,9,134,2,24
4,2,8.0,258,0,21,0,12,135,4,8
4,2,8.0,258,0,7,1,14,24,4,8
4,2,30.0,131,1,17,1,0,53,0,19
4,0,5.0,122,3,22,3,8,27,1,24
4,0,7.0,15,1,8,0,10,22,3,11
4,0,14.0,5,1,21,1,0,12,0,5
4,0,25.0,281,6,1,0,6,89,4,13
4,3,2.0,120,5,18,1,2,13,0,22
4,7,23.0,202,1,4,0,14,25,2,17
4,1,3.0,188,1,9,0,0,53,2,27
4,5,19.0,146,2,18,1,15,31,1,10
4,5,19.0,146,2,12,0,10,22,2,10
4,3,8.0,148,4,16,0,9,57,1,8
4,4,28.0,218,4,18,0,3,70,1,18
4,4,28.0,218,4,8,0,5,12,2,18
4,2,17.0,6,2,6,0,0,31,0,6
4,2,20.0,264,6,20,0,7,78,4,29
4,2,20.0,264,6,22,0,5,12,0,29
4,0,4.0,229,6,6,1,2,69,0,30
4,0,4.0,229,6,11,0,9,54,3,30
4,0,4.0,229,6,19,2,2,2,3,30
4,0,4.0,229,6,12,0,8,9,0,30
4,0,10.0,129,5,4,0,12,84,3,4
4,0,12.0,113,3,23,0,13,28,3,28
4,0,12.0,113,3,20,1,0,68,0,28
4,0,12.0,113,3,8,0,14,106,2,28
4,0,12.0,113,3,5,0,10,47,2,28
4,2,7.0,153,3,12,1,0,12,1,11
4,2,7.0,153,3,12,0,11,18,0,11
4,2,7.0,153,3,22,1,9,134,1,11
4,7,7.0,293,3,9,2,2,92,0,11
4,7,9.0,273,1,21,0,1,35,0,12
4,7,9.0,273,1,20,0,2,2,2,12
4,7,9.0,273,1,8,2,7,62,4,12
4,7,10.0,329,2,10,0,0,77,0,4
4,7,10.0,329,2,15,2,0,77,0,4
4,7,10.0,329,2,3,0,10,47,1,4
4,7,10.0,329,2,14,0,13,48,0,4
4,7,18.0,154,4,11,1,12,17,4,0
4,7,18.0,154,4,3,1,13,29,1,0
4,7,18.0,154,4,8,0,11,15,1,0
3,11,1.0,222,2,17,0,6,132,2,7
4,7,23.0,202,1,3,0,4,5,1,17
5,9,27.0,179,5,19,2,1,67,3,15
4,6,11.0,355,5,6,0,7,57,3,9
5,9,27.0,179,5,4,0,7,20,3,15
5,9,28.0,315,6,20,0,9,102,3,18
5,2,30.0,131,0,19,1,1,105,0,19
5,11,1.0,222,4,4,0,13,28,4,7
5,9,28.0,315,6,8,0,5,12,0,18
5,9,28.0,315,6,19,0,4,82,1,18
5,9,28.0,315,6,18,0,10,30,3,18
5,7,1.0,98,3,0,0,15,108,1,7
5,9,28.0,315,6,10,0,9,58,0,18
5,9,28.0,315,6,2,0,1,1,2,18
5,7,1.0,98,3,9,0,5,64,3,7
5,7,3.0,269,1,6,0,10,23,1,27
5,7,3.0,269,1,4,1,11,98,4,27
5,7,8.0,94,3,19,0,10,47,0,8
5,2,29.0,140,3,16,3,15,39,4,16
4,11,12.0,118,1,13,1,3,30,4,28
5,7,9.0,273,0,0,0,5,12,3,12
5,7,9.0,273,0,20,1,9,87,4,12
5,7,11.0,197,2,5,0,8,41,1,9
4,6,26.0,348,6,6,1,16,50,1,3
4,6,25.0,39,5,14,0,9,49,3,13
4,6,25.0,39,5,12,1,13,69,2,13
4,6,26.0,348,6,11,0,13,99,2,3
4,6,26.0,348,6,13,1,1,105,4,3
4,6,26.0,348,6,14,1,15,31,1,3
4,10,2.0,358,5,17,0,8,118,1,22
4,6,17.0,244,4,8,0,7,122,2,6
4,6,11.0,355,5,6,0,14,25,2,9
4,6,25.0,39,5,19,1,16,37,4,13
4,6,26.0,348,6,13,0,13,48,3,3
4,6,26.0,348,6,9,0,0,26,1,3
4,6,26.0,348,6,9,0,1,105,0,3
4,10,2.0,358,5,21,2,5,6,3,22
4,10,2.0,358,5,8,0,8,27,0,22
4,10,2.0,358,5,18,0,6,91,1,22
4,10,2.0,358,5,11,3,0,64,3,22
4,10,11.0,298,3,17,0,2,2,1,9
4,10,11.0,298,3,21,0,3,115,3,9
4,10,11.0,298,3,21,0,3,103,3,9
4,10,11.0,298,3,20,0,10,43,1,9
4,5,17.0,212,0,12,1,0,64,1,6
4,5,25.0,350,1,14,0,13,21,3,13
4,5,25.0,350,1,18,2,13,38,2,13
4,5,26.0,37,2,0,0,5,12,3,3
4,5,25.0,350,1,9,1,3,76,0,13
4,5,26.0,37,2,3,0,12,100,4,3
4,5,26.0,37,2,8,0,10,43,0,3
4,5,26.0,37,2,19,0,6,89,1,3
4,5,26.0,37,2,17,3,9,54,3,3
4,5,27.0,328,4,17,0,5,12,3,15
4,5,27.0,328,4,17,0,2,2,3,15
4,5,27.0,328,4,16,0,13,99,1,15
4,5,27.0,328,4,21,2,5,12,3,15
4,5,26.0,37,2,18,1,0,0,1,3
4,6,9.0,236,2,7,0,2,60,4,12
4,6,9.0,236,2,11,0,14,25,3,12
4,6,9.0,236,2,8,0,1,11,2,12
4,3,27.0,361,1,23,0,7,78,4,15
4,10,1.0,208,4,4,1,6,7,0,7
5,5,8.0,199,5,8,2,9,57,0,8
5,5,8.0,199,5,5,0,6,91,2,8
5,5,16.0,239,6,4,0,2,2,1,2
5,7,11.0,197,2,1,2,13,38,3,9
5,7,11.0,197,2,18,0,1,11,4,9
5,7,11.0,197,2,19,0,14,24,2,9
5,7,3.0,269,1,14,1,11,8,1,27
5,7,18.0,154,2,17,2,2,69,3,0
5,7,18.0,154,2,1,0,8,27,1,0
5,3,3.0,182,5,21,1,2,92,0,27
3,10,7.0,243,0,13,0,0,85,1,11
5,3,12.0,104,3,5,0,11,18,1,28
5,3,12.0,104,3,13,0,0,68,3,28
5,9,25.0,344,2,22,0,5,6,0,13
4,7,7.0,293,3,8,1,1,1,0,11
4,10,2.0,358,5,9,2,10,22,0,22
5,9,28.0,315,6,7,2,3,30,1,18
4,7,27.0,53,6,14,0,12,104,4,15
4,6,11.0,355,5,6,0,14,131,0,9
4,6,16.0,38,2,12,0,14,24,1,2
5,9,25.0,344,2,2,2,8,27,2,13
4,3,1.0,180,4,16,0,2,2,0,7
4,5,24.0,58,0,13,0,2,60,3,14
4,7,18.0,154,4,19,0,3,103,0,0
4,6,10.0,149,4,17,3,9,27,0,4
5,9,25.0,344,2,8,2,15,51,3,13
4,3,2.0,120,5,5,0,10,43,1,22
4,11,8.0,283,5,1,2,8,118,0,8
4,3,1.0,180,4,16,1,11,133,0,7
4,3,1.0,180,4,7,1,1,81,0,7
4,3,1.0,180,4,8,1,16,50,1,7
4,3,1.0,180,4,9,2,6,7,3,7
4,3,7.0,289,2,23,0,7,78,2,11
4,3,7.0,289,2,22,0,15,51,1,11
4,3,7.0,289,2,13,0,5,6,0,11
4,3,7.0,289,2,8,0,6,91,3,11
4,3,7.0,289,2,18,0,0,77,1,11
4,3,1.0,180,4,12,3,12,84,1,7
4,7,27.0,53,6,1,0,14,24,2,15
4,5,9.0,206,3,14,3,15,39,3,12
4,3,9.0,44,5,17,1,1,67,0,12
4,3,9.0,44,5,12,0,9,95,0,12
4,6,17.0,244,4,4,0,2,86,1,6
4,6,25.0,39,5,23,0,3,44,3,13
4,6,25.0,39,5,7,0,13,99,2,13
4,6,25.0,39,5,3,0,2,69,0,13
4,6,25.0,39,5,12,0,5,6,3,13
4,6,25.0,39,5,3,0,7,62,3,13
4,6,2.0,352,2,15,0,14,24,2,22
5,9,28.0,315,6,9,0,0,53,0,18
4,6,10.0,149,4,0,1,10,43,0,4
4,6,10.0,149,4,16,1,15,31,0,4
4,6,10.0,149,4,5,0,11,18,1,4
4,6,11.0,355,5,14,1,11,15,4,9
4,6,11.0,355,5,17,0,11,15,2,9
4,6,16.0,38,2,19,0,9,93,1,2
4,6,16.0,38,2,9,0,8,27,1,2
5,2,1.0,16,3,17,0,16,37,1,7
4,3,16.0,263,5,18,0,11,133,2,2
5,3,15.0,35,2,13,0,10,22,1,1
2,10,1.0,358,0,3,0,2,86,1,7
4,6,17.0,244,4,3,0,16,39,3,6
4,6,25.0,39,5,19,0,2,86,0,13
4,6,25.0,39,5,13,0,16,37,3,13
4,6,26.0,348,6,17,2,0,64,3,3
5,2,15.0,130,3,17,0,5,0,1,1
4,5,7.0,349,5,15,0,14,34,2,11
4,5,8.0,199,6,14,0,8,41,1,8
4,5,7.0,349,5,14,0,10,47,3,11
5,7,31.0,43,1,5,1,14,25,0,20
4,5,10.0,155,0,21,1,11,124,1,4
4,5,10.0,155,0,3,1,1,105,4,4
4,5,10.0,155,0,13,0,10,22,2,4
4,5,10.0,155,0,8,2,10,22,1,4
4,5,10.0,155,0,22,1,10,23,1,4
4,5,10.0,155,0,9,0,10,133,3,4
4,5,10.0,155,0,1,2,4,66,2,4
3,11,1.0,222,2,17,3,0,68,0,7
4,5,16.0,239,3,0,1,5,12,0,2
4,5,16.0,239,3,19,0,1,35,4,2
4,5,18.0,195,1,20,0,3,115,3,0
4,7,23.0,202,1,11,1,3,30,0,17
4,5,18.0,195,1,1,0,0,96,3,0
4,5,18.0,195,1,5,1,9,87,4,0
4,5,19.0,146,2,21,1,2,123,0,10
4,5,19.0,146,2,6,0,1,1,0,10
4,5,19.0,146,2,13,1,10,47,1,10
4,6,1.0,158,1,16,1,8,41,0,7
4,6,1.0,158,1,23,0,0,77,3,7
4,3,9.0,44,5,14,0,13,21,1,12
4,3,10.0,4,6,5,1,12,80,4,4
4,3,10.0,4,6,19,2,14,97,3,4
4,3,15.0,35,4,17,1,1,105,0,1
4,3,15.0,35,4,11,0,9,57,2,1
4,3,15.0,35,4,2,0,15,114,2,1
4,3,15.0,35,4,11,1,9,95,1,1
4,3,17.0,54,6,20,0,9,10,4,6
4,3,9.0,44,5,17,1,16,37,2,12
4,11,1.0,222,5,8,0,14,106,2,7
4,3,17.0,54,6,14,0,2,92,1,6
4,3,27.0,361,1,4,0,5,12,1,15
4,3,27.0,361,1,18,0,10,22,3,15
4,5,1.0,109,6,6,0,10,22,1,7
4,5,1.0,109,6,0,1,1,67,0,7
4,5,1.0,109,6,22,0,8,27,1,7
4,5,1.0,109,6,8,0,11,18,0,7
4,5,1.0,109,6,12,1,12,80,1,7
4,5,9.0,206,3,22,2,9,57,2,12
4,5,25.0,350,1,7,0,9,54,0,13
5,9,4.0,295,2,19,0,0,26,1,30
4,5,25.0,350,1,10,0,10,47,0,13
4,6,1.0,158,1,0,2,2,86,1,7
4,6,1.0,158,1,23,0,3,44,3,7
4,6,1.0,158,1,22,0,13,21,1,7
5,3,24.0,357,5,14,1,11,94,0,14
4,9,24.0,272,2,1,0,10,22,2,14
4,7,7.0,293,3,7,1,5,12,0,11
4,7,7.0,293,3,20,1,3,79,1,11
5,9,27.0,179,5,17,1,0,85,0,15
5,3,12.0,104,3,2,2,4,82,1,28
4,3,2.0,120,5,12,2,15,96,0,22
4,7,18.0,154,4,19,2,7,111,3,0
4,6,11.0,355,5,5,0,1,105,0,9
5,9,28.0,315,6,14,2,1,11,3,18
4,7,18.0,154,4,22,1,12,61,1,0
4,5,24.0,58,0,12,0,13,38,1,14
5,9,27.0,179,5,7,1,14,32,0,15
5,7,1.0,98,3,8,0,1,35,4,7
4,11,8.0,283,5,18,0,7,57,1,8
4,6,10.0,149,4,22,0,9,10,3,4
4,7,23.0,202,1,22,0,5,6,2,17
4,6,10.0,149,4,18,0,12,83,2,4
5,9,27.0,179,5,11,0,2,2,3,15
4,11,14.0,147,4,21,0,3,76,1,5
5,3,12.0,104,3,20,1,2,92,4,28
4,6,10.0,149,4,15,0,6,7,0,4
4,7,23.0,202,1,8,0,10,12,0,17
4,6,11.0,355,5,16,1,10,43,1,9
4,11,7.0,253,4,2,0,8,9,0,11
5,2,1.0,16,3,1,0,3,30,1,7
4,9,17.0,255,2,1,0,14,24,4,6
4,9,17.0,255,2,23,1,2,123,0,6
4,7,2.0,160,1,15,0,10,22,2,22
5,3,13.0,210,0,6,0,1,59,1,25
4,5,24.0,58,0,15,1,12,80,1,14
5,8,1.0,66,1,13,3,11,124,4,7
4,5,24.0,58,0,17,0,0,15,1,14
4,6,11.0,355,5,16,3,15,39,3,9
4,6,10.0,149,4,18,0,5,6,3,4
4,6,11.0,355,5,8,0,8,41,1,9
5,4,15.0,132,4,4,0,15,46,2,1
4,6,15.0,49,1,1,0,13,69,1,1
4,6,15.0,49,1,4,1,9,10,4,1
4,9,14.0,106,3,14,1,7,120,0,5
4,9,14.0,106,3,1,0,5,6,0,5
4,3,5.0,324,0,6,0,10,23,1,24
4,7,30.0,42,1,13,0,0,26,1,19
4,6,11.0,355,5,12,0,8,9,3,9
4,7,30.0,42,1,3,0,0,96,3,19
4,5,5.0,96,2,6,1,8,27,0,24
5,7,17.0,95,1,11,1,3,44,0,6
5,7,17.0,95,1,16,1,6,7,0,6
5,3,2.0,120,4,9,1,8,27,0,22
4,6,15.0,49,1,13,3,12,80,0,1
4,6,20.0,215,3,18,0,5,12,2,29
4,6,20.0,215,3,13,0,10,22,2,29
5,5,28.0,259,4,13,0,10,23,3,18
5,10,28.0,216,1,21,0,0,12,3,18
5,10,28.0,216,1,2,3,9,57,0,18
0,7,1.0,98,2,2,0,13,29,1,7
5,8,29.0,301,1,7,3,14,25,3,16
5,2,21.0,108,6,9,0,4,127,4,21
3,0,2.0,47,1,10,3,4,136,4,22
5,11,18.0,332,3,18,0,14,107,1,0
5,11,25.0,88,3,6,0,2,2,1,13
5,11,25.0,88,3,21,1,14,97,0,13
5,11,25.0,88,3,21,2,6,89,0,13
5,11,25.0,88,3,12,0,14,24,2,13
5,11,28.0,123,2,0,0,2,40,1,18
5,11,28.0,123,2,22,0,10,22,0,18
5,11,28.0,123,2,8,1,9,27,0,18
5,9,18.0,359,2,16,0,16,74,1,0
5,9,18.0,359,2,1,0,16,50,1,0
5,9,25.0,344,2,0,0,5,12,3,13
5,9,25.0,344,2,0,0,5,12,1,13
5,9,25.0,344,2,17,0,12,56,4,13
5,9,18.0,359,2,13,1,12,121,1,0
5,9,25.0,344,2,8,0,7,62,3,13
5,9,25.0,344,2,2,0,9,95,1,13
5,9,27.0,179,5,7,1,0,31,0,15
5,9,27.0,179,5,2,0,12,17,2,15
4,7,23.0,202,1,23,1,5,64,0,17
4,7,23.0,202,1,22,1,2,86,0,17
4,7,23.0,202,1,4,0,5,6,3,17
4,7,23.0,202,1,18,0,2,40,1,17
4,3,2.0,120,5,6,1,15,108,0,22
4,3,2.0,120,5,23,0,12,80,2,22
4,3,8.0,148,4,15,0,12,17,3,8
4,3,8.0,148,4,21,1,9,101,0,8
4,3,8.0,148,4,15,1,1,59,4,8
4,3,18.0,165,3,20,0,13,99,2,0
4,3,18.0,165,3,20,1,2,2,0,0
4,3,18.0,165,3,23,1,14,24,1,0
4,5,7.0,349,5,5,1,8,9,4,11
4,5,7.0,349,5,13,2,16,130,3,11
4,5,7.0,349,5,11,0,3,30,3,11
4,5,7.0,349,5,13,0,6,132,3,11
4,5,7.0,349,5,15,3,4,66,0,11
4,5,8.0,199,6,16,2,14,97,3,8
4,5,8.0,199,6,11,0,2,2,2,8
4,5,8.0,199,6,20,0,4,82,1,8
4,5,8.0,199,6,0,1,14,32,0,8
4,5,8.0,199,6,15,0,16,130,3,8
4,5,8.0,199,6,13,0,4,45,0,8
4,5,10.0,155,0,15,0,13,21,0,4
4,7,18.0,154,4,17,3,6,116,4,0
4,7,26.0,316,5,20,0,0,68,1,3
4,7,27.0,53,6,6,0,10,22,1,15
4,7,24.0,68,2,22,1,0,15,2,14
4,7,27.0,53,6,13,0,2,86,1,15
4,7,27.0,53,6,4,0,6,126,3,15
5,3,12.0,104,3,9,0,1,105,3,28
4,6,11.0,355,5,6,0,10,22,2,9
4,7,23.0,202,1,14,0,13,28,1,17
5,9,27.0,179,5,15,0,13,29,0,15
5,3,12.0,104,3,1,0,3,103,3,28
4,6,11.0,355,5,19,2,10,22,1,9
4,6,11.0,355,5,18,1,11,124,2,9
4,11,14.0,147,4,19,0,10,22,2,5
5,9,27.0,179,5,12,2,13,13,3,15
4,6,16.0,38,2,20,0,5,12,1,2
5,9,27.0,179,5,6,0,9,134,0,15
4,3,4.0,285,3,5,0,5,12,1,30
4,11,14.0,147,4,2,2,7,129,3,5
5,9,2.0,323,0,5,0,3,115,1,22
4,7,23.0,202,1,18,0,16,50,1,17
4,6,16.0,38,2,1,0,0,68,3,2
5,9,1.0,126,3,8,0,7,57,3,7
4,11,17.0,110,3,6,1,0,12,1,6
5,9,2.0,323,0,8,0,2,3,3,22
4,7,9.0,273,1,4,3,16,139,0,12
4,6,17.0,244,4,21,1,3,44,0,6
5,9,3.0,217,1,6,0,7,20,0,27
4,11,13.0,312,2,17,0,12,135,1,25
4,11,4.0,275,0,13,1,0,26,1,30
5,9,26.0,267,4,4,1,11,133,0,3
5,9,26.0,267,4,12,0,4,136,0,3
5,9,26.0,267,4,5,0,1,59,2,3
5,6,11.0,355,4,8,3,12,100,0,9
3,2,1.0,16,6,5,3,0,0,4,7
4,6,14.0,173,0,4,2,9,57,0,5
4,11,3.0,288,3,1,0,9,134,1,27
4,9,28.0,315,3,14,1,10,23,1,18
3,10,1.0,208,1,17,0,9,102,3,7
4,9,28.0,315,3,22,0,9,57,2,18
4,7,28.0,34,3,12,0,10,47,2,18
4,7,29.0,268,0,11,1,0,15,1,16
4,7,29.0,268,0,22,0,7,120,2,16
4,7,14.0,125,3,14,1,11,90,0,5
4,7,14.0,125,3,18,0,8,19,0,5
5,4,4.0,178,3,22,0,5,64,3,30
4,11,5.0,240,1,2,3,12,17,0,24
5,4,4.0,178,3,19,0,11,129,1,30
5,8,27.0,78,3,8,0,9,93,2,15
5,11,8.0,283,4,8,0,13,36,2,8
5,9,3.0,217,1,23,2,3,79,0,27
4,5,19.0,146,2,11,2,12,80,3,10
4,5,19.0,146,2,0,1,2,123,0,10
4,5,19.0,146,2,8,2,1,59,0,10
4,5,19.0,146,2,9,0,5,64,1,10
4,5,19.0,146,2,9,1,9,93,4,10
4,5,19.0,146,2,9,1,3,115,1,10
5,5,7.0,349,4,13,0,3,76,2,11
4,5,8.0,199,6,12,0,0,53,3,8
4,5,8.0,199,6,4,3,6,7,3,8
4,5,10.0,155,0,11,0,0,68,4,4
4,3,18.0,165,3,4,0,10,52,1,0
4,3,18.0,165,3,14,0,12,80,4,0
4,3,18.0,165,3,22,0,10,23,3,0
4,3,18.0,165,3,9,0,16,42,1,0
4,5,7.0,349,5,1,0,7,20,1,11
4,5,8.0,199,6,6,2,15,119,3,8
4,5,7.0,349,5,9,1,2,2,0,11
4,5,8.0,199,6,8,0,15,31,3,8
4,5,10.0,155,0,6,0,5,12,3,4
4,5,10.0,155,0,0,1,10,47,0,4
4,5,7.0,349,5,14,0,5,12,0,11
4,10,11.0,298,3,17,1,0,26,0,9
4,10,11.0,298,3,6,1,3,79,1,9
4,10,11.0,298,3,3,1,1,105,4,9
4,10,11.0,298,3,12,0,3,70,1,9
4,10,16.0,201,5,12,0,0,53,4,2
4,10,16.0,201,5,11,1,6,73,4,2
4,10,16.0,201,5,9,0,1,35,0,2
4,10,25.0,56,3,6,1,8,9,0,13
4,10,25.0,56,3,21,0,3,30,3,13
4,10,25.0,56,3,3,0,10,47,2,13
4,6,16.0,38,2,6,0,3,76,4,2
4,6,16.0,38,2,17,0,11,94,3,2
5,0,26.0,14,6,13,1,0,31,2,3
4,6,16.0,38,2,0,1,2,123,4,2
4,6,16.0,38,2,19,0,5,6,0,2
4,6,16.0,38,2,19,0,7,129,2,2
4,6,16.0,38,2,1,0,0,12,1,2
4,6,17.0,244,4,5,0,9,95,3,6
4,6,17.0,244,4,5,1,3,76,4,6
4,6,17.0,244,4,19,0,10,47,0,6
4,6,25.0,39,5,14,2,9,87,0,13
4,6,18.0,308,5,22,0,9,93,1,0
4,6,18.0,308,5,13,0,10,47,0,0
4,6,19.0,291,6,17,0,13,48,3,10
4,10,8.0,213,4,12,0,1,67,2,8
4,10,24.0,261,6,14,2,2,13,3,14
4,1,17.0,63,1,18,0,8,27,1,6
4,10,17.0,256,6,9,1,10,52,1,6
4,3,1.0,180,4,22,3,9,10,1,7
4,6,19.0,291,6,20,0,3,70,1,10
4,6,19.0,291,6,15,0,15,37,0,10
4,6,19.0,291,6,3,0,14,25,0,10
4,6,19.0,291,6,8,0,1,11,1,10
4,6,19.0,291,6,8,0,11,15,4,10
4,3,27.0,361,1,18,1,0,53,4,15
4,5,1.0,109,6,2,2,5,6,3,7
4,5,1.0,109,6,3,2,8,27,2,7
4,5,9.0,206,3,2,0,10,22,3,12
4,5,25.0,350,1,7,1,2,123,2,13
5,9,3.0,217,1,16,0,6,73,3,27
4,3,2.0,120,5,0,1,10,12,0,22
5,9,3.0,217,1,3,2,9,57,3,27
4,9,8.0,90,0,5,0,6,91,1,8
4,5,17.0,212,0,20,0,6,7,2,6
4,11,17.0,110,3,19,0,5,12,3,6
4,3,2.0,120,5,11,0,1,11,4,22
4,3,2.0,120,5,5,0,1,35,1,22
4,3,7.0,289,2,5,1,12,56,2,11
4,3,7.0,289,2,18,0,3,76,1,11
4,3,7.0,289,2,18,0,8,65,1,11
4,3,9.0,44,5,17,0,4,121,3,12
4,3,9.0,44,5,12,1,14,32,0,12
4,3,10.0,4,6,0,1,9,27,0,4
4,3,9.0,44,5,3,0,3,70,2,12
4,3,10.0,4,6,9,1,10,47,1,4
4,3,7.0,289,2,23,1,5,12,0,11
4,3,17.0,54,6,8,1,12,83,4,6
4,11,1.0,222,5,17,1,5,64,1,7
4,3,10.0,4,6,10,1,11,124,1,4
4,9,23.0,167,1,1,0,6,89,4,17
4,9,23.0,167,1,1,0,6,106,3,17
4,9,25.0,344,4,11,0,1,105,2,13
4,9,25.0,344,4,14,0,10,22,2,13
4,7,8.0,94,0,16,1,7,111,0,8
4,7,8.0,94,0,7,1,10,22,0,8
4,3,2.0,120,5,3,0,4,75,4,22
4,3,2.0,120,5,13,0,8,41,2,22
4,3,2.0,120,5,8,0,15,46,2,22
5,9,3.0,217,1,5,0,2,13,1,27
4,3,2.0,120,5,12,0,0,12,1,22
4,3,2.0,120,5,14,0,13,29,4,22
4,3,2.0,120,5,9,0,12,17,1,22
4,3,2.0,120,5,9,0,9,95,3,22
4,3,18.0,165,3,0,1,9,93,0,0
4,3,18.0,165,3,15,0,0,68,2,0
4,3,18.0,165,3,2,0,0,77,3,0
4,6,1.0,158,1,9,1,15,108,4,7
4,11,26.0,364,1,1,1,9,101,4,3
4,9,15.0,226,0,0,1,0,77,0,1
4,9,15.0,226,0,11,2,15,37,0,1
4,9,15.0,226,0,15,0,1,11,1,1
4,9,15.0,226,0,12,0,12,84,1,1
4,9,15.0,226,0,4,2,5,6,0,1
4,9,16.0,107,1,4,3,6,126,3,2
4,9,24.0,272,2,7,0,8,9,4,14
4,9,24.0,272,2,6,2,6,89,3,14
4,9,24.0,272,2,5,0,1,59,4,14
4,7,7.0,293,3,16,1,16,37,1,11
4,7,7.0,293,3,15,1,12,56,4,11
4,7,7.0,293,3,19,0,0,85,4,11
4,7,7.0,293,3,10,0,11,10,1,11
4,7,9.0,273,1,21,1,1,105,0,12
4,7,9.0,273,1,17,1,7,20,4,12
4,7,9.0,273,1,3,2,14,110,2,12
4,7,10.0,329,2,6,0,5,64,3,4
4,7,9.0,273,1,19,1,11,55,4,12
4,7,10.0,329,2,7,0,0,12,1,4
4,7,10.0,329,2,10,0,12,56,1,4
4,9,24.0,272,2,18,1,1,105,0,14
4,7,10.0,329,2,12,1,0,77,0,4
4,7,9.0,273,1,12,0,10,22,0,12
4,7,23.0,202,1,8,0,7,62,0,17
4,9,24.0,272,2,21,0,9,102,1,14
4,9,24.0,272,2,8,0,14,25,1,14
4,9,24.0,272,2,22,2,8,118,4,14
4,9,24.0,272,2,1,0,10,47,2,14
4,7,9.0,273,1,16,1,15,46,0,12
4,7,9.0,273,1,8,0,16,130,0,12
5,9,18.0,359,2,12,0,13,48,2,0
5,9,18.0,359,2,4,2,11,133,3,0
5,9,25.0,344,2,16,0,5,12,0,13
5,9,25.0,344,2,8,2,10,47,0,13
5,9,25.0,344,2,12,0,2,69,0,13
5,9,27.0,179,5,15,1,12,17,4,15
5,9,27.0,179,5,13,1,2,86,4,15
5,9,27.0,179,5,18,0,5,64,3,15
5,9,27.0,179,5,1,0,5,6,0,15
5,9,28.0,315,6,17,0,13,48,4,18
4,7,16.0,40,1,13,1,15,46,0,2
5,11,1.0,222,4,17,1,12,61,4,7
4,11,18.0,332,0,0,0,0,12,3,0
4,5,17.0,212,0,8,0,15,46,3,6
4,7,16.0,40,1,14,0,11,117,1,2
5,8,1.0,66,1,4,0,13,13,1,7
4,3,16.0,263,5,13,0,3,30,3,2
4,3,16.0,263,5,12,1,11,90,1,2
4,6,17.0,244,4,3,0,10,47,0,6
4,6,25.0,39,5,20,0,8,41,2,13
4,6,25.0,39,5,21,1,6,14,0,13
4,6,25.0,39,5,4,2,2,86,3,13
4,6,26.0,348,6,17,0,9,10,1,3
4,6,26.0,348,6,10,2,16,74,3,3
4,6,26.0,348,6,15,0,9,93,2,3
4,6,26.0,348,6,6,0,2,86,3,3
4,6,10.0,149,4,16,1,10,43,1,4
4,10,2.0,358,5,0,0,16,139,1,22
4,10,2.0,358,5,0,0,16,113,1,22
4,3,2.0,120,5,14,0,1,16,4,22
4,3,8.0,148,4,23,1,8,9,0,8
4,3,8.0,148,4,17,1,2,3,2,8
4,3,8.0,148,4,15,1,1,67,4,8
4,3,8.0,148,4,14,0,9,10,0,8
4,3,8.0,148,4,9,0,13,38,1,8
4,3,8.0,148,4,20,0,14,24,2,8
4,3,18.0,165,3,6,1,16,50,0,0
4,5,7.0,349,5,16,1,16,50,2,11
4,5,7.0,349,5,8,0,6,7,4,11
4,3,8.0,148,4,8,0,1,67,0,8
4,5,8.0,199,6,1,0,1,81,0,8
5,3,16.0,263,4,4,0,1,1,2,2
5,3,16.0,263,4,10,0,5,6,0,2
4,6,24.0,31,4,5,0,2,40,1,14
4,6,24.0,31,4,21,3,0,77,1,14
4,5,7.0,349,5,1,0,13,36,1,11
4,5,7.0,349,5,18,0,3,115,3,11
5,7,8.0,94,3,1,0,13,13,2,8
5,7,8.0,94,3,3,0,8,9,2,8
5,7,9.0,273,0,3,0,7,20,2,12
5,7,9.0,273,0,23,2,10,47,3,12
5,7,11.0,197,2,17,0,5,6,2,9
5,11,9.0,311,5,0,3,13,29,1,12
5,11,9.0,311,5,22,0,9,27,0,12
5,11,9.0,311,5,19,0,1,67,0,12
5,11,11.0,175,3,16,0,0,12,3,9
5,11,11.0,175,3,16,2,10,47,3,9
5,11,11.0,175,3,8,0,7,137,4,9
5,8,13.0,189,3,9,1,8,41,2,25
5,4,12.0,134,0,3,0,4,66,2,28
5,10,1.0,208,2,5,0,6,7,1,7
5,0,29.0,191,1,8,3,5,6,0,16
5,1,1.0,203,6,20,1,8,9,2,7
5,10,1.0,208,2,3,0,13,99,1,7
5,11,9.0,311,5,11,0,13,38,2,12
5,11,18.0,332,3,3,0,3,79,1,0
5,11,18.0,332,3,14,3,10,43,3,0
4,3,9.0,44,5,7,1,13,21,2,12
4,3,9.0,44,5,4,0,15,108,3,12
4,3,10.0,4,6,12,0,2,86,2,4
4,3,15.0,35,4,12,0,9,9,2,1
4,3,15.0,35,4,9,2,1,11,3,1
4,3,17.0,54,6,6,0,2,86,3,6
4,3,17.0,54,6,22,2,1,35,3,6
4,3,17.0,54,6,5,2,8,33,2,6
4,3,17.0,54,6,1,0,0,26,1,6
4,3,1.0,180,4,19,3,14,106,3,7
4,3,7.0,289,2,17,0,6,7,1,11
4,3,17.0,54,6,1,0,0,31,0,6
4,3,17.0,54,6,18,0,1,16,4,6
5,7,29.0,268,3,13,0,2,2,2,16
4,3,17.0,54,6,14,0,15,108,1,6
4,3,17.0,54,6,18,2,4,138,3,6
4,3,27.0,361,1,6,3,8,118,1,15
4,7,26.0,316,5,17,0,10,22,1,3
5,9,2.0,323,0,19,2,11,15,3,22
5,9,3.0,217,1,8,0,6,91,4,27
5,9,8.0,90,3,13,0,0,64,3,8
5,9,3.0,217,1,19,1,9,101,4,27
5,9,3.0,217,1,9,0,15,119,3,27
4,5,17.0,212,0,11,1,2,13,1,6
5,6,1.0,158,0,17,0,4,5,4,7
5,9,8.0,90,3,1,0,9,57,1,8
5,9,9.0,320,0,20,2,10,47,3,12
5,9,9.0,320,0,22,0,4,4,1,12
5,9,18.0,359,2,17,0,4,75,3,0
5,9,18.0,359,2,0,0,8,9,3,0
5,9,18.0,359,2,22,0,15,96,0,0
5,9,18.0,359,2,8,0,15,39,1,0
5,9,27.0,179,5,15,0,0,53,1,15
5,9,27.0,179,5,12,0,9,49,2,15
4,11,23.0,232,6,12,0,1,11,4,17
5,9,28.0,315,6,1,0,8,118,1,18
5,9,28.0,315,6,14,1,16,72,4,18
5,9,28.0,315,6,6,1,15,31,4,18
5,7,1.0,98,3,17,0,4,75,4,7
5,7,1.0,98,3,21,2,10,22,3,7
5,7,1.0,98,3,20,0,6,7,1,7
5,9,28.0,315,6,8,0,16,50,3,18
5,9,27.0,179,5,6,0,10,47,0,15
5,7,1.0,98,3,2,2,1,11,0,7
5,7,1.0,98,3,19,0,9,101,2,7
5,7,1.0,98,3,8,0,16,50,3,7
5,7,1.0,98,3,19,1,9,10,4,7
5,7,3.0,269,1,3,0,5,6,3,27
5,7,3.0,269,1,8,0,8,41,1,27
5,7,3.0,269,1,4,1,9,58,4,27
5,7,8.0,94,3,0,1,1,35,0,8
5,7,8.0,94,3,22,0,16,37,3,8
5,7,8.0,94,3,14,2,2,3,2,8
4,5,5.0,96,2,17,0,6,89,3,24
4,11,22.0,250,5,14,1,15,96,0,26
5,5,1.0,109,5,17,3,4,75,0,7
4,11,29.0,270,5,12,1,3,44,0,16
4,9,27.0,179,6,11,1,11,18,1,15
4,3,12.0,104,0,8,0,10,22,2,28
5,7,10.0,329,1,5,1,7,137,0,4
5,3,11.0,337,6,17,0,4,82,2,9
4,3,30.0,304,5,18,0,15,51,0,19
4,5,5.0,96,2,14,2,16,72,2,24
4,6,3.0,99,4,1,3,5,12,0,27
4,3,22.0,166,4,18,1,10,47,0,26
4,11,22.0,250,5,4,0,5,6,0,26
5,9,17.0,255,1,18,1,15,51,2,6
4,3,11.0,337,3,11,1,11,117,1,9
4,3,19.0,138,0,15,3,4,138,0,10
4,5,23.0,168,3,18,1,0,53,0,17
5,7,10.0,329,1,18,0,10,22,2,4
4,6,7.0,169,0,12,1,4,121,0,11
4,6,7.0,169,0,11,0,6,128,2,11
4,7,9.0,273,1,20,0,14,106,4,12
4,7,9.0,273,1,1,2,6,89,0,12
4,7,10.0,329,2,5,0,8,27,1,4
4,7,10.0,329,2,23,0,8,9,4,4
4,7,10.0,329,2,14,1,4,136,2,4
4,11,8.0,283,5,4,3,11,15,0,8
4,11,14.0,147,4,11,1,0,26,1,5
4,11,23.0,232,6,5,0,7,137,3,17
4,9,9.0,320,1,1,1,11,18,1,12
4,7,23.0,202,1,13,1,9,109,4,17
4,7,7.0,293,3,23,0,5,6,3,11
4,7,15.0,205,0,14,0,16,72,0,1
4,7,18.0,154,4,21,1,11,124,0,0
4,7,18.0,154,4,15,0,13,29,1,0
4,7,15.0,205,0,23,0,5,6,0,1
4,7,18.0,154,4,2,0,2,13,1,0
4,11,23.0,232,6,23,1,8,19,4,17
4,11,26.0,364,1,0,0,0,12,3,3
4,11,26.0,364,1,0,2,13,29,3,3
4,11,26.0,364,1,3,0,8,41,3,3
4,11,26.0,364,1,15,0,6,116,1,3
4,11,26.0,364,1,4,0,4,136,0,3
4,7,27.0,53,6,3,0,12,56,0,15
4,7,27.0,53,6,13,1,9,87,4,15
4,7,27.0,53,6,14,0,13,99,4,15
4,3,1.0,180,4,17,1,6,14,0,7
4,3,1.0,180,4,7,1,1,81,0,7
4,3,7.0,289,2,8,0,9,93,3,11
4,3,9.0,44,5,15,0,4,138,3,12
4,3,9.0,44,5,2,0,0,53,3,12
4,3,9.0,44,5,14,0,15,39,3,12
4,9,6.0,51,6,13,0,4,5,1,23
4,9,7.0,271,3,11,0,0,31,3,11
4,9,7.0,271,3,13,1,2,2,1,11
4,9,7.0,271,3,4,0,3,76,3,11
4,9,18.0,359,4,21,0,0,15,0,0
4,9,18.0,359,4,23,2,10,47,3,0
4,9,18.0,359,4,2,0,2,86,1,0
4,9,18.0,359,4,19,2,10,47,0,0
4,9,23.0,167,1,6,0,0,77,1,17
4,9,23.0,167,1,13,0,9,63,0,17
4,9,23.0,167,1,14,0,10,12,0,17
4,9,25.0,344,4,17,1,0,31,0,13
4,9,18.0,359,4,6,1,14,25,0,0
4,9,25.0,344,4,2,0,16,72,2,13
4,11,26.0,364,1,19,2,7,20,3,3
5,2,15.0,130,3,15,1,0,85,1,1
5,2,17.0,6,1,9,1,5,12,0,6
4,5,16.0,239,3,2,3,13,29,4,2
4,6,1.0,158,1,8,0,5,64,3,7
5,9,21.0,362,6,12,0,5,6,2,21
5,9,21.0,362,6,22,3,10,47,2,21
5,7,5.0,204,4,6,3,2,2,0,24
4,11,8.0,283,5,14,0,5,6,3,8
5,0,7.0,15,0,17,1,3,103,1,11
4,9,9.0,320,1,17,2,13,38,2,12
4,9,15.0,226,0,23,0,5,0,3,1
4,9,15.0,226,0,3,1,9,93,4,1
4,9,15.0,226,0,3,0,13,48,0,1
4,9,15.0,226,0,12,0,0,12,3,1
4,9,15.0,226,0,14,0,14,24,2,1
4,9,15.0,226,0,4,0,14,24,2,1
4,9,15.0,226,0,18,1,15,31,0,1
4,9,16.0,107,1,14,1,9,134,4,2
4,9,16.0,107,1,1,0,16,74,1,2
4,9,16.0,107,1,4,0,9,87,4,2
4,9,24.0,272,2,16,0,5,6,3,14
4,9,25.0,344,4,8,2,2,123,3,13
4,9,25.0,344,4,15,1,12,121,1,13
4,7,1.0,98,0,1,0,1,11,1,7
4,7,1.0,98,0,14,0,3,30,1,7
4,7,8.0,94,0,20,0,8,41,2,8
4,7,8.0,94,0,8,0,2,2,4,8
4,7,8.0,94,0,13,1,14,32,4,8
4,7,8.0,94,0,9,2,13,99,0,8
4,7,8.0,94,0,16,1,5,64,0,8
4,7,24.0,68,2,0,0,16,72,1,14
4,7,24.0,68,2,5,0,8,9,0,14
4,7,26.0,316,5,0,0,11,15,0,3
4,5,24.0,58,0,11,0,4,127,3,14
5,5,16.0,239,6,22,0,11,18,2,2
4,7,26.0,316,5,8,0,6,89,1,3
4,7,27.0,53,6,2,0,8,9,3,15
4,7,27.0,53,6,15,1,9,10,4,15
4,7,27.0,53,6,8,0,10,22,2,15
4,7,27.0,53,6,14,0,0,15,2,15
4,7,27.0,53,6,13,1,12,104,4,15
4,3,1.0,180,4,17,0,3,70,1,7
4,3,1.0,180,4,0,0,3,30,4,7
4,3,1.0,180,4,16,0,2,2,0,7
4,3,1.0,180,4,0,1,10,22,0,7
4,3,1.0,180,4,19,0,10,47,0,7
4,3,7.0,289,2,6,0,4,138,3,11
4,9,24.0,272,2,20,0,7,111,1,14
4,9,24.0,272,2,16,1,5,64,0,14
4,9,24.0,272,2,3,0,10,23,1,14
4,9,24.0,272,2,1,0,14,25,0,14
4,7,7.0,293,3,17,0,14,107,1,11
4,7,7.0,293,3,13,0,4,127,1,11
4,7,7.0,293,3,2,2,9,93,3,11
4,7,7.0,293,3,13,1,12,58,4,11
5,5,16.0,239,6,1,1,13,28,0,2
5,5,16.0,239,6,14,1,5,6,2,2
4,10,10.0,245,6,22,1,16,50,1,4
4,10,10.0,245,6,12,3,13,13,0,4
4,10,24.0,261,6,12,0,16,72,3,14
4,5,26.0,37,2,17,0,3,76,1,3
4,3,10.0,4,6,18,2,1,16,3,4
4,3,7.0,289,2,16,0,11,94,2,11
4,3,15.0,35,4,13,0,9,134,2,1
4,3,15.0,35,4,18,1,10,47,0,1
4,3,17.0,54,6,17,1,1,67,0,6
4,3,17.0,54,6,2,0,16,37,0,6
4,3,27.0,361,1,13,2,13,38,3,15
4,3,27.0,361,1,4,2,9,57,0,15
4,3,27.0,361,1,12,0,2,92,0,15
4,3,27.0,361,1,1,0,2,86,4,15
4,5,1.0,109,6,21,1,15,51,0,7
4,5,1.0,109,6,1,0,12,104,4,7
4,6,27.0,116,3,2,3,8,19,0,15
4,7,23.0,202,1,14,0,10,47,2,17
4,11,23.0,232,6,17,3,8,27,4,17
5,7,6.0,93,5,17,1,16,37,0,23
4,7,23.0,202,1,18,0,11,133,2,17
4,3,2.0,120,5,16,0,4,4,3,22
4,3,2.0,120,5,9,0,9,54,4,22
4,3,8.0,148,4,15,1,12,121,1,8
4,5,8.0,199,6,23,0,16,139,4,8
4,5,8.0,199,6,12,0,0,64,3,8
4,5,8.0,199,6,8,1,15,46,1,8
4,5,8.0,199,6,19,0,10,22,3,8
4,5,8.0,199,6,3,1,15,119,1,8
4,5,8.0,199,6,18,0,0,15,1,8
4,5,10.0,155,0,3,2,1,59,3,4
4,5,16.0,239,3,15,0,16,74,2,2
4,5,16.0,239,3,5,1,2,2,1,2
4,5,16.0,239,3,1,2,11,117,3,2
4,5,16.0,239,3,1,2,8,9,3,2
4,5,18.0,195,1,7,0,8,27,3,0
4,5,18.0,195,1,5,0,10,23,0,0
4,5,18.0,195,1,6,1,3,115,4,0
4,5,18.0,195,1,14,0,10,22,1,0
4,5,18.0,195,1,14,2,1,35,3,0
5,0,1.0,8,1,17,0,8,118,1,7
5,5,8.0,199,5,15,0,0,64,0,8
5,5,16.0,239,6,4,1,15,31,4,2
5,5,16.0,239,6,23,0,1,81,4,2
4,5,1.0,109,6,23,0,14,24,2,7
4,5,25.0,350,1,16,0,0,26,1,13
4,5,25.0,350,1,0,2,9,102,3,13
4,5,25.0,350,1,8,0,7,20,4,13
4,5,25.0,350,1,4,0,4,127,1,13
4,5,26.0,37,2,6,0,13,36,1,3
4,5,26.0,37,2,4,0,10,47,2,3
4,5,26.0,37,2,17,0,0,26,1,3
4,5,27.0,328,4,16,0,3,76,0,15
4,5,27.0,328,4,13,0,10,22,0,15
4,5,27.0,328,4,8,3,9,93,0,15
4,6,8.0,59,1,19,0,4,76,3,8
4,6,8.0,59,1,1,0,5,6,0,8
4,6,8.0,59,1,4,0,16,42,1,8
4,6,9.0,236,2,21,1,7,57,2,12
4,6,9.0,236,2,2,0,4,5,1,12
4,6,9.0,236,2,14,0,12,100,0,12
4,6,9.0,236,2,2,0,11,133,2,12
4,6,9.0,236,2,18,0,14,107,1,12
4,6,18.0,308,5,7,0,8,27,3,0
5,9,9.0,320,0,20,0,2,13,1,12
5,9,9.0,320,0,17,1,13,69,1,12
5,9,9.0,320,0,15,2,9,10,0,12
5,9,9.0,320,0,13,2,9,93,0,12
5,9,9.0,320,0,16,3,9,57,0,12
5,9,18.0,359,2,16,0,16,72,1,0
5,9,18.0,359,2,5,0,2,40,1,0
5,9,18.0,359,2,9,2,7,111,1,0
5,9,25.0,344,2,16,0,2,2,0,13
5,9,25.0,344,2,10,1,2,3,0,13
4,5,24.0,58,0,22,0,10,47,0,14
4,6,2.0,352,2,16,2,6,14,3,22
4,6,2.0,352,2,23,1,10,47,1,22
4,6,2.0,352,2,2,2,2,86,1,22
5,9,22.0,92,3,23,0,9,101,2,26
3,8,4.0,299,4,20,0,7,120,4,30
2,8,1.0,77,3,17,0,12,121,1,7
4,11,31.0,227,3,13,1,3,70,1,20
4,6,10.0,149,4,21,1,9,101,0,4
4,6,10.0,149,4,19,1,10,43,2,4
4,6,11.0,355,5,16,0,0,64,0,9
4,6,11.0,355,5,16,0,6,14,3,9
4,6,10.0,149,4,10,1,5,64,0,4
4,6,11.0,355,5,20,0,14,106,4,9
4,6,11.0,355,5,8,1,12,80,1,9
4,6,11.0,355,5,18,0,5,6,0,9
4,5,24.0,58,0,8,0,11,117,1,14
4,5,24.0,58,0,12,0,9,95,3,14
4,5,17.0,212,0,15,1,10,52,2,6
4,6,2.0,352,2,21,1,5,64,0,22
4,7,24.0,68,2,20,0,2,92,1,14
4,7,26.0,316,5,0,0,16,74,1,3
4,7,26.0,316,5,0,1,5,64,0,3
4,7,26.0,316,5,2,0,6,7,3,3
4,7,26.0,316,5,18,0,13,21,1,3
4,7,27.0,53,6,15,0,16,50,1,15
4,7,27.0,53,6,13,0,0,0,3,15
4,7,27.0,53,6,13,0,12,84,1,15
4,7,27.0,53,6,2,2,8,9,3,15
4,7,27.0,53,6,5,1,0,53,4,15
4,3,1.0,180,4,17,0,13,21,4,7
4,3,1.0,180,4,13,0,13,48,2,7
4,3,1.0,180,4,2,0,6,7,0,7
4,7,27.0,53,6,2,1,0,26,2,15
4,3,7.0,289,2,0,1,6,7,0,11
4,3,7.0,289,2,13,0,11,58,2,11
4,3,7.0,289,2,19,0,13,38,3,11
4,3,9.0,44,5,17,1,10,22,0,12
4,3,9.0,44,5,15,0,13,48,4,12
4,3,9.0,44,5,13,0,7,57,0,12
5,11,3.0,288,6,2,1,0,77,1,27
4,7,3.0,269,2,8,0,15,114,2,27
5,2,12.0,128,4,6,0,3,76,1,28
4,3,30.0,304,5,13,0,13,29,2,19
5,7,2.0,160,0,18,0,4,4,1,22
5,0,22.0,241,1,22,0,5,12,3,26
3,0,1.0,8,0,13,0,8,27,1,7
5,3,1.0,180,2,17,0,3,115,4,7
4,9,3.0,217,2,5,1,9,95,4,27
5,10,28.0,216,1,22,0,13,21,3,18
5,8,4.0,299,5,11,1,12,61,1,30
5,1,28.0,300,5,22,1,6,91,1,18
5,4,29.0,313,4,19,0,5,6,0,16
5,4,30.0,139,5,12,0,4,138,0,19
5,4,29.0,313,4,6,0,11,15,2,16
5,4,30.0,139,5,14,1,7,57,0,19
5,11,10.0,360,6,14,0,15,51,3,4
5,11,10.0,360,6,4,1,15,46,0,4
5,2,21.0,108,6,20,1,11,98,4,21
5,11,27.0,322,1,9,1,2,2,0,15
4,7,30.0,42,1,21,1,11,15,1,19
4,5,23.0,168,3,4,1,3,30,0,17
4,6,2.0,352,2,8,0,2,2,1,22
4,6,2.0,352,2,3,0,5,6,0,22
4,6,2.0,352,2,9,0,14,24,1,22
4,6,10.0,149,4,0,0,14,107,1,4
4,6,10.0,149,4,8,0,15,39,0,4
4,6,10.0,149,4,3,1,9,93,1,4
4,11,15.0,331,5,4,3,12,56,4,1
4,11,16.0,225,6,18,0,8,41,2,2
4,11,31.0,227,3,19,3,13,29,1,20
4,7,25.0,41,4,6,1,8,33,0,13
4,3,26.0,343,0,4,1,13,29,0,3
4,5,17.0,212,0,17,1,8,33,0,6
5,1,14.0,183,5,22,1,14,106,4,5
5,1,15.0,1,6,14,0,11,117,3,1
5,1,16.0,2,3,13,0,1,105,0,2
5,1,17.0,63,0,16,1,12,56,4,6
5,1,16.0,2,3,8,0,5,6,3,2
5,1,17.0,63,0,5,2,2,2,0,6
5,8,6.0,87,3,9,1,6,7,0,23
5,8,6.0,87,3,22,0,11,133,4,23
5,8,6.0,87,3,0,1,2,86,0,23
5,8,6.0,87,3,8,0,3,76,3,23
5,6,5.0,342,5,12,0,9,87,3,24
5,2,9.0,21,0,10,0,13,38,1,12
5,8,9.0,124,2,1,0,10,47,3,12
3,11,1.0,222,2,17,0,12,80,4,7
5,1,8.0,62,6,14,0,14,24,1,8
5,1,16.0,2,3,12,0,15,51,0,2
5,1,17.0,63,0,4,2,8,19,0,6
5,1,22.0,164,6,15,1,5,64,1,26
5,6,13.0,317,6,18,0,9,95,3,25
5,10,9.0,150,4,13,1,16,72,0,12
5,8,6.0,87,3,8,1,15,119,4,23
5,1,23.0,69,3,18,2,11,98,2,17
5,1,23.0,69,3,14,0,15,46,4,17
5,8,6.0,87,3,21,0,4,75,1,23
5,8,6.0,87,3,11,0,9,57,0,23
5,8,6.0,87,3,19,0,13,13,1,23
5,8,6.0,87,3,8,2,1,59,3,23
5,8,17.0,74,4,15,0,0,26,3,6
5,8,23.0,102,2,19,0,13,29,3,17
5,8,23.0,102,2,19,1,1,105,4,17
5,8,25.0,86,5,3,0,1,35,4,13
5,8,25.0,86,5,19,0,2,86,1,13
5,4,1.0,144,4,16,2,10,22,3,7
5,4,1.0,144,4,5,0,14,24,2,7
5,4,6.0,176,1,17,0,6,128,1,23
5,4,26.0,80,0,18,0,14,107,1,3
5,4,6.0,176,1,0,0,13,28,4,23
5,4,31.0,67,6,0,1,11,18,0,20
5,4,31.0,67,6,14,1,7,111,0,20
5,4,31.0,67,6,13,1,11,10,4,20
5,0,8.0,9,1,12,0,10,43,2,8
5,1,8.0,62,6,22,0,8,9,0,8
5,1,22.0,164,6,5,0,2,3,4,26
5,1,23.0,69,3,6,1,8,33,2,17
5,1,23.0,69,3,20,0,9,101,4,17
5,8,6.0,87,3,17,0,2,86,1,23
5,8,6.0,87,3,11,0,11,18,3,23
5,8,6.0,87,3,2,0,10,22,3,23
5,8,6.0,87,3,14,0,13,36,4,23
5,8,6.0,87,3,1,0,15,39,3,23
5,8,17.0,74,4,16,0,7,20,3,6
5,8,17.0,74,4,22,0,15,39,0,6
5,8,17.0,74,4,9,0,3,79,1,6
5,8,17.0,74,4,9,0,10,23,3,6
5,8,23.0,102,2,21,1,9,95,0,17
5,8,23.0,102,2,17,0,10,47,1,17
5,8,23.0,102,2,13,0,14,34,3,17
5,8,25.0,86,5,17,0,0,12,3,13
5,8,25.0,86,5,3,0,8,9,0,13
5,1,15.0,1,6,3,1,1,59,1,1
5,8,25.0,86,5,1,0,13,29,4,13
5,1,8.0,62,6,20,0,3,30,0,8
5,4,31.0,67,6,8,2,9,9,3,20
5,0,8.0,9,1,13,1,9,87,4,8
5,4,1.0,144,4,22,0,10,47,3,7
5,4,1.0,144,4,8,1,12,17,4,7
5,0,8.0,9,1,20,0,7,111,1,8
5,0,8.0,9,1,8,0,5,6,0,8
5,0,8.0,9,1,19,1,11,98,4,8
5,0,8.0,9,1,9,0,13,48,0,8
5,0,9.0,48,2,16,0,12,56,0,12
5,0,9.0,48,2,6,0,10,30,0,12
5,0,9.0,48,2,1,0,2,71,1,12
5,0,15.0,190,1,2,0,14,25,0,1
5,0,15.0,190,1,12,0,9,54,1,1
5,0,15.0,190,1,1,0,9,101,3,1
5,0,15.0,190,1,16,1,15,85,0,1
5,0,15.0,190,1,13,0,9,95,1,1
5,0,15.0,190,1,12,0,5,6,3,1
5,6,21.0,193,3,18,0,14,110,1,21
3,0,27.0,23,6,15,3,9,9,4,15
5,5,26.0,37,1,17,0,15,114,2,3
5,1,27.0,262,4,13,3,14,110,0,15
5,11,28.0,123,2,13,1,9,95,2,18
5,9,18.0,359,2,16,1,10,47,1,0
5,7,3.0,269,1,8,1,5,6,1,27
5,9,28.0,315,6,20,3,8,27,1,18
5,3,19.0,138,3,12,2,5,64,3,10
5,5,17.0,212,3,6,0,15,96,3,6
5,8,8.0,76,1,14,0,8,9,1,8
5,0,26.0,14,6,19,1,9,134,4,3
5,10,9.0,150,4,1,0,5,6,2,12
5,2,9.0,21,0,20,0,10,22,1,12
5,8,8.0,76,1,0,1,0,64,0,8
5,0,27.0,23,3,13,1,0,77,0,15
5,0,16.0,11,2,19,0,11,98,1,2
5,10,16.0,201,4,19,0,5,12,2,2
5,4,24.0,27,6,2,0,2,69,0,14
5,10,9.0,150,4,9,0,6,14,3,12
5,4,8.0,292,4,22,0,3,103,3,8
5,2,9.0,21,0,20,0,14,24,2,12
5,0,27.0,23,3,12,2,14,24,3,15
5,0,16.0,11,2,8,2,15,114,2,2
5,0,26.0,14,6,11,0,3,30,1,3
5,2,1.0,16,3,20,0,9,102,2,7
5,10,15.0,60,2,17,0,9,101,3,1
5,8,8.0,76,1,13,1,1,59,4,8
5,4,8.0,292,4,1,0,12,104,4,8
5,0,2.0,47,2,0,0,10,47,0,22
5,0,10.0,129,4,5,0,14,24,2,4
5,10,16.0,201,4,4,1,5,6,2,2
5,0,16.0,11,2,21,1,15,51,1,2
5,0,27.0,23,3,22,0,10,22,1,15
5,2,1.0,16,3,14,0,10,23,3,7
5,10,15.0,60,2,5,0,5,0,2,1
5,8,9.0,124,2,5,0,0,77,1,12
5,8,25.0,86,5,22,1,14,25,4,13
5,0,2.0,47,2,6,0,1,1,4,22
5,0,2.0,47,2,9,0,14,32,3,22
5,0,2.0,47,2,12,1,9,63,4,22
5,0,10.0,129,4,19,0,10,22,3,4
4,11,16.0,225,6,15,0,4,45,3,2
4,11,16.0,225,6,13,1,15,39,1,2
4,11,16.0,225,6,13,0,4,138,2,2
4,11,16.0,225,6,14,0,8,19,4,2
4,11,16.0,225,6,3,1,7,54,1,2
4,11,25.0,88,0,22,2,15,46,0,13
4,11,25.0,88,0,1,0,8,9,0,13
4,11,31.0,227,3,20,0,2,2,1,20
4,11,31.0,227,3,14,2,5,64,0,20
4,11,31.0,227,3,1,0,3,79,1,20
4,9,8.0,90,0,6,2,1,16,3,8
4,9,8.0,90,0,4,0,10,22,1,8
4,9,10.0,156,2,9,0,6,128,0,4
4,9,26.0,267,5,17,1,10,47,0,3
5,4,31.0,67,6,3,0,6,7,2,20
5,4,31.0,67,6,3,0,8,9,3,20
5,4,31.0,67,6,9,0,2,69,2,20
5,2,15.0,130,3,13,0,5,6,0,1
5,2,15.0,130,3,4,1,9,101,4,1
5,2,15.0,130,3,2,0,8,9,2,1
5,2,17.0,6,1,16,0,0,15,2,6
5,2,17.0,6,1,21,0,1,67,0,6
5,2,17.0,6,1,11,1,7,111,1,6
5,4,7.0,133,2,1,0,1,35,2,11
5,4,6.0,176,1,2,0,15,112,4,23
5,4,6.0,176,1,2,1,10,43,0,23
5,2,17.0,6,1,2,0,15,31,1,6
5,0,7.0,15,0,8,0,5,6,3,11
5,0,7.0,15,0,4,0,10,133,3,11
5,0,7.0,15,0,9,1,4,66,0,11
5,4,31.0,67,6,9,0,1,11,4,20
5,4,31.0,67,6,6,1,8,9,1,20
5,2,15.0,130,3,6,1,7,57,2,1
5,2,15.0,130,3,20,1,14,126,4,1
5,2,17.0,6,1,17,2,2,69,0,6
5,2,17.0,6,1,10,1,0,96,0,6
4,7,2.0,160,1,6,0,5,12,3,22
4,7,2.0,160,1,11,0,6,89,1,22
4,7,2.0,160,1,10,2,0,12,3,22
4,7,2.0,160,1,20,1,11,15,4,22
4,7,2.0,160,1,2,0,12,121,3,22
4,7,2.0,160,1,18,0,2,13,4,22
4,7,2.0,160,1,12,1,1,1,4,22
4,7,2.0,160,1,1,1,12,61,4,22
4,7,16.0,40,1,21,0,2,86,1,2
4,7,16.0,40,1,18,0,2,86,1,2
4,9,8.0,90,0,1,0,8,19,2,8
4,9,10.0,156,2,0,2,8,27,3,4
4,9,10.0,156,2,7,1,2,92,2,4
4,9,10.0,156,2,13,0,5,6,3,4
4,9,10.0,156,2,3,0,6,116,1,4
4,9,10.0,156,2,19,0,9,9,0,4
4,9,17.0,255,2,5,0,4,75,3,6
4,9,17.0,255,2,22,3,5,6,0,6
4,9,26.0,267,5,8,0,10,47,0,3
5,4,24.0,27,6,16,2,0,64,3,14
4,9,26.0,267,5,13,0,6,128,1,3
4,7,2.0,160,1,16,0,5,12,0,22
5,2,17.0,6,1,13,0,10,23,1,6
5,2,17.0,6,1,14,0,8,9,1,6
5,2,17.0,6,1,4,1,7,129,4,6
5,2,17.0,6,1,5,1,12,56,4,6
5,2,23.0,230,0,17,2,14,107,1,17
5,2,23.0,230,0,6,0,0,12,0,17
5,2,23.0,230,0,19,0,9,95,3,17
5,0,7.0,15,0,21,1,2,2,0,11
5,0,8.0,9,1,21,0,11,15,3,8
5,0,8.0,9,1,12,1,12,135,4,8
5,0,8.0,9,1,13,0,0,12,1,8
5,0,9.0,48,2,3,0,8,9,4,12
5,0,9.0,48,2,12,1,1,59,4,12
5,0,16.0,11,2,21,1,0,0,0,2
5,0,16.0,11,2,22,0,10,47,3,2
5,0,24.0,55,4,5,0,5,64,1,14
5,0,24.0,55,4,17,1,11,124,0,14
5,0,24.0,55,4,9,2,6,7,3,14
5,0,24.0,55,4,18,2,3,79,3,14
5,1,14.0,183,5,22,0,1,59,0,5
5,1,14.0,183,5,19,0,14,126,1,5
5,1,14.0,183,5,22,0,11,133,1,5
5,1,14.0,183,5,18,0,10,52,3,5
5,1,15.0,1,6,7,1,7,111,4,1
5,1,14.0,183,5,4,0,9,27,0,5
5,1,15.0,1,6,6,1,11,18,1,1
4,11,7.0,253,4,15,2,6,89,2,11
4,11,7.0,253,4,15,0,5,6,0,11
5,8,25.0,86,5,2,2,12,135,3,13
4,11,14.0,147,4,13,0,5,6,0,5
5,10,22.0,314,2,13,0,4,121,1,26
5,2,9.0,21,0,8,0,2,86,1,12
4,11,7.0,253,4,4,2,9,49,3,11
5,10,22.0,314,2,8,0,6,91,1,26
5,1,7.0,32,5,13,0,3,76,4,11
4,11,8.0,283,5,8,0,5,12,2,8
5,4,1.0,144,4,17,1,11,15,0,7
4,11,7.0,253,4,21,1,3,4,0,11
4,11,15.0,331,5,0,1,0,53,2,1
5,2,9.0,21,0,1,0,8,9,3,12
5,8,8.0,76,1,21,0,0,53,1,8
5,1,24.0,64,0,17,1,1,105,0,14
4,11,14.0,147,4,9,1,0,12,1,5
5,4,1.0,144,4,5,1,10,47,0,7
5,4,6.0,176,1,13,0,12,84,3,23
5,4,7.0,133,2,7,0,0,68,3,11
5,4,31.0,67,6,3,1,15,96,0,20
5,0,7.0,15,0,8,3,14,25,0,11
5,0,9.0,48,2,1,1,10,47,1,12
5,0,15.0,190,1,1,1,16,42,1,1
5,0,24.0,55,4,14,1,9,63,1,14
5,0,15.0,190,1,11,1,13,48,1,1
4,11,6.0,252,2,4,1,0,15,0,23
4,11,14.0,147,4,4,3,1,35,0,5
5,8,25.0,86,5,3,1,14,125,4,13
5,4,7.0,133,2,14,0,16,72,1,11
5,4,8.0,292,4,6,0,16,72,1,8
5,4,8.0,292,4,9,0,4,82,1,8
5,4,7.0,133,2,8,0,8,118,3,11
5,8,8.0,76,1,0,3,0,53,3,8
5,8,14.0,296,0,10,1,14,32,0,5
5,8,14.0,296,0,13,0,8,118,1,5
5,8,14.0,296,0,13,3,1,59,3,5
5,8,14.0,296,0,4,0,5,6,0,5
5,8,14.0,296,0,1,0,1,16,3,5
5,8,15.0,72,1,23,0,4,127,1,1
5,8,15.0,72,1,14,0,8,9,1,1
5,8,15.0,72,1,12,2,1,67,3,1
5,8,15.0,72,1,12,0,1,16,3,1
5,8,15.0,72,1,9,0,9,95,3,1
5,4,24.0,27,6,3,1,7,8,4,14
5,4,26.0,80,0,16,0,7,20,0,3
5,4,26.0,80,0,13,1,4,138,4,3
5,8,1.0,66,1,14,0,5,6,0,7
5,8,7.0,70,0,18,2,14,32,3,11
5,8,8.0,76,1,16,0,10,47,3,8
5,8,7.0,70,0,16,1,12,56,4,11
5,8,8.0,76,1,22,0,2,2,4,8
5,8,9.0,124,2,6,0,4,79,2,12
5,4,9.0,18,5,15,0,10,22,2,12
5,4,9.0,18,5,9,0,13,36,0,12
5,4,31.0,67,6,11,0,13,48,1,20
5,4,31.0,67,6,23,1,15,46,4,20
5,8,17.0,74,4,3,0,8,118,0,6
5,8,17.0,74,4,8,2,6,91,3,6
5,8,17.0,74,4,12,1,8,118,1,6
5,8,23.0,102,2,6,0,10,22,2,17
5,8,23.0,102,2,17,0,10,22,1,17
5,8,23.0,102,2,10,0,3,44,3,17
5,8,25.0,86,5,13,1,4,121,1,13
5,8,25.0,86,5,5,1,10,22,1,13
5,8,25.0,86,5,13,0,5,12,2,13
5,8,25.0,86,5,13,1,5,6,0,13
5,8,25.0,86,5,12,2,2,2,3,13
5,8,25.0,86,5,18,0,16,37,1,13
5,4,1.0,144,4,6,0,6,73,1,7
5,4,1.0,144,4,7,0,10,12,1,7
5,4,1.0,144,4,15,0,13,21,1,7
5,8,9.0,124,2,22,0,10,43,1,12
5,8,14.0,296,0,12,0,6,116,1,5
5,8,15.0,72,1,15,0,10,47,3,1
5,8,15.0,72,1,21,1,5,64,0,1
5,8,14.0,296,0,14,0,12,61,0,5
5,8,15.0,72,1,1,1,15,39,4,1
5,4,15.0,132,4,7,1,14,110,0,1
5,4,15.0,132,4,8,0,1,35,4,1
5,10,30.0,157,4,14,0,6,91,1,19
5,8,1.0,66,1,17,0,8,118,1,7
5,4,15.0,132,4,10,1,14,107,1,1
5,4,15.0,132,4,10,0,13,99,2,1
5,4,15.0,132,4,23,1,13,123,1,1
5,4,15.0,132,4,21,1,11,18,1,1
5,4,24.0,27,6,5,0,4,79,2,14
5,4,24.0,27,6,12,2,10,52,2,14
5,4,24.0,27,6,14,1,9,134,4,14
5,0,27.0,23,3,20,0,5,6,2,15
4,11,7.0,253,4,20,0,2,123,3,11
4,11,7.0,253,4,2,2,5,64,3,11
4,11,7.0,253,4,8,1,9,63,1,11
5,8,24.0,85,4,6,0,12,84,3,14
5,8,24.0,85,4,3,0,2,123,0,14
5,8,24.0,85,4,13,2,7,111,0,14
5,10,8.0,213,2,0,0,0,53,3,8
5,10,8.0,213,2,18,0,2,92,1,8
5,10,8.0,213,2,0,0,11,117,0,8
5,10,16.0,201,4,11,0,11,18,2,2
5,1,25.0,65,1,13,0,2,40,1,13
5,8,25.0,86,5,15,0,13,29,1,13
5,0,10.0,129,4,8,0,11,117,1,4
5,4,23.0,30,5,2,2,1,105,0,17
4,11,14.0,147,4,17,0,0,64,4,5
5,1,25.0,65,1,1,0,14,32,3,13
5,8,25.0,86,5,11,1,14,25,4,13
5,10,22.0,314,2,18,0,2,86,1,26
4,11,7.0,253,4,9,1,16,42,1,11
5,4,1.0,144,4,8,2,2,2,3,7
5,4,25.0,20,3,22,0,7,78,2,13
5,1,24.0,64,0,14,0,5,6,3,14
5,2,1.0,16,3,22,1,7,129,4,7
5,0,25.0,281,5,5,0,2,2,1,13
4,9,16.0,107,1,1,0,10,22,1,2
5,4,25.0,20,3,18,3,0,68,4,13
5,4,1.0,144,4,4,2,6,7,3,7
5,0,10.0,129,4,3,2,7,78,4,4
5,1,24.0,64,0,22,1,3,44,2,14
3,0,31.0,290,2,4,1,2,2,4,20
5,0,26.0,14,6,1,0,5,6,0,3
4,9,24.0,272,2,0,0,10,47,2,14
5,8,24.0,85,4,11,0,2,2,2,14
5,2,6.0,251,5,2,2,1,16,3,23
5,4,17.0,19,6,1,3,10,47,0,6
5,10,16.0,201,4,9,2,10,22,3,2
5,1,6.0,97,4,11,2,2,86,3,23
5,1,6.0,97,4,19,2,0,15,2,23
4,11,7.0,253,4,4,0,13,38,1,11
4,11,15.0,331,5,23,0,10,47,3,1
4,11,15.0,331,5,10,1,10,22,0,1
4,11,15.0,331,5,19,0,0,26,1,1
4,11,15.0,331,5,12,0,14,25,0,1
4,11,15.0,331,5,20,1,11,18,1,1
4,11,15.0,331,5,16,0,10,22,0,1
5,4,15.0,132,4,8,1,14,107,0,1
2,4,1.0,141,1,17,0,8,9,1,7
4,11,16.0,225,6,6,2,9,93,3,2
4,11,16.0,225,6,0,2,7,120,3,2
4,11,15.0,331,5,20,1,0,12,1,1
4,11,16.0,225,6,13,2,14,106,3,2
4,11,25.0,88,0,16,2,15,96,3,13
4,11,25.0,88,0,19,1,6,7,4,13
4,11,31.0,227,3,8,2,8,118,3,20
4,11,31.0,227,3,20,1,13,21,1,20
4,9,8.0,90,0,19,0,1,67,1,8
4,9,8.0,90,0,19,0,1,11,1,8
4,9,8.0,90,0,19,0,8,9,0,8
5,2,9.0,21,0,19,2,3,30,2,12
5,4,31.0,67,6,1,1,3,44,0,20
5,7,14.0,125,6,17,0,8,27,3,5
5,10,25.0,56,6,11,1,7,20,1,13
5,1,23.0,69,3,2,1,2,2,0,17
5,0,8.0,9,1,0,1,3,79,2,8
5,0,24.0,55,4,18,0,2,92,1,14
5,4,1.0,144,4,2,0,8,9,3,7
5,4,6.0,176,1,0,0,14,24,1,23
5,1,14.0,183,5,9,1,15,51,4,5
5,1,14.0,183,5,22,1,4,4,1,5
5,1,15.0,1,6,1,0,0,77,1,1
5,1,16.0,2,3,21,0,15,96,0,2
5,1,15.0,1,6,4,0,7,20,3,1
5,1,17.0,63,0,15,1,1,105,4,6
5,1,17.0,63,0,4,0,7,78,0,6
5,1,17.0,63,0,5,1,12,104,4,6
5,1,17.0,63,0,15,1,12,104,4,6
5,1,16.0,2,3,5,0,14,24,2,2
5,1,15.0,1,6,8,0,14,24,2,1
5,1,22.0,164,6,2,0,5,6,0,26
5,1,22.0,164,6,8,0,8,27,2,26
5,1,22.0,164,6,2,2,0,64,0,26
5,1,17.0,63,0,17,1,3,30,4,6
5,1,23.0,69,3,0,0,14,34,1,17
5,1,7.0,32,5,8,2,9,27,0,11
5,1,6.0,97,4,13,3,5,6,0,23
5,1,9.0,50,3,15,2,0,77,3,12
5,1,9.0,50,3,2,0,16,50,2,12
5,1,24.0,64,0,0,2,9,102,3,14
5,1,24.0,64,0,5,1,1,67,4,14
5,6,7.0,169,3,18,2,9,54,3,11
5,6,7.0,169,3,8,2,10,47,2,11
5,6,14.0,173,3,5,0,8,19,4,5
5,6,14.0,173,3,16,1,7,31,4,5
5,6,14.0,173,3,13,0,10,47,1,5
5,6,16.0,38,1,10,0,16,72,4,2
5,6,16.0,38,1,5,0,0,26,3,2
5,6,16.0,38,1,3,2,3,115,0,2
5,10,7.0,243,1,11,0,9,95,2,11
5,10,7.0,243,1,17,1,11,90,1,11
5,10,7.0,243,1,12,0,16,72,1,11
5,10,7.0,243,1,4,0,4,5,1,11
5,10,7.0,243,1,9,0,5,12,1,11
5,10,8.0,213,2,6,0,2,35,4,8
5,10,15.0,60,2,0,2,2,2,1,1
5,10,15.0,60,2,11,0,9,95,4,1
5,0,2.0,47,2,13,1,0,68,2,22
5,0,2.0,47,2,13,0,7,120,3,22
5,0,2.0,47,2,13,0,2,60,4,22
5,0,10.0,129,4,6,1,0,64,0,4
5,0,10.0,129,4,17,1,10,47,0,4
5,0,18.0,0,5,17,0,12,84,3,0
5,0,18.0,0,5,10,0,8,118,3,0
5,0,18.0,0,5,23,1,7,54,1,0
5,0,18.0,0,5,6,3,13,48,1,0
5,0,25.0,281,5,9,0,9,93,1,13
5,1,26.0,248,2,9,0,7,20,1,3
4,7,10.0,329,2,9,3,7,120,2,4
5,0,26.0,14,6,7,1,0,53,0,3
3,0,31.0,290,2,1,1,1,105,0,20
5,1,26.0,248,2,8,0,16,72,2,3
5,4,6.0,176,1,11,0,10,22,1,23
5,4,6.0,176,1,5,0,3,76,3,23
5,4,6.0,176,1,5,0,13,29,4,23
5,4,6.0,176,1,12,0,13,48,3,23
5,4,7.0,133,2,17,1,10,47,1,11
5,4,7.0,133,2,17,0,2,69,4,11
5,4,7.0,133,2,17,0,9,101,1,11
5,4,7.0,133,2,14,0,1,11,1,11
5,4,7.0,133,2,9,3,1,59,4,11
5,1,23.0,69,3,17,1,15,51,2,17
5,1,23.0,69,3,18,3,6,7,3,17
5,1,23.0,69,3,1,0,8,9,1,17
5,8,23.0,102,2,12,0,14,126,3,17
5,4,31.0,67,6,22,0,1,11,2,20
5,0,9.0,48,2,7,1,10,22,1,12
5,0,9.0,48,2,9,1,2,40,0,12
5,0,8.0,9,1,1,3,5,6,0,8
5,4,1.0,144,4,17,0,7,111,4,7
5,1,9.0,50,3,5,0,11,133,3,12
5,1,9.0,50,3,15,0,9,95,1,12
5,1,6.0,97,4,12,0,13,99,1,23
5,1,24.0,64,0,17,0,8,118,1,14
5,8,24.0,85,4,12,1,11,129,4,14
5,1,24.0,64,0,0,2,8,9,3,14
5,1,24.0,64,0,4,0,2,40,4,14
5,1,25.0,65,1,21,0,10,23,1,13
5,1,24.0,64,0,11,1,4,4,1,14
5,1,25.0,65,1,8,0,6,73,1,13
5,1,25.0,65,1,19,0,15,46,3,13
5,1,26.0,248,2,6,1,6,7,0,3
5,1,26.0,248,2,15,0,2,40,1,3
5,1,26.0,248,2,3,0,6,116,1,3
5,1,31.0,305,0,6,0,3,30,3,20
5,1,24.0,64,0,5,3,9,27,3,14
5,1,31.0,305,0,4,0,15,96,1,20
5,8,16.0,73,2,22,0,1,67,0,2
5,8,16.0,73,2,8,0,9,95,1,2
5,8,16.0,73,2,1,0,1,67,4,2
5,8,16.0,73,2,4,0,16,72,3,2
5,8,7.0,70,0,13,0,11,94,0,11
5,6,24.0,31,2,1,0,1,11,1,14
5,8,14.0,296,0,20,0,5,12,0,5
5,8,14.0,296,0,13,0,5,12,2,5
5,8,14.0,296,0,1,2,2,86,1,5
5,8,15.0,72,1,10,0,14,25,1,1
5,8,15.0,72,1,9,2,14,25,3,1
5,6,17.0,244,2,3,1,0,15,4,6
5,6,22.0,185,0,16,0,12,56,2,26
5,6,22.0,185,0,5,0,4,66,3,26
5,6,22.0,185,0,15,0,2,86,0,26
5,6,22.0,185,0,15,0,4,45,3,26
5,6,22.0,185,0,23,1,13,38,2,26
5,6,22.0,185,0,8,2,6,89,1,26
5,6,22.0,185,0,12,0,5,64,1,26
5,6,22.0,185,0,9,0,13,36,4,26
5,6,24.0,31,2,6,1,15,85,4,14
5,6,24.0,31,2,13,0,16,37,0,14
5,6,24.0,31,2,9,0,4,45,3,14
5,10,24.0,261,5,14,1,0,68,0,14
5,10,30.0,157,4,19,1,8,33,4,19
5,10,30.0,157,4,12,1,5,64,1,19
5,10,24.0,261,5,17,1,4,66,4,14
5,5,25.0,350,0,1,0,13,38,2,13
5,5,25.0,350,0,8,0,13,75,2,13
5,6,15.0,49,0,17,0,12,121,1,1
5,10,5.0,336,3,9,0,9,63,3,24
5,10,14.0,174,1,11,0,2,2,1,5
5,10,30.0,157,4,4,0,11,90,3,19
5,8,1.0,66,1,6,0,8,41,3,7
5,8,1.0,66,1,9,2,11,15,3,7
5,8,7.0,70,0,6,0,4,70,3,11
5,8,7.0,70,0,4,2,14,125,3,11
5,8,8.0,76,1,6,0,14,25,1,8
5,8,7.0,70,0,4,1,7,62,4,11
5,8,8.0,76,1,0,1,13,21,4,8
5,8,8.0,76,1,11,0,16,50,1,8
5,8,8.0,76,1,14,0,6,7,3,8
5,1,26.0,248,2,18,0,13,29,2,3
5,0,27.0,23,3,3,0,10,47,0,15
5,4,1.0,144,4,4,0,1,105,0,7
5,1,26.0,248,2,1,0,16,72,1,3
5,1,26.0,248,2,9,0,11,18,1,3
0,5,1.0,109,0,13,0,13,21,1,7
5,1,31.0,305,0,3,0,11,0,3,20
5,1,31.0,305,0,5,2,1,1,4,20
5,3,7.0,289,1,18,0,2,92,1,11
5,0,17.0,12,4,1,3,6,7,0,6
5,1,25.0,65,1,18,0,0,26,0,13
5,1,31.0,305,0,22,0,13,28,0,20
5,1,31.0,305,0,19,0,13,48,0,20
5,1,31.0,305,0,20,1,12,104,4,20
5,1,31.0,305,0,1,0,2,69,3,20
5,1,31.0,305,0,14,0,4,75,1,20
5,8,24.0,85,4,19,3,8,41,0,14
5,8,24.0,85,4,4,0,2,2,3,14
5,8,26.0,278,6,3,0,1,1,0,3
5,8,17.0,74,4,1,1,5,12,0,6
5,8,17.0,74,4,17,3,5,12,1,6
5,8,25.0,86,5,20,1,2,40,1,13
5,8,25.0,86,5,23,1,4,79,1,13
5,4,7.0,133,2,0,2,0,64,0,11
5,4,9.0,18,5,2,2,14,34,3,12
5,4,31.0,67,6,3,0,2,13,1,20
5,4,31.0,67,6,22,0,1,35,4,20
5,4,31.0,67,6,19,0,9,27,3,20
5,4,31.0,67,6,8,0,13,29,1,20
5,4,31.0,67,6,14,2,14,126,3,20
5,4,31.0,67,6,9,0,13,36,1,20
5,4,31.0,67,6,4,2,9,57,3,20
5,2,15.0,130,3,21,3,5,6,3,1
5,2,15.0,130,3,15,0,16,42,1,1
5,2,15.0,130,3,23,1,1,1,4,1
5,2,15.0,130,3,1,0,0,77,1,1
5,2,15.0,130,3,5,1,12,58,4,1
5,2,17.0,6,1,17,2,6,73,1,6
5,2,15.0,130,3,4,1,7,57,4,1
5,2,23.0,230,0,23,0,2,2,1,17
5,2,23.0,230,0,19,2,10,47,3,17
5,8,26.0,278,6,19,0,8,9,0,3
5,4,16.0,25,5,15,0,3,4,0,2
5,4,16.0,25,5,12,0,8,9,1,2
5,4,17.0,19,6,20,0,0,64,2,6
5,4,17.0,19,6,22,0,10,47,0,6
5,4,17.0,19,6,20,1,2,35,4,6
5,4,16.0,25,5,13,0,13,69,2,2
5,4,18.0,26,3,16,0,9,93,1,0
5,4,18.0,26,3,0,0,0,85,1,0
5,4,18.0,26,3,6,1,5,64,0,0
5,4,18.0,26,3,22,2,10,6,3,0
5,4,18.0,26,3,1,0,9,87,4,0
5,4,18.0,26,3,13,1,9,101,4,0
5,4,23.0,30,5,6,1,14,34,0,17
5,4,23.0,30,5,0,1,14,25,0,17
5,4,23.0,30,5,7,1,16,74,0,17
5,4,23.0,30,5,4,2,16,50,3,17
5,2,16.0,220,0,9,1,1,67,0,2
4,11,24.0,194,3,3,1,0,68,4,14
4,9,23.0,167,1,18,1,10,22,1,17
4,3,15.0,35,4,15,0,8,33,2,1
5,4,25.0,20,3,6,1,6,7,0,13
5,8,15.0,72,1,14,2,2,69,3,1
5,8,14.0,296,0,19,1,16,113,2,5
5,8,14.0,296,0,1,0,4,4,1,5
5,2,9.0,21,0,14,0,1,105,4,12
4,11,15.0,331,5,18,1,10,47,0,1
4,11,16.0,225,6,19,0,2,86,1,2
4,11,25.0,88,0,13,1,12,84,1,13
4,11,31.0,227,3,13,0,10,47,2,20
4,11,31.0,227,3,5,0,9,101,2,20
4,11,31.0,227,3,8,0,1,11,4,20
4,9,8.0,90,0,16,2,10,22,3,8
4,9,8.0,90,0,14,0,10,47,1,8
4,9,8.0,90,0,18,0,5,12,0,8
4,9,10.0,156,2,23,2,10,47,3,4
4,9,8.0,90,0,5,0,12,56,4,8
5,4,17.0,19,6,2,0,0,0,3,6
5,4,15.0,132,4,22,0,10,47,0,1
5,1,31.0,305,0,0,1,3,76,2,20
4,11,15.0,331,5,6,0,13,38,4,1
5,1,31.0,305,0,12,2,13,38,4,20
5,8,16.0,73,2,21,0,0,64,4,2
5,4,1.0,144,4,18,0,13,38,3,7
5,8,24.0,85,4,19,0,0,31,2,14
5,2,26.0,3,4,23,0,10,52,1,3
5,0,27.0,23,3,3,1,3,103,0,15
4,9,7.0,271,3,9,0,1,105,3,11
5,8,16.0,73,2,0,0,3,76,1,2
5,8,24.0,85,4,6,0,5,0,3,14
5,8,24.0,85,4,5,0,16,42,4,14
5,8,24.0,85,4,20,1,1,59,4,14
5,8,24.0,85,4,4,0,11,117,3,14
5,4,16.0,25,5,20,0,2,35,4,2
5,1,9.0,50,3,9,0,8,41,3,12
5,1,24.0,64,0,7,1,2,92,2,14
5,1,24.0,64,0,20,0,16,50,1,14
5,1,24.0,64,0,8,2,11,98,0,14
5,1,24.0,64,0,19,1,9,101,4,14
5,1,25.0,65,1,11,0,2,40,1,13
5,11,1.0,222,4,17,0,0,77,1,7
5,1,21.0,45,5,12,3,15,85,1,21
5,1,21.0,45,5,19,0,4,45,3,21
5,8,13.0,189,3,14,0,14,24,2,25
5,1,5.0,219,2,17,3,9,102,3,24
5,8,30.0,103,2,4,1,13,38,4,19
5,4,2.0,141,5,13,3,13,28,1,22
5,2,14.0,231,6,8,1,0,15,1,5
5,2,14.0,231,6,5,1,9,101,4,5
5,8,27.0,78,3,19,3,11,15,3,15
5,8,22.0,354,1,14,0,6,128,0,26
5,8,22.0,354,1,17,1,11,18,1,26
0,11,1.0,222,3,17,0,2,2,1,7
5,11,16.0,225,5,11,0,0,64,2,2
5,3,28.0,187,1,6,0,4,136,4,18
3,4,9.0,18,4,9,3,16,50,1,12
5,3,29.0,325,2,21,1,10,23,0,16
5,3,29.0,325,2,13,0,3,103,1,16
5,1,4.0,286,1,1,1,14,25,1,30
5,5,11.0,326,0,13,3,9,93,4,9
5,6,29.0,335,0,17,1,12,56,1,16
5,8,22.0,354,1,9,1,2,86,4,26
5,8,22.0,354,1,8,0,2,3,3,26
5,8,22.0,354,1,18,0,13,21,1,26
2,9,15.0,226,4,15,0,10,12,4,1
5,1,20.0,151,4,16,1,10,22,1,29
5,4,19.0,142,0,13,0,13,48,2,10
5,4,6.0,176,1,14,2,8,33,3,23
5,4,7.0,133,2,14,0,5,6,3,11
5,4,8.0,292,4,17,0,0,53,4,8
5,4,8.0,292,4,16,0,16,108,1,8
5,4,8.0,292,4,7,1,4,5,2,8
5,4,8.0,292,4,4,0,5,64,3,8
5,4,8.0,292,4,1,2,9,49,3,8
5,4,7.0,133,2,19,1,5,12,0,11
5,4,9.0,18,5,0,0,3,76,1,12
5,4,9.0,18,5,20,1,12,17,4,12
5,4,9.0,18,5,13,0,0,77,1,12
5,4,6.0,176,1,5,1,5,12,0,23
5,4,9.0,18,5,19,2,6,132,3,12
5,4,9.0,18,5,2,2,11,133,2,12
5,4,8.0,292,4,19,0,10,22,1,8
5,0,9.0,48,2,16,0,0,12,0,12
5,0,24.0,55,4,17,1,9,27,0,14
5,4,1.0,144,4,19,0,10,22,1,7
4,11,14.0,147,4,13,2,14,88,2,5
5,0,10.0,129,4,13,1,6,91,4,4
5,0,10.0,129,4,12,2,8,27,3,4
5,0,18.0,0,5,10,0,2,86,0,0
5,0,18.0,0,5,8,2,13,29,3,0
5,0,18.0,0,5,9,0,6,7,1,0
5,0,18.0,0,5,12,1,4,45,1,0
5,0,18.0,0,5,7,0,6,14,2,0
5,0,25.0,281,5,3,1,9,57,0,13
5,0,25.0,281,5,22,0,1,1,3,13
5,0,25.0,281,5,12,0,4,4,3,13
5,0,26.0,14,6,23,1,6,7,2,3
5,0,26.0,14,6,5,0,0,31,2,3
5,0,26.0,14,6,13,0,16,50,3,3
5,0,26.0,14,6,10,1,9,57,0,3
5,0,26.0,14,6,12,2,9,57,3,3
5,0,26.0,14,6,2,2,9,27,0,3
5,0,27.0,23,3,15,0,6,89,1,15
5,0,27.0,23,3,2,1,11,8,1,15
4,11,16.0,225,6,17,2,5,6,3,2
4,11,16.0,225,6,17,0,2,86,1,2
5,1,23.0,69,3,4,0,10,47,0,17
5,1,23.0,69,3,14,0,9,101,0,17
5,6,13.0,317,6,11,3,12,56,3,25
5,6,13.0,317,6,19,0,12,84,1,25
5,6,13.0,317,6,19,1,0,15,1,25
5,8,6.0,87,3,8,0,9,95,4,23
5,1,23.0,69,3,18,0,6,89,1,17
5,8,6.0,87,3,3,0,10,43,3,23
5,1,15.0,1,6,11,0,11,55,1,1
5,8,6.0,87,3,14,0,2,92,1,23
5,8,6.0,87,3,18,1,12,80,0,23
5,8,17.0,74,4,11,0,10,47,3,6
5,8,17.0,74,4,15,0,11,98,4,6
5,8,17.0,74,4,22,0,5,12,1,6
5,8,17.0,74,4,20,0,14,24,2,6
5,8,23.0,102,2,16,0,11,15,3,17
5,10,15.0,60,2,13,0,12,17,1,1
5,10,15.0,60,2,22,0,9,93,0,1
5,10,15.0,60,2,19,0,1,1,3,1
5,10,15.0,60,2,7,1,0,26,0,1
5,10,15.0,60,2,1,0,16,37,1,1
5,10,16.0,201,4,17,1,0,26,1,2
5,10,16.0,201,4,20,1,7,20,1,2
5,6,14.0,173,3,8,0,2,86,0,5
5,6,14.0,173,3,5,0,9,93,2,5
5,6,14.0,173,3,12,0,1,105,3,5
5,6,14.0,173,3,4,0,12,84,1,5
5,6,14.0,173,3,8,0,0,15,2,5
5,10,7.0,243,1,16,0,1,11,0,11
5,10,7.0,243,1,21,0,4,4,4,11
5,10,7.0,243,1,17,1,13,21,0,11
5,10,7.0,243,1,19,0,10,22,3,11
5,10,8.0,213,2,6,0,2,13,1,8
5,10,8.0,213,2,16,2,7,120,3,8
5,10,7.0,243,1,15,1,4,45,2,11
5,10,8.0,213,2,17,1,3,76,0,8
4,11,16.0,225,6,6,2,10,6,3,2
4,11,16.0,225,6,13,0,0,31,3,2
5,2,1.0,16,3,7,1,11,122,4,7
5,2,9.0,21,0,7,0,13,29,1,12
5,2,9.0,21,0,7,1,4,4,0,12
5,2,9.0,21,0,5,1,6,7,4,12
5,0,2.0,47,2,0,0,1,67,3,22
5,0,2.0,47,2,22,1,13,21,1,22
5,0,2.0,47,2,22,1,12,80,4,22
5,0,2.0,47,2,4,0,14,131,1,22
5,0,10.0,129,4,20,1,15,39,4,4
5,0,10.0,129,4,20,0,14,24,1,4
5,0,10.0,129,4,14,0,10,23,1,4
5,0,10.0,129,4,9,0,5,12,0,4
5,0,18.0,0,5,0,1,15,31,0,0
5,8,15.0,72,1,0,0,15,114,1,1
5,8,1.0,66,1,17,1,4,121,1,7
5,0,18.0,0,5,13,0,1,11,4,0
5,0,18.0,0,5,20,0,5,6,0,0
5,0,18.0,0,5,12,0,9,57,0,0
5,0,25.0,281,5,6,0,10,30,0,13
5,10,8.0,213,2,12,0,6,73,3,8
5,10,8.0,213,2,4,0,6,89,3,8
5,10,9.0,150,4,6,1,1,1,1,12
5,10,9.0,150,4,3,0,10,52,3,12
5,10,9.0,150,4,11,1,13,48,4,12
5,10,9.0,150,4,3,2,12,84,1,12
5,10,9.0,150,4,20,0,9,27,3,12
5,10,15.0,60,2,22,0,1,11,2,1
5,10,15.0,60,2,18,0,14,25,1,1
5,10,15.0,60,2,18,0,12,61,3,1
5,10,15.0,60,2,18,2,13,21,3,1
5,10,16.0,201,4,15,0,5,6,0,2
5,4,24.0,27,6,3,0,9,101,4,14
5,8,23.0,102,2,17,0,5,6,3,17
5,4,6.0,176,1,16,0,9,27,0,23
5,4,6.0,176,1,1,0,8,9,1,23
5,4,7.0,133,2,6,0,5,6,0,11
5,4,6.0,176,1,4,1,2,3,2,23
5,4,8.0,292,4,7,2,6,132,0,8
5,4,7.0,133,2,8,1,5,12,0,11
5,4,8.0,292,4,12,0,10,22,3,8
5,4,7.0,133,2,11,1,1,1,4,11
5,4,8.0,292,4,11,0,14,24,2,8
5,4,9.0,18,5,10,0,0,15,2,12
5,3,3.0,182,5,8,0,11,94,2,27
5,3,18.0,165,6,13,0,1,59,1,0
5,5,26.0,37,1,6,1,4,127,1,3
5,1,21.0,45,5,4,3,2,13,3,21
5,1,21.0,45,5,2,0,13,21,1,21
5,4,6.0,176,1,12,0,10,47,1,23
5,4,31.0,67,6,14,0,7,57,4,20
5,4,31.0,67,6,1,2,1,35,2,20
5,4,31.0,67,6,1,0,3,44,3,20
5,0,24.0,55,4,14,1,9,63,1,14
4,11,6.0,252,2,7,1,5,64,0,23
5,8,25.0,86,5,18,3,9,49,3,13
5,4,9.0,18,5,10,0,7,8,2,12
5,2,15.0,130,3,5,0,5,64,3,1
5,2,15.0,130,3,15,0,9,27,2,1
5,2,15.0,130,3,5,1,0,31,4,1
5,2,17.0,6,1,8,0,6,14,4,6
5,2,17.0,6,1,9,0,9,10,0,6
5,0,8.0,9,1,17,0,5,12,0,8
5,0,8.0,9,1,6,0,4,82,1,8
5,0,8.0,9,1,7,1,0,64,0,8
5,0,7.0,15,0,14,1,3,103,0,11
5,0,8.0,9,1,11,0,4,75,1,8
5,0,8.0,9,1,2,0,13,28,2,8
5,0,8.0,9,1,14,0,4,127,2,8
5,0,8.0,9,1,19,1,12,135,4,8
5,10,1.0,208,2,17,1,0,85,1,7
5,8,13.0,189,3,8,0,0,31,3,25
5,8,13.0,189,3,1,0,13,13,3,25
5,8,30.0,103,2,1,0,7,111,4,19
5,4,14.0,345,2,6,1,6,7,0,5
5,4,12.0,134,0,10,1,5,12,0,28
5,4,22.0,152,4,19,3,0,68,0,26
5,10,1.0,208,2,12,0,16,42,1,7
5,0,8.0,9,1,4,0,4,79,0,8
5,0,8.0,9,1,7,1,9,10,4,8
5,0,9.0,48,2,17,1,5,12,0,12
5,0,9.0,48,2,13,0,8,9,1,12
5,0,15.0,190,1,16,0,10,23,4,1
5,0,15.0,190,1,1,0,5,6,3,1
5,0,15.0,190,1,9,2,4,75,2,1
5,0,15.0,190,1,9,0,3,30,3,1
5,0,16.0,11,2,17,0,6,7,1,2
5,1,23.0,69,3,19,0,5,12,3,17
5,3,24.0,357,5,17,3,14,25,1,14
5,1,14.0,183,5,5,0,12,56,3,5
5,4,6.0,176,1,21,3,9,57,0,23
5,4,6.0,176,1,11,2,8,41,0,23
5,4,6.0,176,1,13,0,13,38,0,23
5,4,6.0,176,1,22,0,11,15,2,23
4,7,16.0,40,1,22,0,13,48,1,2
4,7,16.0,40,1,2,0,10,23,1,2
4,7,16.0,40,1,12,1,0,85,1,2
4,7,16.0,40,1,18,0,2,2,3,2
4,7,16.0,40,1,1,1,10,43,0,2
4,7,17.0,95,2,0,0,8,41,1,6
4,7,17.0,95,2,4,0,6,89,4,6
4,7,16.0,40,1,8,3,11,15,0,2
4,7,25.0,41,4,17,0,8,27,1,13
4,7,25.0,41,4,15,0,16,113,2,13
4,3,16.0,263,5,17,0,8,9,4,2
4,3,16.0,263,5,6,0,14,25,0,2
4,3,16.0,263,5,20,1,13,36,1,2
5,4,26.0,80,0,19,1,8,118,1,3
5,4,26.0,80,0,16,0,5,12,3,3
5,4,26.0,80,0,7,0,6,132,1,3
5,4,26.0,80,0,11,0,11,15,0,3
5,4,26.0,80,0,5,1,2,60,4,3
5,4,26.0,80,0,15,0,1,59,1,3
5,4,26.0,80,0,0,0,0,12,1,3
5,10,14.0,174,1,22,1,2,40,4,5
5,10,14.0,174,1,4,0,0,64,0,5
2,1,21.0,164,2,10,0,13,38,3,21
5,8,14.0,296,0,3,0,4,82,2,5
5,8,15.0,72,1,11,2,9,101,3,1
5,8,15.0,72,1,12,2,3,79,0,1
5,4,26.0,80,0,8,0,13,38,2,3
5,4,26.0,80,0,12,0,14,24,1,3
5,4,26.0,80,0,11,1,11,15,1,3
5,2,1.0,16,3,12,0,2,2,4,7
5,2,9.0,21,0,16,0,2,92,1,12
5,8,27.0,78,3,13,1,14,110,2,15
5,4,4.0,178,3,4,1,16,50,1,30
5,6,11.0,355,4,22,0,6,89,2,9
5,3,27.0,361,0,11,0,9,9,3,15
3,2,1.0,16,6,17,0,4,121,1,7
5,11,8.0,283,4,20,1,15,46,4,8
5,11,19.0,321,0,6,1,0,77,1,10
5,9,1.0,126,3,2,0,9,95,0,7
5,9,10.0,156,1,13,0,6,91,1,4
5,3,10.0,4,5,19,0,9,49,1,4
5,3,4.0,285,6,3,2,3,30,3,30
5,1,13.0,207,4,12,0,2,69,2,25
5,10,10.0,245,5,22,0,10,22,1,4
5,10,29.0,318,2,0,0,10,47,2,16
3,6,1.0,158,3,4,0,14,25,1,7
5,1,20.0,151,4,17,0,12,80,4,29
5,1,4.0,286,1,19,1,10,47,1,30
5,1,4.0,286,1,11,1,6,91,4,30
5,6,19.0,291,5,16,0,9,93,0,10
0,4,31.0,67,1,19,0,4,127,1,20
5,8,23.0,102,2,16,1,9,63,0,17
5,8,23.0,102,2,21,0,15,51,3,17
5,8,25.0,86,5,19,0,0,31,3,13
5,8,25.0,86,5,14,0,7,31,1,13
5,0,7.0,15,0,19,1,3,44,2,11
5,1,23.0,69,3,1,1,6,7,0,17
5,8,23.0,102,2,18,1,0,26,0,17
5,4,1.0,144,4,2,0,12,17,0,7
5,4,1.0,144,4,2,0,2,3,3,7
5,4,1.0,144,4,2,1,5,64,0,7
5,4,9.0,18,5,16,1,11,10,4,12
5,4,8.0,292,4,8,1,0,53,1,8
5,4,9.0,18,5,5,0,4,79,4,12
5,4,9.0,18,5,9,0,9,83,1,12
5,4,9.0,18,5,9,2,14,25,3,12
5,4,9.0,18,5,9,0,10,22,1,12
5,4,31.0,67,6,0,1,15,39,1,20
5,4,31.0,67,6,11,2,9,101,3,20
5,1,6.0,97,4,22,0,10,47,3,23
5,1,6.0,97,4,19,0,16,37,3,23
5,1,6.0,97,4,18,0,2,86,1,23
5,8,16.0,73,2,14,0,2,71,3,2
5,8,16.0,73,2,8,3,5,12,3,2
5,4,23.0,30,5,12,1,15,96,2,17
5,1,7.0,32,5,5,0,13,48,3,11
5,1,9.0,50,3,17,0,10,47,1,12
5,1,9.0,50,3,21,0,6,91,3,12
5,1,9.0,50,3,6,1,14,24,0,12
5,1,9.0,50,3,13,0,5,12,0,12
5,1,9.0,50,3,13,0,5,6,2,12
5,1,9.0,50,3,6,1,0,53,0,12
5,1,9.0,50,3,8,2,2,2,3,12
5,1,24.0,64,0,2,0,9,134,1,14
5,1,24.0,64,0,19,1,1,67,4,14
5,1,25.0,65,1,10,1,16,130,0,13
5,1,25.0,65,1,14,2,16,113,3,13
5,1,25.0,65,1,9,0,5,6,3,13
5,1,26.0,248,2,6,0,0,68,0,3
5,1,26.0,248,2,13,1,13,99,1,3
5,1,26.0,248,2,4,0,0,26,3,3
5,2,16.0,220,0,12,0,10,23,3,2
5,2,16.0,220,0,4,0,2,86,3,2
5,2,18.0,7,2,17,0,4,79,3,0
5,2,18.0,7,2,1,1,0,12,0,0
5,2,24.0,22,1,15,0,5,6,3,14
5,2,25.0,233,2,0,0,5,12,3,13
4,6,9.0,236,2,19,1,3,30,4,12
4,11,17.0,110,3,16,2,16,37,0,6
5,0,9.0,48,2,3,0,11,117,1,12
5,11,30.0,170,5,18,1,9,54,1,19
4,11,1.0,222,5,7,0,7,20,3,7
5,2,17.0,6,1,15,1,8,41,4,6
4,11,1.0,222,5,23,0,16,50,4,7
5,2,23.0,230,0,3,1,5,64,0,17
4,11,17.0,110,3,20,1,5,12,0,6
4,11,17.0,110,3,8,0,8,118,3,6
4,11,1.0,222,5,16,2,5,6,3,7
5,0,1.0,8,1,2,1,14,88,4,7
4,11,24.0,194,3,21,1,13,28,0,14
5,0,23.0,237,2,7,0,10,47,1,17
4,11,24.0,194,3,16,1,14,97,4,14
4,11,24.0,194,3,0,1,0,64,0,14
4,11,24.0,194,3,22,0,6,89,0,14
4,11,24.0,194,3,2,0,8,118,4,14
4,11,24.0,194,3,8,0,2,40,2,14
4,11,24.0,194,3,18,0,1,59,0,14
5,9,9.0,320,0,14,0,8,118,1,12
5,9,9.0,320,0,13,3,13,29,1,12
5,9,9.0,320,0,18,0,8,27,3,12
5,9,18.0,359,2,22,2,2,69,2,0
5,9,25.0,344,2,10,0,8,118,1,13
5,9,25.0,344,2,9,0,3,70,3,13
5,9,25.0,344,2,22,0,9,102,2,13
5,9,27.0,179,5,23,0,13,99,3,15
5,9,27.0,179,5,1,0,10,47,0,15
5,9,28.0,315,6,2,0,16,50,1,18
5,9,28.0,315,6,22,0,9,93,1,18
5,9,28.0,315,6,9,0,8,19,1,18
5,11,28.0,123,2,0,0,9,87,0,18
5,11,28.0,123,2,14,2,7,129,3,18
5,11,28.0,123,2,19,0,12,56,0,18
5,11,28.0,123,2,18,0,9,95,3,18
5,11,28.0,123,2,23,1,12,56,0,18
5,6,1.0,158,0,6,0,13,38,1,7
5,2,3.0,282,1,13,2,11,133,2,27
5,11,1.0,222,4,17,1,13,28,0,7
5,9,2.0,323,0,17,0,5,12,2,22
3,4,25.0,20,6,17,1,12,80,1,13
4,9,6.0,51,6,20,0,15,46,2,23
4,9,6.0,51,6,21,3,12,56,0,23
4,9,6.0,51,6,3,0,9,54,4,23
4,9,6.0,51,6,19,2,10,43,3,23
4,9,6.0,51,6,14,1,10,22,1,23
4,9,6.0,51,6,12,1,10,22,0,23
4,9,7.0,271,3,20,2,16,37,3,11
4,9,7.0,271,3,19,1,7,129,4,11
4,9,7.0,271,3,1,0,15,112,2,11
4,9,7.0,271,3,8,0,8,9,0,11
4,9,18.0,359,4,17,0,2,2,0,0
5,0,23.0,237,2,11,0,9,109,1,17
5,0,23.0,237,2,13,0,3,44,0,17
4,11,1.0,222,5,0,0,10,23,1,7
4,11,1.0,222,5,16,0,9,95,1,7
4,11,1.0,222,5,0,1,16,113,0,7
4,11,1.0,222,5,6,0,16,50,4,7
4,11,1.0,222,5,6,1,13,38,0,7
4,11,1.0,222,5,2,0,4,66,2,7
4,11,1.0,222,5,1,0,1,35,4,7
4,11,9.0,311,6,6,1,0,64,0,12
5,9,2.0,323,0,22,0,2,69,0,22
5,9,2.0,323,0,14,0,1,11,3,22
5,9,3.0,217,1,0,0,15,51,1,27
5,9,3.0,217,1,0,1,15,108,1,27
5,9,2.0,323,0,13,0,0,64,4,22
5,9,8.0,90,3,15,0,13,38,1,8
5,11,9.0,311,5,12,0,5,64,0,12
5,9,8.0,90,3,1,0,12,84,1,8
5,9,9.0,320,0,21,1,14,107,0,12
5,9,9.0,320,0,23,0,8,27,1,12
5,9,9.0,320,0,20,1,15,114,1,12
5,11,1.0,222,4,13,1,10,47,2,7
5,9,9.0,320,0,9,0,5,6,2,12
5,9,9.0,320,0,12,2,7,111,0,12
5,11,11.0,175,3,19,0,14,34,2,9
5,11,18.0,332,3,20,0,9,95,1,0
5,11,18.0,332,3,16,1,2,86,0,0
5,11,18.0,332,3,13,1,11,94,0,0
5,11,18.0,332,3,1,0,1,35,4,0
5,11,18.0,332,3,9,2,8,27,0,0
4,5,2.0,307,3,15,0,1,1,1,22
4,5,2.0,307,3,14,0,12,80,2,22
4,5,17.0,212,0,13,0,2,40,4,6
4,5,17.0,212,0,2,0,4,4,3,6
4,5,17.0,212,0,15,1,12,61,1,6
4,5,17.0,212,0,11,1,1,105,4,6
4,5,17.0,212,0,22,1,1,105,4,6
4,5,24.0,58,0,6,2,12,104,3,14
4,5,24.0,58,0,21,0,14,131,1,14
4,5,24.0,58,0,22,0,1,1,3,14
4,5,24.0,58,0,7,0,1,67,0,14
4,5,24.0,58,0,22,1,1,81,4,14
4,11,15.0,331,5,15,1,13,38,1,1
5,2,24.0,22,1,16,0,6,132,1,14
5,2,16.0,220,0,19,2,11,54,3,2
4,9,16.0,107,1,19,1,14,32,4,2
4,11,26.0,364,1,9,2,7,108,3,3
4,11,16.0,225,6,4,1,9,95,4,2
4,5,7.0,349,5,8,0,5,12,2,11
4,3,24.0,357,6,11,2,2,92,3,14
4,11,23.0,232,6,18,2,2,13,0,17
4,11,17.0,110,3,2,0,10,22,0,6
4,11,16.0,225,6,20,1,15,46,4,2
4,3,24.0,357,6,3,0,11,55,4,14
4,11,17.0,110,3,3,0,14,24,2,6
4,11,16.0,225,6,15,0,14,34,2,2
5,2,16.0,220,0,2,3,12,17,0,2
4,3,24.0,357,6,20,0,13,13,4,14
5,2,24.0,22,1,13,0,5,12,0,14
4,11,17.0,110,3,1,0,5,12,2,6
4,11,25.0,88,0,17,0,12,17,1,13
5,2,7.0,153,6,13,0,13,99,2,11
4,3,24.0,357,6,20,1,12,61,1,14
3,5,27.0,328,1,8,0,1,35,1,15
5,2,25.0,233,2,17,0,10,47,3,13
4,11,18.0,332,0,5,2,6,89,0,0
4,11,25.0,88,0,7,1,0,68,1,13
5,2,18.0,7,2,17,1,11,15,0,0
4,3,24.0,357,6,14,0,6,14,4,14
5,1,3.0,188,0,5,0,10,12,0,27
4,11,5.0,240,1,17,0,5,6,0,24
4,11,5.0,240,1,8,0,0,26,2,24
4,11,10.0,360,3,5,1,3,103,1,4
4,11,13.0,312,2,18,1,11,18,1,25
5,2,5.0,127,4,18,1,2,92,0,24
5,2,5.0,127,4,1,0,3,44,1,24
5,11,17.0,110,6,1,1,5,6,2,6
5,9,1.0,126,3,8,0,6,128,3,7
4,11,13.0,312,2,13,0,10,6,3,25
4,11,13.0,312,2,0,3,8,19,0,25
5,0,19.0,13,6,15,1,5,64,0,10
5,2,22.0,209,3,5,3,14,24,3,26
5,2,22.0,209,3,10,0,15,85,1,26
5,8,20.0,319,3,13,0,15,51,2,29
5,8,20.0,319,3,13,0,6,7,2,29
5,4,4.0,178,3,3,0,16,37,2,30
5,2,22.0,209,3,9,0,0,77,1,26
5,0,13.0,198,3,13,0,2,13,4,25
4,9,18.0,359,4,14,2,15,114,3,0
4,7,23.0,202,1,19,1,13,61,0,17
4,5,18.0,195,1,0,0,8,9,0,0
5,2,5.0,127,4,14,0,14,24,2,24
4,9,19.0,234,5,22,1,9,134,4,10
5,9,1.0,126,3,4,1,16,113,0,7
4,3,24.0,357,6,4,0,13,38,4,14
4,3,25.0,347,3,8,0,10,47,2,13
2,0,5.0,260,4,4,0,3,115,4,24
5,11,5.0,240,0,9,0,2,86,0,24
5,9,24.0,272,1,15,0,16,50,1,14
4,11,16.0,225,6,11,0,11,55,2,2
2,1,1.0,171,4,19,0,8,9,1,7
4,3,25.0,347,3,3,2,13,13,3,13
4,3,26.0,343,0,16,0,12,104,4,3
4,3,25.0,347,3,9,2,9,54,1,13
4,3,25.0,347,3,5,1,1,81,4,13
4,3,26.0,343,0,22,0,13,48,0,3
4,3,24.0,357,6,7,1,14,110,1,14
4,5,2.0,307,3,13,1,1,81,4,22
4,5,2.0,307,3,19,0,12,84,1,22
4,5,2.0,307,3,8,0,6,89,2,22
4,5,17.0,212,0,20,0,10,22,1,6
4,9,9.0,320,1,9,0,11,55,1,12
4,9,15.0,226,0,11,0,5,6,2,1
4,9,15.0,226,0,22,0,3,30,1,1
4,9,15.0,226,0,19,1,10,47,0,1
5,7,16.0,40,0,13,0,0,77,1,2
4,9,16.0,107,1,16,0,14,25,4,2
4,9,16.0,107,1,16,1,16,50,1,2
4,9,16.0,107,1,8,2,5,64,3,2
4,9,16.0,107,1,22,0,6,91,4,2
4,9,16.0,107,1,3,2,13,48,0,2
4,9,16.0,107,1,12,2,2,2,3,2
4,9,24.0,272,2,6,0,11,94,4,14
4,9,24.0,272,2,0,1,4,75,4,14
4,11,8.0,283,5,14,0,3,70,1,8
4,11,23.0,232,6,18,1,0,64,0,17
5,7,16.0,40,0,15,0,12,61,3,2
4,7,23.0,202,1,18,0,9,93,1,17
4,7,7.0,293,3,12,0,10,47,2,11
4,9,24.0,272,2,7,1,0,26,0,14
4,9,24.0,272,2,10,0,9,101,0,14
4,9,24.0,272,2,7,0,13,29,1,14
4,9,24.0,272,2,17,1,10,47,0,14
4,7,7.0,293,3,0,0,13,29,1,11
4,7,7.0,293,3,23,0,10,47,3,11
4,7,7.0,293,3,11,0,5,6,3,11
4,7,7.0,293,3,19,0,0,85,4,11
4,7,7.0,293,3,20,1,11,98,1,11
4,7,7.0,293,3,12,2,2,86,0,11
4,7,9.0,273,1,22,0,14,24,2,12
4,7,9.0,273,1,14,2,14,97,3,12
4,7,7.0,293,3,5,0,4,4,1,11
4,7,18.0,154,4,17,0,13,29,2,0
4,7,18.0,154,4,6,0,1,35,3,0
4,7,18.0,154,4,17,0,7,20,1,0
4,7,18.0,154,4,13,0,14,88,2,0
4,11,18.0,332,0,13,2,8,33,0,0
4,11,23.0,232,6,5,0,2,13,0,17
4,11,18.0,332,0,12,1,5,0,2,0
4,11,23.0,232,6,12,0,10,52,1,17
5,2,25.0,233,2,16,0,10,12,3,13
4,11,8.0,283,5,15,0,2,2,2,8
5,2,18.0,7,2,3,0,6,7,4,0
4,11,25.0,88,0,0,1,8,27,1,13
4,9,15.0,226,0,11,1,3,79,1,1
4,11,17.0,110,3,15,0,7,120,2,6
5,2,25.0,233,2,8,2,2,69,3,13
4,11,25.0,88,0,13,0,0,53,3,13
5,2,18.0,7,2,19,1,9,101,4,0
4,11,18.0,332,0,0,1,2,92,1,0
4,11,1.0,222,5,0,0,14,25,1,7
5,2,26.0,3,4,22,1,1,67,4,3
4,11,25.0,88,0,4,0,13,48,0,13
5,2,24.0,22,1,17,0,12,104,1,14
4,11,18.0,332,0,9,1,10,52,2,0
4,11,1.0,222,5,3,0,5,6,2,7
5,2,24.0,22,1,20,1,3,79,0,14
4,11,25.0,88,0,9,0,14,110,4,13
5,2,24.0,22,1,2,0,9,87,3,14
4,11,18.0,332,0,4,0,9,57,3,0
4,11,18.0,332,0,23,1,7,20,4,0
4,11,23.0,232,6,6,1,1,1,0,17
4,11,23.0,232,6,0,1,13,48,0,17
4,11,23.0,232,6,14,0,6,7,1,17
4,11,23.0,232,6,1,0,5,6,0,17
4,11,26.0,364,1,16,0,15,46,3,3
4,11,26.0,364,1,10,1,0,64,0,3
5,2,25.0,233,2,22,0,5,0,2,13
5,2,25.0,233,2,18,2,9,102,3,13
5,2,26.0,3,4,8,0,2,2,2,3
5,2,26.0,3,4,19,1,9,93,4,3
5,2,26.0,3,4,18,0,6,7,0,3
5,2,26.0,3,4,9,0,5,12,2,3
5,0,1.0,8,1,0,0,10,23,1,7
5,0,1.0,8,1,19,2,8,118,3,7
5,0,1.0,8,1,1,1,13,48,0,7
4,11,9.0,311,6,13,1,0,12,1,12
5,0,17.0,12,4,8,0,12,84,1,6
5,0,17.0,12,4,19,2,9,134,3,6
4,9,16.0,107,1,17,0,0,53,1,2
2,3,17.0,165,2,17,0,7,31,1,6
5,0,17.0,12,4,12,0,11,117,1,6
5,2,26.0,3,4,5,0,13,29,2,3
5,0,23.0,237,2,14,0,3,44,0,17
4,11,1.0,222,5,0,0,2,13,1,7
4,11,1.0,222,5,6,0,5,12,3,7
4,11,1.0,222,5,6,0,10,22,1,7
4,11,1.0,222,5,6,1,13,38,0,7
4,5,17.0,212,0,22,1,15,114,4,6
4,5,24.0,58,0,4,2,13,21,1,14
4,5,24.0,58,0,8,1,11,124,1,14
4,6,2.0,352,2,0,2,11,133,0,22
4,3,25.0,347,3,21,1,0,64,0,13
4,3,25.0,347,3,11,1,1,81,4,13
4,3,26.0,343,0,16,0,10,47,1,3
4,3,26.0,343,0,11,0,6,128,1,3
4,3,26.0,343,0,6,1,6,14,0,3
4,5,2.0,307,3,0,0,9,95,3,22
4,5,17.0,212,0,18,1,2,71,4,6
4,5,17.0,212,0,1,1,6,7,0,6
4,5,24.0,58,0,15,0,13,123,4,14
4,5,24.0,58,0,12,0,14,24,3,14
4,5,24.0,58,0,5,1,9,49,1,14
4,5,24.0,58,0,8,0,9,134,4,14
4,11,31.0,227,3,14,0,15,46,2,20
4,6,2.0,352,2,6,0,10,22,3,22
4,6,2.0,352,2,17,1,6,7,0,22
4,6,2.0,352,2,12,2,14,97,3,22
4,6,2.0,352,2,12,3,9,57,0,22
4,11,17.0,110,3,23,1,15,112,4,6
4,11,26.0,364,1,14,1,11,58,4,3
4,9,9.0,320,1,16,0,0,85,0,12
4,9,9.0,320,1,5,0,5,6,0,12
5,7,5.0,204,4,8,0,15,31,2,24
5,2,23.0,230,0,19,1,0,12,0,17
4,5,8.0,199,6,20,0,10,43,2,8
4,6,1.0,158,1,18,1,5,64,0,7
4,11,18.0,332,0,17,1,13,48,0,0
1,9,14.0,106,0,18,0,11,124,4,5
4,11,18.0,332,0,8,0,13,123,1,0
4,11,18.0,332,0,19,1,14,88,4,0
4,11,23.0,232,6,5,0,14,24,2,17
4,11,23.0,232,6,12,0,0,15,2,17
4,11,26.0,364,1,0,0,8,27,1,3
4,11,9.0,311,6,13,0,15,51,1,12
5,2,26.0,3,4,9,0,14,25,2,3
5,2,25.0,233,2,17,0,10,30,0,13
4,9,8.0,90,0,17,2,1,1,1,8
5,2,26.0,3,4,4,1,6,132,1,3
4,11,24.0,194,3,16,2,7,111,3,14
4,6,9.0,236,2,18,0,5,12,3,12
5,2,26.0,3,4,2,0,14,24,2,3
4,9,1.0,126,0,14,0,1,59,1,7
4,9,8.0,90,0,15,0,10,47,0,8
5,9,23.0,167,0,17,1,5,12,0,17
5,0,1.0,8,1,17,0,2,2,1,7
4,3,18.0,165,3,22,0,4,79,2,0
4,9,16.0,107,1,0,0,0,53,0,2
5,0,1.0,8,1,9,0,16,74,3,7
4,9,15.0,226,0,9,1,13,38,0,1
4,11,24.0,194,3,4,1,9,101,4,14
4,9,18.0,359,4,14,2,13,99,3,0
4,11,1.0,222,5,5,0,12,61,1,7
4,9,16.0,107,1,2,0,11,15,2,2
4,3,1.0,180,4,17,1,7,54,1,7
4,9,24.0,272,2,13,0,1,11,4,14
4,9,25.0,344,4,14,2,8,9,0,13
5,9,7.0,271,6,5,1,13,69,4,11
4,3,1.0,180,4,5,1,13,36,1,7
5,2,25.0,233,2,16,1,14,25,0,13
4,9,7.0,271,3,18,2,14,131,1,11
4,6,9.0,236,2,1,0,1,59,4,12
4,9,24.0,272,2,2,2,15,31,0,14
5,2,15.0,130,3,14,0,6,7,0,1
4,3,15.0,35,4,9,1,3,30,4,1
4,6,9.0,236,2,13,0,0,31,2,12
5,7,30.0,42,0,3,0,9,49,1,19
5,2,26.0,3,4,19,1,12,56,4,3
5,0,17.0,12,4,21,2,0,53,3,6
4,6,8.0,59,1,1,1,0,64,1,8
4,7,8.0,94,0,1,3,15,37,0,8
5,2,26.0,3,4,15,0,10,23,2,3
5,0,17.0,12,4,15,0,10,23,2,6
4,9,6.0,51,6,3,2,0,12,0,23
4,11,9.0,311,6,22,0,13,48,2,12
5,2,26.0,3,4,18,2,8,65,3,3
5,0,17.0,12,4,21,1,0,85,1,6
4,9,6.0,51,6,14,0,12,80,4,23
4,11,9.0,311,6,11,1,0,53,4,12
5,2,26.0,3,4,13,0,13,21,1,3
5,0,17.0,12,4,13,0,8,9,2,6
4,9,6.0,51,6,19,2,2,69,3,23
4,9,7.0,271,3,21,0,0,26,2,11
4,9,7.0,271,3,8,0,6,128,3,11
4,9,6.0,51,6,19,1,10,47,0,23
5,2,26.0,3,4,6,1,2,86,1,3
5,2,25.0,233,2,14,1,13,48,2,13
5,2,26.0,3,4,19,0,3,76,1,3
5,2,26.0,3,4,3,0,14,24,2,3
4,9,15.0,226,0,7,1,10,47,0,1
4,9,15.0,226,0,1,0,8,41,1,1
4,9,16.0,107,1,6,0,8,27,1,2
4,9,16.0,107,1,6,2,1,105,0,2
4,9,15.0,226,0,13,1,6,91,4,1
4,11,14.0,147,4,3,0,10,47,0,5
4,11,14.0,147,4,4,0,4,82,1,5
5,2,23.0,230,0,8,1,14,125,4,17
4,7,7.0,293,3,0,1,2,40,4,11
4,11,14.0,147,4,9,0,2,13,3,5
4,11,14.0,147,4,12,1,6,7,4,5
4,11,17.0,110,3,23,0,10,22,1,6
4,11,17.0,110,3,2,0,1,59,1,6
4,11,18.0,332,0,6,0,2,2,1,0
4,11,18.0,332,0,6,2,4,75,1,0
4,11,18.0,332,0,2,0,1,11,0,0
4,11,18.0,332,0,1,0,12,80,0,0
4,11,18.0,332,0,4,1,14,126,4,0
4,11,18.0,332,0,6,1,14,97,0,0
4,11,17.0,110,3,19,3,11,15,0,6
4,11,23.0,232,6,5,0,9,134,4,17
5,0,1.0,8,1,20,0,3,44,4,7
5,0,1.0,8,1,6,0,0,12,0,7
5,0,1.0,8,1,21,1,6,7,0,7
5,0,1.0,8,1,14,0,5,12,0,7
5,0,1.0,8,1,8,0,13,99,4,7
5,0,17.0,12,4,12,0,0,15,2,6
5,0,17.0,12,4,14,2,6,132,0,6
5,0,17.0,12,4,4,0,13,36,1,6
5,2,25.0,233,2,17,0,10,30,0,13
5,0,23.0,237,2,5,0,16,50,1,17
5,0,23.0,237,2,15,1,9,63,4,17
5,0,23.0,237,2,22,0,5,6,0,17
4,7,1.0,98,0,17,0,2,2,1,7
5,4,23.0,30,5,11,0,5,6,0,17
5,0,23.0,237,2,9,3,10,47,3,17
5,2,16.0,220,0,3,1,13,28,1,2
5,2,16.0,220,0,12,0,2,35,2,2
5,2,16.0,220,0,17,0,1,105,4,2
5,2,18.0,7,2,21,1,6,128,0,0
5,2,18.0,7,2,17,1,3,30,0,0
4,11,26.0,364,1,16,0,13,28,1,3
4,11,26.0,364,1,16,0,0,64,0,3
4,11,26.0,364,1,5,0,13,28,1,3
4,11,26.0,364,1,1,0,8,118,3,3
5,9,7.0,271,6,11,0,9,49,4,11
4,7,23.0,202,1,17,1,0,26,1,17
4,5,16.0,239,3,1,0,5,12,0,2
4,11,8.0,283,5,19,1,7,62,0,8
5,0,16.0,11,2,21,2,8,41,0,2
5,0,16.0,11,2,3,0,2,123,4,2
5,0,16.0,11,2,8,1,1,81,4,2
5,0,24.0,55,4,22,0,2,71,3,14
4,11,6.0,252,2,10,2,14,34,0,23
4,11,6.0,252,2,19,1,11,58,4,23
4,11,6.0,252,2,6,1,0,77,1,23
4,11,6.0,252,2,1,0,5,6,1,23
4,11,8.0,283,5,0,1,0,0,0,8
4,11,8.0,283,5,22,0,15,108,4,8
4,11,8.0,283,5,5,1,2,2,1,8
4,11,8.0,283,5,2,2,9,93,3,8
4,11,8.0,283,5,14,0,2,2,1,8
4,11,8.0,283,5,9,1,14,126,0,8
5,2,18.0,7,2,8,1,5,6,0,0
5,0,1.0,8,1,0,0,14,107,1,7
5,0,23.0,237,2,23,0,10,47,3,17
5,9,25.0,344,2,6,1,10,23,0,13
5,9,27.0,179,5,12,3,0,96,0,15
5,9,27.0,179,5,12,0,12,100,1,15
5,9,28.0,315,6,8,2,1,1,2,18
5,9,28.0,315,6,12,0,10,43,3,18
5,9,28.0,315,6,19,0,9,134,2,18
5,9,28.0,315,6,14,0,10,47,1,18
5,7,1.0,98,3,7,0,9,54,3,7
5,7,1.0,98,3,13,2,12,61,3,7
5,11,18.0,332,3,22,0,0,26,2,0
5,11,18.0,332,3,14,0,4,66,0,0
5,11,25.0,88,3,20,0,2,69,1,13
5,11,25.0,88,3,3,0,5,6,2,13
5,11,25.0,88,3,13,1,3,115,1,13
5,11,28.0,123,2,6,1,15,31,1,18
5,11,28.0,123,2,14,0,9,54,1,18
5,11,18.0,332,3,9,0,16,50,3,0
5,9,2.0,323,0,1,0,14,88,3,22
5,9,3.0,217,1,8,0,8,9,0,27
5,9,3.0,217,1,18,0,6,7,3,27
5,9,3.0,217,1,21,1,11,124,0,27
4,6,2.0,352,2,23,1,7,20,4,22
4,6,10.0,149,4,0,2,16,50,3,4
4,3,25.0,347,3,12,3,14,106,3,13
5,11,24.0,194,6,13,1,11,18,1,14
5,11,5.0,240,0,15,3,0,0,0,24
5,9,6.0,51,5,16,1,5,6,0,23
5,9,6.0,51,5,3,0,6,89,2,23
5,2,1.0,16,3,6,0,2,86,1,7
4,11,15.0,331,5,19,3,0,68,3,1
4,11,25.0,88,0,22,0,13,123,2,13
5,7,7.0,293,6,1,1,3,44,0,11
5,9,24.0,272,1,17,0,1,59,4,14
4,3,25.0,347,3,9,0,15,108,1,13
4,11,9.0,311,6,18,2,1,105,0,12
4,3,25.0,347,3,2,0,14,24,2,13
4,5,2.0,307,3,15,0,5,6,2,22
5,0,1.0,8,1,15,0,1,16,3,7
5,0,17.0,12,4,4,0,6,116,0,6
5,0,17.0,12,4,19,0,8,27,3,6
5,0,17.0,12,4,4,0,15,114,4,6
5,0,17.0,12,4,18,0,15,112,4,6
5,0,17.0,12,4,19,2,10,23,1,6
5,9,4.0,295,2,19,1,7,137,1,30
5,2,18.0,7,2,17,0,7,120,3,0
5,2,18.0,7,2,15,0,16,72,1,0
5,2,18.0,7,2,3,2,0,77,3,0
5,2,24.0,22,1,8,0,4,4,1,14
5,2,24.0,22,1,18,2,4,79,3,14
5,2,25.0,233,2,16,0,3,103,3,13
5,2,25.0,233,2,7,0,13,29,1,13
5,2,25.0,233,2,4,0,5,64,0,13
5,2,26.0,3,4,3,1,11,10,2,3
5,2,26.0,3,4,15,0,2,2,2,3
5,2,26.0,3,4,16,1,0,31,0,3
5,2,26.0,3,4,2,0,14,24,2,3
5,0,1.0,8,1,0,0,1,16,4,7
5,0,1.0,8,1,2,2,4,66,1,7
5,0,1.0,8,1,22,0,1,84,3,7
5,0,23.0,237,2,23,0,4,138,3,17
5,0,23.0,237,2,21,0,5,12,1,17
5,0,23.0,237,2,20,0,2,86,1,17
5,0,23.0,237,2,2,2,8,118,3,17
4,11,1.0,222,5,21,0,0,68,3,7
5,11,23.0,232,5,14,1,16,130,2,17
4,7,1.0,98,0,14,0,15,119,4,7
4,7,7.0,293,3,23,0,14,34,4,11
5,0,23.0,237,2,15,1,0,64,0,17
4,11,8.0,283,5,20,1,12,121,1,8
5,0,23.0,237,2,12,3,7,137,1,17
4,11,14.0,147,4,16,0,0,68,0,5
4,7,1.0,98,0,14,2,10,22,1,7
4,11,14.0,147,4,7,1,13,28,0,5
4,11,14.0,147,4,6,1,6,7,0,5
4,7,8.0,94,0,14,0,6,89,1,8
4,11,24.0,194,3,16,0,10,52,1,14
4,7,7.0,293,3,19,1,1,59,4,11
4,11,14.0,147,4,13,1,7,111,1,5
4,11,14.0,147,4,5,1,13,36,1,5
4,7,24.0,68,2,17,0,5,12,0,14
4,11,24.0,194,3,13,3,6,91,0,14
4,11,14.0,147,4,2,0,10,52,0,5
4,7,24.0,68,2,6,0,5,6,3,14
4,11,14.0,147,4,1,2,6,89,3,5
4,7,7.0,293,3,4,2,3,103,0,11
4,11,24.0,194,3,0,1,5,64,0,14
4,7,24.0,68,2,17,1,13,38,2,14
4,7,24.0,68,2,7,0,1,11,3,14
4,7,8.0,94,0,13,3,2,92,1,8
5,0,1.0,8,1,11,0,14,34,1,7
4,7,24.0,68,2,13,0,4,5,1,14
4,7,24.0,68,2,22,0,4,4,3,14
4,7,24.0,68,2,18,0,6,7,0,14
4,7,26.0,316,5,0,0,13,13,3,3
5,4,25.0,20,3,11,0,5,6,0,13
5,4,18.0,26,3,20,0,9,54,3,0
5,4,25.0,20,3,4,1,9,95,4,13
5,4,25.0,20,3,2,0,8,9,3,13
5,4,25.0,20,3,1,0,2,40,3,13
5,2,6.0,251,5,11,0,4,136,4,23
5,2,6.0,251,5,8,0,8,41,2,23
5,2,7.0,153,6,10,0,10,47,2,11
5,2,7.0,153,6,14,0,5,6,3,11
5,2,7.0,153,6,4,2,16,42,2,11
5,2,10.0,28,1,15,0,5,64,0,4
5,2,10.0,28,1,13,0,10,22,2,4
5,2,10.0,28,1,2,1,12,84,1,4
5,11,14.0,147,2,22,0,7,54,3,5
4,7,1.0,98,0,9,1,10,22,0,7
4,7,24.0,68,2,18,1,3,30,0,14
4,3,15.0,35,4,8,0,2,123,2,1
4,3,15.0,35,4,20,0,14,125,1,1
4,11,1.0,222,5,6,0,0,77,1,7
5,0,23.0,237,2,15,1,0,12,1,17
5,2,10.0,28,1,4,2,6,89,3,4
5,2,10.0,28,1,14,1,9,83,4,4
5,2,16.0,220,0,16,0,10,22,3,2
5,2,16.0,220,0,8,0,12,80,3,2
5,2,16.0,220,0,14,0,13,99,4,2
5,2,16.0,220,0,1,1,7,129,4,2
5,0,15.0,190,1,22,3,11,98,4,1
4,11,26.0,364,1,23,0,0,85,1,3
4,9,9.0,320,1,0,0,8,27,0,12
4,9,9.0,320,1,8,0,5,6,0,12
4,9,9.0,320,1,18,0,11,18,0,12
4,9,15.0,226,0,21,1,3,115,1,1
4,9,15.0,226,0,1,0,6,128,1,1
4,11,8.0,283,5,4,1,13,48,0,8
4,11,23.0,232,6,13,1,11,18,1,17
4,11,23.0,232,6,8,1,15,39,4,17
4,11,18.0,332,0,4,1,9,63,0,0
4,6,1.0,158,1,14,0,6,89,1,7
4,9,24.0,272,2,6,0,10,47,1,14
4,9,15.0,226,0,1,0,4,66,2,1
4,9,16.0,107,1,21,0,12,61,1,2
4,9,16.0,107,1,6,0,9,102,3,2
4,9,16.0,107,1,0,1,6,7,0,2
4,9,16.0,107,1,0,1,6,7,0,2
4,9,24.0,272,2,13,0,13,29,3,14
4,9,9.0,320,1,1,0,11,15,0,12
5,2,16.0,220,0,1,0,9,54,2,2
5,2,18.0,7,2,21,0,12,80,3,0
5,2,18.0,7,2,16,1,13,48,0,0
5,2,10.0,28,1,19,0,10,47,0,4
5,2,24.0,22,1,0,0,6,7,0,14
5,2,24.0,22,1,15,1,14,88,4,14
5,2,24.0,22,1,14,0,2,13,2,14
5,2,25.0,233,2,0,0,14,131,1,13
5,2,25.0,233,2,8,0,13,123,1,13
5,2,18.0,7,2,17,1,9,58,4,0
5,2,26.0,3,4,0,0,3,30,3,3
5,2,26.0,3,4,8,0,1,1,0,3
5,2,26.0,3,4,15,1,0,0,1,3
5,2,26.0,3,4,4,2,5,6,0,3
5,2,24.0,22,1,21,3,1,35,4,14
5,0,1.0,8,1,13,1,1,35,4,7
5,0,17.0,12,4,1,2,14,131,3,6
4,5,1.0,109,6,18,2,2,2,0,7
4,9,1.0,126,0,17,0,12,104,1,7
5,9,23.0,167,0,15,2,10,22,3,17
5,0,23.0,237,2,2,2,3,70,0,17
5,0,23.0,237,2,14,0,12,84,1,17
3,11,1.0,222,2,13,0,10,47,1,7
4,5,10.0,155,0,12,2,13,69,3,4
4,11,24.0,194,3,2,0,2,86,2,14
5,2,15.0,130,3,19,2,6,89,1,1
4,11,24.0,194,3,8,0,9,49,1,14
5,0,16.0,11,2,9,1,13,29,0,2
4,9,1.0,126,0,20,0,5,64,3,7
4,9,1.0,126,0,22,0,3,44,1,7
4,7,9.0,273,1,21,0,4,138,4,12
4,9,1.0,126,0,19,0,3,30,3,7
4,9,7.0,271,3,4,1,1,16,4,11
4,9,23.0,167,1,2,3,14,25,0,17
4,9,18.0,359,4,3,0,6,89,1,0
4,9,18.0,359,4,13,0,14,25,4,0
4,9,18.0,359,4,13,0,0,26,2,0
4,9,18.0,359,4,22,2,6,132,3,0
5,11,18.0,332,3,13,0,0,26,3,0
5,11,18.0,332,3,15,0,14,24,2,0
5,11,25.0,88,3,20,0,3,30,3,13
5,11,25.0,88,3,13,0,10,22,2,13
5,4,22.0,152,4,11,0,1,67,2,26
5,11,25.0,88,3,18,0,2,2,3,13
5,11,28.0,123,2,16,1,5,6,0,18
5,11,28.0,123,2,6,0,9,101,4,18
5,11,28.0,123,2,5,0,0,12,1,18
4,11,18.0,332,0,21,1,3,30,2,0
5,11,28.0,123,2,1,2,15,119,3,18
5,11,28.0,123,2,12,1,5,12,1,18
5,9,2.0,323,0,16,1,16,113,0,22
5,9,2.0,323,0,15,2,8,41,3,22
5,9,2.0,323,0,2,0,15,39,1,22
5,9,2.0,323,0,22,2,9,10,3,22
5,9,3.0,217,1,16,0,3,30,0,27
5,9,8.0,90,3,2,0,11,94,2,8
5,9,18.0,359,2,23,1,13,28,0,0
5,9,18.0,359,2,7,0,15,31,1,0
5,6,26.0,348,5,17,0,14,126,4,3
5,2,22.0,209,3,6,1,11,133,0,26
3,10,1.0,208,1,17,0,9,134,4,7
4,11,4.0,275,0,18,1,11,10,0,30
5,2,5.0,127,4,22,0,8,9,3,24
5,9,1.0,126,3,17,0,16,130,1,7
5,9,1.0,126,3,14,1,3,30,0,7
4,3,28.0,187,2,2,1,12,104,4,18
3,5,1.0,109,4,17,0,9,102,4,7
5,2,22.0,209,3,15,1,14,126,4,26
5,3,4.0,285,6,16,1,6,132,0,30
5,3,4.0,285,6,18,0,16,37,1,30
3,0,20.0,172,6,18,0,16,113,1,29
5,6,11.0,355,4,15,0,9,54,2,9
5,8,27.0,78,3,19,1,0,12,0,15
5,4,19.0,142,0,23,3,6,7,3,10
5,4,4.0,178,3,19,0,4,5,1,30
5,8,21.0,46,0,15,3,8,19,3,21
5,2,22.0,209,3,18,1,15,108,4,26
4,9,8.0,90,0,18,1,1,59,1,8
4,9,10.0,156,2,12,2,10,47,0,4
4,9,17.0,255,2,2,1,9,83,4,6
5,0,18.0,0,5,13,0,14,24,2,0
4,9,26.0,267,5,3,0,9,87,3,3
5,4,24.0,27,6,5,0,4,82,2,14
4,9,26.0,267,5,14,0,1,35,1,3
4,7,2.0,160,1,6,0,14,106,3,22
4,7,2.0,160,1,6,1,0,31,0,22
4,11,15.0,331,5,13,0,0,26,1,1
4,7,17.0,95,2,3,0,12,61,1,6
4,7,16.0,40,1,20,0,4,75,1,2
4,7,17.0,95,2,3,0,2,2,1,6
4,7,17.0,95,2,1,0,9,87,2,6
4,7,25.0,41,4,20,1,12,121,1,13
4,11,14.0,147,4,19,1,16,50,1,5
4,7,10.0,329,2,6,2,2,86,1,4
4,11,17.0,110,3,15,1,0,26,1,6
4,11,14.0,147,4,9,0,10,47,1,5
4,11,18.0,332,0,13,1,4,121,1,0
4,11,17.0,110,3,11,1,7,137,2,6
4,11,17.0,110,3,2,1,9,102,1,6
5,0,23.0,237,2,8,0,0,77,3,17
4,11,18.0,332,0,7,1,7,20,0,0
5,2,25.0,233,2,7,1,1,11,0,13
4,7,10.0,329,2,21,1,6,73,0,4
4,11,8.0,283,5,2,0,8,41,4,8
5,2,25.0,233,2,5,1,9,93,4,13
4,7,10.0,329,2,14,0,12,84,1,4
4,11,17.0,110,3,4,0,2,92,1,6
4,11,18.0,332,0,1,1,14,25,4,0
4,11,23.0,232,6,12,0,5,6,0,17
4,11,23.0,232,6,19,0,8,9,0,17
4,11,23.0,232,6,9,0,16,42,3,17
4,11,26.0,364,1,16,2,13,38,3,3
4,11,26.0,364,1,13,0,2,2,1,3
4,11,26.0,364,1,9,0,12,135,4,3
4,9,9.0,320,1,8,0,2,69,2,12
4,9,9.0,320,1,8,1,12,17,1,12
5,0,23.0,237,2,4,0,0,26,2,17
5,0,23.0,237,2,14,0,14,25,1,17
5,0,23.0,237,2,18,0,11,94,2,17
4,11,1.0,222,5,19,1,13,38,1,7
4,11,1.0,222,5,21,1,16,39,4,7
4,11,1.0,222,5,6,1,14,25,0,7
4,11,24.0,194,3,11,0,10,47,1,14
4,11,24.0,194,3,22,0,0,85,1,14
4,11,24.0,194,3,12,0,9,9,2,14
4,11,24.0,194,3,12,0,1,59,1,14
4,9,1.0,126,0,16,0,15,119,4,7
4,9,1.0,126,0,12,0,11,133,0,7
4,9,1.0,126,0,14,0,6,91,1,7
4,9,1.0,126,0,18,0,5,12,0,7
4,9,6.0,51,6,9,0,13,36,3,23
4,9,7.0,271,3,0,1,0,64,0,11
4,6,8.0,59,1,8,0,15,46,4,8
4,9,23.0,167,1,2,1,12,104,2,17
4,7,8.0,94,0,2,1,10,22,2,8
4,9,7.0,271,3,11,0,6,89,1,11
4,11,1.0,222,5,17,0,8,118,1,7
4,11,1.0,222,5,0,0,15,46,3,7
4,11,1.0,222,5,13,1,3,44,0,7
4,11,1.0,222,5,20,1,5,6,0,7
4,11,1.0,222,5,14,0,13,38,4,7
4,11,1.0,222,5,1,1,16,50,0,7
4,11,9.0,311,6,21,0,12,61,1,12
4,11,9.0,311,6,0,1,5,6,0,12
4,11,9.0,311,6,3,0,15,108,4,12
4,11,9.0,311,6,2,0,4,121,1,12
4,11,9.0,311,6,3,1,12,17,4,12
4,9,1.0,126,0,6,0,8,118,1,7
4,9,7.0,271,3,13,3,11,15,3,11
4,9,7.0,271,3,2,2,11,18,0,11
4,9,7.0,271,3,5,1,10,47,1,11
4,9,18.0,359,4,0,0,14,25,0,0
4,9,18.0,359,4,8,0,4,75,1,0
4,9,23.0,167,1,0,0,7,62,0,17
4,9,23.0,167,1,7,0,5,12,1,17
4,9,23.0,167,1,21,1,3,79,4,17
4,9,25.0,344,4,3,0,15,39,1,13
4,9,25.0,344,4,7,1,10,12,0,13
4,9,25.0,344,4,22,1,15,119,1,13
4,9,25.0,344,4,4,0,1,11,4,13
4,7,8.0,94,0,0,1,13,21,0,8
5,2,16.0,220,0,8,0,13,28,0,2
4,7,15.0,205,0,15,0,1,11,4,1
4,7,15.0,205,0,8,0,11,133,2,1
4,7,18.0,154,4,16,1,3,30,0,0
4,7,18.0,154,4,20,0,7,31,1,0
4,7,18.0,154,4,14,2,12,80,0,0
5,0,17.0,12,4,19,3,16,50,4,6
4,11,1.0,222,5,16,0,14,25,0,7
4,7,8.0,94,0,7,1,0,68,0,8
4,7,8.0,94,0,21,1,4,66,0,8
4,7,8.0,94,0,0,1,1,81,0,8
4,7,8.0,94,0,22,0,0,77,1,8
4,7,8.0,94,0,5,1,1,59,1,8
4,7,24.0,68,2,0,1,3,30,0,14
4,7,24.0,68,2,11,0,0,0,1,14
4,7,24.0,68,2,4,0,15,51,1,14
4,7,24.0,68,2,14,0,1,11,2,14
4,7,24.0,68,2,14,0,2,40,2,14
4,7,26.0,316,5,16,0,9,93,4,3
4,7,26.0,316,5,21,0,9,93,1,3
4,7,27.0,53,6,20,0,4,66,2,15
4,7,24.0,68,2,11,1,10,22,1,14
4,9,23.0,167,1,13,1,14,25,0,17
4,7,8.0,94,0,12,1,11,18,0,8
4,7,8.0,94,0,21,3,0,68,4,8
4,3,1.0,180,4,20,0,8,118,4,7
4,11,1.0,222,5,5,0,13,48,4,7
4,7,23.0,202,1,21,1,10,47,1,17
5,0,24.0,55,4,22,0,12,56,1,14
5,0,24.0,55,4,9,1,11,15,0,14
5,0,24.0,55,4,18,0,8,118,4,14
5,0,24.0,55,4,3,1,9,49,0,14
4,11,6.0,252,2,16,0,1,35,1,23
4,11,6.0,252,2,15,0,10,22,3,23
4,11,6.0,252,2,16,1,5,64,1,23
4,11,6.0,252,2,22,1,9,83,1,23
4,11,6.0,252,2,18,0,5,6,1,23
4,11,8.0,283,5,0,1,10,52,0,8
4,11,6.0,252,2,14,2,6,7,1,23
4,11,8.0,283,5,8,0,10,23,0,8
4,11,8.0,283,5,19,1,9,102,4,8
5,9,15.0,226,3,19,1,10,52,1,1
5,11,15.0,331,4,11,1,14,106,4,1
3,2,16.0,220,3,20,1,5,0,2,2
5,11,23.0,232,5,23,0,13,38,2,17
5,11,23.0,232,5,5,0,13,99,4,17
3,2,24.0,22,0,17,0,9,87,3,14
4,3,1.0,180,4,12,0,4,82,1,7
4,3,1.0,180,4,4,0,13,38,4,7
4,3,1.0,180,4,18,0,8,27,2,7
4,3,7.0,289,2,0,0,10,47,0,11
4,3,7.0,289,2,15,0,10,22,2,11
4,3,7.0,289,2,3,3,11,18,1,11
4,9,7.0,271,3,19,0,2,92,0,11
4,9,7.0,271,3,1,0,0,15,2,11
4,9,7.0,271,3,4,2,8,27,1,11
4,9,18.0,359,4,17,1,12,104,0,0
4,9,18.0,359,4,0,1,0,0,0,0
4,9,18.0,359,4,0,1,9,10,0,0
4,9,23.0,167,1,4,0,1,59,1,17
4,9,23.0,167,1,18,0,13,21,4,17
4,9,25.0,344,4,21,1,11,90,0,13
4,9,25.0,344,4,12,0,14,24,2,13
4,7,1.0,98,0,5,0,5,6,0,7
4,7,1.0,98,0,1,2,6,89,3,7
4,7,8.0,94,0,8,2,15,31,3,8
4,7,24.0,68,2,15,0,1,105,4,14
4,7,27.0,53,6,11,0,3,79,1,15
5,11,30.0,170,5,17,1,3,79,1,19
4,7,15.0,205,0,2,0,13,48,2,1
4,7,23.0,202,1,12,0,10,22,1,17
4,7,18.0,154,4,19,3,8,27,0,0
4,11,8.0,283,5,14,0,16,130,0,8
5,2,25.0,233,2,23,1,3,115,4,13
5,2,24.0,22,1,12,1,1,11,0,14
5,2,25.0,233,2,19,0,4,121,1,13
5,4,16.0,25,5,5,0,1,1,4,2
5,4,16.0,25,5,3,2,0,15,0,2
5,4,16.0,25,5,13,2,2,2,3,2
5,4,16.0,25,5,9,1,1,1,4,2
5,4,17.0,19,6,16,0,1,11,4,6
5,4,17.0,19,6,20,0,16,50,2,6
5,4,17.0,19,6,7,0,13,38,3,6
5,4,16.0,25,5,8,0,15,114,3,2
5,4,18.0,26,3,0,1,13,28,4,0
5,4,18.0,26,3,12,2,11,18,3,0
5,2,8.0,258,3,8,0,7,129,2,8
4,11,24.0,194,3,3,0,12,80,2,14
5,1,29.0,112,6,9,3,7,120,4,16
5,2,20.0,264,5,15,1,5,64,1,29
5,0,4.0,229,5,22,0,13,123,3,30
5,0,3.0,334,4,19,3,9,27,0,27
5,4,20.0,115,1,21,1,5,12,0,29
5,5,19.0,146,1,12,0,8,27,4,10
5,5,20.0,214,2,14,0,12,121,1,29
5,5,29.0,24,5,2,2,1,67,3,16
5,10,13.0,346,0,9,0,16,37,2,25
5,10,18.0,246,6,13,3,0,68,0,0
5,8,5.0,101,6,22,0,13,69,2,24
5,8,3.0,363,4,16,0,0,15,0,27
5,8,4.0,299,5,2,0,3,115,0,30
5,8,4.0,299,5,17,1,2,2,4,30
5,8,28.0,224,0,5,1,8,41,1,18
5,4,5.0,235,0,15,1,5,64,1,24
5,4,29.0,313,4,13,0,14,32,1,16
5,0,4.0,229,5,20,1,16,130,2,30
1,11,1.0,222,6,13,0,8,41,1,7
5,4,5.0,235,0,2,0,4,66,2,24
4,5,17.0,212,0,1,0,10,23,3,6
4,5,17.0,212,0,17,0,0,15,2,6
4,3,16.0,263,5,8,3,7,120,0,2
4,3,24.0,357,6,19,2,13,99,0,14
4,3,24.0,357,6,23,1,7,137,1,14
4,3,25.0,347,3,5,1,9,83,4,13
4,3,25.0,347,3,3,2,4,45,2,13
4,3,25.0,347,3,1,1,2,86,4,13
4,3,26.0,343,0,16,2,6,7,3,3
3,0,31.0,290,2,2,1,9,87,1,20
3,0,29.0,191,0,2,0,2,69,3,16
5,11,24.0,194,6,8,0,4,66,0,14
5,2,1.0,16,3,23,0,12,56,4,7
5,2,9.0,21,0,12,3,1,35,2,12
4,9,8.0,90,0,18,2,9,63,3,8
5,0,27.0,23,3,22,1,3,44,4,15
4,3,26.0,343,0,21,0,16,37,4,3
4,5,2.0,307,3,21,0,10,52,1,22
4,5,2.0,307,3,13,2,11,117,0,22
4,5,17.0,212,0,7,1,0,0,2,6
4,9,7.0,271,3,4,3,6,7,3,11
4,9,23.0,167,1,0,0,3,103,1,17
5,4,23.0,30,5,11,0,10,47,3,17
5,4,23.0,30,5,11,0,9,54,0,17
5,4,25.0,20,3,20,0,3,115,3,13
5,4,18.0,26,3,6,0,6,7,2,0
5,4,25.0,20,3,15,0,9,87,2,13
5,2,10.0,28,1,14,0,14,24,1,4
5,2,10.0,28,1,9,2,6,7,3,4
5,2,16.0,220,0,16,0,3,79,3,2
5,2,16.0,220,0,16,1,15,96,4,2
3,11,28.0,123,1,18,2,9,93,3,18
3,11,28.0,123,1,9,0,12,61,1,18
3,9,10.0,156,0,22,0,10,23,1,4
3,9,10.0,156,0,22,2,10,47,0,4
3,9,10.0,156,0,1,0,2,2,1,4
3,8,15.0,72,0,18,0,1,16,2,1
3,9,11.0,52,1,13,0,6,89,1,9
3,9,11.0,52,1,22,0,2,71,1,9
3,9,11.0,52,1,19,2,8,118,3,9
3,9,11.0,52,1,19,0,14,25,3,9
3,9,12.0,177,2,16,0,0,53,4,28
3,9,11.0,52,1,1,1,13,38,4,9
3,9,12.0,177,2,16,0,13,13,4,28
3,9,12.0,177,2,1,0,13,36,3,28
3,9,12.0,177,2,2,2,10,22,2,28
3,9,12.0,177,2,18,0,0,26,0,28
3,9,18.0,359,1,17,0,15,31,3,0
3,10,21.0,341,0,10,1,0,85,1,21
3,10,21.0,341,0,15,0,6,7,4,21
3,10,20.0,223,3,18,1,16,37,4,29
3,10,21.0,341,0,10,0,10,22,2,21
3,10,22.0,314,1,17,0,6,128,1,26
3,10,22.0,314,1,8,0,10,47,0,26
3,10,28.0,216,0,16,0,9,109,1,18
3,10,28.0,216,0,20,1,12,84,1,18
3,10,29.0,318,1,10,0,9,54,1,16
3,10,29.0,318,1,20,0,10,12,2,16
3,0,22.0,241,0,15,3,6,7,3,26
3,10,29.0,318,1,5,0,10,12,3,16
3,10,29.0,318,1,2,0,11,8,1,16
3,10,29.0,318,1,3,0,16,72,3,16
3,10,29.0,318,1,19,0,12,80,4,16
3,10,29.0,318,1,1,0,2,69,4,16
3,9,18.0,359,1,7,0,6,91,1,0
3,9,18.0,359,1,23,0,13,36,0,0
3,10,11.0,298,5,6,0,7,54,1,9
3,1,4.0,286,0,19,1,14,34,1,30
3,9,18.0,359,1,20,0,2,13,1,0
3,7,20.0,266,4,6,1,13,13,0,29
3,7,20.0,266,4,16,1,14,25,0,29
3,7,20.0,266,4,23,0,2,2,4,29
3,3,5.0,324,6,15,0,12,104,0,24
3,3,10.0,4,4,13,1,11,117,1,4
3,3,10.0,4,4,2,0,10,47,0,4
3,0,6.0,260,6,1,0,10,47,2,23
3,7,10.0,329,0,19,0,7,62,1,4
3,3,10.0,4,4,12,1,9,10,4,4
3,3,12.0,104,6,1,0,5,12,3,28
3,3,10.0,4,4,19,1,15,96,0,4
3,3,30.0,304,2,6,0,0,68,0,19
3,3,30.0,304,2,3,1,14,88,4,19
2,2,30.0,8,6,6,1,6,91,1,19
2,0,22.0,237,3,18,1,7,129,0,26
3,9,2.0,323,3,20,3,9,93,4,22
3,9,28.0,315,5,14,3,13,29,3,18
3,10,28.0,216,0,22,0,9,134,2,18
3,10,29.0,318,1,12,0,16,108,3,16
3,10,29.0,318,1,18,0,11,55,3,16
3,10,30.0,157,2,21,0,7,20,3,19
3,10,30.0,157,2,16,1,13,29,0,19
3,10,30.0,157,2,21,0,15,39,4,19
3,10,30.0,157,2,3,0,1,35,4,19
3,10,31.0,135,4,11,0,5,64,1,20
3,10,31.0,135,4,3,1,12,61,1,20
3,10,31.0,135,4,8,0,9,87,3,20
3,1,5.0,219,1,0,0,8,9,0,24
3,1,5.0,219,1,11,3,3,30,0,24
2,5,18.0,146,6,17,0,8,27,1,0
3,1,5.0,219,1,12,0,0,26,3,24
3,1,5.0,219,1,9,0,16,50,0,24
3,1,6.0,97,2,17,0,10,30,3,23
3,1,6.0,97,2,4,0,10,6,0,23
3,0,23.0,237,1,18,0,12,56,1,17
3,10,23.0,247,2,14,1,4,75,1,17
2,2,27.0,257,2,17,3,14,110,0,15
3,3,30.0,304,2,12,0,1,1,4,19
3,5,2.0,307,5,16,1,0,15,4,22
3,5,2.0,307,5,16,0,10,47,3,22
3,5,2.0,307,5,17,1,15,31,1,22
3,11,8.0,283,2,14,0,7,78,1,8
3,5,2.0,307,5,11,1,10,22,4,22
3,5,2.0,307,5,1,2,13,28,3,22
3,5,12.0,327,0,8,0,11,94,3,28
3,5,14.0,36,2,6,0,8,118,4,5
3,1,14.0,183,4,9,2,5,64,3,5
3,5,14.0,36,2,16,0,1,67,0,5
3,3,10.0,4,4,20,1,13,69,1,4
3,3,29.0,325,1,18,0,9,49,1,16
3,8,4.0,299,4,21,0,15,108,1,30
3,1,30.0,100,6,16,2,4,5,3,19
3,1,30.0,100,6,14,0,6,7,1,19
3,9,18.0,359,1,3,0,2,86,1,0
3,3,12.0,104,6,22,0,10,22,3,28
3,3,28.0,187,0,8,0,4,75,1,18
2,0,19.0,172,4,20,0,4,5,4,10
3,11,8.0,283,2,18,0,8,33,3,8
3,1,21.0,45,4,10,0,7,57,2,21
3,8,4.0,299,4,7,1,1,67,0,30
3,8,4.0,299,4,17,1,6,7,0,30
3,9,19.0,234,2,7,0,1,11,0,10
2,0,19.0,172,4,11,0,16,50,1,10
0,6,1.0,158,4,17,0,16,37,4,7
3,3,12.0,104,6,13,2,3,70,3,28
3,1,15.0,1,5,4,0,14,106,1,1
3,11,8.0,283,2,17,0,5,12,3,8
3,1,21.0,45,4,0,1,1,59,0,21
3,10,31.0,135,4,1,0,16,50,1,20
3,8,4.0,299,4,16,0,3,79,1,30
2,0,19.0,172,4,22,0,7,78,3,10
2,0,19.0,172,4,22,0,13,38,2,10
2,0,20.0,287,5,17,0,8,27,1,29
2,0,20.0,287,5,17,0,2,2,0,29
3,6,23.0,84,0,2,1,10,47,1,17
3,6,23.0,84,0,6,0,9,10,4,17
2,0,20.0,287,5,2,1,2,3,4,29
2,0,20.0,287,5,14,0,14,34,2,29
2,0,28.0,191,6,2,1,9,10,4,18
3,4,31.0,67,5,16,0,5,12,0,20
3,6,19.0,291,4,1,2,12,80,3,10
3,6,19.0,291,4,2,0,2,71,4,10
3,6,19.0,291,4,9,0,14,25,3,10
3,6,19.0,291,4,10,0,7,20,4,10
3,6,20.0,215,5,4,0,6,7,2,29
3,6,20.0,215,5,9,2,2,2,3,29
3,6,20.0,215,5,14,0,2,40,3,29
3,6,20.0,215,5,13,1,2,35,4,29
3,6,28.0,309,6,22,0,1,35,3,18
3,6,28.0,309,6,22,2,9,54,1,18
3,6,28.0,309,6,12,0,5,6,3,18
3,6,28.0,309,6,2,0,5,6,0,18
3,10,6.0,242,3,0,1,9,27,0,23
3,6,28.0,309,6,12,0,5,6,2,18
3,10,6.0,242,3,8,0,15,108,4,23
3,10,6.0,242,3,12,1,13,99,4,23
3,1,5.0,219,1,12,0,8,27,1,24
3,2,4.0,254,1,4,0,6,7,3,30
3,2,4.0,254,1,5,1,11,122,1,30
3,2,6.0,251,4,6,1,5,12,1,23
3,2,6.0,251,4,19,1,4,45,4,23
3,2,13.0,276,4,17,0,15,46,4,25
3,2,13.0,276,4,21,0,13,21,1,25
3,2,13.0,276,4,8,1,8,118,1,25
3,2,13.0,276,4,6,0,7,20,1,25
3,2,13.0,276,4,4,0,12,83,3,25
3,11,12.0,118,3,4,2,10,22,1,28
3,11,12.0,118,3,9,0,6,128,1,28
3,9,5.0,89,2,1,0,8,27,1,24
3,11,12.0,118,3,9,0,5,6,2,28
3,10,13.0,346,3,5,3,16,139,4,25
3,1,13.0,207,2,18,2,3,103,3,25
3,9,28.0,315,5,12,0,9,109,2,18
3,2,24.0,22,0,17,2,14,24,1,14
3,2,24.0,22,0,20,0,3,79,1,14
3,2,24.0,22,0,14,2,11,15,2,14
2,0,28.0,191,6,19,1,11,10,4,18
3,11,10.0,360,5,16,0,11,94,2,4
3,11,10.0,360,5,13,0,0,64,2,4
3,11,10.0,360,5,13,1,1,59,4,4
3,11,10.0,360,5,12,2,9,101,2,4
2,0,19.0,172,4,4,1,9,93,4,10
2,0,20.0,287,5,13,1,9,93,4,29
3,11,18.0,332,6,11,1,3,79,4,0
3,11,18.0,332,6,19,2,4,75,0,0
3,11,19.0,321,3,11,0,7,20,4,10
3,11,19.0,321,3,15,0,2,2,1,10
3,11,19.0,321,3,5,2,15,31,0,10
3,11,18.0,332,6,8,0,10,43,1,0
3,11,19.0,321,3,22,0,4,4,3,10
3,11,19.0,321,3,20,0,11,133,2,10
3,11,19.0,321,3,15,0,5,6,3,10
3,11,28.0,123,1,6,0,15,31,1,18
3,2,15.0,130,6,20,1,11,18,1,1
3,0,7.0,15,3,13,3,7,120,1,11
3,0,14.0,5,3,19,1,8,41,4,5
3,11,28.0,123,1,21,0,5,6,3,18
3,1,5.0,219,1,4,1,10,23,1,24
3,1,5.0,219,1,18,0,10,47,3,24
3,1,6.0,97,2,6,2,13,48,3,23
3,1,6.0,97,2,6,0,5,12,3,23
3,1,6.0,97,2,0,2,5,6,3,23
3,1,6.0,97,2,22,0,14,25,0,23
3,1,6.0,97,2,12,0,4,127,4,23
3,1,6.0,97,2,1,0,13,29,1,23
3,1,14.0,183,4,3,0,0,85,3,5
3,1,14.0,183,4,8,0,8,27,3,5
3,1,14.0,183,4,19,0,5,6,3,5
3,1,15.0,1,5,2,1,10,43,1,1
3,8,29.0,301,0,11,3,2,86,1,16
3,1,21.0,45,4,22,0,11,124,3,21
3,11,14.0,147,1,21,0,8,118,1,5
3,10,29.0,318,1,14,3,5,6,3,16
3,3,12.0,104,6,12,3,14,24,3,28
3,1,29.0,112,5,7,0,2,86,1,16
3,1,29.0,112,5,12,0,2,2,3,16
3,9,19.0,234,2,20,0,7,111,2,10
3,8,29.0,301,0,19,1,0,26,0,16
3,10,30.0,157,2,20,0,8,9,0,19
3,11,16.0,225,4,19,0,7,20,4,2
3,1,5.0,219,1,10,0,4,75,1,24
3,1,29.0,112,5,14,0,12,56,3,16
2,2,28.0,140,4,17,3,10,47,0,18
3,7,19.0,330,2,9,1,12,61,0,10
3,9,19.0,234,2,4,1,11,58,4,10
3,8,4.0,299,4,5,0,2,2,1,30
3,10,28.0,216,0,19,2,6,91,2,18
3,11,14.0,147,1,22,0,14,24,2,5
3,1,5.0,219,1,9,0,11,94,1,24
3,1,29.0,112,5,18,0,16,72,3,16
3,1,29.0,112,5,8,2,16,113,3,16
3,7,2.0,160,3,9,0,5,12,0,22
3,7,2.0,160,3,7,0,0,53,3,22
3,7,2.0,160,3,15,0,14,97,2,22
3,7,3.0,269,0,9,0,1,105,4,27
3,7,2.0,160,3,9,0,10,12,1,22
3,7,2.0,160,3,1,1,0,26,1,22
3,7,10.0,329,0,21,1,0,53,0,4
3,7,10.0,329,0,10,1,7,62,4,4
3,7,10.0,329,0,15,2,2,40,0,4
3,7,12.0,181,2,21,0,5,12,3,28
3,7,12.0,181,2,21,0,1,67,1,28
3,7,12.0,181,2,7,0,4,75,1,28
3,7,12.0,181,2,17,1,13,99,0,28
3,7,12.0,181,2,14,0,7,57,4,28
3,7,12.0,181,2,9,0,8,118,1,28
3,7,20.0,266,4,9,2,3,103,3,29
3,3,5.0,324,6,22,0,13,48,3,24
3,3,5.0,324,6,8,0,14,32,4,24
3,3,5.0,324,6,9,0,12,104,3,24
3,2,24.0,22,0,4,2,2,71,3,14
3,2,24.0,22,0,18,1,12,83,4,14
3,2,24.0,22,0,22,1,6,7,1,14
3,0,8.0,9,0,16,0,13,13,3,8
3,0,21.0,287,3,14,0,8,27,2,21
3,0,23.0,237,1,12,1,6,91,2,17
3,0,23.0,237,1,4,0,2,123,4,17
3,0,23.0,237,1,1,2,6,89,0,17
3,0,23.0,237,1,1,0,2,2,4,17
3,9,2.0,323,3,18,0,11,129,1,22
2,0,22.0,237,3,13,0,2,69,0,26
3,2,16.0,220,3,2,2,7,54,3,2
3,1,30.0,100,6,16,1,14,110,1,19
3,10,6.0,242,3,2,0,3,44,3,23
3,10,6.0,242,3,1,0,1,59,1,23
2,11,1.0,222,0,5,0,2,86,1,7
2,0,21.0,241,6,12,1,12,17,4,21
3,2,22.0,209,6,12,0,12,80,2,26
3,2,22.0,209,6,14,0,10,12,4,26
3,2,21.0,108,5,6,1,10,22,1,21
3,2,29.0,140,6,2,0,2,35,3,16
3,0,4.0,229,4,9,0,8,27,1,30
3,0,22.0,241,0,17,0,7,120,4,26
2,0,2.0,334,0,10,0,13,38,4,22
3,10,14.0,174,0,6,0,16,72,4,5
3,10,14.0,174,0,10,0,15,51,0,5
3,10,14.0,174,0,3,0,15,108,2,5
3,7,30.0,42,3,16,0,14,25,1,19
3,10,20.0,223,3,8,0,13,99,2,29
3,6,19.0,291,4,11,1,13,48,0,10
3,10,20.0,223,3,4,0,5,12,3,29
3,10,20.0,223,3,18,0,3,70,1,29
3,2,23.0,230,3,20,1,1,35,4,17
3,2,23.0,230,3,8,1,12,56,4,17
3,2,23.0,230,3,3,1,11,10,4,17
3,2,24.0,22,0,16,0,1,11,4,14
3,2,24.0,22,0,20,0,16,50,1,14
3,2,23.0,230,3,13,0,4,82,2,17
3,2,24.0,22,0,2,0,12,80,3,14
3,0,8.0,9,0,2,0,9,49,1,8
3,0,21.0,287,3,13,1,1,1,1,21
3,0,21.0,287,3,12,0,2,2,1,21
3,0,23.0,237,1,15,0,2,86,1,17
3,0,23.0,237,1,22,0,9,95,4,17
3,0,23.0,237,1,13,0,5,6,2,17
3,0,23.0,237,1,22,1,12,61,4,17
3,11,27.0,322,0,19,1,9,83,4,15
3,11,27.0,322,0,4,2,7,62,3,15
3,10,4.0,356,5,14,1,10,22,0,30
3,0,23.0,237,1,4,1,13,38,0,17
3,3,5.0,324,6,17,1,16,50,2,24
3,3,10.0,4,4,11,3,16,130,0,4
3,3,29.0,325,1,22,0,11,133,3,16
3,3,30.0,304,2,6,0,0,77,0,19
3,10,31.0,135,4,16,0,16,42,1,20
3,9,8.0,90,6,17,0,10,23,1,8
3,8,4.0,299,4,22,0,9,95,3,30
3,1,5.0,219,1,9,0,14,34,1,24
3,1,5.0,219,1,18,0,8,9,3,24
3,3,28.0,187,0,16,0,2,40,1,18
3,9,19.0,234,2,18,1,0,12,0,10
3,10,30.0,157,2,10,0,8,41,3,19
3,8,6.0,87,6,20,2,4,75,2,23
3,1,5.0,219,1,19,1,1,105,4,24
3,8,4.0,299,4,7,1,1,1,0,30
3,7,2.0,160,3,16,0,12,80,0,22
3,10,29.0,318,1,9,0,12,17,2,16
3,8,6.0,87,6,8,0,12,84,3,23
3,7,10.0,329,0,22,1,13,99,4,4
3,8,4.0,299,4,8,0,13,28,1,30
3,10,31.0,135,4,15,1,10,12,1,20
3,7,2.0,160,3,0,2,5,12,3,22
3,10,31.0,135,4,4,0,9,49,3,20
3,8,6.0,87,6,5,3,16,65,4,23
3,7,12.0,181,2,0,0,10,30,0,28
3,8,6.0,87,6,18,0,8,19,1,23
3,8,7.0,70,3,0,1,3,76,0,11
3,8,7.0,70,3,13,0,13,28,1,11
3,8,7.0,70,3,3,0,11,124,0,11
3,8,7.0,70,3,8,0,16,130,0,11
3,8,13.0,189,6,13,0,12,121,3,25
3,8,13.0,189,6,22,0,9,27,2,25
3,8,13.0,189,6,13,0,13,38,4,25
3,8,13.0,189,6,1,0,14,24,4,25
3,5,3.0,161,6,13,0,15,46,1,27
3,5,5.0,96,0,8,0,2,86,3,24
3,8,13.0,189,6,16,0,10,47,3,25
3,8,13.0,189,6,13,0,10,22,0,25
3,8,6.0,87,6,3,1,8,27,4,23
3,8,13.0,189,6,14,0,5,6,0,25
3,8,13.0,189,6,1,0,10,6,3,25
3,8,13.0,189,6,22,3,4,45,1,25
3,8,13.0,189,6,19,1,0,15,1,25
3,8,13.0,189,6,18,1,16,74,1,25
3,8,15.0,72,0,17,0,10,30,3,1
3,9,27.0,179,4,1,1,15,46,0,15
3,3,3.0,182,4,0,0,15,114,3,27
3,1,20.0,151,2,2,1,15,39,0,29
3,1,28.0,300,4,0,1,0,53,0,18
3,3,21.0,338,0,14,3,14,88,4,21
3,5,21.0,351,2,13,1,2,2,1,21
3,5,21.0,351,2,22,0,5,6,2,21
3,5,21.0,351,2,6,0,1,105,3,21
3,5,28.0,259,2,6,0,15,108,1,18
3,5,28.0,259,2,6,2,15,77,3,18
3,5,28.0,259,2,13,0,5,6,1,18
3,3,30.0,304,2,7,0,7,120,3,19
3,3,30.0,304,2,15,0,4,127,1,19
3,3,30.0,304,2,18,2,14,106,0,19
3,5,12.0,327,0,22,0,15,46,3,28
3,5,14.0,36,2,3,0,5,6,2,5
3,5,14.0,36,2,22,1,8,33,2,5
3,5,14.0,36,2,9,0,10,23,1,5
3,5,19.0,146,0,16,1,2,2,4,10
3,5,19.0,146,0,3,0,2,86,1,10
3,5,19.0,146,0,1,0,14,32,4,10
3,8,15.0,72,0,0,0,3,44,4,1
3,8,15.0,72,0,21,2,7,20,0,1
3,8,15.0,72,0,5,0,6,89,1,1
3,8,15.0,72,0,8,0,6,91,3,1
3,8,15.0,72,0,23,1,2,3,4,1
3,8,15.0,72,0,22,2,9,63,0,1
3,8,15.0,72,0,2,1,12,56,4,1
3,8,15.0,72,0,9,0,9,57,4,1
3,8,29.0,301,0,6,1,9,57,0,16
3,8,29.0,301,0,4,0,8,9,3,16
3,8,30.0,103,1,0,0,4,103,3,19
3,8,13.0,189,6,2,0,6,73,3,25
3,8,13.0,189,6,11,1,7,54,1,25
3,8,13.0,189,6,4,2,0,53,3,25
3,8,15.0,72,0,11,0,9,57,2,1
3,8,15.0,72,0,3,1,14,126,4,1
3,8,15.0,72,0,19,0,2,2,0,1
3,8,15.0,72,0,5,1,1,16,4,1
3,8,15.0,72,0,1,1,1,16,4,1
3,1,31.0,305,3,13,1,9,83,4,20
3,6,30.0,145,0,13,3,11,122,3,19
3,5,20.0,214,1,14,0,2,69,3,29
3,5,21.0,351,2,17,1,0,12,0,21
3,5,21.0,351,2,0,2,1,67,0,21
3,5,21.0,351,2,15,0,2,69,2,21
3,5,21.0,351,2,12,0,9,87,0,21
3,8,12.0,284,5,8,0,4,127,3,28
3,8,5.0,101,5,18,0,2,2,4,24
3,8,14.0,296,3,12,3,15,51,0,5
3,5,21.0,351,2,1,2,15,51,1,21
3,5,28.0,259,2,11,0,1,105,0,18
3,5,28.0,259,2,14,0,0,96,1,18
3,5,28.0,259,2,9,0,14,32,4,18
3,5,28.0,259,2,4,0,0,12,3,18
3,5,20.0,214,1,18,3,7,31,3,29
3,5,29.0,24,4,8,0,5,12,1,16
3,8,4.0,299,4,4,0,0,96,1,30
3,8,4.0,299,4,8,1,6,73,4,30
3,1,5.0,219,1,6,0,0,12,1,24
3,8,13.0,189,6,13,0,10,12,1,25
3,8,13.0,189,6,22,0,0,96,2,25
3,7,2.0,160,3,20,1,2,3,4,22
3,8,6.0,87,6,20,0,8,19,4,23
3,8,15.0,72,0,0,0,0,12,0,1
3,7,12.0,181,2,10,1,5,64,2,28
3,1,5.0,219,1,0,2,5,6,3,24
3,8,6.0,87,6,5,0,8,19,1,23
3,7,2.0,160,3,13,0,11,117,2,22
3,8,7.0,70,3,23,1,7,8,0,11
3,8,15.0,72,0,11,0,4,79,3,1
3,7,12.0,181,2,13,1,11,124,1,28
3,1,5.0,219,1,15,0,1,1,2,24
3,8,6.0,87,6,15,2,16,50,3,23
3,7,2.0,160,3,19,2,1,16,3,22
3,8,7.0,70,3,11,1,1,35,4,11
3,8,15.0,72,0,3,2,13,29,2,1
3,7,12.0,181,2,4,0,1,1,1,28
2,11,1.0,222,0,17,0,1,35,2,7
3,8,6.0,87,6,11,1,4,5,4,23
3,7,2.0,160,3,19,0,10,47,3,22
3,8,7.0,70,3,20,1,14,32,4,11
3,8,7.0,70,3,12,1,10,23,1,11
3,8,13.0,189,6,17,0,8,27,1,25
3,8,13.0,189,6,5,0,1,16,3,25
3,8,13.0,189,6,12,1,3,30,1,25
3,8,15.0,72,0,14,0,13,36,1,1
3,8,15.0,72,0,22,1,1,1,1,1
3,4,11.0,121,6,22,0,13,21,2,9
3,6,18.0,308,2,22,0,1,11,1,0
3,6,16.0,38,0,8,0,8,41,3,2
3,11,16.0,225,4,13,0,13,28,0,2
3,11,31.0,227,5,7,0,6,132,2,20
3,11,31.0,227,5,17,3,9,93,3,20
3,11,31.0,227,5,3,0,4,76,0,20
3,11,31.0,227,5,22,0,11,133,3,20
3,11,31.0,227,5,2,2,4,45,0,20
3,11,31.0,227,5,4,2,8,118,3,20
3,9,7.0,271,5,3,1,5,6,4,11
3,9,7.0,271,5,22,1,14,126,4,11
3,9,7.0,271,5,10,1,10,52,1,11
3,9,7.0,271,5,2,0,13,36,0,11
3,9,7.0,271,5,4,0,9,87,1,11
3,9,8.0,90,6,6,2,8,27,3,8
3,9,8.0,90,6,16,1,1,105,0,8
3,9,8.0,90,6,1,0,2,2,1,8
3,9,8.0,90,6,9,0,4,5,1,8
2,4,23.0,27,2,6,2,2,13,3,17
2,4,23.0,27,2,14,2,4,5,0,17
2,2,8.0,21,5,12,0,13,38,2,8
2,2,8.0,21,5,14,0,8,33,0,8
2,0,7.0,9,6,7,0,14,24,1,11
2,0,7.0,9,6,8,2,2,86,3,11
2,0,15.0,11,3,15,0,6,14,2,1
2,0,15.0,11,3,8,0,13,123,1,1
2,0,31.0,365,1,10,1,2,86,4,20
2,0,31.0,365,1,3,0,8,27,1,20
2,0,31.0,365,1,22,0,10,47,0,20
3,11,8.0,283,2,17,0,3,79,3,8
3,11,8.0,283,2,9,2,6,7,3,8
3,11,14.0,147,1,19,0,12,61,1,5
3,11,14.0,147,1,14,0,13,69,3,5
3,11,31.0,227,5,11,1,13,13,1,20
3,9,7.0,271,5,23,2,10,22,0,11
3,6,18.0,308,2,16,1,9,95,2,0
3,1,20.0,151,2,20,1,7,62,0,29
3,9,28.0,315,5,9,1,5,6,0,18
3,1,31.0,305,3,1,1,6,7,0,20
3,7,22.0,211,6,13,3,10,47,1,26
3,3,11.0,337,5,18,0,11,124,1,9
3,6,22.0,185,3,17,3,8,19,4,26
3,9,27.0,179,4,12,1,10,22,0,15
2,0,15.0,11,3,17,1,0,68,0,1
2,0,15.0,11,3,12,1,1,16,4,1
2,0,15.0,11,3,5,0,4,79,2,1
2,0,15.0,11,3,1,0,5,12,0,1
2,0,15.0,11,3,8,0,3,70,3,1
2,0,31.0,365,1,21,0,2,86,3,20
2,0,31.0,365,1,4,2,5,6,0,20
3,11,6.0,252,0,4,1,12,84,4,23
3,11,8.0,283,2,5,2,5,6,0,8
3,11,8.0,283,2,19,0,8,33,1,8
3,11,8.0,283,2,2,0,0,15,2,8
3,11,8.0,283,2,14,2,1,67,3,8
3,11,14.0,147,1,16,0,0,12,0,5
3,11,14.0,147,1,6,0,2,86,1,5
3,11,14.0,147,1,21,0,5,6,0,5
3,11,14.0,147,1,15,0,12,56,4,5
3,11,14.0,147,1,19,2,16,37,3,5
3,8,15.0,72,0,20,0,2,69,2,1
3,1,5.0,219,1,19,0,10,47,3,24
3,8,6.0,87,6,14,0,8,9,0,23
3,9,10.0,156,0,11,0,8,9,2,4
3,7,2.0,160,3,19,2,8,118,2,22
3,8,6.0,87,6,3,1,9,83,4,23
3,8,7.0,70,3,5,0,2,86,1,11
3,8,7.0,70,3,21,1,13,48,4,11
3,8,7.0,70,3,4,3,2,2,4,11
3,8,7.0,70,3,18,0,13,79,3,11
3,8,13.0,189,6,6,0,9,101,3,25
3,3,29.0,325,1,18,0,0,26,0,16
3,3,29.0,325,1,9,3,0,77,4,16
3,11,16.0,225,4,0,1,0,26,1,2
3,11,16.0,225,4,6,0,6,7,2,2
3,11,16.0,225,4,20,0,7,62,2,2
3,11,16.0,225,4,20,1,3,30,0,2
2,7,15.0,40,5,17,0,2,71,3,1
3,6,18.0,308,2,9,0,14,125,4,0
3,2,2.0,143,3,5,1,16,42,1,22
3,11,16.0,225,4,8,2,16,130,3,2
3,11,16.0,225,4,19,2,13,48,3,2
3,11,31.0,227,5,4,0,16,37,0,20
3,11,31.0,227,5,9,2,6,7,3,20
3,9,7.0,271,5,6,1,1,67,0,11
3,8,15.0,72,0,14,0,2,92,0,1
3,9,7.0,271,5,0,1,14,106,0,11
3,9,7.0,271,5,15,0,3,79,2,11
3,9,7.0,271,5,12,2,2,69,4,11
3,9,7.0,271,5,15,0,1,11,4,11
3,9,7.0,271,5,20,0,16,113,4,11
3,9,8.0,90,6,0,1,2,69,0,8
3,9,7.0,271,5,22,0,1,35,3,11
3,9,24.0,272,0,16,0,11,15,0,14
3,7,4.0,186,1,17,2,12,104,1,30
3,7,29.0,268,6,8,2,13,21,2,16
3,1,21.0,45,4,4,1,8,41,1,21
3,1,30.0,100,6,14,0,1,11,4,19
3,1,30.0,100,6,0,1,0,15,1,19
3,8,4.0,299,4,6,2,5,6,3,30
3,8,4.0,299,4,2,0,11,117,3,30
3,7,30.0,42,3,22,2,10,22,3,19
3,7,30.0,42,3,1,1,0,26,1,19
3,6,20.0,215,5,8,0,8,33,2,29
3,8,6.0,87,6,8,2,8,19,0,23
3,5,14.0,36,2,2,0,5,6,0,5
3,5,14.0,36,2,8,0,11,133,4,5
3,5,14.0,36,2,18,2,14,34,3,5
3,5,19.0,146,0,22,0,6,7,2,10
3,5,19.0,146,0,14,0,12,84,0,10
3,5,20.0,214,1,0,0,12,93,3,29
3,5,20.0,214,1,7,0,10,52,1,29
3,5,12.0,327,0,3,2,13,21,1,28
3,5,14.0,36,2,19,0,6,128,3,5
3,5,20.0,214,1,21,0,0,64,1,29
3,5,20.0,214,1,10,2,10,23,0,29
3,5,20.0,214,1,3,2,4,66,0,29
3,5,19.0,146,0,1,1,9,93,4,10
3,5,20.0,214,1,4,0,4,66,2,29
3,5,21.0,351,2,0,0,16,37,1,21
3,5,20.0,214,1,19,1,2,40,4,29
3,5,21.0,351,2,6,0,9,93,3,21
3,9,24.0,272,0,1,0,12,100,1,14
3,9,24.0,272,0,19,1,9,10,4,14
3,9,26.0,267,2,0,0,3,30,1,3
3,7,9.0,273,3,16,0,5,12,0,12
3,7,9.0,273,3,12,0,0,53,1,12
3,11,6.0,252,0,11,1,4,75,1,23
3,11,6.0,252,0,2,0,0,77,3,23
3,11,8.0,283,2,0,0,13,28,1,8
3,11,8.0,283,2,7,0,16,37,1,8
3,11,8.0,283,2,13,0,4,75,1,8
3,7,20.0,266,4,15,0,1,11,2,29
3,1,6.0,97,2,21,0,5,64,3,23
3,7,20.0,266,4,20,1,9,101,4,29
3,1,6.0,97,2,17,0,13,48,3,23
3,1,20.0,151,2,18,1,1,1,0,29
3,7,3.0,269,0,23,0,8,41,1,27
3,8,29.0,301,0,23,0,10,23,3,16
3,8,29.0,301,0,14,0,4,115,3,16
3,8,30.0,103,1,16,0,15,46,2,19
3,8,30.0,103,1,11,0,6,89,1,19
3,8,29.0,301,0,18,0,9,102,3,16
3,8,30.0,103,1,12,0,0,53,3,19
3,8,30.0,103,1,2,2,7,120,0,19
3,3,30.0,304,2,15,2,1,16,0,19
3,3,30.0,304,2,15,0,16,74,0,19
3,7,10.0,329,0,16,1,1,35,0,4
3,7,10.0,329,0,4,0,9,102,0,4
3,7,10.0,329,0,9,1,9,134,4,4
3,7,10.0,329,0,22,1,7,111,1,4
3,7,12.0,181,2,5,0,9,134,4,28
3,7,12.0,181,2,8,0,6,128,3,28
3,7,20.0,266,4,6,0,13,21,1,29
3,7,20.0,266,4,19,0,10,22,0,29
3,7,20.0,266,4,12,2,9,49,3,29
3,3,5.0,324,6,5,0,9,49,2,24
3,3,5.0,324,6,1,0,3,79,1,24
3,3,5.0,324,6,9,0,0,15,2,24
3,3,10.0,4,4,15,0,2,60,3,4
3,3,10.0,4,4,0,0,2,69,0,4
3,3,10.0,4,4,18,0,14,25,1,4
3,3,12.0,104,6,17,0,14,34,3,28
3,0,7.0,15,3,17,2,0,53,0,11
3,3,10.0,4,4,2,1,5,12,2,4
3,1,30.0,100,6,16,0,0,53,0,19
3,1,30.0,100,6,8,2,5,47,3,19
3,8,4.0,299,4,6,2,2,92,1,30
3,8,4.0,299,4,6,1,6,7,0,30
3,3,28.0,187,0,3,0,6,89,1,18
3,8,4.0,299,4,11,0,4,4,4,30
3,8,6.0,87,6,10,0,0,64,1,23
3,8,4.0,299,4,10,0,10,47,1,30
3,8,6.0,87,6,21,1,13,21,0,23
3,8,6.0,87,6,22,0,0,31,3,23
3,8,6.0,87,6,8,2,11,117,3,23
3,8,7.0,70,3,20,0,0,12,1,11
3,8,7.0,70,3,20,0,8,41,2,11
3,8,7.0,70,3,10,1,7,8,0,11
3,8,7.0,70,3,8,0,9,101,4,11
3,8,7.0,70,3,14,0,14,88,3,11
3,8,7.0,70,3,2,1,3,103,2,11
3,8,6.0,87,6,11,1,0,53,2,23
3,8,13.0,189,6,22,1,0,15,1,25
3,3,12.0,104,6,12,0,9,95,3,28
3,3,12.0,104,6,4,0,1,1,2,28
3,3,12.0,104,6,8,0,13,99,1,28
3,3,12.0,104,6,13,0,10,47,2,28
3,3,12.0,104,6,12,3,14,24,3,28
3,3,30.0,304,2,16,0,0,12,3,19
3,3,30.0,304,2,0,0,4,45,3,19
3,3,30.0,304,2,5,0,8,9,2,19
3,3,30.0,304,2,9,0,13,69,2,19
3,5,2.0,307,5,21,2,5,6,0,22
3,3,30.0,304,2,17,0,5,12,0,19
3,5,12.0,327,0,6,2,5,12,3,28
3,5,12.0,327,0,2,2,15,114,2,28
3,5,12.0,327,0,14,2,0,12,3,28
3,5,12.0,327,0,9,0,13,38,2,28
3,5,12.0,327,0,1,2,12,84,3,28
3,5,14.0,36,2,17,0,8,65,1,5
3,5,14.0,36,2,0,0,8,118,1,5
3,5,14.0,36,2,20,0,4,5,1,5
3,5,14.0,36,2,5,0,3,115,3,5
3,5,14.0,36,2,12,0,4,75,1,5
2,4,20.0,339,3,17,0,9,54,1,29
3,1,20.0,151,2,16,0,0,12,0,29
3,7,2.0,160,3,0,1,13,48,0,22
3,3,5.0,324,6,19,0,12,61,1,24
3,7,5.0,204,2,18,0,15,114,4,24
3,7,2.0,160,3,3,1,9,49,1,22
3,3,5.0,324,6,3,3,15,31,0,24
3,3,2.0,120,2,13,0,6,14,2,22
3,7,2.0,160,3,14,2,16,74,3,22
3,7,2.0,160,3,5,1,6,7,4,22
3,7,3.0,269,0,20,0,10,23,3,27
3,7,3.0,269,0,16,0,10,22,1,27
3,7,3.0,269,0,3,0,8,27,1,27
3,7,3.0,269,0,19,0,13,48,0,27
3,7,10.0,329,0,6,0,16,37,1,4
3,7,12.0,181,2,6,0,15,119,2,28
3,7,12.0,181,2,22,1,14,24,1,28
3,7,12.0,181,2,22,0,8,19,1,28
3,7,10.0,329,0,8,1,12,83,4,4
3,7,10.0,329,0,7,0,9,87,4,4
3,1,12.0,353,1,18,1,2,35,2,28
3,7,20.0,266,4,0,0,14,106,1,29
3,7,20.0,266,4,23,1,6,7,0,29
3,7,20.0,266,4,19,2,9,49,3,29
3,3,5.0,324,6,0,0,14,32,0,24
3,3,5.0,324,6,15,0,16,50,1,24
3,3,5.0,324,6,12,0,5,6,3,24
3,1,6.0,97,2,9,2,2,69,3,23
3,1,6.0,97,2,1,2,3,30,3,23
3,1,14.0,183,4,17,0,1,11,4,5
3,1,14.0,183,4,6,0,14,110,0,5
3,1,14.0,183,4,0,0,11,18,1,5
3,1,15.0,1,5,11,0,16,50,0,1
3,1,21.0,45,4,6,2,8,9,0,21
3,1,21.0,45,4,0,1,6,7,0,21
3,1,21.0,45,4,5,0,8,19,4,21
3,1,15.0,1,5,14,2,5,6,0,1
3,1,29.0,112,5,16,0,0,53,3,16
3,1,29.0,112,5,4,0,2,92,1,16
3,1,14.0,183,4,1,0,0,12,4,5
3,1,14.0,183,4,18,0,1,35,4,5
3,1,15.0,1,5,0,2,6,7,0,1
3,1,14.0,183,4,18,1,4,4,4,5
3,1,15.0,1,5,8,0,0,64,3,1
3,1,15.0,1,5,4,0,13,21,1,1
3,3,5.0,324,6,2,3,12,61,1,24
3,3,12.0,104,6,17,0,6,89,2,28
3,3,12.0,104,6,20,0,6,89,1,28
3,3,12.0,104,6,13,0,12,83,2,28
3,3,12.0,104,6,19,0,6,128,1,28
3,3,30.0,304,2,23,0,5,6,0,19
3,3,30.0,304,2,2,1,3,115,1,19
3,5,2.0,307,5,17,0,8,19,1,22
3,5,2.0,307,5,15,0,0,26,1,22
3,5,2.0,307,5,2,0,6,89,2,22
3,5,2.0,307,5,11,0,5,6,2,22
3,5,2.0,307,5,16,1,7,20,1,22
3,5,12.0,327,0,7,1,16,50,0,28
3,5,12.0,327,0,20,0,6,7,4,28
3,5,12.0,327,0,21,0,2,86,1,28
3,5,12.0,327,0,8,2,15,31,2,28
3,5,14.0,36,2,16,0,16,72,4,5
3,7,3.0,269,0,12,1,9,101,4,27
3,9,10.0,156,0,20,0,10,23,1,4
3,1,21.0,45,4,6,1,10,22,1,21
3,1,21.0,45,4,2,0,10,22,3,21
3,1,21.0,45,4,4,2,2,2,2,21
3,1,21.0,45,4,4,0,14,32,1,21
3,1,21.0,45,4,7,0,8,9,4,21
3,1,29.0,112,5,17,0,2,13,1,16
3,1,29.0,112,5,13,2,8,19,0,16
3,1,29.0,112,5,14,0,10,47,0,16
3,1,29.0,112,5,14,0,7,20,3,16
3,1,29.0,112,5,22,0,4,136,1,16
3,1,30.0,100,6,22,0,5,6,0,19
3,1,29.0,112,5,3,1,4,127,4,16
3,1,29.0,112,5,2,1,7,62,4,16
3,3,10.0,4,4,4,0,10,22,3,4
3,3,12.0,104,6,6,0,0,64,1,28
3,3,11.0,337,5,12,2,4,82,2,9
3,3,12.0,104,6,6,0,0,64,1,28
3,3,4.0,285,5,20,0,6,14,2,30
3,5,11.0,326,3,1,0,9,93,2,9
3,3,12.0,104,6,20,0,10,22,3,28
3,3,11.0,337,5,11,0,2,2,2,9
3,3,12.0,104,6,8,0,3,79,1,28
3,3,12.0,104,6,5,0,10,23,3,28
3,5,13.0,184,1,9,2,3,76,3,25
3,11,20.0,340,0,11,3,5,64,1,29
3,10,5.0,336,6,19,1,2,40,0,24
3,9,20.0,119,4,15,1,10,47,1,29
3,9,20.0,119,4,15,0,14,32,0,29
3,11,26.0,364,3,17,3,0,31,0,3
3,9,27.0,179,4,1,1,15,46,1,15
3,3,3.0,182,4,8,2,10,22,3,27
3,2,23.0,230,3,8,0,5,6,3,17
3,0,8.0,9,0,21,1,7,20,4,8
3,0,8.0,9,0,11,1,12,61,1,8
3,0,8.0,9,0,12,0,8,9,2,8
3,0,8.0,9,0,12,0,10,47,3,8
3,0,8.0,9,0,9,1,14,107,4,8
3,7,3.0,269,0,17,0,1,35,4,27
3,7,2.0,160,3,0,1,15,51,1,22
3,7,3.0,269,0,3,0,1,105,3,27
3,7,3.0,269,0,10,0,11,122,3,27
3,7,2.0,160,3,1,0,12,84,1,22
3,7,3.0,269,0,14,2,6,7,0,27
3,7,2.0,160,3,7,1,0,77,1,22
3,7,3.0,269,0,20,1,7,137,1,27
2,0,20.0,287,5,13,3,0,77,1,29
3,7,12.0,181,2,17,1,9,102,4,28
3,3,10.0,4,4,13,1,3,76,1,4
3,3,12.0,104,6,13,0,13,99,3,28
3,3,12.0,104,6,19,0,3,4,3,28
3,3,12.0,104,6,14,2,16,65,0,28
3,3,12.0,104,6,9,2,13,21,0,28
3,3,10.0,4,4,2,0,13,38,2,4
3,3,30.0,304,2,16,1,14,25,2,19
3,3,30.0,304,2,9,0,9,102,1,19
3,5,2.0,307,5,7,1,10,47,0,22
3,8,5.0,101,5,9,0,10,47,3,24
3,0,21.0,287,3,2,0,0,12,1,21
3,0,23.0,237,1,8,0,10,47,3,17
3,3,11.0,337,5,19,1,11,129,4,9
3,8,5.0,101,5,5,1,16,65,0,24
3,5,2.0,307,5,3,1,5,6,0,22
3,5,2.0,307,5,22,0,4,82,4,22
3,5,2.0,307,5,12,0,1,105,1,22
3,5,2.0,307,5,2,0,7,57,4,22
3,5,12.0,327,0,12,0,1,11,3,28
3,5,12.0,327,0,2,0,6,91,1,28
3,5,12.0,327,0,1,0,2,2,1,28
3,5,12.0,327,0,4,2,8,9,0,28
3,5,14.0,36,2,17,0,10,47,2,5
3,5,14.0,36,2,6,0,0,64,2,5
3,5,14.0,36,2,10,1,6,7,0,5
3,9,19.0,234,2,0,0,0,26,1,10
3,9,19.0,234,2,16,0,9,101,3,10
3,9,19.0,234,2,14,2,2,123,3,10
3,9,19.0,234,2,3,0,6,7,3,10
3,9,21.0,362,5,6,1,15,119,2,21
3,9,21.0,362,5,13,3,12,56,0,21
3,1,14.0,183,4,17,1,9,93,2,5
3,1,14.0,183,4,6,0,1,1,4,5
3,1,14.0,183,4,4,0,10,47,3,5
3,1,15.0,1,5,16,0,15,96,3,1
3,1,15.0,1,5,14,0,15,108,1,1
3,1,15.0,1,5,9,0,7,111,1,1
2,7,1.0,160,5,17,0,1,59,1,7
3,3,12.0,104,6,1,2,16,37,1,28
3,3,30.0,304,2,20,0,2,86,3,19
3,3,30.0,304,2,5,0,16,130,3,19
3,3,30.0,304,2,10,1,13,21,0,19
3,1,6.0,97,2,13,2,10,22,1,23
3,1,6.0,97,2,9,1,7,129,4,23
3,1,14.0,183,4,13,0,2,123,4,5
3,1,14.0,183,4,4,0,7,78,1,5
3,1,14.0,183,4,4,0,14,131,1,5
3,1,14.0,183,4,14,1,9,10,4,5
3,1,21.0,45,4,16,0,0,12,3,21
3,1,21.0,45,4,11,1,1,59,4,21
3,1,21.0,45,4,12,2,14,125,0,21
3,1,21.0,45,4,8,0,12,83,3,21
3,1,21.0,45,4,14,1,11,98,4,21
3,1,29.0,112,5,17,0,3,79,0,16
3,1,29.0,112,5,12,0,15,46,3,16
3,1,29.0,112,5,1,0,11,90,3,16
3,1,30.0,100,6,10,0,10,22,0,19
3,1,30.0,100,6,8,1,9,63,4,19
3,1,30.0,100,6,5,1,1,1,4,19
3,1,30.0,100,6,22,1,1,35,4,19
3,8,4.0,299,4,16,0,2,71,4,30
3,1,14.0,183,4,19,1,0,12,1,5
3,3,28.0,187,0,19,1,10,52,1,18
3,1,25.0,65,0,4,0,11,117,0,13
3,1,24.0,64,3,22,3,7,8,2,14
3,5,18.0,195,3,13,3,6,128,4,0
3,4,3.0,279,5,5,0,16,74,2,27
2,4,17.0,26,4,23,3,9,109,2,6
3,3,16.0,263,2,2,1,11,55,1,2
3,3,16.0,263,2,0,1,11,98,4,2
3,3,26.0,343,6,2,0,2,2,2,3
3,3,16.0,263,2,14,1,10,47,1,2
2,2,7.0,258,4,13,0,0,68,2,11
2,2,17.0,7,3,16,0,5,6,0,6
3,5,1.0,109,4,6,0,10,47,0,7
2,2,25.0,3,0,19,1,8,41,2,13
3,11,5.0,240,3,19,0,9,95,3,24
3,10,16.0,201,2,13,0,2,86,4,2
3,9,17.0,255,0,3,1,9,93,1,6
3,7,6.0,93,4,8,1,2,86,1,23
3,5,1.0,109,4,23,1,2,92,4,7
3,4,3.0,279,5,2,0,13,29,0,27
2,0,16.0,12,0,13,0,2,86,2,2
3,4,27.0,274,0,9,3,2,71,4,15
3,6,27.0,116,5,18,0,12,56,1,15
3,6,26.0,348,4,15,0,12,84,0,3
3,11,5.0,240,3,14,2,2,2,3,24
3,3,30.0,304,2,5,0,1,11,4,19
3,7,12.0,181,2,8,2,4,45,0,28
3,7,20.0,266,4,0,0,1,67,0,29
3,7,10.0,329,0,15,0,2,60,2,4
3,7,20.0,266,4,13,1,9,10,4,29
3,7,20.0,266,4,2,2,10,43,3,29
3,7,20.0,266,4,8,0,2,86,2,29
3,3,5.0,324,6,15,0,5,12,3,24
3,3,5.0,324,6,22,0,13,48,3,24
3,3,5.0,324,6,13,0,14,24,1,24
3,3,5.0,324,6,14,2,2,40,0,24
3,3,10.0,4,4,5,1,3,70,4,4
3,3,10.0,4,4,11,0,8,41,4,4
3,3,10.0,4,4,22,0,13,29,3,4
3,3,10.0,4,4,8,0,5,6,2,4
3,3,10.0,4,4,13,0,1,11,3,4
3,8,5.0,101,5,12,1,13,21,0,24
4,1,17.0,63,1,16,1,7,62,1,6
4,0,7.0,15,1,16,0,0,12,3,11
4,0,7.0,15,1,19,1,9,58,4,11
4,0,14.0,5,1,16,0,3,103,3,5
4,0,14.0,5,1,16,0,3,79,1,5
5,6,13.0,317,6,19,3,14,25,0,25
4,0,14.0,5,1,8,0,1,59,1,5
4,0,25.0,281,6,3,1,10,22,1,13
4,4,16.0,25,6,11,1,0,53,4,2
4,4,23.0,30,6,14,0,10,43,2,17
4,4,29.0,313,5,7,2,15,31,0,16
4,4,29.0,313,5,14,0,5,12,3,16
4,4,29.0,313,5,1,0,4,66,3,16
4,4,31.0,67,3,2,0,7,8,2,20
4,4,31.0,67,3,18,0,12,121,0,20
4,2,5.0,127,5,11,0,10,22,2,24
4,1,11.0,111,2,22,1,7,137,1,9
4,2,25.0,233,4,21,0,2,71,4,13
4,0,6.0,260,0,7,0,16,108,1,23
4,0,6.0,260,0,1,0,2,92,0,23
4,0,6.0,260,0,23,1,12,80,0,23
4,0,13.0,198,0,21,1,11,8,0,25
4,0,15.0,190,2,0,2,6,91,3,1
4,0,15.0,190,2,22,0,8,27,0,1
5,9,15.0,226,3,5,0,13,123,1,1
4,0,15.0,190,2,8,1,5,64,1,1
4,0,30.0,228,4,3,0,10,47,2,19
5,6,13.0,317,6,11,1,12,17,1,25
5,9,16.0,107,0,11,0,14,24,2,2
4,0,30.0,228,4,4,0,0,31,0,19
4,0,31.0,290,5,6,0,10,23,1,20
4,0,30.0,228,4,2,1,16,37,0,19
4,0,31.0,290,5,18,0,15,31,1,20
4,5,3.0,161,0,20,2,16,39,1,27
4,5,4.0,114,1,12,0,4,79,3,30
4,2,27.0,136,6,17,0,12,80,4,15
4,2,29.0,140,0,19,0,1,35,4,16
4,1,12.0,353,4,1,1,5,12,1,28
4,1,22.0,164,3,22,3,12,84,1,26
4,4,26.0,80,1,1,1,5,6,1,3
4,0,20.0,172,0,19,0,1,11,4,29
4,3,14.0,33,2,5,0,10,52,1,5
4,4,22.0,152,5,16,0,10,52,2,26
4,2,15.0,130,0,18,2,10,22,2,1
4,2,7.0,153,3,7,1,7,57,0,11
4,2,7.0,153,3,8,0,7,111,4,11
4,2,8.0,258,0,13,0,8,9,0,8
4,2,8.0,258,0,13,0,13,21,0,8
4,2,8.0,258,0,8,0,11,117,1,8
4,2,7.0,153,3,12,1,11,15,1,11
5,7,22.0,211,3,2,0,13,38,2,26
5,11,6.0,252,1,9,0,3,79,4,23
4,2,8.0,258,0,23,1,8,118,1,8
4,2,16.0,220,1,10,0,16,50,1,2
4,2,30.0,131,1,0,0,7,111,3,19
4,2,30.0,131,1,1,0,8,19,4,19
4,2,30.0,131,1,18,0,9,109,3,19
4,0,5.0,122,3,15,0,2,86,2,24
4,0,7.0,15,1,2,0,8,19,0,11
4,0,7.0,15,1,11,0,14,24,2,11
5,8,5.0,101,6,0,1,2,92,0,24
5,8,3.0,363,4,19,3,14,24,3,27
5,8,5.0,101,6,18,0,12,17,1,24
5,8,11.0,306,5,0,1,6,7,0,9
5,8,29.0,301,1,7,0,16,74,1,16
5,4,20.0,115,1,8,1,4,4,1,29
5,2,20.0,264,5,12,0,1,67,2,29
5,2,20.0,264,5,5,1,14,25,4,29
5,2,21.0,108,6,6,0,10,22,1,21
4,0,4.0,229,6,12,0,1,1,1,30
5,4,1.0,144,4,17,0,2,3,4,7
5,11,7.0,253,2,19,1,9,10,4,11
4,4,14.0,345,4,9,3,5,12,2,5
4,0,13.0,198,0,1,2,9,101,3,25
5,0,5.0,122,6,9,1,13,48,4,24
4,11,22.0,250,5,10,0,10,47,3,26
4,11,22.0,250,5,19,0,14,25,2,26
4,9,3.0,217,2,21,0,8,9,0,27
4,9,14.0,106,3,4,2,4,121,0,5
4,7,6.0,93,6,5,0,10,22,2,23
4,5,20.0,214,4,12,1,14,34,1,29
4,0,25.0,281,6,8,0,3,115,1,13
4,0,25.0,281,6,19,0,14,24,1,13
4,2,7.0,153,3,4,0,10,22,1,11
4,0,7.0,15,1,6,1,0,77,2,11
4,0,14.0,5,1,23,0,12,61,1,5
4,0,14.0,5,1,12,3,14,25,0,5
4,0,25.0,281,6,12,0,2,69,1,13
5,1,11.0,111,1,11,1,1,11,1,9
4,4,22.0,152,5,2,2,9,55,3,26
4,4,21.0,339,4,15,1,8,41,4,21
5,11,12.0,118,0,4,1,16,65,1,28
5,11,7.0,253,2,16,1,15,31,0,11
5,11,7.0,253,2,14,2,16,72,0,11
5,11,7.0,253,2,1,0,16,37,1,11
5,11,7.0,253,2,12,0,13,48,0,11
5,11,13.0,312,1,16,1,10,12,0,25
5,11,23.0,232,5,11,1,13,29,1,17
5,3,8.0,148,2,2,0,2,92,1,8
5,6,13.0,317,6,1,0,9,102,3,25
5,3,24.0,357,5,13,0,0,26,3,14
5,11,15.0,331,4,4,0,13,21,1,1
5,6,13.0,317,6,19,2,15,39,0,25
5,3,24.0,357,5,22,0,6,116,1,14
5,6,23.0,84,1,17,1,10,22,0,17
5,11,14.0,147,2,18,0,9,95,1,5
5,11,15.0,331,4,19,0,1,1,1,1
5,11,23.0,232,5,22,1,4,138,4,17
5,3,8.0,148,2,4,0,1,11,4,8
5,3,16.0,263,4,20,3,16,37,0,2
5,3,24.0,357,5,13,0,9,101,3,14
5,9,15.0,226,3,16,1,13,69,0,1
5,7,22.0,211,3,14,0,6,89,1,26
5,6,23.0,84,1,19,0,0,64,3,17
5,3,16.0,263,4,18,1,5,6,1,2
5,11,23.0,232,5,22,1,4,75,4,17
5,6,13.0,317,6,9,0,10,22,3,25
5,3,24.0,357,5,18,0,10,22,3,14
5,11,22.0,250,4,3,1,6,7,1,26
5,9,15.0,226,3,2,0,8,27,3,1
5,11,15.0,331,4,14,2,10,43,1,1
5,7,22.0,211,3,14,0,8,27,1,26
5,3,21.0,338,1,8,1,14,107,4,21
5,11,23.0,232,5,19,1,1,35,4,17
5,5,23.0,168,6,20,0,14,24,2,17
5,5,7.0,349,4,15,2,1,59,0,11
5,11,22.0,250,4,14,1,9,10,0,26
5,9,16.0,107,0,3,0,13,38,2,2
5,11,22.0,250,4,4,0,11,15,1,26
5,5,7.0,349,4,19,0,9,93,0,11
5,9,16.0,107,0,19,0,13,38,1,2
5,11,15.0,331,4,9,0,12,61,3,1
2,11,1.0,222,0,7,0,2,92,1,7
5,6,23.0,84,1,6,0,13,48,0,17
5,11,23.0,232,5,8,0,9,54,2,17
5,3,24.0,357,5,17,0,1,81,4,14
5,5,7.0,349,4,9,0,5,6,0,11
5,5,7.0,349,4,22,0,11,18,1,11
5,7,22.0,211,3,8,1,0,77,2,26
5,3,24.0,357,5,6,1,6,7,0,14
5,11,23.0,232,5,1,0,2,69,3,17
5,6,25.0,39,4,16,0,15,51,1,13
5,5,7.0,349,4,1,0,2,123,2,11
5,11,15.0,331,4,15,0,12,80,2,1
5,9,21.0,362,6,6,0,0,64,2,21
5,5,13.0,184,2,15,2,9,102,3,25
5,11,7.0,253,2,17,0,10,22,1,11
5,11,7.0,253,2,6,0,3,30,0,11
5,11,7.0,253,2,0,1,8,19,0,11
5,11,7.0,253,2,8,2,8,41,2,11
5,11,13.0,312,1,17,0,8,27,4,25
5,11,13.0,312,1,7,1,13,21,0,25
5,11,13.0,312,1,7,1,10,12,0,25
5,11,13.0,312,1,9,0,6,7,0,25
5,11,7.0,253,2,21,0,10,47,1,11
5,11,13.0,312,1,2,2,6,132,0,25
5,11,13.0,312,1,3,1,2,60,4,25
5,11,15.0,331,4,15,0,6,91,0,1
5,11,20.0,340,1,22,0,2,40,1,29
5,11,20.0,340,1,12,2,10,22,0,29
5,11,23.0,232,5,19,1,12,61,4,17
5,11,23.0,232,5,9,2,10,23,3,17
5,11,23.0,232,5,3,2,13,28,3,17
5,11,7.0,253,2,15,2,15,119,0,11
5,11,5.0,240,0,8,0,1,1,1,24
5,11,12.0,118,0,9,0,8,9,4,28
5,11,12.0,118,0,18,0,9,101,0,28
5,11,12.0,118,0,0,3,1,16,3,28
5,11,14.0,147,2,18,1,4,75,0,5
5,11,29.0,270,4,12,1,9,54,2,16
5,11,7.0,253,2,22,0,13,38,2,11
5,11,7.0,253,2,12,0,16,72,3,11
5,11,7.0,253,2,4,2,12,80,0,11
5,11,13.0,312,1,16,0,1,105,3,25
5,11,13.0,312,1,21,1,11,55,2,25
5,11,13.0,312,1,5,1,16,65,4,25
5,11,13.0,312,1,19,0,1,1,4,25
5,11,15.0,331,4,6,2,10,6,3,1
3,1,23.0,69,6,20,0,10,47,2,17
5,11,13.0,312,1,1,1,11,117,0,25
5,11,15.0,331,4,22,0,10,52,2,1
5,11,15.0,331,4,13,1,11,124,0,1
5,11,15.0,331,4,4,2,10,12,0,1
5,11,15.0,331,4,9,0,11,15,1,1
5,11,20.0,340,1,0,1,1,1,0,29
5,11,20.0,340,1,15,1,0,68,0,29
5,11,23.0,232,5,20,0,7,54,2,17
5,11,23.0,232,5,3,2,15,51,3,17
5,11,7.0,253,2,3,2,16,50,3,11
5,11,7.0,253,2,1,2,12,61,3,11
5,11,7.0,253,2,4,1,9,93,4,11
5,11,13.0,312,1,7,0,9,93,1,25
5,11,13.0,312,1,3,0,9,95,3,25
5,11,13.0,312,1,14,1,12,83,4,25
5,11,15.0,331,4,10,0,3,115,0,1
5,11,15.0,331,4,10,0,0,15,1,1
5,11,15.0,331,4,10,1,4,45,0,1
5,11,15.0,331,4,5,0,5,6,2,1
5,11,15.0,331,4,3,1,7,54,4,1
5,11,15.0,331,4,2,2,13,48,0,1
5,11,15.0,331,4,20,1,11,18,1,1
5,11,15.0,331,4,4,0,4,45,0,1
5,11,13.0,312,1,11,0,0,15,2,25
5,11,20.0,340,1,10,3,9,27,0,29
5,11,23.0,232,5,6,0,10,22,2,17
5,11,30.0,170,5,0,0,14,25,2,19
5,11,30.0,170,5,0,1,2,2,0,19
5,11,30.0,170,5,13,0,2,2,1,19
5,11,30.0,170,5,2,0,9,93,1,19
5,11,30.0,170,5,20,1,10,22,1,19
5,11,30.0,170,5,20,0,5,6,2,19
5,9,7.0,271,6,19,0,13,38,2,11
5,9,7.0,271,6,14,0,10,47,3,11
5,9,13.0,91,5,0,0,1,81,4,25
5,9,13.0,91,5,15,0,5,6,2,25
5,9,15.0,226,3,15,0,8,9,0,1
5,9,15.0,226,3,11,0,11,15,2,1
5,9,15.0,226,3,14,1,9,93,0,1
5,9,16.0,107,0,7,0,13,29,2,2
5,9,21.0,362,6,6,0,0,68,3,21
5,9,21.0,362,6,6,0,2,13,0,21
5,9,21.0,362,6,17,1,10,47,0,21
5,9,21.0,362,6,22,2,1,59,2,21
5,11,7.0,253,2,3,0,2,60,1,11
5,11,7.0,253,2,10,1,5,64,0,11
5,11,7.0,253,2,7,1,10,47,1,11
5,7,31.0,43,1,23,0,16,42,1,20
5,7,23.0,202,0,18,0,4,45,2,17
5,9,21.0,362,6,17,1,6,91,0,21
5,11,20.0,340,1,7,0,8,118,3,29
5,5,23.0,168,6,10,0,10,22,2,17
5,7,31.0,43,1,16,0,5,6,3,20
5,7,31.0,43,1,16,1,15,46,4,20
5,5,7.0,349,4,9,0,9,87,1,11
5,9,21.0,362,6,22,2,11,94,3,21
5,11,23.0,232,5,2,2,8,19,3,17
5,3,24.0,357,5,4,0,1,59,1,14
5,5,23.0,168,6,0,1,13,21,0,17
5,5,7.0,349,4,3,3,13,28,2,11
5,11,23.0,232,5,12,0,9,101,3,17
5,9,21.0,362,6,19,2,1,16,3,21
5,3,24.0,357,5,11,1,1,1,1,14
5,11,23.0,232,5,3,0,12,80,1,17
5,3,8.0,148,2,5,0,1,35,1,8
5,9,16.0,107,0,0,0,6,7,3,2
5,5,23.0,168,6,6,0,6,116,2,17
5,5,13.0,184,2,17,1,10,52,4,25
5,11,23.0,232,5,2,0,1,67,2,17
5,9,21.0,362,6,20,1,12,61,4,21
5,9,21.0,362,6,19,2,13,21,2,21
5,9,21.0,362,6,1,2,5,6,3,21
5,7,5.0,204,4,17,0,11,117,3,24
5,7,5.0,204,4,0,0,14,25,1,24
5,7,5.0,204,4,5,0,0,31,2,24
5,7,5.0,204,4,22,2,14,32,1,24
5,7,5.0,204,4,8,0,13,38,2,24
5,7,6.0,93,5,20,0,1,81,3,23
5,7,6.0,93,5,11,0,8,19,3,23
5,7,5.0,204,4,4,1,9,10,0,24
5,7,6.0,93,5,5,1,15,114,4,23
5,7,6.0,93,5,19,0,10,47,1,23
5,7,5.0,204,4,19,1,5,12,2,24
5,7,14.0,125,6,20,0,2,123,3,5
5,9,16.0,107,0,20,1,4,79,4,2
5,9,16.0,107,0,19,0,2,2,4,2
5,9,21.0,362,6,17,0,2,92,1,21
5,9,16.0,107,0,4,1,10,22,0,2
5,9,16.0,107,0,20,0,2,86,4,2
3,0,1.0,8,0,17,0,5,12,1,7
5,7,2.0,160,0,12,1,11,133,0,22
2,0,9.0,129,0,21,0,3,79,4,12
5,11,10.0,360,6,0,1,10,22,1,4
3,0,12.0,113,5,18,0,5,12,1,28
3,4,1.0,144,2,17,3,4,75,0,7
5,11,22.0,250,4,4,1,5,6,0,26
5,9,14.0,106,6,14,0,6,89,1,5
5,9,14.0,106,6,17,1,5,12,1,5
5,7,4.0,186,2,22,0,11,6,2,30
5,9,3.0,217,1,2,1,9,58,4,27
5,9,21.0,362,6,4,2,2,2,0,21
5,9,21.0,362,6,12,1,9,10,4,21
5,9,21.0,362,6,20,1,2,71,1,21
5,9,21.0,362,6,1,2,3,70,3,21
5,7,5.0,204,4,2,0,5,6,2,24
5,7,5.0,204,4,8,0,1,1,3,24
5,7,5.0,204,4,4,0,11,90,1,24
5,7,5.0,204,4,15,0,9,54,2,24
5,7,6.0,93,5,14,0,8,118,1,23
5,7,6.0,93,5,20,1,15,114,4,23
5,7,14.0,125,6,23,0,15,114,2,5
5,7,14.0,125,6,12,0,10,47,2,5
5,7,16.0,40,0,17,0,13,38,4,2
5,7,16.0,40,0,0,1,7,111,0,2
5,9,21.0,362,6,14,0,1,11,4,21
5,9,21.0,362,6,8,0,0,77,1,21
5,9,21.0,362,6,13,1,13,36,4,21
5,7,5.0,204,4,6,2,8,41,3,24
5,7,4.0,186,2,23,1,8,33,4,30
5,7,13.0,238,5,15,1,1,67,0,25
5,11,28.0,123,2,11,0,2,69,2,18
5,7,5.0,204,4,19,1,9,10,4,24
5,7,5.0,204,4,10,0,3,115,2,24
5,7,6.0,93,5,12,0,6,89,0,23
5,7,6.0,93,5,22,0,5,12,2,23
5,7,14.0,125,6,4,0,10,43,3,5
5,7,14.0,125,6,19,1,11,133,4,5
5,7,16.0,40,0,6,0,3,79,0,2
5,7,16.0,40,0,6,0,14,34,1,2
5,7,16.0,40,0,22,0,15,108,0,2
5,7,16.0,40,0,12,0,5,64,0,2
5,7,16.0,40,0,11,1,4,75,4,2
5,7,16.0,40,0,17,1,0,31,4,2
5,7,16.0,40,0,12,2,13,123,3,2
5,7,21.0,81,6,19,0,11,133,3,21
5,7,21.0,81,6,2,0,14,25,2,21
5,7,22.0,211,3,15,0,8,41,2,26
5,7,21.0,81,6,18,1,15,114,4,21
5,7,22.0,211,3,14,0,4,136,4,26
5,7,22.0,211,3,9,0,7,78,4,26
5,7,23.0,202,0,3,3,11,18,0,17
5,7,22.0,211,3,22,1,12,61,4,26
5,7,13.0,238,5,19,0,9,57,0,25
5,9,20.0,119,5,15,1,11,58,4,29
5,7,2.0,160,0,12,1,3,70,1,22
5,9,19.0,234,4,10,1,16,113,1,10
5,7,21.0,81,6,12,0,0,68,2,21
5,7,22.0,211,3,20,1,7,137,1,26
5,7,22.0,211,3,12,1,3,70,2,26
5,7,23.0,202,0,20,0,5,6,2,17
5,7,23.0,202,0,15,0,1,11,2,17
5,7,23.0,202,0,8,0,14,32,3,17
5,7,23.0,202,0,23,1,4,45,4,17
5,7,31.0,43,1,2,0,1,105,4,20
5,7,31.0,43,1,18,0,10,47,0,20
5,3,6.0,303,0,4,0,13,29,2,23
5,3,6.0,303,0,1,0,7,78,3,23
5,3,8.0,148,2,22,0,12,84,0,8
5,3,23.0,57,4,15,1,6,128,1,17
5,9,16.0,107,0,7,0,6,91,1,2
5,5,22.0,163,5,17,0,9,83,2,26
5,5,23.0,168,6,8,0,2,2,0,17
5,11,30.0,170,5,8,0,9,93,1,19
5,5,7.0,349,4,17,3,4,66,0,11
5,11,23.0,232,5,1,2,13,29,2,17
5,5,13.0,184,2,3,0,13,38,3,25
5,9,15.0,226,3,1,1,13,99,4,1
5,5,7.0,349,4,21,0,10,22,3,11
5,5,23.0,168,6,14,0,13,29,1,17
5,11,30.0,170,5,2,0,14,24,2,19
5,3,8.0,148,2,14,0,11,0,3,8
5,11,30.0,170,5,10,0,0,64,0,19
5,9,15.0,226,3,9,3,5,12,2,1
5,7,23.0,202,0,18,2,0,85,3,17
5,5,23.0,168,6,18,0,5,12,3,17
5,9,7.0,271,6,17,1,7,8,1,11
5,3,8.0,148,2,8,0,9,101,4,8
5,11,30.0,170,5,8,0,8,9,0,19
5,5,13.0,184,2,19,0,2,86,3,25
5,9,16.0,107,0,10,1,9,63,0,2
5,7,31.0,43,1,17,0,3,79,0,20
5,5,23.0,168,6,14,1,6,128,2,17
5,11,30.0,170,5,5,1,11,15,1,19
5,3,16.0,263,4,0,0,10,47,0,2
5,3,16.0,263,4,23,1,9,87,4,2
5,11,8.0,283,4,15,3,11,15,1,8
5,11,19.0,321,0,19,0,5,6,2,10
5,11,19.0,321,0,14,0,9,102,2,10
5,9,10.0,156,1,4,1,12,83,4,4
5,7,30.0,42,0,1,0,1,11,1,19
5,7,29.0,268,3,5,0,8,27,1,16
5,3,5.0,324,3,1,1,8,19,0,24
5,5,6.0,277,2,12,2,5,12,3,23
5,3,16.0,263,4,9,2,1,105,3,2
5,3,16.0,263,4,4,0,2,123,1,2
5,3,21.0,338,1,6,0,8,27,4,21
5,3,21.0,338,1,16,0,5,6,1,21
5,3,21.0,338,1,22,0,12,84,3,21
5,3,24.0,357,5,16,1,15,39,0,14
5,3,24.0,357,5,13,0,1,59,1,14
5,3,24.0,357,5,8,2,3,30,0,14
5,7,6.0,93,5,11,1,0,15,4,23
5,5,7.0,349,4,0,1,0,15,0,11
5,5,7.0,349,4,13,1,1,16,4,11
5,6,25.0,39,4,2,0,12,80,0,13
5,6,25.0,39,4,12,0,10,22,4,13
5,6,25.0,39,4,4,0,14,125,2,13
5,6,30.0,145,1,3,0,3,30,4,19
5,11,23.0,232,5,4,1,2,3,0,17
5,11,15.0,331,4,4,0,5,47,2,1
5,10,6.0,242,0,6,0,5,64,1,23
5,5,5.0,96,1,14,1,6,7,0,24
5,6,11.0,355,4,17,0,6,89,4,9
5,9,1.0,126,3,5,1,0,12,1,7
5,9,26.0,267,4,12,1,13,48,0,3
3,5,1.0,109,4,17,0,4,4,1,7
5,7,19.0,330,4,13,0,13,29,2,10
5,10,6.0,242,0,11,0,6,128,1,23
5,6,23.0,84,1,22,0,7,62,1,17
5,10,6.0,242,0,5,1,8,19,1,23
5,10,17.0,256,5,21,2,5,0,1,6
5,10,17.0,256,5,3,1,9,63,4,6
5,10,17.0,256,5,4,0,12,61,1,6
5,10,17.0,256,5,18,1,0,12,1,6
5,10,23.0,247,4,5,1,1,35,4,17
5,10,23.0,247,4,4,0,14,110,4,17
5,10,23.0,247,4,1,0,13,123,2,17
5,10,23.0,247,4,17,0,9,95,1,17
5,10,25.0,56,6,23,0,0,68,3,13
5,10,25.0,56,6,19,0,7,120,2,13
5,10,31.0,135,5,11,0,14,34,1,20
5,5,7.0,349,4,15,1,13,28,4,11
5,5,7.0,349,4,2,2,5,6,0,11
5,5,7.0,349,4,8,0,13,38,2,11
5,5,7.0,349,4,14,0,5,6,0,11
5,6,7.0,169,3,10,1,10,12,1,11
5,11,4.0,275,3,16,2,9,101,3,30
5,3,15.0,35,2,1,0,0,77,1,1
5,3,23.0,57,4,19,0,1,11,2,17
5,5,6.0,277,2,18,1,13,99,2,23
3,0,31.0,290,2,22,2,2,2,0,20
5,11,22.0,250,4,12,0,4,136,1,26
5,11,5.0,240,0,14,1,15,114,1,24
5,11,5.0,240,0,16,0,10,47,0,24
5,11,5.0,240,0,19,0,8,9,3,24
5,11,5.0,240,0,1,2,0,77,1,24
5,11,12.0,118,0,17,1,2,35,0,28
5,11,12.0,118,0,23,0,0,64,2,28
5,5,23.0,168,6,17,0,10,43,3,17
5,5,23.0,168,6,13,2,15,114,2,17
5,5,13.0,184,2,9,0,9,27,2,25
5,5,7.0,349,4,13,0,12,80,2,11
5,5,23.0,168,6,15,3,12,80,0,17
5,7,14.0,125,6,13,3,1,59,4,5
5,6,5.0,342,5,3,0,10,22,2,24
5,6,5.0,342,5,18,1,10,47,4,24
5,6,8.0,59,0,3,2,7,20,0,8
5,6,8.0,59,0,8,0,2,92,0,8
5,11,30.0,170,5,12,2,7,57,2,19
5,5,24.0,58,3,10,0,7,20,0,14
5,9,7.0,271,6,13,0,16,50,2,11
5,5,13.0,184,2,1,2,5,64,0,25
5,9,13.0,91,5,11,0,10,47,3,25
5,5,5.0,96,1,4,1,6,7,0,24
5,11,30.0,170,5,12,2,1,81,2,19
5,7,31.0,43,1,0,0,0,31,3,20
5,9,7.0,271,6,12,2,14,106,0,11
5,9,13.0,91,5,6,2,2,40,3,25
5,9,13.0,91,5,15,0,6,89,2,25
5,9,13.0,91,5,18,0,5,12,3,25
5,9,15.0,226,3,6,0,8,41,1,1
5,9,15.0,226,3,6,2,5,12,1,1
5,9,15.0,226,3,0,1,8,41,1,1
5,9,15.0,226,3,6,3,6,7,3,1
5,9,15.0,226,3,8,0,9,87,2,1
5,9,15.0,226,3,19,0,14,34,4,1
5,9,15.0,226,3,18,0,0,26,3,1
5,9,16.0,107,0,16,0,5,6,0,2
5,9,15.0,226,3,14,2,13,28,1,1
5,9,16.0,107,0,0,2,5,12,3,2
5,11,13.0,312,1,15,0,14,24,2,25
5,11,15.0,331,4,4,0,16,72,1,1
5,11,15.0,331,4,1,2,16,130,3,1
5,11,20.0,340,1,6,0,11,15,3,29
5,11,20.0,340,1,13,0,4,45,3,29
5,11,14.0,147,2,4,1,4,45,0,5
5,11,5.0,240,0,12,1,9,93,4,24
5,11,5.0,240,0,17,0,7,20,1,24
5,9,6.0,51,5,17,0,15,39,3,23
5,9,6.0,51,5,5,1,0,0,4,23
5,9,6.0,51,5,13,0,6,73,2,23
0,0,9.0,48,6,17,3,14,32,0,12
3,10,28.0,216,0,17,1,3,103,2,18
5,11,12.0,118,0,9,1,2,92,0,28
5,9,14.0,106,6,1,0,10,23,1,5
5,9,6.0,51,5,14,1,8,27,1,23
5,11,20.0,340,1,9,1,11,18,0,29
5,11,23.0,232,5,22,0,16,50,1,17
5,11,23.0,232,5,2,0,9,57,3,17
5,11,23.0,232,5,12,0,10,47,2,17
5,11,30.0,170,5,23,0,5,12,0,19
5,11,30.0,170,5,20,0,10,47,2,19
5,9,7.0,271,6,2,2,11,94,0,11
5,9,7.0,271,6,19,2,1,16,3,11
5,9,7.0,271,6,2,2,0,31,3,11
5,9,13.0,91,5,13,0,13,29,3,25
5,11,13.0,312,1,22,0,9,57,3,25
5,11,13.0,312,1,2,0,0,85,1,25
5,11,15.0,331,4,20,1,11,98,4,1
5,9,6.0,51,5,21,0,9,134,0,23
5,9,12.0,177,4,1,0,14,24,0,28
5,9,12.0,177,4,13,1,11,124,4,28
5,9,12.0,177,4,21,1,10,47,0,28
5,9,12.0,177,4,11,0,5,6,0,28
5,11,21.0,192,2,20,0,1,35,3,21
5,11,20.0,340,1,13,0,9,95,3,29
5,11,20.0,340,1,2,0,8,33,3,29
5,11,23.0,232,5,14,0,3,76,1,17
5,11,20.0,340,1,12,1,10,22,0,29
5,11,23.0,232,5,19,0,11,133,2,17
5,11,30.0,170,5,0,2,6,132,3,19
5,11,30.0,170,5,7,1,12,84,0,19
5,11,30.0,170,5,14,0,14,34,3,19
5,11,30.0,170,5,19,0,4,5,1,19
5,11,30.0,170,5,4,2,9,54,2,19
5,9,7.0,271,6,20,0,11,94,2,11
5,9,15.0,226,3,17,0,5,6,0,1
5,9,13.0,91,5,11,0,14,25,2,25
5,9,15.0,226,3,5,0,1,16,2,1
5,9,15.0,226,3,1,2,3,70,3,1
5,9,15.0,226,3,5,1,13,21,1,1
5,11,20.0,340,1,5,0,8,27,4,29
5,11,20.0,340,1,9,1,0,53,1,29
5,9,5.0,89,4,1,0,14,88,0,24
5,9,14.0,106,6,22,3,14,126,4,5
5,9,5.0,89,4,16,1,10,52,1,24
5,9,12.0,177,4,2,1,10,12,0,28
5,9,21.0,362,6,13,0,4,127,3,21
5,5,13.0,184,2,9,0,2,86,0,25
5,5,13.0,184,2,2,0,0,77,0,25
5,9,21.0,362,6,12,0,4,75,1,21
5,6,6.0,83,6,5,0,11,8,2,23
5,5,23.0,168,6,13,0,14,107,1,17
5,9,21.0,362,6,2,0,2,86,1,21
3,8,1.0,66,0,10,0,4,75,1,7
5,9,20.0,119,5,2,0,4,45,2,29
5,9,17.0,255,1,1,1,10,23,1,6
5,7,12.0,181,4,2,0,13,38,2,28
5,9,17.0,255,1,17,3,6,7,0,6
5,9,21.0,362,6,14,1,9,10,4,21
5,9,21.0,362,6,16,1,13,38,0,21
5,9,21.0,362,6,20,1,1,16,1,21
5,9,13.0,91,5,8,0,5,64,0,25
5,7,5.0,204,4,16,1,10,52,4,24
5,7,5.0,204,4,22,0,10,52,0,24
5,7,5.0,204,4,22,0,8,41,4,24
5,7,5.0,204,4,12,0,6,89,3,24
5,7,5.0,204,4,12,1,7,54,4,24
5,9,16.0,107,0,8,1,16,130,2,2
5,7,14.0,125,6,15,2,6,128,3,5
5,7,14.0,125,6,22,0,13,99,4,5
5,7,14.0,125,6,12,0,6,132,4,5
5,7,14.0,125,6,15,1,13,29,4,5
5,7,31.0,43,1,13,0,6,14,4,20
5,7,16.0,40,0,7,2,4,4,3,2
5,7,16.0,40,0,0,1,3,103,0,2
5,7,16.0,40,0,1,0,2,86,0,2
5,7,21.0,81,6,6,2,10,22,3,21
5,7,13.0,238,5,17,3,1,81,4,25
5,3,5.0,324,3,13,0,4,127,2,24
5,11,26.0,364,0,19,0,6,7,2,3
5,9,20.0,119,5,14,0,10,47,1,29
5,7,21.0,81,6,5,0,8,27,3,21
5,7,21.0,81,6,7,1,11,15,1,21
5,7,21.0,81,6,13,2,4,45,3,21
5,7,21.0,81,6,19,0,10,47,0,21
3,11,1.0,222,2,17,3,6,7,3,7
5,7,21.0,81,6,4,0,5,6,0,21
5,7,22.0,211,3,2,0,5,6,0,26
5,7,22.0,211,3,14,0,6,73,1,26
5,7,16.0,40,0,17,0,4,136,1,2
5,7,22.0,211,3,14,1,11,18,1,26
5,7,23.0,202,0,19,2,8,19,3,17
5,7,23.0,202,0,10,3,13,99,2,17
5,7,23.0,202,0,1,0,0,26,0,17
5,7,31.0,43,1,1,0,4,127,2,20
5,3,6.0,303,0,22,0,16,50,0,23
5,3,6.0,303,0,5,0,14,131,2,23
5,3,8.0,148,2,6,1,2,2,0,8
5,7,31.0,43,1,13,3,1,105,0,20
5,3,14.0,33,1,13,0,10,47,0,5
5,7,2.0,160,0,3,0,2,86,2,22
5,7,20.0,266,5,12,0,2,69,2,29
5,7,20.0,266,5,22,1,15,31,4,29
5,5,4.0,114,0,12,0,10,47,2,30
5,5,2.0,307,6,13,0,14,125,3,22
5,5,20.0,214,2,8,0,10,22,0,29
5,3,8.0,148,2,8,0,2,71,4,8
5,3,8.0,148,2,2,0,8,19,0,8
5,3,8.0,148,2,8,0,4,75,1,8
5,3,8.0,148,2,14,0,10,52,1,8
5,3,8.0,148,2,1,2,12,80,3,8
5,3,16.0,263,4,11,0,8,41,0,2
3,4,30.0,139,4,12,0,13,99,1,19
5,3,16.0,263,4,12,0,10,22,1,2
5,3,21.0,338,1,8,0,7,57,4,21
5,3,21.0,338,1,16,1,5,6,1,21
5,3,21.0,338,1,13,0,12,80,4,21
5,3,24.0,357,5,20,0,16,65,0,14
5,3,21.0,338,1,15,0,4,75,1,21
5,3,21.0,338,1,12,0,8,41,3,21
5,7,28.0,34,6,22,0,0,77,0,18
3,8,1.0,66,0,17,0,2,13,1,7
5,3,16.0,263,4,14,1,2,2,1,2
5,3,24.0,357,5,6,0,13,99,1,14
5,5,23.0,168,6,3,1,12,121,1,17
5,7,30.0,42,0,18,1,5,12,0,19
5,9,13.0,91,5,10,1,16,72,1,25
5,7,31.0,43,1,9,0,10,22,3,20
5,5,23.0,168,6,19,0,16,50,3,17
3,0,9.0,48,1,17,1,9,93,4,12
5,3,6.0,303,0,17,0,0,15,2,23
5,9,15.0,226,3,23,0,10,22,0,1
5,5,23.0,168,6,14,0,16,130,0,17
3,0,3.0,334,2,17,3,8,9,1,27
5,3,6.0,303,0,22,0,13,38,4,23
5,9,15.0,226,3,11,0,2,123,1,1
5,9,13.0,91,5,8,1,13,21,1,25
5,9,15.0,226,3,0,1,12,61,1,1
5,9,16.0,107,0,16,0,9,10,3,2
5,9,21.0,362,6,15,0,2,2,1,21
5,9,14.0,106,6,15,0,13,38,2,5
5,9,14.0,106,6,10,1,0,15,4,5
5,11,11.0,175,3,5,3,10,22,1,9
5,9,21.0,362,6,19,0,8,41,0,21
5,7,5.0,204,4,0,0,10,22,1,24
5,7,5.0,204,4,11,0,4,121,1,24
5,7,5.0,204,4,12,0,5,6,0,24
5,7,5.0,204,4,4,1,0,64,4,24
5,7,5.0,204,4,14,1,9,10,2,24
5,7,6.0,93,5,13,2,0,12,0,23
5,7,5.0,204,4,8,2,2,123,2,24
5,7,6.0,93,5,14,3,0,85,0,23
5,7,6.0,93,5,12,0,16,37,2,23
5,7,5.0,204,4,11,1,15,114,1,24
5,7,14.0,125,6,5,0,16,37,1,5
5,7,14.0,125,6,16,1,0,77,4,5
5,7,14.0,125,6,2,2,7,78,3,5
5,7,14.0,125,6,1,0,1,59,3,5
5,7,16.0,40,0,6,0,9,87,1,2
5,11,11.0,175,3,12,3,10,12,1,9
5,7,4.0,186,2,18,1,15,96,0,30
3,0,22.0,241,0,12,3,16,72,0,26
5,9,20.0,119,5,19,1,2,2,1,29
5,7,16.0,40,0,1,2,10,12,3,2
5,7,16.0,40,0,7,1,16,72,1,2
5,7,21.0,81,6,22,0,6,116,4,21
5,11,30.0,170,5,7,1,1,67,0,19
3,2,16.0,220,3,6,3,10,43,1,2
5,9,16.0,107,0,15,1,15,51,4,2
5,9,16.0,107,0,14,0,0,64,2,2
5,9,16.0,107,0,1,2,10,6,0,2
5,11,18.0,332,3,8,0,3,30,2,0
5,9,21.0,362,6,15,2,8,27,0,21
5,9,21.0,362,6,8,2,7,62,0,21
5,7,5.0,204,4,16,2,0,26,3,24
5,7,5.0,204,4,7,1,10,22,4,24
5,7,5.0,204,4,22,1,10,52,4,24
5,7,6.0,93,5,13,0,8,41,2,23
5,7,14.0,125,6,19,1,11,15,4,5
5,7,16.0,40,0,19,2,0,31,2,2
5,7,16.0,40,0,14,2,1,59,3,2
5,7,16.0,40,0,9,0,13,13,0,2
5,7,21.0,81,6,5,1,14,25,4,21
5,7,22.0,211,3,14,0,13,38,2,26
5,7,22.0,211,3,22,2,8,41,3,26
5,7,23.0,202,0,15,2,10,22,0,17
5,11,21.0,192,2,4,0,8,9,2,21
5,9,14.0,106,6,4,1,14,110,4,5
5,9,14.0,106,6,10,3,12,100,3,5
5,7,13.0,238,5,1,2,2,2,3,25
5,9,12.0,177,4,13,0,13,13,2,28
5,11,11.0,175,3,13,1,11,18,1,9
5,11,11.0,175,3,22,0,16,37,2,9
5,11,18.0,332,3,6,0,13,28,0,0
5,7,23.0,202,0,20,1,1,59,4,17
5,7,31.0,43,1,6,0,3,76,4,20
5,3,6.0,303,0,13,0,13,29,2,23
5,3,8.0,148,2,17,0,9,134,4,8
5,3,8.0,148,2,6,1,2,2,0,8
5,3,8.0,148,2,16,0,0,26,0,8
5,3,16.0,263,4,6,0,0,64,1,2
5,3,16.0,263,4,16,0,10,6,3,2
5,7,16.0,40,0,8,0,0,64,2,2
5,9,13.0,91,5,12,0,14,25,3,25
5,9,13.0,91,5,1,0,10,22,2,25
5,9,15.0,226,3,10,0,13,28,3,1
5,7,19.0,330,4,12,1,10,47,0,10
5,5,27.0,328,2,17,0,9,93,1,15
5,6,19.0,291,5,14,0,0,77,1,10
5,5,24.0,58,3,17,0,16,37,1,14
5,5,24.0,58,3,20,0,11,18,1,14
5,5,24.0,58,3,4,0,8,33,3,14
5,6,5.0,342,5,2,1,8,27,1,24
5,6,5.0,342,5,12,0,2,86,3,24
5,6,8.0,59,0,15,0,14,106,4,8
5,11,23.0,232,5,4,2,3,44,0,17
5,3,23.0,57,4,14,3,10,12,1,17
5,9,6.0,51,5,9,2,13,29,3,23
5,5,6.0,277,2,17,1,10,47,4,23
5,5,22.0,163,5,22,0,9,95,2,26
5,11,5.0,240,0,13,1,2,35,4,24
5,5,22.0,163,5,21,1,1,16,4,26
5,11,5.0,240,0,23,0,16,74,4,24
5,11,5.0,240,0,11,0,14,125,1,24
5,11,5.0,240,0,18,2,14,34,3,24
5,11,12.0,118,0,16,0,8,27,0,28
2,7,15.0,40,5,13,3,13,29,4,1
5,11,1.0,222,4,3,0,13,13,4,7
5,7,1.0,98,3,13,0,8,65,2,7
5,5,6.0,277,2,9,3,1,105,1,23
5,3,8.0,148,2,3,0,7,120,4,8
5,5,22.0,163,5,20,1,9,10,4,26
5,5,22.0,163,5,22,1,14,25,4,26
5,5,22.0,163,5,14,0,4,82,1,26
5,11,19.0,321,0,23,0,10,22,3,10
5,11,4.0,275,3,5,1,11,133,4,30
5,11,4.0,275,3,5,0,12,93,3,30
5,11,6.0,252,1,18,0,13,21,4,23
5,11,14.0,147,2,21,1,13,28,0,5
5,9,5.0,89,4,19,1,7,62,4,24
5,9,5.0,89,4,9,0,16,113,1,24
5,3,30.0,304,4,17,3,12,17,1,19
5,11,15.0,331,4,23,1,9,27,2,1
5,6,8.0,59,0,19,0,1,1,0,8
3,11,1.0,222,2,11,0,2,71,2,7
5,6,8.0,59,0,12,1,4,127,1,8
5,6,8.0,59,0,18,0,9,93,4,8
5,6,13.0,317,6,17,2,3,76,3,25
5,6,13.0,317,6,16,0,11,18,1,25
5,6,13.0,317,6,5,0,13,48,2,25
5,6,13.0,317,6,13,0,1,16,0,25
5,6,13.0,317,6,15,0,13,28,2,25
5,6,13.0,317,6,22,0,2,2,2,25
5,6,13.0,317,6,4,0,16,50,0,25
5,6,13.0,317,6,1,0,10,52,1,25
5,6,23.0,84,1,17,0,3,30,0,17
3,11,1.0,222,2,13,0,8,65,1,7
5,6,23.0,84,1,13,0,16,42,2,17
5,6,23.0,84,1,22,1,12,104,4,17
5,6,25.0,39,4,16,0,5,6,0,13
5,6,25.0,39,4,14,0,14,32,1,13
5,6,30.0,145,1,16,0,0,12,3,19
5,6,30.0,145,1,16,0,8,33,3,19
5,5,7.0,349,4,2,0,13,28,3,11
5,11,5.0,240,0,13,0,3,79,1,24
5,11,5.0,240,0,19,0,3,44,4,24
5,11,5.0,240,0,2,2,15,39,0,24
5,11,5.0,240,0,18,0,9,87,1,24
5,11,12.0,118,0,11,2,10,47,3,28
5,1,6.0,97,4,5,1,5,64,0,23
5,11,21.0,192,2,22,0,0,96,0,21
5,11,21.0,192,2,13,1,9,63,1,21
5,11,22.0,250,4,11,0,11,18,2,26
5,11,22.0,250,4,2,0,5,6,0,26
5,11,22.0,250,4,8,0,2,3,3,26
5,11,29.0,270,4,20,1,4,4,0,16
5,3,24.0,357,5,19,0,10,23,1,14
5,3,24.0,357,5,10,1,14,126,1,14
5,3,21.0,338,1,8,3,0,85,3,21
5,5,7.0,349,4,8,0,14,32,1,11
5,5,7.0,349,4,4,0,10,47,0,11
5,5,13.0,184,2,16,1,3,70,0,25
5,5,13.0,184,2,7,0,2,69,4,25
5,5,13.0,184,2,5,0,11,18,1,25
5,3,16.0,263,4,16,0,16,37,1,2
5,3,16.0,263,4,19,0,1,35,0,2
5,5,13.0,184,2,22,0,15,96,0,25
5,3,21.0,338,1,21,1,5,64,0,21
5,5,13.0,184,2,7,1,5,64,0,25
5,3,21.0,338,1,13,0,2,86,4,21
5,5,23.0,168,6,11,0,8,9,3,17
5,3,24.0,357,5,15,2,9,10,3,14
5,5,23.0,168,6,13,0,3,30,1,17
5,5,23.0,168,6,14,0,3,115,3,17
5,11,1.0,222,4,11,0,14,24,2,7
5,5,23.0,168,6,1,1,15,114,4,17
5,5,23.0,168,6,1,0,4,79,1,17
5,5,24.0,58,3,7,0,5,6,3,14
5,5,24.0,58,3,16,0,2,92,1,14
5,5,24.0,58,3,0,1,10,12,0,14
5,5,24.0,58,3,15,0,13,28,4,14
5,5,24.0,58,3,8,0,8,27,2,14
5,5,24.0,58,3,3,0,13,69,3,14
5,3,21.0,338,1,17,0,2,35,4,21
5,3,21.0,338,1,16,0,5,6,0,21
5,3,24.0,357,5,0,1,11,124,0,14
5,3,24.0,357,5,23,0,2,86,1,14
5,3,24.0,357,5,15,0,12,84,1,14
5,3,24.0,357,5,8,0,13,99,3,14
5,5,7.0,349,4,23,1,12,104,0,11
5,5,13.0,184,2,16,0,0,12,3,25
5,5,13.0,184,2,1,2,0,31,3,25
5,5,23.0,168,6,1,0,8,9,3,17
5,5,24.0,58,3,7,0,1,105,3,14
5,5,24.0,58,3,23,0,8,9,1,14
5,6,5.0,342,5,21,1,5,64,0,24
5,6,8.0,59,0,17,0,4,79,2,8
5,6,8.0,59,0,14,0,14,24,3,8
5,6,13.0,317,6,0,0,9,102,3,25
5,3,7.0,289,1,19,1,2,71,4,11
5,3,7.0,289,1,9,3,0,68,3,11
5,6,13.0,317,6,7,1,0,77,0,25
5,6,13.0,317,6,12,1,5,6,2,25
5,6,13.0,317,6,13,0,14,24,2,25
5,6,23.0,84,1,3,0,11,133,0,17
5,6,23.0,84,1,21,2,10,6,3,17
5,5,24.0,58,3,7,0,9,54,1,14
5,5,24.0,58,3,13,2,12,61,3,14
5,5,24.0,58,3,21,1,10,22,0,14
5,5,23.0,168,6,4,1,11,15,4,17
5,5,24.0,58,3,18,0,0,31,2,14
5,6,5.0,342,5,5,0,9,87,2,24
5,6,5.0,342,5,13,0,6,132,3,24
5,6,5.0,342,5,13,0,10,23,2,24
5,6,8.0,59,0,0,1,9,83,4,8
5,6,8.0,59,0,11,0,10,47,3,8
5,6,8.0,59,0,21,1,5,12,0,8
5,6,8.0,59,0,12,0,5,6,3,8
5,6,8.0,59,0,19,0,1,16,4,8
5,6,8.0,59,0,4,0,11,133,0,8
5,9,18.0,359,2,7,0,12,61,1,0
5,7,8.0,94,3,13,0,0,12,1,8
5,7,1.0,98,3,17,0,0,85,1,7
5,6,13.0,317,6,11,0,13,99,0,25
5,7,3.0,269,1,0,1,10,12,0,27
5,7,8.0,94,3,4,0,10,23,2,8
5,5,7.0,349,4,17,1,0,15,1,11
5,5,7.0,349,4,1,0,4,82,1,11
5,7,16.0,40,0,15,0,4,79,2,2
5,7,16.0,40,0,14,2,10,22,3,2
5,7,16.0,40,0,17,2,12,61,3,2
5,7,21.0,81,6,15,0,3,76,1,21
5,7,21.0,81,6,18,1,10,6,0,21
5,7,22.0,211,3,8,0,10,47,2,26
5,7,22.0,211,3,12,0,14,24,0,26
5,7,22.0,211,3,22,1,2,71,4,26
5,7,22.0,211,3,5,1,3,30,1,26
5,7,22.0,211,3,18,1,8,19,0,26
5,7,23.0,202,0,11,0,10,22,1,17
5,7,23.0,202,0,20,0,4,5,0,17
5,7,22.0,211,3,14,1,15,31,0,26
5,7,31.0,43,1,11,0,2,86,1,20
5,7,31.0,43,1,8,0,10,47,1,20
5,9,27.0,179,5,13,3,8,41,4,15
5,11,1.0,222,4,2,0,2,69,2,7
5,7,8.0,94,3,8,2,16,113,3,8
5,3,6.0,303,0,15,1,2,123,4,23
5,3,6.0,303,0,13,0,2,92,1,23
5,3,8.0,148,2,21,1,15,85,0,8
5,3,8.0,148,2,11,0,13,99,1,8
5,3,16.0,263,4,3,1,1,67,4,2
5,3,21.0,338,1,16,2,0,15,3,21
5,3,21.0,338,1,11,1,10,47,0,21
5,7,14.0,125,6,15,3,9,87,2,5
5,7,14.0,125,6,6,1,11,15,0,5
5,7,14.0,125,6,14,2,2,2,0,5
5,7,14.0,125,6,14,2,2,2,1,5
5,7,16.0,40,0,5,0,0,53,3,2
5,7,16.0,40,0,13,0,10,30,3,2
5,7,16.0,40,0,2,3,12,80,0,2
5,7,16.0,40,0,1,2,4,79,2,2
5,7,16.0,40,0,1,0,2,86,1,2
5,7,21.0,81,6,11,0,13,21,2,21
5,7,21.0,81,6,5,0,4,82,1,21
5,11,3.0,288,6,13,1,15,31,0,27
3,0,2.0,47,1,17,0,1,1,1,22
5,7,20.0,266,5,20,1,11,124,4,29
3,8,1.0,66,0,17,1,11,55,4,7
5,7,20.0,266,5,17,0,14,126,4,29
5,5,4.0,114,0,12,2,6,7,0,30
5,9,23.0,167,0,10,0,11,133,2,17
5,7,13.0,238,5,1,2,5,6,0,25
5,9,25.0,344,2,18,1,0,26,1,13
5,9,9.0,320,0,21,3,16,50,4,12
5,7,3.0,269,1,5,1,13,99,0,27
3,0,25.0,281,4,19,0,0,15,4,13
5,7,30.0,42,0,14,1,7,57,0,19
5,11,19.0,321,0,12,1,10,22,2,10
5,7,15.0,205,3,18,0,4,82,3,1
5,3,5.0,324,3,4,1,9,27,0,24
5,3,22.0,166,2,13,0,10,43,3,26
5,7,29.0,268,3,9,3,0,53,1,16
5,3,5.0,324,3,13,0,13,48,1,24
5,3,7.0,289,1,1,1,13,99,2,11
5,7,21.0,81,6,20,1,10,43,1,21
5,7,22.0,211,3,4,0,4,75,1,26
5,7,5.0,204,4,3,0,10,23,2,24
5,8,30.0,103,2,4,0,2,13,1,19
5,0,12.0,113,6,4,0,1,35,2,28
5,0,20.0,172,3,23,0,8,9,3,29
5,11,1.0,222,4,17,0,15,96,1,7
5,5,29.0,24,5,17,0,3,79,1,16
4,7,16.0,40,1,18,0,9,27,0,2
5,11,1.0,222,4,21,0,14,34,1,7
5,11,1.0,222,4,16,0,11,15,3,7
5,11,1.0,222,4,7,0,8,41,4,7
5,11,1.0,222,4,6,1,7,111,1,7
5,11,1.0,222,4,3,0,7,120,4,7
5,11,1.0,222,4,22,0,3,70,1,7
5,3,19.0,138,3,17,0,12,104,1,10
5,2,1.0,16,3,13,0,3,79,2,7
4,9,10.0,156,2,18,0,13,99,4,4
4,9,10.0,156,2,9,2,5,6,0,4
4,9,17.0,255,2,13,1,4,4,1,6
4,9,17.0,255,2,22,2,6,7,3,6
4,9,26.0,267,5,5,0,6,89,1,3
4,9,26.0,267,5,2,0,14,24,2,3
4,7,2.0,160,1,7,0,14,24,1,22
4,7,2.0,160,1,23,0,15,46,4,22
4,7,2.0,160,1,5,0,16,130,1,22
4,7,2.0,160,1,5,0,8,9,4,22
4,7,2.0,160,1,2,0,10,47,0,22
4,7,2.0,160,1,2,0,0,53,3,22
4,7,2.0,160,1,3,0,1,11,4,22
4,7,2.0,160,1,4,0,11,117,3,22
4,7,16.0,40,1,16,2,16,50,3,2
4,7,16.0,40,1,21,0,5,6,3,2
4,7,16.0,40,1,8,0,0,64,2,2
4,7,16.0,40,1,9,1,12,56,4,2
4,7,17.0,95,2,10,0,0,85,2,6
4,7,17.0,95,2,11,0,8,118,1,6
4,7,17.0,95,2,11,0,0,26,4,6
4,7,17.0,95,2,14,2,1,35,0,6
4,7,25.0,41,4,0,0,12,61,1,13
5,2,14.0,231,6,19,0,3,103,4,5
5,0,6.0,260,3,12,1,0,68,0,23
4,11,30.0,170,6,12,0,10,47,3,19
4,9,11.0,52,4,17,0,14,24,1,9
5,4,22.0,152,4,19,1,8,27,0,26
5,8,2.0,77,2,17,1,16,50,2,22
5,2,2.0,143,0,11,1,12,80,1,22
5,2,2.0,143,0,11,0,10,47,1,22
4,7,19.0,330,5,3,0,0,0,2,10
5,11,1.0,222,4,17,0,2,2,3,7
5,11,1.0,222,4,6,2,14,106,3,7
5,11,1.0,222,4,10,1,14,110,0,7
5,11,1.0,222,4,16,1,5,12,1,7
5,11,9.0,311,5,10,1,4,138,0,12
5,11,9.0,311,5,4,2,0,15,2,12
5,11,9.0,311,5,1,0,4,82,3,12
5,11,1.0,222,4,16,0,5,6,2,7
5,11,9.0,311,5,11,1,2,92,4,12
5,11,9.0,311,5,4,0,8,9,1,12
5,11,9.0,311,5,4,0,12,61,4,12
3,0,25.0,281,4,20,3,4,136,1,13
5,11,11.0,175,3,12,0,15,108,3,9
5,11,11.0,175,3,13,1,3,30,4,9
5,4,17.0,19,6,13,0,4,4,1,6
5,4,17.0,19,6,15,1,1,16,4,6
5,4,16.0,25,5,22,0,10,22,1,2
5,4,23.0,30,5,22,2,1,81,3,17
5,4,23.0,30,5,14,2,4,5,1,17
4,7,24.0,68,2,9,0,6,7,1,14
4,3,15.0,35,4,18,0,9,87,1,1
4,3,15.0,35,4,22,1,13,99,4,1
5,4,25.0,20,3,9,2,9,102,3,13
5,4,25.0,20,3,9,1,8,118,0,13
5,2,6.0,251,5,7,0,9,95,0,23
5,2,7.0,153,6,11,0,14,25,1,11
5,2,8.0,258,3,7,0,8,41,1,8
5,2,8.0,258,3,3,0,8,27,2,8
5,2,10.0,28,1,16,0,6,89,1,4
5,2,10.0,28,1,16,1,10,47,0,4
5,2,10.0,28,1,21,0,0,12,3,4
5,11,4.0,275,3,1,0,4,45,2,30
5,4,17.0,19,6,22,1,8,19,1,6
5,4,18.0,26,3,19,0,8,9,4,0
5,11,11.0,175,3,8,2,15,96,3,9
5,11,11.0,175,3,1,0,8,27,1,9
5,11,18.0,332,3,22,0,9,63,1,0
5,4,22.0,152,4,5,1,10,47,0,26
4,11,30.0,170,6,8,1,11,10,4,19
5,9,2.0,323,0,23,1,11,124,0,22
5,0,20.0,172,3,6,0,15,51,1,29
5,0,29.0,191,1,17,3,4,138,4,16
5,10,20.0,223,0,6,0,1,1,1,29
5,11,18.0,332,3,3,1,0,15,4,0
5,11,18.0,332,3,12,2,10,52,0,0
5,11,25.0,88,3,5,0,8,27,3,13
5,11,25.0,88,3,22,0,11,94,3,13
5,11,25.0,88,3,4,0,13,21,2,13
5,11,28.0,123,2,17,0,10,22,1,18
5,11,28.0,123,2,6,0,0,12,0,18
5,11,28.0,123,2,17,1,2,60,0,18
5,11,28.0,123,2,9,1,8,27,1,18
5,0,27.0,23,3,15,3,5,64,1,15
5,2,9.0,21,0,6,0,5,12,3,12
4,7,17.0,95,2,9,0,8,41,1,6
5,11,1.0,222,4,0,1,2,2,0,7
5,0,27.0,23,3,12,0,5,12,1,15
4,7,25.0,41,4,22,0,11,117,0,13
5,8,28.0,224,0,2,1,16,50,0,18
5,9,2.0,323,0,13,2,3,79,3,22
5,0,26.0,14,6,19,0,8,65,4,3
5,11,1.0,222,4,17,1,10,12,0,7
5,9,2.0,323,0,18,0,9,95,1,22
4,7,25.0,41,4,18,0,2,13,1,13
5,4,20.0,115,1,17,1,10,47,2,29
4,7,17.0,95,2,21,0,16,72,3,6
4,11,14.0,147,4,23,1,15,114,1,5
5,11,9.0,311,5,16,0,10,47,2,12
5,9,3.0,217,1,11,0,2,13,1,27
4,3,16.0,263,5,8,0,2,13,0,2
5,10,13.0,346,0,9,1,2,86,0,25
4,11,6.0,252,2,17,3,13,48,1,23
4,11,14.0,147,4,2,0,11,94,3,5
5,4,1.0,144,4,3,2,6,128,1,7
5,4,6.0,176,1,15,0,11,15,1,23
5,4,6.0,176,1,2,0,14,25,4,23
5,4,6.0,176,1,4,2,1,1,3,23
5,4,6.0,176,1,18,0,15,31,1,23
5,4,6.0,176,1,9,0,3,44,0,23
5,4,7.0,133,2,6,0,1,35,0,11
5,4,6.0,176,1,18,0,5,6,1,23
5,4,8.0,292,4,15,1,11,15,0,8
5,4,7.0,133,2,1,0,9,95,0,11
5,4,8.0,292,4,12,0,10,22,3,8
5,4,7.0,133,2,11,0,2,86,0,11
5,4,9.0,18,5,7,1,2,69,0,12
5,4,9.0,18,5,1,2,8,33,0,12
5,4,9.0,18,5,20,1,5,12,1,12
5,8,23.0,102,2,5,1,4,138,0,17
5,0,24.0,55,4,4,1,15,46,0,14
4,11,6.0,252,2,17,1,5,12,1,23
4,11,14.0,147,4,19,0,4,66,1,5
5,1,26.0,248,2,16,0,10,22,1,3
5,1,26.0,248,2,2,0,10,47,2,3
5,1,26.0,248,2,9,0,0,77,1,3
5,1,31.0,305,0,16,0,5,12,3,20
5,1,31.0,305,0,22,1,1,59,4,20
5,1,31.0,305,0,4,0,12,61,2,20
5,1,31.0,305,0,19,0,5,12,1,20
5,8,16.0,73,2,16,0,15,114,2,2
5,8,16.0,73,2,3,0,9,54,1,2
5,2,6.0,251,5,8,0,8,9,3,23
5,2,6.0,251,5,19,1,9,58,4,23
5,2,7.0,153,6,11,0,7,122,2,11
5,2,7.0,153,6,3,1,0,0,4,11
5,2,7.0,153,6,19,1,2,13,4,11
5,2,7.0,153,6,19,0,10,22,1,11
5,2,7.0,153,6,1,2,12,104,3,11
5,2,7.0,153,6,22,1,1,35,4,11
5,2,8.0,258,3,7,0,4,82,1,8
5,2,8.0,258,3,8,0,1,105,1,8
5,2,8.0,258,3,3,0,2,13,3,8
5,2,8.0,258,3,19,2,12,104,3,8
5,4,6.0,176,1,22,0,5,64,2,23
5,4,31.0,67,6,0,1,13,48,2,20
5,4,31.0,67,6,20,0,10,6,3,20
5,4,31.0,67,6,1,0,8,9,0,20
5,4,7.0,133,2,17,1,10,47,1,11
5,2,15.0,130,3,2,0,15,46,2,1
5,2,15.0,130,3,14,1,6,128,4,1
5,2,17.0,6,1,16,0,13,29,1,6
5,2,23.0,230,0,4,1,9,83,4,17
5,2,23.0,230,0,1,0,4,5,0,17
5,0,7.0,15,0,7,0,3,44,1,11
5,0,7.0,15,0,19,0,15,51,0,11
5,0,7.0,15,0,4,0,5,47,2,11
5,0,7.0,15,0,8,1,11,98,4,11
5,0,7.0,15,0,9,1,9,109,4,11
5,0,8.0,9,1,16,0,10,22,1,8
5,0,8.0,9,1,0,0,13,29,1,8
5,0,8.0,9,1,13,2,13,21,2,8
5,0,8.0,9,1,8,0,13,99,2,8
5,0,8.0,9,1,1,0,5,6,3,8
5,0,8.0,9,1,2,0,2,92,0,8
5,0,8.0,9,1,18,1,0,53,0,8
5,2,8.0,258,3,4,0,14,25,3,8
5,2,8.0,258,3,8,1,6,128,4,8
5,2,10.0,28,1,23,0,1,11,4,4
5,2,10.0,28,1,1,0,10,47,2,4
5,2,16.0,220,0,16,2,1,67,0,2
5,2,16.0,220,0,6,1,15,31,4,2
5,2,16.0,220,0,9,2,10,47,3,2
5,4,18.0,26,3,13,1,13,29,1,0
4,3,15.0,35,4,9,1,10,22,1,1
4,3,15.0,35,4,13,1,1,81,4,1
4,3,15.0,35,4,12,1,3,30,0,1
5,9,5.0,89,4,14,0,10,12,1,24
5,8,16.0,73,2,6,1,2,86,4,2
5,8,16.0,73,2,1,0,4,138,4,2
5,8,16.0,73,2,9,1,10,22,1,2
5,8,24.0,85,4,3,1,6,7,1,14
5,8,26.0,278,6,15,0,5,6,0,3
5,8,26.0,278,6,8,1,1,1,4,3
5,8,26.0,278,6,14,1,1,11,4,3
5,1,21.0,45,5,9,2,10,12,0,21
5,6,1.0,158,0,17,0,4,138,4,7
5,8,30.0,103,2,8,1,10,43,2,19
5,4,11.0,121,3,8,0,16,39,4,9
5,11,1.0,222,4,21,0,0,68,1,7
4,3,16.0,263,5,22,1,15,46,1,2
5,6,28.0,309,3,3,0,13,99,4,18
4,11,8.0,283,5,5,2,5,6,0,8
5,11,9.0,311,5,13,2,13,69,3,12
4,3,16.0,263,5,2,0,2,40,1,2
4,11,8.0,283,5,14,0,1,35,4,8
5,8,29.0,301,1,7,1,3,79,1,16
4,11,7.0,253,4,18,0,0,64,2,11
5,11,9.0,311,5,12,0,5,12,0,12
4,3,16.0,263,5,14,0,8,9,3,2
4,11,14.0,147,4,12,0,12,17,3,5
5,4,5.0,235,0,6,0,10,47,2,24
4,11,15.0,331,5,8,0,14,24,1,1
5,11,9.0,311,5,3,3,12,83,2,12
4,3,24.0,357,6,6,0,9,95,1,14
4,11,14.0,147,4,14,2,13,38,3,5
5,4,30.0,139,5,14,1,13,99,1,19
4,11,15.0,331,5,14,0,10,47,0,1
4,11,16.0,225,6,13,1,14,88,4,2
5,0,27.0,23,3,9,0,9,93,1,15
4,11,7.0,253,4,17,1,0,0,0,11
4,11,7.0,253,4,0,1,0,0,0,11
4,11,7.0,253,4,18,0,11,117,1,11
4,11,15.0,331,5,17,0,10,23,2,1
4,11,15.0,331,5,15,1,0,12,0,1
4,11,15.0,331,5,14,0,13,21,4,1
4,11,15.0,331,5,11,1,11,18,1,1
4,11,16.0,225,6,6,1,11,124,0,2
4,11,16.0,225,6,6,0,5,6,0,2
4,11,16.0,225,6,6,0,14,131,1,2
4,11,25.0,88,0,0,0,16,74,3,13
4,11,31.0,227,3,14,0,10,23,1,20
5,8,15.0,72,1,20,1,12,80,4,1
5,0,2.0,47,2,15,1,13,28,1,22
3,0,30.0,228,1,19,0,5,12,2,19
5,11,24.0,194,6,19,1,13,48,0,14
4,9,8.0,90,0,3,0,4,136,2,8
5,4,16.0,25,5,9,2,8,9,1,2
5,4,17.0,19,6,16,1,5,64,0,6
5,4,17.0,19,6,13,2,10,47,3,6
5,4,17.0,19,6,15,0,4,45,2,6
5,4,16.0,25,5,14,3,3,103,1,2
5,4,17.0,19,6,22,2,0,15,3,6
5,4,17.0,19,6,2,2,16,130,3,6
5,4,17.0,19,6,18,1,5,64,0,6
5,4,18.0,26,3,13,0,6,7,0,0
5,4,16.0,25,5,16,1,10,22,0,2
5,4,18.0,26,3,13,1,13,69,1,0
5,1,24.0,64,0,3,0,7,78,2,14
4,9,7.0,271,3,17,1,10,22,0,11
5,2,16.0,220,0,9,1,2,2,0,2
5,10,15.0,60,2,22,0,10,22,2,1
5,4,16.0,25,5,23,1,10,22,0,2
5,4,16.0,25,5,9,0,8,27,1,2
5,4,16.0,25,5,13,1,1,16,4,2
5,11,1.0,222,4,16,0,14,25,2,7
5,11,1.0,222,4,0,0,14,25,2,7
5,11,1.0,222,4,0,0,2,86,1,7
5,8,12.0,284,6,11,0,0,12,1,28
5,11,1.0,222,4,17,0,15,114,1,7
5,4,22.0,152,4,18,0,8,9,1,26
5,5,18.0,195,0,4,0,12,17,1,0
5,6,4.0,159,4,14,0,8,27,2,30
5,7,18.0,154,2,8,0,14,24,2,0
5,5,26.0,37,1,3,0,12,17,2,3
5,4,22.0,152,4,10,3,10,47,3,26
5,2,2.0,143,0,13,0,0,26,1,22
5,4,22.0,152,4,13,0,10,47,4,26
5,6,12.0,162,5,19,3,1,16,3,28
5,6,1.0,158,0,18,0,6,132,4,7
5,1,21.0,45,5,1,0,10,6,0,21
5,10,20.0,223,0,13,3,1,11,1,29
5,8,30.0,103,2,18,3,0,64,3,19
5,11,1.0,222,4,22,0,9,63,4,7
5,1,5.0,219,2,18,0,4,136,3,24
5,1,30.0,100,3,3,0,14,24,2,19
5,1,30.0,100,3,18,0,5,12,0,19
5,2,28.0,257,6,6,1,7,20,2,18
5,1,1.0,203,6,17,0,1,105,4,7
5,8,18.0,75,5,17,1,13,36,4,0
3,0,1.0,8,0,11,0,16,74,4,7
5,9,20.0,119,5,4,1,11,55,4,29
5,9,19.0,234,4,14,1,9,93,4,10
5,11,27.0,322,1,18,1,13,21,0,15
5,7,28.0,34,6,2,0,2,86,1,18
5,2,16.0,220,0,12,0,13,48,2,2
5,4,9.0,18,5,4,0,0,26,3,12
5,7,20.0,266,5,2,0,10,12,1,29
3,8,1.0,66,0,3,0,1,35,4,7
5,10,21.0,341,1,17,1,10,47,1,21
5,5,2.0,307,6,11,0,3,70,3,22
5,1,19.0,29,2,16,0,10,12,3,10
5,1,19.0,29,2,23,0,13,99,2,10
5,1,2.0,171,3,8,1,5,6,1,22
5,0,22.0,241,1,4,3,5,6,0,26
5,1,2.0,171,3,5,0,13,29,2,22
3,0,1.0,8,0,11,0,8,9,1,7
5,4,30.0,139,5,4,1,5,64,0,19
5,0,5.0,122,6,15,0,11,55,2,24
5,0,4.0,229,5,18,0,0,12,0,30
5,4,30.0,139,5,5,1,1,67,4,19
4,7,17.0,95,2,6,0,8,27,1,6
5,0,18.0,0,5,17,0,2,2,1,0
4,11,17.0,110,3,0,1,15,46,4,6
4,7,17.0,95,2,4,0,4,45,0,6
4,11,17.0,110,3,8,2,9,134,3,6
5,4,9.0,18,5,1,0,10,47,3,12
4,11,17.0,110,3,12,2,8,118,3,6
5,4,31.0,67,6,11,2,13,28,3,20
4,7,17.0,95,2,4,0,2,92,0,6
4,11,20.0,340,2,13,0,11,98,4,29
5,2,24.0,22,1,11,1,0,26,1,14
5,9,7.0,271,6,2,3,8,41,4,11
5,6,28.0,309,3,0,0,13,21,2,18
5,11,24.0,194,6,17,0,13,38,1,14
5,4,31.0,67,6,19,0,13,36,1,20
4,3,24.0,357,6,9,0,10,12,3,14
5,4,23.0,30,5,21,0,2,13,0,17
5,8,30.0,103,2,19,1,6,128,1,19
5,0,1.0,8,1,19,1,9,87,1,7
5,4,17.0,19,6,18,2,14,131,2,6
5,4,22.0,152,4,4,0,10,22,1,26
5,4,18.0,26,3,5,0,4,45,3,0
5,2,9.0,21,0,3,1,0,64,1,12
5,4,31.0,67,6,4,2,2,2,3,20
5,0,15.0,190,1,19,0,8,65,3,1
5,4,22.0,152,4,6,1,0,15,4,26
5,0,16.0,11,2,17,0,14,107,3,2
5,2,14.0,231,6,13,0,8,33,1,5
5,4,18.0,26,3,0,2,10,22,0,0
5,0,16.0,11,2,17,0,7,57,4,2
5,0,6.0,260,3,2,1,15,96,0,23
5,2,9.0,21,0,22,0,11,124,2,12
5,4,16.0,25,5,16,1,10,22,0,2
5,0,16.0,11,2,8,0,14,110,1,2
5,11,1.0,222,4,23,0,12,61,1,7
4,11,15.0,331,5,17,0,12,80,1,1
5,4,17.0,19,6,15,3,5,12,0,6
5,0,15.0,190,1,11,0,10,23,1,1
4,3,25.0,347,3,16,1,3,103,4,13
5,4,25.0,20,3,13,1,15,114,2,13
5,11,1.0,222,4,13,0,3,115,1,7
4,7,25.0,41,4,5,0,14,107,1,13
4,7,25.0,41,4,20,1,10,43,1,13
4,7,17.0,95,2,16,0,0,68,3,6
4,3,16.0,263,5,23,1,8,27,1,2
4,3,24.0,357,6,15,0,1,11,4,14
4,3,24.0,357,6,22,0,6,91,2,14
5,2,1.0,16,3,19,0,14,110,4,7
4,3,24.0,357,6,9,0,0,85,1,14
4,3,25.0,347,3,6,1,10,23,0,13
4,3,25.0,347,3,5,1,6,128,1,13
5,0,18.0,0,5,5,0,7,62,3,0
5,0,18.0,0,5,8,0,13,69,2,0
5,0,18.0,0,5,13,1,2,35,4,0
5,0,18.0,0,5,6,0,6,7,1,0
5,0,18.0,0,5,18,0,9,57,1,0
5,0,25.0,281,5,16,0,4,75,1,13
5,0,25.0,281,5,21,0,11,94,2,13
5,0,25.0,281,5,11,0,4,66,0,13
5,0,26.0,14,6,14,0,9,49,1,3
5,4,31.0,67,6,11,0,2,69,2,20
5,0,26.0,14,6,9,0,10,47,3,3
5,0,27.0,23,3,15,0,9,57,0,15
5,0,25.0,281,5,4,3,9,101,0,13
5,0,27.0,23,3,12,2,13,69,3,15
5,0,10.0,129,4,19,0,2,123,4,4
5,8,15.0,72,1,17,0,2,2,1,1
5,4,15.0,132,4,18,1,6,89,0,1
5,8,1.0,66,1,17,0,2,69,1,7
5,4,15.0,132,4,2,1,13,29,4,1
4,11,7.0,253,4,22,1,12,61,4,11
4,11,7.0,253,4,9,2,8,41,0,11
5,2,1.0,16,3,4,0,14,32,1,7
4,7,16.0,40,1,9,2,1,59,4,2
4,7,17.0,95,2,17,0,8,9,4,6
5,9,1.0,126,3,17,0,15,51,1,7
5,8,21.0,46,0,23,1,7,120,4,21
5,11,17.0,110,6,1,1,9,57,0,6
5,11,16.0,225,5,18,0,0,15,4,2
5,2,22.0,209,3,19,1,8,9,0,26
5,3,29.0,325,2,18,0,3,79,3,16
3,6,25.0,39,2,15,0,2,92,1,13
5,3,27.0,361,0,15,3,8,27,3,15
5,10,29.0,318,2,11,0,13,38,2,16
5,8,22.0,354,1,4,1,2,86,0,26
5,8,22.0,354,1,9,1,9,27,0,26
5,8,19.0,280,6,2,1,5,6,1,10
5,6,18.0,308,4,23,1,2,69,1,0
5,8,21.0,46,0,10,0,13,28,0,21
4,11,3.0,288,3,19,1,12,56,4,27
4,11,11.0,175,0,17,3,9,27,2,9
5,4,23.0,30,5,20,1,1,59,4,17
5,10,16.0,201,4,15,0,10,47,2,2
5,10,15.0,60,2,19,1,9,10,0,1
5,10,15.0,60,2,6,0,0,15,3,1
5,10,16.0,201,4,4,0,9,102,1,2
5,3,7.0,289,1,20,2,10,47,0,11
5,1,6.0,97,4,22,0,15,112,1,23
5,1,7.0,32,5,21,1,5,6,0,11
5,1,6.0,97,4,17,1,15,51,4,23
5,1,7.0,32,5,14,0,0,12,3,11
5,1,9.0,50,3,16,0,0,53,3,12
5,1,9.0,50,3,3,0,5,6,3,12
5,1,9.0,50,3,2,0,10,47,0,12
5,1,9.0,50,3,4,0,6,89,4,12
5,1,9.0,50,3,14,0,11,117,0,12
5,1,9.0,50,3,12,1,9,10,4,12
5,1,24.0,64,0,0,1,9,101,0,14
5,1,25.0,65,1,21,1,7,8,0,13
5,1,25.0,65,1,16,0,16,74,3,13
5,1,7.0,32,5,2,1,0,26,1,11
5,1,25.0,65,1,1,1,11,117,2,13
5,0,1.0,8,1,15,3,8,118,0,7
5,1,24.0,64,0,23,0,4,121,1,14
5,8,16.0,73,2,10,2,6,7,1,2
5,0,16.0,11,2,2,0,1,105,0,2
5,0,16.0,11,2,9,0,6,7,1,2
5,0,24.0,55,4,3,0,0,12,1,14
5,0,24.0,55,4,18,1,16,113,2,14
4,11,6.0,252,2,4,0,1,59,3,23
5,11,1.0,222,4,11,1,14,25,0,7
4,11,6.0,252,2,18,0,7,8,3,23
5,11,1.0,222,4,17,1,16,50,1,7
5,4,23.0,30,5,23,2,0,0,3,17
5,9,9.0,320,0,9,1,15,108,1,12
5,9,18.0,359,2,21,1,15,119,0,0
5,4,11.0,121,3,4,1,11,15,1,9
5,0,29.0,191,1,5,0,8,118,3,16
5,4,28.0,218,2,16,0,8,41,1,18
5,10,11.0,298,6,17,3,16,72,0,9
5,0,20.0,172,3,8,1,10,52,2,29
5,11,1.0,222,4,17,0,8,9,1,7
5,11,1.0,222,4,0,0,5,12,0,7
5,11,1.0,222,4,20,0,13,48,1,7
5,11,1.0,222,4,2,0,12,80,1,7
5,11,1.0,222,4,2,0,2,86,4,7
5,11,1.0,222,4,21,0,10,47,0,7
5,11,9.0,311,5,12,0,12,61,1,12
5,11,9.0,311,5,14,0,13,99,1,12
5,9,3.0,217,1,19,1,9,93,4,27
5,9,3.0,217,1,9,0,5,6,1,27
5,9,3.0,217,1,10,3,13,29,1,27
5,9,8.0,90,3,21,0,0,26,2,8
5,9,8.0,90,3,19,2,8,41,3,8
5,9,9.0,320,0,6,0,2,123,4,12
5,9,9.0,320,0,5,0,14,25,1,12
5,9,9.0,320,0,7,1,1,105,0,12
5,9,18.0,359,2,11,0,6,89,1,0
5,9,18.0,359,2,3,0,14,34,3,0
5,9,18.0,359,2,4,1,13,38,4,0
5,9,25.0,344,2,15,0,8,33,0,13
5,9,25.0,344,2,3,2,16,50,4,13
5,9,25.0,344,2,9,0,14,24,3,13
4,11,6.0,252,2,23,2,10,6,3,23
4,11,8.0,283,5,17,1,5,64,0,8
3,0,21.0,287,3,8,0,7,57,2,21
4,7,15.0,205,0,13,0,8,118,4,1
4,7,15.0,205,0,4,3,8,41,4,1
4,7,23.0,202,1,21,1,16,50,2,17
5,11,23.0,232,5,17,1,3,30,2,17
5,4,25.0,20,3,2,1,14,107,1,13
4,3,24.0,357,6,11,1,10,23,1,14
5,8,25.0,86,5,4,0,15,39,0,13
3,2,24.0,22,0,3,0,10,22,1,14
5,2,15.0,130,3,9,1,14,126,4,1
5,2,17.0,6,1,18,2,8,41,3,6
5,2,23.0,230,0,8,0,9,83,1,17
5,2,23.0,230,0,2,1,13,38,1,17
5,4,6.0,176,1,13,0,0,26,4,23
5,4,6.0,176,1,8,0,9,93,0,23
5,4,7.0,133,2,15,0,7,20,4,11
5,4,6.0,176,1,4,1,13,38,4,23
5,4,7.0,133,2,10,0,8,118,1,11
5,4,6.0,176,1,12,3,10,22,3,23
5,4,8.0,292,4,17,0,9,49,1,8
5,4,7.0,133,2,18,0,16,74,4,11
5,4,9.0,18,5,13,0,14,25,3,12
5,2,4.0,254,2,8,1,9,109,0,30
5,2,4.0,254,2,1,0,7,137,3,30
5,11,27.0,322,1,17,0,9,57,1,15
5,7,12.0,181,4,9,1,11,8,4,28
5,7,27.0,53,5,9,0,2,2,3,15
5,3,9.0,44,4,4,0,5,6,0,12
5,10,21.0,341,1,23,1,10,47,1,21
5,1,10.0,17,0,22,0,5,12,1,4
5,3,1.0,180,2,17,0,6,128,1,7
5,5,4.0,114,0,4,1,0,64,0,30
5,5,29.0,24,5,18,0,9,54,3,16
5,10,19.0,117,3,13,3,14,106,4,10
5,5,1.0,109,5,17,1,8,33,0,7
5,11,9.0,311,5,11,0,8,27,4,12
5,4,8.0,292,4,17,1,7,8,4,8
5,11,9.0,311,5,23,0,2,86,1,12
5,4,23.0,30,5,2,0,16,74,3,17
5,4,23.0,30,5,11,0,6,73,2,17
5,4,25.0,20,3,12,0,7,78,3,13
5,4,25.0,20,3,3,0,10,47,3,13
5,4,25.0,20,3,0,1,8,41,0,13
5,2,6.0,251,5,16,0,16,42,0,23
5,2,6.0,251,5,22,0,1,59,2,23
5,2,7.0,153,6,13,0,9,102,2,11
5,2,8.0,258,3,0,1,16,74,0,8
5,2,8.0,258,3,2,0,0,15,3,8
5,2,8.0,258,3,9,0,13,28,1,8
5,2,10.0,28,1,6,0,4,4,1,4
5,2,10.0,28,1,11,0,3,30,1,4
5,2,23.0,230,0,14,2,5,12,3,17
5,2,23.0,230,0,18,0,5,12,2,17
4,11,14.0,147,4,1,0,11,18,2,5
5,0,7.0,15,0,0,1,0,0,0,11
5,0,9.0,48,2,20,2,10,22,3,12
5,0,9.0,48,2,8,2,8,41,2,12
5,0,15.0,190,1,15,0,10,22,1,1
5,0,15.0,190,1,7,1,6,14,0,1
5,0,15.0,190,1,17,1,7,54,4,1
5,0,8.0,9,1,8,3,15,37,0,8
5,0,16.0,11,2,19,0,14,107,1,2
5,0,24.0,55,4,20,1,0,31,0,14
5,0,24.0,55,4,3,0,1,1,4,14
4,11,6.0,252,2,11,0,13,69,4,23
4,11,6.0,252,2,13,0,13,21,1,23
4,11,6.0,252,2,8,2,10,47,3,23
4,11,6.0,252,2,20,2,16,65,3,23
4,11,8.0,283,5,20,0,2,3,3,8
5,11,9.0,311,5,20,1,14,25,1,12
4,3,25.0,347,3,19,0,6,89,4,13
5,2,6.0,251,5,16,0,8,27,3,23
5,8,17.0,74,4,14,2,7,20,4,6
4,11,14.0,147,4,17,0,15,96,3,5
4,11,14.0,147,4,17,1,9,9,0,5
4,11,14.0,147,4,11,0,10,22,2,5
4,11,14.0,147,4,17,1,11,98,1,5
5,8,1.0,66,1,17,0,10,22,1,7
5,4,24.0,27,6,4,1,9,93,1,14
5,4,24.0,27,6,22,3,6,7,3,14
5,8,1.0,66,1,17,0,1,1,1,7
4,11,7.0,253,4,9,1,0,68,0,11
4,11,7.0,253,4,2,0,12,104,2,11
4,9,17.0,255,2,16,0,16,50,1,6
4,9,17.0,255,2,7,1,10,22,4,6
4,9,17.0,255,2,23,2,15,85,3,6
4,9,17.0,255,2,12,0,12,80,3,6
4,9,17.0,255,2,2,0,10,22,1,6
4,9,17.0,255,2,18,0,4,5,1,6
4,9,26.0,267,5,17,2,6,7,3,3
4,11,15.0,331,5,17,0,9,95,1,1
4,9,26.0,267,5,12,2,3,115,0,3
4,9,26.0,267,5,1,1,3,70,4,3
4,7,2.0,160,1,18,0,2,13,4,22
4,7,16.0,40,1,16,0,5,12,0,2
4,7,16.0,40,1,0,0,14,24,1,2
5,2,10.0,28,1,15,0,10,22,1,4
4,3,15.0,35,4,15,1,5,6,0,1
3,2,15.0,130,6,20,3,14,24,2,1
5,1,24.0,64,0,1,0,5,12,0,14
5,8,16.0,73,2,6,0,12,121,1,2
5,8,16.0,73,2,11,0,10,22,3,2
5,8,16.0,73,2,14,0,14,24,2,2
5,8,24.0,85,4,4,0,16,72,1,14
5,8,26.0,278,6,17,0,10,23,0,3
5,8,26.0,278,6,5,1,2,2,4,3
5,8,26.0,278,6,20,1,12,104,4,3
5,8,26.0,278,6,3,1,9,93,4,3
5,8,26.0,278,6,4,0,16,72,3,3
5,4,16.0,25,5,18,2,9,102,3,2
5,4,16.0,25,5,19,2,9,57,3,2
5,4,16.0,25,5,8,0,9,49,2,2
3,0,24.0,55,2,13,1,0,53,2,14
5,4,17.0,19,6,15,3,8,33,3,6
5,2,8.0,258,3,13,0,1,35,4,8
4,11,24.0,194,3,9,0,4,138,4,14
4,11,24.0,194,3,4,1,13,28,0,14
4,11,24.0,194,3,9,1,0,15,0,14
4,7,16.0,40,1,17,0,0,53,0,2
4,7,17.0,95,2,6,0,5,6,3,6
4,7,17.0,95,2,17,1,15,51,0,6
4,7,17.0,95,2,18,0,6,128,4,6
4,3,25.0,347,3,2,1,10,47,2,13
4,3,25.0,347,3,12,0,4,75,1,13
5,11,11.0,175,3,7,1,1,105,0,9
4,3,25.0,347,3,4,1,9,109,0,13
5,2,15.0,130,3,7,0,5,6,0,1
5,11,9.0,311,5,13,0,2,86,2,12
5,2,6.0,251,5,22,0,0,85,1,23
4,3,26.0,343,0,11,0,0,31,2,3
5,2,15.0,130,3,11,0,9,95,3,1
4,9,8.0,90,0,8,2,2,92,3,8
4,9,8.0,90,0,7,1,0,26,0,8
4,9,17.0,255,2,11,0,0,26,1,6
4,9,17.0,255,2,3,0,5,64,3,6
2,9,1.0,126,4,16,0,3,76,1,7
4,7,2.0,160,1,17,0,5,64,0,22
4,7,2.0,160,1,17,0,5,12,0,22
4,7,2.0,160,1,5,0,1,11,0,22
4,11,16.0,225,6,19,1,15,112,4,2
4,11,25.0,88,0,8,0,16,65,0,13
4,11,25.0,88,0,1,0,10,22,2,13
4,11,25.0,88,0,20,1,0,0,1,13
4,11,25.0,88,0,1,0,13,21,3,13
4,9,8.0,90,0,3,2,12,80,3,8
4,9,8.0,90,0,4,0,6,73,1,8
4,9,8.0,90,0,2,0,10,43,3,8
4,9,10.0,156,2,2,0,6,7,3,4
3,2,5.0,127,2,17,3,13,48,2,24
3,0,15.0,190,0,13,0,10,47,2,1
5,4,24.0,27,6,18,1,0,53,0,14
5,0,9.0,48,2,6,0,8,9,1,12
5,0,9.0,48,2,17,2,0,77,1,12
5,0,8.0,9,1,10,1,13,21,1,8
5,0,9.0,48,2,15,2,6,7,3,12
5,0,9.0,48,2,2,2,8,19,0,12
5,2,23.0,230,0,13,3,13,38,0,17
5,0,15.0,190,1,0,1,9,87,4,1
5,0,15.0,190,1,6,0,0,12,0,1
4,3,2.0,120,5,6,1,11,18,1,22
5,4,1.0,144,4,5,0,8,118,1,7
5,6,30.0,145,1,13,0,2,86,1,19
5,0,16.0,11,2,18,0,6,89,3,2
5,0,16.0,11,2,14,1,5,64,1,2
5,0,24.0,55,4,17,1,1,11,4,14
5,0,24.0,55,4,5,0,5,12,1,14
5,0,24.0,55,4,19,3,16,50,3,14
5,0,24.0,55,4,8,1,11,8,1,14
4,11,6.0,252,2,12,0,11,124,0,23
4,11,6.0,252,2,19,0,6,91,1,23
4,11,8.0,283,5,7,1,5,64,0,8
4,11,8.0,283,5,20,0,0,85,1,8
5,10,21.0,341,1,22,0,4,82,1,21
5,5,12.0,327,1,13,0,8,41,1,28
5,5,1.0,109,5,13,1,1,59,1,7
5,8,11.0,306,5,6,0,2,86,2,9
5,4,5.0,235,0,19,0,10,23,1,24
3,1,1.0,203,5,17,0,0,64,1,7
5,8,5.0,101,6,14,0,11,117,1,24
5,8,3.0,363,4,12,0,9,101,1,27
3,7,1.0,98,6,13,3,1,105,0,7
5,8,28.0,224,0,4,0,10,43,2,18
5,8,29.0,301,1,17,0,10,12,1,16
3,3,1.0,180,1,17,0,1,11,3,7
5,5,2.0,307,6,17,0,4,82,1,22
5,10,13.0,346,0,9,0,2,69,0,25
5,0,5.0,122,6,13,1,0,0,1,24
5,0,5.0,122,6,12,1,0,77,2,24
5,4,29.0,313,4,0,1,0,77,0,16
5,11,11.0,175,3,7,1,0,12,0,9
5,11,11.0,175,3,2,2,11,15,0,9
5,11,11.0,175,3,13,1,12,56,4,9
3,11,16.0,225,4,18,3,3,76,3,2
5,11,18.0,332,3,6,0,7,120,0,0
5,11,1.0,222,4,20,0,6,7,2,7
5,11,18.0,332,3,20,1,2,123,4,0
5,11,25.0,88,3,5,0,1,16,2,13
5,11,25.0,88,3,14,2,2,86,3,13
5,11,25.0,88,3,19,2,13,13,3,13
5,11,25.0,88,3,10,1,1,35,4,13
5,4,2.0,141,5,17,0,8,65,1,22
4,3,24.0,357,6,3,0,12,135,2,14
5,2,15.0,130,3,8,2,1,67,0,1
5,2,15.0,130,3,22,2,1,16,0,1
5,2,6.0,251,5,13,0,12,84,0,23
5,2,17.0,6,1,3,0,13,29,4,6
5,2,6.0,251,5,4,0,11,133,2,23
4,9,7.0,271,3,9,0,16,39,1,11
5,2,17.0,6,1,11,2,13,48,0,6
5,2,7.0,153,6,10,0,13,99,1,11
4,9,6.0,51,6,1,3,9,10,0,23
5,2,17.0,6,1,18,1,3,76,4,6
5,2,17.0,6,1,18,0,7,137,1,6
5,2,23.0,230,0,17,2,2,69,3,17
5,2,23.0,230,0,15,1,9,87,4,17
5,2,23.0,230,0,22,1,8,41,4,17
5,0,7.0,15,0,15,0,13,38,3,11
5,8,16.0,73,2,16,0,14,24,3,2
5,8,26.0,278,6,23,3,9,87,4,3
5,4,16.0,25,5,6,1,14,97,0,2
5,2,6.0,251,5,16,0,10,12,4,23
5,2,6.0,251,5,20,1,2,2,4,23
5,2,7.0,153,6,15,0,9,101,3,11
5,2,7.0,153,6,22,0,11,133,0,11
5,2,7.0,153,6,4,2,2,40,3,11
5,2,7.0,153,6,19,0,8,9,0,11
5,2,8.0,258,3,11,0,7,137,3,8
5,2,8.0,258,3,3,0,16,74,2,8
5,2,8.0,258,3,19,2,12,104,3,8
5,2,10.0,28,1,6,0,7,20,1,4
5,2,10.0,28,1,0,1,5,64,0,4
5,2,10.0,28,1,19,2,8,27,2,4
5,2,10.0,28,1,4,1,9,101,4,4
5,2,16.0,220,0,11,0,3,115,0,2
5,2,6.0,251,5,23,0,10,47,2,23
5,2,18.0,7,2,21,0,4,4,1,0
5,2,24.0,22,1,12,1,12,17,4,14
5,2,24.0,22,1,1,2,8,27,3,14
5,0,7.0,15,0,19,0,6,132,1,11
5,0,7.0,15,0,0,1,11,98,0,11
5,0,8.0,9,1,17,0,13,38,0,8
5,0,7.0,15,0,11,1,0,77,1,11
5,0,7.0,15,0,19,1,11,18,0,11
5,0,7.0,15,0,12,0,15,51,4,11
5,0,8.0,9,1,12,3,11,94,0,8
5,0,9.0,48,2,8,0,2,2,1,12
5,0,9.0,48,2,2,1,7,57,0,12
5,0,15.0,190,1,16,0,2,69,1,1
5,0,16.0,11,2,5,0,3,44,0,2
5,0,16.0,11,2,21,1,11,133,4,2
5,0,16.0,11,2,12,2,8,118,1,2
5,0,24.0,55,4,7,0,6,73,1,14
5,0,24.0,55,4,13,0,12,80,2,14
4,11,6.0,252,2,6,1,16,37,0,23
4,11,6.0,252,2,21,1,0,12,0,23
4,11,6.0,252,2,16,0,7,20,0,23
4,11,6.0,252,2,18,2,0,53,3,23
4,7,17.0,95,2,5,0,9,93,1,6
4,7,17.0,95,2,22,0,5,12,3,6
4,7,17.0,95,2,22,0,16,72,0,6
4,7,17.0,95,2,13,0,5,6,0,6
4,7,17.0,95,2,17,3,5,12,0,6
4,7,17.0,95,2,1,1,15,51,1,6
4,7,25.0,41,4,8,2,8,27,2,13
4,7,25.0,41,4,6,3,14,107,3,13
4,3,24.0,357,6,23,1,12,61,1,14
5,4,24.0,27,6,11,0,3,115,2,14
4,11,16.0,225,6,13,0,5,6,2,2
5,11,24.0,194,6,3,0,11,15,2,14
5,9,6.0,51,5,4,2,9,87,2,23
5,7,7.0,293,6,19,0,14,24,2,11
4,3,24.0,357,6,12,0,10,47,2,14
4,3,24.0,357,6,4,0,0,31,2,14
4,3,25.0,347,3,11,1,9,83,1,13
4,3,25.0,347,3,9,1,5,6,1,13
4,3,24.0,357,6,15,0,9,102,2,14
4,5,17.0,212,0,4,0,15,112,4,6
4,11,8.0,283,5,17,0,10,47,1,8
4,11,8.0,283,5,0,1,14,107,0,8
4,11,8.0,283,5,16,1,10,47,0,8
4,11,8.0,283,5,2,1,2,13,4,8
4,11,23.0,232,6,8,2,0,68,3,17
4,9,16.0,107,1,1,0,8,27,1,2
5,4,17.0,19,6,20,0,13,29,1,6
5,4,17.0,19,6,4,0,13,48,0,6
5,4,17.0,19,6,2,2,14,24,3,6
5,4,17.0,19,6,19,1,6,91,1,6
5,4,17.0,19,6,5,1,8,19,1,6
5,4,17.0,19,6,2,0,2,92,1,6
5,4,18.0,26,3,19,2,6,132,3,0
5,4,18.0,26,3,14,1,15,51,4,0
5,4,23.0,30,5,17,1,9,83,4,17
5,4,23.0,30,5,13,0,4,4,1,17
5,4,23.0,30,5,3,0,13,29,4,17
5,4,23.0,30,5,2,0,7,57,2,17
5,4,25.0,20,3,21,1,2,123,0,13
5,4,25.0,20,3,13,1,9,49,4,13
5,4,25.0,20,3,9,1,8,9,1,13
5,2,6.0,251,5,6,0,0,26,3,23
5,2,6.0,251,5,3,0,2,2,1,23
5,0,17.0,12,4,13,1,1,59,1,6
4,11,9.0,311,6,7,0,3,76,1,12
4,9,25.0,344,4,1,2,10,23,0,13
5,11,1.0,222,4,0,0,5,6,0,7
5,11,1.0,222,4,10,1,14,34,0,7
5,6,4.0,159,4,22,0,1,105,0,30
5,1,30.0,100,3,13,0,8,41,1,19
5,1,21.0,45,5,18,1,7,54,4,21
5,1,1.0,203,6,17,0,7,31,3,7
5,1,5.0,219,2,1,1,2,40,4,24
5,1,30.0,100,3,5,1,1,81,4,19
5,10,11.0,298,6,5,1,8,65,4,9
5,4,22.0,152,4,20,1,15,114,1,26
5,10,12.0,333,3,19,1,14,97,4,28
5,1,1.0,203,6,5,0,10,22,1,7
4,9,25.0,344,4,3,0,13,99,4,13
5,2,6.0,251,5,2,2,12,80,3,23
5,2,6.0,251,5,19,2,12,135,3,23
5,2,6.0,251,5,18,0,10,22,1,23
5,2,6.0,251,5,18,2,5,6,0,23
5,2,7.0,153,6,6,0,2,86,0,11
5,2,6.0,251,5,18,0,9,87,1,23
5,10,16.0,201,4,11,2,7,122,2,2
5,10,15.0,60,2,23,1,11,15,0,1
5,10,16.0,201,4,21,0,2,69,2,2
5,10,22.0,314,2,17,2,14,32,0,26
5,10,22.0,314,2,4,0,1,67,3,26
5,1,6.0,97,4,11,0,8,19,1,23
5,1,6.0,97,4,15,0,5,12,3,23
5,1,6.0,97,4,17,1,3,79,0,23
5,1,7.0,32,5,17,1,15,119,2,11
5,1,7.0,32,5,12,0,10,47,3,11
5,1,24.0,64,0,15,0,4,79,3,14
5,1,24.0,64,0,4,0,2,2,3,14
5,1,25.0,65,1,2,0,13,13,2,13
5,1,25.0,65,1,9,1,2,92,1,13
5,1,25.0,65,1,1,2,15,85,0,13
4,3,24.0,357,6,13,0,4,82,0,14
4,3,26.0,343,0,12,0,9,27,3,3
5,0,18.0,0,5,22,0,2,86,1,0
5,0,18.0,0,5,8,2,14,107,3,0
5,0,18.0,0,5,2,0,5,6,2,0
5,0,18.0,0,5,5,1,3,30,1,0
5,0,25.0,281,5,16,1,5,64,0,13
5,0,25.0,281,5,0,1,6,7,0,13
5,0,25.0,281,5,7,1,14,24,0,13
5,0,26.0,14,6,7,1,10,22,0,3
5,0,26.0,14,6,6,1,9,93,1,3
5,0,26.0,14,6,13,1,7,57,4,3
5,8,1.0,66,1,13,1,3,30,1,7
5,4,15.0,132,4,1,0,5,6,3,1
5,4,15.0,132,4,17,1,9,49,1,1
5,0,26.0,14,6,8,0,1,67,4,3
5,0,27.0,23,3,6,0,2,92,0,15
5,0,26.0,14,6,18,1,0,26,0,3
5,0,26.0,14,6,9,0,13,69,4,3
5,2,7.0,153,6,3,1,12,135,4,11
5,2,8.0,258,3,17,0,10,22,2,8
5,2,6.0,251,5,17,1,9,54,4,23
5,2,8.0,258,3,22,0,10,47,1,8
5,2,7.0,153,6,22,0,8,27,2,11
5,2,7.0,153,6,15,1,1,59,4,11
5,2,8.0,258,3,8,0,0,0,3,8
5,2,8.0,258,3,14,3,0,53,1,8
5,2,10.0,28,1,16,0,10,22,3,4
5,2,10.0,28,1,8,0,8,118,4,4
5,2,16.0,220,0,16,3,5,12,2,2
5,2,16.0,220,0,13,2,15,114,0,2
5,11,11.0,175,3,3,0,4,82,1,9
5,11,11.0,175,3,15,0,0,64,1,9
5,11,11.0,175,3,12,0,6,7,0,9
5,11,11.0,175,3,4,2,12,17,2,9
5,11,11.0,175,3,18,1,15,46,0,9
5,11,18.0,332,3,3,0,16,37,0,0
5,11,18.0,332,3,10,2,4,66,1,0
5,11,18.0,332,3,15,0,1,59,2,0
5,11,18.0,332,3,8,1,8,33,4,0
5,11,18.0,332,3,8,0,2,2,3,0
5,11,18.0,332,3,13,1,15,51,4,0
5,4,11.0,121,3,7,1,5,64,0,9
5,2,14.0,231,6,8,2,9,63,3,5
5,4,22.0,152,4,20,1,8,41,1,26
5,4,22.0,152,4,5,0,9,95,2,26
5,4,21.0,339,2,16,0,7,111,1,21
5,0,6.0,260,3,12,2,0,77,0,23
5,0,28.0,249,0,8,1,15,46,1,18
5,3,20.0,105,0,23,1,10,22,1,29
5,2,2.0,143,0,12,1,12,17,1,22
5,11,25.0,88,3,7,0,11,133,0,13
5,11,25.0,88,3,0,0,6,7,2,13
5,11,25.0,88,3,3,0,12,80,0,13
5,11,28.0,123,2,17,0,16,74,3,18
5,11,28.0,123,2,17,0,15,46,4,18
5,11,25.0,88,3,4,0,4,45,0,13
5,11,28.0,123,2,9,0,5,12,0,18
5,11,28.0,123,2,16,1,9,27,0,18
5,9,2.0,323,0,0,1,16,113,0,22
5,9,2.0,323,0,20,0,1,11,0,22
5,9,2.0,323,0,3,0,7,20,1,22
5,9,2.0,323,0,14,1,12,56,4,22
5,9,3.0,217,1,4,0,8,9,1,27
5,9,3.0,217,1,9,0,5,6,1,27
5,9,3.0,217,1,16,3,9,95,3,27
5,9,9.0,320,0,19,0,4,127,0,12
4,7,25.0,41,4,19,0,2,40,1,13
4,7,17.0,95,2,17,0,1,67,4,6
4,3,16.0,263,5,23,1,15,46,1,2
5,2,9.0,21,0,12,0,0,64,3,12
5,9,24.0,272,1,18,0,0,26,2,14
4,3,16.0,263,5,14,0,2,69,0,2
4,3,24.0,357,6,8,0,1,11,4,14
4,3,24.0,357,6,0,1,0,12,1,14
4,3,25.0,347,3,11,0,4,4,3,13
4,3,25.0,347,3,5,0,4,79,2,13
4,3,25.0,347,3,2,0,15,46,1,13
4,3,25.0,347,3,19,2,5,6,0,13
4,3,26.0,343,0,6,0,10,52,1,3
4,3,25.0,347,3,9,1,6,14,0,13
4,7,2.0,160,1,14,0,5,6,1,22
4,7,16.0,40,1,11,0,11,15,1,2
4,2,12.0,128,5,3,2,15,51,2,28
4,2,19.0,137,5,13,0,5,0,3,10
4,2,26.0,3,5,22,0,0,31,3,3
4,4,26.0,80,1,21,0,10,47,1,3
4,2,19.0,137,5,14,1,2,13,0,10
5,10,15.0,60,2,8,0,11,133,2,1
5,1,26.0,248,2,19,1,11,18,1,3
4,2,17.0,6,2,14,0,6,14,4,6
4,2,4.0,254,4,19,0,12,80,3,30
4,2,20.0,264,6,21,0,11,15,2,29
5,10,6.0,242,0,5,3,6,89,3,23
5,6,12.0,162,5,11,0,4,82,3,28
5,10,31.0,135,5,12,3,11,94,4,20
4,2,20.0,264,6,20,0,8,65,3,29
4,8,27.0,78,0,0,1,13,48,0,15
4,8,27.0,78,0,17,1,15,46,4,15
4,8,27.0,78,0,6,1,16,72,0,15
5,6,23.0,84,1,12,0,10,47,1,17
4,4,9.0,18,6,7,0,10,22,2,12
4,6,1.0,158,1,17,0,2,69,1,7
4,6,1.0,158,1,13,0,0,12,2,7
4,8,27.0,78,0,19,0,16,72,1,15
4,8,27.0,78,0,14,2,8,118,3,15
4,8,27.0,78,0,15,0,4,82,2,15
4,4,9.0,18,6,6,0,6,73,1,12
4,4,9.0,18,6,4,0,9,95,0,12
4,4,9.0,18,6,9,2,12,104,3,12
5,5,9.0,206,6,9,0,3,79,1,12
5,5,17.0,212,3,20,0,3,79,4,6
5,5,17.0,212,3,8,0,5,64,2,6
5,5,18.0,195,0,12,0,2,69,0,0
5,5,18.0,195,0,12,0,13,99,2,0
5,5,21.0,351,4,17,1,0,64,0,21
5,5,21.0,351,4,21,0,0,64,2,21
5,5,21.0,351,4,0,0,10,43,1,21
5,5,21.0,351,4,13,1,8,19,0,21
4,10,15.0,60,4,8,1,15,51,1,1
4,1,13.0,207,5,20,1,11,133,4,25
5,5,26.0,37,1,6,0,2,86,0,3
5,5,21.0,351,4,4,2,5,6,3,21
5,5,21.0,351,4,1,0,10,30,0,21
5,5,26.0,37,1,6,0,2,2,2,3
5,5,26.0,37,1,0,1,10,43,0,3
5,5,26.0,37,1,14,2,9,93,0,3
5,6,1.0,158,0,16,0,13,38,0,7
5,11,1.0,222,4,17,0,9,54,4,7
5,6,1.0,158,0,3,0,9,93,1,7
5,6,1.0,158,0,8,0,7,137,1,7
5,6,2.0,352,1,16,0,0,12,3,22
5,6,2.0,352,1,17,0,5,12,2,22
5,6,2.0,352,1,22,1,1,11,1,22
4,4,28.0,218,4,17,2,8,33,1,18
4,4,28.0,218,4,20,0,2,40,2,18
4,4,28.0,218,4,4,0,11,15,3,18
4,4,28.0,218,4,20,0,14,24,2,18
4,2,4.0,254,4,13,0,10,47,0,30
4,2,4.0,254,4,12,0,9,93,4,30
4,2,4.0,254,4,18,1,13,38,0,30
4,2,17.0,6,2,0,1,10,12,0,6
4,2,17.0,6,2,7,1,0,31,0,6
4,2,17.0,6,2,11,1,8,27,4,6
4,8,27.0,78,0,14,3,15,96,0,15
4,8,27.0,78,0,13,0,2,86,2,15
4,8,27.0,78,0,3,1,10,22,1,15
4,8,27.0,78,0,9,0,10,47,2,15
4,4,9.0,18,6,18,2,10,23,1,12
4,4,28.0,218,4,16,2,15,96,3,18
4,4,28.0,218,4,8,2,1,59,3,18
4,4,28.0,218,4,3,1,13,29,1,18
4,2,4.0,254,4,0,0,14,24,1,30
4,2,19.0,137,5,1,0,9,93,0,10
4,2,26.0,3,5,17,0,16,113,1,3
4,2,26.0,3,5,6,0,0,64,1,3
4,2,26.0,3,5,0,2,9,102,3,3
4,2,26.0,3,5,7,1,9,109,0,3
4,2,26.0,3,5,12,0,9,93,1,3
4,2,26.0,3,5,12,1,12,56,4,3
4,0,1.0,8,2,7,0,0,12,2,7
4,2,12.0,128,5,2,0,5,12,3,28
4,4,11.0,121,0,17,2,11,18,3,9
4,4,11.0,121,0,3,0,9,49,3,9
4,4,12.0,134,1,6,0,2,92,3,28
4,4,12.0,134,1,13,0,11,122,0,28
4,4,12.0,134,1,3,0,9,101,4,28
4,4,1.0,144,5,13,0,12,17,1,7
4,4,19.0,142,1,16,1,10,52,1,10
4,4,3.0,279,3,14,0,15,46,2,27
4,4,3.0,279,3,23,1,4,4,1,27
5,10,2.0,358,4,21,1,14,34,2,22
4,1,23.0,69,0,12,0,14,32,0,17
5,6,12.0,162,5,1,0,2,40,1,28
5,6,3.0,99,2,19,2,0,53,3,27
5,6,21.0,193,3,16,0,0,53,3,21
5,1,20.0,151,4,18,1,8,27,4,29
4,2,28.0,257,3,12,0,0,15,0,18
4,2,28.0,257,3,1,0,7,111,1,18
4,2,29.0,140,0,3,2,10,23,1,16
4,2,28.0,257,3,1,0,9,134,4,18
4,0,9.0,48,4,2,1,12,58,4,12
4,0,18.0,0,6,6,1,4,66,0,0
4,0,26.0,14,3,2,0,10,22,1,3
5,8,8.0,76,1,2,1,10,47,0,8
5,8,14.0,296,0,5,0,1,67,3,5
5,2,9.0,21,0,18,2,16,42,3,12
4,2,29.0,140,0,3,2,9,93,2,16
4,2,29.0,140,0,14,0,4,79,2,16
4,0,11.0,10,6,16,0,5,12,1,9
4,0,11.0,10,6,22,0,2,2,4,9
4,0,11.0,10,6,19,0,13,48,0,9
4,0,11.0,10,6,14,0,13,21,1,9
4,0,18.0,0,6,20,0,10,23,1,0
4,0,18.0,0,6,7,1,7,8,0,0
4,0,18.0,0,6,15,0,13,28,2,0
4,0,18.0,0,6,14,0,2,2,0,0
4,4,19.0,142,1,18,0,3,30,3,10
4,0,18.0,0,6,11,0,9,93,0,0
4,0,26.0,14,3,3,0,11,15,3,3
5,7,29.0,268,3,18,0,9,54,1,16
5,7,29.0,268,3,11,1,13,48,4,16
5,7,29.0,268,3,19,1,0,68,2,16
5,5,30.0,294,6,18,0,11,133,2,19
5,10,8.0,213,2,16,0,2,2,1,8
5,10,7.0,243,1,4,0,3,70,1,11
5,10,9.0,150,4,2,0,10,23,1,12
5,5,31.0,196,3,18,0,13,99,2,20
5,10,22.0,314,2,12,1,3,30,4,26
5,1,6.0,97,4,6,0,3,76,1,23
5,1,24.0,64,0,17,0,10,22,3,14
5,1,24.0,64,0,18,0,0,31,0,14
5,5,15.0,200,5,5,0,8,65,2,1
5,5,16.0,239,6,13,1,1,81,4,2
5,5,16.0,239,6,12,0,8,9,1,2
5,5,30.0,294,6,21,2,0,0,3,19
5,5,31.0,196,3,21,0,10,22,3,20
5,6,6.0,83,6,13,2,16,50,3,23
5,6,7.0,169,3,11,0,0,96,3,11
5,6,7.0,169,3,5,1,15,114,1,11
5,6,16.0,38,1,17,0,10,47,0,2
5,10,7.0,243,1,0,1,9,93,1,11
5,10,9.0,150,4,9,0,4,82,3,12
5,10,15.0,60,2,6,0,8,9,3,1
4,0,26.0,14,3,12,2,9,93,3,3
4,0,27.0,23,0,20,0,1,59,2,15
4,0,27.0,23,0,22,0,16,130,3,15
4,0,18.0,0,6,14,1,1,67,4,0
4,0,19.0,13,3,15,0,13,48,2,10
4,0,26.0,14,3,17,1,5,64,1,3
5,3,13.0,210,0,11,1,15,39,1,25
5,8,1.0,66,1,16,0,11,18,3,7
5,8,15.0,72,1,11,1,11,15,1,1
5,4,15.0,132,4,5,1,10,22,0,1
5,4,24.0,27,6,8,2,3,115,2,14
5,9,12.0,177,4,19,0,2,60,2,28
5,9,22.0,92,3,20,0,13,21,3,26
5,9,22.0,92,3,8,0,6,91,3,26
5,7,7.0,293,6,18,0,4,82,1,11
5,7,24.0,68,1,16,1,5,12,0,14
5,7,24.0,68,1,17,1,0,68,0,14
5,10,15.0,60,2,3,0,13,21,4,1
5,10,15.0,60,2,1,0,5,6,3,1
5,1,6.0,97,4,20,0,0,15,2,23
5,1,6.0,97,4,3,0,13,38,2,23
5,1,9.0,50,3,7,0,1,11,0,12
5,1,25.0,65,1,20,0,8,41,3,13
5,1,25.0,65,1,22,0,9,57,0,13
3,5,14.0,36,2,19,0,11,90,3,5
5,1,26.0,248,2,19,1,11,90,1,3
5,1,24.0,64,0,1,1,9,101,4,14
5,1,31.0,305,0,19,0,10,23,3,20
5,8,16.0,73,2,19,1,15,31,2,2
5,8,24.0,85,4,19,2,16,37,1,14
5,1,25.0,65,1,13,1,12,58,4,13
5,1,31.0,305,0,13,0,4,138,2,20
5,8,24.0,85,4,8,1,5,6,2,14
5,4,16.0,25,5,19,2,1,16,2,2
5,4,16.0,25,5,10,1,14,126,4,2
5,4,23.0,30,5,6,1,14,126,0,17
5,2,6.0,251,5,5,0,4,127,4,23
5,2,7.0,153,6,10,1,7,111,0,11
5,2,10.0,28,1,16,0,12,56,4,4
5,2,18.0,7,2,20,0,8,9,1,0
5,2,18.0,7,2,8,0,5,6,0,0
5,3,13.0,210,0,12,0,11,94,2,25
5,3,15.0,35,2,20,2,6,89,1,1
5,3,15.0,35,2,14,0,0,77,1,1
5,3,23.0,57,4,16,1,13,28,0,17
5,5,14.0,36,4,11,0,12,104,4,5
5,9,23.0,167,0,17,0,8,41,1,17
5,9,23.0,167,0,3,2,16,130,3,17
4,4,10.0,79,3,21,1,8,19,0,4
5,10,12.0,333,3,12,1,16,37,1,28
4,4,10.0,79,3,2,1,14,88,1,4
5,10,20.0,223,0,16,2,13,21,4,29
5,9,23.0,167,0,12,0,2,13,1,17
5,4,27.0,274,1,17,0,14,24,1,15
5,6,21.0,193,3,11,1,1,105,4,21
5,9,23.0,167,0,18,0,8,41,3,17
5,6,4.0,159,4,14,0,15,108,4,30
4,4,10.0,79,3,4,0,14,106,1,4
5,10,20.0,223,0,19,0,16,50,1,29
4,4,26.0,80,1,14,1,9,93,4,3
4,2,14.0,231,3,14,0,10,47,3,5
5,6,21.0,193,3,6,0,7,120,1,21
5,10,9.0,150,4,13,3,10,47,1,12
5,6,21.0,193,3,4,1,3,30,0,21
4,4,10.0,79,3,9,0,3,30,3,4
5,7,13.0,238,5,14,1,16,50,4,25
4,4,27.0,274,2,0,0,5,12,1,15
4,2,25.0,233,4,15,1,2,69,2,13
5,1,26.0,248,2,0,0,10,6,3,3
5,7,15.0,205,3,8,0,15,31,3,1
5,6,4.0,159,4,9,0,0,68,4,30
5,6,21.0,193,3,15,0,6,7,3,21
4,2,1.0,16,0,7,0,13,21,1,7
5,5,12.0,327,1,8,0,13,99,0,28
4,5,29.0,24,6,4,3,7,111,0,16
5,1,24.0,64,0,18,3,5,6,3,14
5,6,21.0,193,3,9,0,6,89,2,21
5,7,15.0,205,3,13,1,12,104,1,1
5,6,9.0,236,1,7,1,5,64,0,12
5,6,21.0,193,3,19,0,14,24,0,21
4,8,5.0,101,3,1,0,6,7,0,24
4,1,21.0,45,6,17,1,7,20,4,21
4,8,7.0,70,1,18,1,14,106,2,11
4,8,7.0,70,1,14,0,2,40,4,11
4,8,30.0,103,4,4,3,9,57,3,19
4,8,14.0,296,1,13,1,11,15,1,5
4,4,23.0,30,6,20,0,3,79,2,17
4,4,31.0,67,3,18,2,9,101,3,20
4,2,16.0,220,1,7,3,15,51,3,2
4,2,16.0,220,1,2,1,14,107,0,2
4,2,30.0,131,1,12,0,10,22,1,19
3,11,9.0,311,4,11,3,9,57,0,12
4,1,31.0,305,1,14,0,14,24,0,20
4,10,6.0,242,1,17,0,8,9,1,23
5,3,1.0,180,2,1,0,10,47,1,7
4,1,24.0,64,1,1,0,13,48,4,14
4,1,24.0,64,1,7,0,14,25,1,14
4,8,7.0,70,1,3,1,11,58,4,11
4,1,31.0,305,1,5,1,16,42,1,20
4,8,30.0,103,4,9,3,5,64,3,19
4,8,30.0,103,4,8,0,2,13,2,19
4,8,30.0,103,4,4,0,9,49,0,19
4,10,7.0,243,2,11,0,0,64,2,11
4,10,7.0,243,2,17,1,15,39,1,11
4,10,7.0,243,2,14,1,15,39,0,11
4,10,21.0,341,2,14,0,10,23,2,21
4,10,20.0,223,1,6,0,15,77,3,29
5,6,11.0,355,4,18,3,1,35,0,9
4,1,15.0,1,3,18,1,10,22,1,1
4,1,30.0,100,0,12,0,0,96,0,19
0,11,1.0,222,3,10,0,2,86,4,7
5,6,29.0,335,0,2,1,14,24,0,16
4,6,28.0,309,0,11,0,5,12,2,18
4,3,20.0,105,1,17,0,8,33,1,29
5,6,18.0,308,4,8,0,15,114,2,0
5,6,26.0,348,5,1,0,8,118,1,3
4,1,30.0,100,0,12,1,15,51,2,19
4,8,23.0,102,4,23,0,2,69,4,17
5,6,29.0,335,0,7,0,10,23,1,16
5,10,10.0,245,5,9,1,2,92,0,4
4,8,23.0,102,4,12,3,12,80,0,17
4,4,8.0,292,5,15,1,14,25,1,8
4,4,8.0,292,5,2,0,8,27,2,8
4,4,6.0,176,2,14,0,10,52,1,23
4,8,29.0,301,2,17,1,11,133,1,16
4,2,1.0,16,0,20,1,14,24,1,7
4,2,3.0,282,2,6,0,7,78,1,27
4,2,3.0,282,2,14,0,12,104,1,27
4,2,12.0,128,5,18,0,15,108,1,28
4,2,19.0,137,5,6,0,0,26,3,10
4,2,19.0,137,5,8,0,0,53,2,10
5,1,26.0,248,2,17,0,10,47,0,3
4,0,3.0,334,5,22,1,9,93,4,27
4,0,3.0,334,5,14,0,9,101,1,27
4,0,1.0,8,2,17,0,1,11,4,7
4,0,1.0,8,2,6,0,0,12,0,7
4,0,1.0,8,2,9,0,8,9,1,7
4,0,1.0,8,2,19,0,14,97,3,7
4,0,2.0,47,4,7,0,5,12,3,22
4,0,2.0,47,4,8,0,10,22,3,22
4,0,3.0,334,5,13,0,10,23,3,27
4,0,3.0,334,5,9,0,14,107,1,27
4,0,28.0,249,1,8,0,1,35,4,18
4,0,28.0,249,1,19,0,8,33,1,18
4,0,29.0,191,2,4,2,4,138,3,16
5,11,21.0,192,2,8,0,15,39,1,21
5,6,2.0,352,1,8,0,2,86,1,22
5,6,1.0,158,0,4,1,0,85,4,7
5,6,2.0,352,1,1,0,6,128,1,22
5,6,1.0,158,0,18,0,5,12,2,7
5,6,3.0,99,2,9,2,7,20,0,27
5,6,3.0,99,2,4,1,11,15,1,27
5,6,3.0,99,2,18,1,0,0,0,27
5,6,4.0,159,4,9,0,2,86,0,30
5,6,9.0,236,1,17,0,7,120,0,12
5,6,9.0,236,1,3,0,13,38,3,12
4,10,15.0,60,4,12,0,4,121,4,1
4,8,6.0,87,0,12,0,2,2,1,23
5,6,9.0,236,1,16,0,2,2,0,12
4,8,6.0,87,0,17,1,5,12,1,23
5,6,4.0,159,4,9,0,7,111,0,30
5,6,4.0,159,4,19,0,9,95,1,30
5,6,9.0,236,1,0,1,1,35,0,12
5,6,9.0,236,1,5,2,10,22,0,12
5,6,9.0,236,1,18,0,2,92,1,12
5,6,12.0,162,5,15,2,3,76,3,28
5,10,3.0,310,5,2,0,8,118,3,27
4,6,23.0,84,2,17,1,0,68,0,17
5,6,1.0,158,0,22,0,13,38,1,7
5,6,21.0,193,3,0,1,0,64,0,21
5,8,16.0,73,2,15,0,16,65,4,2
4,6,23.0,84,2,2,0,14,24,2,17
4,4,16.0,25,6,12,3,9,57,0,2
5,6,9.0,236,1,2,2,6,89,3,12
5,10,1.0,208,2,10,0,16,42,1,7
5,10,1.0,208,2,15,0,1,1,1,7
5,7,29.0,268,3,5,0,7,122,1,16
5,6,27.0,116,6,5,0,0,26,2,15
5,1,31.0,305,0,18,0,7,78,3,20
5,8,16.0,73,2,17,1,0,26,0,2
5,7,30.0,42,0,0,0,10,6,3,19
4,4,31.0,67,3,14,0,5,6,3,20
5,6,27.0,116,6,20,1,1,1,4,15
5,1,26.0,248,2,4,0,10,30,0,3
5,10,1.0,208,2,21,0,8,118,3,7
5,3,5.0,324,3,3,1,3,30,1,24
4,10,22.0,314,4,2,0,11,58,2,26
5,8,26.0,278,6,5,2,13,28,2,3
5,3,7.0,289,1,17,2,5,64,3,11
4,4,4.0,178,0,7,3,14,125,0,30
5,10,1.0,208,2,14,0,10,22,1,7
5,10,1.0,208,2,12,0,16,50,1,7
5,10,2.0,358,4,6,0,4,127,2,22
5,8,16.0,73,2,0,1,7,120,0,2
4,6,5.0,342,6,2,0,9,27,0,24
4,4,4.0,178,0,2,0,16,130,2,30
5,10,1.0,208,2,4,0,4,79,2,7
5,6,2.0,352,1,22,1,1,59,4,22
4,0,28.0,249,1,15,0,6,91,4,18
5,10,1.0,208,2,9,1,7,31,4,7
5,8,16.0,73,2,10,0,8,19,3,2
4,10,4.0,356,3,17,0,6,132,4,30
4,4,23.0,30,6,22,2,9,102,2,17
5,10,1.0,208,2,19,0,0,0,3,7
5,6,4.0,159,4,9,0,2,2,1,30
4,0,28.0,249,1,1,0,10,47,2,18
4,0,29.0,191,2,16,1,8,41,0,16
4,2,1.0,16,0,6,0,3,30,1,7
4,0,3.0,334,5,8,0,9,102,2,27
4,0,3.0,334,5,11,0,11,18,1,27
4,0,20.0,172,0,1,1,10,22,1,29
4,0,21.0,287,1,17,1,0,15,0,21
4,0,21.0,287,1,22,0,9,95,1,21
4,0,21.0,287,1,22,1,6,89,3,21
4,0,28.0,249,1,13,1,3,70,1,18
4,0,28.0,249,1,14,0,0,12,1,18
4,0,29.0,191,2,0,0,12,56,3,16
5,1,25.0,65,1,8,1,0,96,1,13
5,8,16.0,73,2,17,1,11,15,1,2
4,0,29.0,191,2,9,0,16,72,1,16
4,2,27.0,136,6,22,0,6,7,3,15
4,0,9.0,48,4,20,0,5,12,3,12
4,0,9.0,48,4,15,1,15,39,1,12
4,0,9.0,48,4,8,0,8,33,3,12
4,0,11.0,10,6,15,0,12,61,2,9
4,2,18.0,7,4,23,0,10,43,4,0
4,4,3.0,279,3,3,0,16,113,1,27
4,2,27.0,136,6,13,0,4,45,2,15
4,2,29.0,140,0,2,1,12,56,1,16
4,0,19.0,13,3,14,2,12,84,3,10
4,0,9.0,48,4,4,1,0,26,0,12
2,11,1.0,222,0,17,0,15,39,4,7
5,11,5.0,240,0,4,0,1,35,4,24
4,0,18.0,0,6,15,0,15,31,0,0
4,0,19.0,13,3,0,2,13,36,0,10
4,0,19.0,13,3,13,0,5,6,0,10
4,2,27.0,136,6,10,1,1,105,0,15
4,2,27.0,136,6,15,0,3,30,0,15
4,2,27.0,136,6,3,1,14,25,4,15
4,2,28.0,257,3,13,0,12,61,3,18
4,2,28.0,257,3,15,0,9,134,3,18
5,10,20.0,223,0,12,1,4,136,2,29
4,4,24.0,27,3,9,2,6,7,3,14
4,4,24.0,27,3,2,0,6,132,4,14
4,2,23.0,230,1,22,1,5,12,1,17
4,0,16.0,11,4,21,3,13,29,3,2
4,0,17.0,12,5,15,0,10,23,2,6
4,0,17.0,12,5,11,0,8,118,2,6
4,0,16.0,11,4,20,1,3,79,1,2
4,2,6.0,251,6,13,0,7,120,2,23
5,10,27.0,302,0,17,2,15,85,3,15
5,10,27.0,302,0,5,0,0,31,3,15
5,10,27.0,302,0,16,1,13,28,1,15
5,1,5.0,219,2,10,0,13,38,4,24
5,10,12.0,333,3,16,2,6,132,3,28
5,10,11.0,298,6,3,0,9,95,0,9
5,10,12.0,333,3,9,0,8,9,1,28
4,8,24.0,85,5,14,1,2,123,4,14
4,10,15.0,60,4,13,3,11,98,4,1
4,4,24.0,27,3,13,0,11,15,1,14
5,10,20.0,223,0,19,0,13,21,0,29
5,10,20.0,223,0,9,0,10,22,3,29
5,10,27.0,302,0,17,0,10,47,0,15
5,3,11.0,337,6,5,0,9,54,2,9
5,5,19.0,146,1,1,0,12,61,1,10
5,5,19.0,146,1,13,1,7,62,4,10
5,5,19.0,146,1,13,0,10,22,1,10
4,6,29.0,335,1,9,1,13,21,4,16
4,1,31.0,305,1,18,1,12,61,4,20
4,1,5.0,219,4,2,0,12,84,1,24
4,1,14.0,183,6,13,1,0,15,1,5
4,8,7.0,70,1,18,1,9,57,0,11
4,4,16.0,25,6,19,1,0,26,0,2
5,3,11.0,337,6,2,0,8,27,4,9
4,1,23.0,69,0,13,2,8,118,1,17
4,8,30.0,103,4,8,2,13,21,2,19
4,2,16.0,220,1,9,1,12,56,4,2
5,10,3.0,310,5,13,3,11,15,0,27
4,5,5.0,96,2,2,1,11,18,1,24
5,3,17.0,54,5,22,0,9,83,2,6
5,5,3.0,161,3,22,0,10,47,2,27
4,10,14.0,174,2,19,0,13,48,4,5
5,5,19.0,146,1,17,3,9,57,0,10
4,6,29.0,335,1,17,1,8,19,0,16
5,8,16.0,73,2,13,0,11,15,0,2
5,6,9.0,236,1,6,1,15,39,0,12
4,6,23.0,84,2,6,1,11,18,4,17
4,2,16.0,220,1,14,3,16,74,0,2
5,10,2.0,358,4,3,0,13,123,1,22
5,10,2.0,358,4,6,0,0,53,3,22
4,0,1.0,8,2,0,0,11,15,0,7
4,2,8.0,258,0,7,0,2,2,1,8
4,4,5.0,235,1,20,1,0,12,1,24
5,10,1.0,208,2,16,1,9,49,4,7
5,6,9.0,236,1,17,1,6,7,0,12
4,0,1.0,8,2,13,0,10,6,3,7
4,4,4.0,178,0,18,0,1,11,3,30
5,6,27.0,116,6,2,3,11,6,3,15
5,10,2.0,358,4,10,2,13,99,1,22
5,6,9.0,236,1,9,1,9,101,4,12
5,10,11.0,298,6,0,1,7,120,2,9
4,4,31.0,67,3,0,1,1,105,0,20
5,6,27.0,116,6,2,0,13,28,3,15
5,6,12.0,162,5,7,0,4,82,3,28
5,10,11.0,298,6,1,0,1,59,3,9
4,0,1.0,8,2,14,3,5,12,1,7
4,2,30.0,131,1,15,0,1,11,3,19
5,6,27.0,116,6,22,0,16,72,2,15
4,1,12.0,353,4,8,1,14,24,1,28
5,6,12.0,162,5,8,1,6,132,0,28
5,6,21.0,193,3,17,0,10,22,2,21
5,6,21.0,193,3,15,0,12,83,0,21
5,6,12.0,162,5,22,0,16,42,4,28
5,6,21.0,193,3,12,0,1,16,4,21
4,1,12.0,353,4,14,3,8,41,3,28
4,1,12.0,353,4,8,3,5,6,2,28
5,7,1.0,98,3,8,1,2,86,4,7
5,10,1.0,208,2,21,0,0,26,3,7
5,10,1.0,208,2,3,0,9,57,4,7
5,10,1.0,208,2,8,0,1,105,4,7
5,10,1.0,208,2,19,0,2,86,2,7
5,10,1.0,208,2,12,1,15,39,4,7
5,11,1.0,222,4,4,1,13,99,4,7
4,8,24.0,85,5,18,0,13,38,0,14
5,6,9.0,236,1,17,1,2,86,1,12
4,2,4.0,254,4,1,0,10,47,3,30
4,2,17.0,6,2,0,0,5,12,1,6
4,2,17.0,6,2,4,0,7,137,1,6
4,2,20.0,264,6,16,0,16,50,0,29
4,2,20.0,264,6,3,2,8,118,3,29
4,4,9.0,18,6,16,0,11,94,2,12
4,1,11.0,111,2,17,3,10,47,1,9
5,10,31.0,135,5,14,1,0,64,1,20
4,2,20.0,264,6,1,0,4,76,3,29
4,2,20.0,264,6,9,0,2,69,2,29
4,2,20.0,264,6,3,0,8,41,2,29
4,0,4.0,229,6,13,0,15,31,1,30
4,0,4.0,229,6,4,0,5,6,3,30
4,1,25.0,65,2,15,0,2,86,1,13
4,1,25.0,65,2,2,0,5,6,3,13
4,1,25.0,65,2,14,2,10,47,3,13
4,1,16.0,2,0,1,1,13,38,4,2
4,5,8.0,199,6,20,3,14,126,4,8
4,4,9.0,18,6,19,1,8,9,0,12
4,4,9.0,18,6,15,0,1,1,4,12
5,3,7.0,289,1,1,0,2,92,1,11
5,3,7.0,289,1,13,0,7,120,2,11
5,3,30.0,304,4,0,0,5,12,1,19
5,5,5.0,96,1,21,0,13,29,2,24
5,5,5.0,96,1,21,0,10,47,3,24
5,5,15.0,200,5,0,0,14,34,1,1
5,5,30.0,294,6,7,0,10,43,2,19
5,5,30.0,294,6,12,0,4,79,3,19
5,6,6.0,83,6,6,1,7,120,0,23
5,6,7.0,169,3,13,0,8,33,3,11
5,6,7.0,169,3,23,1,1,11,4,11
5,6,14.0,173,3,2,1,10,23,1,5
5,6,14.0,173,3,8,1,11,124,1,5
5,6,16.0,38,1,21,1,2,60,0,2
4,1,26.0,248,4,11,0,7,78,3,3
4,1,26.0,248,4,22,0,6,7,4,3
4,1,17.0,63,1,13,0,16,108,0,6
4,6,27.0,116,3,13,0,13,69,2,15
4,8,9.0,124,4,17,0,10,47,0,12
4,8,9.0,124,4,0,2,1,35,1,12
4,8,8.0,76,2,2,1,8,27,1,8
4,8,9.0,124,4,8,2,14,32,3,12
4,8,25.0,86,6,2,0,12,83,4,13
4,8,25.0,86,6,4,0,13,21,4,13
4,8,25.0,86,6,11,2,4,66,4,13
4,8,26.0,278,3,2,0,10,52,1,3
4,8,26.0,278,3,1,2,2,86,1,3
4,1,8.0,62,3,11,1,9,101,4,8
4,1,10.0,17,1,19,1,9,134,4,4
4,1,10.0,17,1,9,0,9,102,1,4
4,1,18.0,82,2,6,1,3,30,0,0
4,1,18.0,82,2,12,3,10,47,1,0
4,8,26.0,278,3,19,0,7,129,2,3
4,8,28.0,224,1,17,0,12,121,1,18
4,4,2.0,141,6,3,2,10,22,3,22
4,4,2.0,141,6,20,1,12,104,1,22
4,4,2.0,141,6,9,2,2,86,0,22
4,4,3.0,279,3,6,2,7,120,3,27
4,4,2.0,141,6,9,1,3,30,0,22
4,0,3.0,334,5,7,0,5,6,0,27
5,10,12.0,333,3,5,0,1,35,3,28
4,8,16.0,73,4,13,3,12,56,0,2
5,6,2.0,352,1,3,0,13,48,0,22
4,2,1.0,16,0,8,0,1,81,4,7
5,6,27.0,116,6,14,0,3,115,1,15
5,10,12.0,333,3,3,0,12,83,3,28
5,11,27.0,322,1,13,1,15,108,1,15
4,0,3.0,334,5,1,0,11,117,1,27
5,6,3.0,99,2,6,0,2,40,2,27
5,10,12.0,333,3,4,0,8,27,3,28
5,10,12.0,333,3,4,2,7,120,0,28
5,10,20.0,223,0,11,0,1,16,4,29
5,10,20.0,223,0,3,2,10,43,1,29
4,4,15.0,132,5,11,0,12,56,2,1
4,4,24.0,27,3,8,2,4,45,3,14
4,8,20.0,319,0,2,2,7,78,3,29
4,8,20.0,319,0,1,2,11,94,3,29
4,8,20.0,319,0,18,0,12,135,1,29
4,8,20.0,319,0,1,0,0,85,1,29
4,8,17.0,74,5,13,1,1,59,4,6
4,4,1.0,144,5,17,0,9,57,2,7
4,4,1.0,144,5,3,0,16,72,0,7
4,4,1.0,144,5,17,0,3,79,0,7
4,4,11.0,121,0,10,2,3,103,3,9
4,4,11.0,121,0,5,0,16,50,1,9
4,10,19.0,117,0,6,3,0,12,0,10
4,4,27.0,274,2,21,0,5,12,1,15
4,2,1.0,16,0,22,1,11,15,1,7
4,2,3.0,282,2,11,1,10,22,1,27
5,10,7.0,243,1,11,0,11,15,2,11
4,4,1.0,144,5,17,0,15,46,0,7
4,4,11.0,121,0,19,2,8,118,3,9
4,4,11.0,121,0,11,1,5,12,1,9
4,4,11.0,121,0,9,2,2,86,1,9
4,4,11.0,121,0,9,0,6,89,4,9
4,4,12.0,134,1,11,0,5,0,0,28
4,4,12.0,134,1,19,0,0,77,4,28
4,4,12.0,134,1,9,0,9,109,2,28
5,10,9.0,150,4,4,0,10,47,2,12
5,10,15.0,60,2,12,0,10,30,3,1
5,10,22.0,314,2,2,0,5,0,2,26
5,1,7.0,32,5,17,0,2,92,4,11
5,1,7.0,32,5,17,2,1,16,1,11
5,1,9.0,50,3,21,1,8,118,2,12
5,1,7.0,32,5,19,3,2,40,3,11
5,1,7.0,32,5,11,0,9,134,2,11
5,1,25.0,65,1,20,1,16,72,0,13
5,1,25.0,65,1,3,2,10,22,3,13
5,1,25.0,65,1,8,0,6,73,3,13
5,1,25.0,65,1,19,0,6,116,3,13
5,1,26.0,248,2,1,0,10,52,0,3
5,1,25.0,65,1,23,1,8,9,1,13
5,8,16.0,73,2,21,0,0,12,0,2
5,8,24.0,85,4,19,0,11,15,1,14
5,8,26.0,278,6,14,2,2,2,3,3
5,4,16.0,25,5,1,0,2,86,4,2
5,4,18.0,26,3,16,1,1,1,0,0
5,6,16.0,38,1,3,0,9,63,1,2
5,10,8.0,213,2,5,1,0,15,4,8
5,10,8.0,213,2,4,0,0,15,4,8
5,10,8.0,213,2,14,0,3,76,3,8
5,10,9.0,150,4,20,0,13,38,2,12
5,10,7.0,243,1,7,0,5,0,3,11
5,10,15.0,60,2,4,0,8,41,0,1
5,10,16.0,201,4,5,2,13,48,3,2
5,10,15.0,60,2,2,0,10,23,3,1
5,10,22.0,314,2,0,1,15,51,1,26
5,1,6.0,97,4,17,0,15,46,3,23
5,1,7.0,32,5,21,0,15,96,1,11
5,1,7.0,32,5,3,2,12,56,4,11
5,1,7.0,32,5,19,0,4,75,3,11
5,1,9.0,50,3,19,0,13,99,3,12
5,1,25.0,65,1,6,0,10,47,3,13
5,1,25.0,65,1,5,0,0,96,1,13
5,1,25.0,65,1,9,1,14,25,0,13
5,1,31.0,305,0,17,0,14,25,0,20
5,1,31.0,305,0,1,1,13,29,4,20
4,2,15.0,130,0,18,1,8,65,1,1
4,10,7.0,243,2,17,0,1,105,0,11
5,10,26.0,61,3,1,1,4,45,4,3
5,1,4.0,286,1,4,0,0,77,3,30
5,1,20.0,151,4,9,1,11,133,2,29
5,6,3.0,99,2,3,0,8,33,3,27
4,7,30.0,42,1,5,1,13,69,2,19
5,6,21.0,193,3,2,0,14,24,2,21
4,0,20.0,172,0,8,0,12,121,4,29
5,10,1.0,208,2,7,0,4,4,1,7
4,7,30.0,42,1,8,0,0,31,4,19
5,10,1.0,208,2,7,0,16,139,3,7
4,0,20.0,172,0,14,0,1,67,2,29
5,6,3.0,99,2,4,0,3,103,3,27
4,3,22.0,166,4,16,1,10,22,4,26
5,10,1.0,208,2,12,1,15,39,4,7
5,10,1.0,208,2,9,0,0,64,3,7
5,10,2.0,358,4,0,1,9,95,4,22
5,10,1.0,208,2,17,0,0,12,3,7
5,10,2.0,358,4,15,0,5,6,0,22
5,10,2.0,358,4,4,0,3,115,1,22
5,10,2.0,358,4,4,0,11,117,3,22
4,4,9.0,18,6,3,0,14,32,3,12
4,8,11.0,306,6,2,0,9,95,2,9
4,4,9.0,18,6,2,0,2,92,3,12
4,4,28.0,218,4,16,1,10,47,0,18
4,4,28.0,218,4,7,1,4,45,0,18
4,4,28.0,218,4,3,0,5,6,3,18
4,4,28.0,218,4,15,0,0,26,3,18
4,4,28.0,218,4,15,0,13,99,2,18
4,4,28.0,218,4,15,1,11,133,0,18
4,2,4.0,254,4,6,2,8,9,3,30
4,2,4.0,254,4,6,1,11,15,0,30
4,2,4.0,254,4,8,0,13,36,3,30
4,2,17.0,6,2,17,2,7,78,3,6
4,2,17.0,6,2,10,0,15,31,1,6
4,2,17.0,6,2,19,0,14,25,1,6
4,2,17.0,6,2,14,0,3,103,3,6
4,2,17.0,6,2,9,0,10,47,3,6
4,2,17.0,6,2,9,2,10,22,3,6
4,2,4.0,254,4,2,0,9,49,1,30
4,2,4.0,254,4,3,1,15,96,4,30
4,2,4.0,254,4,19,2,1,59,3,30
4,2,17.0,6,2,17,0,10,30,0,6
4,2,17.0,6,2,7,1,5,6,0,6
4,2,17.0,6,2,8,0,9,134,1,6
4,2,17.0,6,2,11,1,10,47,1,6
4,2,20.0,264,6,23,0,16,37,3,29
4,2,20.0,264,6,19,0,7,31,1,29
4,0,4.0,229,6,11,0,5,6,2,30
4,0,4.0,229,6,12,0,6,91,1,30
4,0,4.0,229,6,2,0,16,74,0,30
4,0,10.0,129,5,7,1,9,101,0,4
4,0,10.0,129,5,22,1,8,19,4,4
4,0,10.0,129,5,4,2,4,121,0,4
4,0,10.0,129,5,12,0,2,2,1,4
4,0,12.0,113,3,3,0,9,102,2,28
4,0,12.0,113,3,3,0,5,6,3,28
4,0,12.0,113,3,3,0,15,119,2,28
5,3,21.0,338,1,9,2,1,1,3,21
5,10,1.0,208,2,8,0,9,95,2,7
5,10,11.0,298,6,6,0,4,136,0,9
5,10,11.0,298,6,22,1,1,59,4,9
5,10,11.0,298,6,12,1,9,58,4,9
5,5,26.0,37,1,15,0,14,24,1,3
5,5,26.0,37,1,12,0,16,74,1,3
5,5,26.0,37,1,9,0,5,12,2,3
5,5,18.0,195,0,12,0,3,44,4,0
5,5,26.0,37,1,8,1,10,23,1,3
5,6,1.0,158,0,5,0,5,64,3,7
5,6,2.0,352,1,18,0,14,106,1,22
5,6,3.0,99,2,13,2,3,76,0,27
5,6,3.0,99,2,22,0,1,105,4,27
5,6,2.0,352,1,5,0,10,22,1,22
4,0,21.0,287,1,16,0,11,18,0,21
5,11,21.0,192,2,14,2,7,62,0,21
4,0,21.0,287,1,15,1,10,22,1,21
5,11,29.0,270,4,22,1,12,135,1,16
4,3,30.0,304,5,5,2,7,20,4,19
4,0,20.0,172,0,17,1,11,18,1,29
5,11,29.0,270,4,14,0,8,118,1,16
4,5,5.0,96,2,6,0,0,0,0,24
4,3,1.0,180,4,12,0,13,99,1,7
5,9,4.0,295,2,12,2,9,57,2,30
3,7,1.0,98,6,0,0,2,2,3,7
4,2,19.0,137,5,8,0,4,75,3,10
5,9,14.0,106,6,13,0,15,51,3,5
4,10,8.0,213,4,5,3,2,86,4,8
4,10,8.0,213,4,12,0,13,48,3,8
4,10,8.0,213,4,17,0,2,86,4,8
4,10,9.0,150,5,6,1,3,115,2,12
4,10,9.0,150,5,1,0,9,101,1,12
4,10,9.0,150,5,15,1,14,131,1,12
4,10,8.0,213,4,13,0,10,23,1,8
4,10,17.0,256,6,0,1,4,45,4,6
4,10,19.0,117,0,15,0,10,22,1,10
4,10,19.0,117,0,9,2,10,47,3,10
4,10,19.0,117,0,7,0,2,69,3,10
4,10,24.0,261,6,23,0,2,2,1,14
4,8,9.0,124,4,19,1,1,1,4,12
4,8,12.0,284,3,20,0,13,38,2,28
4,8,18.0,75,6,3,0,8,65,2,0
4,10,24.0,261,6,6,1,0,31,0,14
4,10,19.0,117,0,16,1,8,41,2,10
4,0,11.0,10,6,5,2,9,83,3,9
4,0,11.0,10,6,4,0,2,86,1,9
4,0,18.0,0,6,16,1,10,52,1,0
4,0,18.0,0,6,10,0,11,133,2,0
4,0,18.0,0,6,20,0,7,111,2,0
4,0,18.0,0,6,15,2,7,20,0,0
4,0,18.0,0,6,5,0,1,16,4,0
4,0,19.0,13,3,6,0,2,13,0,10
4,8,10.0,71,5,17,0,0,15,3,4
4,8,10.0,71,5,17,0,1,11,1,4
4,8,10.0,71,5,22,2,0,15,2,4
4,8,10.0,71,5,15,1,12,56,4,4
4,8,19.0,280,3,13,0,0,64,2,10
4,8,19.0,280,3,12,0,2,69,4,10
4,8,25.0,86,6,3,0,5,6,2,13
4,8,25.0,86,6,11,1,4,5,4,13
4,8,25.0,86,6,12,0,10,22,0,13
4,10,27.0,302,1,0,1,12,80,0,15
4,10,27.0,302,1,4,0,6,116,3,15
4,1,17.0,63,1,22,0,13,29,3,6
4,1,20.0,151,5,5,0,5,6,2,29
4,1,20.0,151,5,13,0,10,22,3,29
4,1,20.0,151,5,4,0,9,57,3,29
4,1,20.0,151,5,9,0,1,11,4,29
5,11,6.0,252,1,7,0,7,20,4,23
5,11,6.0,252,1,9,0,0,64,4,23
5,11,6.0,252,1,19,0,14,24,2,23
5,7,30.0,42,0,13,0,0,26,0,19
5,7,30.0,42,0,9,0,10,22,3,19
5,3,14.0,33,1,19,0,14,25,3,5
5,3,30.0,304,4,4,0,7,137,1,19
5,5,5.0,96,1,16,1,15,39,1,24
5,5,5.0,96,1,20,0,6,7,0,24
5,5,8.0,199,5,0,2,10,22,3,8
5,5,8.0,199,5,15,1,13,21,1,8
5,5,8.0,199,5,8,0,13,38,1,8
5,9,14.0,106,6,14,0,4,121,1,5
4,2,19.0,137,5,4,1,0,0,0,10
4,4,19.0,142,1,13,0,10,47,1,10
4,0,3.0,334,5,18,0,16,50,1,27
4,6,29.0,335,1,17,1,14,97,0,16
4,0,3.0,334,5,15,1,12,56,1,27
4,6,29.0,335,1,13,0,4,5,2,16
5,6,9.0,236,1,19,0,1,35,4,12
4,7,1.0,98,0,22,0,4,5,1,7
5,6,12.0,162,5,16,1,8,19,0,28
5,6,12.0,162,5,17,1,9,49,2,28
4,8,9.0,124,4,7,1,5,0,1,12
5,6,12.0,162,5,15,1,2,123,1,28
3,2,15.0,130,6,22,0,3,103,4,1
4,8,8.0,76,2,17,3,16,74,4,8
4,10,5.0,336,0,13,3,6,73,3,24
4,8,12.0,284,3,11,0,4,5,3,28
5,6,1.0,158,0,17,0,7,120,4,7
4,8,12.0,284,3,4,0,5,12,1,28
4,8,17.0,74,5,15,0,13,29,4,6
4,8,17.0,74,5,13,2,1,16,3,6
4,8,17.0,74,5,13,0,4,82,2,6
4,8,17.0,74,5,18,0,10,6,3,6
4,8,17.0,74,5,4,0,1,11,4,6
4,8,18.0,75,6,7,1,5,64,0,0
4,8,18.0,75,6,8,0,3,76,1,0
4,8,18.0,75,6,14,0,12,56,3,0
4,8,20.0,319,0,13,2,14,125,3,29
4,0,1.0,8,2,1,1,16,50,2,7
4,0,1.0,8,2,14,0,0,68,0,7
4,0,1.0,8,2,18,0,16,39,1,7
4,0,1.0,8,2,18,1,9,27,0,7
4,0,2.0,47,4,12,0,10,23,0,22
4,0,1.0,8,2,18,1,5,6,0,7
5,6,30.0,145,1,1,1,11,133,0,19
5,6,30.0,145,1,12,1,2,2,0,19
4,1,25.0,65,2,18,0,14,25,0,13
4,1,28.0,300,6,21,2,13,36,0,18
4,8,2.0,77,4,21,0,16,108,2,22
4,8,2.0,77,4,6,0,1,1,1,22
4,8,2.0,77,4,10,0,8,41,2,22
4,8,2.0,77,4,6,2,10,30,3,22
4,8,2.0,77,4,2,0,15,51,1,22
4,10,3.0,310,6,23,1,12,56,1,27
4,8,2.0,77,4,1,0,2,13,1,22
4,8,11.0,306,6,0,0,10,12,1,9
4,8,11.0,306,6,16,1,10,47,0,9
4,8,11.0,306,6,16,1,4,136,0,9
4,8,11.0,306,6,2,0,16,108,2,9
4,8,11.0,306,6,12,0,10,47,3,9
4,8,11.0,306,6,9,0,1,1,3,9
4,8,11.0,306,6,18,2,12,80,2,9
4,8,27.0,78,0,8,2,15,96,3,15
4,8,27.0,78,0,12,0,13,21,2,15
4,0,20.0,172,0,15,1,0,0,1,29
4,0,21.0,287,1,4,0,13,36,3,21
4,0,28.0,249,1,21,0,6,7,0,18
4,0,28.0,249,1,15,0,5,6,2,18
4,0,28.0,249,1,2,2,5,6,0,18
4,0,29.0,191,2,16,0,0,12,3,16
4,0,28.0,249,1,9,1,10,23,1,18
4,8,9.0,124,4,23,0,9,54,2,12
4,0,21.0,287,1,13,1,6,7,4,21
4,0,29.0,191,2,6,0,2,2,1,16
5,3,30.0,304,4,11,0,5,6,2,19
5,6,6.0,83,6,11,1,6,116,1,23
5,6,6.0,83,6,1,0,16,65,3,23
5,6,14.0,173,3,9,2,10,12,1,5
5,10,7.0,243,1,5,0,16,37,4,11
5,10,8.0,213,2,17,0,5,0,2,8
5,10,8.0,213,2,7,0,1,11,3,8
4,8,20.0,319,0,12,0,1,35,1,29
4,8,20.0,319,0,2,0,7,20,0,29
4,8,20.0,319,0,4,0,10,47,2,29
5,6,12.0,162,5,20,0,5,64,2,28
5,6,12.0,162,5,15,1,13,48,4,28
5,6,12.0,162,5,1,0,9,57,4,28
5,6,21.0,193,3,13,0,9,95,4,21
5,6,27.0,116,6,0,1,15,114,1,15
5,6,27.0,116,6,0,0,5,12,3,15
5,6,27.0,116,6,6,0,2,69,2,15
5,6,27.0,116,6,3,0,13,99,1,15
5,6,27.0,116,6,4,2,3,79,1,15
5,6,27.0,116,6,14,0,7,137,4,15
5,6,27.0,116,6,14,0,8,65,0,15
5,10,1.0,208,2,17,0,7,78,4,7
5,10,1.0,208,2,16,0,8,27,1,7
5,10,1.0,208,2,16,2,5,6,3,7
4,4,10.0,79,3,3,1,1,105,4,4
4,4,17.0,19,3,5,3,8,27,0,6
4,4,17.0,19,3,15,2,14,107,0,6
4,4,17.0,19,3,8,0,8,118,3,6
4,4,18.0,26,0,0,2,6,7,0,0
4,1,27.0,262,5,1,1,6,7,0,15
4,8,10.0,71,5,2,3,11,98,4,4
4,8,26.0,278,3,18,1,11,94,1,3
4,4,17.0,19,3,4,0,4,5,0,6
4,4,25.0,20,0,13,2,15,114,3,13
4,4,18.0,26,0,20,0,13,36,3,0
4,4,18.0,26,0,20,0,5,0,3,0
4,4,18.0,26,0,6,3,2,3,4,0
4,4,18.0,26,0,14,0,16,37,4,0
4,4,20.0,115,2,20,0,12,17,1,29
4,2,27.0,136,6,17,2,10,47,3,15
4,2,27.0,136,6,15,0,9,134,4,15
4,2,27.0,136,6,19,0,3,76,2,15
4,2,28.0,257,3,5,0,5,6,3,18
4,2,28.0,257,3,17,0,6,128,1,18
4,2,28.0,257,3,13,0,12,80,3,18
4,2,28.0,257,3,15,1,1,105,4,18
4,2,10.0,28,2,16,0,0,15,0,4
5,10,2.0,358,4,9,0,9,87,3,22
5,10,11.0,298,6,17,0,7,120,3,9
5,10,11.0,298,6,5,0,9,87,4,9
5,10,11.0,298,6,8,0,13,69,0,9
5,10,12.0,333,3,16,0,0,53,3,28
5,10,11.0,298,6,4,0,13,48,2,9
5,10,12.0,333,3,11,0,9,101,1,28
5,10,12.0,333,3,22,0,12,80,0,28
5,10,12.0,333,3,1,1,2,86,1,28
5,10,1.0,208,2,9,2,14,106,3,7
5,10,1.0,208,2,9,0,7,20,4,7
5,10,2.0,358,4,11,1,4,5,4,22
5,10,2.0,358,4,0,0,14,110,3,22
5,10,2.0,358,4,4,0,10,30,0,22
5,10,11.0,298,6,21,0,10,47,0,9
5,10,11.0,298,6,3,1,1,16,4,9
5,10,11.0,298,6,18,0,13,123,3,9
4,1,10.0,17,1,9,2,7,120,3,4
4,1,18.0,82,2,21,1,0,15,0,0
4,1,18.0,82,2,6,0,8,118,4,0
4,1,18.0,82,2,15,0,13,69,0,0
5,5,25.0,350,0,2,1,6,7,0,13
5,3,18.0,165,6,17,0,1,11,4,0
4,6,16.0,38,2,15,1,10,52,1,2
4,10,16.0,201,5,9,1,10,22,0,2
4,1,18.0,82,2,3,0,6,128,3,0
4,8,25.0,86,6,13,0,5,6,0,13
4,6,1.0,158,1,7,0,10,47,1,7
4,1,18.0,82,2,18,1,15,96,0,0
4,1,18.0,82,2,5,1,8,9,0,0
4,1,19.0,29,4,9,0,9,102,1,10
4,10,11.0,298,3,20,2,2,13,0,9
4,10,11.0,298,3,7,1,10,47,0,9
4,10,11.0,298,3,13,1,1,16,4,9
2,4,1.0,141,1,22,0,3,44,4,7
4,1,3.0,188,1,6,0,13,38,4,27
4,5,8.0,199,6,1,2,13,36,3,8
4,1,2.0,171,0,18,0,6,132,3,22
4,1,3.0,188,1,0,2,8,41,0,27
4,1,3.0,188,1,15,0,4,115,3,27
4,1,2.0,171,0,9,1,3,30,0,22
4,1,3.0,188,1,13,2,9,95,0,27
4,1,2.0,171,0,18,0,0,31,2,22
4,1,9.0,50,0,17,1,7,20,4,12
4,1,9.0,50,0,0,2,13,29,3,12
4,1,9.0,50,0,5,0,2,123,2,12
4,1,11.0,111,2,17,2,8,41,3,9
4,1,11.0,111,2,13,0,11,18,3,9
4,1,11.0,111,2,14,0,13,28,3,9
4,1,1.0,203,3,10,0,6,116,4,7
4,1,16.0,2,0,0,1,15,31,1,2
4,10,18.0,246,3,2,2,14,34,0,0
4,10,18.0,246,3,18,1,7,120,0,0
4,10,18.0,246,3,18,0,10,22,3,0
4,10,26.0,61,0,16,1,1,11,0,3
4,10,26.0,61,0,8,0,5,6,0,3
4,10,26.0,61,0,4,0,13,69,4,3
4,10,10.0,245,6,6,1,13,123,0,4
4,10,10.0,245,6,15,0,14,25,0,4
4,10,10.0,245,6,6,1,15,51,4,4
4,10,10.0,245,6,14,0,13,29,2,4
4,10,10.0,245,6,3,0,7,120,2,4
4,1,26.0,248,4,21,1,8,19,2,3
4,8,9.0,124,4,13,0,10,47,3,12
4,10,19.0,117,0,20,2,8,19,3,10
4,10,24.0,261,6,3,0,10,47,2,14
4,1,28.0,300,6,17,0,10,22,3,18
4,10,24.0,261,6,15,0,14,126,1,14
4,10,24.0,261,6,19,0,14,24,2,14
4,10,24.0,261,6,4,0,5,12,3,14
4,10,27.0,302,1,5,0,2,69,0,15
4,10,27.0,302,1,5,1,4,45,4,15
4,10,27.0,302,1,14,0,1,1,0,15
4,10,27.0,302,1,9,0,3,30,3,15
4,10,27.0,302,1,19,0,10,22,3,15
4,10,19.0,117,0,22,3,7,78,4,10
4,1,17.0,63,1,22,0,0,77,3,6
4,1,20.0,151,5,23,0,6,73,4,29
4,1,20.0,151,5,10,0,5,6,0,29
4,1,26.0,248,4,16,1,11,15,0,3
4,1,26.0,248,4,0,0,3,30,3,3
4,1,26.0,248,4,22,3,14,25,0,3
4,6,17.0,244,4,1,0,8,9,2,6
4,10,16.0,201,5,8,0,12,80,0,2
4,10,16.0,201,5,4,0,13,48,3,2
4,10,16.0,201,5,14,0,15,119,4,2
4,10,25.0,56,3,15,0,12,104,4,13
4,10,25.0,56,3,0,1,10,52,0,13
4,10,28.0,216,2,6,0,4,75,1,18
4,10,28.0,216,2,20,0,10,52,3,18
4,1,8.0,62,3,17,1,5,12,1,8
4,1,8.0,62,3,6,0,9,95,3,8
4,1,8.0,62,3,21,1,15,85,0,8
4,1,8.0,62,3,2,0,10,47,3,8
4,1,8.0,62,3,4,0,13,99,3,8
4,1,10.0,17,1,5,0,13,69,2,4
4,1,10.0,17,1,15,0,9,87,0,4
4,1,10.0,17,1,19,0,11,94,0,4
4,1,10.0,17,1,9,0,10,23,1,4
4,10,2.0,358,5,9,1,15,119,1,22
4,10,16.0,201,5,20,1,11,124,1,2
4,10,28.0,216,2,14,3,8,19,0,18
4,6,25.0,39,5,8,0,5,6,0,13
4,10,2.0,358,5,3,0,11,133,3,22
4,1,18.0,82,2,17,1,16,37,0,0
4,10,26.0,61,0,23,0,4,5,2,3
4,1,1.0,203,3,11,1,12,61,4,7
4,1,1.0,203,3,7,1,11,15,1,7
4,1,3.0,188,1,9,0,15,119,0,27
4,10,18.0,246,3,4,1,15,31,2,0
4,1,1.0,203,3,22,1,1,35,4,7
4,1,1.0,203,3,4,0,10,30,0,7
4,1,1.0,203,3,8,0,0,0,2,7
4,1,2.0,171,0,3,0,0,77,1,22
5,5,17.0,212,3,5,0,1,11,2,6
4,4,10.0,79,3,7,1,14,24,4,4
5,5,17.0,212,3,2,0,5,6,2,6
4,7,18.0,154,4,1,0,2,86,1,0
5,3,19.0,138,3,5,0,11,124,4,10
4,4,10.0,79,3,1,2,12,135,3,4
4,5,8.0,199,6,23,1,13,29,1,8
4,1,28.0,300,6,22,0,16,37,1,18
4,4,17.0,19,3,16,0,3,44,1,6
4,5,10.0,155,0,16,0,11,18,0,4
5,3,16.0,263,4,22,3,14,88,4,2
4,1,10.0,17,1,3,1,5,12,1,4
4,1,28.0,300,6,12,0,5,6,0,18
4,1,1.0,203,3,17,0,0,0,1,7
4,8,10.0,71,5,3,0,9,95,3,4
5,3,19.0,138,3,22,2,2,2,3,10
4,5,10.0,155,0,20,0,8,27,1,4
5,5,17.0,212,3,22,1,14,24,1,6
5,3,24.0,357,5,22,1,6,89,4,14
4,1,11.0,111,2,21,1,11,15,0,9
4,1,16.0,2,0,17,0,14,34,4,2
4,1,3.0,188,1,18,0,9,10,4,27
4,1,3.0,188,1,1,1,11,98,4,27
4,1,9.0,50,0,21,2,10,47,3,12
4,1,9.0,50,0,6,1,3,103,4,12
4,1,9.0,50,0,12,1,14,106,1,12
4,1,9.0,50,0,14,0,12,17,4,12
4,1,2.0,171,0,13,0,5,0,2,22
4,10,26.0,61,0,19,3,14,24,2,3
4,6,1.0,158,1,14,1,0,31,1,7
4,8,3.0,363,5,10,1,14,34,0,27
4,8,8.0,76,2,6,0,11,55,4,8
5,0,1.0,8,1,17,0,8,41,4,7
4,10,24.0,261,6,19,1,1,16,4,14
4,10,27.0,302,1,7,0,9,101,1,15
4,10,27.0,302,1,8,1,2,2,0,15
4,10,27.0,302,1,12,0,5,6,3,15
4,10,27.0,302,1,9,1,0,77,1,15
4,11,1.0,222,5,11,0,12,104,4,7
4,4,1.0,144,5,17,0,10,23,1,7
4,10,27.0,302,1,18,0,2,86,1,15
4,1,20.0,151,5,17,3,5,64,3,29
4,1,20.0,151,5,12,0,5,12,3,29
4,1,20.0,151,5,20,0,5,6,0,29
4,1,26.0,248,4,23,3,11,90,4,3
4,1,26.0,248,4,23,1,4,66,0,3
4,1,26.0,248,4,12,0,10,47,2,3
4,1,20.0,151,5,17,0,4,121,1,29
4,8,3.0,363,5,23,1,4,82,1,27
4,8,3.0,363,5,4,0,10,47,3,27
4,8,8.0,76,2,7,0,2,86,1,8
4,8,8.0,76,2,8,0,10,52,2,8
4,8,8.0,76,2,9,0,12,80,3,8
4,1,18.0,82,2,19,0,5,6,0,0
4,1,19.0,29,4,16,0,16,72,3,10
4,1,19.0,29,4,16,1,12,83,4,10
4,1,18.0,82,2,4,1,13,38,1,0
4,1,18.0,82,2,4,1,8,9,0,0
4,1,18.0,82,2,13,1,9,58,4,0
4,1,19.0,29,4,13,0,10,23,3,10
4,1,27.0,262,5,16,0,5,6,3,15
4,1,27.0,262,5,3,0,2,2,4,15
4,1,27.0,262,5,15,0,3,30,2,15
4,1,27.0,262,5,2,0,2,71,4,15
4,1,19.0,29,4,19,3,10,12,1,10
4,1,27.0,262,5,12,2,5,12,2,15
4,8,1.0,66,2,21,0,0,77,3,7
4,8,1.0,66,2,10,2,10,47,3,7
4,8,1.0,66,2,10,1,0,53,0,7
4,8,1.0,66,2,22,0,5,6,0,7
4,8,1.0,66,2,19,1,5,6,0,7
4,8,10.0,71,5,17,2,14,32,0,4
4,8,10.0,71,5,17,2,6,132,0,4
4,8,10.0,71,5,13,1,5,6,1,4
4,8,10.0,71,5,19,1,4,4,1,4
4,8,9.0,124,4,12,0,14,24,2,12
4,8,9.0,124,4,2,1,4,5,4,12
4,8,9.0,124,4,4,0,13,123,3,12
4,8,9.0,124,4,12,0,8,41,3,12
4,6,27.0,116,3,0,1,8,19,0,15
4,6,27.0,116,3,2,0,7,78,0,15
4,6,27.0,116,3,1,0,10,22,1,15
4,6,27.0,116,3,1,0,10,47,0,15
4,10,1.0,208,4,15,0,16,113,1,7
4,10,1.0,208,4,2,0,4,82,3,7
4,10,8.0,213,4,0,1,5,47,0,8
4,11,1.0,222,5,17,0,12,135,1,7
4,10,8.0,213,4,13,0,14,24,2,8
4,10,8.0,213,4,19,1,14,34,0,8
4,10,9.0,150,5,5,1,9,63,4,12
4,10,8.0,213,4,4,1,15,114,2,8
4,10,9.0,150,5,4,0,1,59,1,12
4,10,8.0,213,4,14,0,4,82,1,8
4,10,9.0,150,5,19,1,0,12,0,12
4,1,17.0,63,1,1,2,14,25,2,6
5,7,18.0,154,2,11,0,13,29,4,0
5,7,18.0,154,2,12,2,5,64,0,0
5,3,3.0,182,5,6,0,0,15,2,27
5,3,3.0,182,5,6,0,5,6,2,27
5,3,3.0,182,5,11,1,3,30,0,27
5,3,3.0,182,5,14,0,5,47,3,27
5,3,3.0,182,5,9,2,6,7,4,27
5,3,12.0,104,3,15,0,2,69,2,28
5,3,12.0,104,3,19,0,6,14,2,28
4,10,17.0,256,6,13,0,10,47,3,6
5,3,24.0,357,5,12,0,12,100,1,14
5,5,21.0,351,4,6,0,8,27,1,21
4,10,17.0,256,6,19,2,9,95,3,6
4,1,11.0,111,2,18,2,9,102,3,9
4,5,10.0,155,0,23,0,14,97,0,4
4,5,10.0,155,0,4,0,16,130,3,4
4,6,1.0,158,1,7,1,9,57,0,7
5,5,21.0,351,4,22,0,10,47,0,21
4,10,3.0,310,6,6,0,5,6,0,27
4,1,16.0,2,0,0,1,15,31,0,2
4,5,10.0,155,0,1,0,1,35,4,4
4,4,2.0,141,6,8,0,10,47,3,22
5,3,20.0,105,0,3,0,11,133,3,29
4,6,1.0,158,1,19,0,13,29,3,7
4,10,17.0,256,6,12,0,4,79,1,6
4,10,3.0,310,6,3,0,12,80,4,27
4,10,18.0,246,3,16,0,5,12,3,0
4,10,18.0,246,3,16,2,11,8,3,0
4,10,18.0,246,3,11,0,10,47,0,0
4,10,18.0,246,3,13,0,4,75,1,0
4,10,18.0,246,3,8,2,8,9,3,0
4,10,18.0,246,3,2,0,10,22,3,0
4,10,18.0,246,3,13,3,11,15,3,0
4,10,18.0,246,3,9,0,10,22,1,0
4,10,18.0,246,3,1,2,6,91,3,0
4,10,26.0,61,0,14,0,5,12,1,3
4,1,9.0,50,0,9,2,2,123,3,12
5,5,24.0,58,3,5,1,15,119,4,14
3,11,1.0,222,2,17,0,4,5,4,7
4,10,18.0,246,3,1,0,3,79,3,0
4,5,27.0,328,4,4,0,13,21,0,15
4,6,8.0,59,1,11,0,9,93,0,8
4,6,8.0,59,1,9,0,5,6,0,8
4,6,9.0,236,2,20,0,7,20,1,12
4,6,8.0,59,1,23,1,7,54,1,8
4,6,18.0,308,5,20,1,6,7,0,0
4,6,18.0,308,5,22,1,9,87,4,0
4,6,19.0,291,6,14,1,6,89,1,10
4,10,1.0,208,4,1,2,3,30,3,7
4,6,9.0,236,2,5,1,5,0,2,12
4,10,24.0,261,6,1,0,0,26,3,14
4,10,24.0,261,6,1,1,15,31,4,14
5,6,7.0,169,3,12,1,13,21,1,11
4,10,1.0,208,4,17,1,9,10,4,7
4,10,1.0,208,4,8,0,9,101,1,7
4,10,8.0,213,4,14,2,7,137,3,8
4,10,9.0,150,5,12,0,15,31,1,12
4,10,10.0,245,6,16,1,12,100,0,4
4,10,10.0,245,6,20,0,14,131,1,4
4,10,10.0,245,6,13,0,11,133,0,4
4,10,10.0,245,6,2,0,14,32,3,4
4,1,17.0,63,1,13,1,15,114,1,6
4,11,1.0,222,5,17,3,9,57,0,7
4,10,25.0,56,3,19,1,11,98,4,13
4,10,25.0,56,3,14,1,15,31,2,13
4,10,28.0,216,2,9,0,13,13,1,18
4,1,8.0,62,3,8,0,10,12,1,8
4,1,10.0,17,1,12,0,8,33,3,4
4,1,18.0,82,2,21,1,8,27,0,0
4,1,10.0,17,1,5,0,13,21,1,4
4,1,19.0,29,4,22,0,16,108,3,10
4,1,19.0,29,4,14,0,13,21,0,10
4,1,27.0,262,5,21,0,1,81,3,15
4,1,27.0,262,5,23,0,10,23,3,15
4,1,27.0,262,5,8,1,11,133,4,15
4,1,27.0,262,5,4,0,2,2,4,15
4,1,19.0,29,4,20,0,14,24,2,10
4,1,27.0,262,5,21,1,8,41,2,15
4,1,27.0,262,5,19,0,10,22,3,15
4,8,1.0,66,2,20,1,13,48,0,7
4,8,1.0,66,2,10,2,6,7,3,7
4,8,1.0,66,2,0,0,0,26,3,7
4,8,1.0,66,2,2,0,8,9,4,7
4,8,1.0,66,2,3,3,5,12,1,7
4,8,1.0,66,2,1,1,12,56,4,7
4,10,26.0,61,0,12,0,15,77,3,3
4,1,1.0,203,3,16,1,13,28,0,7
4,1,1.0,203,3,15,1,8,118,0,7
4,1,1.0,203,3,13,1,3,79,1,7
4,10,26.0,61,0,13,1,5,12,1,3
4,1,1.0,203,3,3,1,7,20,1,7
4,1,2.0,171,0,17,1,0,31,0,22
4,1,3.0,188,1,0,1,7,120,0,27
4,1,3.0,188,1,5,2,7,20,2,27
4,5,8.0,199,6,2,0,11,94,2,8
4,6,1.0,158,1,16,0,8,19,1,7
4,6,1.0,158,1,13,2,16,39,1,7
4,6,1.0,158,1,17,2,13,28,1,7
4,6,24.0,31,4,19,0,16,50,1,14
4,6,24.0,31,4,19,0,12,61,1,14
4,6,24.0,31,4,19,0,15,31,1,14
4,10,3.0,310,6,5,0,14,24,3,27
4,10,18.0,246,3,7,0,5,12,1,0
4,10,18.0,246,3,11,0,6,89,4,0
4,10,18.0,246,3,22,1,4,121,1,0
4,10,18.0,246,3,4,2,16,50,3,0
4,10,26.0,61,0,21,2,2,71,1,3
4,10,10.0,245,6,4,3,5,64,3,4
4,10,10.0,245,6,19,0,11,117,2,4
4,10,10.0,245,6,9,0,11,18,3,4
4,10,17.0,256,6,21,0,12,135,1,6
4,5,10.0,155,0,5,1,10,23,1,4
4,1,16.0,2,0,13,0,5,6,2,2
4,6,1.0,158,1,13,0,5,6,0,7
4,3,29.0,325,4,17,0,0,64,1,16
5,3,20.0,105,0,15,0,9,57,3,29
4,4,2.0,141,6,12,0,5,6,0,22
4,4,2.0,141,6,1,2,1,16,3,22
4,5,10.0,155,0,9,0,1,11,0,4
4,1,16.0,2,0,22,0,10,22,3,2
4,4,3.0,279,3,13,2,9,109,3,27
5,3,12.0,104,3,4,0,15,114,2,28
4,6,1.0,158,1,19,0,9,27,0,7
4,5,14.0,36,5,2,0,12,56,3,5
4,10,19.0,117,0,13,0,1,11,3,10
4,5,16.0,239,3,21,1,9,57,0,2
4,1,16.0,2,0,4,0,3,76,3,2
4,5,6.0,277,4,19,1,5,64,2,23
4,6,1.0,158,1,2,0,15,46,3,7
4,1,7.0,32,6,11,1,2,86,1,11
4,10,19.0,117,0,5,1,9,134,0,10
4,5,16.0,239,3,5,0,4,79,3,2
4,1,27.0,262,5,1,1,7,62,0,15
4,5,6.0,277,4,14,3,5,6,0,23
5,1,1.0,203,6,17,0,1,59,1,7
5,3,12.0,104,3,9,0,10,23,1,28
5,3,25.0,347,6,15,2,1,1,3,13
5,3,20.0,105,0,2,0,0,68,3,29
5,3,26.0,343,3,3,1,8,9,1,3
5,3,26.0,343,3,3,0,13,48,3,3
5,3,26.0,343,3,22,0,4,45,4,3
5,5,9.0,206,6,8,2,11,94,3,12
5,5,9.0,206,6,22,1,3,103,4,12
5,5,9.0,206,6,14,0,6,7,3,12
5,5,17.0,212,3,22,0,10,47,0,6
5,5,18.0,195,0,6,1,1,105,0,0
5,5,18.0,195,0,16,1,6,89,0,0
5,5,18.0,195,0,11,1,10,47,0,0
5,5,18.0,195,0,11,1,11,98,4,0
5,5,21.0,351,4,6,2,15,119,2,21
5,5,21.0,351,4,6,0,15,31,0,21
5,5,21.0,351,4,8,0,10,47,3,21
4,10,15.0,60,4,5,1,10,52,1,1
4,10,23.0,247,5,3,0,8,27,0,17
5,5,18.0,195,0,11,1,15,114,2,0
4,6,1.0,158,1,9,0,15,39,0,7
4,6,24.0,31,4,5,0,1,59,2,14
4,10,3.0,310,6,11,0,16,42,1,27
4,10,3.0,310,6,18,0,11,124,1,27
4,10,3.0,310,6,4,0,5,64,2,27
4,10,18.0,246,3,13,2,6,89,4,0
4,10,18.0,246,3,8,0,16,108,4,0
4,10,18.0,246,3,19,0,13,38,4,0
4,10,18.0,246,3,4,0,1,11,3,0
4,10,18.0,246,3,18,0,16,42,0,0
4,10,26.0,61,0,14,0,16,50,3,3
4,1,1.0,203,3,2,2,10,23,1,7
4,1,2.0,171,0,23,2,16,130,1,22
4,1,2.0,171,0,21,1,13,48,0,22
4,1,1.0,203,3,22,0,4,121,0,7
4,1,2.0,171,0,4,0,8,41,1,22
4,1,2.0,171,0,18,0,5,12,3,22
4,1,2.0,171,0,1,0,10,22,3,22
4,1,1.0,203,3,7,1,11,15,1,7
4,1,3.0,188,1,11,1,14,106,4,27
4,1,9.0,50,0,17,1,3,115,0,12
4,1,11.0,111,2,6,0,9,27,3,9
5,5,18.0,195,0,10,0,14,32,0,0
5,5,21.0,351,4,2,1,9,102,4,21
5,5,21.0,351,4,6,1,6,7,0,21
5,5,26.0,37,1,21,0,3,79,1,3
5,5,26.0,37,1,14,0,0,31,2,3
5,7,1.0,98,3,13,0,12,17,1,7
5,3,19.0,138,3,21,0,6,7,0,10
5,3,19.0,138,3,9,0,5,64,2,10
5,3,20.0,105,0,16,1,8,33,0,29
5,3,20.0,105,0,15,0,12,80,0,29
5,3,19.0,138,3,15,0,2,86,1,10
5,3,20.0,105,0,19,0,16,37,0,29
5,3,20.0,105,0,8,1,9,63,2,29
5,3,18.0,165,6,5,0,12,56,2,0
5,3,25.0,347,6,3,0,2,86,4,13
5,3,25.0,347,6,22,0,1,16,4,13
5,3,25.0,347,6,3,1,9,134,4,13
5,3,25.0,347,6,1,2,13,38,2,13
5,3,26.0,343,3,2,0,5,6,3,3
5,3,25.0,347,6,1,1,10,47,1,13
5,3,20.0,105,0,5,3,9,101,1,29
5,3,25.0,347,6,2,3,14,25,1,13
4,1,8.0,62,3,1,1,13,13,0,8
4,1,10.0,17,1,9,1,10,12,0,4
4,10,16.0,201,5,1,1,7,111,0,2
4,1,19.0,29,4,9,0,12,134,0,10
4,8,1.0,66,2,20,0,2,86,4,7
4,8,1.0,66,2,2,0,6,7,0,7
4,8,1.0,66,2,19,0,13,21,0,7
4,8,10.0,71,5,3,0,12,83,2,4
4,8,10.0,71,5,8,0,8,41,1,4
4,8,10.0,71,5,4,0,10,12,1,4
4,8,10.0,71,5,14,0,8,118,3,4
4,8,19.0,280,3,21,0,10,47,1,10
4,8,19.0,280,3,20,0,6,132,2,10
4,8,19.0,280,3,2,0,8,27,0,10
4,8,19.0,280,3,13,0,12,135,3,10
4,6,1.0,158,1,5,3,9,102,3,7
4,10,19.0,117,0,19,0,7,20,3,10
4,1,9.0,50,0,18,0,5,12,0,12
4,5,16.0,239,3,10,1,13,48,0,2
4,6,24.0,31,4,17,1,2,2,4,14
5,3,26.0,343,3,3,0,6,89,2,3
4,10,8.0,213,4,10,1,9,93,1,8
4,10,26.0,61,0,19,0,2,2,3,3
4,8,3.0,363,5,12,0,6,89,3,27
4,10,19.0,117,0,19,0,6,128,4,10
4,5,16.0,239,3,22,0,4,70,3,2
4,6,24.0,31,4,11,0,1,35,4,14
5,3,18.0,165,6,20,0,5,64,2,0
5,6,8.0,59,0,14,0,14,24,2,8
4,5,8.0,199,6,5,0,13,38,2,8
4,6,24.0,31,4,21,1,9,57,2,14
4,10,24.0,261,6,17,2,1,16,3,14
4,1,16.0,2,0,4,1,9,58,4,2
4,8,3.0,363,5,9,1,15,46,1,27
4,5,16.0,239,3,19,0,7,54,4,2
4,6,24.0,31,4,0,1,9,57,0,14
4,10,24.0,261,6,20,1,7,31,0,14
4,1,16.0,2,0,11,1,1,59,4,2
4,1,25.0,65,2,16,0,15,85,4,13
4,1,28.0,300,6,17,0,4,4,4,18
4,1,28.0,300,6,7,1,0,15,0,18
4,1,28.0,300,6,22,0,1,11,3,18
4,1,28.0,300,6,23,3,6,7,3,18
4,1,25.0,65,2,20,0,2,86,1,13
4,8,2.0,77,4,15,1,0,31,1,22
4,8,2.0,77,4,3,0,13,21,1,22
4,8,2.0,77,4,2,1,10,47,4,22
4,8,2.0,77,4,19,0,11,124,0,22
4,8,2.0,77,4,16,1,14,25,0,22
4,8,11.0,306,6,17,0,8,9,1,9
4,1,10.0,17,1,1,0,10,43,3,4
4,3,26.0,343,0,13,0,0,64,0,3
4,1,19.0,29,4,9,1,11,18,0,10
4,1,19.0,29,4,12,3,6,7,3,10
4,1,27.0,262,5,1,0,13,99,1,15
4,1,27.0,262,5,15,1,8,9,2,15
4,8,1.0,66,2,15,1,1,35,4,7
4,8,1.0,66,2,1,0,0,0,1,7
4,8,1.0,66,2,18,0,1,35,3,7
4,8,10.0,71,5,8,1,2,2,1,4
4,8,10.0,71,5,4,2,3,30,0,4
4,8,19.0,280,3,16,0,10,47,3,10
4,10,2.0,358,5,12,0,15,119,2,22
4,10,16.0,201,5,22,1,9,83,1,2
4,10,16.0,201,5,16,1,5,64,0,2
4,10,16.0,201,5,4,0,13,38,2,2
2,10,1.0,358,0,11,0,10,12,1,7
4,6,26.0,348,6,12,0,8,27,1,3
4,1,8.0,62,3,4,1,2,71,4,8
4,1,19.0,29,4,21,0,5,12,3,10
4,8,19.0,280,3,14,0,9,57,0,10
4,8,25.0,86,6,0,0,15,31,3,13
4,8,25.0,86,6,23,1,4,5,0,13
4,8,11.0,306,6,17,1,5,6,0,9
4,1,28.0,300,6,20,0,5,64,2,18
4,1,16.0,2,0,16,2,13,29,3,2
4,1,16.0,2,0,8,2,9,93,0,2
4,1,16.0,2,0,19,0,10,52,1,2
4,1,25.0,65,2,6,0,12,61,1,13
4,1,16.0,2,0,20,0,10,22,2,2
4,8,27.0,78,0,17,0,11,94,3,15
4,1,25.0,65,2,3,0,16,37,1,13
4,1,25.0,65,2,22,1,4,66,4,13
4,1,25.0,65,2,4,0,8,9,1,13
4,1,25.0,65,2,4,2,10,47,3,13
4,1,28.0,300,6,6,0,14,34,1,18
4,1,28.0,300,6,4,0,15,114,3,18
4,7,9.0,273,1,17,0,13,21,4,12
4,1,28.0,300,6,0,1,7,111,4,18
4,1,28.0,300,6,9,2,6,7,0,18
4,8,2.0,77,4,16,1,12,56,4,22
4,8,2.0,77,4,19,0,4,82,3,22
4,8,2.0,77,4,12,0,2,86,4,22
4,8,11.0,306,6,17,1,10,47,0,9
4,8,11.0,306,6,13,0,10,22,2,9
5,5,9.0,206,6,13,0,6,7,2,12
5,5,9.0,206,6,4,2,10,22,3,12
5,5,17.0,212,3,0,1,3,79,0,6
5,5,17.0,212,3,3,0,10,47,3,6
5,5,18.0,195,0,2,2,0,64,0,0
5,5,18.0,195,0,19,0,13,13,1,0
5,5,21.0,351,4,20,0,13,21,0,21
5,5,21.0,351,4,6,1,16,139,0,21
5,3,25.0,347,6,16,1,13,38,0,13
5,3,26.0,343,3,0,1,15,31,0,3
5,3,26.0,343,3,5,0,13,99,3,3
5,3,26.0,343,3,22,0,2,2,2,3
5,3,26.0,343,3,3,1,13,99,4,3
5,3,26.0,343,3,18,2,6,89,1,3
5,3,26.0,343,3,1,0,5,12,3,3
5,3,25.0,347,6,20,1,8,9,0,13
5,5,9.0,206,6,6,2,10,47,3,12
5,5,9.0,206,6,20,0,2,92,3,12
5,5,17.0,212,3,17,1,13,29,1,6
4,5,18.0,195,1,6,0,0,12,0,0
4,6,24.0,31,4,3,0,10,22,2,14
4,5,6.0,277,4,14,0,8,27,2,23
4,10,24.0,261,6,15,0,2,3,4,14
4,5,18.0,195,1,22,0,5,6,0,0
4,10,9.0,150,5,19,3,13,28,0,12
4,5,6.0,277,4,1,0,10,47,3,23
4,8,18.0,75,6,9,1,7,111,1,0
4,5,19.0,146,2,6,0,13,29,1,10
4,5,9.0,206,3,14,0,16,37,1,12
4,5,6.0,277,4,1,0,2,2,1,23
4,4,1.0,144,5,1,0,14,24,1,7
4,5,25.0,350,1,21,0,14,24,3,13
4,5,6.0,277,4,12,0,10,22,0,23
4,10,1.0,208,4,4,0,10,22,1,7
4,5,19.0,146,2,6,2,14,24,3,10
4,1,26.0,248,4,9,3,0,64,3,3
4,5,26.0,37,2,6,2,11,122,3,3
4,6,6.0,83,3,23,0,12,56,1,23
4,10,8.0,213,4,7,1,10,47,1,8
5,0,24.0,55,4,20,0,6,89,1,14
4,1,17.0,63,1,22,0,4,82,3,6
4,1,17.0,63,1,1,0,5,6,3,6
5,6,6.0,83,6,17,0,2,86,2,23
4,8,12.0,284,3,20,1,1,67,4,28
4,4,1.0,144,5,0,1,5,6,1,7
4,1,20.0,151,5,19,1,14,25,0,29
4,8,18.0,75,6,11,0,2,13,4,0
4,1,20.0,151,5,12,1,14,32,1,29
4,1,20.0,151,5,9,0,8,27,0,29
4,3,27.0,361,1,11,0,13,69,3,15
4,3,27.0,361,1,7,0,1,35,3,15
4,3,27.0,361,1,3,1,12,80,1,15
4,3,27.0,361,1,4,0,0,77,1,15
4,3,27.0,361,1,18,0,5,12,3,15
4,11,1.0,222,5,14,0,6,89,1,7
4,5,1.0,109,6,0,1,1,16,0,7
4,5,9.0,206,3,12,0,0,64,2,12
4,3,17.0,54,6,12,2,6,89,3,6
4,7,1.0,98,0,20,0,2,86,3,7
4,10,11.0,298,3,16,0,4,82,1,9
4,10,11.0,298,3,4,0,12,135,3,9
4,10,16.0,201,5,14,0,11,18,1,2
4,10,16.0,201,5,13,0,1,59,1,2
4,10,16.0,201,5,23,1,9,83,1,2
5,3,13.0,210,0,17,1,0,53,4,25
4,5,24.0,58,0,17,0,10,43,2,14
4,6,17.0,244,4,1,1,9,63,2,6
4,10,25.0,56,3,9,0,10,47,3,13
4,10,25.0,56,3,22,0,4,82,1,13
4,10,25.0,56,3,17,0,12,100,1,13
4,10,25.0,56,3,16,0,15,46,1,13
4,10,25.0,56,3,20,0,5,6,2,13
4,10,25.0,56,3,19,1,15,46,4,13
4,8,19.0,280,3,0,0,0,26,2,10
4,8,19.0,280,3,21,1,10,22,0,10
4,8,19.0,280,3,12,0,5,6,0,10
4,8,25.0,86,6,7,3,13,29,2,13
4,8,25.0,86,6,4,2,8,19,3,13
4,8,25.0,86,6,4,2,10,47,3,13
4,8,26.0,278,3,17,0,3,76,1,3
4,8,26.0,278,3,17,1,3,44,4,3
4,1,5.0,219,4,0,0,1,67,3,24
4,1,5.0,219,4,21,0,3,30,3,24
5,3,17.0,54,5,8,0,13,21,2,6
5,3,17.0,54,5,22,0,1,11,2,6
4,9,2.0,323,1,12,0,4,75,1,22
4,6,7.0,169,0,18,0,12,84,1,11
4,6,7.0,169,0,17,0,10,22,1,11
4,6,7.0,169,0,9,1,10,47,1,11
5,2,12.0,128,4,17,0,11,117,3,28
5,5,20.0,214,2,15,0,1,11,4,29
4,10,14.0,174,2,14,0,13,29,2,5
4,1,23.0,69,0,2,1,0,68,4,17
4,8,4.0,299,6,8,0,2,86,3,30
4,8,7.0,70,1,13,0,6,128,4,11
4,11,22.0,250,5,17,1,16,37,1,26
4,1,23.0,69,0,18,2,8,118,1,17
4,1,14.0,183,6,18,3,14,24,1,5
4,1,31.0,305,1,12,1,6,7,0,20
4,1,31.0,305,1,9,0,0,12,0,20
5,6,20.0,215,6,9,1,2,123,4,29
4,4,7.0,133,4,16,1,5,6,1,11
4,5,18.0,195,1,14,1,0,26,4,0
4,5,18.0,195,1,17,0,2,13,0,0
4,5,19.0,146,2,13,0,7,120,4,10
4,5,19.0,146,2,22,0,8,27,1,10
4,5,19.0,146,2,5,1,2,60,4,10
4,5,18.0,195,1,17,0,0,12,0,0
4,5,26.0,37,2,23,0,7,120,0,3
4,3,6.0,303,1,23,1,8,19,0,23
4,1,17.0,63,1,17,1,3,30,4,6
4,8,8.0,76,2,21,0,0,77,1,8
4,5,26.0,37,2,0,1,14,24,4,3
4,10,8.0,213,4,5,0,5,6,2,8
5,5,9.0,206,6,16,0,16,74,3,12
4,8,8.0,76,2,21,1,10,52,0,8
4,5,25.0,350,1,19,0,14,32,3,13
4,8,8.0,76,2,2,0,0,68,3,8
4,5,26.0,37,2,14,0,16,37,1,3
4,5,27.0,328,4,17,2,9,87,3,15
4,5,27.0,328,4,23,0,16,50,3,15
4,5,27.0,328,4,14,0,3,30,0,15
4,10,9.0,150,5,12,0,5,6,0,12
4,10,9.0,150,5,1,2,10,22,3,12
4,10,9.0,150,5,9,0,2,123,0,12
4,10,19.0,117,0,0,0,2,69,0,10
4,10,17.0,256,6,5,3,5,6,0,6
4,10,24.0,261,6,21,1,2,86,1,14
4,10,27.0,302,1,0,0,8,33,4,15
4,6,24.0,31,4,20,1,5,64,1,14
4,6,24.0,31,4,9,0,9,49,1,14
4,10,3.0,310,6,2,0,1,35,2,27
4,10,18.0,246,3,0,0,10,47,1,0
4,10,18.0,246,3,11,1,12,61,4,0
4,10,26.0,61,0,5,0,8,27,0,3
4,10,26.0,61,0,22,2,0,96,0,3
4,1,1.0,203,3,21,1,2,69,0,7
4,10,26.0,61,0,4,0,9,102,3,3
4,1,1.0,203,3,12,0,0,53,3,7
4,1,1.0,203,3,4,0,6,116,3,7
4,1,2.0,171,0,6,2,10,22,3,22
4,1,2.0,171,0,6,1,2,86,1,22
4,1,2.0,171,0,1,0,3,30,4,22
4,1,3.0,188,1,22,0,8,41,4,27
4,1,3.0,188,1,8,0,12,121,4,27
4,1,9.0,50,0,0,1,10,22,1,12
4,1,9.0,50,0,17,1,12,56,0,12
4,1,9.0,50,0,18,0,7,20,4,12
4,1,9.0,50,0,18,0,0,77,4,12
4,1,11.0,111,2,17,0,4,45,3,9
4,1,11.0,111,2,5,0,8,118,1,9
4,10,27.0,302,1,15,0,15,108,1,15
4,10,27.0,302,1,22,1,10,52,1,15
4,10,27.0,302,1,0,0,10,23,2,15
4,1,17.0,63,1,13,2,2,123,4,6
4,8,8.0,76,2,11,0,1,105,0,8
4,8,18.0,75,6,10,0,8,41,4,0
4,7,1.0,98,0,17,0,2,69,4,7
4,10,8.0,213,4,22,2,7,122,3,8
4,1,17.0,63,1,5,0,5,0,2,6
4,1,17.0,63,1,22,1,1,1,4,6
4,1,20.0,151,5,6,2,6,7,0,29
4,1,20.0,151,5,23,1,15,31,4,29
4,1,20.0,151,5,3,0,10,22,0,29
4,1,20.0,151,5,13,1,9,95,1,29
4,1,20.0,151,5,13,0,16,139,3,29
4,1,20.0,151,5,2,2,10,47,3,29
4,1,26.0,248,4,16,2,0,85,3,3
4,1,26.0,248,4,3,1,14,88,4,3
4,1,26.0,248,4,22,1,0,64,1,3
4,8,3.0,363,5,16,0,10,22,3,27
4,8,3.0,363,5,11,1,9,134,4,27
4,8,26.0,278,3,11,1,13,21,1,3
4,8,1.0,66,2,13,1,7,31,2,7
4,8,28.0,224,1,16,0,6,7,2,18
4,8,28.0,224,1,9,1,2,123,0,18
4,4,2.0,141,6,20,0,8,41,1,22
4,4,2.0,141,6,2,2,10,47,3,22
4,4,2.0,141,6,12,0,3,79,1,22
4,4,3.0,279,3,20,0,9,134,1,27
4,4,3.0,279,3,15,1,9,102,4,27
4,4,3.0,279,3,11,0,13,99,0,27
4,4,10.0,79,3,0,0,4,75,4,4
4,8,1.0,66,2,21,1,0,77,0,7
4,8,8.0,76,2,8,0,14,25,0,8
5,5,9.0,206,6,7,1,14,125,0,12
4,8,10.0,71,5,14,0,12,84,1,4
4,8,8.0,76,2,2,0,2,92,0,8
4,8,19.0,280,3,16,0,14,24,3,10
4,8,11.0,306,6,8,0,12,104,1,9
4,8,8.0,76,2,16,2,0,12,0,8
4,8,19.0,280,3,6,0,2,2,1,10
4,8,11.0,306,6,20,2,9,57,3,9
4,8,9.0,124,4,16,1,5,64,0,12
4,8,19.0,280,3,23,0,14,24,1,10
4,8,11.0,306,6,8,0,9,63,2,9
4,8,9.0,124,4,16,1,0,77,0,12
4,10,28.0,216,2,18,2,3,30,3,18
4,1,8.0,62,3,3,1,1,11,4,8
4,1,10.0,17,1,8,1,7,54,4,4
4,8,19.0,280,3,15,0,5,64,3,10
4,8,25.0,86,6,6,1,11,15,0,13
4,8,25.0,86,6,1,2,8,41,3,13
4,8,26.0,278,3,0,1,14,125,2,3
4,8,25.0,86,6,14,0,9,54,2,13
4,8,28.0,224,1,0,2,4,121,2,18
4,8,28.0,224,1,16,0,11,15,3,18
4,10,2.0,358,5,8,1,0,12,4,22
4,10,11.0,298,3,8,0,7,111,1,9
4,10,11.0,298,3,15,1,1,105,4,9
4,10,11.0,298,3,12,0,11,133,3,9
4,10,16.0,201,5,10,2,13,38,3,2
4,10,16.0,201,5,2,0,11,94,0,2
4,10,26.0,61,0,0,1,6,91,4,3
4,10,26.0,61,0,21,1,11,15,0,3
4,10,26.0,61,0,12,0,14,106,4,3
4,10,26.0,61,0,4,0,1,59,1,3
4,10,26.0,61,0,9,0,16,72,3,3
4,10,26.0,61,0,2,1,5,6,0,3
4,10,26.0,61,0,14,1,6,116,4,3
4,10,3.0,310,6,18,0,0,26,0,27
4,10,18.0,246,3,22,1,13,38,2,0
5,4,1.0,144,4,14,0,0,26,1,7
4,8,2.0,77,4,13,3,11,8,3,22
4,1,1.0,203,3,17,1,5,6,1,7
4,1,1.0,203,3,13,0,5,6,2,7
4,10,26.0,61,0,14,3,14,25,0,3
4,1,16.0,2,0,4,1,1,105,0,2
4,10,3.0,310,6,14,0,9,63,0,27
4,8,2.0,77,4,5,1,16,72,1,22
4,10,3.0,310,6,17,1,6,7,0,27
4,10,18.0,246,3,19,1,15,31,2,0
4,1,2.0,171,0,19,0,8,9,1,22
4,1,2.0,171,0,8,0,9,95,0,22
4,1,2.0,171,0,2,0,11,98,1,22
4,5,9.0,206,3,6,0,5,6,2,12
4,10,10.0,245,6,20,0,15,85,2,4
4,10,9.0,150,5,19,3,14,126,0,12
4,10,17.0,256,6,16,0,12,121,0,6
4,10,17.0,256,6,18,0,14,107,4,6
4,10,17.0,256,6,18,1,12,61,1,6
4,10,19.0,117,0,21,1,15,119,0,10
4,10,19.0,117,0,10,3,6,7,3,10
4,10,19.0,117,0,8,1,12,61,4,10
4,10,24.0,261,6,23,0,5,0,3,14
4,10,24.0,261,6,15,0,2,2,2,14
4,10,24.0,261,6,13,0,10,6,2,14
4,10,27.0,302,1,6,0,2,2,1,15
4,10,27.0,302,1,1,0,0,26,3,15
4,10,27.0,302,1,13,1,11,124,4,15
4,1,17.0,63,1,5,0,2,86,4,6
4,1,17.0,63,1,5,0,8,27,4,6
4,1,17.0,63,1,22,0,0,26,1,6
4,1,17.0,63,1,4,0,12,61,3,6
4,1,20.0,151,5,0,1,8,9,0,29
4,1,20.0,151,5,5,0,10,47,3,29
4,1,20.0,151,5,21,0,10,22,1,29
4,10,9.0,150,5,2,0,8,27,2,12
4,10,25.0,56,3,1,1,10,52,4,13
4,10,25.0,56,3,18,1,10,47,0,13
4,10,28.0,216,2,17,0,4,75,1,18
4,10,28.0,216,2,0,0,7,78,1,18
4,10,28.0,216,2,17,0,8,9,2,18
4,10,28.0,216,2,1,0,11,129,3,18
4,1,8.0,62,3,14,0,13,28,1,8
4,1,8.0,62,3,18,1,3,115,4,8
4,8,27.0,78,0,17,0,6,91,1,15
4,1,9.0,50,0,23,0,2,86,1,12
4,8,9.0,124,4,15,0,6,91,1,12
4,1,9.0,50,0,16,1,9,102,0,12
4,8,9.0,124,4,8,2,8,41,0,12
4,1,9.0,50,0,5,0,0,64,3,12
4,8,12.0,284,3,13,0,10,47,3,28
4,1,9.0,50,0,0,1,6,91,0,12
4,8,17.0,74,5,16,1,10,12,0,6
4,1,9.0,50,0,22,0,10,22,3,12
4,8,17.0,74,5,11,0,3,115,3,6
4,1,9.0,50,0,8,0,2,92,1,12
4,8,17.0,74,5,0,1,5,64,0,6
4,1,9.0,50,0,1,2,10,47,3,12
4,1,11.0,111,2,0,0,1,11,4,9
4,1,9.0,50,0,19,0,11,94,3,12
4,1,11.0,111,2,11,1,9,9,4,9
4,1,11.0,111,2,7,1,0,64,0,9
4,1,11.0,111,2,14,0,16,37,4,9
4,10,26.0,61,0,4,0,4,127,2,3
4,1,16.0,2,0,1,1,11,55,0,2
4,1,11.0,111,2,18,2,9,93,3,9
4,1,16.0,2,0,3,0,11,94,1,2
4,1,25.0,65,2,8,0,1,1,1,13
4,1,26.0,248,4,1,1,13,99,4,3
4,6,9.0,236,2,13,0,16,50,1,12
4,10,27.0,302,1,5,1,9,10,4,15
4,10,10.0,245,6,0,1,15,31,0,4
4,10,10.0,245,6,13,0,5,6,2,4
4,10,10.0,245,6,1,0,5,64,3,4
4,10,10.0,245,6,9,0,1,11,2,4
4,10,17.0,256,6,6,1,0,53,2,6
4,10,17.0,256,6,13,0,7,31,1,6
4,10,19.0,117,0,10,0,9,54,3,10
4,10,19.0,117,0,3,0,12,80,0,10
4,10,19.0,117,0,21,3,12,135,1,10
4,10,24.0,261,6,10,0,3,79,1,14
4,10,24.0,261,6,22,0,6,89,1,14
4,10,24.0,261,6,3,0,3,79,3,14
4,10,19.0,117,0,6,2,10,47,1,10
4,10,27.0,302,1,0,0,0,12,3,15
4,10,27.0,302,1,6,0,0,85,0,15
4,6,27.0,116,3,17,0,10,12,1,15
4,1,17.0,63,1,13,1,10,43,4,6
4,8,25.0,86,6,17,1,0,64,0,13
4,8,25.0,86,6,8,0,10,6,3,13
4,8,25.0,86,6,14,1,3,30,0,13
4,8,26.0,278,3,15,0,13,29,4,3
4,8,26.0,278,3,0,1,16,50,0,3
4,8,26.0,278,3,2,0,14,24,2,3
4,8,28.0,224,1,17,0,4,127,3,18
4,8,26.0,278,3,1,3,1,105,3,3
4,6,26.0,348,6,6,0,5,64,3,3
4,6,16.0,38,2,21,1,0,31,0,2
4,6,26.0,348,6,3,0,8,33,2,3
4,6,26.0,348,6,8,0,9,63,3,3
4,6,26.0,348,6,18,0,5,12,3,3
4,10,2.0,358,5,5,0,3,103,2,22
4,10,2.0,358,5,20,2,5,6,0,22
4,10,2.0,358,5,14,0,1,81,3,22
4,10,2.0,358,5,14,2,4,79,1,22
4,6,25.0,39,5,13,1,8,33,0,13
4,1,25.0,65,2,4,2,0,12,0,13
4,1,25.0,65,2,18,0,2,13,1,13
4,8,17.0,74,5,7,0,6,89,4,6
4,8,17.0,74,5,2,0,1,11,3,6
4,8,17.0,74,5,14,0,2,2,1,6
4,8,18.0,75,6,22,0,13,28,1,0
4,8,18.0,75,6,3,0,2,69,3,0
4,8,18.0,75,6,6,1,0,53,0,0
4,8,18.0,75,6,23,1,0,53,0,0
4,8,20.0,319,0,7,1,15,46,2,29
4,8,20.0,319,0,5,0,13,21,1,29
5,5,30.0,294,6,11,1,11,18,1,19
4,2,1.0,16,0,18,1,11,124,4,7
4,2,1.0,16,0,5,0,5,6,0,7
4,8,20.0,319,0,4,0,5,6,3,29
4,4,1.0,144,5,11,0,12,121,0,7
4,4,11.0,121,0,21,1,10,22,0,9
4,4,11.0,121,0,21,3,9,101,4,9
4,4,12.0,134,1,16,0,0,26,0,28
4,4,12.0,134,1,13,0,9,95,0,28
4,4,12.0,134,1,1,0,10,22,3,28
4,4,12.0,134,1,14,2,11,8,3,28
4,4,12.0,134,1,19,0,1,59,4,28
4,4,19.0,142,1,17,0,0,96,3,10
4,4,19.0,142,1,5,0,4,4,1,10
4,4,26.0,80,1,6,0,6,132,1,3
4,4,26.0,80,1,21,0,7,62,1,3
4,4,26.0,80,1,17,2,9,93,3,3
4,4,27.0,274,2,17,0,10,47,1,15
4,4,27.0,274,2,16,0,9,102,1,15
4,4,26.0,80,1,19,0,5,6,3,3
4,4,27.0,274,2,10,1,10,12,1,15
4,4,27.0,274,2,14,0,7,8,2,15
4,4,26.0,80,1,4,1,10,22,1,3
4,2,1.0,16,0,17,1,14,107,1,7
4,2,1.0,16,0,6,0,4,82,3,7
4,2,1.0,16,0,16,2,1,105,0,7
4,2,1.0,16,0,15,1,6,73,1,7
4,2,1.0,16,0,13,2,14,97,3,7
5,5,9.0,206,6,13,0,13,21,2,12
5,5,9.0,206,6,2,0,13,48,4,12
5,5,9.0,206,6,14,0,3,76,3,12
5,5,17.0,212,3,10,0,7,20,3,6
5,5,17.0,212,3,23,1,14,106,1,6
5,5,17.0,212,3,2,0,5,12,3,6
5,5,18.0,195,0,17,2,0,0,3,0
5,5,17.0,212,3,16,1,6,116,1,6
5,5,18.0,195,0,17,0,12,84,1,0
5,5,17.0,212,3,2,0,4,5,3,6
5,5,18.0,195,0,6,1,1,67,0,0
5,5,18.0,195,0,13,2,3,103,0,0
5,5,18.0,195,0,15,2,10,52,0,0
5,5,18.0,195,0,8,0,5,64,3,0
5,5,21.0,351,4,16,0,10,47,0,21
5,5,21.0,351,4,0,0,6,128,2,21
4,10,15.0,60,4,9,1,0,15,0,1
5,1,16.0,2,3,19,0,10,47,2,2
5,1,17.0,63,0,5,2,9,10,3,6
5,1,17.0,63,0,5,1,12,80,4,6
5,1,22.0,164,6,19,0,5,6,2,26
5,1,22.0,164,6,7,1,1,16,4,26
5,1,22.0,164,6,9,0,7,20,0,26
5,5,15.0,200,5,16,0,8,9,3,1
5,10,3.0,310,5,19,0,10,47,2,27
5,1,22.0,164,6,14,0,5,64,1,26
5,1,22.0,164,6,2,0,12,80,2,26
5,1,22.0,164,6,12,0,0,31,1,26
5,1,23.0,69,3,6,0,0,53,0,17
5,1,22.0,164,6,23,1,6,91,4,26
5,8,1.0,66,1,14,0,3,115,4,7
5,8,7.0,70,0,14,0,16,108,0,11
5,8,8.0,76,1,21,0,5,12,1,8
5,8,8.0,76,1,22,0,7,8,3,8
5,8,8.0,76,1,9,0,10,22,3,8
5,8,9.0,124,2,16,0,5,64,3,12
5,8,9.0,124,2,16,0,6,89,1,12
5,8,8.0,76,1,1,0,12,84,3,8
5,5,22.0,163,5,13,1,13,38,0,26
5,8,9.0,124,2,21,1,9,27,0,12
5,8,8.0,76,1,13,0,9,101,4,8
5,8,8.0,76,1,19,0,2,86,2,8
5,8,15.0,72,1,17,2,12,61,3,1
5,8,14.0,296,0,9,0,13,48,1,5
5,5,6.0,277,2,3,0,0,26,3,23
5,5,14.0,36,4,1,0,0,26,3,5
5,5,14.0,36,4,15,0,12,100,1,5
5,10,14.0,174,1,11,1,12,135,4,5
5,10,14.0,174,1,22,0,9,87,0,5
5,10,24.0,261,5,6,0,6,7,1,14
5,5,15.0,200,5,12,0,2,123,4,1
5,5,15.0,200,5,19,0,1,11,3,1
5,5,15.0,200,5,9,0,10,52,1,1
5,5,16.0,239,6,0,0,10,47,1,2
5,5,31.0,196,3,23,0,2,92,1,20
5,5,31.0,196,3,2,0,5,6,0,20
5,5,31.0,196,3,4,0,5,12,3,20
5,6,6.0,83,6,17,0,0,77,3,23
5,6,6.0,83,6,20,0,10,12,3,23
5,6,6.0,83,6,3,0,13,69,0,23
5,6,6.0,83,6,9,2,8,9,1,23
5,6,6.0,83,6,18,2,8,9,3,23
5,5,30.0,294,6,22,3,14,25,1,19
5,6,6.0,83,6,1,0,5,12,0,23
5,6,14.0,173,3,13,2,16,50,0,5
5,6,16.0,38,1,6,0,0,12,0,2
5,10,30.0,157,4,3,1,12,104,4,19
5,10,30.0,157,4,18,0,13,21,4,19
5,8,1.0,66,1,14,0,1,11,3,7
5,8,1.0,66,1,18,0,9,49,3,7
5,8,7.0,70,0,6,0,8,27,1,11
5,8,7.0,70,0,10,0,3,103,1,11
5,8,7.0,70,0,13,0,16,130,4,11
5,8,8.0,76,1,20,2,3,30,0,8
5,8,8.0,76,1,3,0,3,70,1,8
5,8,8.0,76,1,8,0,9,95,4,8
5,8,9.0,124,2,16,0,10,22,3,12
5,8,9.0,124,2,3,2,15,85,3,12
5,8,14.0,296,0,16,0,16,37,3,5
5,8,14.0,296,0,0,0,8,27,0,5
5,8,14.0,296,0,12,2,9,49,3,5
5,8,14.0,296,0,18,0,4,82,3,5
5,6,3.0,99,2,8,0,16,130,4,27
5,8,15.0,72,1,13,2,9,57,1,1
5,8,15.0,72,1,4,0,13,48,0,1
5,10,14.0,174,1,21,1,5,12,1,5
5,8,15.0,72,1,2,0,3,30,2,1
5,8,15.0,72,1,3,0,12,135,2,1
5,10,7.0,243,1,5,1,0,53,0,11
5,10,9.0,150,4,17,0,4,138,3,12
5,10,9.0,150,4,9,0,12,84,0,12
5,10,15.0,60,2,17,2,2,2,0,1
5,10,15.0,60,2,9,0,5,6,3,1
5,10,16.0,201,4,23,0,13,28,1,2
5,8,16.0,73,2,1,0,6,7,0,2
5,8,16.0,73,2,18,0,0,77,1,2
5,8,16.0,73,2,8,3,9,57,0,2
5,8,24.0,85,4,14,1,9,93,4,14
5,10,22.0,314,2,14,0,5,6,1,26
5,9,3.0,217,1,9,1,13,38,0,27
5,10,16.0,201,4,6,0,2,2,1,2
5,4,25.0,20,3,8,2,6,89,3,13
5,10,8.0,213,2,23,0,10,43,1,8
5,10,9.0,150,4,0,1,11,55,4,12
5,10,9.0,150,4,2,3,12,80,0,12
5,10,15.0,60,2,6,1,8,118,1,1
5,5,18.0,195,0,12,0,13,38,3,0
5,2,1.0,16,3,2,0,3,115,3,7
5,10,8.0,213,2,2,2,10,47,3,8
5,9,11.0,52,2,9,1,2,13,0,9
5,5,15.0,200,5,19,0,8,9,0,1
5,10,16.0,201,4,21,0,7,20,4,2
5,6,21.0,193,3,12,0,0,26,0,21
5,2,9.0,21,0,13,0,3,30,0,12
5,3,9.0,44,4,17,0,12,84,1,12
5,9,2.0,323,0,12,1,2,2,1,22
5,1,10.0,17,0,6,2,15,114,2,4
5,10,15.0,60,2,22,1,9,134,4,1
5,5,16.0,239,6,6,0,4,82,3,2
5,10,31.0,135,5,3,1,15,51,2,20
5,10,8.0,213,2,9,0,9,54,3,8
5,11,25.0,88,3,13,0,10,22,2,13
5,8,6.0,87,3,15,1,6,91,4,23
5,6,2.0,352,1,13,0,8,41,1,22
5,6,14.0,173,3,9,1,3,76,4,5
3,1,20.0,151,2,17,3,9,27,0,29
5,9,9.0,320,0,6,2,10,47,3,12
5,6,20.0,215,6,4,1,12,83,4,29
5,10,16.0,201,4,21,2,0,96,3,2
5,10,8.0,213,2,19,0,5,12,0,8
5,6,7.0,169,3,13,1,0,96,1,11
3,0,27.0,23,6,6,0,10,22,1,15
5,10,31.0,135,5,5,1,2,71,4,20
5,6,30.0,145,1,1,3,7,120,0,19
5,10,22.0,314,2,14,0,1,1,1,26
5,3,12.0,104,3,9,0,14,126,1,28
5,6,14.0,173,3,22,0,15,108,2,5
5,8,5.0,101,6,14,0,7,122,1,24
5,1,31.0,305,0,5,0,15,77,3,20
5,10,16.0,201,4,1,0,16,139,1,2
5,10,31.0,135,5,8,0,7,62,3,20
5,1,22.0,164,6,3,0,9,63,1,26
5,6,4.0,159,4,14,1,15,114,1,30
5,6,14.0,173,3,19,1,7,8,4,5
5,5,21.0,351,4,1,0,10,30,0,21
5,3,7.0,289,1,14,2,9,95,2,11
5,8,5.0,101,6,23,0,14,24,2,24
5,5,16.0,239,6,12,0,2,69,2,2
5,3,27.0,361,0,13,3,14,25,0,15
5,10,31.0,135,5,8,2,13,21,3,20
5,10,31.0,135,5,1,2,3,44,0,20
5,6,25.0,39,4,3,0,9,95,3,13
5,1,8.0,62,6,22,0,15,96,3,8
5,1,8.0,62,6,12,0,5,6,1,8
5,10,31.0,135,5,3,0,2,123,1,20
5,10,31.0,135,5,18,0,0,68,3,20
5,1,8.0,62,6,3,2,10,12,0,8
5,1,8.0,62,6,19,0,6,128,3,8
5,9,16.0,107,0,11,0,7,137,0,2
5,7,23.0,202,0,15,2,10,22,3,17
3,11,26.0,364,3,17,0,4,66,1,3
5,7,14.0,125,6,18,0,1,11,1,5
5,7,14.0,125,6,9,1,0,26,0,5
5,9,16.0,107,0,17,1,10,22,1,2
5,3,6.0,303,0,12,3,5,6,0,23
3,3,13.0,210,3,13,0,13,29,1,25
5,6,8.0,59,0,1,3,11,133,2,8
5,6,23.0,84,1,9,0,6,7,4,17
5,6,30.0,145,1,5,3,12,58,4,19
5,1,14.0,183,5,16,0,5,12,3,5
5,5,14.0,36,4,15,0,3,76,3,5
5,5,22.0,163,5,7,0,13,28,3,26
5,5,25.0,350,0,15,1,1,81,4,13
5,5,25.0,350,0,22,1,15,31,0,13
5,6,15.0,49,0,7,1,10,23,2,1
5,6,15.0,49,0,7,1,11,90,4,1
5,6,17.0,244,2,0,1,1,16,2,6
2,4,29.0,139,1,17,0,1,1,4,16
5,10,24.0,261,5,1,0,1,35,3,14
5,6,17.0,244,2,17,2,5,12,3,6
5,6,17.0,244,2,12,0,6,89,3,6
5,6,17.0,244,2,4,0,3,30,3,6
5,6,17.0,244,2,18,1,5,6,0,6
5,6,15.0,49,0,3,1,10,12,1,1
5,6,22.0,185,0,0,1,8,118,1,26
5,6,22.0,185,0,5,1,6,116,4,26
5,6,24.0,31,2,18,0,16,139,1,14
5,10,14.0,174,1,17,0,5,12,0,5
5,10,14.0,174,1,0,0,16,130,4,5
5,10,14.0,174,1,21,0,5,6,3,5
5,10,14.0,174,1,22,0,0,53,2,5
5,10,14.0,174,1,14,0,3,30,3,5
5,10,24.0,261,5,16,2,5,6,3,14
5,10,24.0,261,5,6,0,15,119,2,14
5,10,24.0,261,5,12,0,14,24,2,14
5,6,5.0,342,5,1,1,2,86,2,24
5,6,5.0,342,5,22,0,13,99,2,24
5,6,13.0,317,6,19,1,4,75,1,25
5,10,6.0,242,0,8,1,9,102,0,23
5,1,14.0,183,5,23,0,10,47,2,5
5,1,14.0,183,5,19,0,14,24,3,5
5,1,14.0,183,5,1,0,14,32,3,5
5,1,15.0,1,6,5,1,11,15,1,1
5,1,15.0,1,6,19,0,7,120,3,1
5,1,8.0,62,6,9,1,4,4,0,8
5,1,14.0,183,5,17,0,8,19,1,5
5,1,14.0,183,5,6,1,11,94,0,5
5,1,14.0,183,5,22,1,1,105,4,5
5,1,14.0,183,5,4,0,2,2,0,5
5,1,15.0,1,6,6,2,8,9,3,1
5,1,15.0,1,6,16,0,14,32,1,1
5,1,15.0,1,6,16,0,5,12,0,1
5,1,15.0,1,6,17,2,10,43,1,1
5,1,15.0,1,6,10,1,6,7,0,1
1,10,14.0,174,4,8,0,9,93,1,5
5,1,15.0,1,6,18,0,10,47,3,1
5,6,23.0,84,1,12,1,4,138,4,17
5,10,30.0,157,4,6,3,7,137,4,19
5,8,1.0,66,1,20,0,15,31,4,7
5,8,1.0,66,1,19,0,11,15,2,7
5,8,8.0,76,1,15,2,3,30,0,8
5,8,8.0,76,1,2,0,3,79,1,8
5,3,13.0,210,0,18,0,0,68,3,25
5,6,15.0,49,0,4,1,0,26,4,1
5,6,15.0,49,0,9,1,16,130,0,1
5,8,9.0,124,2,16,1,4,4,1,12
5,8,14.0,296,0,8,2,16,50,3,5
5,8,14.0,296,0,7,0,10,22,3,5
5,8,14.0,296,0,19,2,10,43,3,5
5,10,14.0,174,1,12,0,10,22,3,5
5,10,14.0,174,1,20,1,10,23,1,5
5,10,24.0,261,5,0,0,0,12,0,14
5,10,24.0,261,5,2,0,14,106,1,14
5,10,24.0,261,5,1,0,11,133,1,14
5,10,30.0,157,4,3,0,13,69,3,19
5,10,30.0,157,4,15,1,1,1,4,19
5,8,1.0,66,1,5,0,0,68,3,7
5,8,1.0,66,1,16,0,5,6,3,7
5,7,31.0,43,1,5,0,1,35,1,20
5,9,15.0,226,3,6,0,0,26,1,1
5,5,13.0,184,2,13,0,7,120,1,25
5,1,16.0,2,3,5,0,2,123,0,2
5,1,16.0,2,3,13,0,16,65,3,2
5,7,5.0,204,4,17,3,13,69,2,24
5,3,14.0,33,1,16,0,5,6,3,5
5,4,20.0,115,1,8,0,1,16,3,29
5,7,3.0,269,1,11,1,11,133,4,27
3,10,1.0,208,1,17,3,11,55,4,7
5,3,22.0,166,2,8,0,14,34,3,26
5,5,29.0,24,5,12,0,9,93,0,16
5,5,16.0,239,6,2,2,9,87,3,2
5,6,14.0,173,3,23,1,13,13,1,5
5,10,27.0,302,0,15,1,5,0,0,15
5,9,3.0,217,1,12,1,10,22,1,27
5,1,22.0,164,6,4,0,5,6,0,26
5,6,6.0,83,6,2,2,2,2,1,23
5,6,29.0,335,0,6,1,8,27,1,16
5,9,3.0,217,1,2,3,5,12,1,27
5,10,7.0,243,1,16,0,6,89,3,11
5,5,30.0,294,6,16,0,2,86,0,19
5,10,18.0,246,6,13,1,13,21,1,0
5,6,6.0,83,6,22,0,5,12,2,23
5,1,22.0,164,6,9,1,1,11,2,26
5,3,22.0,166,2,4,0,10,43,1,26
5,10,4.0,356,6,13,0,1,59,4,30
5,11,1.0,222,4,11,0,4,5,2,7
5,10,7.0,243,1,7,1,2,86,0,11
5,5,30.0,294,6,14,0,10,22,3,19
3,4,1.0,144,2,21,0,10,22,1,7
5,0,25.0,281,5,9,1,4,79,2,13
5,0,26.0,14,6,16,0,11,133,2,3
5,0,26.0,14,6,23,1,11,18,1,3
5,0,27.0,23,3,17,1,9,83,4,15
5,4,15.0,132,4,7,1,13,48,0,1
5,4,15.0,132,4,13,0,5,6,0,1
5,4,15.0,132,4,11,1,9,87,0,1
5,4,15.0,132,4,19,2,15,39,0,1
5,4,24.0,27,6,21,0,16,113,1,14
5,4,24.0,27,6,8,1,0,26,1,14
5,4,24.0,27,6,3,1,14,25,1,14
5,4,24.0,27,6,5,1,16,42,4,14
5,4,24.0,27,6,2,0,15,119,1,14
5,4,24.0,27,6,8,0,15,96,0,14
5,2,1.0,16,3,23,0,0,12,3,7
5,2,9.0,21,0,6,0,14,24,1,12
5,2,9.0,21,0,11,1,2,86,1,12
5,2,9.0,21,0,10,1,9,49,1,12
5,2,9.0,21,0,12,1,0,0,4,12
5,2,9.0,21,0,12,1,7,120,1,12
5,2,9.0,21,0,18,0,8,9,1,12
5,0,2.0,47,2,13,0,2,2,0,22
5,0,2.0,47,2,19,2,10,23,3,22
5,1,17.0,63,0,2,0,10,47,2,6
5,10,25.0,56,6,11,0,12,121,3,13
5,1,17.0,63,0,4,0,10,47,2,6
5,1,17.0,63,0,9,2,11,15,3,6
5,1,17.0,63,0,10,1,2,86,4,6
5,1,17.0,63,0,18,1,14,106,0,6
5,1,17.0,63,0,3,1,12,61,4,6
5,1,22.0,164,6,17,0,4,79,2,26
5,1,23.0,69,3,17,1,11,94,0,17
5,8,6.0,87,3,19,1,11,124,4,23
5,8,6.0,87,3,11,1,13,38,4,23
5,1,23.0,69,3,1,1,5,6,0,17
5,8,17.0,74,4,12,0,9,87,1,6
5,8,17.0,74,4,17,1,6,89,2,6
5,8,17.0,74,4,14,0,0,31,2,6
5,8,23.0,102,2,16,0,0,12,3,17
5,8,23.0,102,2,3,0,5,64,3,17
5,1,17.0,63,0,15,0,3,76,1,6
5,8,23.0,102,2,12,0,0,77,1,17
5,8,23.0,102,2,18,2,10,22,3,17
4,11,1.0,222,5,3,0,7,137,2,7
5,1,6.0,97,4,23,0,14,24,2,23
5,1,9.0,50,3,5,0,2,13,1,12
5,1,24.0,64,0,0,1,3,76,2,14
5,1,24.0,64,0,20,1,4,4,1,14
5,1,24.0,64,0,16,1,3,103,2,14
5,1,25.0,65,1,21,0,8,33,4,13
5,1,26.0,248,2,21,0,5,64,1,3
5,1,25.0,65,1,12,0,4,75,1,13
5,1,26.0,248,2,0,0,10,23,1,3
5,1,26.0,248,2,22,0,11,18,1,3
5,1,31.0,305,0,13,2,2,2,0,20
5,1,31.0,305,0,2,0,16,130,3,20
5,1,31.0,305,0,14,0,3,30,3,20
5,8,16.0,73,2,6,1,5,6,1,2
5,8,26.0,278,6,9,0,8,118,1,3
5,8,24.0,85,4,22,1,6,128,1,14
5,4,16.0,25,5,21,1,8,19,0,2
5,4,16.0,25,5,2,2,4,4,3,2
5,4,16.0,25,5,18,0,10,23,1,2
5,4,16.0,25,5,19,0,4,5,0,2
5,0,10.0,129,4,11,0,6,91,3,4
5,0,10.0,129,4,2,1,7,78,4,4
5,0,10.0,129,4,8,0,12,56,0,4
5,0,10.0,129,4,14,2,8,33,3,4
5,0,18.0,0,5,23,0,10,22,1,0
5,0,18.0,0,5,17,1,3,70,4,0
5,8,1.0,66,1,6,2,10,6,3,7
5,8,1.0,66,1,20,0,7,111,1,7
5,8,1.0,66,1,10,2,1,1,3,7
5,8,1.0,66,1,12,0,10,22,3,7
5,8,7.0,70,0,4,0,8,27,0,11
5,8,8.0,76,1,6,1,1,59,4,8
5,8,8.0,76,1,7,0,8,27,1,8
5,5,6.0,277,2,3,1,10,22,1,23
5,5,14.0,36,4,19,1,0,26,0,5
5,5,14.0,36,4,2,1,13,21,1,5
5,8,8.0,76,1,17,1,11,133,0,8
5,6,6.0,83,6,4,0,11,94,0,23
5,3,30.0,304,4,17,2,2,69,3,19
3,2,1.0,16,6,12,0,13,48,1,7
5,1,22.0,164,6,20,1,15,114,1,26
5,5,31.0,196,3,3,0,1,1,3,20
5,10,7.0,243,1,8,1,13,21,4,11
5,7,9.0,273,0,17,1,7,137,4,12
5,1,23.0,69,3,16,1,15,51,4,17
5,6,6.0,83,6,18,0,3,30,1,23
5,1,13.0,207,4,17,0,6,89,1,25
5,7,3.0,269,1,4,1,8,33,1,27
5,10,7.0,243,1,4,1,11,129,4,11
5,1,23.0,69,3,5,0,7,137,2,17
5,3,30.0,304,4,13,0,13,38,2,19
5,1,13.0,207,4,18,0,9,87,2,25
5,7,8.0,94,3,14,0,13,99,1,8
5,10,8.0,213,2,6,0,8,118,1,8
5,1,23.0,69,3,1,0,1,11,3,17
5,3,30.0,304,4,3,1,9,134,1,19
5,10,4.0,356,6,5,1,1,59,1,30
5,3,12.0,104,3,19,0,2,69,0,28
5,3,20.0,105,0,21,1,10,23,0,29
5,5,21.0,351,4,15,1,5,64,0,21
5,7,1.0,98,3,20,0,14,32,1,7
5,5,18.0,195,0,19,3,0,12,0,0
5,6,1.0,158,0,23,0,6,89,1,7
5,10,20.0,223,0,17,0,3,44,1,29
5,3,20.0,105,0,18,0,2,2,3,29
5,3,20.0,105,0,1,1,10,47,0,29
5,3,26.0,343,3,17,1,10,22,4,3
5,5,21.0,351,4,4,0,16,113,1,21
5,5,21.0,351,4,14,1,5,64,0,21
5,5,21.0,351,4,9,1,12,56,1,21
5,10,20.0,223,0,12,1,3,76,1,29
5,6,3.0,99,2,2,1,6,116,1,27
5,3,25.0,347,6,11,0,2,2,1,13
5,1,21.0,45,5,19,1,8,19,1,21
5,1,21.0,45,5,19,0,10,22,2,21
5,1,1.0,203,6,17,0,15,119,1,7
5,9,3.0,217,1,22,3,5,12,0,27
5,5,23.0,168,6,14,1,16,72,4,17
5,6,5.0,342,5,3,1,15,51,1,24
5,6,5.0,342,5,17,0,2,92,1,24
5,6,8.0,59,0,22,0,3,30,1,8
5,6,8.0,59,0,15,1,12,80,4,8
5,6,8.0,59,0,4,0,10,12,3,8
5,6,8.0,59,0,4,2,8,41,3,8
5,6,8.0,59,0,19,0,16,39,3,8
5,11,23.0,232,5,1,1,0,12,0,17
5,11,30.0,170,5,15,1,9,93,1,19
5,6,13.0,317,6,13,1,14,25,4,25
5,6,13.0,317,6,3,0,14,110,4,25
5,6,13.0,317,6,9,0,10,23,3,25
5,6,23.0,84,1,3,0,0,31,2,17
5,6,23.0,84,1,8,0,9,95,4,17
5,6,23.0,84,1,1,0,16,50,3,17
5,6,25.0,39,4,15,0,11,18,0,13
5,6,25.0,39,4,14,0,13,48,0,13
5,6,30.0,145,1,21,1,6,7,0,19
5,10,30.0,157,4,14,0,8,118,1,19
5,11,31.0,227,6,1,0,13,99,1,20
5,10,14.0,174,1,14,1,2,86,0,5
5,11,31.0,227,6,3,1,9,95,4,20
5,9,6.0,51,5,7,0,13,38,1,23
5,9,6.0,51,5,2,0,2,92,1,23
5,9,6.0,51,5,1,0,5,12,0,23
5,9,12.0,177,4,22,1,7,137,4,28
5,9,12.0,177,4,4,0,5,6,3,28
5,9,12.0,177,4,19,1,12,83,4,28
5,9,22.0,92,3,0,0,16,50,1,26
5,9,12.0,177,4,10,1,5,12,0,28
5,9,22.0,92,3,14,1,0,53,4,26
5,9,24.0,272,1,0,2,0,64,3,14
5,9,24.0,272,1,1,2,6,73,2,14
5,7,7.0,293,6,2,1,13,29,1,11
5,7,24.0,68,1,23,0,14,32,1,14
5,7,24.0,68,1,21,1,2,92,0,14
5,7,24.0,68,1,3,0,6,7,1,14
5,3,13.0,210,0,0,0,8,9,3,25
5,3,13.0,210,0,7,0,0,64,3,25
5,3,13.0,210,0,3,0,13,38,1,25
5,3,13.0,210,0,14,0,8,9,0,25
5,3,13.0,210,0,9,0,11,133,0,25
5,5,22.0,163,5,22,1,1,105,4,26
5,5,22.0,163,5,2,3,8,27,0,26
5,5,25.0,350,0,17,2,3,30,0,13
5,5,25.0,350,0,10,1,3,79,2,13
5,5,25.0,350,0,11,1,12,80,4,13
5,5,25.0,350,0,14,0,15,51,4,13
5,6,15.0,49,0,21,1,13,38,0,1
5,6,17.0,244,2,6,0,4,127,4,6
5,6,17.0,244,2,17,2,5,6,0,6
5,6,17.0,244,2,21,1,4,79,0,6
5,6,17.0,244,2,13,0,11,117,1,6
5,6,17.0,244,2,4,0,5,12,3,6
5,6,17.0,244,2,1,2,8,9,3,6
5,6,22.0,185,0,9,0,11,98,3,26
5,6,24.0,31,2,11,1,13,38,4,14
5,10,14.0,174,1,6,0,13,38,4,5
5,6,15.0,49,0,13,0,2,92,1,1
5,5,8.0,199,5,11,1,12,104,4,8
5,3,30.0,304,4,19,0,10,47,1,19
5,6,6.0,83,6,1,2,7,57,3,23
5,6,29.0,335,0,5,0,0,26,0,16
5,5,5.0,96,1,18,2,6,7,0,24
5,8,6.0,87,3,6,0,11,133,2,23
5,7,29.0,268,3,9,0,9,134,2,16
5,10,29.0,318,2,9,0,16,113,1,16
5,1,23.0,69,3,8,0,13,28,3,17
5,1,23.0,69,3,15,1,14,25,4,17
5,8,6.0,87,3,0,0,14,25,3,23
5,8,6.0,87,3,6,2,4,5,3,23
5,8,6.0,87,3,2,0,14,25,0,23
5,8,6.0,87,3,1,0,12,80,3,23
5,8,6.0,87,3,18,0,14,25,3,23
5,8,6.0,87,3,18,0,13,38,2,23
5,8,6.0,87,3,5,0,14,32,1,23
5,8,6.0,87,3,18,0,9,57,2,23
5,8,17.0,74,4,23,0,6,7,4,6
5,1,16.0,2,3,12,0,14,34,3,2
5,1,16.0,2,3,2,0,5,6,3,2
5,1,17.0,63,0,6,2,3,70,0,6
5,1,17.0,63,0,15,0,5,64,3,6
5,3,24.0,357,5,13,0,4,121,1,14
5,8,6.0,87,3,18,1,2,71,4,23
5,10,16.0,201,4,19,1,11,98,4,2
5,10,9.0,150,4,20,0,14,24,2,12
5,10,16.0,201,4,22,3,4,75,2,2
5,10,22.0,314,2,17,0,5,64,3,26
5,10,22.0,314,2,17,1,11,58,4,26
5,10,22.0,314,2,21,1,1,81,4,26
5,10,22.0,314,2,8,0,5,12,1,26
5,10,9.0,150,4,14,0,7,137,1,12
5,1,6.0,97,4,1,0,8,27,2,23
5,1,6.0,97,4,9,0,10,12,3,23
5,1,7.0,32,5,19,0,9,102,3,11
5,1,7.0,32,5,4,0,8,19,3,11
5,1,7.0,32,5,12,0,9,87,1,11
5,1,7.0,32,5,4,0,0,0,3,11
5,1,7.0,32,5,3,1,7,137,4,11
5,1,9.0,50,3,16,1,11,55,4,12
5,1,9.0,50,3,7,0,1,11,0,12
5,1,31.0,305,0,18,0,13,29,3,20
5,5,30.0,294,6,4,0,6,89,1,19
5,6,6.0,83,6,23,0,9,54,1,23
5,6,6.0,83,6,5,1,4,45,1,23
5,6,6.0,83,6,12,0,8,9,2,23
5,6,7.0,169,3,16,2,0,53,3,11
3,4,27.0,274,0,2,0,2,86,1,15
5,11,19.0,321,0,17,3,13,29,1,10
0,11,1.0,222,3,4,0,2,2,1,7
5,11,8.0,283,4,22,1,10,22,2,8
5,11,17.0,110,6,22,2,11,94,3,6
5,3,4.0,285,6,2,0,11,15,2,30
5,3,10.0,4,5,3,0,11,15,2,4
5,6,11.0,355,4,20,1,3,79,1,9
5,10,29.0,318,2,18,1,3,30,0,16
5,1,13.0,207,4,18,1,3,79,4,25
3,2,1.0,16,6,17,0,1,35,4,7
3,2,1.0,16,6,17,0,12,135,2,7
5,10,10.0,245,5,22,0,13,29,0,4
5,1,3.0,188,0,22,3,6,89,0,27
5,8,22.0,354,1,14,0,1,11,4,26
5,8,19.0,280,6,11,1,7,111,1,10
5,8,15.0,72,1,9,0,16,37,1,1
5,8,15.0,72,1,18,0,0,26,3,1
5,4,15.0,132,4,23,0,5,64,3,1
5,4,15.0,132,4,5,1,16,50,0,1
5,4,15.0,132,4,17,2,4,4,3,1
5,4,15.0,132,4,2,0,1,35,2,1
5,4,15.0,132,4,19,0,11,15,2,1
5,4,24.0,27,6,23,0,2,2,1,14
5,4,24.0,27,6,23,1,0,85,1,14
5,4,24.0,27,6,8,0,11,98,0,14
5,4,24.0,27,6,4,0,6,73,4,14
5,4,24.0,27,6,1,0,10,47,1,14
5,4,24.0,27,6,14,0,5,12,2,14
5,4,26.0,80,0,1,0,4,79,3,3
5,2,1.0,16,3,3,0,0,15,3,7
5,8,14.0,296,0,18,1,13,69,4,5
5,7,29.0,268,3,9,0,0,77,3,16
5,5,8.0,199,5,5,0,12,56,3,8
5,7,30.0,42,0,10,0,14,107,1,19
5,8,6.0,87,3,0,0,7,31,4,23
5,8,6.0,87,3,8,1,10,23,1,23
5,3,7.0,289,1,11,0,13,21,1,11
5,5,30.0,294,6,18,0,7,31,4,19
5,8,6.0,87,3,13,0,13,99,3,23
5,5,15.0,200,5,20,0,10,47,1,1
5,3,5.0,324,3,12,1,3,79,4,24
5,6,1.0,158,0,12,0,0,77,1,7
5,8,17.0,74,4,23,0,0,96,3,6
5,5,31.0,196,3,4,0,7,111,0,20
5,6,6.0,83,6,18,0,4,4,1,23
5,3,7.0,289,1,4,0,13,38,2,11
5,11,18.0,332,3,14,1,5,64,2,0
5,6,6.0,83,6,15,1,1,81,4,23
5,3,7.0,289,1,9,0,13,21,3,11
2,7,14.0,205,4,17,3,0,68,0,5
5,6,6.0,83,6,1,0,8,9,3,23
5,6,6.0,83,6,8,1,1,1,1,23
5,3,14.0,33,1,10,2,9,10,0,5
5,9,9.0,320,0,12,1,14,25,0,12
5,10,27.0,302,0,14,0,14,24,2,15
5,10,14.0,174,1,12,0,2,69,0,5
5,10,14.0,174,1,18,0,12,61,1,5
5,10,24.0,261,5,2,0,8,118,4,14
5,10,30.0,157,4,19,0,0,12,3,19
5,8,1.0,66,1,20,0,2,86,1,7
5,8,1.0,66,1,6,1,11,18,0,7
5,8,1.0,66,1,12,3,15,119,0,7
5,8,1.0,66,1,14,0,14,107,1,7
5,3,15.0,35,2,7,1,2,2,0,1
5,11,12.0,118,0,22,0,0,68,2,28
5,9,24.0,272,1,13,1,11,18,1,14
0,4,1.0,144,3,17,0,8,118,1,7
5,3,23.0,57,4,3,0,1,59,4,17
5,3,23.0,57,4,20,1,12,84,1,17
5,3,23.0,57,4,9,0,1,67,4,17
5,3,23.0,57,4,16,1,0,64,0,17
5,5,6.0,277,2,16,1,15,31,0,23
5,5,6.0,277,2,13,1,9,87,4,23
5,5,6.0,277,2,3,0,10,47,3,23
5,5,14.0,36,4,6,2,16,130,0,5
5,5,14.0,36,4,23,1,10,22,4,5
5,6,30.0,145,1,21,0,13,38,3,19
5,6,30.0,145,1,9,0,12,83,3,19
5,10,6.0,242,0,15,1,14,126,4,23
5,10,6.0,242,0,21,0,9,93,1,23
5,10,6.0,242,0,4,0,2,60,2,23
5,10,6.0,242,0,9,0,10,47,2,23
5,10,17.0,256,5,12,2,4,75,4,6
5,10,17.0,256,5,12,1,16,113,2,6
5,10,23.0,247,4,10,0,10,47,1,17
5,6,25.0,39,4,23,0,14,106,1,13
5,10,23.0,247,4,5,0,6,7,1,17
5,10,23.0,247,4,2,0,15,51,0,17
5,9,21.0,362,6,5,1,13,21,1,21
5,7,5.0,204,4,5,0,10,47,2,24
5,9,13.0,91,5,14,1,5,6,0,25
5,7,14.0,125,6,19,3,16,130,3,5
5,9,21.0,362,6,17,3,13,28,0,21
5,5,13.0,184,2,15,0,2,86,3,25
5,10,23.0,247,4,22,1,5,6,1,17
5,10,23.0,247,4,19,0,5,12,2,17
5,11,26.0,364,0,21,1,0,53,0,3
5,5,4.0,114,0,14,3,9,10,3,30
5,7,27.0,53,5,13,0,9,95,2,15
5,7,28.0,34,6,12,0,11,15,2,18
5,5,4.0,114,0,14,1,0,53,4,30
5,5,4.0,114,0,22,0,16,50,2,30
5,7,20.0,266,5,5,0,9,93,4,29
5,1,12.0,353,2,4,3,14,25,0,28
5,5,28.0,259,4,5,0,16,50,4,18
5,7,20.0,266,5,9,0,3,30,3,29
5,7,20.0,266,5,9,0,10,47,0,29
5,7,17.0,95,1,4,1,10,47,2,6
5,7,20.0,266,5,19,3,14,25,3,29
5,3,4.0,285,6,15,0,14,106,2,30
5,3,4.0,285,6,16,1,5,12,1,30
3,8,26.0,278,5,13,0,2,40,4,3
3,2,1.0,16,6,11,0,10,47,1,7
5,3,9.0,44,4,8,1,10,47,2,12
5,5,1.0,109,5,17,1,11,18,1,7
5,11,27.0,322,1,7,1,11,122,1,15
3,8,1.0,66,0,17,0,1,35,4,7
5,11,27.0,322,1,15,0,2,69,2,15
5,10,13.0,346,0,14,1,15,39,2,25
5,10,21.0,341,1,15,1,13,48,1,21
5,10,18.0,246,6,1,0,11,15,0,0
5,10,18.0,246,6,19,1,3,115,2,0
5,6,7.0,169,3,10,0,1,1,1,11
5,3,14.0,33,1,12,0,9,54,1,5
5,6,7.0,169,3,1,0,15,31,1,11
5,6,7.0,169,3,3,1,2,35,4,11
5,3,14.0,33,1,14,0,9,49,1,5
5,6,14.0,173,3,6,0,7,120,1,5
5,6,7.0,169,3,5,1,12,104,4,11
5,8,17.0,74,4,2,2,10,22,3,6
5,3,22.0,166,2,4,0,8,9,1,26
5,5,15.0,200,5,17,1,0,12,1,1
5,6,7.0,169,3,23,1,0,77,1,11
5,8,17.0,74,4,9,0,5,12,2,6
5,9,5.0,89,4,18,2,6,89,3,24
5,7,30.0,42,0,13,0,14,24,2,19
5,5,15.0,200,5,16,1,13,48,0,1
5,5,15.0,200,5,23,0,11,122,4,1
5,3,30.0,304,4,5,1,6,7,0,19
5,5,15.0,200,5,14,0,3,44,1,1
5,5,16.0,239,6,4,0,4,4,1,2
5,5,16.0,239,6,4,0,16,74,2,2
5,5,16.0,239,6,6,1,0,12,0,2
5,5,30.0,294,6,22,0,13,21,1,19
5,5,30.0,294,6,4,0,2,86,3,19
5,5,30.0,294,6,11,1,11,124,1,19
5,5,31.0,196,3,17,0,14,34,3,20
5,5,30.0,294,6,0,1,9,57,4,19
5,5,31.0,196,3,11,0,14,131,2,20
5,5,31.0,196,3,5,0,1,11,0,20
5,5,31.0,196,3,8,0,2,2,2,20
5,6,6.0,83,6,6,0,11,129,4,23
5,6,6.0,83,6,6,0,5,6,1,23
5,6,6.0,83,6,20,0,9,49,3,23
5,6,6.0,83,6,3,0,10,43,3,23
5,6,6.0,83,6,8,0,8,9,3,23
5,6,6.0,83,6,17,1,7,31,0,23
5,6,6.0,83,6,12,0,3,44,1,23
5,6,6.0,83,6,18,0,2,69,0,23
5,6,6.0,83,6,12,1,8,19,0,23
5,6,7.0,169,3,6,2,10,47,3,11
5,6,7.0,169,3,19,1,5,0,2,11
5,3,30.0,304,4,3,1,8,9,1,19
5,5,5.0,96,1,0,0,0,12,1,24
5,5,5.0,96,1,6,0,16,72,1,24
5,5,5.0,96,1,21,1,10,22,1,24
5,11,11.0,175,3,12,3,9,10,0,9
5,9,9.0,320,0,19,1,5,6,0,12
5,9,18.0,359,2,16,0,10,23,1,0
5,11,1.0,222,4,13,0,6,128,1,7
5,11,11.0,175,3,4,3,5,12,1,9
5,11,11.0,175,3,12,0,8,41,1,9
5,11,11.0,175,3,17,2,8,9,3,9
5,10,27.0,302,0,21,0,3,30,1,15
5,9,9.0,320,0,5,0,13,99,2,12
5,9,8.0,90,3,2,0,9,102,0,8
5,11,28.0,123,2,13,0,13,28,1,18
5,11,11.0,175,3,11,1,15,31,1,9
5,11,28.0,123,2,23,0,5,64,3,18
5,11,28.0,123,2,22,0,6,128,4,18
5,11,28.0,123,2,21,1,9,93,0,18
5,11,28.0,123,2,18,1,14,24,2,18
5,9,2.0,323,0,19,0,9,58,4,22
3,4,18.0,26,6,1,0,1,1,1,0
5,9,27.0,179,5,13,0,13,13,4,15
5,7,3.0,269,1,20,0,12,61,1,27
5,6,1.0,158,0,11,0,6,91,0,7
5,11,11.0,175,3,11,0,8,19,0,9
5,9,9.0,320,0,1,0,9,57,2,12
5,11,18.0,332,3,15,0,1,16,2,0
5,9,3.0,217,1,9,0,10,43,1,27
5,11,1.0,222,4,17,0,3,30,1,7
5,7,3.0,269,1,1,0,1,1,1,27
5,3,3.0,182,5,8,1,10,47,1,27
5,3,18.0,165,6,19,1,7,111,1,0
5,6,1.0,158,0,1,0,6,7,3,7
5,11,1.0,222,4,11,3,12,84,0,7
5,10,27.0,302,0,5,1,14,106,1,15
5,10,20.0,223,0,12,0,1,67,4,29
5,11,18.0,332,3,13,0,7,62,2,0
5,9,3.0,217,1,4,0,6,14,4,27
5,9,3.0,217,1,19,1,5,12,1,27
5,9,3.0,217,1,13,3,0,26,1,27
5,9,9.0,320,0,22,2,16,130,3,12
5,3,12.0,104,3,2,1,11,10,4,28
5,3,26.0,343,3,20,0,9,109,2,3
5,3,26.0,343,3,4,0,1,105,3,3
5,11,1.0,222,4,19,0,3,79,1,7
5,3,22.0,166,2,22,0,13,36,3,26
5,11,4.0,275,3,6,1,4,121,0,30
5,6,14.0,173,3,18,0,2,3,4,5
5,11,4.0,275,3,0,1,10,47,0,30
2,6,1.0,352,6,22,0,2,92,4,7
5,11,6.0,252,1,16,1,11,90,0,23
5,1,31.0,305,0,5,3,10,47,3,20
5,11,6.0,252,1,16,1,16,72,2,23
5,11,6.0,252,1,12,0,15,31,3,23
5,6,12.0,162,5,7,3,1,105,3,28
5,11,14.0,147,2,0,0,13,13,3,5
5,6,12.0,162,5,14,2,2,69,3,28
3,0,27.0,23,6,8,3,14,24,1,15
5,11,11.0,175,3,11,1,9,134,4,9
5,6,4.0,159,4,17,0,11,124,1,30
5,1,31.0,305,0,18,1,10,47,0,20
5,3,22.0,166,2,18,0,6,91,1,26
5,5,5.0,96,1,7,1,0,53,4,24
5,5,5.0,96,1,3,1,3,30,4,24
5,5,5.0,96,1,2,0,6,7,0,24
5,5,5.0,96,1,1,0,15,46,1,24
5,5,5.0,96,1,9,0,2,86,1,24
5,5,8.0,199,5,17,0,0,64,3,8
5,5,8.0,199,5,0,0,0,26,1,8
5,5,8.0,199,5,13,1,6,91,1,8
5,5,8.0,199,5,16,1,16,72,4,8
5,5,8.0,199,5,14,0,13,29,3,8
5,3,22.0,166,2,16,0,11,15,0,26
5,3,22.0,166,2,13,0,15,96,1,26
5,3,22.0,166,2,8,0,9,27,3,26
5,3,22.0,166,2,14,0,10,47,3,26
5,5,5.0,96,1,19,0,2,69,0,24
5,8,23.0,102,2,6,0,6,14,3,17
5,5,5.0,96,1,0,0,9,102,0,24
5,5,8.0,199,5,9,0,15,108,3,8
5,5,5.0,96,1,6,3,8,118,3,24
5,5,15.0,200,5,11,0,0,26,3,1
5,5,15.0,200,5,12,0,5,6,3,1
5,11,27.0,322,1,22,0,14,34,3,15
5,7,2.0,160,0,4,3,1,1,2,22
5,7,25.0,41,2,1,0,1,81,4,13
3,3,1.0,180,1,17,0,14,34,1,7
5,5,12.0,327,1,16,0,5,12,3,28
5,7,28.0,34,6,12,0,12,100,1,18
5,5,4.0,114,0,19,1,4,66,2,30
5,5,2.0,307,6,3,0,13,36,0,22
5,5,12.0,327,1,18,2,1,11,3,28
5,11,10.0,360,6,0,1,2,86,0,4
3,0,12.0,113,5,17,0,13,48,4,28
1,3,1.0,180,5,17,0,13,69,4,7
5,3,11.0,337,6,17,0,1,81,0,9
5,6,9.0,236,1,13,3,8,19,0,12
5,5,16.0,239,6,11,1,15,31,1,2
5,6,14.0,173,3,1,1,15,108,0,5
5,6,16.0,38,1,9,0,14,32,1,2
5,5,16.0,239,6,13,0,2,13,0,2
5,5,15.0,200,5,3,0,13,99,2,1
5,5,16.0,239,6,12,0,2,40,4,2
5,5,16.0,239,6,12,0,9,54,4,2
5,5,15.0,200,5,20,1,0,12,2,1
5,5,30.0,294,6,5,0,6,7,4,19
5,5,30.0,294,6,20,0,14,34,2,19
5,5,30.0,294,6,11,0,5,6,3,19
5,5,30.0,294,6,19,0,2,2,3,19
5,5,30.0,294,6,4,0,8,41,3,19
5,5,30.0,294,6,14,0,8,33,3,19
5,5,31.0,196,3,8,0,5,12,2,20
5,5,31.0,196,3,18,0,2,86,4,20
5,6,6.0,83,6,16,0,2,69,0,23
5,6,6.0,83,6,3,0,0,77,1,23
5,9,2.0,323,0,6,2,15,31,3,22
5,9,3.0,217,1,0,0,13,21,2,27
5,11,28.0,123,2,11,3,11,94,3,18
5,11,14.0,147,2,16,2,10,47,3,5
5,1,14.0,183,5,13,1,9,101,1,5
5,1,16.0,2,3,5,3,12,104,3,2
5,1,15.0,1,6,4,0,13,29,3,1
5,1,16.0,2,3,9,0,15,37,3,2
5,4,15.0,132,4,5,1,9,102,4,1
5,4,15.0,132,4,22,0,13,29,3,1
5,4,15.0,132,4,19,3,0,12,0,1
5,4,15.0,132,4,10,1,14,107,1,1
5,4,26.0,80,0,10,0,10,22,3,3
5,4,26.0,80,0,15,0,11,124,3,3
5,4,24.0,27,6,11,0,10,47,2,14
5,4,26.0,80,0,19,2,14,125,2,3
5,4,26.0,80,0,5,1,8,19,4,3
5,4,26.0,80,0,14,0,12,56,3,3
5,11,14.0,147,2,5,0,2,123,1,5
5,2,1.0,16,3,23,1,8,27,4,7
5,11,21.0,192,2,19,0,0,77,3,21
5,2,9.0,21,0,20,0,14,125,2,12
5,11,21.0,192,2,1,0,6,7,0,21
5,11,22.0,250,4,16,0,2,71,3,26
5,11,22.0,250,4,3,0,13,38,2,26
5,11,22.0,250,4,3,3,10,47,0,26
5,11,22.0,250,4,19,1,13,28,0,26
5,11,22.0,250,4,18,0,9,101,3,26
5,11,29.0,270,4,2,0,4,45,3,16
5,11,29.0,270,4,4,0,1,16,3,16
5,9,4.0,295,2,4,0,9,10,1,30
5,9,4.0,295,2,18,0,1,35,3,30
5,9,5.0,89,4,2,0,16,37,2,24
5,9,5.0,89,4,9,0,0,26,2,24
5,9,14.0,106,6,10,0,16,139,1,5
5,9,14.0,106,6,15,0,2,69,0,5
5,9,14.0,106,6,8,0,8,33,0,5
5,9,14.0,106,6,23,1,1,1,1,5
5,9,14.0,106,6,4,0,6,89,1,5
5,9,14.0,106,6,3,1,16,139,4,5
5,9,14.0,106,6,1,0,13,29,1,5
5,7,4.0,186,2,13,0,2,2,1,30
5,7,13.0,238,5,23,0,6,73,3,25
5,7,15.0,205,3,6,0,3,79,1,1
5,7,15.0,205,3,12,0,0,15,3,1
5,7,4.0,186,2,17,0,13,28,3,30
5,7,29.0,268,3,16,0,16,37,4,16
5,7,29.0,268,3,16,0,4,75,3,16
5,7,29.0,268,3,13,0,8,27,0,16
5,7,29.0,268,3,2,0,6,116,1,16
5,7,29.0,268,3,2,0,9,102,1,16
5,7,30.0,42,0,6,0,0,64,3,19
5,3,14.0,33,1,3,0,9,95,0,5
5,3,14.0,33,1,1,0,15,31,2,5
5,5,5.0,96,1,22,3,11,15,0,24
5,5,15.0,200,5,3,0,14,107,2,1
5,6,14.0,173,3,8,1,1,1,1,5
5,10,22.0,314,2,4,1,15,51,1,26
5,1,6.0,97,4,2,2,5,6,0,23
5,10,22.0,314,2,22,3,14,25,3,26
5,6,7.0,169,3,22,0,10,47,2,11
5,6,7.0,169,3,5,1,3,79,4,11
5,6,7.0,169,3,12,0,8,9,3,11
5,6,7.0,169,3,1,0,5,6,3,11
5,6,7.0,169,3,13,2,8,9,3,11
5,6,7.0,169,3,14,0,15,51,1,11
5,6,7.0,169,3,13,0,11,117,1,11
5,6,14.0,173,3,13,0,13,99,4,5
5,6,14.0,173,3,6,1,0,26,1,5
5,6,14.0,173,3,3,0,0,68,3,5
5,6,14.0,173,3,5,0,10,47,3,5
5,6,14.0,173,3,12,0,11,117,3,5
5,6,16.0,38,1,17,0,16,37,1,2
5,6,16.0,38,1,8,0,8,9,1,2
5,6,16.0,38,1,1,0,1,59,0,2
5,10,7.0,243,1,6,0,16,130,3,11
5,10,7.0,243,1,16,2,13,48,0,11
5,10,7.0,243,1,4,0,0,15,2,11
5,10,8.0,213,2,17,0,1,16,3,8
5,10,8.0,213,2,16,0,0,26,1,8
5,10,8.0,213,2,8,0,0,26,3,8
5,2,9.0,21,0,0,1,1,11,0,12
5,2,9.0,21,0,4,1,16,42,4,12
5,2,9.0,21,0,17,0,5,6,0,12
5,2,9.0,21,0,13,0,4,75,4,12
5,2,9.0,21,0,1,3,13,28,0,12
5,0,10.0,129,4,16,1,4,136,0,4
5,0,10.0,129,4,2,0,13,36,1,4
5,0,18.0,0,5,10,0,1,11,3,0
5,0,18.0,0,5,21,1,11,18,0,0
3,0,18.0,0,4,3,1,5,6,1,0
5,10,4.0,356,6,2,0,10,47,2,30
5,11,17.0,110,6,7,1,10,43,1,6
5,5,11.0,326,0,22,0,1,59,2,9
3,6,1.0,158,3,12,0,13,28,1,7
5,1,13.0,207,4,4,0,8,41,3,25
5,3,29.0,325,2,17,1,0,77,0,16
5,10,4.0,356,6,8,2,8,65,3,30
5,1,4.0,286,1,6,1,1,11,4,30
5,1,20.0,151,4,1,0,9,102,3,29
5,2,5.0,127,4,23,0,11,6,3,24
5,2,19.0,137,4,17,1,0,12,1,10
5,0,19.0,13,6,9,1,0,85,1,10
4,11,13.0,312,2,17,0,10,22,3,25
5,1,18.0,82,1,8,0,7,20,1,0
5,8,27.0,78,3,11,3,13,29,1,15
5,6,7.0,169,3,0,1,2,86,0,11
5,6,6.0,83,6,14,0,9,95,2,23
5,6,7.0,169,3,1,0,16,130,1,11
5,6,14.0,173,3,12,0,10,47,0,5
5,6,14.0,173,3,13,1,12,61,1,5
5,6,14.0,173,3,9,2,9,102,3,5
5,10,8.0,213,2,15,0,12,80,3,8
5,10,8.0,213,2,5,1,2,2,4,8
5,10,8.0,213,2,4,2,10,43,0,8
5,10,8.0,213,2,14,0,8,118,4,8
5,10,8.0,213,2,19,2,5,6,3,8
5,10,9.0,150,4,16,1,11,55,4,12
5,10,9.0,150,4,18,2,10,22,3,12
5,10,16.0,201,4,16,1,11,98,4,2
5,10,15.0,60,2,6,1,12,83,4,1
5,10,16.0,201,4,4,0,2,86,1,2
5,10,16.0,201,4,15,1,12,121,1,2
5,1,6.0,97,4,17,0,0,26,3,23
5,8,16.0,73,2,13,0,14,24,2,2
5,2,8.0,258,3,4,1,9,83,4,8
5,0,17.0,12,4,23,0,15,108,0,6
5,7,12.0,181,4,12,1,11,18,0,28
5,7,27.0,53,5,13,0,12,61,2,15
5,3,1.0,180,2,20,1,13,99,4,7
5,5,3.0,161,3,21,0,15,46,2,27
5,10,21.0,341,1,6,2,0,96,3,21
5,8,5.0,101,6,4,1,0,64,0,24
5,7,27.0,53,5,17,1,10,47,4,15
5,5,29.0,24,5,2,0,9,63,2,16
5,9,4.0,295,2,15,0,4,121,3,30
5,9,5.0,89,4,15,0,13,38,2,24
5,9,5.0,89,4,8,0,12,104,2,24
5,9,5.0,89,4,2,0,7,111,1,24
5,9,5.0,89,4,14,2,1,81,3,24
5,9,5.0,89,4,12,0,9,95,2,24
5,9,14.0,106,6,6,0,16,50,1,5
5,9,14.0,106,6,6,2,9,54,3,5
5,9,14.0,106,6,20,0,1,105,3,5
5,9,14.0,106,6,13,0,0,96,3,5
5,9,5.0,89,4,17,1,0,12,1,24
5,3,14.0,33,1,22,0,2,2,1,5
5,3,14.0,33,1,3,1,15,114,1,5
5,9,14.0,106,6,9,2,4,45,3,5
5,6,20.0,215,6,19,3,12,56,3,29
5,7,26.0,316,4,2,0,3,76,0,3
5,5,29.0,24,5,17,1,1,105,4,16
5,11,10.0,360,6,22,0,4,79,2,4
5,11,3.0,288,6,15,0,0,77,2,27
5,11,12.0,118,0,2,3,3,115,0,28
5,11,24.0,194,6,20,0,10,43,3,14
5,11,31.0,227,6,17,2,10,47,3,20
5,11,12.0,118,0,20,0,1,1,3,28
5,11,24.0,194,6,19,2,7,111,3,14
5,9,6.0,51,5,0,1,13,48,0,23
5,9,6.0,51,5,1,0,10,47,0,23
5,9,6.0,51,5,5,1,1,105,1,23
5,10,5.0,336,3,23,0,13,28,2,24
5,10,14.0,174,1,12,3,12,84,3,5
5,11,12.0,118,0,15,1,15,108,1,28
5,9,12.0,177,4,8,0,3,30,0,28
5,9,12.0,177,4,10,1,12,61,1,28
5,9,22.0,92,3,18,0,2,13,1,26
5,9,22.0,92,3,5,0,2,2,2,26
5,9,24.0,272,1,23,0,1,1,1,14
5,9,24.0,272,1,19,0,15,31,3,14
5,9,22.0,92,3,12,0,9,49,3,26
5,7,7.0,293,6,17,1,9,87,0,11
5,7,7.0,293,6,3,2,8,118,1,11
5,9,14.0,106,6,9,2,3,44,0,5
5,7,4.0,186,2,20,2,6,91,0,30
5,7,4.0,186,2,2,0,10,22,3,30
5,7,4.0,186,2,19,0,9,87,4,30
5,7,4.0,186,2,4,0,10,22,2,30
5,7,13.0,238,5,22,0,10,47,0,25
5,7,13.0,238,5,0,1,13,29,1,25
5,7,13.0,238,5,1,0,0,31,3,25
5,7,13.0,238,5,14,2,16,50,1,25
5,7,15.0,205,3,10,2,12,80,3,1
5,7,15.0,205,3,6,1,9,63,2,1
5,7,15.0,205,3,13,0,2,40,4,1
5,7,15.0,205,3,1,0,2,92,1,1
5,7,15.0,205,3,4,0,9,57,0,1
5,7,29.0,268,3,22,0,16,72,1,16
5,7,29.0,268,3,3,0,5,6,2,16
5,7,29.0,268,3,12,0,6,89,0,16
5,7,29.0,268,3,3,0,1,16,4,16
5,7,29.0,268,3,18,0,10,6,3,16
5,7,30.0,42,0,21,0,0,12,3,19
5,7,30.0,42,0,3,0,4,121,1,19
5,7,30.0,42,0,19,2,6,7,0,19
5,3,5.0,324,3,22,1,14,131,4,24
5,3,5.0,324,3,19,0,12,80,0,24
5,3,5.0,324,3,1,3,0,64,3,24
5,3,7.0,289,1,10,2,0,68,2,11
5,3,7.0,289,1,8,0,8,33,3,11
5,3,14.0,33,1,9,0,5,12,3,5
5,3,30.0,304,4,23,0,0,26,1,19
5,3,30.0,304,4,8,0,4,82,3,19
5,3,15.0,35,2,7,0,4,66,2,1
5,3,23.0,57,4,9,0,1,67,4,17
5,5,6.0,277,2,16,1,9,57,0,23
5,5,6.0,277,2,10,2,7,62,3,23
5,10,17.0,256,5,10,0,8,118,1,6
5,7,6.0,93,5,18,0,12,61,1,23
5,11,31.0,227,6,5,3,9,27,0,20
5,3,13.0,210,0,17,0,13,29,1,25
5,5,6.0,277,2,12,3,2,69,0,23
5,11,5.0,240,0,3,1,6,7,0,24
5,7,24.0,68,1,17,1,0,26,2,14
5,11,5.0,240,0,1,0,15,96,4,24
5,11,5.0,240,0,12,0,0,26,2,24
5,11,12.0,118,0,23,1,16,50,1,28
3,0,22.0,241,0,4,3,8,9,3,26
5,11,24.0,194,6,0,0,13,13,0,14
5,11,24.0,194,6,20,0,14,88,3,14
5,10,31.0,135,5,19,0,5,6,1,20
5,7,7.0,293,6,4,0,9,101,2,11
5,11,5.0,240,0,5,1,14,106,4,24
5,7,24.0,68,1,4,0,10,22,1,14
5,7,24.0,68,1,17,0,9,57,3,14
5,10,31.0,135,5,19,2,13,21,2,20
5,11,5.0,240,0,10,0,10,6,3,24
5,10,17.0,256,5,11,0,8,41,1,6
5,7,24.0,68,1,15,0,7,78,1,14
5,10,31.0,135,5,4,2,16,50,1,20
5,11,24.0,194,6,3,0,8,9,1,14
5,11,13.0,312,1,8,1,0,77,4,25
5,11,24.0,194,6,15,0,6,7,4,14
5,3,13.0,210,0,21,1,7,8,0,25
5,10,17.0,256,5,22,2,13,29,2,6
3,0,31.0,290,2,1,0,7,111,1,20
5,1,8.0,62,6,2,1,4,127,0,8
5,9,16.0,107,0,5,1,15,114,4,2
5,5,7.0,349,4,9,2,15,51,3,11
5,7,24.0,68,1,22,0,15,46,3,14
5,3,13.0,210,0,11,0,5,6,3,25
5,10,17.0,256,5,2,2,10,47,0,6
5,10,17.0,256,5,1,0,3,103,3,6
5,10,23.0,247,4,6,2,11,6,2,17
5,10,23.0,247,4,17,2,2,69,0,17
5,10,25.0,56,6,20,0,1,67,0,13
5,10,25.0,56,6,2,0,10,22,1,13
5,10,25.0,56,6,12,1,15,46,4,13
3,0,31.0,290,2,13,3,1,67,4,20
5,10,31.0,135,5,5,0,11,15,2,20
5,10,31.0,135,5,14,0,2,2,3,20
5,10,31.0,135,5,6,1,10,12,1,20
5,1,8.0,62,6,15,1,12,100,4,8
5,1,14.0,183,5,11,2,7,62,3,5
5,1,14.0,183,5,13,0,6,89,4,5
5,1,14.0,183,5,14,1,13,36,1,5
5,1,14.0,183,5,14,0,12,61,4,5
5,1,15.0,1,6,5,0,14,24,4,1
5,1,15.0,1,6,2,2,10,22,0,1
5,5,25.0,350,0,19,2,10,47,0,13
5,5,25.0,350,0,1,0,12,104,3,13
5,6,15.0,49,0,19,0,1,1,1,1
5,6,17.0,244,2,21,0,8,9,1,6
5,6,17.0,244,2,15,0,5,6,0,6
5,6,17.0,244,2,11,0,16,65,4,6
5,6,17.0,244,2,2,0,14,25,0,6
5,6,17.0,244,2,8,0,2,86,4,6
5,6,22.0,185,0,23,0,2,2,0,26
5,6,22.0,185,0,8,1,9,83,1,26
5,5,22.0,163,5,6,1,3,30,0,26
5,6,24.0,31,2,17,1,0,53,4,14
5,6,24.0,31,2,15,0,15,96,3,14
5,6,24.0,31,2,11,0,13,48,1,14
5,6,24.0,31,2,8,0,6,89,1,14
5,10,5.0,336,3,7,2,15,46,3,24
5,10,5.0,336,3,8,0,5,12,0,24
5,10,5.0,336,3,2,2,8,9,0,24
5,10,5.0,336,3,19,0,15,85,0,24
5,10,5.0,336,3,12,0,16,72,3,24
5,1,16.0,2,3,16,0,6,128,3,2
5,1,16.0,2,3,21,0,0,15,1,2
5,1,15.0,1,6,14,1,13,99,0,1
5,1,16.0,2,3,17,3,8,19,0,2
5,1,16.0,2,3,2,0,10,12,0,2
5,1,16.0,2,3,19,1,9,102,4,2
5,1,16.0,2,3,12,0,10,47,2,2
5,1,16.0,2,3,19,0,5,6,0,2
5,1,16.0,2,3,18,0,1,1,3,2
5,1,17.0,63,0,6,2,12,104,0,6
5,1,17.0,63,0,3,0,11,122,3,6
5,1,17.0,63,0,11,1,3,79,1,6
5,1,17.0,63,0,19,0,2,2,0,6
5,1,17.0,63,0,5,2,1,59,2,6
5,1,17.0,63,0,9,1,5,12,2,6
5,1,8.0,62,6,17,0,2,2,4,8
5,1,23.0,69,3,2,0,3,79,0,17
5,1,23.0,69,3,2,2,6,14,0,17
5,1,23.0,69,3,14,1,10,12,0,17
5,3,20.0,105,0,12,0,3,30,3,29
5,6,27.0,116,6,18,0,0,64,0,15
5,10,11.0,298,6,17,0,6,89,0,9
5,6,12.0,162,5,18,2,10,22,3,28
5,5,31.0,196,3,5,1,9,57,0,20
5,5,31.0,196,3,17,1,0,68,0,20
5,5,31.0,196,3,22,0,1,11,2,20
5,5,31.0,196,3,18,0,3,103,3,20
5,5,30.0,294,6,6,0,5,6,1,19
5,5,8.0,199,5,22,0,10,22,3,8
5,5,8.0,199,5,12,0,2,60,1,8
5,5,15.0,200,5,21,3,14,25,0,1
5,5,16.0,239,6,6,0,3,103,1,2
5,5,16.0,239,6,11,0,9,54,1,2
5,5,16.0,239,6,12,0,8,9,3,2
5,5,16.0,239,6,4,2,10,22,3,2
5,5,16.0,239,6,14,2,8,41,3,2
5,5,15.0,200,5,22,3,9,95,3,1
5,1,9.0,50,3,5,1,14,97,4,12
5,5,30.0,294,6,17,1,9,57,4,19
5,5,30.0,294,6,4,2,8,118,3,19
5,5,31.0,196,3,9,1,4,127,4,20
5,6,6.0,83,6,13,0,14,25,1,23
5,6,7.0,169,3,15,0,9,93,0,11
5,6,7.0,169,3,12,0,8,9,3,11
5,6,7.0,169,3,12,0,15,39,3,11
5,6,7.0,169,3,18,2,5,6,0,11
5,5,17.0,212,3,8,0,3,44,2,6
5,7,1.0,98,3,20,0,1,16,4,7
5,5,21.0,351,4,1,3,3,79,3,21
5,6,2.0,352,1,20,1,5,0,2,22
5,6,12.0,162,5,22,1,6,91,0,28
5,7,9.0,273,0,2,0,3,30,2,12
5,3,23.0,57,4,17,2,5,6,0,17
5,7,4.0,186,2,17,1,10,52,4,30
5,11,12.0,118,0,5,0,0,53,3,28
5,3,13.0,210,0,11,0,5,6,3,25
5,5,7.0,349,4,19,0,5,12,2,11
5,7,4.0,186,2,8,0,10,22,1,30
5,3,23.0,57,4,0,2,10,47,0,17
5,11,12.0,118,0,9,0,6,73,3,28
5,11,12.0,118,0,3,0,0,77,3,28
5,7,14.0,125,6,18,1,10,22,1,5
5,7,4.0,186,2,16,0,5,12,0,30
5,5,13.0,184,2,16,0,0,12,1,25
5,5,14.0,36,4,19,3,10,22,3,5
5,7,7.0,293,6,5,1,2,71,4,11
5,3,13.0,210,0,8,0,1,67,1,25
5,11,12.0,118,0,22,1,12,61,4,28
5,7,24.0,68,1,5,0,6,14,4,14
5,5,14.0,36,4,4,0,13,38,0,5
5,5,13.0,184,2,0,1,14,34,0,25
5,7,4.0,186,2,4,0,15,46,1,30
5,11,24.0,194,6,17,0,11,15,1,14
5,7,5.0,204,4,22,0,10,23,2,24
5,11,5.0,240,0,7,1,13,21,2,24
5,3,15.0,35,2,17,1,0,26,0,1
5,7,7.0,293,6,18,0,8,9,1,11
5,5,22.0,163,5,5,0,15,51,1,26
5,5,13.0,184,2,11,1,10,52,1,25
5,7,4.0,186,2,1,2,5,12,0,30
5,3,13.0,210,0,8,2,0,64,0,25
5,5,5.0,96,1,14,0,6,91,1,24
5,11,12.0,118,0,19,1,12,56,4,28
5,5,22.0,163,5,18,0,10,6,3,26
5,9,14.0,106,6,13,1,16,130,2,5
5,5,23.0,168,6,10,1,10,47,0,17
5,3,15.0,35,2,2,0,13,21,0,1
5,5,8.0,199,5,17,2,3,44,3,8
5,5,8.0,199,5,3,0,10,12,2,8
5,1,7.0,32,5,1,1,6,7,4,11
5,3,22.0,166,2,7,1,2,3,4,26
5,3,22.0,166,2,13,0,8,27,1,26
5,3,22.0,166,2,12,0,10,23,1,26
5,3,22.0,166,2,1,0,10,6,3,26
5,3,30.0,304,4,12,0,16,50,3,19
5,5,5.0,96,1,10,0,1,67,3,24
5,5,8.0,199,5,2,0,6,89,3,8
5,5,15.0,200,5,3,0,0,53,3,1
5,5,16.0,239,6,3,0,5,6,3,2
5,5,16.0,239,6,2,1,0,26,4,2
5,5,15.0,200,5,12,0,1,11,3,1
5,5,16.0,239,6,6,1,3,115,0,2
5,5,30.0,294,6,17,0,15,112,2,19
5,5,30.0,294,6,21,1,9,57,0,19
5,5,30.0,294,6,13,0,13,28,3,19
5,5,30.0,294,6,18,0,9,102,0,19
5,3,13.0,210,0,17,0,5,6,3,25
5,3,13.0,210,0,13,0,5,64,0,25
5,3,13.0,210,0,1,0,5,12,0,25
5,9,22.0,92,3,8,0,11,18,2,26
5,3,13.0,210,0,9,0,7,111,1,25
5,3,13.0,210,0,8,0,0,26,1,25
5,3,13.0,210,0,13,0,1,11,2,25
5,3,15.0,35,2,16,0,15,51,0,1
5,3,15.0,35,2,20,0,0,64,2,1
5,5,6.0,277,2,6,0,4,121,3,23
5,5,6.0,277,2,20,1,5,6,0,23
5,5,6.0,277,2,4,0,13,99,2,23
5,5,6.0,277,2,19,0,1,35,4,23
5,5,14.0,36,4,16,0,8,118,1,5
5,5,14.0,36,4,1,0,10,47,2,5
5,3,13.0,210,0,22,0,0,0,0,25
5,3,13.0,210,0,14,0,9,49,4,25
2,10,27.0,216,6,17,0,14,107,1,15
5,3,23.0,57,4,2,1,13,13,4,17
5,3,23.0,57,4,14,0,1,59,4,17
5,7,23.0,202,0,18,0,1,35,3,17
5,5,13.0,184,2,5,1,11,15,1,25
5,5,24.0,58,3,12,0,8,118,1,14
5,10,31.0,135,5,9,0,7,120,0,20
5,1,8.0,62,6,13,0,2,86,1,8
5,1,8.0,62,6,22,0,5,12,2,8
5,1,8.0,62,6,19,0,1,1,3,8
5,1,8.0,62,6,23,1,12,80,4,8
5,1,8.0,62,6,14,0,0,26,3,8
5,1,8.0,62,6,14,1,15,114,4,8
5,1,14.0,183,5,6,0,8,9,2,5
5,1,15.0,1,6,15,0,2,71,4,1
5,1,15.0,1,6,11,0,15,39,3,1
5,1,15.0,1,6,19,3,14,24,3,1
5,1,16.0,2,3,11,0,16,37,1,2
5,1,16.0,2,3,5,0,12,100,4,2
5,1,16.0,2,3,15,0,13,61,0,2
5,10,6.0,242,0,5,0,0,12,0,23
5,11,20.0,340,1,18,0,9,27,0,29
5,3,23.0,57,4,14,1,12,56,1,17
5,5,6.0,277,2,15,0,5,6,0,23
5,5,6.0,277,2,9,0,13,29,2,23
5,5,14.0,36,4,5,0,10,12,4,5
5,5,14.0,36,4,3,0,13,69,2,5
5,5,14.0,36,4,2,0,13,29,1,5
5,5,22.0,163,5,16,0,4,79,3,26
5,5,22.0,163,5,0,2,8,41,3,26
5,3,13.0,210,0,13,0,4,75,1,25
5,5,22.0,163,5,5,0,15,39,2,26
5,5,22.0,163,5,9,0,8,9,1,26
5,5,22.0,163,5,18,0,9,134,3,26
5,5,25.0,350,0,0,1,13,28,2,13
5,5,25.0,350,0,5,1,9,87,4,13
5,5,25.0,350,0,18,0,6,7,1,13
5,5,25.0,350,0,13,0,10,12,2,13
5,6,15.0,49,0,16,0,5,64,2,1
5,6,15.0,49,0,6,0,14,24,2,1
5,6,15.0,49,0,8,0,2,86,3,1
5,7,6.0,93,5,22,0,8,41,2,23
5,7,14.0,125,6,10,1,0,26,0,5
5,10,6.0,242,0,22,0,10,47,0,23
5,6,30.0,145,1,5,3,6,7,3,19
5,11,12.0,118,0,9,0,6,73,3,28
5,5,24.0,58,3,21,1,1,105,0,14
5,5,22.0,163,5,18,0,10,47,0,26
5,5,25.0,350,0,20,0,13,48,1,13
5,3,15.0,35,2,22,0,7,120,4,1
5,9,14.0,106,6,22,1,16,130,2,5
5,5,22.0,163,5,18,2,2,2,3,26
5,11,24.0,194,6,6,1,12,100,4,14
5,5,22.0,163,5,12,1,0,31,1,26
5,7,13.0,238,5,6,0,7,31,1,25
5,5,24.0,58,3,19,0,10,22,2,14
5,3,15.0,35,2,4,3,5,64,3,1
5,11,24.0,194,6,2,1,3,30,4,14
5,9,22.0,92,3,11,1,1,11,1,26
5,5,24.0,58,3,14,1,9,58,4,14
5,7,13.0,238,5,1,2,0,64,0,25
5,3,23.0,57,4,20,0,5,12,1,17
5,11,5.0,240,0,3,0,5,6,2,24
5,3,13.0,210,0,3,0,6,128,3,25
5,5,25.0,350,0,16,0,15,39,3,13
5,5,25.0,350,0,0,1,2,2,0,13
5,6,5.0,342,5,8,2,16,74,3,24
5,3,23.0,57,4,2,0,10,22,3,17
5,11,5.0,240,0,9,0,15,31,1,24
5,11,5.0,240,0,20,0,14,24,2,24
5,11,12.0,118,0,21,2,11,18,0,28
5,11,12.0,118,0,13,2,15,108,3,28
5,11,12.0,118,0,19,0,13,28,4,28
5,11,24.0,194,6,14,2,0,0,0,14
5,11,24.0,194,6,2,1,1,16,4,14
5,11,24.0,194,6,9,0,15,112,1,14
5,11,31.0,227,6,7,0,6,116,4,20
5,11,31.0,227,6,20,0,5,6,3,20
5,5,16.0,239,6,4,1,16,39,4,2
5,11,29.0,270,4,0,1,9,63,1,16
5,9,23.0,167,0,18,1,15,39,4,17
5,11,22.0,250,4,12,2,0,64,0,26
5,10,17.0,256,5,22,1,8,19,1,6
5,10,23.0,247,4,20,0,11,133,2,17
5,10,23.0,247,4,7,0,7,20,0,17
5,10,25.0,56,6,13,0,12,61,1,13
5,10,31.0,135,5,21,1,6,7,0,20
5,11,13.0,312,1,1,0,5,64,2,25
5,9,21.0,362,6,4,1,13,69,4,21
5,9,16.0,107,0,18,0,7,57,0,2
5,7,6.0,93,5,12,1,4,121,0,23
5,11,13.0,312,1,1,0,14,34,3,25
5,11,13.0,312,1,16,1,10,47,0,25
5,9,13.0,91,5,4,1,0,64,0,25
5,9,13.0,91,5,19,0,3,44,4,25
5,9,21.0,362,6,1,0,7,78,3,21
5,3,6.0,303,0,13,1,11,133,0,23
5,3,21.0,338,1,17,1,7,62,1,21
5,11,7.0,253,2,2,3,5,6,3,11
5,7,14.0,125,6,5,0,0,31,2,5
5,7,5.0,204,4,3,1,10,12,1,24
5,3,6.0,303,0,18,2,12,84,3,23
5,10,25.0,56,6,12,0,12,80,0,13
5,10,25.0,56,6,18,0,1,1,0,13
5,11,31.0,227,6,20,0,5,12,3,20
5,10,14.0,174,1,15,2,8,41,3,5
5,6,15.0,49,0,0,0,8,9,1,1
5,11,31.0,227,6,11,0,2,40,4,20
5,11,31.0,227,6,1,2,9,9,0,20
5,11,31.0,227,6,18,0,10,47,3,20
5,9,6.0,51,5,11,0,3,44,1,23
5,9,6.0,51,5,3,0,6,7,3,23
5,9,12.0,177,4,23,1,5,64,1,28
5,11,31.0,227,6,2,0,9,63,1,20
5,11,31.0,227,6,20,0,2,3,2,20
5,9,6.0,51,5,13,0,12,80,1,23
5,9,6.0,51,5,3,0,13,48,1,23
5,11,22.0,250,4,1,0,11,18,3,26
5,11,29.0,270,4,11,1,14,25,0,16
5,11,29.0,270,4,1,0,11,15,2,16
5,11,6.0,252,1,18,0,14,24,2,23
5,9,4.0,295,2,19,0,13,38,4,30
5,9,4.0,295,2,19,0,1,11,3,30
5,9,5.0,89,4,11,2,2,86,0,24
5,9,5.0,89,4,21,1,3,30,1,24
5,9,5.0,89,4,22,0,12,61,4,24
5,9,5.0,89,4,17,2,5,12,0,24
5,9,5.0,89,4,8,1,7,137,4,24
5,9,5.0,89,4,1,0,4,138,1,24
5,9,5.0,89,4,9,2,9,93,3,24
5,9,5.0,89,4,14,2,9,134,3,24
5,9,4.0,295,2,19,1,0,12,1,30
5,11,22.0,250,4,12,0,15,46,2,26
5,3,14.0,33,1,18,0,0,26,1,5
5,5,5.0,96,1,4,1,0,26,4,24
5,5,5.0,96,1,0,3,0,12,1,24
5,9,14.0,106,6,5,2,2,2,3,5
5,9,23.0,167,0,17,1,0,64,0,17
5,9,12.0,177,4,3,1,9,83,4,28
5,9,12.0,177,4,4,0,10,30,0,28
5,9,22.0,92,3,20,1,14,126,4,26
5,9,24.0,272,1,7,0,2,2,3,14
5,7,13.0,238,5,11,1,0,15,1,25
5,11,12.0,118,0,16,1,6,7,0,28
5,5,25.0,350,0,9,2,12,84,3,13
5,6,5.0,342,5,15,1,1,67,4,24
5,3,13.0,210,0,12,0,8,9,1,25
5,11,12.0,118,0,4,0,16,74,1,28
5,11,12.0,118,0,3,1,7,54,4,28
5,11,24.0,194,6,21,1,9,101,0,14
5,11,24.0,194,6,1,0,6,7,1,14
5,11,31.0,227,6,17,0,10,23,3,20
5,9,4.0,295,2,14,0,0,85,4,30
5,11,4.0,275,3,12,0,5,6,3,30
5,11,4.0,275,3,9,0,14,131,1,30
5,11,6.0,252,1,22,0,12,56,1,23
5,11,4.0,275,3,16,3,13,38,4,30
5,11,14.0,147,2,7,0,16,42,1,5
5,11,14.0,147,2,6,0,8,65,0,5
5,11,14.0,147,2,12,1,4,127,1,5
5,11,21.0,192,2,21,0,7,78,3,21
5,11,21.0,192,2,10,1,15,46,0,21
5,11,21.0,192,2,2,0,2,92,4,21
5,11,21.0,192,2,4,2,7,120,0,21
5,11,21.0,192,2,18,0,8,41,3,21
5,11,22.0,250,4,6,0,10,22,1,26
5,11,21.0,192,2,14,1,2,3,0,21
5,11,22.0,250,4,23,1,8,41,4,26
5,11,22.0,250,4,7,1,12,80,0,26
5,11,21.0,192,2,19,1,3,115,1,21
5,11,22.0,250,4,20,1,11,18,1,26
5,11,22.0,250,4,14,2,9,49,3,26
5,11,22.0,250,4,18,0,7,137,1,26
5,11,29.0,270,4,21,0,8,27,1,16
5,11,29.0,270,4,17,3,1,11,3,16
5,11,31.0,227,6,16,2,9,93,3,20
5,11,31.0,227,6,19,0,11,133,2,20
5,11,31.0,227,6,1,0,15,51,0,20
3,0,30.0,228,1,22,0,15,46,3,19
5,10,5.0,336,3,0,1,16,74,4,24
5,10,24.0,261,5,5,0,10,47,3,14
5,11,31.0,227,6,18,0,1,11,4,20
5,9,6.0,51,5,22,0,2,92,3,23
5,9,12.0,177,4,5,1,1,67,0,28
5,9,12.0,177,4,14,0,0,77,1,28
5,9,12.0,177,4,9,0,5,6,1,28
5,9,12.0,177,4,3,1,12,61,4,28
5,9,22.0,92,3,8,0,1,11,3,26
5,9,22.0,92,3,19,0,10,43,3,26
5,9,22.0,92,3,2,0,10,22,0,26
5,9,12.0,177,4,12,0,10,22,1,28
5,11,29.0,270,4,1,0,0,26,1,16
5,11,29.0,270,4,18,0,7,78,2,16
5,9,4.0,295,2,6,0,10,47,0,30
5,9,4.0,295,2,16,2,10,47,0,30
5,9,23.0,167,0,2,1,6,128,4,17
5,7,4.0,186,2,12,0,8,118,1,30
5,7,4.0,186,2,18,1,11,124,0,30
5,7,13.0,238,5,8,1,13,38,2,25
5,7,13.0,238,5,4,0,8,33,0,25
5,7,13.0,238,5,4,0,9,63,4,25
5,7,13.0,238,5,4,0,16,50,2,25
5,7,13.0,238,5,12,0,14,24,2,25
5,7,15.0,205,3,8,1,9,95,1,1
5,7,15.0,205,3,9,0,10,47,0,1
5,7,29.0,268,3,8,3,9,27,3,16
5,7,29.0,268,3,2,2,10,12,0,16
5,7,29.0,268,3,18,0,6,132,3,16
5,7,30.0,42,0,22,0,7,120,2,19
5,7,30.0,42,0,22,0,14,32,1,19
5,3,5.0,324,3,11,0,13,29,2,24
5,3,5.0,324,3,20,0,4,75,3,24
5,3,5.0,324,3,22,2,16,130,3,24
5,9,12.0,177,4,17,1,0,77,1,28
3,2,21.0,108,5,17,1,5,6,1,21
5,9,22.0,92,3,10,0,10,22,3,26
5,9,22.0,92,3,13,0,3,115,2,26
5,9,22.0,92,3,8,0,0,15,2,26
5,9,22.0,92,3,3,1,1,81,4,26
5,9,22.0,92,3,1,0,15,119,3,26
5,9,24.0,272,1,11,2,8,9,0,14
5,9,24.0,272,1,2,0,2,69,4,14
5,9,24.0,272,1,8,0,2,69,2,14
5,9,24.0,272,1,22,0,16,74,1,14
5,9,24.0,272,1,14,2,14,32,3,14
5,7,15.0,205,3,13,1,11,133,4,1
5,5,25.0,350,0,16,1,5,6,2,13
5,7,13.0,238,5,14,1,1,59,4,25
5,3,13.0,210,0,9,0,9,109,1,25
5,6,5.0,342,5,14,2,8,27,3,24
5,5,14.0,36,4,2,0,14,24,2,5
5,6,8.0,59,0,6,0,7,8,2,8
5,7,15.0,205,3,22,0,13,61,2,1
5,3,13.0,210,0,1,0,10,43,1,25
5,7,15.0,205,3,22,0,14,24,0,1
5,6,15.0,49,0,6,0,5,6,1,1
5,7,29.0,268,3,13,1,6,7,4,16
5,6,8.0,59,0,0,1,9,93,1,8
5,7,30.0,42,0,21,0,5,12,1,19
5,3,15.0,35,2,0,0,15,39,0,1
5,6,15.0,49,0,2,0,9,49,3,1
5,10,17.0,256,5,18,1,5,12,0,6
5,7,29.0,268,3,2,0,1,105,3,16
5,6,8.0,59,0,11,0,6,116,1,8
5,7,30.0,42,0,1,2,14,25,0,19
5,7,30.0,42,0,0,0,10,47,1,19
5,10,31.0,135,5,22,1,0,68,4,20
5,6,17.0,244,2,16,0,11,18,0,6
5,10,23.0,247,4,17,1,14,25,1,17
5,3,5.0,324,3,16,1,15,108,0,24
5,6,17.0,244,2,19,0,13,69,1,6
5,1,8.0,62,6,7,1,3,103,0,8
5,3,5.0,324,3,21,1,1,1,0,24
5,6,22.0,185,0,6,0,5,12,0,26
5,3,5.0,324,3,8,2,8,19,0,24
5,6,8.0,59,0,15,2,2,35,3,8
5,1,8.0,62,6,2,2,8,19,0,8
5,3,5.0,324,3,19,0,2,123,0,24
5,3,5.0,324,3,9,0,10,47,2,24
5,6,8.0,59,0,20,1,9,101,1,8
5,6,8.0,59,0,18,1,6,7,0,8
5,6,13.0,317,6,19,0,2,2,2,25
5,6,13.0,317,6,22,0,13,48,3,25
5,11,4.0,275,3,3,0,6,7,1,30
5,11,4.0,275,3,8,0,5,6,0,30
5,11,4.0,275,3,12,0,7,8,1,30
5,11,6.0,252,1,17,1,12,56,4,23
5,11,6.0,252,1,4,1,12,17,4,23
5,11,6.0,252,1,18,0,9,93,1,23
5,11,14.0,147,2,0,2,1,59,3,5
5,11,21.0,192,2,6,0,11,133,2,21
5,11,21.0,192,2,20,0,1,1,3,21
5,11,21.0,192,2,14,0,1,11,4,21
5,11,21.0,192,2,14,1,9,27,0,21
5,11,21.0,192,2,1,2,12,80,1,21
5,11,29.0,270,4,12,0,11,94,2,16
5,9,5.0,89,4,19,0,8,9,1,24
5,6,13.0,317,6,14,0,5,64,1,25
5,6,13.0,317,6,22,1,1,67,4,25
5,6,23.0,84,1,14,0,10,30,0,17
5,6,25.0,39,4,6,0,13,36,1,13
5,6,25.0,39,4,8,0,6,89,4,13
5,6,25.0,39,4,19,0,5,6,3,13
5,6,25.0,39,4,0,1,15,46,0,13
5,6,25.0,39,4,6,1,9,10,4,13
5,6,25.0,39,4,14,0,9,95,2,13
5,6,30.0,145,1,11,0,2,2,1,19
5,6,30.0,145,1,22,0,3,44,1,19
5,10,6.0,242,0,7,0,4,136,1,23
5,10,6.0,242,0,7,1,3,79,0,23
5,10,6.0,242,0,4,0,11,18,1,23
5,10,17.0,256,5,22,1,14,25,4,6
5,10,17.0,256,5,14,0,0,26,2,6
5,10,23.0,247,4,15,2,15,96,0,17
5,10,23.0,247,4,1,2,13,99,0,17
5,11,24.0,194,6,1,1,15,39,4,14
5,11,24.0,194,6,18,0,5,12,1,14
5,6,22.0,185,0,4,0,6,116,3,26
5,10,5.0,336,3,18,0,12,61,3,24
5,11,5.0,240,0,14,0,12,80,0,24
5,11,12.0,118,0,14,0,9,95,1,28
5,11,31.0,227,6,21,1,1,67,0,20
5,11,31.0,227,6,22,0,4,127,4,20
5,6,24.0,31,2,2,1,1,35,4,14
5,5,30.0,294,6,19,0,0,68,3,19
5,6,7.0,169,3,18,0,13,28,1,11
5,11,21.0,192,2,3,3,13,48,3,21
5,11,22.0,250,4,8,0,12,84,4,26
5,10,23.0,247,4,12,0,3,79,1,17
5,10,25.0,56,6,16,0,5,6,3,13
5,10,25.0,56,6,20,0,5,12,3,13
2,5,1.0,307,2,13,3,1,11,4,7
5,6,23.0,84,1,12,0,3,115,0,17
5,6,23.0,84,1,18,0,0,12,3,17
5,6,23.0,84,1,8,0,8,118,0,17
5,6,25.0,39,4,4,0,11,15,2,13
5,6,30.0,145,1,3,0,1,59,1,19
5,6,30.0,145,1,9,1,9,134,4,19
5,6,30.0,145,1,1,0,10,47,3,19
5,10,6.0,242,0,11,2,14,125,2,23
5,10,6.0,242,0,16,1,3,70,1,23
5,10,6.0,242,0,9,0,5,12,3,23
5,10,6.0,242,0,17,3,12,104,3,23
5,10,17.0,256,5,0,0,8,33,1,6
5,10,17.0,256,5,23,2,9,95,3,6
5,6,22.0,185,0,3,0,0,64,3,26
5,6,22.0,185,0,1,2,3,44,0,26
5,6,22.0,185,0,4,2,2,86,3,26
5,3,7.0,289,1,5,2,5,6,0,11
5,7,13.0,238,5,5,0,2,69,0,25
5,3,14.0,33,1,21,1,6,7,0,5
5,7,13.0,238,5,19,0,1,59,3,25
5,5,5.0,96,1,15,2,12,80,3,24
5,3,22.0,166,2,21,1,9,87,1,26
5,7,11.0,197,2,2,1,5,6,2,9
5,7,15.0,205,3,17,2,9,93,3,1
5,3,18.0,165,6,8,0,15,114,3,0
5,7,15.0,205,3,11,0,8,9,0,1
5,7,15.0,205,3,8,0,9,93,3,1
5,7,4.0,186,2,13,0,14,24,2,30
5,7,13.0,238,5,12,0,3,30,3,25
5,7,29.0,268,3,20,0,11,15,2,16
5,11,4.0,275,3,6,1,2,69,4,30
5,11,4.0,275,3,19,0,3,115,1,30
5,11,6.0,252,1,14,0,12,121,1,23
5,5,30.0,294,6,18,0,13,99,2,19
5,9,5.0,89,4,15,0,14,106,2,24
5,11,14.0,147,2,11,0,2,86,1,5
5,11,14.0,147,2,8,0,2,69,0,5
5,11,14.0,147,2,19,1,12,56,4,5
5,11,14.0,147,2,18,0,5,64,2,5
5,11,21.0,192,2,0,1,6,7,0,21
5,11,21.0,192,2,12,0,8,27,0,21
5,11,22.0,250,4,4,1,14,25,4,26
5,9,4.0,295,2,0,1,2,60,4,30
5,9,5.0,89,4,2,0,12,80,2,24
5,9,14.0,106,6,5,1,6,89,4,5
5,9,23.0,167,0,6,1,15,51,4,17
5,7,4.0,186,2,11,2,6,91,0,30
5,7,4.0,186,2,5,1,14,25,4,30
5,11,4.0,275,3,2,0,9,57,0,30
5,11,6.0,252,1,16,0,10,43,3,23
5,11,6.0,252,1,6,0,6,89,4,23
5,11,6.0,252,1,1,0,10,22,1,23
5,11,6.0,252,1,9,0,14,24,1,23
5,11,6.0,252,1,16,0,6,7,0,23
5,3,7.0,289,1,9,2,9,101,0,11
5,11,6.0,252,1,14,0,6,128,4,23
5,9,5.0,89,4,19,0,14,24,2,24
3,0,7.0,15,3,12,3,8,118,0,11
5,9,23.0,167,0,6,1,15,51,4,17
5,11,14.0,147,2,17,0,13,36,1,5
5,11,14.0,147,2,3,0,2,13,1,5
5,11,14.0,147,2,12,0,1,59,2,5
5,11,21.0,192,2,17,0,5,12,3,21
5,1,8.0,62,6,6,0,2,69,0,8
5,7,13.0,238,5,15,1,9,93,4,25
5,7,13.0,238,5,2,0,6,14,4,25
5,7,13.0,238,5,4,0,12,56,0,25
5,7,13.0,238,5,19,0,1,11,0,25
5,7,13.0,238,5,1,3,6,7,4,25
5,6,24.0,31,2,21,1,1,105,0,14
5,6,24.0,31,2,3,0,2,86,4,14
5,10,5.0,336,3,22,0,15,119,0,24
5,10,5.0,336,3,4,0,13,29,1,24
5,10,14.0,174,1,5,0,3,115,4,5
5,3,23.0,57,4,13,2,13,13,2,17
5,5,6.0,277,2,10,0,10,22,2,23
5,5,6.0,277,2,5,0,1,81,4,23
5,5,6.0,277,2,9,0,2,2,1,23
5,5,14.0,36,4,14,2,6,7,3,5
5,5,14.0,36,4,18,2,0,68,3,5
5,5,14.0,36,4,5,1,14,125,4,5
5,5,22.0,163,5,1,1,1,105,4,26
5,3,19.0,138,3,3,3,5,64,2,10
5,3,20.0,105,0,20,0,9,102,1,29
5,1,8.0,62,6,0,1,8,19,0,8
5,3,13.0,210,0,15,0,10,22,3,25
5,1,14.0,183,5,16,1,1,105,0,5
5,3,13.0,210,0,4,0,15,96,0,25
5,1,14.0,183,5,3,0,6,89,1,5
5,3,23.0,57,4,3,2,5,64,3,17
5,6,23.0,84,1,15,0,8,9,1,17
5,5,6.0,277,2,21,0,2,13,3,23
5,6,23.0,84,1,15,0,1,35,4,17
5,5,6.0,277,2,14,0,12,17,4,23
5,6,25.0,39,4,22,0,5,6,2,13
5,6,23.0,84,1,2,1,13,21,4,17
5,5,14.0,36,4,13,0,2,69,2,5
5,6,25.0,39,4,3,1,6,89,4,13
5,5,6.0,277,2,11,0,4,127,1,23
5,6,25.0,39,4,1,0,2,3,4,13
5,6,23.0,84,1,13,1,7,111,1,17
5,11,23.0,232,5,3,3,9,57,3,17
5,5,22.0,163,5,14,0,12,84,3,26
5,9,7.0,271,6,4,0,4,127,4,11
5,5,22.0,163,5,2,0,11,133,0,26
5,3,14.0,33,1,17,0,2,86,1,5
5,5,22.0,163,5,8,1,9,10,4,26
5,9,15.0,226,3,3,0,2,86,2,1
5,5,22.0,163,5,17,1,0,12,0,26
5,3,14.0,33,1,21,1,6,7,0,5
5,7,6.0,93,5,2,1,4,75,1,23
5,5,25.0,350,0,17,0,4,75,1,13
5,3,14.0,33,1,8,0,0,77,1,5
5,11,13.0,312,1,14,1,16,37,0,25
5,11,13.0,312,1,17,1,9,83,4,25
5,10,21.0,341,1,1,1,7,129,2,21
5,10,21.0,341,1,3,0,12,121,1,21
5,3,11.0,337,6,20,0,7,62,3,9
5,3,2.0,120,4,17,1,2,2,1,22
5,7,27.0,53,5,14,1,15,31,2,15
5,5,4.0,114,0,2,0,7,111,1,30
5,3,17.0,54,5,15,0,10,47,2,6
5,5,10.0,155,3,13,1,11,15,4,4
5,11,10.0,360,6,8,0,2,2,2,4
5,9,11.0,52,2,3,1,8,33,0,9
5,9,17.0,255,1,2,1,5,6,0,6
5,11,26.0,364,0,19,1,7,120,1,3
5,7,19.0,330,4,1,2,11,133,2,10
3,6,1.0,158,3,17,0,3,79,4,7
5,9,26.0,267,4,17,1,13,48,0,3
5,5,11.0,326,0,8,0,6,91,3,9
3,4,27.0,274,0,17,3,10,30,3,15
5,3,5.0,324,3,3,0,10,52,2,24
5,3,5.0,324,3,22,1,1,67,4,24
5,3,5.0,324,3,2,0,10,47,3,24
5,3,7.0,289,1,17,1,5,6,0,11
5,3,7.0,289,1,1,0,7,54,1,11
5,3,14.0,33,1,1,0,9,93,4,5
5,3,14.0,33,1,1,0,9,93,0,5
5,9,4.0,295,2,8,0,13,28,0,30
5,9,4.0,295,2,18,0,14,32,0,30
5,9,5.0,89,4,7,1,1,67,0,24
5,9,5.0,89,4,22,0,8,41,4,24
5,9,5.0,89,4,1,2,14,125,2,24
5,9,5.0,89,4,14,0,9,102,1,24
5,9,14.0,106,6,12,0,11,90,2,5
5,9,14.0,106,6,22,0,11,18,3,5
5,9,23.0,167,0,17,0,3,30,3,17
5,9,23.0,167,0,17,1,10,22,4,17
5,9,23.0,167,0,3,0,0,15,2,17
5,9,23.0,167,0,19,0,9,27,0,17
5,9,23.0,167,0,14,0,0,26,1,17
5,7,4.0,186,2,6,0,9,57,3,30
5,7,4.0,186,2,2,0,6,7,4,30
5,11,20.0,340,1,19,1,0,12,0,29
5,6,30.0,145,1,10,0,9,49,1,19
5,6,30.0,145,1,10,0,15,96,0,19
5,6,30.0,145,1,8,0,12,80,1,19
5,6,30.0,145,1,19,0,16,130,4,19
5,6,30.0,145,1,22,0,1,11,3,19
5,6,23.0,84,1,5,0,10,23,1,17
5,10,6.0,242,0,17,0,3,115,1,23
5,10,6.0,242,0,1,0,16,39,0,23
5,10,23.0,247,4,7,0,2,86,1,17
5,10,23.0,247,4,3,0,0,0,0,17
5,10,23.0,247,4,14,0,7,120,4,17
5,10,25.0,56,6,17,1,6,89,0,13
5,10,25.0,56,6,13,3,10,47,0,13
5,10,31.0,135,5,19,2,16,37,3,20
5,5,25.0,350,0,2,0,4,5,3,13
5,11,24.0,194,6,19,0,4,4,1,14
5,11,24.0,194,6,13,0,11,133,2,14
5,11,24.0,194,6,14,0,11,94,3,14
5,11,24.0,194,6,22,1,9,10,4,14
5,11,31.0,227,6,20,1,10,22,4,20
5,11,31.0,227,6,5,0,10,22,2,20
5,11,31.0,227,6,19,2,10,22,0,20
5,11,5.0,240,0,18,1,2,60,0,24
5,3,3.0,182,5,13,0,9,95,4,27
5,5,18.0,195,0,23,0,15,31,1,0
5,9,6.0,51,5,3,1,16,139,4,23
3,6,13.0,317,5,11,0,8,118,1,25
5,9,6.0,51,5,18,2,7,120,0,23
5,9,6.0,51,5,18,1,10,47,0,23
5,9,12.0,177,4,7,1,5,12,0,28
5,9,12.0,177,4,1,2,14,32,3,28
5,9,12.0,177,4,1,0,10,47,2,28
5,9,12.0,177,4,18,0,10,22,1,28
5,9,22.0,92,3,6,0,0,53,0,26
5,9,22.0,92,3,16,2,15,119,0,26
5,9,22.0,92,3,13,1,5,12,0,26
5,9,22.0,92,3,3,1,1,81,4,26
5,9,22.0,92,3,1,0,8,9,3,26
5,9,24.0,272,1,17,0,0,77,1,14
5,9,24.0,272,1,0,1,1,11,0,14
5,9,24.0,272,1,21,0,11,137,3,14
5,7,7.0,293,6,16,1,13,38,0,11
5,6,24.0,31,2,19,3,6,132,4,14
5,10,30.0,157,4,20,1,5,0,2,19
5,10,30.0,157,4,13,1,0,12,1,19
5,7,7.0,293,6,3,0,2,40,3,11
5,7,7.0,293,6,14,3,5,6,0,11
5,7,24.0,68,1,14,0,6,89,4,14
5,3,13.0,210,0,17,0,4,4,1,25
5,1,14.0,183,5,11,0,2,40,1,5
5,7,6.0,93,5,2,1,0,85,4,23
5,7,23.0,202,0,13,3,13,36,1,17
5,7,16.0,40,0,19,1,16,37,0,2
5,5,13.0,184,2,14,0,10,23,2,25
5,5,24.0,58,3,18,1,3,70,1,14
5,5,24.0,58,3,8,1,14,24,1,14
5,6,13.0,317,6,2,2,13,99,3,25
5,6,23.0,84,1,8,1,0,15,4,17
5,6,13.0,317,6,20,1,0,26,0,25
5,1,14.0,183,5,13,1,14,25,4,5
5,1,14.0,183,5,19,0,14,25,0,5
5,1,15.0,1,6,21,2,10,47,0,1
5,1,14.0,183,5,19,3,13,28,0,5
5,1,15.0,1,6,10,0,15,31,3,1
5,9,7.0,271,6,13,0,6,132,1,11
5,9,21.0,362,6,13,1,1,16,1,21
5,3,14.0,33,1,12,0,0,31,2,5
5,3,22.0,166,2,0,1,7,111,2,26
5,3,22.0,166,2,14,0,10,43,3,26
5,6,14.0,173,3,11,0,10,43,1,5
5,10,9.0,150,4,17,0,7,137,1,12
5,11,21.0,192,2,4,2,8,9,3,21
5,11,21.0,192,2,4,1,9,83,4,21
5,5,25.0,350,0,7,0,9,87,1,13
5,5,25.0,350,0,20,0,10,6,3,13
5,5,25.0,350,0,5,1,1,1,4,13
5,5,25.0,350,0,16,1,1,81,0,13
5,5,25.0,350,0,1,0,2,13,1,13
5,5,25.0,350,0,2,0,10,52,2,13
5,6,15.0,49,0,6,0,16,50,0,1
5,6,15.0,49,0,5,0,14,97,0,1
5,6,15.0,49,0,22,0,11,133,3,1
5,6,17.0,244,2,7,2,5,6,3,6
5,6,17.0,244,2,8,0,11,18,1,6
5,6,17.0,244,2,20,0,15,46,3,6
5,6,17.0,244,2,1,0,14,24,1,6
5,6,22.0,185,0,17,0,16,74,1,26
5,6,22.0,185,0,0,1,0,96,0,26
5,6,24.0,31,2,0,0,0,12,0,14
5,6,24.0,31,2,21,0,8,41,3,14
5,6,24.0,31,2,17,1,15,112,4,14
5,6,24.0,31,2,13,0,8,33,3,14
5,6,24.0,31,2,8,1,5,12,0,14
5,6,24.0,31,2,1,0,10,22,3,14
5,10,14.0,174,1,16,2,10,22,3,5
5,10,14.0,174,1,1,0,4,45,2,5
5,11,22.0,250,4,16,0,2,86,4,26
5,11,22.0,250,4,20,0,14,107,1,26
5,11,22.0,250,4,2,0,9,93,1,26
5,11,21.0,192,2,0,0,5,12,3,21
5,11,22.0,250,4,9,2,2,86,3,26
5,11,22.0,250,4,18,0,12,56,1,26
5,11,22.0,250,4,23,0,3,44,4,26
5,11,29.0,270,4,20,0,7,57,2,16
5,11,29.0,270,4,17,3,1,11,3,16
5,11,29.0,270,4,8,0,8,33,0,16
5,11,29.0,270,4,13,1,3,103,0,16
5,11,29.0,270,4,23,0,14,24,2,16
5,10,22.0,314,2,18,1,10,22,4,26
5,9,14.0,106,6,15,0,14,125,0,5
5,9,14.0,106,6,6,1,9,27,0,5
5,9,14.0,106,6,19,0,15,51,1,5
5,9,14.0,106,6,20,1,13,21,1,5
5,9,23.0,167,0,0,1,0,85,0,17
5,9,23.0,167,0,2,0,10,22,3,17
5,9,23.0,167,0,14,1,11,10,0,17
5,9,14.0,106,6,1,0,2,69,2,5
5,10,14.0,174,1,18,0,1,11,3,5
5,10,24.0,261,5,13,0,12,61,1,14
5,10,24.0,261,5,11,0,6,128,1,14
5,10,24.0,261,5,19,2,6,7,3,14
5,10,24.0,261,5,19,0,10,52,1,14
5,10,24.0,261,5,5,0,14,24,2,14
5,10,30.0,157,4,6,0,14,25,0,19
5,10,30.0,157,4,13,2,8,27,3,19
5,8,1.0,66,1,17,0,9,101,3,7
5,9,22.0,92,3,14,0,11,117,0,26
5,9,24.0,272,1,20,0,8,27,4,14
5,7,7.0,293,6,6,0,15,51,1,11
5,7,7.0,293,6,21,1,0,85,0,11
5,7,7.0,293,6,22,1,11,18,1,11
5,7,7.0,293,6,2,0,13,48,0,11
5,7,7.0,293,6,12,0,2,13,0,11
5,7,7.0,293,6,12,0,2,69,2,11
5,2,29.0,140,3,21,1,14,25,0,16
5,2,29.0,140,3,3,0,7,62,4,16
5,2,28.0,257,6,14,1,3,30,4,18
5,2,29.0,140,3,1,2,9,54,3,16
5,0,28.0,249,0,8,3,5,12,0,18
5,2,29.0,140,3,1,2,16,72,3,16
5,2,30.0,131,0,6,0,1,16,1,19
4,11,12.0,118,1,17,0,11,133,1,28
5,2,30.0,131,0,16,1,5,64,0,19
4,11,12.0,118,1,0,0,15,96,3,28
5,10,5.0,336,3,14,0,13,48,3,24
4,11,12.0,118,1,20,0,2,123,0,28
4,11,12.0,118,1,13,2,13,21,3,28
5,2,30.0,131,0,20,2,15,96,2,19
5,11,1.0,222,4,11,0,6,14,2,7
4,11,12.0,118,1,18,0,7,120,0,28
5,2,15.0,130,3,15,0,1,35,4,1
4,7,15.0,205,0,12,0,1,1,3,1
4,5,16.0,239,3,23,1,7,120,1,2
4,8,2.0,77,4,8,0,13,29,4,22
4,1,28.0,300,6,2,0,6,128,1,18
4,1,9.0,50,0,20,1,0,26,4,12
4,6,1.0,158,1,17,0,13,38,4,7
4,1,16.0,2,0,8,1,14,25,0,2
4,1,2.0,171,0,5,0,4,138,4,22
4,2,17.0,6,2,9,1,11,133,0,6
4,8,27.0,78,0,17,0,9,101,4,15
5,4,31.0,67,6,19,0,4,4,1,20
5,4,31.0,67,6,14,0,9,95,3,20
5,2,23.0,230,0,19,2,6,132,3,17
4,0,10.0,129,5,22,1,11,98,1,4
5,0,9.0,48,2,20,3,11,15,2,12
5,0,7.0,15,0,3,0,4,75,1,11
4,11,8.0,283,5,22,3,1,105,3,8
4,7,9.0,273,1,8,0,10,22,1,12
4,5,18.0,195,1,16,1,5,6,0,0
4,5,16.0,239,3,4,1,4,66,4,2
3,7,1.0,98,6,11,0,6,89,2,7
5,1,30.0,100,3,11,1,9,27,0,19
5,8,17.0,74,4,3,0,3,30,4,6
4,11,12.0,118,1,4,1,11,55,4,28
4,11,12.0,118,1,18,2,6,73,3,28
4,11,30.0,170,6,3,0,2,2,4,19
4,11,30.0,170,6,8,0,16,72,1,19
4,11,30.0,170,6,19,0,11,117,1,19
4,9,11.0,52,4,13,0,1,59,1,9
4,9,11.0,52,4,2,0,2,123,3,9
4,9,11.0,52,4,1,0,1,35,4,9
4,9,11.0,52,4,18,0,12,135,2,9
4,9,11.0,52,4,4,0,9,57,3,9
4,9,11.0,52,4,14,2,7,57,0,9
4,9,21.0,362,3,0,1,9,102,0,21
4,9,21.0,362,3,4,0,13,28,2,21
4,7,4.0,186,4,17,2,6,91,3,30
4,7,4.0,186,4,8,0,12,135,2,30
4,11,12.0,118,1,5,0,10,23,0,28
4,11,12.0,118,1,17,0,12,121,3,28
4,11,12.0,118,1,3,3,9,27,3,28
4,11,12.0,118,1,19,0,2,69,0,28
4,11,30.0,170,6,23,0,0,96,0,19
5,4,8.0,292,4,23,0,10,23,1,8
5,8,23.0,102,2,9,3,13,38,0,17
5,4,9.0,18,5,2,1,15,46,1,12
5,10,25.0,56,6,12,0,2,40,3,13
5,4,9.0,18,5,12,0,4,4,3,12
5,7,6.0,93,5,18,1,9,27,0,23
4,11,23.0,232,6,3,0,14,25,2,17
5,4,7.0,133,2,15,3,13,48,0,11
4,11,18.0,332,0,0,0,1,59,2,0
5,4,9.0,18,5,19,1,14,25,0,12
4,6,1.0,158,1,17,0,10,52,1,7
4,10,3.0,310,6,15,0,13,38,2,27
4,1,25.0,65,2,19,0,7,78,0,13
4,8,27.0,78,0,17,0,2,123,1,15
4,8,27.0,78,0,9,1,14,24,2,15
4,6,1.0,158,1,13,0,9,95,1,7
5,2,23.0,230,0,20,0,6,14,2,17
5,2,23.0,230,0,4,3,14,126,4,17
5,0,7.0,15,0,6,0,10,47,1,11
5,3,6.0,303,0,5,0,2,86,3,23
4,11,30.0,170,6,4,0,2,86,0,19
4,11,30.0,170,6,9,1,7,57,1,19
4,11,30.0,170,6,13,1,8,27,1,19
4,9,11.0,52,4,19,0,0,12,2,9
4,9,11.0,52,4,19,0,15,31,1,9
4,9,11.0,52,4,4,0,2,40,4,9
4,9,11.0,52,4,19,0,14,34,0,9
4,9,11.0,52,4,1,0,8,27,2,9
4,9,21.0,362,3,0,0,5,64,1,21
4,9,21.0,362,3,2,0,4,5,1,21
4,9,21.0,362,3,11,1,1,35,4,21
4,9,21.0,362,3,9,0,8,41,0,21
5,6,1.0,158,0,17,1,13,38,0,7
4,7,4.0,186,4,17,3,13,48,3,30
4,7,4.0,186,4,20,0,5,6,3,30
4,7,4.0,186,4,4,0,0,26,1,30
4,7,4.0,186,4,4,0,14,24,1,30
4,7,4.0,186,4,12,0,2,92,1,30
4,7,11.0,197,4,10,2,7,20,3,9
5,0,21.0,287,0,22,2,8,27,0,21
4,3,24.0,357,6,19,2,6,128,3,14
4,11,12.0,118,1,6,0,5,12,3,28
5,8,30.0,103,2,0,0,5,12,0,19
5,0,21.0,287,0,19,0,2,2,1,21
5,10,14.0,174,1,0,0,6,7,4,5
4,11,12.0,118,1,6,0,7,120,0,28
4,3,25.0,347,3,14,0,11,94,0,13
5,4,14.0,345,2,1,0,8,118,3,5
4,6,6.0,83,3,8,0,7,137,1,23
5,2,30.0,131,0,3,0,1,81,4,19
5,0,11.0,10,5,21,1,5,64,0,9
5,2,29.0,140,3,1,1,1,59,4,16
5,10,24.0,261,5,6,0,15,119,2,14
5,4,14.0,345,2,9,0,12,56,4,5
5,0,21.0,287,0,9,0,14,25,2,21
5,4,22.0,152,4,9,0,8,41,3,26
4,3,26.0,343,0,6,0,10,47,0,3
5,0,11.0,10,5,1,0,13,36,1,9
4,2,16.0,220,1,4,0,12,84,0,2
4,11,12.0,118,1,6,1,10,47,4,28
5,0,21.0,287,0,22,0,6,91,2,21
4,5,2.0,307,3,22,0,14,25,1,22
5,4,14.0,345,2,1,1,14,24,1,5
5,2,30.0,131,0,9,2,12,61,3,19
4,4,23.0,30,6,5,0,10,47,2,17
5,4,28.0,218,2,23,1,5,64,2,18
5,10,24.0,261,5,11,2,1,105,3,14
4,11,12.0,118,1,19,1,7,122,2,28
5,0,28.0,249,0,16,0,14,107,1,18
4,5,17.0,212,0,11,0,2,2,1,6
5,0,28.0,249,0,16,1,6,73,4,18
5,4,21.0,339,2,6,0,2,2,3,21
5,10,24.0,261,5,3,2,11,133,0,14
4,11,30.0,170,6,3,1,9,49,1,19
4,5,17.0,212,0,13,0,15,96,1,6
5,0,6.0,260,3,5,0,5,6,0,23
5,4,28.0,218,2,14,2,9,49,3,18
5,0,11.0,10,5,4,2,1,11,0,9
5,0,28.0,249,0,7,0,6,91,1,18
5,4,21.0,339,2,0,0,2,13,4,21
5,0,28.0,249,0,3,2,3,76,3,18
4,9,11.0,52,4,22,1,4,66,1,9
5,0,6.0,260,3,7,1,15,39,0,23
5,0,12.0,113,6,0,1,6,89,1,28
4,7,28.0,34,3,17,0,15,51,1,18
4,6,18.0,308,5,16,0,5,12,3,0
5,10,30.0,157,4,1,2,10,47,3,19
5,2,2.0,143,0,15,0,6,132,1,22
5,4,21.0,339,2,10,1,16,130,0,21
5,2,28.0,257,6,8,3,15,31,1,18
4,9,11.0,52,4,22,0,7,54,2,9
5,0,6.0,260,3,5,1,8,27,4,23
5,0,12.0,113,6,3,0,10,22,0,28
5,3,29.0,325,2,8,1,4,82,1,16
4,6,18.0,308,5,17,0,16,50,3,0
5,8,7.0,70,0,20,0,5,6,2,11
5,2,2.0,143,0,14,1,14,126,4,22
5,4,21.0,339,2,5,0,5,64,3,21
5,0,28.0,249,0,3,0,2,2,0,18
5,0,28.0,249,0,22,0,13,38,1,18
5,2,20.0,264,5,14,3,14,24,3,29
4,4,31.0,67,3,14,1,0,85,1,20
4,11,29.0,270,5,13,1,9,87,4,16
4,3,5.0,324,0,1,1,11,117,1,24
4,3,5.0,324,0,15,1,10,22,1,24
4,3,21.0,338,2,11,1,10,43,1,21
4,5,5.0,96,2,16,0,5,12,0,24
4,5,11.0,326,1,4,1,10,52,0,9
4,5,11.0,326,1,19,1,12,17,4,9
5,10,19.0,117,3,18,0,0,26,3,10
5,1,12.0,353,2,10,0,4,75,3,28
5,5,1.0,109,5,18,0,16,72,1,7
5,8,4.0,299,5,19,0,15,77,2,30
5,1,12.0,353,2,2,0,15,51,3,28
5,4,13.0,221,1,19,1,11,8,0,25
4,0,25.0,281,6,5,0,1,16,0,13
5,0,14.0,5,0,19,1,2,69,0,5
5,8,4.0,299,5,20,0,0,26,2,30
4,3,3.0,182,6,18,1,1,105,4,27
4,1,24.0,64,1,18,1,10,23,1,14
4,4,7.0,133,4,23,0,2,71,2,11
4,8,30.0,103,4,17,0,9,27,1,19
4,4,31.0,67,3,19,1,13,123,1,20
5,4,29.0,313,4,3,0,3,115,2,16
5,0,28.0,249,0,18,1,8,33,1,18
5,0,29.0,191,1,13,0,0,68,3,16
5,0,29.0,191,1,12,1,0,15,4,16
5,0,31.0,290,4,15,0,4,66,0,20
5,0,31.0,290,4,14,0,2,69,4,20
5,0,31.0,290,4,9,0,2,92,1,20
5,0,31.0,290,4,1,0,15,46,1,20
4,11,12.0,118,1,6,0,13,99,4,28
4,11,12.0,118,1,6,0,5,12,0,28
4,11,12.0,118,1,16,0,1,11,0,28
4,11,12.0,118,1,5,0,2,92,3,28
5,0,20.0,172,3,5,0,6,7,2,29
5,0,21.0,287,0,17,0,11,94,1,21
5,0,21.0,287,0,17,0,7,31,4,21
5,0,20.0,172,3,8,1,10,22,1,29
5,0,20.0,172,3,8,0,14,24,2,29
5,0,21.0,287,0,18,0,11,15,2,21
5,0,28.0,249,0,17,0,5,6,0,18
5,0,28.0,249,0,13,0,5,6,2,18
5,0,28.0,249,0,12,0,2,2,0,18
5,0,29.0,191,1,6,2,6,7,3,16
4,0,4.0,229,6,14,0,10,23,3,30
4,1,1.0,203,3,13,0,0,77,1,7
5,4,9.0,18,5,18,0,10,47,2,12
5,4,9.0,18,5,3,0,5,6,2,12
5,4,8.0,292,4,16,0,0,26,1,8
4,7,7.0,293,3,23,0,11,124,4,11
5,2,23.0,230,0,8,2,3,115,3,17
5,4,8.0,292,4,4,1,1,1,1,8
5,4,1.0,144,4,17,0,8,9,4,7
5,0,7.0,15,0,3,0,5,0,2,11
5,4,1.0,144,4,17,1,0,77,1,7
5,0,9.0,48,2,4,0,15,31,1,12
5,0,9.0,48,2,16,1,10,52,0,12
5,8,6.0,87,3,18,1,11,94,1,23
5,0,16.0,11,2,17,1,9,27,0,2
4,9,9.0,320,1,2,1,15,119,0,12
4,9,15.0,226,0,17,0,16,50,1,1
4,3,2.0,120,5,13,0,1,35,2,22
5,4,31.0,67,6,17,3,9,101,1,20
4,9,24.0,272,2,6,0,0,77,1,14
4,9,24.0,272,2,9,1,11,15,2,14
5,0,8.0,9,1,11,0,9,95,0,8
4,5,16.0,239,3,12,1,9,109,2,2
5,0,29.0,191,1,0,2,0,64,0,16
5,0,29.0,191,1,15,0,6,89,1,16
5,0,29.0,191,1,19,2,10,22,3,16
5,0,29.0,191,1,19,0,6,89,0,16
5,0,29.0,191,1,19,0,6,128,1,16
5,0,28.0,249,0,9,1,1,11,4,18
5,0,31.0,290,4,3,0,5,6,0,20
5,0,31.0,290,4,19,0,16,42,3,20
4,11,12.0,118,1,16,0,13,28,0,28
4,11,12.0,118,1,23,1,15,114,2,28
4,11,12.0,118,1,2,0,15,37,0,28
4,11,12.0,118,1,3,0,6,7,2,28
4,11,12.0,118,1,9,3,10,47,3,28
4,11,30.0,170,6,7,0,5,6,0,19
5,0,31.0,290,4,22,1,6,116,1,20
5,0,31.0,290,4,19,1,9,102,4,20
4,6,18.0,308,5,5,0,8,9,2,0
5,2,3.0,282,1,6,0,4,66,2,27
4,9,21.0,362,3,12,0,2,2,4,21
5,8,7.0,70,0,4,1,0,53,4,11
5,0,12.0,113,6,15,1,16,37,1,28
5,4,21.0,339,2,22,0,7,62,3,21
5,2,27.0,136,5,9,0,9,93,1,15
5,0,20.0,172,3,6,1,1,11,1,29
4,6,18.0,308,5,18,0,5,12,0,0
4,7,4.0,186,4,1,0,5,12,2,30
5,4,26.0,80,0,17,0,5,12,3,3
5,2,3.0,282,1,16,0,0,53,1,27
4,0,21.0,287,1,4,0,14,110,2,21
5,2,3.0,282,1,20,0,16,130,1,27
4,0,20.0,172,0,21,2,10,22,1,29
5,0,6.0,260,3,8,2,14,125,3,23
5,4,21.0,339,2,6,0,5,12,3,21
4,7,11.0,197,4,8,0,13,29,1,9
5,2,2.0,143,0,5,0,14,24,2,22
5,0,20.0,172,3,4,2,10,23,3,29
4,0,29.0,191,2,23,1,10,12,0,16
4,6,27.0,116,3,17,0,10,23,1,15
5,4,22.0,152,4,21,1,16,50,0,26
4,7,11.0,197,4,19,0,5,0,2,9
5,4,22.0,152,4,21,1,12,84,1,26
5,0,21.0,287,0,22,2,9,27,0,21
5,0,21.0,287,0,1,0,1,35,3,21
5,0,21.0,287,0,18,0,0,26,1,21
5,0,28.0,249,0,0,3,11,18,0,18
5,0,11.0,10,5,1,0,10,47,3,9
5,0,11.0,10,5,19,0,16,50,2,9
5,0,12.0,113,6,17,0,2,86,2,28
5,0,12.0,113,6,23,0,11,15,3,28
5,0,12.0,113,6,18,0,5,12,1,28
5,0,20.0,172,3,6,0,13,21,2,29
5,0,20.0,172,3,8,0,16,50,2,29
5,0,21.0,287,0,16,0,0,12,0,21
5,0,21.0,287,0,20,1,6,7,1,21
5,0,20.0,172,3,18,1,14,25,0,29
5,0,21.0,287,0,1,0,13,69,4,21
5,0,21.0,287,0,5,1,12,135,4,21
5,0,28.0,249,0,10,1,10,47,0,18
5,0,21.0,287,0,22,3,16,37,0,21
5,0,28.0,249,0,19,0,1,1,0,18
5,0,28.0,249,0,1,2,1,11,3,18
5,0,28.0,249,0,6,0,5,6,1,18
5,0,29.0,191,1,21,1,0,15,0,16
5,0,28.0,249,0,13,0,10,43,3,18
5,0,29.0,191,1,1,2,12,121,1,16
5,0,31.0,290,4,23,0,7,78,4,20
5,0,31.0,290,4,5,0,0,26,2,20
5,0,31.0,290,4,21,1,0,96,0,20
5,0,28.0,249,0,19,1,11,58,4,18
5,0,11.0,10,5,19,0,8,41,0,9
5,0,12.0,113,6,13,0,10,6,3,28
5,0,12.0,113,6,8,0,8,27,1,28
5,0,12.0,113,6,8,2,16,130,3,28
5,0,12.0,113,6,4,0,14,24,2,28
5,10,12.0,333,3,18,0,13,123,4,28
5,8,13.0,189,3,3,1,4,79,1,25
5,0,20.0,172,3,11,0,11,124,1,29
5,0,20.0,172,3,3,0,5,6,3,29
5,0,28.0,249,0,8,1,5,64,1,18
5,0,28.0,249,0,14,2,6,14,2,18
5,10,1.0,208,2,17,0,2,92,1,7
5,0,29.0,191,1,2,0,5,6,0,16
5,0,29.0,191,1,3,1,10,23,1,16
5,0,29.0,191,1,1,0,10,47,0,16
5,0,29.0,191,1,0,1,1,16,0,16
5,0,31.0,290,4,19,0,6,89,1,20
4,0,17.0,12,5,17,0,14,24,1,6
5,0,6.0,260,3,8,0,13,28,2,23
5,0,11.0,10,5,14,2,2,86,4,9
5,0,11.0,10,5,4,0,14,88,1,9
5,0,11.0,10,5,4,3,1,11,0,9
5,0,11.0,10,5,9,0,10,47,1,9
5,0,11.0,10,5,19,1,12,80,1,9
5,0,12.0,113,6,22,0,6,116,2,28
5,0,12.0,113,6,12,0,1,105,3,28
5,0,20.0,172,3,22,0,3,103,2,29
5,0,21.0,287,0,0,1,11,124,0,21
5,0,21.0,287,0,21,0,15,31,1,21
5,0,21.0,287,0,16,0,3,30,1,21
5,0,21.0,287,0,22,1,12,100,4,21
5,0,21.0,287,0,18,0,2,86,0,21
5,0,21.0,287,0,19,1,7,129,4,21
5,0,28.0,249,0,17,2,10,22,3,18
5,0,28.0,249,0,7,1,9,10,4,18
5,0,29.0,191,1,16,0,0,12,3,16
5,0,29.0,191,1,23,0,15,108,1,16
5,0,29.0,191,1,22,0,6,7,0,16
5,0,31.0,290,4,16,0,8,9,1,20
5,0,21.0,287,0,17,0,4,79,2,21
5,0,20.0,172,3,14,0,2,92,3,29
5,0,20.0,172,3,18,0,2,92,1,29
5,0,21.0,287,0,15,2,15,31,0,21
5,0,20.0,172,3,18,0,5,12,0,29
4,11,13.0,312,2,17,2,9,95,1,25
4,5,1.0,109,6,23,1,2,123,1,7
5,0,6.0,260,3,13,1,4,75,1,23
4,6,27.0,116,3,22,0,0,15,0,15
5,4,22.0,152,4,13,1,12,61,1,26
4,7,13.0,238,6,6,1,10,22,0,25
4,0,29.0,191,2,15,0,8,118,0,16
4,10,1.0,208,4,5,0,5,12,1,7
5,4,28.0,218,2,6,0,12,83,4,18
4,7,11.0,197,4,12,1,11,122,1,9
5,3,27.0,361,0,11,1,14,125,4,15
4,10,1.0,208,4,19,0,2,2,3,7
4,0,29.0,191,2,22,0,5,6,0,16
5,4,22.0,152,4,18,0,1,1,1,26
5,4,28.0,218,2,15,0,1,59,2,18
5,0,6.0,260,3,1,0,8,118,1,23
4,7,13.0,238,6,22,1,12,56,4,25
5,8,27.0,78,3,13,1,1,1,2,15
4,10,1.0,208,4,19,0,0,85,2,7
3,7,20.0,266,4,13,0,12,61,1,29
5,4,21.0,339,2,6,2,1,11,3,21
5,4,28.0,218,2,12,2,2,2,3,18
5,0,11.0,10,5,4,0,11,15,2,9
4,10,23.0,247,5,14,1,0,85,0,17
5,2,28.0,257,6,23,0,4,127,2,18
5,2,28.0,257,6,5,0,3,44,1,18
5,2,28.0,257,6,3,1,6,7,4,18
5,2,28.0,257,6,19,0,6,73,1,18
5,2,28.0,257,6,18,0,10,47,1,18
5,2,28.0,257,6,9,0,15,112,4,18
5,2,29.0,140,3,3,0,4,138,1,16
5,2,29.0,140,3,6,1,10,47,1,16
5,2,28.0,257,6,1,1,10,47,1,18
5,2,29.0,140,3,12,2,12,80,3,16
5,2,29.0,140,3,2,0,0,85,2,16
5,2,29.0,140,3,1,0,5,6,0,16
5,2,29.0,140,3,1,2,8,9,4,16
5,2,29.0,140,3,14,2,6,73,3,16
5,2,30.0,131,0,11,0,14,25,1,19
5,2,28.0,257,6,3,3,12,121,2,18
5,0,6.0,260,3,11,1,12,104,4,23
5,0,11.0,10,5,6,2,10,43,1,9
4,0,17.0,12,5,20,1,0,85,4,6
5,2,3.0,282,1,12,0,8,9,4,27
5,2,11.0,297,2,7,0,0,77,1,9
5,2,11.0,297,2,12,0,8,27,3,9
5,2,11.0,297,2,18,1,5,12,0,9
5,2,14.0,231,6,22,0,6,89,1,5
5,2,14.0,231,6,8,2,8,9,0,5
5,2,14.0,231,6,8,0,2,92,0,5
5,2,14.0,231,6,8,0,10,23,1,5
5,2,28.0,257,6,0,1,11,133,0,18
5,2,29.0,140,3,9,0,13,38,1,16
5,2,29.0,140,3,9,2,8,41,1,16
4,0,16.0,11,4,2,0,5,47,2,2
4,0,24.0,55,5,3,1,5,64,0,14
5,2,29.0,140,3,19,1,9,134,4,16
5,2,30.0,131,0,3,0,14,131,1,19
5,5,17.0,212,3,12,0,6,7,3,6
5,2,30.0,131,0,19,0,8,19,1,19
5,0,6.0,260,3,11,1,11,18,1,23
5,0,6.0,260,3,13,0,14,25,0,23
5,0,6.0,260,3,20,3,14,25,1,23
5,0,11.0,10,5,21,0,5,6,0,9
5,0,11.0,10,5,5,1,5,6,2,9
5,0,11.0,10,5,16,1,3,103,2,9
5,0,11.0,10,5,5,0,2,71,2,9
5,2,28.0,257,6,13,1,15,51,1,18
5,2,29.0,140,3,21,0,1,35,4,16
5,2,29.0,140,3,23,0,16,50,2,16
5,2,28.0,257,6,13,0,2,3,2,18
5,2,29.0,140,3,2,0,11,133,2,16
5,2,30.0,131,0,6,0,9,9,2,19
5,2,30.0,131,0,10,0,10,23,1,19
5,2,30.0,131,0,6,1,10,47,0,19
5,4,28.0,218,2,13,0,10,22,0,18
5,2,29.0,140,3,16,0,13,28,3,16
5,0,6.0,260,3,20,0,16,42,1,23
5,0,6.0,260,3,0,1,12,80,0,23
4,2,28.0,257,3,11,0,9,57,3,18
5,5,14.0,36,4,5,0,10,22,1,5
5,5,14.0,36,4,20,1,7,111,1,5
5,6,15.0,49,0,21,0,1,59,2,1
5,6,15.0,49,0,1,0,13,99,4,1
5,6,22.0,185,0,10,0,8,118,1,26
5,6,22.0,185,0,14,2,10,22,3,26
5,6,22.0,185,0,14,0,15,51,3,26
5,10,5.0,336,3,6,0,8,27,1,24
4,7,13.0,238,6,5,0,4,82,1,25
4,8,20.0,319,0,20,1,8,27,0,29
4,2,25.0,233,4,11,3,5,6,0,13
5,5,18.0,195,0,17,0,11,133,2,0
5,4,28.0,218,2,4,0,0,77,1,18
4,11,12.0,118,1,5,0,10,47,1,28
4,0,8.0,9,2,12,3,0,77,3,8
4,9,6.0,51,6,7,0,7,62,4,23
4,9,18.0,359,4,16,0,1,11,4,0
4,10,8.0,213,4,16,1,15,51,0,8
4,6,6.0,83,3,13,0,2,86,4,23
5,4,28.0,218,2,9,0,13,36,1,18
4,7,19.0,330,5,13,0,8,19,2,10
4,9,23.0,167,1,4,0,10,12,3,17
4,10,10.0,245,6,23,1,0,12,0,4
5,4,28.0,218,2,9,0,5,6,3,18
4,7,19.0,330,5,19,0,6,128,0,10
4,9,25.0,344,4,0,0,10,23,1,13
4,10,10.0,245,6,2,0,3,30,3,4
5,4,28.0,218,2,13,0,9,57,1,18
5,4,28.0,218,2,18,0,11,15,1,18
4,7,21.0,81,3,12,2,8,9,3,21
4,9,25.0,344,4,4,0,10,47,3,13
4,10,10.0,245,6,14,0,13,29,1,4
5,4,28.0,218,2,15,1,8,65,4,18
5,4,28.0,218,2,22,0,3,30,2,18
4,7,21.0,81,3,21,1,0,53,1,21
4,7,1.0,98,0,19,2,2,69,3,7
5,4,28.0,218,2,19,0,4,121,3,18
5,2,2.0,143,0,16,0,16,39,1,22
4,3,4.0,285,3,17,0,7,57,3,30
4,7,1.0,98,0,1,0,0,77,2,7
4,10,19.0,117,0,7,1,15,31,0,10
5,2,2.0,143,0,19,0,9,134,2,22
5,2,2.0,143,0,9,0,1,11,4,22
5,2,13.0,276,5,1,1,12,56,4,25
5,2,27.0,136,5,12,3,13,38,3,15
4,2,22.0,209,0,14,1,14,97,2,26
5,0,19.0,13,6,22,1,2,69,4,10
5,0,30.0,228,2,4,1,13,38,0,19
4,9,20.0,119,6,5,0,0,26,2,29
4,11,19.0,321,1,19,1,15,39,1,10
4,9,22.0,92,0,11,1,12,56,0,26
4,7,12.0,181,5,20,1,1,59,1,28
4,4,8.0,292,5,15,0,8,27,4,8
4,4,8.0,292,5,9,2,2,2,1,8
4,2,25.0,233,4,13,0,8,27,2,13
4,2,25.0,233,4,4,1,10,52,1,13
4,0,8.0,9,2,19,0,10,47,1,8
5,1,20.0,151,4,2,0,5,64,1,29
5,4,19.0,142,0,19,0,8,65,1,10
2,8,7.0,76,6,13,3,14,107,0,11
5,2,3.0,282,1,16,0,13,21,0,27
5,2,2.0,143,0,13,1,9,49,1,22
5,2,11.0,297,2,13,0,10,12,1,9
5,2,11.0,297,2,1,0,16,74,3,9
5,2,14.0,231,6,7,0,10,22,2,5
5,2,14.0,231,6,10,1,10,22,0,5
5,2,14.0,231,6,19,2,2,123,3,5
5,7,1.0,98,3,17,0,15,31,1,7
5,2,28.0,257,6,3,2,15,119,0,18
5,2,28.0,257,6,9,2,4,4,1,18
4,10,15.0,60,4,11,0,14,126,3,1
4,8,15.0,72,2,7,3,16,113,3,1
4,8,24.0,85,5,10,1,11,18,1,14
4,4,24.0,27,3,13,0,0,15,0,14
5,2,28.0,257,6,18,0,13,29,1,18
5,2,29.0,140,3,3,0,0,64,3,16
5,2,29.0,140,3,2,1,8,118,1,16
5,2,30.0,131,0,2,0,3,79,1,19
5,2,30.0,131,0,13,0,14,106,0,19
5,2,30.0,131,0,4,0,5,6,3,19
5,2,30.0,131,0,19,1,9,83,4,19
4,0,14.0,5,1,17,0,15,31,4,5
5,0,14.0,5,0,18,0,3,103,0,5
4,11,29.0,270,5,17,3,14,24,3,16
4,11,29.0,270,5,12,0,13,48,0,16
4,11,29.0,270,5,3,1,10,22,1,16
4,4,31.0,67,3,13,0,10,23,2,20
4,2,7.0,153,3,23,1,0,85,2,11
4,0,7.0,15,1,7,1,9,27,0,11
5,10,19.0,117,3,4,1,2,86,4,10
4,4,29.0,313,5,12,0,12,61,1,16
4,2,16.0,220,1,10,1,1,105,0,2
4,2,30.0,131,1,4,1,11,18,1,19
5,1,28.0,300,5,17,0,12,56,1,18
5,2,4.0,254,2,22,0,10,47,2,30
5,8,29.0,301,1,20,1,13,38,1,16
5,5,12.0,327,1,22,3,9,102,0,28
5,8,28.0,224,0,2,0,16,50,1,18
5,0,22.0,241,1,1,0,9,57,2,26
4,6,12.0,162,6,22,0,11,15,0,28
4,6,29.0,335,1,14,0,16,42,1,16
5,2,30.0,131,0,1,1,11,122,4,19
5,2,30.0,131,0,1,0,12,56,3,19
5,2,30.0,131,0,15,3,10,22,3,19
5,0,6.0,260,3,17,1,5,64,0,23
5,2,30.0,131,0,3,0,0,64,3,19
5,0,6.0,260,3,20,0,14,24,2,23
5,0,11.0,10,5,22,0,1,105,3,9
5,2,2.0,143,0,8,2,10,47,0,22
4,3,4.0,285,3,6,0,2,3,0,30
4,10,19.0,117,0,20,3,12,56,0,10
4,7,1.0,98,0,4,0,2,123,1,7
5,2,2.0,143,0,14,0,2,69,0,22
4,3,4.0,285,3,12,0,16,72,3,30
4,10,27.0,302,1,8,0,10,22,3,15
4,7,1.0,98,0,19,2,8,9,3,7
4,3,4.0,285,3,9,0,1,11,3,30
4,10,27.0,302,1,2,1,1,105,0,15
4,7,8.0,94,0,17,0,11,94,0,8
4,7,8.0,94,0,3,1,14,97,4,8
4,7,24.0,68,2,13,0,3,70,3,14
4,7,24.0,68,2,1,0,2,69,3,14
4,7,26.0,316,5,11,0,0,31,4,3
4,7,26.0,316,5,5,2,11,133,0,3
4,7,26.0,316,5,20,1,12,80,1,3
5,4,26.0,80,0,5,0,7,57,3,3
5,2,9.0,21,0,6,1,12,83,0,12
5,2,9.0,21,0,6,1,12,17,0,12
5,2,9.0,21,0,15,0,2,60,2,12
5,2,9.0,21,0,16,3,14,25,3,12
5,2,9.0,21,0,3,2,15,31,1,12
5,0,2.0,47,2,16,0,8,27,0,22
5,0,10.0,129,4,2,3,11,15,2,4
5,0,18.0,0,5,17,1,5,64,0,0
5,0,25.0,281,5,10,0,2,86,1,13
5,0,25.0,281,5,15,0,7,137,1,13
5,0,26.0,14,6,16,0,8,9,2,3
5,0,26.0,14,6,21,0,13,21,4,3
5,0,26.0,14,6,22,1,12,56,4,3
4,11,7.0,253,4,0,1,1,81,0,11
4,11,15.0,331,5,10,1,0,12,0,1
4,11,15.0,331,5,9,0,10,52,1,1
4,11,16.0,225,6,6,0,8,41,2,2
4,11,16.0,225,6,19,0,2,71,3,2
4,11,25.0,88,0,16,0,9,95,4,13
4,11,25.0,88,0,11,1,9,101,4,13
5,4,25.0,20,3,3,1,14,25,0,13
5,1,31.0,305,0,2,1,0,77,0,20
5,8,16.0,73,2,13,1,11,117,0,2
5,2,8.0,258,3,3,0,1,35,3,8
5,0,17.0,12,4,3,0,5,6,3,6
4,9,6.0,51,6,2,1,16,108,4,23
4,3,7.0,289,2,16,2,4,5,0,11
4,3,10.0,4,6,13,0,10,52,3,4
4,3,10.0,4,6,14,0,3,115,1,4
4,3,15.0,35,4,2,0,3,70,3,1
4,5,1.0,109,6,16,0,0,53,2,7
4,5,1.0,109,6,6,0,2,92,4,7
4,5,26.0,37,2,16,0,4,127,1,3
4,5,26.0,37,2,9,0,13,36,3,3
4,5,27.0,328,4,3,0,11,18,1,15
4,5,27.0,328,4,6,2,7,120,3,15
4,6,8.0,59,1,13,0,9,102,0,8
4,6,8.0,59,1,19,0,11,98,1,8
4,6,9.0,236,2,18,0,4,75,4,12
4,5,26.0,37,2,14,3,16,130,4,3
4,11,25.0,88,0,12,2,9,93,2,13
4,9,10.0,156,2,2,0,2,2,3,4
4,9,10.0,156,2,8,1,13,38,1,4
4,9,26.0,267,5,3,2,11,94,0,3
4,5,24.0,58,0,9,0,0,31,1,14
4,6,17.0,244,4,8,0,9,27,0,6
4,6,16.0,38,2,13,0,11,58,1,2
4,6,26.0,348,6,11,0,1,11,2,3
4,7,16.0,40,1,8,0,10,47,2,2
4,7,16.0,40,1,3,0,8,27,1,2
4,7,17.0,95,2,20,0,0,77,1,6
4,7,17.0,95,2,5,1,9,83,1,6
4,7,25.0,41,4,0,0,0,68,3,13
4,7,25.0,41,4,2,0,13,28,1,13
4,3,4.0,285,3,19,0,1,59,4,30
5,2,3.0,282,1,21,0,13,99,1,27
5,0,31.0,290,4,3,1,0,77,0,20
4,1,17.0,63,1,6,0,9,27,0,6
5,0,31.0,290,4,19,2,16,42,3,20
4,1,20.0,151,5,1,0,10,47,2,29
5,2,3.0,282,1,7,1,1,105,0,27
5,0,31.0,290,4,19,0,6,89,1,20
4,1,26.0,248,4,6,0,12,17,1,3
5,2,3.0,282,1,9,0,12,61,3,27
4,11,12.0,118,1,1,2,8,27,3,28
4,8,9.0,124,4,21,1,8,19,0,12
5,2,11.0,297,2,0,2,10,22,3,9
4,8,17.0,74,5,21,1,4,138,0,6
5,2,11.0,297,2,16,0,9,87,0,9
4,11,30.0,170,6,7,1,6,91,0,19
4,8,18.0,75,6,23,1,13,38,4,0
4,11,30.0,170,6,14,1,6,7,0,19
4,9,11.0,52,4,16,1,5,12,2,9
4,9,11.0,52,4,16,1,1,105,0,9
4,9,11.0,52,4,15,0,2,92,0,9
4,9,11.0,52,4,20,1,4,4,1,9
4,9,21.0,362,3,0,1,14,32,0,21
4,9,21.0,362,3,13,0,16,50,2,21
4,9,21.0,362,3,3,0,12,135,4,21
4,7,4.0,186,4,4,0,9,93,1,30
4,7,11.0,197,4,17,0,1,11,1,9
4,7,11.0,197,4,18,0,8,9,0,9
4,7,11.0,197,4,9,0,13,38,3,9
4,7,13.0,238,6,3,0,11,117,1,25
4,7,19.0,330,5,23,0,5,6,3,10
4,7,19.0,330,5,16,1,7,111,0,10
4,7,19.0,330,5,18,0,14,107,2,10
4,7,21.0,81,3,0,0,13,48,1,21
4,7,21.0,81,3,11,0,13,29,1,21
4,11,30.0,170,6,13,3,1,67,3,19
5,0,28.0,249,0,21,1,12,80,1,18
5,0,28.0,249,0,22,1,5,6,1,18
5,0,28.0,249,0,11,0,2,13,1,18
5,0,28.0,249,0,18,0,5,6,3,18
5,0,29.0,191,1,15,0,14,24,3,16
5,0,29.0,191,1,1,0,10,47,0,16
5,0,29.0,191,1,11,1,1,11,4,16
5,0,29.0,191,1,4,1,11,133,4,16
5,0,31.0,290,4,23,0,7,78,3,20
5,0,31.0,290,4,3,0,8,41,3,20
4,11,12.0,118,1,22,0,13,48,0,28
4,11,12.0,118,1,7,1,12,61,1,28
4,11,12.0,118,1,13,0,8,41,1,28
4,11,12.0,118,1,4,1,12,17,4,28
5,4,29.0,313,4,13,0,8,41,2,16
5,2,21.0,108,6,8,0,0,15,0,21
5,0,5.0,122,6,3,1,3,70,4,24
5,0,5.0,122,6,11,0,16,108,4,24
5,0,5.0,122,6,2,3,6,7,0,24
5,0,5.0,122,6,19,1,12,61,1,24
5,3,1.0,180,2,0,0,1,35,1,7
4,3,19.0,138,0,8,3,12,84,1,10
4,5,5.0,96,2,9,3,3,79,3,24
4,5,5.0,96,2,3,1,0,0,4,24
4,5,5.0,96,2,8,1,12,80,1,24
4,2,8.0,258,0,23,1,13,29,4,8
4,2,8.0,258,0,22,0,13,28,2,8
4,2,16.0,220,1,1,0,8,9,3,2
5,10,18.0,246,6,13,0,12,121,4,0
5,1,12.0,353,2,11,1,12,83,4,28
4,2,16.0,220,1,13,1,10,47,0,2
4,2,30.0,131,1,12,0,1,11,4,19
4,4,7.0,133,4,2,0,14,25,1,11
5,8,11.0,306,5,22,0,9,27,2,9
4,0,25.0,281,6,18,0,16,74,0,13
5,3,17.0,54,5,17,3,14,25,1,6
4,0,5.0,122,3,13,0,1,59,2,24
4,11,12.0,118,1,12,0,9,93,1,28
4,11,12.0,118,1,12,1,9,87,4,28
4,11,30.0,170,6,17,0,1,59,1,19
5,2,11.0,297,2,0,0,1,11,4,9
5,2,11.0,297,2,20,0,15,96,1,9
5,2,11.0,297,2,16,1,13,28,0,9
4,0,8.0,9,2,17,1,1,105,0,8
5,2,11.0,297,2,12,0,4,127,3,9
5,3,28.0,187,1,18,3,5,12,3,18
4,5,24.0,58,0,6,0,10,12,3,14
3,5,1.0,109,4,5,3,14,25,0,7
5,4,28.0,218,2,19,0,2,13,1,18
4,6,2.0,352,2,17,2,8,41,3,22
5,2,5.0,127,4,2,0,5,6,0,24
5,4,28.0,218,2,19,0,13,29,1,18
4,6,16.0,38,2,17,0,11,117,1,2
4,6,30.0,145,2,11,1,5,6,1,19
4,6,16.0,38,2,6,0,4,45,3,2
4,6,17.0,244,4,22,0,5,64,4,6
5,4,3.0,279,6,19,0,13,38,4,27
4,5,30.0,294,3,9,0,2,13,1,19
4,8,29.0,301,2,6,1,11,122,1,16
4,2,25.0,233,4,5,0,11,58,4,13
4,2,25.0,233,4,4,0,1,11,1,13
4,0,6.0,260,0,10,1,10,47,1,23
5,2,13.0,276,5,18,3,3,115,1,25
4,0,10.0,129,5,2,0,15,119,4,4
4,0,10.0,129,5,8,0,12,84,2,4
4,0,12.0,113,3,17,1,0,64,0,28
5,10,31.0,135,5,17,0,0,53,0,20
5,1,17.0,63,0,19,1,10,12,0,6
4,0,10.0,129,5,2,0,2,71,2,4
3,11,1.0,222,2,17,0,1,67,2,7
5,1,23.0,69,3,18,1,1,11,4,17
5,1,22.0,164,6,20,1,3,79,4,26
5,1,15.0,1,6,5,1,1,59,4,1
5,8,23.0,102,2,19,0,12,17,1,17
5,8,23.0,102,2,19,1,8,118,1,17
5,4,9.0,18,5,5,0,7,20,2,12
5,4,9.0,18,5,18,0,8,27,3,12
4,0,4.0,229,6,17,1,0,12,0,30
4,0,4.0,229,6,22,1,12,56,4,30
4,0,10.0,129,5,7,1,9,10,0,4
4,0,10.0,129,5,1,2,16,50,3,4
4,0,12.0,113,3,17,0,11,15,1,28
4,0,12.0,113,3,6,1,0,26,0,28
4,0,12.0,113,3,21,2,3,44,0,28
5,8,17.0,74,4,18,0,2,40,3,6
4,4,1.0,144,5,9,0,4,45,2,7
4,4,11.0,121,0,8,0,10,47,2,9
4,4,12.0,134,1,16,0,9,93,1,28
4,4,19.0,142,1,4,0,15,108,0,10
5,2,10.0,28,1,4,0,10,22,1,4
5,2,7.0,153,6,20,1,2,86,1,11
5,2,6.0,251,5,5,0,9,87,2,23
5,2,8.0,258,3,5,1,3,115,2,8
4,10,1.0,208,4,23,0,2,69,1,7
4,1,17.0,63,1,11,3,8,41,4,6
4,8,20.0,319,0,2,1,9,27,1,29
4,4,26.0,80,1,14,0,8,27,1,3
4,4,27.0,274,2,21,0,4,4,1,15
4,2,1.0,16,0,17,0,1,11,4,7
5,1,25.0,65,1,18,0,14,125,3,13
5,1,26.0,248,2,6,0,14,34,3,3
5,1,26.0,248,2,2,0,2,13,2,3
5,1,31.0,305,0,12,0,2,86,3,20
5,1,31.0,305,0,4,2,2,13,3,20
5,8,24.0,85,4,1,0,0,64,2,14
4,1,10.0,17,1,19,0,10,22,3,4
4,1,19.0,29,4,5,0,11,15,3,10
4,1,27.0,262,5,1,0,1,67,1,15
4,8,1.0,66,2,15,0,0,26,3,7
4,8,19.0,280,3,7,1,5,12,4,10
4,8,19.0,280,3,3,0,16,37,1,10
4,8,19.0,280,3,22,0,11,15,0,10
4,8,25.0,86,6,7,0,13,13,0,13
4,4,25.0,20,0,18,3,11,90,4,13
4,2,18.0,7,4,8,0,8,9,3,0
4,8,26.0,278,3,22,0,14,25,1,3
4,8,26.0,278,3,12,1,4,4,1,3
4,8,28.0,224,1,15,0,0,53,0,18
4,8,25.0,86,6,8,0,15,31,1,13
4,8,28.0,224,1,12,2,3,4,0,18
4,8,28.0,224,1,11,3,15,39,0,18
4,4,2.0,141,6,1,0,0,0,1,22
4,4,2.0,141,6,1,2,9,54,3,22
4,4,17.0,19,3,16,0,0,31,3,6
5,4,14.0,345,2,21,1,16,50,0,5
5,4,14.0,345,2,22,0,13,29,4,5
4,6,17.0,244,4,4,0,10,22,2,6
5,4,21.0,339,2,1,0,9,57,2,21
4,6,25.0,39,5,20,0,10,52,4,13
5,2,2.0,143,0,11,0,5,6,2,22
5,2,2.0,143,0,19,0,6,89,3,22
4,10,11.0,298,3,11,0,0,96,2,9
5,2,2.0,143,0,19,2,0,12,1,22
4,8,19.0,280,3,5,3,4,79,1,10
5,2,9.0,21,0,21,1,16,74,0,12
5,2,2.0,143,0,8,0,11,94,0,22
5,2,2.0,143,0,9,0,8,19,3,22
5,2,2.0,143,0,9,0,14,24,1,22
5,2,2.0,143,0,20,1,9,9,4,22
5,2,3.0,282,1,2,0,13,99,1,27
5,2,3.0,282,1,12,0,6,7,2,27
5,2,3.0,282,1,20,1,8,9,0,27
5,2,11.0,297,2,7,2,5,12,1,9
5,2,11.0,297,2,11,1,1,1,4,9
5,2,14.0,231,6,2,0,10,6,3,5
5,2,14.0,231,6,19,1,9,58,4,5
5,2,14.0,231,6,4,0,7,111,1,5
5,2,28.0,257,6,17,1,16,72,1,18
5,2,28.0,257,6,21,0,15,31,1,18
4,4,5.0,235,1,17,1,0,12,1,24
4,0,24.0,55,5,14,1,2,71,4,14
5,2,28.0,257,6,2,0,13,28,2,18
5,2,28.0,257,6,9,1,10,22,1,18
5,2,28.0,257,6,12,3,13,21,0,18
5,2,29.0,140,3,9,2,9,49,3,16
5,2,29.0,140,3,14,0,15,112,1,16
0,8,13.0,189,2,23,0,0,68,4,25
5,2,29.0,140,3,13,0,9,134,2,16
5,2,30.0,131,0,16,0,2,86,1,19
5,2,30.0,131,0,21,1,5,12,0,19
5,2,30.0,131,0,13,0,3,30,3,19
5,2,30.0,131,0,19,0,8,41,1,19
5,2,30.0,131,0,12,2,10,52,0,19
5,2,30.0,131,0,14,0,12,104,1,19
5,0,6.0,260,3,12,0,1,59,4,23
5,0,6.0,260,3,1,0,0,31,3,23
5,0,6.0,260,3,18,2,6,7,0,23
5,0,11.0,10,5,6,0,14,25,2,9
5,0,11.0,10,5,2,1,1,11,4,9
5,0,12.0,113,6,0,1,1,16,0,28
5,0,12.0,113,6,21,1,11,124,0,28
5,0,12.0,113,6,18,0,14,24,1,28
5,0,20.0,172,3,23,2,11,129,2,29
5,0,20.0,172,3,3,0,6,7,2,29
5,0,20.0,172,3,15,1,2,2,4,29
5,2,11.0,297,2,1,2,4,138,0,9
5,2,14.0,231,6,0,1,9,10,2,5
5,2,14.0,231,6,20,0,4,75,4,5
5,2,14.0,231,6,15,1,12,80,4,5
5,2,14.0,231,6,1,0,6,89,1,5
5,1,1.0,203,6,16,0,15,46,4,7
5,2,28.0,257,6,6,3,4,45,3,18
4,6,25.0,39,5,9,0,8,41,2,13
4,10,2.0,358,5,23,0,10,22,3,22
4,10,2.0,358,5,0,1,12,121,0,22
4,10,16.0,201,5,18,0,7,20,3,2
4,10,16.0,201,5,19,0,1,59,3,2
4,10,25.0,56,3,11,0,7,20,2,13
4,1,8.0,62,3,7,1,1,16,1,8
4,1,8.0,62,3,5,1,12,58,4,8
4,1,10.0,17,1,8,0,13,48,1,4
5,2,30.0,131,0,12,1,10,12,0,19
5,0,6.0,260,3,2,1,0,12,4,23
5,0,6.0,260,3,1,0,1,1,3,23
5,0,6.0,260,3,3,1,6,128,4,23
5,0,11.0,10,5,6,1,12,61,1,9
5,0,11.0,10,5,2,0,11,15,2,9
5,0,11.0,10,5,2,3,15,31,3,9
4,0,24.0,55,5,3,1,9,63,4,14
5,0,12.0,113,6,0,1,1,16,0,28
5,0,12.0,113,6,22,0,4,75,4,28
5,0,20.0,172,3,13,2,14,106,3,29
5,4,14.0,345,2,14,3,5,64,3,5
5,4,10.0,79,6,14,0,4,4,1,4
5,4,10.0,79,6,9,0,2,86,1,4
5,4,10.0,79,6,22,1,6,128,1,4
5,4,11.0,121,3,20,0,1,11,1,9
5,4,11.0,121,3,11,0,9,9,4,9
5,4,12.0,134,0,6,0,3,76,1,28
5,4,11.0,121,3,3,0,14,25,2,9
5,4,11.0,121,3,3,0,12,83,2,9
5,4,14.0,345,2,16,0,5,12,3,5
5,8,29.0,301,1,19,0,5,6,0,16
5,8,29.0,301,1,18,0,8,9,1,16
3,8,1.0,66,0,4,0,8,118,1,7
5,2,4.0,254,2,5,1,0,12,0,30
5,4,30.0,139,5,17,1,13,99,1,19
4,9,27.0,179,6,12,1,10,43,1,15
5,10,19.0,117,3,17,0,12,56,1,10
5,5,1.0,109,5,17,1,0,77,1,7
4,7,6.0,93,6,13,1,3,115,1,23
4,5,23.0,168,3,8,1,2,86,1,17
4,6,3.0,99,4,2,0,5,6,0,27
4,6,15.0,49,1,8,0,13,29,1,1
4,3,30.0,304,5,12,0,2,92,3,19
4,1,24.0,64,1,21,1,14,25,0,14
4,8,7.0,70,1,19,1,5,6,0,11
4,8,7.0,70,1,18,0,13,48,4,11
4,1,14.0,183,6,23,1,10,47,0,5
4,2,8.0,258,0,14,2,6,7,0,8
4,8,30.0,103,4,19,0,10,47,2,19
4,6,19.0,291,6,2,0,13,99,2,10
4,6,19.0,291,6,15,0,10,52,4,10
4,6,19.0,291,6,8,0,8,9,0,10
4,6,19.0,291,6,4,0,10,52,3,10
4,6,27.0,116,3,20,0,10,47,3,15
4,6,27.0,116,3,5,0,10,22,3,15
4,3,2.0,120,5,18,0,9,93,3,22
4,6,27.0,116,3,22,0,6,14,1,15
4,6,27.0,116,3,10,1,16,72,1,15
4,6,27.0,116,3,13,0,11,54,0,15
3,6,22.0,185,3,20,0,5,12,3,26
4,3,17.0,54,6,17,0,10,22,1,6
4,9,27.0,179,6,22,0,15,108,3,15
5,3,25.0,347,6,15,0,10,47,0,13
4,6,27.0,116,3,14,0,1,35,0,15
5,9,15.0,226,3,19,0,4,5,1,1
4,10,1.0,208,4,16,0,13,99,4,7
5,3,20.0,105,0,13,0,9,87,2,29
4,3,17.0,54,6,15,0,9,93,3,6
5,3,24.0,357,5,4,0,0,26,2,14
1,9,1.0,126,1,20,0,5,6,0,7
4,10,1.0,208,4,0,0,9,134,1,7
5,3,25.0,347,6,13,0,14,34,1,13
5,9,23.0,167,0,4,2,1,16,3,17
4,3,8.0,148,4,6,0,8,19,3,8
4,7,6.0,93,6,15,0,0,26,1,23
5,7,17.0,95,1,9,0,15,31,1,6
5,7,10.0,329,1,11,1,11,133,4,4
5,3,3.0,182,5,13,0,14,34,3,27
5,3,3.0,182,5,12,0,3,103,3,27
5,3,3.0,182,5,2,0,4,121,3,27
5,3,12.0,104,3,17,0,11,18,1,28
5,3,12.0,104,3,10,0,13,21,1,28
5,3,12.0,104,3,6,1,11,15,0,28
5,3,12.0,104,3,15,1,12,80,4,28
5,3,12.0,104,3,14,0,15,46,1,28
5,3,12.0,104,3,18,2,1,11,0,28
5,3,18.0,165,6,19,0,9,101,3,0
5,3,18.0,165,6,8,1,11,10,4,0
5,3,19.0,138,3,17,0,14,32,0,10
5,3,18.0,165,6,13,0,1,81,2,0
5,3,19.0,138,3,2,0,10,43,1,10
5,3,19.0,138,3,1,0,13,69,4,10
5,3,20.0,105,0,7,0,5,6,0,29
5,3,20.0,105,0,12,0,12,80,3,29
4,6,29.0,335,1,22,0,9,102,4,16
4,5,25.0,350,1,19,0,5,12,0,13
5,3,20.0,105,0,14,2,12,121,3,29
5,3,18.0,165,6,17,0,10,47,0,0
4,6,6.0,83,3,16,1,13,69,0,23
5,11,1.0,222,4,13,0,13,28,3,7
5,7,18.0,154,2,11,0,8,9,3,0
5,6,17.0,244,2,4,0,13,38,1,6
4,5,17.0,212,0,9,2,10,47,3,6
4,6,25.0,39,5,12,0,8,41,4,13
4,6,25.0,39,5,13,0,13,69,3,13
4,6,26.0,348,6,17,1,5,12,0,3
4,10,25.0,56,3,0,1,10,52,0,13
5,7,7.0,293,6,4,0,4,82,1,11
4,10,25.0,56,3,3,1,1,105,4,13
4,10,25.0,56,3,10,0,10,47,3,13
4,10,28.0,216,2,0,0,10,22,3,18
4,10,28.0,216,2,5,0,1,11,1,18
4,10,28.0,216,2,0,0,0,31,4,18
4,10,28.0,216,2,22,0,5,6,0,18
5,6,22.0,185,0,17,0,14,110,4,26
4,1,8.0,62,3,6,0,6,7,1,8
4,1,8.0,62,3,13,0,8,9,2,8
4,1,10.0,17,1,16,0,0,12,0,4
4,1,10.0,17,1,6,1,3,103,1,4
4,1,10.0,17,1,16,2,11,15,3,4
4,6,17.0,244,4,0,0,14,106,3,6
4,6,18.0,308,5,17,0,3,30,1,0
4,1,10.0,17,1,20,1,12,61,4,4
4,1,10.0,17,1,13,0,14,32,3,4
5,5,25.0,350,0,14,1,3,70,4,13
5,5,25.0,350,0,20,1,1,59,1,13
4,6,17.0,244,4,15,0,0,77,3,6
4,10,3.0,310,6,22,1,9,95,4,27
5,9,21.0,362,6,17,1,0,26,1,21
4,7,7.0,293,3,19,0,9,95,3,11
4,7,9.0,273,1,6,0,0,12,1,12
4,7,9.0,273,1,0,0,4,4,1,12
4,7,9.0,273,1,0,0,2,2,1,12
4,7,9.0,273,1,21,0,5,6,0,12
4,7,9.0,273,1,23,1,14,107,4,12
4,7,9.0,273,1,10,2,10,6,3,12
4,7,9.0,273,1,9,0,8,9,1,12
4,7,10.0,329,2,13,0,9,93,3,4
4,7,10.0,329,2,4,0,13,99,1,4
4,7,10.0,329,2,12,0,11,18,1,4
4,7,10.0,329,2,2,0,1,59,1,4
4,7,15.0,205,0,0,1,13,38,0,1
4,7,15.0,205,0,0,1,8,19,0,1
4,7,15.0,205,0,8,0,10,47,2,1
4,7,15.0,205,0,13,0,8,65,4,1
4,7,15.0,205,0,12,0,9,9,3,1
4,7,15.0,205,0,2,0,2,69,2,1
4,7,18.0,154,4,22,0,13,48,0,0
4,7,18.0,154,4,2,0,3,79,4,0
4,7,18.0,154,4,8,0,13,38,4,0
5,7,17.0,95,1,4,1,10,47,2,6
5,3,2.0,120,4,2,0,8,27,0,22
3,1,1.0,203,5,23,1,5,12,1,7
4,7,6.0,93,6,5,0,1,59,2,23
4,7,6.0,93,6,19,0,11,94,0,23
4,7,3.0,269,2,22,3,7,8,4,27
4,11,22.0,250,5,8,0,12,61,3,26
4,9,4.0,295,4,3,3,5,12,1,30
5,2,4.0,254,2,19,0,9,93,1,30
4,6,7.0,169,0,12,1,5,6,1,11
4,6,12.0,162,6,19,0,3,103,2,28
5,5,20.0,214,2,14,2,9,27,0,29
5,5,20.0,214,2,22,0,9,87,0,29
4,5,20.0,214,4,17,0,8,41,1,29
4,1,5.0,219,4,17,3,8,27,0,24
4,1,5.0,219,4,19,1,5,6,1,24
5,5,29.0,24,5,2,0,13,21,2,16
3,8,1.0,66,0,13,0,11,18,1,7
4,6,15.0,49,1,12,1,9,63,2,1
5,3,25.0,347,6,3,0,4,75,3,13
4,3,8.0,148,4,3,0,0,53,0,8
2,10,9.0,245,1,4,0,11,90,4,12
4,3,8.0,148,4,14,0,6,7,3,8
5,3,26.0,343,3,7,0,2,35,2,3
4,1,24.0,64,1,21,1,0,64,0,14
5,5,15.0,200,5,22,0,11,133,0,1
5,11,1.0,222,4,10,0,7,8,2,7
4,6,17.0,244,4,2,0,10,22,2,6
4,5,25.0,350,1,12,2,12,100,3,13
4,3,18.0,165,3,17,0,12,104,4,0
4,10,8.0,213,4,9,1,0,12,1,8
5,3,26.0,343,3,0,1,13,48,0,3
4,6,17.0,244,4,18,0,14,24,1,6
4,10,1.0,208,4,16,2,15,119,3,7
4,5,25.0,350,1,9,0,8,9,0,13
4,3,7.0,289,2,18,0,13,99,2,11
4,3,18.0,165,3,16,0,7,31,0,0
4,10,24.0,261,6,4,1,0,15,4,14
4,3,1.0,180,4,18,0,1,67,2,7
5,7,18.0,154,2,17,0,2,2,4,0
4,6,25.0,39,5,7,1,11,18,1,13
4,5,25.0,350,1,12,1,13,99,4,13
4,5,27.0,328,4,5,0,2,86,3,15
4,5,27.0,328,4,19,0,10,22,3,15
4,5,15.0,200,6,8,3,11,15,0,1
5,9,27.0,179,5,13,0,5,6,3,15
5,9,27.0,179,5,4,0,8,41,1,15
5,9,28.0,315,6,23,0,6,7,3,18
5,7,3.0,269,1,21,0,0,31,3,27
5,7,3.0,269,1,16,0,4,4,1,27
5,7,3.0,269,1,0,0,12,56,3,27
5,7,3.0,269,1,22,0,6,7,3,27
5,7,3.0,269,1,13,1,13,123,4,27
5,7,3.0,269,1,8,0,8,65,2,27
5,7,8.0,94,3,22,1,0,26,0,8
5,7,8.0,94,3,19,1,9,10,0,8
5,7,8.0,94,3,1,2,6,126,3,8
5,7,9.0,273,0,7,1,10,22,0,12
5,7,9.0,273,0,15,0,6,91,0,12
5,7,8.0,94,3,1,0,4,75,1,8
5,7,9.0,273,0,4,2,7,8,0,12
5,7,9.0,273,0,14,0,11,117,1,12
5,7,9.0,273,0,13,1,12,61,4,12
5,7,11.0,197,2,0,0,5,12,3,9
5,7,1.0,98,3,19,1,13,21,4,7
5,7,11.0,197,2,4,0,4,66,4,9
5,9,25.0,344,2,17,3,0,77,1,13
5,7,18.0,154,2,16,0,4,138,0,0
4,5,27.0,328,4,9,0,11,18,3,15
4,5,27.0,328,4,14,2,12,104,3,15
4,6,8.0,59,1,0,1,6,132,0,8
4,6,8.0,59,1,3,2,16,139,4,8
4,6,8.0,59,1,4,0,9,57,3,8
4,6,8.0,59,1,14,0,0,64,3,8
4,5,1.0,109,6,17,1,8,9,1,7
4,5,9.0,206,3,22,2,8,9,2,12
4,5,9.0,206,3,8,0,13,69,1,12
5,5,8.0,199,5,17,1,9,93,4,8
4,10,1.0,208,4,9,1,5,12,1,7
4,5,25.0,350,1,17,0,15,51,1,13
4,10,17.0,256,6,4,3,15,46,3,6
4,10,10.0,245,6,2,0,9,93,2,4
5,1,31.0,305,0,11,0,15,119,0,20
4,3,9.0,44,5,1,0,3,44,1,12
4,3,10.0,4,6,0,1,8,9,0,4
4,3,10.0,4,6,5,0,15,37,3,4
4,3,15.0,35,4,6,0,8,65,3,1
4,7,27.0,53,6,11,3,6,73,0,15
4,3,15.0,35,4,2,0,8,33,3,1
4,5,10.0,155,0,3,3,1,67,3,4
4,5,10.0,155,0,5,1,14,32,1,4
4,5,10.0,155,0,1,2,10,23,3,4
4,5,18.0,195,1,3,1,5,64,1,0
4,5,19.0,146,2,0,1,0,64,0,10
4,5,19.0,146,2,20,0,14,34,3,10
4,5,19.0,146,2,4,0,4,121,2,10
5,3,6.0,303,0,12,0,0,64,4,23
5,5,7.0,349,4,4,1,9,10,1,11
5,5,13.0,184,2,5,0,11,58,2,25
4,6,1.0,158,1,1,0,5,12,3,7
4,6,24.0,31,4,6,0,10,47,3,14
4,6,24.0,31,4,1,0,2,92,3,14
4,10,3.0,310,6,6,2,1,1,1,27
4,3,8.0,148,4,3,0,11,18,3,8
4,3,8.0,148,4,12,0,0,26,1,8
4,3,8.0,148,4,11,1,14,32,4,8
4,3,8.0,148,4,4,0,14,88,3,8
4,3,18.0,165,3,2,1,1,59,4,0
4,5,7.0,349,5,15,1,6,128,1,11
4,5,7.0,349,5,14,0,2,92,1,11
4,5,7.0,349,5,20,1,12,56,1,11
4,5,8.0,199,6,22,0,5,6,0,8
4,5,7.0,349,5,13,0,9,54,2,11
4,6,26.0,348,6,6,2,6,89,1,3
4,6,26.0,348,6,14,0,13,48,4,3
4,10,2.0,358,5,17,0,13,38,2,22
4,10,2.0,358,5,6,0,13,38,1,22
4,10,2.0,358,5,5,0,6,128,1,22
4,10,2.0,358,5,2,1,4,4,0,22
4,5,2.0,307,3,17,1,14,25,1,22
4,5,17.0,212,0,13,1,9,101,4,6
4,10,2.0,358,5,16,1,3,30,4,22
4,10,11.0,298,3,11,0,1,11,1,9
4,10,11.0,298,3,8,0,12,56,3,9
4,10,16.0,201,5,5,0,10,22,3,2
4,10,16.0,201,5,2,0,5,6,0,2
4,10,16.0,201,5,22,1,13,99,4,2
4,6,25.0,39,5,13,0,14,24,2,13
4,6,26.0,348,6,8,0,0,12,1,3
4,10,11.0,298,3,13,0,5,6,3,9
4,10,16.0,201,5,23,0,5,6,1,2
4,10,25.0,56,3,6,0,9,87,1,13
4,10,25.0,56,3,15,0,2,69,3,13
4,3,7.0,289,2,22,0,5,6,1,11
4,3,18.0,165,3,20,1,15,31,0,0
4,10,24.0,261,6,19,1,14,131,4,14
5,7,18.0,154,2,5,1,0,68,0,0
4,10,1.0,208,4,10,0,12,84,1,7
4,3,7.0,289,2,22,0,13,13,3,11
4,3,18.0,165,3,3,0,2,2,4,0
4,6,17.0,244,4,12,0,5,6,3,6
4,11,1.0,222,5,17,0,1,59,4,7
4,1,17.0,63,1,12,1,7,111,1,6
5,7,3.0,269,1,21,0,13,69,1,27
5,7,18.0,154,2,12,0,13,38,3,0
4,3,7.0,289,2,2,0,15,96,3,11
4,3,18.0,165,3,2,0,7,20,2,0
4,6,25.0,39,5,3,0,9,87,0,13
4,10,1.0,208,4,4,0,8,19,1,7
4,5,9.0,206,3,10,1,5,64,0,12
5,5,15.0,200,5,11,1,3,30,1,1
5,7,3.0,269,1,1,0,4,4,1,27
5,7,18.0,154,2,2,0,6,7,2,0
4,3,7.0,289,2,4,0,1,105,0,11
4,3,18.0,165,3,16,1,3,30,0,0
4,5,9.0,206,3,8,1,11,18,1,12
4,10,8.0,213,4,14,1,5,64,1,8
4,10,9.0,150,5,2,0,10,47,3,12
5,5,15.0,200,5,22,1,11,98,1,1
5,5,16.0,239,6,22,0,4,138,2,2
4,3,27.0,361,1,23,0,5,6,0,15
4,3,27.0,361,1,22,0,10,6,3,15
4,5,1.0,109,6,17,2,9,95,2,7
4,5,1.0,109,6,9,2,1,11,4,7
4,5,1.0,109,6,10,0,2,123,1,7
4,5,25.0,350,1,7,0,5,12,2,13
4,5,25.0,350,1,21,1,12,135,0,13
4,9,1.0,126,0,19,0,0,0,3,7
4,3,17.0,54,6,15,0,9,102,1,6
4,5,9.0,206,3,5,3,5,6,3,12
4,5,9.0,206,3,12,1,6,7,0,12
4,5,17.0,212,0,6,0,16,130,4,6
4,5,24.0,58,0,17,0,4,79,2,14
4,5,24.0,58,0,21,1,10,12,2,14
4,5,24.0,58,0,12,0,12,135,3,14
4,5,24.0,58,0,20,1,12,84,1,14
4,5,24.0,58,0,14,0,8,41,2,14
4,5,24.0,58,0,4,0,5,64,1,14
4,3,24.0,357,6,9,0,2,69,2,14
4,6,2.0,352,2,17,0,0,26,3,22
4,6,2.0,352,2,16,0,16,108,0,22
5,9,24.0,272,1,0,0,11,15,1,14
5,9,22.0,92,3,8,0,14,110,2,26
5,7,7.0,293,6,2,1,13,29,2,11
4,11,16.0,225,6,1,1,1,35,0,2
4,11,15.0,331,5,12,0,2,35,2,1
4,11,7.0,253,4,8,1,16,37,0,11
5,3,13.0,210,0,7,0,0,53,0,25
5,3,23.0,57,4,8,0,15,114,3,17
4,3,16.0,263,5,8,0,0,53,0,2
5,8,1.0,66,1,17,3,12,80,1,7
4,5,17.0,212,0,19,0,3,70,3,6
4,6,10.0,149,4,19,0,10,6,3,4
4,6,10.0,149,4,14,0,5,12,3,4
4,6,11.0,355,5,17,0,10,47,3,9
4,6,16.0,38,2,20,0,11,94,3,2
4,6,17.0,244,4,4,2,8,65,1,6
4,6,17.0,244,4,14,2,7,78,0,6
4,6,25.0,39,5,5,0,11,133,0,13
4,6,25.0,39,5,3,1,0,53,4,13
4,6,25.0,39,5,17,1,8,65,2,13
4,6,26.0,348,6,21,0,6,7,3,3
4,6,25.0,39,5,4,1,5,12,0,13
4,6,26.0,348,6,12,2,1,105,3,3
4,6,26.0,348,6,19,0,10,47,3,3
4,6,11.0,355,5,17,0,5,47,2,9
4,10,2.0,358,5,16,0,3,103,2,22
4,10,2.0,358,5,15,0,5,6,3,22
4,10,2.0,358,5,14,0,2,69,1,22
5,11,28.0,123,2,10,1,14,106,2,18
5,3,12.0,104,3,13,0,8,9,0,28
5,3,12.0,104,3,5,2,10,22,0,28
5,3,12.0,104,3,8,2,14,32,3,28
5,7,1.0,98,3,10,2,14,88,3,7
5,7,1.0,98,3,7,2,7,62,3,7
5,7,1.0,98,3,5,0,5,6,0,7
5,7,1.0,98,3,13,1,2,13,4,7
5,7,3.0,269,1,0,0,14,25,1,27
5,7,8.0,94,3,17,0,3,30,3,8
5,7,8.0,94,3,4,0,2,123,1,8
5,7,9.0,273,0,3,0,14,34,1,12
5,7,8.0,94,3,14,1,8,27,0,8
5,7,8.0,94,3,19,0,5,6,0,8
5,7,11.0,197,2,22,2,2,86,1,9
5,7,11.0,197,2,17,1,4,45,0,9
5,7,11.0,197,2,4,0,6,14,4,9
5,7,18.0,154,2,17,0,7,57,3,0
5,7,18.0,154,2,21,0,6,73,1,0
4,9,24.0,272,2,17,0,8,41,3,14
4,3,2.0,120,5,2,0,6,89,1,22
4,3,2.0,120,5,4,0,13,48,4,22
4,3,2.0,120,5,8,0,10,22,2,22
5,3,3.0,182,5,10,0,10,12,3,27
4,6,19.0,291,6,0,1,2,2,0,10
4,7,16.0,40,1,13,0,13,28,2,2
5,0,31.0,290,4,18,1,15,51,1,20
4,3,18.0,165,3,18,0,8,19,2,0
4,3,7.0,289,2,3,1,7,129,4,11
5,7,3.0,269,1,4,0,5,6,0,27
5,3,3.0,182,5,5,0,5,64,2,27
4,6,19.0,291,6,5,2,9,95,3,10
4,5,7.0,349,5,21,1,0,53,0,11
4,3,9.0,44,5,22,0,8,27,3,12
5,0,31.0,290,4,8,1,1,35,0,20
5,7,3.0,269,1,18,0,2,2,3,27
5,3,3.0,182,5,3,0,5,6,0,27
4,6,19.0,291,6,9,0,2,71,4,10
4,9,6.0,51,6,20,1,0,53,4,23
4,5,7.0,349,5,14,0,7,78,3,11
4,3,10.0,4,6,23,0,5,12,0,4
4,9,11.0,52,4,5,0,12,61,1,9
5,7,8.0,94,3,11,1,4,45,4,8
5,3,12.0,104,3,21,0,0,64,3,28
4,9,23.0,167,1,15,0,2,69,0,17
5,3,24.0,357,5,18,3,10,22,0,14
4,3,10.0,4,6,14,0,13,36,1,4
4,9,11.0,52,4,0,0,9,101,1,9
5,7,8.0,94,3,9,2,10,22,2,8
5,7,9.0,273,0,0,0,5,6,3,12
5,7,9.0,273,0,8,0,5,6,0,12
4,3,29.0,325,4,12,0,13,21,1,16
4,5,21.0,351,5,23,2,0,64,4,21
5,0,31.0,290,4,22,3,10,47,1,20
5,11,1.0,222,4,17,0,15,85,1,7
5,7,1.0,98,3,12,0,8,41,1,7
4,3,6.0,303,1,15,1,15,114,1,23
5,7,9.0,273,0,9,0,10,47,0,12
5,7,9.0,273,0,18,1,12,121,1,12
4,6,17.0,244,4,3,3,14,131,3,6
4,10,25.0,56,3,17,0,8,41,1,13
4,10,25.0,56,3,12,1,10,52,4,13
4,10,28.0,216,2,16,0,5,6,0,18
4,10,28.0,216,2,0,0,1,16,3,18
4,10,28.0,216,2,21,0,6,89,4,18
4,10,28.0,216,2,5,0,1,11,3,18
4,10,28.0,216,2,15,0,8,9,0,18
4,10,28.0,216,2,2,0,1,59,3,18
4,10,28.0,216,2,14,0,12,17,1,18
4,10,25.0,56,3,22,1,7,57,0,13
4,1,10.0,17,1,9,0,2,92,3,4
4,1,10.0,17,1,18,0,3,103,3,4
4,1,18.0,82,2,17,2,13,29,3,0
4,1,18.0,82,2,16,0,7,120,3,0
4,3,26.0,343,0,15,0,6,89,2,3
4,3,26.0,343,0,12,0,15,31,0,3
4,3,26.0,343,0,15,0,5,64,2,3
4,5,2.0,307,3,13,0,2,86,4,22
4,5,17.0,212,0,5,0,5,6,3,6
5,7,11.0,197,2,3,0,5,12,3,9
5,7,11.0,197,2,14,2,7,62,3,9
5,7,11.0,197,2,5,0,8,9,2,9
5,7,11.0,197,2,6,0,0,68,0,9
5,11,1.0,222,4,17,0,7,31,4,7
5,7,11.0,197,2,8,2,11,124,0,9
5,7,9.0,273,0,19,1,14,32,2,12
5,7,11.0,197,2,9,2,16,39,3,9
5,7,11.0,197,2,9,0,14,24,1,9
5,0,31.0,290,4,4,1,9,49,1,20
4,9,11.0,52,4,2,0,0,77,0,9
4,5,6.0,277,4,14,1,5,64,0,23
4,7,11.0,197,4,17,0,11,117,1,9
4,3,29.0,325,4,22,1,0,12,1,16
5,7,11.0,197,2,18,1,2,3,0,9
5,7,18.0,154,2,17,0,10,47,0,0
5,7,18.0,154,2,9,2,3,103,3,0
5,3,3.0,182,5,16,0,9,58,2,27
5,3,3.0,182,5,8,0,15,96,0,27
5,3,3.0,182,5,2,2,13,48,3,27
4,5,8.0,199,6,3,1,8,9,4,8
4,5,10.0,155,0,13,0,10,23,1,4
4,5,10.0,155,0,5,0,9,102,3,4
4,5,10.0,155,0,1,0,12,121,1,4
4,5,16.0,239,3,11,0,10,22,3,2
4,5,10.0,155,0,22,0,2,2,2,4
4,6,1.0,158,1,22,1,0,12,1,7
5,3,24.0,357,5,11,1,4,45,1,14
5,3,24.0,357,5,12,0,1,11,4,14
5,9,15.0,226,3,13,1,8,33,0,1
4,5,16.0,239,3,2,0,13,123,4,2
4,5,18.0,195,1,14,0,4,5,0,0
4,5,19.0,146,2,11,0,12,61,1,10
4,5,18.0,195,1,9,0,14,25,1,0
4,5,18.0,195,1,17,1,11,94,4,0
4,5,19.0,146,2,0,1,2,123,0,10
4,7,18.0,154,4,19,2,6,89,2,0
4,7,18.0,154,4,2,0,4,82,1,0
4,7,18.0,154,4,9,0,4,4,2,0
4,7,18.0,154,4,18,0,7,120,3,0
4,7,23.0,202,1,21,0,15,31,1,17
4,7,23.0,202,1,9,0,10,47,1,17
4,7,23.0,202,1,0,2,5,6,3,17
4,9,7.0,271,3,2,0,2,69,2,11
5,3,12.0,104,3,7,1,1,105,0,28
4,7,21.0,81,3,12,1,14,32,4,21
4,3,15.0,35,4,17,1,13,123,1,1
5,3,16.0,263,4,11,2,15,119,2,2
4,6,9.0,236,2,5,0,15,119,2,12
4,9,7.0,271,3,9,0,1,105,0,11
4,3,15.0,35,4,4,2,5,47,3,1
4,7,4.0,186,4,17,0,2,86,1,30
4,6,24.0,31,4,4,0,10,47,2,14
4,6,27.0,116,3,17,0,14,25,3,15
4,9,7.0,271,3,1,0,0,53,1,11
4,10,1.0,208,4,1,2,8,9,3,7
4,3,17.0,54,6,7,1,3,30,1,6
5,11,1.0,222,4,14,0,8,33,1,7
4,6,24.0,31,4,18,0,9,134,2,14
4,6,27.0,116,3,3,0,11,98,3,15
4,9,7.0,271,3,22,0,9,109,3,11
4,10,10.0,245,6,20,0,11,15,2,4
4,11,9.0,311,6,13,1,1,67,0,12
5,11,17.0,110,6,6,2,5,47,3,6
4,6,22.0,185,1,19,1,11,124,1,26
4,9,1.0,126,0,12,0,7,57,2,7
4,5,26.0,37,2,3,0,6,89,4,3
4,5,25.0,350,1,22,0,13,38,2,13
4,7,24.0,68,2,20,0,2,86,1,14
4,5,26.0,37,2,17,0,6,126,1,3
4,5,26.0,37,2,11,1,12,80,0,3
4,5,26.0,37,2,2,2,10,6,3,3
4,5,26.0,37,2,18,0,13,28,4,3
3,8,5.0,101,5,17,0,8,9,1,24
4,6,16.0,38,2,17,3,3,30,4,2
4,1,10.0,17,1,19,0,10,22,0,4
4,1,10.0,17,1,18,0,12,84,1,4
4,1,18.0,82,2,16,0,5,12,0,0
4,1,18.0,82,2,7,0,6,7,1,0
4,1,18.0,82,2,3,0,3,103,3,0
4,1,19.0,29,4,15,1,10,22,2,10
4,1,18.0,82,2,12,0,10,47,3,0
4,1,18.0,82,2,9,2,10,22,3,0
4,1,19.0,29,4,12,0,4,79,0,10
4,1,19.0,29,4,4,0,8,9,1,10
4,1,19.0,29,4,4,0,0,12,3,10
4,1,19.0,29,4,20,1,12,61,1,10
4,1,19.0,29,4,9,2,13,28,0,10
4,1,27.0,262,5,0,1,8,27,0,15
4,1,18.0,82,2,2,0,9,93,4,0
5,5,25.0,350,0,16,0,13,28,3,13
5,5,25.0,350,0,16,1,16,72,4,13
2,1,1.0,171,4,4,0,0,85,1,7
2,8,1.0,77,3,17,0,2,2,4,7
4,6,11.0,355,5,16,3,9,57,0,9
4,7,18.0,154,4,19,0,16,50,4,0
4,7,18.0,154,4,18,2,5,64,3,0
4,7,15.0,205,0,14,3,1,35,3,1
4,9,15.0,226,0,19,1,11,58,4,1
4,7,23.0,202,1,7,1,2,71,4,17
5,5,7.0,349,4,13,0,3,30,0,11
4,7,23.0,202,1,7,1,6,116,4,17
4,3,2.0,120,5,5,0,9,101,4,22
4,3,2.0,120,5,3,2,2,69,3,22
4,3,2.0,120,5,14,3,5,64,3,22
4,3,8.0,148,4,15,0,11,94,2,8
4,3,8.0,148,4,16,1,8,9,4,8
4,3,8.0,148,4,13,1,8,27,1,8
4,3,8.0,148,4,9,0,15,108,1,8
4,3,8.0,148,4,18,2,0,64,3,8
4,3,18.0,165,3,21,1,13,48,2,0
4,3,18.0,165,3,2,1,11,133,1,0
4,3,18.0,165,3,20,1,13,48,4,0
4,5,7.0,349,5,5,0,9,10,3,11
4,5,7.0,349,5,13,0,7,137,4,11
4,5,7.0,349,5,22,0,12,83,3,11
4,5,7.0,349,5,19,0,14,107,4,11
4,8,1.0,66,2,17,1,0,0,0,7
4,8,1.0,66,2,13,0,8,33,1,7
4,8,1.0,66,2,14,2,12,80,1,7
4,8,10.0,71,5,21,1,4,121,0,4
4,8,10.0,71,5,13,1,2,123,4,4
4,1,27.0,262,5,19,0,2,69,4,15
4,8,10.0,71,5,4,0,3,30,4,4
4,8,19.0,280,3,4,1,16,37,0,10
4,8,25.0,86,6,20,0,10,22,1,13
4,8,25.0,86,6,2,0,5,6,2,13
4,8,25.0,86,6,15,0,5,6,0,13
4,10,25.0,56,3,2,3,5,12,1,13
4,10,25.0,56,3,8,0,9,87,0,13
4,10,28.0,216,2,17,0,0,53,3,18
4,10,28.0,216,2,11,1,2,92,0,18
4,10,28.0,216,2,2,2,3,44,3,18
4,10,28.0,216,2,15,0,5,6,0,18
4,10,28.0,216,2,4,0,4,75,1,18
4,10,28.0,216,2,19,0,4,138,3,18
4,10,28.0,216,2,9,0,13,48,1,18
4,10,2.0,358,5,9,0,9,102,2,22
4,10,2.0,358,5,19,3,12,104,3,22
4,5,8.0,199,6,3,2,3,103,0,8
5,4,19.0,142,0,5,3,16,37,2,10
4,6,30.0,145,2,18,1,6,7,0,19
4,10,27.0,302,1,13,3,1,105,2,15
4,9,18.0,359,4,14,2,10,23,3,0
4,9,18.0,359,4,1,0,5,6,3,0
5,9,28.0,315,6,19,1,16,72,4,18
5,2,27.0,136,5,14,2,2,2,3,15
5,0,30.0,228,2,22,1,9,83,1,19
4,9,23.0,167,1,0,1,3,76,1,17
5,5,31.0,196,3,14,0,8,41,0,20
5,7,1.0,98,3,14,2,10,52,0,7
4,9,22.0,92,0,13,1,1,1,1,26
5,7,19.0,330,4,8,0,6,91,3,10
3,2,1.0,16,6,13,0,13,29,1,7
4,9,5.0,89,5,1,1,1,1,0,24
4,9,19.0,234,5,17,0,4,127,2,10
4,9,28.0,315,3,18,2,0,26,1,18
3,10,1.0,208,1,13,0,15,31,1,7
4,7,31.0,43,2,18,1,10,43,1,20
4,7,14.0,125,3,1,1,10,47,0,5
4,7,14.0,125,3,1,0,11,18,3,5
4,7,14.0,125,3,2,1,16,37,0,5
4,7,22.0,211,0,20,1,1,59,4,26
4,5,29.0,24,6,23,0,10,47,2,16
4,3,13.0,210,1,13,0,12,17,4,25
3,0,17.0,12,2,16,0,4,138,4,6
3,10,1.0,208,1,23,0,16,37,4,7
4,6,5.0,342,6,23,1,0,53,4,24
4,10,13.0,346,1,15,0,5,64,2,25
5,3,19.0,138,3,22,3,11,15,0,10
5,3,25.0,347,6,3,1,12,17,1,13
5,11,1.0,222,4,17,0,3,79,1,7
5,3,25.0,347,6,1,0,5,12,0,13
4,5,6.0,277,4,7,1,0,53,0,23
4,5,15.0,200,6,1,3,6,7,3,1
5,3,26.0,343,3,20,1,11,15,4,3
5,3,26.0,343,3,13,1,8,9,1,3
5,3,25.0,347,6,2,0,13,21,2,13
5,5,9.0,206,6,18,0,15,31,0,12
5,5,17.0,212,3,21,1,0,85,0,6
5,5,17.0,212,3,2,0,3,115,3,6
5,5,17.0,212,3,3,1,13,48,1,6
5,5,18.0,195,0,23,0,3,30,1,0
5,5,18.0,195,0,2,0,0,53,1,0
4,3,4.0,285,3,3,0,3,44,1,30
4,6,27.0,116,3,9,2,14,32,3,15
4,10,8.0,213,4,15,0,11,94,2,8
4,10,8.0,213,4,3,2,4,45,2,8
4,10,9.0,150,5,22,0,5,6,2,12
4,11,1.0,222,5,7,2,1,1,3,7
4,11,1.0,222,5,22,0,13,38,2,7
4,11,9.0,311,6,6,1,0,64,2,12
4,11,9.0,311,6,21,1,15,46,4,12
4,11,9.0,311,6,11,0,15,112,1,12
4,11,9.0,311,6,19,0,16,130,1,12
4,11,9.0,311,6,12,0,16,50,4,12
4,11,24.0,194,3,13,2,11,15,0,14
4,11,24.0,194,3,11,1,7,8,1,14
4,9,1.0,126,0,8,0,9,109,3,7
4,11,1.0,222,5,18,0,2,86,0,7
5,5,6.0,277,2,8,0,15,31,1,23
4,6,16.0,38,2,17,1,2,86,4,2
4,6,16.0,38,2,0,0,9,93,1,2
4,6,16.0,38,2,21,1,11,98,0,2
4,6,16.0,38,2,7,0,15,46,2,2
4,6,16.0,38,2,1,0,7,62,3,2
4,6,16.0,38,2,17,1,10,52,2,2
4,6,16.0,38,2,9,0,12,61,1,2
4,6,16.0,38,2,9,1,11,10,4,2
4,9,23.0,167,1,0,0,2,92,1,17
5,5,30.0,294,6,1,0,9,101,1,19
4,3,14.0,33,2,14,0,0,68,1,5
5,7,1.0,98,3,1,2,9,101,3,7
5,4,19.0,142,0,12,3,9,10,4,10
5,7,3.0,269,1,17,0,13,123,3,27
4,9,25.0,344,4,8,0,10,47,0,13
4,11,3.0,288,3,3,0,4,66,2,27
4,6,8.0,59,1,4,1,9,57,2,8
4,6,9.0,236,2,2,0,2,35,4,12
4,6,9.0,236,2,19,0,12,56,3,12
4,6,18.0,308,5,17,1,10,47,1,0
4,6,18.0,308,5,3,0,10,22,3,0
4,6,18.0,308,5,12,0,9,57,0,0
4,6,18.0,308,5,1,0,16,50,1,0
4,5,27.0,328,4,12,1,5,6,1,15
4,6,19.0,291,6,3,0,5,6,3,10
4,6,19.0,291,6,19,0,10,6,3,10
4,6,19.0,291,6,4,0,2,86,4,10
4,6,27.0,116,3,6,0,11,133,2,15
4,6,27.0,116,3,7,1,16,72,1,15
4,10,1.0,208,4,6,0,8,27,0,7
4,10,1.0,208,4,10,2,5,6,3,7
4,5,7.0,349,5,11,0,10,12,2,11
4,5,8.0,199,6,3,2,13,48,3,8
4,5,8.0,199,6,0,1,14,32,0,8
4,5,16.0,239,3,17,0,5,12,0,2
4,5,16.0,239,3,11,0,10,6,3,2
4,5,16.0,239,3,15,1,2,71,4,2
4,5,16.0,239,3,4,0,4,4,3,2
4,6,24.0,31,4,1,1,4,121,0,14
4,3,8.0,148,4,12,0,10,22,1,8
4,5,18.0,195,1,18,0,5,6,0,0
4,5,19.0,146,2,10,0,6,7,2,10
4,5,19.0,146,2,3,0,8,41,3,10
4,5,16.0,239,3,2,0,14,32,3,2
4,5,7.0,349,5,18,0,3,76,3,11
4,6,1.0,158,1,11,0,7,120,4,7
4,6,1.0,158,1,15,0,2,13,1,7
4,6,1.0,158,1,12,0,1,59,1,7
4,6,24.0,31,4,0,1,13,99,1,14
4,6,24.0,31,4,3,2,14,34,3,14
4,6,24.0,31,4,22,0,5,12,0,14
4,6,24.0,31,4,3,1,1,81,4,14
4,10,3.0,310,6,8,0,2,3,0,27
4,10,3.0,310,6,12,3,9,95,3,27
4,10,3.0,310,6,13,1,12,84,1,27
5,3,12.0,104,3,8,1,2,13,1,28
5,11,1.0,222,4,17,3,0,26,4,7
5,3,12.0,104,3,8,0,6,7,2,28
5,3,12.0,104,3,1,0,13,38,1,28
5,3,18.0,165,6,6,0,12,56,1,0
5,3,18.0,165,6,6,0,5,64,3,0
5,3,19.0,138,3,6,1,7,62,0,10
5,3,19.0,138,3,20,0,10,6,0,10
5,3,19.0,138,3,11,0,2,2,2,10
5,3,19.0,138,3,13,0,0,96,4,10
5,3,19.0,138,3,12,0,12,17,4,10
4,3,29.0,325,4,1,3,6,14,3,16
4,6,6.0,83,3,1,1,9,93,1,23
4,5,6.0,277,4,8,0,0,0,3,23
4,5,15.0,200,6,5,0,2,2,2,1
4,5,15.0,200,6,9,1,12,104,0,1
5,3,18.0,165,6,0,0,0,77,1,0
5,3,18.0,165,6,1,0,5,64,3,0
5,3,19.0,138,3,2,0,11,55,3,10
5,3,19.0,138,3,5,1,0,77,1,10
5,3,19.0,138,3,4,1,15,39,0,10
5,3,18.0,165,6,5,0,4,138,2,0
5,3,20.0,105,0,9,0,0,53,0,29
4,10,8.0,213,4,11,0,4,103,3,8
4,10,8.0,213,4,19,0,5,6,0,8
4,10,8.0,213,4,4,2,12,104,3,8
4,10,8.0,213,4,21,1,11,15,0,8
4,10,9.0,150,5,15,0,1,16,0,12
4,6,8.0,59,1,14,0,16,139,1,8
4,6,9.0,236,2,21,0,9,95,1,12
4,6,9.0,236,2,16,1,9,57,0,12
4,6,9.0,236,2,14,2,6,91,3,12
4,6,9.0,236,2,18,0,1,59,3,12
5,7,3.0,269,1,10,1,3,103,0,27
4,7,1.0,98,0,2,0,14,24,1,7
4,11,4.0,275,0,2,1,6,128,4,30
5,7,3.0,269,1,19,1,11,55,4,27
4,7,1.0,98,0,2,2,4,5,3,7
5,0,19.0,13,6,17,1,16,37,4,10
5,7,3.0,269,1,15,1,0,0,4,27
4,3,20.0,105,1,13,0,13,38,4,29
5,7,1.0,98,3,6,0,15,108,1,7
4,7,27.0,53,6,6,0,5,6,3,15
4,7,22.0,211,0,9,1,2,3,0,26
5,7,8.0,94,3,0,0,6,128,3,8
4,7,27.0,53,6,15,3,12,56,1,15
4,7,5.0,204,5,13,3,7,54,4,24
5,7,8.0,94,3,11,2,16,50,0,8
4,7,27.0,53,6,1,0,8,118,1,15
4,7,20.0,266,6,22,0,13,38,1,29
5,7,8.0,94,3,12,1,1,59,1,8
5,7,9.0,273,0,17,0,4,75,1,12
5,7,8.0,94,3,9,0,7,62,1,8
5,7,9.0,273,0,16,1,1,105,0,12
5,7,9.0,273,0,15,1,9,10,4,12
5,7,11.0,197,2,6,0,0,68,0,9
5,7,11.0,197,2,19,0,11,94,3,9
4,11,12.0,118,1,16,0,10,22,0,28
5,2,29.0,140,3,8,0,13,38,2,16
5,1,1.0,203,6,17,0,8,33,0,7
5,0,31.0,290,4,18,0,0,26,0,20
5,0,31.0,290,4,9,1,5,6,0,20
4,3,29.0,325,4,4,1,1,59,0,16
4,6,6.0,83,3,13,0,0,0,2,23
4,7,21.0,81,3,13,0,8,27,1,21
5,10,1.0,208,2,6,0,4,66,1,7
5,7,1.0,98,3,10,0,13,48,4,7
5,7,18.0,154,2,17,0,0,77,1,0
5,2,14.0,231,6,15,3,16,130,1,5
4,9,21.0,362,3,15,0,7,20,2,21
5,2,11.0,297,2,11,3,8,27,0,9
5,6,1.0,158,0,17,0,12,80,1,7
4,7,13.0,238,6,8,2,2,86,1,25
4,7,11.0,197,4,17,2,4,5,3,9
5,3,18.0,165,6,2,0,0,26,3,0
5,7,1.0,98,3,17,0,14,34,3,7
5,3,18.0,165,6,9,0,12,104,2,0
5,3,19.0,138,3,2,1,6,89,1,10
5,3,19.0,138,3,5,1,3,30,4,10
4,10,3.0,310,6,5,2,13,29,3,27
4,10,3.0,310,6,22,0,4,121,1,27
4,10,3.0,310,6,14,0,3,44,3,27
4,10,18.0,246,3,16,0,11,117,3,0
4,9,9.0,320,1,13,0,6,7,1,12
4,10,18.0,246,3,14,2,2,86,0,0
4,10,18.0,246,3,9,0,10,22,3,0
4,10,26.0,61,0,8,0,1,35,4,3
4,10,26.0,61,0,8,1,8,19,0,3
4,1,1.0,203,3,10,1,0,26,0,7
4,1,1.0,203,3,13,0,8,41,1,7
4,1,1.0,203,3,4,0,1,11,4,7
4,1,1.0,203,3,19,0,13,99,4,7
4,1,1.0,203,3,14,0,9,87,1,7
4,1,2.0,171,0,23,0,5,6,0,22
4,1,2.0,171,0,7,1,12,83,0,22
4,1,2.0,171,0,8,0,10,47,1,22
4,1,2.0,171,0,13,1,0,0,1,22
4,1,2.0,171,0,8,0,14,34,1,22
5,6,8.0,59,0,18,1,14,107,4,8
4,5,7.0,349,5,9,0,5,6,3,11
4,5,8.0,199,6,16,1,16,108,0,8
5,3,19.0,138,3,5,1,3,30,1,10
5,3,19.0,138,3,23,1,0,77,1,10
5,3,19.0,138,3,8,0,10,43,0,10
5,3,20.0,105,0,22,0,7,111,3,29
5,3,20.0,105,0,19,0,13,123,2,29
5,3,20.0,105,0,13,0,6,89,2,29
5,3,20.0,105,0,1,0,1,11,4,29
4,7,14.0,125,3,1,0,0,0,0,5
4,7,27.0,53,6,9,0,3,30,0,15
4,9,28.0,315,3,4,0,0,26,1,18
4,7,27.0,53,6,14,0,7,122,2,15
4,6,5.0,342,6,8,0,12,80,3,24
4,7,1.0,98,0,1,1,6,7,0,7
4,5,31.0,196,0,13,1,14,34,1,20
4,6,14.0,173,0,12,1,0,12,0,5
4,11,27.0,322,2,11,0,10,47,3,15
4,3,23.0,57,5,6,1,0,12,1,17
4,5,22.0,163,6,0,0,14,107,1,26
5,4,3.0,279,6,4,3,15,51,3,27
4,6,9.0,236,2,8,1,3,44,4,12
4,6,9.0,236,2,16,3,1,35,4,12
4,6,9.0,236,2,19,3,8,27,0,12
4,3,7.0,289,2,13,0,2,2,3,11
4,3,9.0,44,5,7,0,12,84,4,12
4,3,7.0,289,2,18,0,13,99,2,11
4,3,10.0,4,6,5,1,1,67,4,4
4,3,10.0,4,6,2,0,8,9,1,4
4,3,15.0,35,4,15,1,11,94,0,1
4,3,15.0,35,4,6,0,5,6,3,1
4,3,17.0,54,6,1,0,12,61,1,6
4,11,1.0,222,5,16,0,8,118,3,7
4,5,25.0,350,1,2,0,11,58,3,13
4,5,26.0,37,2,13,0,9,93,4,3
4,5,27.0,328,4,22,0,3,76,2,15
4,6,8.0,59,1,6,0,2,71,4,8
4,6,8.0,59,1,1,0,1,16,4,8
5,5,31.0,196,3,8,2,6,89,3,20
5,4,19.0,142,0,2,1,7,20,1,10
5,2,5.0,127,4,3,0,1,11,2,24
4,3,23.0,57,5,1,1,11,94,0,17
4,3,14.0,33,2,15,0,9,101,2,5
4,3,23.0,57,5,1,0,15,31,4,17
4,7,29.0,268,0,4,1,0,26,1,16
5,9,26.0,267,4,5,3,13,28,3,3
5,9,26.0,267,4,8,0,9,10,2,3
4,5,30.0,294,3,1,3,0,77,2,19
4,9,28.0,315,3,3,0,8,41,2,18
4,7,22.0,211,0,17,0,4,5,1,26
4,7,20.0,266,6,15,1,4,45,1,29
4,7,31.0,43,2,14,0,9,95,1,20
4,9,28.0,315,3,15,0,8,33,4,18
4,7,29.0,268,0,2,1,15,46,4,16
5,11,16.0,225,5,15,2,13,99,3,2
4,6,14.0,173,0,8,0,2,123,2,5
4,6,23.0,84,2,9,0,10,47,2,17
4,6,22.0,185,1,14,0,10,47,3,26
4,6,23.0,84,2,4,0,5,47,3,17
4,10,7.0,243,2,5,0,6,7,3,11
4,10,20.0,223,1,14,1,0,68,0,29
4,6,23.0,84,2,19,1,6,14,4,17
5,5,31.0,196,3,7,1,13,38,1,20
4,6,9.0,236,2,15,1,9,95,4,12
4,6,9.0,236,2,12,0,14,25,0,12
4,6,18.0,308,5,21,0,0,0,1,0
4,6,19.0,291,6,5,1,16,72,4,10
4,6,19.0,291,6,13,0,8,27,4,10
4,3,1.0,180,4,4,0,2,2,1,7
4,10,7.0,243,2,16,3,10,30,0,11
4,10,20.0,223,1,22,3,9,95,2,29
4,7,29.0,268,0,13,3,5,12,1,16
4,6,14.0,173,0,17,1,14,24,1,5
0,8,11.0,306,0,17,0,1,59,4,9
5,2,22.0,209,3,9,1,14,32,4,26
5,2,19.0,137,4,19,0,9,93,1,10
4,11,13.0,312,2,9,1,11,18,1,25
4,9,20.0,119,6,19,0,5,64,2,29
5,2,5.0,127,4,2,3,1,105,4,24
5,2,5.0,127,4,23,0,11,47,3,24
5,4,19.0,142,0,8,0,7,111,3,10
4,3,20.0,105,1,9,0,13,29,1,29
4,5,22.0,163,6,14,0,6,89,4,26
4,6,14.0,173,0,21,0,5,64,3,5
4,6,14.0,173,0,12,1,11,18,0,5
4,11,19.0,321,1,17,0,10,47,2,10
4,9,28.0,315,3,5,3,10,12,3,18
4,9,13.0,91,6,5,3,11,15,3,25
4,7,14.0,125,3,0,1,11,133,0,5
4,7,12.0,181,5,20,3,12,84,1,28
5,0,19.0,13,6,17,1,9,101,1,10
5,8,5.0,101,6,11,0,13,99,2,24
4,3,21.0,338,2,19,3,16,50,0,21
5,11,27.0,322,1,18,1,2,69,4,15
5,9,17.0,255,1,19,0,8,41,1,6
5,9,19.0,234,4,14,0,12,135,1,10
4,11,22.0,250,5,0,3,1,35,0,26
4,5,23.0,168,3,18,0,10,22,3,17
4,5,23.0,168,3,2,0,13,38,2,17
4,5,20.0,214,4,6,0,5,12,1,29
4,6,7.0,169,0,12,1,10,22,0,11
3,0,1.0,8,0,13,3,1,105,0,7
5,5,1.0,109,5,11,0,15,51,1,7
4,5,5.0,96,2,7,1,3,30,0,24
4,3,3.0,182,6,8,0,15,51,2,27
4,3,11.0,337,3,8,1,10,22,1,9
5,3,1.0,180,2,10,1,15,39,0,7
5,3,11.0,337,6,2,0,4,75,3,9
3,7,1.0,98,6,13,0,12,84,3,7
5,4,29.0,313,4,3,0,3,115,2,16
5,4,29.0,313,4,2,0,4,66,1,16
3,2,27.0,136,4,17,0,14,126,1,15
4,3,22.0,166,4,14,3,6,89,0,26
5,9,17.0,255,1,19,1,10,52,2,6
3,7,1.0,98,6,2,0,12,80,1,7
5,5,1.0,109,5,17,0,10,23,1,7
5,7,2.0,160,0,22,2,16,50,0,22
5,0,22.0,241,1,9,1,15,31,2,26
4,11,22.0,250,5,19,1,13,48,2,26
4,9,3.0,217,2,1,0,1,67,0,27
4,9,14.0,106,3,19,1,1,59,4,5
4,9,12.0,177,5,8,0,16,37,4,28
4,7,6.0,93,6,0,1,5,6,0,23
4,9,27.0,179,6,4,0,10,23,1,15
4,5,20.0,214,4,17,0,8,65,4,29
5,7,10.0,329,1,12,0,13,38,3,4
5,3,2.0,120,4,18,0,9,134,1,22
5,3,2.0,120,4,6,0,9,93,1,22
5,3,11.0,337,6,1,1,1,105,0,9
5,3,17.0,54,5,12,0,6,89,3,6
5,2,2.0,143,0,12,0,5,6,2,22
5,2,2.0,143,0,8,2,4,70,3,22
5,2,2.0,143,0,18,0,5,6,3,22
5,2,3.0,282,1,19,0,2,69,2,27
5,2,2.0,143,0,14,0,2,86,2,22
5,2,3.0,282,1,9,0,16,37,3,27
5,8,1.0,66,1,17,1,14,110,4,7
4,0,18.0,0,6,21,1,5,12,1,0
4,0,18.0,0,6,12,0,11,133,2,0
4,0,18.0,0,6,12,2,1,35,3,0
4,0,18.0,0,6,15,1,10,22,1,0
4,0,18.0,0,6,3,0,16,72,2,0
4,0,19.0,13,3,17,1,0,15,0,10
4,0,19.0,13,3,13,2,12,61,2,10
4,0,19.0,13,3,12,0,10,22,0,10
4,0,19.0,13,3,3,1,11,18,1,10
4,0,27.0,23,0,7,1,9,27,0,15
4,0,19.0,13,3,15,1,0,26,1,10
4,0,26.0,14,3,4,0,1,59,1,3
4,0,26.0,14,3,8,0,10,47,2,3
4,7,16.0,40,1,21,2,2,2,0,2
4,8,1.0,66,2,6,0,6,14,3,7
5,1,27.0,262,4,3,0,6,89,3,15
5,4,2.0,141,5,22,1,13,48,4,22
5,8,18.0,75,5,14,0,3,79,1,0
5,0,10.0,129,4,10,1,5,12,0,4
5,0,10.0,129,4,4,0,2,13,2,4
4,2,9.0,21,1,19,0,13,29,1,12
5,2,11.0,297,2,20,2,6,132,3,9
5,2,11.0,297,2,1,1,5,64,0,9
5,2,14.0,231,6,5,1,1,67,4,5
5,2,14.0,231,6,4,1,5,64,0,5
5,2,14.0,231,6,2,0,12,84,3,5
4,4,5.0,235,1,23,1,0,31,0,24
4,0,23.0,237,4,13,1,5,6,1,17
4,10,15.0,60,4,23,1,5,64,4,1
5,4,28.0,218,2,13,1,5,6,1,18
5,2,2.0,143,0,15,0,13,28,2,22
5,2,2.0,143,0,3,2,10,23,1,22
5,2,2.0,143,0,2,0,10,47,0,22
5,4,28.0,218,2,17,1,2,2,1,18
5,0,31.0,290,4,17,3,8,9,0,20
4,8,6.0,87,0,19,0,2,2,0,23
5,2,2.0,143,0,22,1,1,105,4,22
5,2,3.0,282,1,14,0,10,43,0,27
5,2,3.0,282,1,19,1,9,93,4,27
5,4,2.0,141,5,3,0,2,40,2,22
4,4,18.0,26,0,4,0,6,89,3,0
5,2,2.0,143,0,13,0,10,12,2,22
5,2,11.0,297,2,6,0,13,21,1,9
5,2,11.0,297,2,0,1,2,2,0,9
5,2,14.0,231,6,3,1,9,9,4,5
4,1,8.0,62,3,0,0,10,22,0,8
4,8,26.0,278,3,16,1,6,89,0,3
4,8,26.0,278,3,22,0,9,95,1,3
4,8,26.0,278,3,18,0,10,23,3,3
4,4,2.0,141,6,8,0,6,7,3,22
4,4,10.0,79,3,21,1,13,29,0,4
4,4,17.0,19,3,22,1,6,89,1,6
4,4,17.0,19,3,4,0,4,66,1,6
4,4,18.0,26,0,9,0,2,69,4,0
4,4,18.0,26,0,22,0,0,53,2,0
4,4,20.0,115,2,11,0,10,47,3,29
4,4,20.0,115,2,2,0,1,11,4,29
4,2,2.0,143,1,1,0,8,27,3,22
4,2,10.0,28,2,17,0,0,26,3,4
4,2,11.0,297,4,7,2,2,2,0,9
5,0,10.0,129,4,3,3,11,15,2,4
4,2,11.0,297,4,18,0,4,66,2,9
4,2,18.0,7,4,6,1,5,12,0,0
4,2,18.0,7,4,2,0,8,41,1,0
4,2,18.0,7,4,21,1,10,22,0,0
5,2,14.0,231,6,2,1,1,35,4,5
5,2,14.0,231,6,15,1,1,16,4,5
5,2,3.0,282,1,14,0,9,57,0,27
5,4,11.0,121,3,20,0,0,64,3,9
5,2,28.0,257,6,21,2,1,35,0,18
5,2,28.0,257,6,17,1,10,47,0,18
5,2,28.0,257,6,7,1,9,9,0,18
5,2,28.0,257,6,5,0,6,7,0,18
5,2,28.0,257,6,8,0,0,53,0,18
5,2,28.0,257,6,5,0,8,27,1,18
5,4,14.0,345,2,3,0,3,30,0,5
5,4,21.0,339,2,6,1,11,18,1,21
5,4,21.0,339,2,4,0,8,9,1,21
5,4,21.0,339,2,18,0,6,89,4,21
5,4,21.0,339,2,14,1,7,129,4,21
5,4,22.0,152,4,1,2,8,118,3,26
5,4,12.0,134,0,12,3,8,9,0,28
4,3,29.0,325,4,2,1,0,15,1,16
4,6,6.0,83,3,18,1,13,69,2,23
4,11,30.0,170,6,18,0,2,13,1,19
4,1,12.0,353,4,8,0,7,122,2,28
5,7,1.0,98,3,17,0,12,83,4,7
4,8,6.0,87,0,13,0,6,7,3,23
4,1,12.0,353,4,9,1,14,24,1,28
4,2,18.0,7,4,1,3,9,102,3,0
5,4,29.0,313,4,6,0,8,41,4,16
4,10,16.0,201,5,22,0,14,24,0,2
4,3,12.0,104,0,12,1,13,48,0,28
5,1,27.0,262,4,19,0,6,91,3,15
5,4,2.0,141,5,8,0,15,51,1,22
5,8,18.0,75,5,19,1,7,8,4,0
4,4,20.0,115,2,3,1,10,23,1,29
5,4,2.0,141,5,12,0,14,24,2,22
4,4,25.0,20,0,17,0,10,23,1,13
4,1,8.0,62,3,16,1,2,2,0,8
4,9,3.0,217,2,15,0,14,25,1,27
5,8,18.0,75,5,9,2,6,128,3,0
5,1,30.0,100,3,16,0,4,121,1,19
5,4,10.0,79,6,2,0,10,47,3,4
5,4,24.0,27,6,19,0,1,59,1,14
4,3,16.0,263,5,5,1,15,46,4,2
4,1,18.0,82,2,0,0,2,3,4,0
4,8,1.0,66,2,8,0,6,89,3,7
4,3,22.0,166,4,2,0,4,79,2,26
5,8,18.0,75,5,14,2,1,67,0,0
5,1,30.0,100,3,17,0,0,0,3,19
5,4,2.0,141,5,12,0,9,95,2,22
4,7,16.0,40,1,18,0,11,15,2,2
4,1,18.0,82,2,18,0,9,93,3,0
4,4,18.0,26,0,9,0,10,47,3,0
5,4,11.0,121,3,19,0,15,39,0,9
5,4,14.0,345,2,6,0,8,27,1,5
5,4,14.0,345,2,6,0,0,12,3,5
5,4,14.0,345,2,3,0,4,82,1,5
5,1,1.0,203,6,16,2,9,93,3,7
5,1,1.0,203,6,7,1,15,31,0,7
5,1,1.0,203,6,6,1,8,19,4,7
5,1,1.0,203,6,18,0,13,99,4,7
5,1,5.0,219,2,15,0,13,99,3,24
5,1,5.0,219,2,4,2,16,72,0,24
5,1,5.0,219,2,14,0,15,108,3,24
5,1,5.0,219,2,14,0,7,57,2,24
5,1,21.0,45,5,6,1,10,22,0,21
5,1,27.0,262,4,5,2,14,25,2,15
5,1,27.0,262,4,15,1,9,87,4,15
5,1,27.0,262,4,19,0,8,19,4,15
5,1,30.0,100,3,13,0,2,92,0,19
5,1,30.0,100,3,6,1,14,34,1,19
5,4,10.0,79,6,8,0,13,36,3,4
5,10,12.0,333,3,6,0,2,86,4,28
5,1,30.0,100,3,8,0,5,6,0,19
5,1,30.0,100,3,14,0,2,40,2,19
4,8,20.0,319,0,21,1,10,12,0,29
4,8,20.0,319,0,13,0,11,98,4,29
4,4,1.0,144,5,12,0,2,86,1,7
4,4,11.0,121,0,22,1,15,46,0,9
4,4,11.0,121,0,12,0,2,71,2,9
4,4,12.0,134,1,19,0,2,69,0,28
4,4,19.0,142,1,13,0,1,67,2,10
4,4,19.0,142,1,13,0,12,80,1,10
4,4,19.0,142,1,19,0,8,27,3,10
4,2,1.0,16,0,7,0,5,64,1,7
4,2,3.0,282,2,17,0,0,53,3,27
4,2,3.0,282,2,7,1,3,30,2,27
4,2,12.0,128,5,5,0,13,48,2,28
4,2,19.0,137,5,7,1,0,77,1,10
4,2,26.0,3,5,20,0,10,22,3,3
4,2,26.0,3,5,14,1,7,111,1,3
4,0,1.0,8,2,19,0,2,69,0,7
4,0,2.0,47,4,1,0,11,90,4,22
4,0,3.0,334,5,10,1,15,51,0,27
4,0,3.0,334,5,11,0,8,9,4,27
4,0,20.0,172,0,10,1,14,25,0,29
5,0,27.0,23,3,4,1,9,93,4,15
5,0,27.0,23,3,4,0,8,41,3,15
5,8,1.0,66,1,17,0,15,31,0,7
5,10,30.0,157,4,14,0,9,93,1,19
4,5,24.0,58,0,19,3,0,31,4,14
4,4,18.0,26,0,15,1,10,22,1,0
5,2,9.0,21,0,14,0,9,95,0,12
5,0,10.0,129,4,17,3,14,25,1,4
4,11,7.0,253,4,17,1,12,17,0,11
4,11,31.0,227,3,5,0,8,41,2,20
4,9,8.0,90,0,5,1,9,83,1,8
4,7,25.0,41,4,1,2,1,59,3,13
4,3,24.0,357,6,8,1,12,80,4,14
4,3,24.0,357,6,8,0,5,6,3,14
4,3,24.0,357,6,22,2,8,118,3,14
4,3,24.0,357,6,14,0,0,26,3,14
4,3,26.0,343,0,17,0,9,93,4,3
4,3,26.0,343,0,15,0,5,6,0,3
4,3,26.0,343,0,9,0,4,121,0,3
4,5,24.0,58,0,17,1,5,64,0,14
4,6,10.0,149,4,0,2,0,12,3,4
4,6,10.0,149,4,21,0,3,103,1,4
5,1,30.0,100,3,18,0,11,133,1,19
5,8,2.0,77,2,7,3,6,7,0,22
5,8,12.0,284,6,17,0,9,57,1,28
5,8,12.0,284,6,0,0,3,79,3,28
4,0,17.0,12,5,17,1,3,76,4,6
5,7,1.0,98,3,2,0,13,48,3,7
5,10,2.0,358,4,15,0,9,101,2,22
5,10,12.0,333,3,15,1,4,4,4,28
5,1,5.0,219,2,14,0,2,2,1,24
5,10,27.0,302,0,17,0,5,64,1,15
5,8,12.0,284,6,4,0,8,27,1,28
5,8,12.0,284,6,19,0,14,24,2,28
5,8,18.0,75,5,11,0,2,69,4,0
5,8,18.0,75,5,5,0,8,27,2,0
5,10,1.0,208,2,19,0,6,116,4,7
5,8,30.0,103,2,6,0,6,14,1,19
5,8,30.0,103,2,21,0,5,12,3,19
5,8,30.0,103,2,6,1,16,39,0,19
5,8,30.0,103,2,9,0,5,12,3,19
5,4,2.0,141,5,21,1,9,57,0,22
5,4,2.0,141,5,13,0,10,47,0,22
5,4,2.0,141,5,21,1,13,28,0,22
5,8,2.0,77,2,6,0,1,11,4,22
5,10,20.0,223,0,17,1,10,52,4,29
4,3,5.0,324,0,16,0,5,6,2,24
5,8,12.0,284,6,23,0,15,112,1,28
4,7,16.0,40,1,1,0,4,4,1,2
4,1,19.0,29,4,11,0,2,2,1,10
5,8,18.0,75,5,9,0,12,80,2,0
5,4,10.0,79,6,7,1,1,105,0,4
5,4,10.0,79,6,17,0,10,22,1,4
4,5,23.0,168,3,18,0,11,133,4,17
4,7,25.0,41,4,6,2,6,132,2,13
5,2,14.0,231,6,2,3,7,54,1,5
5,9,18.0,359,2,3,3,14,125,0,0
4,4,25.0,20,0,16,0,5,0,3,13
4,5,26.0,37,2,19,0,12,135,2,3
5,8,13.0,189,3,21,3,16,50,1,25
5,5,21.0,351,4,1,0,10,30,3,21
4,3,30.0,304,5,17,0,2,2,1,19
4,3,24.0,357,6,13,0,0,77,2,14
4,6,9.0,236,2,16,0,0,12,0,12
4,4,25.0,20,0,9,0,4,127,4,13
5,4,10.0,79,6,17,0,15,112,1,4
5,8,18.0,75,5,3,0,14,25,1,0
5,5,21.0,351,4,13,0,8,27,1,21
4,1,23.0,69,0,2,1,6,7,0,17
4,3,24.0,357,6,12,1,14,88,4,14
4,6,9.0,236,2,11,0,5,6,2,12
4,2,2.0,143,1,1,2,12,56,3,22
4,6,8.0,59,1,9,1,13,28,0,8
4,3,24.0,357,6,5,0,13,99,4,14
4,8,1.0,66,2,5,0,0,26,3,7
5,6,21.0,193,3,2,0,8,33,0,21
4,8,7.0,70,1,22,1,5,6,0,11
5,8,18.0,75,5,15,1,1,35,4,0
4,2,2.0,143,1,18,0,5,64,3,22
5,4,11.0,121,3,2,2,14,110,0,9
4,6,9.0,236,2,11,0,15,31,0,12
4,2,19.0,137,5,13,0,5,0,2,10
4,8,10.0,71,5,23,0,10,23,3,4
5,0,20.0,172,3,8,1,13,48,1,29
4,8,19.0,280,3,16,0,0,12,3,10
4,8,30.0,103,4,13,1,5,6,0,19
5,8,18.0,75,5,0,1,11,133,1,0
5,4,10.0,79,6,11,1,2,35,4,4
4,10,19.0,117,0,12,0,10,12,0,10
5,4,11.0,121,3,22,0,8,118,1,9
4,0,1.0,8,2,15,0,9,134,1,7
4,8,19.0,280,3,11,1,13,48,4,10
5,10,28.0,216,1,6,0,6,7,0,18
5,8,18.0,75,5,8,0,14,32,3,0
5,4,12.0,134,0,16,1,0,64,4,28
4,8,8.0,76,2,6,0,10,23,1,8
4,2,9.0,21,1,23,0,0,31,1,12
5,4,11.0,121,3,1,0,13,99,3,9
4,1,14.0,183,6,12,0,0,53,3,5
4,0,1.0,8,2,18,1,9,83,4,7
4,8,25.0,86,6,3,0,5,6,2,13
4,4,31.0,67,3,13,2,2,123,3,20
5,8,18.0,75,5,1,0,10,43,3,0
5,8,14.0,296,0,3,0,5,47,2,5
4,8,12.0,284,3,19,0,8,33,0,28
4,2,9.0,21,1,8,0,14,25,4,12
5,4,11.0,121,3,9,0,13,13,4,9
4,2,9.0,21,1,4,1,12,83,4,12
4,8,25.0,86,6,14,0,8,118,0,13
5,6,22.0,185,0,13,1,10,22,4,26
5,3,1.0,180,2,4,0,10,22,3,7
5,8,30.0,103,2,21,1,0,68,0,19
5,4,11.0,121,3,6,0,1,11,1,9
4,0,2.0,47,4,13,0,3,30,2,22
4,2,9.0,21,1,22,0,10,47,3,12
5,4,24.0,27,6,1,1,9,87,0,14
5,4,17.0,19,6,18,0,7,122,2,6
5,8,30.0,103,2,22,0,11,124,3,19
5,4,2.0,141,5,7,0,10,22,3,22
5,4,2.0,141,5,5,3,10,22,1,22
5,4,2.0,141,5,8,0,13,38,3,22
5,8,30.0,103,2,9,0,8,9,1,19
4,0,17.0,12,5,5,0,7,62,2,6
4,0,24.0,55,5,5,3,10,43,3,14
4,0,12.0,113,3,11,0,4,138,1,28
5,1,23.0,69,3,2,1,4,75,0,17
5,8,25.0,86,5,13,0,6,89,3,13
5,8,25.0,86,5,8,0,10,22,3,13
5,1,23.0,69,3,17,3,11,124,4,17
5,4,9.0,18,5,18,0,10,47,3,12
5,8,6.0,87,3,17,0,2,40,3,23
5,4,7.0,133,2,6,0,10,30,0,11
5,1,14.0,183,5,4,0,8,27,4,5
4,7,7.0,293,3,9,0,1,59,1,11
4,9,24.0,272,2,23,1,10,6,2,14
3,1,23.0,69,6,20,0,13,13,1,17
5,4,1.0,144,4,13,3,1,81,1,7
4,2,17.0,6,2,19,1,14,107,0,6
4,2,17.0,6,2,19,0,9,9,4,6
4,2,20.0,264,6,0,2,4,79,3,29
4,2,20.0,264,6,6,2,10,22,3,29
4,2,20.0,264,6,22,2,14,107,0,29
4,2,20.0,264,6,19,2,14,131,0,29
4,0,4.0,229,6,14,0,5,6,0,30
4,0,4.0,229,6,1,2,14,24,1,30
4,5,2.0,307,3,20,0,15,46,1,22
4,5,2.0,307,3,15,0,5,64,0,22
4,5,2.0,307,3,13,2,1,59,3,22
4,3,25.0,347,3,23,0,5,6,0,13
4,5,17.0,212,0,16,0,15,108,4,6
4,5,17.0,212,0,4,0,1,67,0,6
4,5,24.0,58,0,15,0,13,48,3,14
4,5,24.0,58,0,2,0,5,64,1,14
2,11,1.0,222,0,14,0,8,41,1,7
4,6,10.0,149,4,5,0,13,69,4,4
4,6,10.0,149,4,18,0,5,12,0,4
4,6,11.0,355,5,19,0,5,6,0,9
4,6,11.0,355,5,12,0,5,64,0,9
4,6,16.0,38,2,7,1,16,72,0,2
4,6,17.0,244,4,20,1,7,111,1,6
4,6,17.0,244,4,22,0,5,6,3,6
4,0,18.0,0,6,1,3,9,101,3,0
5,5,25.0,350,0,2,0,1,11,3,13
5,8,7.0,70,0,4,3,7,120,3,11
5,4,15.0,132,4,5,1,8,33,1,1
4,4,19.0,142,1,15,1,0,77,1,10
4,4,26.0,80,1,0,3,14,25,0,3
4,4,26.0,80,1,19,1,12,56,4,3
4,2,1.0,16,0,18,0,12,56,3,7
4,2,12.0,128,5,19,0,4,138,1,28
4,2,19.0,137,5,22,0,9,9,3,10
4,2,19.0,137,5,14,0,6,91,4,10
4,2,26.0,3,5,0,1,11,94,0,3
4,0,2.0,47,4,6,0,5,6,3,22
4,0,2.0,47,4,11,0,7,20,1,22
4,0,3.0,334,5,20,1,9,93,1,27
4,0,3.0,334,5,13,1,12,17,4,27
4,0,20.0,172,0,8,0,5,6,3,29
4,0,21.0,287,1,0,0,10,30,0,21
4,0,21.0,287,1,20,0,0,64,1,21
4,0,28.0,249,1,15,0,13,28,1,18
4,0,28.0,249,1,8,0,14,97,1,18
4,0,28.0,249,1,16,0,16,113,1,18
5,4,17.0,19,6,17,0,3,79,0,6
5,5,28.0,259,4,14,0,13,21,1,18
4,2,8.0,258,0,22,0,8,33,2,8
5,2,20.0,264,5,18,3,5,64,3,29
5,0,22.0,241,1,18,1,0,12,0,26
5,7,26.0,316,4,19,1,12,84,0,3
5,10,13.0,346,0,4,1,14,25,0,25
5,8,29.0,301,1,18,1,10,47,2,16
5,4,5.0,235,0,17,0,13,21,4,24
4,0,3.0,334,5,7,1,11,18,0,27
5,4,18.0,26,3,6,2,8,27,3,0
4,2,10.0,28,2,6,2,2,2,1,4
4,8,25.0,86,6,20,0,13,38,2,13
4,4,11.0,121,0,4,1,3,76,2,9
4,0,3.0,334,5,7,1,11,15,0,27
5,4,17.0,19,6,23,3,2,60,4,6
5,4,11.0,121,3,18,1,9,87,4,9
4,2,10.0,28,2,8,0,14,110,4,4
4,2,10.0,28,2,19,0,5,64,0,4
4,2,10.0,28,2,16,0,0,31,0,4
4,2,11.0,297,4,0,1,9,57,0,9
4,4,25.0,20,0,7,1,13,29,0,13
4,2,10.0,28,2,4,1,7,62,0,4
4,2,11.0,297,4,7,1,13,48,0,9
4,2,10.0,28,2,9,3,11,90,1,4
4,2,18.0,7,4,15,0,2,86,2,0
4,2,18.0,7,4,11,0,16,50,2,0
4,2,18.0,7,4,20,1,9,54,4,0
4,2,27.0,136,6,23,1,11,94,1,15
4,2,27.0,136,6,21,1,0,15,0,15
4,2,28.0,257,3,14,0,10,52,0,18
4,0,27.0,23,0,13,0,1,11,3,15
5,9,22.0,92,3,7,0,0,64,1,26
5,9,22.0,92,3,14,2,10,23,1,26
5,9,24.0,272,1,10,1,16,130,0,14
5,6,15.0,49,0,9,0,8,41,1,1
5,6,22.0,185,0,3,1,1,16,4,26
5,10,5.0,336,3,0,1,5,6,0,24
5,4,24.0,27,6,12,1,9,95,1,14
4,11,15.0,331,5,16,1,10,43,1,1
4,9,26.0,267,5,5,3,15,46,0,3
3,1,5.0,219,1,0,0,0,77,1,24
5,10,14.0,174,1,15,0,8,41,1,5
5,10,30.0,157,4,2,0,10,23,3,19
5,8,1.0,66,1,8,1,14,131,1,7
5,8,7.0,70,0,12,2,8,41,3,11
5,8,8.0,76,1,15,0,0,12,3,8
5,8,8.0,76,1,6,1,16,113,0,8
5,8,8.0,76,1,8,0,5,6,3,8
5,8,9.0,124,2,7,1,7,137,4,12
5,8,8.0,76,1,2,0,10,52,0,8
4,2,29.0,140,0,21,1,14,126,0,16
4,2,29.0,140,0,22,0,4,127,1,16
4,2,29.0,140,0,13,1,12,84,1,16
4,0,9.0,48,4,22,1,13,38,1,12
4,0,11.0,10,6,15,0,15,51,3,9
5,4,28.0,218,2,3,0,14,25,3,18
5,8,13.0,189,3,5,1,4,45,4,25
5,8,13.0,189,3,17,0,10,47,2,25
5,8,13.0,189,3,2,0,2,13,1,25
5,8,13.0,189,3,19,0,5,12,3,25
5,8,13.0,189,3,4,1,15,46,4,25
5,8,18.0,75,5,13,0,1,11,1,0
5,8,30.0,103,2,0,2,0,12,3,19
5,8,30.0,103,2,21,1,1,105,0,19
5,8,30.0,103,2,14,0,2,92,1,19
5,8,18.0,75,5,5,2,8,9,2,0
5,4,2.0,141,5,18,0,14,107,3,22
5,4,10.0,79,6,17,0,2,86,4,4
5,4,10.0,79,6,16,1,6,7,0,4
5,4,10.0,79,6,23,1,15,108,4,4
5,4,10.0,79,6,13,0,10,47,3,4
5,6,21.0,193,3,13,0,3,70,4,21
5,3,12.0,104,3,18,0,0,12,0,28
5,5,21.0,351,4,5,0,6,7,4,21
5,2,30.0,131,0,17,3,5,6,1,19
5,2,30.0,131,0,1,2,1,81,3,19
5,3,18.0,165,6,15,3,8,9,2,0
4,7,13.0,238,6,21,0,13,99,4,25
4,10,5.0,336,0,18,1,0,31,2,24
5,4,21.0,339,2,13,1,10,23,1,21
5,4,21.0,339,2,9,0,16,72,0,21
5,10,11.0,298,6,22,0,0,53,0,9
5,4,22.0,152,4,16,1,6,14,0,26
5,4,22.0,152,4,8,0,1,67,1,26
5,4,22.0,152,4,19,0,15,31,3,26
5,4,22.0,152,4,19,2,9,93,3,26
5,4,14.0,345,2,13,1,12,56,1,5
5,4,28.0,218,2,21,2,0,53,3,18
5,4,28.0,218,2,0,0,10,30,0,18
5,4,28.0,218,2,9,0,12,84,1,18
4,4,19.0,142,1,6,0,13,48,1,10
4,0,3.0,334,5,3,0,2,2,1,27
5,9,22.0,92,3,22,0,4,79,1,26
5,4,17.0,19,6,11,0,14,24,2,6
4,4,26.0,80,1,12,0,2,69,3,3
4,0,3.0,334,5,12,2,7,78,3,27
4,8,26.0,278,3,15,2,2,86,3,3
5,9,22.0,92,3,14,0,4,75,1,26
5,7,7.0,293,6,15,0,0,68,3,11
5,7,7.0,293,6,1,0,4,136,1,11
5,7,24.0,68,1,1,0,13,21,0,14
5,3,13.0,210,0,17,2,15,46,0,25
5,3,13.0,210,0,9,0,16,72,0,25
5,9,12.0,177,4,13,1,9,93,4,28
5,3,15.0,35,2,22,0,15,51,1,1
5,3,23.0,57,4,3,1,14,106,1,17
5,3,23.0,57,4,22,0,10,47,0,17
5,5,6.0,277,2,7,0,14,24,1,23
5,5,6.0,277,2,12,1,1,11,4,23
4,6,17.0,244,4,14,0,8,41,1,6
4,6,17.0,244,4,1,1,10,43,1,6
4,6,28.0,309,0,13,1,6,14,4,18
5,4,27.0,274,1,4,1,12,121,0,15
5,2,13.0,276,5,15,0,5,6,3,25
5,1,18.0,82,1,5,1,12,80,4,0
5,1,20.0,151,4,13,1,11,133,1,29
5,4,19.0,142,0,12,0,4,66,2,10
5,2,5.0,127,4,12,0,2,86,1,24
5,2,5.0,127,4,11,1,13,36,1,24
5,2,22.0,209,3,13,1,14,32,4,26
4,0,22.0,241,2,4,1,11,15,0,26
5,5,11.0,326,0,2,1,5,6,0,9
4,9,5.0,89,5,3,0,10,12,0,24
5,0,30.0,228,2,17,0,0,12,3,19
5,6,18.0,308,4,17,0,8,41,1,0
5,10,4.0,356,6,18,1,15,31,0,30
4,7,31.0,43,2,15,1,0,12,1,20
3,2,1.0,16,6,17,1,16,72,0,7
4,5,31.0,196,0,17,0,8,27,1,20
5,4,27.0,274,1,19,1,11,8,0,15
4,3,23.0,57,5,9,1,0,26,4,17
4,11,5.0,240,1,17,1,10,47,1,24
4,11,24.0,194,3,8,2,7,120,3,14
4,9,1.0,126,0,19,0,9,87,3,7
4,10,8.0,213,4,17,0,5,6,0,8
4,10,8.0,213,4,14,1,15,31,0,8
4,10,17.0,256,6,0,1,13,99,0,6
4,10,19.0,117,0,1,0,6,91,3,10
4,11,1.0,222,5,17,0,2,2,3,7
4,10,27.0,302,1,9,2,0,26,0,15
4,8,9.0,124,4,15,2,10,47,0,12
4,8,9.0,124,4,19,2,1,105,3,12
5,2,25.0,233,2,10,0,4,121,4,13
4,10,1.0,208,4,9,0,14,106,4,7
4,1,17.0,63,1,9,1,0,77,1,6
4,1,26.0,248,4,18,1,8,118,4,3
4,8,12.0,284,3,8,1,1,105,4,28
4,8,17.0,74,5,16,2,9,134,4,6
4,8,17.0,74,5,6,1,9,87,4,6
4,5,1.0,109,6,17,3,14,34,2,7
4,8,17.0,74,5,1,2,7,57,2,6
4,8,17.0,74,5,9,0,13,29,3,6
4,8,18.0,75,6,17,1,2,13,0,0
4,8,20.0,319,0,17,0,16,72,3,29
4,6,25.0,39,5,19,2,10,47,3,13
4,8,10.0,71,5,11,0,15,108,4,4
4,6,25.0,39,5,13,1,1,11,4,13
4,6,26.0,348,6,13,3,5,6,3,3
4,10,16.0,201,5,8,0,0,53,0,2
4,10,16.0,201,5,18,1,4,4,1,2
4,10,25.0,56,3,6,1,9,93,0,13
4,10,25.0,56,3,17,1,4,45,4,13
4,10,16.0,201,5,22,2,2,123,3,2
4,10,28.0,216,2,13,0,5,6,2,18
4,10,28.0,216,2,4,0,10,47,3,18
4,10,28.0,216,2,2,1,9,83,4,18
4,1,8.0,62,3,13,0,4,79,3,8
4,1,10.0,17,1,6,0,10,23,1,4
4,1,10.0,17,1,1,0,12,100,4,4
4,1,19.0,29,4,1,0,7,20,3,10
4,1,27.0,262,5,22,0,13,38,3,15
4,1,27.0,262,5,15,1,14,88,4,15
5,4,2.0,141,5,19,0,12,17,2,22
4,8,26.0,278,3,5,1,0,15,1,3
4,2,1.0,16,0,3,3,4,127,4,7
5,4,23.0,30,5,10,0,8,118,3,17
4,4,2.0,141,6,18,0,10,47,3,22
4,0,2.0,47,4,3,1,5,6,1,22
5,4,2.0,141,5,1,0,8,27,3,22
4,0,3.0,334,5,16,1,11,98,0,27
5,4,25.0,20,3,17,1,2,71,0,13
4,2,12.0,128,5,16,1,11,15,0,28
5,2,6.0,251,5,13,0,5,64,0,23
4,5,26.0,37,2,17,0,7,54,0,3
5,10,12.0,333,3,19,0,13,38,2,28
4,2,12.0,128,5,13,1,10,23,1,28
5,4,11.0,121,3,6,0,12,80,3,9
5,2,7.0,153,6,17,1,2,2,1,11
5,4,10.0,79,6,4,0,7,122,2,4
4,2,12.0,128,5,18,0,7,111,1,28
5,4,11.0,121,3,5,0,14,25,1,9
5,2,8.0,258,3,21,1,0,64,0,8
5,4,10.0,79,6,1,0,0,0,3,4
4,10,27.0,302,1,7,0,8,33,1,15
5,7,1.0,98,3,17,0,0,96,4,7
5,2,10.0,28,1,18,0,13,29,4,4
5,2,16.0,220,0,20,1,6,73,4,2
5,2,18.0,7,2,0,0,2,123,0,0
5,2,24.0,22,1,13,2,15,46,0,14
5,2,25.0,233,2,0,0,6,128,1,13
5,2,25.0,233,2,1,1,0,26,0,13
5,2,26.0,3,4,5,0,2,86,2,3
5,0,1.0,8,1,17,0,5,64,0,7
4,11,9.0,311,6,11,0,16,39,1,12
4,11,9.0,311,6,3,0,2,2,3,12
4,11,24.0,194,3,7,0,3,44,1,14
4,11,24.0,194,3,3,0,6,128,1,14
5,5,1.0,109,5,13,0,8,118,1,7
5,10,18.0,246,6,0,0,6,128,1,0
5,10,18.0,246,6,0,0,10,22,0,0
4,4,16.0,25,6,13,0,6,128,1,2
4,4,31.0,67,3,14,3,1,67,3,20
4,2,8.0,258,0,9,3,2,69,0,8
4,2,16.0,220,1,14,1,10,47,0,2
5,1,29.0,112,6,18,2,5,12,3,16
5,1,28.0,300,5,15,0,11,94,2,18
5,5,1.0,109,5,11,0,1,1,1,7
4,0,25.0,281,6,3,1,8,9,0,13
5,5,29.0,24,5,1,0,10,22,3,16
5,10,21.0,341,1,9,1,15,31,4,21
5,1,19.0,29,2,23,1,3,30,4,10
5,4,13.0,221,1,14,1,9,54,4,25
5,5,1.0,109,5,11,0,12,135,2,7
5,1,30.0,100,3,20,1,0,77,1,19
5,8,2.0,77,2,16,0,5,6,1,22
5,8,2.0,77,2,20,2,10,47,3,22
5,8,2.0,77,2,2,0,10,22,2,22
5,8,2.0,77,2,8,0,7,120,3,22
5,8,12.0,284,6,3,3,15,119,3,28
5,8,12.0,284,6,12,0,1,11,3,28
5,8,12.0,284,6,3,1,13,48,4,28
5,8,12.0,284,6,18,0,6,128,1,28
5,8,13.0,189,3,16,2,10,52,1,25
5,8,12.0,284,6,15,1,2,86,1,28
5,8,12.0,284,6,2,1,3,30,4,28
5,8,13.0,189,3,16,2,10,6,3,25
5,8,13.0,189,3,10,1,12,104,4,25
5,8,18.0,75,5,12,0,9,93,3,0
5,8,18.0,75,5,9,0,8,27,3,0
5,8,30.0,103,2,17,1,13,29,1,19
5,8,30.0,103,2,6,1,15,51,2,19
5,1,1.0,203,6,17,1,11,122,2,7
5,8,30.0,103,2,0,1,1,105,0,19
5,8,30.0,103,2,2,2,2,92,3,19
5,8,18.0,75,5,23,0,14,24,2,0
5,8,18.0,75,5,4,1,5,12,0,0
5,8,30.0,103,2,22,0,9,93,1,19
5,8,30.0,103,2,7,1,1,105,0,19
5,0,21.0,287,0,1,0,10,47,3,21
5,5,21.0,351,4,12,1,9,87,0,21
4,3,6.0,303,1,18,1,11,90,0,23
5,4,2.0,141,5,11,1,0,85,0,22
5,4,2.0,141,5,12,0,2,60,4,22
5,4,2.0,141,5,8,0,9,57,3,22
5,4,10.0,79,6,19,0,8,41,1,4
5,4,10.0,79,6,12,1,13,29,4,4
4,10,27.0,302,1,22,2,5,6,0,15
5,4,11.0,121,3,3,0,10,22,3,9
5,4,11.0,121,3,8,1,12,61,1,9
4,1,17.0,63,1,11,0,5,12,3,6
4,5,26.0,37,2,20,0,9,102,3,3
4,1,17.0,63,1,5,1,10,43,1,6
4,5,26.0,37,2,4,0,13,28,1,3
5,4,11.0,121,3,5,1,2,2,4,9
4,1,17.0,63,1,18,0,2,92,0,6
5,4,11.0,121,3,18,0,2,3,0,9
4,6,8.0,59,1,16,2,16,74,3,8
5,4,11.0,121,3,5,0,16,42,3,9
4,1,17.0,63,1,1,2,8,19,0,6
4,10,7.0,243,2,7,1,15,39,0,11
4,1,15.0,1,3,1,0,6,7,0,1
5,6,11.0,355,4,8,1,6,116,1,9
5,6,19.0,291,5,12,1,4,66,0,10
5,6,19.0,291,5,15,1,5,6,4,10
5,6,26.0,348,5,1,0,13,69,3,3
4,8,29.0,301,2,17,1,0,26,1,16
4,4,22.0,152,5,19,1,0,77,4,26
4,2,15.0,130,0,15,0,10,43,2,1
4,2,25.0,233,4,17,1,12,61,4,13
4,2,21.0,108,3,12,1,10,23,1,21
4,0,8.0,9,2,1,1,9,134,4,8
5,1,4.0,286,1,6,0,0,12,0,30
5,1,20.0,151,4,6,0,3,44,2,29
5,3,27.0,361,0,4,3,8,33,2,15
3,2,1.0,16,6,13,0,1,1,4,7
3,6,1.0,158,3,12,0,13,99,3,7
4,2,15.0,130,0,17,1,8,118,1,1
5,1,20.0,151,4,2,0,5,64,3,29
4,5,22.0,163,6,17,0,0,31,2,26
4,7,29.0,268,0,18,3,10,52,3,16
4,6,5.0,342,6,2,0,13,48,1,24
4,10,7.0,243,2,18,1,14,24,1,11
4,10,7.0,243,2,11,1,16,37,0,11
4,1,20.0,151,5,16,0,5,12,3,29
4,8,3.0,363,5,20,0,1,11,4,27
4,8,3.0,363,5,14,0,13,29,0,27
4,8,8.0,76,2,0,0,0,12,3,8
4,8,9.0,124,4,21,1,7,120,0,12
4,8,9.0,124,4,1,2,3,70,3,12
4,8,12.0,284,3,9,2,8,118,3,28
4,8,18.0,75,6,6,0,13,13,3,0
4,8,18.0,75,6,0,1,11,15,0,0
4,8,18.0,75,6,4,0,2,86,2,0
4,8,20.0,319,0,13,0,12,56,3,29
4,6,8.0,59,1,13,1,13,28,4,8
4,10,10.0,245,6,4,0,2,2,1,4
5,4,18.0,26,3,12,3,11,15,3,0
5,2,10.0,28,1,9,1,15,114,2,4
5,2,10.0,28,1,15,1,1,1,4,4
4,4,12.0,134,1,19,0,14,97,4,28
4,4,12.0,134,1,4,0,15,46,1,28
4,4,12.0,134,1,14,1,1,81,4,28
5,8,30.0,103,2,10,0,0,64,0,19
5,8,30.0,103,2,21,1,3,70,0,19
5,8,30.0,103,2,19,0,5,6,2,19
5,8,30.0,103,2,22,0,5,12,0,19
5,8,30.0,103,2,1,0,12,80,3,19
5,8,30.0,103,2,1,0,8,41,1,19
5,4,2.0,141,5,16,1,14,110,0,22
5,4,2.0,141,5,6,0,6,14,1,22
5,4,2.0,141,5,13,1,9,134,1,22
5,4,2.0,141,5,20,1,14,25,1,22
5,4,10.0,79,6,0,2,4,82,4,4
5,4,10.0,79,6,22,0,14,24,2,4
5,4,11.0,121,3,23,0,1,11,0,9
5,4,10.0,79,6,22,1,5,6,0,4
3,8,28.0,224,3,11,0,11,124,2,18
5,4,11.0,121,3,14,2,6,7,3,9
5,4,11.0,121,3,14,1,5,6,0,9
5,4,12.0,134,0,20,0,1,1,1,28
5,1,27.0,262,4,5,0,12,135,1,15
5,1,27.0,262,4,12,0,4,76,3,15
5,4,11.0,121,3,8,1,10,52,1,9
5,4,11.0,121,3,3,1,12,61,4,9
5,4,12.0,134,0,16,2,0,85,0,28
5,4,10.0,79,6,18,1,16,72,1,4
5,4,12.0,134,0,7,1,10,47,1,28
5,4,12.0,134,0,9,0,7,111,1,28
5,4,12.0,134,0,13,1,11,94,4,28
5,4,14.0,345,2,0,1,2,123,2,5
5,4,14.0,345,2,6,1,1,81,2,5
5,4,14.0,345,2,8,2,15,31,2,5
5,4,12.0,134,0,16,0,14,25,0,28
5,4,14.0,345,2,4,0,12,84,1,5
4,6,8.0,59,1,10,0,5,6,1,8
5,4,11.0,121,3,1,0,9,95,2,9
4,6,8.0,59,1,3,1,1,105,0,8
4,6,9.0,236,2,19,0,2,86,4,12
4,6,9.0,236,2,18,0,16,37,1,12
4,6,18.0,308,5,22,0,10,47,3,0
4,6,19.0,291,6,21,0,1,16,3,10
5,8,2.0,77,2,14,0,13,69,1,22
5,8,2.0,77,2,9,1,14,32,4,22
5,8,2.0,77,2,14,0,12,61,1,22
5,8,12.0,284,6,15,0,10,6,3,28
5,8,12.0,284,6,1,0,11,133,0,28
5,8,13.0,189,3,5,1,9,87,4,25
5,8,13.0,189,3,2,0,0,15,0,25
5,8,13.0,189,3,8,0,1,1,4,25
5,8,18.0,75,5,0,0,13,36,2,0
5,8,18.0,75,5,20,3,4,127,4,0
5,8,18.0,75,5,16,1,1,11,0,0
5,8,18.0,75,5,15,1,15,46,1,0
5,8,18.0,75,5,2,0,16,130,0,0
5,1,1.0,203,6,12,0,10,43,1,7
5,4,11.0,121,3,12,0,8,41,1,9
5,1,1.0,203,6,2,1,13,28,4,7
5,1,1.0,203,6,1,0,13,28,3,7
5,1,5.0,219,2,3,0,14,25,0,24
5,1,21.0,45,5,21,2,6,73,3,21
5,1,21.0,45,5,16,1,6,7,0,21
5,1,21.0,45,5,14,0,8,41,3,21
5,1,27.0,262,4,13,1,3,79,1,15
5,4,18.0,26,3,12,3,5,0,2,0
4,6,8.0,59,1,12,1,8,41,4,8
4,6,19.0,291,6,17,0,13,13,3,10
4,6,19.0,291,6,19,0,13,48,3,10
4,6,18.0,308,5,3,2,2,69,2,0
4,6,27.0,116,3,11,3,10,22,0,15
4,6,27.0,116,3,1,0,14,25,4,15
4,6,27.0,116,3,4,0,9,95,3,15
4,6,27.0,116,3,8,0,9,95,3,15
4,10,1.0,208,4,16,0,12,83,0,7
4,10,1.0,208,4,13,0,5,6,3,7
4,7,27.0,53,6,7,1,11,15,2,15
4,3,9.0,44,5,19,1,9,10,4,12
4,3,15.0,35,4,14,0,2,60,4,1
4,3,15.0,35,4,9,0,5,64,0,1
4,3,27.0,361,1,1,0,1,16,4,15
4,5,9.0,206,3,1,2,14,110,2,12
4,5,25.0,350,1,8,1,2,86,1,13
4,5,27.0,328,4,2,0,13,21,2,15
5,1,27.0,262,4,12,1,1,1,4,15
5,1,30.0,100,3,6,0,13,21,1,19
5,1,30.0,100,3,4,0,10,47,3,19
5,1,30.0,100,3,1,2,6,7,0,19
5,1,30.0,100,3,12,0,14,24,2,19
5,8,2.0,77,2,0,0,9,102,3,22
5,8,2.0,77,2,0,1,1,67,0,22
5,8,2.0,77,2,6,1,6,7,4,22
5,8,2.0,77,2,18,0,10,52,3,22
5,8,12.0,284,6,10,0,0,12,1,28
5,8,12.0,284,6,20,1,9,49,1,28
5,8,12.0,284,6,1,3,2,35,4,28
5,8,12.0,284,6,1,1,0,31,0,28
5,8,13.0,189,3,11,0,9,10,1,25
5,8,13.0,189,3,1,1,9,57,2,25
5,8,13.0,189,3,15,1,5,12,0,25
5,8,18.0,75,5,16,1,9,63,2,0
5,8,18.0,75,5,12,0,6,91,1,0
5,4,12.0,134,0,15,0,3,103,0,28
3,6,18.0,308,2,9,0,13,48,4,0
5,4,10.0,79,6,20,1,4,82,1,4
4,10,15.0,60,4,8,0,13,48,3,1
5,4,12.0,134,0,11,0,14,24,2,28
4,10,5.0,336,0,2,0,15,46,1,24
5,4,11.0,121,3,8,0,15,39,3,9
5,4,12.0,134,0,11,1,12,80,4,28
5,4,12.0,134,0,8,0,9,57,3,28
5,4,14.0,345,2,20,2,10,47,0,5
5,4,12.0,134,0,19,0,1,16,4,28
5,4,14.0,345,2,12,0,5,6,3,5
5,4,12.0,134,0,12,0,0,85,2,28
5,4,12.0,134,0,14,0,0,26,0,28
5,4,14.0,345,2,16,2,15,51,1,5
5,4,14.0,345,2,12,0,13,48,0,5
5,4,14.0,345,2,1,2,10,47,3,5
5,4,21.0,339,2,15,0,5,12,3,21
5,4,21.0,339,2,7,0,1,11,4,21
5,4,21.0,339,2,22,0,2,86,1,21
5,4,22.0,152,4,0,2,9,27,3,26
5,4,22.0,152,4,10,2,5,6,3,26
5,4,22.0,152,4,6,0,10,22,1,26
5,4,22.0,152,4,5,0,10,12,1,26
5,4,22.0,152,4,13,1,2,35,4,26
5,4,22.0,152,4,19,1,14,88,4,26
5,4,22.0,152,4,1,2,10,47,0,26
5,4,21.0,339,2,5,0,15,31,1,21
5,4,28.0,218,2,16,0,0,26,1,18
5,4,28.0,218,2,14,0,16,72,1,18
5,4,28.0,218,2,1,0,7,20,1,18
5,8,30.0,103,2,9,1,7,54,4,19
5,4,10.0,79,6,10,1,0,53,0,4
5,4,10.0,79,6,19,0,6,128,3,4
5,4,10.0,79,6,9,0,2,86,1,4
4,8,25.0,86,6,20,0,7,20,1,13
4,4,17.0,19,3,18,1,1,16,4,6
4,4,20.0,115,2,22,2,9,93,2,29
5,8,8.0,76,1,6,0,2,60,4,8
5,8,7.0,70,0,9,2,2,69,2,11
5,8,14.0,296,0,22,0,9,95,1,5
5,8,15.0,72,1,7,0,0,0,1,1
5,0,25.0,281,5,16,1,14,110,2,13
4,11,15.0,331,5,15,0,14,110,0,1
4,6,2.0,352,2,7,1,10,52,0,22
4,6,10.0,149,4,16,3,10,12,1,4
4,6,11.0,355,5,4,0,15,108,1,9
4,6,16.0,38,2,21,0,0,12,0,2
4,6,16.0,38,2,21,1,11,15,0,2
4,6,16.0,38,2,14,0,12,135,1,2
4,6,25.0,39,5,14,0,7,120,0,13
4,10,2.0,358,5,12,0,14,25,3,22
5,4,26.0,80,0,8,1,14,32,1,3
5,4,26.0,80,0,9,0,8,19,3,3
4,8,19.0,280,3,18,1,0,26,1,10
4,2,11.0,297,4,19,1,8,118,1,9
4,2,18.0,7,4,1,1,9,93,4,0
5,4,21.0,339,2,3,0,15,114,1,21
5,4,21.0,339,2,4,1,9,95,4,21
5,4,22.0,152,4,22,1,1,16,4,26
5,4,22.0,152,4,19,0,14,25,1,26
5,4,22.0,152,4,15,1,11,98,4,26
5,4,12.0,134,0,23,0,1,35,4,28
5,4,12.0,134,0,0,1,9,57,0,28
5,4,10.0,79,6,3,0,15,46,3,4
5,4,11.0,121,3,18,1,0,26,4,9
5,4,12.0,134,0,22,0,5,12,1,28
5,4,12.0,134,0,4,0,15,46,1,28
5,4,12.0,134,0,4,1,9,102,4,28
5,4,11.0,121,3,8,1,6,128,1,9
5,4,14.0,345,2,12,0,10,22,2,5
5,4,21.0,339,2,16,0,16,50,1,21
5,4,21.0,339,2,6,1,2,2,0,21
5,4,21.0,339,2,1,0,13,48,3,21
5,4,21.0,339,2,19,1,9,95,4,21
5,4,22.0,152,4,13,2,5,6,1,26
5,4,22.0,152,4,11,1,7,54,0,26
5,4,22.0,152,4,19,0,8,41,3,26
5,4,22.0,152,4,13,1,9,87,4,26
5,4,22.0,152,4,12,0,1,59,3,26
5,4,28.0,218,2,6,0,9,95,4,18
5,4,28.0,218,2,3,0,13,48,3,18
5,4,28.0,218,2,3,2,5,64,0,18
4,10,5.0,336,0,14,1,8,19,0,24
4,1,13.0,207,5,22,3,0,68,0,25
4,8,6.0,87,0,3,3,13,99,0,23
4,4,2.0,141,6,8,0,5,6,2,22
4,4,17.0,19,3,2,1,10,22,1,6
5,0,2.0,47,2,14,1,0,12,1,22
4,4,20.0,115,2,21,0,0,26,0,29
4,2,2.0,143,1,0,0,13,38,3,22
4,2,2.0,143,1,9,0,2,13,0,22
4,2,9.0,21,1,12,1,13,48,0,12
4,2,11.0,297,4,11,0,2,86,1,9
4,2,11.0,297,4,14,0,2,2,3,9
4,2,29.0,140,0,2,2,4,79,2,16
4,0,19.0,13,3,4,1,9,109,1,10
4,8,19.0,280,3,4,0,4,75,1,10
4,8,25.0,86,6,23,0,13,21,4,13
4,8,25.0,86,6,20,0,5,12,0,13
4,8,26.0,278,3,15,0,3,103,3,3
4,8,25.0,86,6,14,1,1,59,2,13
4,8,26.0,278,3,19,0,6,116,3,3
4,4,2.0,141,6,8,3,6,7,0,22
4,4,2.0,141,6,18,0,0,64,0,22
4,4,3.0,279,3,15,0,12,61,2,27
4,4,3.0,279,3,9,1,10,12,2,27
4,4,10.0,79,3,4,2,0,77,3,4
4,4,10.0,79,3,4,0,9,101,1,4
4,4,10.0,79,3,14,1,9,83,4,4
4,4,17.0,19,3,21,0,2,86,3,6
4,4,17.0,19,3,12,0,4,75,1,6
4,4,17.0,19,3,8,0,11,117,3,6
4,4,17.0,19,3,1,1,14,126,4,6
4,6,30.0,145,2,1,3,2,40,4,19
4,4,11.0,121,0,20,1,3,70,4,9
4,10,13.0,346,1,16,3,0,12,1,25
4,4,12.0,134,1,18,0,4,136,3,28
4,7,31.0,43,2,17,0,8,118,4,20
4,5,27.0,328,4,14,0,5,6,3,15
4,5,27.0,328,4,6,0,14,106,1,15
4,2,2.0,143,1,11,1,2,92,1,22
4,8,28.0,224,1,8,0,16,50,4,18
4,6,8.0,59,1,17,0,0,15,1,8
4,1,3.0,188,1,9,0,4,138,3,27
4,2,2.0,143,1,23,1,10,47,1,22
4,6,8.0,59,1,16,0,16,37,1,8
4,1,9.0,50,0,7,0,10,22,3,12
4,4,2.0,141,6,16,0,11,6,3,22
4,7,14.0,125,3,9,1,13,28,0,5
4,2,2.0,143,1,21,1,0,31,1,22
4,4,2.0,141,6,23,0,15,31,1,22
4,4,2.0,141,6,15,0,14,24,4,22
4,4,2.0,141,6,5,0,3,44,3,22
4,4,2.0,141,6,18,1,2,69,0,22
4,8,26.0,278,3,5,1,11,133,0,3
4,1,8.0,62,3,9,0,9,134,4,8
4,1,10.0,17,1,13,1,3,30,1,4
4,4,3.0,279,3,22,0,6,91,2,27
4,4,3.0,279,3,2,0,1,1,0,27
4,8,25.0,86,6,5,0,9,58,2,13
4,4,10.0,79,3,17,1,3,115,0,4
4,4,10.0,79,3,7,1,14,24,1,4
4,2,8.0,258,0,14,1,14,125,4,8
4,8,30.0,103,4,13,0,3,70,1,19
4,8,30.0,103,4,13,1,8,33,0,19
4,8,30.0,103,4,8,0,6,91,3,19
4,1,31.0,305,1,5,0,0,68,0,20
3,2,3.0,282,0,7,1,5,0,1,27
5,0,4.0,229,5,2,3,2,71,1,30
4,11,22.0,250,5,23,1,13,48,4,26
5,4,29.0,313,4,13,0,0,64,1,16
5,10,8.0,213,2,12,0,13,21,1,8
4,9,4.0,295,4,3,0,11,117,2,30
4,5,28.0,259,5,0,0,15,85,1,18
4,9,4.0,295,4,3,1,2,2,1,30
4,11,2.0,265,6,13,0,9,95,2,22
4,7,30.0,42,1,15,1,16,72,0,19
4,7,30.0,42,1,22,1,0,26,2,19
4,3,3.0,182,6,15,1,12,56,2,27
4,5,5.0,96,2,6,1,10,52,1,24
4,10,6.0,242,1,17,0,6,116,2,23
4,10,14.0,174,2,8,0,7,78,2,5
5,5,1.0,109,5,20,0,12,121,1,7
4,6,7.0,169,0,12,1,11,55,2,11
4,6,29.0,335,1,14,0,0,12,1,16
5,5,26.0,37,1,18,1,8,41,1,3
5,6,1.0,158,0,10,0,3,30,1,7
5,6,1.0,158,0,19,3,8,9,3,7
5,6,1.0,158,0,9,0,13,48,1,7
5,6,2.0,352,1,6,0,1,35,4,22
5,6,2.0,352,1,6,0,6,89,1,22
5,6,3.0,99,2,21,0,0,68,1,27
5,6,3.0,99,2,8,0,11,117,0,27
5,5,26.0,37,1,17,0,5,6,1,3
5,6,4.0,159,4,0,1,14,24,0,30
5,6,4.0,159,4,2,2,14,34,0,30
5,6,4.0,159,4,12,0,8,41,1,30
5,6,9.0,236,1,6,0,0,68,3,12
5,6,9.0,236,1,21,1,8,27,0,12
5,6,9.0,236,1,21,1,14,34,2,12
5,6,9.0,236,1,11,0,12,56,2,12
5,6,9.0,236,1,13,1,12,100,4,12
4,1,6.0,97,5,10,1,11,18,4,23
4,8,15.0,72,2,15,0,12,80,1,1
4,10,23.0,247,5,14,1,10,12,0,17
4,1,7.0,32,6,2,0,0,77,3,11
4,10,23.0,247,5,2,0,11,23,3,17
4,8,24.0,85,5,4,0,9,49,3,14
5,6,4.0,159,4,14,0,11,94,2,30
5,6,4.0,159,4,19,0,10,43,3,30
4,10,15.0,60,4,1,1,13,38,0,1
5,7,1.0,98,3,17,0,9,95,4,7
5,6,4.0,159,4,13,1,12,61,1,30
5,6,4.0,159,4,1,0,15,119,3,30
5,6,3.0,99,2,20,0,0,68,1,27
5,6,1.0,158,0,14,0,14,24,2,7
5,6,9.0,236,1,22,0,5,6,0,12
5,6,9.0,236,1,14,0,2,86,3,12
5,6,9.0,236,1,16,2,0,53,3,12
5,6,9.0,236,1,9,0,13,48,0,12
5,6,12.0,162,5,17,0,15,39,1,28
5,6,12.0,162,5,11,1,14,25,4,28
5,5,21.0,351,4,2,2,14,131,3,21
5,6,21.0,193,3,22,0,8,41,4,21
4,8,9.0,124,4,22,1,2,92,4,12
4,8,9.0,124,4,19,2,6,7,0,12
4,8,17.0,74,5,6,1,15,51,2,6
4,5,6.0,277,4,12,3,0,85,4,23
4,8,17.0,74,5,10,0,0,26,2,6
4,8,17.0,74,5,18,0,2,92,2,6
4,8,18.0,75,6,2,0,13,48,2,0
4,8,18.0,75,6,3,0,11,117,2,0
4,8,18.0,75,6,8,0,10,23,3,0
4,8,20.0,319,0,4,1,1,16,4,29
4,4,11.0,121,0,11,1,1,35,4,9
4,4,12.0,134,1,11,1,0,53,1,28
4,4,11.0,121,0,8,2,5,6,0,9
4,4,10.0,79,3,9,0,10,22,1,4
4,1,7.0,32,6,18,0,14,24,3,11
4,7,22.0,211,0,18,0,12,17,4,26
4,6,8.0,59,1,18,0,10,22,2,8
4,5,21.0,351,5,7,1,13,21,2,21
4,4,10.0,79,3,13,0,7,20,2,4
4,1,9.0,50,0,20,0,2,123,4,12
4,2,2.0,143,1,15,0,5,47,0,22
4,3,13.0,210,1,21,1,10,43,1,25
4,6,9.0,236,2,16,0,7,111,3,12
5,5,21.0,351,4,14,0,8,41,3,21
4,4,10.0,79,3,8,0,13,38,2,4
4,10,15.0,60,4,13,1,0,53,2,1
4,1,9.0,50,0,19,1,12,61,4,12
5,10,7.0,243,1,5,1,4,4,1,11
4,6,8.0,59,1,6,0,14,25,3,8
5,5,21.0,351,4,1,1,14,25,0,21
4,10,15.0,60,4,16,1,6,7,4,1
4,1,11.0,111,2,10,0,14,24,1,9
4,1,11.0,111,2,16,0,10,22,0,9
4,1,11.0,111,2,3,0,1,67,1,9
4,1,11.0,111,2,22,0,13,99,0,9
4,1,11.0,111,2,22,2,13,21,2,9
4,1,11.0,111,2,8,0,15,96,0,9
4,1,11.0,111,2,15,1,9,134,4,9
4,1,16.0,2,0,21,0,5,12,3,2
4,1,16.0,2,0,6,2,4,82,3,2
4,1,16.0,2,0,5,0,3,76,4,2
4,1,16.0,2,0,15,0,11,94,3,2
4,1,16.0,2,0,4,0,13,48,0,2
4,6,1.0,158,1,17,3,6,116,4,7
4,1,16.0,2,0,9,0,4,75,1,2
4,1,16.0,2,0,6,1,0,64,4,2
4,1,25.0,65,2,0,1,9,57,0,13
4,1,2.0,171,0,6,0,15,31,2,22
4,1,2.0,171,0,8,0,9,63,4,22
4,1,9.0,50,0,3,3,11,90,0,12
4,2,18.0,7,4,10,2,10,22,3,0
4,2,18.0,7,4,7,1,14,125,0,0
4,6,28.0,309,0,2,3,5,6,0,18
4,2,2.0,143,1,19,0,6,89,1,22
4,2,18.0,7,4,13,0,0,68,2,0
4,2,18.0,7,4,22,3,6,7,0,0
4,2,18.0,7,4,2,0,11,15,1,0
4,2,18.0,7,4,9,0,8,118,3,0
4,2,18.0,7,4,4,2,15,51,3,0
4,2,27.0,136,6,22,1,1,67,4,15
4,2,27.0,136,6,18,1,11,15,0,15
4,2,28.0,257,3,0,2,8,27,2,18
4,2,28.0,257,3,11,2,10,23,3,18
4,2,28.0,257,3,13,0,10,23,1,18
4,2,28.0,257,3,4,0,13,48,3,18
3,8,15.0,72,0,22,0,0,12,1,1
4,8,25.0,86,6,17,3,13,48,4,13
3,8,15.0,72,0,11,0,12,61,3,1
4,8,10.0,71,5,8,0,13,38,4,4
4,4,20.0,115,2,13,0,15,37,0,29
4,4,20.0,115,2,15,0,1,59,3,29
4,4,20.0,115,2,22,0,13,21,1,29
4,1,9.0,50,0,4,0,10,47,3,12
4,1,9.0,50,0,0,1,0,64,0,12
4,1,11.0,111,2,3,0,6,7,3,9
4,1,11.0,111,2,2,0,10,47,3,9
4,1,16.0,2,0,21,2,6,7,0,2
4,1,16.0,2,0,1,1,0,12,4,2
4,1,16.0,2,0,9,1,4,75,1,2
4,1,25.0,65,2,21,1,9,10,0,13
4,1,25.0,65,2,0,0,5,12,3,13
4,1,25.0,65,2,15,0,0,53,3,13
4,1,28.0,300,6,21,2,5,12,3,18
4,1,28.0,300,6,10,1,16,65,0,18
4,1,28.0,300,6,4,0,10,22,1,18
4,8,2.0,77,4,19,0,9,93,1,22
4,1,25.0,65,2,15,0,12,84,3,13
4,1,3.0,188,1,17,3,2,69,4,27
5,6,13.0,317,6,14,0,0,53,0,25
4,8,27.0,78,0,2,0,8,33,2,15
4,4,9.0,18,6,1,1,15,31,4,12
4,4,9.0,18,6,19,1,6,91,2,12
5,0,15.0,190,1,11,1,0,77,1,1
4,1,1.0,203,3,6,0,13,48,3,7
4,8,2.0,77,4,13,1,15,46,4,22
4,8,11.0,306,6,1,0,11,15,1,9
4,3,1.0,180,4,22,0,8,118,4,7
4,8,8.0,76,2,17,0,5,12,3,8
4,8,8.0,76,2,16,0,10,30,3,8
4,8,8.0,76,2,10,0,3,30,1,8
4,8,8.0,76,2,12,0,14,107,1,8
4,8,9.0,124,4,20,0,1,35,1,12
4,8,9.0,124,4,20,1,11,90,1,12
4,8,12.0,284,3,7,1,11,55,0,28
4,8,12.0,284,3,19,2,2,40,2,28
4,8,17.0,74,5,16,0,8,118,3,6
4,10,24.0,261,6,6,0,11,98,3,14
4,8,17.0,74,5,3,1,1,35,4,6
4,8,17.0,74,5,7,1,11,18,2,6
4,8,20.0,319,0,6,0,8,27,1,29
4,8,20.0,319,0,17,1,13,29,1,29
4,8,20.0,319,0,10,1,5,6,0,29
4,8,20.0,319,0,3,0,5,64,3,29
4,8,20.0,319,0,21,1,0,64,0,29
4,4,1.0,144,5,12,0,8,9,3,7
4,4,1.0,144,5,14,0,8,41,1,7
5,5,15.0,200,5,17,1,0,12,1,1
4,4,25.0,20,0,6,2,7,20,3,13
4,4,25.0,20,0,16,1,14,88,4,13
4,8,1.0,66,2,6,0,0,85,0,7
4,4,25.0,20,0,21,1,5,12,1,13
4,0,3.0,334,5,1,1,2,123,4,27
4,6,9.0,236,2,23,0,9,57,1,12
4,8,1.0,66,2,15,0,10,47,3,7
4,6,9.0,236,2,12,0,14,107,3,12
4,10,15.0,60,4,18,1,2,69,0,1
4,8,10.0,71,5,22,0,9,134,3,4
4,4,10.0,79,3,9,0,13,28,3,4
4,0,2.0,47,4,16,2,9,95,3,22
4,6,30.0,145,2,22,0,7,62,1,19
4,2,9.0,21,1,15,1,11,55,4,12
4,10,15.0,60,4,17,2,1,67,3,1
4,4,10.0,79,3,1,0,10,43,1,4
4,2,19.0,137,5,4,3,0,77,0,10
4,4,17.0,19,3,5,0,11,133,2,6
4,10,7.0,243,2,13,1,16,72,1,11
4,2,19.0,137,5,2,0,10,47,0,10
4,4,10.0,79,3,8,1,14,126,2,4
4,4,17.0,19,3,19,1,1,81,4,6
4,3,23.0,57,5,22,0,3,79,1,17
4,8,10.0,71,5,8,0,14,25,3,4
4,4,17.0,19,3,21,1,15,31,0,6
4,4,10.0,79,3,12,0,2,2,2,4
4,4,25.0,20,0,21,0,4,75,2,13
4,10,5.0,336,0,6,1,0,77,0,24
4,5,22.0,163,6,5,0,2,123,2,26
4,8,19.0,280,3,1,0,10,43,3,10
4,4,25.0,20,0,18,0,13,38,0,13
4,4,17.0,19,3,19,3,8,19,3,6
4,2,19.0,137,5,9,2,15,31,0,10
4,4,27.0,274,2,10,1,2,2,0,15
4,2,26.0,3,5,12,2,1,11,3,3
4,10,5.0,336,0,19,3,6,7,3,24
4,8,25.0,86,6,18,0,8,27,1,13
4,3,20.0,105,1,13,3,7,129,1,29
4,8,19.0,280,3,11,1,7,20,1,10
4,8,1.0,66,2,13,0,5,64,0,7
4,4,17.0,19,3,18,0,10,47,1,6
4,10,15.0,60,4,16,3,14,24,1,1
4,2,1.0,16,0,16,2,10,47,0,7
4,10,22.0,314,4,8,0,10,22,2,26
4,8,10.0,71,5,9,0,9,54,3,4
5,5,25.0,350,0,1,3,11,117,1,13
4,0,2.0,47,4,8,0,16,50,0,22
4,4,18.0,26,0,17,0,2,2,0,0
4,0,21.0,287,1,0,1,6,7,4,21
4,2,1.0,16,0,17,0,9,95,2,7
4,10,21.0,341,2,13,0,10,47,2,21
4,8,10.0,71,5,14,0,13,99,3,4
4,8,10.0,71,5,8,2,8,9,3,4
4,2,10.0,28,2,16,0,0,12,1,4
4,2,11.0,297,4,6,0,0,26,1,9
4,2,11.0,297,4,21,1,13,29,0,9
4,2,18.0,7,4,21,1,14,97,0,0
4,2,18.0,7,4,18,1,16,130,0,0
4,8,27.0,78,0,14,0,11,133,3,15
4,1,28.0,300,6,8,0,2,40,3,18
4,1,28.0,300,6,4,1,1,105,4,18
4,1,28.0,300,6,1,1,11,55,4,18
4,8,2.0,77,4,6,2,8,9,0,22
4,8,2.0,77,4,16,1,11,18,0,22
4,8,2.0,77,4,17,1,8,19,0,22
4,8,2.0,77,4,20,0,9,9,1,22
4,8,2.0,77,4,2,1,13,48,0,22
4,8,11.0,306,6,17,1,14,32,0,9
4,8,11.0,306,6,21,1,11,90,0,9
4,8,26.0,278,3,4,0,8,41,3,3
4,8,27.0,78,0,23,1,0,26,2,15
4,8,27.0,78,0,11,1,2,2,4,15
4,8,27.0,78,0,13,0,10,47,0,15
4,4,9.0,18,6,23,0,12,83,0,12
4,4,9.0,18,6,22,3,5,6,0,12
3,11,1.0,222,2,17,3,3,70,2,7
4,2,17.0,6,2,23,1,10,47,1,6
4,4,9.0,18,6,2,3,3,30,4,12
4,4,9.0,18,6,11,1,3,30,4,12
4,4,9.0,18,6,22,0,0,77,1,12
4,4,28.0,218,4,0,1,8,27,0,18
3,11,1.0,222,2,17,0,4,82,1,7
4,1,27.0,262,5,17,1,5,12,1,15
4,2,28.0,257,3,18,0,7,20,1,18
4,2,29.0,140,0,11,0,10,12,1,16
4,2,28.0,257,3,1,1,11,18,1,18
4,2,29.0,140,0,5,0,1,104,3,16
4,2,29.0,140,0,19,0,8,118,1,16
4,2,29.0,140,0,2,3,5,6,0,16
4,2,29.0,140,0,1,0,0,26,0,16
4,2,29.0,140,0,18,0,9,63,1,16
4,2,29.0,140,0,18,0,7,57,3,16
4,0,9.0,48,4,0,0,6,7,3,12
4,0,9.0,48,4,2,2,9,93,3,12
4,0,9.0,48,4,4,0,5,47,3,12
4,0,11.0,10,6,6,0,10,47,0,9
4,2,10.0,28,2,9,3,0,26,0,4
4,0,11.0,10,6,1,0,11,18,1,9
4,0,18.0,0,6,4,0,10,47,2,0
4,0,19.0,13,3,15,2,12,61,3,10
4,4,28.0,218,4,5,1,2,3,4,18
4,2,4.0,254,4,6,1,11,55,0,30
4,2,4.0,254,4,7,1,7,78,0,30
4,1,28.0,300,6,9,1,9,49,4,18
4,1,28.0,300,6,15,0,4,79,4,18
4,8,2.0,77,4,13,0,2,2,1,22
4,8,11.0,306,6,23,0,7,62,3,9
4,8,11.0,306,6,13,0,9,95,4,9
4,8,11.0,306,6,0,1,5,12,0,9
4,8,11.0,306,6,9,0,8,41,0,9
4,6,1.0,158,1,7,0,13,28,0,7
4,8,27.0,78,0,22,0,14,34,3,15
4,8,27.0,78,0,3,1,15,46,4,15
5,6,30.0,145,1,18,0,10,30,0,19
4,8,2.0,77,4,22,1,2,86,1,22
4,8,11.0,306,6,5,0,7,57,1,9
4,4,9.0,18,6,1,0,7,122,0,12
4,8,27.0,78,0,1,0,3,30,3,15
4,4,9.0,18,6,12,0,15,31,1,12
4,4,26.0,80,1,7,1,3,44,1,3
4,2,19.0,137,5,13,0,8,9,3,10
4,4,27.0,274,2,8,0,3,44,3,15
4,11,1.0,222,5,17,3,9,101,0,7
4,2,12.0,128,5,13,1,0,31,1,28
4,5,1.0,109,6,13,0,6,7,4,7
4,6,22.0,185,1,19,1,11,18,1,26
4,4,3.0,279,3,3,0,0,53,2,27
4,4,10.0,79,3,11,0,2,2,0,4
4,0,28.0,249,1,16,0,0,12,0,18
4,6,23.0,84,2,8,0,5,6,3,17
4,8,10.0,71,5,14,1,14,24,2,4
4,4,18.0,26,0,8,0,6,7,1,0
4,0,28.0,249,1,18,0,11,117,1,18
4,0,2.0,47,4,3,0,1,67,1,22
4,4,10.0,79,3,5,1,1,59,4,4
4,6,21.0,193,0,21,0,10,22,2,21
4,4,18.0,26,0,9,0,2,2,3,0
4,2,1.0,16,0,22,0,5,6,2,7
4,10,20.0,223,1,3,1,0,31,0,29
4,0,3.0,334,5,22,1,0,26,0,27
4,4,10.0,79,3,17,1,9,10,4,4
4,8,26.0,278,3,20,0,5,6,3,3
4,10,25.0,56,3,5,1,0,12,1,13
4,3,1.0,180,4,2,0,10,43,1,7
4,0,28.0,249,1,9,2,8,27,3,18
4,10,7.0,243,2,14,1,10,12,4,11
4,0,20.0,172,0,10,0,10,47,0,29
4,4,3.0,279,3,9,1,10,12,1,27
4,8,26.0,278,3,20,0,4,66,0,3
4,10,28.0,216,2,6,0,15,51,0,18
4,2,1.0,16,0,1,0,13,99,3,7
4,2,3.0,282,2,16,2,16,42,0,27
4,2,3.0,282,2,12,0,6,89,1,27
4,2,3.0,282,2,12,0,8,9,0,27
4,2,12.0,128,5,13,0,6,91,0,28
4,2,19.0,137,5,11,0,5,6,2,10
4,2,19.0,137,5,5,2,7,120,0,10
4,2,19.0,137,5,8,0,11,15,2,10
4,4,27.0,274,2,4,1,14,32,2,15
4,4,27.0,274,2,14,2,8,27,4,15
4,4,27.0,274,2,13,0,8,41,3,15
4,2,1.0,16,0,22,0,2,3,4,7
4,1,5.0,219,4,4,1,15,39,0,24
4,8,30.0,103,4,13,0,2,2,2,19
4,10,31.0,135,6,2,1,0,96,4,20
4,10,31.0,135,6,14,1,0,15,0,20
4,10,14.0,174,2,3,1,0,53,1,5
4,8,5.0,101,3,5,0,14,24,2,24
4,8,30.0,103,4,14,1,3,30,4,19
4,4,31.0,67,3,20,1,7,120,1,20
5,3,1.0,180,2,17,0,15,31,4,7
5,5,20.0,214,2,18,2,14,125,3,29
5,5,20.0,214,2,4,1,11,18,1,29
4,10,14.0,174,2,2,0,13,99,4,5
0,0,14.0,5,4,10,0,4,4,1,5
4,1,31.0,305,1,22,0,10,47,3,20
4,8,5.0,101,3,8,0,4,79,2,24
1,0,1.0,8,4,16,0,13,48,1,7
5,6,10.0,149,2,12,3,2,86,3,4
5,6,20.0,215,6,12,1,0,26,1,29
4,4,25.0,20,0,2,2,1,59,3,13
4,2,2.0,143,1,5,0,0,26,2,22
4,2,2.0,143,1,13,0,4,79,3,22
4,2,9.0,21,1,10,0,11,18,3,12
4,2,9.0,21,1,13,0,15,39,0,12
4,2,9.0,21,1,2,0,2,86,2,12
4,2,9.0,21,1,8,0,16,113,3,12
4,2,9.0,21,1,18,0,16,50,0,12
4,4,10.0,79,3,16,0,5,6,1,4
4,2,9.0,21,1,19,1,14,125,4,12
4,2,9.0,21,1,4,3,1,105,3,12
4,2,9.0,21,1,15,1,9,101,4,12
4,2,10.0,28,2,15,0,12,61,2,4
4,2,10.0,28,2,2,1,12,56,4,4
4,2,11.0,297,4,10,1,13,48,0,9
4,2,11.0,297,4,15,0,2,3,4,9
4,2,11.0,297,4,15,2,8,9,3,9
4,2,11.0,297,4,0,1,2,13,1,9
4,2,18.0,7,4,0,0,0,68,3,0
4,2,1.0,16,0,2,0,15,39,0,7
4,2,1.0,16,0,12,0,7,57,4,7
4,2,1.0,16,0,14,2,13,99,3,7
4,2,1.0,16,0,3,0,9,54,1,7
4,2,3.0,282,2,6,0,15,39,3,27
4,2,3.0,282,2,7,0,13,29,2,27
4,2,12.0,128,5,20,0,4,75,1,28
4,8,12.0,284,3,5,0,10,47,2,28
4,2,1.0,16,0,12,3,5,6,0,7
4,8,3.0,363,5,17,0,1,11,1,27
4,2,3.0,282,2,12,0,0,26,2,27
4,2,26.0,3,5,3,3,13,48,0,3
4,2,19.0,137,5,5,0,14,25,0,10
4,2,19.0,137,5,5,0,10,47,3,10
4,2,19.0,137,5,15,0,16,130,3,10
4,2,19.0,137,5,19,0,11,94,3,10
4,2,26.0,3,5,0,0,9,54,1,3
4,2,26.0,3,5,10,0,10,47,0,3
4,2,26.0,3,5,4,2,10,22,3,3
4,2,26.0,3,5,8,1,10,43,1,3
4,2,26.0,3,5,9,0,11,15,2,3
4,4,17.0,19,3,17,0,11,117,3,6
0,0,1.0,8,5,2,0,4,127,4,7
4,10,28.0,216,2,1,0,4,66,2,18
4,0,29.0,191,2,6,2,2,86,3,16
4,4,17.0,19,3,0,0,4,45,1,6
4,4,17.0,19,3,18,2,10,47,3,6
4,4,17.0,19,3,5,0,10,43,0,6
4,4,20.0,115,2,16,0,0,26,3,29
4,2,2.0,143,1,6,0,10,47,1,22
4,2,2.0,143,1,21,1,15,51,0,22
4,8,28.0,224,1,10,1,15,46,1,18
4,10,28.0,216,2,23,0,1,59,3,18
4,8,28.0,224,1,18,2,6,89,1,18
4,2,3.0,282,2,6,0,5,64,1,27
5,6,6.0,83,6,5,0,13,99,2,23
4,1,20.0,151,5,22,1,14,107,4,29
4,8,3.0,363,5,9,1,2,92,1,27
4,8,12.0,284,3,16,2,0,53,3,28
4,8,12.0,284,3,15,0,15,31,2,28
4,8,17.0,74,5,3,0,15,31,1,6
4,8,17.0,74,5,2,0,4,66,3,6
4,8,28.0,224,1,17,0,0,53,4,18
4,8,20.0,319,0,16,0,8,33,3,29
4,8,20.0,319,0,11,1,5,64,0,29
4,8,20.0,319,0,5,0,6,132,2,29
4,8,20.0,319,0,0,1,11,124,1,29
4,8,20.0,319,0,5,1,16,130,4,29
4,8,20.0,319,0,4,0,0,12,3,29
4,4,1.0,144,5,10,0,5,64,2,7
4,4,1.0,144,5,21,1,16,37,0,7
4,4,1.0,144,5,7,1,7,122,4,7
4,4,11.0,121,0,22,1,8,41,4,9
4,8,28.0,224,1,13,0,0,64,3,18
4,4,2.0,141,6,16,0,13,13,1,22
4,4,2.0,141,6,17,0,15,39,4,22
4,4,2.0,141,6,11,0,8,27,2,22
4,4,2.0,141,6,19,1,9,109,4,22
4,4,2.0,141,6,3,1,1,81,4,22
4,4,2.0,141,6,4,0,1,16,3,22
4,4,3.0,279,3,17,0,13,38,1,27
4,4,3.0,279,3,1,0,5,6,0,27
4,1,19.0,29,4,19,0,13,28,2,10
2,8,3.0,299,1,17,0,4,75,3,27
5,5,22.0,163,5,23,3,15,96,0,26
5,5,22.0,163,5,8,1,15,114,1,26
4,1,8.0,62,3,4,1,15,51,1,8
4,1,27.0,262,5,13,1,9,49,1,15
4,1,27.0,262,5,4,3,15,51,3,15
4,8,10.0,71,5,18,1,0,0,0,4
4,8,19.0,280,3,14,0,7,20,4,10
4,4,10.0,79,3,6,1,8,19,1,4
4,4,10.0,79,3,5,0,7,137,0,4
5,5,26.0,37,1,0,2,1,35,3,3
5,5,26.0,37,1,19,1,11,18,1,3
5,6,1.0,158,0,21,1,14,25,0,7
5,6,1.0,158,0,1,0,6,7,2,7
5,6,2.0,352,1,17,2,10,22,3,22
5,6,2.0,352,1,6,2,16,139,3,22
5,6,2.0,352,1,10,0,4,66,1,22
5,6,3.0,99,2,16,0,7,120,3,27
5,6,3.0,99,2,17,2,15,39,3,27
5,6,3.0,99,2,17,0,13,69,3,27
5,6,3.0,99,2,10,0,14,97,1,27
5,6,3.0,99,2,20,0,7,120,0,27
5,6,2.0,352,1,22,2,5,6,0,22
5,6,3.0,99,2,18,0,13,69,4,27
5,6,2.0,352,1,3,1,11,15,2,22
5,7,18.0,154,2,20,0,6,132,1,0
5,7,18.0,154,2,15,0,3,44,3,0
5,7,18.0,154,2,5,0,4,45,2,0
5,7,18.0,154,2,1,0,12,56,1,0
5,7,18.0,154,2,1,2,9,93,3,0
5,3,3.0,182,5,6,0,5,6,0,27
4,8,17.0,74,5,22,0,0,64,3,6
4,8,17.0,74,5,8,0,0,31,2,6
4,0,29.0,191,2,18,1,10,47,1,16
4,0,20.0,172,0,1,0,3,30,3,29
4,1,8.0,62,3,22,0,10,47,2,8
4,4,2.0,141,6,3,1,9,134,4,22
4,8,17.0,74,5,22,1,13,38,1,6
4,0,19.0,13,3,12,0,4,82,0,10
4,1,18.0,82,2,0,0,2,86,1,0
4,4,2.0,141,6,13,1,10,23,1,22
4,8,17.0,74,5,2,0,10,23,0,6
4,0,19.0,13,3,14,0,5,6,3,10
4,2,2.0,143,1,15,0,2,2,3,22
4,2,2.0,143,1,2,3,5,64,0,22
4,2,2.0,143,1,4,2,12,104,3,22
4,2,2.0,143,1,18,2,14,32,3,22
4,2,9.0,21,1,5,0,13,28,4,12
4,4,25.0,20,0,18,0,13,21,1,13
4,2,2.0,143,1,12,3,2,69,0,22
4,2,11.0,297,4,22,0,0,0,2,9
4,2,9.0,21,1,11,0,13,38,2,12
4,2,9.0,21,1,18,0,3,44,3,12
4,2,9.0,21,1,19,0,5,6,0,12
4,2,9.0,21,1,18,0,16,139,1,12
4,2,10.0,28,2,6,0,9,93,3,4
4,2,10.0,28,2,21,2,2,13,0,4
4,2,10.0,28,2,13,2,13,28,3,4
4,2,9.0,21,1,2,0,15,51,1,12
4,2,9.0,21,1,4,2,6,7,4,12
4,2,10.0,28,2,19,1,1,35,4,4
4,2,11.0,297,4,0,2,10,43,0,9
4,2,11.0,297,4,19,2,13,48,1,9
4,2,18.0,7,4,0,1,10,47,0,0
4,2,18.0,7,4,21,1,15,119,0,0
4,4,25.0,20,0,1,0,13,69,4,13
4,2,27.0,136,6,6,0,5,12,1,15
4,4,18.0,26,0,14,0,15,108,1,0
4,4,18.0,26,0,18,0,15,31,4,0
4,4,18.0,26,0,19,3,8,118,3,0
4,4,25.0,20,0,18,2,7,129,3,13
4,2,11.0,297,4,8,1,1,81,4,9
4,2,11.0,297,4,2,1,10,47,1,9
4,2,9.0,21,1,13,1,1,81,4,12
4,2,11.0,297,4,21,2,0,96,0,9
4,2,11.0,297,4,21,1,10,47,0,9
4,2,11.0,297,4,0,1,2,13,1,9
4,2,11.0,297,4,7,1,1,1,0,9
4,2,18.0,7,4,21,0,3,79,1,0
4,2,18.0,7,4,23,0,0,64,0,0
4,2,18.0,7,4,20,1,11,55,4,0
4,2,18.0,7,4,19,0,13,21,3,0
4,2,18.0,7,4,18,2,9,102,3,0
4,2,27.0,136,6,17,0,1,105,1,15
4,2,27.0,136,6,6,0,9,54,1,15
4,2,28.0,257,3,16,0,5,6,0,18
4,2,28.0,257,3,12,2,12,80,3,18
4,2,28.0,257,3,2,1,0,77,1,18
4,2,29.0,140,0,23,0,0,12,2,16
4,2,29.0,140,0,13,0,6,7,0,16
4,2,29.0,140,0,5,2,10,22,3,16
4,2,29.0,140,0,1,0,15,114,1,16
4,2,29.0,140,0,18,1,14,88,4,16
4,2,18.0,7,4,10,0,13,48,1,0
4,2,29.0,140,0,19,0,11,15,2,16
4,2,28.0,257,3,12,0,11,133,2,18
4,0,9.0,48,4,0,0,8,41,3,12
4,0,9.0,48,4,16,1,15,51,0,12
4,0,9.0,48,4,20,0,2,2,2,12
4,0,9.0,48,4,3,0,6,73,0,12
4,0,9.0,48,4,20,1,12,56,4,12
4,0,9.0,48,4,15,0,14,24,2,12
4,0,11.0,10,6,17,1,1,67,0,9
5,6,21.0,193,3,15,1,1,1,4,21
5,6,21.0,193,3,18,1,2,123,1,21
5,6,21.0,193,3,4,0,9,49,1,21
5,6,27.0,116,6,7,0,4,138,1,15
5,6,27.0,116,6,11,0,1,1,3,15
5,5,21.0,351,4,17,0,1,59,4,21
5,5,21.0,351,4,13,0,11,133,3,21
5,5,21.0,351,4,13,0,2,92,4,21
5,5,21.0,351,4,20,1,1,11,0,21
5,5,21.0,351,4,15,1,1,105,0,21
4,4,19.0,142,1,13,0,9,93,3,10
4,8,18.0,75,6,21,1,0,15,0,0
4,4,19.0,142,1,8,2,10,12,0,10
4,1,18.0,82,2,16,1,13,29,0,0
4,8,8.0,76,2,15,1,11,133,0,8
4,1,18.0,82,2,22,0,13,75,0,0
4,4,26.0,80,1,5,1,14,97,1,3
4,4,3.0,279,3,2,0,15,46,4,27
4,8,18.0,75,6,6,1,5,6,0,0
4,1,18.0,82,2,9,0,13,21,4,0
4,4,26.0,80,1,2,2,8,118,0,3
4,8,18.0,75,6,19,0,13,99,2,0
4,4,3.0,279,3,1,3,9,57,0,27
4,1,19.0,29,4,0,1,0,53,0,10
4,4,26.0,80,1,9,2,9,93,3,3
4,8,18.0,75,6,9,0,8,27,3,0
4,4,17.0,19,3,17,0,14,24,0,6
4,4,18.0,26,0,6,0,2,86,0,0
4,4,18.0,26,0,21,1,13,38,4,0
4,4,17.0,19,3,9,1,12,121,1,6
4,4,18.0,26,0,14,1,9,93,4,0
4,4,20.0,115,2,6,1,15,31,4,29
4,4,20.0,115,2,3,0,0,12,3,29
4,4,20.0,115,2,12,0,13,21,4,29
4,4,20.0,115,2,14,0,0,26,0,29
4,4,20.0,115,2,19,0,0,12,0,29
4,4,25.0,20,0,0,0,14,131,3,13
5,3,3.0,182,5,21,1,14,25,0,27
5,3,3.0,182,5,4,0,6,89,1,27
5,3,3.0,182,5,19,0,16,50,0,27
5,3,12.0,104,3,5,0,14,126,1,28
5,3,12.0,104,3,3,2,10,47,0,28
5,3,12.0,104,3,2,0,10,43,1,28
5,3,3.0,182,5,4,2,2,86,1,27
5,3,18.0,165,6,17,0,0,77,1,0
5,3,18.0,165,6,15,0,13,28,1,0
5,3,18.0,165,6,12,0,13,48,0,0
4,3,6.0,303,1,13,0,0,26,1,23
5,5,9.0,206,6,17,0,11,58,2,12
4,10,15.0,60,4,9,0,10,22,3,1
4,10,15.0,60,4,14,0,3,30,0,1
4,5,21.0,351,5,11,0,4,66,0,21
5,5,17.0,212,3,12,0,16,113,0,6
5,5,21.0,351,4,3,1,5,64,0,21
5,5,21.0,351,4,1,0,16,42,3,21
5,5,26.0,37,1,10,1,10,47,0,3
4,4,12.0,134,1,0,2,0,77,3,28
4,4,1.0,144,5,13,0,8,118,1,7
4,10,1.0,208,4,3,0,2,69,1,7
4,1,20.0,151,5,1,0,1,59,3,29
4,1,26.0,248,4,16,1,8,41,0,3
4,1,26.0,248,4,23,0,5,6,2,3
4,8,3.0,363,5,16,1,0,77,0,27
4,8,3.0,363,5,20,0,11,55,1,27
4,8,3.0,363,5,20,0,3,44,3,27
4,8,3.0,363,5,4,0,15,51,3,27
4,8,3.0,363,5,19,1,10,47,0,27
4,8,8.0,76,2,16,0,10,30,3,8
4,8,8.0,76,2,2,0,10,47,3,8
4,8,9.0,124,4,12,0,13,21,3,12
4,8,12.0,284,3,10,0,2,2,4,28
4,8,9.0,124,4,15,1,16,130,0,12
4,8,12.0,284,3,4,0,1,11,1,28
4,8,9.0,124,4,17,1,7,62,4,12
4,8,12.0,284,3,1,0,10,23,1,28
4,8,17.0,74,5,17,0,0,12,3,6
4,8,17.0,74,5,10,1,15,31,0,6
5,6,7.0,169,3,17,1,0,12,1,11
4,4,25.0,20,0,20,1,7,57,4,13
4,4,25.0,20,0,14,1,9,95,4,13
4,2,2.0,143,1,23,0,8,118,1,22
0,6,15.0,49,4,17,0,1,35,4,1
4,8,19.0,280,3,9,0,15,46,1,10
4,8,19.0,280,3,14,1,9,83,4,10
4,4,10.0,79,3,15,1,4,66,4,4
4,4,17.0,19,3,21,1,15,31,0,6
4,10,2.0,358,5,22,1,2,86,1,22
4,4,17.0,19,3,3,0,10,23,3,6
4,8,28.0,224,1,23,0,4,103,3,18
4,4,17.0,19,3,1,0,3,76,4,6
4,4,17.0,19,3,9,0,16,72,1,6
4,4,18.0,26,0,8,1,15,114,1,0
4,4,18.0,26,0,5,1,3,103,4,0
4,4,18.0,26,0,4,2,15,96,3,0
4,4,18.0,26,0,18,0,1,16,4,0
4,4,20.0,115,2,8,0,16,50,0,29
4,4,25.0,20,0,6,0,2,40,1,13
4,4,25.0,20,0,21,0,2,123,4,13
4,4,25.0,20,0,8,0,14,24,3,13
4,4,25.0,20,0,17,3,6,7,0,13
4,2,2.0,143,1,16,1,11,124,0,22
4,2,2.0,143,1,5,0,8,118,1,22
4,7,31.0,43,2,18,1,13,48,1,20
4,7,29.0,268,0,6,1,5,6,1,16
4,7,22.0,211,0,14,0,9,58,2,26
4,1,10.0,17,1,2,1,0,77,0,4
4,4,27.0,274,2,5,0,14,97,0,15
4,1,19.0,29,4,9,0,6,89,3,10
4,8,20.0,319,0,6,0,4,5,1,29
4,2,1.0,16,0,13,0,5,6,2,7
4,2,1.0,16,0,4,0,1,1,0,7
4,8,17.0,74,5,2,0,4,66,2,6
4,2,3.0,282,2,7,0,11,15,1,27
4,1,11.0,111,2,2,0,4,82,1,9
4,4,1.0,144,5,5,0,5,12,1,7
4,2,3.0,282,2,22,0,10,22,1,27
4,1,16.0,2,0,0,1,14,24,1,2
4,4,1.0,144,5,15,1,2,3,4,7
4,2,3.0,282,2,2,1,11,94,1,27
4,8,27.0,78,0,10,1,10,22,1,15
4,4,1.0,144,5,19,0,12,61,1,7
4,4,27.0,274,2,13,1,13,28,0,15
4,8,27.0,78,0,20,0,0,64,4,15
4,4,26.0,80,1,4,0,9,49,1,3
4,4,26.0,80,1,16,1,5,6,1,3
4,2,3.0,282,2,2,0,1,11,4,27
4,2,12.0,128,5,19,0,14,25,0,28
4,4,9.0,18,6,1,0,1,11,4,12
4,4,28.0,218,4,17,0,9,134,4,18
4,4,28.0,218,4,20,0,8,9,1,18
4,4,28.0,218,4,20,0,7,111,1,18
4,4,28.0,218,4,8,2,2,123,3,18
4,4,28.0,218,4,11,1,0,53,4,18
4,2,4.0,254,4,6,0,1,35,0,30
4,4,9.0,18,6,0,1,3,30,4,12
4,4,9.0,18,6,15,0,16,50,3,12
4,4,9.0,18,6,4,1,10,47,1,12
4,4,9.0,18,6,14,1,1,16,4,12
4,4,28.0,218,4,2,1,2,71,4,18
4,4,28.0,218,4,12,0,2,71,4,18
4,4,28.0,218,4,20,0,16,139,2,18
4,2,4.0,254,4,15,0,8,9,1,30
4,2,4.0,254,4,22,0,5,64,0,30
4,2,17.0,6,2,13,0,3,30,4,6
4,2,17.0,6,2,4,0,10,22,0,6
4,2,17.0,6,2,18,1,10,47,0,6
4,2,20.0,264,6,13,1,10,22,1,29
4,2,20.0,264,6,23,1,9,57,4,29
5,5,26.0,37,1,6,2,6,7,0,3
5,5,26.0,37,1,14,0,10,12,0,3
5,6,1.0,158,0,20,1,5,64,0,7
5,6,1.0,158,0,20,2,6,89,0,7
5,6,1.0,158,0,14,0,10,43,3,7
5,6,1.0,158,0,8,0,10,12,0,7
5,6,2.0,352,1,21,2,13,29,1,22
4,10,15.0,60,4,19,1,10,52,0,1
5,3,18.0,165,6,9,0,10,47,0,0
5,7,1.0,98,3,13,0,1,11,2,7
5,3,19.0,138,3,19,0,13,48,3,10
5,3,20.0,105,0,13,1,8,19,4,29
5,3,20.0,105,0,22,1,11,98,4,29
5,3,20.0,105,0,18,0,15,108,1,29
5,3,20.0,105,0,22,0,14,131,2,29
5,3,25.0,347,6,9,1,7,62,0,13
5,3,26.0,343,3,17,0,11,15,1,3
5,3,26.0,343,3,16,0,0,53,3,3
5,3,26.0,343,3,11,0,8,33,1,3
5,5,9.0,206,6,13,0,0,26,2,12
5,5,9.0,206,6,3,0,10,47,3,12
4,7,1.0,98,0,17,0,0,68,1,7
5,10,9.0,150,4,16,1,11,55,4,12
4,2,3.0,282,2,2,0,9,54,0,27
4,2,3.0,282,2,19,0,11,94,0,27
4,2,12.0,128,5,2,0,10,22,2,28
4,2,19.0,137,5,0,1,15,31,0,10
4,2,19.0,137,5,14,0,8,41,1,10
4,0,1.0,8,2,16,0,9,9,2,7
4,0,1.0,8,2,22,0,8,27,3,7
4,2,3.0,282,2,7,1,4,66,0,27
4,2,3.0,282,2,7,3,9,57,0,27
4,2,3.0,282,2,3,2,5,6,0,27
4,2,3.0,282,2,19,0,9,9,1,27
4,2,12.0,128,5,6,1,9,109,0,28
4,2,12.0,128,5,3,0,2,2,4,28
4,1,25.0,65,2,18,1,2,3,2,13
4,1,25.0,65,2,0,1,5,6,1,13
4,8,2.0,77,4,18,1,11,90,1,22
5,6,8.0,59,0,18,1,9,54,0,8
4,4,11.0,121,0,9,1,10,47,1,9
4,1,16.0,2,0,0,0,1,67,2,2
4,4,12.0,134,1,11,0,2,2,3,28
4,1,16.0,2,0,15,1,0,15,1,2
4,4,12.0,134,1,7,1,15,51,0,28
4,1,25.0,65,2,7,0,8,19,0,13
4,1,25.0,65,2,8,0,5,12,0,13
4,4,11.0,121,0,1,1,5,6,2,9
4,4,11.0,121,0,9,1,14,32,2,9
4,1,25.0,65,2,12,0,2,86,4,13
5,5,26.0,37,1,3,0,16,74,4,3
4,1,28.0,300,6,17,1,9,57,0,18
5,5,26.0,37,1,3,0,16,113,1,3
4,1,3.0,188,1,1,0,15,114,2,27
5,6,1.0,158,0,16,2,13,21,1,7
4,1,9.0,50,0,22,2,4,82,1,12
4,6,9.0,236,2,19,0,10,43,3,12
4,6,8.0,59,1,4,0,5,6,0,8
4,6,18.0,308,5,18,1,2,2,4,0
4,6,19.0,291,6,3,0,15,46,3,10
4,6,19.0,291,6,2,0,2,2,2,10
4,6,19.0,291,6,1,0,9,101,1,10
4,10,17.0,256,6,18,0,1,35,3,6
5,5,8.0,199,5,4,0,7,62,3,8
4,6,19.0,291,6,0,1,1,11,0,10
4,6,19.0,291,6,3,1,8,19,0,10
4,6,27.0,116,3,0,1,12,56,2,15
4,6,27.0,116,3,11,1,1,105,4,15
4,6,27.0,116,3,5,1,16,72,4,15
4,6,27.0,116,3,2,2,0,26,0,15
4,6,27.0,116,3,1,0,13,13,1,15
4,10,1.0,208,4,23,1,10,22,0,7
4,10,1.0,208,4,21,1,5,12,1,7
4,4,19.0,142,1,1,0,2,86,1,10
4,4,19.0,142,1,8,0,14,25,1,10
4,4,26.0,80,1,6,0,12,83,0,3
4,4,26.0,80,1,21,1,0,15,4,3
4,5,1.0,109,6,17,0,8,118,2,7
4,4,27.0,274,2,6,1,14,126,4,15
4,4,27.0,274,2,22,0,13,48,3,15
4,1,27.0,262,5,21,1,5,12,4,15
4,10,28.0,216,2,18,0,8,33,0,18
4,6,26.0,348,6,8,0,9,54,3,3
4,6,26.0,348,6,8,0,9,27,3,3
4,10,16.0,201,5,4,0,9,54,3,2
4,8,1.0,66,2,17,0,16,42,4,7
4,8,1.0,66,2,3,0,6,89,1,7
4,8,1.0,66,2,14,0,13,36,1,7
4,8,1.0,66,2,12,0,14,131,1,7
4,8,1.0,66,2,18,1,8,27,0,7
4,8,10.0,71,5,14,0,16,37,3,4
4,4,10.0,79,3,15,0,6,7,2,4
4,4,10.0,79,3,8,1,4,4,1,4
4,4,10.0,79,3,8,1,4,4,1,4
5,6,1.0,158,0,17,0,3,76,1,7
5,6,1.0,158,0,20,0,12,17,1,7
5,6,1.0,158,0,9,0,2,86,4,7
5,6,2.0,352,1,13,0,7,137,3,22
5,6,3.0,99,2,6,1,7,62,1,27
5,6,3.0,99,2,12,0,2,40,4,27
5,6,1.0,158,0,2,0,13,21,1,7
5,6,4.0,159,4,7,0,7,54,4,30
5,6,3.0,99,2,13,0,2,69,0,27
5,6,4.0,159,4,0,1,5,64,0,30
5,6,4.0,159,4,8,0,15,119,3,30
4,10,23.0,247,5,8,1,3,30,0,17
4,1,7.0,32,6,4,0,14,24,2,11
4,8,24.0,85,5,2,1,8,9,0,14
4,8,15.0,72,2,7,1,15,85,4,1
4,7,19.0,330,5,12,0,2,86,4,10
4,8,6.0,87,0,14,0,14,125,3,23
5,5,26.0,37,1,8,1,2,123,4,3
4,4,12.0,134,1,2,3,10,47,0,28
4,10,9.0,150,5,2,0,9,49,1,12
4,4,19.0,142,1,12,0,14,88,1,10
4,4,19.0,142,1,12,2,0,68,0,10
4,4,19.0,142,1,19,0,11,15,0,10
4,4,26.0,80,1,17,0,11,117,3,3
4,4,26.0,80,1,9,2,15,39,3,3
4,4,26.0,80,1,18,0,0,85,3,3
4,4,27.0,274,2,16,0,5,12,3,15
4,4,27.0,274,2,21,1,11,133,0,15
4,1,26.0,248,4,0,1,0,53,0,3
4,1,26.0,248,4,9,0,13,99,1,3
4,8,3.0,363,5,16,1,8,41,0,27
4,8,3.0,363,5,14,0,16,50,4,27
4,8,8.0,76,2,0,0,5,6,3,8
4,8,8.0,76,2,7,1,10,47,0,8
4,8,9.0,124,4,6,0,10,22,3,12
4,8,9.0,124,4,15,0,1,59,3,12
4,2,2.0,143,1,22,2,1,1,0,22
4,2,2.0,143,1,2,0,7,111,1,22
4,2,9.0,21,1,20,0,0,12,3,12
2,2,20.0,108,2,20,0,2,69,1,29
4,8,26.0,278,3,22,2,12,61,1,3
4,8,26.0,278,3,3,1,1,16,4,3
4,5,21.0,351,5,19,1,11,55,4,21
5,2,1.0,16,3,17,3,10,22,2,7
4,5,6.0,277,4,6,0,14,25,2,23
4,11,29.0,270,5,13,0,4,121,1,16
4,5,6.0,277,4,17,1,2,71,4,23
4,6,6.0,83,3,2,0,5,6,0,23
4,10,5.0,336,0,17,0,2,86,1,24
4,10,5.0,336,0,22,0,15,39,3,24
4,10,5.0,336,0,9,0,1,11,4,24
4,10,5.0,336,0,22,0,15,114,1,24
5,0,15.0,190,1,19,0,14,24,1,1
4,10,5.0,336,0,14,0,15,39,2,24
4,10,15.0,60,4,8,0,1,105,0,1
4,10,15.0,60,4,2,2,8,118,3,1
4,10,15.0,60,4,4,0,2,2,1,1
4,10,15.0,60,4,12,2,10,30,3,1
4,10,15.0,60,4,2,0,15,31,4,1
4,10,23.0,247,5,12,0,15,39,3,17
4,10,23.0,247,5,15,1,13,48,4,17
4,10,23.0,247,5,18,0,5,6,1,17
4,10,23.0,247,5,12,0,3,79,0,17
4,10,23.0,247,5,9,0,4,75,3,17
4,10,23.0,247,5,21,2,13,29,3,17
4,1,4.0,286,2,0,2,1,67,3,30
4,10,5.0,336,0,22,0,4,4,1,24
4,10,5.0,336,0,8,0,13,61,3,24
4,10,5.0,336,0,3,0,6,89,1,24
4,10,5.0,336,0,14,0,10,47,3,24
4,10,5.0,336,0,18,0,9,63,1,24
4,10,15.0,60,4,16,1,3,30,1,1
4,10,15.0,60,4,21,1,10,47,0,1
4,10,15.0,60,4,5,0,2,13,1,1
4,10,15.0,60,4,20,0,11,122,3,1
4,10,15.0,60,4,3,0,11,133,2,1
4,10,15.0,60,4,7,1,11,15,0,1
4,10,15.0,60,4,9,0,15,31,1,1
4,10,23.0,247,5,17,3,8,41,0,17
4,10,23.0,247,5,6,2,3,70,3,17
4,10,23.0,247,5,17,1,5,6,0,17
4,10,23.0,247,5,9,2,14,24,3,17
4,1,4.0,286,2,8,2,10,47,3,30
4,1,4.0,286,2,9,0,0,12,3,30
4,1,4.0,286,2,2,2,8,33,4,30
4,1,6.0,97,5,17,2,10,22,1,23
4,1,6.0,97,5,10,1,2,92,0,23
4,1,6.0,97,5,7,2,7,111,3,23
4,4,24.0,27,3,22,1,10,22,1,14
4,4,24.0,27,3,14,1,9,27,0,14
4,4,24.0,27,3,14,0,7,20,1,14
4,2,6.0,251,6,23,1,0,77,0,23
4,2,6.0,251,6,3,1,3,44,4,23
4,2,6.0,251,6,22,2,8,9,0,23
4,2,6.0,251,6,9,0,9,57,0,23
4,2,6.0,251,6,3,1,5,6,1,23
4,2,13.0,276,6,15,1,14,25,4,25
4,2,13.0,276,6,19,3,5,6,0,25
4,2,13.0,276,6,1,0,6,128,3,25
4,2,23.0,230,1,16,0,1,67,0,17
4,2,23.0,230,1,5,0,0,26,0,17
4,2,23.0,230,1,16,1,10,52,4,17
4,2,23.0,230,1,3,0,1,11,0,17
4,2,23.0,230,1,22,0,6,14,1,17
4,2,23.0,230,1,9,0,1,59,1,17
4,0,16.0,11,4,17,2,2,2,3,2
4,0,16.0,11,4,16,1,4,138,0,2
4,0,16.0,11,4,0,1,11,15,0,2
4,0,17.0,12,5,22,0,16,130,3,6
4,0,23.0,237,4,5,0,5,6,3,17
4,1,5.0,219,4,5,0,13,21,1,24
4,1,21.0,45,6,18,0,10,47,0,21
4,8,14.0,296,1,9,0,10,12,3,5
4,8,13.0,189,0,7,1,11,133,1,25
4,4,23.0,30,6,19,1,16,108,0,17
4,4,29.0,313,5,22,0,9,109,2,16
4,8,5.0,101,3,12,0,10,43,1,24
4,3,5.0,324,0,9,3,0,12,3,24
4,5,5.0,96,2,13,3,11,124,4,24
4,5,11.0,326,1,12,0,0,26,0,9
4,10,14.0,174,2,4,0,6,7,0,5
4,6,29.0,335,1,16,0,7,57,1,16
4,1,5.0,219,4,14,0,6,116,3,24
4,10,31.0,135,6,9,0,4,66,2,20
4,8,5.0,101,3,5,1,7,137,4,24
4,1,31.0,305,1,0,0,2,2,2,20
4,8,5.0,101,3,5,0,13,69,2,24
4,8,13.0,189,0,9,2,7,122,3,25
4,8,14.0,296,1,6,1,5,6,1,5
4,10,14.0,174,2,8,0,6,7,4,5
4,4,31.0,67,3,11,3,9,134,1,20
4,2,5.0,127,5,5,0,3,79,2,24
4,3,24.0,357,6,7,1,15,37,0,14
5,0,27.0,23,3,18,1,15,85,0,15
5,0,10.0,129,4,13,0,6,7,4,4
5,0,25.0,281,5,21,1,14,131,2,13
5,11,24.0,194,6,12,0,10,22,0,14
4,0,28.0,249,1,2,3,10,23,1,18
4,8,16.0,73,4,22,0,8,9,1,2
4,11,16.0,225,6,0,1,7,20,0,2
4,11,30.0,170,6,4,0,16,39,1,19
4,0,29.0,191,2,3,0,0,64,0,16
4,7,2.0,160,1,18,2,13,48,3,22
4,9,11.0,52,4,16,0,16,37,4,9
4,8,16.0,73,4,1,0,7,62,0,2
4,9,8.0,90,0,19,0,15,46,1,8
4,5,6.0,277,4,16,0,0,12,0,23
4,8,20.0,319,0,19,1,0,68,4,29
4,9,11.0,52,4,16,1,2,2,2,9
4,8,21.0,46,1,17,1,0,85,4,21
4,7,17.0,95,2,12,0,13,38,3,6
4,11,29.0,270,5,7,1,5,64,0,16
5,0,16.0,11,2,13,1,9,27,0,2
4,5,6.0,277,4,13,2,6,89,1,23
4,10,21.0,341,2,19,0,10,47,0,21
4,11,29.0,270,5,19,3,6,7,3,16
4,8,21.0,46,1,0,0,13,29,1,21
4,7,3.0,269,2,18,1,1,1,1,27
4,4,1.0,144,5,8,0,12,56,3,7
4,9,17.0,255,2,8,1,3,70,4,6
4,9,9.0,320,1,13,1,10,22,0,12
4,5,6.0,277,4,9,0,13,28,1,23
4,5,6.0,277,4,0,1,3,30,1,23
4,9,11.0,52,4,20,0,6,132,1,9
4,2,26.0,3,5,11,1,10,43,1,3
4,5,13.0,184,4,8,3,7,54,4,25
4,5,2.0,307,3,22,0,2,2,2,22
4,3,6.0,303,1,2,0,9,57,0,23
4,9,15.0,226,0,2,3,9,57,0,1
4,3,29.0,325,4,18,0,4,79,2,16
4,9,11.0,52,4,13,0,4,66,0,9
4,8,23.0,102,4,23,0,9,83,0,17
5,4,23.0,30,5,17,1,2,71,4,17
4,5,11.0,326,1,16,0,12,121,0,9
4,8,21.0,46,1,6,0,16,37,1,21
4,6,2.0,352,2,13,0,13,38,1,22
4,5,6.0,277,4,6,0,5,64,0,23
4,7,18.0,154,4,18,1,1,59,4,0
4,8,23.0,102,4,4,0,16,130,1,17
4,5,12.0,327,2,22,0,6,128,3,28
4,7,1.0,98,0,4,0,14,24,2,7
4,5,5.0,96,2,13,0,0,68,0,24
4,0,28.0,249,1,19,1,2,71,4,18
4,5,6.0,277,4,10,1,1,105,4,23
4,5,12.0,327,2,19,0,8,118,1,28
4,11,30.0,170,6,12,0,14,131,1,19
4,1,17.0,63,1,9,3,16,139,4,6
4,2,21.0,108,3,19,1,8,19,4,21
4,5,10.0,155,0,3,0,6,91,1,4
4,11,1.0,222,5,17,3,16,42,2,7
4,5,11.0,326,1,17,1,5,12,1,9
4,8,19.0,280,3,20,0,0,12,3,10
4,5,12.0,327,2,0,1,1,67,0,28
4,9,11.0,52,4,0,0,16,72,3,9
5,2,26.0,3,4,12,0,15,114,0,3
4,0,6.0,260,0,17,1,7,122,1,23
4,3,15.0,35,4,2,3,16,72,1,1
4,6,3.0,99,4,11,0,14,25,0,27
4,2,29.0,140,0,19,1,8,19,2,16
4,5,12.0,327,2,0,0,10,47,3,28
4,5,14.0,36,5,0,1,0,68,0,5
4,5,15.0,200,6,13,0,3,79,1,1
4,3,6.0,303,1,10,0,7,120,3,23
4,3,6.0,303,1,17,1,16,50,0,23
4,3,6.0,303,1,13,0,0,12,0,23
5,11,1.0,222,4,17,0,5,6,0,7
4,3,29.0,325,4,0,1,3,30,0,16
4,3,29.0,325,4,8,1,12,121,1,16
4,5,6.0,277,4,6,2,2,60,3,23
4,5,6.0,277,4,12,1,0,64,0,23
4,5,12.0,327,2,2,0,11,18,2,28
4,5,14.0,36,5,15,1,2,13,1,5
4,5,14.0,36,5,13,0,8,27,0,5
4,5,12.0,327,2,2,0,14,34,0,28
4,5,14.0,36,5,1,0,1,59,1,5
4,5,15.0,200,6,12,1,10,52,1,1
4,5,15.0,200,6,1,0,13,28,0,1
4,5,15.0,200,6,13,1,15,112,4,1
4,5,21.0,351,5,13,1,8,33,4,21
4,5,21.0,351,5,22,0,10,12,3,21
4,5,21.0,351,5,3,0,10,47,2,21
4,5,21.0,351,5,9,0,12,80,4,21
4,6,6.0,83,3,14,0,15,108,1,23
4,6,6.0,83,3,8,0,11,55,2,23
4,6,6.0,83,3,18,0,1,35,4,23
4,10,5.0,336,0,21,1,13,28,0,24
4,5,15.0,200,6,7,1,11,15,0,1
4,5,14.0,36,5,10,1,12,121,1,5
4,5,15.0,200,6,2,0,2,13,0,1
4,5,15.0,200,6,14,0,0,85,1,1
4,5,21.0,351,5,6,1,2,69,0,21
4,5,21.0,351,5,0,1,10,47,0,21
4,5,21.0,351,5,0,1,3,30,0,21
4,5,21.0,351,5,8,0,14,25,0,21
4,5,21.0,351,5,12,0,14,110,4,21
4,5,21.0,351,5,19,2,11,58,3,21
4,6,6.0,83,3,4,0,0,12,3,23
4,6,6.0,83,3,1,0,8,27,2,23
4,10,5.0,336,0,21,2,2,86,1,24
4,10,5.0,336,0,19,0,15,51,3,24
4,10,15.0,60,4,10,0,12,135,4,1
4,10,15.0,60,4,2,0,9,57,4,1
4,10,23.0,247,5,6,0,7,111,3,17
3,6,17.0,244,1,21,0,0,12,1,6
4,10,23.0,247,5,6,1,12,84,0,17
4,10,23.0,247,5,4,0,13,29,1,17
4,1,4.0,286,2,13,0,0,12,0,30
4,1,6.0,97,5,3,2,15,46,3,23
4,1,6.0,97,5,1,0,15,31,3,23
4,1,7.0,32,6,0,0,4,121,3,11
4,7,19.0,330,5,1,0,5,6,1,10
4,7,19.0,330,5,14,2,1,35,0,10
4,7,21.0,81,3,21,1,3,76,0,21
4,7,21.0,81,3,22,0,2,13,1,21
4,7,21.0,81,3,22,1,11,98,1,21
4,7,21.0,81,3,14,2,10,22,3,21
4,7,21.0,81,3,12,1,10,22,1,21
4,3,4.0,285,3,17,0,15,114,3,30
4,3,4.0,285,3,6,0,5,12,1,30
4,3,4.0,285,3,7,0,10,43,1,30
4,3,4.0,285,3,5,0,1,16,3,30
4,3,4.0,285,3,11,1,12,104,4,30
4,3,6.0,303,1,3,2,10,47,2,23
4,3,6.0,303,1,5,1,1,59,4,23
4,3,6.0,303,1,0,0,5,64,0,23
4,5,6.0,277,4,22,0,6,128,1,23
4,5,6.0,277,4,4,0,2,92,1,23
4,5,6.0,277,4,8,0,8,33,2,23
4,5,6.0,277,4,12,0,1,59,1,23
4,5,6.0,277,4,13,1,1,59,1,23
4,5,6.0,277,4,9,0,6,73,3,23
4,5,12.0,327,2,0,0,5,12,3,28
4,5,12.0,327,2,17,0,10,47,1,28
4,5,14.0,36,5,17,1,4,82,1,5
4,7,19.0,330,5,4,0,6,91,1,10
4,3,4.0,285,3,8,0,13,28,0,30
4,3,6.0,303,1,5,3,13,38,0,23
4,3,4.0,285,3,9,1,3,103,2,30
4,3,29.0,325,4,3,2,0,85,0,16
4,3,29.0,325,4,15,0,10,47,1,16
4,5,7.0,349,5,13,0,13,69,3,11
5,4,19.0,142,0,12,1,3,79,1,10
4,7,1.0,98,0,17,0,10,23,1,7
4,5,28.0,259,5,12,0,10,47,2,18
4,9,11.0,52,4,20,2,16,65,0,9
5,2,16.0,220,0,9,3,5,6,0,2
4,0,11.0,10,6,11,0,16,74,3,9
5,4,1.0,144,4,17,0,1,1,3,7
4,9,11.0,52,4,22,1,2,2,1,9
4,8,23.0,102,4,1,0,5,12,0,17
4,5,28.0,259,5,8,0,10,47,2,18
5,4,19.0,142,0,3,1,6,7,0,10
0,11,1.0,222,3,17,0,10,12,1,7
4,4,14.0,345,4,18,1,3,30,0,5
5,6,29.0,335,0,17,1,12,61,1,16
4,1,5.0,219,4,1,0,16,72,3,24
4,0,18.0,0,6,4,0,2,86,1,0
4,4,13.0,221,2,13,0,1,11,4,25
5,2,26.0,3,4,12,3,11,15,0,3
4,11,11.0,175,0,23,0,13,99,2,9
4,5,14.0,36,5,16,1,0,31,0,5
4,5,8.0,199,6,8,0,9,57,3,8
4,8,5.0,101,3,1,1,7,57,0,24
4,0,18.0,0,6,19,1,9,10,1,0
4,9,11.0,52,4,4,0,2,40,2,9
4,4,14.0,345,4,22,0,5,6,0,5
4,4,21.0,339,4,22,0,3,30,2,21
4,2,22.0,209,0,9,0,14,25,0,26
4,0,13.0,198,0,13,3,12,17,4,25
4,0,15.0,190,2,3,3,0,64,3,1
0,5,22.0,163,0,2,0,4,45,1,26
4,7,20.0,266,6,9,2,13,99,3,29
4,7,20.0,266,6,5,1,1,67,4,29
5,11,2.0,265,5,13,3,9,102,4,22
4,10,21.0,341,2,2,0,15,51,0,21
4,10,29.0,318,4,13,1,7,137,4,16
4,6,23.0,84,2,17,1,14,24,0,17
4,1,29.0,112,3,2,0,5,12,2,16
4,8,23.0,102,4,8,1,8,33,0,17
4,8,23.0,102,4,2,1,9,134,4,17
4,4,21.0,339,4,2,0,2,71,2,21
4,2,22.0,209,0,18,0,8,9,2,26
4,0,13.0,198,0,0,1,10,47,0,25
4,4,30.0,139,6,0,0,6,128,1,19
4,5,10.0,155,0,18,0,14,24,0,4
4,5,10.0,155,0,8,3,5,6,0,4
4,5,18.0,195,1,19,0,12,61,1,0
4,1,9.0,50,0,5,0,1,16,2,12
4,2,4.0,254,4,18,1,14,24,1,30
4,2,20.0,264,6,12,3,11,55,3,29
4,1,11.0,111,2,18,0,9,95,4,9
4,1,11.0,111,2,17,0,4,103,3,9
4,1,9.0,50,0,2,3,8,19,0,12
4,1,11.0,111,2,11,1,11,117,1,9
5,1,14.0,183,5,14,1,5,64,1,5
5,4,31.0,67,6,20,1,0,68,1,20
4,7,15.0,205,0,17,3,15,46,0,1
4,5,16.0,239,3,5,2,2,2,3,2
5,0,7.0,15,0,4,0,6,7,1,11
5,6,30.0,145,1,22,1,0,12,1,19
4,7,9.0,273,1,9,0,7,120,1,12
4,7,18.0,154,4,18,2,10,22,3,0
4,7,18.0,154,4,3,0,8,33,2,0
5,2,15.0,130,3,16,0,10,47,2,1
4,5,19.0,146,2,17,0,6,128,1,10
4,5,19.0,146,2,12,0,6,73,2,10
4,5,10.0,155,0,22,3,14,110,1,4
4,1,22.0,164,3,21,0,5,64,0,26
4,1,22.0,164,3,23,0,4,45,0,26
4,1,22.0,164,3,14,0,16,37,3,26
4,1,22.0,164,3,18,2,15,46,3,26
4,1,22.0,164,3,2,3,5,12,3,26
4,8,6.0,87,0,17,0,13,29,3,23
4,8,6.0,87,0,20,0,2,40,4,23
4,8,6.0,87,0,11,0,10,52,1,23
4,1,6.0,97,5,5,0,14,34,1,23
4,1,12.0,353,4,0,1,6,7,2,28
4,1,12.0,353,4,11,0,10,47,1,28
4,1,12.0,353,4,8,1,8,33,4,28
4,1,12.0,353,4,15,1,0,15,1,28
4,1,13.0,207,5,17,0,12,17,0,25
4,1,12.0,353,4,3,1,10,47,1,28
4,1,12.0,353,4,14,1,1,11,4,28
4,1,13.0,207,5,19,2,13,38,3,25
4,1,13.0,207,5,1,0,1,59,0,25
4,1,22.0,164,3,0,0,0,26,1,26
4,1,22.0,164,3,11,0,10,22,1,26
4,1,22.0,164,3,20,0,5,0,3,26
4,8,6.0,87,0,23,0,11,15,2,23
4,8,6.0,87,0,11,0,16,39,0,23
4,8,6.0,87,0,21,1,11,18,1,23
4,8,6.0,87,0,2,0,15,119,1,23
4,8,6.0,87,0,14,0,5,6,3,23
4,8,6.0,87,0,1,2,5,6,0,23
4,8,6.0,87,0,9,0,4,136,1,23
4,8,6.0,87,0,14,0,14,25,0,23
4,8,6.0,87,0,18,2,3,44,3,23
4,8,15.0,72,2,16,1,12,56,4,1
4,8,15.0,72,2,3,2,0,77,2,1
4,0,24.0,55,5,14,0,10,22,1,14
4,8,15.0,72,2,14,1,13,28,0,1
4,8,16.0,73,4,10,0,3,115,1,2
4,8,16.0,73,4,23,1,0,53,0,2
4,8,16.0,73,4,5,0,9,87,1,2
4,8,16.0,73,4,14,2,2,2,3,2
4,1,31.0,305,1,17,1,0,12,1,20
4,0,19.0,13,3,8,2,15,96,0,10
4,1,28.0,300,6,17,1,3,30,4,18
4,5,14.0,36,5,21,1,13,21,0,5
4,2,1.0,16,0,12,3,7,120,0,7
4,5,14.0,36,5,0,1,5,64,0,5
4,5,14.0,36,5,21,1,15,39,0,5
4,5,14.0,36,5,13,3,4,75,3,5
4,5,14.0,36,5,20,1,11,15,1,5
4,5,21.0,351,5,7,2,9,101,0,21
4,5,21.0,351,5,12,0,4,75,2,21
4,6,6.0,83,3,17,1,9,101,0,23
5,4,3.0,279,6,17,0,6,91,1,27
5,4,19.0,142,0,8,0,2,86,2,10
5,8,22.0,354,1,8,1,6,7,0,26
4,3,14.0,33,2,2,1,11,117,1,5
4,5,4.0,114,1,23,2,10,47,3,30
4,4,21.0,339,4,14,3,1,35,4,21
5,4,27.0,274,1,8,0,5,12,0,15
5,2,13.0,276,5,19,2,10,6,3,25
5,2,19.0,137,4,5,0,2,60,3,10
5,0,30.0,228,2,19,1,0,68,0,19
4,11,10.0,360,3,23,1,15,39,1,4
4,11,28.0,123,4,5,0,8,41,2,18
4,2,25.0,233,4,4,1,9,10,0,13
4,10,4.0,356,3,17,1,14,34,4,30
4,9,13.0,91,6,2,0,6,89,1,25
4,11,28.0,123,4,17,0,2,92,3,18
4,9,19.0,234,5,11,0,8,9,2,10
4,7,12.0,181,5,18,1,14,25,2,28
4,7,12.0,181,5,11,1,15,96,0,28
4,7,20.0,266,6,11,1,1,105,4,29
4,10,20.0,223,1,17,1,5,12,1,29
4,10,21.0,341,2,13,0,9,101,1,21
4,6,6.0,83,3,12,2,10,22,3,23
4,10,5.0,336,0,10,1,4,75,0,24
4,5,14.0,36,5,3,0,8,33,2,5
4,3,29.0,325,4,11,1,10,43,1,16
4,5,15.0,200,6,6,1,13,69,0,1
4,5,15.0,200,6,12,0,2,13,0,1
4,5,15.0,200,6,4,0,0,77,1,1
4,5,15.0,200,6,1,0,8,9,3,1
4,5,21.0,351,5,22,0,1,67,0,21
4,5,21.0,351,5,11,1,12,61,1,21
4,6,6.0,83,3,13,0,10,12,1,23
4,6,6.0,83,3,2,0,0,68,3,23
4,6,6.0,83,3,12,0,10,47,2,23
4,6,6.0,83,3,8,2,13,38,2,23
4,6,6.0,83,3,19,2,9,87,3,23
4,7,13.0,238,6,22,0,14,24,2,25
4,10,5.0,336,0,16,0,10,22,1,24
4,2,26.0,3,5,4,0,0,12,3,3
4,0,1.0,8,2,17,0,0,85,1,7
4,0,1.0,8,2,6,1,15,46,0,7
4,0,1.0,8,2,11,3,0,26,0,7
4,0,2.0,47,4,6,0,15,31,3,22
4,0,2.0,47,4,13,1,8,33,2,22
4,0,1.0,8,2,17,0,9,101,1,7
4,0,3.0,334,5,17,0,7,20,1,27
4,0,3.0,334,5,13,1,1,81,4,27
4,0,20.0,172,0,14,0,11,117,1,29
4,0,28.0,249,1,20,0,16,74,1,18
4,0,28.0,249,1,1,2,13,28,3,18
4,0,29.0,191,2,1,1,2,2,4,16
4,2,1.0,16,0,19,1,16,72,0,7
4,4,1.0,144,5,3,0,7,120,2,7
4,2,26.0,3,5,5,0,8,33,2,3
5,0,23.0,237,2,8,0,9,87,2,17
5,0,23.0,237,2,8,1,0,12,0,17
4,9,1.0,126,0,17,0,10,47,3,7
4,9,18.0,359,4,13,1,15,46,2,0
4,9,1.0,126,0,19,0,1,11,1,7
4,10,3.0,310,6,14,0,14,126,1,27
4,7,15.0,205,0,22,0,11,98,1,1
4,11,8.0,283,5,22,1,5,6,1,8
4,10,3.0,310,6,3,0,4,45,4,27
5,4,1.0,144,4,11,0,9,95,1,7
5,4,31.0,67,6,13,1,5,12,0,20
4,8,27.0,78,0,4,0,4,103,3,15
4,8,27.0,78,0,12,1,6,132,1,15
4,4,9.0,18,6,3,0,0,64,0,12
5,0,7.0,15,0,2,1,8,33,2,11
5,0,8.0,9,1,12,0,1,11,2,8
4,8,4.0,299,6,20,0,13,28,1,30
4,0,19.0,13,3,19,0,8,9,0,10
4,2,26.0,3,5,14,1,8,9,2,3
4,2,1.0,16,0,18,0,5,12,2,7
4,4,28.0,218,4,11,0,11,124,3,18
4,9,11.0,52,4,1,2,9,10,3,9
4,0,19.0,13,3,14,2,14,125,0,10
4,4,4.0,178,0,22,3,16,130,0,30
4,10,5.0,336,0,20,0,0,26,3,24
5,2,25.0,233,2,4,0,10,47,2,13
4,4,23.0,30,6,3,0,2,2,2,17
5,0,27.0,23,3,19,1,8,27,0,15
4,9,19.0,234,5,14,1,16,37,2,10
4,10,5.0,336,0,13,0,8,41,0,24
4,9,11.0,52,4,18,0,11,18,1,9
4,9,7.0,271,3,22,2,1,11,2,11
4,4,23.0,30,6,12,0,3,76,2,17
4,9,8.0,90,0,15,0,9,83,2,8
4,5,3.0,161,0,8,0,13,99,2,27
4,10,5.0,336,0,13,0,8,27,3,24
4,9,21.0,362,3,15,0,10,22,1,21
5,0,1.0,8,1,5,3,3,44,4,7
4,4,23.0,30,6,13,0,4,82,2,17
4,9,10.0,156,2,1,1,13,38,0,4
4,5,4.0,114,1,6,0,15,51,0,30
4,10,5.0,336,0,18,2,10,22,1,24
4,9,21.0,362,3,14,0,4,5,1,21
4,9,21.0,362,3,18,1,5,6,0,21
4,9,21.0,362,3,20,0,0,77,1,21
4,7,4.0,186,4,8,0,6,73,0,30
5,4,25.0,20,3,14,0,13,123,3,13
5,2,7.0,153,6,3,0,9,10,0,11
5,2,18.0,7,2,4,2,6,7,3,0
5,2,24.0,22,1,1,0,9,49,4,14
5,2,26.0,3,4,15,0,9,10,1,3
5,0,1.0,8,1,6,0,9,49,1,7
4,11,1.0,222,5,17,0,1,11,2,7
4,11,1.0,222,5,16,0,14,88,4,7
4,9,18.0,359,4,2,0,0,15,3,0
4,9,23.0,167,1,6,0,6,7,1,17
4,7,1.0,98,0,11,3,10,23,0,7
5,2,7.0,153,6,12,0,7,129,2,11
5,0,23.0,237,2,14,3,0,26,1,17
4,2,12.0,128,5,18,0,2,86,1,28
4,4,26.0,80,1,10,0,11,94,2,3
4,2,19.0,137,5,13,0,8,19,0,10
4,2,26.0,3,5,8,1,13,38,4,3
4,7,4.0,186,4,19,0,16,108,4,30
4,7,4.0,186,4,9,1,10,23,1,30
4,7,11.0,197,4,8,1,0,64,1,9
4,7,11.0,197,4,19,0,9,63,1,9
4,7,13.0,238,6,16,1,13,99,4,25
4,7,13.0,238,6,3,0,10,22,3,25
4,7,13.0,238,6,19,0,0,53,1,25
4,7,19.0,330,5,5,1,6,7,4,10
4,7,19.0,330,5,13,0,5,47,2,10
4,7,4.0,186,4,14,0,3,70,1,30
4,7,11.0,197,4,19,1,8,27,1,9
4,7,11.0,197,4,9,0,1,11,4,9
4,7,13.0,238,6,5,0,12,80,1,25
4,7,13.0,238,6,12,0,5,6,3,25
4,7,13.0,238,6,4,0,2,2,4,25
4,7,13.0,238,6,19,1,12,61,1,25
4,7,13.0,238,6,18,1,12,56,0,25
4,7,19.0,330,5,15,1,14,32,4,10
4,7,19.0,330,5,18,0,14,107,0,10
4,7,21.0,81,3,22,0,4,121,0,21
4,7,21.0,81,3,22,0,0,53,4,21
4,3,4.0,285,3,11,0,11,18,1,30
4,7,19.0,330,5,22,3,0,68,0,10
4,3,6.0,303,1,17,0,10,52,1,23
4,3,6.0,303,1,4,0,2,123,1,23
5,10,1.0,208,2,22,0,1,1,1,7
4,5,6.0,277,4,16,0,2,86,3,23
4,5,6.0,277,4,2,0,2,3,2,23
4,5,12.0,327,2,8,0,8,9,3,28
4,5,12.0,327,2,12,0,0,77,3,28
4,5,14.0,36,5,13,0,6,89,2,5
4,5,12.0,327,2,17,0,1,67,0,28
4,7,11.0,197,4,14,0,15,46,3,9
4,7,13.0,238,6,17,1,10,22,0,25
4,7,13.0,238,6,15,1,3,30,4,25
4,7,11.0,197,4,12,1,13,38,4,9
4,7,19.0,330,5,5,0,4,75,1,10
4,7,19.0,330,5,19,1,13,36,1,10
4,7,21.0,81,3,2,1,4,66,4,21
4,3,4.0,285,3,2,1,10,23,1,30
4,7,4.0,186,4,11,1,1,1,4,30
4,3,6.0,303,1,11,0,5,6,2,23
4,3,6.0,303,1,1,0,9,101,0,23
4,3,6.0,303,1,1,0,1,59,4,23
4,3,6.0,303,1,9,0,9,95,1,23
4,3,29.0,325,4,5,0,5,12,3,16
4,3,29.0,325,4,13,0,6,7,4,16
4,3,29.0,325,4,19,0,5,6,0,16
4,5,6.0,277,4,17,1,15,46,1,23
4,9,1.0,126,0,17,0,1,1,1,7
4,4,23.0,30,6,13,3,10,22,1,17
5,8,1.0,66,1,12,0,9,10,4,7
4,10,15.0,60,4,16,1,0,64,0,1
5,0,1.0,8,1,13,0,8,41,0,7
4,5,6.0,277,4,6,2,10,47,3,23
4,6,5.0,342,6,9,1,2,2,0,24
4,0,24.0,55,5,17,2,9,93,3,14
4,6,5.0,342,6,18,3,12,100,2,24
4,10,4.0,356,3,9,1,14,34,4,30
4,10,5.0,336,0,19,0,9,95,1,24
4,8,24.0,85,5,14,0,6,89,1,14
4,10,4.0,356,3,5,1,11,18,1,30
4,10,5.0,336,0,9,2,15,114,1,24
4,5,15.0,200,6,13,0,7,120,3,1
4,5,1.0,109,6,17,3,11,98,3,7
4,10,22.0,314,4,4,1,0,31,0,26
4,10,23.0,247,5,17,0,10,22,3,17
4,4,5.0,235,1,0,0,5,6,1,24
4,5,9.0,206,3,13,2,9,49,2,12
4,3,15.0,35,4,5,1,0,12,1,1
4,5,27.0,328,4,17,0,10,23,1,15
4,8,20.0,319,0,18,1,1,1,0,29
4,8,20.0,319,0,22,1,15,108,1,29
4,4,11.0,121,0,10,1,0,26,1,9
4,7,1.0,98,0,19,0,11,124,0,7
4,2,3.0,282,2,17,0,15,108,4,27
4,0,21.0,287,1,8,1,9,93,0,21
4,1,12.0,353,4,8,2,13,29,2,28
4,1,12.0,353,4,1,0,13,48,3,28
4,1,12.0,353,4,4,0,11,117,3,28
4,1,12.0,353,4,19,1,12,17,4,28
4,1,12.0,353,4,2,1,11,98,2,28
4,1,12.0,353,4,19,3,4,45,3,28
4,1,13.0,207,5,21,1,15,39,0,25
4,1,22.0,164,3,7,1,9,95,0,26
4,1,7.0,32,6,4,1,13,21,1,11
4,10,23.0,247,5,2,0,13,38,1,17
4,1,12.0,353,4,13,0,12,61,1,28
4,1,13.0,207,5,18,2,14,107,0,25
4,1,22.0,164,3,0,1,5,64,2,26
4,1,22.0,164,3,1,0,11,18,1,26
4,1,22.0,164,3,13,1,5,12,1,26
4,8,6.0,87,0,5,0,8,33,1,23
4,8,6.0,87,0,8,0,9,10,3,23
4,8,6.0,87,0,19,0,13,99,1,23
4,8,15.0,72,2,17,0,7,20,4,1
4,8,16.0,73,4,17,0,10,47,3,2
4,8,16.0,73,4,21,0,3,115,1,2
4,8,16.0,73,4,3,2,15,112,1,2
4,8,15.0,72,2,15,1,2,60,4,1
4,8,21.0,46,1,0,0,8,41,1,21
4,8,21.0,46,1,3,0,10,22,3,21
4,8,21.0,46,1,22,2,11,15,2,21
4,8,21.0,46,1,5,2,15,31,1,21
4,8,24.0,85,5,6,0,2,92,1,14
4,4,5.0,235,1,4,0,12,17,3,24
4,4,5.0,235,1,14,1,1,81,4,24
4,4,5.0,235,1,22,3,15,46,3,24
4,4,15.0,132,5,19,0,2,92,1,1
4,10,15.0,60,4,13,0,8,33,2,1
4,10,15.0,60,4,2,0,9,93,0,1
4,10,15.0,60,4,8,0,10,52,2,1
4,10,15.0,60,4,14,0,7,20,2,1
4,10,15.0,60,4,17,0,1,11,1,1
4,10,23.0,247,5,17,1,4,4,4,17
4,10,23.0,247,5,12,2,8,41,3,17
4,10,23.0,247,5,14,2,7,120,3,17
4,10,23.0,247,5,9,0,10,47,1,17
4,1,4.0,286,2,0,0,0,77,0,30
4,1,4.0,286,2,5,0,13,21,1,30
4,0,9.0,48,4,19,0,8,65,1,12
4,0,11.0,10,6,16,1,11,15,0,9
4,0,18.0,0,6,12,0,2,69,2,0
4,0,19.0,13,3,21,0,10,22,1,10
4,0,19.0,13,3,20,0,0,68,4,10
4,0,27.0,23,0,6,2,0,15,0,15
4,0,27.0,23,0,4,1,14,126,0,15
5,0,10.0,129,4,1,1,13,13,2,4
5,0,27.0,23,3,18,0,14,25,1,15
5,0,27.0,23,3,22,0,12,61,1,15
4,9,26.0,267,5,13,1,3,30,4,3
4,5,2.0,307,3,17,1,11,124,4,22
4,6,26.0,348,6,9,1,0,12,1,3
5,8,14.0,296,0,14,0,10,6,3,5
5,3,15.0,35,2,19,0,2,86,4,1
5,0,26.0,14,6,19,0,7,120,4,3
4,11,7.0,253,4,12,1,3,76,1,11
4,10,13.0,346,1,22,1,7,20,1,25
4,10,23.0,247,5,18,2,14,25,3,17
4,4,5.0,235,1,6,2,5,12,3,24
4,2,22.0,209,0,2,0,3,30,0,26
4,10,23.0,247,5,14,0,10,22,1,17
4,4,5.0,235,1,9,1,9,49,1,24
4,2,21.0,108,3,8,1,5,6,1,21
4,1,4.0,286,2,0,0,10,23,3,30
4,8,14.0,296,1,5,1,4,66,1,5
4,4,5.0,235,1,9,1,6,89,1,24
4,1,4.0,286,2,11,0,8,19,1,30
4,1,4.0,286,2,0,0,3,30,3,30
4,1,4.0,286,2,10,0,8,19,0,30
4,1,4.0,286,2,5,0,15,31,3,30
4,1,4.0,286,2,18,0,8,9,3,30
4,1,6.0,97,5,4,0,9,57,1,23
4,1,6.0,97,5,10,1,4,127,0,23
4,1,4.0,286,2,12,1,5,12,1,30
4,1,12.0,353,4,16,1,8,9,0,28
4,1,12.0,353,4,15,0,14,24,2,28
5,7,1.0,98,3,17,0,11,18,1,7
4,2,30.0,131,1,13,0,8,41,1,19
4,0,7.0,15,1,18,1,6,89,4,11
5,8,29.0,301,1,16,1,10,52,4,16
5,4,20.0,115,1,5,1,12,100,4,29
5,4,20.0,115,1,2,3,6,7,3,29
5,0,4.0,229,5,4,3,0,31,3,30
3,0,1.0,8,0,20,0,2,123,4,7
4,11,29.0,270,5,4,1,2,86,0,16
4,11,29.0,270,5,4,1,13,99,1,16
4,3,3.0,182,6,1,3,8,9,3,27
4,5,5.0,96,2,2,1,10,47,0,24
4,3,21.0,338,2,19,0,5,12,3,21
4,5,13.0,184,4,13,0,8,118,2,25
4,5,20.0,214,4,4,1,3,115,4,29
4,10,31.0,135,6,0,1,9,83,1,20
4,1,21.0,45,6,7,1,11,15,1,21
4,5,13.0,184,4,19,1,3,44,0,25
4,5,20.0,214,4,9,1,10,52,4,29
4,10,14.0,174,2,9,1,3,115,0,5
4,8,5.0,101,3,12,1,10,52,0,24
4,8,4.0,299,6,11,1,2,3,4,30
4,8,14.0,296,1,15,1,14,107,1,5
4,4,4.0,178,0,4,0,3,76,4,30
4,4,18.0,26,0,4,1,9,134,4,0
4,4,20.0,115,2,11,1,8,27,1,29
4,4,20.0,115,2,14,1,11,15,0,29
4,4,25.0,20,0,5,0,8,118,1,13
4,4,25.0,20,0,18,2,7,129,3,13
4,2,9.0,21,1,13,0,2,2,1,12
4,2,11.0,297,4,8,0,1,11,4,9
4,2,18.0,7,4,21,1,14,25,0,0
4,2,18.0,7,4,15,2,10,47,0,0
4,2,18.0,7,4,22,2,6,132,3,0
4,2,18.0,7,4,18,0,2,69,3,0
4,2,18.0,7,4,9,0,5,6,0,0
4,2,27.0,136,6,11,0,4,82,2,15
4,2,27.0,136,6,13,1,13,13,4,15
4,2,27.0,136,6,20,1,2,2,1,15
4,2,27.0,136,6,14,0,12,80,1,15
4,2,27.0,136,6,2,1,13,13,1,15
4,2,28.0,257,3,1,0,1,35,4,18
4,2,29.0,140,0,15,0,2,40,2,16
4,2,29.0,140,0,13,1,10,52,4,16
4,2,30.0,131,1,12,3,8,19,3,19
4,8,30.0,103,4,3,3,11,94,3,19
4,8,30.0,103,4,16,1,8,33,0,19
4,2,8.0,258,0,18,1,10,22,0,8
4,2,16.0,220,1,21,1,5,6,1,2
4,0,14.0,5,1,14,1,10,47,1,5
5,4,30.0,139,5,18,0,10,43,1,19
4,11,29.0,270,5,4,1,11,15,0,16
4,8,14.0,296,1,18,2,9,102,3,5
4,4,15.0,132,5,13,0,10,22,1,1
4,1,4.0,286,2,4,2,9,109,3,30
4,4,15.0,132,5,19,0,5,6,3,1
4,2,5.0,127,5,1,0,11,15,1,24
4,1,6.0,97,5,6,0,6,7,4,23
4,4,5.0,235,1,4,0,14,107,1,24
4,2,5.0,127,5,8,0,10,47,2,24
4,1,6.0,97,5,20,0,10,47,3,23
4,1,6.0,97,5,17,1,3,103,4,23
4,4,24.0,27,3,6,2,7,31,3,14
4,4,24.0,27,3,13,1,8,41,1,14
4,4,24.0,27,3,8,2,1,16,3,14
4,4,24.0,27,3,3,0,12,104,2,14
4,4,24.0,27,3,3,0,2,69,0,14
4,4,24.0,27,3,14,1,9,57,1,14
4,2,6.0,251,6,12,0,13,99,1,23
4,2,6.0,251,6,13,1,9,101,0,23
4,2,6.0,251,6,20,1,10,47,1,23
4,2,13.0,276,6,7,1,10,22,0,25
4,3,1.0,180,4,20,0,2,2,2,7
4,3,1.0,180,4,17,1,13,99,4,7
4,10,19.0,117,0,2,0,10,23,1,10
4,6,27.0,116,3,12,1,10,47,1,15
4,10,8.0,213,4,22,0,3,44,3,8
4,4,1.0,144,5,12,0,5,6,2,7
4,0,21.0,287,1,14,0,4,82,1,21
4,0,21.0,287,1,13,1,12,135,4,21
4,8,9.0,124,4,17,3,14,125,4,12
4,9,25.0,344,4,2,1,3,70,1,13
4,3,27.0,361,1,3,1,13,29,0,15
4,3,27.0,361,1,4,1,9,83,1,15
4,3,27.0,361,1,17,1,10,43,1,15
4,9,1.0,126,0,8,0,13,123,1,7
4,9,23.0,167,1,13,3,6,7,0,17
4,10,10.0,245,6,13,0,13,69,4,4
4,10,17.0,256,6,14,0,4,121,1,6
4,1,20.0,151,5,4,0,10,22,3,29
4,8,20.0,319,0,11,1,2,60,4,29
4,8,20.0,319,0,13,1,15,31,4,29
4,2,13.0,276,6,19,0,8,27,4,25
4,2,13.0,276,6,18,0,14,106,0,25
4,2,23.0,230,1,17,0,11,0,3,17
4,2,23.0,230,1,17,2,3,44,3,17
4,2,23.0,230,1,12,0,14,107,1,17
4,1,4.0,286,2,20,2,9,87,3,30
4,1,4.0,286,2,15,0,5,6,0,30
4,1,4.0,286,2,1,0,8,9,3,30
4,1,6.0,97,5,8,0,0,77,0,23
4,1,6.0,97,5,3,1,16,37,1,23
4,1,7.0,32,6,6,0,16,37,4,11
4,1,7.0,32,6,11,0,14,25,4,11
4,1,7.0,32,6,16,1,12,56,4,11
4,1,7.0,32,6,3,0,10,47,2,11
4,1,7.0,32,6,12,0,10,47,3,11
4,1,7.0,32,6,8,2,10,22,3,11
4,1,12.0,353,4,15,2,2,2,0,28
4,1,12.0,353,4,13,1,6,116,4,28
4,1,13.0,207,5,7,1,5,6,0,25
4,4,11.0,121,0,4,1,6,7,0,9
4,0,20.0,172,0,4,1,1,105,4,29
4,0,21.0,287,1,17,1,0,15,0,21
4,0,21.0,287,1,5,1,5,64,4,21
4,0,20.0,172,0,9,0,1,35,4,29
4,0,20.0,172,0,14,1,14,25,0,29
4,0,21.0,287,1,7,1,10,47,0,21
4,0,21.0,287,1,1,0,5,6,1,21
4,0,28.0,249,1,3,2,2,86,3,18
4,0,28.0,249,1,9,0,6,7,4,18
4,0,28.0,249,1,18,1,12,104,4,18
4,1,6.0,97,5,8,2,2,2,3,23
4,1,10.0,17,1,19,1,5,6,0,4
4,1,6.0,97,5,1,1,2,2,1,23
4,4,20.0,115,2,15,1,5,12,1,29
4,1,6.0,97,5,6,0,6,89,0,23
4,1,7.0,32,6,17,2,14,34,3,11
4,1,7.0,32,6,16,0,10,23,1,11
4,1,7.0,32,6,15,0,0,12,0,11
4,4,20.0,115,2,22,1,10,23,1,29
4,1,7.0,32,6,11,0,2,40,2,11
4,2,2.0,143,1,17,0,8,65,1,22
4,1,7.0,32,6,13,0,6,132,3,11
4,1,6.0,97,5,14,2,14,131,3,23
5,0,10.0,129,4,14,1,16,37,0,4
4,1,22.0,164,3,5,0,2,2,3,26
5,11,24.0,194,6,15,0,1,35,4,14
4,1,8.0,62,3,8,3,9,57,3,8
4,1,22.0,164,3,22,2,10,47,3,26
4,4,3.0,279,3,19,1,6,7,2,27
4,1,22.0,164,3,14,1,2,86,2,26
4,1,13.0,207,5,11,1,8,9,1,25
0,5,1.0,109,0,17,0,8,41,1,7
4,8,6.0,87,0,14,0,7,8,1,23
4,2,10.0,28,2,4,1,1,59,4,4
4,8,15.0,72,2,16,0,5,6,3,1
4,0,9.0,48,4,17,1,0,12,1,12
4,8,15.0,72,2,11,0,5,6,1,1
5,0,25.0,281,5,12,0,10,23,0,13
4,8,15.0,72,2,15,1,16,50,1,1
5,0,25.0,281,5,3,0,11,124,2,13
4,0,13.0,198,0,3,1,14,88,4,25
5,0,18.0,0,5,4,1,13,21,1,0
4,4,8.0,292,5,12,0,12,58,3,8
4,9,8.0,90,0,15,0,13,69,2,8
5,8,1.0,66,1,17,0,13,48,1,7
4,7,16.0,40,1,0,1,10,43,2,2
4,10,11.0,298,3,12,0,11,90,4,9
4,1,10.0,17,1,15,1,15,51,1,4
4,8,21.0,46,1,21,0,9,63,1,21
4,8,21.0,46,1,17,0,0,12,1,21
4,8,21.0,46,1,21,1,10,47,0,21
4,8,21.0,46,1,20,0,10,22,3,21
4,8,21.0,46,1,20,1,2,40,1,21
4,8,21.0,46,1,11,1,11,15,1,21
4,8,21.0,46,1,20,1,9,27,0,21
4,8,21.0,46,1,2,0,10,52,1,21
4,8,21.0,46,1,4,0,8,19,3,21
4,8,24.0,85,5,21,0,5,6,3,14
4,8,24.0,85,5,1,0,9,49,1,14
4,8,24.0,85,5,1,0,2,92,0,14
4,4,5.0,235,1,0,2,16,50,3,24
4,4,5.0,235,1,11,1,16,113,4,24
4,4,5.0,235,1,8,0,14,107,1,24
4,1,6.0,97,5,8,0,16,37,0,23
4,1,6.0,97,5,0,0,1,59,1,23
4,1,7.0,32,6,6,0,5,12,0,11
4,1,7.0,32,6,7,1,14,25,0,11
4,1,7.0,32,6,3,0,9,93,3,11
4,1,7.0,32,6,19,0,9,57,0,11
4,1,7.0,32,6,4,0,3,79,0,11
4,1,7.0,32,6,18,0,4,75,1,11
4,1,6.0,97,5,14,0,6,91,0,23
4,1,12.0,353,4,16,2,8,41,3,28
4,1,12.0,353,4,7,1,0,53,0,28
4,1,6.0,97,5,19,3,11,15,3,23
4,1,12.0,353,4,18,1,8,9,0,28
4,1,12.0,353,4,17,0,12,100,4,28
4,1,13.0,207,5,12,0,11,117,1,25
4,1,13.0,207,5,2,0,5,6,3,25
4,1,22.0,164,3,0,1,12,121,0,26
4,8,6.0,87,0,13,0,5,6,3,23
4,8,6.0,87,0,8,2,5,6,0,23
4,8,6.0,87,0,1,1,11,18,1,23
4,8,15.0,72,2,21,1,3,44,0,1
4,8,15.0,72,2,22,0,8,9,1,1
4,8,15.0,72,2,9,0,16,37,3,1
4,8,16.0,73,4,17,2,10,22,3,2
4,8,16.0,73,4,11,1,3,79,4,2
4,0,16.0,11,4,16,1,11,133,1,2
4,0,16.0,11,4,6,1,15,112,0,2
4,0,17.0,12,5,17,0,9,83,1,6
4,0,16.0,11,4,19,1,3,79,1,2
4,4,13.0,221,2,14,1,10,47,0,25
5,0,13.0,198,3,8,0,6,7,3,25
5,0,19.0,13,6,12,0,10,22,3,10
5,0,19.0,13,6,11,1,11,122,4,10
5,0,30.0,228,2,18,0,5,6,0,19
5,2,22.0,209,3,1,0,1,67,4,26
4,9,22.0,92,0,3,0,5,12,2,26
4,7,5.0,204,5,12,3,6,7,0,24
4,7,20.0,266,6,13,1,11,90,4,29
4,7,28.0,34,3,20,3,5,6,0,18
4,9,28.0,315,3,17,1,13,21,4,18
3,2,1.0,16,6,17,0,8,33,1,7
4,5,3.0,161,0,8,0,3,30,3,27
4,5,31.0,196,0,3,0,4,45,2,20
4,10,12.0,333,0,12,2,10,22,3,28
4,10,22.0,314,4,10,1,0,77,1,26
4,10,21.0,341,2,20,1,1,59,4,21
4,8,23.0,102,4,3,0,5,6,1,17
4,8,23.0,102,4,17,1,16,39,2,17
4,8,23.0,102,4,9,1,14,25,0,17
4,8,15.0,72,2,12,0,3,70,1,1
4,8,15.0,72,2,8,3,8,118,0,1
4,8,15.0,72,2,2,2,1,11,3,1
4,8,15.0,72,2,12,0,16,108,0,1
4,8,15.0,72,2,19,0,16,37,3,1
4,8,16.0,73,4,15,2,5,6,0,2
4,8,15.0,72,2,9,0,3,30,1,1
4,8,16.0,73,4,8,1,12,104,1,2
4,8,15.0,72,2,19,0,8,9,1,1
4,8,16.0,73,4,19,0,7,57,3,2
4,8,16.0,73,4,9,0,0,12,1,2
4,8,21.0,46,1,15,0,10,47,1,21
4,8,21.0,46,1,5,0,0,64,1,21
4,8,21.0,46,1,3,0,16,113,2,21
4,8,24.0,85,5,19,0,4,82,1,14
4,5,14.0,36,5,5,0,3,76,1,5
4,5,14.0,36,5,10,1,8,65,1,5
4,5,15.0,200,6,6,2,6,128,3,1
4,5,15.0,200,6,16,0,3,44,1,1
4,5,15.0,200,6,21,1,6,91,0,1
4,5,15.0,200,6,22,0,0,85,1,1
5,10,27.0,302,0,11,0,2,40,2,15
5,1,1.0,203,6,7,0,2,13,1,7
5,5,25.0,350,0,22,0,12,135,2,13
5,1,1.0,203,6,1,0,3,30,3,7
5,1,5.0,219,2,16,0,8,27,3,24
5,5,25.0,350,0,4,0,7,62,3,13
5,1,5.0,219,2,23,1,16,108,0,24
5,6,15.0,49,0,8,1,0,15,1,1
5,4,25.0,20,3,17,0,6,91,1,13
5,1,5.0,219,2,13,0,13,69,4,24
4,0,26.0,14,3,18,2,5,12,3,3
4,0,26.0,14,3,9,0,0,77,2,3
4,0,27.0,23,0,9,0,11,15,3,15
5,7,24.0,68,1,23,0,12,84,1,14
5,6,24.0,31,2,1,0,7,20,3,14
5,4,24.0,27,6,5,1,16,42,4,14
5,4,26.0,80,0,14,2,9,93,0,3
5,2,1.0,16,3,17,2,10,22,3,7
5,0,18.0,0,5,8,1,1,16,4,0
5,10,5.0,336,3,11,0,13,38,4,24
5,10,5.0,336,3,4,0,7,111,2,24
5,10,30.0,157,4,8,0,8,9,3,19
5,8,1.0,66,1,15,2,0,12,1,7
5,4,24.0,27,6,17,0,1,105,4,14
5,1,5.0,219,2,12,0,9,134,4,24
5,1,21.0,45,5,18,0,15,114,4,21
5,7,1.0,98,3,13,0,0,85,0,7
5,1,5.0,219,2,16,0,0,53,0,24
5,1,5.0,219,2,14,0,0,77,2,24
5,1,27.0,262,4,6,2,2,13,0,15
4,2,23.0,230,1,14,0,6,132,1,17
4,4,24.0,27,3,12,0,8,118,4,14
5,10,20.0,223,0,2,0,16,74,1,29
5,10,20.0,223,0,12,1,4,4,1,29
5,10,27.0,302,0,17,2,0,64,3,15
5,10,27.0,302,0,11,1,0,77,1,15
5,1,1.0,203,6,15,0,15,108,3,7
5,1,1.0,203,6,12,0,7,62,1,7
5,1,1.0,203,6,19,2,6,128,3,7
5,1,5.0,219,2,0,0,5,12,3,24
5,1,5.0,219,2,7,0,0,64,3,24
5,1,5.0,219,2,13,0,10,6,3,24
5,1,5.0,219,2,11,0,16,72,0,24
3,0,15.0,190,0,20,1,7,122,1,1
5,8,7.0,70,0,2,1,2,40,4,11
5,8,7.0,70,0,12,0,11,94,0,11
5,8,8.0,76,1,0,0,1,59,3,8
5,8,9.0,124,2,6,1,11,15,1,12
5,8,8.0,76,1,12,0,10,12,1,8
3,0,31.0,290,2,18,0,0,77,1,20
5,8,14.0,296,0,3,1,2,92,4,5
5,4,15.0,132,4,3,0,5,64,3,1
5,4,15.0,132,4,12,1,12,61,1,1
5,4,24.0,27,6,17,1,16,130,0,14
5,4,24.0,27,6,19,2,1,35,0,14
5,4,26.0,80,0,4,1,12,83,4,3
5,2,1.0,16,3,17,0,10,47,1,7
5,2,1.0,16,3,7,0,5,12,0,7
5,2,1.0,16,3,12,1,11,18,1,7
5,2,9.0,21,0,16,1,9,109,4,12
5,2,9.0,21,0,22,0,9,27,2,12
5,2,9.0,21,0,4,0,11,94,0,12
4,4,20.0,115,2,22,0,15,96,0,29
4,4,25.0,20,0,16,0,8,9,3,13
4,4,25.0,20,0,20,0,16,72,3,13
4,3,27.0,361,1,16,0,2,92,0,15
4,3,27.0,361,1,9,0,4,138,3,15
4,5,9.0,206,3,18,2,6,126,3,12
4,4,19.0,142,1,12,0,2,13,0,10
4,4,19.0,142,1,2,0,10,12,1,10
4,4,19.0,142,1,4,0,10,22,3,10
4,8,3.0,363,5,8,0,2,69,2,27
4,4,26.0,80,1,12,2,16,37,3,3
4,4,26.0,80,1,12,1,12,56,4,3
4,4,27.0,274,2,6,0,4,75,0,15
4,4,27.0,274,2,6,2,6,7,3,15
4,2,1.0,16,0,12,0,2,2,3,7
4,2,3.0,282,2,17,0,11,55,4,27
4,2,3.0,282,2,8,2,14,32,3,27
4,2,3.0,282,2,8,0,2,69,2,27
4,2,12.0,128,5,6,1,5,6,0,28
4,2,19.0,137,5,21,1,0,31,0,10
4,2,19.0,137,5,10,1,3,79,1,10
4,2,12.0,128,5,8,0,11,90,1,28
4,0,3.0,334,5,14,0,13,99,4,27
5,0,18.0,0,5,17,0,6,7,4,0
4,11,31.0,227,3,23,1,5,64,0,20
5,6,22.0,185,0,15,0,0,53,1,26
5,6,22.0,185,0,8,0,1,105,0,26
5,6,24.0,31,2,16,0,14,24,1,14
5,4,25.0,20,3,0,3,15,31,3,13
5,6,24.0,31,2,6,1,0,77,0,14
5,6,22.0,185,0,22,3,5,12,3,26
5,4,25.0,20,3,13,2,4,66,2,13
5,10,5.0,336,3,2,0,10,47,2,24
5,4,25.0,20,3,22,1,9,49,4,13
5,8,7.0,70,0,16,0,4,45,3,11
5,4,25.0,20,3,10,1,1,1,4,13
5,8,8.0,76,1,0,0,9,57,3,8
5,2,6.0,251,5,9,2,15,46,3,23
5,8,8.0,76,1,2,0,8,9,1,8
5,2,7.0,153,6,21,1,9,10,1,11
5,8,8.0,76,1,19,2,5,6,0,8
5,2,8.0,258,3,23,1,1,59,4,8
5,2,8.0,258,3,19,2,8,9,3,8
5,2,10.0,28,1,12,0,11,90,0,4
5,2,10.0,28,1,4,1,9,134,1,4
5,2,16.0,220,0,19,0,9,57,0,2
5,2,24.0,22,1,16,1,15,51,0,14
5,2,24.0,22,1,19,0,5,64,2,14
5,2,25.0,233,2,0,0,7,57,3,13
5,2,25.0,233,2,5,0,10,22,3,13
5,2,18.0,7,2,18,2,8,27,3,0
5,2,25.0,233,2,19,1,7,122,4,13
4,11,9.0,311,6,10,1,7,20,0,12
4,11,9.0,311,6,4,0,4,138,0,12
5,9,23.0,167,0,18,0,7,120,1,17
4,11,24.0,194,3,21,1,3,79,0,14
4,9,7.0,271,3,1,0,7,111,0,11
4,9,18.0,359,4,8,0,6,7,3,0
4,9,18.0,359,4,14,0,16,50,1,0
4,9,23.0,167,1,22,0,0,53,4,17
4,9,23.0,167,1,8,3,5,12,0,17
4,9,25.0,344,4,3,0,0,26,3,13
4,7,1.0,98,0,12,0,8,41,0,7
4,7,8.0,94,0,13,0,4,121,3,8
4,7,8.0,94,0,1,0,9,49,3,8
4,7,8.0,94,0,9,2,6,116,3,8
4,7,26.0,316,5,23,1,5,64,0,3
4,7,26.0,316,5,11,0,7,78,1,3
4,3,1.0,180,4,9,0,5,6,3,7
4,3,1.0,180,4,4,0,3,30,1,7
5,10,11.0,298,6,6,2,12,100,3,9
5,10,11.0,298,6,16,1,2,92,0,9
5,10,11.0,298,6,12,1,11,94,0,9
5,10,12.0,333,3,17,0,11,18,1,28
5,10,11.0,298,6,19,0,0,31,0,9
5,10,11.0,298,6,14,0,12,104,1,9
5,10,12.0,333,3,12,0,2,86,1,28
5,10,12.0,333,3,9,0,6,14,4,28
5,10,12.0,333,3,20,0,5,12,0,28
5,6,27.0,116,6,12,0,7,122,0,15
5,10,20.0,223,0,21,1,4,4,0,29
5,10,20.0,223,0,2,1,14,25,4,29
5,10,20.0,223,0,19,0,10,47,1,29
5,10,20.0,223,0,18,2,10,22,1,29
5,10,27.0,302,0,14,0,1,1,3,15
5,10,27.0,302,0,9,0,6,128,1,15
5,10,27.0,302,0,18,2,9,102,3,15
5,1,1.0,203,6,17,0,16,74,1,7
5,10,1.0,208,2,17,0,4,82,1,7
5,1,1.0,203,6,17,0,9,10,3,7
4,8,16.0,73,4,18,0,14,34,3,2
4,3,7.0,289,2,7,0,8,41,4,11
4,3,9.0,44,5,13,0,10,43,1,12
4,11,1.0,222,5,1,0,5,12,1,7
4,3,9.0,44,5,9,2,7,78,3,12
5,4,23.0,30,5,15,1,2,2,4,17
5,4,25.0,20,3,16,0,5,12,0,13
5,4,25.0,20,3,4,2,2,40,0,13
5,2,10.0,28,1,6,3,9,134,4,4
5,2,26.0,3,4,17,1,0,0,0,3
2,2,28.0,140,4,12,0,15,108,1,18
4,7,1.0,98,0,4,2,13,38,0,7
4,7,1.0,98,0,19,2,2,69,2,7
4,7,1.0,98,0,22,1,4,45,1,7
4,3,1.0,180,4,13,0,11,15,0,7
4,3,1.0,180,4,22,1,1,105,1,7
4,3,1.0,180,4,19,0,0,77,3,7
4,3,7.0,289,2,6,0,3,79,1,11
4,3,7.0,289,2,3,0,3,115,4,11
4,3,7.0,289,2,4,1,9,83,4,11
4,3,7.0,289,2,18,1,7,137,0,11
4,3,9.0,44,5,3,0,2,2,1,12
4,3,17.0,54,6,3,3,1,16,4,6
4,8,16.0,73,4,14,0,2,86,3,2
5,1,1.0,203,6,17,0,10,43,1,7
5,10,11.0,298,6,18,0,10,12,0,9
5,10,12.0,333,3,16,0,3,79,3,28
5,10,12.0,333,3,0,1,14,107,0,28
5,10,12.0,333,3,16,0,16,50,1,28
5,10,12.0,333,3,20,0,14,24,2,28
5,10,20.0,223,0,6,0,3,30,3,29
5,10,20.0,223,0,23,1,13,38,0,29
5,10,20.0,223,0,23,1,12,61,1,29
5,8,9.0,124,2,22,0,12,80,1,12
5,2,24.0,22,1,15,1,7,57,4,14
5,2,24.0,22,1,13,1,16,108,4,14
5,2,25.0,233,2,21,1,0,64,0,13
4,11,1.0,222,5,17,0,1,11,1,7
5,2,26.0,3,4,13,0,5,6,2,3
5,0,1.0,8,1,13,0,11,133,0,7
5,2,25.0,233,2,13,3,8,9,4,13
4,10,8.0,213,4,16,0,10,47,3,8
5,2,25.0,233,2,3,1,10,22,1,13
4,10,8.0,213,4,13,1,12,83,1,8
5,0,17.0,12,4,12,1,1,59,4,6
5,0,1.0,8,1,8,0,13,38,3,7
4,10,8.0,213,4,12,0,0,85,0,8
5,5,5.0,96,1,22,1,3,115,4,24
4,10,8.0,213,4,15,1,15,31,4,8
4,10,9.0,150,5,19,0,16,139,4,12
4,10,10.0,245,6,5,0,4,82,1,4
4,11,9.0,311,6,4,0,10,47,0,12
4,11,24.0,194,3,3,1,10,23,1,14
4,9,1.0,126,0,16,0,6,7,0,7
4,9,1.0,126,0,7,1,5,64,0,7
4,9,1.0,126,0,22,0,5,64,2,7
4,9,1.0,126,0,14,1,3,30,1,7
4,9,6.0,51,6,18,2,5,6,3,23
4,9,7.0,271,3,15,0,2,2,2,11
4,9,6.0,51,6,22,0,6,89,2,23
5,8,15.0,72,1,3,3,14,25,0,1
5,8,15.0,72,1,9,0,4,121,1,1
5,8,15.0,72,1,1,2,9,101,3,1
5,4,15.0,132,4,20,0,0,12,2,1
5,4,15.0,132,4,20,0,9,109,2,1
5,4,24.0,27,6,15,0,0,12,2,14
5,4,24.0,27,6,22,0,12,80,2,14
5,4,15.0,132,4,17,1,12,58,4,1
5,4,26.0,80,0,2,0,2,69,2,3
4,0,12.0,113,3,19,0,11,133,2,28
5,4,26.0,80,0,18,2,12,100,0,3
5,2,1.0,16,3,21,0,0,12,3,7
5,2,9.0,21,0,2,0,7,120,3,12
5,0,18.0,0,5,6,0,1,11,4,0
5,0,18.0,0,5,23,0,10,47,3,0
5,0,25.0,281,5,1,0,4,4,1,13
5,0,26.0,14,6,12,0,7,111,0,3
4,11,7.0,253,4,21,0,10,23,1,11
4,11,15.0,331,5,21,1,7,111,0,1
4,11,16.0,225,6,15,0,13,48,2,2
5,10,27.0,302,0,23,2,15,39,3,15
5,10,20.0,223,0,3,0,15,31,0,29
5,1,1.0,203,6,4,2,4,79,0,7
5,1,1.0,203,6,18,0,13,28,1,7
4,2,18.0,7,4,18,1,14,32,0,0
5,1,1.0,203,6,1,0,13,21,3,7
5,1,5.0,219,2,6,0,4,79,3,24
5,1,5.0,219,2,5,0,13,123,3,24
4,6,27.0,116,3,2,0,3,115,1,15
4,2,19.0,137,5,11,0,5,12,2,10
5,1,5.0,219,2,3,0,1,59,1,24
5,1,5.0,219,2,16,1,14,126,4,24
5,1,21.0,45,5,16,0,0,31,3,21
5,1,21.0,45,5,13,0,10,133,3,21
5,1,21.0,45,5,23,1,0,26,4,21
5,1,21.0,45,5,19,0,14,24,2,21
5,1,27.0,262,4,20,2,5,12,3,15
4,1,6.0,97,5,0,1,11,133,1,23
4,8,6.0,87,0,8,0,11,18,1,23
4,8,6.0,87,0,20,1,10,23,1,23
4,8,6.0,87,0,6,1,5,6,0,23
4,8,6.0,87,0,17,0,6,7,3,23
5,6,12.0,162,5,23,0,11,117,1,28
5,6,12.0,162,5,9,0,14,25,3,28
5,6,12.0,162,5,4,0,2,86,1,28
4,11,16.0,225,6,9,0,13,38,2,2
5,0,27.0,23,3,13,0,5,12,0,15
4,9,17.0,255,2,0,0,15,31,1,6
4,9,17.0,255,2,14,0,0,68,4,6
4,9,26.0,267,5,9,1,6,7,4,3
4,2,2.0,143,1,0,1,15,51,0,22
4,4,10.0,79,3,12,3,5,6,0,4
4,4,25.0,20,0,2,0,16,74,2,13
4,2,2.0,143,1,16,0,16,50,0,22
5,10,27.0,302,0,13,0,0,96,3,15
4,8,14.0,296,1,19,0,15,46,2,5
5,10,27.0,302,0,22,0,5,6,3,15
4,8,30.0,103,4,5,3,5,64,3,19
5,1,23.0,69,3,22,0,13,99,1,17
4,10,1.0,208,4,0,0,0,12,3,7
5,8,26.0,278,6,2,0,13,21,1,3
4,8,30.0,103,4,1,0,11,133,2,19
5,10,27.0,302,0,1,0,1,105,0,15
4,10,1.0,208,4,23,0,0,64,2,7
5,4,7.0,133,2,4,1,10,12,0,11
5,10,14.0,174,1,9,3,0,0,4,5
5,0,16.0,11,2,18,1,3,76,4,2
5,10,30.0,157,4,11,3,4,5,4,19
5,4,6.0,176,1,17,0,13,13,3,23
5,4,16.0,25,5,18,0,3,115,1,2
4,0,11.0,10,6,9,0,16,74,1,9
5,10,27.0,302,0,14,1,13,38,0,15
5,4,9.0,18,5,9,0,13,36,3,12
5,5,1.0,109,5,13,0,12,17,1,7
5,4,18.0,26,3,0,2,10,47,3,0
4,10,8.0,213,4,7,0,2,35,2,8
4,10,9.0,150,5,14,1,6,14,2,12
5,10,14.0,174,1,18,1,2,86,0,5
5,10,27.0,302,0,9,1,9,93,4,15
5,4,9.0,18,5,18,0,8,19,1,12
4,4,16.0,25,6,17,3,1,67,0,2
5,10,27.0,302,0,5,1,11,133,4,15
4,3,1.0,180,4,17,0,6,89,1,7
4,9,23.0,167,1,11,0,2,92,2,17
4,4,31.0,67,3,5,0,8,118,1,20
4,10,8.0,213,4,14,0,16,37,1,8
5,6,20.0,215,6,13,3,15,51,0,29
5,10,27.0,302,0,6,1,0,12,0,15
4,10,17.0,256,6,0,1,13,48,0,6
4,9,25.0,344,4,5,0,0,12,1,13
5,4,6.0,176,1,14,0,6,7,0,23
5,4,17.0,19,6,18,1,11,15,1,6
4,10,17.0,256,6,16,0,1,11,4,6
4,9,25.0,344,4,11,0,13,21,3,13
4,10,17.0,256,6,9,0,16,108,3,6
5,1,1.0,203,6,8,1,7,129,1,7
5,4,18.0,26,3,22,0,7,20,1,0
4,0,10.0,129,5,2,1,4,127,0,4
4,10,17.0,256,6,8,0,13,21,0,6
4,7,1.0,98,0,3,0,5,12,3,7
4,1,13.0,207,5,11,0,14,107,3,25
4,10,19.0,117,0,14,0,4,4,0,10
5,10,19.0,117,3,3,1,15,114,1,10
5,4,23.0,30,5,4,0,3,30,2,17
4,10,17.0,256,6,1,2,13,48,2,6
5,10,18.0,246,6,3,0,2,86,1,0
4,10,19.0,117,0,14,0,1,35,4,10
5,4,25.0,20,3,6,0,13,29,2,13
4,0,16.0,11,4,11,1,3,79,1,2
4,7,1.0,98,0,14,2,6,7,0,7
4,2,5.0,127,5,17,3,9,10,4,24
4,10,19.0,117,0,14,2,6,128,3,10
4,10,7.0,243,2,5,1,14,24,1,11
4,10,19.0,117,0,23,0,13,123,1,10
5,9,2.0,323,0,12,0,13,99,1,22
4,7,24.0,68,2,12,0,0,77,3,14
5,5,1.0,109,5,13,1,11,133,1,7
5,1,29.0,112,6,19,2,13,48,4,16
5,5,1.0,109,5,17,0,0,15,2,7
5,8,28.0,224,0,19,3,5,12,0,18
1,11,1.0,222,6,13,0,4,4,1,7
5,9,17.0,255,1,17,1,0,77,1,6
5,3,5.0,324,3,19,0,2,86,3,24
5,3,5.0,324,3,12,1,15,96,2,24
5,3,5.0,324,3,4,0,11,117,1,24
5,5,8.0,199,5,9,2,1,105,0,8
5,5,8.0,199,5,17,3,6,7,2,8
5,5,15.0,200,5,5,0,8,33,3,1
5,5,16.0,239,6,10,0,5,6,2,2
5,5,16.0,239,6,21,1,0,12,0,2
5,5,16.0,239,6,23,1,14,107,4,2
5,5,31.0,196,3,14,0,6,7,0,20
5,6,6.0,83,6,1,0,3,30,4,23
5,6,7.0,169,3,6,1,15,39,2,11
5,6,7.0,169,3,19,0,7,20,3,11
5,6,7.0,169,3,22,0,5,64,3,11
5,6,16.0,38,1,6,0,14,24,1,2
5,10,7.0,243,1,11,0,9,95,2,11
5,10,7.0,243,1,17,1,15,85,1,11
5,10,7.0,243,1,12,0,2,86,1,11
5,10,9.0,150,4,16,0,8,118,1,12
5,10,15.0,60,2,13,0,8,33,3,1
5,10,15.0,60,2,12,0,16,74,2,1
5,10,15.0,60,2,14,0,0,12,0,1
5,10,22.0,314,2,15,1,13,48,4,26
4,9,28.0,315,3,13,0,8,41,2,18
4,3,14.0,33,2,2,1,9,87,2,5
4,7,20.0,266,6,18,1,8,41,4,29
4,5,31.0,196,0,9,1,13,69,0,20
5,3,28.0,187,1,8,1,3,70,0,18
5,9,1.0,126,3,13,1,8,33,0,7
4,6,21.0,193,0,13,0,3,30,2,21
4,10,29.0,318,4,16,1,0,12,2,16
4,6,30.0,145,2,1,0,1,11,4,19
4,6,28.0,309,0,2,0,2,40,1,18
4,10,22.0,314,4,11,0,1,59,2,26
4,8,23.0,102,4,7,0,11,58,2,17
5,6,19.0,291,5,19,0,2,40,3,10
5,6,26.0,348,5,1,0,13,69,3,3
5,10,26.0,61,3,1,3,10,22,0,3
4,4,8.0,292,5,20,0,10,23,2,8
4,2,15.0,130,0,3,1,8,118,1,1
5,1,4.0,286,1,22,0,8,118,2,30
4,2,14.0,231,3,9,2,2,69,0,5
5,3,29.0,325,2,21,0,8,118,3,16
5,3,27.0,361,0,4,1,11,18,0,15
5,3,29.0,325,2,17,1,6,7,0,16
4,6,30.0,145,2,9,1,15,31,1,19
3,10,1.0,208,1,17,0,1,35,4,7
4,10,4.0,356,3,2,1,10,22,1,30
4,2,28.0,257,3,8,0,15,31,2,18
4,2,29.0,140,0,6,1,13,28,0,16
4,2,29.0,140,0,8,0,9,49,2,16
4,2,29.0,140,0,13,0,0,31,1,16
4,0,9.0,48,4,1,0,11,15,1,12
4,0,11.0,10,6,20,0,1,59,4,9
4,0,11.0,10,6,4,0,10,12,3,9
4,0,19.0,13,3,20,0,5,12,2,10
4,0,19.0,13,3,17,0,10,47,0,10
4,0,26.0,14,3,3,1,15,51,0,3
4,0,26.0,14,3,1,0,13,36,4,3
4,0,26.0,14,3,18,0,2,40,1,3
4,0,26.0,14,3,18,1,16,74,0,3
4,0,27.0,23,0,22,0,10,22,3,15
4,0,27.0,23,0,9,2,8,33,3,15
5,1,6.0,97,4,23,0,0,85,3,23
5,1,6.0,97,4,18,1,3,70,2,23
5,1,7.0,32,5,18,0,8,19,0,11
5,1,9.0,50,3,18,0,6,128,1,12
5,1,24.0,64,0,14,0,8,27,3,14
5,1,26.0,248,2,3,0,8,118,1,3
5,1,31.0,305,0,21,1,6,7,0,20
5,8,16.0,73,2,14,0,10,30,0,2
5,1,31.0,305,0,13,0,10,22,3,20
5,8,16.0,73,2,9,0,5,6,0,2
5,8,26.0,278,6,10,1,13,38,0,3
5,4,16.0,25,5,5,0,3,30,0,2
4,10,24.0,261,6,16,1,3,30,0,14
4,10,7.0,243,2,4,2,0,64,2,11
4,10,24.0,261,6,21,1,1,67,0,14
5,3,20.0,105,0,19,1,12,56,0,29
4,10,24.0,261,6,2,3,8,9,3,14
4,10,24.0,261,6,3,1,1,1,4,14
5,6,16.0,38,1,18,0,10,30,3,2
4,3,15.0,35,4,3,1,6,89,1,1
5,4,15.0,132,4,17,3,14,131,1,1
4,9,17.0,255,2,7,2,7,20,3,6
4,9,26.0,267,5,12,2,2,92,2,3
4,7,2.0,160,1,23,0,0,0,1,22
4,7,2.0,160,1,21,0,10,47,0,22
4,7,25.0,41,4,19,0,2,71,3,13
4,7,25.0,41,4,2,2,11,124,3,13
4,7,25.0,41,4,9,0,2,69,1,13
4,3,16.0,263,5,21,1,3,103,0,2
4,3,24.0,357,6,8,0,4,138,2,14
4,3,26.0,343,0,17,0,4,82,1,3
4,3,26.0,343,0,15,0,5,64,3,3
4,3,26.0,343,0,18,0,15,108,1,3
4,5,2.0,307,3,3,0,3,76,3,22
4,5,2.0,307,3,1,0,9,54,1,22
4,5,2.0,307,3,4,2,14,107,3,22
4,5,17.0,212,0,15,0,8,41,2,6
4,5,17.0,212,0,12,0,13,29,4,6
4,5,17.0,212,0,2,0,16,74,0,6
4,3,15.0,35,4,1,1,8,41,1,1
4,3,15.0,35,4,2,0,4,82,3,1
4,3,27.0,361,1,17,0,1,35,0,15
4,5,1.0,109,6,11,0,10,22,1,7
4,5,1.0,109,6,8,1,11,18,1,7
4,5,1.0,109,6,8,0,13,21,3,7
4,5,1.0,109,6,23,3,11,94,0,7
4,5,9.0,206,3,6,0,4,82,3,12
4,5,9.0,206,3,12,0,12,61,4,12
4,5,9.0,206,3,4,2,2,2,0,12
4,5,9.0,206,3,9,0,10,47,3,12
4,5,25.0,350,1,4,0,9,63,1,13
4,5,25.0,350,1,1,0,9,109,3,13
4,5,27.0,328,4,7,0,0,77,1,15
4,5,27.0,328,4,9,2,10,22,3,15
4,6,9.0,236,2,17,0,5,6,3,12
4,6,9.0,236,2,2,0,10,22,1,12
4,6,18.0,308,5,15,0,9,93,3,0
4,11,24.0,194,3,13,0,8,9,2,14
4,6,18.0,308,5,18,0,10,47,2,0
4,5,24.0,58,0,7,0,3,30,1,14
4,5,24.0,58,0,8,2,16,113,0,14
4,6,2.0,352,2,23,2,0,53,0,22
4,6,2.0,352,2,9,0,0,31,4,22
4,6,10.0,149,4,1,0,6,89,0,4
4,6,11.0,355,5,20,0,13,29,1,9
4,6,16.0,38,2,16,1,1,11,0,2
4,6,16.0,38,2,22,0,8,41,3,2
4,6,16.0,38,2,19,0,10,47,3,2
4,6,17.0,244,4,0,0,0,15,0,6
4,6,17.0,244,4,18,0,16,42,1,6
4,4,10.0,79,3,19,0,12,61,1,4
4,6,17.0,244,4,4,0,7,57,4,6
4,6,26.0,348,6,17,0,15,31,4,3
4,6,25.0,39,5,22,0,9,54,1,13
4,6,26.0,348,6,9,0,0,64,0,3
4,10,2.0,358,5,10,0,2,92,0,22
4,10,2.0,358,5,20,0,10,47,3,22
4,10,2.0,358,5,12,0,0,77,1,22
4,10,11.0,298,3,12,0,3,30,0,9
4,10,16.0,201,5,17,1,0,77,0,2
4,10,16.0,201,5,15,1,2,2,1,2
4,10,25.0,56,3,13,0,2,123,0,13
4,6,19.0,291,6,2,0,8,41,3,10
4,6,19.0,291,6,18,2,13,36,3,10
4,6,27.0,116,3,13,0,10,22,2,15
4,2,20.0,264,6,2,0,16,37,1,29
4,3,1.0,180,4,20,0,14,131,4,7
4,2,20.0,264,6,8,0,14,107,3,29
4,10,24.0,261,6,12,0,0,68,0,14
5,6,16.0,38,1,9,0,0,77,3,2
4,0,4.0,229,6,7,1,7,57,0,30
5,10,2.0,358,4,14,0,12,104,4,22
4,1,30.0,100,0,4,2,16,74,0,19
4,1,30.0,100,0,7,0,10,47,2,19
4,0,4.0,229,6,0,1,6,91,0,30
2,6,1.0,352,6,17,0,11,18,1,7
4,10,10.0,245,6,17,1,7,111,2,4
5,1,30.0,100,3,14,0,6,7,0,19
5,1,5.0,219,2,2,0,0,64,3,24
4,0,4.0,229,6,2,0,1,16,0,30
5,2,16.0,220,0,14,1,10,47,1,2
4,10,27.0,302,1,12,2,8,41,3,15
4,0,4.0,229,6,4,0,7,129,2,30
4,11,9.0,311,6,13,3,10,22,3,12
5,1,5.0,219,2,8,0,8,118,3,24
4,0,4.0,229,6,4,0,14,32,4,30
4,11,24.0,194,3,15,0,9,109,2,14
4,3,7.0,289,2,7,1,5,64,0,11
4,3,9.0,44,5,22,1,1,105,4,12
4,3,10.0,4,6,11,1,5,12,0,4
4,3,15.0,35,4,10,0,13,99,1,1
4,3,15.0,35,4,21,1,10,23,0,1
4,3,17.0,54,6,10,1,2,69,4,6
4,5,9.0,206,3,3,1,14,88,4,12
5,8,16.0,73,2,2,1,4,4,1,2
5,8,24.0,85,4,15,0,4,66,2,14
5,8,26.0,278,6,3,1,9,134,4,3
5,6,21.0,193,3,9,0,3,30,4,21
5,6,21.0,193,3,18,2,0,68,0,21
5,6,21.0,193,3,18,0,2,60,2,21
5,5,18.0,195,0,17,0,2,40,2,0
5,6,27.0,116,6,9,0,16,37,1,15
5,10,1.0,208,2,16,0,1,16,2,7
5,10,1.0,208,2,2,0,13,29,4,7
5,10,1.0,208,2,9,0,3,76,1,7
5,10,1.0,208,2,1,0,4,75,1,7
5,10,2.0,358,4,6,0,0,12,3,22
5,10,2.0,358,4,11,0,2,60,1,22
5,10,2.0,358,4,3,3,3,79,4,22
5,10,2.0,358,4,14,0,6,89,1,22
5,10,2.0,358,4,20,0,14,24,2,22
5,10,2.0,358,4,15,0,14,24,2,22
4,8,16.0,73,4,18,0,10,47,0,2
4,8,6.0,87,0,13,0,11,15,2,23
4,1,12.0,353,4,1,1,0,68,4,28
5,1,17.0,63,0,19,3,13,38,3,6
4,0,4.0,229,6,8,0,13,48,2,30
4,0,4.0,229,6,23,1,14,106,4,30
4,0,10.0,129,5,17,0,0,15,1,4
4,0,10.0,129,5,13,0,6,116,2,4
4,0,12.0,113,3,11,0,0,64,2,28
4,0,12.0,113,3,8,1,9,83,4,28
4,0,12.0,113,3,19,0,16,37,3,28
4,0,12.0,113,3,19,0,2,40,4,28
4,1,1.0,203,3,17,1,15,39,2,7
5,9,13.0,91,5,2,0,2,86,3,25
5,3,6.0,303,0,18,1,0,77,4,23
5,3,21.0,338,1,1,0,12,80,4,21
5,1,14.0,183,5,13,0,13,38,2,5
5,8,17.0,74,4,11,0,1,35,4,6
5,8,15.0,72,1,18,0,13,21,3,1
5,8,7.0,70,0,1,0,2,40,2,11
5,8,1.0,66,1,17,1,12,56,4,7
4,2,10.0,28,2,0,1,0,26,0,4
4,2,10.0,28,2,8,2,13,29,3,4
4,2,18.0,7,4,20,2,13,38,3,0
4,2,27.0,136,6,7,0,0,26,1,15
4,2,28.0,257,3,19,2,2,13,3,18
4,2,27.0,136,6,2,0,10,22,3,15
4,2,28.0,257,3,14,0,15,39,0,18
4,0,9.0,48,4,5,3,10,22,0,12
4,0,9.0,48,4,13,0,0,31,2,12
4,0,9.0,48,4,13,1,1,1,4,12
4,0,11.0,10,6,7,1,1,35,0,9
4,0,18.0,0,6,4,0,15,112,4,0
4,0,19.0,13,3,3,1,11,18,1,10
4,0,27.0,23,0,9,1,0,53,4,15
5,9,22.0,92,3,12,0,9,10,2,26
5,9,24.0,272,1,3,0,3,79,1,14
5,9,12.0,177,4,12,0,10,23,1,28
5,8,26.0,278,6,13,0,9,102,3,3
5,1,26.0,248,2,3,1,10,23,1,3
4,10,1.0,208,4,17,0,0,12,1,7
4,0,21.0,287,1,19,0,9,134,2,21
5,4,18.0,26,3,16,1,1,105,0,0
5,4,23.0,30,5,12,0,0,64,0,17
5,4,23.0,30,5,3,0,2,71,4,17
4,8,23.0,102,4,11,1,14,97,4,17
4,1,17.0,63,1,12,2,15,96,3,6
4,1,30.0,100,0,2,3,11,55,4,19
5,6,19.0,291,5,13,0,6,7,2,10
4,1,17.0,63,1,9,0,5,64,0,6
5,6,26.0,348,5,22,0,4,136,4,3
5,1,5.0,219,2,14,0,5,6,0,24
5,10,10.0,245,5,23,0,7,111,0,4
4,1,20.0,151,5,3,1,0,64,4,29
4,0,10.0,129,5,16,0,5,6,3,4
5,1,5.0,219,2,18,0,12,121,3,24
4,1,20.0,151,5,8,3,6,7,2,29
5,6,29.0,335,0,2,0,12,56,2,16
4,6,9.0,236,2,1,0,11,117,1,12
5,1,5.0,219,2,13,0,3,76,0,24
4,4,13.0,221,2,23,1,15,108,4,25
4,1,26.0,248,4,6,0,4,75,1,3
5,7,1.0,98,3,13,0,10,23,1,7
4,4,30.0,139,6,18,0,3,30,1,19
4,0,10.0,129,5,5,0,12,104,3,4
4,0,10.0,129,5,15,1,6,91,4,4
4,4,25.0,20,0,3,2,1,11,3,13
4,4,25.0,20,0,17,1,7,120,1,13
4,4,25.0,20,0,23,1,9,101,4,13
4,2,2.0,143,1,16,0,12,61,1,22
4,2,2.0,143,1,14,0,9,57,0,22
4,2,9.0,21,1,6,2,5,6,3,12
4,2,10.0,28,2,19,0,10,52,1,4
4,2,10.0,28,2,9,0,12,83,4,4
4,2,11.0,297,4,3,1,8,33,0,9
4,2,18.0,7,4,11,0,8,41,1,0
4,2,18.0,7,4,5,2,12,80,0,0
4,2,18.0,7,4,15,2,11,133,0,0
4,2,18.0,7,4,2,0,4,66,2,0
4,8,26.0,278,3,23,1,16,37,1,3
4,4,18.0,26,0,12,1,5,12,1,0
4,4,25.0,20,0,13,3,5,6,0,13
4,2,10.0,28,2,17,0,3,30,1,4
4,0,9.0,48,4,2,0,1,1,1,12
4,2,29.0,140,0,1,1,10,22,1,16
4,2,27.0,136,6,4,0,15,39,4,15
4,2,27.0,136,6,18,0,8,118,1,15
4,2,27.0,136,6,13,1,10,43,1,15
4,0,3.0,334,5,13,0,9,10,2,27
5,1,24.0,64,0,8,1,8,27,2,14
4,2,26.0,3,5,6,0,0,53,0,3
4,2,26.0,3,5,13,0,5,64,3,3
4,2,26.0,3,5,4,0,11,133,0,3
4,0,1.0,8,2,21,0,5,6,3,7
4,0,2.0,47,4,21,1,0,0,0,22
4,0,2.0,47,4,9,0,10,30,0,22
4,0,3.0,334,5,13,0,8,41,0,27
4,0,20.0,172,0,23,1,0,12,3,29
4,0,21.0,287,1,21,0,10,47,1,21
4,0,21.0,287,1,15,0,10,22,1,21
4,0,21.0,287,1,12,0,9,57,0,21
4,0,28.0,249,1,6,0,16,74,1,18
4,0,28.0,249,1,6,0,1,11,4,18
4,0,28.0,249,1,22,0,13,29,3,18
4,0,28.0,249,1,23,0,2,86,1,18
5,3,5.0,324,3,20,0,5,6,0,24
4,1,15.0,1,3,11,3,0,26,0,1
4,10,7.0,243,2,5,1,16,72,4,11
4,10,22.0,314,4,17,0,0,12,3,26
4,10,13.0,346,1,23,1,11,18,1,25
4,8,29.0,301,2,12,3,0,26,0,16
4,1,15.0,1,3,1,1,13,123,0,1
4,1,30.0,100,0,10,0,13,28,3,19
5,6,26.0,348,5,9,0,13,38,2,3
4,2,15.0,130,0,8,0,9,49,0,1
4,4,21.0,339,4,22,0,3,30,2,21
5,10,10.0,245,5,9,0,9,95,0,4
5,10,26.0,61,3,17,0,8,27,3,3
4,2,25.0,233,4,20,1,16,74,4,13
4,2,25.0,233,4,16,1,14,32,4,13
5,11,19.0,321,0,7,1,7,8,4,10
5,3,4.0,285,6,1,1,13,29,2,30
5,3,29.0,325,2,18,0,10,52,1,16
5,1,3.0,188,0,9,1,0,53,0,27
5,1,13.0,207,4,8,0,11,15,2,25
4,5,22.0,163,6,2,3,16,65,3,26
5,9,26.0,267,4,8,0,7,120,2,3
5,9,26.0,267,4,16,1,10,23,2,3
4,6,14.0,173,0,16,0,5,6,1,5
4,7,22.0,211,0,9,0,15,39,1,26
4,9,22.0,92,0,14,1,14,25,0,26
4,7,30.0,42,1,21,0,14,125,3,19
4,10,6.0,242,1,0,1,10,12,1,23
4,8,4.0,299,6,18,1,0,96,0,30
4,8,30.0,103,4,16,0,11,18,3,19
4,1,14.0,183,6,19,0,8,27,0,5
4,1,26.0,248,4,11,2,16,72,3,3
5,1,21.0,45,5,0,1,6,7,0,21
4,1,26.0,248,4,8,0,6,128,0,3
5,1,27.0,262,4,0,1,13,38,0,15
5,1,27.0,262,4,0,1,0,15,1,15
4,8,3.0,363,5,20,0,0,64,4,27
5,1,27.0,262,4,14,2,13,28,4,15
4,2,14.0,231,3,21,1,10,23,1,5
4,8,3.0,363,5,11,1,3,103,4,27
5,1,27.0,262,4,9,2,1,105,0,15
5,1,18.0,82,1,13,0,5,12,2,0
4,8,8.0,76,2,0,1,10,47,0,8
5,1,30.0,100,3,0,2,8,9,2,19
5,1,30.0,100,3,7,2,14,25,0,19
5,1,30.0,100,3,21,1,1,35,0,19
5,1,27.0,262,4,0,3,13,48,0,15
5,8,2.0,77,2,6,0,10,47,3,22
5,8,2.0,77,2,0,0,6,7,0,22
5,8,2.0,77,2,4,2,1,67,4,22
5,8,2.0,77,2,9,0,5,12,3,22
5,8,2.0,77,2,20,0,13,28,1,22
5,8,12.0,284,6,15,0,13,29,2,28
5,7,7.0,293,6,13,0,7,120,2,11
5,7,7.0,293,6,8,2,8,118,3,11
5,7,7.0,293,6,7,1,0,15,0,11
5,3,13.0,210,0,2,0,12,17,2,25
5,3,23.0,57,4,0,0,0,26,1,17
5,3,23.0,57,4,14,0,0,12,0,17
5,5,22.0,163,5,19,0,14,34,3,26
5,6,24.0,31,2,16,2,6,91,0,14
5,6,24.0,31,2,16,0,13,29,2,14
5,10,5.0,336,3,3,0,13,48,0,24
4,0,19.0,13,3,10,0,11,55,1,10
4,0,18.0,0,6,18,3,9,134,3,0
4,0,19.0,13,3,22,2,11,94,0,10
4,0,26.0,14,3,3,0,4,136,4,3
4,0,26.0,14,3,13,0,10,47,2,3
4,0,26.0,14,3,2,0,3,76,0,3
4,0,26.0,14,3,19,0,12,121,1,3
4,0,26.0,14,3,1,0,16,50,1,3
4,6,1.0,158,1,17,0,4,4,1,7
4,0,10.0,129,5,18,0,15,96,0,4
5,11,7.0,253,2,19,0,6,7,4,11
5,2,15.0,130,3,2,0,2,123,2,1
5,7,6.0,93,5,1,1,11,94,0,23
4,2,4.0,254,4,11,1,1,35,4,30
4,2,17.0,6,2,13,2,7,20,3,6
4,2,17.0,6,2,2,0,1,11,1,6
4,2,20.0,264,6,16,0,2,40,1,29
4,2,17.0,6,2,2,1,14,25,0,6
4,2,17.0,6,2,19,0,11,94,0,6
4,2,17.0,6,2,2,3,4,66,0,6
4,2,20.0,264,6,19,2,9,83,2,29
4,2,20.0,264,6,20,0,12,80,0,29
4,0,4.0,229,6,0,1,6,7,0,30
4,0,4.0,229,6,17,1,4,75,1,30
4,0,4.0,229,6,1,0,9,57,0,30
4,0,10.0,129,5,20,0,10,52,1,4
4,0,10.0,129,5,15,0,8,118,1,4
4,0,10.0,129,5,1,0,2,123,2,4
4,0,12.0,113,3,21,0,11,18,1,28
5,8,12.0,284,6,13,0,8,19,0,28
5,8,12.0,284,6,15,1,9,49,4,28
5,8,12.0,284,6,14,2,3,30,1,28
5,8,13.0,189,3,22,0,10,47,3,25
5,8,13.0,189,3,4,0,3,44,3,25
5,10,12.0,333,3,9,0,8,41,1,28
5,10,12.0,333,3,18,1,0,12,0,28
5,10,20.0,223,0,21,2,10,47,0,29
5,10,20.0,223,0,20,0,16,50,4,29
5,10,20.0,223,0,14,0,6,128,1,29
5,10,20.0,223,0,18,0,16,72,1,29
5,10,27.0,302,0,17,0,4,127,1,15
5,10,27.0,302,0,5,0,16,50,0,15
5,10,27.0,302,0,15,1,1,81,4,15
5,10,27.0,302,0,4,0,4,103,3,15
5,10,27.0,302,0,12,1,3,30,1,15
5,1,20.0,151,4,1,2,8,9,3,29
4,8,9.0,124,4,15,0,4,5,0,12
5,1,18.0,82,1,16,1,15,31,4,0
5,1,20.0,151,4,16,1,0,12,1,29
4,8,17.0,74,5,6,2,0,12,1,6
4,2,25.0,233,4,17,0,4,75,1,13
4,4,22.0,152,5,15,0,3,79,1,26
5,4,3.0,279,6,9,2,0,12,0,27
5,4,19.0,142,0,3,0,2,2,2,10
4,8,17.0,74,5,18,0,6,7,1,6
4,2,18.0,7,4,1,1,8,9,4,0
4,8,18.0,75,6,9,1,5,0,1,0
4,8,17.0,74,5,1,3,1,105,0,6
4,4,1.0,144,5,14,2,15,46,3,7
4,4,11.0,121,0,2,0,6,132,2,9
4,4,11.0,121,0,9,0,9,57,0,9
4,6,18.0,308,5,15,0,5,6,2,0
4,8,9.0,124,4,22,0,10,47,3,12
4,4,11.0,121,0,2,1,10,12,1,9
4,4,11.0,121,0,12,1,1,81,4,9
4,4,12.0,134,1,0,1,13,48,4,28
4,4,26.0,80,1,17,0,2,86,1,3
4,4,26.0,80,1,6,2,11,15,3,3
4,4,26.0,80,1,11,2,1,67,0,3
4,4,26.0,80,1,1,0,16,50,3,3
4,4,27.0,274,2,7,0,5,6,0,15
4,4,27.0,274,2,14,2,15,51,0,15
4,2,12.0,128,5,12,0,6,89,1,28
4,2,19.0,137,5,12,0,11,133,3,10
5,1,5.0,219,2,12,0,13,29,1,24
5,6,1.0,158,0,17,0,12,135,1,7
5,1,21.0,45,5,22,0,14,24,1,21
5,1,21.0,45,5,0,1,11,8,1,21
5,1,21.0,45,5,18,0,12,83,2,21
5,1,21.0,45,5,21,0,15,114,1,21
5,1,27.0,262,4,12,0,0,26,0,15
5,1,30.0,100,3,21,2,15,114,0,19
5,1,30.0,100,3,12,1,0,15,4,19
5,1,27.0,262,4,3,0,10,12,0,15
5,9,9.0,320,0,2,1,9,58,4,12
5,1,27.0,262,4,2,1,10,47,0,15
5,1,27.0,262,4,15,1,1,81,4,15
5,1,27.0,262,4,23,1,1,81,4,15
5,1,30.0,100,3,5,0,10,23,3,19
5,1,30.0,100,3,20,0,4,70,3,19
5,8,2.0,77,2,5,0,1,1,0,22
5,8,2.0,77,2,8,1,6,132,4,22
4,10,25.0,56,3,19,0,3,79,1,13
4,1,18.0,82,2,10,0,10,22,1,0
4,1,27.0,262,5,11,0,3,30,1,15
4,1,27.0,262,5,23,1,12,17,1,15
4,8,1.0,66,2,6,0,10,23,1,7
4,8,1.0,66,2,8,0,4,76,3,7
4,8,1.0,66,2,9,0,8,9,4,7
4,8,10.0,71,5,15,0,7,111,1,4
4,4,18.0,26,0,13,0,9,101,2,0
4,4,25.0,20,0,17,1,0,26,0,13
4,2,29.0,140,0,15,0,8,33,2,16
4,7,2.0,160,1,4,0,5,6,1,22
4,2,2.0,143,1,17,1,4,138,4,22
4,0,19.0,13,3,1,0,3,103,3,10
4,0,26.0,14,3,3,0,10,23,1,3
4,0,26.0,14,3,3,0,2,69,2,3
4,0,26.0,14,3,9,0,0,64,0,3
4,0,27.0,23,0,23,0,5,12,2,15
4,0,27.0,23,0,21,1,13,48,0,15
4,0,26.0,14,3,19,1,11,15,1,3
4,0,27.0,23,0,9,0,6,14,4,15
5,7,7.0,293,6,22,0,5,6,0,11
5,5,6.0,277,2,2,0,10,43,1,23
5,6,15.0,49,0,1,0,16,50,1,1
5,6,17.0,244,2,14,0,14,32,4,6
5,6,24.0,31,2,13,1,11,124,1,14
5,10,30.0,157,4,11,0,13,36,3,19
5,10,30.0,157,4,18,0,10,47,3,19
5,4,25.0,20,3,17,1,0,64,0,13
5,2,6.0,251,5,14,0,16,113,1,23
5,2,8.0,258,3,2,0,10,22,3,8
5,2,16.0,220,0,13,0,16,74,2,2
5,2,16.0,220,0,18,0,14,25,1,2
5,2,16.0,220,0,18,0,1,35,4,2
5,2,18.0,7,2,17,0,15,31,0,0
5,2,25.0,233,2,16,0,8,27,0,13
5,0,17.0,12,4,3,2,7,57,0,6
4,9,1.0,126,0,16,0,5,12,0,7
4,7,24.0,68,2,3,0,16,37,1,14
4,7,27.0,53,6,5,0,6,89,1,15
5,4,23.0,30,5,12,1,14,25,0,17
5,0,17.0,12,4,4,3,12,56,0,6
5,4,17.0,19,6,2,0,5,12,3,6
4,5,27.0,328,4,19,0,7,78,1,15
4,6,8.0,59,1,15,1,11,94,4,8
4,6,9.0,236,2,14,0,10,30,3,12
4,6,18.0,308,5,14,1,4,75,1,0
4,3,24.0,357,6,11,1,14,110,4,14
4,6,17.0,244,4,9,2,5,12,3,6
4,1,19.0,29,4,4,1,0,64,0,10
5,8,1.0,66,1,6,2,0,77,3,7
5,8,1.0,66,1,19,0,13,99,4,7
5,0,2.0,47,2,21,1,14,107,0,22
5,0,2.0,47,2,9,0,10,43,1,22
5,0,10.0,129,4,2,0,8,27,1,4
5,0,10.0,129,4,18,0,11,133,3,4
5,0,18.0,0,5,12,0,3,30,4,0
4,3,26.0,343,0,18,1,11,15,0,3
4,3,26.0,343,0,14,1,11,55,4,3
5,0,27.0,23,3,16,1,10,52,0,15
5,0,27.0,23,3,20,0,8,41,1,15
5,0,25.0,281,5,14,0,9,9,2,13
4,11,7.0,253,4,9,2,6,7,3,11
4,11,7.0,253,4,9,0,6,7,3,11
4,11,16.0,225,6,16,1,6,73,0,2
4,11,25.0,88,0,13,0,2,86,1,13
4,11,25.0,88,0,8,0,12,135,2,13
4,11,31.0,227,3,18,0,10,47,0,20
4,9,8.0,90,0,5,1,0,31,1,8
4,6,27.0,116,3,21,1,8,19,0,15
4,11,6.0,252,2,19,4,9,93,3,23
5,0,16.0,11,2,8,4,13,29,0,2
4,7,6.0,93,6,0,4,6,7,3,23
4,7,6.0,93,6,15,4,6,7,3,23
4,7,30.0,42,1,0,4,3,115,3,19
4,7,30.0,42,1,17,4,0,53,3,19
4,7,30.0,42,1,7,4,9,63,4,19
4,3,3.0,182,6,4,4,16,130,3,27
4,3,3.0,182,6,14,4,8,41,3,27
4,3,3.0,182,6,22,4,10,22,3,27
4,3,5.0,324,0,23,4,1,81,4,24
4,3,5.0,324,0,10,4,8,9,3,24
4,3,5.0,324,0,20,4,8,33,1,24
4,3,5.0,324,0,17,4,0,53,3,24
4,3,5.0,324,0,8,4,6,7,3,24
4,3,5.0,324,0,16,4,6,7,3,24
4,3,5.0,324,0,3,4,6,7,3,24
4,3,5.0,324,0,9,4,13,38,3,24
4,3,11.0,337,3,15,4,2,2,3,9
4,3,11.0,337,3,9,4,0,0,3,9
4,3,11.0,337,3,22,4,6,7,3,9
4,3,11.0,337,3,3,4,9,10,0,9
4,11,24.0,194,3,23,4,8,118,4,14
4,11,24.0,194,3,14,4,6,7,3,14
4,11,24.0,194,3,1,4,14,24,4,14
4,11,24.0,194,3,5,4,11,124,3,14
4,11,24.0,194,3,7,4,1,35,4,14
4,11,24.0,194,3,17,4,6,128,4,14
4,11,24.0,194,3,20,4,8,118,4,14
4,9,1.0,126,0,11,4,9,49,3,7
4,9,1.0,126,0,2,4,10,47,3,7
4,9,1.0,126,0,1,4,13,48,3,7
4,9,1.0,126,0,10,4,6,7,4,7
4,9,1.0,126,0,17,4,11,10,3,7
4,9,1.0,126,0,19,4,1,11,3,7
4,9,1.0,126,0,13,4,4,4,3,7
4,9,1.0,126,0,13,4,13,28,0,7
4,9,1.0,126,0,7,4,6,7,4,7
4,9,1.0,126,0,17,4,4,138,4,7
4,9,1.0,126,0,14,4,10,43,3,7
4,9,1.0,126,0,9,4,13,38,3,7
4,3,11.0,337,3,18,4,12,104,0,9
4,3,12.0,104,0,22,4,9,9,3,28
4,3,12.0,104,0,1,4,8,33,1,28
4,3,12.0,104,0,8,4,4,127,3,28
4,3,12.0,104,0,8,4,16,72,3,28
4,3,12.0,104,0,19,4,13,13,3,28
4,3,19.0,138,0,6,4,9,93,4,10
4,3,19.0,138,0,0,4,0,31,4,10
4,3,19.0,138,0,15,4,2,86,3,10
4,3,19.0,138,0,23,4,14,125,4,10
4,3,19.0,138,0,21,4,11,98,0,10
4,3,19.0,138,0,21,4,11,98,0,10
4,3,19.0,138,0,5,4,16,39,3,10
4,3,19.0,138,0,17,4,6,73,4,10
4,3,21.0,338,2,13,4,11,117,3,21
4,3,21.0,338,2,18,4,4,75,4,21
4,3,21.0,338,2,22,4,6,7,0,21
4,3,21.0,338,2,13,4,13,48,4,21
4,3,21.0,338,2,9,4,8,41,4,21
4,3,21.0,338,2,2,4,3,115,0,21
4,3,21.0,338,2,12,4,8,118,3,21
4,3,21.0,338,2,12,4,12,17,0,21
4,9,6.0,51,6,9,4,9,49,3,23
4,9,6.0,51,6,9,4,9,9,2,23
4,9,6.0,51,6,9,4,8,118,4,23
4,9,6.0,51,6,3,4,8,33,3,23
4,9,6.0,51,6,1,4,15,114,3,23
4,9,6.0,51,6,22,4,0,64,3,23
4,9,6.0,51,6,18,4,0,12,3,23
4,9,6.0,51,6,8,4,3,103,4,23
4,9,6.0,51,6,2,4,1,67,3,23
4,9,6.0,51,6,14,4,11,58,4,23
4,9,6.0,51,6,14,4,8,33,4,23
4,9,6.0,51,6,14,4,14,32,3,23
4,9,6.0,51,6,8,4,6,7,3,23
4,9,6.0,51,6,9,4,11,98,4,23
4,9,6.0,51,6,15,4,10,52,3,23
4,9,7.0,271,3,1,4,1,11,4,11
4,9,7.0,271,3,23,4,11,98,4,11
4,9,7.0,271,3,0,4,1,67,0,11
4,9,7.0,271,3,19,4,13,13,3,11
4,9,7.0,271,3,17,4,16,42,4,11
4,3,21.0,338,2,0,4,6,7,3,21
4,3,21.0,338,2,13,4,13,29,3,21
4,3,21.0,338,2,14,4,4,75,4,21
4,3,22.0,166,4,1,4,9,87,3,26
4,3,22.0,166,4,15,4,9,101,3,26
4,3,22.0,166,4,19,4,16,139,4,26
4,3,22.0,166,4,5,4,4,82,3,26
4,3,22.0,166,4,14,4,16,113,3,26
4,11,9.0,311,6,14,4,6,7,3,12
4,11,11.0,175,0,12,4,6,7,3,9
4,11,27.0,322,2,17,4,8,19,3,15
5,6,22.0,185,0,2,4,3,30,0,26
5,2,26.0,3,4,9,4,8,41,3,3
5,2,23.0,230,0,6,4,11,133,4,17
4,11,27.0,322,2,4,4,13,29,3,15
4,11,9.0,311,6,11,4,10,22,3,12
4,11,11.0,175,0,12,4,6,7,3,9
5,2,26.0,3,4,13,4,16,72,3,3
5,2,23.0,230,0,17,4,13,28,3,17
4,11,27.0,322,2,1,4,1,81,4,15
4,11,9.0,311,6,1,4,8,19,3,12
5,2,23.0,230,0,8,4,9,57,3,17
4,3,16.0,263,5,1,4,0,68,3,2
4,11,11.0,175,0,20,4,6,116,4,9
4,11,27.0,322,2,20,4,10,47,3,15
5,2,26.0,3,4,4,4,6,7,4,3
4,11,9.0,311,6,1,4,15,119,4,12
5,2,23.0,230,0,22,4,4,82,2,17
4,3,16.0,263,5,12,4,13,28,4,2
4,11,11.0,175,0,1,4,3,103,3,9
3,0,28.0,249,3,17,4,9,27,0,18
5,2,26.0,3,4,23,4,6,7,4,3
4,11,9.0,311,6,23,4,0,12,3,12
5,2,23.0,230,0,19,4,3,115,3,17
4,3,22.0,166,4,13,4,1,1,3,26
4,3,16.0,263,5,23,4,9,10,3,2
4,11,11.0,175,0,13,4,7,120,3,9
3,0,28.0,249,3,13,4,9,102,2,18
3,0,28.0,249,3,12,4,8,27,3,18
5,11,1.0,222,4,20,4,14,110,3,7
5,11,1.0,222,4,21,4,7,120,3,7
5,11,9.0,311,5,1,4,6,7,3,12
5,11,9.0,311,5,9,4,14,131,4,12
5,11,9.0,311,5,14,4,14,126,2,12
5,11,9.0,311,5,18,4,6,7,2,12
5,11,9.0,311,5,1,4,16,50,3,12
5,11,9.0,311,5,18,4,14,88,4,12
5,11,9.0,311,5,14,4,14,126,4,12
5,11,9.0,311,5,1,4,14,125,4,12
5,11,9.0,311,5,13,4,3,115,4,12
5,11,9.0,311,5,4,4,13,38,3,12
4,9,23.0,167,1,17,4,14,24,3,17
4,9,23.0,167,1,7,4,5,6,3,17
4,9,23.0,167,1,18,4,8,33,3,17
4,9,23.0,167,1,2,4,6,7,3,17
4,9,23.0,167,1,16,4,10,12,3,17
4,9,23.0,167,1,18,4,16,50,3,17
4,9,25.0,344,4,8,4,13,13,3,13
4,9,25.0,344,4,11,4,4,5,3,13
4,9,25.0,344,4,6,4,11,124,4,13
4,9,25.0,344,4,11,4,15,46,3,13
4,9,25.0,344,4,4,4,6,7,3,13
4,9,25.0,344,4,14,4,14,88,3,13
4,9,25.0,344,4,17,4,13,99,4,13
4,9,25.0,344,4,1,4,11,8,3,13
4,9,25.0,344,4,22,4,8,65,0,13
4,9,25.0,344,4,22,4,5,12,3,13
4,9,25.0,344,4,9,4,6,7,0,13
4,9,25.0,344,4,23,4,6,7,4,13
4,9,25.0,344,4,9,4,14,126,4,13
4,9,25.0,344,4,9,4,8,9,3,13
4,9,25.0,344,4,18,4,4,75,3,13
4,9,25.0,344,4,23,4,2,86,4,13
4,5,5.0,96,2,7,4,7,137,4,24
4,5,5.0,96,2,1,4,9,10,4,24
4,5,5.0,96,2,17,4,0,64,0,24
4,5,5.0,96,2,8,4,14,24,3,24
4,5,5.0,96,2,8,4,6,7,3,24
4,5,5.0,96,2,14,4,14,88,4,24
4,5,11.0,326,1,9,4,8,118,3,9
4,5,11.0,326,1,4,4,9,95,4,9
4,5,11.0,326,1,4,4,15,46,3,9
4,5,13.0,184,4,20,4,1,105,3,25
4,5,13.0,184,4,18,4,6,7,4,25
4,5,13.0,184,4,17,4,11,117,3,25
4,5,13.0,184,4,12,4,6,7,4,25
4,5,13.0,184,4,15,4,10,52,0,25
4,5,13.0,184,4,20,4,6,7,3,25
4,5,13.0,184,4,18,4,9,49,4,25
4,5,20.0,214,4,17,4,8,65,4,29
4,5,20.0,214,4,17,4,12,100,4,29
4,5,20.0,214,4,18,4,14,125,4,29
4,5,20.0,214,4,9,4,6,7,4,29
4,5,20.0,214,4,8,4,1,105,3,29
4,5,20.0,214,4,18,4,14,110,3,29
4,5,20.0,214,4,15,4,8,19,3,29
4,9,15.0,226,0,10,4,6,7,3,1
4,9,15.0,226,0,23,4,2,3,4,1
4,9,15.0,226,0,1,4,14,25,3,1
4,9,15.0,226,0,18,4,15,39,3,1
4,9,15.0,226,0,9,4,6,89,3,1
4,9,15.0,226,0,11,4,9,27,3,1
4,9,15.0,226,0,14,4,10,22,3,1
4,9,15.0,226,0,18,4,13,38,4,1
4,9,15.0,226,0,21,4,7,120,3,1
4,9,15.0,226,0,18,4,6,132,4,1
4,9,15.0,226,0,20,4,8,19,3,1
4,9,15.0,226,0,14,4,8,19,0,1
4,9,15.0,226,0,14,4,13,69,0,1
4,9,15.0,226,0,13,4,13,38,0,1
4,9,16.0,107,1,1,4,16,37,3,2
4,9,16.0,107,1,14,4,13,29,3,2
4,9,16.0,107,1,6,4,6,7,3,2
4,9,16.0,107,1,12,4,10,47,3,2
4,9,16.0,107,1,17,4,1,67,3,2
4,9,16.0,107,1,12,4,10,22,0,2
4,11,28.0,123,4,4,4,6,89,3,18
4,11,28.0,123,4,17,4,8,19,3,18
4,11,28.0,123,4,23,4,1,35,3,18
4,11,28.0,123,4,19,4,6,7,3,18
4,11,28.0,123,4,17,4,1,11,3,18
4,11,28.0,123,4,23,4,9,95,3,18
4,11,28.0,123,4,23,4,8,118,4,18
4,11,28.0,123,4,10,4,8,118,4,18
4,11,28.0,123,4,5,4,12,100,3,18
4,11,28.0,123,4,23,4,14,25,3,18
4,11,28.0,123,4,13,4,1,35,3,18
4,11,28.0,123,4,14,4,9,9,3,18
4,11,3.0,288,3,4,4,8,9,3,27
4,3,22.0,166,4,3,4,14,24,3,26
4,11,11.0,175,0,18,4,14,106,1,9
5,2,23.0,230,0,14,4,2,69,3,17
4,11,3.0,288,3,9,4,12,56,3,27
4,11,11.0,175,0,0,4,8,9,4,9
4,3,16.0,263,5,6,4,9,49,1,2
5,2,26.0,3,4,1,4,3,79,4,3
4,11,11.0,175,0,10,4,15,119,4,9
4,11,3.0,288,3,8,4,6,7,3,27
5,2,26.0,3,4,9,4,14,25,4,3
4,3,16.0,263,5,12,4,12,56,4,2
4,11,11.0,175,0,0,4,4,136,3,9
5,2,23.0,230,0,17,4,6,132,0,17
4,11,24.0,194,3,4,4,8,19,3,14
4,3,22.0,166,4,9,4,8,9,2,26
4,11,3.0,288,3,22,4,8,19,0,27
5,2,26.0,3,4,5,4,15,51,0,3
4,11,11.0,175,0,13,4,16,50,3,9
5,2,23.0,230,0,7,4,6,7,4,17
4,11,24.0,194,3,20,4,1,59,2,14
5,2,23.0,230,0,9,4,7,129,4,17
4,11,3.0,288,3,19,4,13,48,3,27
4,11,11.0,175,0,4,4,9,57,3,9
4,11,24.0,194,3,15,4,1,11,3,14
4,3,22.0,166,4,9,4,8,118,3,26
5,0,22.0,241,1,4,4,1,11,3,26
5,0,24.0,55,4,2,4,9,63,3,14
4,11,3.0,288,3,17,4,4,4,3,27
4,11,3.0,288,3,19,4,3,44,4,27
4,3,30.0,304,5,4,4,9,27,0,19
4,11,24.0,194,3,19,4,11,15,3,14
4,11,13.0,312,2,14,4,10,47,0,25
5,0,22.0,241,1,17,4,11,55,4,26
5,0,24.0,55,4,4,4,6,128,4,14
4,11,4.0,275,0,1,4,8,33,3,30
5,2,26.0,3,4,5,4,2,69,4,3
4,11,24.0,194,3,20,4,6,7,3,14
4,3,30.0,304,5,4,4,8,19,0,19
5,0,22.0,241,1,10,4,11,55,4,26
4,11,4.0,275,0,23,4,12,100,4,30
4,11,13.0,312,2,4,4,15,114,3,25
5,0,24.0,55,4,10,4,15,85,1,14
4,11,18.0,332,0,17,4,1,67,3,0
4,3,30.0,304,5,4,4,15,39,0,19
4,11,4.0,275,0,1,4,6,128,4,30
4,11,2.0,265,6,4,4,11,15,3,22
4,11,13.0,312,2,4,4,13,99,3,25
5,2,26.0,3,4,17,4,4,138,4,3
5,0,24.0,55,4,23,4,6,14,3,14
4,11,18.0,332,0,7,4,15,114,3,0
4,3,30.0,304,5,4,4,6,7,3,19
4,3,30.0,304,5,4,4,15,39,3,19
4,3,30.0,304,5,14,4,13,36,3,19
4,3,30.0,304,5,1,4,13,36,4,19
4,5,5.0,96,2,17,4,12,56,4,24
4,9,7.0,271,3,16,4,6,132,4,11
4,9,7.0,271,3,17,4,9,83,4,11
4,9,7.0,271,3,14,4,2,71,4,11
4,9,7.0,271,3,10,4,9,57,0,11
4,9,7.0,271,3,13,4,6,7,0,11
4,9,7.0,271,3,4,4,11,133,3,11
4,9,7.0,271,3,18,4,1,16,4,11
4,9,7.0,271,3,17,4,6,7,3,11
4,9,7.0,271,3,23,4,6,7,3,11
4,9,7.0,271,3,12,4,9,57,0,11
4,9,18.0,359,4,21,4,13,38,4,0
4,9,18.0,359,4,9,4,11,133,4,0
4,9,18.0,359,4,22,4,1,16,0,0
4,9,18.0,359,4,9,4,6,73,3,0
4,9,18.0,359,4,7,4,16,130,4,0
4,9,18.0,359,4,16,4,16,130,4,0
4,9,18.0,359,4,4,4,8,19,3,0
4,9,18.0,359,4,5,4,14,25,0,0
4,9,23.0,167,1,18,4,0,12,3,17
4,11,13.0,312,2,15,4,16,42,3,25
4,11,13.0,312,2,9,4,6,7,3,25
4,11,13.0,312,2,18,4,9,93,4,25
4,11,19.0,321,1,14,4,16,72,3,10
4,11,19.0,321,1,6,4,8,19,3,10
4,11,19.0,321,1,19,4,2,2,4,10
4,11,19.0,321,1,14,4,2,71,4,10
4,11,19.0,321,1,18,4,6,132,4,10
4,11,19.0,321,1,4,4,13,38,4,10
4,11,19.0,321,1,17,4,2,86,3,10
4,11,19.0,321,1,23,4,8,19,3,10
4,11,21.0,192,4,14,4,14,125,4,21
4,11,21.0,192,4,17,4,9,57,3,21
4,11,21.0,192,4,6,4,16,72,3,21
4,11,21.0,192,4,18,4,7,137,4,21
4,11,21.0,192,4,10,4,9,49,4,21
4,11,21.0,192,4,14,4,12,80,4,21
4,11,21.0,192,4,10,4,9,49,4,21
4,11,21.0,192,4,23,4,14,88,4,21
4,11,21.0,192,4,23,4,6,132,4,21
4,11,21.0,192,4,10,4,6,91,4,21
4,11,21.0,192,4,6,4,7,57,3,21
5,0,16.0,11,2,17,4,8,41,3,2
4,11,26.0,364,1,7,4,6,14,3,3
4,11,26.0,364,1,14,4,7,120,3,3
4,11,26.0,364,1,17,4,9,102,3,3
4,11,26.0,364,1,22,4,0,26,0,3
4,11,26.0,364,1,23,4,9,27,3,3
4,11,26.0,364,1,9,4,15,46,3,3
4,9,9.0,320,1,5,4,5,6,3,12
4,9,9.0,320,1,10,4,6,132,4,12
4,9,9.0,320,1,12,4,8,27,3,12
4,9,9.0,320,1,3,4,9,57,3,12
4,9,9.0,320,1,9,4,10,22,3,12
4,9,9.0,320,1,19,4,2,2,3,12
4,9,9.0,320,1,14,4,9,27,3,12
4,9,9.0,320,1,19,4,6,7,3,12
4,9,9.0,320,1,18,4,10,22,3,12
4,9,9.0,320,1,9,4,6,7,3,12
4,9,9.0,320,1,17,4,0,53,3,12
4,9,9.0,320,1,8,4,1,35,4,12
4,9,15.0,226,0,12,4,6,7,3,1
4,9,15.0,226,0,10,4,2,3,4,1
4,9,15.0,226,0,13,4,6,7,3,1
4,11,21.0,192,4,1,4,16,37,3,21
4,11,21.0,192,4,1,4,4,127,4,21
4,11,21.0,192,4,19,4,14,25,3,21
4,11,21.0,192,4,23,4,8,118,4,21
4,11,21.0,192,4,23,4,6,132,3,21
4,11,21.0,192,4,22,4,1,11,4,21
4,11,21.0,192,4,2,4,6,7,4,21
4,11,21.0,192,4,4,4,8,19,3,21
4,11,27.0,322,2,3,4,8,118,3,15
4,11,27.0,322,2,16,4,10,43,3,15
4,11,27.0,322,2,13,4,6,128,4,15
4,11,27.0,322,2,18,4,1,105,4,15
4,11,27.0,322,2,8,4,14,25,1,15
4,11,27.0,322,2,1,4,16,74,3,15
4,11,13.0,312,2,14,4,11,10,4,25
4,11,4.0,275,0,6,4,11,58,3,30
4,11,6.0,252,2,7,4,7,57,3,23
5,2,26.0,3,4,22,4,4,5,3,3
4,11,13.0,312,2,1,4,12,100,4,25
4,11,4.0,275,0,17,4,2,69,3,30
4,11,6.0,252,2,9,4,7,62,3,23
4,11,2.0,265,6,13,4,1,35,0,22
4,11,6.0,252,2,9,4,13,28,3,23
4,11,23.0,232,6,23,4,6,7,4,17
4,11,4.0,275,0,11,4,6,7,3,30
4,11,2.0,265,6,4,4,9,101,4,22
4,11,13.0,312,2,6,4,0,85,3,25
5,2,26.0,3,4,9,4,6,132,4,3
4,11,23.0,232,6,14,4,6,7,4,17
4,11,4.0,275,0,9,4,6,7,3,30
4,11,2.0,265,6,4,4,6,14,4,22
4,11,13.0,312,2,9,4,6,73,1,25
4,11,13.0,312,2,18,4,13,28,3,25
4,11,13.0,312,2,12,4,13,28,0,25
4,11,13.0,312,2,19,4,10,47,3,25
4,11,17.0,110,3,18,4,14,131,4,6
4,11,17.0,110,3,5,4,5,6,3,6
4,11,17.0,110,3,1,4,5,12,3,6
4,11,17.0,110,3,16,4,12,104,4,6
4,11,17.0,110,3,20,4,6,7,3,6
4,11,17.0,110,3,2,4,16,50,3,6
4,11,18.0,332,0,10,4,15,119,4,0
4,11,18.0,332,0,4,4,7,111,3,0
4,11,18.0,332,0,18,4,8,27,4,0
4,11,18.0,332,0,10,4,14,106,4,0
4,11,18.0,332,0,4,4,7,111,1,0
4,11,18.0,332,0,13,4,14,106,4,0
4,11,18.0,332,0,19,4,0,85,2,0
4,11,18.0,332,0,4,4,1,59,3,0
4,11,18.0,332,0,17,4,15,114,4,0
4,11,18.0,332,0,18,4,2,2,3,0
4,11,18.0,332,0,4,4,2,123,3,0
4,11,18.0,332,0,11,4,2,86,0,0
4,11,18.0,332,0,9,4,9,63,4,0
4,11,18.0,332,0,22,4,1,105,3,0
4,11,18.0,332,0,1,4,9,10,4,0
5,0,23.0,237,2,14,4,6,7,3,17
5,0,23.0,237,2,3,4,8,118,3,17
5,0,23.0,237,2,11,4,1,105,4,17
5,0,23.0,237,2,9,4,13,28,0,17
5,0,23.0,237,2,14,4,7,57,3,17
5,0,23.0,237,2,22,4,2,69,3,17
4,11,1.0,222,5,17,4,2,2,3,7
4,11,1.0,222,5,16,4,7,8,4,7
4,11,1.0,222,5,19,4,6,7,4,7
4,11,1.0,222,5,19,4,6,73,3,7
4,11,1.0,222,5,6,4,1,105,4,7
4,11,1.0,222,5,13,4,14,25,0,7
4,11,1.0,222,5,1,4,9,10,4,7
4,11,1.0,222,5,17,4,8,9,3,7
4,11,1.0,222,5,14,4,1,35,2,7
4,11,1.0,222,5,17,4,1,67,3,7
4,11,1.0,222,5,22,4,8,27,3,7
4,11,9.0,311,6,9,4,6,89,4,12
4,3,16.0,263,5,12,4,8,118,3,2
5,6,17.0,244,2,2,4,16,50,3,6
4,3,16.0,263,5,19,4,13,48,3,2
4,3,24.0,357,6,5,4,10,22,0,14
5,6,15.0,49,0,7,4,8,9,3,1
4,3,24.0,357,6,4,4,2,123,4,14
4,3,24.0,357,6,14,4,12,135,0,14
5,6,15.0,49,0,6,4,12,135,4,1
4,3,24.0,357,6,6,4,12,56,2,14
5,6,15.0,49,0,17,4,6,128,3,1
5,6,15.0,49,0,6,4,6,73,4,1
5,5,22.0,163,5,18,4,15,85,3,26
4,3,24.0,357,6,21,4,14,88,4,14
4,3,25.0,347,3,1,4,13,48,0,13
5,5,22.0,163,5,2,4,13,28,3,26
5,5,14.0,36,4,11,4,14,25,0,5
4,3,25.0,347,3,3,4,5,64,3,13
4,3,25.0,347,3,12,4,6,91,3,13
4,3,25.0,347,3,19,4,6,7,0,13
4,3,25.0,347,3,14,4,7,137,4,13
5,3,23.0,57,4,12,4,13,29,3,17
4,3,25.0,347,3,1,4,9,58,4,13
4,3,25.0,347,3,4,4,8,65,3,13
4,11,9.0,311,6,1,4,5,6,3,12
4,11,9.0,311,6,12,4,16,37,3,12
4,11,9.0,311,6,18,4,9,49,4,12
4,11,9.0,311,6,4,4,13,99,3,12
4,11,9.0,311,6,1,4,6,89,4,12
4,11,9.0,311,6,23,4,13,99,2,12
4,11,9.0,311,6,14,4,2,69,0,12
4,11,9.0,311,6,9,4,2,2,4,12
4,11,9.0,311,6,7,4,2,2,4,12
4,11,4.0,275,0,7,4,13,28,4,30
5,2,26.0,3,4,13,4,6,7,0,3
4,11,23.0,232,6,17,4,6,7,3,17
4,11,6.0,252,2,6,4,16,37,3,23
4,11,6.0,252,2,1,4,1,1,4,23
4,11,2.0,265,6,6,4,1,16,4,22
4,11,4.0,275,0,5,4,2,13,0,30
4,11,23.0,232,6,17,4,9,87,3,17
4,11,2.0,265,6,21,4,16,37,3,22
4,11,6.0,252,2,18,4,14,126,4,23
5,2,26.0,3,4,19,4,6,7,4,3
4,11,5.0,240,1,17,4,13,99,3,24
4,11,23.0,232,6,20,4,6,7,4,17
4,11,2.0,265,6,10,4,14,24,3,22
4,11,6.0,252,2,14,4,14,125,4,23
4,11,5.0,240,1,10,4,6,7,0,24
4,11,23.0,232,6,10,4,16,42,4,17
4,11,2.0,265,6,12,4,8,19,3,22
4,11,6.0,252,2,20,4,1,35,3,23
4,11,5.0,240,1,12,4,6,73,3,24
4,11,23.0,232,6,9,4,9,49,4,17
4,11,2.0,265,6,14,4,14,32,3,22
5,2,26.0,3,4,1,4,1,105,3,3
4,11,8.0,283,5,8,4,6,7,0,8
4,11,8.0,283,5,14,4,16,37,4,8
4,11,8.0,283,5,1,4,3,79,4,8
4,11,8.0,283,5,6,4,12,56,4,8
4,11,8.0,283,5,17,4,6,91,4,8
4,11,8.0,283,5,8,4,11,117,3,8
4,11,8.0,283,5,2,4,8,41,3,8
4,9,14.0,106,3,9,4,7,129,3,5
4,9,14.0,106,3,12,4,10,47,3,5
4,9,27.0,179,6,17,4,16,74,3,15
4,9,27.0,179,6,1,4,2,3,4,15
4,9,27.0,179,6,17,4,8,19,4,15
4,9,27.0,179,6,5,4,1,35,2,15
4,9,27.0,179,6,15,4,13,48,0,15
4,9,27.0,179,6,9,4,9,10,4,15
4,9,27.0,179,6,18,4,11,55,3,15
4,9,27.0,179,6,12,4,9,27,3,15
4,9,27.0,179,6,9,4,2,92,4,15
4,7,3.0,269,2,4,4,13,28,3,27
4,7,3.0,269,2,13,4,1,35,0,27
4,7,3.0,269,2,22,4,2,92,4,27
4,7,3.0,269,2,12,4,1,67,3,27
4,7,3.0,269,2,18,4,2,2,4,27
4,7,3.0,269,2,0,4,14,110,3,27
4,7,3.0,269,2,12,4,1,59,3,27
4,7,6.0,93,6,19,4,10,47,3,23
4,7,6.0,93,6,2,4,9,109,4,23
4,7,6.0,93,6,19,4,15,114,3,23
4,11,5.0,240,1,12,4,6,7,3,24
4,11,5.0,240,1,16,4,14,32,4,24
4,11,5.0,240,1,14,4,14,110,2,24
4,11,5.0,240,1,0,4,6,7,3,24
4,11,5.0,240,1,0,4,8,19,3,24
4,11,5.0,240,1,22,4,6,7,0,24
4,11,5.0,240,1,0,4,1,11,3,24
4,11,10.0,360,3,19,4,16,113,3,4
4,11,10.0,360,3,19,4,2,71,4,4
4,11,10.0,360,3,18,4,14,24,3,4
4,11,10.0,360,3,14,4,14,25,0,4
4,11,10.0,360,3,18,4,1,11,3,4
4,11,10.0,360,3,12,4,8,33,3,4
4,11,10.0,360,3,4,4,9,93,3,4
4,11,10.0,360,3,4,4,8,118,3,4
4,11,11.0,175,0,18,4,16,42,4,9
4,11,11.0,175,0,23,4,1,59,4,9
4,11,11.0,175,0,19,4,8,27,3,9
4,11,11.0,175,0,19,4,12,100,3,9
4,11,11.0,175,0,7,4,6,7,3,9
4,11,8.0,283,5,2,4,14,88,4,8
4,11,8.0,283,5,5,4,6,7,0,8
4,11,8.0,283,5,14,4,16,37,3,8
4,11,8.0,283,5,7,4,6,7,3,8
4,11,8.0,283,5,16,4,1,67,3,8
4,11,8.0,283,5,18,4,14,88,4,8
4,11,8.0,283,5,22,4,16,74,3,8
4,11,14.0,147,4,2,4,8,118,4,5
4,11,14.0,147,4,8,4,8,41,3,5
4,11,14.0,147,4,19,4,1,59,3,5
4,11,14.0,147,4,19,4,8,9,3,5
4,11,14.0,147,4,12,4,16,42,1,5
4,11,14.0,147,4,18,4,7,129,4,5
4,11,14.0,147,4,9,4,7,129,4,5
4,11,14.0,147,4,7,4,6,7,3,5
4,11,14.0,147,4,4,4,7,8,4,5
4,11,17.0,110,3,11,4,12,56,3,6
4,11,17.0,110,3,23,4,2,69,3,6
4,11,17.0,110,3,22,4,6,128,4,6
4,11,17.0,110,3,9,4,8,41,3,6
4,11,17.0,110,3,9,4,8,118,4,6
4,11,17.0,110,3,1,4,9,10,4,6
5,0,17.0,12,4,9,4,14,25,3,6
5,0,17.0,12,4,17,4,6,91,4,6
4,11,2.0,265,6,17,4,13,28,2,22
4,11,23.0,232,6,23,4,9,57,3,17
5,0,17.0,12,4,4,4,13,99,3,6
4,11,20.0,340,2,20,4,14,24,1,29
4,11,23.0,232,6,17,4,9,27,3,17
4,11,23.0,232,6,14,4,15,114,3,17
5,0,7.0,15,0,9,4,16,108,4,11
5,0,17.0,12,4,3,4,5,12,3,6
4,11,22.0,250,5,12,4,2,69,3,26
5,0,7.0,15,0,11,4,10,47,3,11
4,11,23.0,232,6,20,4,6,7,3,17
5,0,7.0,15,0,10,4,1,105,2,11
5,0,17.0,12,4,20,4,1,11,4,6
4,11,22.0,250,5,8,4,8,41,3,26
4,11,23.0,232,6,9,4,1,59,4,17
5,0,7.0,15,0,4,4,6,7,3,11
4,11,22.0,250,5,22,4,6,132,3,26
4,11,23.0,232,6,20,4,14,25,4,17
5,0,7.0,15,0,19,4,13,123,3,11
4,11,22.0,250,5,4,4,1,105,3,26
4,11,23.0,232,6,9,4,0,53,3,17
5,0,7.0,15,0,18,4,15,119,3,11
5,0,17.0,12,4,15,4,14,97,3,6
4,11,22.0,250,5,1,4,14,131,4,26
4,11,23.0,232,6,5,4,8,33,3,17
4,11,23.0,232,6,17,4,0,26,0,17
4,11,23.0,232,6,7,4,6,116,4,17
4,3,25.0,347,3,1,4,14,88,4,13
4,3,25.0,347,3,18,4,6,116,4,13
4,3,25.0,347,3,16,4,6,91,4,13
4,3,26.0,343,0,23,4,16,130,3,3
4,3,26.0,343,0,17,4,7,129,4,3
4,3,26.0,343,0,4,4,8,9,3,3
4,11,15.0,331,5,19,4,7,137,4,1
4,3,26.0,343,0,2,4,4,75,3,3
4,3,26.0,343,0,11,4,14,24,1,3
4,3,26.0,343,0,23,4,0,26,3,3
4,3,26.0,343,0,18,4,6,7,2,3
4,11,15.0,331,5,3,4,16,50,3,1
4,5,2.0,307,3,9,4,8,118,4,22
4,5,2.0,307,3,18,4,6,7,4,22
4,5,2.0,307,3,11,4,8,118,3,22
4,5,2.0,307,3,4,4,6,91,3,22
4,5,2.0,307,3,18,4,12,100,3,22
4,5,2.0,307,3,2,4,6,7,3,22
4,5,2.0,307,3,19,4,13,21,4,22
4,5,2.0,307,3,17,4,16,72,0,22
4,5,2.0,307,3,8,4,14,25,3,22
3,4,10.0,79,5,13,4,16,37,3,4
4,11,15.0,331,5,17,4,13,38,3,1
4,11,15.0,331,5,10,4,1,105,4,1
4,5,2.0,307,3,18,4,6,91,4,22
4,11,15.0,331,5,10,4,6,132,4,1
4,5,2.0,307,3,16,4,8,41,4,22
4,5,2.0,307,3,1,4,5,64,3,22
4,11,15.0,331,5,14,4,6,116,4,1
4,5,2.0,307,3,19,4,6,7,3,22
4,11,7.0,253,4,23,4,8,118,4,11
4,5,17.0,212,0,21,4,14,125,4,6
4,11,7.0,253,4,18,4,6,7,3,11
4,11,15.0,331,5,4,4,8,19,3,1
4,11,15.0,331,5,1,4,12,17,4,1
4,11,15.0,331,5,14,4,9,9,3,1
4,11,15.0,331,5,12,4,13,28,3,1
4,11,15.0,331,5,23,4,6,89,4,1
4,5,17.0,212,0,13,4,4,121,0,6
4,5,17.0,212,0,20,4,8,27,3,6
4,11,15.0,331,5,23,4,6,7,4,1
4,5,17.0,212,0,21,4,1,59,3,6
4,11,23.0,232,6,9,4,11,124,4,17
4,11,23.0,232,6,18,4,11,90,4,17
4,11,23.0,232,6,11,4,8,65,4,17
4,11,23.0,232,6,14,4,6,14,4,17
4,11,26.0,364,1,19,4,1,105,3,3
4,11,26.0,364,1,7,4,2,2,3,3
4,11,26.0,364,1,17,4,13,36,3,3
4,11,26.0,364,1,15,4,6,7,0,3
4,11,26.0,364,1,17,4,6,7,3,3
4,11,18.0,332,0,3,4,10,43,0,0
4,11,18.0,332,0,1,4,6,73,3,0
4,11,17.0,110,3,17,4,1,11,3,6
4,11,14.0,147,4,5,4,10,52,0,5
4,11,14.0,147,4,20,4,7,120,3,5
4,11,14.0,147,4,23,4,8,118,4,5
4,11,6.0,252,2,13,4,1,105,3,23
5,0,17.0,12,4,14,4,6,7,0,6
5,0,7.0,15,0,11,4,2,71,3,11
5,0,17.0,12,4,4,4,16,42,3,6
4,11,22.0,250,5,10,4,13,48,4,26
5,0,17.0,12,4,11,4,8,9,3,6
5,0,17.0,12,4,12,4,16,130,3,6
5,0,17.0,12,4,1,4,6,128,3,6
4,11,22.0,250,5,12,4,15,46,4,26
5,0,23.0,237,2,10,4,6,7,4,17
5,0,8.0,9,1,13,4,2,86,0,8
5,0,17.0,12,4,14,4,1,16,3,6
4,11,22.0,250,5,18,4,14,97,4,26
5,0,23.0,237,2,6,4,0,68,3,17
5,0,8.0,9,1,18,4,6,128,3,8
5,0,17.0,12,4,22,4,0,64,3,6
5,0,17.0,12,4,19,4,10,22,3,6
5,0,17.0,12,4,12,4,1,67,3,6
5,0,8.0,9,1,8,4,9,93,4,8
5,0,8.0,9,1,4,4,2,69,0,8
5,0,8.0,9,1,5,4,9,27,3,8
5,0,8.0,9,1,16,4,7,8,4,8
5,0,8.0,9,1,0,4,11,129,4,8
5,0,8.0,9,1,4,4,4,66,3,8
5,0,8.0,9,1,18,4,6,14,4,8
5,0,8.0,9,1,20,4,9,63,0,8
5,0,8.0,9,1,17,4,11,58,4,8
5,0,8.0,9,1,18,4,6,7,0,8
5,0,8.0,9,1,21,4,6,7,3,8
5,0,8.0,9,1,12,4,6,89,4,8
5,0,8.0,9,1,14,4,1,1,1,8
5,0,8.0,9,1,23,4,14,34,3,8
5,0,8.0,9,1,13,4,10,12,3,8
5,0,9.0,48,2,0,4,6,7,3,12
5,0,9.0,48,2,9,4,16,130,4,12
5,0,9.0,48,2,9,4,1,67,3,12
5,0,9.0,48,2,19,4,0,26,3,12
5,0,9.0,48,2,5,4,10,47,3,12
5,0,9.0,48,2,15,4,7,111,3,12
5,0,15.0,190,1,8,4,2,71,0,1
5,0,15.0,190,1,17,4,11,133,3,1
5,0,15.0,190,1,22,4,6,7,3,1
5,0,15.0,190,1,18,4,6,73,2,1
5,0,15.0,190,1,7,4,16,39,0,1
5,0,15.0,190,1,19,4,6,7,3,1
5,0,15.0,190,1,0,4,6,7,3,1
5,0,15.0,190,1,12,4,9,27,0,1
5,0,15.0,190,1,22,4,13,38,0,1
5,0,15.0,190,1,17,4,6,7,4,1
5,0,15.0,190,1,13,4,6,7,4,1
5,0,15.0,190,1,2,4,8,9,3,1
5,0,15.0,190,1,17,4,6,7,4,1
5,0,15.0,190,1,12,4,1,105,3,1
5,0,15.0,190,1,4,4,2,69,3,1
5,0,16.0,11,2,14,4,7,62,3,2
5,0,16.0,11,2,0,4,14,25,3,2
5,0,16.0,11,2,4,4,11,98,0,2
5,10,24.0,261,5,17,4,16,37,4,14
4,7,16.0,40,1,18,4,3,103,3,2
4,7,16.0,40,1,4,4,9,95,3,2
4,7,16.0,40,1,15,4,13,48,3,2
4,7,16.0,40,1,22,4,6,7,3,2
4,7,16.0,40,1,22,4,14,125,3,2
4,7,16.0,40,1,18,4,12,61,4,2
4,7,16.0,40,1,18,4,12,61,1,2
4,7,17.0,95,2,14,4,9,87,4,6
4,7,17.0,95,2,14,4,2,86,3,6
4,7,17.0,95,2,18,4,2,3,4,6
4,7,17.0,95,2,17,4,0,53,3,6
4,7,17.0,95,2,17,4,1,81,4,6
4,7,17.0,95,2,2,4,12,80,3,6
4,7,17.0,95,2,1,4,6,7,4,6
4,7,17.0,95,2,14,4,15,46,4,6
4,7,17.0,95,2,12,4,0,77,4,6
5,10,14.0,174,1,20,4,14,25,2,5
5,10,14.0,174,1,9,4,6,7,3,5
5,10,14.0,174,1,18,4,0,26,3,5
5,10,14.0,174,1,11,4,9,95,3,5
4,7,25.0,41,4,9,4,8,65,4,13
4,11,22.0,250,5,11,4,8,65,2,26
4,11,22.0,250,5,9,4,14,24,3,26
4,11,29.0,270,5,9,4,9,93,3,16
4,11,29.0,270,5,13,4,1,105,0,16
4,11,29.0,270,5,9,4,14,34,3,16
4,11,29.0,270,5,12,4,6,7,3,16
4,11,29.0,270,5,19,4,6,89,3,16
4,11,29.0,270,5,9,4,2,71,4,16
4,11,29.0,270,5,4,4,15,39,3,16
4,9,2.0,323,1,21,4,13,21,0,22
4,9,2.0,323,1,21,4,10,22,3,22
4,9,3.0,217,2,2,4,14,106,4,27
4,9,3.0,217,2,4,4,6,128,3,27
4,9,3.0,217,2,4,4,14,24,4,27
4,9,3.0,217,2,1,4,3,44,3,27
4,9,3.0,217,2,18,4,8,27,4,27
4,9,4.0,295,4,23,4,7,122,3,30
4,9,4.0,295,4,2,4,16,42,3,30
4,9,4.0,295,4,14,4,6,128,3,30
4,9,4.0,295,4,13,4,8,41,4,30
4,9,4.0,295,4,21,4,10,52,3,30
4,11,3.0,288,3,4,4,2,71,4,27
4,11,3.0,288,3,11,4,7,111,3,27
4,11,3.0,288,3,12,4,13,28,3,27
4,11,3.0,288,3,16,4,14,110,4,27
5,2,18.0,7,2,7,4,9,9,4,0
5,0,23.0,237,2,9,4,6,7,3,17
5,0,8.0,9,1,2,4,9,95,3,8
5,2,18.0,7,2,17,4,7,111,4,0
5,0,23.0,237,2,12,4,8,19,0,17
5,0,8.0,9,1,17,4,9,93,4,8
5,2,18.0,7,2,9,4,13,48,0,0
5,0,8.0,9,1,17,4,11,124,4,8
5,2,18.0,7,2,16,4,6,7,4,0
5,2,18.0,7,2,2,4,16,50,4,0
5,2,18.0,7,2,22,4,6,7,3,0
5,2,18.0,7,2,17,4,7,111,4,0
5,2,18.0,7,2,3,4,6,7,3,0
5,2,18.0,7,2,14,4,4,75,3,0
5,2,18.0,7,2,9,4,6,7,3,0
5,2,18.0,7,2,1,4,15,114,3,0
5,2,18.0,7,2,9,4,7,57,4,0
5,2,18.0,7,2,13,4,9,27,3,0
5,2,18.0,7,2,9,4,6,73,4,0
5,2,24.0,22,1,10,4,6,7,4,14
5,2,24.0,22,1,4,4,6,128,3,14
5,2,24.0,22,1,18,4,3,79,3,14
5,2,23.0,230,0,7,4,9,54,4,17
5,2,23.0,230,0,9,4,9,93,1,17
5,2,23.0,230,0,7,4,6,7,4,17
5,2,23.0,230,0,14,4,16,139,3,17
5,2,23.0,230,0,13,4,13,69,3,17
5,2,23.0,230,0,14,4,7,137,3,17
5,2,23.0,230,0,12,4,2,69,3,17
5,2,23.0,230,0,6,4,14,25,0,17
5,2,23.0,230,0,10,4,6,132,4,17
5,2,23.0,230,0,13,4,8,19,2,17
5,2,23.0,230,0,4,4,6,7,3,17
5,2,23.0,230,0,7,4,6,7,3,17
5,2,23.0,230,0,12,4,9,9,0,17
5,2,23.0,230,0,1,4,10,47,3,17
5,0,7.0,15,0,6,4,2,86,3,11
5,0,7.0,15,0,14,4,7,57,3,11
5,0,7.0,15,0,20,4,11,98,4,11
5,0,7.0,15,0,14,4,7,137,4,11
5,2,24.0,22,1,10,4,9,109,4,14
5,2,24.0,22,1,8,4,6,128,3,14
5,2,24.0,22,1,10,4,6,7,3,14
5,2,24.0,22,1,4,4,8,118,3,14
5,2,24.0,22,1,17,4,3,44,3,14
5,2,24.0,22,1,7,4,7,20,3,14
5,2,24.0,22,1,9,4,4,115,3,14
5,2,24.0,22,1,11,4,2,86,0,14
5,2,25.0,233,2,11,4,7,78,3,13
5,2,25.0,233,2,15,4,10,47,3,13
5,2,25.0,233,2,12,4,10,47,3,13
5,2,25.0,233,2,4,4,14,24,4,13
5,2,25.0,233,2,15,4,8,19,0,13
5,2,25.0,233,2,6,4,6,128,0,13
5,2,25.0,233,2,19,4,11,10,4,13
5,2,25.0,233,2,16,4,2,123,0,13
5,2,25.0,233,2,21,4,4,138,4,13
5,2,25.0,233,2,16,4,8,27,3,13
5,2,25.0,233,2,19,4,6,89,3,13
5,2,26.0,3,4,23,4,12,80,4,3
5,2,26.0,3,4,7,4,11,55,4,3
5,0,23.0,237,2,1,4,14,25,3,17
5,0,8.0,9,1,22,4,8,41,3,8
5,0,23.0,237,2,2,4,13,29,3,17
5,0,23.0,237,2,17,4,16,113,3,17
5,0,8.0,9,1,23,4,6,7,4,8
5,0,8.0,9,1,9,4,4,127,4,8
5,0,23.0,237,2,9,4,13,38,3,17
5,0,8.0,9,1,2,4,10,12,3,8
5,0,8.0,9,1,15,4,11,15,3,8
5,0,23.0,237,2,9,4,8,33,4,17
5,0,16.0,11,2,22,4,6,7,3,2
5,0,8.0,9,1,10,4,13,99,3,8
5,0,16.0,11,2,4,4,2,69,3,2
5,0,8.0,9,1,3,4,0,31,3,8
5,0,16.0,11,2,17,4,14,107,3,2
5,0,8.0,9,1,18,4,6,7,3,8
5,0,19.0,13,6,17,4,12,83,4,10
5,0,19.0,13,6,23,4,11,98,4,10
5,0,19.0,13,6,17,4,9,109,3,10
5,0,19.0,13,6,14,4,8,9,3,10
5,0,19.0,13,6,23,4,6,73,4,10
5,0,19.0,13,6,16,4,8,9,4,10
5,0,19.0,13,6,23,4,1,11,4,10
5,0,19.0,13,6,10,4,6,7,4,10
5,0,19.0,13,6,4,4,6,7,3,10
5,0,19.0,13,6,7,4,6,7,4,10
5,0,30.0,228,2,9,4,6,7,4,19
5,0,30.0,228,2,17,4,9,57,3,19
5,0,30.0,228,2,22,4,8,19,0,19
5,0,30.0,228,2,8,4,11,117,3,19
5,0,30.0,228,2,10,4,4,127,3,19
5,0,30.0,228,2,0,4,6,7,0,19
5,0,30.0,228,2,17,4,8,19,3,19
5,0,30.0,228,2,9,4,1,11,3,19
4,11,3.0,288,3,19,4,10,22,3,27
4,11,3.0,288,3,8,4,13,38,3,27
4,11,3.0,288,3,22,4,6,7,3,27
4,11,3.0,288,3,19,4,3,115,3,27
4,9,26.0,267,5,9,4,9,109,4,3
4,9,26.0,267,5,17,4,14,25,3,3
4,9,26.0,267,5,9,4,14,25,4,3
4,9,26.0,267,5,12,4,2,13,3,3
4,9,26.0,267,5,16,4,11,15,3,3
4,7,2.0,160,1,7,4,6,7,4,22
4,7,2.0,160,1,10,4,14,34,3,22
4,7,2.0,160,1,13,4,1,105,3,22
5,8,7.0,70,0,9,4,8,33,4,11
4,7,2.0,160,1,8,4,15,31,3,22
4,7,2.0,160,1,8,4,14,25,3,22
4,7,2.0,160,1,23,4,16,37,1,22
4,7,2.0,160,1,13,4,6,7,3,22
4,7,2.0,160,1,16,4,10,12,3,22
4,7,2.0,160,1,18,4,8,65,3,22
5,8,1.0,66,1,13,4,6,7,0,7
5,8,1.0,66,1,17,4,1,105,3,7
5,8,1.0,66,1,18,4,6,132,3,7
5,10,30.0,157,4,17,4,10,22,0,19
5,0,1.0,8,1,4,4,13,28,3,7
5,0,1.0,8,1,4,4,10,47,0,7
5,0,1.0,8,1,22,4,11,133,4,7
5,0,1.0,8,1,9,4,13,28,3,7
5,0,1.0,8,1,1,4,13,48,0,7
5,0,1.0,8,1,19,4,13,38,3,7
5,0,1.0,8,1,9,4,11,94,3,7
5,0,1.0,8,1,18,4,11,124,3,7
5,0,1.0,8,1,2,4,4,45,3,7
5,0,1.0,8,1,20,4,8,19,3,7
5,0,1.0,8,1,19,4,6,89,4,7
5,0,1.0,8,1,9,4,13,36,3,7
5,0,1.0,8,1,2,4,16,130,3,7
5,0,1.0,8,1,9,4,6,7,0,7
5,0,16.0,11,2,14,4,1,35,4,2
5,0,16.0,11,2,1,4,5,6,3,2
5,0,16.0,11,2,13,4,6,7,3,2
5,0,16.0,11,2,1,4,9,134,3,2
5,0,16.0,11,2,6,4,10,22,3,2
5,0,16.0,11,2,8,4,5,64,3,2
5,0,16.0,11,2,2,4,9,57,0,2
5,0,24.0,55,4,4,4,9,95,3,14
5,0,24.0,55,4,0,4,16,37,3,14
5,0,24.0,55,4,7,4,13,21,3,14
5,0,24.0,55,4,16,4,7,78,3,14
5,0,24.0,55,4,1,4,13,48,0,14
4,9,4.0,295,4,18,4,2,86,3,30
4,9,4.0,295,4,17,4,10,22,3,30
4,9,12.0,177,5,7,4,6,7,4,28
4,9,12.0,177,5,6,4,13,29,3,28
4,9,12.0,177,5,0,4,6,128,4,28
4,9,12.0,177,5,15,4,14,25,3,28
4,9,12.0,177,5,7,4,6,7,3,28
4,9,12.0,177,5,14,4,8,9,4,28
4,9,12.0,177,5,19,4,0,68,3,28
4,9,14.0,106,3,12,4,8,41,2,5
4,9,14.0,106,3,19,4,13,99,3,5
4,9,14.0,106,3,10,4,8,9,4,5
4,9,14.0,106,3,9,4,10,47,3,5
4,9,14.0,106,3,18,4,3,79,3,5
4,9,14.0,106,3,2,4,13,48,0,5
4,9,14.0,106,3,3,4,6,89,3,5
4,9,14.0,106,3,1,4,1,105,4,5
4,9,14.0,106,3,17,4,9,87,4,5
4,9,14.0,106,3,12,4,9,57,3,5
4,9,14.0,106,3,10,4,13,69,2,5
4,9,14.0,106,3,19,4,14,24,0,5
4,7,25.0,41,4,22,4,8,33,3,13
5,10,5.0,336,3,20,4,15,112,2,24
4,7,25.0,41,4,13,4,1,11,3,13
4,7,25.0,41,4,8,4,8,19,3,13
4,7,25.0,41,4,14,4,2,92,4,13
5,10,5.0,336,3,19,4,4,66,3,24
4,7,25.0,41,4,3,4,9,57,3,13
4,7,25.0,41,4,18,4,15,112,3,13
4,7,25.0,41,4,18,4,13,48,4,13
5,6,24.0,31,2,12,4,5,6,3,14
4,7,25.0,41,4,18,4,10,47,3,13
4,7,25.0,41,4,18,4,15,39,3,13
4,7,25.0,41,4,4,4,12,17,4,13
5,6,22.0,185,0,8,4,8,19,0,26
4,3,16.0,263,5,9,4,16,139,4,2
4,1,8.0,62,3,4,4,14,25,3,8
4,1,8.0,62,3,1,4,5,12,1,8
4,1,8.0,62,3,20,4,9,87,3,8
4,1,8.0,62,3,2,4,4,70,3,8
4,1,8.0,62,3,17,4,9,95,4,8
4,1,8.0,62,3,15,4,9,10,3,8
4,7,2.0,160,1,9,4,8,27,3,22
4,1,8.0,62,3,14,4,9,102,3,8
4,7,2.0,160,1,4,4,16,37,3,22
4,1,10.0,17,1,17,4,12,135,4,4
4,6,1.0,158,1,14,4,9,49,3,7
4,6,1.0,158,1,12,4,13,36,3,7
4,6,24.0,31,4,16,4,8,65,4,14
4,6,24.0,31,4,18,4,6,7,4,14
4,6,24.0,31,4,5,4,15,119,3,14
4,6,24.0,31,4,18,4,7,20,4,14
4,6,24.0,31,4,14,4,15,39,3,14
4,6,24.0,31,4,0,4,6,7,4,14
4,6,24.0,31,4,14,4,13,28,3,14
4,6,24.0,31,4,21,4,6,89,4,14
4,6,24.0,31,4,13,4,1,67,3,14
4,6,24.0,31,4,5,4,15,46,3,14
4,6,24.0,31,4,8,4,0,68,3,14
4,6,24.0,31,4,5,4,8,65,4,14
4,6,24.0,31,4,7,4,11,98,4,14
4,6,24.0,31,4,2,4,16,72,3,14
4,6,24.0,31,4,16,4,6,7,4,14
4,10,3.0,310,6,16,4,8,27,4,27
4,10,3.0,310,6,18,4,16,50,4,27
4,3,10.0,4,6,19,4,9,102,3,4
4,3,10.0,4,6,17,4,8,19,4,4
4,3,10.0,4,6,14,4,16,50,4,4
4,3,10.0,4,6,18,4,6,89,4,4
4,3,10.0,4,6,18,4,8,65,4,4
4,3,10.0,4,6,12,4,5,6,3,4
4,3,10.0,4,6,1,4,16,139,4,4
4,3,10.0,4,6,1,4,12,84,3,4
4,3,10.0,4,6,18,4,6,7,3,4
4,3,10.0,4,6,4,4,16,139,4,4
4,3,10.0,4,6,12,4,6,89,3,4
4,3,15.0,35,4,19,4,12,61,3,1
4,3,15.0,35,4,1,4,7,57,3,1
4,3,15.0,35,4,2,4,8,19,3,1
4,3,15.0,35,4,12,4,2,3,3,1
4,3,15.0,35,4,8,4,16,42,3,1
4,3,15.0,35,4,18,4,6,7,3,1
4,3,15.0,35,4,10,4,13,29,3,1
4,3,15.0,35,4,9,4,8,33,4,1
4,3,28.0,187,2,13,4,14,24,0,18
4,3,28.0,187,2,10,4,6,7,4,18
4,5,4.0,114,1,6,4,0,26,3,30
4,5,4.0,114,1,11,4,2,3,3,30
4,5,4.0,114,1,8,4,0,53,3,30
4,5,4.0,114,1,13,4,11,15,3,30
4,5,4.0,114,1,19,4,11,124,4,30
4,5,4.0,114,1,9,4,10,30,3,30
4,5,4.0,114,1,9,4,12,83,4,30
4,5,4.0,114,1,11,4,12,56,0,30
4,5,4.0,114,1,14,4,9,49,3,30
4,5,22.0,163,6,13,4,9,27,1,26
4,5,22.0,163,6,1,4,6,7,3,26
4,5,22.0,163,6,20,4,9,95,3,26
4,5,22.0,163,6,16,4,12,104,4,26
4,5,22.0,163,6,10,4,6,7,4,26
4,5,22.0,163,6,13,4,12,84,3,26
4,5,22.0,163,6,1,4,6,89,3,26
4,5,22.0,163,6,23,4,9,95,3,26
4,5,22.0,163,6,23,4,9,95,3,26
4,5,22.0,163,6,22,4,0,53,3,26
4,5,22.0,163,6,0,4,1,105,3,26
4,1,10.0,17,1,14,4,16,42,4,4
4,1,10.0,17,1,10,4,6,116,3,4
4,1,10.0,17,1,19,4,11,117,1,4
4,1,10.0,17,1,5,4,11,117,3,4
4,1,10.0,17,1,20,4,6,7,3,4
4,1,10.0,17,1,14,4,1,67,3,4
4,1,10.0,17,1,14,4,1,35,3,4
4,1,10.0,17,1,9,4,0,53,3,4
4,1,10.0,17,1,22,4,13,38,3,4
4,1,10.0,17,1,12,4,0,15,3,4
4,1,10.0,17,1,9,4,3,115,3,4
4,1,10.0,17,1,19,4,0,53,3,4
4,1,10.0,17,1,1,4,16,42,4,4
4,1,10.0,17,1,6,4,8,19,3,4
4,1,10.0,17,1,10,4,5,12,3,4
4,1,10.0,17,1,4,4,9,95,4,4
4,7,16.0,40,1,18,4,1,35,3,2
4,7,16.0,40,1,18,4,8,118,3,2
4,7,16.0,40,1,6,4,6,132,3,2
4,3,15.0,35,4,4,4,14,126,4,1
4,3,15.0,35,4,4,4,1,1,3,1
4,3,15.0,35,4,18,4,8,33,4,1
4,3,15.0,35,4,14,4,14,126,3,1
4,3,15.0,35,4,4,4,8,9,3,1
4,3,15.0,35,4,4,4,1,59,4,1
4,3,15.0,35,4,13,4,3,115,3,1
4,3,15.0,35,4,4,4,6,7,4,1
4,3,15.0,35,4,9,4,9,93,3,1
4,3,15.0,35,4,19,4,6,7,4,1
4,3,15.0,35,4,9,4,14,126,3,1
4,3,15.0,35,4,19,4,3,30,3,1
4,3,17.0,54,6,13,4,15,119,3,6
4,3,17.0,54,6,8,4,9,27,3,6
4,3,17.0,54,6,9,4,8,19,4,6
4,3,17.0,54,6,9,4,14,25,0,6
4,3,17.0,54,6,8,4,8,41,3,6
4,3,17.0,54,6,10,4,8,33,4,6
4,3,17.0,54,6,4,4,5,0,3,6
4,3,17.0,54,6,4,4,8,41,4,6
4,3,17.0,54,6,1,4,8,27,3,6
4,5,22.0,163,6,9,4,8,9,4,26
4,5,22.0,163,6,14,4,8,27,1,26
4,5,22.0,163,6,4,4,6,7,0,26
4,5,22.0,163,6,17,4,12,104,4,26
4,5,29.0,24,6,13,4,11,124,3,16
4,5,29.0,24,6,9,4,10,52,3,16
4,5,29.0,24,6,9,4,13,28,4,16
4,5,29.0,24,6,23,4,1,11,3,16
4,5,29.0,24,6,13,4,13,38,0,16
4,5,29.0,24,6,0,4,9,27,0,16
4,5,29.0,24,6,1,4,9,93,3,16
4,5,29.0,24,6,18,4,6,7,0,16
4,5,29.0,24,6,12,4,6,7,3,16
4,5,29.0,24,6,23,4,0,53,3,16
4,5,29.0,24,6,14,4,8,65,3,16
4,5,29.0,24,6,21,4,7,8,3,16
4,5,30.0,294,3,3,4,13,48,0,19
4,5,30.0,294,3,16,4,16,50,3,19
4,5,30.0,294,3,9,4,6,7,3,19
4,5,30.0,294,3,22,4,16,42,3,19
4,5,30.0,294,3,14,4,5,12,3,19
4,3,17.0,54,6,14,4,6,7,4,6
4,3,17.0,54,6,19,4,13,69,3,6
4,3,17.0,54,6,18,4,6,14,3,6
4,3,17.0,54,6,4,4,12,17,4,6
4,3,17.0,54,6,14,4,9,87,4,6
4,3,17.0,54,6,16,4,14,24,4,6
4,3,17.0,54,6,14,4,11,10,4,6
4,3,27.0,361,1,12,4,14,25,3,15
4,3,27.0,361,1,23,4,14,125,3,15
4,3,27.0,361,1,13,4,14,25,0,15
4,3,27.0,361,1,2,4,6,7,0,15
4,3,27.0,361,1,0,4,7,57,4,15
4,3,27.0,361,1,17,4,13,69,0,15
4,3,27.0,361,1,5,4,10,12,3,15
4,3,27.0,361,1,7,4,1,105,4,15
4,3,27.0,361,1,6,4,7,129,4,15
4,3,27.0,361,1,5,4,10,47,3,15
4,3,27.0,361,1,17,4,8,9,3,15
4,3,27.0,361,1,0,4,10,47,3,15
4,3,27.0,361,1,17,4,11,8,4,15
4,3,27.0,361,1,19,4,8,65,0,15
4,5,1.0,109,6,20,4,2,86,3,7
4,5,1.0,109,6,9,4,9,10,4,7
4,5,1.0,109,6,3,4,1,105,2,7
4,5,1.0,109,6,15,4,13,28,3,7
4,5,1.0,109,6,19,4,14,106,4,7
4,5,1.0,109,6,13,4,7,137,3,7
4,5,1.0,109,6,17,4,3,30,0,7
4,5,1.0,109,6,12,4,9,49,3,7
4,5,1.0,109,6,17,4,6,7,0,7
4,5,1.0,109,6,1,4,9,10,4,7
4,5,1.0,109,6,19,4,1,105,4,7
4,5,1.0,109,6,4,4,8,19,4,7
4,5,1.0,109,6,12,4,8,41,3,7
4,5,1.0,109,6,15,4,9,10,3,7
4,5,9.0,206,3,5,4,9,93,3,12
4,5,9.0,206,3,9,4,16,65,0,12
4,5,9.0,206,3,18,4,8,9,4,12
4,5,9.0,206,3,2,4,9,102,3,12
4,5,9.0,206,3,1,4,9,102,4,12
4,5,9.0,206,3,9,4,6,7,4,12
4,5,9.0,206,3,23,4,4,79,3,12
4,5,9.0,206,3,1,4,9,102,4,12
4,5,9.0,206,3,17,4,16,74,3,12
4,5,25.0,350,1,14,4,1,35,0,13
4,5,25.0,350,1,21,4,9,49,2,13
4,5,25.0,350,1,12,4,9,134,4,13
4,5,25.0,350,1,9,4,1,1,3,13
4,5,25.0,350,1,18,4,14,25,3,13
4,5,25.0,350,1,14,4,14,34,3,13
4,5,25.0,350,1,13,4,7,78,3,13
4,5,25.0,350,1,10,4,2,13,2,13
4,5,25.0,350,1,9,4,6,7,3,13
4,5,25.0,350,1,14,4,1,35,3,13
4,5,25.0,350,1,0,4,6,7,3,13
4,5,25.0,350,1,23,4,16,50,3,13
4,5,26.0,37,2,19,4,9,134,4,3
4,5,26.0,37,2,1,4,8,9,0,3
4,5,26.0,37,2,5,4,9,9,3,3
4,10,6.0,242,1,17,4,5,6,3,23
4,10,6.0,242,1,14,4,14,24,3,23
4,10,14.0,174,2,23,4,3,115,0,5
4,6,4.0,159,5,2,4,13,38,0,30
4,6,4.0,159,5,14,4,8,27,1,30
4,6,3.0,99,4,14,4,14,32,4,27
4,6,3.0,99,4,9,4,12,56,3,27
4,6,3.0,99,4,11,4,12,56,0,27
4,10,14.0,174,2,1,4,2,3,4,5
4,10,14.0,174,2,19,4,11,133,4,5
4,10,14.0,174,2,11,4,13,48,4,5
4,10,14.0,174,2,6,4,3,115,3,5
4,10,14.0,174,2,12,4,0,64,3,5
4,10,14.0,174,2,9,4,1,11,4,5
4,10,14.0,174,2,7,4,6,7,3,5
4,10,14.0,174,2,1,4,14,25,3,5
4,10,14.0,174,2,18,4,10,47,3,5
4,10,14.0,174,2,17,4,8,41,2,5
4,6,3.0,99,4,20,4,13,38,0,27
4,10,31.0,135,6,9,4,12,56,4,20
4,10,31.0,135,6,18,4,13,69,0,20
4,10,31.0,135,6,12,4,12,100,3,20
4,10,31.0,135,6,4,4,1,1,3,20
5,11,28.0,123,2,14,4,16,50,3,18
5,11,28.0,123,2,19,4,11,98,3,18
5,11,28.0,123,2,9,4,8,33,3,18
5,11,28.0,123,2,4,4,11,58,2,18
5,11,28.0,123,2,4,4,1,105,3,18
5,11,28.0,123,2,15,4,8,118,3,18
5,9,2.0,323,0,16,4,5,64,3,22
5,9,2.0,323,0,21,4,14,25,4,22
5,9,2.0,323,0,4,4,14,106,4,22
5,9,2.0,323,0,2,4,10,22,3,22
5,9,2.0,323,0,19,4,6,7,0,22
5,9,2.0,323,0,7,4,2,86,4,22
5,9,2.0,323,0,4,4,6,7,3,22
5,9,2.0,323,0,3,4,13,99,2,22
5,9,2.0,323,0,2,4,9,57,3,22
5,9,2.0,323,0,21,4,6,7,3,22
5,9,2.0,323,0,19,4,9,95,3,22
5,9,2.0,323,0,9,4,6,89,3,22
4,10,31.0,135,6,14,4,8,118,3,20
4,10,31.0,135,6,0,4,1,35,4,20
4,10,31.0,135,6,11,4,13,28,0,20
4,10,31.0,135,6,18,4,8,33,4,20
4,10,31.0,135,6,5,4,13,69,3,20
4,10,31.0,135,6,12,4,8,9,0,20
4,10,31.0,135,6,22,4,14,25,0,20
4,10,31.0,135,6,18,4,9,95,4,20
4,6,3.0,99,4,1,4,6,7,3,27
4,5,28.0,259,5,16,4,6,7,2,18
4,1,5.0,219,4,6,4,7,20,3,24
4,5,23.0,168,3,0,4,1,16,0,17
4,1,5.0,219,4,13,4,10,23,3,24
4,1,5.0,219,4,17,4,12,84,4,24
4,1,5.0,219,4,22,4,1,59,3,24
4,1,5.0,219,4,12,4,11,55,4,24
4,1,5.0,219,4,18,4,2,71,4,24
4,5,23.0,168,3,3,4,13,28,3,17
4,1,14.0,183,6,6,4,1,105,3,5
4,1,14.0,183,6,5,4,1,11,1,5
4,1,14.0,183,6,6,4,8,41,4,5
4,10,3.0,310,6,6,4,8,41,4,27
4,10,3.0,310,6,1,4,16,139,3,27
4,10,3.0,310,6,20,4,14,24,3,27
4,10,3.0,310,6,9,4,6,116,0,27
4,10,3.0,310,6,4,4,6,7,4,27
4,10,3.0,310,6,13,4,14,24,1,27
4,10,3.0,310,6,2,4,2,69,3,27
4,10,3.0,310,6,17,4,6,132,4,27
4,10,3.0,310,6,3,4,10,30,3,27
4,10,3.0,310,6,22,4,11,15,3,27
4,1,19.0,29,4,4,4,0,68,4,10
4,1,19.0,29,4,14,4,6,14,4,10
4,1,27.0,262,5,15,4,0,15,1,15
4,7,17.0,95,2,12,4,5,12,3,6
4,1,27.0,262,5,2,4,2,13,3,15
4,1,27.0,262,5,4,4,9,102,4,15
4,7,25.0,41,4,18,4,6,91,4,13
4,1,27.0,262,5,18,4,11,55,4,15
4,1,27.0,262,5,19,4,2,69,4,15
4,7,25.0,41,4,1,4,6,7,4,13
4,7,25.0,41,4,6,4,14,126,4,13
4,1,27.0,262,5,9,4,8,9,4,15
4,7,25.0,41,4,17,4,13,38,4,13
4,1,27.0,262,5,12,4,6,7,0,15
4,1,27.0,262,5,1,4,11,8,4,15
4,1,27.0,262,5,9,4,15,112,4,15
4,1,27.0,262,5,19,4,8,118,3,15
4,1,27.0,262,5,15,4,6,14,4,15
4,1,27.0,262,5,22,4,9,87,0,15
4,8,1.0,66,2,17,4,1,11,0,7
4,6,5.0,342,6,4,4,5,6,3,24
4,6,5.0,342,6,10,4,6,7,4,24
4,6,5.0,342,6,2,4,6,7,4,24
4,6,5.0,342,6,13,4,13,48,0,24
4,6,5.0,342,6,17,4,1,59,3,24
4,6,5.0,342,6,1,4,8,19,4,24
4,6,5.0,342,6,12,4,14,32,3,24
4,6,5.0,342,6,13,4,12,104,3,24
4,6,14.0,173,0,17,4,8,9,1,5
4,6,14.0,173,0,17,4,6,7,3,5
4,6,14.0,173,0,6,4,6,7,4,5
4,6,14.0,173,0,12,4,11,18,1,5
4,6,14.0,173,0,2,4,0,26,0,5
4,6,14.0,173,0,19,4,16,50,1,5
4,6,14.0,173,0,1,4,2,86,3,5
4,6,14.0,173,0,2,4,7,20,3,5
4,6,14.0,173,0,9,4,8,19,4,5
4,6,14.0,173,0,17,4,5,12,3,5
4,6,14.0,173,0,10,4,9,10,3,5
4,6,14.0,173,0,2,4,13,48,0,5
4,6,14.0,173,0,1,4,16,139,4,5
4,6,21.0,193,0,17,4,10,47,3,21
4,6,21.0,193,0,9,4,10,6,3,21
5,9,2.0,323,0,18,4,2,86,4,22
5,9,2.0,323,0,13,4,8,9,3,22
5,9,2.0,323,0,17,4,1,105,0,22
5,9,2.0,323,0,4,4,10,23,3,22
5,9,3.0,217,1,19,4,6,128,3,27
5,9,3.0,217,1,6,4,12,104,2,27
5,9,3.0,217,1,19,4,8,41,3,27
5,9,3.0,217,1,18,4,15,85,3,27
5,9,3.0,217,1,14,4,1,35,1,27
5,9,3.0,217,1,22,4,11,98,3,27
5,9,3.0,217,1,18,4,7,57,1,27
5,9,3.0,217,1,11,4,8,9,4,27
5,9,8.0,90,3,12,4,14,25,4,8
5,9,8.0,90,3,17,4,14,24,3,8
5,9,8.0,90,3,4,4,1,59,4,8
5,9,8.0,90,3,7,4,6,7,3,8
5,9,8.0,90,3,23,4,6,91,3,8
5,9,8.0,90,3,13,4,14,25,3,8
5,9,8.0,90,3,1,4,11,129,4,8
5,9,9.0,320,0,2,4,0,53,3,12
5,9,9.0,320,0,12,4,2,2,3,12
5,9,9.0,320,0,1,4,1,35,0,12
5,9,9.0,320,0,9,4,6,132,3,12
5,9,9.0,320,0,17,4,6,91,1,12
5,9,9.0,320,0,9,4,5,6,3,12
5,9,9.0,320,0,1,4,15,108,3,12
5,9,9.0,320,0,9,4,7,120,2,12
5,9,9.0,320,0,11,4,12,104,3,12
5,9,9.0,320,0,9,4,14,106,4,12
5,9,9.0,320,0,10,4,11,98,0,12
5,9,9.0,320,0,19,4,11,94,3,12
5,9,18.0,359,2,11,4,14,24,3,0
5,9,18.0,359,2,18,4,14,97,0,0
5,9,18.0,359,2,6,4,8,19,3,0
5,9,18.0,359,2,14,4,2,2,3,0
5,9,18.0,359,2,13,4,13,99,4,0
5,9,18.0,359,2,10,4,8,9,0,0
5,9,18.0,359,2,1,4,0,53,3,0
4,6,21.0,193,0,12,4,10,22,3,21
4,6,21.0,193,0,12,4,3,30,3,21
4,6,21.0,193,0,7,4,2,60,4,21
4,6,21.0,193,0,22,4,14,32,3,21
4,6,21.0,193,0,15,4,16,42,3,21
4,6,21.0,193,0,19,4,8,41,0,21
4,6,21.0,193,0,23,4,14,97,3,21
4,6,21.0,193,0,4,4,1,59,4,21
4,6,22.0,185,1,14,4,8,41,3,26
4,6,22.0,185,1,12,4,10,47,3,26
4,6,22.0,185,1,17,4,8,9,3,26
4,10,3.0,310,6,17,4,6,7,0,27
4,10,18.0,246,3,13,4,6,7,0,0
4,10,18.0,246,3,8,4,6,89,3,0
4,10,18.0,246,3,1,4,0,68,3,0
4,10,18.0,246,3,22,4,1,67,0,0
4,10,18.0,246,3,22,4,16,72,3,0
4,10,18.0,246,3,16,4,9,95,4,0
4,10,18.0,246,3,9,4,15,112,3,0
4,1,14.0,183,6,17,4,2,71,4,5
4,1,14.0,183,6,23,4,2,2,3,5
4,1,14.0,183,6,6,4,8,41,4,5
4,1,14.0,183,6,6,4,0,12,3,5
4,1,14.0,183,6,22,4,3,30,0,5
4,5,23.0,168,3,1,4,8,41,3,17
4,1,14.0,183,6,16,4,8,19,4,5
4,8,25.0,86,6,14,4,8,27,0,13
4,1,14.0,183,6,17,4,13,38,3,5
4,1,21.0,45,6,0,4,10,47,3,21
4,5,20.0,214,4,13,4,6,7,3,29
4,5,20.0,214,4,13,4,9,101,3,29
4,5,13.0,184,4,9,4,6,7,4,25
4,1,21.0,45,6,16,4,6,14,4,21
4,1,21.0,45,6,21,4,12,17,2,21
4,5,13.0,184,4,7,4,8,118,3,25
4,1,21.0,45,6,13,4,10,52,3,21
4,1,21.0,45,6,14,4,6,7,4,21
4,1,23.0,69,0,12,4,11,129,3,17
4,1,23.0,69,0,15,4,16,37,0,17
4,10,18.0,246,3,21,4,6,14,4,0
4,10,18.0,246,3,4,4,8,19,4,0
4,10,18.0,246,3,9,4,14,110,4,0
4,10,18.0,246,3,5,4,8,9,0,0
4,10,18.0,246,3,0,4,6,14,4,0
4,10,18.0,246,3,3,4,1,11,3,0
4,6,22.0,185,1,15,4,8,9,4,26
4,10,18.0,246,3,1,4,14,106,3,0
4,10,18.0,246,3,12,4,0,85,3,0
4,10,26.0,61,0,18,4,8,65,4,3
4,10,26.0,61,0,8,4,6,91,3,3
4,10,26.0,61,0,1,4,9,101,4,3
4,10,26.0,61,0,1,4,11,124,4,3
4,10,26.0,61,0,4,4,11,55,4,3
4,10,26.0,61,0,0,4,10,43,3,3
4,10,26.0,61,0,19,4,9,101,4,3
4,10,26.0,61,0,2,4,6,7,3,3
4,10,26.0,61,0,4,4,12,121,3,3
4,10,26.0,61,0,0,4,2,69,3,3
4,10,26.0,61,0,1,4,10,47,2,3
4,10,26.0,61,0,18,4,14,34,3,3
4,10,26.0,61,0,7,4,9,95,1,3
4,10,26.0,61,0,20,4,10,47,3,3
4,1,1.0,203,3,1,4,14,32,4,7
4,1,18.0,82,2,19,4,16,39,3,0
4,1,18.0,82,2,6,4,12,84,3,0
4,1,18.0,82,2,14,4,8,41,4,0
4,1,18.0,82,2,1,4,15,77,3,0
4,1,18.0,82,2,9,4,8,9,4,0
4,1,18.0,82,2,21,4,2,92,4,0
4,1,18.0,82,2,19,4,7,20,3,0
4,1,19.0,29,4,12,4,8,65,3,10
4,1,19.0,29,4,16,4,8,41,3,10
4,1,19.0,29,4,18,4,12,135,4,10
4,1,19.0,29,4,9,4,7,129,4,10
4,1,19.0,29,4,4,4,7,129,4,10
4,1,19.0,29,4,14,4,16,42,1,10
4,7,16.0,40,1,14,4,11,129,4,2
4,1,19.0,29,4,16,4,11,94,4,10
4,1,19.0,29,4,16,4,11,94,4,10
4,1,19.0,29,4,2,4,15,51,3,10
4,7,17.0,95,2,22,4,4,4,3,6
4,5,30.0,294,3,0,4,0,64,3,19
4,5,30.0,294,3,19,4,8,9,4,19
4,5,31.0,196,0,17,4,11,117,3,20
4,5,31.0,196,0,13,4,1,67,0,20
4,5,31.0,196,0,7,4,16,113,3,20
4,5,31.0,196,0,16,4,6,89,4,20
4,5,31.0,196,0,17,4,12,56,4,20
4,5,31.0,196,0,8,4,3,103,3,20
4,5,31.0,196,0,4,4,11,98,3,20
4,5,31.0,196,0,8,4,9,102,3,20
4,5,31.0,196,0,1,4,12,80,3,20
4,5,31.0,196,0,8,4,13,38,0,20
4,5,31.0,196,0,4,4,4,5,3,20
4,5,31.0,196,0,16,4,3,115,0,20
4,10,12.0,333,0,14,4,4,136,0,28
4,5,31.0,196,0,18,4,6,73,4,20
4,5,31.0,196,0,9,4,2,2,3,20
4,6,5.0,342,6,1,4,4,127,3,24
4,6,5.0,342,6,13,4,9,87,3,24
4,6,5.0,342,6,5,4,6,7,0,24
4,1,19.0,29,4,14,4,12,135,4,10
4,8,25.0,86,6,13,4,13,48,0,13
4,6,30.0,145,2,15,4,8,33,4,19
4,6,22.0,185,1,3,4,9,95,2,26
4,6,30.0,145,2,22,4,12,17,0,19
4,10,12.0,333,0,5,4,0,53,3,28
4,5,2.0,307,3,9,4,8,118,4,22
4,10,12.0,333,0,4,4,9,93,4,28
4,6,30.0,145,2,0,4,0,64,3,19
4,6,22.0,185,1,9,4,16,74,3,26
4,8,25.0,86,6,12,4,1,16,4,13
4,10,12.0,333,0,8,4,9,10,4,28
4,3,25.0,347,3,15,4,6,128,1,13
4,8,25.0,86,6,1,4,9,63,3,13
4,10,4.0,356,3,13,4,15,77,3,30
4,10,12.0,333,0,23,4,9,87,0,28
4,6,22.0,185,1,4,4,7,111,3,26
4,1,24.0,64,1,1,4,12,84,3,14
4,8,26.0,278,3,16,4,12,84,4,3
4,6,22.0,185,1,9,4,2,13,3,26
4,10,4.0,356,3,18,4,8,118,4,30
4,10,12.0,333,0,19,4,2,69,3,28
4,10,4.0,356,3,15,4,14,25,0,30
4,6,22.0,185,1,1,4,9,95,3,26
4,1,24.0,64,1,4,4,10,23,1,14
4,8,26.0,278,3,17,4,8,19,4,3
4,10,12.0,333,0,11,4,5,6,3,28
4,10,13.0,346,1,18,4,9,93,4,25
4,1,24.0,64,1,14,4,5,6,0,14
4,8,26.0,278,3,1,4,4,138,4,3
4,5,13.0,184,4,6,4,7,20,4,25
4,6,22.0,185,1,19,4,14,25,3,26
4,10,4.0,356,3,5,4,5,64,3,30
4,10,13.0,346,1,14,4,10,43,4,25
4,8,26.0,278,3,4,4,8,27,3,3
4,1,31.0,305,1,4,4,6,7,3,20
4,6,22.0,185,1,17,4,2,13,3,26
4,10,4.0,356,3,16,4,1,105,4,30
4,10,13.0,346,1,15,4,9,102,3,25
4,8,26.0,278,3,0,4,13,28,1,3
4,1,31.0,305,1,7,4,6,7,3,20
4,6,22.0,185,1,10,4,14,106,3,26
4,10,4.0,356,3,1,4,14,88,4,30
4,10,13.0,346,1,9,4,8,33,3,25
4,8,26.0,278,3,4,4,14,106,3,3
4,8,26.0,278,3,17,4,9,95,4,3
4,8,26.0,278,3,18,4,6,89,4,3
4,8,26.0,278,3,20,4,1,35,4,3
4,5,2.0,307,3,11,4,15,114,3,22
4,10,21.0,341,2,13,4,10,22,3,21
4,10,21.0,341,2,20,4,2,13,3,21
4,10,21.0,341,2,1,4,3,76,3,21
4,10,21.0,341,2,2,4,6,7,3,21
4,10,21.0,341,2,8,4,0,26,3,21
4,10,21.0,341,2,16,4,10,30,3,21
4,10,21.0,341,2,13,4,2,86,3,21
4,10,21.0,341,2,9,4,1,105,4,21
4,10,21.0,341,2,9,4,8,27,3,21
4,10,21.0,341,2,12,4,8,33,0,21
4,10,21.0,341,2,18,4,7,111,3,21
4,10,21.0,341,2,1,4,9,58,4,21
4,10,21.0,341,2,2,4,2,69,3,21
4,10,21.0,341,2,22,4,10,43,3,21
4,10,22.0,314,4,19,4,1,11,4,26
4,10,22.0,314,4,13,4,8,27,3,26
4,10,22.0,314,4,18,4,10,52,3,26
4,10,22.0,314,4,11,4,8,19,3,26
4,10,22.0,314,4,19,4,8,19,0,26
4,10,22.0,314,4,14,4,13,48,3,26
4,8,7.0,70,1,1,4,8,9,1,11
4,8,7.0,70,1,14,4,1,105,0,11
4,8,7.0,70,1,14,4,6,128,4,11
4,8,7.0,70,1,21,4,9,109,3,11
4,3,19.0,138,0,1,4,8,41,4,10
4,8,7.0,70,1,1,4,8,9,1,11
4,3,19.0,138,0,23,4,3,44,3,10
4,8,7.0,70,1,15,4,3,115,3,11
4,3,19.0,138,0,9,4,3,30,3,10
4,3,12.0,104,0,18,4,0,96,3,28
4,8,13.0,189,0,0,4,13,29,3,25
4,8,13.0,189,0,4,4,2,2,3,25
4,8,13.0,189,0,17,4,2,13,2,25
4,8,13.0,189,0,15,4,12,104,3,25
4,8,13.0,189,0,18,4,13,48,3,25
4,3,12.0,104,0,21,4,6,7,3,28
4,8,13.0,189,0,4,4,14,110,3,25
4,3,12.0,104,0,19,4,1,67,3,28
4,3,12.0,104,0,1,4,9,9,3,28
4,8,13.0,189,0,7,4,8,65,3,25
4,6,9.0,236,2,8,4,8,118,3,12
4,6,18.0,308,5,16,4,8,9,4,0
4,6,18.0,308,5,22,4,13,28,3,0
4,6,18.0,308,5,17,4,16,130,0,0
4,6,18.0,308,5,2,4,9,27,3,0
4,6,18.0,308,5,13,4,14,24,0,0
4,6,18.0,308,5,19,4,8,65,4,0
4,6,18.0,308,5,8,4,8,41,3,0
4,6,18.0,308,5,18,4,16,42,4,0
4,6,18.0,308,5,6,4,16,37,4,0
4,6,18.0,308,5,23,4,1,67,3,0
4,6,19.0,291,6,6,4,9,9,4,10
4,6,19.0,291,6,6,4,1,67,0,10
4,6,19.0,291,6,2,4,3,76,3,10
4,6,19.0,291,6,6,4,1,67,0,10
4,6,19.0,291,6,12,4,2,2,3,10
4,6,19.0,291,6,8,4,12,104,3,10
4,6,19.0,291,6,17,4,13,28,0,10
4,6,19.0,291,6,5,4,8,41,3,10
4,6,19.0,291,6,13,4,13,28,3,10
4,6,19.0,291,6,12,4,8,19,0,10
4,10,22.0,314,4,10,4,15,51,3,26
4,10,22.0,314,4,5,4,0,53,3,26
4,10,22.0,314,4,14,4,6,7,4,26
4,10,22.0,314,4,16,4,9,101,4,26
4,10,22.0,314,4,19,4,6,89,3,26
4,10,22.0,314,4,21,4,2,60,0,26
4,10,22.0,314,4,16,4,13,48,4,26
4,10,22.0,314,4,18,4,6,128,3,26
4,10,22.0,314,4,11,4,13,48,0,26
4,10,22.0,314,4,9,4,16,50,3,26
4,10,29.0,318,4,19,4,14,126,4,16
4,10,29.0,318,4,20,4,9,10,3,16
4,10,29.0,318,4,20,4,13,36,4,16
4,10,29.0,318,4,1,4,9,63,4,16
4,10,29.0,318,4,4,4,9,101,3,16
4,10,29.0,318,4,17,4,6,128,3,16
4,10,4.0,356,3,22,4,8,9,3,30
4,6,22.0,185,1,6,4,6,7,3,26
4,5,13.0,184,4,6,4,8,118,3,25
4,1,31.0,305,1,23,4,9,102,4,20
4,10,13.0,346,1,11,4,10,47,3,25
4,10,4.0,356,3,5,4,9,57,3,30
4,1,31.0,305,1,9,4,0,64,3,20
4,6,22.0,185,1,9,4,8,19,3,26
4,10,13.0,346,1,14,4,9,10,4,25
4,10,4.0,356,3,1,4,8,9,3,30
4,1,31.0,305,1,5,4,7,111,3,20
4,10,13.0,346,1,0,4,8,9,2,25
4,10,4.0,356,3,4,4,2,2,3,30
4,6,22.0,185,1,15,4,9,9,3,26
4,1,31.0,305,1,13,4,6,7,3,20
4,1,23.0,69,0,16,4,16,139,4,17
4,10,4.0,356,3,8,4,8,41,3,30
4,10,4.0,356,3,11,4,9,10,3,30
4,10,4.0,356,3,1,4,14,125,4,30
4,10,4.0,356,3,4,4,14,125,4,30
4,10,4.0,356,3,14,4,4,103,3,30
4,10,7.0,243,2,15,4,11,124,3,11
4,10,7.0,243,2,8,4,0,26,3,11
4,10,7.0,243,2,1,4,12,83,4,11
4,10,7.0,243,2,23,4,12,135,4,11
5,9,25.0,344,2,2,4,9,101,3,13
5,9,25.0,344,2,18,4,2,69,3,13
5,9,25.0,344,2,9,4,15,112,3,13
5,9,25.0,344,2,19,4,8,65,4,13
5,9,25.0,344,2,9,4,10,22,3,13
5,9,25.0,344,2,2,4,5,12,3,13
5,9,25.0,344,2,4,4,16,72,3,13
5,9,27.0,179,5,18,4,9,109,2,15
5,9,27.0,179,5,9,4,14,32,3,15
5,9,27.0,179,5,1,4,3,115,3,15
5,9,27.0,179,5,6,4,5,12,3,15
5,9,27.0,179,5,18,4,11,55,2,15
5,9,27.0,179,5,18,4,16,37,4,15
5,9,27.0,179,5,2,4,8,9,3,15
5,9,27.0,179,5,14,4,14,106,4,15
5,9,27.0,179,5,18,4,12,104,2,15
5,9,27.0,179,5,9,4,16,37,4,15
5,9,27.0,179,5,3,4,8,41,3,15
5,9,28.0,315,6,18,4,12,80,4,18
5,9,28.0,315,6,18,4,14,126,4,18
4,8,10.0,71,5,9,4,11,8,1,4
4,8,10.0,71,5,8,4,2,2,4,4
4,8,10.0,71,5,18,4,6,128,4,4
4,8,10.0,71,5,9,4,8,27,4,4
4,8,10.0,71,5,12,4,15,114,4,4
4,8,10.0,71,5,20,4,16,42,4,4
4,8,10.0,71,5,4,4,1,11,3,4
4,8,10.0,71,5,7,4,0,26,3,4
4,8,10.0,71,5,10,4,1,105,2,4
4,8,10.0,71,5,14,4,6,7,3,4
4,8,10.0,71,5,1,4,13,36,4,4
4,8,10.0,71,5,4,4,11,8,1,4
4,3,24.0,357,6,18,4,4,136,4,14
4,3,24.0,357,6,11,4,10,47,3,14
4,8,19.0,280,3,6,4,16,139,3,10
4,3,24.0,357,6,19,4,1,67,3,14
4,3,24.0,357,6,2,4,9,93,4,14
4,8,19.0,280,3,9,4,2,86,0,10
4,8,19.0,280,3,1,4,1,67,4,10
4,8,19.0,280,3,9,4,9,83,4,10
4,1,2.0,171,0,15,4,0,12,3,22
4,1,2.0,171,0,20,4,10,52,4,22
4,1,2.0,171,0,6,4,8,41,4,22
4,1,2.0,171,0,10,4,1,105,3,22
4,1,2.0,171,0,9,4,9,93,3,22
4,1,2.0,171,0,18,4,2,13,0,22
4,1,2.0,171,0,14,4,8,118,3,22
4,1,2.0,171,0,19,4,5,6,3,22
4,1,2.0,171,0,12,4,7,20,4,22
4,1,2.0,171,0,9,4,8,9,0,22
4,1,2.0,171,0,17,4,13,38,4,22
4,1,2.0,171,0,22,4,14,25,3,22
4,1,2.0,171,0,1,4,13,28,3,22
4,1,2.0,171,0,19,4,8,9,3,22
4,1,2.0,171,0,1,4,8,9,3,22
4,1,2.0,171,0,8,4,2,86,0,22
4,1,2.0,171,0,20,4,2,86,2,22
4,1,3.0,188,1,12,4,11,133,3,27
4,1,3.0,188,1,3,4,8,27,1,27
4,1,3.0,188,1,16,4,6,91,4,27
4,1,3.0,188,1,4,4,14,24,3,27
4,1,3.0,188,1,15,4,0,77,3,27
4,10,7.0,243,2,9,4,9,93,4,11
4,10,7.0,243,2,9,4,3,4,3,11
4,10,7.0,243,2,17,4,8,65,3,11
4,10,7.0,243,2,20,4,14,25,3,11
4,10,7.0,243,2,22,4,6,89,3,11
4,10,7.0,243,2,9,4,3,115,3,11
4,10,12.0,333,0,18,4,6,7,4,28
4,10,12.0,333,0,17,4,13,28,3,28
4,10,12.0,333,0,17,4,16,72,1,28
4,1,31.0,305,1,4,4,2,69,3,20
4,1,23.0,69,0,14,4,9,87,1,17
4,1,23.0,69,0,4,4,8,9,3,17
4,1,31.0,305,1,18,4,11,10,4,20
4,6,22.0,185,1,21,4,7,120,3,26
4,1,23.0,69,0,17,4,6,7,4,17
4,6,22.0,185,1,9,4,6,73,2,26
4,1,31.0,305,1,9,4,7,78,3,20
4,6,23.0,84,2,1,4,14,126,4,17
4,1,23.0,69,0,1,4,10,30,3,17
4,1,31.0,305,1,5,4,8,19,3,20
4,6,23.0,84,2,3,4,5,6,3,17
4,1,23.0,69,0,19,4,1,59,2,17
4,8,4.0,299,6,6,4,9,93,3,30
4,6,23.0,84,2,18,4,9,95,4,17
4,5,13.0,184,4,0,4,15,108,2,25
4,5,13.0,184,4,5,4,14,25,3,25
4,6,23.0,84,2,15,4,9,102,3,17
4,1,23.0,69,0,19,4,6,128,3,17
4,8,4.0,299,6,9,4,14,125,4,30
4,8,4.0,299,6,19,4,12,56,3,30
4,8,4.0,299,6,22,4,10,47,3,30
4,10,13.0,346,1,13,4,8,41,3,25
4,10,20.0,223,1,6,4,1,35,3,29
4,10,20.0,223,1,18,4,4,75,3,29
4,10,20.0,223,1,2,4,9,57,3,29
4,10,20.0,223,1,17,4,8,118,3,29
4,10,20.0,223,1,16,4,14,97,3,29
4,10,20.0,223,1,19,4,10,30,3,29
4,10,20.0,223,1,5,4,2,86,0,29
4,10,20.0,223,1,2,4,1,35,4,29
4,10,20.0,223,1,18,4,8,41,3,29
4,10,20.0,223,1,18,4,13,48,3,29
4,10,20.0,223,1,1,4,6,128,3,29
4,10,20.0,223,1,22,4,14,25,3,29
4,10,20.0,223,1,17,4,6,89,3,29
4,10,20.0,223,1,0,4,2,69,3,29
4,10,20.0,223,1,13,4,9,9,3,29
4,10,20.0,223,1,11,4,9,95,3,29
4,10,20.0,223,1,19,4,9,93,3,29
4,10,20.0,223,1,5,4,6,7,3,29
4,10,21.0,341,2,19,4,9,83,4,21
4,10,21.0,341,2,21,4,6,7,3,21
4,10,21.0,341,2,19,4,12,56,3,21
4,10,21.0,341,2,6,4,13,38,3,21
4,6,8.0,59,1,16,4,16,72,4,8
4,6,8.0,59,1,14,4,12,61,0,8
4,6,8.0,59,1,18,4,8,41,3,8
4,6,8.0,59,1,5,4,15,77,3,8
4,6,8.0,59,1,13,4,13,28,0,8
4,6,8.0,59,1,6,4,13,28,4,8
4,6,8.0,59,1,20,4,15,119,3,8
4,6,8.0,59,1,9,4,15,46,3,8
4,6,8.0,59,1,8,4,12,61,3,8
4,6,8.0,59,1,17,4,16,72,4,8
4,6,8.0,59,1,14,4,16,130,3,8
4,6,9.0,236,2,14,4,11,55,4,12
4,6,9.0,236,2,9,4,13,36,3,12
4,6,9.0,236,2,14,4,6,7,4,12
4,6,9.0,236,2,1,4,13,99,4,12
4,6,9.0,236,2,2,4,6,14,3,12
4,6,9.0,236,2,4,4,16,139,3,12
4,6,9.0,236,2,18,4,6,7,3,12
4,6,9.0,236,2,0,4,16,37,0,12
4,6,9.0,236,2,14,4,16,130,3,12
4,6,9.0,236,2,14,4,6,132,4,12
4,8,4.0,299,6,13,4,14,24,3,30
4,8,4.0,299,6,19,4,2,2,1,30
4,8,4.0,299,6,12,4,14,25,4,30
4,8,4.0,299,6,12,4,9,101,3,30
4,8,4.0,299,6,22,4,10,22,0,30
4,8,4.0,299,6,11,4,13,38,3,30
4,8,4.0,299,6,2,4,3,115,3,30
4,8,4.0,299,6,1,4,7,120,2,30
4,5,11.0,326,1,17,4,3,30,3,9
4,8,5.0,101,3,9,4,9,83,4,24
4,8,5.0,101,3,15,4,2,35,4,24
4,8,5.0,101,3,9,4,8,118,3,24
4,8,5.0,101,3,12,4,16,65,3,24
4,5,5.0,96,2,4,4,6,7,0,24
4,3,21.0,338,2,17,4,8,19,4,21
4,8,5.0,101,3,12,4,14,88,4,24
4,8,5.0,101,3,5,4,5,6,3,24
4,8,5.0,101,3,9,4,12,84,4,24
4,8,5.0,101,3,9,4,12,83,3,24
4,8,25.0,86,6,9,4,9,93,4,13
4,8,25.0,86,6,11,4,9,102,3,13
4,3,25.0,347,3,12,4,8,19,3,13
4,8,25.0,86,6,1,4,13,48,3,13
4,8,25.0,86,6,9,4,8,27,3,13
4,8,25.0,86,6,9,4,9,95,3,13
4,1,23.0,69,0,16,4,14,25,4,17
4,1,23.0,69,0,23,4,13,29,3,17
4,1,23.0,69,0,23,4,14,25,4,17
4,1,23.0,69,0,1,4,13,38,3,17
4,1,23.0,69,0,13,4,8,9,3,17
4,1,23.0,69,0,19,4,16,74,3,17
4,1,23.0,69,0,12,4,13,48,0,17
4,1,23.0,69,0,19,4,15,31,4,17
4,6,23.0,84,2,17,4,12,83,4,17
4,1,23.0,69,0,2,4,6,7,3,17
4,1,24.0,64,1,1,4,6,7,3,14
4,1,24.0,64,1,18,4,9,93,3,14
4,1,24.0,64,1,2,4,13,69,4,14
4,5,26.0,37,2,9,4,11,122,4,3
4,5,26.0,37,2,4,4,11,124,4,3
4,5,26.0,37,2,1,4,1,1,3,3
4,5,26.0,37,2,22,4,3,30,3,3
4,5,26.0,37,2,18,4,14,32,4,3
4,5,26.0,37,2,1,4,9,134,2,3
4,5,26.0,37,2,13,4,15,51,4,3
4,5,27.0,328,4,9,4,10,22,3,15
4,5,27.0,328,4,23,4,12,17,2,15
4,5,27.0,328,4,20,4,1,67,3,15
4,5,27.0,328,4,4,4,14,25,0,15
4,5,27.0,328,4,14,4,13,28,0,15
4,5,27.0,328,4,17,4,9,134,4,15
4,5,27.0,328,4,12,4,12,104,3,15
4,5,27.0,328,4,18,4,8,27,3,15
4,5,27.0,328,4,1,4,13,48,3,15
4,5,27.0,328,4,6,4,9,27,0,15
4,5,27.0,328,4,14,4,6,7,3,15
4,6,8.0,59,1,19,4,2,2,4,8
4,6,8.0,59,1,13,4,12,17,3,8
4,6,8.0,59,1,18,4,16,113,3,8
4,1,3.0,188,1,12,4,1,35,3,27
4,1,3.0,188,1,16,4,14,25,0,27
4,1,3.0,188,1,8,4,15,46,3,27
4,1,3.0,188,1,1,4,4,4,3,27
4,1,3.0,188,1,22,4,10,47,3,27
4,1,9.0,50,0,4,4,2,69,3,12
4,1,9.0,50,0,14,4,14,126,3,12
4,1,9.0,50,0,20,4,10,47,3,12
4,1,9.0,50,0,2,4,1,35,4,12
4,1,9.0,50,0,14,4,12,104,4,12
4,1,9.0,50,0,15,4,13,28,3,12
4,1,9.0,50,0,6,4,8,27,4,12
4,1,9.0,50,0,14,4,2,35,4,12
4,1,9.0,50,0,17,4,6,116,3,12
4,1,9.0,50,0,5,4,13,48,3,12
4,1,9.0,50,0,14,4,2,35,4,12
4,1,9.0,50,0,6,4,2,2,4,12
4,8,19.0,280,3,19,4,5,6,3,10
4,8,19.0,280,3,17,4,9,93,4,10
4,8,19.0,280,3,3,4,9,93,4,10
4,3,24.0,357,6,4,4,6,7,3,14
4,8,19.0,280,3,18,4,1,81,4,10
4,8,19.0,280,3,0,4,9,93,4,10
4,8,19.0,280,3,15,4,1,16,3,10
4,8,19.0,280,3,5,4,4,75,3,10
4,8,19.0,280,3,19,4,15,114,3,10
4,8,19.0,280,3,9,4,11,133,3,10
4,8,19.0,280,3,9,4,1,16,4,10
4,8,19.0,280,3,1,4,14,25,3,10
4,8,25.0,86,6,1,4,14,34,3,13
4,8,25.0,86,6,12,4,9,95,3,13
4,8,25.0,86,6,17,4,13,69,3,13
4,6,23.0,84,2,9,4,6,7,4,17
4,6,23.0,84,2,21,4,4,75,0,17
4,6,23.0,84,2,22,4,6,7,3,17
4,6,23.0,84,2,17,4,2,123,4,17
4,6,23.0,84,2,1,4,2,123,4,17
4,6,23.0,84,2,5,4,8,9,3,17
4,6,23.0,84,2,1,4,1,35,3,17
4,6,23.0,84,2,6,4,1,81,4,17
4,6,23.0,84,2,21,4,1,105,4,17
4,6,23.0,84,2,21,4,11,133,4,17
4,6,28.0,309,0,18,4,10,22,3,18
4,6,28.0,309,0,6,4,14,25,4,18
4,6,28.0,309,0,16,4,3,115,0,18
4,6,28.0,309,0,18,4,8,9,4,18
4,1,1.0,203,3,17,4,7,111,3,7
4,1,1.0,203,3,19,4,6,7,0,7
4,1,1.0,203,3,13,4,1,11,4,7
4,1,1.0,203,3,3,4,6,7,0,7
4,1,1.0,203,3,14,4,6,73,3,7
4,1,1.0,203,3,17,4,16,139,3,7
4,1,1.0,203,3,1,4,6,14,4,7
4,1,1.0,203,3,18,4,16,113,3,7
4,1,1.0,203,3,7,4,8,33,4,7
4,1,1.0,203,3,9,4,15,96,3,7
4,1,1.0,203,3,17,4,0,77,4,7
4,1,1.0,203,3,8,4,10,22,3,7
4,1,1.0,203,3,2,4,14,106,3,7
4,1,1.0,203,3,19,4,6,7,4,7
4,1,1.0,203,3,20,4,5,64,3,7
4,1,2.0,171,0,5,4,9,95,3,22
4,1,2.0,171,0,20,4,6,7,4,22
4,1,2.0,171,0,20,4,6,7,3,22
4,1,2.0,171,0,14,4,13,48,4,22
4,1,2.0,171,0,18,4,14,25,3,22
4,1,2.0,171,0,23,4,1,105,3,22
4,7,25.0,41,4,20,4,12,17,4,13
4,8,1.0,66,2,21,4,11,133,4,7
4,8,1.0,66,2,13,4,6,7,3,7
4,8,1.0,66,2,6,4,0,85,3,7
4,3,16.0,263,5,13,4,6,7,0,2
4,8,1.0,66,2,18,4,9,102,3,7
4,8,1.0,66,2,17,4,12,121,0,7
4,8,1.0,66,2,19,4,12,61,3,7
4,8,1.0,66,2,2,4,10,43,3,7
4,8,1.0,66,2,1,4,2,92,4,7
4,8,1.0,66,2,16,4,14,25,4,7
4,8,1.0,66,2,13,4,13,61,3,7
4,8,10.0,71,5,7,4,7,54,3,4
4,8,10.0,71,5,8,4,13,48,3,4
4,8,10.0,71,5,3,4,6,89,4,4
4,8,10.0,71,5,18,4,13,29,4,4
4,8,10.0,71,5,13,4,12,17,1,4
5,6,22.0,185,0,13,4,16,37,0,26
4,3,16.0,263,5,12,4,14,34,2,2
4,3,16.0,263,5,13,4,10,22,3,2
4,6,28.0,309,0,20,4,15,46,3,18
4,6,28.0,309,0,6,4,9,95,3,18
4,6,28.0,309,0,2,4,2,86,3,18
4,6,28.0,309,0,1,4,6,7,3,18
4,6,30.0,145,2,11,4,14,106,3,19
4,6,30.0,145,2,18,4,5,12,3,19
4,6,30.0,145,2,4,4,11,10,4,19
4,6,30.0,145,2,8,4,16,72,3,19
4,6,30.0,145,2,4,4,10,22,3,19
4,6,30.0,145,2,22,4,14,32,3,19
4,6,30.0,145,2,1,4,6,7,4,19
4,6,30.0,145,2,18,4,2,2,3,19
4,6,30.0,145,2,18,4,7,54,4,19
4,6,30.0,145,2,21,4,2,40,4,19
4,6,30.0,145,2,16,4,8,27,3,19
5,1,8.0,62,6,5,4,13,29,0,8
5,1,8.0,62,6,19,4,10,52,3,8
5,3,8.0,148,2,23,4,6,128,3,8
5,1,28.0,300,5,16,4,8,19,1,18
5,1,8.0,62,6,18,4,0,15,3,8
5,1,8.0,62,6,22,4,7,62,3,8
5,3,8.0,148,2,16,4,6,89,3,8
5,7,12.0,181,4,1,4,6,7,3,28
5,7,12.0,181,4,20,4,16,139,2,28
5,7,12.0,181,4,4,4,10,22,0,28
5,1,2.0,171,3,9,4,1,16,3,22
5,1,2.0,171,3,9,4,6,132,4,22
5,7,17.0,95,1,20,4,7,111,3,6
5,1,2.0,171,3,6,4,9,27,0,22
5,7,17.0,95,1,17,4,10,47,3,6
5,1,2.0,171,3,23,4,2,69,3,22
5,1,2.0,171,3,18,4,8,9,4,22
5,1,2.0,171,3,18,4,1,81,4,22
5,1,2.0,171,3,9,4,1,16,4,22
5,1,2.0,171,3,21,4,9,87,4,22
5,7,17.0,95,1,0,4,7,78,4,6
5,7,17.0,95,1,8,4,9,57,2,6
5,1,2.0,171,3,6,4,6,7,4,22
5,7,17.0,95,1,23,4,2,69,3,6
5,4,24.0,27,6,18,4,14,34,4,14
5,1,18.0,82,1,18,4,8,27,3,0
5,1,2.0,171,3,14,4,5,6,3,22
5,7,20.0,266,5,13,4,16,130,3,29
5,1,10.0,17,0,4,4,9,49,3,4
5,7,20.0,266,5,7,4,9,109,4,29
5,7,25.0,41,2,19,4,16,65,4,13
5,6,18.0,308,4,17,4,1,1,4,0
5,6,18.0,308,4,16,4,6,132,3,0
5,6,18.0,308,4,1,4,16,50,3,0
5,6,18.0,308,4,15,4,1,67,3,0
5,6,18.0,308,4,22,4,9,134,4,0
5,6,18.0,308,4,1,4,1,59,3,0
5,6,18.0,308,4,1,4,7,62,3,0
5,6,18.0,308,4,18,4,12,100,2,0
5,6,18.0,308,4,9,4,8,27,4,0
5,6,19.0,291,5,13,4,5,12,0,10
5,6,19.0,291,5,14,4,9,49,3,10
5,6,19.0,291,5,14,4,9,10,4,10
5,6,19.0,291,5,4,4,16,50,4,10
5,6,19.0,291,5,11,4,6,7,3,10
5,6,19.0,291,5,12,4,7,137,3,10
5,2,1.0,16,3,11,4,6,7,0,7
5,6,19.0,291,5,10,4,6,7,3,10
5,6,19.0,291,5,13,4,9,95,3,10
5,6,19.0,291,5,14,4,1,105,4,10
5,6,19.0,291,5,12,4,8,19,3,10
5,6,19.0,291,5,17,4,8,33,1,10
5,6,19.0,291,5,14,4,16,50,4,10
5,6,19.0,291,5,23,4,9,134,4,10
5,10,7.0,243,1,17,4,12,84,0,11
5,10,7.0,243,1,3,4,8,19,3,11
5,10,7.0,243,1,23,4,13,48,3,11
5,10,7.0,243,1,1,4,5,12,3,11
5,10,8.0,213,2,6,4,12,80,0,8
5,10,8.0,213,2,22,4,14,25,3,8
5,10,8.0,213,2,16,4,8,27,0,8
5,10,8.0,213,2,21,4,8,27,0,8
5,10,8.0,213,2,14,4,1,105,3,8
5,10,8.0,213,2,21,4,0,12,3,8
5,10,8.0,213,2,22,4,3,115,3,8
5,10,9.0,150,4,1,4,5,12,3,12
5,10,9.0,150,4,0,4,14,25,4,12
5,10,9.0,150,4,17,4,11,117,3,12
5,10,9.0,150,4,14,4,3,4,3,12
5,10,9.0,150,4,0,4,10,30,3,12
5,10,9.0,150,4,17,4,14,25,3,12
5,10,9.0,150,4,1,4,8,118,0,12
5,10,9.0,150,4,1,4,6,132,3,12
5,10,9.0,150,4,18,4,14,106,4,12
5,10,9.0,150,4,20,4,6,7,3,12
5,1,10.0,17,0,12,4,13,48,0,4
5,7,25.0,41,2,16,4,9,54,1,13
5,7,25.0,41,2,18,4,6,128,4,13
5,1,10.0,17,0,2,4,9,102,3,4
5,1,10.0,17,0,13,4,12,84,3,4
5,1,10.0,17,0,12,4,14,25,3,4
5,7,25.0,41,2,2,4,14,25,3,13
5,1,12.0,353,2,6,4,16,72,3,28
5,7,25.0,41,2,11,4,10,52,3,13
5,1,12.0,353,2,14,4,7,120,2,28
5,1,12.0,353,2,6,4,6,7,3,28
5,1,12.0,353,2,8,4,0,77,3,28
5,1,12.0,353,2,21,4,11,10,3,28
5,1,12.0,353,2,18,4,6,116,4,28
5,1,12.0,353,2,14,4,6,7,4,28
5,1,12.0,353,2,2,4,11,10,4,28
5,1,12.0,353,2,13,4,16,37,2,28
5,1,12.0,353,2,12,4,10,47,0,28
5,1,12.0,353,2,6,4,9,109,3,28
5,1,12.0,353,2,21,4,1,16,4,28
5,7,25.0,41,2,14,4,13,38,3,13
5,3,8.0,148,2,17,4,6,89,3,8
5,1,8.0,62,6,20,4,14,25,3,8
5,3,8.0,148,2,9,4,3,103,3,8
5,1,8.0,62,6,14,4,9,49,4,8
5,1,8.0,62,6,18,4,12,56,4,8
5,10,29.0,318,2,13,4,13,48,3,16
5,10,25.0,56,6,18,4,8,41,4,13
5,10,29.0,318,2,4,4,2,40,3,16
5,1,28.0,300,5,0,4,1,67,3,18
5,1,18.0,82,1,22,4,8,33,3,0
5,4,24.0,27,6,5,4,14,25,3,14
5,10,29.0,318,2,9,4,15,46,3,16
5,10,25.0,56,6,18,4,6,7,4,13
5,1,28.0,300,5,20,4,2,69,3,18
5,1,8.0,62,6,0,4,16,50,0,8
5,1,28.0,300,5,12,4,15,31,2,18
5,1,8.0,62,6,16,4,14,25,4,8
5,2,1.0,16,3,9,4,9,54,4,7
5,4,24.0,27,6,15,4,9,57,3,14
5,10,25.0,56,6,8,4,13,123,3,13
5,10,29.0,318,2,6,4,1,16,4,16
5,1,18.0,82,1,13,4,6,89,3,0
5,10,29.0,318,2,3,4,1,11,2,16
5,2,1.0,16,3,11,4,14,25,3,7
5,4,24.0,27,6,3,4,8,9,3,14
5,10,25.0,56,6,7,4,4,75,3,13
5,1,14.0,183,5,11,4,14,25,3,5
5,1,18.0,82,1,4,4,9,54,3,0
5,1,28.0,300,5,0,4,3,44,3,18
5,10,29.0,318,2,9,4,12,104,4,16
5,2,1.0,16,3,6,4,8,19,4,7
5,1,23.0,69,3,9,4,1,35,4,17
5,2,1.0,16,3,14,4,7,137,3,7
5,10,25.0,56,6,18,4,8,41,4,13
5,10,29.0,318,2,6,4,6,7,4,16
5,1,14.0,183,5,18,4,4,66,3,5
5,1,28.0,300,5,10,4,1,35,4,18
5,1,20.0,151,4,17,4,12,61,3,29
5,1,23.0,69,3,1,4,9,49,4,17
5,2,1.0,16,3,9,4,8,65,3,7
5,10,29.0,318,2,9,4,1,59,4,16
5,1,14.0,183,5,14,4,9,49,4,5
5,3,16.0,263,4,13,4,7,57,3,2
5,1,20.0,151,4,19,4,16,139,4,29
5,1,23.0,69,3,15,4,13,28,3,17
5,2,1.0,16,3,17,4,12,104,4,7
5,10,25.0,56,6,2,4,13,38,0,13
5,10,29.0,318,2,2,4,6,7,3,16
5,1,3.0,188,0,21,4,1,16,4,27
5,1,3.0,188,0,19,4,11,98,3,27
5,1,3.0,188,0,19,4,11,55,4,27
5,1,3.0,188,0,22,4,3,76,3,27
5,1,3.0,188,0,18,4,6,7,3,27
5,1,3.0,188,0,9,4,3,79,4,27
5,1,3.0,188,0,17,4,2,40,4,27
5,1,17.0,63,0,18,4,6,89,4,6
5,1,17.0,63,0,9,4,9,10,0,6
5,1,17.0,63,0,12,4,13,28,3,6
5,1,17.0,63,0,7,4,13,48,0,6
5,1,22.0,164,6,9,4,16,72,4,26
5,1,22.0,164,6,16,4,5,64,3,26
5,1,22.0,164,6,23,4,9,95,3,26
5,1,22.0,164,6,12,4,9,57,0,26
5,3,16.0,263,4,9,4,6,132,4,2
5,1,22.0,164,6,12,4,9,63,3,26
5,1,22.0,164,6,6,4,8,9,3,26
5,1,22.0,164,6,14,4,7,54,2,26
5,1,22.0,164,6,12,4,6,91,3,26
5,1,22.0,164,6,17,4,11,122,4,26
5,1,22.0,164,6,23,4,11,15,4,26
5,1,22.0,164,6,18,4,14,25,4,26
5,1,22.0,164,6,2,4,10,22,0,26
5,1,22.0,164,6,9,4,12,135,4,26
5,1,22.0,164,6,14,4,8,9,1,26
5,1,3.0,188,0,1,4,1,1,3,27
5,1,3.0,188,0,11,4,9,57,3,27
5,1,3.0,188,0,17,4,6,132,4,27
5,1,3.0,188,0,9,4,5,12,3,27
5,1,3.0,188,0,1,4,8,19,3,27
5,1,3.0,188,0,12,4,4,45,4,27
5,1,3.0,188,0,14,4,6,7,3,27
5,1,4.0,286,1,1,4,15,31,3,30
5,1,4.0,286,1,5,4,6,7,0,30
5,1,4.0,286,1,15,4,1,67,0,30
5,1,4.0,286,1,13,4,13,48,3,30
5,1,4.0,286,1,9,4,0,15,4,30
5,1,4.0,286,1,11,4,6,7,3,30
5,1,4.0,286,1,16,4,6,7,1,30
5,1,4.0,286,1,9,4,8,19,3,30
5,1,4.0,286,1,3,4,16,72,3,30
5,1,4.0,286,1,20,4,4,138,3,30
5,1,4.0,286,1,18,4,16,108,3,30
5,1,4.0,286,1,0,4,1,11,3,30
5,1,4.0,286,1,15,4,3,70,3,30
5,1,4.0,286,1,19,4,2,2,3,30
5,1,28.0,300,5,12,4,9,95,3,18
5,7,26.0,316,4,12,4,9,87,3,3
5,1,28.0,300,5,14,4,6,91,4,18
5,1,29.0,112,6,3,4,2,123,3,16
5,7,26.0,316,4,9,4,12,135,4,3
5,7,26.0,316,4,3,4,8,65,0,3
5,7,27.0,53,5,2,4,6,7,0,15
5,1,29.0,112,6,0,4,11,122,1,16
5,1,29.0,112,6,21,4,7,57,3,16
5,1,29.0,112,6,14,4,11,122,4,16
5,1,29.0,112,6,13,4,10,22,0,16
5,1,29.0,112,6,9,4,8,19,4,16
5,1,29.0,112,6,22,4,8,9,3,16
5,8,3.0,363,4,17,4,6,7,3,27
5,8,3.0,363,4,12,4,6,91,4,27
5,8,3.0,363,4,19,4,9,95,3,27
5,8,3.0,363,4,17,4,0,31,3,27
5,8,3.0,363,4,18,4,7,57,4,27
5,8,3.0,363,4,15,4,6,14,4,27
5,8,15.0,72,1,9,4,9,95,4,1
5,8,15.0,72,1,12,4,2,40,3,1
5,8,15.0,72,1,1,4,3,44,4,1
5,8,15.0,72,1,3,4,6,89,3,1
5,8,15.0,72,1,18,4,13,28,3,1
5,8,15.0,72,1,17,4,13,28,0,1
5,8,15.0,72,1,18,4,8,41,3,1
5,8,15.0,72,1,14,4,1,11,4,1
5,8,15.0,72,1,14,4,6,132,3,1
5,4,15.0,132,4,9,4,12,121,3,1
5,4,15.0,132,4,10,4,0,85,3,1
5,4,15.0,132,4,12,4,15,114,3,1
5,4,15.0,132,4,4,4,1,105,3,1
5,4,24.0,27,6,18,4,1,105,0,14
5,4,24.0,27,6,5,4,6,7,3,14
5,4,24.0,27,6,13,4,15,46,3,14
5,1,20.0,151,4,11,4,6,89,3,29
5,1,23.0,69,3,3,4,13,38,3,17
5,2,1.0,16,3,9,4,16,108,3,7
5,10,25.0,56,6,14,4,11,94,3,13
5,1,20.0,151,4,14,4,2,3,0,29
5,1,23.0,69,3,3,4,5,12,3,17
5,1,15.0,1,6,17,4,11,98,4,1
5,2,1.0,16,3,1,4,6,7,4,7
5,3,16.0,263,4,1,4,0,12,3,2
5,1,15.0,1,6,9,4,16,50,3,1
5,10,25.0,56,6,19,4,10,52,3,13
3,0,23.0,237,1,17,4,13,28,0,17
5,2,1.0,16,3,19,4,8,65,4,7
5,1,15.0,1,6,22,4,11,94,3,1
5,1,14.0,183,5,15,4,14,32,3,5
5,1,20.0,151,4,11,4,0,26,3,29
5,1,23.0,69,3,9,4,14,106,4,17
5,1,23.0,69,3,19,4,1,67,0,17
5,1,23.0,69,3,11,4,15,31,3,17
5,1,23.0,69,3,22,4,1,67,0,17
5,1,23.0,69,3,16,4,14,25,4,17
5,1,23.0,69,3,22,4,9,101,0,17
5,1,23.0,69,3,4,4,8,27,3,17
5,1,23.0,69,3,1,4,3,115,3,17
5,8,6.0,87,3,19,4,6,7,2,23
5,8,6.0,87,3,12,4,12,56,3,23
5,8,6.0,87,3,1,4,15,108,3,23
5,8,6.0,87,3,18,4,5,12,3,23
5,8,6.0,87,3,1,4,6,7,3,23
5,8,17.0,74,4,18,4,6,91,4,6
5,8,17.0,74,4,5,4,6,89,3,6
5,1,4.0,286,1,3,4,11,8,3,30
5,1,4.0,286,1,11,4,6,7,3,30
5,1,11.0,111,1,9,4,8,118,3,9
5,1,3.0,188,0,4,4,14,25,0,27
5,1,11.0,111,1,17,4,14,25,3,9
5,1,11.0,111,1,17,4,13,48,3,9
5,1,11.0,111,1,7,4,15,112,4,9
5,1,11.0,111,1,15,4,13,38,3,9
5,1,11.0,111,1,9,4,2,92,3,9
5,1,11.0,111,1,6,4,8,9,4,9
5,1,11.0,111,1,14,4,6,7,3,9
5,1,13.0,207,4,1,4,8,41,3,25
5,1,13.0,207,4,12,4,2,2,3,25
5,1,13.0,207,4,9,4,4,5,4,25
5,1,13.0,207,4,2,4,6,7,0,25
5,1,13.0,207,4,10,4,2,2,3,25
5,1,13.0,207,4,2,4,2,92,3,25
5,1,13.0,207,4,11,4,12,56,2,25
5,1,13.0,207,4,4,4,13,29,0,25
5,8,3.0,363,4,18,4,14,107,3,27
5,8,3.0,363,4,16,4,16,72,3,27
5,8,4.0,299,5,18,4,16,65,4,30
5,8,4.0,299,5,1,4,13,69,2,30
5,8,4.0,299,5,14,4,11,55,4,30
5,8,4.0,299,5,9,4,6,91,4,30
5,8,4.0,299,5,15,4,4,82,3,30
5,8,4.0,299,5,13,4,6,128,3,30
5,8,4.0,299,5,1,4,14,126,4,30
5,8,4.0,299,5,11,4,9,87,3,30
5,8,4.0,299,5,19,4,13,48,3,30
5,8,4.0,299,5,14,4,7,31,3,30
5,7,28.0,34,6,17,4,15,39,0,18
5,7,28.0,34,6,18,4,16,37,3,18
5,8,5.0,101,6,1,4,12,17,3,24
5,3,1.0,180,2,1,4,13,48,3,7
5,8,5.0,101,6,19,4,1,35,3,24
5,3,1.0,180,2,17,4,1,1,4,7
5,8,5.0,101,6,21,4,6,7,4,24
5,8,5.0,101,6,9,4,0,12,0,24
5,10,16.0,201,4,17,4,1,16,4,2
5,10,22.0,314,2,18,4,3,79,3,26
5,10,22.0,314,2,12,4,2,123,3,26
5,10,22.0,314,2,17,4,3,115,4,26
5,10,22.0,314,2,21,4,2,86,0,26
5,10,22.0,314,2,9,4,16,74,3,26
5,1,6.0,97,4,18,4,13,48,3,23
5,1,6.0,97,4,5,4,3,30,3,23
5,1,6.0,97,4,9,4,1,67,4,23
5,1,6.0,97,4,10,4,6,7,3,23
5,1,6.0,97,4,21,4,10,22,3,23
5,1,6.0,97,4,4,4,15,46,4,23
5,1,6.0,97,4,14,4,9,57,3,23
5,1,6.0,97,4,0,4,14,25,4,23
5,1,6.0,97,4,4,4,6,7,4,23
5,1,6.0,97,4,1,4,15,39,3,23
5,1,6.0,97,4,17,4,5,6,0,23
5,1,6.0,97,4,0,4,2,2,3,23
5,1,6.0,97,4,8,4,6,7,3,23
5,1,7.0,32,5,2,4,6,7,0,11
5,1,13.0,207,4,1,4,3,30,2,25
5,1,13.0,207,4,10,4,6,7,4,25
5,1,13.0,207,4,18,4,14,88,4,25
5,1,13.0,207,4,3,4,10,43,0,25
5,1,18.0,82,1,9,4,14,97,4,0
5,1,18.0,82,1,18,4,1,11,3,0
5,1,18.0,82,1,14,4,14,25,3,0
5,10,25.0,56,6,9,4,11,98,4,13
5,2,1.0,16,3,2,4,14,25,3,7
5,1,20.0,151,4,7,4,16,72,0,29
5,10,25.0,56,6,22,4,3,79,3,13
5,1,14.0,183,5,9,4,14,88,3,5
5,2,1.0,16,3,12,4,2,69,3,7
5,1,15.0,1,6,13,4,1,67,3,1
5,10,24.0,261,5,17,4,2,2,0,14
5,1,20.0,151,4,5,4,14,25,0,29
5,1,3.0,188,0,13,4,6,7,0,27
5,1,14.0,183,5,4,4,12,83,4,5
5,1,20.0,151,4,14,4,4,4,3,29
3,2,24.0,22,0,12,4,13,28,0,14
5,10,26.0,61,3,4,4,11,10,4,3
5,7,21.0,81,6,19,4,9,49,3,21
5,2,1.0,16,3,18,4,8,33,4,7
5,1,14.0,183,5,23,4,7,137,3,5
5,1,20.0,151,4,8,4,7,129,3,29
5,10,24.0,261,5,5,4,7,57,3,14
5,10,24.0,261,5,9,4,9,10,4,14
5,10,24.0,261,5,19,4,1,59,4,14
5,10,24.0,261,5,14,4,13,13,3,14
5,10,24.0,261,5,20,4,2,35,2,14
5,10,24.0,261,5,17,4,6,116,2,14
5,10,24.0,261,5,4,4,13,21,3,14
5,10,24.0,261,5,20,4,12,56,3,14
5,10,24.0,261,5,1,4,15,119,3,14
5,10,24.0,261,5,17,4,6,14,4,14
5,10,30.0,157,4,13,4,9,93,3,19
5,10,30.0,157,4,1,4,9,109,4,19
5,10,30.0,157,4,9,4,1,1,4,19
5,10,30.0,157,4,18,4,14,88,4,19
5,10,30.0,157,4,2,4,2,86,0,19
5,10,30.0,157,4,11,4,16,37,0,19
5,10,30.0,157,4,17,4,4,66,1,19
5,10,30.0,157,4,23,4,16,139,3,19
5,10,30.0,157,4,12,4,15,119,0,19
5,10,18.0,246,6,18,4,2,92,3,0
5,10,18.0,246,6,19,4,1,1,3,0
5,10,18.0,246,6,1,4,9,101,4,0
5,10,18.0,246,6,2,4,11,98,4,0
5,7,2.0,160,0,9,4,14,106,4,22
5,10,18.0,246,6,12,4,13,28,3,0
5,7,2.0,160,0,9,4,16,72,3,22
5,7,10.0,329,1,9,4,6,7,4,4
5,10,18.0,246,6,1,4,6,7,4,0
5,10,18.0,246,6,14,4,15,77,3,0
5,10,18.0,246,6,14,4,13,48,3,0
5,10,18.0,246,6,10,4,5,12,3,0
5,10,18.0,246,6,8,4,8,27,0,0
5,10,19.0,117,3,2,4,6,7,3,10
5,10,19.0,117,3,16,4,8,19,4,10
5,7,10.0,329,1,1,4,2,2,1,4
5,10,19.0,117,3,6,4,9,109,3,10
5,10,19.0,117,3,13,4,8,9,0,10
5,10,19.0,117,3,14,4,13,48,3,10
5,10,19.0,117,3,0,4,6,89,4,10
5,10,19.0,117,3,17,4,15,112,4,10
5,10,19.0,117,3,14,4,4,66,3,10
5,10,19.0,117,3,4,4,9,95,4,10
5,10,19.0,117,3,16,4,14,88,4,10
5,10,21.0,341,1,3,4,16,72,3,21
5,10,21.0,341,1,6,4,7,31,3,21
5,10,21.0,341,1,13,4,9,27,0,21
5,10,21.0,341,1,18,4,6,91,3,21
5,10,21.0,341,1,2,4,6,132,3,21
5,10,21.0,341,1,12,4,6,7,3,21
5,10,21.0,341,1,2,4,9,63,3,21
5,10,28.0,216,1,18,4,13,38,3,18
5,10,28.0,216,1,18,4,8,27,3,18
5,10,28.0,216,1,0,4,3,44,3,18
5,10,28.0,216,1,6,4,2,40,3,18
5,10,28.0,216,1,20,4,8,9,4,18
5,10,28.0,216,1,0,4,7,120,4,18
5,10,28.0,216,1,9,4,8,41,3,18
5,10,28.0,216,1,18,4,3,30,3,18
5,7,12.0,181,4,7,4,16,113,3,28
5,10,28.0,216,1,3,4,4,127,3,18
5,7,12.0,181,4,7,4,13,48,3,28
5,7,12.0,181,4,12,4,8,33,4,28
5,7,12.0,181,4,9,4,9,63,3,28
5,10,25.0,56,6,6,4,7,78,4,13
5,10,31.0,135,5,17,4,11,58,4,20
5,10,31.0,135,5,14,4,13,121,0,20
5,10,31.0,135,5,18,4,2,2,0,20
5,10,31.0,135,5,6,4,2,3,4,20
5,10,31.0,135,5,19,4,6,7,3,20
5,10,31.0,135,5,6,4,6,7,3,20
5,10,31.0,135,5,15,4,9,49,3,20
5,3,8.0,148,2,15,4,9,10,3,8
5,10,31.0,135,5,7,4,3,76,3,20
5,3,8.0,148,2,16,4,8,118,0,8
5,10,31.0,135,5,14,4,1,105,4,20
5,1,8.0,62,6,8,4,8,9,3,8
5,1,8.0,62,6,18,4,9,10,4,8
5,1,8.0,62,6,6,4,11,133,4,8
5,2,1.0,16,3,9,4,9,63,4,7
5,2,1.0,16,3,1,4,11,124,4,7
5,1,15.0,1,6,15,4,8,118,0,1
5,10,10.0,245,5,18,4,9,49,3,4
5,1,14.0,183,5,5,4,8,9,3,5
5,8,10.0,71,4,4,4,1,59,4,4
5,8,17.0,74,4,22,4,11,117,3,6
5,8,10.0,71,4,16,4,6,132,4,4
5,1,14.0,183,5,14,4,8,9,3,5
5,8,17.0,74,4,19,4,14,25,0,6
5,8,10.0,71,4,5,4,9,63,3,4
5,2,1.0,16,3,0,4,3,115,2,7
5,8,17.0,74,4,0,4,9,102,4,6
5,1,14.0,183,5,1,4,16,37,3,5
5,1,15.0,1,6,11,4,6,7,3,1
5,8,25.0,86,5,11,4,11,98,3,13
5,2,1.0,16,3,15,4,4,66,4,7
5,8,17.0,74,4,19,4,14,25,3,6
5,1,14.0,183,5,14,4,1,16,3,5
5,1,15.0,1,6,1,4,10,22,3,1
5,3,21.0,338,1,5,4,14,25,0,21
5,3,21.0,338,1,8,4,6,89,3,21
5,8,17.0,74,4,17,4,6,89,4,6
5,1,14.0,183,5,15,4,1,16,3,5
5,6,19.0,291,5,13,4,13,28,0,10
5,6,19.0,291,5,18,4,8,65,4,10
5,6,19.0,291,5,14,4,11,90,3,10
5,6,26.0,348,5,1,4,8,65,3,3
5,6,26.0,348,5,4,4,14,88,4,3
5,6,26.0,348,5,1,4,3,76,3,3
5,6,26.0,348,5,9,4,4,75,3,3
5,6,26.0,348,5,17,4,9,87,4,3
5,6,26.0,348,5,1,4,12,83,4,3
5,6,26.0,348,5,2,4,2,86,0,3
5,6,26.0,348,5,17,4,6,128,3,3
5,6,26.0,348,5,3,4,8,41,0,3
5,6,29.0,335,0,7,4,9,63,1,16
5,6,29.0,335,0,1,4,7,129,4,16
5,6,29.0,335,0,14,4,14,25,0,16
5,6,29.0,335,0,15,4,13,28,3,16
5,6,29.0,335,0,16,4,16,37,3,16
5,6,29.0,335,0,0,4,6,7,0,16
5,6,29.0,335,0,2,4,8,33,3,16
5,6,29.0,335,0,18,4,6,89,4,16
5,10,30.0,157,4,14,4,14,34,3,19
5,10,30.0,157,4,1,4,5,6,3,19
5,10,30.0,157,4,9,4,9,10,4,19
5,8,1.0,66,1,19,4,13,28,3,7
5,8,1.0,66,1,9,4,16,130,3,7
5,8,1.0,66,1,0,4,12,121,3,7
5,8,1.0,66,1,8,4,1,105,3,7
5,8,1.0,66,1,2,4,13,28,0,7
5,8,1.0,66,1,18,4,6,7,3,7
5,8,7.0,70,0,17,4,8,33,4,11
5,8,7.0,70,0,12,4,2,2,3,11
5,10,17.0,256,5,14,4,12,56,0,6
5,8,7.0,70,0,16,4,6,7,3,11
5,8,8.0,76,1,19,4,1,1,3,8
5,8,8.0,76,1,2,4,14,25,3,8
5,8,8.0,76,1,3,4,6,7,3,8
5,8,8.0,76,1,2,4,13,38,3,8
5,8,8.0,76,1,3,4,11,8,3,8
5,8,8.0,76,1,2,4,14,34,3,8
5,8,8.0,76,1,11,4,6,7,3,8
5,6,29.0,335,0,2,4,2,69,4,16
5,6,29.0,335,0,17,4,10,22,4,16
5,10,4.0,356,6,1,4,6,89,0,30
5,10,4.0,356,6,9,4,13,28,3,30
5,10,4.0,356,6,14,4,8,33,3,30
5,10,4.0,356,6,9,4,10,52,3,30
5,10,4.0,356,6,9,4,14,25,3,30
5,10,4.0,356,6,18,4,3,44,3,30
5,10,4.0,356,6,0,4,14,125,4,30
5,10,4.0,356,6,19,4,8,27,3,30
5,10,4.0,356,6,22,4,13,21,3,30
5,10,4.0,356,6,1,4,0,53,3,30
5,10,4.0,356,6,3,4,9,87,3,30
5,10,4.0,356,6,9,4,13,28,3,30
5,10,4.0,356,6,14,4,6,7,3,30
5,10,4.0,356,6,9,4,6,7,4,30
5,10,4.0,356,6,9,4,8,33,0,30
5,10,10.0,245,5,17,4,12,104,4,4
5,10,10.0,245,5,9,4,6,7,3,4
5,1,19.0,29,2,0,4,13,48,3,10
5,1,19.0,29,2,3,4,6,89,3,10
5,1,19.0,29,2,19,4,6,91,4,10
5,1,19.0,29,2,0,4,5,12,3,10
5,7,26.0,316,4,1,4,13,48,4,3
5,1,19.0,29,2,9,4,3,44,4,10
5,1,19.0,29,2,6,4,14,88,3,10
5,1,19.0,29,2,4,4,8,118,3,10
5,1,28.0,300,5,17,4,6,7,3,18
5,7,26.0,316,4,23,4,6,91,4,3
5,1,28.0,300,5,15,4,1,105,3,18
5,1,15.0,1,6,14,4,6,7,3,1
5,8,23.0,102,2,6,4,16,72,4,17
5,8,25.0,86,5,17,4,8,27,0,13
5,1,15.0,1,6,18,4,7,111,3,1
5,3,21.0,338,1,7,4,8,19,3,21
5,8,17.0,74,4,9,4,14,88,4,6
5,1,15.0,1,6,19,4,8,9,3,1
5,4,1.0,144,4,18,4,13,29,3,7
5,8,23.0,102,2,5,4,1,105,0,17
5,8,17.0,74,4,17,4,15,46,4,6
5,1,16.0,2,3,3,4,9,10,3,2
5,4,1.0,144,4,9,4,15,119,4,7
5,8,23.0,102,2,6,4,14,106,3,17
5,8,17.0,74,4,9,4,8,27,3,6
5,1,16.0,2,3,19,4,0,31,3,2
5,4,1.0,144,4,1,4,14,25,3,7
5,8,17.0,74,4,20,4,2,35,3,6
5,1,16.0,2,3,8,4,6,7,0,2
5,4,1.0,144,4,19,4,6,91,3,7
5,8,23.0,102,2,6,4,7,20,3,17
5,8,17.0,74,4,2,4,12,61,3,6
5,1,16.0,2,3,5,4,15,31,4,2
5,3,21.0,338,1,19,4,9,95,3,21
5,4,1.0,144,4,16,4,6,14,4,7
5,3,21.0,338,1,19,4,6,7,3,21
5,3,21.0,338,1,19,4,7,62,3,21
5,4,1.0,144,4,18,4,14,25,4,7
5,4,1.0,144,4,22,4,14,25,4,7
5,4,1.0,144,4,17,4,15,39,3,7
5,3,21.0,338,1,18,4,8,9,4,21
5,4,6.0,176,1,18,4,8,19,4,23
5,4,6.0,176,1,9,4,4,4,3,23
5,4,6.0,176,1,18,4,11,94,3,23
5,4,6.0,176,1,14,4,0,68,3,23
5,4,6.0,176,1,8,4,5,64,3,23
5,4,6.0,176,1,19,4,1,105,3,23
5,1,26.0,248,2,1,4,1,105,3,3
5,1,26.0,248,2,14,4,14,34,4,3
5,1,26.0,248,2,18,4,4,138,3,3
5,1,26.0,248,2,4,4,6,128,3,3
5,1,26.0,248,2,15,4,3,30,3,3
5,1,26.0,248,2,1,4,0,0,3,3
5,1,26.0,248,2,12,4,13,29,3,3
5,1,26.0,248,2,19,4,1,11,3,3
5,1,26.0,248,2,9,4,1,11,3,3
5,1,26.0,248,2,15,4,1,105,0,3
5,1,31.0,305,0,23,4,9,10,3,20
5,1,31.0,305,0,1,4,6,7,3,20
5,1,31.0,305,0,12,4,1,35,0,20
5,1,31.0,305,0,18,4,8,65,4,20
5,1,31.0,305,0,8,4,2,3,2,20
5,1,31.0,305,0,12,4,6,7,3,20
5,1,31.0,305,0,9,4,8,65,3,20
5,1,31.0,305,0,4,4,6,132,3,20
5,1,31.0,305,0,9,4,7,111,3,20
5,4,5.0,235,0,17,4,10,22,3,24
5,5,1.0,109,5,3,4,1,35,4,7
5,5,1.0,109,5,21,4,9,63,4,7
5,4,13.0,221,1,1,4,3,4,3,25
5,5,1.0,109,5,2,4,16,37,3,7
5,5,2.0,307,6,22,4,12,56,0,22
5,7,21.0,81,6,9,4,2,86,0,21
5,5,3.0,161,3,9,4,9,49,4,27
5,4,13.0,221,1,6,4,8,41,4,25
5,5,3.0,161,3,5,4,8,118,3,27
5,4,13.0,221,1,8,4,16,42,3,25
5,4,13.0,221,1,3,4,15,114,0,25
5,5,3.0,161,3,6,4,15,51,0,27
5,4,13.0,221,1,9,4,6,7,4,25
5,4,13.0,221,1,22,4,1,67,0,25
5,5,3.0,161,3,4,4,1,59,3,27
5,4,20.0,115,1,1,4,2,2,3,29
5,4,20.0,115,1,1,4,9,54,3,29
5,5,10.0,155,3,1,4,6,7,3,4
5,4,20.0,115,1,1,4,12,83,4,29
5,4,20.0,115,1,17,4,9,109,4,29
5,4,20.0,115,1,7,4,7,111,3,29
5,4,20.0,115,1,17,4,8,9,4,29
5,4,20.0,115,1,20,4,5,6,3,29
5,4,20.0,115,1,8,4,9,109,4,29
5,4,20.0,115,1,8,4,8,9,3,29
5,5,12.0,327,1,9,4,9,95,3,28
5,4,20.0,115,1,1,4,13,38,3,29
5,4,20.0,115,1,17,4,8,9,3,29
5,4,20.0,115,1,0,4,5,6,3,29
5,4,20.0,115,1,6,4,2,40,3,29
5,4,20.0,115,1,15,4,9,57,0,29
5,4,20.0,115,1,19,4,12,80,3,29
5,4,20.0,115,1,8,4,15,119,3,29
5,4,20.0,115,1,6,4,14,25,0,29
5,4,20.0,115,1,12,4,15,31,3,29
5,4,20.0,115,1,18,4,6,132,4,29
5,4,29.0,313,4,22,4,1,105,3,16
5,5,12.0,327,1,15,4,13,38,3,28
5,5,12.0,327,1,19,4,6,89,3,28
5,1,31.0,305,0,11,4,9,58,3,20
5,1,31.0,305,0,17,4,8,19,4,20
5,8,16.0,73,2,8,4,10,47,3,2
5,1,16.0,2,3,1,4,16,139,3,2
5,1,16.0,2,3,4,4,16,37,1,2
5,1,17.0,63,0,2,4,6,91,3,6
5,1,17.0,63,0,1,4,10,22,3,6
5,1,17.0,63,0,14,4,9,54,4,6
5,1,17.0,63,0,6,4,10,47,3,6
5,3,21.0,338,1,1,4,6,7,3,21
5,10,10.0,245,5,20,4,14,24,3,4
5,8,23.0,102,2,1,4,14,106,3,17
5,10,10.0,245,5,8,4,7,57,4,4
5,8,17.0,74,4,9,4,11,129,3,6
5,8,23.0,102,2,11,4,14,25,3,17
5,11,7.0,253,2,8,4,8,118,0,11
5,10,10.0,245,5,9,4,8,41,3,4
5,8,23.0,102,2,18,4,0,12,3,17
5,8,17.0,74,4,11,4,2,35,3,6
5,10,10.0,245,5,2,4,6,14,4,4
5,8,23.0,102,2,20,4,8,9,3,17
5,8,17.0,74,4,23,4,2,35,3,6
5,10,10.0,245,5,12,4,13,48,0,4
5,8,23.0,102,2,3,4,16,65,3,17
5,8,23.0,102,2,16,4,0,0,3,17
5,8,25.0,86,5,15,4,11,15,0,13
5,8,25.0,86,5,9,4,9,10,4,13
5,8,25.0,86,5,14,4,16,42,4,13
5,8,25.0,86,5,1,4,9,93,3,13
5,8,25.0,86,5,1,4,11,55,4,13
5,8,25.0,86,5,9,4,9,101,3,13
5,8,25.0,86,5,19,4,6,7,3,13
5,5,1.0,109,5,13,4,8,9,3,7
5,8,29.0,301,1,9,4,13,48,3,16
5,8,29.0,301,1,3,4,6,7,3,16
5,5,1.0,109,5,21,4,7,62,3,7
5,8,29.0,301,1,5,4,1,67,3,16
5,8,29.0,301,1,9,4,6,73,4,16
5,8,29.0,301,1,14,4,2,2,3,16
5,8,29.0,301,1,1,4,0,85,3,16
5,8,29.0,301,1,6,4,2,69,0,16
5,8,29.0,301,1,23,4,5,6,3,16
5,8,29.0,301,1,1,4,9,27,0,16
5,8,29.0,301,1,1,4,6,7,4,16
5,8,29.0,301,1,19,4,15,96,3,16
5,8,29.0,301,1,2,4,3,115,3,16
5,8,29.0,301,1,16,4,11,117,3,16
5,4,5.0,235,0,12,4,13,13,1,24
5,5,1.0,109,5,22,4,6,7,3,7
5,4,5.0,235,0,6,4,9,54,4,24
5,4,5.0,235,0,19,4,7,137,3,24
5,4,5.0,235,0,1,4,5,12,3,24
5,4,5.0,235,0,9,4,6,73,2,24
5,4,5.0,235,0,4,4,2,3,2,24
5,1,9.0,50,3,12,4,1,1,3,12
5,10,17.0,256,5,12,4,16,113,3,6
5,1,9.0,50,3,20,4,9,87,3,12
5,1,24.0,64,0,0,4,1,105,4,14
5,1,24.0,64,0,2,4,2,2,3,14
5,1,24.0,64,0,19,4,13,28,3,14
5,1,24.0,64,0,3,4,9,95,3,14
5,1,24.0,64,0,2,4,6,73,3,14
5,1,24.0,64,0,13,4,15,31,1,14
5,1,24.0,64,0,12,4,6,7,3,14
5,1,24.0,64,0,15,4,13,69,3,14
5,1,25.0,65,1,1,4,0,12,3,13
5,1,25.0,65,1,2,4,9,57,3,13
5,1,25.0,65,1,6,4,9,49,3,13
5,1,25.0,65,1,2,4,1,35,3,13
5,1,26.0,248,2,8,4,6,73,3,3
5,1,26.0,248,2,17,4,8,9,3,3
5,1,26.0,248,2,6,4,13,99,3,3
5,1,20.0,151,4,12,4,16,65,3,29
5,1,20.0,151,4,12,4,6,7,0,29
5,1,20.0,151,4,6,4,2,92,4,29
5,1,20.0,151,4,5,4,6,7,4,29
5,1,20.0,151,4,18,4,14,106,4,29
5,8,10.0,71,4,18,4,11,129,4,4
5,8,10.0,71,4,14,4,11,15,4,4
5,8,10.0,71,4,15,4,6,7,3,4
5,8,10.0,71,4,18,4,11,15,3,4
5,8,10.0,71,4,22,4,8,33,3,4
5,8,10.0,71,4,14,4,8,19,1,4
5,8,10.0,71,4,9,4,16,37,1,4
5,1,18.0,82,1,2,4,5,12,3,0
5,1,11.0,111,1,13,4,13,69,0,9
5,10,10.0,245,5,9,4,2,71,4,4
5,10,10.0,245,5,11,4,0,12,3,4
5,10,10.0,245,5,11,4,10,22,0,4
5,10,10.0,245,5,9,4,7,62,3,4
5,10,10.0,245,5,17,4,13,28,4,4
5,10,10.0,245,5,1,4,8,41,3,4
5,10,10.0,245,5,1,4,9,87,4,4
5,10,10.0,245,5,18,4,14,106,4,4
5,10,10.0,245,5,9,4,9,54,3,4
5,10,10.0,245,5,1,4,7,111,3,4
5,10,10.0,245,5,13,4,8,27,0,4
5,10,26.0,61,3,5,4,6,116,3,3
5,10,26.0,61,3,9,4,14,110,4,3
5,10,26.0,61,3,9,4,5,12,3,3
5,10,15.0,60,2,22,4,11,90,3,1
5,10,15.0,60,2,19,4,16,65,3,1
5,10,15.0,60,2,9,4,9,101,3,1
5,10,15.0,60,2,20,4,4,45,3,1
5,10,15.0,60,2,2,4,13,48,0,1
5,10,15.0,60,2,7,4,13,123,3,1
5,10,15.0,60,2,3,4,8,9,3,1
5,10,16.0,201,4,18,4,6,91,3,2
5,10,16.0,201,4,20,4,2,2,0,2
5,10,16.0,201,4,3,4,0,68,3,2
5,10,16.0,201,4,18,4,12,100,3,2
5,10,16.0,201,4,19,4,13,28,0,2
5,10,16.0,201,4,9,4,6,89,3,2
5,10,16.0,201,4,3,4,12,56,3,2
5,10,16.0,201,4,13,4,14,110,3,2
5,10,16.0,201,4,19,4,2,123,0,2
5,10,16.0,201,4,23,4,10,30,0,2
5,10,16.0,201,4,4,4,1,59,3,2
5,10,16.0,201,4,10,4,7,111,4,2
5,8,8.0,76,1,22,4,14,25,3,8
5,8,9.0,124,2,8,4,8,9,3,12
5,8,9.0,124,2,1,4,0,64,3,12
5,8,9.0,124,2,11,4,13,38,3,12
5,8,9.0,124,2,0,4,6,7,3,12
5,8,9.0,124,2,14,4,6,128,4,12
5,8,9.0,124,2,18,4,6,7,3,12
5,8,14.0,296,0,23,4,16,130,3,5
5,8,14.0,296,0,22,4,2,86,3,5
5,8,14.0,296,0,20,4,6,89,3,5
5,8,14.0,296,0,18,4,6,7,2,5
5,8,14.0,296,0,19,4,10,6,3,5
5,8,14.0,296,0,17,4,13,21,0,5
5,8,14.0,296,0,17,4,13,28,3,5
5,8,14.0,296,0,15,4,1,81,1,5
5,8,14.0,296,0,13,4,4,79,3,5
5,8,14.0,296,0,18,4,6,89,3,5
5,8,14.0,296,0,17,4,8,19,3,5
5,8,15.0,72,1,13,4,8,9,0,1
5,8,15.0,72,1,6,4,6,7,3,1
5,8,15.0,72,1,1,4,6,7,3,1
5,10,26.0,61,3,11,4,2,35,2,3
5,10,26.0,61,3,17,4,4,82,3,3
5,10,26.0,61,3,21,4,10,47,3,3
5,10,26.0,61,3,9,4,14,126,4,3
5,10,29.0,318,2,14,4,13,123,3,16
5,7,21.0,81,6,4,4,11,98,4,21
5,8,17.0,74,4,9,4,6,7,4,6
5,7,21.0,81,6,14,4,0,96,4,21
5,7,22.0,211,3,9,4,0,85,3,26
5,7,22.0,211,3,18,4,6,128,4,26
5,7,22.0,211,3,9,4,6,7,3,26
5,7,22.0,211,3,12,4,16,50,3,26
5,7,23.0,202,0,14,4,10,47,3,17
5,10,17.0,256,5,18,4,1,81,4,6
5,10,17.0,256,5,9,4,6,14,4,6
5,8,17.0,74,4,14,4,1,16,3,6
5,10,23.0,247,4,14,4,2,2,3,17
5,3,21.0,338,1,18,4,0,64,3,21
5,10,23.0,247,4,18,4,6,89,4,17
5,10,23.0,247,4,9,4,14,32,4,17
5,8,23.0,102,2,1,4,11,124,2,17
5,7,23.0,202,0,17,4,6,7,3,17
5,3,2.0,120,4,13,4,6,89,3,22
5,10,23.0,247,4,23,4,12,84,1,17
5,8,5.0,101,6,19,4,16,65,4,24
5,8,5.0,101,6,9,4,14,126,4,24
5,8,5.0,101,6,22,4,1,105,3,24
5,8,5.0,101,6,18,4,9,109,4,24
5,8,11.0,306,5,16,4,13,21,3,9
5,8,11.0,306,5,13,4,7,54,3,9
5,8,11.0,306,5,9,4,6,132,3,9
5,8,11.0,306,5,5,4,6,14,2,9
5,8,11.0,306,5,23,4,14,88,3,9
5,8,11.0,306,5,4,4,9,83,4,9
5,8,11.0,306,5,4,4,8,27,3,9
5,8,11.0,306,5,4,4,6,91,3,9
5,8,11.0,306,5,4,4,1,16,4,9
5,8,11.0,306,5,12,4,5,6,3,9
5,11,3.0,288,6,1,4,4,127,3,27
5,3,17.0,54,5,14,4,9,10,3,6
5,3,17.0,54,5,9,4,6,91,4,6
5,3,17.0,54,5,9,4,11,133,4,6
5,1,7.0,32,5,17,4,0,53,3,11
5,1,7.0,32,5,20,4,9,87,3,11
5,1,7.0,32,5,8,4,11,15,3,11
5,1,7.0,32,5,18,4,15,112,4,11
5,1,7.0,32,5,1,4,1,1,3,11
5,1,7.0,32,5,9,4,6,128,3,11
5,1,7.0,32,5,4,4,10,22,3,11
5,1,7.0,32,5,20,4,13,38,4,11
5,1,7.0,32,5,18,4,6,7,4,11
5,1,7.0,32,5,18,4,9,57,3,11
5,1,9.0,50,3,16,4,6,14,4,12
5,1,9.0,50,3,1,4,14,25,3,12
5,1,9.0,50,3,6,4,1,81,4,12
5,1,9.0,50,3,5,4,13,99,4,12
5,1,9.0,50,3,14,4,9,27,3,12
5,1,9.0,50,3,9,4,1,59,4,12
5,1,9.0,50,3,9,4,9,87,3,12
5,1,9.0,50,3,6,4,1,105,3,12
5,1,9.0,50,3,13,4,12,135,0,12
5,4,24.0,27,6,14,4,11,55,4,14
5,4,24.0,27,6,11,4,16,50,3,14
5,4,26.0,80,0,2,4,7,111,3,3
5,4,26.0,80,0,0,4,10,23,3,3
5,4,26.0,80,0,12,4,14,97,0,3
5,4,26.0,80,0,14,4,8,65,4,3
5,4,26.0,80,0,11,4,9,95,3,3
5,4,26.0,80,0,18,4,7,137,4,3
5,4,26.0,80,0,14,4,12,80,3,3
5,4,26.0,80,0,18,4,4,82,3,3
5,4,26.0,80,0,8,4,8,33,3,3
5,4,26.0,80,0,4,4,14,32,0,3
5,4,26.0,80,0,4,4,9,27,3,3
5,4,26.0,80,0,14,4,1,11,4,3
5,4,26.0,80,0,17,4,6,7,0,3
5,4,26.0,80,0,18,4,9,63,4,3
5,4,26.0,80,0,19,4,9,93,3,3
5,4,26.0,80,0,6,4,2,60,3,3
5,4,26.0,80,0,18,4,2,2,3,3
5,4,26.0,80,0,20,4,14,25,2,3
5,2,1.0,16,3,19,4,11,122,3,7
5,2,1.0,16,3,16,4,8,19,4,7
5,2,1.0,16,3,14,4,11,122,4,7
5,10,23.0,247,4,20,4,9,95,3,17
5,6,6.0,83,6,4,4,5,0,3,23
5,6,6.0,83,6,14,4,9,134,4,23
5,6,6.0,83,6,10,4,1,16,4,23
5,6,6.0,83,6,14,4,6,7,0,23
5,6,6.0,83,6,1,4,6,128,4,23
5,6,6.0,83,6,4,4,0,64,0,23
5,6,6.0,83,6,18,4,12,17,4,23
5,6,6.0,83,6,22,4,1,1,3,23
5,6,6.0,83,6,12,4,1,105,4,23
5,6,6.0,83,6,6,4,6,7,4,23
5,6,6.0,83,6,19,4,8,65,0,23
5,6,7.0,169,3,8,4,7,129,4,11
5,6,7.0,169,3,16,4,8,41,3,11
5,6,7.0,169,3,1,4,6,7,1,11
5,6,7.0,169,3,9,4,9,27,0,11
5,6,7.0,169,3,14,4,3,44,3,11
5,6,7.0,169,3,6,4,8,27,4,11
5,6,7.0,169,3,1,4,15,51,3,11
5,6,7.0,169,3,4,4,6,116,4,11
5,6,7.0,169,3,15,4,10,47,3,11
5,6,14.0,173,3,18,4,8,19,4,5
5,6,14.0,173,3,14,4,6,7,4,5
5,6,14.0,173,3,18,4,12,80,3,5
5,10,5.0,336,3,9,4,6,7,4,24
5,10,5.0,336,3,18,4,9,63,4,24
5,10,5.0,336,3,14,4,10,47,3,24
5,10,5.0,336,3,4,4,1,67,3,24
5,10,5.0,336,3,9,4,8,19,0,24
5,10,5.0,336,3,5,4,9,87,3,24
5,10,5.0,336,3,23,4,14,25,3,24
5,10,5.0,336,3,6,4,14,88,4,24
5,10,5.0,336,3,10,4,14,25,3,24
5,10,5.0,336,3,3,4,11,122,2,24
5,10,14.0,174,1,17,4,13,29,0,5
5,10,14.0,174,1,1,4,6,7,3,5
5,10,14.0,174,1,1,4,13,38,3,5
5,10,14.0,174,1,17,4,1,11,3,5
5,10,24.0,261,5,18,4,8,19,4,14
5,10,24.0,261,5,17,4,1,35,3,14
5,10,24.0,261,5,9,4,0,64,4,14
5,10,24.0,261,5,14,4,13,28,4,14
5,10,24.0,261,5,4,4,9,58,4,14
5,6,14.0,173,3,18,4,6,128,4,5
5,6,14.0,173,3,1,4,8,27,3,5
5,6,16.0,38,1,8,4,4,45,0,2
5,6,16.0,38,1,0,4,15,112,4,2
5,6,16.0,38,1,1,4,7,20,3,2
5,6,16.0,38,1,4,4,6,7,0,2
5,6,16.0,38,1,3,4,5,6,3,2
5,6,16.0,38,1,12,4,3,70,3,2
5,6,16.0,38,1,1,4,0,26,3,2
5,6,16.0,38,1,12,4,16,37,1,2
5,6,16.0,38,1,15,4,6,7,0,2
5,6,16.0,38,1,3,4,10,47,3,2
5,6,16.0,38,1,14,4,12,80,3,2
5,10,7.0,243,1,21,4,13,21,3,11
5,10,7.0,243,1,12,4,3,44,3,11
5,10,7.0,243,1,14,4,6,91,4,11
5,6,7.0,169,3,11,4,0,31,0,11
5,6,7.0,169,3,7,4,13,38,3,11
5,6,7.0,169,3,1,4,10,47,3,11
5,10,23.0,247,4,18,4,16,130,3,17
5,10,23.0,247,4,4,4,12,84,3,17
5,10,23.0,247,4,14,4,5,6,3,17
5,10,23.0,247,4,4,4,15,39,3,17
5,10,23.0,247,4,1,4,8,33,3,17
5,10,23.0,247,4,1,4,9,93,3,17
5,3,8.0,148,2,16,4,1,11,4,8
5,10,23.0,247,4,11,4,10,12,3,17
5,10,23.0,247,4,1,4,6,7,4,17
5,3,16.0,263,4,6,4,11,15,3,2
5,3,16.0,263,4,2,4,13,48,3,2
5,3,16.0,263,4,9,4,9,10,3,2
5,3,21.0,338,1,1,4,4,127,3,21
5,11,7.0,253,2,17,4,11,18,3,11
5,11,7.0,253,2,16,4,10,22,3,11
5,11,13.0,312,1,19,4,14,25,0,25
5,11,13.0,312,1,17,4,13,28,0,25
5,11,17.0,110,6,15,4,13,28,3,6
5,11,17.0,110,6,3,4,6,14,3,6
5,11,17.0,110,6,7,4,6,89,4,6
5,11,17.0,110,6,2,4,5,6,3,6
5,11,17.0,110,6,22,4,13,28,3,6
5,11,17.0,110,6,4,4,8,65,3,6
5,11,17.0,110,6,9,4,7,62,3,6
5,9,10.0,156,1,12,4,6,73,3,4
5,7,19.0,330,4,19,4,8,27,3,10
5,10,6.0,242,0,4,4,10,47,3,23
5,11,17.0,110,6,1,4,16,50,4,6
5,11,17.0,110,6,1,4,14,25,3,6
5,11,19.0,321,0,18,4,9,134,4,10
5,11,19.0,321,0,2,4,8,41,3,10
5,11,19.0,321,0,14,4,15,85,3,10
5,11,19.0,321,0,19,4,0,68,3,10
5,11,19.0,321,0,7,4,16,113,3,10
5,11,19.0,321,0,19,4,10,47,3,10
5,11,19.0,321,0,19,4,7,20,3,10
5,11,19.0,321,0,5,4,6,7,3,10
5,11,19.0,321,0,9,4,7,111,4,10
5,9,1.0,126,3,17,4,6,7,0,7
5,9,1.0,126,3,5,4,9,87,1,7
5,9,1.0,126,3,22,4,6,7,3,7
5,11,24.0,194,6,8,4,6,89,3,14
5,11,24.0,194,6,12,4,1,11,4,14
5,11,31.0,227,6,14,4,1,105,4,20
5,11,31.0,227,6,13,4,8,27,3,20
5,11,31.0,227,6,2,4,1,16,4,20
5,11,31.0,227,6,13,4,11,90,1,20
5,11,31.0,227,6,12,4,0,96,3,20
5,11,31.0,227,6,18,4,10,23,3,20
5,11,31.0,227,6,14,4,1,11,3,20
5,11,31.0,227,6,17,4,9,93,2,20
5,11,31.0,227,6,4,4,6,14,4,20
5,11,31.0,227,6,14,4,0,68,3,20
5,11,31.0,227,6,6,4,6,7,4,20
5,11,31.0,227,6,9,4,9,49,4,20
5,11,31.0,227,6,2,4,9,49,1,20
5,11,31.0,227,6,1,4,1,59,3,20
5,11,31.0,227,6,23,4,6,7,3,20
5,9,6.0,51,5,5,4,6,7,4,23
5,9,6.0,51,5,4,4,8,9,3,23
5,9,6.0,51,5,18,4,14,24,3,23
5,9,6.0,51,5,21,4,13,99,2,23
5,9,6.0,51,5,2,4,12,80,4,23
5,9,6.0,51,5,13,4,13,99,3,23
5,9,6.0,51,5,19,4,8,33,4,23
5,9,6.0,51,5,1,4,3,30,3,23
5,9,6.0,51,5,9,4,14,32,4,23
5,9,6.0,51,5,4,4,3,30,3,23
5,9,12.0,177,4,7,4,8,33,3,28
5,9,12.0,177,4,23,4,6,7,4,28
5,9,12.0,177,4,1,4,0,15,3,28
5,9,12.0,177,4,4,4,0,26,3,28
5,9,12.0,177,4,12,4,0,15,3,28
5,9,12.0,177,4,10,4,6,7,4,28
5,9,12.0,177,4,23,4,1,105,3,28
5,9,12.0,177,4,11,4,13,21,3,28
5,9,12.0,177,4,13,4,14,25,0,28
5,9,12.0,177,4,1,4,1,81,4,28
5,9,12.0,177,4,19,4,12,61,3,28
5,9,12.0,177,4,22,4,7,137,0,28
5,9,12.0,177,4,13,4,6,7,3,28
5,11,31.0,227,6,8,4,5,6,0,20
5,9,14.0,106,6,14,4,11,94,3,5
5,9,14.0,106,6,18,4,9,87,3,5
5,9,14.0,106,6,17,4,9,27,3,5
5,9,14.0,106,6,4,4,9,54,4,5
5,9,14.0,106,6,13,4,2,69,3,5
5,9,14.0,106,6,9,4,2,123,4,5
5,9,14.0,106,6,5,4,6,7,3,5
5,9,23.0,167,0,2,4,11,124,3,17
5,9,23.0,167,0,7,4,1,105,4,17
5,9,23.0,167,0,4,4,0,53,3,17
5,9,23.0,167,0,4,4,3,30,3,17
5,9,23.0,167,0,9,4,1,11,3,17
5,9,23.0,167,0,15,4,6,7,3,17
5,9,23.0,167,0,23,4,6,7,4,17
5,9,23.0,167,0,11,4,16,74,3,17
5,9,23.0,167,0,9,4,7,111,3,17
5,9,23.0,167,0,18,4,14,131,3,17
5,9,23.0,167,0,1,4,16,39,3,17
5,3,11.0,337,6,22,4,8,19,4,9
5,3,11.0,337,6,4,4,9,49,0,9
5,3,11.0,337,6,1,4,12,84,3,9
5,9,10.0,156,1,17,4,15,85,3,4
5,10,6.0,242,0,9,4,10,47,3,23
5,9,26.0,267,4,12,4,6,73,4,3
5,7,19.0,330,4,9,4,6,7,4,10
5,7,14.0,125,6,14,4,8,118,3,5
5,9,26.0,267,4,5,4,1,105,0,3
5,10,6.0,242,0,18,4,3,103,3,23
5,9,26.0,267,4,13,4,12,104,3,3
5,7,16.0,40,0,17,4,2,69,3,2
5,7,19.0,330,4,17,4,14,97,4,10
5,9,26.0,267,4,9,4,10,22,0,3
5,10,6.0,242,0,18,4,11,133,0,23
5,7,19.0,330,4,1,4,1,11,3,10
5,9,26.0,267,4,5,4,14,32,3,3
5,7,16.0,40,0,19,4,6,7,3,2
5,9,26.0,267,4,4,4,2,92,3,3
5,7,21.0,81,6,9,4,16,37,3,21
5,7,19.0,330,4,9,4,8,41,4,10
5,9,26.0,267,4,16,4,6,7,3,3
5,10,6.0,242,0,23,4,9,9,3,23
5,7,19.0,330,4,1,4,11,133,4,10
5,9,26.0,267,4,9,4,7,54,4,3
5,9,26.0,267,4,1,4,1,105,4,3
5,7,30.0,42,0,1,4,8,41,4,19
5,7,30.0,42,0,14,4,1,1,2,19
5,7,30.0,42,0,1,4,0,53,3,19
5,7,30.0,42,0,14,4,8,65,4,19
5,7,30.0,42,0,2,4,10,22,3,19
5,7,30.0,42,0,18,4,1,1,2,19
5,7,30.0,42,0,19,4,12,100,4,19
5,3,5.0,324,3,1,4,1,59,4,24
5,3,5.0,324,3,18,4,1,59,4,24
5,3,5.0,324,3,15,4,13,48,3,24
5,3,5.0,324,3,1,4,13,29,3,24
5,3,5.0,324,3,15,4,16,139,3,24
5,3,5.0,324,3,14,4,8,19,3,24
5,3,5.0,324,3,10,4,7,57,0,24
5,3,5.0,324,3,19,4,3,30,3,24
5,3,5.0,324,3,18,4,14,25,3,24
5,3,5.0,324,3,4,4,8,33,3,24
5,3,5.0,324,3,18,4,10,52,3,24
5,3,7.0,289,1,12,4,16,72,0,11
5,3,7.0,289,1,13,4,8,41,0,11
5,3,7.0,289,1,8,4,9,63,3,11
5,11,13.0,312,1,9,4,8,19,0,25
5,11,15.0,331,4,1,4,7,54,4,1
5,3,21.0,338,1,23,4,12,58,4,21
5,11,15.0,331,4,14,4,8,33,3,1
5,11,15.0,331,4,4,4,13,99,4,1
5,3,21.0,338,1,12,4,6,7,3,21
5,11,15.0,331,4,8,4,11,94,0,1
5,11,20.0,340,1,6,4,0,77,3,29
5,3,24.0,357,5,15,4,5,12,3,14
5,11,20.0,340,1,9,4,1,67,0,29
5,11,20.0,340,1,15,4,3,103,3,29
5,3,24.0,357,5,1,4,12,61,1,14
5,3,24.0,357,5,13,4,0,31,0,14
5,3,24.0,357,5,17,4,1,1,3,14
5,5,7.0,349,4,7,4,6,7,3,11
5,5,7.0,349,4,8,4,6,7,3,11
5,5,7.0,349,4,1,4,14,125,4,11
5,5,7.0,349,4,17,4,6,7,3,11
5,5,7.0,349,4,4,4,7,111,4,11
5,5,7.0,349,4,4,4,7,137,3,11
5,11,26.0,364,0,9,4,2,71,4,3
5,11,26.0,364,0,9,4,14,25,3,3
5,11,27.0,322,1,15,4,3,44,3,15
5,5,3.0,161,3,12,4,9,27,3,27
5,5,3.0,161,3,12,4,14,25,3,27
5,5,3.0,161,3,22,4,6,14,3,27
5,5,3.0,161,3,17,4,12,61,4,27
5,5,3.0,161,3,14,4,1,35,0,27
5,5,3.0,161,3,18,4,15,39,3,27
5,5,3.0,161,3,3,4,6,7,3,27
5,5,3.0,161,3,16,4,6,7,4,27
5,5,3.0,161,3,14,4,15,46,3,27
5,5,3.0,161,3,9,4,6,128,4,27
5,5,3.0,161,3,9,4,6,132,4,27
5,5,3.0,161,3,12,4,5,64,3,27
5,5,3.0,161,3,18,4,13,48,4,27
5,11,27.0,322,1,12,4,6,14,4,15
5,5,4.0,114,0,14,4,14,97,2,30
5,5,4.0,114,0,20,4,14,25,3,30
5,5,4.0,114,0,18,4,16,130,4,30
5,11,24.0,194,6,15,4,8,9,3,14
5,11,12.0,118,0,21,4,8,65,4,28
5,11,12.0,118,0,0,4,6,7,4,28
5,11,12.0,118,0,21,4,7,137,3,28
5,11,12.0,118,0,14,4,10,23,3,28
5,11,5.0,240,0,19,4,9,95,3,24
5,11,5.0,240,0,19,4,9,54,3,24
5,11,5.0,240,0,22,4,8,9,3,24
5,11,5.0,240,0,18,4,15,51,0,24
5,11,5.0,240,0,4,4,10,47,3,24
5,11,5.0,240,0,10,4,13,21,0,24
3,0,22.0,241,0,13,4,9,27,2,26
5,9,26.0,267,4,23,4,13,36,4,3
5,9,26.0,267,4,6,4,4,75,3,3
5,9,26.0,267,4,12,4,15,51,2,3
5,9,26.0,267,4,9,4,6,128,3,3
5,10,6.0,242,0,8,4,6,7,0,23
5,7,19.0,330,4,6,4,10,22,3,10
5,10,6.0,242,0,9,4,16,65,4,23
5,7,19.0,330,4,19,4,9,109,3,10
5,10,6.0,242,0,9,4,10,22,2,23
5,3,4.0,285,6,19,4,9,95,3,30
5,7,21.0,81,6,9,4,9,10,4,21
5,3,4.0,285,6,19,4,2,40,3,30
5,7,21.0,81,6,1,4,5,6,3,21
5,3,4.0,285,6,15,4,16,139,3,30
5,7,21.0,81,6,12,4,11,133,3,21
5,10,6.0,242,0,7,4,6,7,3,23
5,3,4.0,285,6,14,4,5,6,3,30
5,5,30.0,294,6,18,4,6,7,3,19
5,3,4.0,285,6,12,4,10,22,0,30
5,5,30.0,294,6,6,4,14,106,3,19
5,5,30.0,294,6,19,4,12,84,3,19
5,5,30.0,294,6,14,4,7,8,3,19
5,5,30.0,294,6,4,4,6,128,3,19
5,5,30.0,294,6,14,4,15,31,3,19
5,5,30.0,294,6,14,4,14,25,3,19
5,5,30.0,294,6,18,4,9,95,4,19
5,5,31.0,196,3,13,4,6,7,3,20
5,5,31.0,196,3,16,4,12,104,3,20
5,5,31.0,196,3,14,4,15,119,3,20
5,5,31.0,196,3,14,4,15,31,3,20
5,5,31.0,196,3,1,4,8,65,4,20
5,5,31.0,196,3,8,4,3,30,3,20
5,5,31.0,196,3,17,4,16,50,4,20
5,5,31.0,196,3,16,4,6,128,4,20
5,5,31.0,196,3,4,4,13,48,0,20
5,5,31.0,196,3,9,4,15,114,3,20
5,5,31.0,196,3,18,4,6,128,3,20
5,5,31.0,196,3,6,4,6,7,4,20
5,5,31.0,196,3,9,4,14,32,3,20
5,5,31.0,196,3,18,4,11,55,4,20
5,5,25.0,350,0,17,4,6,7,3,13
5,5,25.0,350,0,5,4,8,9,2,13
5,5,25.0,350,0,17,4,9,83,4,13
5,5,25.0,350,0,15,4,0,53,3,13
5,5,25.0,350,0,17,4,0,53,3,13
5,5,25.0,350,0,19,4,16,37,3,13
5,5,25.0,350,0,8,4,3,115,3,13
5,6,15.0,49,0,9,4,16,74,3,1
5,6,15.0,49,0,3,4,10,22,0,1
5,6,15.0,49,0,1,4,1,35,3,1
5,6,15.0,49,0,18,4,8,19,3,1
5,6,15.0,49,0,14,4,15,119,3,1
5,6,15.0,49,0,12,4,2,2,3,1
5,6,15.0,49,0,18,4,9,134,4,1
5,6,15.0,49,0,22,4,6,89,3,1
5,6,15.0,49,0,16,4,14,25,3,1
5,6,15.0,49,0,2,4,15,39,3,1
5,6,17.0,244,2,9,4,16,113,3,6
5,6,17.0,244,2,16,4,9,10,1,6
5,3,29.0,325,2,6,4,12,121,3,16
5,5,11.0,326,0,18,4,8,9,3,9
5,5,11.0,326,0,19,4,6,7,3,9
5,5,11.0,326,0,8,4,5,6,3,9
5,5,11.0,326,0,14,4,14,25,3,9
5,5,11.0,326,0,19,4,11,55,3,9
5,5,11.0,326,0,19,4,1,105,0,9
5,5,11.0,326,0,4,4,16,65,4,9
5,5,11.0,326,0,14,4,13,48,0,9
5,5,11.0,326,0,8,4,10,43,4,9
5,5,11.0,326,0,18,4,1,16,4,9
5,5,11.0,326,0,2,4,2,92,3,9
5,5,11.0,326,0,12,4,9,54,3,9
5,5,27.0,328,2,14,4,6,7,4,15
5,5,27.0,328,2,5,4,7,111,2,15
5,5,27.0,328,2,14,4,6,7,3,15
5,5,27.0,328,2,9,4,7,111,3,15
5,5,27.0,328,2,23,4,6,7,3,15
5,5,27.0,328,2,4,4,15,31,2,15
5,5,27.0,328,2,18,4,16,50,3,15
5,6,17.0,244,2,22,4,13,28,3,6
5,6,17.0,244,2,8,4,13,99,3,6
5,6,17.0,244,2,1,4,7,57,3,6
5,6,17.0,244,2,22,4,13,48,4,6
5,6,17.0,244,2,9,4,16,37,3,6
5,6,17.0,244,2,12,4,2,3,0,6
5,6,17.0,244,2,14,4,8,9,3,6
5,6,17.0,244,2,19,4,3,79,3,6
5,6,17.0,244,2,14,4,14,126,4,6
5,6,17.0,244,2,9,4,3,115,3,6
5,6,17.0,244,2,1,4,3,76,3,6
5,6,17.0,244,2,4,4,9,54,1,6
5,6,22.0,185,0,4,4,14,126,3,26
5,6,22.0,185,0,5,4,14,125,3,26
5,6,30.0,145,1,4,4,3,44,3,19
5,5,10.0,155,3,18,4,11,98,4,4
5,11,10.0,360,6,17,4,6,7,4,4
5,6,22.0,185,0,20,4,2,71,4,26
5,3,4.0,285,6,9,4,10,22,3,30
5,7,14.0,125,6,15,4,13,28,0,5
5,3,11.0,337,6,14,4,6,7,4,9
5,3,13.0,210,0,9,4,10,52,3,25
5,5,10.0,155,3,9,4,0,68,4,4
5,3,13.0,210,0,5,4,15,51,0,25
5,3,11.0,337,6,23,4,11,98,3,9
5,6,22.0,185,0,4,4,1,1,4,26
5,3,7.0,289,1,16,4,10,43,3,11
5,6,30.0,145,1,8,4,4,45,3,19
5,3,7.0,289,1,1,4,12,104,3,11
5,5,10.0,155,3,1,4,2,40,4,4
5,3,13.0,210,0,2,4,16,50,3,25
5,6,22.0,185,0,18,4,7,120,3,26
5,3,11.0,337,6,6,4,7,111,3,9
5,5,22.0,163,5,1,4,10,6,3,26
5,3,7.0,289,1,13,4,8,19,3,11
5,3,13.0,210,0,11,4,8,65,0,25
5,6,22.0,185,0,18,4,15,119,3,26
5,3,11.0,337,6,14,4,1,16,4,9
5,5,22.0,163,5,14,4,14,25,3,26
5,3,7.0,289,1,14,4,9,95,3,11
5,3,15.0,35,2,9,4,1,35,3,1
5,3,15.0,35,2,17,4,8,33,3,1
5,3,15.0,35,2,13,4,13,28,0,1
5,3,15.0,35,2,16,4,6,7,0,1
5,3,15.0,35,2,4,4,14,25,3,1
5,3,23.0,57,4,4,4,4,45,3,17
5,3,23.0,57,4,19,4,8,19,3,17
5,3,23.0,57,4,23,4,12,100,4,17
5,3,23.0,57,4,2,4,9,83,3,17
5,3,23.0,57,4,2,4,13,48,0,17
5,5,6.0,277,2,9,4,6,7,4,23
5,5,6.0,277,2,16,4,9,27,3,23
5,5,6.0,277,2,19,4,9,87,4,23
5,5,6.0,277,2,7,4,11,90,3,23
5,5,6.0,277,2,1,4,6,7,3,23
5,5,24.0,58,3,12,4,6,7,3,14
5,9,7.0,271,6,4,4,10,47,3,11
5,6,5.0,342,5,16,4,15,119,4,24
5,9,7.0,271,6,14,4,13,29,3,11
5,6,5.0,342,5,18,4,6,7,4,24
5,9,7.0,271,6,9,4,6,89,2,11
5,9,7.0,271,6,5,4,13,48,3,11
5,6,5.0,342,5,9,4,11,94,3,24
5,6,5.0,342,5,9,4,11,18,3,24
5,9,7.0,271,6,18,4,0,31,3,11
5,9,15.0,226,3,12,4,0,26,2,1
5,6,5.0,342,5,19,4,6,128,3,24
5,6,5.0,342,5,9,4,14,125,4,24
5,6,5.0,342,5,19,4,11,94,1,24
5,6,5.0,342,5,9,4,8,33,4,24
5,9,15.0,226,3,20,4,8,27,3,1
5,6,8.0,59,0,6,4,0,64,0,8
5,9,15.0,226,3,2,4,1,59,3,1
5,6,8.0,59,0,12,4,1,11,3,8
5,6,8.0,59,0,17,4,9,27,0,8
5,6,8.0,59,0,12,4,6,7,3,8
5,6,8.0,59,0,17,4,16,50,3,8
5,6,8.0,59,0,4,4,8,9,3,8
5,6,8.0,59,0,9,4,1,35,4,8
5,6,8.0,59,0,1,4,14,110,3,8
5,6,8.0,59,0,6,4,6,14,4,8
5,9,15.0,226,3,19,4,3,70,0,1
5,6,8.0,59,0,9,4,16,74,3,8
5,6,8.0,59,0,8,4,14,32,3,8
5,6,8.0,59,0,17,4,8,19,4,8
5,6,8.0,59,0,1,4,16,50,4,8
5,9,16.0,107,0,5,4,1,105,4,2
5,6,13.0,317,6,18,4,6,7,4,25
5,6,13.0,317,6,9,4,1,105,4,25
5,3,10.0,4,5,5,4,16,72,3,4
5,6,13.0,317,6,2,4,6,91,4,25
5,6,13.0,317,6,12,4,10,22,3,25
5,6,13.0,317,6,14,4,14,106,4,25
5,6,13.0,317,6,15,4,10,52,3,25
5,6,23.0,84,1,4,4,13,28,3,17
5,6,23.0,84,1,17,4,1,81,4,17
5,6,23.0,84,1,8,4,9,57,3,17
5,5,6.0,277,2,19,4,9,63,3,23
5,5,6.0,277,2,18,4,6,14,4,23
5,5,6.0,277,2,14,4,1,35,4,23
5,5,6.0,277,2,17,4,8,118,3,23
5,5,14.0,36,4,18,4,6,73,4,5
5,5,14.0,36,4,0,4,6,7,3,5
5,5,14.0,36,4,1,4,6,132,4,5
5,5,14.0,36,4,4,4,1,105,3,5
5,5,14.0,36,4,4,4,6,7,3,5
5,5,14.0,36,4,16,4,1,81,4,5
5,5,14.0,36,4,18,4,6,89,4,5
5,5,14.0,36,4,14,4,9,57,0,5
5,5,14.0,36,4,7,4,8,19,0,5
5,5,14.0,36,4,1,4,12,80,4,5
5,5,14.0,36,4,14,4,12,61,3,5
5,5,14.0,36,4,2,4,4,75,3,5
5,5,14.0,36,4,0,4,15,96,3,5
5,5,14.0,36,4,11,4,1,35,3,5
5,5,22.0,163,5,18,4,16,39,0,26
5,5,22.0,163,5,19,4,1,11,4,26
5,5,22.0,163,5,9,4,6,7,3,26
5,3,4.0,285,6,17,4,14,97,3,30
5,3,4.0,285,6,19,4,10,52,3,30
5,3,10.0,4,5,9,4,8,33,4,4
5,3,10.0,4,5,9,4,0,12,3,4
5,3,10.0,4,5,2,4,13,28,3,4
5,3,10.0,4,5,13,4,6,7,3,4
5,3,10.0,4,5,5,4,1,11,0,4
5,11,26.0,364,0,11,4,15,96,0,3
5,7,29.0,268,3,5,4,6,7,0,16
5,11,26.0,364,0,5,4,2,2,4,3
5,5,10.0,155,3,13,4,0,15,0,4
5,5,22.0,163,5,1,4,15,114,3,26
5,5,22.0,163,5,4,4,10,43,3,26
5,6,22.0,185,0,14,4,14,25,3,26
5,5,10.0,155,3,18,4,7,122,3,4
5,7,29.0,268,3,9,4,8,19,3,16
5,6,22.0,185,0,2,4,0,77,3,26
5,5,22.0,163,5,8,4,1,59,3,26
5,3,17.0,54,5,22,4,10,22,3,6
5,7,7.0,293,6,4,4,13,69,3,11
5,7,29.0,268,3,5,4,9,10,4,16
5,6,22.0,185,0,19,4,11,124,3,26
5,5,22.0,163,5,14,4,1,1,4,26
5,11,26.0,364,0,5,4,13,48,0,3
5,11,26.0,364,0,23,4,6,14,3,3
5,3,17.0,54,5,9,4,3,76,3,6
5,3,17.0,54,5,8,4,6,7,3,6
5,3,17.0,54,5,22,4,2,86,3,6
5,3,17.0,54,5,13,4,13,38,3,6
5,3,17.0,54,5,23,4,9,95,4,6
5,3,17.0,54,5,18,4,7,78,3,6
5,5,1.0,109,5,15,4,1,35,3,7
5,11,26.0,364,0,10,4,7,8,4,3
5,11,26.0,364,0,13,4,1,11,3,3
5,5,1.0,109,5,14,4,8,118,1,7
5,9,23.0,167,0,9,4,7,8,3,17
5,9,23.0,167,0,2,4,14,25,3,17
5,7,4.0,186,2,14,4,3,115,3,30
5,7,4.0,186,2,1,4,2,2,4,30
5,7,4.0,186,2,12,4,9,109,3,30
5,7,4.0,186,2,13,4,2,2,0,30
5,7,4.0,186,2,14,4,9,109,4,30
5,7,4.0,186,2,3,4,15,39,0,30
5,7,4.0,186,2,2,4,2,2,3,30
5,7,13.0,238,5,9,4,16,108,3,25
5,7,13.0,238,5,1,4,6,7,0,25
5,7,13.0,238,5,21,4,14,25,3,25
5,7,13.0,238,5,9,4,1,105,3,25
5,7,13.0,238,5,1,4,2,2,3,25
5,7,13.0,238,5,1,4,13,69,0,25
5,7,13.0,238,5,18,4,8,41,4,25
5,7,13.0,238,5,19,4,7,78,3,25
5,7,13.0,238,5,4,4,0,53,3,25
5,7,15.0,205,3,2,4,8,33,3,1
5,7,15.0,205,3,14,4,9,27,3,1
5,7,15.0,205,3,4,4,1,11,4,1
5,7,15.0,205,3,1,4,6,7,3,1
5,7,15.0,205,3,19,4,6,7,3,1
5,7,15.0,205,3,19,4,8,118,3,1
5,7,15.0,205,3,23,4,9,95,3,1
5,7,15.0,205,3,21,4,6,7,3,1
5,7,15.0,205,3,14,4,13,48,3,1
5,7,15.0,205,3,1,4,9,9,3,1
5,7,15.0,205,3,4,4,13,48,0,1
5,7,15.0,205,3,20,4,6,14,1,1
5,7,15.0,205,3,1,4,9,93,3,1
5,7,15.0,205,3,13,4,14,107,3,1
5,7,29.0,268,3,20,4,1,81,4,16
5,7,29.0,268,3,6,4,7,78,3,16
5,7,29.0,268,3,11,4,9,102,3,16
5,7,29.0,268,3,6,4,1,105,4,16
5,7,29.0,268,3,3,4,13,48,3,16
5,5,1.0,109,5,18,4,1,59,4,7
5,5,1.0,109,5,5,4,10,22,3,7
5,5,1.0,109,5,18,4,14,32,3,7
5,11,26.0,364,0,14,4,1,16,3,3
5,11,26.0,364,0,4,4,8,41,3,3
5,11,26.0,364,0,11,4,9,27,3,3
5,5,1.0,109,5,8,4,14,32,0,7
5,5,1.0,109,5,4,4,14,32,4,7
5,11,26.0,364,0,7,4,6,73,4,3
5,5,2.0,307,6,18,4,8,33,3,22
5,5,2.0,307,6,9,4,9,101,4,22
5,5,2.0,307,6,19,4,14,131,3,22
5,5,2.0,307,6,13,4,6,128,3,22
5,5,2.0,307,6,18,4,16,42,4,22
5,5,2.0,307,6,10,4,6,7,3,22
5,5,2.0,307,6,14,4,12,80,4,22
5,5,2.0,307,6,21,4,9,95,4,22
5,5,3.0,161,3,12,4,6,89,3,27
5,11,26.0,364,0,14,4,8,19,4,3
5,11,26.0,364,0,1,4,0,53,3,3
5,9,1.0,126,3,18,4,8,41,4,7
5,9,1.0,126,3,18,4,11,133,4,7
5,9,1.0,126,3,4,4,9,57,3,7
5,9,1.0,126,3,17,4,8,27,3,7
5,9,1.0,126,3,18,4,8,33,4,7
5,9,1.0,126,3,14,4,8,19,3,7
5,9,1.0,126,3,9,4,14,125,3,7
5,9,10.0,156,1,5,4,12,104,3,4
5,9,10.0,156,1,3,4,6,89,3,4
5,9,10.0,156,1,2,4,10,47,3,4
5,9,10.0,156,1,1,4,13,48,3,4
5,5,22.0,163,5,4,4,16,39,0,26
5,7,7.0,293,6,5,4,5,6,0,11
5,6,22.0,185,0,17,4,9,54,0,26
5,7,7.0,293,6,18,4,2,2,3,11
5,3,7.0,289,1,17,4,10,47,3,11
5,7,7.0,293,6,19,4,2,2,3,11
5,5,22.0,163,5,9,4,16,37,3,26
5,9,20.0,119,5,20,4,1,105,2,29
5,3,7.0,289,1,9,4,9,49,3,11
5,7,7.0,293,6,22,4,11,15,3,11
5,5,22.0,163,5,1,4,1,81,4,26
5,6,28.0,309,3,18,4,9,95,3,18
5,3,14.0,33,1,2,4,6,7,3,5
5,7,7.0,293,6,11,4,1,105,3,11
5,7,24.0,68,1,16,4,6,132,4,14
5,7,24.0,68,1,1,4,6,7,3,14
5,7,24.0,68,1,8,4,15,119,3,14
5,7,24.0,68,1,18,4,6,73,0,14
5,7,24.0,68,1,18,4,15,31,2,14
5,7,24.0,68,1,1,4,1,105,4,14
5,7,24.0,68,1,19,4,6,7,0,14
5,3,13.0,210,0,13,4,13,48,0,25
5,3,13.0,210,0,14,4,6,7,3,25
5,3,13.0,210,0,10,4,6,116,4,25
5,3,13.0,210,0,3,4,0,12,3,25
5,3,13.0,210,0,14,4,9,63,3,25
5,3,13.0,210,0,12,4,16,37,3,25
5,3,13.0,210,0,18,4,0,77,3,25
5,5,10.0,155,3,10,4,8,19,4,4
5,5,10.0,155,3,10,4,6,7,3,4
5,5,12.0,327,1,1,4,6,73,4,28
5,11,27.0,322,1,9,4,2,2,3,15
5,5,12.0,327,1,9,4,1,59,4,28
5,5,12.0,327,1,9,4,8,41,4,28
5,11,27.0,322,1,4,4,9,93,3,15
5,9,11.0,52,2,14,4,0,26,4,9
5,5,12.0,327,1,19,4,15,114,3,28
5,5,12.0,327,1,4,4,3,79,3,28
5,5,12.0,327,1,14,4,1,81,4,28
5,9,11.0,52,2,16,4,3,70,3,9
5,5,12.0,327,1,9,4,1,16,4,28
5,9,11.0,52,2,16,4,7,137,3,9
5,5,19.0,146,1,16,4,1,81,4,10
5,5,19.0,146,1,8,4,1,105,4,10
5,5,19.0,146,1,16,4,8,19,4,10
5,5,19.0,146,1,23,4,11,90,3,10
5,5,19.0,146,1,4,4,1,67,3,10
5,5,19.0,146,1,22,4,6,7,3,10
5,3,22.0,166,2,17,4,1,105,4,26
5,3,22.0,166,2,6,4,10,6,3,26
5,3,22.0,166,2,6,4,11,55,2,26
5,3,22.0,166,2,10,4,14,25,0,26
5,3,22.0,166,2,5,4,16,50,2,26
5,3,30.0,304,4,2,4,12,100,4,19
5,3,30.0,304,4,12,4,8,41,3,19
5,3,30.0,304,4,4,4,13,29,3,19
5,3,30.0,304,4,17,4,16,65,4,19
5,3,30.0,304,4,14,4,7,54,4,19
5,3,30.0,304,4,4,4,13,29,3,19
5,3,30.0,304,4,4,4,15,108,3,19
5,3,30.0,304,4,9,4,2,60,2,19
5,3,30.0,304,4,0,4,16,74,3,19
5,3,30.0,304,4,12,4,13,38,0,19
5,3,30.0,304,4,14,4,14,25,3,19
5,3,30.0,304,4,19,4,10,52,3,19
5,3,30.0,304,4,1,4,14,106,3,19
5,3,30.0,304,4,19,4,9,49,3,19
5,5,5.0,96,1,12,4,14,25,3,24
5,5,5.0,96,1,2,4,1,16,3,24
5,11,23.0,232,5,2,4,16,139,2,17
5,5,23.0,168,6,20,4,16,72,3,17
5,5,23.0,168,6,9,4,6,132,4,17
5,5,23.0,168,6,17,4,11,133,3,17
5,5,23.0,168,6,1,4,16,113,4,17
5,5,23.0,168,6,19,4,16,72,3,17
5,11,30.0,170,5,3,4,9,27,3,19
5,11,30.0,170,5,3,4,2,13,0,19
5,5,23.0,168,6,12,4,13,48,3,17
5,11,30.0,170,5,5,4,3,79,0,19
5,9,7.0,271,6,11,4,14,25,4,11
5,9,7.0,271,6,18,4,14,110,0,11
5,9,7.0,271,6,1,4,6,73,3,11
5,5,24.0,58,3,13,4,14,24,0,14
5,5,24.0,58,3,19,4,0,68,3,14
5,5,24.0,58,3,9,4,6,14,3,14
5,5,24.0,58,3,13,4,12,84,0,14
5,5,24.0,58,3,8,4,6,7,3,14
5,9,7.0,271,6,1,4,8,27,1,11
5,5,24.0,58,3,19,4,3,44,3,14
5,9,7.0,271,6,17,4,7,111,3,11
5,9,7.0,271,6,15,4,5,64,3,11
5,9,7.0,271,6,19,4,16,50,4,11
5,3,13.0,210,0,18,4,6,7,4,25
5,3,10.0,4,5,8,4,16,139,3,4
5,6,28.0,309,3,17,4,3,30,4,18
5,3,14.0,33,1,7,4,6,7,3,5
5,6,28.0,309,3,18,4,6,132,4,18
5,5,22.0,163,5,14,4,6,91,4,26
5,3,14.0,33,1,19,4,5,64,3,5
5,6,28.0,309,3,4,4,9,10,3,18
5,5,22.0,163,5,17,4,8,19,3,26
5,3,14.0,33,1,13,4,4,79,3,5
5,6,28.0,309,3,9,4,11,133,3,18
5,5,22.0,163,5,20,4,9,95,3,26
5,3,14.0,33,1,22,4,8,9,3,5
5,6,28.0,309,3,1,4,3,44,3,18
5,3,14.0,33,1,18,4,4,75,3,5
5,5,22.0,163,5,11,4,9,27,2,26
5,3,22.0,166,2,12,4,14,24,3,26
5,6,28.0,309,3,17,4,12,61,4,18
5,5,22.0,163,5,7,4,10,47,3,26
5,3,22.0,166,2,16,4,8,19,4,26
5,3,22.0,166,2,18,4,6,128,3,26
5,3,22.0,166,2,23,4,16,65,3,26
5,3,22.0,166,2,3,4,6,7,3,26
5,5,7.0,349,4,12,4,2,86,3,11
5,5,7.0,349,4,19,4,16,37,0,11
5,5,7.0,349,4,15,4,6,7,3,11
5,11,20.0,340,1,8,4,13,28,3,29
5,5,7.0,349,4,13,4,11,94,3,11
5,5,13.0,184,2,17,4,7,111,3,25
5,5,13.0,184,2,14,4,11,58,4,25
5,5,13.0,184,2,13,4,14,25,0,25
5,5,13.0,184,2,4,4,6,89,3,25
5,5,13.0,184,2,20,4,7,54,3,25
5,5,13.0,184,2,11,4,6,7,3,25
5,5,13.0,184,2,9,4,3,30,3,25
5,11,20.0,340,1,9,4,16,37,3,29
5,11,20.0,340,1,19,4,8,33,4,29
5,5,13.0,184,2,22,4,15,46,3,25
5,3,10.0,4,5,13,4,1,11,3,4
5,5,13.0,184,2,2,4,11,15,3,25
5,5,13.0,184,2,8,4,6,7,3,25
5,5,13.0,184,2,18,4,3,30,3,25
5,5,13.0,184,2,18,4,6,89,4,25
5,11,20.0,340,1,18,4,0,12,3,29
5,11,20.0,340,1,9,4,6,7,3,29
5,11,20.0,340,1,18,4,5,6,3,29
5,9,12.0,177,4,6,4,13,38,3,28
5,9,22.0,92,3,1,4,10,22,3,26
5,9,22.0,92,3,4,4,13,69,3,26
5,9,22.0,92,3,13,4,6,7,3,26
5,9,22.0,92,3,9,4,11,129,4,26
5,9,22.0,92,3,9,4,14,107,3,26
5,9,24.0,272,1,8,4,3,30,0,14
5,9,24.0,272,1,18,4,16,72,3,14
5,9,24.0,272,1,6,4,6,89,0,14
5,9,24.0,272,1,0,4,16,37,3,14
5,9,24.0,272,1,9,4,1,105,4,14
5,9,24.0,272,1,11,4,7,111,2,14
5,9,24.0,272,1,19,4,1,81,4,14
5,9,24.0,272,1,11,4,6,116,4,14
5,9,24.0,272,1,19,4,14,107,3,14
5,9,24.0,272,1,11,4,9,63,3,14
5,7,7.0,293,6,13,4,16,72,3,11
5,7,7.0,293,6,12,4,12,80,3,11
5,7,7.0,293,6,21,4,5,6,3,11
5,5,4.0,114,0,14,4,4,45,3,30
5,5,4.0,114,0,14,4,15,108,3,30
5,5,4.0,114,0,18,4,11,133,4,30
5,5,4.0,114,0,5,4,12,61,3,30
5,5,4.0,114,0,19,4,10,47,3,30
5,5,4.0,114,0,4,4,3,115,4,30
5,5,4.0,114,0,18,4,9,54,3,30
5,5,4.0,114,0,14,4,6,73,3,30
5,5,4.0,114,0,13,4,8,9,3,30
5,5,10.0,155,3,1,4,11,55,3,4
5,5,10.0,155,3,9,4,16,50,4,4
5,11,27.0,322,1,0,4,16,50,4,15
5,5,10.0,155,3,1,4,1,105,3,4
5,5,10.0,155,3,12,4,16,130,3,4
5,6,28.0,309,3,18,4,4,136,4,18
5,5,25.0,350,0,20,4,0,26,3,13
5,6,28.0,309,3,13,4,1,11,0,18
5,5,25.0,350,0,8,4,7,78,3,13
5,9,20.0,119,5,1,4,3,44,3,29
5,5,25.0,350,0,14,4,1,67,4,13
5,10,3.0,310,5,17,4,6,14,4,27
5,5,15.0,200,5,22,4,13,38,3,1
5,10,3.0,310,5,17,4,5,6,0,27
5,5,15.0,200,5,14,4,15,114,3,1
5,10,3.0,310,5,0,4,14,25,4,27
5,10,3.0,310,5,21,4,6,7,3,27
5,9,20.0,119,5,9,4,14,107,3,29
5,5,15.0,200,5,9,4,12,84,1,1
5,9,20.0,119,5,1,4,7,78,3,29
5,5,15.0,200,5,19,4,11,15,3,1
5,10,3.0,310,5,2,4,8,33,4,27
5,5,15.0,200,5,21,4,6,7,3,1
5,10,3.0,310,5,18,4,1,105,0,27
5,5,15.0,200,5,14,4,1,1,4,1
5,5,15.0,200,5,4,4,6,7,3,1
5,5,15.0,200,5,15,4,14,32,3,1
5,5,16.0,239,6,14,4,15,119,3,2
5,5,16.0,239,6,19,4,10,52,4,2
5,5,16.0,239,6,15,4,13,28,0,2
5,5,16.0,239,6,1,4,4,82,3,2
5,5,16.0,239,6,16,4,1,59,0,2
5,5,16.0,239,6,4,4,12,100,4,2
5,5,16.0,239,6,18,4,8,41,4,2
5,5,16.0,239,6,19,4,12,100,4,2
5,5,16.0,239,6,4,4,6,7,4,2
5,5,16.0,239,6,14,4,4,121,3,2
5,5,16.0,239,6,9,4,12,80,4,2
5,5,30.0,294,6,13,4,2,69,3,19
5,9,17.0,255,1,13,4,14,25,3,6
5,9,17.0,255,1,12,4,1,16,3,6
5,9,17.0,255,1,18,4,14,110,3,6
5,9,19.0,234,4,2,4,15,31,4,10
5,9,19.0,234,4,17,4,6,7,3,10
5,6,20.0,215,6,20,4,14,25,2,29
5,9,19.0,234,4,0,4,8,19,4,10
5,9,19.0,234,4,9,4,6,116,3,10
5,9,20.0,119,5,14,4,14,25,0,29
5,6,20.0,215,6,13,4,10,47,3,29
5,9,20.0,119,5,5,4,2,86,0,29
5,6,20.0,215,6,2,4,3,79,3,29
5,9,20.0,119,5,12,4,9,93,3,29
5,9,20.0,119,5,9,4,11,10,4,29
5,9,20.0,119,5,8,4,6,7,3,29
5,6,28.0,309,3,10,4,3,30,0,18
5,6,28.0,309,3,8,4,4,76,3,18
5,6,28.0,309,3,19,4,12,104,4,18
5,6,28.0,309,3,14,4,8,9,3,18
5,6,28.0,309,3,1,4,9,49,1,18
5,9,20.0,119,5,8,4,0,53,3,29
5,3,27.0,361,0,17,4,7,62,3,15
5,3,27.0,361,0,12,4,1,11,3,15
5,3,27.0,361,0,6,4,9,93,3,15
5,3,28.0,187,1,18,4,8,65,0,18
5,3,28.0,187,1,9,4,6,7,3,18
5,3,28.0,187,1,9,4,11,55,4,18
5,3,28.0,187,1,8,4,9,57,3,18
5,3,28.0,187,1,9,4,10,30,3,18
5,3,28.0,187,1,14,4,14,34,3,18
5,3,28.0,187,1,2,4,1,11,3,18
5,3,28.0,187,1,19,4,8,9,3,18
5,3,28.0,187,1,13,4,12,56,0,18
5,3,28.0,187,1,2,4,1,105,0,18
5,3,28.0,187,1,12,4,2,69,3,18
5,3,29.0,325,2,11,4,6,91,3,16
5,3,29.0,325,2,17,4,6,7,4,16
5,3,29.0,325,2,14,4,2,35,0,16
5,3,29.0,325,2,4,4,2,2,3,16
5,3,29.0,325,2,11,4,1,11,3,16
5,3,29.0,325,2,1,4,13,48,4,16
5,6,30.0,145,1,2,4,16,50,3,19
5,7,14.0,125,6,9,4,6,7,3,5
5,7,14.0,125,6,9,4,14,25,2,5
5,10,6.0,242,0,14,4,15,119,4,23
5,7,14.0,125,6,1,4,2,71,4,5
5,10,6.0,242,0,7,4,10,52,4,23
5,10,6.0,242,0,17,4,8,33,4,23
5,3,10.0,4,5,3,4,15,31,3,4
5,9,20.0,119,5,2,4,14,24,3,29
5,6,22.0,185,0,6,4,2,86,3,26
5,6,22.0,185,0,14,4,15,119,3,26
5,6,22.0,185,0,1,4,14,106,4,26
5,6,22.0,185,0,8,4,8,65,4,26
5,6,22.0,185,0,9,4,6,89,3,26
5,6,22.0,185,0,6,4,15,31,3,26
5,6,22.0,185,0,18,4,1,16,4,26
5,6,24.0,31,2,2,4,6,7,3,14
5,6,24.0,31,2,22,4,16,37,4,14
5,6,24.0,31,2,4,4,6,7,4,14
5,6,24.0,31,2,18,4,1,1,4,14
5,6,24.0,31,2,5,4,10,22,3,14
5,6,24.0,31,2,1,4,16,37,4,14
5,10,5.0,336,3,9,4,16,72,3,24
5,10,5.0,336,3,21,4,0,53,3,24
5,10,5.0,336,3,20,4,14,25,3,24
5,10,5.0,336,3,11,4,14,24,1,24
5,10,5.0,336,3,1,4,8,9,4,24
5,5,27.0,328,2,9,4,14,25,4,15
5,5,27.0,328,2,18,4,3,30,4,15
5,5,27.0,328,2,1,4,16,139,3,15
5,5,27.0,328,2,3,4,5,6,3,15
5,6,11.0,355,4,22,4,6,7,3,9
5,6,11.0,355,4,15,4,12,104,3,9
5,6,11.0,355,4,19,4,6,7,3,9
5,6,11.0,355,4,17,4,8,9,4,9
5,6,11.0,355,4,11,4,6,89,3,9
5,6,11.0,355,4,13,4,14,25,3,9
5,6,11.0,355,4,19,4,5,12,0,9
5,6,11.0,355,4,2,4,16,65,3,9
5,6,11.0,355,4,4,4,6,7,3,9
5,6,11.0,355,4,20,4,5,12,0,9
5,6,11.0,355,4,17,4,3,79,3,9
5,6,18.0,308,4,19,4,6,7,3,0
5,6,18.0,308,4,13,4,2,71,4,0
5,6,18.0,308,4,1,4,1,105,4,0
5,6,18.0,308,4,12,4,7,62,3,0
5,10,3.0,310,5,9,4,16,72,3,27
5,10,3.0,310,5,0,4,9,87,3,27
5,10,3.0,310,5,9,4,15,46,4,27
5,10,13.0,346,0,17,4,8,19,0,25
5,10,13.0,346,0,16,4,1,16,4,25
5,10,13.0,346,0,12,4,7,78,4,25
5,10,13.0,346,0,22,4,13,48,0,25
5,10,13.0,346,0,5,4,6,128,3,25
5,9,20.0,119,5,8,4,3,76,3,29
5,10,13.0,346,0,21,4,16,72,1,25
5,10,13.0,346,0,17,4,2,92,4,25
5,9,20.0,119,5,9,4,3,103,3,29
5,9,20.0,119,5,9,4,8,65,2,29
5,7,2.0,160,0,22,4,11,133,3,22
5,10,18.0,246,6,5,4,0,64,0,0
5,10,18.0,246,6,1,4,7,129,4,0
5,10,18.0,246,6,11,4,12,84,4,0
5,10,18.0,246,6,14,4,11,98,3,0
5,10,18.0,246,6,14,4,12,121,3,0
5,10,18.0,246,6,4,4,15,112,3,0
5,10,17.0,256,5,17,4,6,132,4,6
5,7,21.0,81,6,14,4,11,133,4,21
5,3,10.0,4,5,7,4,8,118,0,4
5,3,10.0,4,5,5,4,13,28,3,4
5,3,10.0,4,5,14,4,9,54,3,4
5,3,27.0,361,0,11,4,14,25,0,15
5,3,27.0,361,0,0,4,6,91,4,15
5,3,27.0,361,0,20,4,14,34,3,15
5,3,27.0,361,0,9,4,9,109,3,15
5,3,27.0,361,0,17,4,1,105,0,15
5,5,19.0,146,1,16,4,1,105,4,10
5,5,19.0,146,1,19,4,15,46,3,10
5,5,19.0,146,1,9,4,9,95,3,10
5,5,19.0,146,1,21,4,4,75,3,10
5,5,19.0,146,1,18,4,9,49,4,10
5,5,19.0,146,1,18,4,6,73,3,10
3,6,10.0,149,1,11,4,3,76,1,4
5,5,20.0,214,2,16,4,0,77,3,29
5,5,20.0,214,2,12,4,3,76,4,29
5,5,20.0,214,2,1,4,13,21,3,29
5,5,20.0,214,2,21,4,15,112,0,29
5,5,20.0,214,2,19,4,14,25,3,29
5,9,11.0,52,2,8,4,0,53,3,9
5,9,11.0,52,2,9,4,16,42,4,9
5,5,28.0,259,4,14,4,6,7,3,18
5,5,28.0,259,4,12,4,14,110,3,18
5,5,28.0,259,4,5,4,0,68,3,18
5,5,28.0,259,4,13,4,8,9,3,18
5,5,28.0,259,4,18,4,6,7,4,18
5,5,28.0,259,4,1,4,13,99,3,18
5,5,28.0,259,4,14,4,9,102,4,18
5,5,28.0,259,4,17,4,6,7,3,18
5,5,5.0,96,1,22,4,15,39,1,24
5,5,5.0,96,1,6,4,5,12,3,24
5,5,5.0,96,1,8,4,8,9,3,24
5,5,5.0,96,1,13,4,6,132,4,24
5,5,5.0,96,1,14,4,14,32,3,24
5,5,5.0,96,1,1,4,13,123,4,24
5,5,5.0,96,1,3,4,10,12,3,24
5,5,5.0,96,1,2,4,7,120,3,24
5,5,5.0,96,1,22,4,14,107,3,24
5,5,5.0,96,1,3,4,4,5,3,24
5,5,5.0,96,1,12,4,2,3,4,24
5,5,5.0,96,1,18,4,16,65,4,24
5,5,8.0,199,5,17,4,1,11,3,8
5,5,8.0,199,5,5,4,7,120,3,8
5,5,8.0,199,5,4,4,13,48,2,8
5,5,8.0,199,5,14,4,1,35,4,8
5,5,8.0,199,5,22,4,6,7,0,8
5,5,8.0,199,5,4,4,13,69,3,8
5,5,8.0,199,5,9,4,6,7,4,8
5,5,15.0,200,5,17,4,13,99,4,1
5,5,15.0,200,5,19,4,14,110,3,1
5,5,28.0,259,4,9,4,14,25,4,18
5,5,28.0,259,4,19,4,12,121,0,18
5,5,28.0,259,4,18,4,11,18,4,18
5,5,28.0,259,4,4,4,10,22,3,18
5,9,17.0,255,1,12,4,8,9,3,6
5,5,29.0,24,5,4,4,1,16,4,16
5,5,29.0,24,5,6,4,6,7,4,16
5,9,17.0,255,1,1,4,1,105,3,6
5,5,29.0,24,5,18,4,9,87,4,16
5,5,29.0,24,5,4,4,14,32,4,16
5,5,29.0,24,5,1,4,9,87,3,16
5,5,29.0,24,5,4,4,10,12,3,16
5,5,29.0,24,5,9,4,14,131,3,16
5,9,17.0,255,1,9,4,8,41,3,6
5,9,17.0,255,1,4,4,1,59,3,6
5,5,29.0,24,5,16,4,2,92,3,16
5,9,17.0,255,1,15,4,16,37,0,6
5,9,17.0,255,1,12,4,1,105,3,6
5,9,17.0,255,1,12,4,15,46,3,6
5,6,23.0,84,1,17,4,2,2,3,17
5,9,21.0,362,6,1,4,9,93,3,21
5,6,23.0,84,1,9,4,15,96,0,17
5,6,23.0,84,1,9,4,16,42,3,17
5,9,21.0,362,6,20,4,6,89,3,21
5,6,23.0,84,1,16,4,9,95,4,17
5,9,21.0,362,6,17,4,2,86,3,21
5,6,25.0,39,4,17,4,6,14,4,13
5,7,5.0,204,4,18,4,8,19,4,24
5,6,25.0,39,4,6,4,9,109,4,13
5,6,25.0,39,4,23,4,16,37,4,13
5,7,6.0,93,5,9,4,14,110,3,23
5,7,6.0,93,5,18,4,14,25,4,23
5,6,25.0,39,4,0,4,15,112,4,13
5,6,25.0,39,4,1,4,8,65,3,13
5,6,25.0,39,4,1,4,16,72,4,13
5,6,30.0,145,1,20,4,7,8,3,19
5,3,21.0,338,1,9,4,13,28,4,21
5,1,23.0,69,3,22,4,13,38,0,17
5,3,21.0,338,1,21,4,6,7,3,21
5,8,5.0,101,6,14,4,9,87,2,24
5,8,5.0,101,6,9,4,14,88,4,24
5,7,28.0,34,6,16,4,6,7,3,18
5,8,5.0,101,6,2,4,9,102,4,24
5,8,5.0,101,6,4,4,11,133,3,24
5,3,2.0,120,4,17,4,10,47,3,22
5,3,9.0,44,4,19,4,3,115,0,12
5,3,11.0,337,6,3,4,16,50,3,9
5,3,11.0,337,6,10,4,16,74,3,9
5,8,28.0,224,0,9,4,14,32,4,18
5,8,28.0,224,0,8,4,16,50,3,18
5,8,28.0,224,0,4,4,14,97,3,18
5,8,28.0,224,0,19,4,14,25,3,18
5,8,16.0,73,2,13,4,2,71,3,2
5,4,5.0,235,0,0,4,16,74,4,24
5,4,13.0,221,1,13,4,6,7,3,25
5,4,13.0,221,1,4,4,6,7,3,25
5,4,13.0,221,1,1,4,14,25,3,25
5,4,13.0,221,1,9,4,6,7,3,25
5,4,13.0,221,1,18,4,8,65,3,25
5,4,25.0,20,3,1,4,4,138,4,13
5,4,25.0,20,3,23,4,1,81,2,13
5,4,25.0,20,3,9,4,15,39,3,13
5,4,25.0,20,3,14,4,8,27,4,13
5,4,25.0,20,3,11,4,7,31,3,13
5,4,25.0,20,3,4,4,16,37,3,13
5,4,25.0,20,3,9,4,8,9,3,13
5,4,25.0,20,3,14,4,9,109,4,13
5,4,25.0,20,3,18,4,11,18,3,13
5,4,25.0,20,3,1,4,9,109,3,13
5,4,25.0,20,3,17,4,11,55,4,13
5,4,25.0,20,3,18,4,7,120,3,13
5,2,6.0,251,5,5,4,15,39,3,23
5,2,6.0,251,5,10,4,8,118,4,23
5,2,6.0,251,5,19,4,1,81,3,23
5,2,6.0,251,5,19,4,6,132,3,23
5,2,6.0,251,5,17,4,11,15,4,23
5,2,6.0,251,5,4,4,16,39,3,23
5,2,6.0,251,5,4,4,8,65,4,23
5,2,6.0,251,5,19,4,8,19,3,23
5,0,26.0,14,6,7,4,6,7,3,3
5,0,26.0,14,6,17,4,8,41,3,3
5,0,26.0,14,6,1,4,13,28,4,3
5,0,26.0,14,6,10,4,16,37,4,3
5,0,26.0,14,6,10,4,8,118,4,3
5,0,26.0,14,6,22,4,0,31,3,3
5,0,26.0,14,6,1,4,6,7,3,3
5,0,26.0,14,6,9,4,6,91,4,3
5,0,25.0,281,5,2,4,13,28,0,13
5,0,25.0,281,5,13,4,16,37,3,13
4,11,16.0,225,6,11,4,14,32,4,2
5,0,18.0,0,5,2,4,16,37,3,0
5,0,18.0,0,5,9,4,14,24,4,0
5,0,18.0,0,5,1,4,1,11,4,0
5,0,10.0,129,4,17,4,8,9,3,4
5,0,10.0,129,4,18,4,6,7,3,4
5,0,2.0,47,2,17,4,11,133,3,22
5,0,2.0,47,2,8,4,6,89,4,22
5,2,9.0,21,0,1,4,13,28,0,12
5,2,9.0,21,0,18,4,16,72,1,12
5,2,9.0,21,0,14,4,0,31,3,12
5,2,9.0,21,0,18,4,6,7,4,12
5,3,21.0,338,1,2,4,12,56,3,21
5,3,21.0,338,1,0,4,0,12,3,21
5,3,21.0,338,1,8,4,6,7,3,21
5,3,21.0,338,1,1,4,14,106,3,21
5,3,21.0,338,1,13,4,14,97,4,21
5,3,21.0,338,1,4,4,1,11,3,21
5,3,21.0,338,1,11,4,1,105,3,21
5,8,25.0,86,5,22,4,9,27,3,13
5,8,25.0,86,5,3,4,4,138,3,13
5,4,1.0,144,4,1,4,15,119,3,7
5,4,6.0,176,1,18,4,6,89,4,23
5,4,7.0,133,2,1,4,7,122,3,11
5,5,24.0,58,3,19,4,16,130,0,14
5,8,17.0,74,4,9,4,15,114,4,6
5,2,5.0,127,4,1,4,6,91,4,24
5,2,5.0,127,4,9,4,11,122,4,24
5,2,5.0,127,4,1,4,12,61,4,24
5,2,5.0,127,4,1,4,8,41,4,24
5,2,5.0,127,4,14,4,16,39,4,24
5,2,5.0,127,4,18,4,7,20,4,24
5,2,5.0,127,4,13,4,6,7,3,24
5,2,5.0,127,4,12,4,13,28,3,24
5,2,5.0,127,4,12,4,3,115,3,24
5,2,7.0,153,6,18,4,9,83,4,11
5,0,5.0,122,6,20,4,6,132,3,24
5,8,16.0,73,2,1,4,6,7,3,2
5,8,22.0,354,1,4,4,14,97,3,26
5,10,18.0,246,6,13,4,13,48,0,0
5,0,5.0,122,6,19,4,9,27,3,24
5,0,5.0,122,6,4,4,6,132,3,24
5,0,5.0,122,6,6,4,14,106,4,24
5,0,5.0,122,6,19,4,10,22,3,24
5,0,5.0,122,6,20,4,8,9,3,24
5,0,14.0,5,0,20,4,1,59,4,5
5,0,14.0,5,0,4,4,2,2,3,5
5,0,14.0,5,0,2,4,10,47,3,5
5,0,14.0,5,0,10,4,6,132,4,5
5,0,14.0,5,0,18,4,14,88,4,5
5,0,14.0,5,0,18,4,6,132,3,5
5,0,14.0,5,0,14,4,9,102,3,5
5,0,14.0,5,0,4,4,8,65,3,5
5,0,14.0,5,0,14,4,6,7,4,5
5,0,14.0,5,0,11,4,6,89,0,5
5,0,14.0,5,0,9,4,3,30,3,5
5,0,14.0,5,0,0,4,1,11,3,5
5,0,14.0,5,0,16,4,16,50,4,5
5,0,14.0,5,0,13,4,8,65,3,5
5,0,22.0,241,1,20,4,8,118,3,26
5,2,10.0,28,1,10,4,0,26,3,4
5,2,21.0,108,6,1,4,6,7,0,21
5,2,10.0,28,1,4,4,10,52,3,4
5,2,10.0,28,1,0,4,10,47,3,4
5,2,10.0,28,1,13,4,10,22,3,4
5,2,10.0,28,1,21,4,8,19,4,4
5,2,10.0,28,1,14,4,7,20,3,4
5,2,16.0,220,0,4,4,16,72,3,2
5,2,16.0,220,0,15,4,2,86,3,2
5,2,16.0,220,0,6,4,6,7,4,2
5,2,16.0,220,0,19,4,8,33,3,2
5,2,16.0,220,0,21,4,16,37,0,2
5,2,16.0,220,0,14,4,0,77,3,2
5,2,16.0,220,0,4,4,8,19,3,2
5,2,16.0,220,0,4,4,9,93,3,2
5,2,16.0,220,0,4,4,8,41,4,2
5,2,16.0,220,0,2,4,6,73,3,2
5,2,16.0,220,0,22,4,13,38,3,2
5,2,16.0,220,0,11,4,6,89,4,2
5,2,16.0,220,0,1,4,6,116,4,2
5,2,16.0,220,0,4,4,8,33,3,2
5,2,18.0,7,2,16,4,9,109,4,0
5,2,18.0,7,2,5,4,14,131,3,0
5,2,15.0,130,3,6,4,6,7,4,1
5,2,15.0,130,3,9,4,13,38,3,1
5,2,15.0,130,3,9,4,9,10,4,1
5,2,15.0,130,3,4,4,6,7,2,1
5,2,15.0,130,3,19,4,1,1,3,1
5,2,15.0,130,3,9,4,13,48,4,1
5,2,15.0,130,3,14,4,3,79,3,1
5,2,15.0,130,3,12,4,1,35,3,1
5,2,15.0,130,3,14,4,13,99,4,1
5,2,15.0,130,3,14,4,3,4,3,1
5,2,17.0,6,1,15,4,13,28,0,6
5,2,17.0,6,1,1,4,9,109,4,6
5,2,17.0,6,1,6,4,15,108,3,6
5,2,17.0,6,1,18,4,7,111,4,6
5,2,17.0,6,1,16,4,8,41,3,6
5,2,17.0,6,1,15,4,15,39,0,6
5,2,17.0,6,1,22,4,14,110,3,6
5,2,17.0,6,1,4,4,7,137,3,6
5,2,17.0,6,1,1,4,7,111,4,6
5,8,14.0,296,0,18,4,7,20,3,5
4,9,17.0,255,2,17,4,9,27,3,6
5,8,14.0,296,0,12,4,8,19,3,5
4,9,17.0,255,2,2,4,10,47,3,6
4,9,17.0,255,2,23,4,9,95,2,6
4,9,17.0,255,2,2,4,14,25,3,6
5,8,14.0,296,0,1,4,8,33,3,5
5,8,14.0,296,0,12,4,13,69,0,5
5,8,9.0,124,2,15,4,6,7,3,12
5,8,9.0,124,2,19,4,8,19,4,12
5,8,9.0,124,2,18,4,9,10,4,12
5,8,9.0,124,2,10,4,13,48,4,12
5,8,8.0,76,1,13,4,5,6,0,8
5,8,8.0,76,1,20,4,6,7,0,8
5,8,7.0,70,0,5,4,3,30,3,11
5,8,7.0,70,0,19,4,14,24,3,11
5,8,7.0,70,0,2,4,14,34,3,11
4,9,26.0,267,5,2,4,9,9,3,3
4,9,26.0,267,5,1,4,3,70,3,3
5,2,17.0,6,1,14,4,11,58,4,6
5,2,17.0,6,1,17,4,8,9,4,6
5,2,17.0,6,1,19,4,8,41,3,6
5,2,17.0,6,1,4,4,1,16,0,6
5,2,17.0,6,1,15,4,16,37,0,6
5,2,17.0,6,1,17,4,6,132,4,6
5,2,17.0,6,1,17,4,8,33,0,6
5,2,23.0,230,0,18,4,4,76,3,17
5,2,23.0,230,0,15,4,2,2,3,17
5,2,7.0,153,6,14,4,12,80,3,11
5,4,17.0,19,6,5,4,16,72,3,6
5,0,3.0,334,4,20,4,13,28,3,27
5,10,18.0,246,6,22,4,6,7,0,0
5,2,13.0,276,5,3,4,0,68,3,25
5,2,22.0,209,3,2,4,14,106,3,26
5,4,17.0,19,6,3,4,14,25,3,6
5,8,22.0,354,1,17,4,12,61,3,26
5,5,29.0,24,5,9,4,9,57,4,16
5,0,3.0,334,4,2,4,5,6,3,27
5,8,16.0,73,2,10,4,13,28,0,2
5,0,3.0,334,4,19,4,6,7,0,27
5,0,3.0,334,4,10,4,1,1,4,27
5,0,3.0,334,4,1,4,6,89,0,27
5,0,3.0,334,4,6,4,1,67,4,27
5,0,3.0,334,4,17,4,11,94,4,27
5,0,3.0,334,4,18,4,9,87,3,27
5,2,8.0,258,3,19,4,9,49,3,8
5,2,8.0,258,3,18,4,9,49,3,8
5,2,8.0,258,3,8,4,11,55,4,8
5,2,8.0,258,3,17,4,9,101,4,8
5,2,8.0,258,3,11,4,9,83,3,8
5,2,8.0,258,3,17,4,8,19,4,8
5,2,8.0,258,3,4,4,8,19,3,8
5,2,8.0,258,3,11,4,9,10,3,8
5,2,8.0,258,3,19,4,9,109,4,8
5,2,8.0,258,3,17,4,9,10,4,8
5,2,8.0,258,3,12,4,14,25,3,8
5,2,8.0,258,3,4,4,6,7,4,8
5,2,8.0,258,3,17,4,1,67,0,8
5,2,10.0,28,1,13,4,10,47,3,4
5,2,10.0,28,1,13,4,9,95,3,4
5,2,10.0,28,1,9,4,13,13,3,4
5,2,10.0,28,1,17,4,6,7,3,4
5,2,10.0,28,1,17,4,9,57,0,4
5,2,10.0,28,1,4,4,6,73,3,4
5,2,10.0,28,1,1,4,12,61,3,4
4,9,8.0,90,0,1,4,8,27,4,8
5,4,24.0,27,6,4,4,15,96,3,14
4,9,8.0,90,0,5,4,9,87,3,8
4,9,8.0,90,0,0,4,6,7,3,8
4,9,8.0,90,0,10,4,9,57,0,8
5,4,24.0,27,6,4,4,6,91,4,14
5,4,24.0,27,6,2,4,1,105,3,14
5,4,24.0,27,6,22,4,13,99,3,14
5,4,24.0,27,6,9,4,3,79,3,14
5,4,24.0,27,6,18,4,3,30,3,14
5,4,24.0,27,6,17,4,1,105,4,14
5,4,24.0,27,6,1,4,3,44,3,14
5,4,15.0,132,4,23,4,6,116,3,1
5,4,15.0,132,4,18,4,14,24,3,1
4,9,10.0,156,2,17,4,1,35,3,4
5,8,15.0,72,1,3,4,6,128,3,1
4,9,10.0,156,2,9,4,10,22,3,4
4,9,17.0,255,2,5,4,14,106,3,6
4,9,17.0,255,2,17,4,7,129,4,6
5,8,17.0,74,4,18,4,7,137,3,6
5,8,17.0,74,4,0,4,13,48,3,6
5,8,17.0,74,4,13,4,6,7,0,6
5,4,1.0,144,4,17,4,2,71,0,7
5,4,31.0,67,6,19,4,2,71,4,20
5,4,31.0,67,6,9,4,15,46,3,20
5,4,31.0,67,6,20,4,8,19,3,20
5,4,31.0,67,6,6,4,11,15,4,20
5,4,31.0,67,6,9,4,8,19,3,20
5,4,31.0,67,6,2,4,14,25,3,20
5,4,31.0,67,6,19,4,8,19,3,20
5,4,31.0,67,6,4,4,15,51,3,20
5,4,31.0,67,6,1,4,7,137,4,20
5,4,31.0,67,6,23,4,9,93,4,20
5,4,31.0,67,6,9,4,8,27,4,20
5,4,31.0,67,6,14,4,2,13,3,20
5,2,15.0,130,3,11,4,16,72,3,1
5,2,15.0,130,3,9,4,6,89,4,1
5,0,3.0,334,4,2,4,10,6,3,27
5,0,4.0,229,5,6,4,11,18,3,30
5,0,4.0,229,5,23,4,10,47,3,30
5,0,4.0,229,5,15,4,12,80,3,30
5,0,4.0,229,5,15,4,6,89,4,30
5,0,4.0,229,5,4,4,6,128,3,30
5,0,4.0,229,5,12,4,6,7,3,30
5,0,4.0,229,5,9,4,9,49,3,30
5,0,4.0,229,5,14,4,8,33,4,30
5,0,4.0,229,5,4,4,10,47,3,30
5,0,4.0,229,5,9,4,10,52,3,30
5,0,4.0,229,5,14,4,10,22,3,30
5,0,5.0,122,6,5,4,8,19,3,24
5,0,5.0,122,6,20,4,6,132,4,24
5,0,5.0,122,6,8,4,8,9,3,24
5,0,5.0,122,6,8,4,11,98,0,24
5,0,5.0,122,6,13,4,8,19,0,24
5,0,5.0,122,6,20,4,6,7,4,24
5,0,5.0,122,6,21,4,8,118,3,24
5,0,5.0,122,6,23,4,6,7,3,24
5,0,5.0,122,6,23,4,6,14,4,24
5,10,19.0,117,3,11,4,8,9,4,10
5,1,2.0,171,3,6,4,9,27,0,22
5,2,22.0,209,3,23,4,6,7,4,26
5,4,17.0,19,6,8,4,15,119,3,6
5,8,22.0,354,1,12,4,7,111,4,26
5,6,10.0,149,2,18,4,13,99,3,4
5,0,2.0,47,2,4,4,1,16,4,22
5,2,13.0,276,5,6,4,7,137,4,25
5,0,2.0,47,2,2,4,2,2,3,22
5,0,2.0,47,2,3,4,1,105,3,22
5,0,2.0,47,2,4,4,8,19,3,22
5,0,2.0,47,2,11,4,6,7,0,22
5,0,10.0,129,4,19,4,12,61,3,4
5,0,10.0,129,4,9,4,9,63,4,4
5,0,10.0,129,4,13,4,8,9,3,4
5,0,10.0,129,4,20,4,15,31,3,4
5,0,18.0,0,5,8,4,6,7,3,0
5,0,18.0,0,5,11,4,7,111,3,0
5,0,18.0,0,5,8,4,8,9,0,0
5,0,18.0,0,5,9,4,12,56,4,0
5,0,18.0,0,5,7,4,1,35,4,0
5,0,18.0,0,5,2,4,2,2,3,0
5,0,26.0,14,6,9,4,8,41,3,3
5,0,27.0,23,3,1,4,14,25,4,15
5,0,27.0,23,3,13,4,5,6,2,15
5,8,16.0,73,2,6,4,16,39,0,2
5,0,27.0,23,3,13,4,8,27,0,15
5,7,6.0,93,5,7,4,7,78,3,23
5,6,25.0,39,4,9,4,12,104,4,13
5,6,30.0,145,1,16,4,1,16,4,19
5,6,30.0,145,1,6,4,6,7,4,19
5,10,6.0,242,0,1,4,8,19,3,23
5,10,6.0,242,0,12,4,0,64,0,23
5,10,17.0,256,5,4,4,2,123,0,6
5,10,17.0,256,5,17,4,13,38,3,6
5,10,17.0,256,5,5,4,11,55,3,6
5,10,17.0,256,5,19,4,9,101,3,6
5,10,17.0,256,5,0,4,13,21,3,6
5,10,17.0,256,5,18,4,1,81,2,6
5,10,17.0,256,5,9,4,14,106,4,6
5,10,17.0,256,5,18,4,13,69,0,6
5,10,17.0,256,5,9,4,2,86,3,6
5,4,4.0,178,3,8,4,14,32,4,30
5,4,4.0,178,3,18,4,6,89,1,30
5,4,4.0,178,3,4,4,0,0,3,30
5,4,4.0,178,3,17,4,2,2,3,30
5,4,4.0,178,3,9,4,15,96,3,30
5,4,4.0,178,3,12,4,2,2,0,30
5,4,4.0,178,3,3,4,6,7,3,30
5,4,19.0,142,0,19,4,13,28,4,10
5,4,19.0,142,0,18,4,8,19,3,10
5,4,19.0,142,0,16,4,13,28,4,10
5,4,19.0,142,0,1,4,13,28,3,10
5,4,19.0,142,0,8,4,15,119,2,10
5,4,19.0,142,0,18,4,6,14,4,10
5,4,19.0,142,0,6,4,6,7,4,10
5,4,19.0,142,0,19,4,6,7,3,10
5,4,19.0,142,0,14,4,10,47,3,10
5,4,19.0,142,0,12,4,15,39,3,10
5,4,19.0,142,0,5,4,6,7,0,10
5,4,19.0,142,0,9,4,8,27,4,10
5,4,19.0,142,0,7,4,14,97,3,10
5,4,19.0,142,0,9,4,8,9,4,10
5,4,19.0,142,0,4,4,3,79,4,10
5,1,2.0,171,3,17,4,14,25,0,22
5,1,2.0,171,3,19,4,6,116,3,22
5,1,2.0,171,3,4,4,10,47,3,22
5,1,2.0,171,3,17,4,7,111,1,22
5,1,2.0,171,3,6,4,9,27,0,22
5,1,10.0,17,0,14,4,6,89,3,4
5,1,10.0,17,0,13,4,15,31,3,4
5,1,10.0,17,0,18,4,1,16,4,4
5,1,10.0,17,0,1,4,6,89,3,4
5,7,25.0,41,2,1,4,2,2,3,13
5,1,12.0,353,2,22,4,5,12,0,28
5,1,19.0,29,2,14,4,1,11,3,10
5,1,19.0,29,2,0,4,10,30,3,10
5,1,28.0,300,5,6,4,8,9,4,18
5,1,28.0,300,5,9,4,16,65,4,18
5,1,28.0,300,5,4,4,15,51,3,18
5,1,29.0,112,6,9,4,0,0,3,16
5,1,29.0,112,6,1,4,6,7,4,16
5,1,29.0,112,6,1,4,13,38,3,16
5,4,17.0,19,6,0,4,8,65,4,6
5,4,17.0,19,6,2,4,1,105,3,6
5,4,17.0,19,6,4,4,14,25,3,6
5,2,22.0,209,3,9,4,16,37,4,26
5,8,22.0,354,1,4,4,8,41,3,26
5,6,10.0,149,2,6,4,9,10,4,4
5,2,13.0,276,5,14,4,10,43,3,25
5,8,22.0,354,1,18,4,6,7,2,26
5,4,17.0,19,6,18,4,3,103,3,6
5,8,16.0,73,2,9,4,9,109,3,2
5,2,13.0,276,5,20,4,0,68,3,25
5,6,10.0,149,2,2,4,6,14,3,4
5,2,27.0,136,5,20,4,8,19,4,15
5,8,27.0,78,3,9,4,1,11,1,15
5,8,16.0,73,2,4,4,1,11,4,2
5,2,13.0,276,5,12,4,12,104,4,25
5,6,10.0,149,2,17,4,0,26,3,4
5,6,10.0,149,2,4,4,2,69,3,4
5,6,10.0,149,2,18,4,3,44,3,4
5,6,10.0,149,2,8,4,4,5,3,4
5,6,10.0,149,2,1,4,10,30,3,4
5,6,10.0,149,2,14,4,12,61,1,4
5,6,10.0,149,2,15,4,2,3,3,4
5,6,10.0,149,2,14,4,6,7,3,4
5,6,10.0,149,2,14,4,8,33,4,4
5,6,20.0,215,6,4,4,13,21,2,29
5,6,20.0,215,6,18,4,9,109,4,29
5,6,20.0,215,6,19,4,7,129,3,29
5,8,27.0,78,3,11,4,2,123,4,15
5,8,27.0,78,3,1,4,6,73,3,15
5,8,27.0,78,3,13,4,4,45,3,15
5,8,27.0,78,3,9,4,8,19,4,15
5,8,27.0,78,3,19,4,13,28,3,15
5,8,27.0,78,3,18,4,9,87,4,15
5,8,27.0,78,3,21,4,11,124,3,15
5,8,27.0,78,3,6,4,14,25,3,15
5,4,3.0,279,6,7,4,9,54,0,27
5,4,3.0,279,6,8,4,1,105,3,27
5,4,3.0,279,6,1,4,8,19,4,27
5,4,3.0,279,6,9,4,8,9,3,27
5,4,3.0,279,6,1,4,7,129,4,27
5,4,3.0,279,6,3,4,16,50,3,27
5,4,4.0,178,3,12,4,0,77,3,30
5,4,4.0,178,3,20,4,7,20,3,30
5,4,4.0,178,3,12,4,8,9,3,30
5,4,4.0,178,3,1,4,6,73,4,30
5,4,4.0,178,3,18,4,11,55,3,30
5,5,23.0,168,6,4,4,8,65,4,17
5,5,23.0,168,6,23,4,1,11,1,17
5,5,23.0,168,6,14,4,4,75,3,17
5,5,23.0,168,6,13,4,0,15,0,17
5,5,24.0,58,3,19,4,3,79,3,14
5,5,24.0,58,3,4,4,13,99,3,14
5,5,24.0,58,3,9,4,12,135,4,14
5,6,5.0,342,5,13,4,9,54,2,24
5,6,5.0,342,5,4,4,2,92,0,24
5,6,5.0,342,5,5,4,16,37,0,24
5,6,5.0,342,5,7,4,16,74,3,24
5,6,5.0,342,5,22,4,13,29,0,24
5,6,8.0,59,0,4,4,16,37,3,8
5,6,8.0,59,0,1,4,9,93,2,8
5,6,8.0,59,0,4,4,6,7,3,8
5,6,13.0,317,6,5,4,12,83,4,25
5,6,23.0,84,1,4,4,14,25,0,17
5,6,23.0,84,1,6,4,13,29,4,17
5,6,25.0,39,4,9,4,8,65,4,13
5,6,25.0,39,4,4,4,16,50,3,13
5,6,25.0,39,4,13,4,9,27,3,13
5,4,16.0,25,5,16,4,12,56,4,2
5,4,16.0,25,5,14,4,14,131,3,2
5,4,16.0,25,5,4,4,7,54,4,2
5,4,16.0,25,5,19,4,14,131,4,2
5,4,16.0,25,5,3,4,4,121,3,2
5,4,16.0,25,5,9,4,7,54,4,2
5,4,16.0,25,5,1,4,0,96,3,2
5,4,16.0,25,5,14,4,1,59,4,2
5,4,16.0,25,5,20,4,16,113,3,2
5,4,16.0,25,5,21,4,14,32,3,2
5,4,16.0,25,5,2,4,11,133,3,2
5,4,16.0,25,5,18,4,1,16,4,2
5,4,16.0,25,5,18,4,6,73,4,2
5,4,17.0,19,6,18,4,16,50,4,6
5,4,17.0,19,6,14,4,8,118,3,6
5,4,17.0,19,6,9,4,3,44,1,6
5,4,17.0,19,6,11,4,16,130,3,6
5,4,17.0,19,6,1,4,9,57,3,6
5,6,20.0,215,6,18,4,16,74,3,29
5,6,20.0,215,6,9,4,12,135,4,29
5,6,20.0,215,6,18,4,3,44,4,29
5,6,20.0,215,6,14,4,4,75,3,29
5,6,28.0,309,3,17,4,6,7,3,18
5,6,28.0,309,3,15,4,9,134,3,18
5,10,3.0,310,5,22,4,11,10,4,27
5,10,3.0,310,5,12,4,9,63,3,27
5,10,3.0,310,5,1,4,16,130,3,27
5,10,13.0,346,0,1,4,9,101,0,25
5,10,13.0,346,0,4,4,9,49,3,25
5,10,13.0,346,0,9,4,15,119,3,25
5,10,13.0,346,0,17,4,8,9,3,25
5,10,13.0,346,0,1,4,8,118,4,25
5,8,24.0,85,4,3,4,14,25,0,14
5,2,13.0,276,5,1,4,9,27,3,25
5,8,24.0,85,4,19,4,6,89,3,14
5,8,16.0,73,2,11,4,10,22,3,2
5,2,27.0,136,5,8,4,8,9,3,15
5,8,16.0,73,2,1,4,8,19,3,2
5,2,13.0,276,5,22,4,8,33,0,25
5,8,24.0,85,4,14,4,6,91,3,14
5,8,24.0,85,4,8,4,16,37,0,14
5,8,24.0,85,4,16,4,16,72,1,14
5,4,17.0,19,6,2,4,11,18,3,6
5,8,16.0,73,2,18,4,9,109,3,2
5,2,13.0,276,5,4,4,1,1,3,25
5,8,26.0,278,6,1,4,8,9,3,3
5,2,27.0,136,5,12,4,1,35,3,15
5,4,17.0,19,6,4,4,16,130,3,6
5,8,16.0,73,2,1,4,4,70,3,2
5,2,13.0,276,5,8,4,6,128,3,25
5,8,26.0,278,6,9,4,9,95,3,3
5,4,17.0,19,6,4,4,14,25,3,6
5,8,16.0,73,2,3,4,6,89,3,2
5,2,19.0,137,4,23,4,8,65,3,10
5,8,26.0,278,6,12,4,5,12,3,3
5,2,27.0,136,5,18,4,8,9,4,15
5,4,17.0,19,6,19,4,1,67,3,6
5,2,27.0,136,5,1,4,8,118,3,15
5,8,16.0,73,2,18,4,6,7,4,2
5,2,19.0,137,4,18,4,16,72,3,10
5,8,26.0,278,6,20,4,9,10,4,3
5,2,19.0,137,4,17,4,8,19,3,10
5,8,16.0,73,2,22,4,13,28,3,2
5,4,17.0,19,6,15,4,11,55,0,6
5,8,26.0,278,6,9,4,7,8,3,3
5,2,27.0,136,5,13,4,7,54,4,15
5,2,19.0,137,4,4,4,8,118,3,10
5,2,1.0,16,3,17,4,6,7,1,7
5,8,24.0,85,4,20,4,13,21,0,14
5,2,1.0,16,3,10,4,9,95,3,7
5,4,18.0,26,3,5,4,9,9,3,0
5,8,26.0,278,6,8,4,13,13,3,3
5,2,27.0,136,5,13,4,8,33,0,15
5,8,24.0,85,4,12,4,6,73,4,14
4,11,25.0,88,0,19,4,16,37,3,13
5,4,18.0,26,3,1,4,3,44,3,0
5,2,27.0,136,5,3,4,6,7,3,15
5,2,27.0,136,5,19,4,8,118,3,15
5,2,27.0,136,5,18,4,8,19,4,15
5,2,27.0,136,5,12,4,1,67,0,15
5,2,27.0,136,5,1,4,13,38,4,15
5,2,27.0,136,5,19,4,8,65,4,15
5,0,13.0,198,3,23,4,8,27,2,25
5,0,13.0,198,3,17,4,11,55,4,25
5,0,13.0,198,3,0,4,7,54,4,25
5,0,13.0,198,3,23,4,16,39,3,25
4,11,31.0,227,3,2,4,2,2,1,20
4,11,31.0,227,3,14,4,9,58,4,20
4,11,31.0,227,3,1,4,6,7,3,20
4,11,31.0,227,3,5,4,10,47,3,20
4,11,31.0,227,3,4,4,13,48,3,20
4,11,31.0,227,3,1,4,1,105,3,20
4,11,31.0,227,3,1,4,4,136,3,20
4,11,31.0,227,3,8,4,11,18,3,20
4,11,31.0,227,3,7,4,1,59,4,20
4,11,31.0,227,3,19,4,0,31,3,20
4,11,31.0,227,3,9,4,6,7,3,20
4,11,31.0,227,3,4,4,2,2,0,20
4,11,31.0,227,3,0,4,9,83,4,20
4,11,31.0,227,3,22,4,16,72,4,20
4,11,31.0,227,3,19,4,8,65,3,20
5,4,26.0,80,0,12,4,10,47,3,3
5,4,26.0,80,0,14,4,14,25,0,3
4,9,8.0,90,0,4,4,6,91,4,8
5,4,24.0,27,6,9,4,1,59,4,14
4,9,8.0,90,0,20,4,8,9,4,8
4,9,8.0,90,0,9,4,8,118,3,8
4,9,8.0,90,0,23,4,14,32,4,8
5,2,20.0,264,5,15,4,10,12,3,29
5,2,20.0,264,5,18,4,11,98,4,29
5,2,20.0,264,5,18,4,6,7,4,29
5,2,20.0,264,5,9,4,16,74,4,29
5,2,20.0,264,5,1,4,14,32,4,29
5,2,20.0,264,5,4,4,0,53,3,29
5,2,20.0,264,5,17,4,3,44,4,29
5,2,20.0,264,5,4,4,11,98,4,29
5,2,20.0,264,5,9,4,9,63,4,29
5,2,20.0,264,5,12,4,14,32,4,29
5,2,20.0,264,5,22,4,5,64,0,29
5,2,20.0,264,5,12,4,7,62,3,29
5,2,20.0,264,5,14,4,8,19,3,29
5,2,20.0,264,5,17,4,3,79,4,29
5,2,20.0,264,5,1,4,6,7,4,29
5,2,20.0,264,5,23,4,1,11,4,29
5,2,20.0,264,5,22,4,11,18,3,29
5,2,20.0,264,5,17,4,6,128,1,29
5,2,20.0,264,5,17,4,3,44,4,29
5,2,20.0,264,5,18,4,6,132,4,29
5,2,20.0,264,5,4,4,9,63,4,29
5,0,13.0,198,3,17,4,6,132,4,25
5,0,13.0,198,3,17,4,6,91,4,25
5,0,13.0,198,3,2,4,8,19,0,25
5,0,13.0,198,3,20,4,12,17,3,25
5,0,13.0,198,3,4,4,13,99,3,25
5,0,13.0,198,3,6,4,6,7,4,25
5,0,13.0,198,3,0,4,8,118,4,25
5,0,13.0,198,3,17,4,11,55,4,25
5,0,13.0,198,3,4,4,8,41,4,25
5,0,13.0,198,3,16,4,9,27,3,25
5,0,13.0,198,3,14,4,6,7,3,25
5,0,13.0,198,3,9,4,13,29,3,25
5,0,19.0,13,6,12,4,14,32,4,10
5,0,19.0,13,6,7,4,1,35,4,10
5,0,19.0,13,6,23,4,8,118,4,10
5,0,19.0,13,6,18,4,9,10,4,10
5,0,19.0,13,6,12,4,5,6,3,10
5,0,19.0,13,6,15,4,2,86,2,10
5,2,20.0,264,5,19,4,8,9,3,29
5,2,21.0,108,6,17,4,0,0,3,21
5,2,21.0,108,6,10,4,11,98,4,21
5,2,21.0,108,6,17,4,3,30,3,21
5,2,21.0,108,6,11,4,15,112,4,21
5,2,21.0,108,6,4,4,9,49,3,21
5,2,21.0,108,6,10,4,11,98,4,21
5,2,21.0,108,6,4,4,8,9,4,21
5,2,21.0,108,6,23,4,6,7,4,21
5,8,24.0,85,4,7,4,2,92,3,14
5,4,18.0,26,3,18,4,11,137,3,0
5,2,1.0,16,3,21,4,6,128,0,7
5,8,24.0,85,4,1,4,11,10,4,14
5,8,24.0,85,4,12,4,14,34,3,14
5,4,18.0,26,3,23,4,6,7,3,0
5,8,26.0,278,6,12,4,2,13,3,3
4,11,25.0,88,0,1,4,2,40,2,13
5,8,26.0,278,6,20,4,9,95,1,3
5,4,18.0,26,3,1,4,11,98,3,0
4,11,25.0,88,0,12,4,11,98,3,13
5,2,1.0,16,3,1,4,3,79,3,7
5,8,26.0,278,6,18,4,6,7,3,3
5,4,18.0,26,3,18,4,15,51,4,0
5,2,1.0,16,3,18,4,9,109,4,7
5,2,9.0,21,0,6,4,10,22,3,12
5,8,26.0,278,6,9,4,16,108,3,3
5,4,18.0,26,3,4,4,1,105,3,0
4,11,25.0,88,0,4,4,9,27,3,13
5,2,9.0,21,0,17,4,12,80,1,12
5,8,26.0,278,6,18,4,9,10,4,3
5,8,26.0,278,6,11,4,6,91,4,3
5,8,26.0,278,6,4,4,8,33,4,3
5,8,26.0,278,6,17,4,2,69,4,3
5,8,26.0,278,6,13,4,11,98,4,3
5,4,29.0,313,4,21,4,8,65,4,16
5,4,29.0,313,4,17,4,7,54,4,16
5,4,29.0,313,4,5,4,12,56,0,16
5,4,29.0,313,4,5,4,12,61,3,16
5,5,12.0,327,1,2,4,9,27,0,28
5,4,30.0,139,5,12,4,14,25,3,19
5,5,19.0,146,1,20,4,14,110,3,10
5,4,30.0,139,5,4,4,9,57,3,19
5,4,30.0,139,5,1,4,8,33,4,19
5,4,30.0,139,5,22,4,6,7,0,19
5,4,30.0,139,5,9,4,7,20,4,19
5,4,30.0,139,5,16,4,12,104,4,19
5,4,30.0,139,5,23,4,1,105,3,19
5,4,30.0,139,5,1,4,6,89,4,19
5,4,30.0,139,5,17,4,8,9,3,19
5,4,30.0,139,5,20,4,6,7,3,19
5,4,30.0,139,5,22,4,14,32,4,19
5,2,4.0,254,2,2,4,16,72,3,30
5,2,4.0,254,2,14,4,8,118,3,30
5,2,4.0,254,2,4,4,6,7,0,30
5,2,4.0,254,2,12,4,7,62,3,30
5,4,9.0,18,5,1,4,14,25,0,12
5,4,9.0,18,5,2,4,11,124,4,12
5,4,9.0,18,5,13,4,6,7,3,12
5,4,9.0,18,5,2,4,0,15,3,12
5,4,9.0,18,5,12,4,8,65,4,12
5,4,9.0,18,5,1,4,2,69,4,12
5,4,9.0,18,5,2,4,10,47,3,12
5,4,9.0,18,5,19,4,15,96,3,12
5,4,9.0,18,5,9,4,6,128,0,12
5,4,9.0,18,5,9,4,7,54,4,12
5,3,24.0,357,5,21,4,1,105,4,14
5,3,24.0,357,5,11,4,15,46,3,14
5,5,7.0,349,4,13,4,12,56,3,11
5,5,13.0,184,2,5,4,16,50,0,25
5,5,13.0,184,2,12,4,6,7,0,25
5,5,23.0,168,6,9,4,7,8,3,17
5,5,23.0,168,6,1,4,12,61,4,17
5,11,20.0,340,1,2,4,6,7,3,29
5,2,4.0,254,2,9,4,7,20,4,30
5,2,4.0,254,2,17,4,13,69,3,30
5,2,4.0,254,2,18,4,1,11,4,30
5,2,4.0,254,2,22,4,1,104,3,30
5,2,4.0,254,2,9,4,15,119,4,30
5,2,4.0,254,2,22,4,1,105,0,30
5,2,4.0,254,2,9,4,16,39,4,30
5,2,4.0,254,2,14,4,14,25,3,30
5,2,4.0,254,2,2,4,6,132,3,30
5,2,12.0,128,4,12,4,7,62,3,28
5,2,12.0,128,4,6,4,6,7,0,28
5,2,12.0,128,4,19,4,7,20,3,28
5,2,12.0,128,4,11,4,10,47,3,28
5,2,12.0,128,4,18,4,11,124,3,28
5,2,12.0,128,4,22,4,9,49,3,28
5,2,12.0,128,4,18,4,1,35,4,28
5,2,12.0,128,4,8,4,1,35,0,28
5,2,12.0,128,4,9,4,1,16,4,28
5,2,12.0,128,4,14,4,14,25,4,28
5,2,12.0,128,4,9,4,9,93,4,28
5,2,12.0,128,4,4,4,6,89,3,28
5,5,29.0,24,5,9,4,14,125,4,16
5,5,29.0,24,5,14,4,8,33,4,16
5,4,19.0,142,0,13,4,8,118,3,10
4,11,25.0,88,0,9,4,1,105,4,13
4,11,25.0,88,0,9,4,13,38,3,13
5,2,9.0,21,0,1,4,8,27,3,12
5,4,19.0,142,0,6,4,11,55,4,10
4,11,25.0,88,0,3,4,9,95,0,13
5,2,9.0,21,0,13,4,10,47,0,12
5,4,19.0,142,0,2,4,6,7,3,10
5,4,27.0,274,1,17,4,9,49,3,15
5,4,27.0,274,1,8,4,6,7,3,15
5,4,27.0,274,1,9,4,15,119,0,15
5,4,27.0,274,1,17,4,15,39,0,15
5,4,27.0,274,1,17,4,6,7,3,15
5,4,27.0,274,1,18,4,2,69,3,15
5,4,27.0,274,1,12,4,10,12,3,15
5,4,27.0,274,1,14,4,13,69,3,15
5,4,27.0,274,1,22,4,15,77,3,15
5,4,27.0,274,1,4,4,13,48,4,15
5,4,27.0,274,1,17,4,0,53,3,15
5,4,27.0,274,1,1,4,0,68,3,15
5,4,27.0,274,1,17,4,8,41,3,15
5,2,5.0,127,4,17,4,2,86,0,24
5,2,5.0,127,4,18,4,1,59,4,24
5,2,5.0,127,4,22,4,7,57,3,24
5,0,27.0,23,3,23,4,13,69,4,15
5,0,27.0,23,3,4,4,8,33,4,15
5,0,27.0,23,3,6,4,15,46,4,15
5,0,27.0,23,3,10,4,8,118,3,15
5,0,27.0,23,3,10,4,8,118,4,15
4,11,7.0,253,4,20,4,8,118,4,11
4,11,7.0,253,4,19,4,13,123,3,11
4,11,7.0,253,4,2,4,9,93,3,11
4,11,7.0,253,4,1,4,13,38,4,11
4,11,7.0,253,4,19,4,8,9,3,11
4,11,7.0,253,4,23,4,13,28,3,11
4,11,7.0,253,4,5,4,10,47,3,11
4,11,7.0,253,4,15,4,0,26,3,11
4,11,7.0,253,4,1,4,12,80,4,11
4,11,7.0,253,4,14,4,13,48,4,11
4,11,7.0,253,4,14,4,1,16,3,11
4,11,7.0,253,4,1,4,10,52,3,11
4,11,7.0,253,4,14,4,9,101,4,11
5,4,18.0,26,3,15,4,12,100,3,0
5,4,18.0,26,3,9,4,7,8,4,0
5,4,18.0,26,3,9,4,6,14,4,0
5,4,18.0,26,3,2,4,1,59,3,0
5,4,18.0,26,3,9,4,14,131,4,0
5,4,18.0,26,3,18,4,9,109,4,0
5,4,18.0,26,3,14,4,7,54,4,0
5,4,23.0,30,5,12,4,8,19,3,17
5,4,23.0,30,5,18,4,11,98,3,17
5,4,23.0,30,5,18,4,9,109,4,17
5,4,23.0,30,5,1,4,1,16,1,17
5,4,23.0,30,5,18,4,16,113,3,17
5,4,23.0,30,5,9,4,14,88,4,17
5,4,23.0,30,5,14,4,9,87,4,17
5,4,23.0,30,5,5,4,6,7,3,17
5,4,23.0,30,5,18,4,11,98,2,17
5,4,23.0,30,5,3,4,13,48,3,17
5,4,23.0,30,5,16,4,16,108,4,17
5,4,23.0,30,5,15,4,10,47,3,17
5,4,23.0,30,5,9,4,1,67,3,17
5,4,23.0,30,5,13,4,12,135,3,17
5,10,23.0,247,4,11,4,12,56,4,17
5,10,25.0,56,6,5,4,7,62,3,13
5,10,25.0,56,6,18,4,6,7,3,13
5,10,31.0,135,5,22,4,1,105,2,20
5,10,31.0,135,5,13,4,6,7,0,20
5,1,8.0,62,6,22,4,13,28,3,8
5,1,8.0,62,6,17,4,6,73,4,8
5,1,8.0,62,6,13,4,13,28,0,8
5,1,14.0,183,5,17,4,2,2,4,5
5,1,15.0,1,6,9,4,9,93,3,1
5,1,17.0,63,0,11,4,13,38,3,6
5,1,23.0,69,3,14,4,16,130,3,17
4,11,25.0,88,0,12,4,8,27,0,13
4,11,25.0,88,0,23,4,9,95,4,13
5,2,9.0,21,0,18,4,0,0,4,12
5,2,1.0,16,3,14,4,16,42,4,7
4,11,31.0,227,3,17,4,6,91,4,20
4,11,31.0,227,3,14,4,12,56,4,20
4,11,31.0,227,3,14,4,12,135,4,20
5,2,19.0,137,4,18,4,11,133,3,10
5,2,19.0,137,4,23,4,8,9,4,10
5,2,19.0,137,4,9,4,9,95,4,10
5,2,19.0,137,4,11,4,6,132,4,10
5,2,19.0,137,4,19,4,4,4,3,10
5,2,19.0,137,4,18,4,6,132,4,10
5,2,19.0,137,4,19,4,3,44,3,10
5,2,19.0,137,4,13,4,6,7,3,10
5,2,19.0,137,4,12,4,9,27,0,10
5,2,19.0,137,4,20,4,16,50,3,10
5,2,19.0,137,4,17,4,15,114,4,10
5,2,19.0,137,4,4,4,8,41,4,10
5,2,19.0,137,4,18,4,1,59,0,10
5,2,19.0,137,4,9,4,8,19,4,10
5,2,22.0,209,3,9,4,0,64,3,26
5,2,22.0,209,3,3,4,6,7,3,26
5,2,22.0,209,3,18,4,15,119,4,26
5,2,22.0,209,3,18,4,7,129,4,26
5,2,22.0,209,3,9,4,9,10,4,26
5,2,22.0,209,3,11,4,6,14,4,26
5,2,22.0,209,3,22,4,16,50,3,26
5,2,22.0,209,3,19,4,13,48,3,26
5,4,13.0,221,1,4,4,16,50,4,25
5,4,13.0,221,1,9,4,6,116,3,25
5,4,13.0,221,1,1,4,8,65,3,25
5,4,20.0,115,1,2,4,6,7,3,29
5,4,20.0,115,1,8,4,1,67,3,29
5,4,20.0,115,1,13,4,8,19,0,29
5,4,29.0,313,4,13,4,13,28,0,16
5,4,30.0,139,5,8,4,13,28,3,19
5,4,30.0,139,5,1,4,13,99,4,19
5,2,4.0,254,2,17,4,10,43,1,30
5,2,4.0,254,2,13,4,9,95,3,30
5,8,11.0,306,5,13,4,3,30,3,9
5,8,28.0,224,0,1,4,14,25,3,18
5,8,28.0,224,0,18,4,9,57,0,18
5,2,12.0,128,4,1,4,7,122,3,28
5,2,20.0,264,5,23,4,1,67,2,29
5,2,20.0,264,5,18,4,16,130,3,29
5,2,20.0,264,5,1,4,16,42,4,29
5,2,6.0,251,5,9,4,2,92,3,23
5,2,6.0,251,5,9,4,9,95,4,23
5,2,6.0,251,5,4,4,9,95,4,23
5,2,7.0,153,6,14,4,9,101,4,11
5,2,7.0,153,6,6,4,6,132,0,11
5,2,7.0,153,6,18,4,9,109,4,11
5,2,7.0,153,6,18,4,9,109,4,11
5,2,7.0,153,6,15,4,16,50,3,11
5,2,7.0,153,6,7,4,8,65,4,11
5,2,7.0,153,6,4,4,16,42,4,11
5,2,7.0,153,6,1,4,9,10,4,11
5,2,7.0,153,6,5,4,10,47,3,11
5,2,7.0,153,6,1,4,14,126,4,11
5,2,7.0,153,6,2,4,12,61,3,11
5,2,7.0,153,6,9,4,9,101,4,11
5,2,7.0,153,6,1,4,1,1,4,11
5,2,7.0,153,6,7,4,14,25,3,11
5,2,7.0,153,6,9,4,6,7,4,11
5,2,7.0,153,6,18,4,6,7,4,11
5,2,7.0,153,6,1,4,12,104,3,11
5,2,9.0,21,0,22,4,12,17,3,12
5,2,9.0,21,0,13,4,9,93,3,12
5,2,9.0,21,0,12,4,6,91,3,12
5,2,9.0,21,0,9,4,6,91,4,12
5,2,9.0,21,0,21,4,1,11,4,12
5,2,9.0,21,0,4,4,9,27,3,12
5,2,9.0,21,0,23,4,6,128,1,12
5,2,9.0,21,0,14,4,12,80,3,12
5,0,2.0,47,2,11,4,16,108,4,22
5,0,2.0,47,2,18,4,1,105,4,22
5,0,2.0,47,2,17,4,11,133,3,22
5,0,2.0,47,2,8,4,16,72,0,22
5,4,6.0,176,1,13,4,9,9,0,23
5,4,6.0,176,1,9,4,7,120,3,23
5,4,6.0,176,1,18,4,6,7,4,23
5,4,6.0,176,1,22,4,6,7,0,23
5,4,7.0,133,2,0,4,8,19,4,11
5,4,7.0,133,2,12,4,14,25,3,11
5,3,24.0,357,5,13,4,11,18,4,14
5,4,7.0,133,2,19,4,12,83,3,11
5,4,7.0,133,2,4,4,11,133,4,11
5,4,7.0,133,2,13,4,14,126,4,11
5,4,7.0,133,2,12,4,12,58,4,11
5,4,7.0,133,2,11,4,11,55,4,11
5,4,8.0,292,4,17,4,14,25,0,8
5,4,8.0,292,4,14,4,13,13,3,8
5,4,8.0,292,4,15,4,13,28,4,8
5,4,8.0,292,4,5,4,2,86,3,8
5,4,8.0,292,4,13,4,0,26,3,8
5,4,8.0,292,4,19,4,5,6,3,8
5,4,9.0,18,5,22,4,16,74,0,12
5,8,10.0,71,4,14,4,11,117,3,4
5,8,10.0,71,4,13,4,13,29,3,4
5,8,10.0,71,4,5,4,2,69,3,4
5,8,10.0,71,4,9,4,2,40,3,4
5,8,10.0,71,4,14,4,6,128,4,4
5,8,10.0,71,4,19,4,8,27,3,4
5,8,19.0,280,6,22,4,8,9,3,10
5,8,19.0,280,6,13,4,2,2,3,10
5,8,19.0,280,6,1,4,9,95,4,10
5,8,19.0,280,6,1,4,9,109,4,10
5,8,19.0,280,6,16,4,8,27,3,10
5,8,19.0,280,6,14,4,8,19,0,10
5,8,19.0,280,6,19,4,8,9,3,10
5,8,20.0,319,3,5,4,2,69,0,29
5,8,20.0,319,3,19,4,13,28,3,29
5,8,20.0,319,3,20,4,14,88,4,29
5,8,20.0,319,3,3,4,8,41,2,29
5,8,21.0,46,0,1,4,11,117,3,21
5,8,21.0,46,0,9,4,8,33,3,21
5,8,21.0,46,0,17,4,10,47,3,21
5,8,21.0,46,0,12,4,11,55,3,21
5,8,21.0,46,0,1,4,6,7,3,21
5,8,21.0,46,0,22,4,15,39,3,21
5,8,21.0,46,0,4,4,6,7,3,21
5,8,21.0,46,0,22,4,13,21,0,21
5,8,21.0,46,0,2,4,9,95,3,21
5,8,21.0,46,0,4,4,6,7,3,21
5,8,21.0,46,0,14,4,8,27,4,21
5,8,21.0,46,0,6,4,10,22,3,21
5,8,21.0,46,0,4,4,16,37,3,21
5,8,21.0,46,0,5,4,2,2,3,21
5,8,22.0,354,1,9,4,8,9,3,26
5,8,22.0,354,1,2,4,0,96,3,26
5,8,22.0,354,1,9,4,1,67,3,26
4,0,16.0,11,4,9,1,7,57,0,2
4,0,17.0,12,5,16,1,11,18,1,6
4,0,17.0,12,5,4,0,10,22,3,6
4,0,17.0,12,5,4,0,5,6,0,6
4,0,24.0,55,5,17,0,10,23,1,14
4,0,23.0,237,4,3,1,6,91,1,17
4,0,24.0,55,5,20,0,2,13,1,14
4,0,24.0,55,5,13,3,5,6,0,14
4,4,5.0,235,1,12,2,6,73,3,24
4,4,5.0,235,1,1,1,6,7,2,24
4,4,5.0,235,1,2,0,10,43,1,24
4,4,5.0,235,1,19,1,11,129,4,24
4,4,15.0,132,5,2,0,8,27,0,1
4,4,15.0,132,5,14,0,13,29,4,1
4,4,24.0,27,3,6,3,13,48,4,14
4,2,6.0,251,6,5,2,8,9,3,23
4,2,6.0,251,6,0,1,13,21,0,23
4,2,6.0,251,6,20,1,14,126,4,23
4,2,13.0,276,6,4,0,5,12,1,25
4,2,23.0,230,1,16,1,3,44,0,17
4,2,23.0,230,1,16,1,3,44,0,17
4,2,23.0,230,1,21,1,13,13,1,17
4,2,23.0,230,1,8,0,16,74,1,17
4,2,23.0,230,1,2,0,8,9,3,17
4,0,16.0,11,4,17,1,5,64,0,2
4,0,16.0,11,4,10,0,5,12,2,2
4,0,16.0,11,4,19,0,13,28,4,2
4,0,16.0,11,4,22,0,6,14,2,2
4,0,16.0,11,4,3,0,11,15,1,2
4,0,16.0,11,4,1,0,1,35,0,2
4,0,17.0,12,5,15,0,5,0,3,6
4,0,16.0,11,4,12,1,3,79,0,2
4,0,17.0,12,5,3,0,8,27,0,6
4,8,6.0,87,0,2,0,13,99,1,23
4,8,6.0,87,0,1,0,9,95,4,23
4,8,15.0,72,2,0,0,11,18,3,1
4,8,15.0,72,2,4,0,6,89,1,1
4,8,16.0,73,4,16,2,10,47,3,2
4,8,16.0,73,4,11,0,10,22,3,2
4,8,16.0,73,4,11,0,3,30,0,2
4,8,16.0,73,4,9,0,2,2,1,2
4,8,21.0,46,1,0,0,7,120,3,21
4,8,21.0,46,1,21,0,8,27,1,21
4,8,21.0,46,1,2,0,11,15,3,21
4,8,24.0,85,5,10,1,11,94,0,14
4,8,24.0,85,5,13,0,2,3,2,14
4,4,31.0,67,3,19,2,10,22,3,20
4,0,14.0,5,1,18,0,11,117,1,5
4,0,7.0,15,1,8,0,2,69,0,11
4,9,27.0,179,6,11,0,5,6,2,15
5,10,28.0,216,1,4,1,9,83,4,18
5,4,20.0,115,1,4,1,6,7,0,29
5,4,13.0,221,1,4,0,15,108,1,25
5,0,5.0,122,6,11,0,15,96,0,24
4,6,3.0,99,4,17,1,0,31,0,27
4,3,19.0,138,0,3,1,2,86,1,10
4,3,21.0,338,2,8,1,8,33,0,21
4,6,15.0,49,1,14,0,10,47,1,1
5,4,30.0,139,5,7,1,15,31,4,19
4,10,6.0,242,1,22,0,6,73,4,23
4,4,23.0,30,6,13,0,3,76,2,17
4,2,8.0,258,0,8,0,8,9,2,8
5,4,29.0,313,4,12,0,2,40,1,16
5,0,5.0,122,6,15,0,14,97,2,24
5,5,1.0,109,5,11,0,9,95,0,7
4,0,7.0,15,1,17,0,5,64,0,11
4,9,20.0,119,6,19,1,12,17,4,29
4,5,4.0,114,1,7,1,5,12,0,30
4,3,14.0,33,2,13,1,2,71,4,5
4,5,3.0,161,0,22,0,5,64,3,27
4,6,5.0,342,6,6,1,0,64,0,24
4,10,4.0,356,3,9,0,11,15,3,30
4,10,22.0,314,4,4,1,16,65,0,26
4,10,21.0,341,2,12,0,12,80,1,21
4,10,22.0,314,4,19,1,4,45,1,26
4,8,23.0,102,4,7,1,8,41,1,17
4,2,22.0,209,0,18,0,16,74,0,26
4,2,21.0,108,3,3,1,10,47,1,21
5,3,27.0,361,0,15,0,11,133,2,15
5,8,27.0,78,3,17,1,3,30,0,15
5,4,19.0,142,0,13,0,8,33,2,10
5,5,11.0,326,0,0,1,10,22,0,9
4,11,28.0,123,4,20,1,5,0,2,18
4,11,13.0,312,2,6,0,5,6,0,25
4,7,29.0,268,0,8,0,16,74,2,16
4,5,22.0,163,6,16,1,10,22,1,26
4,10,26.0,61,0,4,3,6,7,0,3
4,1,2.0,171,0,5,1,5,12,1,22
4,1,1.0,203,3,5,1,13,38,1,7
4,1,11.0,111,2,15,1,3,30,4,9
5,7,25.0,41,2,21,4,0,12,3,13
5,7,25.0,41,2,1,4,6,91,4,13
5,7,25.0,41,2,7,4,6,91,4,13
5,7,25.0,41,2,10,4,1,11,4,13
5,7,25.0,41,2,8,4,0,77,1,13
5,7,25.0,41,2,1,4,3,44,4,13
5,7,25.0,41,2,1,4,14,32,3,13
3,2,30.0,131,3,12,4,10,22,0,19
2,10,31.0,203,2,11,4,16,37,1,20
3,0,18.0,0,4,12,4,0,26,3,0
5,7,21.0,81,6,9,4,8,41,0,21
5,7,21.0,81,6,2,4,9,93,3,21
5,7,22.0,211,3,2,4,0,31,3,26
5,7,22.0,211,3,12,4,15,85,3,26
5,7,22.0,211,3,0,4,6,132,4,26
5,7,22.0,211,3,17,4,6,116,4,26
5,7,22.0,211,3,13,4,2,92,3,26
5,7,23.0,202,0,13,4,6,7,3,17
5,7,6.0,93,5,19,4,13,99,2,23
5,7,23.0,202,0,12,4,6,7,3,17
5,7,23.0,202,0,13,4,3,79,3,17
5,7,23.0,202,0,2,4,11,55,3,17
5,7,23.0,202,0,17,4,15,51,3,17
5,7,23.0,202,0,13,4,8,118,3,17
5,11,2.0,265,5,15,4,6,89,3,22
3,0,4.0,229,4,4,4,13,48,3,30
3,0,5.0,122,5,13,4,1,105,3,24
3,0,15.0,190,0,18,4,8,27,3,1
3,0,15.0,190,0,2,4,14,25,2,1
5,11,29.0,270,4,4,4,8,27,3,16
5,11,29.0,270,4,4,4,13,28,3,16
5,9,4.0,295,2,5,4,7,31,3,30
5,9,4.0,295,2,18,4,14,25,3,30
5,9,4.0,295,2,9,4,9,63,3,30
5,9,4.0,295,2,11,4,14,110,3,30
5,9,4.0,295,2,21,4,6,7,4,30
5,9,5.0,89,4,23,4,7,62,3,24
4,1,9.0,50,0,2,3,8,33,0,12
5,9,5.0,89,4,14,4,14,25,0,24
5,9,5.0,89,4,19,4,6,89,3,24
5,9,5.0,89,4,12,4,0,68,3,24
5,9,5.0,89,4,1,4,7,120,3,24
5,9,14.0,106,6,14,4,6,14,3,5
5,9,14.0,106,6,4,4,2,2,3,5
5,9,14.0,106,6,19,4,9,109,3,5
5,9,14.0,106,6,11,4,7,8,3,5
5,9,14.0,106,6,17,4,2,86,3,5
5,9,14.0,106,6,18,4,9,87,3,5
3,0,1.0,8,0,23,4,3,115,3,7
3,0,1.0,8,0,13,4,5,12,3,7
5,7,26.0,316,4,1,4,9,63,4,3
5,7,26.0,316,4,14,4,1,105,3,3
3,0,1.0,8,0,17,4,6,7,0,7
4,3,29.0,325,4,6,1,4,5,0,16
4,2,6.0,251,6,21,2,14,25,0,23
5,7,26.0,316,4,10,4,7,137,4,3
5,7,26.0,316,4,9,4,6,7,3,3
5,7,26.0,316,4,9,4,1,105,4,3
5,7,27.0,53,5,19,4,8,9,3,15
5,7,27.0,53,5,11,4,6,7,0,15
5,7,27.0,53,5,11,4,7,120,3,15
5,7,27.0,53,5,10,4,8,9,3,15
5,7,27.0,53,5,5,4,2,3,0,15
5,7,27.0,53,5,22,4,2,92,3,15
5,7,27.0,53,5,9,4,5,6,3,15
5,7,27.0,53,5,4,4,11,129,4,15
5,7,28.0,34,6,4,4,6,14,4,18
3,0,16.0,11,1,22,4,6,91,3,2
3,0,16.0,11,1,19,4,11,133,0,2
5,7,23.0,202,0,18,4,14,107,4,17
5,7,31.0,43,1,6,4,6,7,3,20
5,7,31.0,43,1,8,4,13,48,0,20
5,7,31.0,43,1,0,4,11,117,2,20
5,7,31.0,43,1,14,4,8,19,3,20
5,7,31.0,43,1,17,4,4,66,3,20
5,7,31.0,43,1,19,4,6,7,3,20
5,7,31.0,43,1,19,4,6,7,3,20
5,7,31.0,43,1,2,4,13,123,3,20
5,7,31.0,43,1,5,4,13,28,3,20
5,7,31.0,43,1,20,4,14,126,3,20
5,7,31.0,43,1,21,4,6,7,0,20
5,7,31.0,43,1,14,4,1,105,4,20
5,7,31.0,43,1,12,4,6,7,0,20
5,7,31.0,43,1,14,4,6,7,3,20
5,3,6.0,303,0,18,4,6,91,4,23
5,3,6.0,303,0,18,4,6,7,3,23
5,3,6.0,303,0,3,4,6,132,3,23
5,3,6.0,303,0,2,4,6,7,3,23
4,0,24.0,55,5,19,1,2,92,1,14
5,3,6.0,303,0,16,4,6,128,3,23
5,3,6.0,303,0,9,4,16,72,4,23
5,3,6.0,303,0,4,4,6,7,3,23
5,3,6.0,303,0,6,4,1,81,4,23
5,11,30.0,170,5,14,4,5,6,1,19
5,7,6.0,93,5,7,4,6,89,4,23
5,11,2.0,265,5,22,4,10,47,3,22
4,2,6.0,251,6,0,0,3,76,2,23
5,11,30.0,170,5,19,4,8,33,3,19
3,11,1.0,222,2,17,0,13,29,4,7
4,3,29.0,325,4,8,1,9,27,0,16
4,2,6.0,251,6,21,0,5,12,1,23
5,11,30.0,170,5,3,4,6,14,4,19
5,11,30.0,170,5,0,4,16,37,0,19
5,11,30.0,170,5,9,4,9,93,3,19
5,11,30.0,170,5,19,4,7,20,3,19
5,9,17.0,255,1,21,4,13,48,3,6
5,9,19.0,234,4,11,4,9,63,3,10
5,9,19.0,234,4,14,4,9,54,1,10
5,9,19.0,234,4,7,4,10,47,3,10
5,9,19.0,234,4,8,4,5,6,3,10
5,9,19.0,234,4,2,4,1,105,4,10
5,9,19.0,234,4,18,4,7,111,3,10
5,9,19.0,234,4,0,4,1,16,3,10
3,2,1.0,16,6,8,4,6,7,3,7
5,9,7.0,271,6,2,4,8,27,0,11
5,9,7.0,271,6,16,4,7,20,3,11
5,9,7.0,271,6,14,4,9,9,3,11
5,9,7.0,271,6,10,4,8,9,3,11
5,9,7.0,271,6,1,4,12,104,3,11
5,9,7.0,271,6,9,4,1,16,4,11
5,9,13.0,91,5,14,4,6,7,3,25
5,9,13.0,91,5,18,4,7,62,3,25
5,9,13.0,91,5,23,4,14,126,4,25
5,9,13.0,91,5,6,4,8,33,4,25
5,9,20.0,119,5,15,4,14,126,4,29
5,9,20.0,119,5,17,4,6,7,1,29
5,9,20.0,119,5,23,4,6,7,2,29
5,9,20.0,119,5,6,4,1,105,4,29
5,7,2.0,160,0,2,4,1,105,3,22
5,9,13.0,91,5,12,4,6,128,3,25
5,9,13.0,91,5,6,4,6,7,3,25
5,9,13.0,91,5,17,4,1,105,4,25
5,9,13.0,91,5,7,4,6,7,4,25
5,9,13.0,91,5,4,4,1,105,4,25
5,9,15.0,226,3,19,4,13,38,3,1
5,9,15.0,226,3,12,4,1,81,4,1
5,9,15.0,226,3,17,4,7,54,4,1
5,9,15.0,226,3,14,4,9,57,3,1
5,9,15.0,226,3,18,4,6,7,3,1
5,9,15.0,226,3,17,4,13,99,4,1
5,9,16.0,107,0,19,4,3,44,3,2
5,9,16.0,107,0,16,4,13,36,4,2
5,9,16.0,107,0,17,4,0,26,4,2
3,8,29.0,301,0,13,4,9,9,3,16
3,0,9.0,48,1,13,4,10,22,0,12
3,0,9.0,48,1,4,4,13,48,0,12
3,2,1.0,16,6,17,4,3,44,3,7
3,0,14.0,5,3,19,4,13,28,0,5
3,0,24.0,55,2,13,4,3,79,0,14
5,9,16.0,107,0,19,4,2,35,3,2
5,9,16.0,107,0,1,4,1,105,4,2
5,9,21.0,362,6,3,4,16,72,3,21
5,9,21.0,362,6,9,4,7,62,3,21
5,9,21.0,362,6,8,4,14,25,0,21
5,9,21.0,362,6,21,4,14,25,4,21
5,9,21.0,362,6,21,4,14,25,3,21
5,9,21.0,362,6,18,4,3,30,3,21
5,9,21.0,362,6,19,4,4,127,4,21
5,9,21.0,362,6,17,4,6,91,4,21
5,9,21.0,362,6,1,4,15,39,4,21
5,9,21.0,362,6,12,4,11,98,3,21
5,9,21.0,362,6,18,4,12,83,4,21
5,7,5.0,204,4,18,4,5,12,1,24
5,7,5.0,204,4,14,4,1,16,4,24
5,7,2.0,160,0,18,4,1,35,3,22
5,7,10.0,329,1,9,4,8,9,4,4
5,7,10.0,329,1,13,4,12,56,3,4
5,7,10.0,329,1,19,4,1,16,3,4
5,7,10.0,329,1,9,4,16,37,4,4
5,7,10.0,329,1,1,4,6,7,3,4
5,7,10.0,329,1,18,4,16,130,3,4
5,7,10.0,329,1,7,4,16,50,3,4
5,7,10.0,329,1,18,4,6,7,0,4
5,7,12.0,181,4,0,4,6,7,4,28
5,7,12.0,181,4,12,4,16,42,3,28
5,7,12.0,181,4,6,4,1,105,2,28
5,7,12.0,181,4,1,4,15,77,3,28
5,7,5.0,204,4,10,4,0,26,3,24
5,7,5.0,204,4,14,4,6,7,3,24
5,7,6.0,93,5,1,4,1,11,4,23
5,7,6.0,93,5,7,4,8,19,4,23
5,7,6.0,93,5,4,4,6,7,3,23
5,7,6.0,93,5,5,4,8,33,3,23
5,7,6.0,93,5,15,4,9,101,2,23
5,7,6.0,93,5,23,4,6,7,2,23
3,6,22.0,185,3,11,4,13,28,2,26
5,9,1.0,126,3,13,0,4,4,1,7
5,7,6.0,93,5,19,4,1,67,3,23
5,11,2.0,265,5,19,4,13,48,0,22
4,1,11.0,111,2,4,1,10,47,0,9
4,3,29.0,325,4,22,0,13,48,0,16
4,2,6.0,251,6,19,0,2,2,1,23
4,2,6.0,251,6,20,1,1,1,1,23
4,3,29.0,325,4,13,2,2,86,3,16
4,1,2.0,171,0,17,1,3,30,2,22
5,11,2.0,265,5,9,4,6,7,3,22
5,7,14.0,125,6,20,4,16,65,4,5
4,8,16.0,73,4,11,1,1,59,1,2
4,2,6.0,251,6,19,0,3,103,0,23
4,3,29.0,325,4,1,0,10,22,2,16
4,3,29.0,325,4,8,0,8,41,3,16
4,5,6.0,277,4,17,0,16,50,1,23
4,5,6.0,277,4,16,0,6,132,4,23
4,5,6.0,277,4,8,2,8,41,3,23
4,9,21.0,362,3,3,0,11,58,2,21
4,5,12.0,327,2,3,0,6,14,2,28
4,5,12.0,327,2,2,2,14,107,3,28
4,5,14.0,36,5,13,0,1,35,4,5
4,5,14.0,36,5,22,0,15,39,3,5
4,5,15.0,200,6,11,0,1,11,4,1
4,5,14.0,36,5,3,0,2,86,1,5
4,5,14.0,36,5,8,0,16,113,3,5
4,5,6.0,277,4,5,3,6,7,0,23
4,5,21.0,351,5,0,0,10,47,2,21
4,5,21.0,351,5,8,0,9,93,0,21
4,5,21.0,351,5,19,1,3,103,1,21
4,5,21.0,351,5,1,0,6,89,1,21
4,5,21.0,351,5,5,1,15,114,1,21
4,5,14.0,36,5,15,0,10,47,2,5
4,6,6.0,83,3,0,1,4,75,4,23
4,6,6.0,83,3,18,0,5,0,3,23
4,10,5.0,336,0,0,1,12,104,0,24
4,10,5.0,336,0,1,2,8,19,3,24
4,10,5.0,336,0,16,1,5,0,2,24
4,10,15.0,60,4,0,1,7,31,0,1
4,10,15.0,60,4,1,0,3,30,1,1
4,10,15.0,60,4,17,0,13,38,2,1
4,10,23.0,247,5,16,1,2,2,1,17
4,10,23.0,247,5,3,0,2,92,1,17
4,10,23.0,247,5,1,2,0,12,0,17
4,10,23.0,247,5,14,0,12,80,3,17
4,10,23.0,247,5,1,0,10,22,2,17
4,1,4.0,286,2,0,1,14,25,0,30
4,1,4.0,286,2,2,0,0,26,3,30
4,1,6.0,97,5,13,2,3,115,3,23
4,1,6.0,97,5,7,1,2,2,0,23
4,1,6.0,97,5,8,3,6,7,0,23
4,1,6.0,97,5,9,0,3,30,1,23
4,1,6.0,97,5,1,2,12,135,3,23
4,1,6.0,97,5,18,0,10,47,3,23
4,1,6.0,97,5,18,1,9,95,2,23
4,1,7.0,32,6,23,0,0,64,2,11
4,1,7.0,32,6,15,0,0,12,3,11
4,1,7.0,32,6,23,1,3,30,1,11
4,1,7.0,32,6,5,0,1,11,3,11
4,1,6.0,97,5,1,0,8,27,4,23
4,1,6.0,97,5,19,1,9,95,0,23
4,1,7.0,32,6,8,0,16,108,4,11
4,1,7.0,32,6,1,0,3,79,0,11
4,1,7.0,32,6,9,0,0,26,0,11
4,1,12.0,353,4,17,0,10,22,3,28
4,1,12.0,353,4,5,0,13,69,1,28
4,1,12.0,353,4,4,0,13,29,2,28
4,1,12.0,353,4,19,0,12,80,1,28
4,1,12.0,353,4,23,1,12,80,1,28
4,1,13.0,207,5,21,1,5,6,0,25
4,1,13.0,207,5,14,0,6,91,1,25
4,1,22.0,164,3,16,1,8,19,0,26
4,1,22.0,164,3,2,3,9,95,0,26
4,8,6.0,87,0,21,0,4,45,1,23
4,8,6.0,87,0,22,0,5,6,3,23
4,8,6.0,87,0,3,0,2,13,0,23
4,8,6.0,87,0,12,0,14,34,3,23
4,8,15.0,72,2,20,0,4,127,2,1
4,8,15.0,72,2,19,0,5,6,0,1
4,8,15.0,72,2,1,0,15,51,0,1
4,8,15.0,72,2,18,1,8,19,0,1
4,8,16.0,73,4,12,0,0,53,0,2
4,8,21.0,46,1,16,0,15,46,0,21
4,8,21.0,46,1,0,0,10,23,0,21
4,8,21.0,46,1,21,0,10,22,0,21
4,8,21.0,46,1,15,1,14,34,1,21
4,8,21.0,46,1,3,0,8,41,1,21
4,8,21.0,46,1,9,0,6,91,1,21
4,8,24.0,85,5,6,0,5,0,2,14
4,8,24.0,85,5,6,0,10,22,3,14
4,4,5.0,235,1,5,0,8,9,1,24
4,8,24.0,85,5,12,0,7,122,2,14
4,4,15.0,132,5,20,0,1,105,4,1
4,4,24.0,27,3,23,1,5,6,0,14
4,4,24.0,27,3,8,0,13,48,3,14
4,4,24.0,27,3,19,2,1,105,3,14
4,4,24.0,27,3,19,0,8,33,3,14
4,4,24.0,27,3,19,0,4,136,2,14
4,2,6.0,251,6,6,0,16,139,1,23
5,11,2.0,265,5,21,4,12,56,3,22
4,1,3.0,188,1,9,0,10,22,3,27
5,7,14.0,125,6,7,4,15,31,0,5
4,4,24.0,27,3,13,0,8,41,1,14
5,7,16.0,40,0,9,4,16,50,3,2
4,2,13.0,276,6,10,0,10,12,0,25
5,11,2.0,265,5,19,4,16,113,3,22
4,0,12.0,113,3,15,0,15,51,2,28
4,2,13.0,276,6,5,0,3,30,2,25
5,7,16.0,40,0,22,4,8,19,3,2
4,2,13.0,276,6,11,0,10,47,2,25
5,11,2.0,265,5,2,4,6,7,0,22
4,1,3.0,188,1,9,0,1,35,1,27
4,2,13.0,276,6,11,0,0,53,1,25
5,7,16.0,40,0,4,4,0,77,3,2
5,11,2.0,265,5,2,4,13,69,0,22
4,1,3.0,188,1,2,1,7,54,4,27
4,2,6.0,251,6,13,0,6,91,2,23
5,7,16.0,40,0,18,4,9,10,2,2
4,2,13.0,276,6,5,0,13,48,1,25
4,2,13.0,276,6,22,0,9,57,1,25
4,2,13.0,276,6,14,0,6,7,0,25
4,2,23.0,230,1,8,3,12,17,0,17
4,2,23.0,230,1,19,0,5,12,2,17
4,2,23.0,230,1,14,2,10,22,1,17
4,2,23.0,230,1,1,2,8,118,3,17
4,0,16.0,11,4,17,0,8,27,0,2
4,0,16.0,11,4,6,2,15,112,3,2
4,0,16.0,11,4,6,2,5,12,3,2
4,0,17.0,12,5,17,0,10,47,1,6
4,0,17.0,12,5,16,1,4,45,2,6
4,0,16.0,11,4,11,0,8,65,2,2
4,0,17.0,12,5,13,0,12,61,2,6
4,0,17.0,12,5,14,0,10,47,3,6
4,0,23.0,237,4,17,0,11,18,0,17
4,0,23.0,237,4,5,0,10,43,1,17
5,6,1.0,158,0,19,0,2,13,1,7
4,0,24.0,55,5,1,0,15,114,1,14
0,5,1.0,109,0,13,4,14,25,3,7
0,8,17.0,74,3,12,4,15,39,3,6
3,11,1.0,222,2,17,4,0,31,3,7
3,3,28.0,187,0,17,4,16,65,3,18
3,3,10.0,4,4,17,4,9,49,3,4
3,5,1.0,109,4,13,4,1,35,3,7
3,1,14.0,183,4,11,4,8,41,0,5
3,1,22.0,164,5,2,4,10,22,0,26
3,10,1.0,208,1,13,4,5,6,0,7
3,0,12.0,113,5,5,4,8,118,3,28
5,11,3.0,288,6,12,4,6,14,3,27
5,11,3.0,288,6,17,4,0,77,3,27
5,11,3.0,288,6,8,4,9,93,1,27
5,11,7.0,253,2,2,4,7,111,4,11
5,11,7.0,253,2,6,4,5,12,3,11
5,11,7.0,253,2,22,4,6,89,3,11
4,10,4.0,356,3,22,0,13,38,2,30
5,11,7.0,253,2,14,4,14,88,4,11
5,11,7.0,253,2,20,4,1,67,3,11
5,11,7.0,253,2,14,4,12,84,2,11
5,11,7.0,253,2,9,4,6,89,4,11
5,11,7.0,253,2,14,4,2,69,3,11
5,11,7.0,253,2,12,4,12,104,4,11
5,11,13.0,312,1,18,4,1,35,4,25
5,11,13.0,312,1,14,4,2,13,3,25
5,11,13.0,312,1,19,4,2,123,3,25
5,11,15.0,331,4,5,4,2,2,3,1
5,11,15.0,331,4,4,4,6,89,3,1
5,11,15.0,331,4,9,4,13,48,0,1
5,11,15.0,331,4,7,4,1,35,3,1
5,11,15.0,331,4,6,4,14,106,4,1
5,11,15.0,331,4,23,4,11,124,3,1
5,11,15.0,331,4,13,4,3,70,3,1
5,11,3.0,288,6,14,4,9,93,4,27
5,11,10.0,360,6,9,4,10,23,3,4
5,11,10.0,360,6,9,4,9,87,4,4
5,11,10.0,360,6,3,4,0,0,3,4
5,11,10.0,360,6,19,4,0,53,3,4
5,11,10.0,360,6,1,4,11,117,3,4
5,11,10.0,360,6,19,4,13,48,2,4
5,11,26.0,364,0,11,4,15,51,3,3
5,11,26.0,364,0,3,4,9,27,3,3
5,11,27.0,322,1,9,4,0,15,3,15
5,11,27.0,322,1,21,4,12,80,3,15
5,11,27.0,322,1,18,4,9,87,4,15
5,11,27.0,322,1,19,4,13,38,3,15
5,11,27.0,322,1,14,4,6,7,3,15
5,9,11.0,52,2,20,4,10,47,0,9
5,9,11.0,52,2,1,4,8,19,3,9
2,6,5.0,83,2,14,4,10,47,3,24
3,8,13.0,189,6,13,4,9,57,0,25
5,11,20.0,340,1,0,4,8,19,0,29
5,11,23.0,232,5,8,4,16,37,3,17
5,11,23.0,232,5,23,4,9,95,4,17
5,11,23.0,232,5,16,4,9,83,4,17
5,11,23.0,232,5,16,4,5,12,3,17
5,11,23.0,232,5,9,4,14,97,4,17
5,11,23.0,232,5,1,4,13,38,3,17
5,11,23.0,232,5,1,4,2,71,2,17
5,11,8.0,283,4,11,4,1,1,1,8
4,1,2.0,171,0,13,0,8,33,2,22
4,2,13.0,276,6,19,1,6,89,4,25
5,7,16.0,40,0,4,4,6,89,3,2
5,11,8.0,283,4,7,4,8,19,4,8
4,2,13.0,276,6,1,0,4,66,2,25
5,11,8.0,283,4,23,4,16,65,4,8
5,7,16.0,40,0,4,4,9,10,4,2
4,1,1.0,203,3,11,3,1,35,0,7
4,2,23.0,230,1,7,1,3,103,0,17
5,11,8.0,283,4,19,4,3,79,4,8
5,7,16.0,40,0,5,4,14,32,3,2
4,2,23.0,230,1,3,0,3,30,0,17
5,11,8.0,283,4,21,4,2,92,3,8
5,7,21.0,81,6,23,4,7,8,4,21
4,1,11.0,111,2,19,0,13,28,1,9
4,8,2.0,77,4,0,1,7,111,1,22
4,4,28.0,218,4,13,1,0,26,1,18
4,1,25.0,65,2,12,0,5,12,3,13
4,0,12.0,113,3,4,0,13,38,0,28
5,7,6.0,93,5,2,1,6,91,0,23
4,9,1.0,126,0,17,3,13,38,0,7
4,10,19.0,117,0,22,0,9,49,3,10
4,5,1.0,109,6,9,0,15,46,1,7
4,4,11.0,121,0,20,1,11,18,1,9
4,10,19.0,117,0,9,0,12,56,4,10
4,10,9.0,150,5,17,0,6,7,1,12
4,7,1.0,98,0,13,0,3,30,0,7
4,10,1.0,208,4,17,0,6,7,4,7
4,3,15.0,35,4,11,0,10,47,1,1
4,2,12.0,128,5,12,1,14,25,0,28
4,4,12.0,134,1,11,0,4,136,3,28
4,5,1.0,109,6,17,0,12,61,1,7
4,4,19.0,142,1,11,3,16,74,1,10
4,2,12.0,128,5,15,1,9,54,0,28
4,4,1.0,144,5,17,0,6,89,1,7
4,2,1.0,16,0,23,1,8,65,1,7
4,2,1.0,16,0,11,1,14,126,1,7
4,2,3.0,282,2,2,0,13,13,0,27
4,8,12.0,284,3,15,0,13,29,1,28
4,2,12.0,128,5,2,0,13,48,3,28
4,0,1.0,8,2,22,0,2,40,1,7
4,8,1.0,66,2,12,0,0,31,2,7
4,2,11.0,297,4,11,1,10,12,0,9
4,4,17.0,19,3,20,0,7,20,2,6
4,0,9.0,48,4,11,0,8,27,2,12
4,8,1.0,66,2,11,0,0,77,1,7
4,2,28.0,257,3,16,0,4,127,1,18
4,2,29.0,140,0,13,0,10,47,2,16
4,0,9.0,48,4,0,0,14,25,0,12
4,0,9.0,48,4,18,0,7,62,0,12
4,0,19.0,13,3,8,2,14,125,3,10
4,0,26.0,14,3,6,0,9,102,3,3
4,10,22.0,314,4,11,1,11,18,1,26
4,0,26.0,14,3,16,1,16,72,0,3
4,0,27.0,23,0,3,2,14,107,2,15
4,0,27.0,23,0,18,0,2,13,1,15
5,0,27.0,23,3,2,0,5,12,0,15
5,0,27.0,23,3,8,0,9,27,2,15
4,11,7.0,253,4,13,0,12,80,2,11
5,9,22.0,92,3,14,0,13,99,1,26
4,7,2.0,160,1,23,1,10,52,4,22
4,7,16.0,40,1,8,1,4,79,0,2
5,0,26.0,14,6,19,0,11,18,1,3
4,3,26.0,343,0,3,0,2,2,2,3
4,3,26.0,343,0,19,1,8,118,2,3
4,0,5.0,122,3,18,0,13,48,4,24
4,0,25.0,281,6,1,0,6,89,3,13
4,11,29.0,270,5,14,3,2,13,0,16
4,7,3.0,269,2,8,0,14,34,1,27
4,9,27.0,179,6,13,0,15,108,2,15
4,7,3.0,269,2,14,1,11,133,0,27
4,9,2.0,323,1,14,1,3,79,1,22
4,3,3.0,182,6,22,1,10,23,0,27
4,5,11.0,326,1,8,0,6,132,3,9
4,6,4.0,159,5,15,0,8,9,2,30
4,10,14.0,174,2,9,1,9,10,0,5
4,1,5.0,219,4,3,1,7,8,4,24
4,8,5.0,101,3,8,0,11,94,3,24
4,8,14.0,296,1,22,1,12,80,4,5
4,1,21.0,45,6,13,3,12,80,0,21
4,4,4.0,178,0,19,1,16,72,0,30
4,0,5.0,122,3,6,3,10,22,4,24
5,2,5.0,127,4,8,1,9,95,4,24
5,2,27.0,136,5,5,1,9,102,4,15
4,2,22.0,209,0,19,0,2,92,0,26
4,4,6.0,176,2,3,1,13,38,4,23
5,2,27.0,136,5,14,2,13,28,1,15
5,0,19.0,13,6,7,1,12,135,4,10
5,0,30.0,228,2,8,1,4,136,2,19
5,0,30.0,228,2,11,0,1,11,4,19
4,9,19.0,234,5,1,0,12,135,4,10
4,9,20.0,119,6,9,0,4,121,2,29
4,7,12.0,181,5,4,2,11,133,0,28
4,7,12.0,181,5,13,0,5,6,1,28
4,7,20.0,266,6,5,1,9,134,4,29
4,3,28.0,187,2,17,1,10,23,0,18
5,7,12.0,181,4,3,4,1,67,3,28
5,7,12.0,181,4,0,4,13,29,4,28
4,2,23.0,230,1,19,0,6,7,4,17
5,7,12.0,181,4,17,4,12,84,4,28
5,11,8.0,283,4,3,4,2,86,2,8
4,2,23.0,230,1,2,2,12,84,2,17
5,7,12.0,181,4,7,4,16,130,0,28
5,11,16.0,225,5,1,4,9,49,3,2
4,0,16.0,11,4,21,1,0,12,0,2
5,11,16.0,225,5,1,4,9,83,4,2
5,7,12.0,181,4,1,4,2,2,3,28
4,0,16.0,11,4,21,0,0,85,3,2
5,11,16.0,225,5,17,4,7,129,4,2
5,7,17.0,95,1,18,4,9,9,3,6
4,0,16.0,11,4,3,0,0,77,3,2
5,11,16.0,225,5,5,4,5,6,3,2
4,0,17.0,12,5,4,0,12,121,1,6
5,11,16.0,225,5,18,4,9,83,4,2
5,7,17.0,95,1,16,4,11,98,4,6
5,11,16.0,225,5,11,4,4,45,3,2
5,11,16.0,225,5,14,4,16,50,4,2
5,11,17.0,110,6,1,4,7,137,4,6
5,11,17.0,110,6,15,4,12,61,3,6
5,11,17.0,110,6,9,4,7,20,3,6
3,0,31.0,290,2,2,4,1,67,0,20
3,0,31.0,290,2,9,4,3,30,3,20
3,0,31.0,290,2,9,4,13,21,3,20
5,11,5.0,240,0,12,4,6,89,3,24
5,7,28.0,34,6,18,4,6,7,3,18
5,7,28.0,34,6,13,4,9,27,0,18
5,7,28.0,34,6,1,4,9,93,0,18
5,7,28.0,34,6,20,4,6,7,4,18
5,7,28.0,34,6,18,4,11,129,4,18
5,3,1.0,180,2,4,4,9,49,3,7
5,3,1.0,180,2,12,4,14,97,3,7
5,3,1.0,180,2,14,4,14,88,3,7
5,3,1.0,180,2,14,4,7,20,3,7
5,3,1.0,180,2,12,4,0,96,3,7
5,3,1.0,180,2,19,4,13,28,3,7
5,3,1.0,180,2,11,4,7,54,4,7
5,11,3.0,288,6,20,4,8,19,0,27
5,3,6.0,303,0,5,4,11,98,3,23
5,3,8.0,148,2,19,4,6,7,3,8
3,2,13.0,276,4,5,4,14,97,3,25
5,3,8.0,148,2,19,4,6,7,3,8
5,3,8.0,148,2,19,4,10,43,3,8
5,3,8.0,148,2,2,4,15,31,3,8
5,3,8.0,148,2,18,4,8,41,2,8
5,11,5.0,240,0,17,4,6,7,4,24
5,11,5.0,240,0,19,4,0,15,0,24
5,11,12.0,118,0,14,4,9,93,3,28
5,11,12.0,118,0,11,4,2,86,0,28
3,10,1.0,208,1,17,0,7,137,1,7
5,11,12.0,118,0,19,4,14,25,3,28
5,11,12.0,118,0,15,4,13,38,0,28
5,11,12.0,118,0,14,4,14,32,3,28
5,11,12.0,118,0,10,4,1,105,4,28
5,11,12.0,118,0,22,4,8,118,3,28
5,11,24.0,194,6,22,4,1,1,3,14
5,11,24.0,194,6,3,4,6,89,0,14
5,11,24.0,194,6,14,4,0,53,3,14
5,11,24.0,194,6,1,4,1,16,4,14
5,11,24.0,194,6,1,4,13,28,3,14
5,11,24.0,194,6,16,4,6,116,4,14
5,11,24.0,194,6,10,4,6,7,0,14
5,11,24.0,194,6,18,4,8,19,4,14
5,11,24.0,194,6,2,4,6,132,4,14
5,11,24.0,194,6,3,4,6,89,4,14
5,11,24.0,194,6,4,4,15,46,3,14
5,11,24.0,194,6,1,4,0,15,3,14
5,11,24.0,194,6,1,4,8,33,3,14
5,3,2.0,120,4,13,4,6,7,4,22
5,3,2.0,120,4,20,4,13,28,3,22
5,3,2.0,120,4,19,4,7,20,3,22
5,11,3.0,288,6,21,4,8,118,3,27
5,3,2.0,120,4,4,4,7,20,3,22
5,3,2.0,120,4,7,4,1,11,3,22
5,3,2.0,120,4,8,4,15,114,3,22
5,3,2.0,120,4,15,4,11,129,4,22
5,3,2.0,120,4,9,4,1,16,4,22
5,3,9.0,44,4,17,4,16,50,4,12
5,3,9.0,44,4,11,4,6,7,4,12
5,3,9.0,44,4,13,4,8,118,3,12
5,3,9.0,44,4,10,4,14,25,3,12
5,3,9.0,44,4,8,4,8,118,3,12
5,3,9.0,44,4,9,4,14,25,3,12
5,3,9.0,44,4,12,4,1,1,3,12
5,3,9.0,44,4,14,4,16,50,4,12
5,3,9.0,44,4,14,4,8,9,0,12
5,3,9.0,44,4,8,4,10,23,3,12
3,0,21.0,287,3,22,4,10,47,3,21
5,7,17.0,95,1,6,4,6,7,4,6
4,0,17.0,12,5,8,0,16,50,3,6
5,7,17.0,95,1,14,4,16,72,3,6
4,0,17.0,12,5,19,2,8,41,3,6
5,7,17.0,95,1,10,4,6,7,3,6
4,0,17.0,12,5,14,0,13,99,4,6
4,0,23.0,237,4,17,0,5,12,3,17
4,0,23.0,237,4,1,0,7,78,4,17
4,0,23.0,237,4,14,2,11,117,3,17
4,0,24.0,55,5,23,0,13,38,2,14
4,4,5.0,235,1,16,0,5,12,1,24
4,4,5.0,235,1,18,0,6,73,2,24
4,4,5.0,235,1,18,1,1,81,4,24
4,4,15.0,132,5,17,1,10,47,2,1
4,4,15.0,132,5,2,2,12,100,1,1
4,4,15.0,132,5,12,0,10,43,0,1
4,4,24.0,27,3,10,0,12,56,2,14
4,4,24.0,27,3,13,0,14,24,1,14
4,4,24.0,27,3,8,2,10,22,0,14
4,4,24.0,27,3,13,0,16,50,1,14
4,4,24.0,27,3,2,2,5,6,0,14
4,2,6.0,251,6,20,0,10,23,1,23
4,2,6.0,251,6,8,0,4,82,1,23
4,2,6.0,251,6,18,0,2,13,1,23
4,2,6.0,251,6,9,2,14,34,3,23
4,2,13.0,276,6,11,0,9,93,3,25
4,2,23.0,230,1,11,0,0,53,1,17
4,2,23.0,230,1,8,0,1,59,0,17
4,2,23.0,230,1,2,0,2,69,3,17
4,2,23.0,230,1,8,0,4,79,2,17
4,2,23.0,230,1,4,2,8,27,3,17
4,0,17.0,12,5,6,2,8,41,3,6
4,0,23.0,237,4,3,0,11,133,2,17
4,0,17.0,12,5,6,0,8,9,0,6
4,0,17.0,12,5,19,3,10,12,3,6
4,0,23.0,237,4,2,0,16,72,0,17
4,0,16.0,11,4,22,0,7,20,1,2
4,0,23.0,237,4,18,0,13,28,1,17
4,0,24.0,55,5,6,0,9,49,4,14
4,0,23.0,237,4,17,0,3,76,3,17
4,0,24.0,55,5,13,1,9,10,4,14
4,8,23.0,102,4,13,0,9,49,1,17
4,0,24.0,55,5,9,0,10,23,1,14
4,0,23.0,237,4,13,3,5,12,3,17
4,9,11.0,52,4,9,0,5,6,0,9
4,9,21.0,362,3,16,1,14,25,0,21
4,9,21.0,362,3,0,1,9,87,0,21
4,9,21.0,362,3,18,0,5,12,0,21
4,7,4.0,186,4,10,2,13,29,3,30
4,7,4.0,186,4,19,2,2,86,3,30
4,7,4.0,186,4,14,2,7,20,3,30
4,7,4.0,186,4,2,1,1,59,4,30
4,7,11.0,197,4,21,1,0,64,2,9
4,7,11.0,197,4,10,0,14,25,2,9
4,7,11.0,197,4,20,0,13,99,3,9
4,7,19.0,330,5,0,1,13,38,0,10
4,7,19.0,330,5,22,3,13,38,0,10
4,7,19.0,330,5,23,1,13,36,1,10
4,7,21.0,81,3,8,0,1,67,3,21
4,7,21.0,81,3,8,0,2,2,2,21
4,7,21.0,81,3,1,2,4,127,0,21
4,3,4.0,285,3,20,0,10,43,4,30
4,3,4.0,285,3,5,0,2,86,1,30
4,3,4.0,285,3,7,1,13,99,2,30
4,3,4.0,285,3,5,0,3,79,1,30
4,3,4.0,285,3,13,0,11,8,2,30
4,3,4.0,285,3,8,0,1,11,4,30
4,3,4.0,285,3,2,0,6,132,2,30
4,3,4.0,285,3,4,0,2,40,3,30
4,3,4.0,285,3,2,0,10,22,1,30
4,3,6.0,303,1,17,0,13,48,1,23
4,3,6.0,303,1,21,0,9,10,0,23
4,3,6.0,303,1,15,0,4,4,1,23
5,7,20.0,266,5,2,4,14,32,4,29
5,7,20.0,266,5,4,4,9,83,1,29
3,2,8.0,258,6,13,4,1,1,0,8
3,0,24.0,55,2,17,4,5,12,0,14
3,0,24.0,55,2,13,4,7,8,4,14
3,0,24.0,55,2,2,4,11,117,3,14
5,11,4.0,275,3,4,4,8,27,0,30
5,11,4.0,275,3,12,4,15,39,0,30
5,11,4.0,275,3,10,4,8,118,4,30
5,11,4.0,275,3,15,4,0,68,3,30
5,11,6.0,252,1,18,4,3,79,0,23
5,11,6.0,252,1,17,4,11,133,0,23
5,11,6.0,252,1,18,4,6,14,2,23
5,11,6.0,252,1,17,4,8,9,3,23
5,11,6.0,252,1,23,4,7,20,4,23
3,0,17.0,12,2,12,4,16,72,0,6
5,11,6.0,252,1,7,4,6,89,4,23
5,11,6.0,252,1,11,4,14,24,1,23
5,11,6.0,252,1,17,4,6,7,3,23
5,11,6.0,252,1,13,4,8,9,3,23
5,11,6.0,252,1,3,4,8,33,4,23
5,11,6.0,252,1,9,4,1,11,2,23
5,11,6.0,252,1,14,4,16,130,2,23
5,11,6.0,252,1,22,4,8,27,1,23
5,11,14.0,147,2,18,4,7,120,3,5
5,11,14.0,147,2,8,4,8,41,3,5
5,11,14.0,147,2,20,4,6,132,4,5
5,11,14.0,147,2,9,4,10,23,3,5
5,11,14.0,147,2,3,4,1,59,3,5
5,11,14.0,147,2,13,4,13,38,0,5
5,11,14.0,147,2,1,4,13,38,0,5
5,11,14.0,147,2,4,4,9,93,3,5
5,11,14.0,147,2,14,4,11,94,2,5
5,11,14.0,147,2,1,4,0,96,3,5
5,11,21.0,192,2,8,4,12,121,3,21
5,11,21.0,192,2,5,4,13,28,0,21
5,11,21.0,192,2,18,4,6,14,3,21
5,11,21.0,192,2,0,4,2,123,2,21
5,11,21.0,192,2,0,4,1,16,4,21
5,11,21.0,192,2,18,4,14,32,4,21
5,11,21.0,192,2,8,4,14,125,4,21
5,11,21.0,192,2,1,4,14,126,4,21
5,11,21.0,192,2,19,4,8,9,3,21
5,11,21.0,192,2,9,4,14,25,3,21
5,11,21.0,192,2,9,4,7,129,2,21
5,11,22.0,250,4,18,4,2,2,3,26
5,11,22.0,250,4,18,4,2,2,4,26
5,11,22.0,250,4,23,4,8,118,4,26
5,11,22.0,250,4,23,4,8,118,2,26
5,11,22.0,250,4,5,4,8,19,0,26
5,11,22.0,250,4,10,4,14,97,3,26
5,11,22.0,250,4,5,4,6,128,3,26
5,11,22.0,250,4,18,4,13,29,3,26
5,11,22.0,250,4,19,4,6,7,3,26
5,11,22.0,250,4,9,4,9,63,4,26
5,11,29.0,270,4,22,4,0,64,3,16
5,11,29.0,270,4,9,4,1,105,4,16
5,7,20.0,266,5,1,4,7,20,3,29
5,7,20.0,266,5,9,4,9,109,4,29
5,7,20.0,266,5,14,4,16,139,4,29
5,7,20.0,266,5,4,4,6,7,3,29
5,7,20.0,266,5,22,4,14,25,4,29
5,7,25.0,41,2,6,4,13,48,3,13
5,7,25.0,41,2,19,4,15,96,3,13
5,7,25.0,41,2,14,4,8,33,4,13
4,8,23.0,102,4,5,1,6,7,0,17
4,0,15.0,190,2,13,0,15,112,1,1
5,6,13.0,317,6,19,0,14,97,1,25
5,6,13.0,317,6,9,0,13,28,1,25
5,4,9.0,18,5,22,3,9,57,2,12
5,0,24.0,55,4,12,1,13,28,1,14
4,11,23.0,232,6,14,1,9,87,4,17
4,10,3.0,310,6,13,3,14,25,2,27
4,1,25.0,65,2,11,3,16,37,0,13
4,1,25.0,65,2,2,0,14,24,1,13
5,4,31.0,67,6,13,0,8,9,1,20
4,8,2.0,77,4,19,0,4,82,1,22
5,0,7.0,15,0,3,3,3,44,4,11
4,0,10.0,129,5,17,0,5,64,3,4
4,0,10.0,129,5,8,1,0,31,1,4
4,9,9.0,320,1,16,0,0,15,0,12
4,7,18.0,154,4,3,0,10,47,3,0
4,7,18.0,154,4,14,1,1,105,0,0
5,4,1.0,144,4,17,0,7,78,1,7
4,5,7.0,349,5,2,1,12,61,4,11
4,1,3.0,188,1,8,0,5,0,2,27
4,1,3.0,188,1,21,1,8,41,1,27
4,1,1.0,203,3,4,0,15,51,0,7
4,1,2.0,171,0,3,0,3,44,4,22
4,1,2.0,171,0,4,1,9,95,2,22
4,0,2.0,47,4,7,1,8,27,0,22
4,0,2.0,47,4,20,1,12,61,4,22
4,0,2.0,47,4,12,3,16,72,1,22
4,0,1.0,8,2,13,3,9,10,4,7
4,0,20.0,172,0,17,1,7,78,4,29
4,0,20.0,172,0,15,1,1,81,4,29
4,0,28.0,249,1,6,0,8,41,2,18
4,2,1.0,16,0,17,0,5,6,1,7
5,2,24.0,22,1,1,1,11,133,0,14
4,2,1.0,16,0,11,0,7,57,1,7
4,9,6.0,51,6,11,1,2,2,1,23
4,9,7.0,271,3,17,1,11,18,1,11
4,7,1.0,98,0,11,0,11,58,1,7
4,10,1.0,208,4,17,3,0,12,1,7
4,10,17.0,256,6,8,0,13,99,2,6
5,10,7.0,243,1,13,1,0,26,2,11
5,0,25.0,281,5,13,0,11,122,4,13
4,1,10.0,17,1,17,0,7,20,1,4
4,1,8.0,62,3,17,1,3,76,1,8
4,1,19.0,29,4,13,1,11,133,1,10
4,4,2.0,141,6,7,1,4,127,0,22
4,0,8.0,9,2,18,0,8,41,1,8
4,1,9.0,50,0,1,1,0,53,0,12
4,2,4.0,254,4,13,0,12,61,0,30
4,8,24.0,85,5,14,0,15,96,4,14
4,4,5.0,235,1,6,2,11,124,3,24
4,4,5.0,235,1,6,1,0,26,0,24
4,4,5.0,235,1,20,1,0,26,1,24
4,4,5.0,235,1,1,2,12,56,3,24
4,4,15.0,132,5,19,2,2,2,2,1
4,4,24.0,27,3,17,0,10,22,2,14
4,4,24.0,27,3,2,0,13,29,1,14
4,4,24.0,27,3,1,2,6,132,3,14
4,4,24.0,27,3,3,0,11,15,2,14
4,8,16.0,73,4,23,0,10,22,2,2
4,8,15.0,72,2,1,1,6,7,0,1
4,8,16.0,73,4,22,0,6,7,2,2
4,8,16.0,73,4,12,0,7,62,2,2
4,8,15.0,72,2,14,0,12,61,4,1
4,8,16.0,73,4,1,0,9,54,1,2
4,8,21.0,46,1,17,2,10,52,3,21
4,8,21.0,46,1,6,0,0,12,3,21
4,8,21.0,46,1,10,0,0,64,1,21
4,8,21.0,46,1,23,1,14,32,0,21
4,8,21.0,46,1,22,0,0,77,2,21
4,8,24.0,85,5,5,0,6,89,4,14
4,8,24.0,85,5,2,0,2,13,3,14
4,8,24.0,85,5,12,1,2,13,0,14
4,8,24.0,85,5,13,0,6,7,2,14
4,4,5.0,235,1,6,0,0,0,3,24
4,4,5.0,235,1,7,1,11,15,0,24
4,4,5.0,235,1,11,0,15,51,1,24
4,4,5.0,235,1,1,1,2,2,0,24
4,4,5.0,235,1,4,0,9,10,4,24
4,0,17.0,12,5,7,1,15,51,0,6
4,0,23.0,237,4,3,0,10,47,2,17
4,0,23.0,237,4,8,3,9,95,0,17
4,0,24.0,55,5,13,0,1,11,3,14
4,0,24.0,55,5,2,0,5,64,0,14
4,4,18.0,26,0,17,4,7,54,4,0
4,4,18.0,26,0,12,4,6,7,4,0
4,4,18.0,26,0,1,4,9,10,4,0
4,4,18.0,26,0,7,4,14,125,4,0
4,4,18.0,26,0,3,4,11,94,4,0
4,4,18.0,26,0,4,4,8,33,4,0
4,4,18.0,26,0,19,4,8,65,3,0
4,4,20.0,115,2,12,4,14,25,3,29
4,4,20.0,115,2,17,4,0,53,3,29
4,4,25.0,20,0,9,4,1,67,2,13
4,4,25.0,20,0,13,4,1,67,0,13
4,2,2.0,143,1,4,4,8,65,0,22
4,11,20.0,340,2,4,4,6,132,4,29
4,2,20.0,264,6,14,4,1,35,3,29
4,2,9.0,21,1,6,4,6,116,3,12
4,2,10.0,28,2,1,4,4,79,2,4
4,2,10.0,28,2,2,4,10,43,3,4
4,2,11.0,297,4,12,4,2,92,0,9
4,2,18.0,7,4,12,4,10,22,3,0
4,2,18.0,7,4,9,4,7,137,4,0
4,2,18.0,7,4,12,4,8,19,4,0
4,2,27.0,136,6,4,4,11,98,4,15
4,2,27.0,136,6,14,4,1,16,3,15
4,0,13.0,198,0,1,4,16,130,3,25
4,0,13.0,198,0,16,4,15,46,3,25
4,0,13.0,198,0,19,4,9,57,0,25
4,0,15.0,190,2,1,4,9,93,4,1
4,0,15.0,190,2,19,4,4,79,3,1
4,0,15.0,190,2,19,4,6,91,3,1
4,0,15.0,190,2,2,4,11,133,4,1
4,0,15.0,190,2,2,4,8,19,3,1
4,0,15.0,190,2,18,4,9,93,4,1
4,0,15.0,190,2,4,4,12,17,4,1
4,0,15.0,190,2,14,4,11,133,4,1
4,0,15.0,190,2,19,4,2,69,4,1
4,0,15.0,190,2,21,4,8,19,4,1
4,0,22.0,241,2,20,4,12,104,3,26
4,0,22.0,241,2,3,4,13,29,3,26
4,0,22.0,241,2,19,4,6,7,3,26
4,0,22.0,241,2,13,4,2,71,2,26
4,0,22.0,241,2,18,4,11,58,4,26
4,0,22.0,241,2,3,4,8,118,3,26
4,0,22.0,241,2,19,4,0,85,3,26
4,0,22.0,241,2,3,4,1,67,3,26
4,0,22.0,241,2,9,4,9,49,3,26
4,0,7.0,15,1,18,4,3,103,3,11
4,0,7.0,15,1,14,4,10,22,3,11
4,0,7.0,15,1,19,4,7,20,3,11
4,0,7.0,15,1,21,4,16,37,3,11
4,0,7.0,15,1,21,4,1,67,0,11
4,0,7.0,15,1,4,4,13,28,3,11
4,0,14.0,5,1,10,4,3,44,3,5
4,0,14.0,5,1,4,4,0,53,3,5
4,0,14.0,5,1,19,4,7,57,4,5
4,4,10.0,79,3,20,4,6,7,3,4
4,0,14.0,5,1,8,4,6,7,3,5
4,0,14.0,5,1,6,4,7,137,3,5
4,0,14.0,5,1,12,4,9,27,0,5
4,0,14.0,5,1,19,4,6,7,0,5
4,0,14.0,5,1,4,4,6,7,3,5
4,0,14.0,5,1,6,4,6,14,4,5
4,0,14.0,5,1,22,4,8,19,0,5
4,0,25.0,281,6,8,4,16,50,4,13
4,0,25.0,281,6,22,4,14,24,2,13
4,0,25.0,281,6,6,4,6,116,2,13
4,0,25.0,281,6,18,4,8,33,4,13
4,0,20.0,172,0,4,4,1,11,4,29
4,0,20.0,172,0,1,4,13,4,3,29
4,0,20.0,172,0,20,4,15,85,3,29
4,0,20.0,172,0,4,4,8,33,4,29
4,0,20.0,172,0,20,4,2,123,3,29
4,0,20.0,172,0,9,4,11,55,4,29
4,0,20.0,172,0,4,4,6,7,3,29
4,0,20.0,172,0,9,4,13,21,3,29
4,0,20.0,172,0,23,4,6,7,3,29
4,0,20.0,172,0,9,4,8,118,4,29
4,0,20.0,172,0,12,4,16,42,1,29
4,0,20.0,172,0,17,4,13,48,3,29
4,0,21.0,287,1,6,4,6,14,4,21
4,0,21.0,287,1,21,4,11,55,4,21
4,0,21.0,287,1,18,4,4,45,4,21
4,0,21.0,287,1,6,4,1,67,3,21
4,0,21.0,287,1,12,4,15,85,3,21
4,2,19.0,137,5,17,4,1,59,4,10
4,0,21.0,287,1,14,4,12,80,0,21
4,0,21.0,287,1,19,4,14,32,3,21
4,0,21.0,287,1,12,4,6,7,3,21
4,0,28.0,249,1,4,4,3,30,4,18
4,0,28.0,249,1,8,4,14,25,3,18
4,2,27.0,136,6,2,4,12,61,3,15
4,2,28.0,257,3,17,4,11,117,0,18
4,2,28.0,257,3,12,4,6,7,0,18
4,2,29.0,140,0,2,4,14,25,0,16
4,2,29.0,140,0,13,4,14,24,4,16
4,0,11.0,10,6,23,4,7,120,2,9
4,0,18.0,0,6,2,4,0,12,3,0
4,0,18.0,0,6,1,4,12,61,4,0
4,0,18.0,0,6,12,4,15,39,3,0
4,0,18.0,0,6,18,4,9,10,4,0
4,0,26.0,14,3,12,4,8,9,3,3
4,0,26.0,14,3,15,4,3,30,3,3
4,0,26.0,14,3,9,4,2,86,3,3
4,4,28.0,218,4,14,4,6,89,3,18
4,4,30.0,139,6,3,4,2,13,3,19
4,0,4.0,229,6,6,4,6,7,3,30
4,2,19.0,137,5,5,4,0,96,3,10
4,0,4.0,229,6,10,4,9,134,2,30
4,4,30.0,139,6,1,4,6,116,4,19
4,2,4.0,254,4,4,4,6,128,4,30
4,4,10.0,79,3,8,4,13,28,0,4
4,8,25.0,86,6,8,4,13,38,3,13
4,11,20.0,340,2,8,4,1,11,4,29
4,2,20.0,264,6,18,4,6,7,3,29
4,2,19.0,137,5,7,4,9,63,4,10
4,11,20.0,340,2,13,4,6,7,3,29
4,0,4.0,229,6,1,4,6,132,3,30
4,4,10.0,79,3,19,4,13,38,0,4
4,2,4.0,254,4,16,4,6,7,4,30
4,2,26.0,3,5,1,4,1,11,4,3
4,2,20.0,264,6,9,4,14,126,2,29
4,4,11.0,121,0,15,4,9,27,0,9
4,11,20.0,340,2,19,4,4,138,3,29
4,0,28.0,249,1,18,4,14,24,3,18
4,0,4.0,229,6,8,4,6,7,3,30
4,2,7.0,153,3,2,4,10,22,3,11
4,2,4.0,254,4,23,4,2,86,3,30
4,2,4.0,254,4,18,4,11,117,1,30
4,2,4.0,254,4,1,4,15,39,4,30
4,2,4.0,254,4,1,4,4,82,3,30
4,2,4.0,254,4,0,4,7,62,4,30
4,2,4.0,254,4,20,4,2,35,4,30
4,2,4.0,254,4,9,4,1,81,4,30
4,2,4.0,254,4,11,4,8,33,3,30
4,2,4.0,254,4,9,4,1,81,4,30
4,2,4.0,254,4,18,4,12,100,4,30
4,2,4.0,254,4,8,4,14,32,3,30
4,2,4.0,254,4,2,4,9,57,3,30
4,2,4.0,254,4,14,4,8,118,3,30
4,2,4.0,254,4,18,4,1,81,4,30
4,2,17.0,6,2,1,4,12,83,2,6
4,2,17.0,6,2,11,4,9,10,3,6
4,2,17.0,6,2,4,4,6,7,3,6
4,2,15.0,130,0,19,4,0,26,2,1
4,2,15.0,130,0,5,4,8,27,3,1
4,2,15.0,130,0,23,4,8,27,3,1
4,2,15.0,130,0,14,4,16,65,4,1
4,2,15.0,130,0,17,4,6,7,3,1
4,2,21.0,108,3,15,4,6,7,2,21
4,2,21.0,108,3,20,4,3,103,3,21
4,2,21.0,108,3,8,4,16,113,4,21
4,2,21.0,108,3,13,4,16,72,3,21
4,2,21.0,108,3,16,4,6,14,3,21
4,2,21.0,108,3,9,4,12,100,4,21
4,2,21.0,108,3,11,4,14,88,4,21
4,2,21.0,108,3,3,4,16,50,3,21
4,2,21.0,108,3,12,4,8,9,3,21
4,2,21.0,108,3,21,4,14,126,4,21
4,2,21.0,108,3,9,4,6,14,4,21
4,2,21.0,108,3,8,4,12,56,0,21
4,2,21.0,108,3,20,4,1,16,4,21
4,2,21.0,108,3,14,4,10,23,3,21
4,2,21.0,108,3,10,4,12,56,2,21
4,4,27.0,274,2,7,4,6,7,3,15
4,4,27.0,274,2,18,4,6,7,4,15
4,4,27.0,274,2,1,4,13,48,3,15
4,4,27.0,274,2,6,4,8,19,3,15
4,4,27.0,274,2,0,4,8,118,3,15
4,4,27.0,274,2,22,4,9,27,3,15
4,4,27.0,274,2,22,4,9,49,3,15
4,2,1.0,16,0,4,4,5,6,3,7
4,2,1.0,16,0,4,4,12,61,3,7
4,2,1.0,16,0,1,4,11,18,3,7
4,2,1.0,16,0,20,4,15,96,4,7
4,2,1.0,16,0,7,4,9,102,3,7
4,2,1.0,16,0,9,4,10,23,3,7
4,2,1.0,16,0,3,4,3,103,3,7
4,2,1.0,16,0,12,4,1,105,3,7
4,2,1.0,16,0,10,4,1,59,3,7
4,2,3.0,282,2,1,4,6,89,3,27
4,2,3.0,282,2,2,4,16,72,3,27
4,2,3.0,282,2,3,4,9,87,4,27
4,2,3.0,282,2,1,4,9,87,4,27
4,0,9.0,48,4,9,4,14,34,3,12
4,0,9.0,48,4,9,4,5,6,3,12
4,2,14.0,231,3,5,4,8,41,0,5
4,0,9.0,48,4,19,4,8,27,3,12
4,0,9.0,48,4,4,4,13,28,0,12
4,0,9.0,48,4,14,4,6,7,4,12
4,0,9.0,48,4,10,4,1,11,4,12
4,0,9.0,48,4,0,4,9,10,4,12
4,0,9.0,48,4,2,4,1,35,4,12
4,0,11.0,10,6,17,4,10,30,3,9
4,0,11.0,10,6,9,4,16,74,3,9
4,0,11.0,10,6,16,4,14,25,0,9
4,10,25.0,56,3,1,4,8,41,4,13
4,0,11.0,10,6,9,4,13,29,4,9
4,0,11.0,10,6,17,4,14,126,4,9
4,0,11.0,10,6,18,4,6,89,3,9
4,0,11.0,10,6,9,4,14,106,4,9
4,0,11.0,10,6,15,4,2,123,4,9
4,0,11.0,10,6,9,4,1,11,3,9
4,0,11.0,10,6,20,4,1,105,0,9
4,0,11.0,10,6,23,4,6,7,4,9
4,0,5.0,122,3,7,4,14,25,4,24
4,0,5.0,122,3,14,4,11,98,4,24
4,0,5.0,122,3,11,4,1,105,0,24
4,0,5.0,122,3,11,4,9,95,3,24
4,0,5.0,122,3,15,4,5,6,3,24
4,0,5.0,122,3,21,4,6,91,3,24
4,0,5.0,122,3,17,4,9,134,4,24
4,0,5.0,122,3,7,4,13,99,4,24
4,0,5.0,122,3,0,4,16,74,3,24
4,11,22.0,250,5,23,4,6,7,3,26
4,11,22.0,250,5,12,4,7,57,3,26
4,11,20.0,340,2,9,4,11,15,3,29
4,0,28.0,249,1,18,4,9,10,3,18
4,0,28.0,249,1,3,4,4,4,3,18
4,0,28.0,249,1,8,4,1,59,3,18
4,2,26.0,3,5,5,4,6,89,3,3
4,2,14.0,231,3,20,4,6,89,3,5
4,0,4.0,229,6,4,4,15,119,3,30
4,2,7.0,153,3,1,4,0,85,1,11
4,4,11.0,121,0,17,4,9,49,4,9
4,2,20.0,264,6,12,4,13,38,0,29
4,0,28.0,249,1,2,4,14,107,3,18
4,2,16.0,220,1,16,4,6,7,4,2
4,2,14.0,231,3,9,4,14,110,4,5
4,2,26.0,3,5,1,4,1,67,3,3
4,0,4.0,229,6,20,4,9,95,4,30
4,11,2.0,265,6,11,4,2,86,0,22
4,2,20.0,264,6,7,4,3,4,3,29
4,2,16.0,220,1,23,4,11,90,4,2
4,2,14.0,231,3,14,4,14,125,4,5
4,8,5.0,101,3,17,4,7,137,3,24
4,2,14.0,231,3,0,4,14,106,4,5
4,11,2.0,265,6,12,4,7,111,0,22
4,0,4.0,229,6,19,4,6,7,3,30
4,0,28.0,249,1,11,4,6,7,0,18
4,4,11.0,121,0,16,4,7,137,4,9
4,2,20.0,264,6,14,4,2,71,4,29
4,2,16.0,220,1,7,4,15,31,0,2
4,8,5.0,101,3,2,4,11,94,3,24
4,2,14.0,231,3,3,4,6,7,0,5
5,0,22.0,241,1,19,4,0,53,3,26
4,2,20.0,264,6,0,4,14,97,3,29
4,4,11.0,121,0,0,4,1,81,4,9
4,2,16.0,220,1,0,4,2,71,3,2
4,8,7.0,70,1,9,4,7,78,3,11
5,0,22.0,241,1,14,4,13,28,3,26
4,0,29.0,191,2,18,4,1,16,4,16
4,0,10.0,129,5,1,4,11,55,4,4
4,2,20.0,264,6,14,4,6,7,3,29
4,4,11.0,121,0,22,4,10,23,3,9
4,2,14.0,231,3,7,4,8,9,3,5
4,2,16.0,220,1,17,4,16,37,3,2
4,8,7.0,70,1,4,4,10,47,3,11
4,8,7.0,70,1,9,4,10,47,0,11
4,8,7.0,70,1,9,4,3,115,3,11
4,8,13.0,189,0,23,4,6,7,3,25
4,8,13.0,189,0,1,4,6,7,0,25
4,8,13.0,189,0,12,4,7,137,3,25
4,8,13.0,189,0,1,4,7,62,3,25
4,8,13.0,189,0,18,4,16,108,4,25
4,8,14.0,296,1,2,4,15,46,3,5
4,8,14.0,296,1,17,4,9,95,1,5
4,8,14.0,296,1,6,4,14,25,3,5
4,8,30.0,103,4,13,4,13,38,0,19
4,4,4.0,178,0,19,4,6,7,3,30
4,4,4.0,178,0,6,4,8,33,4,30
4,4,4.0,178,0,22,4,0,0,3,30
4,4,4.0,178,0,20,4,5,6,3,30
4,4,4.0,178,0,19,4,6,89,3,30
4,4,4.0,178,0,1,4,1,11,4,30
4,2,25.0,233,4,2,4,8,27,3,13
4,2,25.0,233,4,17,4,7,111,1,13
4,2,25.0,233,4,20,4,11,94,0,13
4,2,25.0,233,4,2,4,12,17,3,13
4,2,25.0,233,4,14,4,16,50,3,13
4,2,25.0,233,4,7,4,8,19,4,13
4,2,25.0,233,4,9,4,6,132,4,13
4,2,25.0,233,4,23,4,11,15,3,13
4,2,25.0,233,4,16,4,4,75,0,13
4,2,25.0,233,4,5,4,2,35,0,13
4,2,25.0,233,4,10,4,1,35,4,13
4,2,25.0,233,4,21,4,10,47,3,13
4,2,25.0,233,4,9,4,2,71,4,13
4,2,25.0,233,4,3,4,15,51,3,13
4,2,25.0,233,4,12,4,1,35,4,13
4,2,25.0,233,4,4,4,0,15,3,13
4,2,25.0,233,4,18,4,12,121,4,13
4,0,6.0,260,0,19,4,9,27,3,23
4,0,6.0,260,0,4,4,15,31,1,23
4,0,6.0,260,0,16,4,1,35,4,23
4,0,6.0,260,0,19,4,6,132,1,23
4,1,8.0,62,3,2,4,2,2,3,8
4,1,10.0,17,1,15,4,16,130,3,4
4,1,10.0,17,1,12,4,12,100,0,4
4,1,18.0,82,2,18,4,8,41,4,0
4,1,18.0,82,2,9,4,1,81,4,0
4,1,18.0,82,2,13,4,5,6,3,0
4,1,18.0,82,2,18,4,15,119,4,0
4,1,19.0,29,4,9,4,2,123,3,10
4,1,19.0,29,4,1,4,8,19,0,10
4,1,27.0,262,5,5,4,8,19,3,15
4,1,27.0,262,5,15,4,6,7,2,15
4,1,27.0,262,5,9,4,13,123,3,15
4,1,27.0,262,5,23,4,14,25,3,15
4,8,1.0,66,2,8,4,9,93,3,7
4,8,1.0,66,2,11,4,14,126,4,7
4,8,10.0,71,5,23,4,2,2,3,4
4,2,26.0,3,5,9,4,1,105,4,3
4,2,26.0,3,5,18,4,16,74,3,3
4,2,26.0,3,5,8,4,0,77,3,3
4,2,26.0,3,5,17,4,2,3,3,3
4,2,26.0,3,5,21,4,16,42,4,3
4,2,26.0,3,5,18,4,16,50,4,3
4,2,26.0,3,5,17,4,6,91,4,3
4,2,26.0,3,5,14,4,6,132,3,3
4,2,26.0,3,5,4,4,15,46,3,3
4,2,26.0,3,5,1,4,4,136,4,3
4,2,26.0,3,5,9,4,6,132,3,3
4,2,26.0,3,5,1,4,1,105,3,3
4,2,26.0,3,5,9,4,6,7,3,3
4,0,1.0,8,2,13,4,13,48,4,7
4,0,1.0,8,2,1,4,16,50,4,7
4,0,1.0,8,2,19,4,12,104,4,7
4,0,1.0,8,2,14,4,6,128,3,7
4,0,1.0,8,2,16,4,1,81,4,7
4,0,1.0,8,2,22,4,11,98,3,7
4,0,4.0,229,6,18,4,13,28,0,30
4,0,4.0,229,6,2,4,9,57,3,30
4,0,4.0,229,6,2,4,12,80,0,30
4,0,4.0,229,6,17,4,6,128,4,30
4,0,4.0,229,6,19,4,6,7,3,30
4,2,16.0,220,1,6,4,8,19,3,2
4,2,20.0,264,6,17,4,6,7,3,29
4,0,29.0,191,2,15,4,9,57,3,16
4,0,10.0,129,5,4,4,16,74,3,4
4,4,11.0,121,0,18,4,10,43,3,9
4,4,11.0,121,0,1,4,15,51,3,9
4,2,14.0,231,3,1,4,8,27,4,5
4,2,17.0,6,2,18,4,11,98,4,6
4,2,16.0,220,1,12,4,13,28,0,2
4,0,29.0,191,2,8,4,14,25,3,16
4,0,10.0,129,5,5,4,1,67,3,4
4,4,11.0,121,0,17,4,15,31,3,9
4,2,20.0,264,6,15,4,7,120,3,29
4,2,14.0,231,3,9,4,0,31,3,5
4,0,5.0,122,3,14,4,3,79,3,24
4,0,29.0,191,2,15,4,13,48,0,16
4,0,10.0,129,5,9,4,14,25,4,4
4,4,11.0,121,0,1,4,9,83,4,9
4,4,11.0,121,0,14,4,14,107,3,9
4,4,11.0,121,0,1,4,7,78,4,9
4,4,12.0,134,1,16,4,6,91,1,28
4,4,12.0,134,1,8,4,11,15,3,28
4,4,12.0,134,1,2,4,8,9,4,28
4,4,12.0,134,1,9,4,11,8,3,28
4,4,12.0,134,1,9,4,6,128,3,28
4,4,12.0,134,1,15,4,15,39,3,28
4,4,12.0,134,1,11,4,16,65,3,28
4,4,12.0,134,1,4,4,16,65,4,28
4,4,12.0,134,1,8,4,8,19,0,28
4,2,27.0,136,6,9,4,9,83,4,15
4,2,27.0,136,6,1,4,10,47,3,15
4,2,27.0,136,6,0,4,16,42,4,15
4,2,27.0,136,6,8,4,6,89,3,15
4,2,27.0,136,6,18,4,1,105,3,15
4,2,27.0,136,6,9,4,0,26,3,15
4,2,28.0,257,3,12,4,14,88,3,18
4,2,28.0,257,3,14,4,3,70,3,18
4,2,28.0,257,3,10,4,8,118,4,18
4,2,28.0,257,3,11,4,6,7,0,18
4,2,28.0,257,3,7,4,8,19,3,18
4,2,28.0,257,3,14,4,12,121,4,18
4,2,28.0,257,3,12,4,10,23,3,18
4,10,16.0,201,5,11,4,7,57,0,2
4,2,28.0,257,3,17,4,1,11,4,18
4,2,28.0,257,3,19,4,15,31,0,18
4,2,28.0,257,3,9,4,9,10,2,18
4,2,28.0,257,3,20,4,3,30,4,18
4,2,29.0,140,0,1,4,4,121,4,16
4,2,29.0,140,0,12,4,14,25,3,16
4,10,16.0,201,5,3,4,0,77,3,2
4,2,29.0,140,0,6,4,8,9,4,16
4,4,12.0,134,1,6,4,6,116,3,28
4,4,12.0,134,1,15,4,2,2,3,28
4,4,12.0,134,1,2,4,3,4,0,28
4,4,12.0,134,1,21,4,11,117,0,28
4,4,12.0,134,1,2,4,11,98,2,28
4,4,12.0,134,1,23,4,8,27,1,28
4,4,12.0,134,1,16,4,3,44,4,28
4,4,19.0,142,1,12,4,6,7,3,10
4,4,19.0,142,1,17,4,1,35,4,10
4,4,19.0,142,1,17,4,14,25,0,10
4,4,19.0,142,1,4,4,6,89,4,10
4,4,19.0,142,1,5,4,12,121,3,10
4,4,19.0,142,1,12,4,12,100,4,10
4,4,19.0,142,1,14,4,6,7,3,10
4,4,19.0,142,1,5,4,13,38,3,10
4,4,19.0,142,1,14,4,14,25,3,10
4,4,19.0,142,1,15,4,14,25,0,10
4,4,19.0,142,1,4,4,6,89,3,10
4,4,19.0,142,1,5,4,8,9,3,10
4,4,19.0,142,1,9,4,6,132,3,10
4,4,19.0,142,1,12,4,12,104,4,10
4,2,8.0,258,0,1,4,8,27,3,8
4,2,8.0,258,0,8,4,8,41,3,8
4,2,8.0,258,0,14,4,11,18,3,8
4,2,8.0,258,0,1,4,1,11,3,8
4,2,8.0,258,0,13,4,13,48,0,8
4,2,8.0,258,0,22,4,1,11,3,8
4,2,8.0,258,0,8,4,6,7,3,8
4,2,8.0,258,0,14,4,8,65,3,8
4,2,16.0,220,1,1,4,9,87,4,2
4,9,3.0,217,2,6,4,6,7,3,27
4,9,3.0,217,2,12,4,0,26,3,27
4,9,3.0,217,2,22,4,9,93,3,27
4,9,2.0,323,1,12,4,16,50,3,22
4,2,16.0,220,1,1,4,6,89,4,2
4,11,29.0,270,5,2,4,2,3,3,16
4,11,22.0,250,5,10,4,9,109,3,26
4,4,30.0,139,6,0,4,6,116,4,19
4,4,30.0,139,6,12,4,16,74,3,19
4,2,14.0,231,3,9,4,5,6,3,5
4,2,14.0,231,3,14,4,1,11,4,5
4,2,14.0,231,3,4,4,14,24,4,5
4,2,14.0,231,3,9,4,1,16,4,5
4,2,14.0,231,3,3,4,1,11,3,5
4,2,14.0,231,3,16,4,9,83,4,5
4,2,14.0,231,3,15,4,10,12,0,5
4,2,14.0,231,3,20,4,6,7,3,5
4,2,14.0,231,3,15,4,0,64,3,5
4,2,17.0,6,2,21,4,5,6,3,6
4,0,5.0,122,3,14,4,2,69,3,24
4,0,29.0,191,2,13,4,8,19,3,16
4,0,10.0,129,5,1,4,8,33,4,4
4,2,17.0,6,2,1,4,11,98,4,6
4,0,5.0,122,3,9,4,8,9,3,24
4,2,14.0,231,3,5,4,8,27,0,5
4,2,29.0,140,0,23,4,6,7,3,16
4,2,20.0,264,6,3,4,15,46,3,29
4,0,29.0,191,2,18,4,16,113,4,16
4,0,10.0,129,5,3,4,10,47,3,4
4,2,17.0,6,2,13,4,8,9,4,6
4,2,29.0,140,0,17,4,14,25,4,16
4,0,5.0,122,3,18,4,2,69,3,24
4,2,20.0,264,6,19,4,1,11,4,29
4,0,29.0,191,2,8,4,7,20,3,16
4,0,10.0,129,5,11,4,6,128,3,4
4,2,17.0,6,2,17,4,14,106,3,6
4,0,5.0,122,3,18,4,6,14,4,24
4,2,29.0,140,0,1,4,8,41,4,16
4,2,17.0,6,2,9,4,0,12,3,6
4,0,5.0,122,3,4,4,3,79,3,24
4,2,20.0,264,6,2,4,16,50,3,29
4,0,29.0,191,2,6,4,1,105,3,16
4,0,10.0,129,5,14,4,1,105,4,4
4,2,29.0,140,0,2,4,4,121,3,16
4,0,29.0,191,2,11,4,0,77,3,16
4,2,17.0,6,2,6,4,9,87,4,6
4,2,20.0,264,6,16,4,6,91,4,29
4,4,4.0,178,0,3,4,3,103,3,30
4,2,29.0,140,0,0,4,6,7,0,16
4,0,25.0,281,6,1,4,11,8,2,13
4,2,17.0,6,2,4,4,8,33,4,6
4,0,5.0,122,3,4,4,6,7,4,24
4,0,4.0,229,6,1,4,0,64,3,30
4,4,4.0,178,0,8,4,9,109,0,30
4,0,25.0,281,6,6,4,9,49,2,13
4,0,5.0,122,3,16,4,1,35,4,24
4,0,4.0,229,6,9,4,0,64,3,30
4,4,7.0,133,4,1,4,6,7,4,11
4,0,4.0,229,6,12,4,0,77,3,30
4,2,29.0,140,0,8,4,10,22,3,16
4,2,17.0,6,2,23,4,6,7,0,6
4,0,25.0,281,6,8,4,14,97,3,13
4,0,7.0,15,1,18,4,1,105,3,11
4,4,7.0,133,4,12,4,13,28,3,11
4,0,4.0,229,6,2,4,12,121,4,30
4,10,25.0,56,3,18,4,8,9,4,13
4,2,17.0,6,2,17,4,15,39,3,6
4,0,25.0,281,6,20,4,6,7,4,13
4,0,7.0,15,1,22,4,7,78,3,11
4,4,7.0,133,4,14,4,8,27,3,11
4,2,29.0,140,0,19,4,14,25,3,16
4,2,29.0,140,0,4,4,6,7,0,16
4,2,29.0,140,0,16,4,14,25,4,16
4,2,29.0,140,0,4,4,8,41,3,16
4,2,29.0,140,0,18,4,16,108,3,16
4,2,29.0,140,0,18,4,9,54,3,16
4,2,29.0,140,0,1,4,1,11,4,16
4,2,29.0,140,0,17,4,4,75,4,16
4,2,29.0,140,0,16,4,8,19,2,16
4,2,29.0,140,0,13,4,13,21,4,16
4,2,29.0,140,0,12,4,10,22,0,16
4,0,9.0,48,4,4,4,16,108,3,12
4,0,9.0,48,4,8,4,5,6,3,12
4,0,9.0,48,4,6,4,2,3,4,12
4,4,26.0,80,1,7,4,1,11,4,3
4,4,26.0,80,1,1,4,3,44,4,3
4,4,26.0,80,1,5,4,8,65,3,3
4,4,26.0,80,1,14,4,15,46,3,3
4,4,26.0,80,1,17,4,11,55,4,3
4,4,26.0,80,1,13,4,7,54,3,3
4,4,26.0,80,1,1,4,6,89,4,3
4,4,26.0,80,1,19,4,12,61,3,3
4,4,26.0,80,1,5,4,9,87,3,3
4,4,26.0,80,1,10,4,9,63,4,3
4,4,26.0,80,1,3,4,9,87,3,3
4,4,26.0,80,1,5,4,6,89,0,3
4,4,26.0,80,1,0,4,7,111,3,3
4,4,26.0,80,1,10,4,6,7,4,3
4,4,26.0,80,1,2,4,5,64,3,3
4,4,26.0,80,1,8,4,7,20,3,3
4,4,27.0,274,2,14,4,1,105,3,15
4,4,27.0,274,2,15,4,6,7,4,15
4,4,27.0,274,2,22,4,10,23,3,15
4,4,27.0,274,2,21,4,13,48,4,15
4,2,14.0,231,3,14,4,12,121,3,5
4,2,14.0,231,3,11,4,16,65,4,5
4,2,14.0,231,3,4,4,9,109,3,5
4,2,14.0,231,3,20,4,9,87,3,5
4,2,14.0,231,3,9,4,9,87,4,5
4,2,15.0,130,0,12,4,8,27,0,1
4,2,15.0,130,0,14,4,1,67,4,1
4,2,15.0,130,0,4,4,10,47,3,1
4,2,15.0,130,0,15,4,7,120,3,1
4,2,15.0,130,0,9,4,6,7,3,1
4,2,15.0,130,0,3,4,9,93,2,1
4,2,15.0,130,0,13,4,9,27,4,1
4,2,15.0,130,0,19,4,9,49,3,1
4,2,15.0,130,0,4,4,7,120,3,1
4,2,15.0,130,0,0,4,10,22,3,1
4,2,15.0,130,0,17,4,16,37,3,1
4,2,15.0,130,0,9,4,1,35,4,1
4,2,15.0,130,0,16,4,11,58,4,1
4,2,15.0,130,0,4,4,6,7,0,1
4,2,15.0,130,0,23,4,15,119,3,1
4,2,15.0,130,0,1,4,6,7,4,1
4,2,30.0,131,1,6,4,4,121,4,19
4,2,30.0,131,1,1,4,5,6,3,19
4,2,30.0,131,1,14,4,4,75,1,19
4,2,30.0,131,1,5,4,10,23,3,19
4,2,30.0,131,1,7,4,8,41,1,19
4,2,30.0,131,1,11,4,6,89,1,19
4,2,30.0,131,1,1,4,16,50,4,19
4,2,30.0,131,1,18,4,1,81,3,19
4,2,30.0,131,1,4,4,14,25,3,19
4,2,30.0,131,1,1,4,14,24,3,19
4,2,30.0,131,1,6,4,8,65,3,19
4,2,30.0,131,1,2,4,15,31,0,19
4,2,30.0,131,1,6,4,1,59,4,19
4,2,30.0,131,1,19,4,11,133,3,19
4,2,30.0,131,1,18,4,11,98,3,19
4,2,30.0,131,1,12,4,10,43,3,19
4,2,30.0,131,1,11,4,11,133,3,19
4,2,30.0,131,1,13,4,0,85,4,19
4,0,5.0,122,3,20,4,9,87,3,24
4,0,5.0,122,3,9,4,12,83,4,24
4,2,17.0,6,2,12,4,15,46,3,6
4,0,7.0,15,1,9,4,5,6,0,11
4,0,7.0,15,1,12,4,6,7,3,11
4,2,17.0,6,2,22,4,14,25,3,6
4,0,11.0,10,6,14,4,6,89,3,9
4,0,8.0,9,2,12,4,13,123,3,8
4,4,16.0,25,6,21,4,16,72,4,2
4,0,25.0,281,6,12,4,9,134,3,13
4,0,8.0,9,2,3,4,9,9,3,8
4,2,17.0,6,2,18,4,16,65,4,6
4,4,16.0,25,6,0,4,6,89,4,2
4,0,11.0,10,6,11,4,1,105,3,9
4,0,22.0,241,2,6,4,12,61,3,26
4,0,8.0,9,2,19,4,8,33,4,8
4,4,16.0,25,6,6,4,6,132,4,2
4,0,11.0,10,6,0,4,2,3,4,9
4,0,22.0,241,2,6,4,2,69,3,26
4,0,8.0,9,2,7,4,16,65,4,8
4,2,17.0,6,2,21,4,0,26,3,6
4,2,17.0,6,2,18,4,1,35,4,6
4,2,17.0,6,2,19,4,6,128,3,6
4,2,3.0,282,2,3,4,14,25,3,27
4,2,3.0,282,2,9,4,5,12,3,27
4,2,3.0,282,2,18,4,14,25,3,27
4,2,3.0,282,2,8,4,6,73,3,27
4,2,3.0,282,2,19,4,8,27,3,27
4,2,3.0,282,2,4,4,6,7,3,27
4,2,3.0,282,2,1,4,2,3,4,27
4,2,3.0,282,2,21,4,6,7,3,27
4,2,3.0,282,2,1,4,8,19,3,27
4,2,3.0,282,2,23,4,10,22,3,27
4,2,3.0,282,2,14,4,0,77,3,27
4,2,3.0,282,2,22,4,1,81,3,27
4,2,12.0,128,5,12,4,11,94,2,28
4,2,12.0,128,5,5,4,9,27,0,28
4,2,12.0,128,5,1,4,6,7,4,28
4,2,12.0,128,5,18,4,2,2,3,28
4,2,12.0,128,5,1,4,6,7,3,28
4,2,12.0,128,5,10,4,1,16,4,28
4,2,12.0,128,5,14,4,14,25,3,28
4,2,12.0,128,5,22,4,12,84,0,28
4,2,12.0,128,5,4,4,2,71,3,28
4,2,12.0,128,5,14,4,8,19,4,28
5,0,22.0,241,1,9,4,16,50,3,26
5,0,14.0,5,0,14,4,8,27,3,5
5,0,5.0,122,6,19,4,6,132,3,24
5,0,5.0,122,6,1,4,0,26,3,24
5,0,5.0,122,6,19,4,8,65,4,24
5,0,5.0,122,6,23,4,6,14,4,24
5,0,4.0,229,5,18,4,6,7,4,30
5,0,3.0,334,4,21,4,14,25,0,27
5,0,3.0,334,4,18,4,14,107,2,27
4,6,20.0,215,3,8,4,11,98,4,29
4,6,20.0,215,3,3,4,14,131,3,29
4,6,20.0,215,3,16,4,14,106,3,29
4,6,20.0,215,3,15,4,2,86,0,29
4,6,20.0,215,3,2,4,8,9,0,29
4,6,29.0,335,1,3,4,9,93,3,16
4,10,6.0,242,1,22,4,12,80,0,23
4,10,6.0,242,1,19,4,8,9,4,23
4,10,14.0,174,2,9,4,8,41,4,5
4,2,22.0,209,0,20,4,0,26,3,26
4,2,22.0,209,0,8,4,8,41,3,26
4,2,22.0,209,0,17,4,15,114,3,26
4,2,22.0,209,0,0,4,16,65,4,26
4,2,22.0,209,0,9,4,6,73,4,26
4,2,22.0,209,0,12,4,4,121,3,26
4,2,15.0,130,0,9,4,0,26,0,1
4,2,24.0,22,2,9,4,8,118,3,14
4,2,24.0,22,2,2,4,16,130,3,14
4,2,24.0,22,2,14,4,4,75,3,14
4,2,24.0,22,2,9,4,6,7,0,14
4,2,24.0,22,2,8,4,10,23,3,14
4,2,24.0,22,2,3,4,6,89,3,14
4,2,24.0,22,2,18,4,3,30,3,14
4,2,24.0,22,2,15,4,13,21,3,14
4,2,24.0,22,2,22,4,8,9,3,14
4,2,24.0,22,2,19,4,12,100,4,14
4,2,25.0,233,4,15,4,3,44,3,13
4,2,25.0,233,4,9,4,1,11,3,13
4,2,25.0,233,4,14,4,1,11,4,13
4,0,11.0,10,6,20,4,9,95,3,9
4,4,16.0,25,6,17,4,16,42,4,2
4,0,30.0,228,4,15,4,10,47,3,19
4,4,16.0,25,6,14,4,13,38,3,2
4,4,23.0,30,6,1,4,1,105,4,17
4,0,30.0,228,4,14,4,6,116,3,19
4,0,8.0,9,2,14,4,6,132,3,8
4,4,23.0,30,6,20,4,8,65,4,17
4,0,30.0,228,4,1,4,1,35,2,19
4,4,29.0,313,5,4,4,10,12,3,16
4,0,30.0,228,4,6,4,16,72,3,19
4,0,8.0,9,2,0,4,8,27,3,8
4,4,29.0,313,5,10,4,9,63,4,16
4,0,11.0,10,6,1,4,0,77,3,9
4,0,30.0,228,4,12,4,9,57,3,19
4,0,8.0,9,2,7,4,6,7,3,8
4,4,29.0,313,5,2,4,12,56,3,16
4,0,30.0,228,4,21,4,2,69,4,19
4,0,11.0,10,6,11,4,13,38,3,9
4,0,8.0,9,2,16,4,13,69,3,8
4,4,31.0,67,3,10,4,1,59,4,20
4,0,30.0,228,4,7,4,14,107,4,19
4,0,11.0,10,6,22,4,8,9,3,9
4,0,8.0,9,2,15,4,9,95,3,8
4,0,13.0,198,0,17,4,15,119,4,25
4,0,13.0,198,0,2,4,8,9,3,25
4,0,13.0,198,0,23,4,14,24,3,25
4,0,13.0,198,0,14,4,13,69,3,25
4,0,13.0,198,0,19,4,16,72,0,25
4,0,13.0,198,0,22,4,8,27,4,25
4,0,13.0,198,0,20,4,10,22,3,25
4,0,13.0,198,0,2,4,1,16,3,25
4,0,13.0,198,0,2,4,7,62,3,25
4,0,13.0,198,0,2,4,0,77,3,25
4,0,13.0,198,0,5,4,4,127,3,25
4,0,13.0,198,0,6,4,14,25,2,25
4,0,13.0,198,0,9,4,8,27,4,25
4,0,10.0,129,5,9,4,11,55,4,4
4,0,12.0,113,3,18,4,13,48,3,28
4,0,12.0,113,3,21,4,6,91,4,28
4,0,12.0,113,3,19,4,1,105,0,28
4,0,12.0,113,3,17,4,16,130,3,28
4,0,12.0,113,3,9,4,13,61,4,28
4,0,12.0,113,3,23,4,9,102,2,28
4,0,12.0,113,3,1,4,15,119,4,28
4,0,12.0,113,3,9,4,3,103,4,28
4,0,12.0,113,3,14,4,9,57,0,28
4,0,12.0,113,3,16,4,12,100,4,28
4,4,10.0,79,3,9,4,7,8,4,4
4,4,10.0,79,3,5,4,13,29,3,4
4,4,10.0,79,3,4,4,8,19,3,4
4,4,10.0,79,3,17,4,8,9,3,4
4,4,10.0,79,3,22,4,2,86,0,4
4,4,10.0,79,3,9,4,9,10,4,4
4,4,10.0,79,3,4,4,8,19,4,4
4,4,17.0,19,3,12,4,6,7,0,6
4,4,17.0,19,3,1,4,6,7,4,6
4,4,17.0,19,3,1,4,8,33,3,6
4,4,17.0,19,3,20,4,9,93,4,6
4,4,17.0,19,3,4,4,9,83,4,6
4,4,17.0,19,3,5,4,9,95,3,6
4,4,17.0,19,3,1,4,7,20,3,6
4,4,17.0,19,3,19,4,6,7,3,6
4,4,17.0,19,3,22,4,5,6,3,6
4,4,17.0,19,3,18,4,9,93,4,6
4,4,18.0,26,0,9,4,9,10,4,0
4,4,18.0,26,0,18,4,3,115,3,0
4,4,18.0,26,0,7,4,9,93,4,0
4,4,18.0,26,0,4,4,9,101,4,0
4,4,18.0,26,0,9,4,16,65,4,0
4,0,3.0,334,5,6,4,16,72,4,27
4,0,3.0,334,5,3,4,6,7,3,27
4,0,3.0,334,5,8,4,8,27,0,27
4,0,3.0,334,5,18,4,14,106,4,27
4,0,3.0,334,5,9,4,6,7,4,27
4,0,3.0,334,5,20,4,15,112,3,27
4,0,3.0,334,5,4,4,3,115,3,27
4,0,3.0,334,5,11,4,4,82,3,27
4,0,3.0,334,5,12,4,8,9,3,27
4,0,3.0,334,5,5,4,8,27,0,27
4,0,3.0,334,5,12,4,13,48,0,27
4,0,3.0,334,5,9,4,15,31,4,27
4,0,3.0,334,5,9,4,1,35,4,27
4,0,20.0,172,0,9,4,7,31,3,29
4,0,20.0,172,0,22,4,11,94,3,29
4,0,20.0,172,0,13,4,4,66,4,29
4,0,20.0,172,0,11,4,6,7,0,29
4,0,20.0,172,0,1,4,13,123,3,29
4,0,20.0,172,0,6,4,9,49,4,29
4,0,20.0,172,0,19,4,6,7,3,29
4,4,31.0,67,3,15,4,8,9,3,20
4,0,30.0,228,4,3,4,1,11,3,19
4,0,11.0,10,6,13,4,3,30,3,9
4,0,31.0,290,5,17,4,1,81,4,20
4,4,31.0,67,3,21,4,11,10,4,20
4,0,11.0,10,6,2,4,4,136,3,9
4,0,31.0,290,5,5,4,11,55,3,20
4,4,31.0,67,3,23,4,1,35,3,20
4,10,25.0,56,3,10,4,14,107,3,13
4,0,31.0,290,5,6,4,6,7,4,20
4,4,31.0,67,3,19,4,14,97,4,20
4,10,25.0,56,3,1,4,12,83,3,13
4,0,31.0,290,5,23,4,1,16,4,20
4,4,31.0,67,3,12,4,11,129,4,20
4,10,25.0,56,3,20,4,2,2,3,13
4,0,31.0,290,5,19,4,14,131,1,20
4,2,7.0,153,3,9,4,1,11,3,11
4,0,18.0,0,6,0,4,3,76,3,0
4,10,28.0,216,2,22,4,3,103,3,18
4,0,18.0,0,6,11,4,15,114,4,0
4,0,18.0,0,6,4,4,3,79,4,0
4,0,18.0,0,6,7,4,1,11,4,0
4,0,19.0,13,3,23,4,13,38,0,10
4,0,19.0,13,3,7,4,6,7,4,10
4,10,14.0,174,2,17,4,11,55,4,5
4,6,3.0,99,4,5,4,13,21,0,27
4,10,14.0,174,2,21,4,6,7,4,5
4,1,5.0,219,4,14,4,3,115,3,24
4,1,5.0,219,4,12,4,2,69,3,24
4,1,14.0,183,6,12,4,8,9,0,5
4,1,21.0,45,6,7,4,3,115,3,21
4,1,21.0,45,6,12,4,16,39,3,21
4,1,21.0,45,6,12,4,9,63,3,21
4,1,21.0,45,6,9,4,1,16,4,21
4,1,23.0,69,0,16,4,14,25,3,17
4,1,31.0,305,1,16,4,13,48,0,20
4,1,31.0,305,1,9,4,13,38,3,20
4,8,4.0,299,6,18,4,6,132,4,30
4,8,4.0,299,6,14,4,12,104,4,30
4,8,4.0,299,6,13,4,0,15,0,30
4,5,11.0,326,1,1,4,8,41,4,9
4,0,19.0,13,3,20,4,1,105,3,10
4,0,19.0,13,3,9,4,16,50,3,10
4,0,19.0,13,3,1,4,6,7,4,10
4,0,19.0,13,3,17,4,0,85,3,10
4,0,19.0,13,3,11,4,13,28,3,10
4,10,28.0,216,2,16,4,1,16,3,18
4,0,26.0,14,3,4,4,11,98,3,3
4,0,26.0,14,3,9,4,9,49,1,3
4,0,26.0,14,3,3,4,9,134,3,3
4,10,28.0,216,2,17,4,12,83,4,18
4,0,27.0,23,0,1,4,13,69,3,15
4,0,27.0,23,0,4,4,6,91,4,15
4,0,27.0,23,0,5,4,1,105,3,15
4,0,27.0,23,0,13,4,6,73,3,15
4,0,27.0,23,0,17,4,7,8,3,15
4,0,27.0,23,0,23,4,6,7,3,15
4,0,27.0,23,0,0,4,13,48,3,15
4,0,27.0,23,0,3,4,10,22,3,15
4,0,27.0,23,0,14,4,13,36,4,15
4,10,28.0,216,2,9,4,12,83,3,18
4,10,28.0,216,2,4,4,1,67,3,18
4,2,12.0,128,5,18,4,14,126,4,28
4,2,12.0,128,5,4,4,2,71,3,28
4,2,12.0,128,5,9,4,1,11,3,28
4,2,12.0,128,5,20,4,4,4,1,28
4,2,1.0,16,0,11,4,0,26,3,7
4,2,19.0,137,5,23,4,1,35,4,10
4,2,19.0,137,5,5,4,1,1,3,10
4,2,19.0,137,5,19,4,0,53,0,10
4,2,19.0,137,5,14,4,6,89,4,10
4,2,19.0,137,5,12,4,8,9,4,10
4,2,19.0,137,5,4,4,13,38,3,10
4,2,19.0,137,5,1,4,9,83,4,10
4,2,19.0,137,5,14,4,13,28,3,10
5,9,28.0,315,6,4,4,6,91,3,18
4,0,6.0,260,0,1,4,14,126,3,23
5,9,28.0,315,6,20,4,16,50,2,18
4,0,6.0,260,0,20,4,1,105,4,23
5,9,28.0,315,6,1,4,7,54,4,18
4,0,6.0,260,0,9,4,6,116,4,23
5,9,28.0,315,6,22,4,15,51,3,18
4,0,6.0,260,0,3,4,6,7,3,23
5,9,28.0,315,6,8,4,0,31,3,18
4,0,6.0,260,0,19,4,6,7,3,23
5,9,28.0,315,6,22,4,13,38,3,18
4,0,6.0,260,0,16,4,6,7,3,23
5,9,28.0,315,6,22,4,2,92,3,18
4,0,6.0,260,0,20,4,9,134,3,23
5,9,28.0,315,6,4,4,14,106,3,18
4,0,6.0,260,0,15,4,6,7,3,23
5,9,28.0,315,6,4,4,8,19,0,18
4,0,6.0,260,0,19,4,6,128,4,23
4,0,6.0,260,0,13,4,6,7,3,23
4,0,6.0,260,0,17,4,1,1,4,23
4,0,6.0,260,0,16,4,6,7,3,23
4,0,6.0,260,0,4,4,8,19,0,23
4,0,6.0,260,0,23,4,4,75,4,23
4,0,8.0,9,2,6,4,9,101,1,8
4,0,8.0,9,2,8,4,8,41,3,8
4,0,8.0,9,2,9,4,12,104,4,8
4,0,8.0,9,2,13,4,14,25,3,8
4,0,8.0,9,2,13,4,0,26,3,8
4,0,8.0,9,2,22,4,12,61,3,8
4,0,1.0,8,2,23,4,11,98,2,7
4,0,1.0,8,2,9,4,0,64,3,7
4,0,1.0,8,2,14,4,14,24,3,7
4,0,1.0,8,2,17,4,0,68,3,7
4,0,2.0,47,4,12,4,7,20,3,22
4,0,2.0,47,4,3,4,0,26,0,22
4,0,2.0,47,4,12,4,8,19,3,22
4,0,2.0,47,4,17,4,10,22,0,22
4,0,2.0,47,4,19,4,3,103,3,22
4,0,2.0,47,4,1,4,16,37,4,22
4,0,2.0,47,4,15,4,13,48,3,22
4,0,2.0,47,4,4,4,8,41,3,22
4,0,2.0,47,4,18,4,6,132,4,22
4,0,2.0,47,4,19,4,14,106,4,22
4,0,2.0,47,4,2,4,3,30,3,22
4,0,2.0,47,4,1,4,14,88,4,22
4,0,3.0,334,5,5,4,15,51,3,27
4,0,3.0,334,5,19,4,11,55,4,27
4,0,3.0,334,5,17,4,8,9,3,27
4,0,3.0,334,5,10,4,15,119,4,27
4,0,3.0,334,5,17,4,2,71,4,27
4,8,10.0,71,5,8,4,10,47,0,4
4,8,10.0,71,5,1,4,0,77,4,4
4,8,19.0,280,3,11,4,6,73,3,10
4,8,19.0,280,3,17,4,6,14,4,10
4,8,25.0,86,6,18,4,12,84,4,13
4,3,26.0,343,0,14,4,14,24,3,3
4,8,28.0,224,1,2,4,10,12,0,18
4,8,28.0,224,1,4,4,15,51,2,18
4,8,28.0,224,1,1,4,6,7,0,18
4,8,28.0,224,1,21,4,16,37,0,18
4,4,2.0,141,6,6,4,1,59,4,22
4,4,3.0,279,3,14,4,13,48,3,27
4,4,10.0,79,3,9,4,6,7,4,4
4,4,10.0,79,3,1,4,9,63,4,4
5,7,1.0,98,3,17,4,16,139,3,7
5,7,1.0,98,3,22,4,1,35,0,7
5,7,1.0,98,3,19,4,6,7,3,7
5,7,1.0,98,3,20,4,4,4,1,7
5,7,1.0,98,3,17,4,12,80,4,7
5,7,1.0,98,3,22,4,6,7,3,7
5,7,1.0,98,3,13,4,16,72,3,7
5,7,1.0,98,3,9,4,8,19,0,7
5,7,1.0,98,3,19,4,9,93,3,7
5,7,1.0,98,3,9,4,1,11,3,7
5,7,1.0,98,3,18,4,9,101,4,7
5,7,1.0,98,3,5,4,11,15,3,7
5,7,1.0,98,3,5,4,1,35,0,7
4,0,31.0,290,5,8,4,11,133,3,20
5,7,3.0,269,1,4,4,16,139,3,27
5,7,3.0,269,1,3,4,9,9,3,27
5,7,3.0,269,1,4,4,16,139,3,27
5,7,3.0,269,1,23,4,2,40,0,27
5,7,3.0,269,1,9,4,11,15,3,27
5,7,3.0,269,1,12,4,0,68,3,27
5,7,3.0,269,1,13,4,9,95,2,27
5,7,3.0,269,1,10,4,6,89,4,27
5,7,3.0,269,1,1,4,16,50,4,27
5,7,3.0,269,1,5,4,14,25,3,27
5,7,3.0,269,1,10,4,14,110,4,27
5,7,3.0,269,1,1,4,8,27,3,27
5,7,8.0,94,3,12,4,13,29,3,8
5,7,8.0,94,3,1,4,8,9,0,8
5,7,8.0,94,3,13,4,1,59,0,8
5,7,8.0,94,3,9,4,6,7,4,8
5,7,8.0,94,3,16,4,1,105,3,8
5,7,8.0,94,3,13,4,12,80,3,8
5,7,9.0,273,0,12,4,8,118,3,12
5,7,9.0,273,0,19,4,6,89,1,12
5,7,9.0,273,0,8,4,14,25,3,12
5,7,9.0,273,0,4,4,6,128,1,12
5,7,9.0,273,0,14,4,6,7,3,12
5,7,9.0,273,0,4,4,0,12,3,12
5,7,9.0,273,0,18,4,8,19,4,12
5,7,9.0,273,0,10,4,6,7,4,12
5,7,9.0,273,0,1,4,4,75,4,12
5,7,9.0,273,0,11,4,6,7,3,12
5,7,9.0,273,0,19,4,13,28,3,12
5,7,11.0,197,2,2,4,16,50,3,9
5,7,11.0,197,2,9,4,10,47,3,9
5,7,11.0,197,2,13,4,6,7,3,9
4,10,29.0,318,4,4,4,9,63,4,16
4,10,29.0,318,4,9,4,6,7,4,16
4,10,29.0,318,4,18,4,15,46,4,16
4,10,29.0,318,4,1,4,8,9,4,16
4,10,29.0,318,4,5,4,14,25,3,16
4,6,19.0,291,6,10,4,8,19,4,10
4,6,19.0,291,6,21,4,6,14,4,10
4,6,27.0,116,3,14,4,9,95,4,15
4,6,27.0,116,3,3,4,13,48,2,15
4,6,27.0,116,3,4,4,6,7,3,15
4,6,27.0,116,3,23,4,14,25,3,15
4,6,27.0,116,3,18,4,13,69,3,15
4,6,27.0,116,3,2,4,6,14,3,15
4,6,27.0,116,3,23,4,14,25,3,15
4,6,27.0,116,3,17,4,15,119,4,15
4,6,27.0,116,3,13,4,12,80,3,15
4,6,27.0,116,3,1,4,16,50,4,15
4,6,27.0,116,3,22,4,2,35,4,15
4,6,27.0,116,3,19,4,9,93,3,15
4,6,27.0,116,3,18,4,16,130,2,15
4,6,27.0,116,3,1,4,0,53,3,15
4,6,27.0,116,3,9,4,10,22,4,15
4,6,27.0,116,3,23,4,11,129,3,15
4,6,27.0,116,3,17,4,16,130,4,15
4,10,1.0,208,4,9,4,16,139,4,7
4,10,1.0,208,4,16,4,10,22,0,7
4,10,1.0,208,4,12,4,8,9,4,7
4,10,1.0,208,4,19,4,9,49,3,7
4,10,1.0,208,4,7,4,7,54,4,7
4,10,1.0,208,4,12,4,0,26,0,7
4,10,1.0,208,4,2,4,8,41,4,7
4,10,1.0,208,4,18,4,6,7,0,7
4,10,1.0,208,4,12,4,16,50,3,7
4,10,1.0,208,4,17,4,0,26,3,7
4,10,1.0,208,4,21,4,7,54,4,7
4,10,1.0,208,4,18,4,8,27,4,7
4,10,1.0,208,4,9,4,16,65,4,7
4,10,1.0,208,4,18,4,11,133,3,7
4,10,1.0,208,4,8,4,13,28,0,7
4,10,1.0,208,4,23,4,5,12,3,7
4,10,1.0,208,4,8,4,3,44,3,7
4,10,8.0,213,4,5,4,16,113,3,8
4,10,8.0,213,4,16,4,13,48,3,8
4,10,8.0,213,4,8,4,5,64,3,8
4,10,8.0,213,4,3,4,2,2,3,8
4,10,8.0,213,4,3,4,9,101,3,8
4,10,8.0,213,4,8,4,16,39,2,8
4,8,28.0,224,1,17,4,6,89,3,18
4,5,2.0,307,3,18,4,6,73,3,22
4,8,28.0,224,1,13,4,11,122,1,18
4,8,28.0,224,1,1,4,8,9,4,18
4,8,28.0,224,1,13,4,8,118,3,18
4,8,28.0,224,1,8,4,13,28,3,18
4,8,28.0,224,1,18,4,10,30,3,18
4,4,2.0,141,6,14,4,13,48,4,22
4,5,17.0,212,0,12,4,14,107,4,6
4,4,2.0,141,6,12,4,6,14,0,22
4,4,2.0,141,6,12,4,12,56,3,22
4,4,2.0,141,6,1,4,6,7,3,22
4,4,2.0,141,6,5,4,8,9,3,22
4,4,2.0,141,6,14,4,16,42,3,22
4,4,2.0,141,6,2,4,2,2,0,22
4,3,12.0,104,0,6,4,14,25,3,28
4,8,13.0,189,0,2,4,7,20,4,25
4,8,13.0,189,0,17,4,1,16,4,25
4,8,13.0,189,0,6,4,9,10,3,25
4,8,13.0,189,0,9,4,6,7,4,25
4,8,13.0,189,0,22,4,2,86,0,25
4,8,14.0,296,1,21,4,8,27,0,5
4,8,14.0,296,1,17,4,6,14,3,5
4,8,14.0,296,1,17,4,6,73,3,5
4,3,12.0,104,0,13,4,14,25,3,28
4,8,14.0,296,1,3,4,0,12,3,5
4,3,12.0,104,0,18,4,6,7,3,28
4,8,14.0,296,1,4,4,9,57,4,5
4,3,12.0,104,0,6,4,16,72,3,28
4,3,12.0,104,0,17,4,6,132,4,28
4,8,14.0,296,1,2,4,8,33,3,5
4,8,30.0,103,4,4,4,15,51,0,19
4,8,30.0,103,4,6,4,7,31,4,19
4,8,30.0,103,4,11,4,14,25,3,19
4,8,30.0,103,4,17,4,6,7,4,19
4,10,29.0,318,4,9,4,6,128,4,16
4,10,29.0,318,4,0,4,11,15,3,16
4,10,29.0,318,4,1,4,12,134,3,16
4,10,29.0,318,4,18,4,14,131,3,16
4,10,29.0,318,4,18,4,1,81,4,16
4,3,5.0,324,0,1,4,6,7,3,24
4,4,4.0,178,0,8,4,14,24,4,30
4,3,3.0,182,6,5,4,13,48,4,27
4,4,4.0,178,0,2,4,13,28,4,30
4,4,4.0,178,0,5,4,6,91,3,30
4,10,10.0,245,6,9,4,14,125,4,4
4,10,10.0,245,6,9,4,14,25,3,4
4,10,10.0,245,6,18,4,11,98,3,4
4,10,10.0,245,6,18,4,6,7,4,4
4,10,10.0,245,6,16,4,8,19,4,4
4,10,10.0,245,6,9,4,16,65,4,4
4,10,10.0,245,6,1,4,1,81,4,4
4,10,10.0,245,6,4,4,13,38,3,4
4,10,10.0,245,6,6,4,7,57,4,4
4,10,10.0,245,6,3,4,9,102,3,4
4,10,10.0,245,6,17,4,9,134,4,4
4,10,10.0,245,6,17,4,9,63,3,4
4,10,10.0,245,6,1,4,6,89,3,4
4,10,17.0,256,6,0,4,6,7,4,6
4,10,17.0,256,6,14,4,8,27,3,6
4,10,17.0,256,6,14,4,6,14,4,6
4,10,17.0,256,6,17,4,16,50,4,6
4,10,17.0,256,6,20,4,14,24,3,6
4,10,17.0,256,6,1,4,16,74,2,6
4,10,17.0,256,6,1,4,3,103,3,6
4,10,17.0,256,6,7,4,2,69,3,6
4,10,17.0,256,6,20,4,9,102,3,6
4,4,3.0,279,3,4,4,13,48,4,27
4,4,3.0,279,3,10,4,14,25,3,27
4,4,3.0,279,3,19,4,13,28,3,27
4,4,3.0,279,3,14,4,1,105,4,27
4,5,17.0,212,0,7,4,8,9,3,6
4,4,3.0,279,3,12,4,12,61,3,27
4,4,3.0,279,3,23,4,14,25,3,27
4,4,3.0,279,3,18,4,1,105,4,27
4,4,3.0,279,3,18,4,13,99,3,27
4,4,3.0,279,3,9,4,1,105,4,27
4,4,3.0,279,3,20,4,14,25,3,27
4,4,3.0,279,3,19,4,7,111,3,27
4,4,3.0,279,3,2,4,8,9,3,27
4,5,17.0,212,0,11,4,6,89,4,6
4,5,17.0,212,0,2,4,8,19,3,6
4,4,10.0,79,3,18,4,1,11,4,4
4,4,10.0,79,3,19,4,8,41,3,4
4,5,24.0,58,0,22,4,14,25,0,14
4,5,24.0,58,0,8,4,13,123,3,14
4,4,10.0,79,3,19,4,12,61,4,4
4,1,9.0,50,0,18,4,9,27,3,12
4,1,11.0,111,2,14,4,6,91,3,9
4,1,11.0,111,2,18,4,12,104,4,9
4,1,11.0,111,2,4,4,4,45,3,9
4,1,11.0,111,2,17,4,2,40,4,9
4,1,11.0,111,2,4,4,11,133,3,9
4,1,11.0,111,2,13,4,3,44,3,9
4,1,11.0,111,2,9,4,8,19,4,9
4,1,11.0,111,2,19,4,6,132,4,9
4,1,16.0,2,0,1,4,7,62,3,2
4,1,16.0,2,0,21,4,1,16,3,2
4,1,16.0,2,0,8,4,16,139,3,2
4,1,16.0,2,0,6,4,11,133,4,2
4,1,16.0,2,0,9,4,13,38,4,2
4,1,16.0,2,0,9,4,2,71,4,2
4,1,16.0,2,0,10,4,2,123,4,2
4,1,16.0,2,0,9,4,12,100,3,2
4,1,16.0,2,0,22,4,7,111,3,2
4,1,16.0,2,0,13,4,14,25,0,2
4,10,17.0,256,6,12,4,6,7,4,6
4,10,17.0,256,6,1,4,3,76,4,6
4,10,19.0,117,0,14,4,4,75,4,10
4,10,19.0,117,0,20,4,7,8,3,10
4,10,19.0,117,0,10,4,10,12,0,10
4,10,19.0,117,0,17,4,11,8,4,10
4,10,19.0,117,0,2,4,5,6,3,10
4,10,19.0,117,0,1,4,15,39,4,10
4,10,19.0,117,0,20,4,1,105,3,10
4,10,19.0,117,0,14,4,14,131,4,10
4,10,19.0,117,0,6,4,6,89,4,10
4,10,19.0,117,0,17,4,11,129,3,10
4,10,19.0,117,0,17,4,16,65,3,10
4,10,24.0,261,6,11,4,13,38,3,14
4,10,24.0,261,6,19,4,13,99,4,14
4,10,24.0,261,6,3,4,13,38,0,14
4,10,24.0,261,6,16,4,6,7,4,14
4,10,24.0,261,6,1,4,6,7,3,14
4,10,24.0,261,6,1,4,0,31,3,14
4,10,24.0,261,6,3,4,13,38,3,14
4,1,29.0,112,3,2,4,3,79,3,16
4,1,29.0,112,3,4,4,9,27,0,16
4,10,29.0,318,4,14,4,9,63,4,16
4,10,29.0,318,4,18,4,16,130,3,16
4,10,29.0,318,4,14,4,0,64,3,16
4,10,30.0,157,5,14,4,11,18,3,19
4,8,8.0,76,2,1,4,10,47,3,8
4,10,30.0,157,5,22,4,13,38,0,19
4,10,30.0,157,5,14,4,4,66,3,19
4,10,30.0,157,5,12,4,1,35,4,19
4,10,30.0,157,5,13,4,13,48,0,19
4,10,30.0,157,5,5,4,6,7,0,19
4,10,30.0,157,5,5,4,13,48,0,19
4,10,30.0,157,5,5,4,1,35,0,19
4,10,30.0,157,5,13,4,16,130,3,19
4,10,30.0,157,5,6,4,1,11,4,19
4,10,30.0,157,5,6,4,8,19,4,19
4,10,30.0,157,5,5,4,14,25,3,19
4,10,30.0,157,5,18,4,6,14,4,19
4,10,8.0,213,4,4,4,16,113,3,8
4,10,8.0,213,4,5,4,1,67,3,8
4,10,9.0,150,5,19,4,0,0,4,12
4,10,9.0,150,5,17,4,8,9,4,12
4,10,9.0,150,5,1,4,9,87,4,12
4,10,9.0,150,5,9,4,8,9,3,12
4,10,9.0,150,5,13,4,16,39,3,12
4,10,9.0,150,5,4,4,14,25,3,12
4,10,9.0,150,5,9,4,11,10,4,12
4,8,20.0,319,0,9,4,0,15,3,29
4,10,9.0,150,5,4,4,8,9,3,12
4,10,9.0,150,5,19,4,2,86,3,12
4,10,9.0,150,5,9,4,14,25,4,12
4,10,9.0,150,5,1,4,16,130,3,12
4,10,9.0,150,5,6,4,6,7,4,12
4,10,9.0,150,5,7,4,6,89,3,12
4,10,9.0,150,5,2,4,5,64,3,12
4,10,9.0,150,5,0,4,16,50,3,12
4,10,10.0,245,6,22,4,2,123,3,4
4,10,10.0,245,6,19,4,15,112,3,4
4,10,10.0,245,6,6,4,8,41,3,4
4,10,10.0,245,6,23,4,13,38,3,4
4,10,10.0,245,6,0,4,8,65,3,4
4,4,2.0,141,6,1,4,4,75,3,22
4,4,2.0,141,6,14,4,14,24,3,22
4,4,2.0,141,6,2,4,3,115,3,22
4,4,2.0,141,6,1,4,6,73,3,22
4,5,17.0,212,0,10,4,16,50,3,6
4,1,28.0,300,6,16,4,6,7,4,18
4,4,2.0,141,6,12,4,1,16,3,22
4,4,2.0,141,6,9,4,8,9,3,22
4,4,3.0,279,3,19,4,13,38,0,27
4,4,3.0,279,3,5,4,5,6,0,27
4,4,3.0,279,3,9,4,8,19,4,27
4,5,17.0,212,0,20,4,6,7,3,6
4,4,3.0,279,3,19,4,8,19,0,27
4,4,3.0,279,3,18,4,0,64,3,27
4,4,3.0,279,3,23,4,14,25,3,27
4,5,17.0,212,0,1,4,8,19,4,6
4,4,3.0,279,3,15,4,14,25,0,27
4,1,15.0,1,3,19,4,3,44,4,1
4,1,15.0,1,3,14,4,11,133,3,1
4,1,15.0,1,3,14,4,13,48,3,1
4,1,15.0,1,3,13,4,14,107,3,1
4,1,15.0,1,3,18,4,13,28,3,1
4,1,15.0,1,3,6,4,13,28,3,1
4,1,15.0,1,3,19,4,15,119,0,1
4,1,15.0,1,3,1,4,10,6,3,1
4,1,15.0,1,3,21,4,12,61,4,1
4,1,15.0,1,3,9,4,6,7,4,1
4,1,15.0,1,3,12,4,15,119,3,1
4,1,15.0,1,3,18,4,11,18,3,1
4,1,15.0,1,3,22,4,12,17,3,1
4,1,15.0,1,3,14,4,4,82,3,1
4,1,15.0,1,3,17,4,16,37,3,1
4,1,15.0,1,3,14,4,6,132,4,1
4,1,29.0,112,3,22,4,12,61,3,16
4,1,29.0,112,3,1,4,9,27,3,16
4,8,30.0,103,4,4,4,6,128,4,19
4,8,30.0,103,4,9,4,8,65,3,19
4,8,30.0,103,4,14,4,9,101,4,19
4,4,4.0,178,0,21,4,1,1,3,30
4,3,11.0,337,3,14,4,4,45,4,9
4,4,4.0,178,0,5,4,15,46,3,30
4,3,11.0,337,3,14,4,8,19,4,9
4,3,11.0,337,3,1,4,11,58,4,9
4,3,11.0,337,3,18,4,1,81,3,9
4,4,4.0,178,0,10,4,6,7,3,30
4,3,11.0,337,3,9,4,13,99,4,9
4,3,5.0,324,0,1,4,4,127,3,24
4,8,20.0,319,0,17,4,9,134,4,29
4,1,17.0,63,1,1,4,4,45,4,6
4,1,29.0,112,3,8,4,16,50,3,16
4,8,8.0,76,2,18,4,6,7,3,8
4,1,29.0,112,3,15,4,5,0,3,16
4,1,17.0,63,1,12,4,0,53,3,6
4,8,20.0,319,0,7,4,14,25,3,29
4,8,20.0,319,0,1,4,0,31,0,29
4,1,28.0,300,6,3,4,13,38,3,18
4,8,20.0,319,0,5,4,8,19,2,29
4,8,8.0,76,2,4,4,6,91,3,8
4,1,29.0,112,3,21,4,8,118,4,16
4,8,20.0,319,0,19,4,7,129,4,29
4,1,28.0,300,6,20,4,4,75,3,18
4,8,20.0,319,0,17,4,12,56,1,29
4,8,8.0,76,2,5,4,8,9,1,8
4,8,12.0,284,3,11,4,8,19,3,28
4,1,29.0,112,3,22,4,9,102,3,16
4,1,29.0,112,3,5,4,11,98,3,16
4,1,30.0,100,0,5,4,13,69,3,19
4,1,30.0,100,0,9,4,4,121,0,19
4,1,30.0,100,0,1,4,13,28,1,19
4,1,30.0,100,0,19,4,9,27,3,19
4,1,30.0,100,0,11,4,12,17,3,19
4,1,30.0,100,0,4,4,10,12,3,19
4,1,30.0,100,0,2,4,7,20,4,19
4,1,30.0,100,0,6,4,6,7,4,19
4,1,30.0,100,0,1,4,4,82,3,19
4,8,22.0,354,2,0,4,4,75,3,26
4,8,22.0,354,2,1,4,0,77,3,26
4,8,22.0,354,2,17,4,3,30,3,26
4,8,22.0,354,2,12,4,11,58,3,26
4,8,22.0,354,2,10,4,16,130,4,26
4,6,2.0,352,2,1,4,10,30,3,22
4,6,2.0,352,2,18,4,1,105,4,22
4,4,10.0,79,3,13,4,12,56,0,4
4,1,17.0,63,1,22,4,6,73,3,6
4,4,10.0,79,3,13,4,11,94,3,4
4,4,10.0,79,3,19,4,6,7,4,4
4,4,10.0,79,3,22,4,6,126,3,4
4,4,10.0,79,3,4,4,14,25,3,4
4,6,2.0,352,2,18,4,12,17,4,22
4,4,10.0,79,3,0,4,11,124,4,4
4,6,2.0,352,2,12,4,13,48,0,22
4,4,10.0,79,3,18,4,9,109,4,4
4,6,10.0,149,4,11,4,8,19,3,4
4,4,10.0,79,3,13,4,14,107,3,4
4,6,11.0,355,5,2,4,10,30,0,9
4,4,17.0,19,3,6,4,8,19,4,6
4,4,17.0,19,3,6,4,13,48,4,6
4,6,11.0,355,5,0,4,10,23,1,9
4,4,7.0,133,4,18,4,6,14,4,11
4,3,3.0,182,6,20,4,9,95,3,27
4,3,3.0,182,6,23,4,2,86,3,27
4,3,3.0,182,6,1,4,9,54,4,27
4,4,7.0,133,4,4,4,14,32,3,11
4,4,7.0,133,4,14,4,4,79,3,11
4,4,7.0,133,4,5,4,1,105,2,11
4,4,7.0,133,4,10,4,6,7,3,11
4,4,7.0,133,4,3,4,2,123,4,11
4,4,7.0,133,4,12,4,2,92,3,11
4,4,7.0,133,4,19,4,7,31,1,11
4,4,7.0,133,4,4,4,14,106,4,11
4,4,7.0,133,4,19,4,13,38,4,11
4,4,16.0,25,6,18,4,12,80,3,2
4,3,3.0,182,6,23,4,1,67,3,27
4,3,3.0,182,6,15,4,1,16,0,27
4,3,3.0,182,6,13,4,9,83,3,27
4,4,16.0,25,6,17,4,8,19,4,2
4,3,3.0,182,6,9,4,6,7,3,27
4,10,24.0,261,6,16,4,9,109,4,14
4,10,24.0,261,6,1,4,14,131,3,14
4,10,24.0,261,6,22,4,1,59,3,14
4,10,24.0,261,6,4,4,8,41,3,14
4,10,24.0,261,6,12,4,13,99,3,14
4,10,24.0,261,6,5,4,6,7,3,14
4,10,27.0,302,1,22,4,14,25,4,15
4,10,27.0,302,1,18,4,6,89,3,15
4,10,27.0,302,1,12,4,0,53,3,15
4,10,27.0,302,1,17,4,14,126,4,15
4,10,27.0,302,1,0,4,16,72,4,15
4,10,27.0,302,1,0,4,13,13,0,15
4,10,27.0,302,1,0,4,6,7,3,15
4,1,17.0,63,1,2,4,9,27,3,6
4,1,17.0,63,1,9,4,7,8,4,6
4,1,17.0,63,1,9,4,6,7,3,6
4,1,17.0,63,1,17,4,12,61,3,6
4,1,17.0,63,1,22,4,14,25,3,6
4,1,17.0,63,1,1,4,0,68,3,6
4,1,17.0,63,1,13,4,3,76,3,6
4,1,16.0,2,0,8,4,0,12,4,2
4,1,16.0,2,0,18,4,10,23,3,2
4,1,16.0,2,0,12,4,14,25,3,2
4,1,16.0,2,0,1,4,8,33,3,2
4,1,16.0,2,0,17,4,6,89,3,2
4,1,16.0,2,0,12,4,9,93,3,2
4,1,25.0,65,2,1,4,16,139,4,13
4,1,25.0,65,2,12,4,13,48,3,13
4,1,25.0,65,2,15,4,6,7,3,13
4,1,25.0,65,2,4,4,8,9,3,13
4,1,25.0,65,2,17,4,9,93,3,13
4,1,28.0,300,6,4,4,8,9,3,18
4,1,28.0,300,6,2,4,14,25,3,18
4,8,20.0,319,0,12,4,6,7,3,29
4,2,11.0,297,4,23,4,6,89,4,9
4,8,8.0,76,2,21,4,14,25,3,8
4,2,11.0,297,4,19,4,8,33,3,9
4,8,12.0,284,3,4,4,2,86,3,28
4,1,28.0,300,6,2,4,9,57,0,18
4,8,20.0,319,0,11,4,11,15,3,29
4,8,8.0,76,2,13,4,7,20,3,8
4,1,17.0,63,1,10,4,9,54,3,6
4,1,28.0,300,6,8,4,2,92,3,18
4,8,20.0,319,0,12,4,6,7,3,29
4,8,29.0,301,2,4,4,6,7,2,16
4,4,6.0,176,2,13,4,2,86,3,23
4,4,6.0,176,2,12,4,8,9,3,23
4,4,6.0,176,2,0,4,14,34,4,23
4,4,6.0,176,2,17,4,0,64,3,23
4,4,6.0,176,2,20,4,14,24,4,23
4,4,6.0,176,2,4,4,9,95,4,23
4,4,6.0,176,2,1,4,6,7,3,23
4,4,6.0,176,2,19,4,10,22,3,23
4,4,6.0,176,2,14,4,8,118,3,23
4,4,6.0,176,2,9,4,0,26,3,23
4,4,6.0,176,2,11,4,3,44,3,23
4,4,8.0,292,5,9,4,11,133,4,8
4,4,8.0,292,5,14,4,8,9,4,8
4,8,12.0,284,3,6,4,6,14,4,28
4,4,8.0,292,5,19,4,6,7,3,8
4,4,20.0,115,2,19,4,11,55,3,29
4,4,20.0,115,2,23,4,5,12,3,29
4,4,25.0,20,0,11,4,4,75,2,13
4,4,25.0,20,0,9,4,16,50,3,13
4,4,25.0,20,0,17,4,15,119,4,13
4,10,2.0,358,5,2,4,12,121,3,22
4,10,2.0,358,5,20,4,8,33,4,22
4,4,25.0,20,0,11,4,12,80,0,13
4,4,25.0,20,0,11,4,14,25,3,13
4,2,2.0,143,1,15,4,0,26,3,22
4,2,2.0,143,1,19,4,2,71,4,22
4,10,2.0,358,5,15,4,9,93,4,22
4,2,2.0,143,1,14,4,11,10,1,22
4,2,2.0,143,1,4,4,16,130,4,22
4,2,2.0,143,1,10,4,9,9,3,22
4,2,2.0,143,1,18,4,8,9,3,22
4,2,2.0,143,1,6,4,5,6,0,22
4,10,11.0,298,3,13,4,1,67,0,9
4,2,9.0,21,1,2,4,15,31,3,12
4,2,9.0,21,1,18,4,9,87,3,12
4,2,9.0,21,1,18,4,6,7,3,12
4,8,8.0,76,2,12,4,6,89,0,8
4,8,8.0,76,2,18,4,6,14,4,8
4,8,8.0,76,2,1,4,15,96,3,8
4,8,9.0,124,4,23,4,14,25,3,12
4,8,9.0,124,4,9,4,2,2,3,12
4,8,9.0,124,4,19,4,1,1,3,12
4,8,9.0,124,4,17,4,14,88,4,12
4,8,9.0,124,4,9,4,12,80,4,12
4,8,9.0,124,4,0,4,2,3,4,12
4,8,12.0,284,3,7,4,5,6,3,28
4,8,12.0,284,3,9,4,6,7,4,28
4,8,12.0,284,3,14,4,13,38,3,28
4,8,12.0,284,3,22,4,9,57,3,28
4,8,12.0,284,3,19,4,1,16,4,28
4,8,12.0,284,3,1,4,9,83,4,28
4,8,12.0,284,3,19,4,2,2,3,28
4,8,12.0,284,3,9,4,8,9,4,28
4,8,12.0,284,3,9,4,11,117,3,28
4,8,12.0,284,3,15,4,6,14,3,28
4,8,12.0,284,3,9,4,13,38,3,28
4,8,12.0,284,3,11,4,8,19,3,28
4,4,8.0,292,5,1,4,8,27,3,8
4,4,8.0,292,5,1,4,9,27,0,8
4,4,8.0,292,5,6,4,6,132,4,8
4,4,8.0,292,5,11,4,8,41,3,8
4,4,8.0,292,5,1,4,6,89,4,8
4,4,8.0,292,5,21,4,2,69,4,8
4,4,8.0,292,5,8,4,9,101,3,8
4,4,8.0,292,5,21,4,8,9,4,8
4,4,8.0,292,5,6,4,8,65,4,8
4,4,8.0,292,5,3,4,4,127,3,8
4,4,8.0,292,5,4,4,16,72,3,8
4,4,13.0,221,2,19,4,1,105,4,25
4,4,13.0,221,2,19,4,2,71,4,25
4,4,13.0,221,2,12,4,6,7,0,25
4,4,13.0,221,2,17,4,3,115,0,25
4,4,13.0,221,2,6,4,15,31,3,25
4,4,13.0,221,2,22,4,9,27,3,25
4,4,13.0,221,2,17,4,8,9,3,25
4,4,13.0,221,2,21,4,1,16,4,25
4,4,13.0,221,2,12,4,12,17,3,25
4,8,12.0,284,3,20,4,1,67,3,28
4,8,12.0,284,3,18,4,8,9,4,28
4,8,12.0,284,3,18,4,12,80,3,28
4,8,12.0,284,3,9,4,2,69,3,28
4,8,12.0,284,3,23,4,1,67,3,28
4,8,2.0,77,4,18,4,7,122,3,22
4,10,11.0,298,3,19,4,13,38,3,9
4,8,2.0,77,4,17,4,6,7,0,22
4,1,20.0,151,5,0,4,13,99,3,29
4,2,11.0,297,4,2,4,14,24,2,9
4,8,12.0,284,3,16,4,1,35,3,28
4,8,2.0,77,4,13,4,13,48,0,22
4,2,11.0,297,4,23,4,6,7,4,9
4,8,20.0,319,0,21,4,9,27,3,29
4,4,17.0,19,3,18,4,1,16,4,6
4,8,12.0,284,3,11,4,0,68,4,28
4,2,11.0,297,4,23,4,6,7,4,9
4,1,20.0,151,5,17,4,8,33,2,29
4,8,20.0,319,0,8,4,14,32,4,29
4,6,11.0,355,5,22,4,0,77,4,9
4,8,12.0,284,3,17,4,9,93,3,28
4,2,11.0,297,4,4,4,8,41,4,9
4,8,12.0,284,3,17,4,16,139,4,28
4,8,20.0,319,0,1,4,14,106,4,29
4,6,11.0,355,5,6,4,6,132,4,9
4,1,20.0,151,5,19,4,1,35,3,29
4,2,11.0,297,4,2,4,5,64,3,9
4,8,17.0,74,5,14,4,11,55,4,6
4,8,20.0,319,0,17,4,13,21,3,29
4,4,1.0,144,5,20,4,14,25,0,7
4,4,1.0,144,5,1,4,8,33,3,7
4,2,18.0,7,4,13,4,12,80,3,0
4,2,18.0,7,4,9,4,9,102,3,0
4,10,11.0,298,3,7,4,3,44,3,9
4,10,11.0,298,3,4,4,14,34,3,9
4,2,27.0,136,6,6,4,8,41,3,15
4,10,16.0,201,5,1,4,10,52,4,2
4,10,16.0,201,5,1,4,14,106,3,2
4,2,27.0,136,6,2,4,10,52,3,15
4,2,27.0,136,6,9,4,13,48,4,15
4,2,27.0,136,6,8,4,0,64,4,15
4,2,27.0,136,6,1,4,16,65,4,15
4,2,27.0,136,6,9,4,1,11,4,15
4,2,27.0,136,6,5,4,8,27,4,15
4,2,27.0,136,6,7,4,8,9,4,15
4,2,27.0,136,6,13,4,14,32,4,15
4,2,27.0,136,6,9,4,16,50,4,15
4,2,27.0,136,6,19,4,9,101,3,15
4,2,27.0,136,6,16,4,4,75,4,15
4,2,27.0,136,6,20,4,10,52,3,15
4,2,27.0,136,6,17,4,1,81,4,15
4,4,1.0,144,5,17,4,2,86,3,7
4,4,1.0,144,5,5,4,6,7,0,7
4,4,1.0,144,5,18,4,14,106,3,7
4,4,1.0,144,5,14,4,0,12,3,7
4,4,1.0,144,5,8,4,1,11,3,7
4,4,1.0,144,5,13,4,8,9,3,7
4,4,1.0,144,5,19,4,8,33,3,7
4,4,1.0,144,5,8,4,6,7,3,7
4,4,1.0,144,5,18,4,13,69,3,7
4,4,1.0,144,5,4,4,8,9,4,7
4,4,11.0,121,0,23,4,1,35,4,9
4,4,11.0,121,0,16,4,7,20,3,9
4,4,11.0,121,0,18,4,7,20,4,9
4,4,11.0,121,0,18,4,8,27,3,9
4,4,11.0,121,0,3,4,8,19,0,9
4,4,11.0,121,0,9,4,0,53,3,9
4,2,5.0,127,5,4,4,12,104,4,24
4,2,5.0,127,5,23,4,4,121,3,24
4,2,5.0,127,5,18,4,13,38,4,24
4,2,5.0,127,5,10,4,13,38,0,24
4,2,7.0,153,3,9,4,9,87,4,11
4,2,7.0,153,3,17,4,2,13,4,11
4,2,7.0,153,3,22,4,2,86,0,11
4,2,7.0,153,3,12,4,1,11,3,11
4,9,12.0,177,5,12,4,1,59,3,28
4,2,7.0,153,3,4,4,9,54,4,11
4,9,4.0,295,4,9,4,8,9,3,30
4,2,7.0,153,3,15,4,13,48,3,11
4,2,7.0,153,3,22,4,9,63,0,11
4,2,7.0,153,3,17,4,8,33,4,11
4,2,7.0,153,3,2,4,9,57,0,11
4,2,7.0,153,3,7,4,6,14,4,11
4,2,7.0,153,3,10,4,1,35,4,11
4,2,7.0,153,3,13,4,13,29,1,11
4,2,8.0,258,0,1,4,1,11,3,8
4,2,8.0,258,0,12,4,0,77,3,8
4,2,8.0,258,0,4,4,13,69,3,8
4,2,8.0,258,0,19,4,8,118,3,8
4,4,22.0,152,5,20,4,1,59,3,26
4,4,22.0,152,5,4,4,3,30,3,26
4,4,22.0,152,5,0,4,8,33,3,26
4,4,30.0,139,6,0,4,12,135,3,19
4,4,30.0,139,6,11,4,16,37,3,19
4,4,30.0,139,6,12,4,4,45,3,19
4,4,30.0,139,6,18,4,9,10,4,19
4,4,30.0,139,6,23,4,2,3,4,19
4,4,30.0,139,6,4,4,11,55,4,19
4,4,30.0,139,6,0,4,2,86,3,19
4,4,30.0,139,6,21,4,14,97,4,19
4,4,30.0,139,6,1,4,1,35,4,19
4,4,30.0,139,6,22,4,6,91,4,19
4,4,30.0,139,6,10,4,1,105,4,19
4,4,30.0,139,6,19,4,1,16,4,19
4,4,30.0,139,6,18,4,8,65,3,19
4,8,17.0,74,5,19,4,14,25,3,6
4,1,20.0,151,5,8,4,6,7,3,29
4,8,17.0,74,5,6,4,14,24,3,6
4,6,11.0,355,5,21,4,14,88,3,9
4,8,17.0,74,5,9,4,9,101,3,6
4,2,11.0,297,4,10,4,14,32,2,9
4,6,16.0,38,2,4,4,11,10,3,2
4,8,17.0,74,5,10,4,8,19,4,6
4,1,20.0,151,5,1,4,0,64,3,29
4,2,18.0,7,4,9,4,9,63,2,0
4,6,16.0,38,2,0,4,6,7,3,2
4,8,17.0,74,5,4,4,14,24,3,6
4,1,20.0,151,5,5,4,1,35,0,29
4,10,11.0,298,3,6,4,8,65,4,9
4,6,16.0,38,2,9,4,8,27,4,2
4,8,17.0,74,5,16,4,9,101,3,6
4,10,11.0,298,3,9,4,6,132,4,9
4,2,18.0,7,4,5,4,6,116,3,0
4,10,11.0,298,3,4,4,16,42,3,9
4,2,18.0,7,4,12,4,6,89,3,0
4,2,18.0,7,4,1,4,16,42,3,0
4,2,18.0,7,4,11,4,10,47,3,0
4,2,18.0,7,4,3,4,8,41,3,0
4,2,18.0,7,4,9,4,9,57,0,0
4,4,29.0,313,5,19,4,0,53,3,16
4,7,6.0,93,6,6,4,6,91,4,23
4,4,29.0,313,5,18,4,8,41,4,16
4,4,29.0,313,5,16,4,1,11,4,16
4,4,29.0,313,5,9,4,1,35,3,16
4,4,31.0,67,3,19,4,14,25,3,20
4,9,27.0,179,6,9,4,9,109,3,15
4,9,12.0,177,5,19,4,12,80,0,28
4,9,12.0,177,5,19,4,12,80,3,28
4,9,12.0,177,5,10,4,8,9,3,28
4,4,31.0,67,3,14,4,9,93,3,20
4,4,31.0,67,3,19,4,14,24,3,20
4,9,12.0,177,5,13,4,9,95,4,28
4,4,31.0,67,3,19,4,12,61,3,20
4,2,5.0,127,5,9,4,12,135,4,24
4,2,5.0,127,5,9,4,12,135,4,24
4,2,5.0,127,5,0,4,1,67,3,24
4,2,5.0,127,5,23,4,9,95,3,24
4,2,5.0,127,5,18,4,14,25,3,24
4,2,5.0,127,5,14,4,14,97,4,24
4,4,21.0,339,4,8,4,6,7,3,21
4,4,21.0,339,4,20,4,6,132,4,21
4,4,21.0,339,4,6,4,13,29,1,21
4,4,21.0,339,4,14,4,13,75,3,21
4,4,21.0,339,4,2,4,5,64,3,21
4,4,21.0,339,4,3,4,10,43,3,21
4,4,21.0,339,4,16,4,7,129,3,21
4,4,21.0,339,4,6,4,1,81,4,21
4,4,21.0,339,4,18,4,6,73,3,21
4,4,21.0,339,4,14,4,14,34,3,21
4,4,21.0,339,4,0,4,9,10,4,21
4,4,22.0,152,5,19,4,3,30,3,26
4,4,22.0,152,5,9,4,8,9,4,26
4,4,22.0,152,5,21,4,13,48,4,26
4,4,22.0,152,5,18,4,14,107,1,26
4,4,22.0,152,5,5,4,1,105,3,26
4,4,22.0,152,5,14,4,16,74,3,26
4,4,22.0,152,5,15,4,1,11,4,26
4,4,22.0,152,5,9,4,2,13,3,26
4,4,9.0,18,6,18,4,6,73,4,12
4,4,9.0,18,6,12,4,1,35,4,12
4,4,9.0,18,6,14,4,9,87,4,12
4,4,9.0,18,6,6,4,8,9,3,12
4,4,28.0,218,4,5,4,7,111,3,18
4,4,28.0,218,4,1,4,8,118,1,18
4,4,28.0,218,4,10,4,15,108,3,18
4,4,28.0,218,4,2,4,6,7,3,18
4,4,28.0,218,4,18,4,10,47,3,18
4,4,28.0,218,4,16,4,6,7,3,18
4,4,28.0,218,4,17,4,6,7,3,18
4,4,28.0,218,4,12,4,1,35,4,18
4,4,28.0,218,4,10,4,16,50,3,18
4,4,28.0,218,4,14,4,9,57,3,18
4,4,28.0,218,4,17,4,1,11,3,18
4,4,28.0,218,4,21,4,1,35,4,18
4,4,28.0,218,4,20,4,2,86,4,18
4,4,28.0,218,4,12,4,6,7,3,18
4,4,28.0,218,4,2,4,16,72,3,18
4,8,20.0,319,0,4,4,15,112,4,29
4,8,20.0,319,0,13,4,6,7,0,29
4,8,20.0,319,0,13,4,10,43,3,29
4,8,20.0,319,0,18,4,14,34,4,29
4,8,20.0,319,0,2,4,11,133,4,29
4,8,20.0,319,0,14,4,6,7,3,29
4,4,17.0,19,3,9,4,14,125,4,6
4,1,26.0,248,4,5,4,16,39,3,3
4,6,16.0,38,2,9,4,14,32,3,2
4,8,17.0,74,5,3,4,2,69,3,6
4,1,26.0,248,4,14,4,15,31,3,3
4,2,9.0,21,1,19,4,14,25,3,12
4,6,16.0,38,2,19,4,16,113,3,2
4,1,26.0,248,4,9,4,13,99,3,3
4,2,9.0,21,1,10,4,9,27,3,12
4,6,16.0,38,2,9,4,8,19,4,2
4,1,26.0,248,4,16,4,8,33,4,3
4,2,9.0,21,1,19,4,0,26,3,12
4,6,16.0,38,2,4,4,12,17,4,2
4,1,26.0,248,4,23,4,12,17,2,3
4,2,9.0,21,1,11,4,10,43,3,12
4,6,16.0,38,2,2,4,0,53,3,2
4,1,26.0,248,4,9,4,15,46,3,3
4,2,9.0,21,1,19,4,8,9,4,12
4,6,16.0,38,2,9,4,1,11,4,2
4,1,26.0,248,4,9,4,15,46,4,3
4,2,10.0,28,2,1,4,14,106,4,4
4,6,17.0,244,4,14,4,12,61,4,6
4,8,27.0,78,0,11,4,6,7,0,15
4,8,27.0,78,0,3,4,0,12,3,15
4,8,27.0,78,0,11,4,12,121,3,15
4,8,27.0,78,0,13,4,9,102,3,15
4,8,27.0,78,0,4,4,2,69,3,15
4,8,27.0,78,0,11,4,7,120,3,15
4,8,27.0,78,0,19,4,12,100,3,15
4,8,27.0,78,0,23,4,1,81,3,15
4,8,27.0,78,0,22,4,0,15,3,15
4,8,27.0,78,0,10,4,9,63,3,15
4,8,27.0,78,0,19,4,15,114,4,15
4,8,27.0,78,0,1,4,9,101,3,15
4,8,27.0,78,0,9,4,16,50,3,15
4,4,9.0,18,6,17,4,9,134,4,12
4,4,9.0,18,6,5,4,7,20,4,12
4,4,9.0,18,6,18,4,8,19,3,12
4,4,9.0,18,6,0,4,6,7,3,12
4,4,9.0,18,6,19,4,14,32,3,12
4,4,9.0,18,6,22,4,9,27,0,12
4,4,9.0,18,6,2,4,9,93,4,12
4,6,26.0,348,6,8,4,15,114,1,3
4,6,26.0,348,6,17,4,13,48,0,3
4,4,18.0,26,0,19,4,10,43,0,0
4,4,18.0,26,0,2,4,2,123,4,0
4,4,18.0,26,0,17,4,2,2,4,0
4,4,18.0,26,0,2,4,9,10,3,0
4,4,18.0,26,0,18,4,8,33,3,0
4,4,18.0,26,0,9,4,2,71,4,0
4,4,18.0,26,0,1,4,4,45,3,0
4,4,18.0,26,0,18,4,7,78,3,0
4,4,20.0,115,2,2,4,14,106,4,29
4,4,20.0,115,2,9,4,6,7,0,29
4,6,26.0,348,6,15,4,13,48,0,3
4,10,2.0,358,5,4,4,16,50,3,22
4,4,20.0,115,2,12,4,8,19,3,29
4,4,20.0,115,2,19,4,9,49,4,29
4,4,20.0,115,2,12,4,1,105,4,29
4,4,20.0,115,2,4,4,8,9,4,29
4,4,20.0,115,2,9,4,1,81,4,29
4,4,20.0,115,2,12,4,7,54,4,29
4,4,23.0,30,6,1,4,16,130,3,17
4,4,23.0,30,6,14,4,1,105,4,17
4,4,23.0,30,6,5,4,6,89,0,17
4,7,30.0,42,1,18,4,1,11,3,19
4,4,23.0,30,6,11,4,9,57,0,17
4,4,23.0,30,6,22,4,11,133,2,17
4,4,23.0,30,6,12,4,6,128,0,17
4,4,23.0,30,6,13,4,0,68,0,17
4,4,23.0,30,6,16,4,13,99,3,17
4,4,23.0,30,6,6,4,9,101,3,17
4,4,23.0,30,6,14,4,12,104,4,17
4,4,29.0,313,5,2,4,6,128,4,16
4,4,29.0,313,5,12,4,9,57,3,16
4,4,29.0,313,5,4,4,10,47,3,16
4,7,30.0,42,1,9,4,3,44,4,19
4,4,29.0,313,5,15,4,12,56,3,16
4,4,29.0,313,5,13,4,13,29,0,16
4,7,6.0,93,6,1,4,9,93,3,23
4,4,29.0,313,5,14,4,6,132,4,16
4,1,26.0,248,4,0,4,14,32,4,3
4,1,26.0,248,4,0,4,4,66,4,3
4,1,26.0,248,4,6,4,6,7,4,3
4,1,26.0,248,4,16,4,8,33,4,3
4,8,3.0,363,5,18,4,5,6,3,27
4,8,3.0,363,5,1,4,16,50,3,27
4,8,3.0,363,5,22,4,8,33,3,27
4,8,3.0,363,5,15,4,14,24,0,27
4,8,3.0,363,5,17,4,6,7,3,27
4,8,3.0,363,5,17,4,13,99,3,27
4,8,3.0,363,5,13,4,16,50,3,27
4,8,3.0,363,5,19,4,2,86,0,27
4,8,3.0,363,5,16,4,11,133,3,27
4,8,3.0,363,5,9,4,11,133,4,27
4,6,25.0,39,5,6,4,6,7,4,13
4,6,25.0,39,5,17,4,10,47,3,13
4,6,25.0,39,5,8,4,8,9,3,13
4,6,25.0,39,5,3,4,0,26,3,13
4,6,25.0,39,5,23,4,12,84,1,13
4,10,11.0,298,3,1,4,2,2,1,9
4,6,25.0,39,5,19,4,12,84,4,13
4,4,18.0,26,0,16,4,14,32,1,0
4,8,22.0,354,2,9,4,14,25,4,26
4,8,22.0,354,2,9,4,7,57,2,26
4,8,22.0,354,2,18,4,6,14,4,26
4,8,22.0,354,2,12,4,14,106,3,26
4,8,22.0,354,2,17,4,6,7,3,26
4,8,22.0,354,2,6,4,0,12,3,26
4,8,22.0,354,2,22,4,12,100,3,26
4,8,22.0,354,2,13,4,5,64,3,26
4,8,23.0,102,4,11,4,1,67,3,17
4,8,23.0,102,4,8,4,8,41,3,17
4,8,23.0,102,4,15,4,8,41,3,17
4,8,23.0,102,4,8,4,5,6,3,17
4,8,29.0,301,2,0,4,9,134,4,16
4,8,29.0,301,2,6,4,15,31,3,16
4,8,29.0,301,2,1,4,0,31,3,16
4,8,29.0,301,2,6,4,2,71,4,16
4,8,29.0,301,2,14,4,14,106,3,16
4,8,29.0,301,2,3,4,9,95,3,16
4,8,29.0,301,2,18,4,7,8,4,16
4,8,29.0,301,2,19,4,6,14,4,16
4,8,29.0,301,2,12,4,13,28,0,16
4,8,29.0,301,2,22,4,8,9,3,16
4,4,16.0,25,6,1,4,8,41,3,2
4,4,16.0,25,6,21,4,8,27,4,2
4,4,16.0,25,6,22,4,10,52,3,2
4,4,16.0,25,6,18,4,6,128,4,2
4,4,16.0,25,6,23,4,16,65,4,2
4,4,16.0,25,6,1,4,9,134,2,2
4,4,16.0,25,6,3,4,8,118,3,2
4,4,16.0,25,6,12,4,6,7,3,2
4,4,16.0,25,6,6,4,8,33,4,2
4,4,16.0,25,6,18,4,9,93,4,2
4,4,16.0,25,6,14,4,6,128,4,2
4,4,16.0,25,6,14,4,9,63,0,2
4,4,16.0,25,6,8,4,9,93,3,2
4,4,16.0,25,6,1,4,8,19,4,2
4,4,16.0,25,6,14,4,7,8,4,2
4,4,16.0,25,6,22,4,12,135,1,2
4,4,16.0,25,6,4,4,8,118,4,2
4,4,16.0,25,6,14,4,2,92,4,2
4,4,23.0,30,6,1,4,6,7,4,17
4,4,23.0,30,6,3,4,8,27,4,17
4,8,2.0,77,4,12,4,11,117,1,22
4,8,2.0,77,4,22,4,0,77,3,22
4,8,2.0,77,4,8,4,10,47,3,22
4,8,2.0,77,4,9,4,11,133,4,22
4,8,2.0,77,4,1,4,14,25,3,22
4,8,2.0,77,4,17,4,12,61,1,22
4,8,11.0,306,6,9,4,16,50,0,9
4,8,11.0,306,6,21,4,6,7,0,9
4,8,11.0,306,6,17,4,6,7,4,9
4,8,11.0,306,6,2,4,3,44,3,9
4,8,11.0,306,6,8,4,8,9,3,9
4,8,11.0,306,6,23,4,8,27,1,9
4,8,11.0,306,6,18,4,1,105,4,9
4,8,11.0,306,6,21,4,9,57,0,9
4,8,11.0,306,6,12,4,4,66,4,9
4,8,11.0,306,6,8,4,16,130,3,9
4,8,11.0,306,6,17,4,8,65,4,9
4,8,11.0,306,6,5,4,9,57,0,9
4,8,27.0,78,0,8,4,6,7,0,15
4,8,27.0,78,0,6,4,7,20,3,15
4,1,17.0,63,1,11,4,8,19,3,6
4,2,10.0,28,2,8,4,10,43,3,4
4,2,10.0,28,2,9,4,8,19,1,4
4,2,10.0,28,2,9,4,13,99,3,4
4,2,10.0,28,2,17,4,13,48,3,4
4,2,10.0,28,2,12,4,13,28,3,4
4,2,10.0,28,2,19,4,6,89,3,4
4,2,10.0,28,2,9,4,8,41,4,4
4,2,10.0,28,2,13,4,14,25,3,4
4,10,11.0,298,3,0,4,0,53,3,9
4,2,10.0,28,2,6,4,16,74,3,4
4,2,10.0,28,2,1,4,9,57,3,4
4,2,10.0,28,2,19,4,8,9,4,4
4,2,10.0,28,2,9,4,8,9,4,4
4,2,10.0,28,2,6,4,13,48,0,4
4,2,10.0,28,2,19,4,1,67,3,4
4,8,17.0,74,5,18,4,11,10,4,6
4,8,17.0,74,5,19,4,6,7,3,6
4,8,17.0,74,5,14,4,7,111,3,6
4,8,17.0,74,5,9,4,7,54,4,6
4,8,17.0,74,5,21,4,16,72,3,6
4,8,17.0,74,5,20,4,14,34,3,6
4,8,17.0,74,5,4,4,6,7,4,6
4,8,17.0,74,5,16,4,16,139,4,6
4,8,17.0,74,5,15,4,16,50,3,6
4,8,17.0,74,5,6,4,11,8,4,6
4,8,18.0,75,6,14,4,6,7,0,0
4,8,18.0,75,6,14,4,6,7,0,0
4,8,18.0,75,6,2,4,8,19,3,0
4,8,18.0,75,6,1,4,9,93,4,0
4,8,18.0,75,6,14,4,6,7,3,0
4,4,13.0,221,2,1,4,3,30,0,25
4,4,13.0,221,2,12,4,9,49,3,25
4,4,13.0,221,2,15,4,1,1,4,25
4,4,13.0,221,2,14,4,6,73,3,25
4,4,14.0,345,4,1,4,1,59,4,5
4,4,14.0,345,4,20,4,4,127,4,5
4,4,14.0,345,4,12,4,16,39,3,5
4,4,14.0,345,4,1,4,16,130,3,5
4,4,14.0,345,4,18,4,9,87,4,5
4,4,14.0,345,4,9,4,8,118,3,5
4,4,14.0,345,4,0,4,10,47,3,5
4,4,14.0,345,4,1,4,1,59,4,5
4,4,14.0,345,4,7,4,1,35,4,5
4,4,14.0,345,4,17,4,15,31,2,5
4,4,14.0,345,4,17,4,7,54,4,5
4,4,14.0,345,4,1,4,6,7,3,5
4,4,14.0,345,4,0,4,2,92,3,5
4,4,21.0,339,4,13,4,6,7,3,21
4,8,18.0,75,6,18,4,6,7,4,0
4,8,18.0,75,6,13,4,9,10,3,0
4,8,18.0,75,6,6,4,6,14,4,0
4,8,18.0,75,6,13,4,13,48,3,0
4,8,18.0,75,6,17,4,6,91,3,0
4,8,18.0,75,6,1,4,14,106,4,0
4,8,18.0,75,6,23,4,9,95,3,0
4,8,18.0,75,6,1,4,8,118,1,0
4,8,18.0,75,6,1,4,8,118,4,0
4,8,18.0,75,6,22,4,11,90,3,0
4,8,18.0,75,6,4,4,15,51,3,0
4,8,20.0,319,0,14,4,14,125,4,29
4,7,24.0,68,2,1,4,14,24,3,14
4,5,18.0,195,1,14,4,6,89,4,0
4,7,24.0,68,2,4,4,14,126,4,14
4,7,20.0,266,6,17,4,14,25,0,29
4,5,18.0,195,1,6,4,6,7,3,0
4,7,24.0,68,2,18,4,6,91,4,14
4,5,8.0,199,6,9,4,9,10,4,8
4,6,10.0,149,4,1,4,1,35,3,4
4,6,17.0,244,4,18,4,2,13,1,6
4,7,22.0,211,0,18,4,2,2,3,26
4,5,18.0,195,1,21,4,14,25,4,0
4,7,27.0,53,6,4,4,16,50,3,15
4,7,24.0,68,2,17,4,16,108,4,14
4,5,8.0,199,6,4,4,8,41,3,8
4,6,10.0,149,4,1,4,9,49,4,4
4,7,22.0,211,0,14,4,10,22,3,26
4,3,23.0,57,5,19,4,8,41,1,17
4,6,17.0,244,4,18,4,9,9,1,6
4,5,18.0,195,1,19,4,9,101,4,0
4,6,15.0,49,1,1,4,11,15,3,1
4,5,8.0,199,6,12,4,6,91,3,8
4,6,10.0,149,4,12,4,8,9,0,4
4,7,22.0,211,0,7,4,1,81,0,26
4,6,17.0,244,4,1,4,6,14,3,6
4,3,23.0,57,5,19,4,2,69,3,17
4,5,8.0,199,6,11,4,13,48,4,8
4,6,10.0,149,4,1,4,6,7,4,4
4,5,18.0,195,1,17,4,14,125,4,0
4,7,24.0,68,2,3,4,8,9,3,14
4,7,22.0,211,0,18,4,1,11,4,26
4,6,15.0,49,1,3,4,8,33,3,1
4,7,18.0,154,4,1,4,12,61,3,0
4,3,23.0,57,5,9,4,6,7,4,17
4,5,10.0,155,0,5,4,8,9,3,4
4,6,10.0,149,4,7,4,1,35,4,4
4,5,18.0,195,1,5,4,14,110,3,0
4,7,24.0,68,2,1,4,15,46,4,14
4,7,26.0,316,5,13,4,1,1,0,3
4,7,26.0,316,5,21,4,12,17,4,3
4,7,26.0,316,5,10,4,9,57,3,3
4,7,26.0,316,5,13,4,9,57,3,3
4,7,26.0,316,5,1,4,6,132,3,3
4,7,26.0,316,5,9,4,16,139,3,3
4,7,26.0,316,5,21,4,6,7,4,3
4,7,26.0,316,5,18,4,8,19,4,3
4,7,26.0,316,5,14,4,11,18,3,3
4,7,12.0,181,5,20,4,2,35,2,28
4,7,12.0,181,5,17,4,13,38,3,28
4,7,14.0,125,3,10,4,5,12,3,5
4,7,14.0,125,3,16,4,8,19,4,5
4,7,14.0,125,3,1,4,1,81,4,5
4,7,14.0,125,3,16,4,15,112,4,5
4,7,14.0,125,3,18,4,8,9,4,5
4,7,14.0,125,3,9,4,5,6,3,5
4,7,14.0,125,3,9,4,11,98,4,5
4,7,14.0,125,3,19,4,14,25,3,5
4,9,5.0,89,5,14,4,9,109,4,24
4,7,14.0,125,3,13,4,3,79,3,5
4,7,14.0,125,3,19,4,0,85,3,5
4,7,14.0,125,3,17,4,14,25,0,5
4,7,14.0,125,3,9,4,11,124,4,5
4,7,14.0,125,3,17,4,5,12,3,5
4,7,14.0,125,3,12,4,6,89,3,5
4,7,14.0,125,3,12,4,6,7,3,5
4,7,14.0,125,3,23,4,6,7,4,5
4,7,20.0,266,6,10,4,9,95,4,29
4,7,20.0,266,6,17,4,8,65,4,29
4,6,12.0,162,6,23,4,7,57,2,28
4,6,12.0,162,6,0,4,1,1,3,28
4,6,12.0,162,6,1,4,8,19,4,28
4,6,12.0,162,6,19,4,9,93,1,28
4,6,13.0,317,3,0,4,2,71,3,25
4,6,13.0,317,3,4,4,7,20,3,25
4,6,13.0,317,3,21,4,1,67,4,25
4,6,13.0,317,3,4,4,9,27,0,25
4,6,13.0,317,3,7,4,6,14,4,25
4,6,13.0,317,3,8,4,0,64,3,25
4,6,13.0,317,3,1,4,6,14,4,25
4,6,13.0,317,3,10,4,8,9,3,25
4,6,13.0,317,3,10,4,2,92,3,25
4,6,13.0,317,3,2,4,5,6,3,25
4,6,15.0,49,1,16,4,6,132,4,1
4,6,15.0,49,1,15,4,6,7,3,1
4,6,15.0,49,1,16,4,3,30,4,1
4,6,15.0,49,1,17,4,6,14,4,1
4,6,15.0,49,1,4,4,14,25,3,1
4,6,15.0,49,1,14,4,4,4,1,1
4,6,15.0,49,1,16,4,6,7,0,1
4,7,23.0,202,1,14,4,14,24,3,17
4,7,23.0,202,1,12,4,14,24,3,17
4,7,23.0,202,1,16,4,8,65,4,17
4,7,23.0,202,1,12,4,13,28,3,17
4,7,23.0,202,1,12,4,14,24,3,17
4,7,23.0,202,1,14,4,8,118,3,17
4,7,23.0,202,1,20,4,14,32,4,17
4,7,23.0,202,1,4,4,6,73,4,17
4,7,23.0,202,1,1,4,3,103,3,17
4,7,23.0,202,1,12,4,14,24,3,17
4,7,23.0,202,1,9,4,1,105,0,17
4,7,23.0,202,1,12,4,11,55,4,17
4,3,2.0,120,5,21,4,1,11,4,22
4,3,2.0,120,5,20,4,8,27,3,22
4,3,2.0,120,5,18,4,3,30,3,22
4,3,2.0,120,5,18,4,1,35,4,22
4,3,2.0,120,5,9,4,7,78,4,22
4,3,2.0,120,5,20,4,8,9,3,22
4,3,2.0,120,5,18,4,2,92,4,22
4,3,2.0,120,5,19,4,8,19,3,22
4,3,2.0,120,5,12,4,16,50,3,22
4,3,2.0,120,5,18,4,14,25,4,22
4,3,2.0,120,5,22,4,7,57,2,22
4,7,20.0,266,6,13,4,6,14,0,29
4,7,20.0,266,6,23,4,2,3,4,29
4,7,20.0,266,6,9,4,1,105,4,29
4,7,20.0,266,6,1,4,1,35,3,29
4,7,20.0,266,6,14,4,6,7,0,29
4,7,20.0,266,6,6,4,8,27,3,29
4,7,20.0,266,6,14,4,16,42,3,29
4,7,20.0,266,6,14,4,12,61,3,29
4,7,20.0,266,6,15,4,6,7,3,29
4,7,20.0,266,6,12,4,8,41,3,29
4,7,20.0,266,6,19,4,9,57,3,29
4,7,20.0,266,6,14,4,8,9,4,29
4,7,10.0,329,2,1,4,10,23,3,4
4,6,15.0,49,1,14,4,16,130,3,1
4,7,18.0,154,4,14,4,6,7,3,0
4,3,23.0,57,5,20,4,5,12,3,17
4,7,15.0,205,0,17,4,6,89,0,1
5,11,9.0,311,5,3,4,6,7,3,12
4,6,15.0,49,1,3,4,14,25,0,1
4,6,10.0,149,4,21,4,8,65,4,4
4,5,10.0,155,0,5,4,9,109,3,4
4,3,23.0,57,5,13,4,5,12,3,17
4,7,15.0,205,0,18,4,0,12,3,1
4,6,10.0,149,4,1,4,10,22,3,4
4,6,15.0,49,1,9,4,5,12,3,1
5,11,9.0,311,5,12,4,15,51,3,12
4,7,18.0,154,4,19,4,16,72,1,0
4,9,5.0,89,5,17,4,14,24,2,24
4,7,22.0,211,0,21,4,8,33,3,26
4,3,23.0,57,5,18,4,16,65,4,17
4,7,15.0,205,0,4,4,15,119,3,1
4,7,15.0,205,0,6,4,1,105,4,1
4,7,15.0,205,0,17,4,6,7,0,1
4,7,15.0,205,0,22,4,8,33,3,1
4,7,15.0,205,0,1,4,6,7,3,1
4,7,15.0,205,0,14,4,3,30,3,1
4,7,15.0,205,0,14,4,1,81,4,1
4,7,15.0,205,0,14,4,9,109,3,1
4,7,18.0,154,4,2,4,15,31,2,0
4,9,22.0,92,0,5,4,0,68,3,26
4,9,22.0,92,0,21,4,12,56,4,26
4,9,22.0,92,0,13,4,9,27,3,26
4,9,22.0,92,0,1,4,14,24,3,26
4,9,22.0,92,0,13,4,5,12,3,26
4,9,22.0,92,0,17,4,11,122,4,26
4,9,22.0,92,0,17,4,6,7,4,26
4,9,22.0,92,0,16,4,12,56,4,26
4,9,22.0,92,0,20,4,9,49,4,26
4,9,28.0,315,3,23,4,14,24,3,18
4,9,28.0,315,3,19,4,13,38,0,18
4,9,28.0,315,3,23,4,6,89,4,18
4,5,10.0,155,0,19,4,12,100,3,4
4,9,28.0,315,3,4,4,15,51,0,18
4,9,28.0,315,3,9,4,12,135,4,18
4,9,28.0,315,3,17,4,14,88,4,18
4,9,28.0,315,3,20,4,4,82,3,18
4,9,28.0,315,3,7,4,16,37,4,18
4,9,28.0,315,3,9,4,16,65,3,18
4,9,28.0,315,3,9,4,1,81,4,18
4,9,28.0,315,3,18,4,12,121,3,18
4,9,28.0,315,3,17,4,13,38,3,18
4,9,28.0,315,3,14,4,16,74,3,18
4,5,28.0,259,5,18,4,16,65,4,18
4,5,28.0,259,5,18,4,14,106,3,18
4,5,28.0,259,5,21,4,6,7,1,18
4,5,28.0,259,5,2,4,16,130,3,18
4,5,28.0,259,5,14,4,4,66,4,18
4,5,28.0,259,5,14,4,11,8,4,18
4,6,3.0,99,4,17,4,16,72,0,27
4,6,4.0,159,5,2,4,0,26,3,30
4,6,4.0,159,5,23,4,9,10,3,30
4,6,4.0,159,5,11,4,9,134,3,30
4,6,4.0,159,5,13,4,6,7,3,30
4,6,4.0,159,5,3,4,1,67,0,30
4,6,4.0,159,5,18,4,10,52,4,30
4,6,4.0,159,5,19,4,14,25,3,30
4,6,4.0,159,5,21,4,16,130,1,30
4,6,4.0,159,5,17,4,6,73,3,30
4,6,4.0,159,5,16,4,12,104,4,30
4,7,8.0,94,0,5,4,14,34,3,8
4,7,8.0,94,0,15,4,6,7,0,8
4,7,8.0,94,0,20,4,1,105,4,8
4,7,8.0,94,0,14,4,9,27,3,8
4,7,8.0,94,0,10,4,14,25,3,8
4,7,8.0,94,0,19,4,9,109,4,8
4,7,8.0,94,0,18,4,12,56,4,8
4,7,8.0,94,0,20,4,1,11,4,8
4,7,8.0,94,0,21,4,6,7,3,8
4,7,8.0,94,0,20,4,1,11,4,8
4,7,8.0,94,0,18,4,3,115,3,8
4,7,8.0,94,0,14,4,6,116,3,8
4,7,8.0,94,0,17,4,2,69,4,8
4,7,8.0,94,0,15,4,6,7,3,8
4,7,8.0,94,0,12,4,15,51,0,8
4,7,8.0,94,0,6,4,14,25,0,8
4,7,24.0,68,2,0,4,11,10,4,14
4,7,24.0,68,2,13,4,6,73,3,14
4,7,24.0,68,2,14,4,14,110,3,14
4,7,24.0,68,2,4,4,6,128,3,14
4,7,24.0,68,2,9,4,14,125,4,14
4,11,16.0,225,6,1,4,8,19,0,2
4,11,16.0,225,6,19,4,10,47,3,2
4,11,25.0,88,0,23,4,9,95,2,13
4,11,25.0,88,0,1,4,1,35,3,13
4,11,25.0,88,0,18,4,6,14,4,13
4,6,17.0,244,4,8,4,5,6,3,6
4,6,17.0,244,4,17,4,12,104,4,6
4,11,31.0,227,3,4,4,15,46,3,20
4,6,17.0,244,4,19,4,6,89,4,6
4,6,17.0,244,4,1,4,13,38,4,6
4,6,17.0,244,4,14,4,8,27,4,6
4,6,17.0,244,4,23,4,5,6,3,6
4,6,17.0,244,4,1,4,6,132,4,6
4,6,17.0,244,4,6,4,8,41,4,6
4,6,17.0,244,4,15,4,2,69,3,6
4,6,17.0,244,4,17,4,6,7,0,6
4,6,10.0,149,4,2,4,8,41,3,4
4,9,5.0,89,5,1,4,9,87,4,24
4,6,15.0,49,1,9,4,6,91,3,1
4,3,28.0,187,2,2,4,9,109,4,18
4,7,22.0,211,0,14,4,13,38,0,26
4,6,11.0,355,5,17,4,6,7,4,9
4,3,28.0,187,2,11,4,10,52,0,18
4,6,15.0,49,1,18,4,6,7,3,1
5,11,11.0,175,3,16,4,9,95,2,9
4,7,18.0,154,4,20,4,1,1,4,0
4,5,10.0,155,0,6,4,2,2,3,4
4,7,22.0,211,0,8,4,7,120,3,26
4,6,11.0,355,5,16,4,6,14,4,9
4,5,10.0,155,0,12,4,8,118,3,4
5,11,11.0,175,3,1,4,13,48,3,9
4,3,28.0,187,2,2,4,8,19,4,18
4,6,25.0,39,5,14,4,6,73,4,13
4,6,20.0,215,3,5,4,0,77,3,29
4,9,5.0,89,5,12,4,8,27,3,24
4,5,10.0,155,0,14,4,14,25,3,4
4,7,18.0,154,4,6,4,15,31,3,0
4,3,28.0,187,2,9,4,12,104,4,18
4,6,20.0,215,3,4,4,6,89,4,29
4,5,10.0,155,0,6,4,8,9,3,4
4,9,5.0,89,5,6,4,9,9,3,24
4,6,11.0,355,5,13,4,1,1,3,9
5,11,11.0,175,3,13,4,13,29,3,9
4,7,18.0,154,4,1,4,4,103,3,0
4,3,28.0,187,2,15,4,9,102,3,18
4,6,20.0,215,3,6,4,12,80,4,29
4,5,10.0,155,0,10,4,13,29,3,4
4,9,5.0,89,5,10,4,14,24,3,24
4,9,5.0,89,5,13,4,13,38,3,24
4,5,24.0,58,0,11,4,9,134,4,14
4,11,15.0,331,5,16,4,2,71,0,1
4,5,24.0,58,0,4,4,8,41,3,14
4,5,24.0,58,0,6,4,1,11,4,14
4,5,24.0,58,0,18,4,9,49,2,14
4,5,24.0,58,0,17,4,2,13,3,14
4,11,15.0,331,5,23,4,6,7,4,1
4,5,24.0,58,0,5,4,16,130,3,14
4,5,24.0,58,0,9,4,8,19,3,14
4,5,24.0,58,0,9,4,6,89,3,14
4,11,16.0,225,6,8,4,5,6,3,2
4,6,2.0,352,2,0,4,7,20,4,22
4,6,2.0,352,2,9,4,8,9,3,22
4,11,16.0,225,6,4,4,6,73,3,2
4,11,16.0,225,6,13,4,10,43,3,2
4,6,2.0,352,2,6,4,9,27,3,22
4,6,2.0,352,2,14,4,7,62,3,22
4,11,16.0,225,6,8,4,8,33,3,2
4,11,16.0,225,6,22,4,16,72,3,2
4,9,16.0,107,1,9,4,10,47,0,2
4,9,16.0,107,1,19,4,0,53,3,2
4,9,16.0,107,1,4,4,14,24,3,2
4,9,16.0,107,1,21,4,11,15,3,2
4,9,16.0,107,1,8,4,6,7,3,2
4,9,16.0,107,1,17,4,8,41,3,2
4,9,16.0,107,1,6,4,1,67,3,2
4,9,16.0,107,1,3,4,6,7,3,2
4,9,16.0,107,1,14,4,6,7,3,2
4,9,24.0,272,2,5,4,6,7,3,14
4,9,24.0,272,2,1,4,13,38,3,14
4,9,24.0,272,2,4,4,11,98,4,14
4,9,24.0,272,2,9,4,11,124,4,14
4,9,24.0,272,2,9,4,2,40,4,14
4,9,24.0,272,2,14,4,11,124,4,14
4,9,24.0,272,2,7,4,1,105,4,14
4,9,24.0,272,2,22,4,8,27,3,14
4,9,24.0,272,2,4,4,11,124,4,14
4,7,7.0,293,3,2,4,10,47,3,11
4,7,7.0,293,3,13,4,16,50,3,11
4,9,5.0,89,5,18,4,16,37,0,24
4,9,5.0,89,5,1,4,3,103,3,24
4,9,5.0,89,5,23,4,1,11,4,24
4,9,5.0,89,5,12,4,14,32,4,24
4,9,5.0,89,5,9,4,6,132,4,24
4,9,5.0,89,5,18,4,2,92,3,24
4,9,5.0,89,5,1,4,16,50,3,24
4,9,5.0,89,5,10,4,2,2,4,24
4,9,13.0,91,6,1,4,7,20,3,25
4,9,13.0,91,6,4,4,7,20,3,25
4,9,13.0,91,6,13,4,1,16,3,25
4,9,13.0,91,6,15,4,12,61,3,25
4,9,13.0,91,6,4,4,9,83,4,25
4,9,13.0,91,6,1,4,6,128,3,25
4,9,13.0,91,6,23,4,1,11,3,25
4,9,13.0,91,6,20,4,1,11,3,25
4,9,13.0,91,6,20,4,1,67,3,25
4,9,13.0,91,6,14,4,14,32,4,25
4,9,19.0,234,5,17,4,16,42,3,10
4,9,19.0,234,5,4,4,12,104,4,10
4,9,19.0,234,5,9,4,13,48,4,10
4,9,19.0,234,5,11,4,6,7,4,10
4,5,20.0,214,4,20,4,14,32,3,29
4,5,20.0,214,4,12,4,6,7,3,29
4,5,20.0,214,4,6,4,1,105,3,29
4,5,23.0,168,3,14,4,14,25,3,17
4,5,23.0,168,3,7,4,8,27,3,17
4,5,23.0,168,3,12,4,9,95,3,17
4,5,23.0,168,3,18,4,12,17,4,17
4,5,23.0,168,3,5,4,0,64,3,17
4,5,23.0,168,3,17,4,6,7,4,17
4,5,23.0,168,3,17,4,0,53,4,17
4,5,23.0,168,3,1,4,12,17,4,17
4,5,23.0,168,3,18,4,12,135,4,17
4,5,23.0,168,3,9,4,12,17,4,17
4,5,23.0,168,3,17,4,6,7,4,17
4,5,28.0,259,5,10,4,6,89,3,18
4,5,28.0,259,5,1,4,6,89,4,18
4,5,28.0,259,5,9,4,15,31,3,18
4,5,28.0,259,5,18,4,7,137,4,18
4,6,10.0,149,4,1,4,6,132,3,4
4,6,10.0,149,4,11,4,14,126,4,4
4,6,11.0,355,5,1,4,14,32,4,9
4,6,20.0,215,3,5,4,8,19,0,29
4,5,10.0,155,0,2,4,1,16,3,4
5,11,11.0,175,3,12,4,7,78,3,9
4,3,28.0,187,2,13,4,2,86,0,18
4,6,25.0,39,5,18,4,2,3,4,13
4,6,20.0,215,3,1,4,6,14,4,29
4,5,10.0,155,0,15,4,6,7,4,4
4,6,11.0,355,5,20,4,6,7,3,9
4,3,28.0,187,2,13,4,3,70,3,18
4,6,25.0,39,5,1,4,8,33,3,13
5,11,11.0,175,3,9,4,16,37,4,9
4,6,20.0,215,3,14,4,9,83,4,29
4,6,20.0,215,3,9,4,6,14,4,29
4,6,20.0,215,3,4,4,7,78,3,29
4,6,20.0,215,3,14,4,8,118,4,29
4,6,20.0,215,3,3,4,6,89,3,29
4,6,20.0,215,3,9,4,14,34,3,29
4,6,20.0,215,3,18,4,12,135,3,29
4,6,13.0,317,3,16,4,2,71,0,25
4,7,29.0,268,0,18,4,10,30,3,16
4,7,29.0,268,0,13,4,15,39,3,16
4,7,29.0,268,0,12,4,8,33,3,16
4,7,29.0,268,0,1,4,14,106,4,16
4,7,29.0,268,0,13,4,3,76,4,16
4,7,29.0,268,0,7,4,2,13,4,16
4,7,31.0,43,2,15,4,0,26,3,20
4,7,31.0,43,2,12,4,1,35,3,20
4,7,31.0,43,2,4,4,1,35,3,20
4,7,31.0,43,2,2,4,4,75,3,20
4,7,31.0,43,2,9,4,11,98,4,20
4,7,31.0,43,2,1,4,8,9,4,20
4,7,31.0,43,2,4,4,0,26,3,20
4,7,31.0,43,2,3,4,2,2,4,20
4,7,31.0,43,2,20,4,10,22,3,20
4,7,31.0,43,2,12,4,13,28,2,20
4,7,31.0,43,2,7,4,6,7,3,20
4,7,31.0,43,2,12,4,9,93,3,20
4,3,13.0,210,1,12,4,9,27,3,25
4,3,13.0,210,1,1,4,9,93,3,25
4,3,13.0,210,1,15,4,8,41,3,25
4,3,13.0,210,1,16,4,1,1,3,25
4,3,18.0,165,3,1,4,4,66,4,0
4,3,18.0,165,3,17,4,3,79,4,0
4,3,18.0,165,3,6,4,7,129,2,0
4,3,18.0,165,3,2,4,3,76,4,0
4,5,7.0,349,5,21,4,1,35,0,11
4,5,7.0,349,5,13,4,1,35,0,11
4,5,7.0,349,5,7,4,13,48,3,11
4,5,7.0,349,5,5,4,10,22,3,11
4,5,7.0,349,5,4,4,8,19,3,11
4,5,7.0,349,5,18,4,9,10,3,11
4,5,7.0,349,5,3,4,8,19,0,11
4,5,7.0,349,5,8,4,8,9,3,11
4,5,8.0,199,6,22,4,16,37,4,8
4,5,8.0,199,6,23,4,12,17,3,8
4,5,8.0,199,6,14,4,6,89,4,8
4,5,8.0,199,6,2,4,6,73,3,8
4,6,26.0,348,6,12,4,15,119,4,3
4,6,26.0,348,6,14,4,8,19,3,3
4,6,26.0,348,6,19,4,8,33,3,3
4,6,26.0,348,6,12,4,0,31,3,3
4,6,26.0,348,6,14,4,15,119,3,3
4,6,26.0,348,6,22,4,15,119,4,3
4,6,26.0,348,6,12,4,9,10,4,3
4,10,2.0,358,5,2,4,14,125,4,22
4,9,10.0,156,2,8,4,14,25,3,4
4,10,2.0,358,5,1,4,12,83,4,22
4,9,10.0,156,2,0,4,8,19,3,4
4,10,2.0,358,5,18,4,8,118,4,22
4,10,2.0,358,5,9,4,6,7,3,22
4,9,10.0,156,2,17,4,10,47,3,4
4,10,2.0,358,5,10,4,9,27,0,22
4,10,11.0,298,3,17,4,14,34,3,9
4,9,10.0,156,2,19,4,2,2,0,4
4,9,10.0,156,2,12,4,12,56,3,4
4,5,8.0,199,6,18,4,6,7,4,8
4,5,8.0,199,6,5,4,13,28,3,8
4,5,8.0,199,6,3,4,2,92,3,8
4,5,8.0,199,6,19,4,3,103,3,8
4,5,8.0,199,6,23,4,12,17,3,8
4,5,8.0,199,6,1,4,2,13,3,8
4,5,8.0,199,6,10,4,2,86,3,8
4,11,16.0,225,6,12,4,6,7,3,2
4,3,28.0,187,2,14,4,13,13,3,18
5,11,11.0,175,3,9,4,9,83,4,9
5,0,2.0,47,2,10,4,8,19,3,22
4,3,28.0,187,2,14,4,6,7,4,18
5,11,11.0,175,3,18,4,6,73,4,9
5,11,11.0,175,3,11,4,11,124,3,9
4,6,11.0,355,5,12,4,16,139,3,9
4,6,26.0,348,6,21,4,13,69,4,3
4,3,28.0,187,2,2,4,9,102,4,18
5,11,11.0,175,3,17,4,13,48,0,9
4,3,13.0,210,1,6,4,11,55,3,25
4,11,16.0,225,6,14,4,6,7,3,2
4,6,26.0,348,6,9,4,14,25,0,3
4,3,28.0,187,2,19,4,14,25,3,18
5,11,18.0,332,3,18,4,16,37,4,0
4,3,13.0,210,1,1,4,11,90,4,25
4,6,11.0,355,5,8,4,16,37,0,9
4,6,26.0,348,6,19,4,15,119,4,3
4,7,18.0,154,4,15,4,13,28,3,0
4,3,28.0,187,2,9,4,6,7,4,18
5,11,18.0,332,3,19,4,12,80,3,0
4,3,13.0,210,1,9,4,6,7,3,25
4,11,16.0,225,6,23,4,6,7,4,2
4,9,8.0,90,0,20,4,1,11,4,8
4,6,26.0,348,6,18,4,15,119,4,3
4,9,8.0,90,0,7,4,6,7,3,8
4,6,26.0,348,6,1,4,8,19,4,3
4,6,26.0,348,6,9,4,12,84,3,3
4,6,26.0,348,6,17,4,8,9,4,3
4,6,26.0,348,6,20,4,15,46,3,3
4,6,26.0,348,6,4,4,0,0,3,3
4,6,26.0,348,6,17,4,14,25,4,3
4,6,26.0,348,6,23,4,9,87,3,3
4,9,8.0,90,0,14,4,6,132,3,8
4,7,28.0,34,3,21,4,0,64,3,18
4,7,28.0,34,3,14,4,10,47,3,18
4,7,28.0,34,3,17,4,8,19,3,18
4,7,28.0,34,3,5,4,8,27,3,18
4,7,28.0,34,3,23,4,14,32,3,18
4,7,28.0,34,3,14,4,14,32,4,18
4,7,28.0,34,3,3,4,8,27,3,18
4,7,28.0,34,3,12,4,1,59,4,18
4,7,28.0,34,3,14,4,14,131,4,18
4,7,28.0,34,3,14,4,2,69,3,18
4,7,28.0,34,3,14,4,1,81,3,18
4,7,28.0,34,3,18,4,9,49,4,18
4,7,29.0,268,0,12,4,12,80,3,16
4,7,29.0,268,0,4,4,5,6,3,16
4,7,29.0,268,0,9,4,6,14,4,16
4,7,29.0,268,0,16,4,1,35,4,16
4,7,29.0,268,0,18,4,14,25,0,16
4,7,29.0,268,0,9,4,12,17,3,16
4,7,29.0,268,0,17,4,6,116,4,16
4,7,29.0,268,0,9,4,12,61,3,16
4,7,29.0,268,0,9,4,12,61,3,16
4,3,2.0,120,5,9,4,14,25,4,22
4,3,2.0,120,5,2,4,2,86,4,22
4,3,2.0,120,5,9,4,14,88,4,22
4,3,2.0,120,5,7,4,16,39,0,22
4,3,8.0,148,4,0,4,5,12,0,8
4,3,8.0,148,4,20,4,6,7,3,8
4,3,8.0,148,4,2,4,7,137,4,8
4,3,8.0,148,4,6,4,9,134,4,8
4,3,8.0,148,4,19,4,1,67,3,8
4,3,8.0,148,4,18,4,7,20,3,8
4,3,8.0,148,4,2,4,8,9,3,8
4,3,18.0,165,3,7,4,8,27,0,0
4,3,18.0,165,3,6,4,6,89,4,0
4,3,18.0,165,3,9,4,14,126,4,0
4,3,18.0,165,3,18,4,8,118,3,0
4,3,18.0,165,3,13,4,10,47,3,0
4,3,18.0,165,3,6,4,9,27,3,0
4,3,18.0,165,3,2,4,16,130,3,0
4,7,26.0,316,5,20,4,9,95,3,3
4,7,26.0,316,5,13,4,6,7,3,3
4,7,26.0,316,5,7,4,9,101,3,3
4,7,26.0,316,5,11,4,9,95,3,3
4,7,26.0,316,5,7,4,12,17,4,3
4,7,27.0,53,6,4,4,8,9,4,15
4,7,27.0,53,6,8,4,14,32,4,15
4,7,27.0,53,6,17,4,6,7,4,15
4,7,27.0,53,6,17,4,8,41,4,15
4,7,27.0,53,6,14,4,8,19,4,15
4,7,27.0,53,6,11,4,14,25,0,15
4,7,27.0,53,6,0,4,7,129,4,15
4,7,27.0,53,6,9,4,6,89,4,15
4,7,27.0,53,6,5,4,1,105,3,15
4,7,27.0,53,6,4,4,6,132,3,15
4,7,27.0,53,6,23,4,8,9,3,15
4,7,27.0,53,6,14,4,15,114,3,15
4,7,27.0,53,6,18,4,6,7,3,15
4,7,27.0,53,6,3,4,16,113,3,15
4,3,28.0,187,2,9,4,15,112,3,18
4,3,14.0,33,2,9,4,5,64,3,5
4,7,7.0,293,3,1,4,13,29,3,11
5,11,18.0,332,3,6,4,14,25,3,0
4,7,18.0,154,4,4,4,10,23,3,0
4,9,26.0,267,5,12,4,0,15,3,3
4,10,25.0,56,3,2,4,11,55,4,13
4,10,25.0,56,3,9,4,15,114,4,13
4,10,25.0,56,3,16,4,9,57,4,13
4,10,25.0,56,3,10,4,7,20,3,13
4,10,25.0,56,3,3,4,16,37,2,13
4,10,25.0,56,3,18,4,16,139,4,13
4,10,25.0,56,3,10,4,15,31,3,13
4,10,25.0,56,3,11,4,2,2,3,13
4,10,25.0,56,3,14,4,9,109,4,13
4,10,28.0,216,2,7,4,2,60,1,18
4,10,28.0,216,2,11,4,11,55,3,18
4,10,28.0,216,2,12,4,16,130,3,18
4,10,28.0,216,2,19,4,13,99,2,18
4,10,28.0,216,2,4,4,6,116,3,18
4,10,28.0,216,2,18,4,4,138,3,18
4,10,28.0,216,2,11,4,6,7,0,18
4,9,26.0,267,5,19,4,14,25,0,3
4,9,26.0,267,5,18,4,9,87,3,3
4,9,26.0,267,5,11,4,6,7,3,3
4,9,26.0,267,5,17,4,9,95,3,3
4,5,3.0,161,0,15,4,0,12,2,27
4,5,3.0,161,0,4,4,11,124,4,27
4,5,3.0,161,0,6,4,9,63,0,27
4,5,3.0,161,0,10,4,1,1,3,27
4,5,3.0,161,0,13,4,6,89,3,27
4,5,3.0,161,0,18,4,16,65,3,27
4,5,3.0,161,0,4,4,1,67,0,27
4,5,3.0,161,0,1,4,6,7,4,27
4,5,3.0,161,0,12,4,1,1,0,27
4,5,3.0,161,0,11,4,13,48,0,27
4,5,3.0,161,0,17,4,15,114,0,27
4,5,3.0,161,0,16,4,5,6,3,27
4,5,3.0,161,0,14,4,14,24,3,27
4,5,3.0,161,0,12,4,8,27,3,27
4,5,3.0,161,0,14,4,8,33,3,27
4,5,3.0,161,0,2,4,7,137,1,27
4,5,3.0,161,0,16,4,13,21,3,27
4,5,4.0,114,1,9,4,7,120,3,30
4,5,4.0,114,1,5,4,8,27,3,30
4,5,4.0,114,1,13,4,6,89,3,30
4,3,7.0,289,2,19,4,6,132,3,11
4,3,7.0,289,2,14,4,8,9,3,11
4,3,7.0,289,2,6,4,6,132,3,11
4,3,7.0,289,2,9,4,1,81,4,11
4,3,7.0,289,2,6,4,16,74,1,11
4,3,7.0,289,2,0,4,14,106,0,11
4,3,9.0,44,5,13,4,16,108,3,12
4,3,9.0,44,5,18,4,13,48,4,12
4,3,9.0,44,5,0,4,13,48,3,12
4,3,9.0,44,5,1,4,7,129,4,12
4,3,9.0,44,5,1,4,8,19,4,12
4,3,9.0,44,5,11,4,16,72,3,12
4,3,9.0,44,5,14,4,16,50,4,12
4,3,9.0,44,5,1,4,9,93,4,12
4,3,9.0,44,5,2,4,1,11,2,12
4,3,9.0,44,5,13,4,3,30,0,12
4,3,9.0,44,5,3,4,16,50,3,12
4,3,9.0,44,5,17,4,11,15,3,12
4,3,9.0,44,5,16,4,6,7,3,12
4,3,9.0,44,5,8,4,5,6,3,12
4,3,9.0,44,5,4,4,1,35,3,12
4,3,9.0,44,5,1,4,9,134,4,12
4,9,26.0,267,5,9,4,11,124,3,3
4,10,28.0,216,2,19,4,7,120,2,18
4,10,28.0,216,2,6,4,0,85,3,18
4,10,28.0,216,2,11,4,8,118,0,18
4,9,26.0,267,5,9,4,8,33,4,3
4,10,28.0,216,2,18,4,16,108,4,18
4,10,28.0,216,2,1,4,15,114,4,18
4,3,14.0,33,2,11,4,3,115,3,5
4,3,14.0,33,2,1,4,6,7,4,5
4,7,7.0,293,3,17,4,9,63,4,11
4,3,14.0,33,2,19,4,9,57,3,5
4,7,18.0,154,4,11,4,5,12,0,0
4,7,7.0,293,3,22,4,12,100,4,11
4,3,14.0,33,2,16,4,7,20,3,5
5,11,18.0,332,3,7,4,6,7,4,0
4,7,7.0,293,3,20,4,6,91,4,11
4,7,18.0,154,4,23,4,14,125,3,0
4,3,14.0,33,2,9,4,13,38,3,5
4,7,7.0,293,3,15,4,14,25,3,11
4,3,14.0,33,2,3,4,2,86,3,5
5,11,18.0,332,3,4,4,9,134,4,0
4,7,18.0,154,4,18,4,8,9,1,0
4,7,7.0,293,3,14,4,1,16,4,11
4,3,14.0,33,2,2,4,16,50,3,5
5,11,18.0,332,3,6,4,6,132,4,0
4,7,18.0,154,4,20,4,15,46,3,0
4,7,7.0,293,3,20,4,14,24,0,11
4,3,14.0,33,2,1,4,12,104,0,5
4,7,7.0,293,3,16,4,4,75,4,11
4,3,14.0,33,2,17,4,12,104,4,5
5,11,18.0,332,3,3,4,6,7,3,0
4,7,7.0,293,3,7,4,8,9,4,11
4,7,9.0,273,1,14,4,14,25,4,12
4,7,9.0,273,1,14,4,9,49,1,12
4,7,9.0,273,1,18,4,12,84,1,12
4,7,9.0,273,1,19,4,15,96,3,12
4,7,9.0,273,1,0,4,10,12,1,12
4,7,10.0,329,2,9,4,8,19,4,4
4,7,10.0,329,2,8,4,6,89,4,4
4,7,10.0,329,2,2,4,6,128,4,4
4,7,10.0,329,2,10,4,6,7,3,4
4,7,10.0,329,2,13,4,14,97,3,4
4,7,10.0,329,2,22,4,6,7,3,4
4,7,10.0,329,2,17,4,6,128,3,4
4,9,19.0,234,5,17,4,9,93,4,10
4,9,19.0,234,5,8,4,13,28,3,10
4,9,19.0,234,5,13,4,14,34,3,10
4,9,19.0,234,5,12,4,16,50,3,10
4,9,19.0,234,5,13,4,5,6,0,10
4,9,20.0,119,6,11,4,1,16,4,29
4,9,20.0,119,6,22,4,8,118,3,29
4,9,20.0,119,6,11,4,8,33,3,29
4,9,20.0,119,6,22,4,6,7,3,29
4,9,20.0,119,6,9,4,15,114,4,29
4,9,20.0,119,6,4,4,10,43,3,29
4,9,20.0,119,6,1,4,11,98,4,29
4,9,20.0,119,6,7,4,1,11,4,29
4,9,20.0,119,6,18,4,11,98,4,29
4,9,20.0,119,6,2,4,7,120,3,29
4,9,20.0,119,6,18,4,11,124,3,29
4,9,20.0,119,6,21,4,9,102,3,29
4,9,22.0,92,0,9,4,6,7,4,26
4,9,22.0,92,0,10,4,6,7,4,26
4,9,22.0,92,0,3,4,11,18,3,26
4,9,22.0,92,0,9,4,8,27,4,26
4,9,25.0,344,4,9,4,2,2,0,13
4,9,25.0,344,4,22,4,8,27,3,13
4,9,25.0,344,4,4,4,2,2,3,13
4,7,1.0,98,0,20,4,6,7,3,7
4,7,1.0,98,0,17,4,8,41,4,7
4,7,1.0,98,0,11,4,16,42,3,7
4,7,1.0,98,0,19,4,6,7,0,7
4,7,1.0,98,0,20,4,13,29,4,7
4,7,1.0,98,0,22,4,10,12,3,7
4,7,1.0,98,0,6,4,9,87,4,7
4,7,1.0,98,0,19,4,13,99,3,7
4,7,1.0,98,0,11,4,2,86,3,7
4,7,1.0,98,0,23,4,12,100,4,7
4,7,1.0,98,0,18,4,6,7,3,7
4,7,1.0,98,0,19,4,6,7,2,7
4,7,1.0,98,0,17,4,8,41,3,7
4,7,1.0,98,0,13,4,9,101,1,7
4,7,8.0,94,0,9,4,8,9,3,8
4,7,8.0,94,0,23,4,14,25,3,8
4,7,8.0,94,0,5,4,1,11,4,8
4,7,8.0,94,0,14,4,11,18,4,8
4,7,10.0,329,2,18,4,6,7,4,4
4,7,10.0,329,2,22,4,9,54,3,4
4,7,10.0,329,2,5,4,13,38,3,4
4,7,10.0,329,2,17,4,8,9,3,4
4,7,10.0,329,2,18,4,7,54,4,4
4,7,10.0,329,2,18,4,14,88,4,4
4,7,10.0,329,2,19,4,14,106,3,4
4,7,18.0,154,4,1,4,14,126,4,0
5,11,18.0,332,3,1,4,13,38,4,0
4,3,14.0,33,2,4,4,6,91,2,5
4,3,14.0,33,2,11,4,13,28,0,5
4,3,20.0,105,1,0,4,6,7,3,29
4,3,20.0,105,1,14,4,1,16,3,29
4,3,20.0,105,1,9,4,6,7,2,29
4,3,20.0,105,1,19,4,9,27,3,29
4,3,23.0,57,5,7,4,16,139,4,17
4,3,23.0,57,5,16,4,16,42,2,17
4,6,20.0,215,3,22,4,1,105,3,29
4,7,18.0,154,4,17,4,9,101,4,0
4,6,20.0,215,3,9,4,8,19,4,29
4,6,20.0,215,3,4,4,9,93,3,29
4,7,18.0,154,4,5,4,7,54,3,0
4,6,20.0,215,3,9,4,8,19,4,29
4,7,18.0,154,4,23,4,12,80,4,0
4,6,20.0,215,3,20,4,8,9,3,29
4,7,23.0,202,1,9,4,11,10,4,17
4,6,20.0,215,3,2,4,9,10,4,29
5,11,25.0,88,3,22,4,16,50,3,13
4,7,23.0,202,1,20,4,1,105,3,17
4,6,20.0,215,3,11,4,13,38,0,29
4,6,20.0,215,3,17,4,12,84,3,29
4,6,20.0,215,3,0,4,1,105,4,29
4,6,29.0,335,1,0,4,8,9,3,16
4,6,29.0,335,1,0,4,1,35,3,16
4,6,29.0,335,1,6,4,8,41,4,16
4,6,29.0,335,1,8,4,6,7,3,16
4,6,29.0,335,1,1,4,13,69,2,16
4,10,6.0,242,1,13,4,14,125,4,23
4,10,6.0,242,1,17,4,8,33,2,23
4,10,6.0,242,1,2,4,15,114,4,23
4,10,6.0,242,1,15,4,1,105,0,23
4,6,7.0,169,0,6,4,6,132,4,11
4,10,6.0,242,1,2,4,16,72,0,23
4,9,10.0,156,2,19,4,8,19,3,4
4,10,11.0,298,3,6,4,6,89,1,9
4,9,10.0,156,2,8,4,6,7,3,4
4,10,11.0,298,3,0,4,14,88,0,9
4,9,10.0,156,2,22,4,10,22,3,4
4,10,11.0,298,3,17,4,15,39,1,9
4,9,17.0,255,2,11,4,14,32,3,6
4,9,17.0,255,2,12,4,6,7,3,6
4,10,16.0,201,5,2,4,16,65,0,2
4,10,16.0,201,5,5,4,11,15,3,2
4,10,16.0,201,5,12,4,14,88,4,2
4,10,16.0,201,5,1,4,7,57,3,2
4,9,17.0,255,2,7,4,6,7,3,6
4,10,16.0,201,5,0,4,5,6,3,2
4,10,16.0,201,5,18,4,14,106,4,2
4,9,26.0,267,5,9,4,16,50,3,3
4,9,26.0,267,5,19,4,6,128,0,3
4,9,26.0,267,5,20,4,1,11,3,3
4,5,10.0,155,0,6,4,9,49,4,4
4,5,10.0,155,0,5,4,2,86,3,4
4,5,10.0,155,0,4,4,0,68,4,4
4,5,10.0,155,0,13,4,8,118,3,4
4,5,10.0,155,0,23,4,6,7,4,4
4,5,10.0,155,0,11,4,13,48,3,4
4,5,10.0,155,0,19,4,6,89,4,4
4,5,10.0,155,0,10,4,9,27,0,4
4,5,16.0,239,3,1,4,8,19,3,2
4,5,16.0,239,3,1,4,14,32,4,2
4,5,16.0,239,3,3,4,14,125,4,2
4,5,16.0,239,3,18,4,14,107,3,2
4,5,16.0,239,3,9,4,14,88,4,2
4,5,16.0,239,3,1,4,14,125,3,2
4,7,23.0,202,1,9,4,11,55,3,17
4,7,23.0,202,1,1,4,11,55,4,17
4,6,4.0,159,5,21,4,14,25,4,30
4,6,4.0,159,5,12,4,8,27,0,30
4,6,4.0,159,5,11,4,9,134,3,30
4,6,7.0,169,0,19,4,8,33,4,11
4,6,7.0,169,0,1,4,6,7,4,11
5,11,25.0,88,3,9,4,14,24,4,13
4,6,7.0,169,0,1,4,8,27,3,11
4,6,7.0,169,0,8,4,6,7,3,11
4,6,7.0,169,0,18,4,8,27,3,11
4,6,7.0,169,0,4,4,14,25,0,11
4,6,7.0,169,0,1,4,6,7,4,11
4,6,7.0,169,0,1,4,0,31,3,11
4,6,7.0,169,0,3,4,8,27,3,11
4,6,7.0,169,0,6,4,6,7,0,11
4,6,7.0,169,0,23,4,1,67,3,11
4,6,7.0,169,0,2,4,8,19,3,11
4,6,12.0,162,6,18,4,16,108,3,28
4,6,12.0,162,6,14,4,3,115,3,28
4,6,12.0,162,6,11,4,5,6,3,28
4,6,12.0,162,6,19,4,9,93,1,28
4,9,28.0,315,3,19,4,10,22,3,18
4,9,28.0,315,3,19,4,12,56,0,18
4,9,28.0,315,3,23,4,2,40,4,18
4,9,28.0,315,3,13,4,2,2,3,18
4,7,5.0,204,5,11,4,1,1,3,24
4,7,5.0,204,5,14,4,8,118,3,24
4,7,5.0,204,5,16,4,14,25,3,24
4,7,5.0,204,5,8,4,7,78,3,24
4,7,5.0,204,5,1,4,8,9,3,24
4,7,5.0,204,5,22,4,10,22,3,24
4,7,5.0,204,5,8,4,9,27,0,24
4,7,12.0,181,5,18,4,13,48,4,28
4,7,12.0,181,5,18,4,8,33,4,28
4,7,12.0,181,5,23,4,1,105,3,28
4,7,12.0,181,5,9,4,13,28,3,28
4,7,12.0,181,5,20,4,14,25,3,28
4,7,12.0,181,5,14,4,14,25,3,28
4,7,12.0,181,5,20,4,2,35,2,28
4,7,12.0,181,5,20,4,9,134,3,28
4,7,12.0,181,5,14,4,1,81,4,28
4,6,17.0,244,4,14,4,15,46,0,6
4,6,17.0,244,4,21,4,12,104,4,6
4,6,25.0,39,5,14,4,14,88,4,13
4,6,25.0,39,5,2,4,8,19,3,13
4,11,31.0,227,3,18,4,1,1,3,20
4,11,31.0,227,3,18,4,6,132,4,20
4,11,31.0,227,3,18,4,0,64,3,20
4,6,25.0,39,5,19,4,8,27,3,13
4,6,25.0,39,5,19,4,0,26,3,13
4,6,25.0,39,5,8,4,9,95,0,13
4,6,25.0,39,5,22,4,8,19,0,13
4,6,25.0,39,5,9,4,6,7,4,13
4,6,25.0,39,5,18,4,9,134,4,13
4,6,25.0,39,5,19,4,8,9,3,13
4,6,25.0,39,5,9,4,14,125,4,13
4,9,8.0,90,0,2,4,8,27,3,8
4,6,25.0,39,5,18,4,8,33,4,13
4,9,8.0,90,0,7,4,6,7,3,8
4,9,8.0,90,0,23,4,6,91,3,8
4,7,24.0,68,2,21,4,16,74,0,14
4,7,24.0,68,2,16,4,11,10,4,14
4,7,24.0,68,2,1,4,2,2,3,14
4,7,24.0,68,2,14,4,6,14,4,14
4,7,24.0,68,2,10,4,8,9,4,14
4,7,24.0,68,2,19,4,9,87,0,14
5,11,25.0,88,3,14,4,15,114,3,13
5,11,25.0,88,3,15,4,9,87,3,13
5,11,25.0,88,3,9,4,7,8,4,13
5,11,25.0,88,3,4,4,1,59,4,13
5,11,25.0,88,3,16,4,10,47,3,13
5,11,25.0,88,3,1,4,14,25,3,13
5,11,28.0,123,2,14,4,7,137,4,18
5,11,28.0,123,2,22,4,8,19,4,18
5,11,28.0,123,2,9,4,8,19,4,18
5,11,28.0,123,2,17,4,8,19,4,18
5,11,28.0,123,2,8,4,2,3,3,18
5,11,28.0,123,2,3,4,8,9,0,18
5,11,28.0,123,2,14,4,14,110,0,18
4,7,27.0,53,6,18,4,6,7,4,15
4,7,27.0,53,6,14,4,6,7,4,15
4,3,1.0,180,4,21,4,9,83,4,7
4,3,1.0,180,4,3,4,16,50,4,7
4,3,1.0,180,4,20,4,5,6,3,7
4,3,1.0,180,4,0,4,15,112,4,7
4,3,1.0,180,4,11,4,5,6,0,7
4,3,1.0,180,4,21,4,8,65,0,7
4,3,1.0,180,4,18,4,14,126,4,7
4,3,1.0,180,4,17,4,3,30,0,7
4,3,1.0,180,4,16,4,16,42,3,7
4,3,1.0,180,4,14,4,6,89,3,7
4,3,1.0,180,4,8,4,13,28,3,7
4,3,1.0,180,4,3,4,12,84,3,7
4,3,1.0,180,4,1,4,14,34,4,7
4,3,1.0,180,4,23,4,1,67,0,7
4,3,1.0,180,4,4,4,4,75,3,7
4,3,7.0,289,2,4,4,0,12,0,11
4,3,7.0,289,2,23,4,6,7,3,11
4,3,7.0,289,2,2,4,5,12,3,11
4,3,7.0,289,2,18,4,12,100,4,11
4,3,7.0,289,2,14,4,14,34,3,11
4,5,18.0,195,1,14,4,14,131,1,0
4,5,18.0,195,1,1,4,13,38,0,0
4,5,18.0,195,1,19,4,7,8,3,0
4,5,18.0,195,1,4,4,7,20,4,0
4,5,18.0,195,1,3,4,8,9,2,0
4,5,18.0,195,1,14,4,4,82,2,0
4,5,19.0,146,2,13,4,4,79,0,10
4,5,19.0,146,2,13,4,16,74,3,10
4,5,19.0,146,2,4,4,3,79,3,10
4,5,19.0,146,2,18,4,8,33,3,10
4,5,19.0,146,2,14,4,10,22,3,10
4,5,19.0,146,2,18,4,8,9,4,10
4,5,19.0,146,2,14,4,8,118,1,10
4,6,1.0,158,1,18,4,3,44,3,7
4,6,1.0,158,1,10,4,10,12,3,7
4,6,1.0,158,1,9,4,6,7,3,7
4,6,1.0,158,1,11,4,10,52,3,7
4,6,1.0,158,1,19,4,16,108,3,7
4,6,1.0,158,1,4,4,6,7,3,7
4,6,1.0,158,1,18,4,7,20,4,7
4,3,23.0,57,5,5,4,16,37,0,17
4,10,5.0,336,0,18,4,10,43,3,24
4,10,5.0,336,0,5,4,4,75,3,24
4,10,5.0,336,0,3,4,10,12,3,24
4,10,5.0,336,0,14,4,16,42,0,24
4,10,5.0,336,0,12,4,0,26,2,24
4,10,5.0,336,0,6,4,16,37,0,24
4,10,5.0,336,0,14,4,8,19,3,24
4,10,15.0,60,4,6,4,8,41,3,1
4,10,15.0,60,4,9,4,11,15,3,1
4,10,15.0,60,4,4,4,16,37,0,1
4,10,15.0,60,4,17,4,6,89,4,1
4,10,15.0,60,4,18,4,9,101,4,1
4,1,13.0,207,5,18,4,8,27,4,25
4,10,15.0,60,4,4,4,1,59,3,1
4,10,15.0,60,4,9,4,13,29,4,1
4,1,22.0,164,3,1,4,11,8,3,26
4,10,15.0,60,4,16,4,11,117,3,1
4,1,22.0,164,3,6,4,8,27,3,26
4,1,22.0,164,3,10,4,16,108,3,26
4,1,22.0,164,3,14,4,14,25,4,26
4,1,22.0,164,3,4,4,14,25,0,26
4,1,22.0,164,3,18,4,14,25,4,26
4,1,22.0,164,3,2,4,10,12,3,26
4,1,22.0,164,3,13,4,12,17,3,26
4,1,22.0,164,3,23,4,9,57,4,26
4,1,22.0,164,3,12,4,12,135,3,26
4,1,22.0,164,3,3,4,13,48,3,26
4,8,6.0,87,0,19,4,6,7,3,23
4,8,6.0,87,0,23,4,14,24,3,23
4,8,6.0,87,0,19,4,1,35,3,23
4,8,6.0,87,0,13,4,0,12,3,23
4,8,6.0,87,0,18,4,6,91,2,23
4,8,6.0,87,0,13,4,1,11,0,23
4,8,6.0,87,0,1,4,15,114,4,23
4,8,6.0,87,0,16,4,13,48,4,23
4,8,6.0,87,0,2,4,8,19,0,23
4,8,6.0,87,0,22,4,12,135,3,23
4,8,6.0,87,0,18,4,14,25,0,23
4,8,6.0,87,0,12,4,6,7,0,23
4,8,15.0,72,2,13,4,9,101,3,1
4,8,15.0,72,2,4,4,16,42,4,1
4,8,15.0,72,2,6,4,8,33,4,1
4,8,15.0,72,2,16,4,14,106,0,1
4,8,15.0,72,2,22,4,7,20,3,1
4,8,15.0,72,2,19,4,6,89,4,1
4,8,15.0,72,2,1,4,8,9,4,1
4,8,15.0,72,2,17,4,14,25,3,1
4,8,16.0,73,4,9,4,8,33,3,2
4,8,16.0,73,4,9,4,11,8,4,2
4,8,16.0,73,4,9,4,9,95,4,2
4,8,16.0,73,4,16,4,2,86,0,2
4,8,16.0,73,4,15,4,8,27,3,2
4,8,16.0,73,4,18,4,8,65,4,2
4,8,16.0,73,4,8,4,7,54,3,2
4,8,16.0,73,4,18,4,1,105,4,2
4,8,16.0,73,4,23,4,1,67,3,2
4,8,16.0,73,4,9,4,8,118,3,2
4,8,16.0,73,4,20,4,2,86,4,2
4,8,16.0,73,4,23,4,1,67,3,2
4,8,16.0,73,4,20,4,1,67,3,2
4,8,16.0,73,4,12,4,10,43,3,2
4,8,16.0,73,4,4,4,1,59,1,2
4,8,21.0,46,1,8,4,12,17,4,21
4,8,21.0,46,1,21,4,6,7,0,21
4,8,21.0,46,1,5,4,11,18,3,21
4,8,21.0,46,1,14,4,8,65,2,21
4,8,21.0,46,1,1,4,14,25,3,21
4,8,21.0,46,1,12,4,7,20,3,21
4,8,21.0,46,1,20,4,10,43,3,21
4,8,21.0,46,1,17,4,13,69,4,21
4,8,21.0,46,1,2,4,8,9,3,21
4,8,21.0,46,1,2,4,14,25,0,21
4,8,21.0,46,1,14,4,8,27,3,21
4,8,21.0,46,1,17,4,8,9,3,21
4,8,24.0,85,5,23,4,8,27,3,14
4,8,24.0,85,5,1,4,8,41,4,14
4,8,24.0,85,5,23,4,1,35,4,14
4,8,24.0,85,5,9,4,12,134,3,14
4,8,24.0,85,5,12,4,8,19,4,14
4,8,24.0,85,5,12,4,2,86,0,14
4,8,24.0,85,5,18,4,5,12,3,14
4,8,24.0,85,5,9,4,7,20,4,14
4,8,24.0,85,5,14,4,9,101,3,14
4,8,24.0,85,5,12,4,15,46,3,14
4,8,24.0,85,5,17,4,6,7,0,14
4,4,5.0,235,1,14,4,13,48,3,24
4,4,5.0,235,1,2,4,10,52,1,24
4,4,5.0,235,1,15,4,2,123,3,24
4,4,5.0,235,1,19,4,9,102,3,24
4,4,5.0,235,1,1,4,11,133,3,24
4,4,5.0,235,1,17,4,8,27,3,24
4,4,5.0,235,1,2,4,10,22,0,24
4,4,5.0,235,1,18,4,5,6,3,24
4,4,5.0,235,1,16,4,6,132,4,24
4,4,5.0,235,1,9,4,14,24,3,24
4,4,15.0,132,5,10,4,6,128,3,1
4,4,15.0,132,5,15,4,13,99,3,1
4,4,15.0,132,5,19,4,13,69,3,1
4,4,15.0,132,5,4,4,14,25,4,1
4,4,15.0,132,5,12,4,6,91,2,1
4,4,15.0,132,5,1,4,8,19,4,1
4,4,15.0,132,5,23,4,14,125,3,1
4,4,15.0,132,5,15,4,8,41,2,1
4,4,15.0,132,5,11,4,3,30,0,1
4,4,15.0,132,5,11,4,14,25,3,1
4,4,15.0,132,5,8,4,6,7,3,1
4,4,15.0,132,5,10,4,2,2,0,1
4,4,15.0,132,5,23,4,14,25,3,1
4,4,15.0,132,5,4,4,2,2,0,1
4,4,15.0,132,5,1,4,14,25,0,1
4,4,15.0,132,5,17,4,6,7,4,1
4,4,15.0,132,5,14,4,16,72,4,1
4,4,15.0,132,5,14,4,1,1,4,1
4,4,15.0,132,5,17,4,1,81,4,1
4,4,24.0,27,3,1,4,12,17,4,14
4,3,29.0,325,4,8,4,12,56,0,16
4,3,29.0,325,4,13,4,9,27,0,16
4,10,15.0,60,4,14,4,7,78,1,1
4,4,24.0,27,3,0,4,12,17,4,14
4,5,6.0,277,4,23,4,8,19,4,23
4,10,15.0,60,4,6,4,6,89,4,1
4,5,6.0,277,4,17,4,6,91,4,23
4,10,15.0,60,4,11,4,8,9,0,1
4,5,6.0,277,4,8,4,1,105,3,23
4,10,15.0,60,4,1,4,11,55,3,1
4,4,24.0,27,3,1,4,15,46,3,14
4,5,6.0,277,4,7,4,0,12,3,23
4,10,15.0,60,4,18,4,3,70,3,1
4,10,15.0,60,4,21,4,14,25,4,1
4,10,15.0,60,4,22,4,8,33,1,1
4,10,15.0,60,4,9,4,7,137,4,1
4,10,15.0,60,4,17,4,6,91,3,1
4,10,23.0,247,5,19,4,2,2,3,17
4,10,23.0,247,5,2,4,6,7,3,17
4,10,23.0,247,5,14,4,3,44,3,17
4,10,23.0,247,5,15,4,2,13,3,17
4,10,23.0,247,5,20,4,10,22,3,17
4,10,23.0,247,5,19,4,8,27,3,17
4,10,23.0,247,5,17,4,6,7,0,17
4,10,23.0,247,5,6,4,13,13,3,17
4,10,23.0,247,5,5,4,1,1,0,17
4,10,23.0,247,5,15,4,9,95,3,17
4,10,23.0,247,5,20,4,13,28,3,17
4,10,23.0,247,5,18,4,7,8,4,17
4,1,4.0,286,2,6,4,0,12,3,30
4,1,4.0,286,2,18,4,14,110,4,30
4,1,4.0,286,2,18,4,8,118,4,30
4,1,4.0,286,2,4,4,3,103,4,30
4,1,4.0,286,2,1,4,6,7,3,30
4,1,4.0,286,2,14,4,4,5,3,30
4,1,4.0,286,2,3,4,15,39,0,30
4,1,4.0,286,2,8,4,11,117,3,30
4,1,4.0,286,2,18,4,14,110,4,30
4,1,4.0,286,2,4,4,1,16,3,30
4,1,4.0,286,2,16,4,2,2,0,30
4,1,4.0,286,2,15,4,14,34,3,30
4,1,6.0,97,5,23,4,6,7,0,23
4,1,6.0,97,5,9,4,12,84,3,23
4,1,6.0,97,5,4,4,9,63,4,23
4,1,6.0,97,5,17,4,6,14,4,23
4,1,6.0,97,5,11,4,6,7,4,23
4,1,6.0,97,5,9,4,15,51,3,23
4,1,6.0,97,5,9,4,9,63,4,23
4,1,6.0,97,5,18,4,1,67,3,23
4,1,6.0,97,5,9,4,6,132,4,23
4,1,6.0,97,5,18,4,16,37,4,23
4,1,6.0,97,5,12,4,9,101,4,23
4,1,6.0,97,5,16,4,4,66,2,23
4,1,6.0,97,5,21,4,1,16,0,23
4,1,7.0,32,6,18,4,9,95,2,11
4,1,7.0,32,6,9,4,9,95,4,11
4,1,7.0,32,6,8,4,14,25,3,11
4,1,7.0,32,6,13,4,8,9,0,11
4,1,7.0,32,6,1,4,1,35,4,11
4,1,7.0,32,6,14,4,3,44,3,11
4,1,7.0,32,6,13,4,6,132,3,11
4,1,7.0,32,6,1,4,1,11,4,11
4,1,7.0,32,6,3,4,9,57,0,11
4,1,7.0,32,6,14,4,6,7,3,11
4,1,7.0,32,6,13,4,14,25,0,11
4,1,7.0,32,6,13,4,10,52,3,11
4,1,7.0,32,6,14,4,2,69,3,11
4,1,7.0,32,6,11,4,9,101,4,11
4,1,7.0,32,6,15,4,8,19,3,11
4,1,7.0,32,6,8,4,11,94,3,11
4,1,7.0,32,6,3,4,6,7,3,11
4,1,12.0,353,4,20,4,14,25,4,28
4,1,12.0,353,4,13,4,12,84,3,28
4,1,12.0,353,4,17,4,8,9,0,28
4,1,12.0,353,4,12,4,10,22,3,28
4,1,12.0,353,4,4,4,11,133,4,28
4,1,12.0,353,4,7,4,7,111,3,28
4,1,12.0,353,4,3,4,3,44,3,28
4,1,12.0,353,4,6,4,14,110,2,28
4,1,13.0,207,5,9,4,4,127,3,25
4,1,13.0,207,5,4,4,2,13,3,25
4,1,13.0,207,5,9,4,16,139,4,25
4,1,13.0,207,5,18,4,1,35,4,25
4,1,13.0,207,5,12,4,8,19,3,25
4,1,13.0,207,5,22,4,16,37,0,25
4,1,13.0,207,5,3,4,8,19,3,25
4,1,13.0,207,5,15,4,16,37,3,25
4,4,24.0,27,3,14,4,8,41,4,14
4,5,6.0,277,4,2,4,6,7,4,23
4,4,24.0,27,3,14,4,8,41,3,14
4,5,6.0,277,4,3,4,13,38,3,23
4,4,24.0,27,3,10,4,8,19,3,14
4,5,6.0,277,4,19,4,6,132,4,23
4,4,24.0,27,3,11,4,12,83,4,14
4,5,6.0,277,4,9,4,7,62,3,23
4,4,24.0,27,3,14,4,8,27,3,14
4,5,6.0,277,4,11,4,6,89,3,23
4,5,6.0,277,4,3,4,16,130,3,23
4,4,24.0,27,3,6,4,1,11,4,14
4,5,6.0,277,4,1,4,7,111,3,23
4,5,6.0,277,4,18,4,2,123,4,23
4,4,24.0,27,3,5,4,9,10,3,14
4,5,6.0,277,4,12,4,6,7,0,23
4,4,24.0,27,3,0,4,12,17,4,14
4,2,6.0,251,6,7,4,6,91,4,23
4,2,6.0,251,6,20,4,12,84,3,23
4,2,6.0,251,6,20,4,6,128,3,23
4,2,6.0,251,6,4,4,13,29,3,23
4,2,6.0,251,6,14,4,11,94,4,23
4,2,6.0,251,6,21,4,16,65,4,23
4,2,6.0,251,6,1,4,9,9,4,23
4,2,6.0,251,6,13,4,6,7,0,23
4,2,6.0,251,6,23,4,15,114,3,23
4,2,6.0,251,6,7,4,14,88,4,23
4,2,6.0,251,6,14,4,9,54,3,23
4,2,6.0,251,6,4,4,14,25,0,23
4,2,6.0,251,6,19,4,13,28,3,23
4,2,6.0,251,6,20,4,9,10,3,23
4,2,6.0,251,6,15,4,11,98,4,23
4,2,6.0,251,6,17,4,8,65,4,23
4,2,6.0,251,6,5,4,9,95,3,23
4,2,6.0,251,6,1,4,2,71,4,23
4,2,6.0,251,6,2,4,13,48,3,23
4,2,6.0,251,6,18,4,11,98,4,23
4,2,13.0,276,6,10,4,1,59,4,25
4,2,13.0,276,6,3,4,9,95,3,25
4,2,13.0,276,6,18,4,11,55,4,25
4,2,13.0,276,6,5,4,8,19,3,25
4,2,13.0,276,6,20,4,1,105,3,25
4,2,13.0,276,6,18,4,8,27,4,25
4,2,13.0,276,6,2,4,10,47,3,25
4,2,13.0,276,6,12,4,13,99,3,25
4,2,13.0,276,6,9,4,14,107,4,25
4,2,13.0,276,6,9,4,9,83,4,25
4,2,13.0,276,6,13,4,10,23,3,25
4,2,13.0,276,6,19,4,3,115,3,25
4,2,13.0,276,6,4,4,11,58,4,25
4,2,23.0,230,1,8,4,6,7,3,17
4,2,23.0,230,1,6,4,9,10,4,17
4,2,23.0,230,1,1,4,12,83,4,17
4,2,23.0,230,1,1,4,0,12,3,17
4,2,23.0,230,1,13,4,12,56,3,17
4,2,23.0,230,1,13,4,8,19,3,17
4,2,23.0,230,1,18,4,0,53,3,17
4,2,23.0,230,1,18,4,13,99,2,17
4,2,23.0,230,1,2,4,2,71,2,17
4,2,23.0,230,1,17,4,13,48,3,17
4,0,16.0,11,4,1,4,14,131,4,2
4,0,16.0,11,4,4,4,6,7,3,2
4,0,16.0,11,4,1,4,12,56,4,2
4,0,16.0,11,4,14,4,12,100,4,2
4,0,16.0,11,4,18,4,14,25,4,2
4,0,16.0,11,4,2,4,15,31,3,2
4,0,16.0,11,4,18,4,12,56,4,2
4,0,16.0,11,4,22,4,7,111,3,2
4,0,16.0,11,4,14,4,8,118,3,2
4,0,17.0,12,5,17,4,1,67,3,6
4,0,17.0,12,5,1,4,14,110,4,6
4,0,17.0,12,5,21,4,13,29,3,6
4,0,17.0,12,5,8,4,12,61,3,6
4,0,17.0,12,5,9,4,6,7,3,6
4,0,17.0,12,5,1,4,1,35,4,6
4,0,17.0,12,5,18,4,8,41,3,6
4,0,17.0,12,5,4,4,14,25,0,6
4,0,17.0,12,5,3,4,6,7,3,6
4,0,17.0,12,5,8,4,8,9,3,6
4,0,23.0,237,4,12,4,1,1,3,17
4,0,23.0,237,4,11,4,0,26,3,17
4,0,23.0,237,4,7,4,6,7,4,17
4,0,23.0,237,4,8,4,6,7,3,17
4,0,23.0,237,4,6,4,16,42,4,17
4,0,23.0,237,4,8,4,16,72,3,17
4,0,23.0,237,4,1,4,16,72,3,17
4,0,23.0,237,4,9,4,11,8,4,17
4,0,23.0,237,4,6,4,16,74,1,17
4,0,24.0,55,5,1,4,6,7,3,14
4,0,24.0,55,5,20,4,9,57,3,14
4,0,24.0,55,5,14,4,13,48,3,14
4,0,24.0,55,5,1,4,6,7,3,14
4,0,24.0,55,5,5,4,1,81,4,14
4,0,24.0,55,5,18,4,6,7,4,14
4,0,24.0,55,5,21,4,6,7,3,14
4,0,24.0,55,5,2,4,14,25,3,14
4,0,24.0,55,5,4,4,10,23,3,14
4,0,24.0,55,5,17,4,16,72,2,14
4,0,24.0,55,5,20,4,16,37,4,14
4,5,6.0,277,4,18,4,12,80,4,23
4,5,6.0,277,4,23,4,1,16,4,23
4,5,6.0,277,4,3,4,4,66,3,23
4,5,6.0,277,4,1,4,12,80,4,23
4,5,6.0,277,4,14,4,13,28,3,23
4,5,6.0,277,4,12,4,13,38,0,23
4,5,12.0,327,2,18,4,2,2,4,28
4,5,12.0,327,2,16,4,0,15,0,28
4,5,12.0,327,2,18,4,13,13,3,28
4,5,12.0,327,2,13,4,16,50,4,28
4,5,12.0,327,2,16,4,14,88,4,28
4,5,12.0,327,2,11,4,3,30,3,28
4,5,12.0,327,2,17,4,6,7,3,28
4,5,12.0,327,2,11,4,6,7,3,28
4,5,12.0,327,2,9,4,6,7,4,28
4,5,12.0,327,2,14,4,0,31,3,28
4,5,12.0,327,2,14,4,2,2,3,28
4,5,12.0,327,2,18,4,2,71,4,28
4,5,14.0,36,5,18,4,6,91,4,5
4,5,14.0,36,5,14,4,14,25,3,5
4,5,14.0,36,5,6,4,8,118,3,5
4,5,14.0,36,5,2,4,7,20,3,5
4,5,14.0,36,5,9,4,16,50,3,5
4,5,14.0,36,5,18,4,4,45,4,5
4,5,14.0,36,5,4,4,6,14,4,5
4,5,14.0,36,5,20,4,6,7,3,5
4,5,14.0,36,5,3,4,2,2,3,5
4,5,14.0,36,5,14,4,6,7,3,5
4,5,14.0,36,5,9,4,6,7,3,5
4,5,14.0,36,5,4,4,1,35,3,5
4,5,14.0,36,5,21,4,6,128,4,5
4,5,14.0,36,5,1,4,6,7,4,5
4,5,14.0,36,5,1,4,6,91,4,5
4,5,15.0,200,6,23,4,2,35,2,1
4,5,15.0,200,6,3,4,12,61,3,1
4,5,15.0,200,6,4,4,6,7,3,1
4,5,15.0,200,6,2,4,9,102,3,1
4,5,15.0,200,6,9,4,1,1,4,1
4,5,15.0,200,6,20,4,2,35,3,1
4,5,15.0,200,6,4,4,0,77,1,1
4,5,15.0,200,6,18,4,7,54,3,1
4,5,15.0,200,6,20,4,9,87,3,1
4,5,15.0,200,6,14,4,9,57,3,1
4,5,15.0,200,6,19,4,8,9,3,1
4,5,15.0,200,6,1,4,9,109,4,1
4,5,15.0,200,6,17,4,16,74,3,1
4,5,21.0,351,5,23,4,2,69,3,21
4,5,21.0,351,5,9,4,12,17,3,21
4,5,21.0,351,5,14,4,10,47,3,21
4,5,21.0,351,5,18,4,2,2,3,21
4,5,21.0,351,5,14,4,6,73,4,21
4,5,21.0,351,5,7,4,2,40,3,21
4,5,21.0,351,5,1,4,2,2,3,21
4,5,21.0,351,5,0,4,8,19,3,21
4,5,21.0,351,5,17,4,8,65,4,21
4,5,21.0,351,5,9,4,8,41,4,21
4,6,6.0,83,3,9,4,7,8,3,23
4,6,6.0,83,3,12,4,2,86,0,23
4,6,6.0,83,3,16,4,16,39,3,23
4,6,6.0,83,3,9,4,9,83,4,23
4,6,6.0,83,3,14,4,16,108,4,23
4,6,6.0,83,3,1,4,13,69,3,23
4,6,6.0,83,3,10,4,14,25,2,23
4,6,6.0,83,3,18,4,13,13,4,23
4,6,6.0,83,3,20,4,1,67,3,23
4,6,6.0,83,3,16,4,16,39,3,23
4,6,6.0,83,3,9,4,16,65,4,23
4,6,6.0,83,3,6,4,6,7,4,23
4,6,6.0,83,3,16,4,10,52,3,23
4,6,6.0,83,3,14,4,4,82,3,23
4,6,6.0,83,3,20,4,14,25,3,23
4,6,6.0,83,3,11,4,6,128,3,23
4,10,5.0,336,0,0,4,0,64,3,24
4,10,5.0,336,0,20,4,9,87,3,24
4,10,5.0,336,0,18,4,6,7,0,24
4,10,5.0,336,0,15,4,14,32,0,24
4,10,5.0,336,0,20,4,14,25,3,24
4,10,5.0,336,0,23,4,4,136,3,24
4,10,5.0,336,0,1,4,10,52,3,24
4,10,5.0,336,0,6,4,10,47,3,24
4,10,5.0,336,0,20,4,9,87,3,24
4,10,5.0,336,0,19,4,9,10,4,24
4,9,21.0,362,3,11,4,15,114,4,21
4,7,4.0,186,4,23,4,2,40,4,30
4,7,4.0,186,4,10,4,9,95,3,30
4,7,4.0,186,4,20,4,6,7,0,30
4,7,4.0,186,4,5,4,9,9,3,30
4,7,4.0,186,4,9,4,6,89,4,30
4,7,4.0,186,4,14,4,2,2,4,30
4,7,4.0,186,4,13,4,2,86,0,30
4,7,4.0,186,4,23,4,9,58,3,30
4,7,4.0,186,4,23,4,6,7,3,30
4,7,11.0,197,4,19,4,14,25,3,9
5,2,29.0,140,3,10,4,6,7,4,16
4,7,11.0,197,4,14,4,9,87,3,9
4,7,11.0,197,4,3,4,8,19,3,9
4,7,11.0,197,4,14,4,15,119,3,9
4,7,11.0,197,4,9,4,1,105,4,9
4,7,11.0,197,4,4,4,8,27,3,9
4,7,11.0,197,4,9,4,8,27,3,9
4,7,11.0,197,4,22,4,14,125,3,9
4,7,11.0,197,4,17,4,8,33,0,9
5,0,21.0,287,0,20,4,8,41,2,21
5,6,3.0,99,2,4,4,8,41,3,27
5,10,11.0,298,6,11,4,9,10,3,9
5,1,30.0,100,3,4,4,9,87,4,19
5,7,11.0,197,2,16,4,6,7,3,9
4,7,13.0,238,6,17,4,14,125,4,25
4,7,13.0,238,6,19,4,11,90,3,25
4,7,13.0,238,6,15,4,1,35,2,25
4,7,13.0,238,6,4,4,9,87,3,25
4,7,13.0,238,6,20,4,1,105,4,25
4,7,13.0,238,6,19,4,6,14,4,25
4,7,13.0,238,6,16,4,6,89,3,25
4,7,13.0,238,6,2,4,8,9,3,25
4,7,13.0,238,6,16,4,15,112,3,25
4,7,19.0,330,5,3,4,14,25,3,10
4,7,19.0,330,5,6,4,5,64,3,10
4,7,19.0,330,5,2,4,5,6,3,10
4,7,19.0,330,5,14,4,11,98,4,10
4,7,19.0,330,5,2,4,9,57,4,10
4,7,19.0,330,5,11,4,5,0,0,10
4,7,19.0,330,5,23,4,1,105,3,10
4,7,19.0,330,5,10,4,16,65,4,10
4,7,19.0,330,5,4,4,6,7,3,10
4,7,19.0,330,5,22,4,14,24,3,10
4,7,19.0,330,5,18,4,11,98,3,10
5,4,10.0,79,6,12,4,1,35,3,4
4,7,19.0,330,5,22,4,9,102,3,10
4,7,19.0,330,5,4,4,6,89,4,10
4,7,19.0,330,5,18,4,6,132,4,10
4,7,19.0,330,5,22,4,15,39,3,10
4,7,21.0,81,3,18,4,9,10,4,21
4,7,21.0,81,3,4,4,9,93,3,21
4,7,21.0,81,3,6,4,8,9,4,21
4,7,21.0,81,3,8,4,2,69,3,21
4,7,21.0,81,3,18,4,9,10,4,21
4,7,21.0,81,3,4,4,16,65,4,21
4,7,21.0,81,3,9,4,9,101,4,21
4,7,21.0,81,3,9,4,13,99,3,21
4,7,21.0,81,3,9,4,9,10,4,21
4,7,21.0,81,3,12,4,4,127,3,21
4,3,4.0,285,3,19,4,8,27,3,30
4,3,4.0,285,3,18,4,14,88,4,30
4,3,4.0,285,3,18,4,1,67,4,30
4,3,4.0,285,3,10,4,1,59,4,30
4,3,4.0,285,3,20,4,1,16,4,30
4,3,4.0,285,3,10,4,12,17,3,30
4,3,4.0,285,3,5,4,9,57,3,30
4,3,4.0,285,3,13,4,5,64,3,30
4,3,4.0,285,3,2,4,1,67,0,30
4,3,4.0,285,3,14,4,13,99,3,30
5,2,2.0,143,0,3,4,8,27,0,22
4,3,4.0,285,3,17,4,14,32,4,30
4,3,4.0,285,3,3,4,14,25,3,30
4,3,4.0,285,3,2,4,1,67,1,30
4,3,4.0,285,3,22,4,2,92,3,30
4,3,4.0,285,3,20,4,6,7,4,30
4,3,4.0,285,3,22,4,6,7,3,30
4,3,6.0,303,1,6,4,8,41,3,23
4,3,6.0,303,1,10,4,13,28,3,23
4,3,6.0,303,1,2,4,2,86,3,23
4,3,6.0,303,1,4,4,6,7,3,23
4,3,6.0,303,1,0,4,14,106,4,23
4,3,6.0,303,1,13,4,3,79,0,23
4,3,6.0,303,1,6,4,7,57,3,23
4,3,6.0,303,1,14,4,10,43,3,23
4,3,29.0,325,4,18,4,16,65,4,16
4,3,29.0,325,4,9,4,6,132,4,16
4,3,29.0,325,4,19,4,3,30,0,16
4,3,29.0,325,4,4,4,7,31,3,16
4,3,29.0,325,4,9,4,9,63,4,16
4,3,29.0,325,4,4,4,6,7,4,16
4,3,29.0,325,4,18,4,16,65,4,16
4,3,29.0,325,4,17,4,6,7,2,16
4,3,29.0,325,4,16,4,7,57,4,16
5,5,9.0,206,6,19,4,15,39,3,12
5,2,29.0,140,3,7,4,6,7,4,16
5,5,9.0,206,6,9,4,1,16,1,12
5,0,21.0,287,0,8,4,14,25,3,21
5,4,11.0,121,3,19,4,4,127,3,9
5,2,2.0,143,0,9,4,15,51,3,22
5,6,3.0,99,2,13,4,3,70,3,27
5,5,9.0,206,6,18,4,2,3,4,12
5,2,2.0,143,0,17,4,11,98,4,22
5,1,30.0,100,3,1,4,1,35,4,19
5,4,11.0,121,3,14,4,6,91,4,9
5,0,28.0,249,0,10,4,13,69,4,18
5,10,11.0,298,6,4,4,15,112,4,9
5,7,11.0,197,2,22,4,6,7,3,9
5,2,29.0,140,3,7,4,6,7,4,16
5,10,11.0,298,6,18,4,6,7,4,9
5,7,11.0,197,2,22,4,14,25,4,9
5,6,4.0,159,4,3,4,3,30,0,30
5,5,9.0,206,6,1,4,4,138,4,12
5,2,2.0,143,0,6,4,9,10,4,22
5,0,28.0,249,0,4,4,2,2,3,18
5,1,30.0,100,3,14,4,0,26,3,19
5,4,11.0,121,3,14,4,7,62,3,9
5,10,12.0,333,3,22,4,11,133,3,28
5,1,30.0,100,3,9,4,6,14,4,19
5,1,30.0,100,3,19,4,11,15,3,19
5,1,30.0,100,3,9,4,6,73,1,19
5,1,30.0,100,3,7,4,14,25,0,19
5,8,2.0,77,2,4,4,6,7,4,22
5,8,2.0,77,2,18,4,7,111,4,22
5,8,2.0,77,2,9,4,10,12,3,22
5,8,2.0,77,2,1,4,9,134,4,22
5,8,2.0,77,2,2,4,6,7,3,22
5,8,2.0,77,2,1,4,4,127,4,22
5,8,12.0,284,6,14,4,2,92,3,28
5,8,12.0,284,6,3,4,13,48,3,28
5,8,12.0,284,6,6,4,11,15,3,28
5,8,12.0,284,6,9,4,9,63,4,28
5,8,12.0,284,6,14,4,6,7,0,28
5,8,12.0,284,6,15,4,13,123,3,28
5,8,12.0,284,6,20,4,9,10,4,28
5,2,30.0,131,0,4,4,6,91,4,19
5,8,12.0,284,6,3,4,12,17,3,28
5,8,12.0,284,6,1,4,4,5,3,28
5,8,12.0,284,6,17,4,13,48,0,28
5,8,12.0,284,6,9,4,14,88,4,28
5,8,12.0,284,6,14,4,2,92,3,28
5,8,12.0,284,6,18,4,13,38,4,28
5,8,12.0,284,6,11,4,7,137,4,28
5,8,12.0,284,6,19,4,8,27,3,28
5,8,13.0,189,3,15,4,1,1,3,25
5,8,13.0,189,3,17,4,15,46,3,25
5,8,13.0,189,3,13,4,0,15,3,25
5,8,13.0,189,3,12,4,15,46,3,25
5,8,13.0,189,3,13,4,8,9,3,25
5,8,13.0,189,3,18,4,16,50,4,25
5,8,13.0,189,3,3,4,6,7,3,25
5,8,13.0,189,3,6,4,8,65,4,25
5,8,13.0,189,3,17,4,16,37,3,25
5,8,18.0,75,5,16,4,1,1,1,0
5,8,18.0,75,5,20,4,14,25,3,0
5,8,18.0,75,5,14,4,9,10,4,0
5,8,18.0,75,5,17,4,9,27,0,0
5,8,18.0,75,5,20,4,12,84,3,0
5,8,18.0,75,5,9,4,6,14,4,0
5,8,18.0,75,5,3,4,14,107,0,0
5,8,18.0,75,5,14,4,7,111,3,0
5,8,18.0,75,5,20,4,16,74,3,0
5,8,18.0,75,5,14,4,8,118,3,0
5,8,18.0,75,5,13,4,10,22,3,0
5,8,18.0,75,5,2,4,10,47,3,0
5,8,18.0,75,5,1,4,15,114,3,0
5,8,18.0,75,5,15,4,10,12,3,0
5,8,18.0,75,5,18,4,15,46,3,0
5,8,18.0,75,5,12,4,6,7,0,0
5,8,30.0,103,2,14,4,1,35,3,19
5,8,30.0,103,2,14,4,9,95,3,19
5,8,30.0,103,2,17,4,0,85,3,19
5,8,30.0,103,2,22,4,6,7,0,19
5,8,30.0,103,2,9,4,6,128,4,19
5,8,30.0,103,2,22,4,15,39,3,19
5,8,30.0,103,2,9,4,15,112,4,19
5,8,30.0,103,2,9,4,6,7,3,19
5,8,30.0,103,2,1,4,8,33,4,19
5,8,30.0,103,2,2,4,15,31,3,19
5,8,30.0,103,2,6,4,8,65,4,19
5,8,30.0,103,2,9,4,13,69,4,19
5,8,30.0,103,2,9,4,14,25,4,19
5,8,30.0,103,2,6,4,16,39,0,19
5,4,2.0,141,5,7,4,6,7,3,22
5,4,2.0,141,5,13,4,1,35,0,22
5,4,2.0,141,5,1,4,12,61,3,22
5,4,2.0,141,5,23,4,3,115,4,22
5,4,2.0,141,5,18,4,6,91,4,22
5,4,2.0,141,5,18,4,6,7,4,22
5,4,2.0,141,5,4,4,16,74,3,22
5,4,2.0,141,5,2,4,14,24,1,22
5,4,10.0,79,6,17,4,1,105,0,4
5,4,10.0,79,6,9,4,12,56,4,4
5,4,10.0,79,6,10,4,1,11,4,4
5,4,10.0,79,6,9,4,6,89,3,4
5,4,10.0,79,6,4,4,14,25,3,4
5,4,10.0,79,6,19,4,15,39,3,4
5,4,10.0,79,6,14,4,8,19,4,4
5,4,10.0,79,6,4,4,13,69,4,4
5,4,10.0,79,6,8,4,8,41,3,4
5,4,10.0,79,6,4,4,16,130,3,4
5,4,10.0,79,6,11,4,0,68,3,4
5,4,10.0,79,6,14,4,7,20,4,4
5,7,11.0,197,2,1,4,4,82,3,9
5,10,12.0,333,3,21,4,2,2,4,28
5,7,11.0,197,2,5,4,9,87,3,9
5,2,2.0,143,0,18,4,2,2,3,22
5,5,9.0,206,6,0,4,9,63,3,12
5,0,28.0,249,0,22,4,6,7,3,18
5,6,4.0,159,4,22,4,10,47,3,30
5,7,11.0,197,2,14,4,15,46,3,9
5,4,11.0,121,3,14,4,9,49,4,9
5,10,12.0,333,3,11,4,13,28,3,28
5,2,2.0,143,0,14,4,8,41,1,22
5,2,30.0,131,0,20,4,6,7,3,19
5,5,17.0,212,3,1,4,11,98,4,6
5,5,17.0,212,3,14,4,15,51,3,6
5,5,17.0,212,3,19,4,13,38,3,6
5,5,17.0,212,3,6,4,8,27,4,6
5,5,17.0,212,3,9,4,8,9,4,6
5,5,17.0,212,3,9,4,9,134,4,6
5,5,17.0,212,3,19,4,4,45,3,6
5,5,17.0,212,3,1,4,11,98,3,6
5,5,17.0,212,3,16,4,16,65,4,6
5,5,17.0,212,3,1,4,15,39,4,6
5,5,17.0,212,3,4,4,9,87,3,6
5,5,18.0,195,0,4,4,6,7,3,0
5,5,18.0,195,0,11,4,14,25,0,0
5,5,18.0,195,0,12,4,13,28,0,0
5,5,18.0,195,0,9,4,4,127,4,0
5,5,18.0,195,0,3,4,4,127,4,0
5,5,18.0,195,0,22,4,13,48,3,0
5,5,18.0,195,0,1,4,14,25,3,0
5,5,18.0,195,0,9,4,1,105,4,0
5,5,18.0,195,0,18,4,9,57,3,0
5,5,18.0,195,0,5,4,10,47,3,0
5,5,18.0,195,0,18,4,16,50,4,0
5,5,18.0,195,0,20,4,6,7,3,0
5,5,21.0,351,4,22,4,10,47,3,21
5,5,21.0,351,4,14,4,8,33,4,21
5,5,21.0,351,4,5,4,5,6,3,21
5,5,21.0,351,4,15,4,14,25,0,21
5,5,21.0,351,4,6,4,14,97,4,21
5,5,21.0,351,4,3,4,4,4,3,21
5,5,21.0,351,4,19,4,6,128,4,21
5,5,21.0,351,4,3,4,6,7,3,21
5,5,21.0,351,4,8,4,15,96,3,21
5,5,21.0,351,4,12,4,15,112,0,21
5,5,21.0,351,4,17,4,5,47,3,21
5,5,26.0,37,1,18,4,8,65,4,3
5,5,26.0,37,1,5,4,9,57,3,3
5,5,26.0,37,1,22,4,14,106,4,3
5,5,26.0,37,1,16,4,9,87,3,3
5,5,26.0,37,1,18,4,9,57,4,3
5,5,26.0,37,1,9,4,1,11,3,3
5,5,26.0,37,1,3,4,6,89,0,3
5,5,26.0,37,1,18,4,14,25,3,3
5,5,26.0,37,1,22,4,6,7,3,3
5,6,1.0,158,0,20,4,8,9,3,7
5,6,1.0,158,0,4,4,6,73,3,7
5,6,1.0,158,0,7,4,3,103,3,7
5,6,1.0,158,0,15,4,8,27,3,7
5,6,1.0,158,0,6,4,8,41,4,7
5,6,1.0,158,0,11,4,6,7,3,7
5,6,1.0,158,0,13,4,13,28,0,7
5,6,1.0,158,0,20,4,13,48,3,7
5,6,1.0,158,0,17,4,6,14,1,7
5,6,1.0,158,0,14,4,8,65,4,7
5,6,1.0,158,0,4,4,6,116,4,7
5,6,1.0,158,0,17,4,8,33,4,7
5,6,1.0,158,0,13,4,10,22,0,7
5,6,2.0,352,1,18,4,6,7,3,22
5,6,2.0,352,1,20,4,3,79,3,22
5,6,2.0,352,1,1,4,6,89,3,22
5,6,2.0,352,1,13,4,9,87,3,22
5,6,2.0,352,1,17,4,12,56,4,22
5,6,2.0,352,1,15,4,14,32,3,22
5,6,2.0,352,1,4,4,8,19,3,22
5,6,2.0,352,1,17,4,8,19,4,22
5,6,2.0,352,1,3,4,12,61,3,22
5,6,2.0,352,1,17,4,9,95,4,22
5,6,3.0,99,2,1,4,9,9,3,27
5,6,3.0,99,2,19,4,1,59,0,27
5,6,3.0,99,2,22,4,11,133,3,27
5,6,3.0,99,2,2,4,7,137,3,27
5,6,3.0,99,2,6,4,14,24,3,27
5,6,3.0,99,2,4,4,9,87,3,27
5,6,3.0,99,2,19,4,4,103,3,27
5,6,3.0,99,2,19,4,15,119,3,27
5,6,3.0,99,2,6,4,13,38,3,27
5,6,3.0,99,2,19,4,11,8,3,27
5,4,11.0,121,3,1,4,6,7,3,9
5,6,4.0,159,4,2,4,1,1,3,30
5,7,18.0,154,2,11,4,8,19,4,0
5,4,11.0,121,3,9,4,6,91,4,9
5,2,30.0,131,0,20,4,6,7,3,19
5,2,2.0,143,0,9,4,1,59,4,22
5,10,12.0,333,3,13,4,5,12,3,28
5,10,12.0,333,3,11,4,13,48,0,28
5,6,4.0,159,4,9,4,9,87,3,30
5,0,28.0,249,0,21,4,6,132,4,18
5,7,18.0,154,2,13,4,8,19,3,0
5,10,12.0,333,3,9,4,8,118,3,28
5,2,30.0,131,0,4,4,2,123,3,19
5,2,2.0,143,0,13,4,6,7,0,22
5,6,4.0,159,4,14,4,9,93,3,30
5,0,28.0,249,0,1,4,9,57,0,18
5,4,11.0,121,3,8,4,0,12,3,9
5,7,18.0,154,2,9,4,6,7,3,0
5,10,12.0,333,3,2,4,6,132,1,28
5,10,12.0,333,3,19,4,12,104,2,28
5,10,12.0,333,3,4,4,14,97,4,28
5,10,20.0,223,0,20,4,2,123,3,29
5,10,20.0,223,0,2,4,2,86,3,29
5,10,20.0,223,0,18,4,7,111,4,29
5,10,20.0,223,0,18,4,12,56,3,29
5,10,20.0,223,0,21,4,6,7,3,29
5,10,20.0,223,0,14,4,3,44,3,29
5,10,20.0,223,0,13,4,1,67,0,29
5,10,20.0,223,0,12,4,8,27,3,29
5,10,20.0,223,0,1,4,8,41,3,29
5,10,27.0,302,0,0,4,6,91,4,15
5,10,27.0,302,0,9,4,13,38,3,15
5,10,27.0,302,0,6,4,14,126,4,15
5,10,27.0,302,0,1,4,8,9,3,15
5,10,27.0,302,0,20,4,13,99,3,15
5,10,27.0,302,0,17,4,12,80,4,15
5,10,27.0,302,0,4,4,1,1,4,15
5,10,27.0,302,0,17,4,1,1,3,15
5,10,27.0,302,0,13,4,9,27,0,15
5,10,27.0,302,0,3,4,7,20,4,15
5,1,1.0,203,6,23,4,6,7,0,7
5,1,1.0,203,6,9,4,9,10,4,7
5,1,1.0,203,6,10,4,16,72,0,7
5,1,1.0,203,6,15,4,6,7,4,7
5,1,1.0,203,6,14,4,2,71,4,7
5,1,1.0,203,6,17,4,0,12,3,7
5,1,1.0,203,6,23,4,14,24,3,7
5,1,1.0,203,6,15,4,14,24,0,7
5,1,1.0,203,6,14,4,13,28,3,7
5,1,1.0,203,6,12,4,6,7,3,7
5,1,1.0,203,6,9,4,0,26,3,7
5,1,1.0,203,6,20,4,13,28,0,7
5,1,1.0,203,6,17,4,6,132,4,7
5,1,1.0,203,6,5,4,6,7,0,7
5,1,1.0,203,6,20,4,14,25,0,7
5,1,1.0,203,6,9,4,7,8,3,7
5,1,1.0,203,6,18,4,6,7,3,7
5,1,5.0,219,2,0,4,8,19,3,24
5,1,5.0,219,2,19,4,1,11,3,24
5,1,5.0,219,2,22,4,2,69,3,24
5,1,5.0,219,2,1,4,4,75,4,24
5,1,5.0,219,2,3,4,1,16,3,24
5,1,5.0,219,2,1,4,9,9,3,24
5,1,5.0,219,2,0,4,8,9,3,24
5,1,5.0,219,2,9,4,9,87,4,24
5,1,5.0,219,2,5,4,1,35,0,24
5,1,5.0,219,2,17,4,9,87,3,24
5,1,5.0,219,2,13,4,1,16,3,24
5,1,5.0,219,2,3,4,6,89,3,24
5,1,5.0,219,2,5,4,1,11,3,24
5,1,5.0,219,2,4,4,2,69,3,24
5,1,5.0,219,2,12,4,3,70,4,24
5,1,5.0,219,2,2,4,15,51,3,24
5,1,21.0,45,5,20,4,10,52,3,21
5,1,21.0,45,5,8,4,14,88,3,21
5,1,21.0,45,5,21,4,9,101,3,21
5,1,21.0,45,5,4,4,15,39,0,21
5,1,21.0,45,5,17,4,13,48,1,21
5,1,21.0,45,5,8,4,13,28,0,21
5,1,21.0,45,5,17,4,7,111,3,21
5,1,21.0,45,5,18,4,13,99,4,21
5,1,21.0,45,5,20,4,14,25,3,21
5,1,21.0,45,5,17,4,10,47,1,21
5,1,21.0,45,5,2,4,9,49,1,21
5,1,27.0,262,4,4,4,6,7,3,15
5,1,27.0,262,4,2,4,6,14,4,15
5,1,27.0,262,4,11,4,0,31,3,15
5,1,27.0,262,4,20,4,5,6,3,15
5,1,27.0,262,4,0,4,15,31,4,15
5,1,27.0,262,4,7,4,1,35,2,15
5,1,27.0,262,4,13,4,13,28,0,15
5,1,27.0,262,4,5,4,12,56,0,15
5,1,27.0,262,4,21,4,14,97,4,15
5,1,27.0,262,4,4,4,2,71,3,15
5,1,27.0,262,4,1,4,1,67,4,15
5,1,30.0,100,3,19,4,15,114,0,19
5,1,30.0,100,3,1,4,6,7,0,19
5,1,30.0,100,3,2,4,14,32,3,19
5,1,30.0,100,3,1,4,9,95,3,19
5,1,30.0,100,3,4,4,7,57,4,19
5,1,30.0,100,3,0,4,12,56,2,19
5,1,30.0,100,3,17,4,6,89,4,19
5,2,30.0,131,0,3,4,0,0,3,19
5,6,4.0,159,4,11,4,15,51,3,30
5,2,2.0,143,0,1,4,9,95,4,22
5,4,11.0,121,3,5,4,0,26,3,9
5,7,18.0,154,2,12,4,3,103,3,0
5,7,18.0,154,2,18,4,8,41,2,0
5,0,28.0,249,0,8,4,9,93,4,18
5,2,30.0,131,0,8,4,4,127,3,19
5,6,4.0,159,4,8,4,11,15,3,30
5,2,2.0,143,0,23,4,16,72,4,22
5,7,18.0,154,2,19,4,15,85,3,0
5,2,30.0,131,0,13,4,6,7,0,19
5,0,28.0,249,0,16,4,8,118,4,18
5,4,11.0,121,3,19,4,8,41,3,9
5,6,4.0,159,4,1,4,4,82,3,30
5,2,2.0,143,0,18,4,6,7,4,22
5,7,18.0,154,2,17,4,16,65,3,0
5,2,30.0,131,0,17,4,6,7,3,19
5,0,28.0,249,0,21,4,14,24,3,18
5,4,11.0,121,3,13,4,3,30,0,9
5,4,11.0,121,3,18,4,6,91,4,9
5,4,11.0,121,3,5,4,10,12,3,9
5,4,12.0,134,0,14,4,14,25,4,28
5,4,12.0,134,0,18,4,15,114,3,28
5,4,12.0,134,0,18,4,9,27,0,28
5,4,12.0,134,0,22,4,13,69,0,28
5,4,12.0,134,0,18,4,9,10,4,28
5,4,12.0,134,0,19,4,8,41,3,28
5,4,12.0,134,0,18,4,0,96,3,28
5,4,12.0,134,0,9,4,15,119,3,28
5,4,12.0,134,0,1,4,8,27,3,28
5,4,12.0,134,0,9,4,14,106,4,28
5,4,12.0,134,0,17,4,6,7,3,28
5,4,12.0,134,0,15,4,14,25,3,28
5,4,12.0,134,0,18,4,6,132,0,28
5,4,12.0,134,0,4,4,8,9,4,28
5,4,12.0,134,0,9,4,16,37,3,28
5,4,12.0,134,0,13,4,0,31,4,28
5,4,12.0,134,0,2,4,13,99,3,28
5,4,14.0,345,2,19,4,8,41,3,5
5,4,14.0,345,2,3,4,14,25,0,5
5,4,14.0,345,2,4,4,14,32,0,5
5,4,14.0,345,2,1,4,11,98,4,5
5,4,14.0,345,2,14,4,6,73,3,5
5,4,14.0,345,2,18,4,3,79,4,5
5,4,14.0,345,2,16,4,6,128,3,5
5,4,14.0,345,2,17,4,6,7,3,5
5,4,14.0,345,2,17,4,4,82,3,5
5,4,14.0,345,2,14,4,15,31,3,5
5,4,14.0,345,2,3,4,2,92,3,5
5,4,14.0,345,2,9,4,8,9,4,5
5,4,14.0,345,2,7,4,11,94,3,5
5,4,14.0,345,2,18,4,3,30,4,5
5,4,14.0,345,2,19,4,8,41,3,5
5,4,14.0,345,2,16,4,7,20,3,5
5,4,21.0,339,2,22,4,3,30,0,21
5,4,21.0,339,2,18,4,5,12,3,21
5,4,21.0,339,2,14,4,7,20,4,21
5,4,21.0,339,2,13,4,6,7,0,21
5,4,21.0,339,2,12,4,15,114,3,21
5,4,21.0,339,2,17,4,16,37,4,21
5,4,21.0,339,2,8,4,8,41,3,21
5,4,21.0,339,2,3,4,6,89,3,21
5,4,22.0,152,4,3,4,7,122,3,26
5,4,22.0,152,4,12,4,4,75,0,26
5,4,22.0,152,4,18,4,8,41,3,26
5,4,22.0,152,4,3,4,2,40,0,26
5,4,22.0,152,4,8,4,16,72,3,26
5,4,22.0,152,4,11,4,1,11,3,26
5,4,22.0,152,4,18,4,1,67,4,26
5,4,22.0,152,4,14,4,6,7,0,26
5,4,22.0,152,4,13,4,3,103,3,26
5,4,22.0,152,4,21,4,6,7,4,26
5,4,22.0,152,4,20,4,5,64,3,26
5,4,22.0,152,4,2,4,6,7,0,26
5,4,22.0,152,4,20,4,6,7,0,26
5,4,22.0,152,4,16,4,7,20,4,26
5,4,28.0,218,2,1,4,2,2,3,18
5,4,28.0,218,2,9,4,12,56,4,18
5,4,28.0,218,2,18,4,11,133,2,18
5,4,28.0,218,2,17,4,8,33,3,18
5,4,28.0,218,2,8,4,4,75,3,18
5,4,28.0,218,2,17,4,4,121,3,18
5,4,28.0,218,2,14,4,6,7,4,18
5,4,28.0,218,2,1,4,11,98,4,18
5,4,28.0,218,2,1,4,7,111,3,18
5,4,28.0,218,2,12,4,15,51,3,18
5,4,28.0,218,2,2,4,11,98,3,18
5,4,28.0,218,2,9,4,9,93,4,18
5,4,28.0,218,2,17,4,14,24,3,18
5,2,2.0,143,0,18,4,1,81,4,22
5,6,9.0,236,1,2,4,2,69,3,12
5,2,2.0,143,0,18,4,14,25,3,22
5,2,30.0,131,0,7,4,7,111,4,19
5,7,18.0,154,2,11,4,8,118,3,0
5,0,28.0,249,0,23,4,13,29,3,18
5,6,9.0,236,1,21,4,16,72,4,12
5,2,3.0,282,1,1,4,12,121,3,27
5,7,18.0,154,2,16,4,5,12,3,0
5,2,30.0,131,0,13,4,11,94,4,19
5,6,9.0,236,1,18,4,14,88,2,12
5,0,28.0,249,0,6,4,9,63,3,18
5,2,3.0,282,1,19,4,13,29,2,27
5,3,3.0,182,5,10,4,6,7,3,27
5,6,9.0,236,1,1,4,6,91,4,12
5,0,28.0,249,0,1,4,14,88,4,18
5,3,3.0,182,5,0,4,15,51,3,27
5,3,3.0,182,5,18,4,12,100,4,27
5,3,3.0,182,5,14,4,16,74,3,27
5,3,3.0,182,5,7,4,6,7,4,27
5,3,3.0,182,5,3,4,6,91,3,27
5,3,3.0,182,5,18,4,8,19,2,27
5,3,3.0,182,5,12,4,7,31,3,27
5,3,3.0,182,5,11,4,11,18,0,27
5,3,12.0,104,3,3,4,8,9,3,28
5,3,12.0,104,3,13,4,15,77,3,28
5,3,12.0,104,3,0,4,15,51,3,28
5,3,12.0,104,3,23,4,13,48,3,28
5,3,12.0,104,3,14,4,14,32,3,28
5,3,18.0,165,6,18,4,6,7,3,0
5,3,18.0,165,6,6,4,14,25,3,0
5,3,18.0,165,6,6,4,7,62,3,0
5,3,18.0,165,6,22,4,2,86,3,0
5,3,18.0,165,6,1,4,15,31,3,0
5,3,18.0,165,6,13,4,15,96,3,0
5,3,18.0,165,6,17,4,6,7,3,0
5,3,18.0,165,6,9,4,6,91,4,0
5,3,18.0,165,6,9,4,6,7,3,0
5,3,18.0,165,6,19,4,15,112,4,0
5,3,18.0,165,6,9,4,9,63,4,0
5,3,18.0,165,6,17,4,3,30,3,0
5,3,19.0,138,3,9,4,10,47,3,10
5,3,19.0,138,3,7,4,6,132,4,10
5,3,19.0,138,3,2,4,4,75,3,10
5,3,19.0,138,3,17,4,8,19,3,10
5,3,19.0,138,3,17,4,13,29,3,10
5,3,19.0,138,3,23,4,6,7,3,10
5,3,19.0,138,3,9,4,10,47,3,10
5,3,19.0,138,3,10,4,1,105,4,10
5,3,20.0,105,0,4,4,14,25,4,29
5,3,20.0,105,0,22,4,0,77,3,29
5,3,20.0,105,0,9,4,2,92,4,29
5,3,20.0,105,0,9,4,12,104,4,29
5,3,20.0,105,0,19,4,9,27,3,29
5,3,20.0,105,0,12,4,1,105,4,29
5,3,20.0,105,0,10,4,14,34,4,29
5,3,20.0,105,0,8,4,1,11,1,29
5,3,20.0,105,0,2,4,0,68,3,29
5,3,25.0,347,6,2,4,13,38,0,13
5,3,25.0,347,6,0,4,6,7,3,13
5,3,25.0,347,6,14,4,1,105,3,13
5,3,25.0,347,6,1,4,13,48,3,13
5,3,25.0,347,6,13,4,3,30,3,13
5,3,25.0,347,6,15,4,14,25,3,13
5,3,25.0,347,6,4,4,5,12,3,13
5,3,25.0,347,6,1,4,15,119,3,13
5,3,25.0,347,6,19,4,1,67,3,13
5,3,25.0,347,6,14,4,10,22,3,13
5,3,25.0,347,6,5,4,6,128,3,13
5,3,25.0,347,6,9,4,16,65,4,13
5,3,26.0,343,3,17,4,12,83,4,3
5,3,26.0,343,3,14,4,8,118,3,3
5,3,26.0,343,3,1,4,10,52,3,3
5,3,26.0,343,3,11,4,16,72,3,3
5,3,26.0,343,3,1,4,9,54,3,3
5,3,26.0,343,3,7,4,7,111,3,3
5,3,26.0,343,3,3,4,11,122,4,3
5,3,26.0,343,3,6,4,16,50,4,3
5,3,26.0,343,3,19,4,6,7,3,3
5,3,26.0,343,3,4,4,1,1,4,3
5,3,26.0,343,3,9,4,8,118,3,3
5,3,26.0,343,3,19,4,14,25,3,3
5,3,26.0,343,3,4,4,6,89,3,3
5,3,26.0,343,3,2,4,1,105,3,3
5,3,26.0,343,3,1,4,11,18,3,3
5,3,26.0,343,3,0,4,6,7,3,3
5,5,9.0,206,6,4,4,9,109,4,12
5,5,9.0,206,6,14,4,9,10,4,12
5,5,9.0,206,6,18,4,11,129,4,12
5,5,9.0,206,6,3,4,1,11,3,12
5,0,28.0,249,0,22,4,10,47,3,18
5,6,9.0,236,1,9,4,4,75,0,12
5,2,3.0,282,1,1,4,6,7,4,27
5,2,30.0,131,0,23,4,8,118,3,19
5,6,9.0,236,1,4,4,9,57,0,12
5,2,3.0,282,1,12,4,16,130,0,27
5,2,30.0,131,0,2,4,14,25,3,19
5,6,9.0,236,1,4,4,11,98,4,12
5,2,3.0,282,1,16,4,14,25,3,27
5,6,9.0,236,1,19,4,6,7,0,12
5,2,3.0,282,1,18,4,5,12,3,27
5,2,30.0,131,0,1,4,13,29,3,19
5,2,3.0,282,1,18,4,9,101,4,27
5,0,28.0,249,0,14,4,8,9,3,18
5,2,30.0,131,0,9,4,1,81,3,19
5,6,9.0,236,1,4,4,13,29,3,12
5,2,30.0,131,0,3,4,16,108,3,19
5,6,9.0,236,1,9,4,5,6,0,12
5,2,3.0,282,1,9,4,0,26,3,27
5,0,29.0,191,1,16,4,11,133,3,16
5,2,30.0,131,0,17,4,13,48,3,19
5,2,30.0,131,0,19,4,14,25,0,19
5,0,6.0,260,3,17,4,11,55,4,23
5,0,6.0,260,3,9,4,9,101,4,23
5,0,6.0,260,3,4,4,6,14,4,23
5,0,6.0,260,3,17,4,11,55,4,23
5,0,6.0,260,3,12,4,11,129,4,23
5,0,6.0,260,3,4,4,6,7,4,23
5,0,6.0,260,3,1,4,16,50,3,23
5,0,6.0,260,3,18,4,9,109,4,23
5,0,6.0,260,3,19,4,8,27,0,23
5,0,6.0,260,3,14,4,10,47,0,23
5,0,6.0,260,3,13,4,3,115,3,23
5,0,6.0,260,3,2,4,8,41,3,23
5,0,6.0,260,3,4,4,4,4,1,23
5,0,6.0,260,3,4,4,4,66,3,23
5,0,11.0,10,5,17,4,9,109,3,9
5,0,11.0,10,5,13,4,8,33,3,9
5,0,11.0,10,5,15,4,14,25,3,9
5,0,11.0,10,5,17,4,9,109,4,9
5,0,11.0,10,5,2,4,16,113,1,9
5,0,11.0,10,5,1,4,2,2,3,9
5,0,11.0,10,5,1,4,6,7,4,9
5,0,11.0,10,5,17,4,9,109,4,9
5,0,11.0,10,5,18,4,15,46,4,9
5,0,11.0,10,5,10,4,6,7,3,9
5,0,11.0,10,5,1,4,13,69,4,9
5,0,11.0,10,5,0,4,6,7,3,9
5,0,11.0,10,5,21,4,9,109,4,9
5,0,11.0,10,5,4,4,16,50,0,9
5,0,12.0,113,6,2,4,6,7,3,28
5,0,12.0,113,6,14,4,16,37,4,28
5,0,12.0,113,6,4,4,13,28,0,28
5,0,12.0,113,6,20,4,14,25,3,28
5,0,12.0,113,6,23,4,1,105,3,28
5,0,12.0,113,6,22,4,16,50,3,28
5,0,12.0,113,6,1,4,11,10,4,28
5,0,12.0,113,6,19,4,8,33,3,28
5,0,12.0,113,6,4,4,12,83,4,28
5,0,20.0,172,3,18,4,3,44,4,29
5,0,20.0,172,3,2,4,2,123,3,29
5,0,20.0,172,3,14,4,16,74,3,29
5,0,20.0,172,3,9,4,13,28,0,29
5,0,20.0,172,3,12,4,8,19,3,29
5,0,20.0,172,3,17,4,12,17,4,29
5,0,20.0,172,3,14,4,13,38,4,29
5,0,20.0,172,3,21,4,8,118,4,29
5,0,20.0,172,3,3,4,9,93,3,29
5,0,20.0,172,3,17,4,14,88,4,29
5,0,20.0,172,3,2,4,11,98,4,29
5,0,20.0,172,3,0,4,9,10,4,29
5,0,20.0,172,3,4,4,6,7,3,29
5,0,20.0,172,3,2,4,4,4,3,29
5,0,20.0,172,3,19,4,14,25,3,29
5,0,20.0,172,3,9,4,15,46,3,29
5,0,20.0,172,3,4,4,12,104,4,29
5,0,21.0,287,0,23,4,10,12,3,21
5,0,21.0,287,0,2,4,3,30,4,21
5,0,21.0,287,0,11,4,13,48,0,21
5,0,21.0,287,0,8,4,16,50,3,21
5,0,21.0,287,0,23,4,12,100,3,21
5,0,21.0,287,0,19,4,1,105,3,21
5,0,21.0,287,0,18,4,9,63,3,21
5,0,21.0,287,0,8,4,6,7,3,21
5,0,21.0,287,0,14,4,6,7,3,21
5,0,21.0,287,0,19,4,13,38,3,21
5,0,21.0,287,0,12,4,4,66,3,21
5,0,21.0,287,0,9,4,12,121,3,21
5,2,3.0,282,1,14,4,1,11,4,27
5,0,29.0,191,1,16,4,14,110,4,16
5,2,3.0,282,1,15,4,6,7,3,27
5,0,29.0,191,1,22,4,13,48,3,16
5,2,3.0,282,1,16,4,10,6,3,27
5,2,3.0,282,1,1,4,6,89,3,27
5,2,11.0,297,2,2,4,7,54,3,9
5,2,11.0,297,2,14,4,10,23,3,9
5,2,11.0,297,2,7,4,4,138,3,9
5,2,11.0,297,2,1,4,6,132,3,9
5,2,11.0,297,2,18,4,10,22,3,9
5,2,11.0,297,2,16,4,13,38,3,9
5,2,11.0,297,2,17,4,6,116,4,9
5,2,11.0,297,2,15,4,6,7,0,9
5,2,11.0,297,2,18,4,6,91,4,9
5,2,11.0,297,2,16,4,6,7,4,9
5,2,11.0,297,2,14,4,8,27,3,9
5,2,11.0,297,2,4,4,6,132,3,9
5,2,11.0,297,2,2,4,2,69,3,9
5,2,11.0,297,2,9,4,9,63,4,9
5,2,14.0,231,6,9,4,9,57,0,5
5,2,14.0,231,6,13,4,6,7,3,5
5,2,14.0,231,6,1,4,11,55,4,5
5,2,14.0,231,6,2,4,14,24,3,5
5,2,14.0,231,6,21,4,14,25,0,5
5,2,14.0,231,6,4,4,8,41,3,5
5,2,14.0,231,6,9,4,9,57,0,5
5,2,14.0,231,6,4,4,9,87,3,5
5,2,14.0,231,6,15,4,7,62,3,5
5,2,14.0,231,6,14,4,3,76,3,5
5,2,14.0,231,6,9,4,8,27,4,5
5,2,28.0,257,6,4,4,8,19,3,18
5,2,28.0,257,6,16,4,16,42,4,18
5,2,28.0,257,6,4,4,1,16,3,18
5,2,28.0,257,6,4,4,6,7,4,18
5,2,28.0,257,6,1,4,10,47,3,18
5,2,28.0,257,6,19,4,6,7,3,18
5,2,28.0,257,6,1,4,12,56,4,18
5,2,28.0,257,6,4,4,14,25,3,18
5,2,28.0,257,6,4,4,8,19,0,18
5,2,28.0,257,6,1,4,0,68,3,18
5,2,28.0,257,6,4,4,6,7,3,18
5,2,28.0,257,6,13,4,12,80,3,18
5,2,28.0,257,6,4,4,8,19,2,18
5,2,28.0,257,6,23,4,1,11,4,18
5,2,28.0,257,6,19,4,6,91,2,18
5,2,28.0,257,6,17,4,5,64,3,18
5,2,28.0,257,6,10,4,6,89,4,18
5,2,28.0,257,6,10,4,6,89,4,18
5,2,28.0,257,6,1,4,6,89,3,18
5,2,28.0,257,6,20,4,4,75,2,18
5,2,28.0,257,6,10,4,6,7,4,18
5,2,28.0,257,6,4,4,6,7,3,18
5,2,28.0,257,6,2,4,13,13,3,18
5,2,28.0,257,6,18,4,10,47,3,18
5,2,29.0,140,3,0,4,3,79,3,16
5,2,29.0,140,3,0,4,10,52,3,16
5,2,29.0,140,3,10,4,1,11,2,16
5,2,29.0,140,3,18,4,11,98,2,16
5,2,29.0,140,3,2,4,0,15,3,16
5,2,29.0,140,3,9,4,1,16,4,16
5,2,29.0,140,3,17,4,12,61,4,16
5,2,29.0,140,3,4,4,8,65,4,16
5,2,29.0,140,3,13,4,14,110,0,16
5,2,29.0,140,3,18,4,16,72,4,16
5,2,29.0,140,3,1,4,16,72,4,16
5,2,29.0,140,3,18,4,15,31,3,16
5,2,29.0,140,3,6,4,6,91,4,16
5,2,29.0,140,3,7,4,6,7,4,16
5,2,29.0,140,3,1,4,6,132,3,16
5,6,9.0,236,1,16,4,16,65,4,12
5,0,29.0,191,1,4,4,16,42,4,16
5,6,9.0,236,1,8,4,3,44,4,12
5,0,29.0,191,1,18,4,6,7,4,16
5,6,9.0,236,1,19,4,8,65,0,12
5,0,29.0,191,1,0,4,13,48,3,16
5,6,9.0,236,1,5,4,13,48,0,12
5,6,9.0,236,1,22,4,4,75,3,12
5,6,9.0,236,1,12,4,13,48,3,12
5,6,9.0,236,1,17,4,13,48,2,12
5,6,12.0,162,5,14,4,7,57,3,28
5,6,12.0,162,5,19,4,6,7,3,28
5,6,12.0,162,5,5,4,13,29,3,28
5,6,12.0,162,5,17,4,1,81,4,28
5,6,12.0,162,5,19,4,12,100,4,28
5,6,12.0,162,5,14,4,9,93,4,28
5,6,12.0,162,5,1,4,2,86,3,28
5,6,12.0,162,5,9,4,9,95,4,28
5,6,12.0,162,5,1,4,0,68,3,28
5,6,12.0,162,5,21,4,9,49,3,28
5,6,12.0,162,5,6,4,9,95,3,28
5,6,12.0,162,5,13,4,6,7,3,28
5,6,12.0,162,5,1,4,10,6,3,28
5,6,12.0,162,5,8,4,8,118,3,28
5,6,12.0,162,5,11,4,10,43,3,28
5,6,12.0,162,5,6,4,8,41,4,28
5,6,12.0,162,5,10,4,2,2,3,28
5,6,21.0,193,3,18,4,1,11,4,21
5,6,21.0,193,3,9,4,14,110,4,21
5,6,21.0,193,3,19,4,14,25,3,21
5,6,21.0,193,3,6,4,9,83,4,21
5,6,21.0,193,3,0,4,12,104,4,21
5,6,21.0,193,3,17,4,9,87,4,21
5,6,21.0,193,3,18,4,11,129,4,21
5,6,21.0,193,3,18,4,6,7,4,21
5,6,21.0,193,3,18,4,6,132,4,21
5,6,21.0,193,3,11,4,12,83,0,21
5,6,21.0,193,3,2,4,2,69,3,21
5,6,27.0,116,6,10,4,1,59,4,15
5,6,27.0,116,6,17,4,10,22,0,15
5,6,27.0,116,6,13,4,9,95,4,15
5,6,27.0,116,6,16,4,6,7,4,15
5,6,27.0,116,6,9,4,6,7,3,15
5,6,27.0,116,6,4,4,6,7,3,15
5,6,27.0,116,6,4,4,6,7,3,15
5,6,27.0,116,6,11,4,16,74,3,15
5,6,27.0,116,6,15,4,6,7,3,15
5,10,1.0,208,2,12,4,7,111,0,7
5,10,1.0,208,2,4,4,7,20,3,7
5,10,1.0,208,2,12,4,3,76,4,7
5,10,1.0,208,2,21,4,13,21,0,7
5,10,1.0,208,2,16,4,6,7,4,7
5,10,1.0,208,2,21,4,7,54,3,7
5,10,1.0,208,2,19,4,6,7,3,7
5,10,1.0,208,2,6,4,10,22,3,7
5,10,1.0,208,2,15,4,11,133,3,7
5,10,2.0,358,4,1,4,6,128,3,22
5,10,2.0,358,4,9,4,6,91,4,22
5,10,2.0,358,4,14,4,4,136,3,22
5,10,2.0,358,4,9,4,6,14,4,22
5,10,2.0,358,4,1,4,6,91,4,22
5,10,2.0,358,4,1,4,10,47,3,22
5,10,11.0,298,6,12,4,3,30,3,9
5,10,11.0,298,6,9,4,3,70,4,9
5,10,11.0,298,6,14,4,16,72,4,9
5,10,11.0,298,6,2,4,5,6,3,9
5,10,11.0,298,6,21,4,7,137,4,9
5,10,11.0,298,6,16,4,9,87,3,9
5,10,11.0,298,6,8,4,3,44,2,9
5,10,11.0,298,6,12,4,13,48,4,9
5,10,11.0,298,6,1,4,11,55,2,9
5,10,11.0,298,6,10,4,9,109,3,9
5,0,29.0,191,1,0,4,14,25,4,16
5,0,29.0,191,1,4,4,6,7,3,16
5,0,29.0,191,1,12,4,4,66,3,16
5,0,31.0,290,4,4,4,6,7,3,20
5,0,31.0,290,4,1,4,10,47,3,20
5,0,31.0,290,4,10,4,9,102,3,20
5,0,31.0,290,4,12,4,9,102,3,20
5,0,31.0,290,4,17,4,14,106,3,20
5,0,31.0,290,4,13,4,13,28,3,20
5,0,31.0,290,4,3,4,0,53,3,20
5,0,31.0,290,4,23,4,12,80,3,20
5,0,31.0,290,4,23,4,8,9,3,20
5,0,31.0,290,4,12,4,6,89,3,20
5,0,31.0,290,4,18,4,8,19,3,20
5,0,31.0,290,4,18,4,10,47,3,20
5,0,31.0,290,4,11,4,13,28,0,20
4,11,12.0,118,1,4,4,8,27,3,28
4,11,12.0,118,1,2,4,6,7,3,28
4,11,12.0,118,1,9,4,6,7,0,28
4,11,12.0,118,1,23,4,9,57,3,28
4,11,12.0,118,1,12,4,6,7,3,28
4,11,12.0,118,1,17,4,8,19,3,28
4,11,12.0,118,1,6,4,0,0,3,28
4,11,12.0,118,1,3,4,1,67,3,28
4,11,12.0,118,1,6,4,6,7,4,28
4,11,12.0,118,1,13,4,15,31,3,28
4,11,12.0,118,1,2,4,13,38,3,28
4,11,12.0,118,1,13,4,8,27,3,28
4,11,12.0,118,1,13,4,2,2,3,28
4,11,12.0,118,1,12,4,8,9,3,28
4,11,30.0,170,6,10,4,1,105,4,19
4,11,30.0,170,6,9,4,6,89,3,19
4,11,30.0,170,6,13,4,6,7,4,19
4,11,30.0,170,6,10,4,6,89,4,19
4,11,30.0,170,6,23,4,1,105,3,19
4,11,30.0,170,6,15,4,6,7,3,19
4,11,30.0,170,6,6,4,6,7,2,19
4,11,30.0,170,6,23,4,8,9,4,19
4,11,30.0,170,6,12,4,6,14,3,19
4,11,30.0,170,6,14,4,3,44,3,19
4,11,30.0,170,6,23,4,1,59,4,19
4,11,30.0,170,6,10,4,14,25,3,19
4,11,30.0,170,6,23,4,1,16,4,19
4,9,11.0,52,4,19,4,5,64,3,9
4,9,11.0,52,4,9,4,6,7,3,9
4,9,11.0,52,4,19,4,8,27,4,9
4,9,11.0,52,4,18,4,5,6,3,9
4,9,11.0,52,4,13,4,13,38,3,9
4,9,11.0,52,4,9,4,6,7,3,9
4,9,11.0,52,4,6,4,6,7,0,9
4,9,11.0,52,4,14,4,8,65,4,9
4,9,11.0,52,4,11,4,6,7,0,9
4,9,11.0,52,4,3,4,16,42,3,9
4,9,11.0,52,4,20,4,6,7,4,9
4,9,11.0,52,4,5,4,9,134,3,9
4,9,11.0,52,4,8,4,9,95,3,9
4,9,11.0,52,4,17,4,10,47,0,9
4,9,21.0,362,3,10,4,1,16,4,21
4,9,21.0,362,3,23,4,9,95,4,21
4,9,21.0,362,3,1,4,14,106,4,21
4,9,21.0,362,3,14,4,12,56,4,21
4,9,21.0,362,3,14,4,15,39,3,21
4,9,21.0,362,3,13,4,6,7,0,21
4,9,21.0,362,3,20,4,8,27,3,21
4,9,21.0,362,3,18,4,6,7,4,21
4,9,21.0,362,3,23,4,9,95,3,21
4,9,21.0,362,3,18,4,6,91,3,21
4,9,21.0,362,3,17,4,3,30,0,21
4,9,21.0,362,3,20,4,1,11,4,21
